0.000000000000000000e+00 4.483652114868164062e-02 5.338418483734130859e-02 9.320658445358276367e-02 8.332622051239013672e-02 8.604216575622558594e-02 7.187092304229736328e-02 8.478152751922607422e-02 4.670679569244384766e-02 9.241467714309692383e-02 8.896136283874511719e-02 9.064519405364990234e-02 8.806449174880981445e-02 3.951126337051391602e-02 9.414422512054443359e-02 5.684697628021240234e-02 7.430100440979003906e-02 1.175180077552795410e-01 7.430100440979003906e-02 8.964478969573974609e-02 1.069653034210205078e-02 6.591480970382690430e-02 1.015233993530273438e-02 7.187086343765258789e-02 8.716261386871337891e-02 9.100651741027832031e-02 8.018010854721069336e-02 8.018016815185546875e-02 1.015245914459228516e-02 8.806443214416503906e-02 1.131290197372436523e-01 9.957456588745117188e-02 3.563427925109863281e-02 1.898479461669921875e-02
4.483652114868164062e-02 0.000000000000000000e+00 9.822070598602294922e-02 1.380431056022644043e-01 1.281627416610717773e-01 1.308786869049072266e-01 1.167074441909790039e-01 1.296180486679077148e-01 9.154331684112548828e-02 1.372511982917785645e-01 1.337978839874267578e-01 1.354817152023315430e-01 1.329010128974914551e-01 8.434778451919555664e-02 4.930770397186279297e-02 1.201045513153076172e-02 1.191375255584716797e-01 1.623545289039611816e-01 1.191375255584716797e-01 1.344813108444213867e-01 3.413999080657958984e-02 1.107513308525085449e-01 5.498886108398437500e-02 1.167073845863342285e-01 1.319991350173950195e-01 1.358430385589599609e-01 1.250166296958923340e-01 1.250166893005371094e-01 5.498898029327392578e-02 1.329009532928466797e-01 1.579655408859252930e-01 1.444110870361328125e-01 8.047080039978027344e-02 6.382131576538085938e-02
5.338418483734130859e-02 9.822070598602294922e-02 0.000000000000000000e+00 3.982239961624145508e-02 2.994203567504882812e-02 3.265798091888427734e-02 1.848673820495605469e-02 3.139734268188476562e-02 6.677389144897460938e-03 3.903049230575561523e-02 3.557717800140380859e-02 3.726100921630859375e-02 3.468030691146850586e-02 1.387292146682739258e-02 1.475284099578857422e-01 1.102311611175537109e-01 2.091681957244873047e-02 6.413382291793823242e-02 2.091681957244873047e-02 3.626060485839843750e-02 6.408071517944335938e-02 1.253062486648559570e-02 4.323184490203857422e-02 1.848667860031127930e-02 3.377842903137207031e-02 3.762233257293701172e-02 2.679592370986938477e-02 2.679598331451416016e-02 4.323172569274902344e-02 3.468024730682373047e-02 5.974483489990234375e-02 4.619038105010986328e-02 1.774990558624267578e-02 3.439939022064208984e-02
9.320658445358276367e-02 1.380431056022644043e-01 3.982239961624145508e-02 0.000000000000000000e+00 9.880363941192626953e-03 7.164418697357177734e-03 2.133566141128540039e-02 8.425056934356689453e-03 4.649978876113891602e-02 7.919073104858398438e-04 4.245221614837646484e-03 2.561390399932861328e-03 5.142092704772949219e-03 5.369532108306884766e-02 1.873508095741271973e-01 1.500535607337951660e-01 1.890558004379272461e-02 2.431142330169677734e-02 1.890558004379272461e-02 3.561794757843017578e-03 1.039031147956848145e-01 2.729177474975585938e-02 8.305424451828002930e-02 2.133572101593017578e-02 6.043970584869384766e-03 2.200067043304443359e-03 1.302647590637207031e-02 1.302641630172729492e-02 8.305412530899047852e-02 5.142152309417724609e-03 1.992243528366088867e-02 6.367981433868408203e-03 5.757230520248413086e-02 7.422178983688354492e-02
8.332622051239013672e-02 1.281627416610717773e-01 2.994203567504882812e-02 9.880363941192626953e-03 0.000000000000000000e+00 2.715945243835449219e-03 1.145529747009277344e-02 1.455307006835937500e-03 3.661942481994628906e-02 9.088456630706787109e-03 5.635142326354980469e-03 7.318973541259765625e-03 4.738271236419677734e-03 4.381495714187622070e-02 1.774704456329345703e-01 1.401731967926025391e-01 9.025216102600097656e-03 3.419178724288940430e-02 9.025216102600097656e-03 6.318569183349609375e-03 9.402275085449218750e-02 1.741141080856323242e-02 7.317388057708740234e-02 1.145535707473754883e-02 3.836393356323242188e-03 7.680296897888183594e-03 3.146111965179443359e-03 3.146052360534667969e-03 7.317376136779785156e-02 4.738211631774902344e-03 2.980279922485351562e-02 1.624834537506103516e-02 4.769194126129150391e-02 6.434142589569091797e-02
8.604216575622558594e-02 1.308786869049072266e-01 3.265798091888427734e-02 7.164418697357177734e-03 2.715945243835449219e-03 0.000000000000000000e+00 1.417124271392822266e-02 1.260638236999511719e-03 3.933537006378173828e-02 6.372511386871337891e-03 2.919197082519531250e-03 4.603028297424316406e-03 2.022325992584228516e-03 4.653090238571166992e-02 1.801863908767700195e-01 1.428891420364379883e-01 1.174116134643554688e-02 3.147584199905395508e-02 1.174116134643554688e-02 3.602623939514160156e-03 9.673869609832763672e-02 2.012735605239868164e-02 7.588982582092285156e-02 1.417130231857299805e-02 1.120448112487792969e-03 4.964351654052734375e-03 5.862057209014892578e-03 5.861997604370117188e-03 7.588970661163330078e-02 2.022266387939453125e-03 2.708685398101806641e-02 1.353240013122558594e-02 5.040788650512695312e-02 6.705737113952636719e-02
7.187092304229736328e-02 1.167074441909790039e-01 1.848673820495605469e-02 2.133566141128540039e-02 1.145529747009277344e-02 1.417124271392822266e-02 0.000000000000000000e+00 1.291060447692871094e-02 2.516412734985351562e-02 2.054375410079956055e-02 1.709043979644775391e-02 1.877427101135253906e-02 1.619356870651245117e-02 3.235965967178344727e-02 1.660151481628417969e-01 1.287178993225097656e-01 2.430081367492675781e-03 4.564708471298217773e-02 2.430081367492675781e-03 1.777386665344238281e-02 8.256745338439941406e-02 5.956113338470458984e-03 6.171858310699462891e-02 5.960464477539062500e-08 1.529169082641601562e-02 1.913559436798095703e-02 8.309185504913330078e-03 8.309245109558105469e-03 6.171846389770507812e-02 1.619350910186767578e-02 4.125809669494628906e-02 2.770364284515380859e-02 3.623664379119873047e-02 5.288612842559814453e-02
8.478152751922607422e-02 1.296180486679077148e-01 3.139734268188476562e-02 8.425056934356689453e-03 1.455307006835937500e-03 1.260638236999511719e-03 1.291060447692871094e-02 0.000000000000000000e+00 3.807473182678222656e-02 7.633149623870849609e-03 4.179835319519042969e-03 5.863666534423828125e-03 3.282964229583740234e-03 4.527026414871215820e-02 1.789257526397705078e-01 1.416285037994384766e-01 1.048052310943603516e-02 3.273648023605346680e-02 1.048052310943603516e-02 4.863262176513671875e-03 9.547805786132812500e-02 1.886671781539916992e-02 7.462918758392333984e-02 1.291066408157348633e-02 2.381086349487304688e-03 6.224989891052246094e-03 4.601418972015380859e-03 4.601359367370605469e-03 7.462906837463378906e-02 3.282904624938964844e-03 2.834749221801757812e-02 1.479303836822509766e-02 4.914724826812744141e-02 6.579673290252685547e-02
4.670679569244384766e-02 9.154331684112548828e-02 6.677389144897460938e-03 4.649978876113891602e-02 3.661942481994628906e-02 3.933537006378173828e-02 2.516412734985351562e-02 3.807473182678222656e-02 0.000000000000000000e+00 4.570788145065307617e-02 4.225456714630126953e-02 4.393839836120605469e-02 4.135769605636596680e-02 7.195532321929931641e-03 1.408510208129882812e-01 1.035537719726562500e-01 2.759420871734619141e-02 7.081121206283569336e-02 2.759420871734619141e-02 4.293799400329589844e-02 5.740332603454589844e-02 1.920801401138305664e-02 3.655445575714111328e-02 2.516406774520874023e-02 4.045581817626953125e-02 4.429972171783447266e-02 3.347331285476684570e-02 3.347337245941162109e-02 3.655433654785156250e-02 4.135763645172119141e-02 6.642222404479980469e-02 5.286777019500732422e-02 1.107251644134521484e-02 2.772200107574462891e-02
9.241467714309692383e-02 1.372511982917785645e-01 3.903049230575561523e-02 7.919073104858398438e-04 9.088456630706787109e-03 6.372511386871337891e-03 2.054375410079956055e-02 7.633149623870849609e-03 4.570788145065307617e-02 0.000000000000000000e+00 3.453314304351806641e-03 1.769483089447021484e-03 4.350185394287109375e-03 5.290341377258300781e-02 1.865589022636413574e-01 1.492616534233093262e-01 1.811367273330688477e-02 2.510333061218261719e-02 1.811367273330688477e-02 2.769887447357177734e-03 1.031112074851989746e-01 2.649986743927001953e-02 8.226233720779418945e-02 2.054381370544433594e-02 5.252063274383544922e-03 1.408159732818603516e-03 1.223456859588623047e-02 1.223450899124145508e-02 8.226221799850463867e-02 4.350244998931884766e-03 2.071434259414672852e-02 7.159888744354248047e-03 5.678039789199829102e-02 7.342988252639770508e-02
8.896136283874511719e-02 1.337978839874267578e-01 3.557717800140380859e-02 4.245221614837646484e-03 5.635142326354980469e-03 2.919197082519531250e-03 1.709043979644775391e-02 4.179835319519042969e-03 4.225456714630126953e-02 3.453314304351806641e-03 0.000000000000000000e+00 1.683831214904785156e-03 8.968710899353027344e-04 4.945009946823120117e-02 1.831055879592895508e-01 1.458083391189575195e-01 1.466035842895507812e-02 2.855664491653442383e-02 1.466035842895507812e-02 6.834268569946289062e-04 9.965789318084716797e-02 2.304655313491821289e-02 7.880902290344238281e-02 1.709049940109252930e-02 1.798748970031738281e-03 2.045154571533203125e-03 8.781254291534423828e-03 8.781194686889648438e-03 7.880890369415283203e-02 8.969306945800781250e-04 2.416765689849853516e-02 1.061320304870605469e-02 5.332708358764648438e-02 6.997656822204589844e-02
9.064519405364990234e-02 1.354817152023315430e-01 3.726100921630859375e-02 2.561390399932861328e-03 7.318973541259765625e-03 4.603028297424316406e-03 1.877427101135253906e-02 5.863666534423828125e-03 4.393839836120605469e-02 1.769483089447021484e-03 1.683831214904785156e-03 0.000000000000000000e+00 2.580702304840087891e-03 5.113393068313598633e-02 1.847894191741943359e-01 1.474921703338623047e-01 1.634418964385986328e-02 2.687281370162963867e-02 1.634418964385986328e-02 1.000404357910156250e-03 1.013417243957519531e-01 2.473038434982299805e-02 8.049285411834716797e-02 1.877433061599731445e-02 3.482580184936523438e-03 3.613233566284179688e-04 1.046508550643920898e-02 1.046502590179443359e-02 8.049273490905761719e-02 2.580761909484863281e-03 2.248382568359375000e-02 8.929371833801269531e-03 5.501091480255126953e-02 7.166039943695068359e-02
8.806449174880981445e-02 1.329010128974914551e-01 3.468030691146850586e-02 5.142092704772949219e-03 4.738271236419677734e-03 2.022325992584228516e-03 1.619356870651245117e-02 3.282964229583740234e-03 4.135769605636596680e-02 4.350185394287109375e-03 8.968710899353027344e-04 2.580702304840087891e-03 0.000000000000000000e+00 4.855322837829589844e-02 1.822087168693542480e-01 1.449114680290222168e-01 1.376348733901977539e-02 2.945351600646972656e-02 1.376348733901977539e-02 1.580297946929931641e-03 9.876102209091186523e-02 2.214968204498291016e-02 7.791215181350708008e-02 1.619362831115722656e-02 9.018778800964355469e-04 2.942025661468505859e-03 7.884383201599121094e-03 7.884323596954345703e-03 7.791203260421752930e-02 5.960464477539062500e-08 2.506452798843383789e-02 1.151007413864135742e-02 5.243021249771118164e-02 6.907969713211059570e-02
3.951126337051391602e-02 8.434778451919555664e-02 1.387292146682739258e-02 5.369532108306884766e-02 4.381495714187622070e-02 4.653090238571166992e-02 3.235965967178344727e-02 4.527026414871215820e-02 7.195532321929931641e-03 5.290341377258300781e-02 4.945009946823120117e-02 5.113393068313598633e-02 4.855322837829589844e-02 0.000000000000000000e+00 1.336554884910583496e-01 9.635823965072631836e-02 3.478974103927612305e-02 7.800674438476562500e-02 3.478974103927612305e-02 5.013352632522583008e-02 5.020779371261596680e-02 2.640354633331298828e-02 2.935892343521118164e-02 3.235960006713867188e-02 4.765135049819946289e-02 5.149525403976440430e-02 4.066884517669677734e-02 4.066890478134155273e-02 2.935880422592163086e-02 4.855316877365112305e-02 7.361775636672973633e-02 6.006330251693725586e-02 3.876984119415283203e-03 2.052646875381469727e-02
9.414422512054443359e-02 4.930770397186279297e-02 1.475284099578857422e-01 1.873508095741271973e-01 1.774704456329345703e-01 1.801863908767700195e-01 1.660151481628417969e-01 1.789257526397705078e-01 1.408510208129882812e-01 1.865589022636413574e-01 1.831055879592895508e-01 1.847894191741943359e-01 1.822087168693542480e-01 1.336554884910583496e-01 0.000000000000000000e+00 3.729724884033203125e-02 1.684452295303344727e-01 2.116622328758239746e-01 1.684452295303344727e-01 1.837890148162841797e-01 8.344769477844238281e-02 1.600590348243713379e-01 1.042965650558471680e-01 1.660150885581970215e-01 1.813068389892578125e-01 1.851507425308227539e-01 1.743243336677551270e-01 1.743243932723999023e-01 1.042966842651367188e-01 1.822086572647094727e-01 2.072732448577880859e-01 1.937187910079956055e-01 1.297785043716430664e-01 1.131290197372436523e-01
5.684697628021240234e-02 1.201045513153076172e-02 1.102311611175537109e-01 1.500535607337951660e-01 1.401731967926025391e-01 1.428891420364379883e-01 1.287178993225097656e-01 1.416285037994384766e-01 1.035537719726562500e-01 1.492616534233093262e-01 1.458083391189575195e-01 1.474921703338623047e-01 1.449114680290222168e-01 9.635823965072631836e-02 3.729724884033203125e-02 0.000000000000000000e+00 1.311479806900024414e-01 1.743649840354919434e-01 1.311479806900024414e-01 1.464917659759521484e-01 4.615044593811035156e-02 1.227617859840393066e-01 6.699931621551513672e-02 1.287178397178649902e-01 1.440095901489257812e-01 1.478534936904907227e-01 1.370270848274230957e-01 1.370271444320678711e-01 6.699943542480468750e-02 1.449114084243774414e-01 1.699759960174560547e-01 1.564215421676635742e-01 9.248125553131103516e-02 7.583177089691162109e-02
7.430100440979003906e-02 1.191375255584716797e-01 2.091681957244873047e-02 1.890558004379272461e-02 9.025216102600097656e-03 1.174116134643554688e-02 2.430081367492675781e-03 1.048052310943603516e-02 2.759420871734619141e-02 1.811367273330688477e-02 1.466035842895507812e-02 1.634418964385986328e-02 1.376348733901977539e-02 3.478974103927612305e-02 1.684452295303344727e-01 1.311479806900024414e-01 0.000000000000000000e+00 4.321700334548950195e-02 0.000000000000000000e+00 1.534378528594970703e-02 8.499753475189208984e-02 8.386194705963134766e-03 6.414866447448730469e-02 2.430140972137451172e-03 1.286160945892333984e-02 1.670551300048828125e-02 5.879104137420654297e-03 5.879163742065429688e-03 6.414854526519775391e-02 1.376342773437500000e-02 3.882801532745361328e-02 2.527356147766113281e-02 3.866672515869140625e-02 5.531620979309082031e-02
1.175180077552795410e-01 1.623545289039611816e-01 6.413382291793823242e-02 2.431142330169677734e-02 3.419178724288940430e-02 3.147584199905395508e-02 4.564708471298217773e-02 3.273648023605346680e-02 7.081121206283569336e-02 2.510333061218261719e-02 2.855664491653442383e-02 2.687281370162963867e-02 2.945351600646972656e-02 7.800674438476562500e-02 2.116622328758239746e-01 1.743649840354919434e-01 4.321700334548950195e-02 0.000000000000000000e+00 4.321700334548950195e-02 2.787321805953979492e-02 1.282145380973815918e-01 5.160319805145263672e-02 1.073656678199768066e-01 4.564714431762695312e-02 3.035539388656616211e-02 2.651149034500122070e-02 3.733789920806884766e-02 3.733783960342407227e-02 1.073655486106872559e-01 2.945357561111450195e-02 4.388988018035888672e-03 1.794344186782836914e-02 8.188372850418090820e-02 9.853321313858032227e-02
7.430100440979003906e-02 1.191375255584716797e-01 2.091681957244873047e-02 1.890558004379272461e-02 9.025216102600097656e-03 1.174116134643554688e-02 2.430081367492675781e-03 1.048052310943603516e-02 2.759420871734619141e-02 1.811367273330688477e-02 1.466035842895507812e-02 1.634418964385986328e-02 1.376348733901977539e-02 3.478974103927612305e-02 1.684452295303344727e-01 1.311479806900024414e-01 0.000000000000000000e+00 4.321700334548950195e-02 0.000000000000000000e+00 1.534378528594970703e-02 8.499753475189208984e-02 8.386194705963134766e-03 6.414866447448730469e-02 2.430140972137451172e-03 1.286160945892333984e-02 1.670551300048828125e-02 5.879104137420654297e-03 5.879163742065429688e-03 6.414854526519775391e-02 1.376342773437500000e-02 3.882801532745361328e-02 2.527356147766113281e-02 3.866672515869140625e-02 5.531620979309082031e-02
8.964478969573974609e-02 1.344813108444213867e-01 3.626060485839843750e-02 3.561794757843017578e-03 6.318569183349609375e-03 3.602623939514160156e-03 1.777386665344238281e-02 4.863262176513671875e-03 4.293799400329589844e-02 2.769887447357177734e-03 6.834268569946289062e-04 1.000404357910156250e-03 1.580297946929931641e-03 5.013352632522583008e-02 1.837890148162841797e-01 1.464917659759521484e-01 1.534378528594970703e-02 2.787321805953979492e-02 1.534378528594970703e-02 0.000000000000000000e+00 1.003413200378417969e-01 2.372997999191284180e-02 7.949244976043701172e-02 1.777392625808715820e-02 2.482175827026367188e-03 1.361727714538574219e-03 9.464681148529052734e-03 9.464621543884277344e-03 7.949233055114746094e-02 1.580357551574707031e-03 2.348423004150390625e-02 9.929776191711425781e-03 5.401051044464111328e-02 7.065999507904052734e-02
1.069653034210205078e-02 3.413999080657958984e-02 6.408071517944335938e-02 1.039031147956848145e-01 9.402275085449218750e-02 9.673869609832763672e-02 8.256745338439941406e-02 9.547805786132812500e-02 5.740332603454589844e-02 1.031112074851989746e-01 9.965789318084716797e-02 1.013417243957519531e-01 9.876102209091186523e-02 5.020779371261596680e-02 8.344769477844238281e-02 4.615044593811035156e-02 8.499753475189208984e-02 1.282145380973815918e-01 8.499753475189208984e-02 1.003413200378417969e-01 0.000000000000000000e+00 7.661134004592895508e-02 2.084887027740478516e-02 8.256739377975463867e-02 9.785914421081542969e-02 1.017030477523803711e-01 9.087663888931274414e-02 9.087669849395751953e-02 2.084898948669433594e-02 9.876096248626708984e-02 1.238255500793457031e-01 1.102710962295532227e-01 4.633080959320068359e-02 2.968132495880126953e-02
6.591480970382690430e-02 1.107513308525085449e-01 1.253062486648559570e-02 2.729177474975585938e-02 1.741141080856323242e-02 2.012735605239868164e-02 5.956113338470458984e-03 1.886671781539916992e-02 1.920801401138305664e-02 2.649986743927001953e-02 2.304655313491821289e-02 2.473038434982299805e-02 2.214968204498291016e-02 2.640354633331298828e-02 1.600590348243713379e-01 1.227617859840393066e-01 8.386194705963134766e-03 5.160319805145263672e-02 8.386194705963134766e-03 2.372997999191284180e-02 7.661134004592895508e-02 0.000000000000000000e+00 5.576246976852416992e-02 5.956053733825683594e-03 2.124780416488647461e-02 2.509170770645141602e-02 1.426529884338378906e-02 1.426535844802856445e-02 5.576235055923461914e-02 2.214962244033813477e-02 4.721421003341674805e-02 3.365975618362426758e-02 3.028053045272827148e-02 4.693001508712768555e-02
1.015233993530273438e-02 5.498886108398437500e-02 4.323184490203857422e-02 8.305424451828002930e-02 7.317388057708740234e-02 7.588982582092285156e-02 6.171858310699462891e-02 7.462918758392333984e-02 3.655445575714111328e-02 8.226233720779418945e-02 7.880902290344238281e-02 8.049285411834716797e-02 7.791215181350708008e-02 2.935892343521118164e-02 1.042965650558471680e-01 6.699931621551513672e-02 6.414866447448730469e-02 1.073656678199768066e-01 6.414866447448730469e-02 7.949244976043701172e-02 2.084887027740478516e-02 5.576246976852416992e-02 0.000000000000000000e+00 6.171852350234985352e-02 7.701027393341064453e-02 8.085417747497558594e-02 7.002776861190795898e-02 7.002782821655273438e-02 1.192092895507812500e-07 7.791209220886230469e-02 1.029766798019409180e-01 8.942222595214843750e-02 2.548193931579589844e-02 8.832454681396484375e-03
7.187086343765258789e-02 1.167073845863342285e-01 1.848667860031127930e-02 2.133572101593017578e-02 1.145535707473754883e-02 1.417130231857299805e-02 5.960464477539062500e-08 1.291066408157348633e-02 2.516406774520874023e-02 2.054381370544433594e-02 1.709049940109252930e-02 1.877433061599731445e-02 1.619362831115722656e-02 3.235960006713867188e-02 1.660150885581970215e-01 1.287178397178649902e-01 2.430140972137451172e-03 4.564714431762695312e-02 2.430140972137451172e-03 1.777392625808715820e-02 8.256739377975463867e-02 5.956053733825683594e-03 6.171852350234985352e-02 0.000000000000000000e+00 1.529175043106079102e-02 1.913565397262573242e-02 8.309245109558105469e-03 8.309304714202880859e-03 6.171840429306030273e-02 1.619356870651245117e-02 4.125815629959106445e-02 2.770370244979858398e-02 3.623658418655395508e-02 5.288606882095336914e-02
8.716261386871337891e-02 1.319991350173950195e-01 3.377842903137207031e-02 6.043970584869384766e-03 3.836393356323242188e-03 1.120448112487792969e-03 1.529169082641601562e-02 2.381086349487304688e-03 4.045581817626953125e-02 5.252063274383544922e-03 1.798748970031738281e-03 3.482580184936523438e-03 9.018778800964355469e-04 4.765135049819946289e-02 1.813068389892578125e-01 1.440095901489257812e-01 1.286160945892333984e-02 3.035539388656616211e-02 1.286160945892333984e-02 2.482175827026367188e-03 9.785914421081542969e-02 2.124780416488647461e-02 7.701027393341064453e-02 1.529175043106079102e-02 0.000000000000000000e+00 3.843903541564941406e-03 6.982505321502685547e-03 6.982445716857910156e-03 7.701015472412109375e-02 9.018182754516601562e-04 2.596640586853027344e-02 1.241195201873779297e-02 5.152833461761474609e-02 6.817781925201416016e-02
9.100651741027832031e-02 1.358430385589599609e-01 3.762233257293701172e-02 2.200067043304443359e-03 7.680296897888183594e-03 4.964351654052734375e-03 1.913559436798095703e-02 6.224989891052246094e-03 4.429972171783447266e-02 1.408159732818603516e-03 2.045154571533203125e-03 3.613233566284179688e-04 2.942025661468505859e-03 5.149525403976440430e-02 1.851507425308227539e-01 1.478534936904907227e-01 1.670551300048828125e-02 2.651149034500122070e-02 1.670551300048828125e-02 1.361727714538574219e-03 1.017030477523803711e-01 2.509170770645141602e-02 8.085417747497558594e-02 1.913565397262573242e-02 3.843903541564941406e-03 0.000000000000000000e+00 1.082640886306762695e-02 1.082634925842285156e-02 8.085405826568603516e-02 2.942085266113281250e-03 2.212250232696533203e-02 8.568048477172851562e-03 5.537223815917968750e-02 7.202172279357910156e-02
8.018010854721069336e-02 1.250166296958923340e-01 2.679592370986938477e-02 1.302647590637207031e-02 3.146111965179443359e-03 5.862057209014892578e-03 8.309185504913330078e-03 4.601418972015380859e-03 3.347331285476684570e-02 1.223456859588623047e-02 8.781254291534423828e-03 1.046508550643920898e-02 7.884383201599121094e-03 4.066884517669677734e-02 1.743243336677551270e-01 1.370270848274230957e-01 5.879104137420654297e-03 3.733789920806884766e-02 5.879104137420654297e-03 9.464681148529052734e-03 9.087663888931274414e-02 1.426529884338378906e-02 7.002776861190795898e-02 8.309245109558105469e-03 6.982505321502685547e-03 1.082640886306762695e-02 0.000000000000000000e+00 5.960464477539062500e-08 7.002764940261840820e-02 7.884323596954345703e-03 3.294891119003295898e-02 1.939445734024047852e-02 4.454582929611206055e-02 6.119531393051147461e-02
8.018016815185546875e-02 1.250166893005371094e-01 2.679598331451416016e-02 1.302641630172729492e-02 3.146052360534667969e-03 5.861997604370117188e-03 8.309245109558105469e-03 4.601359367370605469e-03 3.347337245941162109e-02 1.223450899124145508e-02 8.781194686889648438e-03 1.046502590179443359e-02 7.884323596954345703e-03 4.066890478134155273e-02 1.743243932723999023e-01 1.370271444320678711e-01 5.879163742065429688e-03 3.733783960342407227e-02 5.879163742065429688e-03 9.464621543884277344e-03 9.087669849395751953e-02 1.426535844802856445e-02 7.002782821655273438e-02 8.309304714202880859e-03 6.982445716857910156e-03 1.082634925842285156e-02 5.960464477539062500e-08 0.000000000000000000e+00 7.002770900726318359e-02 7.884263992309570312e-03 3.294885158538818359e-02 1.939439773559570312e-02 4.454588890075683594e-02 6.119537353515625000e-02
1.015245914459228516e-02 5.498898029327392578e-02 4.323172569274902344e-02 8.305412530899047852e-02 7.317376136779785156e-02 7.588970661163330078e-02 6.171846389770507812e-02 7.462906837463378906e-02 3.655433654785156250e-02 8.226221799850463867e-02 7.880890369415283203e-02 8.049273490905761719e-02 7.791203260421752930e-02 2.935880422592163086e-02 1.042966842651367188e-01 6.699943542480468750e-02 6.414854526519775391e-02 1.073655486106872559e-01 6.414854526519775391e-02 7.949233055114746094e-02 2.084898948669433594e-02 5.576235055923461914e-02 1.192092895507812500e-07 6.171840429306030273e-02 7.701015472412109375e-02 8.085405826568603516e-02 7.002764940261840820e-02 7.002770900726318359e-02 0.000000000000000000e+00 7.791197299957275391e-02 1.029765605926513672e-01 8.942210674285888672e-02 2.548182010650634766e-02 8.832335472106933594e-03
8.806443214416503906e-02 1.329009532928466797e-01 3.468024730682373047e-02 5.142152309417724609e-03 4.738211631774902344e-03 2.022266387939453125e-03 1.619350910186767578e-02 3.282904624938964844e-03 4.135763645172119141e-02 4.350244998931884766e-03 8.969306945800781250e-04 2.580761909484863281e-03 5.960464477539062500e-08 4.855316877365112305e-02 1.822086572647094727e-01 1.449114084243774414e-01 1.376342773437500000e-02 2.945357561111450195e-02 1.376342773437500000e-02 1.580357551574707031e-03 9.876096248626708984e-02 2.214962244033813477e-02 7.791209220886230469e-02 1.619356870651245117e-02 9.018182754516601562e-04 2.942085266113281250e-03 7.884323596954345703e-03 7.884263992309570312e-03 7.791197299957275391e-02 0.000000000000000000e+00 2.506458759307861328e-02 1.151013374328613281e-02 5.243015289306640625e-02 6.907963752746582031e-02
1.131290197372436523e-01 1.579655408859252930e-01 5.974483489990234375e-02 1.992243528366088867e-02 2.980279922485351562e-02 2.708685398101806641e-02 4.125809669494628906e-02 2.834749221801757812e-02 6.642222404479980469e-02 2.071434259414672852e-02 2.416765689849853516e-02 2.248382568359375000e-02 2.506452798843383789e-02 7.361775636672973633e-02 2.072732448577880859e-01 1.699759960174560547e-01 3.882801532745361328e-02 4.388988018035888672e-03 3.882801532745361328e-02 2.348423004150390625e-02 1.238255500793457031e-01 4.721421003341674805e-02 1.029766798019409180e-01 4.125815629959106445e-02 2.596640586853027344e-02 2.212250232696533203e-02 3.294891119003295898e-02 3.294885158538818359e-02 1.029765605926513672e-01 2.506458759307861328e-02 0.000000000000000000e+00 1.355445384979248047e-02 7.749474048614501953e-02 9.414422512054443359e-02
9.957456588745117188e-02 1.444110870361328125e-01 4.619038105010986328e-02 6.367981433868408203e-03 1.624834537506103516e-02 1.353240013122558594e-02 2.770364284515380859e-02 1.479303836822509766e-02 5.286777019500732422e-02 7.159888744354248047e-03 1.061320304870605469e-02 8.929371833801269531e-03 1.151007413864135742e-02 6.006330251693725586e-02 1.937187910079956055e-01 1.564215421676635742e-01 2.527356147766113281e-02 1.794344186782836914e-02 2.527356147766113281e-02 9.929776191711425781e-03 1.102710962295532227e-01 3.365975618362426758e-02 8.942222595214843750e-02 2.770370244979858398e-02 1.241195201873779297e-02 8.568048477172851562e-03 1.939445734024047852e-02 1.939439773559570312e-02 8.942210674285888672e-02 1.151013374328613281e-02 1.355445384979248047e-02 0.000000000000000000e+00 6.394028663635253906e-02 8.058977127075195312e-02
3.563427925109863281e-02 8.047080039978027344e-02 1.774990558624267578e-02 5.757230520248413086e-02 4.769194126129150391e-02 5.040788650512695312e-02 3.623664379119873047e-02 4.914724826812744141e-02 1.107251644134521484e-02 5.678039789199829102e-02 5.332708358764648438e-02 5.501091480255126953e-02 5.243021249771118164e-02 3.876984119415283203e-03 1.297785043716430664e-01 9.248125553131103516e-02 3.866672515869140625e-02 8.188372850418090820e-02 3.866672515869140625e-02 5.401051044464111328e-02 4.633080959320068359e-02 3.028053045272827148e-02 2.548193931579589844e-02 3.623658418655395508e-02 5.152833461761474609e-02 5.537223815917968750e-02 4.454582929611206055e-02 4.454588890075683594e-02 2.548182010650634766e-02 5.243015289306640625e-02 7.749474048614501953e-02 6.394028663635253906e-02 0.000000000000000000e+00 1.664948463439941406e-02
1.898479461669921875e-02 6.382131576538085938e-02 3.439939022064208984e-02 7.422178983688354492e-02 6.434142589569091797e-02 6.705737113952636719e-02 5.288612842559814453e-02 6.579673290252685547e-02 2.772200107574462891e-02 7.342988252639770508e-02 6.997656822204589844e-02 7.166039943695068359e-02 6.907969713211059570e-02 2.052646875381469727e-02 1.131290197372436523e-01 7.583177089691162109e-02 5.531620979309082031e-02 9.853321313858032227e-02 5.531620979309082031e-02 7.065999507904052734e-02 2.968132495880126953e-02 4.693001508712768555e-02 8.832454681396484375e-03 5.288606882095336914e-02 6.817781925201416016e-02 7.202172279357910156e-02 6.119531393051147461e-02 6.119537353515625000e-02 8.832335472106933594e-03 6.907963752746582031e-02 9.414422512054443359e-02 8.058977127075195312e-02 1.664948463439941406e-02 0.000000000000000000e+00
