0.000000000000000000e+00 2.039825916290283203e-02 1.276568770408630371e-01 1.638510823249816895e-01 1.508099436759948730e-01 1.508098244667053223e-01 1.639919281005859375e-01 1.623232960700988770e-01 1.359775066375732422e-01 1.644304394721984863e-01 1.643488407135009766e-01 1.653288006782531738e-01 1.534235477447509766e-01 1.643487811088562012e-01 9.267317503690719604e-02 5.252926796674728394e-02 1.438932418823242188e-01 1.652148365974426270e-01 1.476499438285827637e-01 1.639917492866516113e-01 1.476499438285827637e-01 1.555016040802001953e-01 9.808271378278732300e-02 1.534234881401062012e-01 1.132933422923088074e-01 1.652207970619201660e-01 1.601436734199523926e-01 1.613502502441406250e-01 5.252944678068161011e-02 1.586941480636596680e-01 1.660223007202148438e-01 1.626715064048767090e-01 1.555016636848449707e-01 1.276568770408630371e-01
2.039825916290283203e-02 0.000000000000000000e+00 1.072586104273796082e-01 1.434528231620788574e-01 1.304116845130920410e-01 1.304115653038024902e-01 1.435936689376831055e-01 1.419250369071960449e-01 1.155792400240898132e-01 1.440321803092956543e-01 1.439505815505981445e-01 1.449305415153503418e-01 1.330252885818481445e-01 1.439505219459533691e-01 7.227491587400436401e-02 3.213100880384445190e-02 1.234949752688407898e-01 1.448165774345397949e-01 1.272516846656799316e-01 1.435934901237487793e-01 1.272516846656799316e-01 1.351033449172973633e-01 7.768445461988449097e-02 1.330252289772033691e-01 9.289508312940597534e-02 1.448225378990173340e-01 1.397454142570495605e-01 1.409519910812377930e-01 3.213118761777877808e-02 1.382958889007568359e-01 1.456240415573120117e-01 1.422732472419738770e-01 1.351034045219421387e-01 1.072586104273796082e-01
1.276568770408630371e-01 1.072586104273796082e-01 0.000000000000000000e+00 3.619420528411865234e-02 2.315306663513183594e-02 2.315294742584228516e-02 3.633505105972290039e-02 3.466641902923583984e-02 8.320629596710205078e-03 3.677356243133544922e-02 3.669196367263793945e-02 3.767192363739013672e-02 2.576667070388793945e-02 3.669190406799316406e-02 3.498369455337524414e-02 7.512760162353515625e-02 1.623636484146118164e-02 3.755795955657958984e-02 1.999306678771972656e-02 3.633487224578857422e-02 1.999306678771972656e-02 2.784472703933715820e-02 2.957415580749511719e-02 2.576661109924316406e-02 1.436352729797363281e-02 3.756392002105712891e-02 3.248679637908935547e-02 3.369337320327758789e-02 7.512742280960083008e-02 3.103727102279663086e-02 3.836542367935180664e-02 3.501462936401367188e-02 2.784478664398193359e-02 0.000000000000000000e+00
1.638510823249816895e-01 1.434528231620788574e-01 3.619420528411865234e-02 0.000000000000000000e+00 1.304113864898681641e-02 1.304125785827636719e-02 1.408457756042480469e-04 1.527786254882812500e-03 2.787357568740844727e-02 5.793571472167968750e-04 4.977583885192871094e-04 1.477718353271484375e-03 1.042753458023071289e-02 4.976987838745117188e-04 7.117789983749389648e-02 1.113218069076538086e-01 1.995784044265747070e-02 1.363754272460937500e-03 1.620113849639892578e-02 1.406669616699218750e-04 1.620113849639892578e-02 8.349478244781494141e-03 6.576836109161376953e-02 1.042759418487548828e-02 5.055773258209228516e-02 1.369714736938476562e-03 3.707408905029296875e-03 2.500832080841064453e-03 1.113216280937194824e-01 5.156934261322021484e-03 2.171218395233154297e-03 1.179575920104980469e-03 8.349418640136718750e-03 3.619420528411865234e-02
1.508099436759948730e-01 1.304116845130920410e-01 2.315306663513183594e-02 1.304113864898681641e-02 0.000000000000000000e+00 1.192092895507812500e-07 1.318198442459106445e-02 1.151335239410400391e-02 1.483243703842163086e-02 1.362049579620361328e-02 1.353889703750610352e-02 1.451885700225830078e-02 2.613604068756103516e-03 1.353883743286132812e-02 5.813676118850708008e-02 9.828066825866699219e-02 6.916701793670654297e-03 1.440489292144775391e-02 3.159999847412109375e-03 1.318180561065673828e-02 3.159999847412109375e-03 4.691660404205322266e-03 5.272722244262695312e-02 2.613544464111328125e-03 3.751659393310546875e-02 1.441085338592529297e-02 9.333729743957519531e-03 1.054030656814575195e-02 9.828048944473266602e-02 7.884204387664794922e-03 1.521235704421997070e-02 1.186156272888183594e-02 4.691720008850097656e-03 2.315306663513183594e-02
1.508098244667053223e-01 1.304115653038024902e-01 2.315294742584228516e-02 1.304125785827636719e-02 1.192092895507812500e-07 0.000000000000000000e+00 1.318210363388061523e-02 1.151347160339355469e-02 1.483231782913208008e-02 1.362061500549316406e-02 1.353901624679565430e-02 1.451897621154785156e-02 2.613723278045654297e-03 1.353895664215087891e-02 5.813664197921752930e-02 9.828054904937744141e-02 6.916582584381103516e-03 1.440501213073730469e-02 3.159880638122558594e-03 1.318192481994628906e-02 3.159880638122558594e-03 4.691779613494873047e-03 5.272710323333740234e-02 2.613663673400878906e-03 3.751647472381591797e-02 1.441097259521484375e-02 9.333848953247070312e-03 1.054042577743530273e-02 9.828037023544311523e-02 7.884323596954345703e-03 1.521247625350952148e-02 1.186168193817138672e-02 4.691839218139648438e-03 2.315294742584228516e-02
1.639919281005859375e-01 1.435936689376831055e-01 3.633505105972290039e-02 1.408457756042480469e-04 1.318198442459106445e-02 1.318210363388061523e-02 0.000000000000000000e+00 1.668632030487060547e-03 2.801442146301269531e-02 4.385113716125488281e-04 3.569126129150390625e-04 1.336872577667236328e-03 1.056838035583496094e-02 3.568530082702636719e-04 7.131874561309814453e-02 1.114626526832580566e-01 2.009868621826171875e-02 1.222908496856689453e-03 1.634198427200317383e-02 1.788139343261718750e-07 1.634198427200317383e-02 8.490324020385742188e-03 6.590920686721801758e-02 1.056843996047973633e-02 5.069857835769653320e-02 1.228868961334228516e-03 3.848254680633544922e-03 2.641677856445312500e-03 1.114624738693237305e-01 5.297780036926269531e-03 2.030372619628906250e-03 1.320421695709228516e-03 8.490264415740966797e-03 3.633505105972290039e-02
1.623232960700988770e-01 1.419250369071960449e-01 3.466641902923583984e-02 1.527786254882812500e-03 1.151335239410400391e-02 1.151347160339355469e-02 1.668632030487060547e-03 0.000000000000000000e+00 2.634578943252563477e-02 2.107143402099609375e-03 2.025544643402099609e-03 3.005504608154296875e-03 8.899748325347900391e-03 2.025485038757324219e-03 6.965011358261108398e-02 1.097940206527709961e-01 1.843005418777465820e-02 2.891540527343750000e-03 1.467335224151611328e-02 1.668453216552734375e-03 1.467335224151611328e-02 6.821691989898681641e-03 6.424057483673095703e-02 8.899807929992675781e-03 4.902994632720947266e-02 2.897500991821289062e-03 2.179622650146484375e-03 9.730458259582519531e-04 1.097938418388366699e-01 3.629148006439208984e-03 3.699004650115966797e-03 3.482103347778320312e-04 6.821632385253906250e-03 3.466641902923583984e-02
1.359775066375732422e-01 1.155792400240898132e-01 8.320629596710205078e-03 2.787357568740844727e-02 1.483243703842163086e-02 1.483231782913208008e-02 2.801442146301269531e-02 2.634578943252563477e-02 0.000000000000000000e+00 2.845293283462524414e-02 2.837133407592773438e-02 2.935129404067993164e-02 1.744604110717773438e-02 2.837127447128295898e-02 4.330432415008544922e-02 8.344823122024536133e-02 7.915735244750976562e-03 2.923732995986938477e-02 1.167243719100952148e-02 2.801424264907836914e-02 1.167243719100952148e-02 1.952409744262695312e-02 3.789478540420532227e-02 1.744598150253295898e-02 2.268415689468383789e-02 2.924329042434692383e-02 2.416616678237915039e-02 2.537274360656738281e-02 8.344805240631103516e-02 2.271664142608642578e-02 3.004479408264160156e-02 2.669399976730346680e-02 1.952415704727172852e-02 8.320629596710205078e-03
1.644304394721984863e-01 1.440321803092956543e-01 3.677356243133544922e-02 5.793571472167968750e-04 1.362049579620361328e-02 1.362061500549316406e-02 4.385113716125488281e-04 2.107143402099609375e-03 2.845293283462524414e-02 0.000000000000000000e+00 8.159875869750976562e-05 8.983612060546875000e-04 1.100689172744750977e-02 8.165836334228515625e-05 7.175725698471069336e-02 1.119011640548706055e-01 2.053719758987426758e-02 7.843971252441406250e-04 1.678049564361572266e-02 4.386901855468750000e-04 1.678049564361572266e-02 8.928835391998291016e-03 6.634771823883056641e-02 1.100695133209228516e-02 5.113708972930908203e-02 7.903575897216796875e-04 4.286766052246093750e-03 3.080189228057861328e-03 1.119009852409362793e-01 5.736291408538818359e-03 1.591861248016357422e-03 1.758933067321777344e-03 8.928775787353515625e-03 3.677356243133544922e-02
1.643488407135009766e-01 1.439505815505981445e-01 3.669196367263793945e-02 4.977583885192871094e-04 1.353889703750610352e-02 1.353901624679565430e-02 3.569126129150390625e-04 2.025544643402099609e-03 2.837133407592773438e-02 8.159875869750976562e-05 0.000000000000000000e+00 9.799599647521972656e-04 1.092529296875000000e-02 5.960464477539062500e-08 7.167565822601318359e-02 1.118195652961730957e-01 2.045559883117675781e-02 8.659958839416503906e-04 1.669889688491821289e-02 3.570914268493652344e-04 1.669889688491821289e-02 8.847236633300781250e-03 6.626611948013305664e-02 1.092535257339477539e-02 5.105549097061157227e-02 8.719563484191894531e-04 4.205167293548583984e-03 2.998590469360351562e-03 1.118193864822387695e-01 5.654692649841308594e-03 1.673460006713867188e-03 1.677334308624267578e-03 8.847177028656005859e-03 3.669196367263793945e-02
1.653288006782531738e-01 1.449305415153503418e-01 3.767192363739013672e-02 1.477718353271484375e-03 1.451885700225830078e-02 1.451897621154785156e-02 1.336872577667236328e-03 3.005504608154296875e-03 2.935129404067993164e-02 8.983612060546875000e-04 9.799599647521972656e-04 0.000000000000000000e+00 1.190525293350219727e-02 9.800195693969726562e-04 7.265561819076538086e-02 1.127995252609252930e-01 2.143555879592895508e-02 1.139640808105468750e-04 1.767885684967041016e-02 1.337051391601562500e-03 1.767885684967041016e-02 9.827196598052978516e-03 6.724607944488525391e-02 1.190531253814697266e-02 5.203545093536376953e-02 1.080036163330078125e-04 5.185127258300781250e-03 3.978550434112548828e-03 1.127993464469909668e-01 6.634652614593505859e-03 6.935000419616699219e-04 2.657294273376464844e-03 9.827136993408203125e-03 3.767192363739013672e-02
1.534235477447509766e-01 1.330252885818481445e-01 2.576667070388793945e-02 1.042753458023071289e-02 2.613604068756103516e-03 2.613723278045654297e-03 1.056838035583496094e-02 8.899748325347900391e-03 1.744604110717773438e-02 1.100689172744750977e-02 1.092529296875000000e-02 1.190525293350219727e-02 0.000000000000000000e+00 1.092523336410522461e-02 6.075036525726318359e-02 1.008942723274230957e-01 9.530305862426757812e-03 1.179128885269165039e-02 5.773603916168212891e-03 1.056820154190063477e-02 5.773603916168212891e-03 2.078056335449218750e-03 5.534082651138305664e-02 5.960464477539062500e-08 4.013019800186157227e-02 1.179724931716918945e-02 6.720125675201416016e-03 7.926702499389648438e-03 1.008940935134887695e-01 5.270600318908691406e-03 1.259875297546386719e-02 9.247958660125732422e-03 2.078115940093994141e-03 2.576667070388793945e-02
1.643487811088562012e-01 1.439505219459533691e-01 3.669190406799316406e-02 4.976987838745117188e-04 1.353883743286132812e-02 1.353895664215087891e-02 3.568530082702636719e-04 2.025485038757324219e-03 2.837127447128295898e-02 8.165836334228515625e-05 5.960464477539062500e-08 9.800195693969726562e-04 1.092523336410522461e-02 0.000000000000000000e+00 7.167559862136840820e-02 1.118195056915283203e-01 2.045553922653198242e-02 8.660554885864257812e-04 1.669883728027343750e-02 3.570318222045898438e-04 1.669883728027343750e-02 8.847177028656005859e-03 6.626605987548828125e-02 1.092529296875000000e-02 5.105543136596679688e-02 8.720159530639648438e-04 4.205107688903808594e-03 2.998530864715576172e-03 1.118193268775939941e-01 5.654633045196533203e-03 1.673519611358642578e-03 1.677274703979492188e-03 8.847117424011230469e-03 3.669190406799316406e-02
9.267317503690719604e-02 7.227491587400436401e-02 3.498369455337524414e-02 7.117789983749389648e-02 5.813676118850708008e-02 5.813664197921752930e-02 7.131874561309814453e-02 6.965011358261108398e-02 4.330432415008544922e-02 7.175725698471069336e-02 7.167565822601318359e-02 7.265561819076538086e-02 6.075036525726318359e-02 7.167559862136840820e-02 0.000000000000000000e+00 4.014390707015991211e-02 5.122005939483642578e-02 7.254165410995483398e-02 5.497676134109497070e-02 7.131856679916381836e-02 5.497676134109497070e-02 6.282842159271240234e-02 5.409538745880126953e-03 6.075030565261840820e-02 2.062016725540161133e-02 7.254761457443237305e-02 6.747049093246459961e-02 6.867706775665283203e-02 4.014372825622558594e-02 6.602096557617187500e-02 7.334911823272705078e-02 6.999832391738891602e-02 6.282848119735717773e-02 3.498369455337524414e-02
5.252926796674728394e-02 3.213100880384445190e-02 7.512760162353515625e-02 1.113218069076538086e-01 9.828066825866699219e-02 9.828054904937744141e-02 1.114626526832580566e-01 1.097940206527709961e-01 8.344823122024536133e-02 1.119011640548706055e-01 1.118195652961730957e-01 1.127995252609252930e-01 1.008942723274230957e-01 1.118195056915283203e-01 4.014390707015991211e-02 0.000000000000000000e+00 9.136396646499633789e-02 1.126855611801147461e-01 9.512066841125488281e-02 1.114624738693237305e-01 9.512066841125488281e-02 1.029723286628723145e-01 4.555344581604003906e-02 1.008942127227783203e-01 6.076407432556152344e-02 1.126915216445922852e-01 1.076143980026245117e-01 1.088209748268127441e-01 1.788139343261718750e-07 1.061648726463317871e-01 1.134930253028869629e-01 1.101422309875488281e-01 1.029723882675170898e-01 7.512760162353515625e-02
1.438932418823242188e-01 1.234949752688407898e-01 1.623636484146118164e-02 1.995784044265747070e-02 6.916701793670654297e-03 6.916582584381103516e-03 2.009868621826171875e-02 1.843005418777465820e-02 7.915735244750976562e-03 2.053719758987426758e-02 2.045559883117675781e-02 2.143555879592895508e-02 9.530305862426757812e-03 2.045553922653198242e-02 5.122005939483642578e-02 9.136396646499633789e-02 0.000000000000000000e+00 2.132159471511840820e-02 3.756701946258544922e-03 2.009850740432739258e-02 3.756701946258544922e-03 1.160836219787597656e-02 4.581052064895629883e-02 9.530246257781982422e-03 3.059989213943481445e-02 2.132755517959594727e-02 1.625043153762817383e-02 1.745700836181640625e-02 9.136378765106201172e-02 1.480090618133544922e-02 2.212905883789062500e-02 1.877826452255249023e-02 1.160842180252075195e-02 1.623636484146118164e-02
1.652148365974426270e-01 1.448165774345397949e-01 3.755795955657958984e-02 1.363754272460937500e-03 1.440489292144775391e-02 1.440501213073730469e-02 1.222908496856689453e-03 2.891540527343750000e-03 2.923732995986938477e-02 7.843971252441406250e-04 8.659958839416503906e-04 1.139640808105468750e-04 1.179128885269165039e-02 8.660554885864257812e-04 7.254165410995483398e-02 1.126855611801147461e-01 2.132159471511840820e-02 0.000000000000000000e+00 1.756489276885986328e-02 1.223087310791015625e-03 1.756489276885986328e-02 9.713232517242431641e-03 6.713211536407470703e-02 1.179134845733642578e-02 5.192148685455322266e-02 5.960464477539062500e-06 5.071163177490234375e-03 3.864586353302001953e-03 1.126853823661804199e-01 6.520688533782958984e-03 8.074641227722167969e-04 2.543330192565917969e-03 9.713172912597656250e-03 3.755795955657958984e-02
1.476499438285827637e-01 1.272516846656799316e-01 1.999306678771972656e-02 1.620113849639892578e-02 3.159999847412109375e-03 3.159880638122558594e-03 1.634198427200317383e-02 1.467335224151611328e-02 1.167243719100952148e-02 1.678049564361572266e-02 1.669889688491821289e-02 1.767885684967041016e-02 5.773603916168212891e-03 1.669883728027343750e-02 5.497676134109497070e-02 9.512066841125488281e-02 3.756701946258544922e-03 1.756489276885986328e-02 0.000000000000000000e+00 1.634180545806884766e-02 0.000000000000000000e+00 7.851660251617431641e-03 4.956722259521484375e-02 5.773544311523437500e-03 3.435659408569335938e-02 1.757085323333740234e-02 1.249372959136962891e-02 1.370030641555786133e-02 9.512048959732055664e-02 1.104420423507690430e-02 1.837235689163208008e-02 1.502156257629394531e-02 7.851719856262207031e-03 1.999306678771972656e-02
1.639917492866516113e-01 1.435934901237487793e-01 3.633487224578857422e-02 1.406669616699218750e-04 1.318180561065673828e-02 1.318192481994628906e-02 1.788139343261718750e-07 1.668453216552734375e-03 2.801424264907836914e-02 4.386901855468750000e-04 3.570914268493652344e-04 1.337051391601562500e-03 1.056820154190063477e-02 3.570318222045898438e-04 7.131856679916381836e-02 1.114624738693237305e-01 2.009850740432739258e-02 1.223087310791015625e-03 1.634180545806884766e-02 0.000000000000000000e+00 1.634180545806884766e-02 8.490145206451416016e-03 6.590902805328369141e-02 1.056826114654541016e-02 5.069839954376220703e-02 1.229047775268554688e-03 3.848075866699218750e-03 2.641499042510986328e-03 1.114622950553894043e-01 5.297601222991943359e-03 2.030551433563232422e-03 1.320242881774902344e-03 8.490085601806640625e-03 3.633487224578857422e-02
1.476499438285827637e-01 1.272516846656799316e-01 1.999306678771972656e-02 1.620113849639892578e-02 3.159999847412109375e-03 3.159880638122558594e-03 1.634198427200317383e-02 1.467335224151611328e-02 1.167243719100952148e-02 1.678049564361572266e-02 1.669889688491821289e-02 1.767885684967041016e-02 5.773603916168212891e-03 1.669883728027343750e-02 5.497676134109497070e-02 9.512066841125488281e-02 3.756701946258544922e-03 1.756489276885986328e-02 0.000000000000000000e+00 1.634180545806884766e-02 0.000000000000000000e+00 7.851660251617431641e-03 4.956722259521484375e-02 5.773544311523437500e-03 3.435659408569335938e-02 1.757085323333740234e-02 1.249372959136962891e-02 1.370030641555786133e-02 9.512048959732055664e-02 1.104420423507690430e-02 1.837235689163208008e-02 1.502156257629394531e-02 7.851719856262207031e-03 1.999306678771972656e-02
1.555016040802001953e-01 1.351033449172973633e-01 2.784472703933715820e-02 8.349478244781494141e-03 4.691660404205322266e-03 4.691779613494873047e-03 8.490324020385742188e-03 6.821691989898681641e-03 1.952409744262695312e-02 8.928835391998291016e-03 8.847236633300781250e-03 9.827196598052978516e-03 2.078056335449218750e-03 8.847177028656005859e-03 6.282842159271240234e-02 1.029723286628723145e-01 1.160836219787597656e-02 9.713232517242431641e-03 7.851660251617431641e-03 8.490145206451416016e-03 7.851660251617431641e-03 0.000000000000000000e+00 5.741888284683227539e-02 2.078115940093994141e-03 4.220825433731079102e-02 9.719192981719970703e-03 4.642069339752197266e-03 5.848646163940429688e-03 1.029721498489379883e-01 3.192543983459472656e-03 1.052069664001464844e-02 7.169902324676513672e-03 5.960464477539062500e-08 2.784472703933715820e-02
9.808271378278732300e-02 7.768445461988449097e-02 2.957415580749511719e-02 6.576836109161376953e-02 5.272722244262695312e-02 5.272710323333740234e-02 6.590920686721801758e-02 6.424057483673095703e-02 3.789478540420532227e-02 6.634771823883056641e-02 6.626611948013305664e-02 6.724607944488525391e-02 5.534082651138305664e-02 6.626605987548828125e-02 5.409538745880126953e-03 4.555344581604003906e-02 4.581052064895629883e-02 6.713211536407470703e-02 4.956722259521484375e-02 6.590902805328369141e-02 4.956722259521484375e-02 5.741888284683227539e-02 0.000000000000000000e+00 5.534076690673828125e-02 1.521062850952148438e-02 6.713807582855224609e-02 6.206095218658447266e-02 6.326752901077270508e-02 4.555326700210571289e-02 6.061142683029174805e-02 6.793957948684692383e-02 6.458878517150878906e-02 5.741894245147705078e-02 2.957415580749511719e-02
1.534234881401062012e-01 1.330252289772033691e-01 2.576661109924316406e-02 1.042759418487548828e-02 2.613544464111328125e-03 2.613663673400878906e-03 1.056843996047973633e-02 8.899807929992675781e-03 1.744598150253295898e-02 1.100695133209228516e-02 1.092535257339477539e-02 1.190531253814697266e-02 5.960464477539062500e-08 1.092529296875000000e-02 6.075030565261840820e-02 1.008942127227783203e-01 9.530246257781982422e-03 1.179134845733642578e-02 5.773544311523437500e-03 1.056826114654541016e-02 5.773544311523437500e-03 2.078115940093994141e-03 5.534076690673828125e-02 0.000000000000000000e+00 4.013013839721679688e-02 1.179730892181396484e-02 6.720185279846191406e-03 7.926762104034423828e-03 1.008940339088439941e-01 5.270659923553466797e-03 1.259881258010864258e-02 9.248018264770507812e-03 2.078175544738769531e-03 2.576661109924316406e-02
1.132933422923088074e-01 9.289508312940597534e-02 1.436352729797363281e-02 5.055773258209228516e-02 3.751659393310546875e-02 3.751647472381591797e-02 5.069857835769653320e-02 4.902994632720947266e-02 2.268415689468383789e-02 5.113708972930908203e-02 5.105549097061157227e-02 5.203545093536376953e-02 4.013019800186157227e-02 5.105543136596679688e-02 2.062016725540161133e-02 6.076407432556152344e-02 3.059989213943481445e-02 5.192148685455322266e-02 3.435659408569335938e-02 5.069839954376220703e-02 3.435659408569335938e-02 4.220825433731079102e-02 1.521062850952148438e-02 4.013013839721679688e-02 0.000000000000000000e+00 5.192744731903076172e-02 4.685032367706298828e-02 4.805690050125122070e-02 6.076389551162719727e-02 4.540079832077026367e-02 5.272895097732543945e-02 4.937815666198730469e-02 4.220831394195556641e-02 1.436352729797363281e-02
1.652207970619201660e-01 1.448225378990173340e-01 3.756392002105712891e-02 1.369714736938476562e-03 1.441085338592529297e-02 1.441097259521484375e-02 1.228868961334228516e-03 2.897500991821289062e-03 2.924329042434692383e-02 7.903575897216796875e-04 8.719563484191894531e-04 1.080036163330078125e-04 1.179724931716918945e-02 8.720159530639648438e-04 7.254761457443237305e-02 1.126915216445922852e-01 2.132755517959594727e-02 5.960464477539062500e-06 1.757085323333740234e-02 1.229047775268554688e-03 1.757085323333740234e-02 9.719192981719970703e-03 6.713807582855224609e-02 1.179730892181396484e-02 5.192744731903076172e-02 0.000000000000000000e+00 5.077123641967773438e-03 3.870546817779541016e-03 1.126913428306579590e-01 6.526648998260498047e-03 8.015036582946777344e-04 2.549290657043457031e-03 9.719133377075195312e-03 3.756392002105712891e-02
1.601436734199523926e-01 1.397454142570495605e-01 3.248679637908935547e-02 3.707408905029296875e-03 9.333729743957519531e-03 9.333848953247070312e-03 3.848254680633544922e-03 2.179622650146484375e-03 2.416616678237915039e-02 4.286766052246093750e-03 4.205167293548583984e-03 5.185127258300781250e-03 6.720125675201416016e-03 4.205107688903808594e-03 6.747049093246459961e-02 1.076143980026245117e-01 1.625043153762817383e-02 5.071163177490234375e-03 1.249372959136962891e-02 3.848075866699218750e-03 1.249372959136962891e-02 4.642069339752197266e-03 6.206095218658447266e-02 6.720185279846191406e-03 4.685032367706298828e-02 5.077123641967773438e-03 0.000000000000000000e+00 1.206576824188232422e-03 1.076142191886901855e-01 1.449525356292724609e-03 5.878627300262451172e-03 2.527832984924316406e-03 4.642009735107421875e-03 3.248679637908935547e-02
1.613502502441406250e-01 1.409519910812377930e-01 3.369337320327758789e-02 2.500832080841064453e-03 1.054030656814575195e-02 1.054042577743530273e-02 2.641677856445312500e-03 9.730458259582519531e-04 2.537274360656738281e-02 3.080189228057861328e-03 2.998590469360351562e-03 3.978550434112548828e-03 7.926702499389648438e-03 2.998530864715576172e-03 6.867706775665283203e-02 1.088209748268127441e-01 1.745700836181640625e-02 3.864586353302001953e-03 1.370030641555786133e-02 2.641499042510986328e-03 1.370030641555786133e-02 5.848646163940429688e-03 6.326752901077270508e-02 7.926762104034423828e-03 4.805690050125122070e-02 3.870546817779541016e-03 1.206576824188232422e-03 0.000000000000000000e+00 1.088207960128784180e-01 2.656102180480957031e-03 4.672050476074218750e-03 1.321256160736083984e-03 5.848586559295654297e-03 3.369337320327758789e-02
5.252944678068161011e-02 3.213118761777877808e-02 7.512742280960083008e-02 1.113216280937194824e-01 9.828048944473266602e-02 9.828037023544311523e-02 1.114624738693237305e-01 1.097938418388366699e-01 8.344805240631103516e-02 1.119009852409362793e-01 1.118193864822387695e-01 1.127993464469909668e-01 1.008940935134887695e-01 1.118193268775939941e-01 4.014372825622558594e-02 1.788139343261718750e-07 9.136378765106201172e-02 1.126853823661804199e-01 9.512048959732055664e-02 1.114622950553894043e-01 9.512048959732055664e-02 1.029721498489379883e-01 4.555326700210571289e-02 1.008940339088439941e-01 6.076389551162719727e-02 1.126913428306579590e-01 1.076142191886901855e-01 1.088207960128784180e-01 0.000000000000000000e+00 1.061646938323974609e-01 1.134928464889526367e-01 1.101420521736145020e-01 1.029722094535827637e-01 7.512742280960083008e-02
1.586941480636596680e-01 1.382958889007568359e-01 3.103727102279663086e-02 5.156934261322021484e-03 7.884204387664794922e-03 7.884323596954345703e-03 5.297780036926269531e-03 3.629148006439208984e-03 2.271664142608642578e-02 5.736291408538818359e-03 5.654692649841308594e-03 6.634652614593505859e-03 5.270600318908691406e-03 5.654633045196533203e-03 6.602096557617187500e-02 1.061648726463317871e-01 1.480090618133544922e-02 6.520688533782958984e-03 1.104420423507690430e-02 5.297601222991943359e-03 1.104420423507690430e-02 3.192543983459472656e-03 6.061142683029174805e-02 5.270659923553466797e-03 4.540079832077026367e-02 6.526648998260498047e-03 1.449525356292724609e-03 2.656102180480957031e-03 1.061646938323974609e-01 0.000000000000000000e+00 7.328152656555175781e-03 3.977358341217041016e-03 3.192484378814697266e-03 3.103727102279663086e-02
1.660223007202148438e-01 1.456240415573120117e-01 3.836542367935180664e-02 2.171218395233154297e-03 1.521235704421997070e-02 1.521247625350952148e-02 2.030372619628906250e-03 3.699004650115966797e-03 3.004479408264160156e-02 1.591861248016357422e-03 1.673460006713867188e-03 6.935000419616699219e-04 1.259875297546386719e-02 1.673519611358642578e-03 7.334911823272705078e-02 1.134930253028869629e-01 2.212905883789062500e-02 8.074641227722167969e-04 1.837235689163208008e-02 2.030551433563232422e-03 1.837235689163208008e-02 1.052069664001464844e-02 6.793957948684692383e-02 1.259881258010864258e-02 5.272895097732543945e-02 8.015036582946777344e-04 5.878627300262451172e-03 4.672050476074218750e-03 1.134928464889526367e-01 7.328152656555175781e-03 0.000000000000000000e+00 3.350794315338134766e-03 1.052063703536987305e-02 3.836542367935180664e-02
1.626715064048767090e-01 1.422732472419738770e-01 3.501462936401367188e-02 1.179575920104980469e-03 1.186156272888183594e-02 1.186168193817138672e-02 1.320421695709228516e-03 3.482103347778320312e-04 2.669399976730346680e-02 1.758933067321777344e-03 1.677334308624267578e-03 2.657294273376464844e-03 9.247958660125732422e-03 1.677274703979492188e-03 6.999832391738891602e-02 1.101422309875488281e-01 1.877826452255249023e-02 2.543330192565917969e-03 1.502156257629394531e-02 1.320242881774902344e-03 1.502156257629394531e-02 7.169902324676513672e-03 6.458878517150878906e-02 9.248018264770507812e-03 4.937815666198730469e-02 2.549290657043457031e-03 2.527832984924316406e-03 1.321256160736083984e-03 1.101420521736145020e-01 3.977358341217041016e-03 3.350794315338134766e-03 0.000000000000000000e+00 7.169842720031738281e-03 3.501462936401367188e-02
1.555016636848449707e-01 1.351034045219421387e-01 2.784478664398193359e-02 8.349418640136718750e-03 4.691720008850097656e-03 4.691839218139648438e-03 8.490264415740966797e-03 6.821632385253906250e-03 1.952415704727172852e-02 8.928775787353515625e-03 8.847177028656005859e-03 9.827136993408203125e-03 2.078115940093994141e-03 8.847117424011230469e-03 6.282848119735717773e-02 1.029723882675170898e-01 1.160842180252075195e-02 9.713172912597656250e-03 7.851719856262207031e-03 8.490085601806640625e-03 7.851719856262207031e-03 5.960464477539062500e-08 5.741894245147705078e-02 2.078175544738769531e-03 4.220831394195556641e-02 9.719133377075195312e-03 4.642009735107421875e-03 5.848586559295654297e-03 1.029722094535827637e-01 3.192484378814697266e-03 1.052063703536987305e-02 7.169842720031738281e-03 0.000000000000000000e+00 2.784478664398193359e-02
1.276568770408630371e-01 1.072586104273796082e-01 0.000000000000000000e+00 3.619420528411865234e-02 2.315306663513183594e-02 2.315294742584228516e-02 3.633505105972290039e-02 3.466641902923583984e-02 8.320629596710205078e-03 3.677356243133544922e-02 3.669196367263793945e-02 3.767192363739013672e-02 2.576667070388793945e-02 3.669190406799316406e-02 3.498369455337524414e-02 7.512760162353515625e-02 1.623636484146118164e-02 3.755795955657958984e-02 1.999306678771972656e-02 3.633487224578857422e-02 1.999306678771972656e-02 2.784472703933715820e-02 2.957415580749511719e-02 2.576661109924316406e-02 1.436352729797363281e-02 3.756392002105712891e-02 3.248679637908935547e-02 3.369337320327758789e-02 7.512742280960083008e-02 3.103727102279663086e-02 3.836542367935180664e-02 3.501462936401367188e-02 2.784478664398193359e-02 0.000000000000000000e+00
