0.000000000000000000e+00 1.240574568510055542e-02 4.068844765424728394e-02 4.568599909543991089e-02 1.001566648483276367e-02 4.068862646818161011e-02 3.063618391752243042e-02 3.063606470823287964e-02 4.813104122877120972e-02 4.395674914121627808e-02 4.603134840726852417e-02 4.840307682752609253e-02 3.644829243421554565e-02 4.575788974761962891e-03 1.652777791023254395e-01 7.132482528686523438e-02 2.716927975416183472e-02 4.636066406965255737e-02 4.871063679456710815e-02 4.897391051054000854e-02 1.001554727554321289e-02 4.907374829053878784e-02 7.132482528686523438e-02 4.813074320554733276e-02 4.925274103879928589e-02 4.923670738935470581e-02 4.575669765472412109e-03 4.068868607282638550e-02 2.174782752990722656e-02 3.644835203886032104e-02 6.409841030836105347e-02 4.481684416532516479e-02 3.644823282957077026e-02 4.864096641540527344e-03
1.240574568510055542e-02 0.000000000000000000e+00 2.828270196914672852e-02 3.328025341033935547e-02 2.242141216993331909e-02 2.828288078308105469e-02 1.823043823242187500e-02 1.823031902313232422e-02 3.572529554367065430e-02 3.155100345611572266e-02 3.362560272216796875e-02 3.599733114242553711e-02 2.404254674911499023e-02 7.829956710338592529e-03 1.776835322380065918e-01 8.373057097196578979e-02 1.476353406906127930e-02 3.395491838455200195e-02 3.630489110946655273e-02 3.656816482543945312e-02 2.242129296064376831e-02 3.666800260543823242e-02 8.373057097196578979e-02 3.572499752044677734e-02 3.684699535369873047e-02 3.683096170425415039e-02 7.830075919628143311e-03 2.828294038772583008e-02 3.415357321500778198e-02 2.404260635375976562e-02 5.169266462326049805e-02 3.241109848022460938e-02 2.404248714447021484e-02 1.726984232664108276e-02
4.068844765424728394e-02 2.828270196914672852e-02 0.000000000000000000e+00 4.997551441192626953e-03 5.070411413908004761e-02 1.788139343261718750e-07 1.005226373672485352e-02 1.005238294601440430e-02 7.442593574523925781e-03 3.268301486968994141e-03 5.342900753021240234e-03 7.714629173278808594e-03 4.240155220031738281e-03 3.611265867948532104e-02 2.059662342071533203e-01 1.120132729411125183e-01 1.351916790008544922e-02 5.672216415405273438e-03 8.022189140319824219e-03 8.285462856292724609e-03 5.070399492979049683e-02 8.385300636291503906e-03 1.120132729411125183e-01 7.442295551300048828e-03 8.564293384552001953e-03 8.548259735107421875e-03 3.611277788877487183e-02 2.384185791015625000e-07 6.243627518415451050e-02 4.240095615386962891e-03 2.340996265411376953e-02 4.128396511077880859e-03 4.240214824676513672e-03 4.555254429578781128e-02
4.568599909543991089e-02 3.328025341033935547e-02 4.997551441192626953e-03 0.000000000000000000e+00 5.570166558027267456e-02 4.997372627258300781e-03 1.504981517791748047e-02 1.504993438720703125e-02 2.445042133331298828e-03 1.729249954223632812e-03 3.453493118286132812e-04 2.717077732086181641e-03 9.237706661224365234e-03 4.111021012067794800e-02 2.109637856483459473e-01 1.170108243823051453e-01 1.851671934127807617e-02 6.746649742126464844e-04 3.024637699127197266e-03 3.287911415100097656e-03 5.570154637098312378e-02 3.387749195098876953e-03 1.170108243823051453e-01 2.444744110107421875e-03 3.566741943359375000e-03 3.550708293914794922e-03 4.111032932996749878e-02 4.997313022613525391e-03 6.743382662534713745e-02 9.237647056579589844e-03 1.841241121292114258e-02 8.691549301147460938e-04 9.237766265869140625e-03 5.055009573698043823e-02
1.001566648483276367e-02 2.242141216993331909e-02 5.070411413908004761e-02 5.570166558027267456e-02 0.000000000000000000e+00 5.070429295301437378e-02 4.065185040235519409e-02 4.065173119306564331e-02 5.814670771360397339e-02 5.397241562604904175e-02 5.604701489210128784e-02 5.841874331235885620e-02 4.646395891904830933e-02 1.459145545959472656e-02 1.552621126174926758e-01 6.130915880203247070e-02 3.718494623899459839e-02 5.637633055448532104e-02 5.872630327939987183e-02 5.898957699537277222e-02 1.192092895507812500e-07 5.908941477537155151e-02 6.130915880203247070e-02 5.814640969038009644e-02 5.926840752363204956e-02 5.925237387418746948e-02 1.459133625030517578e-02 5.070435255765914917e-02 1.173216104507446289e-02 4.646401852369308472e-02 7.411407679319381714e-02 5.483251065015792847e-02 4.646389931440353394e-02 5.151569843292236328e-03
4.068862646818161011e-02 2.828288078308105469e-02 1.788139343261718750e-07 4.997372627258300781e-03 5.070429295301437378e-02 0.000000000000000000e+00 1.005244255065917969e-02 1.005256175994873047e-02 7.442414760589599609e-03 3.268122673034667969e-03 5.342721939086914062e-03 7.714450359344482422e-03 4.240334033966064453e-03 3.611283749341964722e-02 2.059664130210876465e-01 1.120134517550468445e-01 1.351934671401977539e-02 5.672037601470947266e-03 8.022010326385498047e-03 8.285284042358398438e-03 5.070417374372482300e-02 8.385121822357177734e-03 1.120134517550468445e-01 7.442116737365722656e-03 8.564114570617675781e-03 8.548080921173095703e-03 3.611295670270919800e-02 5.960464477539062500e-08 6.243645399808883667e-02 4.240274429321289062e-03 2.340978384017944336e-02 4.128217697143554688e-03 4.240393638610839844e-03 4.555272310972213745e-02
3.063618391752243042e-02 1.823043823242187500e-02 1.005226373672485352e-02 1.504981517791748047e-02 4.065185040235519409e-02 1.005244255065917969e-02 0.000000000000000000e+00 1.192092895507812500e-07 1.749485731124877930e-02 1.332056522369384766e-02 1.539516448974609375e-02 1.776689291000366211e-02 5.812108516693115234e-03 2.606039494276046753e-02 1.959139704704284668e-01 1.019610092043876648e-01 3.466904163360595703e-03 1.572448015213012695e-02 1.807445287704467773e-02 1.833772659301757812e-02 4.065173119306564331e-02 1.843756437301635742e-02 1.019610092043876648e-01 1.749455928802490234e-02 1.861655712127685547e-02 1.860052347183227539e-02 2.606051415205001831e-02 1.005250215530395508e-02 5.238401144742965698e-02 5.812168121337890625e-03 3.346222639083862305e-02 1.418066024780273438e-02 5.812048912048339844e-03 3.550028055906295776e-02
3.063606470823287964e-02 1.823031902313232422e-02 1.005238294601440430e-02 1.504993438720703125e-02 4.065173119306564331e-02 1.005256175994873047e-02 1.192092895507812500e-07 0.000000000000000000e+00 1.749497652053833008e-02 1.332068443298339844e-02 1.539528369903564453e-02 1.776701211929321289e-02 5.812227725982666016e-03 2.606027573347091675e-02 1.959138512611389160e-01 1.019608899950981140e-01 3.466784954071044922e-03 1.572459936141967773e-02 1.807457208633422852e-02 1.833784580230712891e-02 4.065161198377609253e-02 1.843768358230590820e-02 1.019608899950981140e-01 1.749467849731445312e-02 1.861667633056640625e-02 1.860064268112182617e-02 2.606039494276046753e-02 1.005262136459350586e-02 5.238389223814010620e-02 5.812287330627441406e-03 3.346234560012817383e-02 1.418077945709228516e-02 5.812168121337890625e-03 3.550016134977340698e-02
4.813104122877120972e-02 3.572529554367065430e-02 7.442593574523925781e-03 2.445042133331298828e-03 5.814670771360397339e-02 7.442414760589599609e-03 1.749485731124877930e-02 1.749497652053833008e-02 0.000000000000000000e+00 4.174292087554931641e-03 2.099692821502685547e-03 2.720355987548828125e-04 1.168274879455566406e-02 4.355525225400924683e-02 2.134088277816772461e-01 1.194558665156364441e-01 2.096176147460937500e-02 1.770377159118652344e-03 5.795955657958984375e-04 8.428692817687988281e-04 5.814658850431442261e-02 9.427070617675781250e-04 1.194558665156364441e-01 2.980232238769531250e-07 1.121699810028076172e-03 1.105666160583496094e-03 4.355537146329879761e-02 7.442355155944824219e-03 6.987886875867843628e-02 1.168268918991088867e-02 1.596736907958984375e-02 3.314197063446044922e-03 1.168280839920043945e-02 5.299513787031173706e-02
4.395674914121627808e-02 3.155100345611572266e-02 3.268301486968994141e-03 1.729249954223632812e-03 5.397241562604904175e-02 3.268122673034667969e-03 1.332056522369384766e-02 1.332068443298339844e-02 4.174292087554931641e-03 0.000000000000000000e+00 2.074599266052246094e-03 4.446327686309814453e-03 7.508456707000732422e-03 3.938096016645431519e-02 2.092345356941223145e-01 1.152815744280815125e-01 1.678746938705444336e-02 2.403914928436279297e-03 4.753887653350830078e-03 5.017161369323730469e-03 5.397229641675949097e-02 5.116999149322509766e-03 1.152815744280815125e-01 4.173994064331054688e-03 5.295991897583007812e-03 5.279958248138427734e-03 3.938107937574386597e-02 3.268063068389892578e-03 6.570457667112350464e-02 7.508397102355957031e-03 2.014166116714477539e-02 8.600950241088867188e-04 7.508516311645507812e-03 4.882084578275680542e-02
4.603134840726852417e-02 3.362560272216796875e-02 5.342900753021240234e-03 3.453493118286132812e-04 5.604701489210128784e-02 5.342721939086914062e-03 1.539516448974609375e-02 1.539528369903564453e-02 2.099692821502685547e-03 2.074599266052246094e-03 0.000000000000000000e+00 2.371728420257568359e-03 9.583055973052978516e-03 4.145555943250656128e-02 2.113091349601745605e-01 1.173561736941337585e-01 1.886206865310668945e-02 3.293156623840332031e-04 2.679288387298583984e-03 2.942562103271484375e-03 5.604689568281173706e-02 3.042399883270263672e-03 1.173561736941337585e-01 2.099394798278808594e-03 3.221392631530761719e-03 3.205358982086181641e-03 4.145567864179611206e-02 5.342662334442138672e-03 6.777917593717575073e-02 9.582996368408203125e-03 1.806706190109252930e-02 1.214504241943359375e-03 9.583115577697753906e-03 5.089544504880905151e-02
4.840307682752609253e-02 3.599733114242553711e-02 7.714629173278808594e-03 2.717077732086181641e-03 5.841874331235885620e-02 7.714450359344482422e-03 1.776689291000366211e-02 1.776701211929321289e-02 2.720355987548828125e-04 4.446327686309814453e-03 2.371728420257568359e-03 0.000000000000000000e+00 1.195478439331054688e-02 4.382728785276412964e-02 2.136808633804321289e-01 1.197279021143913269e-01 2.123379707336425781e-02 2.042412757873535156e-03 3.075599670410156250e-04 5.708336830139160156e-04 5.841862410306930542e-02 6.706714630126953125e-04 1.197279021143913269e-01 2.723336219787597656e-04 8.496642112731933594e-04 8.336305618286132812e-04 4.382740706205368042e-02 7.714390754699707031e-03 7.015090435743331909e-02 1.195472478866577148e-02 1.569533348083496094e-02 3.586232662200927734e-03 1.195484399795532227e-02 5.326717346906661987e-02
3.644829243421554565e-02 2.404254674911499023e-02 4.240155220031738281e-03 9.237706661224365234e-03 4.646395891904830933e-02 4.240334033966064453e-03 5.812108516693115234e-03 5.812227725982666016e-03 1.168274879455566406e-02 7.508456707000732422e-03 9.583055973052978516e-03 1.195478439331054688e-02 0.000000000000000000e+00 3.187250345945358276e-02 2.017260789871215820e-01 1.077731177210807800e-01 9.279012680053710938e-03 9.912371635437011719e-03 1.226234436035156250e-02 1.252561807632446289e-02 4.646383970975875854e-02 1.262545585632324219e-02 1.077731177210807800e-01 1.168245077133178711e-02 1.280444860458374023e-02 1.278841495513916016e-02 3.187262266874313354e-02 4.240393638610839844e-03 5.819611996412277222e-02 5.960464477539062500e-08 2.765011787414550781e-02 8.368551731109619141e-03 5.960464477539062500e-08 4.131238907575607300e-02
4.575788974761962891e-03 7.829956710338592529e-03 3.611265867948532104e-02 4.111021012067794800e-02 1.459145545959472656e-02 3.611283749341964722e-02 2.606039494276046753e-02 2.606027573347091675e-02 4.355525225400924683e-02 3.938096016645431519e-02 4.145555943250656128e-02 4.382728785276412964e-02 3.187250345945358276e-02 0.000000000000000000e+00 1.698535680770874023e-01 7.590061426162719727e-02 2.259349077939987183e-02 4.178487509489059448e-02 4.413484781980514526e-02 4.439812153577804565e-02 1.459133625030517578e-02 4.449795931577682495e-02 7.590061426162719727e-02 4.355495423078536987e-02 4.467695206403732300e-02 4.466091841459274292e-02 1.192092895507812500e-07 3.611289709806442261e-02 2.632361650466918945e-02 3.187256306409835815e-02 5.952262133359909058e-02 4.024105519056320190e-02 3.187244385480880737e-02 9.439885616302490234e-03
1.652777791023254395e-01 1.776835322380065918e-01 2.059662342071533203e-01 2.109637856483459473e-01 1.552621126174926758e-01 2.059664130210876465e-01 1.959139704704284668e-01 1.959138512611389160e-01 2.134088277816772461e-01 2.092345356941223145e-01 2.113091349601745605e-01 2.136808633804321289e-01 2.017260789871215820e-01 1.698535680770874023e-01 0.000000000000000000e+00 9.395295381546020508e-02 1.924470663070678711e-01 2.116384506225585938e-01 2.139884233474731445e-01 2.142516970634460449e-01 1.552622318267822266e-01 2.143515348434448242e-01 9.395295381546020508e-02 2.134085297584533691e-01 2.145305275917053223e-01 2.145144939422607422e-01 1.698534488677978516e-01 2.059664726257324219e-01 1.435299515724182129e-01 2.017261385917663574e-01 2.293761968612670898e-01 2.100946307182312012e-01 2.017260193824768066e-01 1.604136824607849121e-01
7.132482528686523438e-02 8.373057097196578979e-02 1.120132729411125183e-01 1.170108243823051453e-01 6.130915880203247070e-02 1.120134517550468445e-01 1.019610092043876648e-01 1.019608899950981140e-01 1.194558665156364441e-01 1.152815744280815125e-01 1.173561736941337585e-01 1.197279021143913269e-01 1.077731177210807800e-01 7.590061426162719727e-02 9.395295381546020508e-02 0.000000000000000000e+00 9.849410504102706909e-02 1.176854893565177917e-01 1.200354620814323425e-01 1.202987357974052429e-01 6.130927801132202148e-02 1.203985735774040222e-01 0.000000000000000000e+00 1.194555684924125671e-01 1.205775663256645203e-01 1.205615326762199402e-01 7.590049505233764648e-02 1.120135113596916199e-01 4.957699775695800781e-02 1.077731773257255554e-01 1.354232430458068848e-01 1.161416694521903992e-01 1.077730581164360046e-01 6.646072864532470703e-02
2.716927975416183472e-02 1.476353406906127930e-02 1.351916790008544922e-02 1.851671934127807617e-02 3.718494623899459839e-02 1.351934671401977539e-02 3.466904163360595703e-03 3.466784954071044922e-03 2.096176147460937500e-02 1.678746938705444336e-02 1.886206865310668945e-02 2.123379707336425781e-02 9.279012680053710938e-03 2.259349077939987183e-02 1.924470663070678711e-01 9.849410504102706909e-02 0.000000000000000000e+00 1.919138431549072266e-02 2.154135704040527344e-02 2.180463075637817383e-02 3.718482702970504761e-02 2.190446853637695312e-02 9.849410504102706909e-02 2.096146345138549805e-02 2.208346128463745117e-02 2.206742763519287109e-02 2.259360998868942261e-02 1.351940631866455078e-02 4.891710728406906128e-02 9.279072284698486328e-03 3.692913055419921875e-02 1.764756441116333008e-02 9.278953075408935547e-03 3.203337639570236206e-02
4.636066406965255737e-02 3.395491838455200195e-02 5.672216415405273438e-03 6.746649742126464844e-04 5.637633055448532104e-02 5.672037601470947266e-03 1.572448015213012695e-02 1.572459936141967773e-02 1.770377159118652344e-03 2.403914928436279297e-03 3.293156623840332031e-04 2.042412757873535156e-03 9.912371635437011719e-03 4.178487509489059448e-02 2.116384506225585938e-01 1.176854893565177917e-01 1.919138431549072266e-02 0.000000000000000000e+00 2.349972724914550781e-03 2.613246440887451172e-03 5.637621134519577026e-02 2.713084220886230469e-03 1.176854893565177917e-01 1.770079135894775391e-03 2.892076969146728516e-03 2.876043319702148438e-03 4.178499430418014526e-02 5.671977996826171875e-03 6.810849159955978394e-02 9.912312030792236328e-03 1.773774623870849609e-02 1.543819904327392578e-03 9.912431240081787109e-03 5.122476071119308472e-02
4.871063679456710815e-02 3.630489110946655273e-02 8.022189140319824219e-03 3.024637699127197266e-03 5.872630327939987183e-02 8.022010326385498047e-03 1.807445287704467773e-02 1.807457208633422852e-02 5.795955657958984375e-04 4.753887653350830078e-03 2.679288387298583984e-03 3.075599670410156250e-04 1.226234436035156250e-02 4.413484781980514526e-02 2.139884233474731445e-01 1.200354620814323425e-01 2.154135704040527344e-02 2.349972724914550781e-03 0.000000000000000000e+00 2.632737159729003906e-04 5.872618407011032104e-02 3.631114959716796875e-04 1.200354620814323425e-01 5.798935890197753906e-04 5.421042442321777344e-04 5.260705947875976562e-04 4.413496702909469604e-02 8.021950721740722656e-03 7.045846432447433472e-02 1.226228475570678711e-02 1.538777351379394531e-02 3.893792629241943359e-03 1.226240396499633789e-02 5.357473343610763550e-02
4.897391051054000854e-02 3.656816482543945312e-02 8.285462856292724609e-03 3.287911415100097656e-03 5.898957699537277222e-02 8.285284042358398438e-03 1.833772659301757812e-02 1.833784580230712891e-02 8.428692817687988281e-04 5.017161369323730469e-03 2.942562103271484375e-03 5.708336830139160156e-04 1.252561807632446289e-02 4.439812153577804565e-02 2.142516970634460449e-01 1.202987357974052429e-01 2.180463075637817383e-02 2.613246440887451172e-03 2.632737159729003906e-04 0.000000000000000000e+00 5.898945778608322144e-02 9.983777999877929688e-05 1.202987357974052429e-01 8.431673049926757812e-04 2.788305282592773438e-04 2.627968788146972656e-04 4.439824074506759644e-02 8.285224437713623047e-03 7.072173804044723511e-02 1.252555847167968750e-02 1.512449979782104492e-02 4.157066345214843750e-03 1.252567768096923828e-02 5.383800715208053589e-02
1.001554727554321289e-02 2.242129296064376831e-02 5.070399492979049683e-02 5.570154637098312378e-02 1.192092895507812500e-07 5.070417374372482300e-02 4.065173119306564331e-02 4.065161198377609253e-02 5.814658850431442261e-02 5.397229641675949097e-02 5.604689568281173706e-02 5.841862410306930542e-02 4.646383970975875854e-02 1.459133625030517578e-02 1.552622318267822266e-01 6.130927801132202148e-02 3.718482702970504761e-02 5.637621134519577026e-02 5.872618407011032104e-02 5.898945778608322144e-02 0.000000000000000000e+00 5.908929556608200073e-02 6.130927801132202148e-02 5.814629048109054565e-02 5.926828831434249878e-02 5.925225466489791870e-02 1.459121704101562500e-02 5.070423334836959839e-02 1.173228025436401367e-02 4.646389931440353394e-02 7.411395758390426636e-02 5.483239144086837769e-02 4.646378010511398315e-02 5.151450634002685547e-03
4.907374829053878784e-02 3.666800260543823242e-02 8.385300636291503906e-03 3.387749195098876953e-03 5.908941477537155151e-02 8.385121822357177734e-03 1.843756437301635742e-02 1.843768358230590820e-02 9.427070617675781250e-04 5.116999149322509766e-03 3.042399883270263672e-03 6.706714630126953125e-04 1.262545585632324219e-02 4.449795931577682495e-02 2.143515348434448242e-01 1.203985735774040222e-01 2.190446853637695312e-02 2.713084220886230469e-03 3.631114959716796875e-04 9.983777999877929688e-05 5.908929556608200073e-02 0.000000000000000000e+00 1.203985735774040222e-01 9.430050849914550781e-04 1.789927482604980469e-04 1.629590988159179688e-04 4.449807852506637573e-02 8.385062217712402344e-03 7.082157582044601440e-02 1.262539625167846680e-02 1.502466201782226562e-02 4.256904125213623047e-03 1.262551546096801758e-02 5.393784493207931519e-02
7.132482528686523438e-02 8.373057097196578979e-02 1.120132729411125183e-01 1.170108243823051453e-01 6.130915880203247070e-02 1.120134517550468445e-01 1.019610092043876648e-01 1.019608899950981140e-01 1.194558665156364441e-01 1.152815744280815125e-01 1.173561736941337585e-01 1.197279021143913269e-01 1.077731177210807800e-01 7.590061426162719727e-02 9.395295381546020508e-02 0.000000000000000000e+00 9.849410504102706909e-02 1.176854893565177917e-01 1.200354620814323425e-01 1.202987357974052429e-01 6.130927801132202148e-02 1.203985735774040222e-01 0.000000000000000000e+00 1.194555684924125671e-01 1.205775663256645203e-01 1.205615326762199402e-01 7.590049505233764648e-02 1.120135113596916199e-01 4.957699775695800781e-02 1.077731773257255554e-01 1.354232430458068848e-01 1.161416694521903992e-01 1.077730581164360046e-01 6.646072864532470703e-02
4.813074320554733276e-02 3.572499752044677734e-02 7.442295551300048828e-03 2.444744110107421875e-03 5.814640969038009644e-02 7.442116737365722656e-03 1.749455928802490234e-02 1.749467849731445312e-02 2.980232238769531250e-07 4.173994064331054688e-03 2.099394798278808594e-03 2.723336219787597656e-04 1.168245077133178711e-02 4.355495423078536987e-02 2.134085297584533691e-01 1.194555684924125671e-01 2.096146345138549805e-02 1.770079135894775391e-03 5.798935890197753906e-04 8.431673049926757812e-04 5.814629048109054565e-02 9.430050849914550781e-04 1.194555684924125671e-01 0.000000000000000000e+00 1.121997833251953125e-03 1.105964183807373047e-03 4.355507344007492065e-02 7.442057132720947266e-03 6.987857073545455933e-02 1.168239116668701172e-02 1.596766710281372070e-02 3.313899040222167969e-03 1.168251037597656250e-02 5.299483984708786011e-02
4.925274103879928589e-02 3.684699535369873047e-02 8.564293384552001953e-03 3.566741943359375000e-03 5.926840752363204956e-02 8.564114570617675781e-03 1.861655712127685547e-02 1.861667633056640625e-02 1.121699810028076172e-03 5.295991897583007812e-03 3.221392631530761719e-03 8.496642112731933594e-04 1.280444860458374023e-02 4.467695206403732300e-02 2.145305275917053223e-01 1.205775663256645203e-01 2.208346128463745117e-02 2.892076969146728516e-03 5.421042442321777344e-04 2.788305282592773438e-04 5.926828831434249878e-02 1.789927482604980469e-04 1.205775663256645203e-01 1.121997833251953125e-03 0.000000000000000000e+00 1.603364944458007812e-05 4.467707127332687378e-02 8.564054965972900391e-03 7.100056856870651245e-02 1.280438899993896484e-02 1.484566926956176758e-02 4.435896873474121094e-03 1.280450820922851562e-02 5.411683768033981323e-02
4.923670738935470581e-02 3.683096170425415039e-02 8.548259735107421875e-03 3.550708293914794922e-03 5.925237387418746948e-02 8.548080921173095703e-03 1.860052347183227539e-02 1.860064268112182617e-02 1.105666160583496094e-03 5.279958248138427734e-03 3.205358982086181641e-03 8.336305618286132812e-04 1.278841495513916016e-02 4.466091841459274292e-02 2.145144939422607422e-01 1.205615326762199402e-01 2.206742763519287109e-02 2.876043319702148438e-03 5.260705947875976562e-04 2.627968788146972656e-04 5.925225466489791870e-02 1.629590988159179688e-04 1.205615326762199402e-01 1.105964183807373047e-03 1.603364944458007812e-05 0.000000000000000000e+00 4.466103762388229370e-02 8.548021316528320312e-03 7.098453491926193237e-02 1.278835535049438477e-02 1.486170291900634766e-02 4.419863224029541016e-03 1.278847455978393555e-02 5.410080403089523315e-02
4.575669765472412109e-03 7.830075919628143311e-03 3.611277788877487183e-02 4.111032932996749878e-02 1.459133625030517578e-02 3.611295670270919800e-02 2.606051415205001831e-02 2.606039494276046753e-02 4.355537146329879761e-02 3.938107937574386597e-02 4.145567864179611206e-02 4.382740706205368042e-02 3.187262266874313354e-02 1.192092895507812500e-07 1.698534488677978516e-01 7.590049505233764648e-02 2.259360998868942261e-02 4.178499430418014526e-02 4.413496702909469604e-02 4.439824074506759644e-02 1.459121704101562500e-02 4.449807852506637573e-02 7.590049505233764648e-02 4.355507344007492065e-02 4.467707127332687378e-02 4.466103762388229370e-02 0.000000000000000000e+00 3.611301630735397339e-02 2.632349729537963867e-02 3.187268227338790894e-02 5.952274054288864136e-02 4.024117439985275269e-02 3.187256306409835815e-02 9.439766407012939453e-03
4.068868607282638550e-02 2.828294038772583008e-02 2.384185791015625000e-07 4.997313022613525391e-03 5.070435255765914917e-02 5.960464477539062500e-08 1.005250215530395508e-02 1.005262136459350586e-02 7.442355155944824219e-03 3.268063068389892578e-03 5.342662334442138672e-03 7.714390754699707031e-03 4.240393638610839844e-03 3.611289709806442261e-02 2.059664726257324219e-01 1.120135113596916199e-01 1.351940631866455078e-02 5.671977996826171875e-03 8.021950721740722656e-03 8.285224437713623047e-03 5.070423334836959839e-02 8.385062217712402344e-03 1.120135113596916199e-01 7.442057132720947266e-03 8.564054965972900391e-03 8.548021316528320312e-03 3.611301630735397339e-02 0.000000000000000000e+00 6.243651360273361206e-02 4.240334033966064453e-03 2.340972423553466797e-02 4.128158092498779297e-03 4.240453243255615234e-03 4.555278271436691284e-02
2.174782752990722656e-02 3.415357321500778198e-02 6.243627518415451050e-02 6.743382662534713745e-02 1.173216104507446289e-02 6.243645399808883667e-02 5.238401144742965698e-02 5.238389223814010620e-02 6.987886875867843628e-02 6.570457667112350464e-02 6.777917593717575073e-02 7.015090435743331909e-02 5.819611996412277222e-02 2.632361650466918945e-02 1.435299515724182129e-01 4.957699775695800781e-02 4.891710728406906128e-02 6.810849159955978394e-02 7.045846432447433472e-02 7.072173804044723511e-02 1.173228025436401367e-02 7.082157582044601440e-02 4.957699775695800781e-02 6.987857073545455933e-02 7.100056856870651245e-02 7.098453491926193237e-02 2.632349729537963867e-02 6.243651360273361206e-02 0.000000000000000000e+00 5.819617956876754761e-02 8.584623783826828003e-02 6.656467169523239136e-02 5.819606035947799683e-02 1.688373088836669922e-02
3.644835203886032104e-02 2.404260635375976562e-02 4.240095615386962891e-03 9.237647056579589844e-03 4.646401852369308472e-02 4.240274429321289062e-03 5.812168121337890625e-03 5.812287330627441406e-03 1.168268918991088867e-02 7.508397102355957031e-03 9.582996368408203125e-03 1.195472478866577148e-02 5.960464477539062500e-08 3.187256306409835815e-02 2.017261385917663574e-01 1.077731773257255554e-01 9.279072284698486328e-03 9.912312030792236328e-03 1.226228475570678711e-02 1.252555847167968750e-02 4.646389931440353394e-02 1.262539625167846680e-02 1.077731773257255554e-01 1.168239116668701172e-02 1.280438899993896484e-02 1.278835535049438477e-02 3.187268227338790894e-02 4.240334033966064453e-03 5.819617956876754761e-02 0.000000000000000000e+00 2.765005826950073242e-02 8.368492126464843750e-03 1.192092895507812500e-07 4.131244868040084839e-02
6.409841030836105347e-02 5.169266462326049805e-02 2.340996265411376953e-02 1.841241121292114258e-02 7.411407679319381714e-02 2.340978384017944336e-02 3.346222639083862305e-02 3.346234560012817383e-02 1.596736907958984375e-02 2.014166116714477539e-02 1.806706190109252930e-02 1.569533348083496094e-02 2.765011787414550781e-02 5.952262133359909058e-02 2.293761968612670898e-01 1.354232430458068848e-01 3.692913055419921875e-02 1.773774623870849609e-02 1.538777351379394531e-02 1.512449979782104492e-02 7.411395758390426636e-02 1.502466201782226562e-02 1.354232430458068848e-01 1.596766710281372070e-02 1.484566926956176758e-02 1.486170291900634766e-02 5.952274054288864136e-02 2.340972423553466797e-02 8.584623783826828003e-02 2.765005826950073242e-02 0.000000000000000000e+00 1.928156614303588867e-02 2.765017747879028320e-02 6.896250694990158081e-02
4.481684416532516479e-02 3.241109848022460938e-02 4.128396511077880859e-03 8.691549301147460938e-04 5.483251065015792847e-02 4.128217697143554688e-03 1.418066024780273438e-02 1.418077945709228516e-02 3.314197063446044922e-03 8.600950241088867188e-04 1.214504241943359375e-03 3.586232662200927734e-03 8.368551731109619141e-03 4.024105519056320190e-02 2.100946307182312012e-01 1.161416694521903992e-01 1.764756441116333008e-02 1.543819904327392578e-03 3.893792629241943359e-03 4.157066345214843750e-03 5.483239144086837769e-02 4.256904125213623047e-03 1.161416694521903992e-01 3.313899040222167969e-03 4.435896873474121094e-03 4.419863224029541016e-03 4.024117439985275269e-02 4.128158092498779297e-03 6.656467169523239136e-02 8.368492126464843750e-03 1.928156614303588867e-02 0.000000000000000000e+00 8.368611335754394531e-03 4.968094080686569214e-02
3.644823282957077026e-02 2.404248714447021484e-02 4.240214824676513672e-03 9.237766265869140625e-03 4.646389931440353394e-02 4.240393638610839844e-03 5.812048912048339844e-03 5.812168121337890625e-03 1.168280839920043945e-02 7.508516311645507812e-03 9.583115577697753906e-03 1.195484399795532227e-02 5.960464477539062500e-08 3.187244385480880737e-02 2.017260193824768066e-01 1.077730581164360046e-01 9.278953075408935547e-03 9.912431240081787109e-03 1.226240396499633789e-02 1.252567768096923828e-02 4.646378010511398315e-02 1.262551546096801758e-02 1.077730581164360046e-01 1.168251037597656250e-02 1.280450820922851562e-02 1.278847455978393555e-02 3.187256306409835815e-02 4.240453243255615234e-03 5.819606035947799683e-02 1.192092895507812500e-07 2.765017747879028320e-02 8.368611335754394531e-03 0.000000000000000000e+00 4.131232947111129761e-02
4.864096641540527344e-03 1.726984232664108276e-02 4.555254429578781128e-02 5.055009573698043823e-02 5.151569843292236328e-03 4.555272310972213745e-02 3.550028055906295776e-02 3.550016134977340698e-02 5.299513787031173706e-02 4.882084578275680542e-02 5.089544504880905151e-02 5.326717346906661987e-02 4.131238907575607300e-02 9.439885616302490234e-03 1.604136824607849121e-01 6.646072864532470703e-02 3.203337639570236206e-02 5.122476071119308472e-02 5.357473343610763550e-02 5.383800715208053589e-02 5.151450634002685547e-03 5.393784493207931519e-02 6.646072864532470703e-02 5.299483984708786011e-02 5.411683768033981323e-02 5.410080403089523315e-02 9.439766407012939453e-03 4.555278271436691284e-02 1.688373088836669922e-02 4.131244868040084839e-02 6.896250694990158081e-02 4.968094080686569214e-02 4.131232947111129761e-02 0.000000000000000000e+00
