0.000000000000000000e+00 1.490783095359802246e-01 1.423836350440979004e-01 1.633157134056091309e-01 1.347787976264953613e-01 1.259663701057434082e-01 1.490784287452697754e-01 1.563282608985900879e-01 1.460298895835876465e-01 1.635544896125793457e-01 1.589138507843017578e-01 1.617282629013061523e-01 1.615766882896423340e-01 1.531330943107604980e-01 2.087479829788208008e-02 5.331021547317504883e-02 1.490784287452697754e-01 1.620770692825317383e-01 8.349686861038208008e-02 1.628565192222595215e-01 1.212775036692619324e-01 1.347786784172058105e-01 1.112387701869010925e-01 1.548597216606140137e-01 1.632317304611206055e-01 1.635547280311584473e-01 1.605396866798400879e-01 1.512030959129333496e-01 5.331015586853027344e-02 1.589139103889465332e-01 1.611885428428649902e-01 1.592749953269958496e-01 1.460300683975219727e-01 1.005484387278556824e-01
1.490783095359802246e-01 0.000000000000000000e+00 6.694674491882324219e-03 1.423740386962890625e-02 1.429951190948486328e-02 2.311193943023681641e-02 1.192092895507812500e-07 7.249951362609863281e-03 3.048419952392578125e-03 1.447618007659912109e-02 9.835541248321533203e-03 1.264995336532592773e-02 1.249837875366210938e-02 4.054784774780273438e-03 1.699531078338623047e-01 9.576808661222457886e-02 1.192092895507812500e-07 1.299875974655151367e-02 6.558143347501754761e-02 1.377820968627929688e-02 2.780079841613769531e-02 1.429963111877441406e-02 3.783953189849853516e-02 5.781412124633789062e-03 1.415342092514038086e-02 1.447641849517822266e-02 1.146137714385986328e-02 2.124786376953125000e-03 9.576814621686935425e-02 9.835600852966308594e-03 1.211023330688476562e-02 1.019668579101562500e-02 3.048241138458251953e-03 4.852986335754394531e-02
1.423836350440979004e-01 6.694674491882324219e-03 0.000000000000000000e+00 2.093207836151123047e-02 7.604837417602539062e-03 1.641726493835449219e-02 6.694793701171875000e-03 1.394462585449218750e-02 3.646254539489746094e-03 2.117085456848144531e-02 1.653021574020385742e-02 1.934462785720825195e-02 1.919305324554443359e-02 1.074945926666259766e-02 1.632584333419799805e-01 8.907341212034225464e-02 6.694793701171875000e-03 1.969343423843383789e-02 5.888675898313522339e-02 2.047288417816162109e-02 2.110612392425537109e-02 7.604956626892089844e-03 3.114485740661621094e-02 1.247608661651611328e-02 2.084809541702270508e-02 2.117109298706054688e-02 1.815605163574218750e-02 8.819460868835449219e-03 8.907347172498703003e-02 1.653027534484863281e-02 1.880490779876708984e-02 1.689136028289794922e-02 3.646433353424072266e-03 4.183518886566162109e-02
1.633157134056091309e-01 1.423740386962890625e-02 2.093207836151123047e-02 0.000000000000000000e+00 2.853691577911376953e-02 3.734934329986572266e-02 1.423728466033935547e-02 6.987452507019042969e-03 1.728582382202148438e-02 2.387762069702148438e-04 4.401862621307373047e-03 1.587450504302978516e-03 1.739025115966796875e-03 1.018261909484863281e-02 1.841905117034912109e-01 1.100054904818534851e-01 1.423728466033935547e-02 1.238644123077392578e-03 7.981883734464645386e-02 4.591941833496093750e-04 4.203820228576660156e-02 2.853703498840332031e-02 5.207693576812744141e-02 8.455991744995117188e-03 8.398294448852539062e-05 2.390146255493164062e-04 2.776026725769042969e-03 1.211261749267578125e-02 1.100055500864982605e-01 4.401803016662597656e-03 2.127170562744140625e-03 4.040718078613281250e-03 1.728564500808715820e-02 6.276726722717285156e-02
1.347787976264953613e-01 1.429951190948486328e-02 7.604837417602539062e-03 2.853691577911376953e-02 0.000000000000000000e+00 8.812427520751953125e-03 1.429963111877441406e-02 2.154946327209472656e-02 1.125109195709228516e-02 2.877569198608398438e-02 2.413505315780639648e-02 2.694946527481079102e-02 2.679789066314697266e-02 1.835429668426513672e-02 1.556535959243774414e-01 8.146857470273971558e-02 1.429963111877441406e-02 2.729827165603637695e-02 5.128192156553268433e-02 2.807772159576416016e-02 1.350128650665283203e-02 1.192092895507812500e-07 2.354001998901367188e-02 2.008092403411865234e-02 2.845293283462524414e-02 2.877593040466308594e-02 2.576088905334472656e-02 1.642429828643798828e-02 8.146863430738449097e-02 2.413511276245117188e-02 2.640974521636962891e-02 2.449619770050048828e-02 1.125127077102661133e-02 3.423035144805908203e-02
1.259663701057434082e-01 2.311193943023681641e-02 1.641726493835449219e-02 3.734934329986572266e-02 8.812427520751953125e-03 0.000000000000000000e+00 2.311205863952636719e-02 3.036189079284667969e-02 2.006351947784423828e-02 3.758811950683593750e-02 3.294748067855834961e-02 3.576189279556274414e-02 3.561031818389892578e-02 2.716672420501708984e-02 1.468411684036254883e-01 7.265614718198776245e-02 2.311205863952636719e-02 3.611069917678833008e-02 4.246949404478073120e-02 3.689014911651611328e-02 4.688858985900878906e-03 8.812308311462402344e-03 1.472759246826171875e-02 2.889335155487060547e-02 3.726536035537719727e-02 3.758835792541503906e-02 3.457331657409667969e-02 2.523672580718994141e-02 7.265620678663253784e-02 3.294754028320312500e-02 3.522217273712158203e-02 3.330862522125244141e-02 2.006369829177856445e-02 2.541792392730712891e-02
1.490784287452697754e-01 1.192092895507812500e-07 6.694793701171875000e-03 1.423728466033935547e-02 1.429963111877441406e-02 2.311205863952636719e-02 0.000000000000000000e+00 7.249832153320312500e-03 3.048539161682128906e-03 1.447606086730957031e-02 9.835422039031982422e-03 1.264983415603637695e-02 1.249825954437255859e-02 4.054665565490722656e-03 1.699532270431518555e-01 9.576820582151412964e-02 0.000000000000000000e+00 1.299864053726196289e-02 6.558155268430709839e-02 1.377809047698974609e-02 2.780091762542724609e-02 1.429975032806396484e-02 3.783965110778808594e-02 5.781292915344238281e-03 1.415330171585083008e-02 1.447629928588867188e-02 1.146125793457031250e-02 2.124667167663574219e-03 9.576826542615890503e-02 9.835481643676757812e-03 1.211011409759521484e-02 1.019656658172607422e-02 3.048360347747802734e-03 4.852998256683349609e-02
1.563282608985900879e-01 7.249951362609863281e-03 1.394462585449218750e-02 6.987452507019042969e-03 2.154946327209472656e-02 3.036189079284667969e-02 7.249832153320312500e-03 0.000000000000000000e+00 1.029837131500244141e-02 7.226228713989257812e-03 2.585589885711669922e-03 5.400002002716064453e-03 5.248427391052246094e-03 3.195166587829589844e-03 1.772030591964721680e-01 1.030180379748344421e-01 7.249832153320312500e-03 5.748808383941650391e-03 7.283138483762741089e-02 6.528258323669433594e-03 3.505074977874755859e-02 2.154958248138427734e-02 4.508948326110839844e-02 1.468539237976074219e-03 6.903469562530517578e-03 7.226467132568359375e-03 4.211425781250000000e-03 5.125164985656738281e-03 1.030180975794792175e-01 2.585649490356445312e-03 4.860281944274902344e-03 2.946734428405761719e-03 1.029819250106811523e-02 5.577981472015380859e-02
1.460298895835876465e-01 3.048419952392578125e-03 3.646254539489746094e-03 1.728582382202148438e-02 1.125109195709228516e-02 2.006351947784423828e-02 3.048539161682128906e-03 1.029837131500244141e-02 0.000000000000000000e+00 1.752460002899169922e-02 1.288396120071411133e-02 1.569837331771850586e-02 1.554679870605468750e-02 7.103204727172851562e-03 1.669046878814697266e-01 9.271966665983200073e-02 3.048539161682128906e-03 1.604717969894409180e-02 6.253301352262496948e-02 1.682662963867187500e-02 2.475237846374511719e-02 1.125121116638183594e-02 3.479111194610595703e-02 8.829832077026367188e-03 1.720184087753295898e-02 1.752483844757080078e-02 1.450979709625244141e-02 5.173206329345703125e-03 9.271972626447677612e-02 1.288402080535888672e-02 1.515865325927734375e-02 1.324510574340820312e-02 1.788139343261718750e-07 4.548144340515136719e-02
1.635544896125793457e-01 1.447618007659912109e-02 2.117085456848144531e-02 2.387762069702148438e-04 2.877569198608398438e-02 3.758811950683593750e-02 1.447606086730957031e-02 7.226228713989257812e-03 1.752460002899169922e-02 0.000000000000000000e+00 4.640638828277587891e-03 1.826226711273193359e-03 1.977801322937011719e-03 1.042139530181884766e-02 1.844292879104614258e-01 1.102442666888237000e-01 1.447606086730957031e-02 1.477420330047607422e-03 8.005761355161666870e-02 6.979703903198242188e-04 4.227697849273681641e-02 2.877581119537353516e-02 5.231571197509765625e-02 8.694767951965332031e-03 3.227591514587402344e-04 2.384185791015625000e-07 3.014802932739257812e-03 1.235139369964599609e-02 1.102443262934684753e-01 4.640579223632812500e-03 2.365946769714355469e-03 4.279494285583496094e-03 1.752442121505737305e-02 6.300604343414306641e-02
1.589138507843017578e-01 9.835541248321533203e-03 1.653021574020385742e-02 4.401862621307373047e-03 2.413505315780639648e-02 3.294748067855834961e-02 9.835422039031982422e-03 2.585589885711669922e-03 1.288396120071411133e-02 4.640638828277587891e-03 0.000000000000000000e+00 2.814412117004394531e-03 2.662837505340576172e-03 5.780756473541259766e-03 1.797886490821838379e-01 1.056036278605461121e-01 9.835422039031982422e-03 3.163218498229980469e-03 7.541697472333908081e-02 3.942668437957763672e-03 3.763633966445922852e-02 2.413517236709594727e-02 4.767507314682006836e-02 4.054129123687744141e-03 4.317879676818847656e-03 4.640877246856689453e-03 1.625835895538330078e-03 7.710754871368408203e-03 1.056036874651908875e-01 5.960464477539062500e-08 2.274692058563232422e-03 3.611445426940917969e-04 1.288378238677978516e-02 5.836540460586547852e-02
1.617282629013061523e-01 1.264995336532592773e-02 1.934462785720825195e-02 1.587450504302978516e-03 2.694946527481079102e-02 3.576189279556274414e-02 1.264983415603637695e-02 5.400002002716064453e-03 1.569837331771850586e-02 1.826226711273193359e-03 2.814412117004394531e-03 0.000000000000000000e+00 1.515746116638183594e-04 8.595168590545654297e-03 1.826030611991882324e-01 1.084180399775505066e-01 1.264983415603637695e-02 3.488063812255859375e-04 7.823138684034347534e-02 1.128256320953369141e-03 4.045075178146362305e-02 2.694958448410034180e-02 5.048948526382446289e-02 6.868541240692138672e-03 1.503467559814453125e-03 1.826465129852294922e-03 1.188576221466064453e-03 1.052516698837280273e-02 1.084180995821952820e-01 2.814352512359619141e-03 5.397200584411621094e-04 2.453267574310302734e-03 1.569819450378417969e-02 6.117981672286987305e-02
1.615766882896423340e-01 1.249837875366210938e-02 1.919305324554443359e-02 1.739025115966796875e-03 2.679789066314697266e-02 3.561031818389892578e-02 1.249825954437255859e-02 5.248427391052246094e-03 1.554679870605468750e-02 1.977801322937011719e-03 2.662837505340576172e-03 1.515746116638183594e-04 0.000000000000000000e+00 8.443593978881835938e-03 1.824514865875244141e-01 1.082664653658866882e-01 1.249825954437255859e-02 5.003809928894042969e-04 7.807981222867965698e-02 1.279830932617187500e-03 4.029917716979980469e-02 2.679800987243652344e-02 5.033791065216064453e-02 6.716966629028320312e-03 1.655042171478271484e-03 1.978039741516113281e-03 1.037001609802246094e-03 1.037359237670898438e-02 1.082665249705314636e-01 2.662777900695800781e-03 3.881454467773437500e-04 2.301692962646484375e-03 1.554661989212036133e-02 6.102824211120605469e-02
1.531330943107604980e-01 4.054784774780273438e-03 1.074945926666259766e-02 1.018261909484863281e-02 1.835429668426513672e-02 2.716672420501708984e-02 4.054665565490722656e-03 3.195166587829589844e-03 7.103204727172851562e-03 1.042139530181884766e-02 5.780756473541259766e-03 8.595168590545654297e-03 8.443593978881835938e-03 0.000000000000000000e+00 1.740078926086425781e-01 9.982287138700485229e-02 4.054665565490722656e-03 8.943974971771240234e-03 6.963621824979782104e-02 9.723424911499023438e-03 3.185558319091796875e-02 1.835441589355468750e-02 4.189431667327880859e-02 1.726627349853515625e-03 1.009863615036010742e-02 1.042163372039794922e-02 7.406592369079589844e-03 1.929998397827148438e-03 9.982293099164962769e-02 5.780816078186035156e-03 8.055448532104492188e-03 6.141901016235351562e-03 7.103025913238525391e-03 5.258464813232421875e-02
2.087479829788208008e-02 1.699531078338623047e-01 1.632584333419799805e-01 1.841905117034912109e-01 1.556535959243774414e-01 1.468411684036254883e-01 1.699532270431518555e-01 1.772030591964721680e-01 1.669046878814697266e-01 1.844292879104614258e-01 1.797886490821838379e-01 1.826030611991882324e-01 1.824514865875244141e-01 1.740078926086425781e-01 0.000000000000000000e+00 7.418501377105712891e-02 1.699532270431518555e-01 1.829518675804138184e-01 1.043716669082641602e-01 1.837313175201416016e-01 1.421523094177246094e-01 1.556534767150878906e-01 1.321135759353637695e-01 1.757345199584960938e-01 1.841065287590026855e-01 1.844295263290405273e-01 1.814144849777221680e-01 1.720778942108154297e-01 7.418495416641235352e-02 1.797887086868286133e-01 1.820633411407470703e-01 1.801497936248779297e-01 1.669048666954040527e-01 1.214232370257377625e-01
5.331021547317504883e-02 9.576808661222457886e-02 8.907341212034225464e-02 1.100054904818534851e-01 8.146857470273971558e-02 7.265614718198776245e-02 9.576820582151412964e-02 1.030180379748344421e-01 9.271966665983200073e-02 1.102442666888237000e-01 1.056036278605461121e-01 1.084180399775505066e-01 1.082664653658866882e-01 9.982287138700485229e-02 7.418501377105712891e-02 0.000000000000000000e+00 9.576820582151412964e-02 1.087668463587760925e-01 3.018665313720703125e-02 1.095462962985038757e-01 6.796728819608688354e-02 8.146845549345016479e-02 5.792855471372604370e-02 1.015494987368583679e-01 1.099215075373649597e-01 1.102445051074028015e-01 1.072294637560844421e-01 9.789287298917770386e-02 5.960464477539062500e-08 1.056036874651908875e-01 1.078783199191093445e-01 1.059647724032402039e-01 9.271984547376632690e-02 4.723822325468063354e-02
1.490784287452697754e-01 1.192092895507812500e-07 6.694793701171875000e-03 1.423728466033935547e-02 1.429963111877441406e-02 2.311205863952636719e-02 0.000000000000000000e+00 7.249832153320312500e-03 3.048539161682128906e-03 1.447606086730957031e-02 9.835422039031982422e-03 1.264983415603637695e-02 1.249825954437255859e-02 4.054665565490722656e-03 1.699532270431518555e-01 9.576820582151412964e-02 0.000000000000000000e+00 1.299864053726196289e-02 6.558155268430709839e-02 1.377809047698974609e-02 2.780091762542724609e-02 1.429975032806396484e-02 3.783965110778808594e-02 5.781292915344238281e-03 1.415330171585083008e-02 1.447629928588867188e-02 1.146125793457031250e-02 2.124667167663574219e-03 9.576826542615890503e-02 9.835481643676757812e-03 1.211011409759521484e-02 1.019656658172607422e-02 3.048360347747802734e-03 4.852998256683349609e-02
1.620770692825317383e-01 1.299875974655151367e-02 1.969343423843383789e-02 1.238644123077392578e-03 2.729827165603637695e-02 3.611069917678833008e-02 1.299864053726196289e-02 5.748808383941650391e-03 1.604717969894409180e-02 1.477420330047607422e-03 3.163218498229980469e-03 3.488063812255859375e-04 5.003809928894042969e-04 8.943974971771240234e-03 1.829518675804138184e-01 1.087668463587760925e-01 1.299864053726196289e-02 0.000000000000000000e+00 7.858019322156906128e-02 7.794499397277832031e-04 4.079955816268920898e-02 2.729839086532592773e-02 5.083829164505004883e-02 7.217347621917724609e-03 1.154661178588867188e-03 1.477658748626708984e-03 1.537382602691650391e-03 1.087397336959838867e-02 1.087669059634208679e-01 3.163158893585205078e-03 8.885264396667480469e-04 2.802073955535888672e-03 1.604700088500976562e-02 6.152862310409545898e-02
8.349686861038208008e-02 6.558143347501754761e-02 5.888675898313522339e-02 7.981883734464645386e-02 5.128192156553268433e-02 4.246949404478073120e-02 6.558155268430709839e-02 7.283138483762741089e-02 6.253301352262496948e-02 8.005761355161666870e-02 7.541697472333908081e-02 7.823138684034347534e-02 7.807981222867965698e-02 6.963621824979782104e-02 1.043716669082641602e-01 3.018665313720703125e-02 6.558155268430709839e-02 7.858019322156906128e-02 0.000000000000000000e+00 7.935964316129684448e-02 3.778063505887985229e-02 5.128180235624313354e-02 2.774190157651901245e-02 7.136284559965133667e-02 7.973485440015792847e-02 8.005785197019577026e-02 7.704281061887741089e-02 6.770621985197067261e-02 3.018671274185180664e-02 7.541703432798385620e-02 7.769166678190231323e-02 7.577811926603317261e-02 6.253319233655929565e-02 1.705157011747360229e-02
1.628565192222595215e-01 1.377820968627929688e-02 2.047288417816162109e-02 4.591941833496093750e-04 2.807772159576416016e-02 3.689014911651611328e-02 1.377809047698974609e-02 6.528258323669433594e-03 1.682662963867187500e-02 6.979703903198242188e-04 3.942668437957763672e-03 1.128256320953369141e-03 1.279830932617187500e-03 9.723424911499023438e-03 1.837313175201416016e-01 1.095462962985038757e-01 1.377809047698974609e-02 7.794499397277832031e-04 7.935964316129684448e-02 0.000000000000000000e+00 4.157900810241699219e-02 2.807784080505371094e-02 5.161774158477783203e-02 7.996797561645507812e-03 3.752112388610839844e-04 6.982088088989257812e-04 2.316832542419433594e-03 1.165342330932617188e-02 1.095463559031486511e-01 3.942608833312988281e-03 1.667976379394531250e-03 3.581523895263671875e-03 1.682645082473754883e-02 6.230807304382324219e-02
1.212775036692619324e-01 2.780079841613769531e-02 2.110612392425537109e-02 4.203820228576660156e-02 1.350128650665283203e-02 4.688858985900878906e-03 2.780091762542724609e-02 3.505074977874755859e-02 2.475237846374511719e-02 4.227697849273681641e-02 3.763633966445922852e-02 4.045075178146362305e-02 4.029917716979980469e-02 3.185558319091796875e-02 1.421523094177246094e-01 6.796728819608688354e-02 2.780091762542724609e-02 4.079955816268920898e-02 3.778063505887985229e-02 4.157900810241699219e-02 0.000000000000000000e+00 1.350116729736328125e-02 1.003873348236083984e-02 3.358221054077148438e-02 4.195421934127807617e-02 4.227721691131591797e-02 3.926217555999755859e-02 2.992558479309082031e-02 6.796734780073165894e-02 3.763639926910400391e-02 3.991103172302246094e-02 3.799748420715332031e-02 2.475255727767944336e-02 2.072906494140625000e-02
1.347786784172058105e-01 1.429963111877441406e-02 7.604956626892089844e-03 2.853703498840332031e-02 1.192092895507812500e-07 8.812308311462402344e-03 1.429975032806396484e-02 2.154958248138427734e-02 1.125121116638183594e-02 2.877581119537353516e-02 2.413517236709594727e-02 2.694958448410034180e-02 2.679800987243652344e-02 1.835441589355468750e-02 1.556534767150878906e-01 8.146845549345016479e-02 1.429975032806396484e-02 2.729839086532592773e-02 5.128180235624313354e-02 2.807784080505371094e-02 1.350116729736328125e-02 0.000000000000000000e+00 2.353990077972412109e-02 2.008104324340820312e-02 2.845305204391479492e-02 2.877604961395263672e-02 2.576100826263427734e-02 1.642441749572753906e-02 8.146851509809494019e-02 2.413523197174072266e-02 2.640986442565917969e-02 2.449631690979003906e-02 1.125138998031616211e-02 3.423023223876953125e-02
1.112387701869010925e-01 3.783953189849853516e-02 3.114485740661621094e-02 5.207693576812744141e-02 2.354001998901367188e-02 1.472759246826171875e-02 3.783965110778808594e-02 4.508948326110839844e-02 3.479111194610595703e-02 5.231571197509765625e-02 4.767507314682006836e-02 5.048948526382446289e-02 5.033791065216064453e-02 4.189431667327880859e-02 1.321135759353637695e-01 5.792855471372604370e-02 3.783965110778808594e-02 5.083829164505004883e-02 2.774190157651901245e-02 5.161774158477783203e-02 1.003873348236083984e-02 2.353990077972412109e-02 0.000000000000000000e+00 4.362094402313232422e-02 5.199295282363891602e-02 5.231595039367675781e-02 4.930090904235839844e-02 3.996431827545166016e-02 5.792861431837081909e-02 4.767513275146484375e-02 4.994976520538330078e-02 4.803621768951416016e-02 3.479129076004028320e-02 1.069033145904541016e-02
1.548597216606140137e-01 5.781412124633789062e-03 1.247608661651611328e-02 8.455991744995117188e-03 2.008092403411865234e-02 2.889335155487060547e-02 5.781292915344238281e-03 1.468539237976074219e-03 8.829832077026367188e-03 8.694767951965332031e-03 4.054129123687744141e-03 6.868541240692138672e-03 6.716966629028320312e-03 1.726627349853515625e-03 1.757345199584960938e-01 1.015494987368583679e-01 5.781292915344238281e-03 7.217347621917724609e-03 7.136284559965133667e-02 7.996797561645507812e-03 3.358221054077148438e-02 2.008104324340820312e-02 4.362094402313232422e-02 0.000000000000000000e+00 8.372008800506591797e-03 8.695006370544433594e-03 5.679965019226074219e-03 3.656625747680664062e-03 1.015495583415031433e-01 4.054188728332519531e-03 6.328821182250976562e-03 4.415273666381835938e-03 8.829653263092041016e-03 5.431127548217773438e-02
1.632317304611206055e-01 1.415342092514038086e-02 2.084809541702270508e-02 8.398294448852539062e-05 2.845293283462524414e-02 3.726536035537719727e-02 1.415330171585083008e-02 6.903469562530517578e-03 1.720184087753295898e-02 3.227591514587402344e-04 4.317879676818847656e-03 1.503467559814453125e-03 1.655042171478271484e-03 1.009863615036010742e-02 1.841065287590026855e-01 1.099215075373649597e-01 1.415330171585083008e-02 1.154661178588867188e-03 7.973485440015792847e-02 3.752112388610839844e-04 4.195421934127807617e-02 2.845305204391479492e-02 5.199295282363891602e-02 8.372008800506591797e-03 0.000000000000000000e+00 3.229975700378417969e-04 2.692043781280517578e-03 1.202863454818725586e-02 1.099215671420097351e-01 4.317820072174072266e-03 2.043187618255615234e-03 3.956735134124755859e-03 1.720166206359863281e-02 6.268328428268432617e-02
1.635547280311584473e-01 1.447641849517822266e-02 2.117109298706054688e-02 2.390146255493164062e-04 2.877593040466308594e-02 3.758835792541503906e-02 1.447629928588867188e-02 7.226467132568359375e-03 1.752483844757080078e-02 2.384185791015625000e-07 4.640877246856689453e-03 1.826465129852294922e-03 1.978039741516113281e-03 1.042163372039794922e-02 1.844295263290405273e-01 1.102445051074028015e-01 1.447629928588867188e-02 1.477658748626708984e-03 8.005785197019577026e-02 6.982088088989257812e-04 4.227721691131591797e-02 2.877604961395263672e-02 5.231595039367675781e-02 8.695006370544433594e-03 3.229975700378417969e-04 0.000000000000000000e+00 3.015041351318359375e-03 1.235163211822509766e-02 1.102445647120475769e-01 4.640817642211914062e-03 2.366185188293457031e-03 4.279732704162597656e-03 1.752465963363647461e-02 6.300628185272216797e-02
1.605396866798400879e-01 1.146137714385986328e-02 1.815605163574218750e-02 2.776026725769042969e-03 2.576088905334472656e-02 3.457331657409667969e-02 1.146125793457031250e-02 4.211425781250000000e-03 1.450979709625244141e-02 3.014802932739257812e-03 1.625835895538330078e-03 1.188576221466064453e-03 1.037001609802246094e-03 7.406592369079589844e-03 1.814144849777221680e-01 1.072294637560844421e-01 1.146125793457031250e-02 1.537382602691650391e-03 7.704281061887741089e-02 2.316832542419433594e-03 3.926217555999755859e-02 2.576100826263427734e-02 4.930090904235839844e-02 5.679965019226074219e-03 2.692043781280517578e-03 3.015041351318359375e-03 0.000000000000000000e+00 9.336590766906738281e-03 1.072295233607292175e-01 1.625776290893554688e-03 6.488561630249023438e-04 1.264691352844238281e-03 1.450961828231811523e-02 5.999124050140380859e-02
1.512030959129333496e-01 2.124786376953125000e-03 8.819460868835449219e-03 1.211261749267578125e-02 1.642429828643798828e-02 2.523672580718994141e-02 2.124667167663574219e-03 5.125164985656738281e-03 5.173206329345703125e-03 1.235139369964599609e-02 7.710754871368408203e-03 1.052516698837280273e-02 1.037359237670898438e-02 1.929998397827148438e-03 1.720778942108154297e-01 9.789287298917770386e-02 2.124667167663574219e-03 1.087397336959838867e-02 6.770621985197067261e-02 1.165342330932617188e-02 2.992558479309082031e-02 1.642441749572753906e-02 3.996431827545166016e-02 3.656625747680664062e-03 1.202863454818725586e-02 1.235163211822509766e-02 9.336590766906738281e-03 0.000000000000000000e+00 9.789293259382247925e-02 7.710814476013183594e-03 9.985446929931640625e-03 8.071899414062500000e-03 5.173027515411376953e-03 5.065464973449707031e-02
5.331015586853027344e-02 9.576814621686935425e-02 8.907347172498703003e-02 1.100055500864982605e-01 8.146863430738449097e-02 7.265620678663253784e-02 9.576826542615890503e-02 1.030180975794792175e-01 9.271972626447677612e-02 1.102443262934684753e-01 1.056036874651908875e-01 1.084180995821952820e-01 1.082665249705314636e-01 9.982293099164962769e-02 7.418495416641235352e-02 5.960464477539062500e-08 9.576826542615890503e-02 1.087669059634208679e-01 3.018671274185180664e-02 1.095463559031486511e-01 6.796734780073165894e-02 8.146851509809494019e-02 5.792861431837081909e-02 1.015495583415031433e-01 1.099215671420097351e-01 1.102445647120475769e-01 1.072295233607292175e-01 9.789293259382247925e-02 0.000000000000000000e+00 1.056037470698356628e-01 1.078783795237541199e-01 1.059648320078849792e-01 9.271990507841110229e-02 4.723828285932540894e-02
1.589139103889465332e-01 9.835600852966308594e-03 1.653027534484863281e-02 4.401803016662597656e-03 2.413511276245117188e-02 3.294754028320312500e-02 9.835481643676757812e-03 2.585649490356445312e-03 1.288402080535888672e-02 4.640579223632812500e-03 5.960464477539062500e-08 2.814352512359619141e-03 2.662777900695800781e-03 5.780816078186035156e-03 1.797887086868286133e-01 1.056036874651908875e-01 9.835481643676757812e-03 3.163158893585205078e-03 7.541703432798385620e-02 3.942608833312988281e-03 3.763639926910400391e-02 2.413523197174072266e-02 4.767513275146484375e-02 4.054188728332519531e-03 4.317820072174072266e-03 4.640817642211914062e-03 1.625776290893554688e-03 7.710814476013183594e-03 1.056037470698356628e-01 0.000000000000000000e+00 2.274632453918457031e-03 3.610849380493164062e-04 1.288384199142456055e-02 5.836546421051025391e-02
1.611885428428649902e-01 1.211023330688476562e-02 1.880490779876708984e-02 2.127170562744140625e-03 2.640974521636962891e-02 3.522217273712158203e-02 1.211011409759521484e-02 4.860281944274902344e-03 1.515865325927734375e-02 2.365946769714355469e-03 2.274692058563232422e-03 5.397200584411621094e-04 3.881454467773437500e-04 8.055448532104492188e-03 1.820633411407470703e-01 1.078783199191093445e-01 1.211011409759521484e-02 8.885264396667480469e-04 7.769166678190231323e-02 1.667976379394531250e-03 3.991103172302246094e-02 2.640986442565917969e-02 4.994976520538330078e-02 6.328821182250976562e-03 2.043187618255615234e-03 2.366185188293457031e-03 6.488561630249023438e-04 9.985446929931640625e-03 1.078783795237541199e-01 2.274632453918457031e-03 0.000000000000000000e+00 1.913547515869140625e-03 1.515847444534301758e-02 6.064009666442871094e-02
1.592749953269958496e-01 1.019668579101562500e-02 1.689136028289794922e-02 4.040718078613281250e-03 2.449619770050048828e-02 3.330862522125244141e-02 1.019656658172607422e-02 2.946734428405761719e-03 1.324510574340820312e-02 4.279494285583496094e-03 3.611445426940917969e-04 2.453267574310302734e-03 2.301692962646484375e-03 6.141901016235351562e-03 1.801497936248779297e-01 1.059647724032402039e-01 1.019656658172607422e-02 2.802073955535888672e-03 7.577811926603317261e-02 3.581523895263671875e-03 3.799748420715332031e-02 2.449631690979003906e-02 4.803621768951416016e-02 4.415273666381835938e-03 3.956735134124755859e-03 4.279732704162597656e-03 1.264691352844238281e-03 8.071899414062500000e-03 1.059648320078849792e-01 3.610849380493164062e-04 1.913547515869140625e-03 0.000000000000000000e+00 1.324492692947387695e-02 5.872654914855957031e-02
1.460300683975219727e-01 3.048241138458251953e-03 3.646433353424072266e-03 1.728564500808715820e-02 1.125127077102661133e-02 2.006369829177856445e-02 3.048360347747802734e-03 1.029819250106811523e-02 1.788139343261718750e-07 1.752442121505737305e-02 1.288378238677978516e-02 1.569819450378417969e-02 1.554661989212036133e-02 7.103025913238525391e-03 1.669048666954040527e-01 9.271984547376632690e-02 3.048360347747802734e-03 1.604700088500976562e-02 6.253319233655929565e-02 1.682645082473754883e-02 2.475255727767944336e-02 1.125138998031616211e-02 3.479129076004028320e-02 8.829653263092041016e-03 1.720166206359863281e-02 1.752465963363647461e-02 1.450961828231811523e-02 5.173027515411376953e-03 9.271990507841110229e-02 1.288384199142456055e-02 1.515847444534301758e-02 1.324492692947387695e-02 0.000000000000000000e+00 4.548162221908569336e-02
1.005484387278556824e-01 4.852986335754394531e-02 4.183518886566162109e-02 6.276726722717285156e-02 3.423035144805908203e-02 2.541792392730712891e-02 4.852998256683349609e-02 5.577981472015380859e-02 4.548144340515136719e-02 6.300604343414306641e-02 5.836540460586547852e-02 6.117981672286987305e-02 6.102824211120605469e-02 5.258464813232421875e-02 1.214232370257377625e-01 4.723822325468063354e-02 4.852998256683349609e-02 6.152862310409545898e-02 1.705157011747360229e-02 6.230807304382324219e-02 2.072906494140625000e-02 3.423023223876953125e-02 1.069033145904541016e-02 5.431127548217773438e-02 6.268328428268432617e-02 6.300628185272216797e-02 5.999124050140380859e-02 5.065464973449707031e-02 4.723828285932540894e-02 5.836546421051025391e-02 6.064009666442871094e-02 5.872654914855957031e-02 4.548162221908569336e-02 0.000000000000000000e+00
