0.000000000000000000e+00 1.511158943176269531e-01 1.638934016227722168e-01 2.155918478965759277e-01 8.418267965316772461e-02 2.026896476745605469e-01 1.836608052253723145e-01 2.074124217033386230e-01 2.117114663124084473e-01 2.150327563285827637e-01 2.097437381744384766e-01 2.149428129196166992e-01 2.043606638908386230e-01 1.982350945472717285e-01 1.931050419807434082e-01 1.196868419647216797e-01 1.874449253082275391e-01 2.161707282066345215e-01 2.074123620986938477e-01 2.152173519134521484e-01 1.555725336074829102e-01 1.874448657035827637e-01 1.082803606986999512e-01 1.874448657035827637e-01 2.137784361839294434e-01 2.152172923088073730e-01 2.026895880699157715e-01 2.074124813079833984e-01 7.788330316543579102e-02 1.958165168762207031e-01 2.152172327041625977e-01 2.151055932044982910e-01 1.412725448608398438e-01 1.463611125946044922e-01
1.511158943176269531e-01 0.000000000000000000e+00 1.277750730514526367e-02 6.447595357894897461e-02 6.693321466445922852e-02 5.157375335693359375e-02 3.254491090774536133e-02 5.629652738571166992e-02 6.059557199478149414e-02 6.391686201095581055e-02 5.862784385681152344e-02 6.382691860198974609e-02 5.324476957321166992e-02 4.711920022964477539e-02 4.198914766311645508e-02 3.142905235290527344e-02 3.632903099060058594e-02 6.505483388900756836e-02 5.629646778106689453e-02 6.410145759582519531e-02 4.456639289855957031e-03 3.632897138595581055e-02 4.283553361892700195e-02 3.632897138595581055e-02 6.266254186630249023e-02 6.410139799118041992e-02 5.157369375228881836e-02 5.629658699035644531e-02 7.323259115219116211e-02 4.470062255859375000e-02 6.410133838653564453e-02 6.398969888687133789e-02 9.843349456787109375e-03 4.754781723022460938e-03
1.638934016227722168e-01 1.277750730514526367e-02 0.000000000000000000e+00 5.169844627380371094e-02 7.971072196960449219e-02 3.879624605178833008e-02 1.976740360260009766e-02 4.351902008056640625e-02 4.781806468963623047e-02 5.113935470581054688e-02 4.585033655166625977e-02 5.104941129684448242e-02 4.046726226806640625e-02 3.434169292449951172e-02 2.921164035797119141e-02 4.420655965805053711e-02 2.355152368545532227e-02 5.227732658386230469e-02 4.351896047592163086e-02 5.132395029067993164e-02 8.320868015289306641e-03 2.355146408081054688e-02 5.561304092407226562e-02 2.355146408081054688e-02 4.988503456115722656e-02 5.132389068603515625e-02 3.879618644714355469e-02 4.351907968521118164e-02 8.601009845733642578e-02 3.192311525344848633e-02 5.132383108139038086e-02 5.121219158172607422e-02 2.262085676193237305e-02 1.753228902816772461e-02
2.155918478965759277e-01 6.447595357894897461e-02 5.169844627380371094e-02 0.000000000000000000e+00 1.314091682434082031e-01 1.290220022201538086e-02 3.193104267120361328e-02 8.179426193237304688e-03 3.880381584167480469e-03 5.590915679931640625e-04 5.848109722137451172e-03 6.490349769592285156e-04 1.123118400573730469e-02 1.735675334930419922e-02 2.248680591583251953e-02 9.590500593185424805e-02 2.814692258834838867e-02 5.788803100585937500e-04 8.179485797882080078e-03 3.744959831237792969e-04 6.001931428909301758e-02 2.814698219299316406e-02 1.073114871978759766e-01 2.814698219299316406e-02 1.813411712646484375e-03 3.745555877685546875e-04 1.290225982666015625e-02 8.179366588592529297e-03 1.377085447311401367e-01 1.977533102035522461e-02 3.746151924133300781e-04 4.862546920776367188e-04 7.431930303573608398e-02 6.923073530197143555e-02
8.418267965316772461e-02 6.693321466445922852e-02 7.971072196960449219e-02 1.314091682434082031e-01 0.000000000000000000e+00 1.185069680213928223e-01 9.947812557220458984e-02 1.232297420501708984e-01 1.275287866592407227e-01 1.308500766754150391e-01 1.255610585212707520e-01 1.307601332664489746e-01 1.201779842376708984e-01 1.140524148941040039e-01 1.089223623275756836e-01 3.550416231155395508e-02 1.032622456550598145e-01 1.319880485534667969e-01 1.232296824455261230e-01 1.310346722602844238e-01 7.138985395431518555e-02 1.032621860504150391e-01 2.409768104553222656e-02 1.032621860504150391e-01 1.295957565307617188e-01 1.310346126556396484e-01 1.185069084167480469e-01 1.232298016548156738e-01 6.299375556409358978e-03 1.116338372230529785e-01 1.310345530509948730e-01 1.309229135513305664e-01 5.708986520767211914e-02 6.217843294143676758e-02
2.026896476745605469e-01 5.157375335693359375e-02 3.879624605178833008e-02 1.290220022201538086e-02 1.185069680213928223e-01 0.000000000000000000e+00 1.902884244918823242e-02 4.722774028778076172e-03 9.021818637847900391e-03 1.234310865402221680e-02 7.054090499877929688e-03 1.225316524505615234e-02 1.671016216278076172e-03 4.454553127288818359e-03 9.584605693817138672e-03 8.300280570983886719e-02 1.524472236633300781e-02 1.348108053207397461e-02 4.722714424133300781e-03 1.252770423889160156e-02 4.711711406707763672e-02 1.524478197097778320e-02 9.440928697586059570e-02 1.524478197097778320e-02 1.108878850936889648e-02 1.252764463424682617e-02 5.960464477539062500e-08 4.722833633422851562e-03 1.248063445091247559e-01 6.873130798339843750e-03 1.252758502960205078e-02 1.241594552993774414e-02 6.141710281372070312e-02 5.632853507995605469e-02
1.836608052253723145e-01 3.254491090774536133e-02 1.976740360260009766e-02 3.193104267120361328e-02 9.947812557220458984e-02 1.902884244918823242e-02 0.000000000000000000e+00 2.375161647796630859e-02 2.805066108703613281e-02 3.137195110321044922e-02 2.608293294906616211e-02 3.128200769424438477e-02 2.069985866546630859e-02 1.457428932189941406e-02 9.444236755371093750e-03 6.397396326065063477e-02 3.784120082855224609e-03 3.250992298126220703e-02 2.375155687332153320e-02 3.155654668807983398e-02 2.808827161788940430e-02 3.784060478210449219e-03 7.538044452667236328e-02 3.784060478210449219e-03 3.011763095855712891e-02 3.155648708343505859e-02 1.902878284454345703e-02 2.375167608261108398e-02 1.057775020599365234e-01 1.215571165084838867e-02 3.155642747879028320e-02 3.144478797912597656e-02 4.238826036453247070e-02 3.729969263076782227e-02
2.074124217033386230e-01 5.629652738571166992e-02 4.351902008056640625e-02 8.179426193237304688e-03 1.232297420501708984e-01 4.722774028778076172e-03 2.375161647796630859e-02 0.000000000000000000e+00 4.299044609069824219e-03 7.620334625244140625e-03 2.331316471099853516e-03 7.530391216278076172e-03 3.051757812500000000e-03 9.177327156066894531e-03 1.430737972259521484e-02 8.772557973861694336e-02 1.996749639511108398e-02 8.758306503295898438e-03 5.960464477539062500e-08 7.804930210113525391e-03 5.183988809585571289e-02 1.996755599975585938e-02 9.913206100463867188e-02 1.996755599975585938e-02 6.366014480590820312e-03 7.804870605468750000e-03 4.722833633422851562e-03 5.960464477539062500e-08 1.295291185379028320e-01 1.159590482711791992e-02 7.804811000823974609e-03 7.693171501159667969e-03 6.613987684249877930e-02 6.105130910873413086e-02
2.117114663124084473e-01 6.059557199478149414e-02 4.781806468963623047e-02 3.880381584167480469e-03 1.275287866592407227e-01 9.021818637847900391e-03 2.805066108703613281e-02 4.299044609069824219e-03 0.000000000000000000e+00 3.321290016174316406e-03 1.967728137969970703e-03 3.231346607208251953e-03 7.350802421569824219e-03 1.347637176513671875e-02 1.860642433166503906e-02 9.202462434768676758e-02 2.426654100418090820e-02 4.459261894226074219e-03 4.299104213714599609e-03 3.505885601043701172e-03 5.613893270492553711e-02 2.426660060882568359e-02 1.034311056137084961e-01 2.426660060882568359e-02 2.066969871520996094e-03 3.505825996398925781e-03 9.021878242492675781e-03 4.298985004425048828e-03 1.338281631469726562e-01 1.589494943618774414e-02 3.505766391754150391e-03 3.394126892089843750e-03 7.043892145156860352e-02 6.535035371780395508e-02
2.150327563285827637e-01 6.391686201095581055e-02 5.113935470581054688e-02 5.590915679931640625e-04 1.308500766754150391e-01 1.234310865402221680e-02 3.137195110321044922e-02 7.620334625244140625e-03 3.321290016174316406e-03 0.000000000000000000e+00 5.289018154144287109e-03 8.994340896606445312e-05 1.067209243774414062e-02 1.679766178131103516e-02 2.192771434783935547e-02 9.534591436386108398e-02 2.758783102035522461e-02 1.137971878051757812e-03 7.620394229888916016e-03 1.845955848693847656e-04 5.946022272109985352e-02 2.758789062500000000e-02 1.067523956298828125e-01 2.758789062500000000e-02 1.254320144653320312e-03 1.845359802246093750e-04 1.234316825866699219e-02 7.620275020599365234e-03 1.371494531631469727e-01 1.921623945236206055e-02 1.844763755798339844e-04 7.283687591552734375e-05 7.376021146774291992e-02 6.867164373397827148e-02
2.097437381744384766e-01 5.862784385681152344e-02 4.585033655166625977e-02 5.848109722137451172e-03 1.255610585212707520e-01 7.054090499877929688e-03 2.608293294906616211e-02 2.331316471099853516e-03 1.967728137969970703e-03 5.289018154144287109e-03 0.000000000000000000e+00 5.199074745178222656e-03 5.383074283599853516e-03 1.150864362716674805e-02 1.663869619369506836e-02 9.005689620971679688e-02 2.229881286621093750e-02 6.426990032196044922e-03 2.331376075744628906e-03 5.473613739013671875e-03 5.417120456695556641e-02 2.229887247085571289e-02 1.014633774757385254e-01 2.229887247085571289e-02 4.034698009490966797e-03 5.473554134368896484e-03 7.054150104522705078e-03 2.331256866455078125e-03 1.318604350090026855e-01 1.392722129821777344e-02 5.473494529724121094e-03 5.361855030059814453e-03 6.847119331359863281e-02 6.338262557983398438e-02
2.149428129196166992e-01 6.382691860198974609e-02 5.104941129684448242e-02 6.490349769592285156e-04 1.307601332664489746e-01 1.225316524505615234e-02 3.128200769424438477e-02 7.530391216278076172e-03 3.231346607208251953e-03 8.994340896606445312e-05 5.199074745178222656e-03 0.000000000000000000e+00 1.058214902877807617e-02 1.670771837234497070e-02 2.183777093887329102e-02 9.525597095489501953e-02 2.749788761138916016e-02 1.227915287017822266e-03 7.530450820922851562e-03 2.745389938354492188e-04 5.937027931213378906e-02 2.749794721603393555e-02 1.066624522209167480e-01 2.749794721603393555e-02 1.164376735687255859e-03 2.744793891906738281e-04 1.225322484970092773e-02 7.530331611633300781e-03 1.370595097541809082e-01 1.912629604339599609e-02 2.744197845458984375e-04 1.627802848815917969e-04 7.367026805877685547e-02 6.858170032501220703e-02
2.043606638908386230e-01 5.324476957321166992e-02 4.046726226806640625e-02 1.123118400573730469e-02 1.201779842376708984e-01 1.671016216278076172e-03 2.069985866546630859e-02 3.051757812500000000e-03 7.350802421569824219e-03 1.067209243774414062e-02 5.383074283599853516e-03 1.058214902877807617e-02 0.000000000000000000e+00 6.125569343566894531e-03 1.125562191009521484e-02 8.467382192611694336e-02 1.691573858261108398e-02 1.181006431579589844e-02 3.051698207855224609e-03 1.085668802261352539e-02 4.878813028335571289e-02 1.691579818725585938e-02 9.608030319213867188e-02 1.691579818725585938e-02 9.417772293090820312e-03 1.085662841796875000e-02 1.671075820922851562e-03 3.051817417144775391e-03 1.264773607254028320e-01 8.544147014617919922e-03 1.085656881332397461e-02 1.074492931365966797e-02 6.308811902999877930e-02 5.799955129623413086e-02
1.982350945472717285e-01 4.711920022964477539e-02 3.434169292449951172e-02 1.735675334930419922e-02 1.140524148941040039e-01 4.454553127288818359e-03 1.457428932189941406e-02 9.177327156066894531e-03 1.347637176513671875e-02 1.679766178131103516e-02 1.150864362716674805e-02 1.670771837234497070e-02 6.125569343566894531e-03 0.000000000000000000e+00 5.130052566528320312e-03 7.854825258255004883e-02 1.079016923904418945e-02 1.793563365936279297e-02 9.177267551422119141e-03 1.698225736618041992e-02 4.266256093978881836e-02 1.079022884368896484e-02 8.995473384857177734e-02 1.079022884368896484e-02 1.554334163665771484e-02 1.698219776153564453e-02 4.454493522644042969e-03 9.177386760711669922e-03 1.203517913818359375e-01 2.418577671051025391e-03 1.698213815689086914e-02 1.687049865722656250e-02 5.696254968643188477e-02 5.187398195266723633e-02
1.931050419807434082e-01 4.198914766311645508e-02 2.921164035797119141e-02 2.248680591583251953e-02 1.089223623275756836e-01 9.584605693817138672e-03 9.444236755371093750e-03 1.430737972259521484e-02 1.860642433166503906e-02 2.192771434783935547e-02 1.663869619369506836e-02 2.183777093887329102e-02 1.125562191009521484e-02 5.130052566528320312e-03 0.000000000000000000e+00 7.341820001602172852e-02 5.660116672515869141e-03 2.306568622589111328e-02 1.430732011795043945e-02 2.211230993270874023e-02 3.753250837326049805e-02 5.660176277160644531e-03 8.482468128204345703e-02 5.660176277160644531e-03 2.067339420318603516e-02 2.211225032806396484e-02 9.584546089172363281e-03 1.430743932723999023e-02 1.152217388153076172e-01 2.711474895477294922e-03 2.211219072341918945e-02 2.200055122375488281e-02 5.183249711990356445e-02 4.674392938613891602e-02
1.196868419647216797e-01 3.142905235290527344e-02 4.420655965805053711e-02 9.590500593185424805e-02 3.550416231155395508e-02 8.300280570983886719e-02 6.397396326065063477e-02 8.772557973861694336e-02 9.202462434768676758e-02 9.534591436386108398e-02 9.005689620971679688e-02 9.525597095489501953e-02 8.467382192611694336e-02 7.854825258255004883e-02 7.341820001602172852e-02 0.000000000000000000e+00 6.775808334350585938e-02 9.648388624191284180e-02 8.772552013397216797e-02 9.553050994873046875e-02 3.588569164276123047e-02 6.775802373886108398e-02 1.140648219734430313e-02 6.775802373886108398e-02 9.409159421920776367e-02 9.553045034408569336e-02 8.300274610519409180e-02 8.772563934326171875e-02 4.180353879928588867e-02 7.612967491149902344e-02 9.553039073944091797e-02 9.541875123977661133e-02 2.158570289611816406e-02 2.667427062988281250e-02
1.874449253082275391e-01 3.632903099060058594e-02 2.355152368545532227e-02 2.814692258834838867e-02 1.032622456550598145e-01 1.524472236633300781e-02 3.784120082855224609e-03 1.996749639511108398e-02 2.426654100418090820e-02 2.758783102035522461e-02 2.229881286621093750e-02 2.749788761138916016e-02 1.691573858261108398e-02 1.079016923904418945e-02 5.660116672515869141e-03 6.775808334350585938e-02 0.000000000000000000e+00 2.872580289840698242e-02 1.996743679046630859e-02 2.777242660522460938e-02 3.187239170074462891e-02 5.960464477539062500e-08 7.916456460952758789e-02 5.960464477539062500e-08 2.633351087570190430e-02 2.777236700057983398e-02 1.524466276168823242e-02 1.996755599975585938e-02 1.095616221427917480e-01 8.371591567993164062e-03 2.777230739593505859e-02 2.766066789627075195e-02 4.617238044738769531e-02 4.108381271362304688e-02
2.161707282066345215e-01 6.505483388900756836e-02 5.227732658386230469e-02 5.788803100585937500e-04 1.319880485534667969e-01 1.348108053207397461e-02 3.250992298126220703e-02 8.758306503295898438e-03 4.459261894226074219e-03 1.137971878051757812e-03 6.426990032196044922e-03 1.227915287017822266e-03 1.181006431579589844e-02 1.793563365936279297e-02 2.306568622589111328e-02 9.648388624191284180e-02 2.872580289840698242e-02 0.000000000000000000e+00 8.758366107940673828e-03 9.533762931823730469e-04 6.059819459915161133e-02 2.872586250305175781e-02 1.078903675079345703e-01 2.872586250305175781e-02 2.392292022705078125e-03 9.534358978271484375e-04 1.348114013671875000e-02 8.758246898651123047e-03 1.382874250411987305e-01 2.035421133041381836e-02 9.534955024719238281e-04 1.065135002136230469e-03 7.489818334579467773e-02 6.980961561203002930e-02
2.074123620986938477e-01 5.629646778106689453e-02 4.351896047592163086e-02 8.179485797882080078e-03 1.232296824455261230e-01 4.722714424133300781e-03 2.375155687332153320e-02 5.960464477539062500e-08 4.299104213714599609e-03 7.620394229888916016e-03 2.331376075744628906e-03 7.530450820922851562e-03 3.051698207855224609e-03 9.177267551422119141e-03 1.430732011795043945e-02 8.772552013397216797e-02 1.996743679046630859e-02 8.758366107940673828e-03 0.000000000000000000e+00 7.804989814758300781e-03 5.183982849121093750e-02 1.996749639511108398e-02 9.913200139999389648e-02 1.996749639511108398e-02 6.366074085235595703e-03 7.804930210113525391e-03 4.722774028778076172e-03 1.192092895507812500e-07 1.295290589332580566e-01 1.159584522247314453e-02 7.804870605468750000e-03 7.693231105804443359e-03 6.613981723785400391e-02 6.105124950408935547e-02
2.152173519134521484e-01 6.410145759582519531e-02 5.132395029067993164e-02 3.744959831237792969e-04 1.310346722602844238e-01 1.252770423889160156e-02 3.155654668807983398e-02 7.804930210113525391e-03 3.505885601043701172e-03 1.845955848693847656e-04 5.473613739013671875e-03 2.745389938354492188e-04 1.085668802261352539e-02 1.698225736618041992e-02 2.211230993270874023e-02 9.553050994873046875e-02 2.777242660522460938e-02 9.533762931823730469e-04 7.804989814758300781e-03 0.000000000000000000e+00 5.964481830596923828e-02 2.777248620986938477e-02 1.069369912147521973e-01 2.777248620986938477e-02 1.438915729522705078e-03 5.960464477539062500e-08 1.252776384353637695e-02 7.804870605468750000e-03 1.373340487480163574e-01 1.940083503723144531e-02 1.192092895507812500e-07 1.117587089538574219e-04 7.394480705261230469e-02 6.885623931884765625e-02
1.555725336074829102e-01 4.456639289855957031e-03 8.320868015289306641e-03 6.001931428909301758e-02 7.138985395431518555e-02 4.711711406707763672e-02 2.808827161788940430e-02 5.183988809585571289e-02 5.613893270492553711e-02 5.946022272109985352e-02 5.417120456695556641e-02 5.937027931213378906e-02 4.878813028335571289e-02 4.266256093978881836e-02 3.753250837326049805e-02 3.588569164276123047e-02 3.187239170074462891e-02 6.059819459915161133e-02 5.183982849121093750e-02 5.964481830596923828e-02 0.000000000000000000e+00 3.187233209609985352e-02 4.729217290878295898e-02 3.187233209609985352e-02 5.820590257644653320e-02 5.964475870132446289e-02 4.711705446243286133e-02 5.183994770050048828e-02 7.768923044204711914e-02 4.024398326873779297e-02 5.964469909667968750e-02 5.953305959701538086e-02 1.429998874664306641e-02 9.211421012878417969e-03
1.874448657035827637e-01 3.632897138595581055e-02 2.355146408081054688e-02 2.814698219299316406e-02 1.032621860504150391e-01 1.524478197097778320e-02 3.784060478210449219e-03 1.996755599975585938e-02 2.426660060882568359e-02 2.758789062500000000e-02 2.229887247085571289e-02 2.749794721603393555e-02 1.691579818725585938e-02 1.079022884368896484e-02 5.660176277160644531e-03 6.775802373886108398e-02 5.960464477539062500e-08 2.872586250305175781e-02 1.996749639511108398e-02 2.777248620986938477e-02 3.187233209609985352e-02 0.000000000000000000e+00 7.916450500488281250e-02 0.000000000000000000e+00 2.633357048034667969e-02 2.777242660522460938e-02 1.524472236633300781e-02 1.996761560440063477e-02 1.095615625381469727e-01 8.371651172637939453e-03 2.777236700057983398e-02 2.766072750091552734e-02 4.617232084274291992e-02 4.108375310897827148e-02
1.082803606986999512e-01 4.283553361892700195e-02 5.561304092407226562e-02 1.073114871978759766e-01 2.409768104553222656e-02 9.440928697586059570e-02 7.538044452667236328e-02 9.913206100463867188e-02 1.034311056137084961e-01 1.067523956298828125e-01 1.014633774757385254e-01 1.066624522209167480e-01 9.608030319213867188e-02 8.995473384857177734e-02 8.482468128204345703e-02 1.140648219734430313e-02 7.916456460952758789e-02 1.078903675079345703e-01 9.913200139999389648e-02 1.069369912147521973e-01 4.729217290878295898e-02 7.916450500488281250e-02 0.000000000000000000e+00 7.916450500488281250e-02 1.054980754852294922e-01 1.069369316101074219e-01 9.440922737121582031e-02 9.913212060928344727e-02 3.039705753326416016e-02 8.753615617752075195e-02 1.069368720054626465e-01 1.068252325057983398e-01 3.299218416213989258e-02 3.808075189590454102e-02
1.874448657035827637e-01 3.632897138595581055e-02 2.355146408081054688e-02 2.814698219299316406e-02 1.032621860504150391e-01 1.524478197097778320e-02 3.784060478210449219e-03 1.996755599975585938e-02 2.426660060882568359e-02 2.758789062500000000e-02 2.229887247085571289e-02 2.749794721603393555e-02 1.691579818725585938e-02 1.079022884368896484e-02 5.660176277160644531e-03 6.775802373886108398e-02 5.960464477539062500e-08 2.872586250305175781e-02 1.996749639511108398e-02 2.777248620986938477e-02 3.187233209609985352e-02 0.000000000000000000e+00 7.916450500488281250e-02 0.000000000000000000e+00 2.633357048034667969e-02 2.777242660522460938e-02 1.524472236633300781e-02 1.996761560440063477e-02 1.095615625381469727e-01 8.371651172637939453e-03 2.777236700057983398e-02 2.766072750091552734e-02 4.617232084274291992e-02 4.108375310897827148e-02
2.137784361839294434e-01 6.266254186630249023e-02 4.988503456115722656e-02 1.813411712646484375e-03 1.295957565307617188e-01 1.108878850936889648e-02 3.011763095855712891e-02 6.366014480590820312e-03 2.066969871520996094e-03 1.254320144653320312e-03 4.034698009490966797e-03 1.164376735687255859e-03 9.417772293090820312e-03 1.554334163665771484e-02 2.067339420318603516e-02 9.409159421920776367e-02 2.633351087570190430e-02 2.392292022705078125e-03 6.366074085235595703e-03 1.438915729522705078e-03 5.820590257644653320e-02 2.633357048034667969e-02 1.054980754852294922e-01 2.633357048034667969e-02 0.000000000000000000e+00 1.438856124877929688e-03 1.108884811401367188e-02 6.365954875946044922e-03 1.358951330184936523e-01 1.796191930770874023e-02 1.438796520233154297e-03 1.327157020568847656e-03 7.250589132308959961e-02 6.741732358932495117e-02
2.152172923088073730e-01 6.410139799118041992e-02 5.132389068603515625e-02 3.745555877685546875e-04 1.310346126556396484e-01 1.252764463424682617e-02 3.155648708343505859e-02 7.804870605468750000e-03 3.505825996398925781e-03 1.845359802246093750e-04 5.473554134368896484e-03 2.744793891906738281e-04 1.085662841796875000e-02 1.698219776153564453e-02 2.211225032806396484e-02 9.553045034408569336e-02 2.777236700057983398e-02 9.534358978271484375e-04 7.804930210113525391e-03 5.960464477539062500e-08 5.964475870132446289e-02 2.777242660522460938e-02 1.069369316101074219e-01 2.777242660522460938e-02 1.438856124877929688e-03 0.000000000000000000e+00 1.252770423889160156e-02 7.804811000823974609e-03 1.373339891433715820e-01 1.940077543258666992e-02 5.960464477539062500e-08 1.116991043090820312e-04 7.394474744796752930e-02 6.885617971420288086e-02
2.026895880699157715e-01 5.157369375228881836e-02 3.879618644714355469e-02 1.290225982666015625e-02 1.185069084167480469e-01 5.960464477539062500e-08 1.902878284454345703e-02 4.722833633422851562e-03 9.021878242492675781e-03 1.234316825866699219e-02 7.054150104522705078e-03 1.225322484970092773e-02 1.671075820922851562e-03 4.454493522644042969e-03 9.584546089172363281e-03 8.300274610519409180e-02 1.524466276168823242e-02 1.348114013671875000e-02 4.722774028778076172e-03 1.252776384353637695e-02 4.711705446243286133e-02 1.524472236633300781e-02 9.440922737121582031e-02 1.524472236633300781e-02 1.108884811401367188e-02 1.252770423889160156e-02 0.000000000000000000e+00 4.722893238067626953e-03 1.248062849044799805e-01 6.873071193695068359e-03 1.252764463424682617e-02 1.241600513458251953e-02 6.141704320907592773e-02 5.632847547531127930e-02
2.074124813079833984e-01 5.629658699035644531e-02 4.351907968521118164e-02 8.179366588592529297e-03 1.232298016548156738e-01 4.722833633422851562e-03 2.375167608261108398e-02 5.960464477539062500e-08 4.298985004425048828e-03 7.620275020599365234e-03 2.331256866455078125e-03 7.530331611633300781e-03 3.051817417144775391e-03 9.177386760711669922e-03 1.430743932723999023e-02 8.772563934326171875e-02 1.996755599975585938e-02 8.758246898651123047e-03 1.192092895507812500e-07 7.804870605468750000e-03 5.183994770050048828e-02 1.996761560440063477e-02 9.913212060928344727e-02 1.996761560440063477e-02 6.365954875946044922e-03 7.804811000823974609e-03 4.722893238067626953e-03 0.000000000000000000e+00 1.295291781425476074e-01 1.159596443176269531e-02 7.804751396179199219e-03 7.693111896514892578e-03 6.613993644714355469e-02 6.105136871337890625e-02
7.788330316543579102e-02 7.323259115219116211e-02 8.601009845733642578e-02 1.377085447311401367e-01 6.299375556409358978e-03 1.248063445091247559e-01 1.057775020599365234e-01 1.295291185379028320e-01 1.338281631469726562e-01 1.371494531631469727e-01 1.318604350090026855e-01 1.370595097541809082e-01 1.264773607254028320e-01 1.203517913818359375e-01 1.152217388153076172e-01 4.180353879928588867e-02 1.095616221427917480e-01 1.382874250411987305e-01 1.295290589332580566e-01 1.373340487480163574e-01 7.768923044204711914e-02 1.095615625381469727e-01 3.039705753326416016e-02 1.095615625381469727e-01 1.358951330184936523e-01 1.373339891433715820e-01 1.248062849044799805e-01 1.295291781425476074e-01 0.000000000000000000e+00 1.179332137107849121e-01 1.373339295387268066e-01 1.372222900390625000e-01 6.338924169540405273e-02 6.847780942916870117e-02
1.958165168762207031e-01 4.470062255859375000e-02 3.192311525344848633e-02 1.977533102035522461e-02 1.116338372230529785e-01 6.873130798339843750e-03 1.215571165084838867e-02 1.159590482711791992e-02 1.589494943618774414e-02 1.921623945236206055e-02 1.392722129821777344e-02 1.912629604339599609e-02 8.544147014617919922e-03 2.418577671051025391e-03 2.711474895477294922e-03 7.612967491149902344e-02 8.371591567993164062e-03 2.035421133041381836e-02 1.159584522247314453e-02 1.940083503723144531e-02 4.024398326873779297e-02 8.371651172637939453e-03 8.753615617752075195e-02 8.371651172637939453e-03 1.796191930770874023e-02 1.940077543258666992e-02 6.873071193695068359e-03 1.159596443176269531e-02 1.179332137107849121e-01 0.000000000000000000e+00 1.940071582794189453e-02 1.928907632827758789e-02 5.454397201538085938e-02 4.945540428161621094e-02
2.152172327041625977e-01 6.410133838653564453e-02 5.132383108139038086e-02 3.746151924133300781e-04 1.310345530509948730e-01 1.252758502960205078e-02 3.155642747879028320e-02 7.804811000823974609e-03 3.505766391754150391e-03 1.844763755798339844e-04 5.473494529724121094e-03 2.744197845458984375e-04 1.085656881332397461e-02 1.698213815689086914e-02 2.211219072341918945e-02 9.553039073944091797e-02 2.777230739593505859e-02 9.534955024719238281e-04 7.804870605468750000e-03 1.192092895507812500e-07 5.964469909667968750e-02 2.777236700057983398e-02 1.069368720054626465e-01 2.777236700057983398e-02 1.438796520233154297e-03 5.960464477539062500e-08 1.252764463424682617e-02 7.804751396179199219e-03 1.373339295387268066e-01 1.940071582794189453e-02 0.000000000000000000e+00 1.116394996643066406e-04 7.394468784332275391e-02 6.885612010955810547e-02
2.151055932044982910e-01 6.398969888687133789e-02 5.121219158172607422e-02 4.862546920776367188e-04 1.309229135513305664e-01 1.241594552993774414e-02 3.144478797912597656e-02 7.693171501159667969e-03 3.394126892089843750e-03 7.283687591552734375e-05 5.361855030059814453e-03 1.627802848815917969e-04 1.074492931365966797e-02 1.687049865722656250e-02 2.200055122375488281e-02 9.541875123977661133e-02 2.766066789627075195e-02 1.065135002136230469e-03 7.693231105804443359e-03 1.117587089538574219e-04 5.953305959701538086e-02 2.766072750091552734e-02 1.068252325057983398e-01 2.766072750091552734e-02 1.327157020568847656e-03 1.116991043090820312e-04 1.241600513458251953e-02 7.693111896514892578e-03 1.372222900390625000e-01 1.928907632827758789e-02 1.116394996643066406e-04 0.000000000000000000e+00 7.383304834365844727e-02 6.874448060989379883e-02
1.412725448608398438e-01 9.843349456787109375e-03 2.262085676193237305e-02 7.431930303573608398e-02 5.708986520767211914e-02 6.141710281372070312e-02 4.238826036453247070e-02 6.613987684249877930e-02 7.043892145156860352e-02 7.376021146774291992e-02 6.847119331359863281e-02 7.367026805877685547e-02 6.308811902999877930e-02 5.696254968643188477e-02 5.183249711990356445e-02 2.158570289611816406e-02 4.617238044738769531e-02 7.489818334579467773e-02 6.613981723785400391e-02 7.394480705261230469e-02 1.429998874664306641e-02 4.617232084274291992e-02 3.299218416213989258e-02 4.617232084274291992e-02 7.250589132308959961e-02 7.394474744796752930e-02 6.141704320907592773e-02 6.613993644714355469e-02 6.338924169540405273e-02 5.454397201538085938e-02 7.394468784332275391e-02 7.383304834365844727e-02 0.000000000000000000e+00 5.088567733764648438e-03
1.463611125946044922e-01 4.754781723022460938e-03 1.753228902816772461e-02 6.923073530197143555e-02 6.217843294143676758e-02 5.632853507995605469e-02 3.729969263076782227e-02 6.105130910873413086e-02 6.535035371780395508e-02 6.867164373397827148e-02 6.338262557983398438e-02 6.858170032501220703e-02 5.799955129623413086e-02 5.187398195266723633e-02 4.674392938613891602e-02 2.667427062988281250e-02 4.108381271362304688e-02 6.980961561203002930e-02 6.105124950408935547e-02 6.885623931884765625e-02 9.211421012878417969e-03 4.108375310897827148e-02 3.808075189590454102e-02 4.108375310897827148e-02 6.741732358932495117e-02 6.885617971420288086e-02 5.632847547531127930e-02 6.105136871337890625e-02 6.847780942916870117e-02 4.945540428161621094e-02 6.885612010955810547e-02 6.874448060989379883e-02 5.088567733764648438e-03 0.000000000000000000e+00
