0.000000000000000000e+00 5.182719230651855469e-02 5.806469917297363281e-02 7.818913459777832031e-02 4.349672794342041016e-02 5.525594949722290039e-02 7.610160112380981445e-02 7.828807830810546875e-02 7.052159309387207031e-02 7.844007015228271484e-02 7.052153348922729492e-02 8.027398586273193359e-02 5.525588989257812500e-02 7.921862602233886719e-02 4.920351505279541016e-02 2.962386608123779297e-02 1.503217220306396484e-02 8.027398586273193359e-02 5.182743072509765625e-02 7.994085550308227539e-02 3.892737627029418945e-02 6.825792789459228516e-02 5.960464477539062500e-08 7.921862602233886719e-02 7.766640186309814453e-02 7.482868432998657227e-02 7.052147388458251953e-02 6.333482265472412109e-02 1.143354177474975586e-02 7.921862602233886719e-02 8.025604486465454102e-02 7.822304964065551758e-02 4.242020845413208008e-02 4.777973890304565430e-02
5.182719230651855469e-02 0.000000000000000000e+00 6.237506866455078125e-03 2.636194229125976562e-02 8.330464363098144531e-03 3.428757190704345703e-03 2.427440881729125977e-02 2.646088600158691406e-02 1.869440078735351562e-02 2.661287784576416016e-02 1.869434118270874023e-02 2.844679355621337891e-02 3.428697586059570312e-03 2.739143371582031250e-02 1.010307073593139648e-01 8.145105838775634766e-02 3.679502010345458984e-02 2.844679355621337891e-02 2.384185791015625000e-07 2.811366319656372070e-02 1.289981603622436523e-02 1.643073558807373047e-02 5.182725191116333008e-02 2.739143371582031250e-02 2.583920955657958984e-02 2.300149202346801758e-02 1.869428157806396484e-02 1.150763034820556641e-02 6.326073408126831055e-02 2.739143371582031250e-02 2.842885255813598633e-02 2.639585733413696289e-02 9.424740076065063477e-02 4.047453403472900391e-03
5.806469917297363281e-02 6.237506866455078125e-03 0.000000000000000000e+00 2.012443542480468750e-02 1.456797122955322266e-02 2.808749675750732422e-03 1.803690195083618164e-02 2.022337913513183594e-02 1.245689392089843750e-02 2.037537097930908203e-02 1.245683431625366211e-02 2.220928668975830078e-02 2.808809280395507812e-03 2.115392684936523438e-02 1.072682142257690430e-01 8.768856525421142578e-02 4.303252696990966797e-02 2.220928668975830078e-02 6.237268447875976562e-03 2.187615633010864258e-02 1.913732290267944336e-02 1.019322872161865234e-02 5.806475877761840820e-02 2.115392684936523438e-02 1.960170269012451172e-02 1.676398515701293945e-02 1.245677471160888672e-02 5.270123481750488281e-03 6.949824094772338867e-02 2.115392684936523438e-02 2.219134569168090820e-02 2.015835046768188477e-02 1.004849076271057129e-01 1.028496026992797852e-02
7.818913459777832031e-02 2.636194229125976562e-02 2.012443542480468750e-02 0.000000000000000000e+00 3.469240665435791016e-02 2.293318510055541992e-02 2.087533473968505859e-03 9.894371032714843750e-05 7.667541503906250000e-03 2.509355545043945312e-04 7.667601108551025391e-03 2.084851264953613281e-03 2.293324470520019531e-02 1.029491424560546875e-03 1.273926496505737305e-01 1.078130006790161133e-01 6.315696239471435547e-02 2.084851264953613281e-03 2.636170387268066406e-02 1.751720905303955078e-03 3.926175832748413086e-02 9.931206703186035156e-03 7.818919420242309570e-02 1.029491424560546875e-03 5.227327346801757812e-04 3.360450267791748047e-03 7.667660713195800781e-03 1.485431194305419922e-02 8.962267637252807617e-02 1.029491424560546875e-03 2.066910266876220703e-03 3.391504287719726562e-05 1.206093430519104004e-01 3.040939569473266602e-02
4.349672794342041016e-02 8.330464363098144531e-03 1.456797122955322266e-02 3.469240665435791016e-02 0.000000000000000000e+00 1.175922155380249023e-02 3.260487318038940430e-02 3.479135036468505859e-02 2.702486515045166016e-02 3.494334220886230469e-02 2.702480554580688477e-02 3.677725791931152344e-02 1.175916194915771484e-02 3.572189807891845703e-02 9.270024299621582031e-02 7.312059402465820312e-02 2.846455574035644531e-02 3.677725791931152344e-02 8.330702781677246094e-03 3.644412755966186523e-02 4.569351673126220703e-03 2.476119995117187500e-02 4.349678754806518555e-02 3.572189807891845703e-02 3.416967391967773438e-02 3.133195638656616211e-02 2.702474594116210938e-02 1.983809471130371094e-02 5.493026971817016602e-02 3.572189807891845703e-02 3.675931692123413086e-02 3.472632169723510742e-02 8.591693639755249023e-02 4.283010959625244141e-03
5.525594949722290039e-02 3.428757190704345703e-03 2.808749675750732422e-03 2.293318510055541992e-02 1.175922155380249023e-02 0.000000000000000000e+00 2.084565162658691406e-02 2.303212881088256836e-02 1.526564359664916992e-02 2.318412065505981445e-02 1.526558399200439453e-02 2.501803636550903320e-02 5.960464477539062500e-08 2.396267652511596680e-02 1.044594645500183105e-01 8.487981557846069336e-02 4.022377729415893555e-02 2.501803636550903320e-02 3.428518772125244141e-03 2.468490600585937500e-02 1.632857322692871094e-02 1.300197839736938477e-02 5.525600910186767578e-02 2.396267652511596680e-02 2.241045236587524414e-02 1.957273483276367188e-02 1.526552438735961914e-02 8.078873157501220703e-03 6.668949127197265625e-02 2.396267652511596680e-02 2.500009536743164062e-02 2.296710014343261719e-02 9.767615795135498047e-02 7.476210594177246094e-03
7.610160112380981445e-02 2.427440881729125977e-02 1.803690195083618164e-02 2.087533473968505859e-03 3.260487318038940430e-02 2.084565162658691406e-02 0.000000000000000000e+00 2.186477184295654297e-03 5.580008029937744141e-03 2.338469028472900391e-03 5.580067634582519531e-03 4.172384738922119141e-03 2.084571123123168945e-02 3.117024898529052734e-03 1.253051161766052246e-01 1.057254672050476074e-01 6.106942892074584961e-02 4.172384738922119141e-03 2.427417039871215820e-02 3.839254379272460938e-03 3.717422485351562500e-02 7.843673229217529297e-03 7.610166072845458984e-02 3.117024898529052734e-03 1.564800739288330078e-03 1.272916793823242188e-03 5.580127239227294922e-03 1.276677846908569336e-02 8.753514289855957031e-02 3.117024898529052734e-03 4.154443740844726562e-03 2.121448516845703125e-03 1.185218095779418945e-01 2.832186222076416016e-02
7.828807830810546875e-02 2.646088600158691406e-02 2.022337913513183594e-02 9.894371032714843750e-05 3.479135036468505859e-02 2.303212881088256836e-02 2.186477184295654297e-03 0.000000000000000000e+00 7.766485214233398438e-03 1.519918441772460938e-04 7.766544818878173828e-03 1.985907554626464844e-03 2.303218841552734375e-02 9.305477142333984375e-04 1.274915933609008789e-01 1.079119443893432617e-01 6.325590610504150391e-02 1.985907554626464844e-03 2.646064758300781250e-02 1.652777194976806641e-03 3.936070203781127930e-02 1.003015041351318359e-02 7.828813791275024414e-02 9.305477142333984375e-04 6.216764450073242188e-04 3.459393978118896484e-03 7.766604423522949219e-03 1.495325565338134766e-02 8.972162008285522461e-02 9.305477142333984375e-04 1.967966556549072266e-03 6.502866744995117188e-05 1.207082867622375488e-01 3.050833940505981445e-02
7.052159309387207031e-02 1.869440078735351562e-02 1.245689392089843750e-02 7.667541503906250000e-03 2.702486515045166016e-02 1.526564359664916992e-02 5.580008029937744141e-03 7.766485214233398438e-03 0.000000000000000000e+00 7.918477058410644531e-03 5.960464477539062500e-08 9.752392768859863281e-03 1.526570320129394531e-02 8.697032928466796875e-03 1.197251081466674805e-01 1.001454591751098633e-01 5.548942089080810547e-02 9.752392768859863281e-03 1.869416236877441406e-02 9.419262409210205078e-03 3.159421682357788086e-02 2.263665199279785156e-03 7.052165269851684570e-02 8.697032928466796875e-03 7.144808769226074219e-03 4.307091236114501953e-03 1.192092895507812500e-07 7.186770439147949219e-03 8.195513486862182617e-02 8.697032928466796875e-03 9.734451770782470703e-03 7.701456546783447266e-03 1.129418015480041504e-01 2.274185419082641602e-02
7.844007015228271484e-02 2.661287784576416016e-02 2.037537097930908203e-02 2.509355545043945312e-04 3.494334220886230469e-02 2.318412065505981445e-02 2.338469028472900391e-03 1.519918441772460938e-04 7.918477058410644531e-03 0.000000000000000000e+00 7.918536663055419922e-03 1.833915710449218750e-03 2.318418025970458984e-02 7.785558700561523438e-04 1.276435852050781250e-01 1.080639362335205078e-01 6.340789794921875000e-02 1.833915710449218750e-03 2.661263942718505859e-02 1.500785350799560547e-03 3.951269388198852539e-02 1.018214225769042969e-02 7.844012975692749023e-02 7.785558700561523438e-04 7.736682891845703125e-04 3.611385822296142578e-03 7.918596267700195312e-03 1.510524749755859375e-02 8.987361192703247070e-02 7.785558700561523438e-04 1.815974712371826172e-03 2.170205116271972656e-04 1.208602786064147949e-01 3.066033124923706055e-02
7.052153348922729492e-02 1.869434118270874023e-02 1.245683431625366211e-02 7.667601108551025391e-03 2.702480554580688477e-02 1.526558399200439453e-02 5.580067634582519531e-03 7.766544818878173828e-03 5.960464477539062500e-08 7.918536663055419922e-03 0.000000000000000000e+00 9.752452373504638672e-03 1.526564359664916992e-02 8.697092533111572266e-03 1.197250485420227051e-01 1.001453995704650879e-01 5.548936128616333008e-02 9.752452373504638672e-03 1.869410276412963867e-02 9.419322013854980469e-03 3.159415721893310547e-02 2.263605594635009766e-03 7.052159309387207031e-02 8.697092533111572266e-03 7.144868373870849609e-03 4.307150840759277344e-03 5.960464477539062500e-08 7.186710834503173828e-03 8.195507526397705078e-02 8.697092533111572266e-03 9.734511375427246094e-03 7.701516151428222656e-03 1.129417419433593750e-01 2.274179458618164062e-02
8.027398586273193359e-02 2.844679355621337891e-02 2.220928668975830078e-02 2.084851264953613281e-03 3.677725791931152344e-02 2.501803636550903320e-02 4.172384738922119141e-03 1.985907554626464844e-03 9.752392768859863281e-03 1.833915710449218750e-03 9.752452373504638672e-03 0.000000000000000000e+00 2.501809597015380859e-02 1.055359840393066406e-03 1.294775009155273438e-01 1.098978519439697266e-01 6.524181365966796875e-02 0.000000000000000000e+00 2.844655513763427734e-02 3.331303596496582031e-04 4.134660959243774414e-02 1.201605796813964844e-02 8.027404546737670898e-02 1.055359840393066406e-03 2.607583999633789062e-03 5.445301532745361328e-03 9.752511978149414062e-03 1.693916320800781250e-02 9.170752763748168945e-02 1.055359840393066406e-03 1.794099807739257812e-05 2.050936222076416016e-03 1.226941943168640137e-01 3.249424695968627930e-02
5.525588989257812500e-02 3.428697586059570312e-03 2.808809280395507812e-03 2.293324470520019531e-02 1.175916194915771484e-02 5.960464477539062500e-08 2.084571123123168945e-02 2.303218841552734375e-02 1.526570320129394531e-02 2.318418025970458984e-02 1.526564359664916992e-02 2.501809597015380859e-02 0.000000000000000000e+00 2.396273612976074219e-02 1.044594049453735352e-01 8.487975597381591797e-02 4.022371768951416016e-02 2.501809597015380859e-02 3.428459167480468750e-03 2.468496561050415039e-02 1.632851362228393555e-02 1.300203800201416016e-02 5.525594949722290039e-02 2.396273612976074219e-02 2.241051197052001953e-02 1.957279443740844727e-02 1.526558399200439453e-02 8.078932762145996094e-03 6.668943166732788086e-02 2.396273612976074219e-02 2.500015497207641602e-02 2.296715974807739258e-02 9.767609834671020508e-02 7.476150989532470703e-03
7.921862602233886719e-02 2.739143371582031250e-02 2.115392684936523438e-02 1.029491424560546875e-03 3.572189807891845703e-02 2.396267652511596680e-02 3.117024898529052734e-03 9.305477142333984375e-04 8.697032928466796875e-03 7.785558700561523438e-04 8.697092533111572266e-03 1.055359840393066406e-03 2.396273612976074219e-02 0.000000000000000000e+00 1.284221410751342773e-01 1.088424921035766602e-01 6.418645381927490234e-02 1.055359840393066406e-03 2.739119529724121094e-02 7.222294807434082031e-04 4.029124975204467773e-02 1.096069812774658203e-02 7.921868562698364258e-02 0.000000000000000000e+00 1.552224159240722656e-03 4.389941692352294922e-03 8.697152137756347656e-03 1.588380336761474609e-02 9.065216779708862305e-02 0.000000000000000000e+00 1.037418842315673828e-03 9.955763816833496094e-04 1.216388344764709473e-01 3.143888711929321289e-02
4.920351505279541016e-02 1.010307073593139648e-01 1.072682142257690430e-01 1.273926496505737305e-01 9.270024299621582031e-02 1.044594645500183105e-01 1.253051161766052246e-01 1.274915933609008789e-01 1.197251081466674805e-01 1.276435852050781250e-01 1.197250485420227051e-01 1.294775009155273438e-01 1.044594049453735352e-01 1.284221410751342773e-01 0.000000000000000000e+00 1.957964897155761719e-02 6.423568725585937500e-02 1.294775009155273438e-01 1.010309457778930664e-01 1.291443705558776855e-01 8.813089132308959961e-02 1.174614429473876953e-01 4.920345544815063477e-02 1.284221410751342773e-01 1.268699169158935547e-01 1.240321993827819824e-01 1.197249889373779297e-01 1.125383377075195312e-01 3.776997327804565430e-02 1.284221410751342773e-01 1.294595599174499512e-01 1.274265646934509277e-01 6.783306598663330078e-03 9.698325395584106445e-02
2.962386608123779297e-02 8.145105838775634766e-02 8.768856525421142578e-02 1.078130006790161133e-01 7.312059402465820312e-02 8.487981557846069336e-02 1.057254672050476074e-01 1.079119443893432617e-01 1.001454591751098633e-01 1.080639362335205078e-01 1.001453995704650879e-01 1.098978519439697266e-01 8.487975597381591797e-02 1.088424921035766602e-01 1.957964897155761719e-02 0.000000000000000000e+00 4.465603828430175781e-02 1.098978519439697266e-01 8.145129680633544922e-02 1.095647215843200684e-01 6.855124235153198242e-02 9.788179397583007812e-02 2.962380647659301758e-02 1.088424921035766602e-01 1.072902679443359375e-01 1.044525504112243652e-01 1.001453399658203125e-01 9.295868873596191406e-02 1.819032430648803711e-02 1.088424921035766602e-01 1.098799109458923340e-01 1.078469157218933105e-01 1.279634237289428711e-02 7.740360498428344727e-02
1.503217220306396484e-02 3.679502010345458984e-02 4.303252696990966797e-02 6.315696239471435547e-02 2.846455574035644531e-02 4.022377729415893555e-02 6.106942892074584961e-02 6.325590610504150391e-02 5.548942089080810547e-02 6.340789794921875000e-02 5.548936128616333008e-02 6.524181365966796875e-02 4.022371768951416016e-02 6.418645381927490234e-02 6.423568725585937500e-02 4.465603828430175781e-02 0.000000000000000000e+00 6.524181365966796875e-02 3.679525852203369141e-02 6.490868330001831055e-02 2.389520406723022461e-02 5.322575569152832031e-02 1.503223180770874023e-02 6.418645381927490234e-02 6.263422966003417969e-02 5.979651212692260742e-02 5.548930168151855469e-02 4.830265045166015625e-02 2.646571397781372070e-02 6.418645381927490234e-02 6.522387266159057617e-02 6.319087743759155273e-02 5.745238065719604492e-02 3.274756669998168945e-02
8.027398586273193359e-02 2.844679355621337891e-02 2.220928668975830078e-02 2.084851264953613281e-03 3.677725791931152344e-02 2.501803636550903320e-02 4.172384738922119141e-03 1.985907554626464844e-03 9.752392768859863281e-03 1.833915710449218750e-03 9.752452373504638672e-03 0.000000000000000000e+00 2.501809597015380859e-02 1.055359840393066406e-03 1.294775009155273438e-01 1.098978519439697266e-01 6.524181365966796875e-02 0.000000000000000000e+00 2.844655513763427734e-02 3.331303596496582031e-04 4.134660959243774414e-02 1.201605796813964844e-02 8.027404546737670898e-02 1.055359840393066406e-03 2.607583999633789062e-03 5.445301532745361328e-03 9.752511978149414062e-03 1.693916320800781250e-02 9.170752763748168945e-02 1.055359840393066406e-03 1.794099807739257812e-05 2.050936222076416016e-03 1.226941943168640137e-01 3.249424695968627930e-02
5.182743072509765625e-02 2.384185791015625000e-07 6.237268447875976562e-03 2.636170387268066406e-02 8.330702781677246094e-03 3.428518772125244141e-03 2.427417039871215820e-02 2.646064758300781250e-02 1.869416236877441406e-02 2.661263942718505859e-02 1.869410276412963867e-02 2.844655513763427734e-02 3.428459167480468750e-03 2.739119529724121094e-02 1.010309457778930664e-01 8.145129680633544922e-02 3.679525852203369141e-02 2.844655513763427734e-02 0.000000000000000000e+00 2.811342477798461914e-02 1.290005445480346680e-02 1.643049716949462891e-02 5.182749032974243164e-02 2.739119529724121094e-02 2.583897113800048828e-02 2.300125360488891602e-02 1.869404315948486328e-02 1.150739192962646484e-02 6.326097249984741211e-02 2.739119529724121094e-02 2.842861413955688477e-02 2.639561891555786133e-02 9.424763917922973633e-02 4.047691822052001953e-03
7.994085550308227539e-02 2.811366319656372070e-02 2.187615633010864258e-02 1.751720905303955078e-03 3.644412755966186523e-02 2.468490600585937500e-02 3.839254379272460938e-03 1.652777194976806641e-03 9.419262409210205078e-03 1.500785350799560547e-03 9.419322013854980469e-03 3.331303596496582031e-04 2.468496561050415039e-02 7.222294807434082031e-04 1.291443705558776855e-01 1.095647215843200684e-01 6.490868330001831055e-02 3.331303596496582031e-04 2.811342477798461914e-02 0.000000000000000000e+00 4.101347923278808594e-02 1.168292760848999023e-02 7.994091510772705078e-02 7.222294807434082031e-04 2.274453639984130859e-03 5.112171173095703125e-03 9.419381618499755859e-03 1.660603284835815430e-02 9.137439727783203125e-02 7.222294807434082031e-04 3.151893615722656250e-04 1.717805862426757812e-03 1.223610639572143555e-01 3.216111660003662109e-02
3.892737627029418945e-02 1.289981603622436523e-02 1.913732290267944336e-02 3.926175832748413086e-02 4.569351673126220703e-03 1.632857322692871094e-02 3.717422485351562500e-02 3.936070203781127930e-02 3.159421682357788086e-02 3.951269388198852539e-02 3.159415721893310547e-02 4.134660959243774414e-02 1.632851362228393555e-02 4.029124975204467773e-02 8.813089132308959961e-02 6.855124235153198242e-02 2.389520406723022461e-02 4.134660959243774414e-02 1.290005445480346680e-02 4.101347923278808594e-02 0.000000000000000000e+00 2.933055162429809570e-02 3.892743587493896484e-02 4.029124975204467773e-02 3.873902559280395508e-02 3.590130805969238281e-02 3.159409761428833008e-02 2.440744638442993164e-02 5.036091804504394531e-02 4.029124975204467773e-02 4.132866859436035156e-02 3.929567337036132812e-02 8.134758472442626953e-02 8.852362632751464844e-03
6.825792789459228516e-02 1.643073558807373047e-02 1.019322872161865234e-02 9.931206703186035156e-03 2.476119995117187500e-02 1.300197839736938477e-02 7.843673229217529297e-03 1.003015041351318359e-02 2.263665199279785156e-03 1.018214225769042969e-02 2.263605594635009766e-03 1.201605796813964844e-02 1.300203800201416016e-02 1.096069812774658203e-02 1.174614429473876953e-01 9.788179397583007812e-02 5.322575569152832031e-02 1.201605796813964844e-02 1.643049716949462891e-02 1.168292760848999023e-02 2.933055162429809570e-02 0.000000000000000000e+00 6.825798749923706055e-02 1.096069812774658203e-02 9.408473968505859375e-03 6.570756435394287109e-03 2.263545989990234375e-03 4.923105239868164062e-03 7.969146966934204102e-02 1.096069812774658203e-02 1.199811697006225586e-02 9.965121746063232422e-03 1.106781363487243652e-01 2.047818899154663086e-02
5.960464477539062500e-08 5.182725191116333008e-02 5.806475877761840820e-02 7.818919420242309570e-02 4.349678754806518555e-02 5.525600910186767578e-02 7.610166072845458984e-02 7.828813791275024414e-02 7.052165269851684570e-02 7.844012975692749023e-02 7.052159309387207031e-02 8.027404546737670898e-02 5.525594949722290039e-02 7.921868562698364258e-02 4.920345544815063477e-02 2.962380647659301758e-02 1.503223180770874023e-02 8.027404546737670898e-02 5.182749032974243164e-02 7.994091510772705078e-02 3.892743587493896484e-02 6.825798749923706055e-02 0.000000000000000000e+00 7.921868562698364258e-02 7.766646146774291992e-02 7.482874393463134766e-02 7.052153348922729492e-02 6.333488225936889648e-02 1.143348217010498047e-02 7.921868562698364258e-02 8.025610446929931641e-02 7.822310924530029297e-02 4.242014884948730469e-02 4.777979850769042969e-02
7.921862602233886719e-02 2.739143371582031250e-02 2.115392684936523438e-02 1.029491424560546875e-03 3.572189807891845703e-02 2.396267652511596680e-02 3.117024898529052734e-03 9.305477142333984375e-04 8.697032928466796875e-03 7.785558700561523438e-04 8.697092533111572266e-03 1.055359840393066406e-03 2.396273612976074219e-02 0.000000000000000000e+00 1.284221410751342773e-01 1.088424921035766602e-01 6.418645381927490234e-02 1.055359840393066406e-03 2.739119529724121094e-02 7.222294807434082031e-04 4.029124975204467773e-02 1.096069812774658203e-02 7.921868562698364258e-02 0.000000000000000000e+00 1.552224159240722656e-03 4.389941692352294922e-03 8.697152137756347656e-03 1.588380336761474609e-02 9.065216779708862305e-02 0.000000000000000000e+00 1.037418842315673828e-03 9.955763816833496094e-04 1.216388344764709473e-01 3.143888711929321289e-02
7.766640186309814453e-02 2.583920955657958984e-02 1.960170269012451172e-02 5.227327346801757812e-04 3.416967391967773438e-02 2.241045236587524414e-02 1.564800739288330078e-03 6.216764450073242188e-04 7.144808769226074219e-03 7.736682891845703125e-04 7.144868373870849609e-03 2.607583999633789062e-03 2.241051197052001953e-02 1.552224159240722656e-03 1.268699169158935547e-01 1.072902679443359375e-01 6.263422966003417969e-02 2.607583999633789062e-03 2.583897113800048828e-02 2.274453639984130859e-03 3.873902559280395508e-02 9.408473968505859375e-03 7.766646146774291992e-02 1.552224159240722656e-03 0.000000000000000000e+00 2.837717533111572266e-03 7.144927978515625000e-03 1.433157920837402344e-02 8.909994363784790039e-02 1.552224159240722656e-03 2.589643001556396484e-03 5.566477775573730469e-04 1.200866103172302246e-01 2.988666296005249023e-02
7.482868432998657227e-02 2.300149202346801758e-02 1.676398515701293945e-02 3.360450267791748047e-03 3.133195638656616211e-02 1.957273483276367188e-02 1.272916793823242188e-03 3.459393978118896484e-03 4.307091236114501953e-03 3.611385822296142578e-03 4.307150840759277344e-03 5.445301532745361328e-03 1.957279443740844727e-02 4.389941692352294922e-03 1.240321993827819824e-01 1.044525504112243652e-01 5.979651212692260742e-02 5.445301532745361328e-03 2.300125360488891602e-02 5.112171173095703125e-03 3.590130805969238281e-02 6.570756435394287109e-03 7.482874393463134766e-02 4.389941692352294922e-03 2.837717533111572266e-03 0.000000000000000000e+00 4.307210445404052734e-03 1.149386167526245117e-02 8.626222610473632812e-02 4.389941692352294922e-03 5.427360534667968750e-03 3.394365310668945312e-03 1.172488927841186523e-01 2.704894542694091797e-02
7.052147388458251953e-02 1.869428157806396484e-02 1.245677471160888672e-02 7.667660713195800781e-03 2.702474594116210938e-02 1.526552438735961914e-02 5.580127239227294922e-03 7.766604423522949219e-03 1.192092895507812500e-07 7.918596267700195312e-03 5.960464477539062500e-08 9.752511978149414062e-03 1.526558399200439453e-02 8.697152137756347656e-03 1.197249889373779297e-01 1.001453399658203125e-01 5.548930168151855469e-02 9.752511978149414062e-03 1.869404315948486328e-02 9.419381618499755859e-03 3.159409761428833008e-02 2.263545989990234375e-03 7.052153348922729492e-02 8.697152137756347656e-03 7.144927978515625000e-03 4.307210445404052734e-03 0.000000000000000000e+00 7.186651229858398438e-03 8.195501565933227539e-02 8.697152137756347656e-03 9.734570980072021484e-03 7.701575756072998047e-03 1.129416823387145996e-01 2.274173498153686523e-02
6.333482265472412109e-02 1.150763034820556641e-02 5.270123481750488281e-03 1.485431194305419922e-02 1.983809471130371094e-02 8.078873157501220703e-03 1.276677846908569336e-02 1.495325565338134766e-02 7.186770439147949219e-03 1.510524749755859375e-02 7.186710834503173828e-03 1.693916320800781250e-02 8.078932762145996094e-03 1.588380336761474609e-02 1.125383377075195312e-01 9.295868873596191406e-02 4.830265045166015625e-02 1.693916320800781250e-02 1.150739192962646484e-02 1.660603284835815430e-02 2.440744638442993164e-02 4.923105239868164062e-03 6.333488225936889648e-02 1.588380336761474609e-02 1.433157920837402344e-02 1.149386167526245117e-02 7.186651229858398438e-03 0.000000000000000000e+00 7.476836442947387695e-02 1.588380336761474609e-02 1.692122220993041992e-02 1.488822698593139648e-02 1.057550311088562012e-01 1.555508375167846680e-02
1.143354177474975586e-02 6.326073408126831055e-02 6.949824094772338867e-02 8.962267637252807617e-02 5.493026971817016602e-02 6.668949127197265625e-02 8.753514289855957031e-02 8.972162008285522461e-02 8.195513486862182617e-02 8.987361192703247070e-02 8.195507526397705078e-02 9.170752763748168945e-02 6.668943166732788086e-02 9.065216779708862305e-02 3.776997327804565430e-02 1.819032430648803711e-02 2.646571397781372070e-02 9.170752763748168945e-02 6.326097249984741211e-02 9.137439727783203125e-02 5.036091804504394531e-02 7.969146966934204102e-02 1.143348217010498047e-02 9.065216779708862305e-02 8.909994363784790039e-02 8.626222610473632812e-02 8.195501565933227539e-02 7.476836442947387695e-02 0.000000000000000000e+00 9.065216779708862305e-02 9.168958663940429688e-02 8.965659141540527344e-02 3.098666667938232422e-02 5.921328067779541016e-02
7.921862602233886719e-02 2.739143371582031250e-02 2.115392684936523438e-02 1.029491424560546875e-03 3.572189807891845703e-02 2.396267652511596680e-02 3.117024898529052734e-03 9.305477142333984375e-04 8.697032928466796875e-03 7.785558700561523438e-04 8.697092533111572266e-03 1.055359840393066406e-03 2.396273612976074219e-02 0.000000000000000000e+00 1.284221410751342773e-01 1.088424921035766602e-01 6.418645381927490234e-02 1.055359840393066406e-03 2.739119529724121094e-02 7.222294807434082031e-04 4.029124975204467773e-02 1.096069812774658203e-02 7.921868562698364258e-02 0.000000000000000000e+00 1.552224159240722656e-03 4.389941692352294922e-03 8.697152137756347656e-03 1.588380336761474609e-02 9.065216779708862305e-02 0.000000000000000000e+00 1.037418842315673828e-03 9.955763816833496094e-04 1.216388344764709473e-01 3.143888711929321289e-02
8.025604486465454102e-02 2.842885255813598633e-02 2.219134569168090820e-02 2.066910266876220703e-03 3.675931692123413086e-02 2.500009536743164062e-02 4.154443740844726562e-03 1.967966556549072266e-03 9.734451770782470703e-03 1.815974712371826172e-03 9.734511375427246094e-03 1.794099807739257812e-05 2.500015497207641602e-02 1.037418842315673828e-03 1.294595599174499512e-01 1.098799109458923340e-01 6.522387266159057617e-02 1.794099807739257812e-05 2.842861413955688477e-02 3.151893615722656250e-04 4.132866859436035156e-02 1.199811697006225586e-02 8.025610446929931641e-02 1.037418842315673828e-03 2.589643001556396484e-03 5.427360534667968750e-03 9.734570980072021484e-03 1.692122220993041992e-02 9.168958663940429688e-02 1.037418842315673828e-03 0.000000000000000000e+00 2.032995223999023438e-03 1.226762533187866211e-01 3.247630596160888672e-02
7.822304964065551758e-02 2.639585733413696289e-02 2.015835046768188477e-02 3.391504287719726562e-05 3.472632169723510742e-02 2.296710014343261719e-02 2.121448516845703125e-03 6.502866744995117188e-05 7.701456546783447266e-03 2.170205116271972656e-04 7.701516151428222656e-03 2.050936222076416016e-03 2.296715974807739258e-02 9.955763816833496094e-04 1.274265646934509277e-01 1.078469157218933105e-01 6.319087743759155273e-02 2.050936222076416016e-03 2.639561891555786133e-02 1.717805862426757812e-03 3.929567337036132812e-02 9.965121746063232422e-03 7.822310924530029297e-02 9.955763816833496094e-04 5.566477775573730469e-04 3.394365310668945312e-03 7.701575756072998047e-03 1.488822698593139648e-02 8.965659141540527344e-02 9.955763816833496094e-04 2.032995223999023438e-03 0.000000000000000000e+00 1.206432580947875977e-01 3.044331073760986328e-02
4.242020845413208008e-02 9.424740076065063477e-02 1.004849076271057129e-01 1.206093430519104004e-01 8.591693639755249023e-02 9.767615795135498047e-02 1.185218095779418945e-01 1.207082867622375488e-01 1.129418015480041504e-01 1.208602786064147949e-01 1.129417419433593750e-01 1.226941943168640137e-01 9.767609834671020508e-02 1.216388344764709473e-01 6.783306598663330078e-03 1.279634237289428711e-02 5.745238065719604492e-02 1.226941943168640137e-01 9.424763917922973633e-02 1.223610639572143555e-01 8.134758472442626953e-02 1.106781363487243652e-01 4.242014884948730469e-02 1.216388344764709473e-01 1.200866103172302246e-01 1.172488927841186523e-01 1.129416823387145996e-01 1.057550311088562012e-01 3.098666667938232422e-02 1.216388344764709473e-01 1.226762533187866211e-01 1.206432580947875977e-01 0.000000000000000000e+00 9.019994735717773438e-02
4.777973890304565430e-02 4.047453403472900391e-03 1.028496026992797852e-02 3.040939569473266602e-02 4.283010959625244141e-03 7.476210594177246094e-03 2.832186222076416016e-02 3.050833940505981445e-02 2.274185419082641602e-02 3.066033124923706055e-02 2.274179458618164062e-02 3.249424695968627930e-02 7.476150989532470703e-03 3.143888711929321289e-02 9.698325395584106445e-02 7.740360498428344727e-02 3.274756669998168945e-02 3.249424695968627930e-02 4.047691822052001953e-03 3.216111660003662109e-02 8.852362632751464844e-03 2.047818899154663086e-02 4.777979850769042969e-02 3.143888711929321289e-02 2.988666296005249023e-02 2.704894542694091797e-02 2.274173498153686523e-02 1.555508375167846680e-02 5.921328067779541016e-02 3.143888711929321289e-02 3.247630596160888672e-02 3.044331073760986328e-02 9.019994735717773438e-02 0.000000000000000000e+00
