0.000000000000000000e+00 1.398613452911376953e-01 7.219087332487106323e-02 1.393969058990478516e-01 1.309480667114257812e-01 1.253939867019653320e-01 1.093377992510795593e-01 1.054584905505180359e-01 1.159361526370048523e-01 1.398315429687500000e-01 1.367490291595458984e-01 1.395781040191650391e-01 1.337159872055053711e-01 1.253939270973205566e-01 1.054584905505180359e-01 0.000000000000000000e+00 1.276977658271789551e-01 1.384991407394409180e-01 1.008909866213798523e-01 1.253939867019653320e-01 7.717328518629074097e-02 1.093377992510795593e-01 4.978858679533004761e-02 1.345745325088500977e-01 1.396499872207641602e-01 1.396821737289428711e-01 1.294243335723876953e-01 1.337159276008605957e-01 3.783642500638961792e-02 1.276977658271789551e-01 1.497685909271240234e-01 1.391645669937133789e-01 1.393704414367675781e-01 6.684689968824386597e-02
1.398613452911376953e-01 0.000000000000000000e+00 6.767046451568603516e-02 4.644393920898437500e-04 8.913278579711914062e-03 1.446735858917236328e-02 3.052353858947753906e-02 3.440284729003906250e-02 2.392518520355224609e-02 2.980232238769531250e-05 3.112316131591796875e-03 2.832412719726562500e-04 6.145358085632324219e-03 1.446741819381713867e-02 3.440284729003906250e-02 1.398613452911376953e-01 1.216357946395874023e-02 1.362204551696777344e-03 3.897035121917724609e-02 1.446735858917236328e-02 6.268805265426635742e-02 3.052353858947753906e-02 9.007275104522705078e-02 5.286812782287597656e-03 2.113580703735351562e-04 1.791715621948242188e-04 1.043701171875000000e-02 6.145417690277099609e-03 1.020249128341674805e-01 1.216357946395874023e-02 9.907245635986328125e-03 6.967782974243164062e-04 4.909038543701171875e-04 7.301443815231323242e-02
7.219087332487106323e-02 6.767046451568603516e-02 0.000000000000000000e+00 6.720602512359619141e-02 5.875718593597412109e-02 5.320310592651367188e-02 3.714692592620849609e-02 3.326761722564697266e-02 4.374527931213378906e-02 6.764066219329833984e-02 6.455814838409423828e-02 6.738722324371337891e-02 6.152510643005371094e-02 5.320304632186889648e-02 3.326761722564697266e-02 7.219087332487106323e-02 5.550688505172729492e-02 6.630825996398925781e-02 2.870011329650878906e-02 5.320310592651367188e-02 4.982411861419677734e-03 3.714692592620849609e-02 2.240228652954101562e-02 6.238365173339843750e-02 6.745910644531250000e-02 6.749129295349121094e-02 5.723345279693603516e-02 6.152504682540893555e-02 3.435444831848144531e-02 5.550688505172729492e-02 7.757771015167236328e-02 6.697368621826171875e-02 6.717956066131591797e-02 5.343973636627197266e-03
1.393969058990478516e-01 4.644393920898437500e-04 6.720602512359619141e-02 0.000000000000000000e+00 8.448839187622070312e-03 1.400291919708251953e-02 3.005909919738769531e-02 3.393840789794921875e-02 2.346074581146240234e-02 4.346370697021484375e-04 2.647876739501953125e-03 1.811981201171875000e-04 5.680918693542480469e-03 1.400297880172729492e-02 3.393840789794921875e-02 1.393969058990478516e-01 1.169914007186889648e-02 8.977651596069335938e-04 3.850591182708740234e-02 1.400291919708251953e-02 6.222361326217651367e-02 3.005909919738769531e-02 8.960831165313720703e-02 4.822373390197753906e-03 2.530813217163085938e-04 2.852678298950195312e-04 9.972572326660156250e-03 5.680978298187255859e-03 1.015604734420776367e-01 1.169914007186889648e-02 1.037168502807617188e-02 2.323389053344726562e-04 2.646446228027343750e-05 7.254999876022338867e-02
1.309480667114257812e-01 8.913278579711914062e-03 5.875718593597412109e-02 8.448839187622070312e-03 0.000000000000000000e+00 5.554080009460449219e-03 2.161026000976562500e-02 2.548956871032714844e-02 1.501190662384033203e-02 8.883476257324218750e-03 5.800962448120117188e-03 8.630037307739257812e-03 2.767920494079589844e-03 5.554139614105224609e-03 2.548956871032714844e-02 1.309480667114257812e-01 3.250300884246826172e-03 7.551074028015136719e-03 3.005707263946533203e-02 5.554080009460449219e-03 5.377477407455444336e-02 2.161026000976562500e-02 8.115947246551513672e-02 3.626465797424316406e-03 8.701920509338378906e-03 8.734107017517089844e-03 1.523733139038085938e-03 2.767860889434814453e-03 9.311163425445556641e-02 3.250300884246826172e-03 1.882052421569824219e-02 8.216500282287597656e-03 8.422374725341796875e-03 6.410115957260131836e-02
1.253939867019653320e-01 1.446735858917236328e-02 5.320310592651367188e-02 1.400291919708251953e-02 5.554080009460449219e-03 0.000000000000000000e+00 1.605618000030517578e-02 1.993548870086669922e-02 9.457826614379882812e-03 1.443755626678466797e-02 1.135504245758056641e-02 1.418411731719970703e-02 8.322000503540039062e-03 5.960464477539062500e-08 1.993548870086669922e-02 1.253939867019653320e-01 2.303779125213623047e-03 1.310515403747558594e-02 2.450299263000488281e-02 0.000000000000000000e+00 4.822069406509399414e-02 1.605618000030517578e-02 7.560539245605468750e-02 9.180545806884765625e-03 1.425600051879882812e-02 1.428818702697753906e-02 4.030346870422363281e-03 8.321940898895263672e-03 8.755755424499511719e-02 2.303779125213623047e-03 2.437460422515869141e-02 1.377058029174804688e-02 1.397645473480224609e-02 5.854707956314086914e-02
1.093377992510795593e-01 3.052353858947753906e-02 3.714692592620849609e-02 3.005909919738769531e-02 2.161026000976562500e-02 1.605618000030517578e-02 0.000000000000000000e+00 3.879308700561523438e-03 6.598353385925292969e-03 3.049373626708984375e-02 2.741122245788574219e-02 3.024029731750488281e-02 2.437818050384521484e-02 1.605612039566040039e-02 3.879308700561523438e-03 1.093377992510795593e-01 1.835995912551879883e-02 2.916133403778076172e-02 8.446812629699707031e-03 1.605618000030517578e-02 3.216451406478881836e-02 0.000000000000000000e+00 5.954921245574951172e-02 2.523672580718994141e-02 3.031218051910400391e-02 3.034436702728271484e-02 2.008652687072753906e-02 2.437812089920043945e-02 7.150137424468994141e-02 1.835995912551879883e-02 4.043078422546386719e-02 2.982676029205322266e-02 3.003263473510742188e-02 4.249089956283569336e-02
1.054584905505180359e-01 3.440284729003906250e-02 3.326761722564697266e-02 3.393840789794921875e-02 2.548956871032714844e-02 1.993548870086669922e-02 3.879308700561523438e-03 0.000000000000000000e+00 1.047766208648681641e-02 3.437304496765136719e-02 3.129053115844726562e-02 3.411960601806640625e-02 2.825748920440673828e-02 1.993542909622192383e-02 0.000000000000000000e+00 1.054584905505180359e-01 2.223926782608032227e-02 3.304064273834228516e-02 4.567503929138183594e-03 1.993548870086669922e-02 2.828520536422729492e-02 3.879308700561523438e-03 5.566990375518798828e-02 2.911603450775146484e-02 3.419148921966552734e-02 3.422367572784423828e-02 2.396583557128906250e-02 2.825742959976196289e-02 6.762206554412841797e-02 2.223926782608032227e-02 4.431009292602539062e-02 3.370606899261474609e-02 3.391194343566894531e-02 3.861159086227416992e-02
1.159361526370048523e-01 2.392518520355224609e-02 4.374527931213378906e-02 2.346074581146240234e-02 1.501190662384033203e-02 9.457826614379882812e-03 6.598353385925292969e-03 1.047766208648681641e-02 0.000000000000000000e+00 2.389538288116455078e-02 2.081286907196044922e-02 2.364194393157958984e-02 1.777982711791992188e-02 9.457767009735107422e-03 1.047766208648681641e-02 1.159361526370048523e-01 1.176160573959350586e-02 2.256298065185546875e-02 1.504516601562500000e-02 9.457826614379882812e-03 3.876286745071411133e-02 6.598353385925292969e-03 6.614756584167480469e-02 1.863837242126464844e-02 2.371382713317871094e-02 2.374601364135742188e-02 1.348817348480224609e-02 1.777976751327514648e-02 7.809972763061523438e-02 1.176160573959350586e-02 3.383243083953857422e-02 2.322840690612792969e-02 2.343428134918212891e-02 4.908925294876098633e-02
1.398315429687500000e-01 2.980232238769531250e-05 6.764066219329833984e-02 4.346370697021484375e-04 8.883476257324218750e-03 1.443755626678466797e-02 3.049373626708984375e-02 3.437304496765136719e-02 2.389538288116455078e-02 0.000000000000000000e+00 3.082513809204101562e-03 2.534389495849609375e-04 6.115555763244628906e-03 1.443761587142944336e-02 3.437304496765136719e-02 1.398315429687500000e-01 1.213377714157104492e-02 1.332402229309082031e-03 3.894054889678955078e-02 1.443755626678466797e-02 6.265825033187866211e-02 3.049373626708984375e-02 9.004294872283935547e-02 5.257010459899902344e-03 1.815557479858398438e-04 1.493692398071289062e-04 1.040720939636230469e-02 6.115615367889404297e-03 1.019951105117797852e-01 1.213377714157104492e-02 9.937047958374023438e-03 6.669759750366210938e-04 4.611015319824218750e-04 7.298463582992553711e-02
1.367490291595458984e-01 3.112316131591796875e-03 6.455814838409423828e-02 2.647876739501953125e-03 5.800962448120117188e-03 1.135504245758056641e-02 2.741122245788574219e-02 3.129053115844726562e-02 2.081286907196044922e-02 3.082513809204101562e-03 0.000000000000000000e+00 2.829074859619140625e-03 3.033041954040527344e-03 1.135510206222534180e-02 3.129053115844726562e-02 1.367490291595458984e-01 9.051263332366943359e-03 1.750111579895019531e-03 3.585803508758544922e-02 1.135504245758056641e-02 5.957573652267456055e-02 2.741122245788574219e-02 8.696043491363525391e-02 2.174496650695800781e-03 2.900958061218261719e-03 2.933144569396972656e-03 7.324695587158203125e-03 3.033101558685302734e-03 9.891259670257568359e-02 9.051263332366943359e-03 1.301956176757812500e-02 2.415537834167480469e-03 2.621412277221679688e-03 6.990212202072143555e-02
1.395781040191650391e-01 2.832412719726562500e-04 6.738722324371337891e-02 1.811981201171875000e-04 8.630037307739257812e-03 1.418411731719970703e-02 3.024029731750488281e-02 3.411960601806640625e-02 2.364194393157958984e-02 2.534389495849609375e-04 2.829074859619140625e-03 0.000000000000000000e+00 5.862116813659667969e-03 1.418417692184448242e-02 3.411960601806640625e-02 1.395781040191650391e-01 1.188033819198608398e-02 1.078963279724121094e-03 3.868710994720458984e-02 1.418411731719970703e-02 6.240481138229370117e-02 3.024029731750488281e-02 8.978950977325439453e-02 5.003571510314941406e-03 7.188320159912109375e-05 1.040697097778320312e-04 1.015377044677734375e-02 5.862176418304443359e-03 1.017416715621948242e-01 1.188033819198608398e-02 1.019048690795898438e-02 4.135370254516601562e-04 2.076625823974609375e-04 7.273119688034057617e-02
1.337159872055053711e-01 6.145358085632324219e-03 6.152510643005371094e-02 5.680918693542480469e-03 2.767920494079589844e-03 8.322000503540039062e-03 2.437818050384521484e-02 2.825748920440673828e-02 1.777982711791992188e-02 6.115555763244628906e-03 3.033041954040527344e-03 5.862116813659667969e-03 0.000000000000000000e+00 8.322060108184814453e-03 2.825748920440673828e-02 1.337159872055053711e-01 6.018221378326416016e-03 4.783153533935546875e-03 3.282499313354492188e-02 8.322000503540039062e-03 5.654269456863403320e-02 2.437818050384521484e-02 8.392739295959472656e-02 8.585453033447265625e-04 5.934000015258789062e-03 5.966186523437500000e-03 4.291653633117675781e-03 5.960464477539062500e-08 9.587955474853515625e-02 6.018221378326416016e-03 1.605260372161865234e-02 5.448579788208007812e-03 5.654454231262207031e-03 6.686908006668090820e-02
1.253939270973205566e-01 1.446741819381713867e-02 5.320304632186889648e-02 1.400297880172729492e-02 5.554139614105224609e-03 5.960464477539062500e-08 1.605612039566040039e-02 1.993542909622192383e-02 9.457767009735107422e-03 1.443761587142944336e-02 1.135510206222534180e-02 1.418417692184448242e-02 8.322060108184814453e-03 0.000000000000000000e+00 1.993542909622192383e-02 1.253939270973205566e-01 2.303838729858398438e-03 1.310521364212036133e-02 2.450293302536010742e-02 5.960464477539062500e-08 4.822063446044921875e-02 1.605612039566040039e-02 7.560533285140991211e-02 9.180605411529541016e-03 1.425606012344360352e-02 1.428824663162231445e-02 4.030406475067138672e-03 8.322000503540039062e-03 8.755749464035034180e-02 2.303838729858398438e-03 2.437466382980346680e-02 1.377063989639282227e-02 1.397651433944702148e-02 5.854701995849609375e-02
1.054584905505180359e-01 3.440284729003906250e-02 3.326761722564697266e-02 3.393840789794921875e-02 2.548956871032714844e-02 1.993548870086669922e-02 3.879308700561523438e-03 0.000000000000000000e+00 1.047766208648681641e-02 3.437304496765136719e-02 3.129053115844726562e-02 3.411960601806640625e-02 2.825748920440673828e-02 1.993542909622192383e-02 0.000000000000000000e+00 1.054584905505180359e-01 2.223926782608032227e-02 3.304064273834228516e-02 4.567503929138183594e-03 1.993548870086669922e-02 2.828520536422729492e-02 3.879308700561523438e-03 5.566990375518798828e-02 2.911603450775146484e-02 3.419148921966552734e-02 3.422367572784423828e-02 2.396583557128906250e-02 2.825742959976196289e-02 6.762206554412841797e-02 2.223926782608032227e-02 4.431009292602539062e-02 3.370606899261474609e-02 3.391194343566894531e-02 3.861159086227416992e-02
0.000000000000000000e+00 1.398613452911376953e-01 7.219087332487106323e-02 1.393969058990478516e-01 1.309480667114257812e-01 1.253939867019653320e-01 1.093377992510795593e-01 1.054584905505180359e-01 1.159361526370048523e-01 1.398315429687500000e-01 1.367490291595458984e-01 1.395781040191650391e-01 1.337159872055053711e-01 1.253939270973205566e-01 1.054584905505180359e-01 0.000000000000000000e+00 1.276977658271789551e-01 1.384991407394409180e-01 1.008909866213798523e-01 1.253939867019653320e-01 7.717328518629074097e-02 1.093377992510795593e-01 4.978858679533004761e-02 1.345745325088500977e-01 1.396499872207641602e-01 1.396821737289428711e-01 1.294243335723876953e-01 1.337159276008605957e-01 3.783642500638961792e-02 1.276977658271789551e-01 1.497685909271240234e-01 1.391645669937133789e-01 1.393704414367675781e-01 6.684689968824386597e-02
1.276977658271789551e-01 1.216357946395874023e-02 5.550688505172729492e-02 1.169914007186889648e-02 3.250300884246826172e-03 2.303779125213623047e-03 1.835995912551879883e-02 2.223926782608032227e-02 1.176160573959350586e-02 1.213377714157104492e-02 9.051263332366943359e-03 1.188033819198608398e-02 6.018221378326416016e-03 2.303838729858398438e-03 2.223926782608032227e-02 1.276977658271789551e-01 0.000000000000000000e+00 1.080137491226196289e-02 2.680677175521850586e-02 2.303779125213623047e-03 5.052447319030761719e-02 1.835995912551879883e-02 7.790917158126831055e-02 6.876766681671142578e-03 1.195222139358520508e-02 1.198440790176391602e-02 1.726567745208740234e-03 6.018161773681640625e-03 8.986133337020874023e-02 0.000000000000000000e+00 2.207082509994506836e-02 1.146680116653442383e-02 1.167267560958862305e-02 6.085085868835449219e-02
1.384991407394409180e-01 1.362204551696777344e-03 6.630825996398925781e-02 8.977651596069335938e-04 7.551074028015136719e-03 1.310515403747558594e-02 2.916133403778076172e-02 3.304064273834228516e-02 2.256298065185546875e-02 1.332402229309082031e-03 1.750111579895019531e-03 1.078963279724121094e-03 4.783153533935546875e-03 1.310521364212036133e-02 3.304064273834228516e-02 1.384991407394409180e-01 1.080137491226196289e-02 0.000000000000000000e+00 3.760814666748046875e-02 1.310515403747558594e-02 6.132584810256958008e-02 2.916133403778076172e-02 8.871054649353027344e-02 3.924608230590820312e-03 1.150846481323242188e-03 1.183032989501953125e-03 9.074807167053222656e-03 4.783213138580322266e-03 1.006627082824707031e-01 1.080137491226196289e-02 1.126945018768310547e-02 6.654262542724609375e-04 8.713006973266601562e-04 7.165223360061645508e-02
1.008909866213798523e-01 3.897035121917724609e-02 2.870011329650878906e-02 3.850591182708740234e-02 3.005707263946533203e-02 2.450299263000488281e-02 8.446812629699707031e-03 4.567503929138183594e-03 1.504516601562500000e-02 3.894054889678955078e-02 3.585803508758544922e-02 3.868710994720458984e-02 3.282499313354492188e-02 2.450293302536010742e-02 4.567503929138183594e-03 1.008909866213798523e-01 2.680677175521850586e-02 3.760814666748046875e-02 0.000000000000000000e+00 2.450299263000488281e-02 2.371770143508911133e-02 8.446812629699707031e-03 5.110239982604980469e-02 3.368353843688964844e-02 3.875899314880371094e-02 3.879117965698242188e-02 2.853333950042724609e-02 3.282493352890014648e-02 6.305456161499023438e-02 2.680677175521850586e-02 4.887759685516357422e-02 3.827357292175292969e-02 3.847944736480712891e-02 3.404408693313598633e-02
1.253939867019653320e-01 1.446735858917236328e-02 5.320310592651367188e-02 1.400291919708251953e-02 5.554080009460449219e-03 0.000000000000000000e+00 1.605618000030517578e-02 1.993548870086669922e-02 9.457826614379882812e-03 1.443755626678466797e-02 1.135504245758056641e-02 1.418411731719970703e-02 8.322000503540039062e-03 5.960464477539062500e-08 1.993548870086669922e-02 1.253939867019653320e-01 2.303779125213623047e-03 1.310515403747558594e-02 2.450299263000488281e-02 0.000000000000000000e+00 4.822069406509399414e-02 1.605618000030517578e-02 7.560539245605468750e-02 9.180545806884765625e-03 1.425600051879882812e-02 1.428818702697753906e-02 4.030346870422363281e-03 8.321940898895263672e-03 8.755755424499511719e-02 2.303779125213623047e-03 2.437460422515869141e-02 1.377058029174804688e-02 1.397645473480224609e-02 5.854707956314086914e-02
7.717328518629074097e-02 6.268805265426635742e-02 4.982411861419677734e-03 6.222361326217651367e-02 5.377477407455444336e-02 4.822069406509399414e-02 3.216451406478881836e-02 2.828520536422729492e-02 3.876286745071411133e-02 6.265825033187866211e-02 5.957573652267456055e-02 6.240481138229370117e-02 5.654269456863403320e-02 4.822063446044921875e-02 2.828520536422729492e-02 7.717328518629074097e-02 5.052447319030761719e-02 6.132584810256958008e-02 2.371770143508911133e-02 4.822069406509399414e-02 0.000000000000000000e+00 3.216451406478881836e-02 2.738469839096069336e-02 5.740123987197875977e-02 6.247669458389282227e-02 6.250888109207153320e-02 5.225104093551635742e-02 5.654263496398925781e-02 3.933686017990112305e-02 5.052447319030761719e-02 7.259529829025268555e-02 6.199127435684204102e-02 6.219714879989624023e-02 1.032638549804687500e-02
1.093377992510795593e-01 3.052353858947753906e-02 3.714692592620849609e-02 3.005909919738769531e-02 2.161026000976562500e-02 1.605618000030517578e-02 0.000000000000000000e+00 3.879308700561523438e-03 6.598353385925292969e-03 3.049373626708984375e-02 2.741122245788574219e-02 3.024029731750488281e-02 2.437818050384521484e-02 1.605612039566040039e-02 3.879308700561523438e-03 1.093377992510795593e-01 1.835995912551879883e-02 2.916133403778076172e-02 8.446812629699707031e-03 1.605618000030517578e-02 3.216451406478881836e-02 0.000000000000000000e+00 5.954921245574951172e-02 2.523672580718994141e-02 3.031218051910400391e-02 3.034436702728271484e-02 2.008652687072753906e-02 2.437812089920043945e-02 7.150137424468994141e-02 1.835995912551879883e-02 4.043078422546386719e-02 2.982676029205322266e-02 3.003263473510742188e-02 4.249089956283569336e-02
4.978858679533004761e-02 9.007275104522705078e-02 2.240228652954101562e-02 8.960831165313720703e-02 8.115947246551513672e-02 7.560539245605468750e-02 5.954921245574951172e-02 5.566990375518798828e-02 6.614756584167480469e-02 9.004294872283935547e-02 8.696043491363525391e-02 8.978950977325439453e-02 8.392739295959472656e-02 7.560533285140991211e-02 5.566990375518798828e-02 4.978858679533004761e-02 7.790917158126831055e-02 8.871054649353027344e-02 5.110239982604980469e-02 7.560539245605468750e-02 2.738469839096069336e-02 5.954921245574951172e-02 0.000000000000000000e+00 8.478593826293945312e-02 8.986139297485351562e-02 8.989357948303222656e-02 7.963573932647705078e-02 8.392733335494995117e-02 1.195216178894042969e-02 7.790917158126831055e-02 9.997999668121337891e-02 8.937597274780273438e-02 8.958184719085693359e-02 1.705831289291381836e-02
1.345745325088500977e-01 5.286812782287597656e-03 6.238365173339843750e-02 4.822373390197753906e-03 3.626465797424316406e-03 9.180545806884765625e-03 2.523672580718994141e-02 2.911603450775146484e-02 1.863837242126464844e-02 5.257010459899902344e-03 2.174496650695800781e-03 5.003571510314941406e-03 8.585453033447265625e-04 9.180605411529541016e-03 2.911603450775146484e-02 1.345745325088500977e-01 6.876766681671142578e-03 3.924608230590820312e-03 3.368353843688964844e-02 9.180545806884765625e-03 5.740123987197875977e-02 2.523672580718994141e-02 8.478593826293945312e-02 0.000000000000000000e+00 5.075454711914062500e-03 5.107641220092773438e-03 5.150198936462402344e-03 8.586049079895019531e-04 9.673810005187988281e-02 6.876766681671142578e-03 1.519405841827392578e-02 4.590034484863281250e-03 4.795908927917480469e-03 6.772762537002563477e-02
1.396499872207641602e-01 2.113580703735351562e-04 6.745910644531250000e-02 2.530813217163085938e-04 8.701920509338378906e-03 1.425600051879882812e-02 3.031218051910400391e-02 3.419148921966552734e-02 2.371382713317871094e-02 1.815557479858398438e-04 2.900958061218261719e-03 7.188320159912109375e-05 5.934000015258789062e-03 1.425606012344360352e-02 3.419148921966552734e-02 1.396499872207641602e-01 1.195222139358520508e-02 1.150846481323242188e-03 3.875899314880371094e-02 1.425600051879882812e-02 6.247669458389282227e-02 3.031218051910400391e-02 8.986139297485351562e-02 5.075454711914062500e-03 0.000000000000000000e+00 3.218650817871093750e-05 1.022565364837646484e-02 5.934059619903564453e-03 1.018135547637939453e-01 1.195222139358520508e-02 1.011860370635986328e-02 4.854202270507812500e-04 2.795457839965820312e-04 7.280308008193969727e-02
1.396821737289428711e-01 1.791715621948242188e-04 6.749129295349121094e-02 2.852678298950195312e-04 8.734107017517089844e-03 1.428818702697753906e-02 3.034436702728271484e-02 3.422367572784423828e-02 2.374601364135742188e-02 1.493692398071289062e-04 2.933144569396972656e-03 1.040697097778320312e-04 5.966186523437500000e-03 1.428824663162231445e-02 3.422367572784423828e-02 1.396821737289428711e-01 1.198440790176391602e-02 1.183032989501953125e-03 3.879117965698242188e-02 1.428818702697753906e-02 6.250888109207153320e-02 3.034436702728271484e-02 8.989357948303222656e-02 5.107641220092773438e-03 3.218650817871093750e-05 0.000000000000000000e+00 1.025784015655517578e-02 5.966246128082275391e-03 1.018457412719726562e-01 1.198440790176391602e-02 1.008641719818115234e-02 5.176067352294921875e-04 3.117322921752929688e-04 7.283526659011840820e-02
1.294243335723876953e-01 1.043701171875000000e-02 5.723345279693603516e-02 9.972572326660156250e-03 1.523733139038085938e-03 4.030346870422363281e-03 2.008652687072753906e-02 2.396583557128906250e-02 1.348817348480224609e-02 1.040720939636230469e-02 7.324695587158203125e-03 1.015377044677734375e-02 4.291653633117675781e-03 4.030406475067138672e-03 2.396583557128906250e-02 1.294243335723876953e-01 1.726567745208740234e-03 9.074807167053222656e-03 2.853333950042724609e-02 4.030346870422363281e-03 5.225104093551635742e-02 2.008652687072753906e-02 7.963573932647705078e-02 5.150198936462402344e-03 1.022565364837646484e-02 1.025784015655517578e-02 0.000000000000000000e+00 4.291594028472900391e-03 9.158790111541748047e-02 1.726567745208740234e-03 2.034425735473632812e-02 9.740233421325683594e-03 9.946107864379882812e-03 6.257742643356323242e-02
1.337159276008605957e-01 6.145417690277099609e-03 6.152504682540893555e-02 5.680978298187255859e-03 2.767860889434814453e-03 8.321940898895263672e-03 2.437812089920043945e-02 2.825742959976196289e-02 1.777976751327514648e-02 6.115615367889404297e-03 3.033101558685302734e-03 5.862176418304443359e-03 5.960464477539062500e-08 8.322000503540039062e-03 2.825742959976196289e-02 1.337159276008605957e-01 6.018161773681640625e-03 4.783213138580322266e-03 3.282493352890014648e-02 8.321940898895263672e-03 5.654263496398925781e-02 2.437812089920043945e-02 8.392733335494995117e-02 8.586049079895019531e-04 5.934059619903564453e-03 5.966246128082275391e-03 4.291594028472900391e-03 0.000000000000000000e+00 9.587949514389038086e-02 6.018161773681640625e-03 1.605266332626342773e-02 5.448639392852783203e-03 5.654513835906982422e-03 6.686902046203613281e-02
3.783642500638961792e-02 1.020249128341674805e-01 3.435444831848144531e-02 1.015604734420776367e-01 9.311163425445556641e-02 8.755755424499511719e-02 7.150137424468994141e-02 6.762206554412841797e-02 7.809972763061523438e-02 1.019951105117797852e-01 9.891259670257568359e-02 1.017416715621948242e-01 9.587955474853515625e-02 8.755749464035034180e-02 6.762206554412841797e-02 3.783642500638961792e-02 8.986133337020874023e-02 1.006627082824707031e-01 6.305456161499023438e-02 8.755755424499511719e-02 3.933686017990112305e-02 7.150137424468994141e-02 1.195216178894042969e-02 9.673810005187988281e-02 1.018135547637939453e-01 1.018457412719726562e-01 9.158790111541748047e-02 9.587949514389038086e-02 0.000000000000000000e+00 8.986133337020874023e-02 1.119321584701538086e-01 1.013281345367431641e-01 1.015340089797973633e-01 2.901047468185424805e-02
1.276977658271789551e-01 1.216357946395874023e-02 5.550688505172729492e-02 1.169914007186889648e-02 3.250300884246826172e-03 2.303779125213623047e-03 1.835995912551879883e-02 2.223926782608032227e-02 1.176160573959350586e-02 1.213377714157104492e-02 9.051263332366943359e-03 1.188033819198608398e-02 6.018221378326416016e-03 2.303838729858398438e-03 2.223926782608032227e-02 1.276977658271789551e-01 0.000000000000000000e+00 1.080137491226196289e-02 2.680677175521850586e-02 2.303779125213623047e-03 5.052447319030761719e-02 1.835995912551879883e-02 7.790917158126831055e-02 6.876766681671142578e-03 1.195222139358520508e-02 1.198440790176391602e-02 1.726567745208740234e-03 6.018161773681640625e-03 8.986133337020874023e-02 0.000000000000000000e+00 2.207082509994506836e-02 1.146680116653442383e-02 1.167267560958862305e-02 6.085085868835449219e-02
1.497685909271240234e-01 9.907245635986328125e-03 7.757771015167236328e-02 1.037168502807617188e-02 1.882052421569824219e-02 2.437460422515869141e-02 4.043078422546386719e-02 4.431009292602539062e-02 3.383243083953857422e-02 9.937047958374023438e-03 1.301956176757812500e-02 1.019048690795898438e-02 1.605260372161865234e-02 2.437466382980346680e-02 4.431009292602539062e-02 1.497685909271240234e-01 2.207082509994506836e-02 1.126945018768310547e-02 4.887759685516357422e-02 2.437460422515869141e-02 7.259529829025268555e-02 4.043078422546386719e-02 9.997999668121337891e-02 1.519405841827392578e-02 1.011860370635986328e-02 1.008641719818115234e-02 2.034425735473632812e-02 1.605266332626342773e-02 1.119321584701538086e-01 2.207082509994506836e-02 0.000000000000000000e+00 1.060402393341064453e-02 1.039814949035644531e-02 8.292168378829956055e-02
1.391645669937133789e-01 6.967782974243164062e-04 6.697368621826171875e-02 2.323389053344726562e-04 8.216500282287597656e-03 1.377058029174804688e-02 2.982676029205322266e-02 3.370606899261474609e-02 2.322840690612792969e-02 6.669759750366210938e-04 2.415537834167480469e-03 4.135370254516601562e-04 5.448579788208007812e-03 1.377063989639282227e-02 3.370606899261474609e-02 1.391645669937133789e-01 1.146680116653442383e-02 6.654262542724609375e-04 3.827357292175292969e-02 1.377058029174804688e-02 6.199127435684204102e-02 2.982676029205322266e-02 8.937597274780273438e-02 4.590034484863281250e-03 4.854202270507812500e-04 5.176067352294921875e-04 9.740233421325683594e-03 5.448639392852783203e-03 1.013281345367431641e-01 1.146680116653442383e-02 1.060402393341064453e-02 0.000000000000000000e+00 2.058744430541992188e-04 7.231765985488891602e-02
1.393704414367675781e-01 4.909038543701171875e-04 6.717956066131591797e-02 2.646446228027343750e-05 8.422374725341796875e-03 1.397645473480224609e-02 3.003263473510742188e-02 3.391194343566894531e-02 2.343428134918212891e-02 4.611015319824218750e-04 2.621412277221679688e-03 2.076625823974609375e-04 5.654454231262207031e-03 1.397651433944702148e-02 3.391194343566894531e-02 1.393704414367675781e-01 1.167267560958862305e-02 8.713006973266601562e-04 3.847944736480712891e-02 1.397645473480224609e-02 6.219714879989624023e-02 3.003263473510742188e-02 8.958184719085693359e-02 4.795908927917480469e-03 2.795457839965820312e-04 3.117322921752929688e-04 9.946107864379882812e-03 5.654513835906982422e-03 1.015340089797973633e-01 1.167267560958862305e-02 1.039814949035644531e-02 2.058744430541992188e-04 0.000000000000000000e+00 7.252353429794311523e-02
6.684689968824386597e-02 7.301443815231323242e-02 5.343973636627197266e-03 7.254999876022338867e-02 6.410115957260131836e-02 5.854707956314086914e-02 4.249089956283569336e-02 3.861159086227416992e-02 4.908925294876098633e-02 7.298463582992553711e-02 6.990212202072143555e-02 7.273119688034057617e-02 6.686908006668090820e-02 5.854701995849609375e-02 3.861159086227416992e-02 6.684689968824386597e-02 6.085085868835449219e-02 7.165223360061645508e-02 3.404408693313598633e-02 5.854707956314086914e-02 1.032638549804687500e-02 4.249089956283569336e-02 1.705831289291381836e-02 6.772762537002563477e-02 7.280308008193969727e-02 7.283526659011840820e-02 6.257742643356323242e-02 6.686902046203613281e-02 2.901047468185424805e-02 6.085085868835449219e-02 8.292168378829956055e-02 7.231765985488891602e-02 7.252353429794311523e-02 0.000000000000000000e+00
