0.000000000000000000e+00 8.605008572340011597e-02 1.503788232803344727e-01 1.821962594985961914e-01 5.267249792814254761e-02 1.412359476089477539e-01 1.806895136833190918e-01 1.815289258956909180e-01 1.232303306460380554e-01 1.815290451049804688e-01 1.777470111846923828e-01 1.788357496261596680e-01 1.829739212989807129e-01 1.585809588432312012e-01 8.230960369110107422e-02 8.077394217252731323e-02 1.735735535621643066e-01 2.108311057090759277e-01 1.818470954895019531e-01 1.444647312164306641e-01 1.060554906725883484e-01 1.698396205902099609e-01 1.060554906725883484e-01 1.585808992385864258e-01 1.752765774726867676e-01 1.827906370162963867e-01 1.698396205902099609e-01 1.752765774726867676e-01 1.191574260592460632e-01 1.829046010971069336e-01 2.108311653137207031e-01 1.307598352432250977e-01 1.825426816940307617e-01 5.847423523664474487e-02
8.605008572340011597e-02 0.000000000000000000e+00 6.432873010635375977e-02 9.614616632461547852e-02 3.337758779525756836e-02 5.518585443496704102e-02 9.463942050933837891e-02 9.547883272171020508e-02 3.718024492263793945e-02 9.547895193099975586e-02 9.169691801071166992e-02 9.278565645217895508e-02 9.692382812500000000e-02 7.253086566925048828e-02 1.683596968650817871e-01 5.276143550872802734e-03 8.752346038818359375e-02 1.247810125350952148e-01 9.579700231552124023e-02 5.841463804244995117e-02 2.000540494918823242e-02 8.378952741622924805e-02 2.000540494918823242e-02 7.253080606460571289e-02 8.922648429870605469e-02 9.674054384231567383e-02 8.378952741622924805e-02 8.922648429870605469e-02 3.310734033584594727e-02 9.685450792312622070e-02 1.247810721397399902e-01 4.470974206924438477e-02 9.649258852005004883e-02 2.757585048675537109e-02
1.503788232803344727e-01 6.432873010635375977e-02 0.000000000000000000e+00 3.181743621826171875e-02 9.770631790161132812e-02 9.142875671386718750e-03 3.031069040298461914e-02 3.115010261535644531e-02 2.714848518371582031e-02 3.115022182464599609e-02 2.736818790435791016e-02 2.845692634582519531e-02 3.259509801864624023e-02 8.202135562896728516e-03 2.326884269714355469e-01 6.960487365722656250e-02 2.319473028182983398e-02 6.045228242874145508e-02 3.146827220916748047e-02 5.914092063903808594e-03 4.432332515716552734e-02 1.946079730987548828e-02 4.432332515716552734e-02 8.202075958251953125e-03 2.489775419235229492e-02 3.241181373596191406e-02 1.946079730987548828e-02 2.489775419235229492e-02 3.122138977050781250e-02 3.252577781677246094e-02 6.045234203338623047e-02 1.961898803710937500e-02 3.216385841369628906e-02 9.190458059310913086e-02
1.821962594985961914e-01 9.614616632461547852e-02 3.181743621826171875e-02 0.000000000000000000e+00 1.295237541198730469e-01 4.096031188964843750e-02 1.506745815277099609e-03 6.673336029052734375e-04 5.896592140197753906e-02 6.672143936157226562e-04 4.449248313903808594e-03 3.360509872436523438e-03 7.776618003845214844e-04 2.361530065536499023e-02 2.645058631896972656e-01 1.014223098754882812e-01 8.622705936431884766e-03 2.863484621047973633e-02 3.491640090942382812e-04 3.773152828216552734e-02 7.614076137542724609e-02 1.235663890838623047e-02 7.614076137542724609e-02 2.361536026000976562e-02 6.919682025909423828e-03 5.943775177001953125e-04 1.235663890838623047e-02 6.919682025909423828e-03 6.303882598876953125e-02 7.083415985107421875e-04 2.863490581512451172e-02 5.143642425537109375e-02 3.464221954345703125e-04 1.237220168113708496e-01
5.267249792814254761e-02 3.337758779525756836e-02 9.770631790161132812e-02 1.295237541198730469e-01 0.000000000000000000e+00 8.856344223022460938e-02 1.280170083045959473e-01 1.288564205169677734e-01 7.055783271789550781e-02 1.288565397262573242e-01 1.250745058059692383e-01 1.261632442474365234e-01 1.303014159202575684e-01 1.059084534645080566e-01 1.349821090698242188e-01 2.810144424438476562e-02 1.209010481834411621e-01 1.581586003303527832e-01 1.291745901107788086e-01 9.179222583770751953e-02 5.338299274444580078e-02 1.171671152114868164e-01 5.338299274444580078e-02 1.059083938598632812e-01 1.226040720939636230e-01 1.301181316375732422e-01 1.171671152114868164e-01 1.226040720939636230e-01 6.648492813110351562e-02 1.302320957183837891e-01 1.581586599349975586e-01 7.808732986450195312e-02 1.298701763153076172e-01 5.801737308502197266e-03
1.412359476089477539e-01 5.518585443496704102e-02 9.142875671386718750e-03 4.096031188964843750e-02 8.856344223022460938e-02 0.000000000000000000e+00 3.945356607437133789e-02 4.029297828674316406e-02 1.800560951232910156e-02 4.029309749603271484e-02 3.651106357574462891e-02 3.759980201721191406e-02 4.173797369003295898e-02 1.734501123428344727e-02 2.235455513000488281e-01 6.046199798583984375e-02 3.233760595321655273e-02 6.959515810012817383e-02 4.061114788055419922e-02 3.228783607482910156e-03 3.518044948577880859e-02 2.860367298126220703e-02 3.518044948577880859e-02 1.734495162963867188e-02 3.404062986373901367e-02 4.155468940734863281e-02 2.860367298126220703e-02 3.404062986373901367e-02 2.207851409912109375e-02 4.166865348815917969e-02 6.959521770477294922e-02 1.047611236572265625e-02 4.130673408508300781e-02 8.276170492172241211e-02
1.806895136833190918e-01 9.463942050933837891e-02 3.031069040298461914e-02 1.506745815277099609e-03 1.280170083045959473e-01 3.945356607437133789e-02 0.000000000000000000e+00 8.394122123718261719e-04 5.745917558670043945e-02 8.395314216613769531e-04 2.942502498626708984e-03 1.853764057159423828e-03 2.284407615661621094e-03 2.210855484008789062e-02 2.629991173744201660e-01 9.991556406021118164e-02 7.115960121154785156e-03 3.014159202575683594e-02 1.157581806182861328e-03 3.622478246688842773e-02 7.463401556015014648e-02 1.084989309310913086e-02 7.463401556015014648e-02 2.210861444473266602e-02 5.412936210632324219e-03 2.101123332977294922e-03 1.084989309310913086e-02 5.412936210632324219e-03 6.153208017349243164e-02 2.215087413787841797e-03 3.014165163040161133e-02 4.992967844009399414e-02 1.853168010711669922e-03 1.222152709960937500e-01
1.815289258956909180e-01 9.547883272171020508e-02 3.115010261535644531e-02 6.673336029052734375e-04 1.288564205169677734e-01 4.029297828674316406e-02 8.394122123718261719e-04 0.000000000000000000e+00 5.829858779907226562e-02 1.192092895507812500e-07 3.781914710998535156e-03 2.693176269531250000e-03 1.444995403289794922e-03 2.294796705245971680e-02 2.638385295867919922e-01 1.007549762725830078e-01 7.955372333526611328e-03 2.930217981338500977e-02 3.181695938110351562e-04 3.706419467926025391e-02 7.547342777252197266e-02 1.168930530548095703e-02 7.547342777252197266e-02 2.294802665710449219e-02 6.252348423004150391e-03 1.261711120605468750e-03 1.168930530548095703e-02 6.252348423004150391e-03 6.237149238586425781e-02 1.375675201416015625e-03 2.930223941802978516e-02 5.076909065246582031e-02 1.013755798339843750e-03 1.230546832084655762e-01
1.232303306460380554e-01 3.718024492263793945e-02 2.714848518371582031e-02 5.896592140197753906e-02 7.055783271789550781e-02 1.800560951232910156e-02 5.745917558670043945e-02 5.829858779907226562e-02 0.000000000000000000e+00 5.829870700836181641e-02 5.451667308807373047e-02 5.560541152954101562e-02 5.974358320236206055e-02 3.535062074661254883e-02 2.055399417877197266e-01 4.245638847351074219e-02 5.034321546554565430e-02 8.760076761245727539e-02 5.861675739288330078e-02 2.123439311981201172e-02 1.717483997344970703e-02 4.660928249359130859e-02 1.717483997344970703e-02 3.535056114196777344e-02 5.204623937606811523e-02 5.956029891967773438e-02 4.660928249359130859e-02 5.204623937606811523e-02 4.072904586791992188e-03 5.967426300048828125e-02 8.760082721710205078e-02 7.529497146606445312e-03 5.931234359741210938e-02 6.475609540939331055e-02
1.815290451049804688e-01 9.547895193099975586e-02 3.115022182464599609e-02 6.672143936157226562e-04 1.288565397262573242e-01 4.029309749603271484e-02 8.395314216613769531e-04 1.192092895507812500e-07 5.829870700836181641e-02 0.000000000000000000e+00 3.782033920288085938e-03 2.693295478820800781e-03 1.444876194000244141e-03 2.294808626174926758e-02 2.638386487960815430e-01 1.007550954818725586e-01 7.955491542816162109e-03 2.930206060409545898e-02 3.180503845214843750e-04 3.706431388854980469e-02 7.547354698181152344e-02 1.168942451477050781e-02 7.547354698181152344e-02 2.294814586639404297e-02 6.252467632293701172e-03 1.261591911315917969e-03 1.168942451477050781e-02 6.252467632293701172e-03 6.237161159515380859e-02 1.375555992126464844e-03 2.930212020874023438e-02 5.076920986175537109e-02 1.013636589050292969e-03 1.230548024177551270e-01
1.777470111846923828e-01 9.169691801071166992e-02 2.736818790435791016e-02 4.449248313903808594e-03 1.250745058059692383e-01 3.651106357574462891e-02 2.942502498626708984e-03 3.781914710998535156e-03 5.451667308807373047e-02 3.782033920288085938e-03 0.000000000000000000e+00 1.088738441467285156e-03 5.226910114288330078e-03 1.916605234146118164e-02 2.600566148757934570e-01 9.697306156158447266e-02 4.173457622528076172e-03 3.308409452438354492e-02 4.100084304809570312e-03 3.328227996826171875e-02 7.169151306152343750e-02 7.907390594482421875e-03 7.169151306152343750e-02 1.916611194610595703e-02 2.470433712005615234e-03 5.043625831604003906e-03 7.907390594482421875e-03 2.470433712005615234e-03 5.858957767486572266e-02 5.157589912414550781e-03 3.308415412902832031e-02 4.698717594146728516e-02 4.795670509338378906e-03 1.192727684974670410e-01
1.788357496261596680e-01 9.278565645217895508e-02 2.845692634582519531e-02 3.360509872436523438e-03 1.261632442474365234e-01 3.759980201721191406e-02 1.853764057159423828e-03 2.693176269531250000e-03 5.560541152954101562e-02 2.693295478820800781e-03 1.088738441467285156e-03 0.000000000000000000e+00 4.138171672821044922e-03 2.025479078292846680e-02 2.611453533172607422e-01 9.806180000305175781e-02 5.262196063995361328e-03 3.199535608291625977e-02 3.011345863342285156e-03 3.437101840972900391e-02 7.278025150299072266e-02 8.996129035949707031e-03 7.278025150299072266e-02 2.025485038757324219e-02 3.559172153472900391e-03 3.954887390136718750e-03 8.996129035949707031e-03 3.559172153472900391e-03 5.967831611633300781e-02 4.068851470947265625e-03 3.199541568756103516e-02 4.807591438293457031e-02 3.706932067871093750e-03 1.203615069389343262e-01
1.829739212989807129e-01 9.692382812500000000e-02 3.259509801864624023e-02 7.776618003845214844e-04 1.303014159202575684e-01 4.173797369003295898e-02 2.284407615661621094e-03 1.444995403289794922e-03 5.974358320236206055e-02 1.444876194000244141e-03 5.226910114288330078e-03 4.138171672821044922e-03 0.000000000000000000e+00 2.439296245574951172e-02 2.652835249900817871e-01 1.021999716758728027e-01 9.400367736816406250e-03 2.785718441009521484e-02 1.126825809478759766e-03 3.850919008255004883e-02 7.691842317581176758e-02 1.313430070877075195e-02 7.691842317581176758e-02 2.439302206039428711e-02 7.697343826293945312e-03 1.832842826843261719e-04 1.313430070877075195e-02 7.697343826293945312e-03 6.381648778915405273e-02 6.932020187377929688e-05 2.785724401473999023e-02 5.221408605575561523e-02 4.312396049499511719e-04 1.244996786117553711e-01
1.585809588432312012e-01 7.253086566925048828e-02 8.202135562896728516e-03 2.361530065536499023e-02 1.059084534645080566e-01 1.734501123428344727e-02 2.210855484008789062e-02 2.294796705245971680e-02 3.535062074661254883e-02 2.294808626174926758e-02 1.916605234146118164e-02 2.025479078292846680e-02 2.439296245574951172e-02 0.000000000000000000e+00 2.408905625343322754e-01 7.780700922012329102e-02 1.499259471893310547e-02 5.225014686584472656e-02 2.326613664627075195e-02 1.411622762680053711e-02 5.252546072006225586e-02 1.125866174697875977e-02 5.252546072006225586e-02 5.960464477539062500e-08 1.669561862945556641e-02 2.420967817306518555e-02 1.125866174697875977e-02 1.669561862945556641e-02 3.942352533340454102e-02 2.432364225387573242e-02 5.225020647048950195e-02 2.782112360000610352e-02 2.396172285079956055e-02 1.001067161560058594e-01
8.230960369110107422e-02 1.683596968650817871e-01 2.326884269714355469e-01 2.645058631896972656e-01 1.349821090698242188e-01 2.235455513000488281e-01 2.629991173744201660e-01 2.638385295867919922e-01 2.055399417877197266e-01 2.638386487960815430e-01 2.600566148757934570e-01 2.611453533172607422e-01 2.652835249900817871e-01 2.408905625343322754e-01 0.000000000000000000e+00 1.630835533142089844e-01 2.558831572532653809e-01 2.931407094001770020e-01 2.641566991806030273e-01 2.267743349075317383e-01 1.883651018142700195e-01 2.521492242813110352e-01 1.883651018142700195e-01 2.408905029296875000e-01 2.575861811637878418e-01 2.651002407073974609e-01 2.521492242813110352e-01 2.575861811637878418e-01 2.014670372009277344e-01 2.652142047882080078e-01 2.931407690048217773e-01 2.130694389343261719e-01 2.648522853851318359e-01 1.407838463783264160e-01
8.077394217252731323e-02 5.276143550872802734e-03 6.960487365722656250e-02 1.014223098754882812e-01 2.810144424438476562e-02 6.046199798583984375e-02 9.991556406021118164e-02 1.007549762725830078e-01 4.245638847351074219e-02 1.007550954818725586e-01 9.697306156158447266e-02 9.806180000305175781e-02 1.021999716758728027e-01 7.780700922012329102e-02 1.630835533142089844e-01 0.000000000000000000e+00 9.279960393905639648e-02 1.300571560859680176e-01 1.010731458663940430e-01 6.369078159332275391e-02 2.528154850006103516e-02 8.906567096710205078e-02 2.528154850006103516e-02 7.780694961547851562e-02 9.450262784957885742e-02 1.020166873931884766e-01 8.906567096710205078e-02 9.450262784957885742e-02 3.838348388671875000e-02 1.021306514739990234e-01 1.300572156906127930e-01 4.998588562011718750e-02 1.017687320709228516e-01 2.229970693588256836e-02
1.735735535621643066e-01 8.752346038818359375e-02 2.319473028182983398e-02 8.622705936431884766e-03 1.209010481834411621e-01 3.233760595321655273e-02 7.115960121154785156e-03 7.955372333526611328e-03 5.034321546554565430e-02 7.955491542816162109e-03 4.173457622528076172e-03 5.262196063995361328e-03 9.400367736816406250e-03 1.499259471893310547e-02 2.558831572532653809e-01 9.279960393905639648e-02 0.000000000000000000e+00 3.725755214691162109e-02 8.273541927337646484e-03 2.910882234573364258e-02 6.751805543899536133e-02 3.733932971954345703e-03 6.751805543899536133e-02 1.499265432357788086e-02 1.703023910522460938e-03 9.217083454132080078e-03 3.733932971954345703e-03 1.703023910522460938e-03 5.441612005233764648e-02 9.331047534942626953e-03 3.725761175155639648e-02 4.281371831893920898e-02 8.969128131866455078e-03 1.150993108749389648e-01
2.108311057090759277e-01 1.247810125350952148e-01 6.045228242874145508e-02 2.863484621047973633e-02 1.581586003303527832e-01 6.959515810012817383e-02 3.014159202575683594e-02 2.930217981338500977e-02 8.760076761245727539e-02 2.930206060409545898e-02 3.308409452438354492e-02 3.199535608291625977e-02 2.785718441009521484e-02 5.225014686584472656e-02 2.931407094001770020e-01 1.300571560859680176e-01 3.725755214691162109e-02 0.000000000000000000e+00 2.898401021957397461e-02 6.636637449264526367e-02 1.047756075859069824e-01 4.099148511886596680e-02 1.047756075859069824e-01 5.225020647048950195e-02 3.555452823638916016e-02 2.804046869277954102e-02 4.099148511886596680e-02 3.555452823638916016e-02 9.167367219924926758e-02 2.792650461196899414e-02 5.960464477539062500e-08 8.007127046585083008e-02 2.828842401504516602e-02 1.523568630218505859e-01
1.818470954895019531e-01 9.579700231552124023e-02 3.146827220916748047e-02 3.491640090942382812e-04 1.291745901107788086e-01 4.061114788055419922e-02 1.157581806182861328e-03 3.181695938110351562e-04 5.861675739288330078e-02 3.180503845214843750e-04 4.100084304809570312e-03 3.011345863342285156e-03 1.126825809478759766e-03 2.326613664627075195e-02 2.641566991806030273e-01 1.010731458663940430e-01 8.273541927337646484e-03 2.898401021957397461e-02 0.000000000000000000e+00 3.738236427307128906e-02 7.579159736633300781e-02 1.200747489929199219e-02 7.579159736633300781e-02 2.326619625091552734e-02 6.570518016815185547e-03 9.435415267944335938e-04 1.200747489929199219e-02 6.570518016815185547e-03 6.268966197967529297e-02 1.057505607604980469e-03 2.898406982421875000e-02 5.108726024627685547e-02 6.955862045288085938e-04 1.233728528022766113e-01
1.444647312164306641e-01 5.841463804244995117e-02 5.914092063903808594e-03 3.773152828216552734e-02 9.179222583770751953e-02 3.228783607482910156e-03 3.622478246688842773e-02 3.706419467926025391e-02 2.123439311981201172e-02 3.706431388854980469e-02 3.328227996826171875e-02 3.437101840972900391e-02 3.850919008255004883e-02 1.411622762680053711e-02 2.267743349075317383e-01 6.369078159332275391e-02 2.910882234573364258e-02 6.636637449264526367e-02 3.738236427307128906e-02 0.000000000000000000e+00 3.840923309326171875e-02 2.537488937377929688e-02 3.840923309326171875e-02 1.411616802215576172e-02 3.081184625625610352e-02 3.832590579986572266e-02 2.537488937377929688e-02 3.081184625625610352e-02 2.530729770660400391e-02 3.843986988067626953e-02 6.636643409729003906e-02 1.370489597320556641e-02 3.807795047760009766e-02 8.599048852920532227e-02
1.060554906725883484e-01 2.000540494918823242e-02 4.432332515716552734e-02 7.614076137542724609e-02 5.338299274444580078e-02 3.518044948577880859e-02 7.463401556015014648e-02 7.547342777252197266e-02 1.717483997344970703e-02 7.547354698181152344e-02 7.169151306152343750e-02 7.278025150299072266e-02 7.691842317581176758e-02 5.252546072006225586e-02 1.883651018142700195e-01 2.528154850006103516e-02 6.751805543899536133e-02 1.047756075859069824e-01 7.579159736633300781e-02 3.840923309326171875e-02 0.000000000000000000e+00 6.378412246704101562e-02 0.000000000000000000e+00 5.252540111541748047e-02 6.922107934951782227e-02 7.673513889312744141e-02 6.378412246704101562e-02 6.922107934951782227e-02 1.310193538665771484e-02 7.684910297393798828e-02 1.047756671905517578e-01 2.470433712005615234e-02 7.648718357086181641e-02 4.758125543594360352e-02
1.698396205902099609e-01 8.378952741622924805e-02 1.946079730987548828e-02 1.235663890838623047e-02 1.171671152114868164e-01 2.860367298126220703e-02 1.084989309310913086e-02 1.168930530548095703e-02 4.660928249359130859e-02 1.168942451477050781e-02 7.907390594482421875e-03 8.996129035949707031e-03 1.313430070877075195e-02 1.125866174697875977e-02 2.521492242813110352e-01 8.906567096710205078e-02 3.733932971954345703e-03 4.099148511886596680e-02 1.200747489929199219e-02 2.537488937377929688e-02 6.378412246704101562e-02 0.000000000000000000e+00 6.378412246704101562e-02 1.125872135162353516e-02 5.436956882476806641e-03 1.295101642608642578e-02 0.000000000000000000e+00 5.436956882476806641e-03 5.068218708038330078e-02 1.306498050689697266e-02 4.099154472351074219e-02 3.907978534698486328e-02 1.270306110382080078e-02 1.113653779029846191e-01
1.060554906725883484e-01 2.000540494918823242e-02 4.432332515716552734e-02 7.614076137542724609e-02 5.338299274444580078e-02 3.518044948577880859e-02 7.463401556015014648e-02 7.547342777252197266e-02 1.717483997344970703e-02 7.547354698181152344e-02 7.169151306152343750e-02 7.278025150299072266e-02 7.691842317581176758e-02 5.252546072006225586e-02 1.883651018142700195e-01 2.528154850006103516e-02 6.751805543899536133e-02 1.047756075859069824e-01 7.579159736633300781e-02 3.840923309326171875e-02 0.000000000000000000e+00 6.378412246704101562e-02 0.000000000000000000e+00 5.252540111541748047e-02 6.922107934951782227e-02 7.673513889312744141e-02 6.378412246704101562e-02 6.922107934951782227e-02 1.310193538665771484e-02 7.684910297393798828e-02 1.047756671905517578e-01 2.470433712005615234e-02 7.648718357086181641e-02 4.758125543594360352e-02
1.585808992385864258e-01 7.253080606460571289e-02 8.202075958251953125e-03 2.361536026000976562e-02 1.059083938598632812e-01 1.734495162963867188e-02 2.210861444473266602e-02 2.294802665710449219e-02 3.535056114196777344e-02 2.294814586639404297e-02 1.916611194610595703e-02 2.025485038757324219e-02 2.439302206039428711e-02 5.960464477539062500e-08 2.408905029296875000e-01 7.780694961547851562e-02 1.499265432357788086e-02 5.225020647048950195e-02 2.326619625091552734e-02 1.411616802215576172e-02 5.252540111541748047e-02 1.125872135162353516e-02 5.252540111541748047e-02 0.000000000000000000e+00 1.669567823410034180e-02 2.420973777770996094e-02 1.125872135162353516e-02 1.669567823410034180e-02 3.942346572875976562e-02 2.432370185852050781e-02 5.225026607513427734e-02 2.782106399536132812e-02 2.396178245544433594e-02 1.001066565513610840e-01
1.752765774726867676e-01 8.922648429870605469e-02 2.489775419235229492e-02 6.919682025909423828e-03 1.226040720939636230e-01 3.404062986373901367e-02 5.412936210632324219e-03 6.252348423004150391e-03 5.204623937606811523e-02 6.252467632293701172e-03 2.470433712005615234e-03 3.559172153472900391e-03 7.697343826293945312e-03 1.669561862945556641e-02 2.575861811637878418e-01 9.450262784957885742e-02 1.703023910522460938e-03 3.555452823638916016e-02 6.570518016815185547e-03 3.081184625625610352e-02 6.922107934951782227e-02 5.436956882476806641e-03 6.922107934951782227e-02 1.669567823410034180e-02 0.000000000000000000e+00 7.514059543609619141e-03 5.436956882476806641e-03 0.000000000000000000e+00 5.611914396286010742e-02 7.628023624420166016e-03 3.555458784103393555e-02 4.451674222946166992e-02 7.266104221343994141e-03 1.168023347854614258e-01
1.827906370162963867e-01 9.674054384231567383e-02 3.241181373596191406e-02 5.943775177001953125e-04 1.301181316375732422e-01 4.155468940734863281e-02 2.101123332977294922e-03 1.261711120605468750e-03 5.956029891967773438e-02 1.261591911315917969e-03 5.043625831604003906e-03 3.954887390136718750e-03 1.832842826843261719e-04 2.420967817306518555e-02 2.651002407073974609e-01 1.020166873931884766e-01 9.217083454132080078e-03 2.804046869277954102e-02 9.435415267944335938e-04 3.832590579986572266e-02 7.673513889312744141e-02 1.295101642608642578e-02 7.673513889312744141e-02 2.420973777770996094e-02 7.514059543609619141e-03 0.000000000000000000e+00 1.295101642608642578e-02 7.514059543609619141e-03 6.363320350646972656e-02 1.139640808105468750e-04 2.804052829742431641e-02 5.203080177307128906e-02 2.479553222656250000e-04 1.243163943290710449e-01
1.698396205902099609e-01 8.378952741622924805e-02 1.946079730987548828e-02 1.235663890838623047e-02 1.171671152114868164e-01 2.860367298126220703e-02 1.084989309310913086e-02 1.168930530548095703e-02 4.660928249359130859e-02 1.168942451477050781e-02 7.907390594482421875e-03 8.996129035949707031e-03 1.313430070877075195e-02 1.125866174697875977e-02 2.521492242813110352e-01 8.906567096710205078e-02 3.733932971954345703e-03 4.099148511886596680e-02 1.200747489929199219e-02 2.537488937377929688e-02 6.378412246704101562e-02 0.000000000000000000e+00 6.378412246704101562e-02 1.125872135162353516e-02 5.436956882476806641e-03 1.295101642608642578e-02 0.000000000000000000e+00 5.436956882476806641e-03 5.068218708038330078e-02 1.306498050689697266e-02 4.099154472351074219e-02 3.907978534698486328e-02 1.270306110382080078e-02 1.113653779029846191e-01
1.752765774726867676e-01 8.922648429870605469e-02 2.489775419235229492e-02 6.919682025909423828e-03 1.226040720939636230e-01 3.404062986373901367e-02 5.412936210632324219e-03 6.252348423004150391e-03 5.204623937606811523e-02 6.252467632293701172e-03 2.470433712005615234e-03 3.559172153472900391e-03 7.697343826293945312e-03 1.669561862945556641e-02 2.575861811637878418e-01 9.450262784957885742e-02 1.703023910522460938e-03 3.555452823638916016e-02 6.570518016815185547e-03 3.081184625625610352e-02 6.922107934951782227e-02 5.436956882476806641e-03 6.922107934951782227e-02 1.669567823410034180e-02 0.000000000000000000e+00 7.514059543609619141e-03 5.436956882476806641e-03 0.000000000000000000e+00 5.611914396286010742e-02 7.628023624420166016e-03 3.555458784103393555e-02 4.451674222946166992e-02 7.266104221343994141e-03 1.168023347854614258e-01
1.191574260592460632e-01 3.310734033584594727e-02 3.122138977050781250e-02 6.303882598876953125e-02 6.648492813110351562e-02 2.207851409912109375e-02 6.153208017349243164e-02 6.237149238586425781e-02 4.072904586791992188e-03 6.237161159515380859e-02 5.858957767486572266e-02 5.967831611633300781e-02 6.381648778915405273e-02 3.942352533340454102e-02 2.014670372009277344e-01 3.838348388671875000e-02 5.441612005233764648e-02 9.167367219924926758e-02 6.268966197967529297e-02 2.530729770660400391e-02 1.310193538665771484e-02 5.068218708038330078e-02 1.310193538665771484e-02 3.942346572875976562e-02 5.611914396286010742e-02 6.363320350646972656e-02 5.068218708038330078e-02 5.611914396286010742e-02 0.000000000000000000e+00 6.374716758728027344e-02 9.167373180389404297e-02 1.160240173339843750e-02 6.338524818420410156e-02 6.068319082260131836e-02
1.829046010971069336e-01 9.685450792312622070e-02 3.252577781677246094e-02 7.083415985107421875e-04 1.302320957183837891e-01 4.166865348815917969e-02 2.215087413787841797e-03 1.375675201416015625e-03 5.967426300048828125e-02 1.375555992126464844e-03 5.157589912414550781e-03 4.068851470947265625e-03 6.932020187377929688e-05 2.432364225387573242e-02 2.652142047882080078e-01 1.021306514739990234e-01 9.331047534942626953e-03 2.792650461196899414e-02 1.057505607604980469e-03 3.843986988067626953e-02 7.684910297393798828e-02 1.306498050689697266e-02 7.684910297393798828e-02 2.432370185852050781e-02 7.628023624420166016e-03 1.139640808105468750e-04 1.306498050689697266e-02 7.628023624420166016e-03 6.374716758728027344e-02 0.000000000000000000e+00 2.792656421661376953e-02 5.214476585388183594e-02 3.619194030761718750e-04 1.244303584098815918e-01
2.108311653137207031e-01 1.247810721397399902e-01 6.045234203338623047e-02 2.863490581512451172e-02 1.581586599349975586e-01 6.959521770477294922e-02 3.014165163040161133e-02 2.930223941802978516e-02 8.760082721710205078e-02 2.930212020874023438e-02 3.308415412902832031e-02 3.199541568756103516e-02 2.785724401473999023e-02 5.225020647048950195e-02 2.931407690048217773e-01 1.300572156906127930e-01 3.725761175155639648e-02 5.960464477539062500e-08 2.898406982421875000e-02 6.636643409729003906e-02 1.047756671905517578e-01 4.099154472351074219e-02 1.047756671905517578e-01 5.225026607513427734e-02 3.555458784103393555e-02 2.804052829742431641e-02 4.099154472351074219e-02 3.555458784103393555e-02 9.167373180389404297e-02 2.792656421661376953e-02 0.000000000000000000e+00 8.007133007049560547e-02 2.828848361968994141e-02 1.523569226264953613e-01
1.307598352432250977e-01 4.470974206924438477e-02 1.961898803710937500e-02 5.143642425537109375e-02 7.808732986450195312e-02 1.047611236572265625e-02 4.992967844009399414e-02 5.076909065246582031e-02 7.529497146606445312e-03 5.076920986175537109e-02 4.698717594146728516e-02 4.807591438293457031e-02 5.221408605575561523e-02 2.782112360000610352e-02 2.130694389343261719e-01 4.998588562011718750e-02 4.281371831893920898e-02 8.007127046585083008e-02 5.108726024627685547e-02 1.370489597320556641e-02 2.470433712005615234e-02 3.907978534698486328e-02 2.470433712005615234e-02 2.782106399536132812e-02 4.451674222946166992e-02 5.203080177307128906e-02 3.907978534698486328e-02 4.451674222946166992e-02 1.160240173339843750e-02 5.214476585388183594e-02 8.007133007049560547e-02 0.000000000000000000e+00 5.178284645080566406e-02 7.228559255599975586e-02
1.825426816940307617e-01 9.649258852005004883e-02 3.216385841369628906e-02 3.464221954345703125e-04 1.298701763153076172e-01 4.130673408508300781e-02 1.853168010711669922e-03 1.013755798339843750e-03 5.931234359741210938e-02 1.013636589050292969e-03 4.795670509338378906e-03 3.706932067871093750e-03 4.312396049499511719e-04 2.396172285079956055e-02 2.648522853851318359e-01 1.017687320709228516e-01 8.969128131866455078e-03 2.828842401504516602e-02 6.955862045288085938e-04 3.807795047760009766e-02 7.648718357086181641e-02 1.270306110382080078e-02 7.648718357086181641e-02 2.396178245544433594e-02 7.266104221343994141e-03 2.479553222656250000e-04 1.270306110382080078e-02 7.266104221343994141e-03 6.338524818420410156e-02 3.619194030761718750e-04 2.828848361968994141e-02 5.178284645080566406e-02 0.000000000000000000e+00 1.240684390068054199e-01
5.847423523664474487e-02 2.757585048675537109e-02 9.190458059310913086e-02 1.237220168113708496e-01 5.801737308502197266e-03 8.276170492172241211e-02 1.222152709960937500e-01 1.230546832084655762e-01 6.475609540939331055e-02 1.230548024177551270e-01 1.192727684974670410e-01 1.203615069389343262e-01 1.244996786117553711e-01 1.001067161560058594e-01 1.407838463783264160e-01 2.229970693588256836e-02 1.150993108749389648e-01 1.523568630218505859e-01 1.233728528022766113e-01 8.599048852920532227e-02 4.758125543594360352e-02 1.113653779029846191e-01 4.758125543594360352e-02 1.001066565513610840e-01 1.168023347854614258e-01 1.243163943290710449e-01 1.113653779029846191e-01 1.168023347854614258e-01 6.068319082260131836e-02 1.244303584098815918e-01 1.523569226264953613e-01 7.228559255599975586e-02 1.240684390068054199e-01 0.000000000000000000e+00
