0.000000000000000000e+00 3.232693672180175781e-02 2.909982204437255859e-02 6.726956367492675781e-02 4.153740406036376953e-02 5.212491750717163086e-02 6.093984842300415039e-02 5.212497711181640625e-02 4.997491836547851562e-03 6.996136903762817383e-02 6.639933586120605469e-02 6.996142864227294922e-02 6.830054521560668945e-02 6.299912929534912109e-02 7.581317424774169922e-02 5.001628398895263672e-02 2.519404888153076172e-02 6.951051950454711914e-02 2.910029888153076172e-02 6.877422332763671875e-02 1.192092895507812500e-07 5.212491750717163086e-02 4.997491836547851562e-03 5.398476123809814453e-02 4.153740406036376953e-02 6.975638866424560547e-02 6.486785411834716797e-02 6.093966960906982422e-02 5.593061447143554688e-02 6.093972921371459961e-02 7.425510883331298828e-02 6.951028108596801758e-02 5.593049526214599609e-02 8.702993392944335938e-03
3.232693672180175781e-02 0.000000000000000000e+00 3.227114677429199219e-03 3.494262695312500000e-02 9.210467338562011719e-03 1.979798078536987305e-02 2.861291170120239258e-02 1.979804039001464844e-02 3.732442855834960938e-02 3.763443231582641602e-02 3.407239913940429688e-02 3.763449192047119141e-02 3.597360849380493164e-02 3.067219257354736328e-02 1.081401109695434570e-01 8.234322071075439453e-02 7.132887840270996094e-03 3.718358278274536133e-02 3.226637840270996094e-03 3.644728660583496094e-02 3.232705593109130859e-02 1.979798078536987305e-02 3.732442855834960938e-02 2.165782451629638672e-02 9.210467338562011719e-03 3.742945194244384766e-02 3.254091739654541016e-02 2.861273288726806641e-02 8.825755119323730469e-02 2.861279249191284180e-02 4.192817211151123047e-02 3.718334436416625977e-02 8.825743198394775391e-02 2.362394332885742188e-02
2.909982204437255859e-02 3.227114677429199219e-03 0.000000000000000000e+00 3.816974163055419922e-02 1.243758201599121094e-02 2.302509546279907227e-02 3.184002637863159180e-02 2.302515506744384766e-02 3.409731388092041016e-02 4.086154699325561523e-02 3.729951381683349609e-02 4.086160659790039062e-02 3.920072317123413086e-02 3.389930725097656250e-02 1.049129962921142578e-01 7.911610603332519531e-02 3.905773162841796875e-03 4.041069746017456055e-02 4.768371582031250000e-07 3.967440128326416016e-02 2.909994125366210938e-02 2.302509546279907227e-02 3.409731388092041016e-02 2.488493919372558594e-02 1.243758201599121094e-02 4.065656661987304688e-02 3.576803207397460938e-02 3.183984756469726562e-02 8.503043651580810547e-02 3.183990716934204102e-02 4.515528678894042969e-02 4.041045904159545898e-02 8.503031730651855469e-02 2.039682865142822266e-02
6.726956367492675781e-02 3.494262695312500000e-02 3.816974163055419922e-02 0.000000000000000000e+00 2.573215961456298828e-02 1.514464616775512695e-02 6.329715251922607422e-03 1.514458656311035156e-02 7.226705551147460938e-02 2.691805362701416016e-03 8.702278137207031250e-04 2.691864967346191406e-03 1.030981540679931641e-03 4.270434379577636719e-03 1.430827379226684570e-01 1.172858476638793945e-01 4.207551479339599609e-02 2.240955829620361328e-03 3.816926479339599609e-02 1.504659652709960938e-03 6.726968288421630859e-02 1.514464616775512695e-02 7.226705551147460938e-02 1.328480243682861328e-02 2.573215961456298828e-02 2.486824989318847656e-03 2.401709556579589844e-03 6.329894065856933594e-03 1.232001781463623047e-01 6.329834461212158203e-03 6.985545158386230469e-03 2.240717411041259766e-03 1.232000589370727539e-01 5.856657028198242188e-02
4.153740406036376953e-02 9.210467338562011719e-03 1.243758201599121094e-02 2.573215961456298828e-02 0.000000000000000000e+00 1.058751344680786133e-02 1.940244436264038086e-02 1.058757305145263672e-02 4.653489589691162109e-02 2.842396497726440430e-02 2.486193180084228516e-02 2.842402458190917969e-02 2.676314115524291992e-02 2.146172523498535156e-02 1.173505783081054688e-01 9.155368804931640625e-02 1.634335517883300781e-02 2.797311544418334961e-02 1.243710517883300781e-02 2.723681926727294922e-02 4.153752326965332031e-02 1.058751344680786133e-02 4.653489589691162109e-02 1.244735717773437500e-02 0.000000000000000000e+00 2.821898460388183594e-02 2.333045005798339844e-02 1.940226554870605469e-02 9.746801853179931641e-02 1.940232515335083008e-02 3.271770477294921875e-02 2.797287702560424805e-02 9.746789932250976562e-02 3.283441066741943359e-02
5.212491750717163086e-02 1.979798078536987305e-02 2.302509546279907227e-02 1.514464616775512695e-02 1.058751344680786133e-02 0.000000000000000000e+00 8.814930915832519531e-03 5.960464477539062500e-08 5.712240934371948242e-02 1.783645153045654297e-02 1.427441835403442383e-02 1.783651113510131836e-02 1.617562770843505859e-02 1.087421178817749023e-02 1.279380917549133301e-01 1.021412014961242676e-01 2.693086862564086914e-02 1.738560199737548828e-02 2.302461862564086914e-02 1.664930582046508789e-02 5.212503671646118164e-02 0.000000000000000000e+00 5.712240934371948242e-02 1.859843730926513672e-03 1.058751344680786133e-02 1.763147115707397461e-02 1.274293661117553711e-02 8.814752101898193359e-03 1.080555319786071777e-01 8.814811706542968750e-03 2.213019132614135742e-02 1.738536357879638672e-02 1.080554127693176270e-01 4.342192411422729492e-02
6.093984842300415039e-02 2.861291170120239258e-02 3.184002637863159180e-02 6.329715251922607422e-03 1.940244436264038086e-02 8.814930915832519531e-03 0.000000000000000000e+00 8.814871311187744141e-03 6.593734025955200195e-02 9.021520614624023438e-03 5.459487438201904297e-03 9.021580219268798828e-03 7.360696792602539062e-03 2.059280872344970703e-03 1.367530226707458496e-01 1.109561324119567871e-01 3.574579954147338867e-02 8.570671081542968750e-03 3.183954954147338867e-02 7.834374904632568359e-03 6.093996763229370117e-02 8.814930915832519531e-03 6.593734025955200195e-02 6.955087184906005859e-03 1.940244436264038086e-02 8.816540241241455078e-03 3.928005695343017578e-03 1.788139343261718750e-07 1.168704628944396973e-01 1.192092895507812500e-07 1.331526041030883789e-02 8.570432662963867188e-03 1.168703436851501465e-01 5.223685503005981445e-02
5.212497711181640625e-02 1.979804039001464844e-02 2.302515506744384766e-02 1.514458656311035156e-02 1.058757305145263672e-02 5.960464477539062500e-08 8.814871311187744141e-03 0.000000000000000000e+00 5.712246894836425781e-02 1.783639192581176758e-02 1.427435874938964844e-02 1.783645153045654297e-02 1.617556810379028320e-02 1.087415218353271484e-02 1.279381513595581055e-01 1.021412611007690430e-01 2.693092823028564453e-02 1.738554239273071289e-02 2.302467823028564453e-02 1.664924621582031250e-02 5.212509632110595703e-02 5.960464477539062500e-08 5.712246894836425781e-02 1.859784126281738281e-03 1.058757305145263672e-02 1.763141155242919922e-02 1.274287700653076172e-02 8.814692497253417969e-03 1.080555915832519531e-01 8.814752101898193359e-03 2.213013172149658203e-02 1.738530397415161133e-02 1.080554723739624023e-01 4.342198371887207031e-02
4.997491836547851562e-03 3.732442855834960938e-02 3.409731388092041016e-02 7.226705551147460938e-02 4.653489589691162109e-02 5.712240934371948242e-02 6.593734025955200195e-02 5.712246894836425781e-02 0.000000000000000000e+00 7.495886087417602539e-02 7.139682769775390625e-02 7.495892047882080078e-02 7.329803705215454102e-02 6.799662113189697266e-02 7.081568241119384766e-02 4.501879215240478516e-02 3.019154071807861328e-02 7.450801134109497070e-02 3.409779071807861328e-02 7.377171516418457031e-02 4.997372627258300781e-03 5.712240934371948242e-02 0.000000000000000000e+00 5.898225307464599609e-02 4.653489589691162109e-02 7.475388050079345703e-02 6.986534595489501953e-02 6.593716144561767578e-02 5.093312263488769531e-02 6.593722105026245117e-02 7.925260066986083984e-02 7.450777292251586914e-02 5.093300342559814453e-02 1.370048522949218750e-02
6.996136903762817383e-02 3.763443231582641602e-02 4.086154699325561523e-02 2.691805362701416016e-03 2.842396497726440430e-02 1.783645153045654297e-02 9.021520614624023438e-03 1.783639192581176758e-02 7.495886087417602539e-02 0.000000000000000000e+00 3.562033176422119141e-03 5.960464477539062500e-08 1.660823822021484375e-03 6.962239742279052734e-03 1.457745432853698730e-01 1.199776530265808105e-01 4.476732015609741211e-02 4.508495330810546875e-04 4.086107015609741211e-02 1.187145709991455078e-03 6.996148824691772461e-02 1.783645153045654297e-02 7.495886087417602539e-02 1.597660779953002930e-02 2.842396497726440430e-02 2.049803733825683594e-04 5.093514919281005859e-03 9.021699428558349609e-03 1.258919835090637207e-01 9.021639823913574219e-03 4.293739795684814453e-03 4.510879516601562500e-04 1.258918642997741699e-01 6.125837564468383789e-02
6.639933586120605469e-02 3.407239913940429688e-02 3.729951381683349609e-02 8.702278137207031250e-04 2.486193180084228516e-02 1.427441835403442383e-02 5.459487438201904297e-03 1.427435874938964844e-02 7.139682769775390625e-02 3.562033176422119141e-03 0.000000000000000000e+00 3.562092781066894531e-03 1.901209354400634766e-03 3.400206565856933594e-03 1.422125101089477539e-01 1.164156198501586914e-01 4.120528697967529297e-02 3.111183643341064453e-03 3.729903697967529297e-02 2.374887466430664062e-03 6.639945507049560547e-02 1.427441835403442383e-02 7.139682769775390625e-02 1.241457462310791016e-02 2.486193180084228516e-02 3.357052803039550781e-03 1.531481742858886719e-03 5.459666252136230469e-03 1.223299503326416016e-01 5.459606647491455078e-03 7.855772972106933594e-03 3.110945224761962891e-03 1.223298311233520508e-01 5.769634246826171875e-02
6.996142864227294922e-02 3.763449192047119141e-02 4.086160659790039062e-02 2.691864967346191406e-03 2.842402458190917969e-02 1.783651113510131836e-02 9.021580219268798828e-03 1.783645153045654297e-02 7.495892047882080078e-02 5.960464477539062500e-08 3.562092781066894531e-03 0.000000000000000000e+00 1.660883426666259766e-03 6.962299346923828125e-03 1.457746028900146484e-01 1.199777126312255859e-01 4.476737976074218750e-02 4.509091377258300781e-04 4.086112976074218750e-02 1.187205314636230469e-03 6.996154785156250000e-02 1.783651113510131836e-02 7.495892047882080078e-02 1.597666740417480469e-02 2.842402458190917969e-02 2.050399780273437500e-04 5.093574523925781250e-03 9.021759033203125000e-03 1.258920431137084961e-01 9.021699428558349609e-03 4.293680191040039062e-03 4.511475563049316406e-04 1.258919239044189453e-01 6.125843524932861328e-02
6.830054521560668945e-02 3.597360849380493164e-02 3.920072317123413086e-02 1.030981540679931641e-03 2.676314115524291992e-02 1.617562770843505859e-02 7.360696792602539062e-03 1.617556810379028320e-02 7.329803705215454102e-02 1.660823822021484375e-03 1.901209354400634766e-03 1.660883426666259766e-03 0.000000000000000000e+00 5.301415920257568359e-03 1.441137194633483887e-01 1.183168292045593262e-01 4.310649633407592773e-02 1.209974288940429688e-03 3.920024633407592773e-02 4.736781120300292969e-04 6.830066442489624023e-02 1.617562770843505859e-02 7.329803705215454102e-02 1.431578397750854492e-02 2.676314115524291992e-02 1.455843448638916016e-03 3.432691097259521484e-03 7.360875606536865234e-03 1.242311596870422363e-01 7.360816001892089844e-03 5.954563617706298828e-03 1.209735870361328125e-03 1.242310404777526855e-01 5.959755182266235352e-02
6.299912929534912109e-02 3.067219257354736328e-02 3.389930725097656250e-02 4.270434379577636719e-03 2.146172523498535156e-02 1.087421178817749023e-02 2.059280872344970703e-03 1.087415218353271484e-02 6.799662113189697266e-02 6.962239742279052734e-03 3.400206565856933594e-03 6.962299346923828125e-03 5.301415920257568359e-03 0.000000000000000000e+00 1.388123035430908203e-01 1.130154132843017578e-01 3.780508041381835938e-02 6.511390209197998047e-03 3.389883041381835938e-02 5.775094032287597656e-03 6.299924850463867188e-02 1.087421178817749023e-02 6.799662113189697266e-02 9.014368057250976562e-03 2.146172523498535156e-02 6.757259368896484375e-03 1.868724822998046875e-03 2.059459686279296875e-03 1.189297437667846680e-01 2.059400081634521484e-03 1.125597953796386719e-02 6.511151790618896484e-03 1.189296245574951172e-01 5.429613590240478516e-02
7.581317424774169922e-02 1.081401109695434570e-01 1.049129962921142578e-01 1.430827379226684570e-01 1.173505783081054688e-01 1.279380917549133301e-01 1.367530226707458496e-01 1.279381513595581055e-01 7.081568241119384766e-02 1.457745432853698730e-01 1.422125101089477539e-01 1.457746028900146484e-01 1.441137194633483887e-01 1.388123035430908203e-01 0.000000000000000000e+00 2.579689025878906250e-02 1.010072231292724609e-01 1.453236937522888184e-01 1.049134731292724609e-01 1.445873975753784180e-01 7.581305503845214844e-02 1.279380917549133301e-01 7.081568241119384766e-02 1.297979354858398438e-01 1.173505783081054688e-01 1.455695629119873047e-01 1.406810283660888672e-01 1.367528438568115234e-01 1.988255977630615234e-02 1.367529034614562988e-01 1.500682830810546875e-01 1.453234553337097168e-01 1.988267898559570312e-02 8.451616764068603516e-02
5.001628398895263672e-02 8.234322071075439453e-02 7.911610603332519531e-02 1.172858476638793945e-01 9.155368804931640625e-02 1.021412014961242676e-01 1.109561324119567871e-01 1.021412611007690430e-01 4.501879215240478516e-02 1.199776530265808105e-01 1.164156198501586914e-01 1.199777126312255859e-01 1.183168292045593262e-01 1.130154132843017578e-01 2.579689025878906250e-02 0.000000000000000000e+00 7.521033287048339844e-02 1.195268034934997559e-01 7.911658287048339844e-02 1.187905073165893555e-01 5.001616477966308594e-02 1.021412014961242676e-01 4.501879215240478516e-02 1.040010452270507812e-01 9.155368804931640625e-02 1.197726726531982422e-01 1.148841381072998047e-01 1.109559535980224609e-01 5.914330482482910156e-03 1.109560132026672363e-01 1.242713928222656250e-01 1.195265650749206543e-01 5.914211273193359375e-03 5.871927738189697266e-02
2.519404888153076172e-02 7.132887840270996094e-03 3.905773162841796875e-03 4.207551479339599609e-02 1.634335517883300781e-02 2.693086862564086914e-02 3.574579954147338867e-02 2.693092823028564453e-02 3.019154071807861328e-02 4.476732015609741211e-02 4.120528697967529297e-02 4.476737976074218750e-02 4.310649633407592773e-02 3.780508041381835938e-02 1.010072231292724609e-01 7.521033287048339844e-02 0.000000000000000000e+00 4.431647062301635742e-02 3.906250000000000000e-03 4.358017444610595703e-02 2.519416809082031250e-02 2.693086862564086914e-02 3.019154071807861328e-02 2.879071235656738281e-02 1.634335517883300781e-02 4.456233978271484375e-02 3.967380523681640625e-02 3.574562072753906250e-02 8.112466335296630859e-02 3.574568033218383789e-02 4.906105995178222656e-02 4.431623220443725586e-02 8.112454414367675781e-02 1.649105548858642578e-02
6.951051950454711914e-02 3.718358278274536133e-02 4.041069746017456055e-02 2.240955829620361328e-03 2.797311544418334961e-02 1.738560199737548828e-02 8.570671081542968750e-03 1.738554239273071289e-02 7.450801134109497070e-02 4.508495330810546875e-04 3.111183643341064453e-03 4.509091377258300781e-04 1.209974288940429688e-03 6.511390209197998047e-03 1.453236937522888184e-01 1.195268034934997559e-01 4.431647062301635742e-02 0.000000000000000000e+00 4.041022062301635742e-02 7.362961769104003906e-04 6.951063871383666992e-02 1.738560199737548828e-02 7.450801134109497070e-02 1.552575826644897461e-02 2.797311544418334961e-02 2.458691596984863281e-04 4.642665386199951172e-03 8.570849895477294922e-03 1.254411339759826660e-01 8.570790290832519531e-03 4.744589328765869141e-03 2.384185791015625000e-07 1.254410147666931152e-01 6.080752611160278320e-02
2.910029888153076172e-02 3.226637840270996094e-03 4.768371582031250000e-07 3.816926479339599609e-02 1.243710517883300781e-02 2.302461862564086914e-02 3.183954954147338867e-02 2.302467823028564453e-02 3.409779071807861328e-02 4.086107015609741211e-02 3.729903697967529297e-02 4.086112976074218750e-02 3.920024633407592773e-02 3.389883041381835938e-02 1.049134731292724609e-01 7.911658287048339844e-02 3.906250000000000000e-03 4.041022062301635742e-02 0.000000000000000000e+00 3.967392444610595703e-02 2.910041809082031250e-02 2.302461862564086914e-02 3.409779071807861328e-02 2.488446235656738281e-02 1.243710517883300781e-02 4.065608978271484375e-02 3.576755523681640625e-02 3.183937072753906250e-02 8.503091335296630859e-02 3.183943033218383789e-02 4.515480995178222656e-02 4.040998220443725586e-02 8.503079414367675781e-02 2.039730548858642578e-02
6.877422332763671875e-02 3.644728660583496094e-02 3.967440128326416016e-02 1.504659652709960938e-03 2.723681926727294922e-02 1.664930582046508789e-02 7.834374904632568359e-03 1.664924621582031250e-02 7.377171516418457031e-02 1.187145709991455078e-03 2.374887466430664062e-03 1.187205314636230469e-03 4.736781120300292969e-04 5.775094032287597656e-03 1.445873975753784180e-01 1.187905073165893555e-01 4.358017444610595703e-02 7.362961769104003906e-04 3.967392444610595703e-02 0.000000000000000000e+00 6.877434253692626953e-02 1.664930582046508789e-02 7.377171516418457031e-02 1.478946208953857422e-02 2.723681926727294922e-02 9.821653366088867188e-04 3.906369209289550781e-03 7.834553718566894531e-03 1.247048377990722656e-01 7.834494113922119141e-03 5.480885505676269531e-03 7.360577583312988281e-04 1.247047185897827148e-01 6.007122993469238281e-02
1.192092895507812500e-07 3.232705593109130859e-02 2.909994125366210938e-02 6.726968288421630859e-02 4.153752326965332031e-02 5.212503671646118164e-02 6.093996763229370117e-02 5.212509632110595703e-02 4.997372627258300781e-03 6.996148824691772461e-02 6.639945507049560547e-02 6.996154785156250000e-02 6.830066442489624023e-02 6.299924850463867188e-02 7.581305503845214844e-02 5.001616477966308594e-02 2.519416809082031250e-02 6.951063871383666992e-02 2.910041809082031250e-02 6.877434253692626953e-02 0.000000000000000000e+00 5.212503671646118164e-02 4.997372627258300781e-03 5.398488044738769531e-02 4.153752326965332031e-02 6.975650787353515625e-02 6.486797332763671875e-02 6.093978881835937500e-02 5.593049526214599609e-02 6.093984842300415039e-02 7.425522804260253906e-02 6.951040029525756836e-02 5.593037605285644531e-02 8.703112602233886719e-03
5.212491750717163086e-02 1.979798078536987305e-02 2.302509546279907227e-02 1.514464616775512695e-02 1.058751344680786133e-02 0.000000000000000000e+00 8.814930915832519531e-03 5.960464477539062500e-08 5.712240934371948242e-02 1.783645153045654297e-02 1.427441835403442383e-02 1.783651113510131836e-02 1.617562770843505859e-02 1.087421178817749023e-02 1.279380917549133301e-01 1.021412014961242676e-01 2.693086862564086914e-02 1.738560199737548828e-02 2.302461862564086914e-02 1.664930582046508789e-02 5.212503671646118164e-02 0.000000000000000000e+00 5.712240934371948242e-02 1.859843730926513672e-03 1.058751344680786133e-02 1.763147115707397461e-02 1.274293661117553711e-02 8.814752101898193359e-03 1.080555319786071777e-01 8.814811706542968750e-03 2.213019132614135742e-02 1.738536357879638672e-02 1.080554127693176270e-01 4.342192411422729492e-02
4.997491836547851562e-03 3.732442855834960938e-02 3.409731388092041016e-02 7.226705551147460938e-02 4.653489589691162109e-02 5.712240934371948242e-02 6.593734025955200195e-02 5.712246894836425781e-02 0.000000000000000000e+00 7.495886087417602539e-02 7.139682769775390625e-02 7.495892047882080078e-02 7.329803705215454102e-02 6.799662113189697266e-02 7.081568241119384766e-02 4.501879215240478516e-02 3.019154071807861328e-02 7.450801134109497070e-02 3.409779071807861328e-02 7.377171516418457031e-02 4.997372627258300781e-03 5.712240934371948242e-02 0.000000000000000000e+00 5.898225307464599609e-02 4.653489589691162109e-02 7.475388050079345703e-02 6.986534595489501953e-02 6.593716144561767578e-02 5.093312263488769531e-02 6.593722105026245117e-02 7.925260066986083984e-02 7.450777292251586914e-02 5.093300342559814453e-02 1.370048522949218750e-02
5.398476123809814453e-02 2.165782451629638672e-02 2.488493919372558594e-02 1.328480243682861328e-02 1.244735717773437500e-02 1.859843730926513672e-03 6.955087184906005859e-03 1.859784126281738281e-03 5.898225307464599609e-02 1.597660779953002930e-02 1.241457462310791016e-02 1.597666740417480469e-02 1.431578397750854492e-02 9.014368057250976562e-03 1.297979354858398438e-01 1.040010452270507812e-01 2.879071235656738281e-02 1.552575826644897461e-02 2.488446235656738281e-02 1.478946208953857422e-02 5.398488044738769531e-02 1.859843730926513672e-03 5.898225307464599609e-02 0.000000000000000000e+00 1.244735717773437500e-02 1.577162742614746094e-02 1.088309288024902344e-02 6.954908370971679688e-03 1.099153757095336914e-01 6.954967975616455078e-03 2.027034759521484375e-02 1.552551984786987305e-02 1.099152565002441406e-01 4.528176784515380859e-02
4.153740406036376953e-02 9.210467338562011719e-03 1.243758201599121094e-02 2.573215961456298828e-02 0.000000000000000000e+00 1.058751344680786133e-02 1.940244436264038086e-02 1.058757305145263672e-02 4.653489589691162109e-02 2.842396497726440430e-02 2.486193180084228516e-02 2.842402458190917969e-02 2.676314115524291992e-02 2.146172523498535156e-02 1.173505783081054688e-01 9.155368804931640625e-02 1.634335517883300781e-02 2.797311544418334961e-02 1.243710517883300781e-02 2.723681926727294922e-02 4.153752326965332031e-02 1.058751344680786133e-02 4.653489589691162109e-02 1.244735717773437500e-02 0.000000000000000000e+00 2.821898460388183594e-02 2.333045005798339844e-02 1.940226554870605469e-02 9.746801853179931641e-02 1.940232515335083008e-02 3.271770477294921875e-02 2.797287702560424805e-02 9.746789932250976562e-02 3.283441066741943359e-02
6.975638866424560547e-02 3.742945194244384766e-02 4.065656661987304688e-02 2.486824989318847656e-03 2.821898460388183594e-02 1.763147115707397461e-02 8.816540241241455078e-03 1.763141155242919922e-02 7.475388050079345703e-02 2.049803733825683594e-04 3.357052803039550781e-03 2.050399780273437500e-04 1.455843448638916016e-03 6.757259368896484375e-03 1.455695629119873047e-01 1.197726726531982422e-01 4.456233978271484375e-02 2.458691596984863281e-04 4.065608978271484375e-02 9.821653366088867188e-04 6.975650787353515625e-02 1.763147115707397461e-02 7.475388050079345703e-02 1.577162742614746094e-02 2.821898460388183594e-02 0.000000000000000000e+00 4.888534545898437500e-03 8.816719055175781250e-03 1.256870031356811523e-01 8.816659450531005859e-03 4.498720169067382812e-03 2.461075782775878906e-04 1.256868839263916016e-01 6.105339527130126953e-02
6.486785411834716797e-02 3.254091739654541016e-02 3.576803207397460938e-02 2.401709556579589844e-03 2.333045005798339844e-02 1.274293661117553711e-02 3.928005695343017578e-03 1.274287700653076172e-02 6.986534595489501953e-02 5.093514919281005859e-03 1.531481742858886719e-03 5.093574523925781250e-03 3.432691097259521484e-03 1.868724822998046875e-03 1.406810283660888672e-01 1.148841381072998047e-01 3.967380523681640625e-02 4.642665386199951172e-03 3.576755523681640625e-02 3.906369209289550781e-03 6.486797332763671875e-02 1.274293661117553711e-02 6.986534595489501953e-02 1.088309288024902344e-02 2.333045005798339844e-02 4.888534545898437500e-03 0.000000000000000000e+00 3.928184509277343750e-03 1.207984685897827148e-01 3.928124904632568359e-03 9.387254714965820312e-03 4.642426967620849609e-03 1.207983493804931641e-01 5.616486072540283203e-02
6.093966960906982422e-02 2.861273288726806641e-02 3.183984756469726562e-02 6.329894065856933594e-03 1.940226554870605469e-02 8.814752101898193359e-03 1.788139343261718750e-07 8.814692497253417969e-03 6.593716144561767578e-02 9.021699428558349609e-03 5.459666252136230469e-03 9.021759033203125000e-03 7.360875606536865234e-03 2.059459686279296875e-03 1.367528438568115234e-01 1.109559535980224609e-01 3.574562072753906250e-02 8.570849895477294922e-03 3.183937072753906250e-02 7.834553718566894531e-03 6.093978881835937500e-02 8.814752101898193359e-03 6.593716144561767578e-02 6.954908370971679688e-03 1.940226554870605469e-02 8.816719055175781250e-03 3.928184509277343750e-03 0.000000000000000000e+00 1.168702840805053711e-01 5.960464477539062500e-08 1.331543922424316406e-02 8.570611476898193359e-03 1.168701648712158203e-01 5.223667621612548828e-02
5.593061447143554688e-02 8.825755119323730469e-02 8.503043651580810547e-02 1.232001781463623047e-01 9.746801853179931641e-02 1.080555319786071777e-01 1.168704628944396973e-01 1.080555915832519531e-01 5.093312263488769531e-02 1.258919835090637207e-01 1.223299503326416016e-01 1.258920431137084961e-01 1.242311596870422363e-01 1.189297437667846680e-01 1.988255977630615234e-02 5.914330482482910156e-03 8.112466335296630859e-02 1.254411339759826660e-01 8.503091335296630859e-02 1.247048377990722656e-01 5.593049526214599609e-02 1.080555319786071777e-01 5.093312263488769531e-02 1.099153757095336914e-01 9.746801853179931641e-02 1.256870031356811523e-01 1.207984685897827148e-01 1.168702840805053711e-01 0.000000000000000000e+00 1.168703436851501465e-01 1.301857233047485352e-01 1.254408955574035645e-01 1.192092895507812500e-07 6.463360786437988281e-02
6.093972921371459961e-02 2.861279249191284180e-02 3.183990716934204102e-02 6.329834461212158203e-03 1.940232515335083008e-02 8.814811706542968750e-03 1.192092895507812500e-07 8.814752101898193359e-03 6.593722105026245117e-02 9.021639823913574219e-03 5.459606647491455078e-03 9.021699428558349609e-03 7.360816001892089844e-03 2.059400081634521484e-03 1.367529034614562988e-01 1.109560132026672363e-01 3.574568033218383789e-02 8.570790290832519531e-03 3.183943033218383789e-02 7.834494113922119141e-03 6.093984842300415039e-02 8.814811706542968750e-03 6.593722105026245117e-02 6.954967975616455078e-03 1.940232515335083008e-02 8.816659450531005859e-03 3.928124904632568359e-03 5.960464477539062500e-08 1.168703436851501465e-01 0.000000000000000000e+00 1.331537961959838867e-02 8.570551872253417969e-03 1.168702244758605957e-01 5.223673582077026367e-02
7.425510883331298828e-02 4.192817211151123047e-02 4.515528678894042969e-02 6.985545158386230469e-03 3.271770477294921875e-02 2.213019132614135742e-02 1.331526041030883789e-02 2.213013172149658203e-02 7.925260066986083984e-02 4.293739795684814453e-03 7.855772972106933594e-03 4.293680191040039062e-03 5.954563617706298828e-03 1.125597953796386719e-02 1.500682830810546875e-01 1.242713928222656250e-01 4.906105995178222656e-02 4.744589328765869141e-03 4.515480995178222656e-02 5.480885505676269531e-03 7.425522804260253906e-02 2.213019132614135742e-02 7.925260066986083984e-02 2.027034759521484375e-02 3.271770477294921875e-02 4.498720169067382812e-03 9.387254714965820312e-03 1.331543922424316406e-02 1.301857233047485352e-01 1.331537961959838867e-02 0.000000000000000000e+00 4.744827747344970703e-03 1.301856040954589844e-01 6.555211544036865234e-02
6.951028108596801758e-02 3.718334436416625977e-02 4.041045904159545898e-02 2.240717411041259766e-03 2.797287702560424805e-02 1.738536357879638672e-02 8.570432662963867188e-03 1.738530397415161133e-02 7.450777292251586914e-02 4.510879516601562500e-04 3.110945224761962891e-03 4.511475563049316406e-04 1.209735870361328125e-03 6.511151790618896484e-03 1.453234553337097168e-01 1.195265650749206543e-01 4.431623220443725586e-02 2.384185791015625000e-07 4.040998220443725586e-02 7.360577583312988281e-04 6.951040029525756836e-02 1.738536357879638672e-02 7.450777292251586914e-02 1.552551984786987305e-02 2.797287702560424805e-02 2.461075782775878906e-04 4.642426967620849609e-03 8.570611476898193359e-03 1.254408955574035645e-01 8.570551872253417969e-03 4.744827747344970703e-03 0.000000000000000000e+00 1.254407763481140137e-01 6.080728769302368164e-02
5.593049526214599609e-02 8.825743198394775391e-02 8.503031730651855469e-02 1.232000589370727539e-01 9.746789932250976562e-02 1.080554127693176270e-01 1.168703436851501465e-01 1.080554723739624023e-01 5.093300342559814453e-02 1.258918642997741699e-01 1.223298311233520508e-01 1.258919239044189453e-01 1.242310404777526855e-01 1.189296245574951172e-01 1.988267898559570312e-02 5.914211273193359375e-03 8.112454414367675781e-02 1.254410147666931152e-01 8.503079414367675781e-02 1.247047185897827148e-01 5.593037605285644531e-02 1.080554127693176270e-01 5.093300342559814453e-02 1.099152565002441406e-01 9.746789932250976562e-02 1.256868839263916016e-01 1.207983493804931641e-01 1.168701648712158203e-01 1.192092895507812500e-07 1.168702244758605957e-01 1.301856040954589844e-01 1.254407763481140137e-01 0.000000000000000000e+00 6.463348865509033203e-02
8.702993392944335938e-03 2.362394332885742188e-02 2.039682865142822266e-02 5.856657028198242188e-02 3.283441066741943359e-02 4.342192411422729492e-02 5.223685503005981445e-02 4.342198371887207031e-02 1.370048522949218750e-02 6.125837564468383789e-02 5.769634246826171875e-02 6.125843524932861328e-02 5.959755182266235352e-02 5.429613590240478516e-02 8.451616764068603516e-02 5.871927738189697266e-02 1.649105548858642578e-02 6.080752611160278320e-02 2.039730548858642578e-02 6.007122993469238281e-02 8.703112602233886719e-03 4.342192411422729492e-02 1.370048522949218750e-02 4.528176784515380859e-02 3.283441066741943359e-02 6.105339527130126953e-02 5.616486072540283203e-02 5.223667621612548828e-02 6.463360786437988281e-02 5.223673582077026367e-02 6.555211544036865234e-02 6.080728769302368164e-02 6.463348865509033203e-02 0.000000000000000000e+00
