0.000000000000000000e+00 1.928416490554809570e-01 1.961990594863891602e-01 2.205469608306884766e-01 1.490160226821899414e-01 1.892673969268798828e-01 2.035610079765319824e-01 2.100299000740051270e-01 1.993182897567749023e-01 2.203938961029052734e-01 2.217167615890502930e-01 2.218260765075683594e-01 2.218700051307678223e-01 2.129725217819213867e-01 1.265607476234436035e-01 1.640952825546264648e-01 2.015468478202819824e-01 2.035610079765319824e-01 1.730915307998657227e-01 2.214680910110473633e-01 1.687610149383544922e-01 2.154389619827270508e-01 1.141341328620910645e-01 1.993185281753540039e-01 2.175096869468688965e-01 2.213622331619262695e-01 2.035610079765319824e-01 2.088458538055419922e-01 1.324379444122314453e-01 1.993184089660644531e-01 2.426323890686035156e-01 2.214597463607788086e-01 1.854035258293151855e-01 1.542231440544128418e-01
1.928416490554809570e-01 0.000000000000000000e+00 3.357410430908203125e-03 2.770531177520751953e-02 4.382562637329101562e-02 3.574252128601074219e-03 1.071935892105102539e-02 1.718825101852416992e-02 6.476640701293945312e-03 2.755224704742431641e-02 2.887511253356933594e-02 2.898442745208740234e-02 2.902835607528686523e-02 2.013087272644042969e-02 6.628090143203735352e-02 2.874636650085449219e-02 8.705198764801025391e-03 1.071935892105102539e-02 1.975011825561523438e-02 2.862644195556640625e-02 2.408063411712646484e-02 2.259731292724609375e-02 7.870751619338989258e-02 6.476879119873046875e-03 2.466803789138793945e-02 2.852058410644531250e-02 1.071935892105102539e-02 1.600420475006103516e-02 6.040370464324951172e-02 6.476759910583496094e-03 4.979074001312255859e-02 2.861809730529785156e-02 7.438123226165771484e-03 3.861850500106811523e-02
1.961990594863891602e-01 3.357410430908203125e-03 0.000000000000000000e+00 2.434790134429931641e-02 4.718303680419921875e-02 6.931662559509277344e-03 7.361948490142822266e-03 1.383084058761596680e-02 3.119230270385742188e-03 2.419483661651611328e-02 2.551770210266113281e-02 2.562701702117919922e-02 2.567094564437866211e-02 1.677346229553222656e-02 6.963831186294555664e-02 3.210377693176269531e-02 5.347788333892822266e-03 7.361948490142822266e-03 2.310752868652343750e-02 2.526903152465820312e-02 2.743804454803466797e-02 1.923990249633789062e-02 8.206492662429809570e-02 3.119468688964843750e-03 2.131062746047973633e-02 2.516317367553710938e-02 7.361948490142822266e-03 1.264679431915283203e-02 6.376111507415771484e-02 3.119349479675292969e-03 4.643332958221435547e-02 2.526068687438964844e-02 1.079553365707397461e-02 4.197591543197631836e-02
2.205469608306884766e-01 2.770531177520751953e-02 2.434790134429931641e-02 0.000000000000000000e+00 7.153093814849853516e-02 3.127956390380859375e-02 1.698595285415649414e-02 1.051706075668334961e-02 2.122867107391357422e-02 1.530647277832031250e-04 1.169800758361816406e-03 1.279115676879882812e-03 1.323044300079345703e-03 7.574439048767089844e-03 9.398621320724487305e-02 5.645167827606201172e-02 1.900011301040649414e-02 1.698595285415649414e-02 4.745543003082275391e-02 9.211301803588867188e-04 5.178594589233398438e-02 5.107998847961425781e-03 1.064128279685974121e-01 2.122843265533447266e-02 3.037273883819580078e-03 8.152723312377929688e-04 1.698595285415649414e-02 1.170110702514648438e-02 8.810901641845703125e-02 2.122855186462402344e-02 2.208542823791503906e-02 9.127855300903320312e-04 3.514343500137329102e-02 6.632381677627563477e-02
1.490160226821899414e-01 4.382562637329101562e-02 4.718303680419921875e-02 7.153093814849853516e-02 0.000000000000000000e+00 4.025137424468994141e-02 5.454498529434204102e-02 6.101387739181518555e-02 5.030226707458496094e-02 7.137787342071533203e-02 7.270073890686035156e-02 7.281005382537841797e-02 7.285398244857788086e-02 6.395649909973144531e-02 2.245527505874633789e-02 1.507925987243652344e-02 5.253082513809204102e-02 5.454498529434204102e-02 2.407550811767578125e-02 7.245206832885742188e-02 1.974499225616455078e-02 6.642293930053710938e-02 3.488188982009887695e-02 5.030250549316406250e-02 6.849366426467895508e-02 7.234621047973632812e-02 5.454498529434204102e-02 5.982983112335205078e-02 1.657807826995849609e-02 5.030238628387451172e-02 9.361636638641357422e-02 7.244372367858886719e-02 3.638750314712524414e-02 5.207121372222900391e-03
1.892673969268798828e-01 3.574252128601074219e-03 6.931662559509277344e-03 3.127956390380859375e-02 4.025137424468994141e-02 0.000000000000000000e+00 1.429361104965209961e-02 2.076250314712524414e-02 1.005089282989501953e-02 3.112649917602539062e-02 3.244936466217041016e-02 3.255867958068847656e-02 3.260260820388793945e-02 2.370512485504150391e-02 6.270664930343627930e-02 2.517211437225341797e-02 1.227945089340209961e-02 1.429361104965209961e-02 1.617586612701416016e-02 3.220069408416748047e-02 2.050638198852539062e-02 2.617156505584716797e-02 7.513326406478881836e-02 1.005113124847412109e-02 2.824229001998901367e-02 3.209483623504638672e-02 1.429361104965209961e-02 1.957845687866210938e-02 5.682945251464843750e-02 1.005101203918457031e-02 5.336499214172363281e-02 3.219234943389892578e-02 3.863871097564697266e-03 3.504425287246704102e-02
2.035610079765319824e-01 1.071935892105102539e-02 7.361948490142822266e-03 1.698595285415649414e-02 5.454498529434204102e-02 1.429361104965209961e-02 0.000000000000000000e+00 6.468892097473144531e-03 4.242718219757080078e-03 1.683288812637329102e-02 1.815575361251831055e-02 1.826506853103637695e-02 1.830899715423583984e-02 9.411513805389404297e-03 7.700026035308837891e-02 3.946572542190551758e-02 2.014160156250000000e-03 0.000000000000000000e+00 3.046947717666625977e-02 1.790708303451538086e-02 3.479999303817749023e-02 1.187795400619506836e-02 8.942687511444091797e-02 4.242479801177978516e-03 1.394867897033691406e-02 1.780122518539428711e-02 0.000000000000000000e+00 5.284845829010009766e-03 7.112306356430053711e-02 4.242599010467529297e-03 3.907138109207153320e-02 1.789873838424682617e-02 1.815748214721679688e-02 4.933786392211914062e-02
2.100299000740051270e-01 1.718825101852416992e-02 1.383084058761596680e-02 1.051706075668334961e-02 6.101387739181518555e-02 2.076250314712524414e-02 6.468892097473144531e-03 0.000000000000000000e+00 1.071161031723022461e-02 1.036399602890014648e-02 1.168686151504516602e-02 1.179617643356323242e-02 1.184010505676269531e-02 2.942621707916259766e-03 8.346915245056152344e-02 4.593461751937866211e-02 8.483052253723144531e-03 6.468892097473144531e-03 3.693836927413940430e-02 1.143819093704223633e-02 4.126888513565063477e-02 5.409061908721923828e-03 9.589576721191406250e-02 1.071137189865112305e-02 7.479786872863769531e-03 1.133233308792114258e-02 6.468892097473144531e-03 1.184046268463134766e-03 7.759195566177368164e-02 1.071149110794067383e-02 3.260248899459838867e-02 1.142984628677368164e-02 2.462637424468994141e-02 5.580675601959228516e-02
1.993182897567749023e-01 6.476640701293945312e-03 3.119230270385742188e-03 2.122867107391357422e-02 5.030226707458496094e-02 1.005089282989501953e-02 4.242718219757080078e-03 1.071161031723022461e-02 0.000000000000000000e+00 2.107560634613037109e-02 2.239847183227539062e-02 2.250778675079345703e-02 2.255171537399291992e-02 1.365423202514648438e-02 7.275754213333129883e-02 3.522300720214843750e-02 2.228558063507080078e-03 4.242718219757080078e-03 2.622675895690917969e-02 2.214980125427246094e-02 3.055727481842041016e-02 1.612067222595214844e-02 8.518415689468383789e-02 2.384185791015625000e-07 1.819139719009399414e-02 2.204394340515136719e-02 4.242718219757080078e-03 9.527564048767089844e-03 6.688034534454345703e-02 1.192092895507812500e-07 4.331409931182861328e-02 2.214145660400390625e-02 1.391476392745971680e-02 4.509514570236206055e-02
2.203938961029052734e-01 2.755224704742431641e-02 2.419483661651611328e-02 1.530647277832031250e-04 7.137787342071533203e-02 3.112649917602539062e-02 1.683288812637329102e-02 1.036399602890014648e-02 2.107560634613037109e-02 0.000000000000000000e+00 1.322865486145019531e-03 1.432180404663085938e-03 1.476109027862548828e-03 7.421374320983886719e-03 9.383314847946166992e-02 5.629861354827880859e-02 1.884704828262329102e-02 1.683288812637329102e-02 4.730236530303955078e-02 1.074194908142089844e-03 5.163288116455078125e-02 4.954934120178222656e-03 1.062597632408142090e-01 2.107536792755126953e-02 2.884209156036376953e-03 9.683370590209960938e-04 1.683288812637329102e-02 1.154804229736328125e-02 8.795595169067382812e-02 2.107548713684082031e-02 2.223849296569824219e-02 1.065850257873535156e-03 3.499037027359008789e-02 6.617075204849243164e-02
2.217167615890502930e-01 2.887511253356933594e-02 2.551770210266113281e-02 1.169800758361816406e-03 7.270073890686035156e-02 3.244936466217041016e-02 1.815575361251831055e-02 1.168686151504516602e-02 2.239847183227539062e-02 1.322865486145019531e-03 0.000000000000000000e+00 1.093149185180664062e-04 1.532435417175292969e-04 8.744239807128906250e-03 9.515601396560668945e-02 5.762147903442382812e-02 2.016991376876831055e-02 1.815575361251831055e-02 4.862523078918457031e-02 2.486705780029296875e-04 5.295574665069580078e-02 6.277799606323242188e-03 1.075826287269592285e-01 2.239823341369628906e-02 4.207074642181396484e-03 3.545284271240234375e-04 1.815575361251831055e-02 1.287090778350830078e-02 8.927881717681884766e-02 2.239835262298583984e-02 2.091562747955322266e-02 2.570152282714843750e-04 3.631323575973510742e-02 6.749361753463745117e-02
2.218260765075683594e-01 2.898442745208740234e-02 2.562701702117919922e-02 1.279115676879882812e-03 7.281005382537841797e-02 3.255867958068847656e-02 1.826506853103637695e-02 1.179617643356323242e-02 2.250778675079345703e-02 1.432180404663085938e-03 1.093149185180664062e-04 0.000000000000000000e+00 4.392862319946289062e-05 8.853554725646972656e-03 9.526532888412475586e-02 5.773079395294189453e-02 2.027922868728637695e-02 1.826506853103637695e-02 4.873454570770263672e-02 3.579854965209960938e-04 5.306506156921386719e-02 6.387114524841308594e-03 1.076919436454772949e-01 2.250754833221435547e-02 4.316389560699462891e-03 4.638433456420898438e-04 1.826506853103637695e-02 1.298022270202636719e-02 8.938813209533691406e-02 2.250766754150390625e-02 2.080631256103515625e-02 3.663301467895507812e-04 3.642255067825317383e-02 6.760293245315551758e-02
2.218700051307678223e-01 2.902835607528686523e-02 2.567094564437866211e-02 1.323044300079345703e-03 7.285398244857788086e-02 3.260260820388793945e-02 1.830899715423583984e-02 1.184010505676269531e-02 2.255171537399291992e-02 1.476109027862548828e-03 1.532435417175292969e-04 4.392862319946289062e-05 0.000000000000000000e+00 8.897483348846435547e-03 9.530925750732421875e-02 5.777472257614135742e-02 2.032315731048583984e-02 1.830899715423583984e-02 4.877847433090209961e-02 4.019141197204589844e-04 5.310899019241333008e-02 6.431043148040771484e-03 1.077358722686767578e-01 2.255147695541381836e-02 4.360318183898925781e-03 5.077719688415527344e-04 1.830899715423583984e-02 1.302415132522583008e-02 8.943206071853637695e-02 2.255159616470336914e-02 2.076238393783569336e-02 4.102587699890136719e-04 3.646647930145263672e-02 6.764686107635498047e-02
2.129725217819213867e-01 2.013087272644042969e-02 1.677346229553222656e-02 7.574439048767089844e-03 6.395649909973144531e-02 2.370512485504150391e-02 9.411513805389404297e-03 2.942621707916259766e-03 1.365423202514648438e-02 7.421374320983886719e-03 8.744239807128906250e-03 8.853554725646972656e-03 8.897483348846435547e-03 0.000000000000000000e+00 8.641177415847778320e-02 4.887723922729492188e-02 1.142567396163940430e-02 9.411513805389404297e-03 3.988099098205566406e-02 8.495569229125976562e-03 4.421150684356689453e-02 2.466440200805664062e-03 9.883838891983032227e-02 1.365399360656738281e-02 4.537165164947509766e-03 8.389711380004882812e-03 9.411513805389404297e-03 4.126667976379394531e-03 8.053457736968994141e-02 1.365411281585693359e-02 2.965986728668212891e-02 8.487224578857421875e-03 2.756899595260620117e-02 5.874937772750854492e-02
1.265607476234436035e-01 6.628090143203735352e-02 6.963831186294555664e-02 9.398621320724487305e-02 2.245527505874633789e-02 6.270664930343627930e-02 7.700026035308837891e-02 8.346915245056152344e-02 7.275754213333129883e-02 9.383314847946166992e-02 9.515601396560668945e-02 9.526532888412475586e-02 9.530925750732421875e-02 8.641177415847778320e-02 0.000000000000000000e+00 3.753453493118286133e-02 7.498610019683837891e-02 7.700026035308837891e-02 4.653078317642211914e-02 9.490734338760375977e-02 4.220026731491088867e-02 8.887821435928344727e-02 1.242661476135253906e-02 7.275778055191040039e-02 9.094893932342529297e-02 9.480148553848266602e-02 7.700026035308837891e-02 8.228510618209838867e-02 5.877196788787841797e-03 7.275766134262084961e-02 1.160716414451599121e-01 9.489899873733520508e-02 5.884277820587158203e-02 2.766239643096923828e-02
1.640952825546264648e-01 2.874636650085449219e-02 3.210377693176269531e-02 5.645167827606201172e-02 1.507925987243652344e-02 2.517211437225341797e-02 3.946572542190551758e-02 4.593461751937866211e-02 3.522300720214843750e-02 5.629861354827880859e-02 5.762147903442382812e-02 5.773079395294189453e-02 5.777472257614135742e-02 4.887723922729492188e-02 3.753453493118286133e-02 0.000000000000000000e+00 3.745156526565551758e-02 3.946572542190551758e-02 8.996248245239257812e-03 5.737280845642089844e-02 4.665732383728027344e-03 5.134367942810058594e-02 4.996114969253540039e-02 3.522324562072753906e-02 5.341440439224243164e-02 5.726695060729980469e-02 3.946572542190551758e-02 4.475057125091552734e-02 3.165733814239501953e-02 3.522312641143798828e-02 7.853710651397705078e-02 5.736446380615234375e-02 2.130824327468872070e-02 9.872138500213623047e-03
2.015468478202819824e-01 8.705198764801025391e-03 5.347788333892822266e-03 1.900011301040649414e-02 5.253082513809204102e-02 1.227945089340209961e-02 2.014160156250000000e-03 8.483052253723144531e-03 2.228558063507080078e-03 1.884704828262329102e-02 2.016991376876831055e-02 2.027922868728637695e-02 2.032315731048583984e-02 1.142567396163940430e-02 7.498610019683837891e-02 3.745156526565551758e-02 0.000000000000000000e+00 2.014160156250000000e-03 2.845531702041625977e-02 1.992124319076538086e-02 3.278583288192749023e-02 1.389211416244506836e-02 8.741271495819091797e-02 2.228319644927978516e-03 1.596283912658691406e-02 1.981538534164428711e-02 2.014160156250000000e-03 7.299005985260009766e-03 6.910890340805053711e-02 2.228438854217529297e-03 4.108554124832153320e-02 1.991289854049682617e-02 1.614332199096679688e-02 4.732370376586914062e-02
2.035610079765319824e-01 1.071935892105102539e-02 7.361948490142822266e-03 1.698595285415649414e-02 5.454498529434204102e-02 1.429361104965209961e-02 0.000000000000000000e+00 6.468892097473144531e-03 4.242718219757080078e-03 1.683288812637329102e-02 1.815575361251831055e-02 1.826506853103637695e-02 1.830899715423583984e-02 9.411513805389404297e-03 7.700026035308837891e-02 3.946572542190551758e-02 2.014160156250000000e-03 0.000000000000000000e+00 3.046947717666625977e-02 1.790708303451538086e-02 3.479999303817749023e-02 1.187795400619506836e-02 8.942687511444091797e-02 4.242479801177978516e-03 1.394867897033691406e-02 1.780122518539428711e-02 0.000000000000000000e+00 5.284845829010009766e-03 7.112306356430053711e-02 4.242599010467529297e-03 3.907138109207153320e-02 1.789873838424682617e-02 1.815748214721679688e-02 4.933786392211914062e-02
1.730915307998657227e-01 1.975011825561523438e-02 2.310752868652343750e-02 4.745543003082275391e-02 2.407550811767578125e-02 1.617586612701416016e-02 3.046947717666625977e-02 3.693836927413940430e-02 2.622675895690917969e-02 4.730236530303955078e-02 4.862523078918457031e-02 4.873454570770263672e-02 4.877847433090209961e-02 3.988099098205566406e-02 4.653078317642211914e-02 8.996248245239257812e-03 2.845531702041625977e-02 3.046947717666625977e-02 0.000000000000000000e+00 4.837656021118164062e-02 4.330515861511230469e-03 4.234743118286132812e-02 5.895739793777465820e-02 2.622699737548828125e-02 4.441815614700317383e-02 4.827070236206054688e-02 3.046947717666625977e-02 3.575432300567626953e-02 4.065358638763427734e-02 2.622687816619873047e-02 6.954085826873779297e-02 4.836821556091308594e-02 1.231199502944946289e-02 1.886838674545288086e-02
2.214680910110473633e-01 2.862644195556640625e-02 2.526903152465820312e-02 9.211301803588867188e-04 7.245206832885742188e-02 3.220069408416748047e-02 1.790708303451538086e-02 1.143819093704223633e-02 2.214980125427246094e-02 1.074194908142089844e-03 2.486705780029296875e-04 3.579854965209960938e-04 4.019141197204589844e-04 8.495569229125976562e-03 9.490734338760375977e-02 5.737280845642089844e-02 1.992124319076538086e-02 1.790708303451538086e-02 4.837656021118164062e-02 0.000000000000000000e+00 5.270707607269287109e-02 6.029129028320312500e-03 1.073339581489562988e-01 2.214956283569335938e-02 3.958404064178466797e-03 1.058578491210937500e-04 1.790708303451538086e-02 1.262223720550537109e-02 8.903014659881591797e-02 2.214968204498291016e-02 2.116429805755615234e-02 8.344650268554687500e-06 3.606456518173217773e-02 6.724494695663452148e-02
1.687610149383544922e-01 2.408063411712646484e-02 2.743804454803466797e-02 5.178594589233398438e-02 1.974499225616455078e-02 2.050638198852539062e-02 3.479999303817749023e-02 4.126888513565063477e-02 3.055727481842041016e-02 5.163288116455078125e-02 5.295574665069580078e-02 5.306506156921386719e-02 5.310899019241333008e-02 4.421150684356689453e-02 4.220026731491088867e-02 4.665732383728027344e-03 3.278583288192749023e-02 3.479999303817749023e-02 4.330515861511230469e-03 5.270707607269287109e-02 0.000000000000000000e+00 4.667794704437255859e-02 5.462688207626342773e-02 3.055751323699951172e-02 4.874867200851440430e-02 5.260121822357177734e-02 3.479999303817749023e-02 4.008483886718750000e-02 3.632307052612304688e-02 3.055739402770996094e-02 7.387137413024902344e-02 5.269873142242431641e-02 1.664251089096069336e-02 1.453787088394165039e-02
2.154389619827270508e-01 2.259731292724609375e-02 1.923990249633789062e-02 5.107998847961425781e-03 6.642293930053710938e-02 2.617156505584716797e-02 1.187795400619506836e-02 5.409061908721923828e-03 1.612067222595214844e-02 4.954934120178222656e-03 6.277799606323242188e-03 6.387114524841308594e-03 6.431043148040771484e-03 2.466440200805664062e-03 8.887821435928344727e-02 5.134367942810058594e-02 1.389211416244506836e-02 1.187795400619506836e-02 4.234743118286132812e-02 6.029129028320312500e-03 4.667794704437255859e-02 0.000000000000000000e+00 1.013048291206359863e-01 1.612043380737304688e-02 2.070724964141845703e-03 5.923271179199218750e-03 1.187795400619506836e-02 6.593108177185058594e-03 8.300101757049560547e-02 1.612055301666259766e-02 2.719342708587646484e-02 6.020784378051757812e-03 3.003543615341186523e-02 6.121581792831420898e-02
1.141341328620910645e-01 7.870751619338989258e-02 8.206492662429809570e-02 1.064128279685974121e-01 3.488188982009887695e-02 7.513326406478881836e-02 8.942687511444091797e-02 9.589576721191406250e-02 8.518415689468383789e-02 1.062597632408142090e-01 1.075826287269592285e-01 1.076919436454772949e-01 1.077358722686767578e-01 9.883838891983032227e-02 1.242661476135253906e-02 4.996114969253540039e-02 8.741271495819091797e-02 8.942687511444091797e-02 5.895739793777465820e-02 1.073339581489562988e-01 5.462688207626342773e-02 1.013048291206359863e-01 0.000000000000000000e+00 8.518439531326293945e-02 1.033755540847778320e-01 1.072281002998352051e-01 8.942687511444091797e-02 9.471172094345092773e-02 1.830381155014038086e-02 8.518427610397338867e-02 1.284982562065124512e-01 1.073256134986877441e-01 7.126939296722412109e-02 4.008901119232177734e-02
1.993185281753540039e-01 6.476879119873046875e-03 3.119468688964843750e-03 2.122843265533447266e-02 5.030250549316406250e-02 1.005113124847412109e-02 4.242479801177978516e-03 1.071137189865112305e-02 2.384185791015625000e-07 2.107536792755126953e-02 2.239823341369628906e-02 2.250754833221435547e-02 2.255147695541381836e-02 1.365399360656738281e-02 7.275778055191040039e-02 3.522324562072753906e-02 2.228319644927978516e-03 4.242479801177978516e-03 2.622699737548828125e-02 2.214956283569335938e-02 3.055751323699951172e-02 1.612043380737304688e-02 8.518439531326293945e-02 0.000000000000000000e+00 1.819115877151489258e-02 2.204370498657226562e-02 4.242479801177978516e-03 9.527325630187988281e-03 6.688058376312255859e-02 1.192092895507812500e-07 4.331386089324951172e-02 2.214121818542480469e-02 1.391500234603881836e-02 4.509538412094116211e-02
2.175096869468688965e-01 2.466803789138793945e-02 2.131062746047973633e-02 3.037273883819580078e-03 6.849366426467895508e-02 2.824229001998901367e-02 1.394867897033691406e-02 7.479786872863769531e-03 1.819139719009399414e-02 2.884209156036376953e-03 4.207074642181396484e-03 4.316389560699462891e-03 4.360318183898925781e-03 4.537165164947509766e-03 9.094893932342529297e-02 5.341440439224243164e-02 1.596283912658691406e-02 1.394867897033691406e-02 4.441815614700317383e-02 3.958404064178466797e-03 4.874867200851440430e-02 2.070724964141845703e-03 1.033755540847778320e-01 1.819115877151489258e-02 0.000000000000000000e+00 3.852546215057373047e-03 1.394867897033691406e-02 8.663833141326904297e-03 8.507174253463745117e-02 1.819127798080444336e-02 2.512270212173461914e-02 3.950059413909912109e-03 3.210616111755371094e-02 6.328654289245605469e-02
2.213622331619262695e-01 2.852058410644531250e-02 2.516317367553710938e-02 8.152723312377929688e-04 7.234621047973632812e-02 3.209483623504638672e-02 1.780122518539428711e-02 1.133233308792114258e-02 2.204394340515136719e-02 9.683370590209960938e-04 3.545284271240234375e-04 4.638433456420898438e-04 5.077719688415527344e-04 8.389711380004882812e-03 9.480148553848266602e-02 5.726695060729980469e-02 1.981538534164428711e-02 1.780122518539428711e-02 4.827070236206054688e-02 1.058578491210937500e-04 5.260121822357177734e-02 5.923271179199218750e-03 1.072281002998352051e-01 2.204370498657226562e-02 3.852546215057373047e-03 0.000000000000000000e+00 1.780122518539428711e-02 1.251637935638427734e-02 8.892428874969482422e-02 2.204382419586181641e-02 2.127015590667724609e-02 9.751319885253906250e-05 3.595870733261108398e-02 6.713908910751342773e-02
2.035610079765319824e-01 1.071935892105102539e-02 7.361948490142822266e-03 1.698595285415649414e-02 5.454498529434204102e-02 1.429361104965209961e-02 0.000000000000000000e+00 6.468892097473144531e-03 4.242718219757080078e-03 1.683288812637329102e-02 1.815575361251831055e-02 1.826506853103637695e-02 1.830899715423583984e-02 9.411513805389404297e-03 7.700026035308837891e-02 3.946572542190551758e-02 2.014160156250000000e-03 0.000000000000000000e+00 3.046947717666625977e-02 1.790708303451538086e-02 3.479999303817749023e-02 1.187795400619506836e-02 8.942687511444091797e-02 4.242479801177978516e-03 1.394867897033691406e-02 1.780122518539428711e-02 0.000000000000000000e+00 5.284845829010009766e-03 7.112306356430053711e-02 4.242599010467529297e-03 3.907138109207153320e-02 1.789873838424682617e-02 1.815748214721679688e-02 4.933786392211914062e-02
2.088458538055419922e-01 1.600420475006103516e-02 1.264679431915283203e-02 1.170110702514648438e-02 5.982983112335205078e-02 1.957845687866210938e-02 5.284845829010009766e-03 1.184046268463134766e-03 9.527564048767089844e-03 1.154804229736328125e-02 1.287090778350830078e-02 1.298022270202636719e-02 1.302415132522583008e-02 4.126667976379394531e-03 8.228510618209838867e-02 4.475057125091552734e-02 7.299005985260009766e-03 5.284845829010009766e-03 3.575432300567626953e-02 1.262223720550537109e-02 4.008483886718750000e-02 6.593108177185058594e-03 9.471172094345092773e-02 9.527325630187988281e-03 8.663833141326904297e-03 1.251637935638427734e-02 5.284845829010009766e-03 0.000000000000000000e+00 7.640790939331054688e-02 9.527444839477539062e-03 3.378653526306152344e-02 1.261389255523681641e-02 2.344232797622680664e-02 5.462270975112915039e-02
1.324379444122314453e-01 6.040370464324951172e-02 6.376111507415771484e-02 8.810901641845703125e-02 1.657807826995849609e-02 5.682945251464843750e-02 7.112306356430053711e-02 7.759195566177368164e-02 6.688034534454345703e-02 8.795595169067382812e-02 8.927881717681884766e-02 8.938813209533691406e-02 8.943206071853637695e-02 8.053457736968994141e-02 5.877196788787841797e-03 3.165733814239501953e-02 6.910890340805053711e-02 7.112306356430053711e-02 4.065358638763427734e-02 8.903014659881591797e-02 3.632307052612304688e-02 8.300101757049560547e-02 1.830381155014038086e-02 6.688058376312255859e-02 8.507174253463745117e-02 8.892428874969482422e-02 7.112306356430053711e-02 7.640790939331054688e-02 0.000000000000000000e+00 6.688046455383300781e-02 1.101944446563720703e-01 8.902180194854736328e-02 5.296558141708374023e-02 2.178519964218139648e-02
1.993184089660644531e-01 6.476759910583496094e-03 3.119349479675292969e-03 2.122855186462402344e-02 5.030238628387451172e-02 1.005101203918457031e-02 4.242599010467529297e-03 1.071149110794067383e-02 1.192092895507812500e-07 2.107548713684082031e-02 2.239835262298583984e-02 2.250766754150390625e-02 2.255159616470336914e-02 1.365411281585693359e-02 7.275766134262084961e-02 3.522312641143798828e-02 2.228438854217529297e-03 4.242599010467529297e-03 2.622687816619873047e-02 2.214968204498291016e-02 3.055739402770996094e-02 1.612055301666259766e-02 8.518427610397338867e-02 1.192092895507812500e-07 1.819127798080444336e-02 2.204382419586181641e-02 4.242599010467529297e-03 9.527444839477539062e-03 6.688046455383300781e-02 0.000000000000000000e+00 4.331398010253906250e-02 2.214133739471435547e-02 1.391488313674926758e-02 4.509526491165161133e-02
2.426323890686035156e-01 4.979074001312255859e-02 4.643332958221435547e-02 2.208542823791503906e-02 9.361636638641357422e-02 5.336499214172363281e-02 3.907138109207153320e-02 3.260248899459838867e-02 4.331409931182861328e-02 2.223849296569824219e-02 2.091562747955322266e-02 2.080631256103515625e-02 2.076238393783569336e-02 2.965986728668212891e-02 1.160716414451599121e-01 7.853710651397705078e-02 4.108554124832153320e-02 3.907138109207153320e-02 6.954085826873779297e-02 2.116429805755615234e-02 7.387137413024902344e-02 2.719342708587646484e-02 1.284982562065124512e-01 4.331386089324951172e-02 2.512270212173461914e-02 2.127015590667724609e-02 3.907138109207153320e-02 3.378653526306152344e-02 1.101944446563720703e-01 4.331398010253906250e-02 0.000000000000000000e+00 2.117264270782470703e-02 5.722886323928833008e-02 8.840924501419067383e-02
2.214597463607788086e-01 2.861809730529785156e-02 2.526068687438964844e-02 9.127855300903320312e-04 7.244372367858886719e-02 3.219234943389892578e-02 1.789873838424682617e-02 1.142984628677368164e-02 2.214145660400390625e-02 1.065850257873535156e-03 2.570152282714843750e-04 3.663301467895507812e-04 4.102587699890136719e-04 8.487224578857421875e-03 9.489899873733520508e-02 5.736446380615234375e-02 1.991289854049682617e-02 1.789873838424682617e-02 4.836821556091308594e-02 8.344650268554687500e-06 5.269873142242431641e-02 6.020784378051757812e-03 1.073256134986877441e-01 2.214121818542480469e-02 3.950059413909912109e-03 9.751319885253906250e-05 1.789873838424682617e-02 1.261389255523681641e-02 8.902180194854736328e-02 2.214133739471435547e-02 2.117264270782470703e-02 0.000000000000000000e+00 3.605622053146362305e-02 6.723660230636596680e-02
1.854035258293151855e-01 7.438123226165771484e-03 1.079553365707397461e-02 3.514343500137329102e-02 3.638750314712524414e-02 3.863871097564697266e-03 1.815748214721679688e-02 2.462637424468994141e-02 1.391476392745971680e-02 3.499037027359008789e-02 3.631323575973510742e-02 3.642255067825317383e-02 3.646647930145263672e-02 2.756899595260620117e-02 5.884277820587158203e-02 2.130824327468872070e-02 1.614332199096679688e-02 1.815748214721679688e-02 1.231199502944946289e-02 3.606456518173217773e-02 1.664251089096069336e-02 3.003543615341186523e-02 7.126939296722412109e-02 1.391500234603881836e-02 3.210616111755371094e-02 3.595870733261108398e-02 1.815748214721679688e-02 2.344232797622680664e-02 5.296558141708374023e-02 1.391488313674926758e-02 5.722886323928833008e-02 3.605622053146362305e-02 0.000000000000000000e+00 3.118038177490234375e-02
1.542231440544128418e-01 3.861850500106811523e-02 4.197591543197631836e-02 6.632381677627563477e-02 5.207121372222900391e-03 3.504425287246704102e-02 4.933786392211914062e-02 5.580675601959228516e-02 4.509514570236206055e-02 6.617075204849243164e-02 6.749361753463745117e-02 6.760293245315551758e-02 6.764686107635498047e-02 5.874937772750854492e-02 2.766239643096923828e-02 9.872138500213623047e-03 4.732370376586914062e-02 4.933786392211914062e-02 1.886838674545288086e-02 6.724494695663452148e-02 1.453787088394165039e-02 6.121581792831420898e-02 4.008901119232177734e-02 4.509538412094116211e-02 6.328654289245605469e-02 6.713908910751342773e-02 4.933786392211914062e-02 5.462270975112915039e-02 2.178519964218139648e-02 4.509526491165161133e-02 8.840924501419067383e-02 6.723660230636596680e-02 3.118038177490234375e-02 0.000000000000000000e+00
