0.000000000000000000e+00 1.365374326705932617e-01 8.603870123624801636e-02 1.356849670410156250e-01 3.464853763580322266e-02 1.393340229988098145e-01 1.184133216738700867e-01 1.385028958320617676e-01 1.298390626907348633e-01 1.372832059860229492e-01 1.336514353752136230e-01 1.375021338462829590e-01 1.407005190849304199e-01 1.365372538566589355e-01 7.529013603925704956e-02 1.065965220332145691e-01 1.065965816378593445e-01 1.407004594802856445e-01 1.251280903816223145e-01 1.385678648948669434e-01 1.065966412425041199e-01 1.298390626907348633e-01 3.880231827497482300e-02 1.336514353752136230e-01 1.219014450907707214e-01 1.404517292976379395e-01 1.184132620692253113e-01 1.251280903816223145e-01 7.529001682996749878e-02 1.065966412425041199e-01 1.362368464469909668e-01 1.393340229988098145e-01 1.401405930519104004e-01 1.251280903816223145e-01
1.365374326705932617e-01 0.000000000000000000e+00 5.049872398376464844e-02 8.524656295776367188e-04 1.711859703063964844e-01 2.796590328216552734e-03 1.812410354614257812e-02 1.965463161468505859e-03 6.698369979858398438e-03 7.457733154296875000e-04 2.885997295379638672e-03 9.647011756896972656e-04 4.163086414337158203e-03 1.788139343261718750e-07 6.124728918075561523e-02 2.994090318679809570e-02 2.994084358215332031e-02 4.163026809692382812e-03 1.140934228897094727e-02 2.030432224273681641e-03 2.994078397750854492e-02 6.698369979858398438e-03 9.773510694503784180e-02 2.885997295379638672e-03 1.463598012924194336e-02 3.914296627044677734e-03 1.812416315078735352e-02 1.140934228897094727e-02 6.124740839004516602e-02 2.994078397750854492e-02 3.005862236022949219e-04 2.796590328216552734e-03 3.603160381317138672e-03 1.140934228897094727e-02
8.603870123624801636e-02 5.049872398376464844e-02 0.000000000000000000e+00 4.964625835418701172e-02 1.206872388720512390e-01 5.329531431198120117e-02 3.237462043762207031e-02 5.246418714523315430e-02 4.380035400390625000e-02 5.124449729919433594e-02 4.761272668838500977e-02 5.146342515945434570e-02 5.466181039810180664e-02 5.049854516983032227e-02 1.074856519699096680e-02 2.055782079696655273e-02 2.055788040161132812e-02 5.466175079345703125e-02 3.908938169479370117e-02 5.252915620803833008e-02 2.055794000625610352e-02 4.380035400390625000e-02 4.723638296127319336e-02 4.761272668838500977e-02 3.586274385452270508e-02 5.441302061080932617e-02 3.237456083297729492e-02 3.908938169479370117e-02 1.074868440628051758e-02 2.055794000625610352e-02 5.019813776016235352e-02 5.329531431198120117e-02 5.410188436508178711e-02 3.908938169479370117e-02
1.356849670410156250e-01 8.524656295776367188e-04 4.964625835418701172e-02 0.000000000000000000e+00 1.703335046768188477e-01 3.649055957794189453e-03 1.727163791656494141e-02 2.817928791046142578e-03 5.845904350280761719e-03 1.598238945007324219e-03 2.033531665802001953e-03 1.817166805267333984e-03 5.015552043914794922e-03 8.522868156433105469e-04 6.039482355117797852e-02 2.908843755722045898e-02 2.908837795257568359e-02 5.015492439270019531e-03 1.055687665939331055e-02 2.882897853851318359e-03 2.908831834793090820e-02 5.845904350280761719e-03 9.688264131546020508e-02 2.033531665802001953e-03 1.378351449966430664e-02 4.766762256622314453e-03 1.727169752120971680e-02 1.055687665939331055e-02 6.039494276046752930e-02 2.908831834793090820e-02 5.518794059753417969e-04 3.649055957794189453e-03 4.455626010894775391e-03 1.055687665939331055e-02
3.464853763580322266e-02 1.711859703063964844e-01 1.206872388720512390e-01 1.703335046768188477e-01 0.000000000000000000e+00 1.739825606346130371e-01 1.530618667602539062e-01 1.731514334678649902e-01 1.644876003265380859e-01 1.719317436218261719e-01 1.682999730110168457e-01 1.721506714820861816e-01 1.753490567207336426e-01 1.711857914924621582e-01 1.099386736750602722e-01 1.412450671195983887e-01 1.412451267242431641e-01 1.753489971160888672e-01 1.597766280174255371e-01 1.732164025306701660e-01 1.412451863288879395e-01 1.644876003265380859e-01 7.345085591077804565e-02 1.682999730110168457e-01 1.565499901771545410e-01 1.751002669334411621e-01 1.530618071556091309e-01 1.597766280174255371e-01 1.099385544657707214e-01 1.412451863288879395e-01 1.708853840827941895e-01 1.739825606346130371e-01 1.747891306877136230e-01 1.597766280174255371e-01
1.393340229988098145e-01 2.796590328216552734e-03 5.329531431198120117e-02 3.649055957794189453e-03 1.739825606346130371e-01 0.000000000000000000e+00 2.092069387435913086e-02 8.311271667480468750e-04 9.494960308074951172e-03 2.050817012786865234e-03 5.682587623596191406e-03 1.831889152526855469e-03 1.366496086120605469e-03 2.796769142150878906e-03 6.404387950897216797e-02 3.273749351501464844e-02 3.273743391036987305e-02 1.366436481475830078e-03 1.420593261718750000e-02 7.661581039428710938e-04 3.273737430572509766e-02 9.494960308074951172e-03 1.005316972732543945e-01 5.682587623596191406e-03 1.743257045745849609e-02 1.117706298828125000e-03 2.092075347900390625e-02 1.420593261718750000e-02 6.404399871826171875e-02 3.273737430572509766e-02 3.097176551818847656e-03 0.000000000000000000e+00 8.065700531005859375e-04 1.420593261718750000e-02
1.184133216738700867e-01 1.812410354614257812e-02 3.237462043762207031e-02 1.727163791656494141e-02 1.530618667602539062e-01 2.092069387435913086e-02 0.000000000000000000e+00 2.008956670761108398e-02 1.142573356628417969e-02 1.886987686157226562e-02 1.523810625076293945e-02 1.908880472183227539e-02 2.228718996047973633e-02 1.812392473220825195e-02 4.312318563461303711e-02 1.181679964065551758e-02 1.181674003601074219e-02 2.228713035583496094e-02 6.714761257171630859e-03 2.015453577041625977e-02 1.181668043136596680e-02 1.142573356628417969e-02 7.961100339889526367e-02 1.523810625076293945e-02 3.488123416900634766e-03 2.203840017318725586e-02 5.960464477539062500e-08 6.714761257171630859e-03 4.312330484390258789e-02 1.181668043136596680e-02 1.782351732254028320e-02 2.092069387435913086e-02 2.172726392745971680e-02 6.714761257171630859e-03
1.385028958320617676e-01 1.965463161468505859e-03 5.246418714523315430e-02 2.817928791046142578e-03 1.731514334678649902e-01 8.311271667480468750e-04 2.008956670761108398e-02 0.000000000000000000e+00 8.663833141326904297e-03 1.219689846038818359e-03 4.851460456848144531e-03 1.000761985778808594e-03 2.197623252868652344e-03 1.965641975402832031e-03 6.321275234222412109e-02 3.190636634826660156e-02 3.190630674362182617e-02 2.197563648223876953e-03 1.337480545043945312e-02 6.496906280517578125e-05 3.190624713897705078e-02 8.663833141326904297e-03 9.970057010650634766e-02 4.851460456848144531e-03 1.660144329071044922e-02 1.948833465576171875e-03 2.008962631225585938e-02 1.337480545043945312e-02 6.321287155151367188e-02 3.190624713897705078e-02 2.266049385070800781e-03 8.311271667480468750e-04 1.637697219848632812e-03 1.337480545043945312e-02
1.298390626907348633e-01 6.698369979858398438e-03 4.380035400390625000e-02 5.845904350280761719e-03 1.644876003265380859e-01 9.494960308074951172e-03 1.142573356628417969e-02 8.663833141326904297e-03 0.000000000000000000e+00 7.444143295288085938e-03 3.812372684478759766e-03 7.663071155548095703e-03 1.086145639419555664e-02 6.698191165924072266e-03 5.454891920089721680e-02 2.324253320693969727e-02 2.324247360229492188e-02 1.086139678955078125e-02 4.710972309112548828e-03 8.728802204132080078e-03 2.324241399765014648e-02 0.000000000000000000e+00 9.103673696517944336e-02 3.812372684478759766e-03 7.937610149383544922e-03 1.061266660690307617e-02 1.142579317092895508e-02 4.710972309112548828e-03 5.454903841018676758e-02 2.324241399765014648e-02 6.397783756256103516e-03 9.494960308074951172e-03 1.030153036117553711e-02 4.710972309112548828e-03
1.372832059860229492e-01 7.457733154296875000e-04 5.124449729919433594e-02 1.598238945007324219e-03 1.719317436218261719e-01 2.050817012786865234e-03 1.886987686157226562e-02 1.219689846038818359e-03 7.444143295288085938e-03 0.000000000000000000e+00 3.631770610809326172e-03 2.189278602600097656e-04 3.417313098907470703e-03 7.459521293640136719e-04 6.199306249618530273e-02 3.068667650222778320e-02 3.068661689758300781e-02 3.417253494262695312e-03 1.215511560440063477e-02 1.284658908843994141e-03 3.068655729293823242e-02 7.444143295288085938e-03 9.848088026046752930e-02 3.631770610809326172e-03 1.538175344467163086e-02 3.168523311614990234e-03 1.886993646621704102e-02 1.215511560440063477e-02 6.199318170547485352e-02 3.068655729293823242e-02 1.046359539031982422e-03 2.050817012786865234e-03 2.857387065887451172e-03 1.215511560440063477e-02
1.336514353752136230e-01 2.885997295379638672e-03 4.761272668838500977e-02 2.033531665802001953e-03 1.682999730110168457e-01 5.682587623596191406e-03 1.523810625076293945e-02 4.851460456848144531e-03 3.812372684478759766e-03 3.631770610809326172e-03 0.000000000000000000e+00 3.850698471069335938e-03 7.049083709716796875e-03 2.885818481445312500e-03 5.836129188537597656e-02 2.705490589141845703e-02 2.705484628677368164e-02 7.049024105072021484e-03 8.523344993591308594e-03 4.916429519653320312e-03 2.705478668212890625e-02 3.812372684478759766e-03 9.484910964965820312e-02 0.000000000000000000e+00 1.174998283386230469e-02 6.800293922424316406e-03 1.523816585540771484e-02 8.523344993591308594e-03 5.836141109466552734e-02 2.705478668212890625e-02 2.585411071777343750e-03 5.682587623596191406e-03 6.489157676696777344e-03 8.523344993591308594e-03
1.375021338462829590e-01 9.647011756896972656e-04 5.146342515945434570e-02 1.817166805267333984e-03 1.721506714820861816e-01 1.831889152526855469e-03 1.908880472183227539e-02 1.000761985778808594e-03 7.663071155548095703e-03 2.189278602600097656e-04 3.850698471069335938e-03 0.000000000000000000e+00 3.198385238647460938e-03 9.648799896240234375e-04 6.221199035644531250e-02 3.090560436248779297e-02 3.090554475784301758e-02 3.198325634002685547e-03 1.237404346466064453e-02 1.065731048583984375e-03 3.090548515319824219e-02 7.663071155548095703e-03 9.869980812072753906e-02 3.850698471069335938e-03 1.560068130493164062e-02 2.949595451354980469e-03 1.908886432647705078e-02 1.237404346466064453e-02 6.221210956573486328e-02 3.090548515319824219e-02 1.265287399291992188e-03 1.831889152526855469e-03 2.638459205627441406e-03 1.237404346466064453e-02
1.407005190849304199e-01 4.163086414337158203e-03 5.466181039810180664e-02 5.015552043914794922e-03 1.753490567207336426e-01 1.366496086120605469e-03 2.228718996047973633e-02 2.197623252868652344e-03 1.086145639419555664e-02 3.417313098907470703e-03 7.049083709716796875e-03 3.198385238647460938e-03 0.000000000000000000e+00 4.163265228271484375e-03 6.541037559509277344e-02 3.410398960113525391e-02 3.410392999649047852e-02 5.960464477539062500e-08 1.557242870330810547e-02 2.132654190063476562e-03 3.410387039184570312e-02 1.086145639419555664e-02 1.018981933593750000e-01 7.049083709716796875e-03 1.879906654357910156e-02 2.487897872924804688e-04 2.228724956512451172e-02 1.557242870330810547e-02 6.541049480438232422e-02 3.410387039184570312e-02 4.463672637939453125e-03 1.366496086120605469e-03 5.599260330200195312e-04 1.557242870330810547e-02
1.365372538566589355e-01 1.788139343261718750e-07 5.049854516983032227e-02 8.522868156433105469e-04 1.711857914924621582e-01 2.796769142150878906e-03 1.812392473220825195e-02 1.965641975402832031e-03 6.698191165924072266e-03 7.459521293640136719e-04 2.885818481445312500e-03 9.648799896240234375e-04 4.163265228271484375e-03 0.000000000000000000e+00 6.124711036682128906e-02 2.994072437286376953e-02 2.994066476821899414e-02 4.163205623626708984e-03 1.140916347503662109e-02 2.030611038208007812e-03 2.994060516357421875e-02 6.698191165924072266e-03 9.773492813110351562e-02 2.885818481445312500e-03 1.463580131530761719e-02 3.914475440979003906e-03 1.812398433685302734e-02 1.140916347503662109e-02 6.124722957611083984e-02 2.994060516357421875e-02 3.004074096679687500e-04 2.796769142150878906e-03 3.603339195251464844e-03 1.140916347503662109e-02
7.529013603925704956e-02 6.124728918075561523e-02 1.074856519699096680e-02 6.039482355117797852e-02 1.099386736750602722e-01 6.404387950897216797e-02 4.312318563461303711e-02 6.321275234222412109e-02 5.454891920089721680e-02 6.199306249618530273e-02 5.836129188537597656e-02 6.221199035644531250e-02 6.541037559509277344e-02 6.124711036682128906e-02 0.000000000000000000e+00 3.130638599395751953e-02 3.130644559860229492e-02 6.541031599044799805e-02 4.983794689178466797e-02 6.327772140502929688e-02 3.130650520324707031e-02 5.454891920089721680e-02 3.648781776428222656e-02 5.836129188537597656e-02 4.661130905151367188e-02 6.516158580780029297e-02 4.312312602996826172e-02 4.983794689178466797e-02 1.192092895507812500e-07 3.130650520324707031e-02 6.094670295715332031e-02 6.404387950897216797e-02 6.485044956207275391e-02 4.983794689178466797e-02
1.065965220332145691e-01 2.994090318679809570e-02 2.055782079696655273e-02 2.908843755722045898e-02 1.412450671195983887e-01 3.273749351501464844e-02 1.181679964065551758e-02 3.190636634826660156e-02 2.324253320693969727e-02 3.068667650222778320e-02 2.705490589141845703e-02 3.090560436248779297e-02 3.410398960113525391e-02 2.994072437286376953e-02 3.130638599395751953e-02 0.000000000000000000e+00 5.960464477539062500e-08 3.410392999649047852e-02 1.853156089782714844e-02 3.197133541107177734e-02 1.192092895507812500e-07 2.324253320693969727e-02 6.779420375823974609e-02 2.705490589141845703e-02 1.530492305755615234e-02 3.385519981384277344e-02 1.181674003601074219e-02 1.853156089782714844e-02 3.130650520324707031e-02 1.192092895507812500e-07 2.964031696319580078e-02 3.273749351501464844e-02 3.354406356811523438e-02 1.853156089782714844e-02
1.065965816378593445e-01 2.994084358215332031e-02 2.055788040161132812e-02 2.908837795257568359e-02 1.412451267242431641e-01 3.273743391036987305e-02 1.181674003601074219e-02 3.190630674362182617e-02 2.324247360229492188e-02 3.068661689758300781e-02 2.705484628677368164e-02 3.090554475784301758e-02 3.410392999649047852e-02 2.994066476821899414e-02 3.130644559860229492e-02 5.960464477539062500e-08 0.000000000000000000e+00 3.410387039184570312e-02 1.853150129318237305e-02 3.197127580642700195e-02 5.960464477539062500e-08 2.324247360229492188e-02 6.779426336288452148e-02 2.705484628677368164e-02 1.530486345291137695e-02 3.385514020919799805e-02 1.181668043136596680e-02 1.853150129318237305e-02 3.130656480789184570e-02 5.960464477539062500e-08 2.964025735855102539e-02 3.273743391036987305e-02 3.354400396347045898e-02 1.853150129318237305e-02
1.407004594802856445e-01 4.163026809692382812e-03 5.466175079345703125e-02 5.015492439270019531e-03 1.753489971160888672e-01 1.366436481475830078e-03 2.228713035583496094e-02 2.197563648223876953e-03 1.086139678955078125e-02 3.417253494262695312e-03 7.049024105072021484e-03 3.198325634002685547e-03 5.960464477539062500e-08 4.163205623626708984e-03 6.541031599044799805e-02 3.410392999649047852e-02 3.410387039184570312e-02 0.000000000000000000e+00 1.557236909866333008e-02 2.132594585418701172e-03 3.410381078720092773e-02 1.086139678955078125e-02 1.018981337547302246e-01 7.049024105072021484e-03 1.879900693893432617e-02 2.487301826477050781e-04 2.228718996047973633e-02 1.557236909866333008e-02 6.541043519973754883e-02 3.410381078720092773e-02 4.463613033294677734e-03 1.366436481475830078e-03 5.598664283752441406e-04 1.557236909866333008e-02
1.251280903816223145e-01 1.140934228897094727e-02 3.908938169479370117e-02 1.055687665939331055e-02 1.597766280174255371e-01 1.420593261718750000e-02 6.714761257171630859e-03 1.337480545043945312e-02 4.710972309112548828e-03 1.215511560440063477e-02 8.523344993591308594e-03 1.237404346466064453e-02 1.557242870330810547e-02 1.140916347503662109e-02 4.983794689178466797e-02 1.853156089782714844e-02 1.853150129318237305e-02 1.557236909866333008e-02 0.000000000000000000e+00 1.343977451324462891e-02 1.853144168853759766e-02 4.710972309112548828e-03 8.632576465606689453e-02 8.523344993591308594e-03 3.226637840270996094e-03 1.532363891601562500e-02 6.714820861816406250e-03 0.000000000000000000e+00 4.983806610107421875e-02 1.853144168853759766e-02 1.110875606536865234e-02 1.420593261718750000e-02 1.501250267028808594e-02 0.000000000000000000e+00
1.385678648948669434e-01 2.030432224273681641e-03 5.252915620803833008e-02 2.882897853851318359e-03 1.732164025306701660e-01 7.661581039428710938e-04 2.015453577041625977e-02 6.496906280517578125e-05 8.728802204132080078e-03 1.284658908843994141e-03 4.916429519653320312e-03 1.065731048583984375e-03 2.132654190063476562e-03 2.030611038208007812e-03 6.327772140502929688e-02 3.197133541107177734e-02 3.197127580642700195e-02 2.132594585418701172e-03 1.343977451324462891e-02 0.000000000000000000e+00 3.197121620178222656e-02 8.728802204132080078e-03 9.976553916931152344e-02 4.916429519653320312e-03 1.666641235351562500e-02 1.883864402770996094e-03 2.015459537506103516e-02 1.343977451324462891e-02 6.327784061431884766e-02 3.197121620178222656e-02 2.331018447875976562e-03 7.661581039428710938e-04 1.572728157043457031e-03 1.343977451324462891e-02
1.065966412425041199e-01 2.994078397750854492e-02 2.055794000625610352e-02 2.908831834793090820e-02 1.412451863288879395e-01 3.273737430572509766e-02 1.181668043136596680e-02 3.190624713897705078e-02 2.324241399765014648e-02 3.068655729293823242e-02 2.705478668212890625e-02 3.090548515319824219e-02 3.410387039184570312e-02 2.994060516357421875e-02 3.130650520324707031e-02 1.192092895507812500e-07 5.960464477539062500e-08 3.410381078720092773e-02 1.853144168853759766e-02 3.197121620178222656e-02 0.000000000000000000e+00 2.324241399765014648e-02 6.779432296752929688e-02 2.705478668212890625e-02 1.530480384826660156e-02 3.385508060455322266e-02 1.181662082672119141e-02 1.853144168853759766e-02 3.130662441253662109e-02 0.000000000000000000e+00 2.964019775390625000e-02 3.273737430572509766e-02 3.354394435882568359e-02 1.853144168853759766e-02
1.298390626907348633e-01 6.698369979858398438e-03 4.380035400390625000e-02 5.845904350280761719e-03 1.644876003265380859e-01 9.494960308074951172e-03 1.142573356628417969e-02 8.663833141326904297e-03 0.000000000000000000e+00 7.444143295288085938e-03 3.812372684478759766e-03 7.663071155548095703e-03 1.086145639419555664e-02 6.698191165924072266e-03 5.454891920089721680e-02 2.324253320693969727e-02 2.324247360229492188e-02 1.086139678955078125e-02 4.710972309112548828e-03 8.728802204132080078e-03 2.324241399765014648e-02 0.000000000000000000e+00 9.103673696517944336e-02 3.812372684478759766e-03 7.937610149383544922e-03 1.061266660690307617e-02 1.142579317092895508e-02 4.710972309112548828e-03 5.454903841018676758e-02 2.324241399765014648e-02 6.397783756256103516e-03 9.494960308074951172e-03 1.030153036117553711e-02 4.710972309112548828e-03
3.880231827497482300e-02 9.773510694503784180e-02 4.723638296127319336e-02 9.688264131546020508e-02 7.345085591077804565e-02 1.005316972732543945e-01 7.961100339889526367e-02 9.970057010650634766e-02 9.103673696517944336e-02 9.848088026046752930e-02 9.484910964965820312e-02 9.869980812072753906e-02 1.018981933593750000e-01 9.773492813110351562e-02 3.648781776428222656e-02 6.779420375823974609e-02 6.779426336288452148e-02 1.018981337547302246e-01 8.632576465606689453e-02 9.976553916931152344e-02 6.779432296752929688e-02 9.103673696517944336e-02 0.000000000000000000e+00 9.484910964965820312e-02 8.309912681579589844e-02 1.016494035720825195e-01 7.961094379425048828e-02 8.632576465606689453e-02 3.648769855499267578e-02 6.779432296752929688e-02 9.743452072143554688e-02 1.005316972732543945e-01 1.013382673263549805e-01 8.632576465606689453e-02
1.336514353752136230e-01 2.885997295379638672e-03 4.761272668838500977e-02 2.033531665802001953e-03 1.682999730110168457e-01 5.682587623596191406e-03 1.523810625076293945e-02 4.851460456848144531e-03 3.812372684478759766e-03 3.631770610809326172e-03 0.000000000000000000e+00 3.850698471069335938e-03 7.049083709716796875e-03 2.885818481445312500e-03 5.836129188537597656e-02 2.705490589141845703e-02 2.705484628677368164e-02 7.049024105072021484e-03 8.523344993591308594e-03 4.916429519653320312e-03 2.705478668212890625e-02 3.812372684478759766e-03 9.484910964965820312e-02 0.000000000000000000e+00 1.174998283386230469e-02 6.800293922424316406e-03 1.523816585540771484e-02 8.523344993591308594e-03 5.836141109466552734e-02 2.705478668212890625e-02 2.585411071777343750e-03 5.682587623596191406e-03 6.489157676696777344e-03 8.523344993591308594e-03
1.219014450907707214e-01 1.463598012924194336e-02 3.586274385452270508e-02 1.378351449966430664e-02 1.565499901771545410e-01 1.743257045745849609e-02 3.488123416900634766e-03 1.660144329071044922e-02 7.937610149383544922e-03 1.538175344467163086e-02 1.174998283386230469e-02 1.560068130493164062e-02 1.879906654357910156e-02 1.463580131530761719e-02 4.661130905151367188e-02 1.530492305755615234e-02 1.530486345291137695e-02 1.879900693893432617e-02 3.226637840270996094e-03 1.666641235351562500e-02 1.530480384826660156e-02 7.937610149383544922e-03 8.309912681579589844e-02 1.174998283386230469e-02 0.000000000000000000e+00 1.855027675628662109e-02 3.488183021545410156e-03 3.226637840270996094e-03 4.661142826080322266e-02 1.530480384826660156e-02 1.433539390563964844e-02 1.743257045745849609e-02 1.823914051055908203e-02 3.226637840270996094e-03
1.404517292976379395e-01 3.914296627044677734e-03 5.441302061080932617e-02 4.766762256622314453e-03 1.751002669334411621e-01 1.117706298828125000e-03 2.203840017318725586e-02 1.948833465576171875e-03 1.061266660690307617e-02 3.168523311614990234e-03 6.800293922424316406e-03 2.949595451354980469e-03 2.487897872924804688e-04 3.914475440979003906e-03 6.516158580780029297e-02 3.385519981384277344e-02 3.385514020919799805e-02 2.487301826477050781e-04 1.532363891601562500e-02 1.883864402770996094e-03 3.385508060455322266e-02 1.061266660690307617e-02 1.016494035720825195e-01 6.800293922424316406e-03 1.855027675628662109e-02 0.000000000000000000e+00 2.203845977783203125e-02 1.532363891601562500e-02 6.516170501708984375e-02 3.385508060455322266e-02 4.214882850646972656e-03 1.117706298828125000e-03 3.111362457275390625e-04 1.532363891601562500e-02
1.184132620692253113e-01 1.812416315078735352e-02 3.237456083297729492e-02 1.727169752120971680e-02 1.530618071556091309e-01 2.092075347900390625e-02 5.960464477539062500e-08 2.008962631225585938e-02 1.142579317092895508e-02 1.886993646621704102e-02 1.523816585540771484e-02 1.908886432647705078e-02 2.228724956512451172e-02 1.812398433685302734e-02 4.312312602996826172e-02 1.181674003601074219e-02 1.181668043136596680e-02 2.228718996047973633e-02 6.714820861816406250e-03 2.015459537506103516e-02 1.181662082672119141e-02 1.142579317092895508e-02 7.961094379425048828e-02 1.523816585540771484e-02 3.488183021545410156e-03 2.203845977783203125e-02 0.000000000000000000e+00 6.714820861816406250e-03 4.312324523925781250e-02 1.181662082672119141e-02 1.782357692718505859e-02 2.092075347900390625e-02 2.172732353210449219e-02 6.714820861816406250e-03
1.251280903816223145e-01 1.140934228897094727e-02 3.908938169479370117e-02 1.055687665939331055e-02 1.597766280174255371e-01 1.420593261718750000e-02 6.714761257171630859e-03 1.337480545043945312e-02 4.710972309112548828e-03 1.215511560440063477e-02 8.523344993591308594e-03 1.237404346466064453e-02 1.557242870330810547e-02 1.140916347503662109e-02 4.983794689178466797e-02 1.853156089782714844e-02 1.853150129318237305e-02 1.557236909866333008e-02 0.000000000000000000e+00 1.343977451324462891e-02 1.853144168853759766e-02 4.710972309112548828e-03 8.632576465606689453e-02 8.523344993591308594e-03 3.226637840270996094e-03 1.532363891601562500e-02 6.714820861816406250e-03 0.000000000000000000e+00 4.983806610107421875e-02 1.853144168853759766e-02 1.110875606536865234e-02 1.420593261718750000e-02 1.501250267028808594e-02 0.000000000000000000e+00
7.529001682996749878e-02 6.124740839004516602e-02 1.074868440628051758e-02 6.039494276046752930e-02 1.099385544657707214e-01 6.404399871826171875e-02 4.312330484390258789e-02 6.321287155151367188e-02 5.454903841018676758e-02 6.199318170547485352e-02 5.836141109466552734e-02 6.221210956573486328e-02 6.541049480438232422e-02 6.124722957611083984e-02 1.192092895507812500e-07 3.130650520324707031e-02 3.130656480789184570e-02 6.541043519973754883e-02 4.983806610107421875e-02 6.327784061431884766e-02 3.130662441253662109e-02 5.454903841018676758e-02 3.648769855499267578e-02 5.836141109466552734e-02 4.661142826080322266e-02 6.516170501708984375e-02 4.312324523925781250e-02 4.983806610107421875e-02 0.000000000000000000e+00 3.130662441253662109e-02 6.094682216644287109e-02 6.404399871826171875e-02 6.485056877136230469e-02 4.983806610107421875e-02
1.065966412425041199e-01 2.994078397750854492e-02 2.055794000625610352e-02 2.908831834793090820e-02 1.412451863288879395e-01 3.273737430572509766e-02 1.181668043136596680e-02 3.190624713897705078e-02 2.324241399765014648e-02 3.068655729293823242e-02 2.705478668212890625e-02 3.090548515319824219e-02 3.410387039184570312e-02 2.994060516357421875e-02 3.130650520324707031e-02 1.192092895507812500e-07 5.960464477539062500e-08 3.410381078720092773e-02 1.853144168853759766e-02 3.197121620178222656e-02 0.000000000000000000e+00 2.324241399765014648e-02 6.779432296752929688e-02 2.705478668212890625e-02 1.530480384826660156e-02 3.385508060455322266e-02 1.181662082672119141e-02 1.853144168853759766e-02 3.130662441253662109e-02 0.000000000000000000e+00 2.964019775390625000e-02 3.273737430572509766e-02 3.354394435882568359e-02 1.853144168853759766e-02
1.362368464469909668e-01 3.005862236022949219e-04 5.019813776016235352e-02 5.518794059753417969e-04 1.708853840827941895e-01 3.097176551818847656e-03 1.782351732254028320e-02 2.266049385070800781e-03 6.397783756256103516e-03 1.046359539031982422e-03 2.585411071777343750e-03 1.265287399291992188e-03 4.463672637939453125e-03 3.004074096679687500e-04 6.094670295715332031e-02 2.964031696319580078e-02 2.964025735855102539e-02 4.463613033294677734e-03 1.110875606536865234e-02 2.331018447875976562e-03 2.964019775390625000e-02 6.397783756256103516e-03 9.743452072143554688e-02 2.585411071777343750e-03 1.433539390563964844e-02 4.214882850646972656e-03 1.782357692718505859e-02 1.110875606536865234e-02 6.094682216644287109e-02 2.964019775390625000e-02 0.000000000000000000e+00 3.097176551818847656e-03 3.903746604919433594e-03 1.110875606536865234e-02
1.393340229988098145e-01 2.796590328216552734e-03 5.329531431198120117e-02 3.649055957794189453e-03 1.739825606346130371e-01 0.000000000000000000e+00 2.092069387435913086e-02 8.311271667480468750e-04 9.494960308074951172e-03 2.050817012786865234e-03 5.682587623596191406e-03 1.831889152526855469e-03 1.366496086120605469e-03 2.796769142150878906e-03 6.404387950897216797e-02 3.273749351501464844e-02 3.273743391036987305e-02 1.366436481475830078e-03 1.420593261718750000e-02 7.661581039428710938e-04 3.273737430572509766e-02 9.494960308074951172e-03 1.005316972732543945e-01 5.682587623596191406e-03 1.743257045745849609e-02 1.117706298828125000e-03 2.092075347900390625e-02 1.420593261718750000e-02 6.404399871826171875e-02 3.273737430572509766e-02 3.097176551818847656e-03 0.000000000000000000e+00 8.065700531005859375e-04 1.420593261718750000e-02
1.401405930519104004e-01 3.603160381317138672e-03 5.410188436508178711e-02 4.455626010894775391e-03 1.747891306877136230e-01 8.065700531005859375e-04 2.172726392745971680e-02 1.637697219848632812e-03 1.030153036117553711e-02 2.857387065887451172e-03 6.489157676696777344e-03 2.638459205627441406e-03 5.599260330200195312e-04 3.603339195251464844e-03 6.485044956207275391e-02 3.354406356811523438e-02 3.354400396347045898e-02 5.598664283752441406e-04 1.501250267028808594e-02 1.572728157043457031e-03 3.354394435882568359e-02 1.030153036117553711e-02 1.013382673263549805e-01 6.489157676696777344e-03 1.823914051055908203e-02 3.111362457275390625e-04 2.172732353210449219e-02 1.501250267028808594e-02 6.485056877136230469e-02 3.354394435882568359e-02 3.903746604919433594e-03 8.065700531005859375e-04 0.000000000000000000e+00 1.501250267028808594e-02
1.251280903816223145e-01 1.140934228897094727e-02 3.908938169479370117e-02 1.055687665939331055e-02 1.597766280174255371e-01 1.420593261718750000e-02 6.714761257171630859e-03 1.337480545043945312e-02 4.710972309112548828e-03 1.215511560440063477e-02 8.523344993591308594e-03 1.237404346466064453e-02 1.557242870330810547e-02 1.140916347503662109e-02 4.983794689178466797e-02 1.853156089782714844e-02 1.853150129318237305e-02 1.557236909866333008e-02 0.000000000000000000e+00 1.343977451324462891e-02 1.853144168853759766e-02 4.710972309112548828e-03 8.632576465606689453e-02 8.523344993591308594e-03 3.226637840270996094e-03 1.532363891601562500e-02 6.714820861816406250e-03 0.000000000000000000e+00 4.983806610107421875e-02 1.853144168853759766e-02 1.110875606536865234e-02 1.420593261718750000e-02 1.501250267028808594e-02 0.000000000000000000e+00
