0.000000000 0.175438598 0.069306932 0.175438598 0.149321273 0.113207549 0.125581399 0.145454541 0.129629627 0.182608694 0.160714284 0.203389823 0.133640558 0.100478470 0.069306932 0.027322404 0.117370889 0.137614682 0.133640558 0.091787443 0.040816326 0.164444447 0.010526316 0.129629627 0.133640558 0.156950668 0.113207549 0.069306932 0.010526316 0.091787443 0.287878782 0.156950668 0.210084036 0.078431375
0.175438598 0.000000000 0.107438013 0.000000000 0.026819924 0.063492067 0.050980393 0.030769231 0.046875000 0.007407407 0.015151516 0.028985508 0.042801555 0.076305218 0.107438013 0.201793715 0.059288539 0.038759690 0.042801555 0.085020244 0.135593221 0.011320755 0.165217385 0.046875000 0.042801555 0.019011406 0.063492067 0.107438013 0.165217385 0.085020244 0.118421055 0.019011406 0.035971224 0.098360658
0.069306932 0.107438013 0.000000000 0.107438013 0.080851063 0.044247787 0.056768559 0.076923080 0.060869563 0.114754096 0.092436977 0.136000007 0.064935066 0.031390134 0.000000000 0.096446700 0.048458152 0.068965517 0.064935066 0.022624435 0.028571429 0.096234307 0.058823530 0.060869563 0.064935066 0.088607594 0.044247787 0.000000000 0.058823530 0.022624435 0.223021582 0.088607594 0.142857149 0.009174312
0.175438598 0.000000000 0.107438013 0.000000000 0.026819924 0.063492067 0.050980393 0.030769231 0.046875000 0.007407407 0.015151516 0.028985508 0.042801555 0.076305218 0.107438013 0.201793715 0.059288539 0.038759690 0.042801555 0.085020244 0.135593221 0.011320755 0.165217385 0.046875000 0.042801555 0.019011406 0.063492067 0.107438013 0.165217385 0.085020244 0.118421055 0.019011406 0.035971224 0.098360658
0.149321273 0.026819924 0.080851063 0.026819924 0.000000000 0.036734693 0.024193548 0.003952569 0.020080321 0.034220532 0.011673152 0.055762082 0.016000001 0.049586777 0.080851063 0.175925925 0.032520324 0.011952192 0.016000001 0.058333334 0.109170303 0.015503876 0.139013454 0.020080321 0.016000001 0.007812500 0.036734693 0.080851063 0.139013454 0.058333334 0.144781142 0.007812500 0.062730625 0.071729958
0.113207549 0.063492067 0.044247787 0.063492067 0.036734693 0.000000000 0.012552301 0.032786883 0.016666668 0.070866145 0.048387095 0.092307694 0.020746889 0.012875536 0.044247787 0.140096620 0.004219409 0.024793388 0.020746889 0.021645023 0.072727270 0.052208837 0.102803737 0.016666668 0.020746889 0.044534411 0.000000000 0.044247787 0.102803737 0.021645023 0.180555552 0.044534411 0.099236645 0.035087720
0.125581399 0.050980393 0.056768559 0.050980393 0.024193548 0.012552301 0.000000000 0.020242915 0.004115226 0.058365759 0.035856575 0.079847910 0.008196721 0.025423728 0.056768559 0.152380958 0.008333334 0.012244898 0.008196721 0.034188036 0.085201792 0.039682541 0.115207374 0.004115226 0.008196721 0.032000002 0.012552301 0.056768559 0.115207374 0.034188036 0.168384880 0.032000002 0.086792454 0.047619049
0.145454541 0.030769231 0.076923080 0.030769231 0.003952569 0.032786883 0.020242915 0.000000000 0.016129032 0.038167939 0.015625000 0.059701491 0.012048192 0.045643155 0.076923080 0.172093019 0.028571429 0.008000000 0.012048192 0.054393306 0.105263159 0.019455252 0.135135129 0.016129032 0.012048192 0.011764706 0.032786883 0.076923080 0.135135129 0.054393306 0.148648649 0.011764706 0.066666670 0.067796610
0.129629627 0.046875000 0.060869563 0.046875000 0.020080321 0.016666668 0.004115226 0.016129032 0.000000000 0.054263566 0.031746034 0.075757578 0.004081632 0.029535865 0.060869563 0.156398103 0.012448133 0.008130081 0.004081632 0.038297873 0.089285716 0.035573121 0.119266056 0.000000000 0.004081632 0.027888447 0.016666668 0.060869563 0.119266056 0.038297873 0.164383560 0.027888447 0.082706764 0.051724140
0.182608694 0.007407407 0.114754096 0.007407407 0.034220532 0.070866145 0.058365759 0.038167939 0.054263566 0.000000000 0.022556391 0.021582734 0.050193049 0.083665341 0.114754096 0.208888888 0.066666670 0.046153847 0.050193049 0.092369474 0.142857149 0.018726591 0.172413796 0.054263566 0.050193049 0.026415095 0.070866145 0.114754096 0.172413796 0.092369474 0.111111112 0.026415095 0.028571429 0.105691060
0.160714284 0.015151516 0.092436977 0.015151516 0.011673152 0.048387095 0.035856575 0.015625000 0.031746034 0.022556391 0.000000000 0.044117648 0.027667984 0.061224490 0.092436977 0.187214613 0.044176705 0.023622047 0.027667984 0.069958851 0.120689653 0.003831418 0.150442481 0.031746034 0.027667984 0.003861004 0.048387095 0.092436977 0.150442481 0.069958851 0.133333340 0.003861004 0.051094890 0.083333336
0.203389823 0.028985508 0.136000007 0.028985508 0.055762082 0.092307694 0.079847910 0.059701491 0.075757578 0.021582734 0.044117648 0.000000000 0.071698114 0.105058365 0.136000007 0.229437232 0.088122606 0.067669176 0.071698114 0.113725491 0.163934425 0.040293042 0.193277314 0.075757578 0.071698114 0.047970481 0.092307694 0.136000007 0.193277314 0.113725491 0.089743592 0.047970481 0.006993007 0.126984134
0.133640558 0.042801555 0.064935066 0.042801555 0.016000001 0.020746889 0.008196721 0.012048192 0.004081632 0.050193049 0.027667984 0.071698114 0.000000000 0.033613447 0.064935066 0.160377353 0.016528925 0.004048583 0.000000000 0.042372882 0.093333334 0.031496063 0.123287670 0.004081632 0.000000000 0.023809524 0.020746889 0.064935066 0.123287670 0.042372882 0.160409555 0.023809524 0.078651689 0.055793993
0.100478470 0.076305218 0.031390134 0.076305218 0.049586777 0.012875536 0.025423728 0.045643155 0.029535865 0.083665341 0.061224490 0.105058365 0.033613447 0.000000000 0.031390134 0.127450988 0.017094018 0.037656903 0.033613447 0.008771930 0.059907835 0.065040648 0.090047397 0.029535865 0.033613447 0.057377048 0.012875536 0.031390134 0.090047397 0.008771930 0.192982450 0.057377048 0.111969113 0.022222223
0.069306932 0.107438013 0.000000000 0.107438013 0.080851063 0.044247787 0.056768559 0.076923080 0.060869563 0.114754096 0.092436977 0.136000007 0.064935066 0.031390134 0.000000000 0.096446700 0.048458152 0.068965517 0.064935066 0.022624435 0.028571429 0.096234307 0.058823530 0.060869563 0.064935066 0.088607594 0.044247787 0.000000000 0.058823530 0.022624435 0.223021582 0.088607594 0.142857149 0.009174312
0.027322404 0.201793715 0.096446700 0.201793715 0.175925925 0.140096620 0.152380958 0.172093019 0.156398103 0.208888888 0.187214613 0.229437232 0.160377353 0.127450988 0.096446700 0.000000000 0.144230768 0.164319247 0.160377353 0.118811883 0.068062827 0.190909088 0.037837837 0.156398103 0.160377353 0.183486238 0.140096620 0.096446700 0.037837837 0.118811883 0.312741309 0.183486238 0.236051500 0.105527639
0.117370889 0.059288539 0.048458152 0.059288539 0.032520324 0.004219409 0.008333334 0.028571429 0.012448133 0.066666670 0.044176705 0.088122606 0.016528925 0.017094018 0.048458152 0.144230768 0.000000000 0.020576132 0.016528925 0.025862070 0.076923080 0.048000000 0.106976748 0.012448133 0.016528925 0.040322579 0.004219409 0.048458152 0.106976748 0.025862070 0.176470593 0.040322579 0.095057033 0.039301310
0.137614682 0.038759690 0.068965517 0.038759690 0.011952192 0.024793388 0.012244898 0.008000000 0.008130081 0.046153847 0.023622047 0.067669176 0.004048583 0.037656903 0.068965517 0.164319247 0.020576132 0.000000000 0.004048583 0.046413504 0.097345136 0.027450981 0.127272725 0.008130081 0.004048583 0.019762846 0.024793388 0.068965517 0.127272725 0.046413504 0.156462580 0.019762846 0.074626863 0.059829060
0.133640558 0.042801555 0.064935066 0.042801555 0.016000001 0.020746889 0.008196721 0.012048192 0.004081632 0.050193049 0.027667984 0.071698114 0.000000000 0.033613447 0.064935066 0.160377353 0.016528925 0.004048583 0.000000000 0.042372882 0.093333334 0.031496063 0.123287670 0.004081632 0.000000000 0.023809524 0.020746889 0.064935066 0.123287670 0.042372882 0.160409555 0.023809524 0.078651689 0.055793993
0.091787443 0.085020244 0.022624435 0.085020244 0.058333334 0.021645023 0.034188036 0.054393306 0.038297873 0.092369474 0.069958851 0.113725491 0.042372882 0.008771930 0.022624435 0.118811883 0.025862070 0.046413504 0.042372882 0.000000000 0.051162791 0.073770493 0.081339709 0.038297873 0.042372882 0.066115700 0.021645023 0.022624435 0.081339709 0.000000000 0.201413423 0.066115700 0.120622568 0.013452915
0.040816326 0.135593221 0.028571429 0.135593221 0.109170303 0.072727270 0.085201792 0.105263159 0.089285716 0.142857149 0.120689653 0.163934425 0.093333334 0.059907835 0.028571429 0.068062827 0.076923080 0.097345136 0.093333334 0.051162791 0.000000000 0.124463521 0.030303031 0.089285716 0.093333334 0.116883114 0.072727270 0.028571429 0.030303031 0.051162791 0.250000000 0.116883114 0.170731708 0.037735850
0.164444447 0.011320755 0.096234307 0.011320755 0.015503876 0.052208837 0.039682541 0.019455252 0.035573121 0.018726591 0.003831418 0.040293042 0.031496063 0.065040648 0.096234307 0.190909088 0.048000000 0.027450981 0.031496063 0.073770493 0.124463521 0.000000000 0.154185027 0.035573121 0.031496063 0.007692308 0.052208837 0.096234307 0.154185027 0.073770493 0.129568100 0.007692308 0.047272727 0.087136932
0.010526316 0.165217385 0.058823530 0.165217385 0.139013454 0.102803737 0.115207374 0.135135129 0.119266056 0.172413796 0.150442481 0.193277314 0.123287670 0.090047397 0.058823530 0.037837837 0.106976748 0.127272725 0.123287670 0.081339709 0.030303031 0.154185027 0.000000000 0.119266056 0.123287670 0.146666661 0.102803737 0.058823530 0.000000000 0.081339709 0.278195500 0.146666661 0.200000003 0.067961164
0.129629627 0.046875000 0.060869563 0.046875000 0.020080321 0.016666668 0.004115226 0.016129032 0.000000000 0.054263566 0.031746034 0.075757578 0.004081632 0.029535865 0.060869563 0.156398103 0.012448133 0.008130081 0.004081632 0.038297873 0.089285716 0.035573121 0.119266056 0.000000000 0.004081632 0.027888447 0.016666668 0.060869563 0.119266056 0.038297873 0.164383560 0.027888447 0.082706764 0.051724140
0.133640558 0.042801555 0.064935066 0.042801555 0.016000001 0.020746889 0.008196721 0.012048192 0.004081632 0.050193049 0.027667984 0.071698114 0.000000000 0.033613447 0.064935066 0.160377353 0.016528925 0.004048583 0.000000000 0.042372882 0.093333334 0.031496063 0.123287670 0.004081632 0.000000000 0.023809524 0.020746889 0.064935066 0.123287670 0.042372882 0.160409555 0.023809524 0.078651689 0.055793993
0.156950668 0.019011406 0.088607594 0.019011406 0.007812500 0.044534411 0.032000002 0.011764706 0.027888447 0.026415095 0.003861004 0.047970481 0.023809524 0.057377048 0.088607594 0.183486238 0.040322579 0.019762846 0.023809524 0.066115700 0.116883114 0.007692308 0.146666661 0.027888447 0.023809524 0.000000000 0.044534411 0.088607594 0.146666661 0.066115700 0.137123749 0.000000000 0.054945055 0.079497911
0.113207549 0.063492067 0.044247787 0.063492067 0.036734693 0.000000000 0.012552301 0.032786883 0.016666668 0.070866145 0.048387095 0.092307694 0.020746889 0.012875536 0.044247787 0.140096620 0.004219409 0.024793388 0.020746889 0.021645023 0.072727270 0.052208837 0.102803737 0.016666668 0.020746889 0.044534411 0.000000000 0.044247787 0.102803737 0.021645023 0.180555552 0.044534411 0.099236645 0.035087720
0.069306932 0.107438013 0.000000000 0.107438013 0.080851063 0.044247787 0.056768559 0.076923080 0.060869563 0.114754096 0.092436977 0.136000007 0.064935066 0.031390134 0.000000000 0.096446700 0.048458152 0.068965517 0.064935066 0.022624435 0.028571429 0.096234307 0.058823530 0.060869563 0.064935066 0.088607594 0.044247787 0.000000000 0.058823530 0.022624435 0.223021582 0.088607594 0.142857149 0.009174312
0.010526316 0.165217385 0.058823530 0.165217385 0.139013454 0.102803737 0.115207374 0.135135129 0.119266056 0.172413796 0.150442481 0.193277314 0.123287670 0.090047397 0.058823530 0.037837837 0.106976748 0.127272725 0.123287670 0.081339709 0.030303031 0.154185027 0.000000000 0.119266056 0.123287670 0.146666661 0.102803737 0.058823530 0.000000000 0.081339709 0.278195500 0.146666661 0.200000003 0.067961164
0.091787443 0.085020244 0.022624435 0.085020244 0.058333334 0.021645023 0.034188036 0.054393306 0.038297873 0.092369474 0.069958851 0.113725491 0.042372882 0.008771930 0.022624435 0.118811883 0.025862070 0.046413504 0.042372882 0.000000000 0.051162791 0.073770493 0.081339709 0.038297873 0.042372882 0.066115700 0.021645023 0.022624435 0.081339709 0.000000000 0.201413423 0.066115700 0.120622568 0.013452915
0.287878782 0.118421055 0.223021582 0.118421055 0.144781142 0.180555552 0.168384880 0.148648649 0.164383560 0.111111112 0.133333340 0.089743592 0.160409555 0.192982450 0.223021582 0.312741309 0.176470593 0.156462580 0.160409555 0.201413423 0.250000000 0.129568100 0.278195500 0.164383560 0.160409555 0.137123749 0.180555552 0.223021582 0.278195500 0.201413423 0.000000000 0.137123749 0.082802549 0.214285716
0.156950668 0.019011406 0.088607594 0.019011406 0.007812500 0.044534411 0.032000002 0.011764706 0.027888447 0.026415095 0.003861004 0.047970481 0.023809524 0.057377048 0.088607594 0.183486238 0.040322579 0.019762846 0.023809524 0.066115700 0.116883114 0.007692308 0.146666661 0.027888447 0.023809524 0.000000000 0.044534411 0.088607594 0.146666661 0.066115700 0.137123749 0.000000000 0.054945055 0.079497911
0.210084036 0.035971224 0.142857149 0.035971224 0.062730625 0.099236645 0.086792454 0.066666670 0.082706764 0.028571429 0.051094890 0.006993007 0.078651689 0.111969113 0.142857149 0.236051500 0.095057033 0.074626863 0.078651689 0.120622568 0.170731708 0.047272727 0.200000003 0.082706764 0.078651689 0.054945055 0.099236645 0.142857149 0.200000003 0.120622568 0.082802549 0.054945055 0.000000000 0.133858263
0.078431375 0.098360658 0.009174312 0.098360658 0.071729958 0.035087720 0.047619049 0.067796610 0.051724140 0.105691060 0.083333336 0.126984134 0.055793993 0.022222223 0.009174312 0.105527639 0.039301310 0.059829060 0.055793993 0.013452915 0.037735850 0.087136932 0.067961164 0.051724140 0.055793993 0.079497911 0.035087720 0.009174312 0.067961164 0.013452915 0.214285716 0.079497911 0.133858263 0.000000000
