0.014723174 0.041853920 0.036347471 0.059662577 0.039090432 0.034455020 0.045028724 0.038671244 0.043773621 0.051103860 0.045278560 0.057266824 0.034743439 0.037464090 0.022898823 0.030304361 0.032967262 0.057539675 0.044174630 0.039039951 0.031103158 0.045021690 0.026383411 0.042445790 0.050449315 0.054640468 0.042029958 0.038458861 0.020985704 0.041514032 0.077898473 0.044344932 0.044607177 0.024941990
0.041853920 0.005316239 0.021306679 0.028698174 0.027771115 0.020607239 0.012672654 0.015472788 0.019674083 0.019079320 0.021449914 0.022880822 0.020738898 0.019436225 0.031641047 0.025240516 0.018891864 0.030542221 0.013386194 0.022677356 0.028520422 0.015686117 0.024502773 0.016230030 0.022032749 0.019767789 0.016455676 0.015903864 0.025165033 0.013694196 0.039310988 0.028099146 0.029939041 0.031577244
0.036347471 0.021306679 0.009110633 0.039814167 0.019036338 0.017285574 0.016969064 0.018778522 0.017916081 0.030929621 0.025174754 0.035088293 0.018678216 0.018773530 0.028964156 0.019867294 0.016750997 0.041474395 0.018640500 0.019700563 0.016167983 0.020988524 0.019644137 0.016527977 0.030091722 0.030377079 0.020843413 0.015167287 0.013526376 0.018475769 0.061188594 0.028178412 0.025784569 0.017422276
0.059662577 0.028698174 0.039814167 0.003814867 0.033349361 0.032074824 0.028469862 0.020339059 0.029131427 0.009721903 0.018985400 0.011469422 0.024705807 0.032035813 0.052012574 0.049314354 0.032213502 0.026693996 0.029786758 0.023169909 0.044082023 0.024445103 0.043646932 0.029066404 0.029069820 0.017688265 0.030233912 0.030910973 0.039897822 0.023570374 0.037586100 0.016318237 0.032639146 0.044666316
0.039090432 0.027771115 0.019036338 0.033349361 -0.002204828 0.016110826 0.012183722 0.016532861 0.022476025 0.021070689 0.018013194 0.025638007 0.015077659 0.016902603 0.027410828 0.027502462 0.018552020 0.041717965 0.018601263 0.017952627 0.018502630 0.017011333 0.023361836 0.015082303 0.024694342 0.016633034 0.020590380 0.016954940 0.021949412 0.017700728 0.057761244 0.015561705 0.023181509 0.021444842
0.034455020 0.020607239 0.017285574 0.032074824 0.016110826 0.006209005 0.008343859 0.012527434 0.015506445 0.023495059 0.017709492 0.027093004 0.014430259 0.011960704 0.025642898 0.020927563 0.013370257 0.030507650 0.014088435 0.015187772 0.016802043 0.014719910 0.019015379 0.011946471 0.024512691 0.021583874 0.013849505 0.010498877 0.016739160 0.013635607 0.045512982 0.021882163 0.023847925 0.015829172
0.045028724 0.012672654 0.016969064 0.028469862 0.012183722 0.008343859 -0.005207711 0.003954094 0.009906580 0.016135950 0.002354865 0.019739324 0.007345326 0.006181455 0.034502909 0.024510669 0.012256660 0.026628561 0.006381892 0.013995422 0.018100448 0.004591099 0.025986835 0.000824535 0.010460827 0.003844515 0.008247304 0.005196203 0.019921558 0.005868877 0.048499115 0.015444819 0.019180188 0.021793090
0.038671244 0.015472788 0.018778522 0.020339059 0.016532861 0.012527434 0.003954094 0.003033344 0.011374289 0.012616329 0.010822584 0.017364029 0.010987163 0.012694494 0.028771808 0.025404692 0.014966031 0.025394745 0.011646318 0.008219032 0.017634751 0.010267995 0.023608375 0.007598467 0.025897190 0.010977511 0.011589034 0.008839184 0.020585857 0.007986342 0.040656567 0.017707925 0.018380195 0.021784686
0.043773621 0.019674083 0.017916081 0.029131427 0.022476025 0.015506445 0.009906580 0.011374289 0.002998494 0.020168908 0.019066917 0.023136996 0.017788798 0.015857762 0.033196069 0.025265917 0.015051451 0.031458490 0.014940761 0.014889695 0.021765307 0.013047533 0.023623344 0.009812847 0.028375005 0.018271975 0.016406532 0.011790508 0.021932602 0.010717176 0.049059380 0.027922809 0.020523861 0.026702167
0.051103860 0.019079320 0.030929621 0.009721903 0.021070689 0.023495059 0.016135950 0.012616329 0.020168908 -0.001954617 0.009771556 0.003972474 0.016192770 0.020765737 0.044633575 0.039231904 0.024724651 0.019776095 0.019760456 0.010500692 0.031569779 0.015047727 0.035343602 0.018114923 0.016807906 0.007440276 0.021616323 0.018398233 0.032532256 0.015348470 0.035194568 0.007735595 0.021635199 0.036543019
0.045278560 0.021449914 0.025174754 0.018985400 0.018013194 0.017709492 0.002354865 0.010822584 0.019066917 0.009771556 0.000700276 0.013347762 0.012415385 0.014423504 0.038139291 0.033968594 0.020681009 0.019387916 0.015475165 0.014148348 0.024866996 0.011421697 0.031279847 0.013502279 0.014713814 0.007224806 0.018360898 0.015587951 0.028919738 0.014484782 0.038761564 0.009644931 0.017529121 0.029770825
0.057266824 0.022880822 0.035088293 0.011469422 0.025638007 0.027093004 0.019739324 0.017364029 0.023136996 0.003972474 0.013347762 0.001271285 0.019749312 0.024562137 0.048894152 0.044792831 0.028268114 0.023217332 0.022398902 0.016800307 0.035762906 0.016800476 0.038951151 0.020676220 0.019594084 0.009893783 0.024361050 0.023160730 0.035680182 0.018595576 0.038199589 0.011393794 0.026725255 0.040808395
0.034743439 0.020738898 0.018678216 0.024705807 0.015077659 0.014430259 0.007345326 0.010987163 0.017788798 0.016192770 0.012415385 0.019749312 0.001900945 0.013746253 0.027464636 0.023362607 0.016857466 0.026967566 0.011579735 0.013563050 0.018840622 0.013766633 0.020471610 0.011380464 0.019252524 0.013726870 0.016255861 0.011957686 0.023302015 0.013443543 0.042737029 0.017811673 0.017036399 0.022541538
0.037464090 0.019436225 0.018773530 0.032035813 0.016902603 0.011960704 0.006181455 0.012694494 0.015857762 0.020765737 0.014423504 0.024562137 0.013746253 0.008538545 0.027086103 0.024870889 0.014982043 0.028990755 0.013660472 0.015099816 0.016278967 0.015189584 0.022023197 0.012451414 0.021800529 0.018151443 0.015209770 0.011026129 0.019962439 0.012845667 0.049477488 0.023601269 0.023876693 0.018701512
0.022898823 0.031641047 0.028964156 0.052012574 0.027410828 0.025642898 0.034502909 0.028771808 0.033196069 0.044633575 0.038139291 0.048894152 0.027464636 0.027086103 0.005160761 0.024900021 0.026200049 0.049895294 0.038442280 0.031325381 0.025070576 0.037608918 0.025233686 0.034112800 0.034364183 0.046487562 0.036478315 0.027890621 0.016080774 0.033547908 0.070144042 0.032507911 0.030472048 0.015618078
0.030304361 0.025240516 0.019867294 0.049314354 0.027502462 0.020927563 0.024510669 0.025404692 0.025265917 0.039231904 0.033968594 0.044792831 0.023362607 0.024870889 0.024900021 0.003473258 0.017548919 0.046805684 0.026808377 0.028117415 0.014901635 0.028217409 0.014269993 0.024617765 0.036126986 0.037341990 0.025876723 0.020247201 0.010225904 0.025562579 0.062271226 0.038355004 0.029844977 0.016807932
0.032967262 0.018891864 0.016750997 0.032213502 0.018552020 0.013370257 0.012256660 0.014966031 0.015051451 0.024724651 0.020681009 0.028268114 0.016857466 0.014982043 0.026200049 0.017548919 0.000071310 0.033068385 0.010973815 0.016703710 0.014524467 0.015634179 0.017343780 0.013206250 0.024131965 0.022749700 0.014101187 0.012542434 0.014998236 0.014895017 0.046097547 0.027039651 0.028959401 0.016763438
0.057539675 0.030542221 0.041474395 0.026693996 0.041717965 0.030507650 0.026628561 0.025394745 0.031458490 0.019776095 0.019387916 0.023217332 0.026967566 0.028990755 0.049895294 0.046805684 0.033068385 0.016549166 0.030170251 0.027040070 0.041514188 0.025364710 0.044171240 0.029783774 0.031438477 0.023983132 0.031519860 0.029917065 0.039985947 0.027959373 0.039270252 0.023087854 0.034955222 0.040953577
0.044174630 0.013386194 0.018640500 0.029786758 0.018601263 0.014088435 0.006381892 0.011646318 0.014940761 0.019760456 0.015475165 0.022398902 0.011579735 0.013660472 0.038442280 0.026808377 0.010973815 0.030170251 0.002924989 0.016533557 0.021358855 0.011972187 0.024899390 0.011079945 0.018398210 0.014836065 0.014238579 0.011641283 0.019494420 0.013035672 0.049006443 0.022189809 0.028661285 0.023347130
0.039039951 0.022677356 0.019700563 0.023169909 0.017952627 0.015187772 0.013995422 0.008219032 0.014889695 0.010500692 0.014148348 0.016800307 0.013563050 0.015099816 0.031325381 0.028117415 0.016703710 0.027040070 0.016533557 0.000169551 0.023166597 0.016271230 0.024787555 0.016031556 0.022915550 0.017317034 0.017979655 0.011445235 0.024380380 0.009117691 0.044267129 0.014800144 0.020558944 0.026625179
0.031103158 0.028520422 0.016167983 0.044082023 0.018502630 0.016802043 0.018100448 0.017634751 0.021765307 0.031569779 0.024866996 0.035762906 0.018840622 0.016278967 0.025070576 0.014901635 0.014524467 0.041514188 0.021358855 0.023166597 0.007472360 0.022279782 0.015207457 0.017039597 0.028064003 0.031385638 0.021825345 0.015708800 0.011356297 0.019182269 0.063767970 0.024695266 0.025287485 0.015560345
0.045021690 0.015686117 0.020988524 0.024445103 0.017011333 0.014719910 0.004591099 0.010267995 0.013047533 0.015047727 0.011421697 0.016800476 0.013766633 0.015189584 0.037608918 0.028217409 0.015634179 0.025364710 0.011972187 0.016271230 0.022279782 -0.000975711 0.027172627 0.009633239 0.012837599 0.010198371 0.013273912 0.009997976 0.023930863 0.011620067 0.041841179 0.019391667 0.019684851 0.027114097
0.026383411 0.024502773 0.019644137 0.043646932 0.023361836 0.019015379 0.025986835 0.023608375 0.023623344 0.035343602 0.031279847 0.038951151 0.020471610 0.022023197 0.025233686 0.014269993 0.017343780 0.044171240 0.024899390 0.024787555 0.015207457 0.027172627 0.009907851 0.025439022 0.027405083 0.035279084 0.027101371 0.021271817 0.010903692 0.025441213 0.062004283 0.031725265 0.027317323 0.016388739
0.042445790 0.016230030 0.016527977 0.029066404 0.015082303 0.011946471 0.000824535 0.007598467 0.009812847 0.018114923 0.013502279 0.020676220 0.011380464 0.012451414 0.034112800 0.024617765 0.013206250 0.029783774 0.011079945 0.016031556 0.017039597 0.009633239 0.025439022 -0.001588103 0.015458733 0.013245117 0.010376770 0.007003713 0.020367403 0.007556589 0.049810205 0.022824101 0.017533273 0.022665709
0.050449315 0.022032749 0.030091722 0.029069820 0.024694342 0.024512691 0.010460827 0.025897190 0.028375005 0.016807906 0.014713814 0.019594084 0.019252524 0.021800529 0.034364183 0.036126986 0.024131965 0.031438477 0.018398210 0.022915550 0.028064003 0.012837599 0.027405083 0.015458733 -0.002024269 0.012665905 0.019811396 0.018498797 0.028707303 0.023001455 0.038654640 0.024146732 0.031730864 0.032019116
0.054640468 0.019767789 0.030377079 0.017688265 0.016633034 0.021583874 0.003844515 0.010977511 0.018271975 0.007440276 0.007224806 0.009893783 0.013726870 0.018151443 0.046487562 0.037341990 0.022749700 0.023983132 0.014836065 0.017317034 0.031385638 0.010198371 0.035279084 0.013245117 0.012665905 -0.000561371 0.019424763 0.017499886 0.032794371 0.013360927 0.046790756 0.010568106 0.019163445 0.038075298
0.042029958 0.016455676 0.020843413 0.030233912 0.020590380 0.013849505 0.008247304 0.011589034 0.016406532 0.021616323 0.018360898 0.024361050 0.016255861 0.015209770 0.036478315 0.025876723 0.014101187 0.031519860 0.014238579 0.017979655 0.021825345 0.013273912 0.027101371 0.010376770 0.019811396 0.019424763 0.009188652 0.008783186 0.022702470 0.011328964 0.047247965 0.027439296 0.025512002 0.026297675
0.038458861 0.015903864 0.015167287 0.030910973 0.016954940 0.010498877 0.005196203 0.008839184 0.011790508 0.018398233 0.015587951 0.023160730 0.011957686 0.011026129 0.027890621 0.020247201 0.012542434 0.029917065 0.011641283 0.011445235 0.015708800 0.009997976 0.021271817 0.007003713 0.018498797 0.017499886 0.008783186 0.000715371 0.015704094 0.006845680 0.049705610 0.019817792 0.021749143 0.018747980
0.020985704 0.025165033 0.013526376 0.039897822 0.021949412 0.016739160 0.019921558 0.020585857 0.021932602 0.032532256 0.028919738 0.035680182 0.023302015 0.019962439 0.016080774 0.010225904 0.014998236 0.039985947 0.019494420 0.024380380 0.011356297 0.023930863 0.010903692 0.020367403 0.028707303 0.032794371 0.022702470 0.015704094 0.005597148 0.020662136 0.044938140 0.031104174 0.026015013 0.008164041
0.041514032 0.013694196 0.018475769 0.023570374 0.017700728 0.013635607 0.005868877 0.007986342 0.010717176 0.015348470 0.014484782 0.018595576 0.013443543 0.012845667 0.033547908 0.025562579 0.014895017 0.027959373 0.013035672 0.009117691 0.019182269 0.011620067 0.025441213 0.007556589 0.023001455 0.013360927 0.011328964 0.006845680 0.020662136 0.002115333 0.045542091 0.018499995 0.019268218 0.023248458
0.077898473 0.039310988 0.061188594 0.037586100 0.057761244 0.045512982 0.048499115 0.040656567 0.049059380 0.035194568 0.038761564 0.038199589 0.042737029 0.049477488 0.070144042 0.062271226 0.046097547 0.039270252 0.049006443 0.044267129 0.063767970 0.041841179 0.062004283 0.049810205 0.038654640 0.046790756 0.047247965 0.049705610 0.044938140 0.045542091 -0.002628438 0.035470296 0.057853542 0.053691432
0.044344932 0.028099146 0.028178412 0.016318237 0.015561705 0.021882163 0.015444819 0.017707925 0.027922809 0.007735595 0.009644931 0.011393794 0.017811673 0.023601269 0.032507911 0.038355004 0.027039651 0.023087854 0.022189809 0.014800144 0.024695266 0.019391667 0.031725265 0.022824101 0.024146732 0.010568106 0.027439296 0.019817792 0.031104174 0.018499995 0.035470296 0.002859509 0.021289408 0.029928539
0.044607177 0.029939041 0.025784569 0.032639146 0.023181509 0.023847925 0.019180188 0.018380195 0.020523861 0.021635199 0.017529121 0.026725255 0.017036399 0.023876693 0.030472048 0.029844977 0.028959401 0.034955222 0.028661285 0.020558944 0.025287485 0.019684851 0.027317323 0.017533273 0.031730864 0.019163445 0.025512002 0.021749143 0.026015013 0.019268218 0.057853542 0.021289408 -0.004152775 0.026220588
0.024941990 0.031577244 0.017422276 0.044666316 0.021444842 0.015829172 0.021793090 0.021784686 0.026702167 0.036543019 0.029770825 0.040808395 0.022541538 0.018701512 0.015618078 0.016807932 0.016763438 0.040953577 0.023347130 0.026625179 0.015560345 0.027114097 0.016388739 0.022665709 0.032019116 0.038075298 0.026297675 0.018747980 0.008164041 0.023248458 0.053691432 0.029928539 0.026220588 0.001529396
