0.000000000 0.222222224 0.111111112 0.278969944 0.250000000 0.180487812 0.172413796 0.184466019 0.192307696 0.236363634 0.214953274 0.266375542 0.229357794 0.214953274 0.066666670 0.142857149 0.125000000 0.207547173 0.096774191 0.236363634 0.142857149 0.168316826 0.091891892 0.159999996 0.207547173 0.203791469 0.164179102 0.164179102 0.120418847 0.172413796 0.155778900 0.282051295 0.218604654 0.101604275
0.222222224 0.000000000 0.113924049 0.060498219 0.029411765 0.043478262 0.051792830 0.039370079 0.031250000 0.014925373 0.007633588 0.046931408 0.007518797 0.007633588 0.157894731 0.081967212 0.100000001 0.015384615 0.128205135 0.014925373 0.081967212 0.056000002 0.133047208 0.064516127 0.015384615 0.019305019 0.060240965 0.060240965 0.104602508 0.051792830 0.068825908 0.063829787 0.003802281 0.123404257
0.111111112 0.113924049 0.000000000 0.173228353 0.142857149 0.070796460 0.062500000 0.074889868 0.082969435 0.128630713 0.106382981 0.159999996 0.121338911 0.106382981 0.044776119 0.032258064 0.014084507 0.098712444 0.014492754 0.128630713 0.032258064 0.058295965 0.019417476 0.049773756 0.098712444 0.094827585 0.054054055 0.054054055 0.009433962 0.062500000 0.045454547 0.176470593 0.110169493 0.009615385
0.278969944 0.060498219 0.173228353 0.000000000 0.031141868 0.103703700 0.111940302 0.099630997 0.091575094 0.045614034 0.068100356 0.013605442 0.053003535 0.068100356 0.216326535 0.141762450 0.159533069 0.075812273 0.187251002 0.045614034 0.141762450 0.116104871 0.192000002 0.124528304 0.075812273 0.079710148 0.120300755 0.120300755 0.164062500 0.111940302 0.128787875 0.003344482 0.064285718 0.182539687
0.250000000 0.029411765 0.142857149 0.031141868 0.000000000 0.072796933 0.081081077 0.068702288 0.060606062 0.014492754 0.037037037 0.017543860 0.021897810 0.037037037 0.186440676 0.111111112 0.129032254 0.044776119 0.157024801 0.014492754 0.111111112 0.085271321 0.161825731 0.093750000 0.044776119 0.048689138 0.089494161 0.089494161 0.133603245 0.081081077 0.098039217 0.034482758 0.033210333 0.152263373
0.180487812 0.043478262 0.070796460 0.103703700 0.072796933 0.000000000 0.008333334 0.004115226 0.012244898 0.058365759 0.035856575 0.090225562 0.050980393 0.035856575 0.115207374 0.038626611 0.056768559 0.028112451 0.085201792 0.058365759 0.038626611 0.012552301 0.090090089 0.021097047 0.028112451 0.024193548 0.016806724 0.016806724 0.061403509 0.008333334 0.025423728 0.107011072 0.039682541 0.080357142
0.172413796 0.051792830 0.062500000 0.111940302 0.081081077 0.008333334 0.000000000 0.012448133 0.020576132 0.066666670 0.044176705 0.098484851 0.059288539 0.044176705 0.106976748 0.030303031 0.048458152 0.036437247 0.076923080 0.066666670 0.030303031 0.004219409 0.081818178 0.012765957 0.036437247 0.032520324 0.008474576 0.008474576 0.053097345 0.000000000 0.017094018 0.115241639 0.048000000 0.072072074
0.184466019 0.039370079 0.074889868 0.099630997 0.068702288 0.004115226 0.012448133 0.000000000 0.008130081 0.054263566 0.031746034 0.086142324 0.046875000 0.031746034 0.119266056 0.042735044 0.060869563 0.024000000 0.089285716 0.054263566 0.042735044 0.016666668 0.094170406 0.025210084 0.024000000 0.020080321 0.020920502 0.020920502 0.065502182 0.012448133 0.029535865 0.102941178 0.035573121 0.084444441
0.192307696 0.031250000 0.082969435 0.091575094 0.060606062 0.012244898 0.020576132 0.008130081 0.000000000 0.046153847 0.023622047 0.078066915 0.038759690 0.023622047 0.127272725 0.050847456 0.068965517 0.015873017 0.097345136 0.046153847 0.050847456 0.024793388 0.102222219 0.033333335 0.015873017 0.011952192 0.029045643 0.029045643 0.073593073 0.020576132 0.037656903 0.094890513 0.027450981 0.092511013
0.236363634 0.014925373 0.128630713 0.045614034 0.014492754 0.058365759 0.066666670 0.054263566 0.046153847 0.000000000 0.022556391 0.032028470 0.007407407 0.022556391 0.172413796 0.096774191 0.114754096 0.030303031 0.142857149 0.000000000 0.096774191 0.070866145 0.147679329 0.079365082 0.030303031 0.034220532 0.075098813 0.075098813 0.119341567 0.066666670 0.083665341 0.048951048 0.018726591 0.138075307
0.214953274 0.007633588 0.106382981 0.068100356 0.037037037 0.035856575 0.044176705 0.031746034 0.023622047 0.022556391 0.000000000 0.054545455 0.015151516 0.000000000 0.150442481 0.074380167 0.092436977 0.007751938 0.120689653 0.022556391 0.074380167 0.048387095 0.125541121 0.056910571 0.007751938 0.011673152 0.052631579 0.052631579 0.097046413 0.044176705 0.061224490 0.071428575 0.003831418 0.115879826
0.266375542 0.046931408 0.159999996 0.013605442 0.017543860 0.090225562 0.098484851 0.086142324 0.078066915 0.032028470 0.054545455 0.000000000 0.039426524 0.054545455 0.203319505 0.128404662 0.146245062 0.062271062 0.174089074 0.032028470 0.128404662 0.102661595 0.178861782 0.111111112 0.062271062 0.066176474 0.106870227 0.106870227 0.150793657 0.098484851 0.115384616 0.016949153 0.050724637 0.169354841
0.229357794 0.007518797 0.121338911 0.053003535 0.021897810 0.050980393 0.059288539 0.046875000 0.038759690 0.007407407 0.015151516 0.039426524 0.000000000 0.015151516 0.165217385 0.089430891 0.107438013 0.022900764 0.135593221 0.007407407 0.089430891 0.063492067 0.140425533 0.071999997 0.022900764 0.026819924 0.067729086 0.067729086 0.112033196 0.059288539 0.076305218 0.056338027 0.011320755 0.130801693
0.214953274 0.007633588 0.106382981 0.068100356 0.037037037 0.035856575 0.044176705 0.031746034 0.023622047 0.022556391 0.000000000 0.054545455 0.015151516 0.000000000 0.150442481 0.074380167 0.092436977 0.007751938 0.120689653 0.022556391 0.074380167 0.048387095 0.125541121 0.056910571 0.007751938 0.011673152 0.052631579 0.052631579 0.097046413 0.044176705 0.061224490 0.071428575 0.003831418 0.115879826
0.066666670 0.157894731 0.044776119 0.216326535 0.186440676 0.115207374 0.106976748 0.119266056 0.127272725 0.172413796 0.150442481 0.203319505 0.165217385 0.150442481 0.000000000 0.076923080 0.058823530 0.142857149 0.030303031 0.172413796 0.076923080 0.102803737 0.025380710 0.094339624 0.142857149 0.139013454 0.098591551 0.098591551 0.054187194 0.106976748 0.090047397 0.219512194 0.154185027 0.035175879
0.142857149 0.081967212 0.032258064 0.141762450 0.111111112 0.038626611 0.030303031 0.042735044 0.050847456 0.096774191 0.074380167 0.128404662 0.089430891 0.074380167 0.076923080 0.000000000 0.018181818 0.066666670 0.046728972 0.096774191 0.000000000 0.026086956 0.051643193 0.017543860 0.066666670 0.062761508 0.021834061 0.021834061 0.022831051 0.030303031 0.013215859 0.145038173 0.078189299 0.041860465
0.125000000 0.100000001 0.014084507 0.159533069 0.129032254 0.056768559 0.048458152 0.060869563 0.068965517 0.114754096 0.092436977 0.146245062 0.107438013 0.092436977 0.058823530 0.018181818 0.000000000 0.084745765 0.028571429 0.114754096 0.018181818 0.044247787 0.033492822 0.035714287 0.084745765 0.080851063 0.039999999 0.039999999 0.004651163 0.048458152 0.031390134 0.162790701 0.096234307 0.023696683
0.207547173 0.015384615 0.098712444 0.075812273 0.044776119 0.028112451 0.036437247 0.024000000 0.015873017 0.030303031 0.007751938 0.062271062 0.022900764 0.007751938 0.142857149 0.066666670 0.084745765 0.000000000 0.113043480 0.030303031 0.066666670 0.040650405 0.117903933 0.049180329 0.000000000 0.003921569 0.044897959 0.044897959 0.089361705 0.036437247 0.053497944 0.079136692 0.011583012 0.108225107
0.096774191 0.128205135 0.014492754 0.187251002 0.157024801 0.085201792 0.076923080 0.089285716 0.097345136 0.142857149 0.120689653 0.174089074 0.135593221 0.120689653 0.030303031 0.046728972 0.028571429 0.113043480 0.000000000 0.142857149 0.046728972 0.072727270 0.004926108 0.064220183 0.113043480 0.109170303 0.068493150 0.068493150 0.023923445 0.076923080 0.059907835 0.190476194 0.124463521 0.004878049
0.236363634 0.014925373 0.128630713 0.045614034 0.014492754 0.058365759 0.066666670 0.054263566 0.046153847 0.000000000 0.022556391 0.032028470 0.007407407 0.022556391 0.172413796 0.096774191 0.114754096 0.030303031 0.142857149 0.000000000 0.096774191 0.070866145 0.147679329 0.079365082 0.030303031 0.034220532 0.075098813 0.075098813 0.119341567 0.066666670 0.083665341 0.048951048 0.018726591 0.138075307
0.142857149 0.081967212 0.032258064 0.141762450 0.111111112 0.038626611 0.030303031 0.042735044 0.050847456 0.096774191 0.074380167 0.128404662 0.089430891 0.074380167 0.076923080 0.000000000 0.018181818 0.066666670 0.046728972 0.096774191 0.000000000 0.026086956 0.051643193 0.017543860 0.066666670 0.062761508 0.021834061 0.021834061 0.022831051 0.030303031 0.013215859 0.145038173 0.078189299 0.041860465
0.168316826 0.056000002 0.058295965 0.116104871 0.085271321 0.012552301 0.004219409 0.016666668 0.024793388 0.070866145 0.048387095 0.102661595 0.063492067 0.048387095 0.102803737 0.026086956 0.044247787 0.040650405 0.072727270 0.070866145 0.026086956 0.000000000 0.077625573 0.008547009 0.040650405 0.036734693 0.004255319 0.004255319 0.048888888 0.004219409 0.012875536 0.119402982 0.052208837 0.067873307
0.091891892 0.133047208 0.019417476 0.192000002 0.161825731 0.090090089 0.081818178 0.094170406 0.102222219 0.147679329 0.125541121 0.178861782 0.140425533 0.125541121 0.025380710 0.051643193 0.033492822 0.117903933 0.004926108 0.147679329 0.051643193 0.077625573 0.000000000 0.069124423 0.117903933 0.114035085 0.073394492 0.073394492 0.028846154 0.081818178 0.064814813 0.195219129 0.129310340 0.009803922
0.159999996 0.064516127 0.049773756 0.124528304 0.093750000 0.021097047 0.012765957 0.025210084 0.033333335 0.079365082 0.056910571 0.111111112 0.071999997 0.056910571 0.094339624 0.017543860 0.035714287 0.049180329 0.064220183 0.079365082 0.017543860 0.008547009 0.069124423 0.000000000 0.049180329 0.045267489 0.004291845 0.004291845 0.040358745 0.012765957 0.004329004 0.127819553 0.060728744 0.059360731
0.207547173 0.015384615 0.098712444 0.075812273 0.044776119 0.028112451 0.036437247 0.024000000 0.015873017 0.030303031 0.007751938 0.062271062 0.022900764 0.007751938 0.142857149 0.066666670 0.084745765 0.000000000 0.113043480 0.030303031 0.066666670 0.040650405 0.117903933 0.049180329 0.000000000 0.003921569 0.044897959 0.044897959 0.089361705 0.036437247 0.053497944 0.079136692 0.011583012 0.108225107
0.203791469 0.019305019 0.094827585 0.079710148 0.048689138 0.024193548 0.032520324 0.020080321 0.011952192 0.034220532 0.011673152 0.066176474 0.026819924 0.011673152 0.139013454 0.062761508 0.080851063 0.003921569 0.109170303 0.034220532 0.062761508 0.036734693 0.114035085 0.045267489 0.003921569 0.000000000 0.040983606 0.040983606 0.085470088 0.032520324 0.049586777 0.083032489 0.015503876 0.104347825
0.164179102 0.060240965 0.054054055 0.120300755 0.089494161 0.016806724 0.008474576 0.020920502 0.029045643 0.075098813 0.052631579 0.106870227 0.067729086 0.052631579 0.098591551 0.021834061 0.039999999 0.044897959 0.068493150 0.075098813 0.021834061 0.004255319 0.073394492 0.004291845 0.044897959 0.040983606 0.000000000 0.000000000 0.044642858 0.008474576 0.008620690 0.123595506 0.056451611 0.063636363
0.164179102 0.060240965 0.054054055 0.120300755 0.089494161 0.016806724 0.008474576 0.020920502 0.029045643 0.075098813 0.052631579 0.106870227 0.067729086 0.052631579 0.098591551 0.021834061 0.039999999 0.044897959 0.068493150 0.075098813 0.021834061 0.004255319 0.073394492 0.004291845 0.044897959 0.040983606 0.000000000 0.000000000 0.044642858 0.008474576 0.008620690 0.123595506 0.056451611 0.063636363
0.120418847 0.104602508 0.009433962 0.164062500 0.133603245 0.061403509 0.053097345 0.065502182 0.073593073 0.119341567 0.097046413 0.150793657 0.112033196 0.097046413 0.054187194 0.022831051 0.004651163 0.089361705 0.023923445 0.119341567 0.022831051 0.048888888 0.028846154 0.040358745 0.089361705 0.085470088 0.044642858 0.044642858 0.000000000 0.053097345 0.036036037 0.167315170 0.100840338 0.019047620
0.172413796 0.051792830 0.062500000 0.111940302 0.081081077 0.008333334 0.000000000 0.012448133 0.020576132 0.066666670 0.044176705 0.098484851 0.059288539 0.044176705 0.106976748 0.030303031 0.048458152 0.036437247 0.076923080 0.066666670 0.030303031 0.004219409 0.081818178 0.012765957 0.036437247 0.032520324 0.008474576 0.008474576 0.053097345 0.000000000 0.017094018 0.115241639 0.048000000 0.072072074
0.155778900 0.068825908 0.045454547 0.128787875 0.098039217 0.025423728 0.017094018 0.029535865 0.037656903 0.083665341 0.061224490 0.115384616 0.076305218 0.061224490 0.090047397 0.013215859 0.031390134 0.053497944 0.059907835 0.083665341 0.013215859 0.012875536 0.064814813 0.004329004 0.053497944 0.049586777 0.008620690 0.008620690 0.036036037 0.017094018 0.000000000 0.132075474 0.065040648 0.055045873
0.282051295 0.063829787 0.176470593 0.003344482 0.034482758 0.107011072 0.115241639 0.102941178 0.094890513 0.048951048 0.071428575 0.016949153 0.056338027 0.071428575 0.219512194 0.145038173 0.162790701 0.079136692 0.190476194 0.048951048 0.145038173 0.119402982 0.195219129 0.127819553 0.079136692 0.083032489 0.123595506 0.123595506 0.167315170 0.115241639 0.132075474 0.000000000 0.067615658 0.185770750
0.218604654 0.003802281 0.110169493 0.064285718 0.033210333 0.039682541 0.048000000 0.035573121 0.027450981 0.018726591 0.003831418 0.050724637 0.011320755 0.003831418 0.154185027 0.078189299 0.096234307 0.011583012 0.124463521 0.018726591 0.078189299 0.052208837 0.129310340 0.060728744 0.011583012 0.015503876 0.056451611 0.056451611 0.100840338 0.048000000 0.065040648 0.067615658 0.000000000 0.119658120
0.101604275 0.123404257 0.009615385 0.182539687 0.152263373 0.080357142 0.072072074 0.084444441 0.092511013 0.138075307 0.115879826 0.169354841 0.130801693 0.115879826 0.035175879 0.041860465 0.023696683 0.108225107 0.004878049 0.138075307 0.041860465 0.067873307 0.009803922 0.059360731 0.108225107 0.104347825 0.063636363 0.063636363 0.019047620 0.072072074 0.055045873 0.185770750 0.119658120 0.000000000
