0.000000000 0.015544041 0.099526070 0.260700375 0.140271500 0.132420093 0.120370373 0.170305684 0.155555561 0.201680675 0.144144148 0.205020919 0.107981220 0.144144148 0.040404040 0.015544041 0.103773586 0.166666672 0.116279073 0.239999995 0.144144148 0.128440365 0.054726370 0.151785716 0.091954023 0.194915250 0.124423966 0.132420093 0.030612245 0.173913047 0.111111112 0.214876026 0.194915250 0.086538464
0.015544041 0.000000000 0.084112152 0.246153846 0.125000000 0.117117114 0.105022833 0.155172408 0.140350878 0.186721995 0.128888890 0.190082639 0.092592590 0.128888890 0.024875622 0.000000000 0.088372096 0.151515156 0.100917429 0.225296438 0.128888890 0.113122173 0.039215688 0.136563882 0.107344635 0.179916322 0.109090909 0.117117114 0.015075377 0.158798277 0.126436785 0.200000003 0.179916322 0.071090050
0.099526070 0.084112152 0.000000000 0.165467620 0.041322313 0.033333335 0.021097047 0.071999997 0.056910571 0.104247101 0.045267489 0.107692309 0.008547009 0.045267489 0.059360731 0.084112152 0.004291845 0.068273090 0.016949153 0.143911436 0.045267489 0.029288704 0.045045044 0.053061225 0.189743593 0.097276263 0.025210084 0.033333335 0.069124423 0.075697213 0.208333328 0.117870726 0.097276263 0.013100437
0.260700375 0.246153846 0.165467620 0.000000000 0.125000000 0.132867128 0.144876331 0.094594598 0.109589040 0.062295083 0.121107265 0.058823530 0.157142863 0.121107265 0.222641513 0.246153846 0.161290318 0.098305084 0.148936167 0.022082020 0.121107265 0.136842102 0.208955228 0.113402061 0.344398350 0.069306932 0.140845075 0.132867128 0.231939167 0.090909094 0.361344546 0.048543688 0.069306932 0.178181812
0.140271500 0.125000000 0.041322313 0.125000000 0.000000000 0.008000000 0.020242915 0.030769231 0.015625000 0.063197024 0.003952569 0.066666670 0.032786883 0.003952569 0.100436680 0.125000000 0.037037037 0.027027028 0.024390243 0.103202850 0.003952569 0.012048192 0.086206898 0.011764706 0.229268298 0.056179777 0.016129032 0.008000000 0.110132158 0.034482758 0.247524753 0.076923080 0.056179777 0.054393306
0.132420093 0.117117114 0.033333335 0.132867128 0.008000000 0.000000000 0.012244898 0.038759690 0.023622047 0.071161047 0.011952192 0.074626863 0.024793388 0.011952192 0.092511013 0.117117114 0.029045643 0.035019454 0.016393442 0.111111112 0.011952192 0.004048583 0.078260869 0.019762846 0.221674874 0.064150944 0.008130081 0.000000000 0.102222219 0.042471044 0.239999995 0.084870845 0.064150944 0.046413504
0.120370373 0.105022833 0.021097047 0.144876331 0.020242915 0.012244898 0.000000000 0.050980393 0.035856575 0.083333336 0.024193548 0.086792454 0.012552301 0.024193548 0.080357142 0.105022833 0.016806724 0.047244094 0.004149378 0.123188406 0.024193548 0.008196721 0.066079296 0.032000002 0.209999993 0.076335877 0.004115226 0.012244898 0.090090089 0.054687500 0.228426397 0.097014926 0.076335877 0.034188036
0.170305684 0.155172408 0.071999997 0.094594598 0.030769231 0.038759690 0.050980393 0.000000000 0.015151516 0.032490976 0.026819924 0.035971224 0.063492067 0.026819924 0.130801693 0.155172408 0.067729086 0.003745318 0.055118110 0.072664358 0.026819924 0.042801555 0.116666667 0.019011406 0.258215964 0.025454545 0.046875000 0.038759690 0.140425533 0.003717472 0.276190490 0.046263345 0.025454545 0.085020244
0.155555561 0.140350878 0.056910571 0.109589040 0.015625000 0.023622047 0.035856575 0.015151516 0.000000000 0.047619049 0.011673152 0.051094890 0.048387095 0.011673152 0.115879826 0.140350878 0.052631579 0.011406844 0.039999999 0.087719299 0.011673152 0.027667984 0.101694912 0.003861004 0.244019136 0.040590405 0.031746034 0.023622047 0.125541121 0.018867925 0.262135923 0.061371841 0.040590405 0.069958851
0.201680675 0.186721995 0.104247101 0.062295083 0.063197024 0.071161047 0.083333336 0.032490976 0.047619049 0.000000000 0.059259258 0.003484321 0.095785439 0.059259258 0.162601620 0.186721995 0.100000001 0.036231883 0.087452471 0.040268455 0.059259258 0.075187966 0.148594379 0.051470589 0.288288295 0.007042253 0.079245284 0.071161047 0.172131151 0.028776979 0.305936068 0.013793103 0.007042253 0.117187500
0.144144148 0.128888890 0.045267489 0.121107265 0.003952569 0.011952192 0.024193548 0.026819924 0.011673152 0.059259258 0.000000000 0.062730625 0.036734693 0.000000000 0.104347825 0.128888890 0.040983606 0.023076924 0.028340081 0.099290781 0.000000000 0.016000001 0.090128757 0.007812500 0.233009711 0.052238807 0.020080321 0.011952192 0.114035085 0.030534351 0.251231521 0.072992697 0.052238807 0.058333334
0.205020919 0.190082639 0.107692309 0.058823530 0.066666670 0.074626863 0.086792454 0.035971224 0.051094890 0.003484321 0.062730625 0.000000000 0.099236645 0.062730625 0.165991902 0.190082639 0.103448279 0.039711192 0.090909094 0.036789298 0.062730625 0.078651689 0.151999995 0.054945055 0.291479826 0.010526316 0.082706764 0.074626863 0.175510198 0.032258064 0.309090912 0.010309278 0.010526316 0.120622568
0.107981220 0.092592590 0.008547009 0.157142863 0.032786883 0.024793388 0.012552301 0.063492067 0.048387095 0.095785439 0.036734693 0.099236645 0.000000000 0.036734693 0.067873307 0.092592590 0.004255319 0.059760958 0.008403362 0.135531142 0.036734693 0.020746889 0.053571429 0.044534411 0.197969541 0.088803090 0.016666668 0.024793388 0.077625573 0.067193680 0.216494843 0.109433964 0.088803090 0.021645023
0.144144148 0.128888890 0.045267489 0.121107265 0.003952569 0.011952192 0.024193548 0.026819924 0.011673152 0.059259258 0.000000000 0.062730625 0.036734693 0.000000000 0.104347825 0.128888890 0.040983606 0.023076924 0.028340081 0.099290781 0.000000000 0.016000001 0.090128757 0.007812500 0.233009711 0.052238807 0.020080321 0.011952192 0.114035085 0.030534351 0.251231521 0.072992697 0.052238807 0.058333334
0.040404040 0.024875622 0.059360731 0.222641513 0.100436680 0.092511013 0.080357142 0.130801693 0.115879826 0.162601620 0.104347825 0.165991902 0.067873307 0.104347825 0.000000000 0.024875622 0.063636363 0.127118647 0.076233186 0.201550394 0.104347825 0.088495575 0.014354067 0.112068966 0.131868139 0.155737698 0.084444441 0.092511013 0.009803922 0.134453788 0.150837988 0.175999999 0.155737698 0.046296295
0.015544041 0.000000000 0.084112152 0.246153846 0.125000000 0.117117114 0.105022833 0.155172408 0.140350878 0.186721995 0.128888890 0.190082639 0.092592590 0.128888890 0.024875622 0.000000000 0.088372096 0.151515156 0.100917429 0.225296438 0.128888890 0.113122173 0.039215688 0.136563882 0.107344635 0.179916322 0.109090909 0.117117114 0.015075377 0.158798277 0.126436785 0.200000003 0.179916322 0.071090050
0.103773586 0.088372096 0.004291845 0.161290318 0.037037037 0.029045643 0.016806724 0.067729086 0.052631579 0.100000001 0.040983606 0.103448279 0.004255319 0.040983606 0.063636363 0.088372096 0.000000000 0.064000003 0.012658228 0.139705881 0.040983606 0.025000000 0.049327355 0.048780486 0.193877548 0.093023255 0.020920502 0.029045643 0.073394492 0.071428575 0.212435231 0.113636367 0.093023255 0.017391304
0.166666672 0.151515156 0.068273090 0.098305084 0.027027028 0.035019454 0.047244094 0.003745318 0.011406844 0.036231883 0.023076924 0.039711192 0.059760958 0.023076924 0.127118647 0.151515156 0.064000003 0.000000000 0.051383398 0.076388888 0.023076924 0.039062500 0.112970710 0.015267176 0.254716992 0.029197080 0.043137256 0.035019454 0.136752144 0.007462686 0.272727281 0.050000001 0.029197080 0.081300810
0.116279073 0.100917429 0.016949153 0.148936167 0.024390243 0.016393442 0.004149378 0.055118110 0.039999999 0.087452471 0.028340081 0.090909094 0.008403362 0.028340081 0.076233186 0.100917429 0.012658228 0.051383398 0.000000000 0.127272725 0.028340081 0.012345679 0.061946902 0.036144577 0.206030145 0.080459774 0.008264462 0.016393442 0.085972853 0.058823530 0.224489793 0.101123594 0.080459774 0.030042918
0.239999995 0.225296438 0.143911436 0.022082020 0.103202850 0.111111112 0.123188406 0.072664358 0.087719299 0.040268455 0.099290781 0.036789298 0.135531142 0.099290781 0.201550394 0.225296438 0.139705881 0.076388888 0.127272725 0.000000000 0.099290781 0.115107916 0.187739462 0.091549292 0.324786335 0.047297299 0.119133577 0.111111112 0.210937500 0.068965517 0.341991335 0.026490066 0.047297299 0.156716421
0.144144148 0.128888890 0.045267489 0.121107265 0.003952569 0.011952192 0.024193548 0.026819924 0.011673152 0.059259258 0.000000000 0.062730625 0.036734693 0.000000000 0.104347825 0.128888890 0.040983606 0.023076924 0.028340081 0.099290781 0.000000000 0.016000001 0.090128757 0.007812500 0.233009711 0.052238807 0.020080321 0.011952192 0.114035085 0.030534351 0.251231521 0.072992697 0.052238807 0.058333334
0.128440365 0.113122173 0.029288704 0.136842102 0.012048192 0.004048583 0.008196721 0.042801555 0.027667984 0.075187966 0.016000001 0.078651689 0.020746889 0.016000001 0.088495575 0.113122173 0.025000000 0.039062500 0.012345679 0.115107916 0.016000001 0.000000000 0.074235804 0.023809524 0.217821777 0.068181820 0.004081632 0.004048583 0.098214284 0.046511628 0.236180902 0.088888891 0.068181820 0.042372882
0.054726370 0.039215688 0.045045044 0.208955228 0.086206898 0.078260869 0.066079296 0.116666667 0.101694912 0.148594379 0.090128757 0.151999995 0.053571429 0.090128757 0.014354067 0.039215688 0.049327355 0.112970710 0.061946902 0.187739462 0.090128757 0.074235804 0.000000000 0.097872339 0.145945951 0.141700402 0.070175439 0.078260869 0.024154589 0.120331950 0.164835170 0.162055343 0.141700402 0.031963471
0.151785716 0.136563882 0.053061225 0.113402061 0.011764706 0.019762846 0.032000002 0.019011406 0.003861004 0.051470589 0.007812500 0.054945055 0.044534411 0.007812500 0.112068966 0.136563882 0.048780486 0.015267176 0.036144577 0.091549292 0.007812500 0.023809524 0.097872339 0.000000000 0.240384609 0.044444446 0.027888447 0.019762846 0.121739127 0.022727273 0.258536577 0.065217391 0.044444446 0.066115700
0.091954023 0.107344635 0.189743593 0.344398350 0.229268298 0.221674874 0.209999993 0.258215964 0.244019136 0.288288295 0.233009711 0.291479826 0.197969541 0.233009711 0.131868139 0.107344635 0.193877548 0.254716992 0.206030145 0.324786335 0.233009711 0.217821777 0.145945951 0.240384609 0.000000000 0.281818181 0.213930354 0.221674874 0.122222222 0.261682242 0.019354839 0.300884962 0.281818181 0.177083328
0.194915250 0.179916322 0.097276263 0.069306932 0.056179777 0.064150944 0.076335877 0.025454545 0.040590405 0.007042253 0.052238807 0.010526316 0.088803090 0.052238807 0.155737698 0.179916322 0.093023255 0.029197080 0.080459774 0.047297299 0.052238807 0.068181820 0.141700402 0.044444446 0.281818181 0.000000000 0.072243348 0.064150944 0.165289253 0.021739131 0.299539179 0.020833334 0.000000000 0.110236220
0.124423966 0.109090909 0.025210084 0.140845075 0.016129032 0.008130081 0.004115226 0.046875000 0.031746034 0.079245284 0.020080321 0.082706764 0.016666668 0.020080321 0.084444441 0.109090909 0.020920502 0.043137256 0.008264462 0.119133577 0.020080321 0.004081632 0.070175439 0.027888447 0.213930354 0.072243348 0.000000000 0.008130081 0.094170406 0.050583657 0.232323229 0.092936806 0.072243348 0.038297873
0.132420093 0.117117114 0.033333335 0.132867128 0.008000000 0.000000000 0.012244898 0.038759690 0.023622047 0.071161047 0.011952192 0.074626863 0.024793388 0.011952192 0.092511013 0.117117114 0.029045643 0.035019454 0.016393442 0.111111112 0.011952192 0.004048583 0.078260869 0.019762846 0.221674874 0.064150944 0.008130081 0.000000000 0.102222219 0.042471044 0.239999995 0.084870845 0.064150944 0.046413504
0.030612245 0.015075377 0.069124423 0.231939167 0.110132158 0.102222219 0.090090089 0.140425533 0.125541121 0.172131151 0.114035085 0.175510198 0.077625573 0.114035085 0.009803922 0.015075377 0.073394492 0.136752144 0.085972853 0.210937500 0.114035085 0.098214284 0.024154589 0.121739127 0.122222222 0.165289253 0.094170406 0.102222219 0.000000000 0.144067794 0.141242936 0.185483873 0.165289253 0.056074765
0.173913047 0.158798277 0.075697213 0.090909094 0.034482758 0.042471044 0.054687500 0.003717472 0.018867925 0.028776979 0.030534351 0.032258064 0.067193680 0.030534351 0.134453788 0.158798277 0.071428575 0.007462686 0.058823530 0.068965517 0.030534351 0.046511628 0.120331950 0.022727273 0.261682242 0.021739131 0.050583657 0.042471044 0.144067794 0.000000000 0.279620856 0.042553190 0.021739131 0.088709675
0.111111112 0.126436785 0.208333328 0.361344546 0.247524753 0.239999995 0.228426397 0.276190490 0.262135923 0.305936068 0.251231521 0.309090912 0.216494843 0.251231521 0.150837988 0.126436785 0.212435231 0.272727281 0.224489793 0.341991335 0.251231521 0.236180902 0.164835170 0.258536577 0.019354839 0.299539179 0.232323229 0.239999995 0.141242936 0.279620856 0.000000000 0.318385661 0.299539179 0.195767194
0.214876026 0.200000003 0.117870726 0.048543688 0.076923080 0.084870845 0.097014926 0.046263345 0.061371841 0.013793103 0.072992697 0.010309278 0.109433964 0.072992697 0.175999999 0.200000003 0.113636367 0.050000001 0.101123594 0.026490066 0.072992697 0.088888891 0.162055343 0.065217391 0.300884962 0.020833334 0.092936806 0.084870845 0.185483873 0.042553190 0.318385661 0.000000000 0.020833334 0.130769238
0.194915250 0.179916322 0.097276263 0.069306932 0.056179777 0.064150944 0.076335877 0.025454545 0.040590405 0.007042253 0.052238807 0.010526316 0.088803090 0.052238807 0.155737698 0.179916322 0.093023255 0.029197080 0.080459774 0.047297299 0.052238807 0.068181820 0.141700402 0.044444446 0.281818181 0.000000000 0.072243348 0.064150944 0.165289253 0.021739131 0.299539179 0.020833334 0.000000000 0.110236220
0.086538464 0.071090050 0.013100437 0.178181812 0.054393306 0.046413504 0.034188036 0.085020244 0.069958851 0.117187500 0.058333334 0.120622568 0.021645023 0.058333334 0.046296295 0.071090050 0.017391304 0.081300810 0.030042918 0.156716421 0.058333334 0.042372882 0.031963471 0.066115700 0.177083328 0.110236220 0.038297873 0.046413504 0.056074765 0.088709675 0.195767194 0.130769238 0.110236220 0.000000000
