0.000000000 0.211864412 0.041237112 0.276264578 0.101449274 0.122641511 0.130841121 0.122641511 0.074626863 0.194805190 0.138888896 0.211864412 0.146788985 0.110047847 0.027624309 0.021052632 0.105769232 0.208510637 0.169642851 0.146788985 0.036269430 0.162162155 0.015873017 0.126760557 0.201716736 0.184210524 0.138888896 0.146788985 0.036269430 0.105769232 0.270588249 0.165919289 0.005347594 0.055837564
0.211864412 0.000000000 0.172131151 0.068403907 0.112840466 0.091603056 0.083333336 0.091603056 0.139442235 0.017793594 0.075187966 0.000000000 0.067164183 0.104247101 0.238095239 0.191666663 0.108527131 0.003508772 0.043795619 0.067164183 0.176954731 0.051470589 0.196652725 0.087452471 0.010600707 0.028776979 0.075187966 0.067164183 0.176954731 0.108527131 0.062295083 0.047619049 0.206751049 0.157894731
0.041237112 0.172131151 0.000000000 0.237735853 0.060465116 0.081818178 0.090090089 0.081818178 0.033492822 0.154811710 0.098214284 0.172131151 0.106194690 0.069124423 0.068783067 0.020202020 0.064814813 0.168724284 0.129310340 0.106194690 0.004975124 0.121739127 0.025380710 0.085972853 0.161825731 0.144067794 0.098214284 0.106194690 0.004975124 0.064814813 0.231939167 0.125541121 0.035897437 0.014634146
0.276264578 0.068403907 0.237735853 0.000000000 0.179856122 0.159010604 0.150877193 0.159010604 0.205882356 0.086092718 0.142857149 0.068403907 0.134948090 0.171428576 0.301587313 0.256704986 0.175627246 0.071895428 0.111864410 0.134948090 0.242424250 0.119453922 0.261538476 0.154929578 0.078947365 0.096989967 0.142857149 0.134948090 0.242424250 0.175627246 0.006134969 0.115646258 0.271317840 0.223880604
0.101449274 0.112840466 0.060465116 0.179856122 0.000000000 0.021459227 0.029787235 0.021459227 0.027027028 0.095238097 0.037974682 0.112840466 0.046025105 0.008695652 0.128712878 0.080568723 0.004366812 0.109375000 0.069387756 0.046025105 0.065420561 0.061728396 0.085714288 0.025641026 0.102362208 0.084337346 0.037974682 0.046025105 0.065420561 0.004366812 0.173913047 0.065573767 0.096153848 0.045871560
0.122641511 0.091603056 0.081818178 0.159010604 0.021459227 0.000000000 0.008333334 0.000000000 0.048458152 0.073929958 0.016528925 0.091603056 0.024590164 0.012765957 0.149758458 0.101851851 0.017094018 0.088122606 0.048000000 0.024590164 0.086757988 0.040322579 0.106976748 0.004184100 0.081081077 0.062992126 0.016528925 0.024590164 0.086757988 0.017094018 0.153024912 0.044176705 0.117370889 0.067264572
0.130841121 0.083333336 0.090090089 0.150877193 0.029787235 0.008333334 0.000000000 0.008333334 0.056768559 0.065637067 0.008196721 0.083333336 0.016260162 0.021097047 0.157894731 0.110091746 0.025423728 0.079847910 0.039682541 0.016260162 0.095022626 0.032000002 0.115207374 0.004149378 0.072796933 0.054687500 0.008196721 0.016260162 0.095022626 0.025423728 0.144876331 0.035856575 0.125581399 0.075555556
0.122641511 0.091603056 0.081818178 0.159010604 0.021459227 0.000000000 0.008333334 0.000000000 0.048458152 0.073929958 0.016528925 0.091603056 0.024590164 0.012765957 0.149758458 0.101851851 0.017094018 0.088122606 0.048000000 0.024590164 0.086757988 0.040322579 0.106976748 0.004184100 0.081081077 0.062992126 0.016528925 0.024590164 0.086757988 0.017094018 0.153024912 0.044176705 0.117370889 0.067264572
0.074626863 0.139442235 0.033492822 0.205882356 0.027027028 0.048458152 0.056768559 0.048458152 0.000000000 0.121951222 0.064935066 0.139442235 0.072961375 0.035714287 0.102040820 0.053658538 0.031390134 0.136000007 0.096234307 0.072961375 0.038461540 0.088607594 0.058823530 0.052631579 0.129032254 0.111111112 0.064935066 0.072961375 0.038461540 0.031390134 0.200000003 0.092436977 0.069306932 0.018867925
0.194805190 0.017793594 0.154811710 0.086092718 0.095238097 0.073929958 0.065637067 0.073929958 0.121951222 0.000000000 0.057471264 0.017793594 0.049429659 0.086614177 0.221238941 0.174468085 0.090909094 0.014285714 0.026022306 0.049429659 0.159663871 0.033707865 0.179487184 0.069767445 0.007194245 0.010989011 0.057471264 0.049429659 0.159663871 0.090909094 0.079999998 0.029850746 0.189655170 0.140495867
0.138888896 0.075187966 0.098214284 0.142857149 0.037974682 0.016528925 0.008196721 0.016528925 0.064935066 0.057471264 0.000000000 0.075187966 0.008064516 0.029288704 0.165876776 0.118181817 0.033613447 0.071698114 0.031496063 0.008064516 0.103139013 0.023809524 0.123287670 0.012345679 0.064638786 0.046511628 0.000000000 0.008064516 0.103139013 0.033613447 0.136842102 0.027667984 0.133640558 0.083700441
0.211864412 0.000000000 0.172131151 0.068403907 0.112840466 0.091603056 0.083333336 0.091603056 0.139442235 0.017793594 0.075187966 0.000000000 0.067164183 0.104247101 0.238095239 0.191666663 0.108527131 0.003508772 0.043795619 0.067164183 0.176954731 0.051470589 0.196652725 0.087452471 0.010600707 0.028776979 0.075187966 0.067164183 0.176954731 0.108527131 0.062295083 0.047619049 0.206751049 0.157894731
0.146788985 0.067164183 0.106194690 0.134948090 0.046025105 0.024590164 0.016260162 0.024590164 0.072961375 0.049429659 0.008064516 0.067164183 0.000000000 0.037344400 0.173708916 0.126126125 0.041666668 0.063670412 0.023437500 0.000000000 0.111111112 0.015748031 0.131221727 0.020408163 0.056603774 0.038461540 0.008064516 0.000000000 0.111111112 0.041666668 0.128919855 0.019607844 0.141552508 0.091703057
0.110047847 0.104247101 0.069124423 0.171428576 0.008695652 0.012765957 0.021097047 0.012765957 0.035714287 0.086614177 0.029288704 0.104247101 0.037344400 0.000000000 0.137254909 0.089201875 0.004329004 0.100775197 0.060728744 0.037344400 0.074074075 0.053061225 0.094339624 0.016949153 0.093750000 0.075697213 0.029288704 0.037344400 0.074074075 0.004329004 0.165467620 0.056910571 0.104761906 0.054545455
0.027624309 0.238095239 0.068783067 0.301587313 0.128712878 0.149758458 0.157894731 0.149758458 0.102040820 0.221238941 0.165876776 0.238095239 0.173708916 0.137254909 0.000000000 0.048648648 0.133004919 0.234782606 0.196347028 0.173708916 0.063829787 0.188940093 0.043478262 0.153846160 0.228070170 0.210762337 0.165876776 0.173708916 0.063829787 0.133004919 0.296000004 0.192660555 0.032967035 0.083333336
0.021052632 0.191666663 0.020202020 0.256704986 0.080568723 0.101851851 0.110091746 0.101851851 0.053658538 0.174468085 0.118181817 0.191666663 0.126126125 0.089201875 0.048648648 0.000000000 0.084905662 0.188284516 0.149122804 0.126126125 0.015228426 0.141592920 0.005181347 0.105990782 0.181434602 0.163793102 0.118181817 0.126126125 0.015228426 0.084905662 0.250965238 0.145374447 0.015706806 0.034825869
0.105769232 0.108527131 0.064814813 0.175627246 0.004366812 0.017094018 0.025423728 0.017094018 0.031390134 0.090909094 0.033613447 0.108527131 0.041666668 0.004329004 0.133004919 0.084905662 0.000000000 0.105058365 0.065040648 0.041666668 0.069767445 0.057377048 0.090047397 0.021276595 0.098039217 0.079999998 0.033613447 0.041666668 0.069767445 0.000000000 0.169675097 0.061224490 0.100478470 0.050228309
0.208510637 0.003508772 0.168724284 0.071895428 0.109375000 0.088122606 0.079847910 0.088122606 0.136000007 0.014285714 0.071698114 0.003508772 0.063670412 0.100775197 0.234782606 0.188284516 0.105058365 0.000000000 0.040293042 0.063670412 0.173553720 0.047970481 0.193277314 0.083969466 0.007092198 0.025270758 0.071698114 0.063670412 0.173553720 0.105058365 0.065789476 0.044117648 0.203389823 0.154471546
0.169642851 0.043795619 0.129310340 0.111864410 0.069387756 0.048000000 0.039682541 0.048000000 0.096234307 0.026022306 0.031496063 0.043795619 0.023437500 0.060728744 0.196347028 0.149122804 0.065040648 0.040293042 0.000000000 0.023437500 0.134199128 0.007692308 0.154185027 0.043824703 0.033210333 0.015037594 0.031496063 0.023437500 0.134199128 0.065040648 0.105802044 0.003831418 0.164444447 0.114893615
0.146788985 0.067164183 0.106194690 0.134948090 0.046025105 0.024590164 0.016260162 0.024590164 0.072961375 0.049429659 0.008064516 0.067164183 0.000000000 0.037344400 0.173708916 0.126126125 0.041666668 0.063670412 0.023437500 0.000000000 0.111111112 0.015748031 0.131221727 0.020408163 0.056603774 0.038461540 0.008064516 0.000000000 0.111111112 0.041666668 0.128919855 0.019607844 0.141552508 0.091703057
0.036269430 0.176954731 0.004975124 0.242424250 0.065420561 0.086757988 0.095022626 0.086757988 0.038461540 0.159663871 0.103139013 0.176954731 0.111111112 0.074074075 0.063829787 0.015228426 0.069767445 0.173553720 0.134199128 0.111111112 0.000000000 0.126637548 0.020408163 0.090909094 0.166666672 0.148936167 0.103139013 0.111111112 0.000000000 0.069767445 0.236641228 0.130434781 0.030927835 0.019607844
0.162162155 0.051470589 0.121739127 0.119453922 0.061728396 0.040322579 0.032000002 0.040322579 0.088607594 0.033707865 0.023809524 0.051470589 0.015748031 0.053061225 0.188940093 0.141592920 0.057377048 0.047970481 0.007692308 0.015748031 0.126637548 0.000000000 0.146666661 0.036144577 0.040892195 0.022727273 0.023809524 0.015748031 0.126637548 0.057377048 0.113402061 0.003861004 0.156950668 0.107296139
0.015873017 0.196652725 0.025380710 0.261538476 0.085714288 0.106976748 0.115207374 0.106976748 0.058823530 0.179487184 0.123287670 0.196652725 0.131221727 0.094339624 0.043478262 0.005181347 0.090047397 0.193277314 0.154185027 0.131221727 0.020408163 0.146666661 0.000000000 0.111111112 0.186440676 0.168831170 0.123287670 0.131221727 0.020408163 0.090047397 0.255813956 0.150442481 0.010526316 0.039999999
0.126760557 0.087452471 0.085972853 0.154929578 0.025641026 0.004184100 0.004149378 0.004184100 0.052631579 0.069767445 0.012345679 0.087452471 0.020408163 0.016949153 0.153846160 0.105990782 0.021276595 0.083969466 0.043824703 0.020408163 0.090909094 0.036144577 0.111111112 0.000000000 0.076923080 0.058823530 0.012345679 0.020408163 0.090909094 0.021276595 0.148936167 0.039999999 0.121495329 0.071428575
0.201716736 0.010600707 0.161825731 0.078947365 0.102362208 0.081081077 0.072796933 0.081081077 0.129032254 0.007194245 0.064638786 0.010600707 0.056603774 0.093750000 0.228070170 0.181434602 0.098039217 0.007092198 0.033210333 0.056603774 0.166666672 0.040892195 0.186440676 0.076923080 0.000000000 0.018181818 0.064638786 0.056603774 0.166666672 0.098039217 0.072847679 0.037037037 0.196581200 0.147540987
0.184210524 0.028776979 0.144067794 0.096989967 0.084337346 0.062992126 0.054687500 0.062992126 0.111111112 0.010989011 0.046511628 0.028776979 0.038461540 0.075697213 0.210762337 0.163793102 0.079999998 0.025270758 0.015037594 0.038461540 0.148936167 0.022727273 0.168831170 0.058823530 0.018181818 0.000000000 0.046511628 0.038461540 0.148936167 0.079999998 0.090909094 0.018867925 0.179039299 0.129707113
0.138888896 0.075187966 0.098214284 0.142857149 0.037974682 0.016528925 0.008196721 0.016528925 0.064935066 0.057471264 0.000000000 0.075187966 0.008064516 0.029288704 0.165876776 0.118181817 0.033613447 0.071698114 0.031496063 0.008064516 0.103139013 0.023809524 0.123287670 0.012345679 0.064638786 0.046511628 0.000000000 0.008064516 0.103139013 0.033613447 0.136842102 0.027667984 0.133640558 0.083700441
0.146788985 0.067164183 0.106194690 0.134948090 0.046025105 0.024590164 0.016260162 0.024590164 0.072961375 0.049429659 0.008064516 0.067164183 0.000000000 0.037344400 0.173708916 0.126126125 0.041666668 0.063670412 0.023437500 0.000000000 0.111111112 0.015748031 0.131221727 0.020408163 0.056603774 0.038461540 0.008064516 0.000000000 0.111111112 0.041666668 0.128919855 0.019607844 0.141552508 0.091703057
0.036269430 0.176954731 0.004975124 0.242424250 0.065420561 0.086757988 0.095022626 0.086757988 0.038461540 0.159663871 0.103139013 0.176954731 0.111111112 0.074074075 0.063829787 0.015228426 0.069767445 0.173553720 0.134199128 0.111111112 0.000000000 0.126637548 0.020408163 0.090909094 0.166666672 0.148936167 0.103139013 0.111111112 0.000000000 0.069767445 0.236641228 0.130434781 0.030927835 0.019607844
0.105769232 0.108527131 0.064814813 0.175627246 0.004366812 0.017094018 0.025423728 0.017094018 0.031390134 0.090909094 0.033613447 0.108527131 0.041666668 0.004329004 0.133004919 0.084905662 0.000000000 0.105058365 0.065040648 0.041666668 0.069767445 0.057377048 0.090047397 0.021276595 0.098039217 0.079999998 0.033613447 0.041666668 0.069767445 0.000000000 0.169675097 0.061224490 0.100478470 0.050228309
0.270588249 0.062295083 0.231939167 0.006134969 0.173913047 0.153024912 0.144876331 0.153024912 0.200000003 0.079999998 0.136842102 0.062295083 0.128919855 0.165467620 0.296000004 0.250965238 0.169675097 0.065789476 0.105802044 0.128919855 0.236641228 0.113402061 0.255813956 0.148936167 0.072847679 0.090909094 0.136842102 0.128919855 0.236641228 0.169675097 0.000000000 0.109589040 0.265625000 0.218045115
0.165919289 0.047619049 0.125541121 0.115646258 0.065573767 0.044176705 0.035856575 0.044176705 0.092436977 0.029850746 0.027667984 0.047619049 0.019607844 0.056910571 0.192660555 0.145374447 0.061224490 0.044117648 0.003831418 0.019607844 0.130434781 0.003861004 0.150442481 0.039999999 0.037037037 0.018867925 0.027667984 0.019607844 0.130434781 0.061224490 0.109589040 0.000000000 0.160714284 0.111111112
0.005347594 0.206751049 0.035897437 0.271317840 0.096153848 0.117370889 0.125581399 0.117370889 0.069306932 0.189655170 0.133640558 0.206751049 0.141552508 0.104761906 0.032967035 0.015706806 0.100478470 0.203389823 0.164444447 0.141552508 0.030927835 0.156950668 0.010526316 0.121495329 0.196581200 0.179039299 0.133640558 0.141552508 0.030927835 0.100478470 0.265625000 0.160714284 0.000000000 0.050505050
0.055837564 0.157894731 0.014634146 0.223880604 0.045871560 0.067264572 0.075555556 0.067264572 0.018867925 0.140495867 0.083700441 0.157894731 0.091703057 0.054545455 0.083333336 0.034825869 0.050228309 0.154471546 0.114893615 0.091703057 0.019607844 0.107296139 0.039999999 0.071428575 0.147540987 0.129707113 0.083700441 0.091703057 0.019607844 0.050228309 0.218045115 0.111111112 0.050505050 0.000000000
