0.000000000 0.142857149 0.110047847 0.211864412 0.211864412 0.201716736 0.130841121 0.184210524 0.134883717 0.243902445 0.201716736 0.218487397 0.165919289 0.110047847 0.031250000 0.031250000 0.142857149 0.237704918 0.138888896 0.105769232 0.079207920 0.142857149 0.088235296 0.154545456 0.184210524 0.234567896 0.158371046 0.146788985 0.110047847 0.126760557 0.333333343 0.308550179 0.088235296 0.074626863
0.142857149 0.000000000 0.033333335 0.071161047 0.071161047 0.060606062 0.012244898 0.042471044 0.008130081 0.104693137 0.060606062 0.078066915 0.023622047 0.033333335 0.112107620 0.112107620 0.000000000 0.098181821 0.004048583 0.037656903 0.064377680 0.000000000 0.055319149 0.011952192 0.042471044 0.094890513 0.015873017 0.004016064 0.033333335 0.016393442 0.200000003 0.173333332 0.055319149 0.068965517
0.110047847 0.033333335 0.000000000 0.104247101 0.104247101 0.093750000 0.021097047 0.075697213 0.025210084 0.137546465 0.093750000 0.111111112 0.056910571 0.000000000 0.079069771 0.079069771 0.033333335 0.131086141 0.029288704 0.004329004 0.031111112 0.033333335 0.022026431 0.045267489 0.075697213 0.127819553 0.049180329 0.037344400 0.000000000 0.016949153 0.231788084 0.205479458 0.022026431 0.035714287
0.211864412 0.071161047 0.104247101 0.000000000 0.000000000 0.010600707 0.083333336 0.028776979 0.079245284 0.033783782 0.010600707 0.006944444 0.047619049 0.104247101 0.181818187 0.181818187 0.071161047 0.027210884 0.075187966 0.108527131 0.134920642 0.071161047 0.125984251 0.059259258 0.028776979 0.023890786 0.055350553 0.067164183 0.104247101 0.087452471 0.130699083 0.103448279 0.125984251 0.139442235
0.211864412 0.071161047 0.104247101 0.000000000 0.000000000 0.010600707 0.083333336 0.028776979 0.079245284 0.033783782 0.010600707 0.006944444 0.047619049 0.104247101 0.181818187 0.181818187 0.071161047 0.027210884 0.075187966 0.108527131 0.134920642 0.071161047 0.125984251 0.059259258 0.028776979 0.023890786 0.055350553 0.067164183 0.104247101 0.087452471 0.130699083 0.103448279 0.125984251 0.139442235
0.201716736 0.060606062 0.093750000 0.010600707 0.010600707 0.000000000 0.072796933 0.018181818 0.068702288 0.044368602 0.000000000 0.017543860 0.037037037 0.093750000 0.171548113 0.171548113 0.060606062 0.037800688 0.064638786 0.098039217 0.124497995 0.060606062 0.115537852 0.048689138 0.018181818 0.034482758 0.044776119 0.056603774 0.093750000 0.076923080 0.141104296 0.113924049 0.115537852 0.129032254
0.130841121 0.012244898 0.021097047 0.083333336 0.083333336 0.072796933 0.000000000 0.054687500 0.004115226 0.116788320 0.072796933 0.090225562 0.035856575 0.021097047 0.100000001 0.100000001 0.012244898 0.110294119 0.008196721 0.025423728 0.052173913 0.012244898 0.043103449 0.024193548 0.054687500 0.107011072 0.028112451 0.016260162 0.021097047 0.004149378 0.211726382 0.185185179 0.043103449 0.056768559
0.184210524 0.042471044 0.075697213 0.028776979 0.028776979 0.018181818 0.054687500 0.000000000 0.050583657 0.062500000 0.018181818 0.035714287 0.018867925 0.075697213 0.153846160 0.153846160 0.042471044 0.055944055 0.046511628 0.079999998 0.106557377 0.042471044 0.097560972 0.030534351 0.000000000 0.052631579 0.026615970 0.038461540 0.075697213 0.058823530 0.158878505 0.131832793 0.097560972 0.111111112
0.134883717 0.008130081 0.025210084 0.079245284 0.079245284 0.068702288 0.004115226 0.050583657 0.000000000 0.112727270 0.068702288 0.086142324 0.031746034 0.025210084 0.104072399 0.104072399 0.008130081 0.106227107 0.004081632 0.029535865 0.056277055 0.008130081 0.047210302 0.020080321 0.050583657 0.102941178 0.024000000 0.012145749 0.025210084 0.008264462 0.207792208 0.181208059 0.047210302 0.060869563
0.243902445 0.104693137 0.137546465 0.033783782 0.033783782 0.044368602 0.116788320 0.062500000 0.112727270 0.000000000 0.044368602 0.026845638 0.081272088 0.137546465 0.214285716 0.214285716 0.104693137 0.006578947 0.108695649 0.141791046 0.167938933 0.104693137 0.159090906 0.092857145 0.062500000 0.009900990 0.088967972 0.100719422 0.137546465 0.120879121 0.097345136 0.069908813 0.159090906 0.172413796
0.201716736 0.060606062 0.093750000 0.010600707 0.010600707 0.000000000 0.072796933 0.018181818 0.068702288 0.044368602 0.000000000 0.017543860 0.037037037 0.093750000 0.171548113 0.171548113 0.060606062 0.037800688 0.064638786 0.098039217 0.124497995 0.060606062 0.115537852 0.048689138 0.018181818 0.034482758 0.044776119 0.056603774 0.093750000 0.076923080 0.141104296 0.113924049 0.115537852 0.129032254
0.218487397 0.078066915 0.111111112 0.006944444 0.006944444 0.017543860 0.090225562 0.035714287 0.086142324 0.026845638 0.017543860 0.000000000 0.054545455 0.111111112 0.188524589 0.188524589 0.078066915 0.020270269 0.082089551 0.115384616 0.141732290 0.078066915 0.132812500 0.066176474 0.035714287 0.016949153 0.062271062 0.074074075 0.111111112 0.094339624 0.123867072 0.096573211 0.132812500 0.146245062
0.165919289 0.023622047 0.056910571 0.047619049 0.047619049 0.037037037 0.035856575 0.018867925 0.031746034 0.081272088 0.037037037 0.054545455 0.000000000 0.056910571 0.135371178 0.135371178 0.023622047 0.074733093 0.027667984 0.061224490 0.087866105 0.023622047 0.078838177 0.011673152 0.018867925 0.071428575 0.007751938 0.019607844 0.056910571 0.039999999 0.177215189 0.150326803 0.078838177 0.092436977
0.110047847 0.033333335 0.000000000 0.104247101 0.104247101 0.093750000 0.021097047 0.075697213 0.025210084 0.137546465 0.093750000 0.111111112 0.056910571 0.000000000 0.079069771 0.079069771 0.033333335 0.131086141 0.029288704 0.004329004 0.031111112 0.033333335 0.022026431 0.045267489 0.075697213 0.127819553 0.049180329 0.037344400 0.000000000 0.016949153 0.231788084 0.205479458 0.022026431 0.035714287
0.031250000 0.112107620 0.079069771 0.181818187 0.181818187 0.171548113 0.100000001 0.153846160 0.104072399 0.214285716 0.171548113 0.188524589 0.135371178 0.079069771 0.000000000 0.000000000 0.112107620 0.208000004 0.108108111 0.074766353 0.048076924 0.112107620 0.057142857 0.123893805 0.153846160 0.204819277 0.127753302 0.116071425 0.079069771 0.095890410 0.305263162 0.280000001 0.057142857 0.043478262
0.031250000 0.112107620 0.079069771 0.181818187 0.181818187 0.171548113 0.100000001 0.153846160 0.104072399 0.214285716 0.171548113 0.188524589 0.135371178 0.079069771 0.000000000 0.000000000 0.112107620 0.208000004 0.108108111 0.074766353 0.048076924 0.112107620 0.057142857 0.123893805 0.153846160 0.204819277 0.127753302 0.116071425 0.079069771 0.095890410 0.305263162 0.280000001 0.057142857 0.043478262
0.142857149 0.000000000 0.033333335 0.071161047 0.071161047 0.060606062 0.012244898 0.042471044 0.008130081 0.104693137 0.060606062 0.078066915 0.023622047 0.033333335 0.112107620 0.112107620 0.000000000 0.098181821 0.004048583 0.037656903 0.064377680 0.000000000 0.055319149 0.011952192 0.042471044 0.094890513 0.015873017 0.004016064 0.033333335 0.016393442 0.200000003 0.173333332 0.055319149 0.068965517
0.237704918 0.098181821 0.131086141 0.027210884 0.027210884 0.037800688 0.110294119 0.055944055 0.106227107 0.006578947 0.037800688 0.020270269 0.074733093 0.131086141 0.208000004 0.208000004 0.098181821 0.000000000 0.102189779 0.135338351 0.161538467 0.098181821 0.152671754 0.086330935 0.055944055 0.003322259 0.082437277 0.094202898 0.131086141 0.114391141 0.103857569 0.076452598 0.152671754 0.166023165
0.138888896 0.004048583 0.029288704 0.075187966 0.075187966 0.064638786 0.008196721 0.046511628 0.004081632 0.108695649 0.064638786 0.082089551 0.027667984 0.029288704 0.108108111 0.108108111 0.004048583 0.102189779 0.000000000 0.033613447 0.060344826 0.004048583 0.051282052 0.016000001 0.046511628 0.098901100 0.019920319 0.008064516 0.029288704 0.012345679 0.203883499 0.177257523 0.051282052 0.064935066
0.105769232 0.037656903 0.004329004 0.108527131 0.108527131 0.098039217 0.025423728 0.079999998 0.029535865 0.141791046 0.098039217 0.115384616 0.061224490 0.004329004 0.074766353 0.074766353 0.037656903 0.135338351 0.033613447 0.000000000 0.026785715 0.037656903 0.017699115 0.049586777 0.079999998 0.132075474 0.053497944 0.041666668 0.004329004 0.021276595 0.235880405 0.209621996 0.017699115 0.031390134
0.079207920 0.064377680 0.031111112 0.134920642 0.134920642 0.124497995 0.052173913 0.106557377 0.056277055 0.167938933 0.124497995 0.141732290 0.087866105 0.031111112 0.048076924 0.048076924 0.064377680 0.161538467 0.060344826 0.026785715 0.000000000 0.064377680 0.009090909 0.076271184 0.106557377 0.158301160 0.080168776 0.068376072 0.031111112 0.048034936 0.261016935 0.235087723 0.009090909 0.004608295
0.142857149 0.000000000 0.033333335 0.071161047 0.071161047 0.060606062 0.012244898 0.042471044 0.008130081 0.104693137 0.060606062 0.078066915 0.023622047 0.033333335 0.112107620 0.112107620 0.000000000 0.098181821 0.004048583 0.037656903 0.064377680 0.000000000 0.055319149 0.011952192 0.042471044 0.094890513 0.015873017 0.004016064 0.033333335 0.016393442 0.200000003 0.173333332 0.055319149 0.068965517
0.088235296 0.055319149 0.022026431 0.125984251 0.125984251 0.115537852 0.043103449 0.097560972 0.047210302 0.159090906 0.115537852 0.132812500 0.078838177 0.022026431 0.057142857 0.057142857 0.055319149 0.152671754 0.051282052 0.017699115 0.009090909 0.055319149 0.000000000 0.067226894 0.097560972 0.149425283 0.071129709 0.059322033 0.022026431 0.038961038 0.252525240 0.226480842 0.000000000 0.013698630
0.154545456 0.011952192 0.045267489 0.059259258 0.059259258 0.048689138 0.024193548 0.030534351 0.020080321 0.092857145 0.048689138 0.066176474 0.011673152 0.045267489 0.123893805 0.123893805 0.011952192 0.086330935 0.016000001 0.049586777 0.076271184 0.011952192 0.067226894 0.000000000 0.030534351 0.083032489 0.003921569 0.007936508 0.045267489 0.028340081 0.188498408 0.161716178 0.067226894 0.080851063
0.184210524 0.042471044 0.075697213 0.028776979 0.028776979 0.018181818 0.054687500 0.000000000 0.050583657 0.062500000 0.018181818 0.035714287 0.018867925 0.075697213 0.153846160 0.153846160 0.042471044 0.055944055 0.046511628 0.079999998 0.106557377 0.042471044 0.097560972 0.030534351 0.000000000 0.052631579 0.026615970 0.038461540 0.075697213 0.058823530 0.158878505 0.131832793 0.097560972 0.111111112
0.234567896 0.094890513 0.127819553 0.023890786 0.023890786 0.034482758 0.107011072 0.052631579 0.102941178 0.009900990 0.034482758 0.016949153 0.071428575 0.127819553 0.204819277 0.204819277 0.094890513 0.003322259 0.098901100 0.132075474 0.158301160 0.094890513 0.149425283 0.083032489 0.052631579 0.000000000 0.079136692 0.090909094 0.127819553 0.111111112 0.107142858 0.079754598 0.149425283 0.162790701
0.158371046 0.015873017 0.049180329 0.055350553 0.055350553 0.044776119 0.028112451 0.026615970 0.024000000 0.088967972 0.044776119 0.062271062 0.007751938 0.049180329 0.127753302 0.127753302 0.015873017 0.082437277 0.019920319 0.053497944 0.080168776 0.015873017 0.071129709 0.003921569 0.026615970 0.079136692 0.000000000 0.011857707 0.049180329 0.032258064 0.184713379 0.157894731 0.071129709 0.084745765
0.146788985 0.004016064 0.037344400 0.067164183 0.067164183 0.056603774 0.016260162 0.038461540 0.012145749 0.100719422 0.056603774 0.074074075 0.019607844 0.037344400 0.116071425 0.116071425 0.004016064 0.094202898 0.008064516 0.041666668 0.068376072 0.004016064 0.059322033 0.007936508 0.038461540 0.090909094 0.011857707 0.000000000 0.037344400 0.020408163 0.196141481 0.169435218 0.059322033 0.072961375
0.110047847 0.033333335 0.000000000 0.104247101 0.104247101 0.093750000 0.021097047 0.075697213 0.025210084 0.137546465 0.093750000 0.111111112 0.056910571 0.000000000 0.079069771 0.079069771 0.033333335 0.131086141 0.029288704 0.004329004 0.031111112 0.033333335 0.022026431 0.045267489 0.075697213 0.127819553 0.049180329 0.037344400 0.000000000 0.016949153 0.231788084 0.205479458 0.022026431 0.035714287
0.126760557 0.016393442 0.016949153 0.087452471 0.087452471 0.076923080 0.004149378 0.058823530 0.008264462 0.120879121 0.076923080 0.094339624 0.039999999 0.016949153 0.095890410 0.095890410 0.016393442 0.114391141 0.012345679 0.021276595 0.048034936 0.016393442 0.038961038 0.028340081 0.058823530 0.111111112 0.032258064 0.020408163 0.016949153 0.000000000 0.215686277 0.189189196 0.038961038 0.052631579
0.333333343 0.200000003 0.231788084 0.130699083 0.130699083 0.141104296 0.211726382 0.158878505 0.207792208 0.097345136 0.141104296 0.123867072 0.177215189 0.231788084 0.305263162 0.305263162 0.200000003 0.103857569 0.203883499 0.235880405 0.261016935 0.200000003 0.252525240 0.188498408 0.158878505 0.107142858 0.184713379 0.196141481 0.231788084 0.215686277 0.000000000 0.027624309 0.252525240 0.265306115
0.308550179 0.173333332 0.205479458 0.103448279 0.103448279 0.113924049 0.185185179 0.131832793 0.181208059 0.069908813 0.113924049 0.096573211 0.150326803 0.205479458 0.280000001 0.280000001 0.173333332 0.076452598 0.177257523 0.209621996 0.235087723 0.173333332 0.226480842 0.161716178 0.131832793 0.079754598 0.157894731 0.169435218 0.205479458 0.189189196 0.027624309 0.000000000 0.226480842 0.239436626
0.088235296 0.055319149 0.022026431 0.125984251 0.125984251 0.115537852 0.043103449 0.097560972 0.047210302 0.159090906 0.115537852 0.132812500 0.078838177 0.022026431 0.057142857 0.057142857 0.055319149 0.152671754 0.051282052 0.017699115 0.009090909 0.055319149 0.000000000 0.067226894 0.097560972 0.149425283 0.071129709 0.059322033 0.022026431 0.038961038 0.252525240 0.226480842 0.000000000 0.013698630
0.074626863 0.068965517 0.035714287 0.139442235 0.139442235 0.129032254 0.056768559 0.111111112 0.060869563 0.172413796 0.129032254 0.146245062 0.092436977 0.035714287 0.043478262 0.043478262 0.068965517 0.166023165 0.064935066 0.031390134 0.004608295 0.068965517 0.013698630 0.080851063 0.111111112 0.162790701 0.084745765 0.072961375 0.035714287 0.052631579 0.265306115 0.239436626 0.013698630 0.000000000
