0.026465701 0.051399328 0.034053721 0.071393266 0.041831728 0.039720297 0.044340335 0.052821707 0.043889660 0.061322317 0.048957206 0.066913337 0.042679042 0.041801710 0.026360538 0.033294581 0.035243113 0.054046050 0.040009350 0.063217752 0.033181224 0.048969977 0.026985526 0.041049212 0.055477239 0.054286160 0.042041127 0.042908173 0.027925763 0.045040354 0.096277773 0.064866476 0.055018529 0.030871073
0.051399328 0.001405187 0.021513894 0.031893838 0.015665300 0.017525084 0.013404327 0.020077478 0.018052131 0.022907645 0.019399336 0.024210541 0.015229149 0.015081728 0.037232883 0.028932745 0.021904375 0.019665353 0.015404521 0.032612301 0.026141075 0.015075240 0.029281221 0.017332692 0.020428911 0.018283814 0.013174938 0.018020399 0.026389711 0.019261356 0.033891246 0.031525109 0.025800074 0.029012997
0.034053721 0.021513894 0.000493590 0.039385147 0.016650867 0.013298264 0.013381238 0.021314012 0.013737023 0.031910121 0.023066545 0.037280690 0.020095177 0.015021855 0.020596977 0.014822758 0.013937034 0.026476271 0.011953050 0.027099637 0.007867791 0.019064365 0.013652408 0.013783585 0.027507626 0.026909046 0.014451716 0.012418618 0.012910217 0.016411515 0.051961746 0.031531315 0.022755340 0.009941941
0.071393266 0.031893838 0.039385147 0.008314099 0.021790769 0.031154368 0.029286077 0.028587976 0.031370237 0.016541218 0.020130623 0.017718170 0.023167875 0.028611280 0.056362890 0.053460129 0.035619460 0.016038133 0.030465560 0.027185412 0.038556084 0.026216913 0.047376677 0.028126998 0.029802492 0.017029343 0.030677967 0.030882396 0.042103723 0.028722754 0.045560233 0.018470703 0.032973848 0.040588193
0.041831728 0.015665300 0.016650867 0.021790769 -0.000439254 0.014962915 0.012728216 0.011710620 0.014002236 0.015509496 0.015804870 0.014105327 0.013977693 0.014570277 0.032039024 0.026316380 0.016334739 0.014609275 0.015756447 0.014363719 0.020626621 0.016185539 0.025896281 0.016218949 0.014004005 0.016094465 0.011669567 0.014414383 0.022505261 0.012416445 0.034515724 0.019023607 0.017758328 0.023004957
0.039720297 0.017525084 0.013298264 0.031154368 0.014962915 0.006756193 0.007140480 0.015134469 0.008460720 0.024027418 0.016830217 0.026275117 0.015326876 0.009153966 0.026422722 0.019596929 0.012838110 0.018919602 0.010672241 0.022306127 0.012638392 0.013975105 0.020730786 0.010408415 0.021700937 0.018513564 0.008674169 0.008721186 0.019168645 0.012636747 0.040192820 0.028707877 0.023479344 0.018718567
0.044340335 0.013404327 0.013381238 0.029286077 0.012728216 0.007140480 -0.004580521 0.009542265 0.008890360 0.020072537 0.002262961 0.022437450 0.011694131 0.004345065 0.028796220 0.023034310 0.011975441 0.015072404 0.005089543 0.015887862 0.015433264 0.005129761 0.023363659 0.001772015 0.013311246 0.005553116 0.005128581 0.006626859 0.018364990 0.007564309 0.034590188 0.014171068 0.018987920 0.014949981
0.052821707 0.020077478 0.021314012 0.028587976 0.011710620 0.015134469 0.009542265 0.009867316 0.013230466 0.020758955 0.015397896 0.024643045 0.013812372 0.013640881 0.034239329 0.031318750 0.020261157 0.017735932 0.015707707 0.023782352 0.019959640 0.016360816 0.030539254 0.011145188 0.023658849 0.014829423 0.012752678 0.013011815 0.026941754 0.014355105 0.045054533 0.023260675 0.020091610 0.025008244
0.043889660 0.018052131 0.013737023 0.031370237 0.014002236 0.008460720 0.008890360 0.013230466 0.000923656 0.022690661 0.015704816 0.024964938 0.012886686 0.008697663 0.028401537 0.023470873 0.014200997 0.016451292 0.013677866 0.024983911 0.014386149 0.012132039 0.021910131 0.009023298 0.021567170 0.015889676 0.010811675 0.011119262 0.019602071 0.012128186 0.044326510 0.025100319 0.014015852 0.018011961
0.061322317 0.022907645 0.031910121 0.016541218 0.015509496 0.024027418 0.020072537 0.020758955 0.022690661 0.006489633 0.012640206 0.011617785 0.017123733 0.019724756 0.046959307 0.044274241 0.029052198 0.011221971 0.022647373 0.020669281 0.030458011 0.019485531 0.039990414 0.020099631 0.022359397 0.009838630 0.022332778 0.022554573 0.035625145 0.021138288 0.040878162 0.012855363 0.023446389 0.033706494
0.048957206 0.019399336 0.023066545 0.020130623 0.015804870 0.016830217 0.002262961 0.015397896 0.015704816 0.012640206 0.000521431 0.013524584 0.012730941 0.012350237 0.036053300 0.033909775 0.019967245 0.008312479 0.014868621 0.016817037 0.022896025 0.011345888 0.031419232 0.013559253 0.016453929 0.007261774 0.014136038 0.015913732 0.028534491 0.015117282 0.031835567 0.009817657 0.017780041 0.026020208
0.066913337 0.024210541 0.037280690 0.017718170 0.014105327 0.026275117 0.022437450 0.024643045 0.024964938 0.011617785 0.013524584 0.007670066 0.017066702 0.022330007 0.052739978 0.049043886 0.031267501 0.014013655 0.024782348 0.025835341 0.036926821 0.019007003 0.043237187 0.022372464 0.024135616 0.011095892 0.023620669 0.027885035 0.037743609 0.024063494 0.046637423 0.014881863 0.025383551 0.038229369
0.042679042 0.015229149 0.020095177 0.023167875 0.013977693 0.015326876 0.011694131 0.013812372 0.012886686 0.017123733 0.012730941 0.017066702 0.001712615 0.012564849 0.032729957 0.030502217 0.021018360 0.015749469 0.017509438 0.015926316 0.021730941 0.015365312 0.028365370 0.014096460 0.018606529 0.014877938 0.013269925 0.011958675 0.022333480 0.014439938 0.033066127 0.016093832 0.016990777 0.019692663
0.041801710 0.015081728 0.015021855 0.028611280 0.014570277 0.009153966 0.004345065 0.013640881 0.008697663 0.019724756 0.012350237 0.022330007 0.012564849 0.002046546 0.029002143 0.022485010 0.012807867 0.015473387 0.009658635 0.013477473 0.014779878 0.013396745 0.022543427 0.010276150 0.017919399 0.015307952 0.009327167 0.008729928 0.017959761 0.011581772 0.038208656 0.018785458 0.022762515 0.016451403
0.026360538 0.037232883 0.020596977 0.056362890 0.032039024 0.026422722 0.028796220 0.034239329 0.028401537 0.046959307 0.036053300 0.052739978 0.032729957 0.029002143 0.005159633 0.019029699 0.021177050 0.040545601 0.025116596 0.047024358 0.021495521 0.036384996 0.018193662 0.027407067 0.040596575 0.041477203 0.030128017 0.028329918 0.019977979 0.028227936 0.077484593 0.050550114 0.038979560 0.021048276
0.033294581 0.028932745 0.014822758 0.053460129 0.026316380 0.019596929 0.023034310 0.031318750 0.023470873 0.044274241 0.033909775 0.049043886 0.030502217 0.022485010 0.019029699 0.003002563 0.018084314 0.036633611 0.022323089 0.037008401 0.010366289 0.028678112 0.011416900 0.023113810 0.035072543 0.038267162 0.022480071 0.022269236 0.011198206 0.025013451 0.053179353 0.042640284 0.031575114 0.013195500
0.035243113 0.021904375 0.013937034 0.035619460 0.016334739 0.012838110 0.011975441 0.020261157 0.014200997 0.029052198 0.019967245 0.031267501 0.021018360 0.012807867 0.021177050 0.018084314 0.003119460 0.022805654 0.010072576 0.022570517 0.012077499 0.016006161 0.015275587 0.012809571 0.024458382 0.022929356 0.010811412 0.013503426 0.014216862 0.017190846 0.037108861 0.026644073 0.029006418 0.012511792
0.054046050 0.019665353 0.026476271 0.016038133 0.014609275 0.018919602 0.015072404 0.017735932 0.016451292 0.011221971 0.008312479 0.014013655 0.015749469 0.015473387 0.040545601 0.036633611 0.022805654 -0.004581593 0.015948400 0.022175463 0.024150163 0.015082914 0.034436464 0.018665472 0.015386922 0.008779547 0.017715268 0.017355401 0.031187557 0.017446097 0.033733226 0.010251617 0.024966348 0.028414672
0.040009350 0.015404521 0.011953050 0.030465560 0.015756447 0.010672241 0.005089543 0.015707707 0.013677866 0.022647373 0.014868621 0.024782348 0.017509438 0.009658635 0.025116596 0.022323089 0.010072576 0.015948400 -0.003110545 0.019299600 0.015180178 0.011314651 0.018379357 0.010962069 0.018870326 0.015915878 0.008203026 0.010644857 0.016785726 0.013859864 0.033515867 0.019673580 0.024358895 0.012864527
0.063217752 0.032612301 0.027099637 0.027185412 0.014363719 0.022306127 0.015887862 0.023782352 0.024983911 0.020669281 0.016817037 0.025835341 0.015926316 0.013477473 0.047024358 0.037008401 0.022570517 0.022175463 0.019299600 0.013737098 0.025667734 0.019439157 0.034751885 0.017384630 0.026502537 0.018135156 0.024122607 0.019368233 0.033294637 0.020371502 0.054129589 0.024530869 0.030471297 0.033219531
0.033181224 0.026141075 0.007867791 0.038556084 0.020626621 0.012638392 0.015433264 0.019959640 0.014386149 0.030458011 0.022896025 0.036926821 0.021730941 0.014779878 0.021495521 0.010366289 0.012077499 0.024150163 0.015180178 0.025667734 -0.000732295 0.020453431 0.011344158 0.015762312 0.029857721 0.027810397 0.017170962 0.012181809 0.013576532 0.014881784 0.046496239 0.032608841 0.022177422 0.010470461
0.048969977 0.015075240 0.019064365 0.026216913 0.016185539 0.013975105 0.005129761 0.016360816 0.012132039 0.019485531 0.011345888 0.019007003 0.015365312 0.013396745 0.036384996 0.028678112 0.016006161 0.015082914 0.011314651 0.019439157 0.020453431 -0.000836162 0.027335804 0.009891544 0.018395595 0.011168200 0.010409505 0.012240898 0.023210891 0.014388300 0.032318287 0.019314306 0.020593347 0.021649403
0.026985526 0.029281221 0.013652408 0.047376677 0.025896281 0.020730786 0.023363659 0.030539254 0.021910131 0.039990414 0.031419232 0.043237187 0.028365370 0.022543427 0.018193662 0.011416900 0.015275587 0.034436464 0.018379357 0.034751885 0.011344158 0.027335804 0.003817922 0.022897661 0.032970756 0.034956589 0.023778457 0.022175452 0.012400515 0.024166610 0.054635845 0.041188128 0.031218309 0.014139833
0.041049212 0.017332692 0.013783585 0.028126998 0.016218949 0.010408415 0.001772015 0.011145188 0.009023298 0.020099631 0.013559253 0.022372464 0.014096460 0.010276150 0.027407067 0.023113810 0.012809571 0.018665472 0.010962069 0.017384630 0.015762312 0.009891544 0.022897661 -0.000719311 0.018433249 0.015373392 0.007066591 0.008151350 0.018884387 0.009455336 0.029920202 0.018379394 0.017267805 0.015734363
0.055477239 0.020428911 0.027507626 0.029802492 0.014004005 0.021700937 0.013311246 0.023658849 0.021567170 0.022359397 0.016453929 0.024135616 0.018606529 0.017919399 0.040596575 0.035072543 0.024458382 0.015386922 0.018870326 0.026502537 0.029857721 0.018395595 0.032970756 0.018433249 -0.009648053 0.015755821 0.018725835 0.018294282 0.029453201 0.022591040 0.029491384 0.025465924 0.026026584 0.030883409
0.054286160 0.018283814 0.026909046 0.017029343 0.016094465 0.018513564 0.005553116 0.014829423 0.015889676 0.009838630 0.007261774 0.011095892 0.014877938 0.015307952 0.041477203 0.038267162 0.022929356 0.008779547 0.015915878 0.018135156 0.027810397 0.011168200 0.034956589 0.015373392 0.015755821 -0.000470219 0.015858039 0.017392352 0.030567713 0.015259380 0.033385195 0.010395484 0.016877631 0.027124334
0.042041127 0.013174938 0.014451716 0.030677967 0.011669567 0.008674169 0.005128581 0.012752678 0.010811675 0.022332778 0.014136038 0.023620669 0.013269925 0.009327167 0.030128017 0.022480071 0.010811412 0.017715268 0.008203026 0.024122607 0.017170962 0.010409505 0.023778457 0.007066591 0.018725835 0.015858039 0.002816457 0.007932708 0.019751811 0.009685221 0.033170231 0.025907494 0.021833435 0.019205278
0.042908173 0.018020399 0.012418618 0.030882396 0.014414383 0.008721186 0.006626859 0.013011815 0.011119262 0.022554573 0.015913732 0.027885035 0.011958675 0.008729928 0.028329918 0.022269236 0.013503426 0.017355401 0.010644857 0.019368233 0.012181809 0.012240898 0.022175452 0.008151350 0.018294282 0.017392352 0.007932708 0.001817882 0.019491512 0.008546036 0.038557451 0.025044257 0.020574283 0.015362862
0.027925763 0.026389711 0.012910217 0.042103723 0.022505261 0.019168645 0.018364990 0.026941754 0.019602071 0.035625145 0.028534491 0.037743609 0.022333480 0.017959761 0.019977979 0.011198206 0.014216862 0.031187557 0.016785726 0.033294637 0.013576532 0.023210891 0.012400515 0.018884387 0.029453201 0.030567713 0.019751811 0.019491512 0.004651129 0.023071151 0.039198335 0.033350237 0.031723268 0.009794267
0.045040354 0.019261356 0.016411515 0.028722754 0.012416445 0.012636747 0.007564309 0.014355105 0.012128186 0.021138288 0.015117282 0.024063494 0.014439938 0.011581772 0.028227936 0.025013451 0.017190846 0.017446097 0.013859864 0.020371502 0.014881784 0.014388300 0.024166610 0.009455336 0.022591040 0.015259380 0.009685221 0.008546036 0.023071151 0.006828940 0.045196638 0.022410447 0.017893177 0.020397034
0.096277773 0.033891246 0.051961746 0.045560233 0.034515724 0.040192820 0.034590188 0.045054533 0.044326510 0.040878162 0.031835567 0.046637423 0.033066127 0.038208656 0.077484593 0.053179353 0.037108861 0.033733226 0.033515867 0.054129589 0.046496239 0.032318287 0.054635845 0.029920202 0.029491384 0.033385195 0.033170231 0.038557451 0.039198335 0.045196638 0.000603888 0.034878466 0.070587680 0.045708749
0.064866476 0.031525109 0.031531315 0.018470703 0.019023607 0.028707877 0.014171068 0.023260675 0.025100319 0.012855363 0.009817657 0.014881863 0.016093832 0.018785458 0.050550114 0.042640284 0.026644073 0.010251617 0.019673580 0.024530869 0.032608841 0.019314306 0.041188128 0.018379394 0.025465924 0.010395484 0.025907494 0.025044257 0.033350237 0.022410447 0.034878466 0.003556559 0.029860631 0.038595796
0.055018529 0.025800074 0.022755340 0.032973848 0.017758328 0.023479344 0.018987920 0.020091610 0.014015852 0.023446389 0.017780041 0.025383551 0.016990777 0.022762515 0.038979560 0.031575114 0.029006418 0.024966348 0.024358895 0.030471297 0.022177422 0.020593347 0.031218309 0.017267805 0.026026584 0.016877631 0.021833435 0.020574283 0.031723268 0.017893177 0.070587680 0.029860631 -0.001951601 0.031496078
0.030871073 0.029012997 0.009941941 0.040588193 0.023004957 0.018718567 0.014949981 0.025008244 0.018011961 0.033706494 0.026020208 0.038229369 0.019692663 0.016451403 0.021048276 0.013195500 0.012511792 0.028414672 0.012864527 0.033219531 0.010470461 0.021649403 0.014139833 0.015734363 0.030883409 0.027124334 0.019205278 0.015362862 0.009794267 0.020397034 0.045708749 0.038595796 0.031496078 0.006734673
