0.000000000 0.161904767 0.092783503 0.221238941 0.214285716 0.165876776 0.157894731 0.200000003 0.210762337 0.272727281 0.207207203 0.278688520 0.192660555 0.177570090 0.088082902 0.149758458 0.161904767 0.221238941 0.188940093 0.207207203 0.149758458 0.214285716 0.161904767 0.169811323 0.169811323 0.210762337 0.169811323 0.161904767 0.111111112 0.153846160 0.304347813 0.217777774 0.149758458 0.141463414
0.161904767 0.000000000 0.070175439 0.061538462 0.054263566 0.004081632 0.004115226 0.039370079 0.050583657 0.115942031 0.046875000 0.122302160 0.031746034 0.016129032 0.074889868 0.012448133 0.000000000 0.061538462 0.027888447 0.046875000 0.012448133 0.054263566 0.000000000 0.008130081 0.008130081 0.050583657 0.008130081 0.000000000 0.051724140 0.008264462 0.149825782 0.057915058 0.012448133 0.020920502
0.092783503 0.070175439 0.000000000 0.131147534 0.123966940 0.074235804 0.066079296 0.109243698 0.120331950 0.184615389 0.116666667 0.190839693 0.101694912 0.086206898 0.004739337 0.057777777 0.070175439 0.131147534 0.097872339 0.116666667 0.057777777 0.123966940 0.070175439 0.078260869 0.078260869 0.120331950 0.078260869 0.070175439 0.018518519 0.061946902 0.217712179 0.127572015 0.057777777 0.049327355
0.221238941 0.061538462 0.131147534 0.000000000 0.007299270 0.057471264 0.065637067 0.022222223 0.010989011 0.054794520 0.014705882 0.061224490 0.029850746 0.045454547 0.135802463 0.073929958 0.061538462 0.000000000 0.033707865 0.014705882 0.073929958 0.007299270 0.061538462 0.053435113 0.053435113 0.010989011 0.053435113 0.061538462 0.112903222 0.069767445 0.089108914 0.003636364 0.073929958 0.082352944
0.214285716 0.054263566 0.123966940 0.007299270 0.000000000 0.050193049 0.058365759 0.014925373 0.003690037 0.062068965 0.007407407 0.068493150 0.022556391 0.038167939 0.128630713 0.066666670 0.054263566 0.007299270 0.026415095 0.007407407 0.066666670 0.000000000 0.054263566 0.046153847 0.046153847 0.003690037 0.046153847 0.054263566 0.105691060 0.062500000 0.096345514 0.003663004 0.066666670 0.075098813
0.165876776 0.004081632 0.074235804 0.057471264 0.050193049 0.000000000 0.008196721 0.035294119 0.046511628 0.111913361 0.042801555 0.118279569 0.027667984 0.012048192 0.078947365 0.016528925 0.004081632 0.057471264 0.023809524 0.042801555 0.016528925 0.050193049 0.004081632 0.004048583 0.004048583 0.046511628 0.004048583 0.004081632 0.055793993 0.012345679 0.145833328 0.053846154 0.016528925 0.025000000
0.157894731 0.004115226 0.066079296 0.065637067 0.058365759 0.008196721 0.000000000 0.043478262 0.054687500 0.119999997 0.050980393 0.126353785 0.035856575 0.020242915 0.070796460 0.008333334 0.004115226 0.065637067 0.032000002 0.050980393 0.008333334 0.058365759 0.004115226 0.012244898 0.012244898 0.054687500 0.012244898 0.004115226 0.047619049 0.004149378 0.153846160 0.062015504 0.008333334 0.016806724
0.200000003 0.039370079 0.109243698 0.022222223 0.014925373 0.035294119 0.043478262 0.000000000 0.011235955 0.076923080 0.007518797 0.083333336 0.007633588 0.023255814 0.113924049 0.051792830 0.039370079 0.022222223 0.011494253 0.007518797 0.051792830 0.014925373 0.039370079 0.031250000 0.031250000 0.011235955 0.031250000 0.039370079 0.090909094 0.047619049 0.111111112 0.018587360 0.051792830 0.060240965
0.210762337 0.050583657 0.120331950 0.010989011 0.003690037 0.046511628 0.054687500 0.011235955 0.000000000 0.065743946 0.003717472 0.072164945 0.018867925 0.034482758 0.125000000 0.062992126 0.050583657 0.010989011 0.022727273 0.003717472 0.062992126 0.003690037 0.050583657 0.042471044 0.042471044 0.000000000 0.042471044 0.050583657 0.102040820 0.058823530 0.100000001 0.007352941 0.062992126 0.071428575
0.272727281 0.115942031 0.184615389 0.054794520 0.062068965 0.111913361 0.119999997 0.076923080 0.065743946 0.000000000 0.069444448 0.006451613 0.084507041 0.100000001 0.189189196 0.128205135 0.115942031 0.054794520 0.088339224 0.069444448 0.128205135 0.062068965 0.115942031 0.107913665 0.107913665 0.065743946 0.107913665 0.115942031 0.166666672 0.124087594 0.034482758 0.058419243 0.128205135 0.136531368
0.207207203 0.046875000 0.116666667 0.014705882 0.007407407 0.042801555 0.050980393 0.007518797 0.003717472 0.069444448 0.000000000 0.075862072 0.015151516 0.030769231 0.121338911 0.059288539 0.046875000 0.014705882 0.019011406 0.000000000 0.059288539 0.007407407 0.046875000 0.038759690 0.038759690 0.003717472 0.038759690 0.046875000 0.098360658 0.055118110 0.103678927 0.011070111 0.059288539 0.067729086
0.278688520 0.122302160 0.190839693 0.061224490 0.068493150 0.118279569 0.126353785 0.083333336 0.072164945 0.006451613 0.075862072 0.000000000 0.090909094 0.106382981 0.195402294 0.134545460 0.122302160 0.061224490 0.094736844 0.075862072 0.134545460 0.068493150 0.122302160 0.114285715 0.114285715 0.072164945 0.114285715 0.122302160 0.172932327 0.130434781 0.028037382 0.064846419 0.134545460 0.142857149
0.192660555 0.031746034 0.101694912 0.029850746 0.022556391 0.027667984 0.035856575 0.007633588 0.018867925 0.084507041 0.015151516 0.090909094 0.000000000 0.015625000 0.106382981 0.044176705 0.031746034 0.029850746 0.003861004 0.015151516 0.044176705 0.022556391 0.031746034 0.023622047 0.023622047 0.018867925 0.023622047 0.031746034 0.083333336 0.039999999 0.118644066 0.026217228 0.044176705 0.052631579
0.177570090 0.016129032 0.086206898 0.045454547 0.038167939 0.012048192 0.020242915 0.023255814 0.034482758 0.100000001 0.030769231 0.106382981 0.015625000 0.000000000 0.090909094 0.028571429 0.016129032 0.045454547 0.011764706 0.030769231 0.028571429 0.038167939 0.016129032 0.008000000 0.008000000 0.034482758 0.008000000 0.016129032 0.067796610 0.024390243 0.134020612 0.041825093 0.028571429 0.037037037
0.088082902 0.074889868 0.004739337 0.135802463 0.128630713 0.078947365 0.070796460 0.113924049 0.125000000 0.189189196 0.121338911 0.195402294 0.106382981 0.090909094 0.000000000 0.062500000 0.074889868 0.135802463 0.102564104 0.121338911 0.062500000 0.128630713 0.074889868 0.082969435 0.082969435 0.125000000 0.082969435 0.074889868 0.023255814 0.066666670 0.222222224 0.132231399 0.062500000 0.054054055
0.149758458 0.012448133 0.057777777 0.073929958 0.066666670 0.016528925 0.008333334 0.051792830 0.062992126 0.128205135 0.059288539 0.134545460 0.044176705 0.028571429 0.062500000 0.000000000 0.012448133 0.073929958 0.040322579 0.059288539 0.000000000 0.066666670 0.012448133 0.020576132 0.020576132 0.062992126 0.020576132 0.012448133 0.039301310 0.004184100 0.161971837 0.070312500 0.000000000 0.008474576
0.161904767 0.000000000 0.070175439 0.061538462 0.054263566 0.004081632 0.004115226 0.039370079 0.050583657 0.115942031 0.046875000 0.122302160 0.031746034 0.016129032 0.074889868 0.012448133 0.000000000 0.061538462 0.027888447 0.046875000 0.012448133 0.054263566 0.000000000 0.008130081 0.008130081 0.050583657 0.008130081 0.000000000 0.051724140 0.008264462 0.149825782 0.057915058 0.012448133 0.020920502
0.221238941 0.061538462 0.131147534 0.000000000 0.007299270 0.057471264 0.065637067 0.022222223 0.010989011 0.054794520 0.014705882 0.061224490 0.029850746 0.045454547 0.135802463 0.073929958 0.061538462 0.000000000 0.033707865 0.014705882 0.073929958 0.007299270 0.061538462 0.053435113 0.053435113 0.010989011 0.053435113 0.061538462 0.112903222 0.069767445 0.089108914 0.003636364 0.073929958 0.082352944
0.188940093 0.027888447 0.097872339 0.033707865 0.026415095 0.023809524 0.032000002 0.011494253 0.022727273 0.088339224 0.019011406 0.094736844 0.003861004 0.011764706 0.102564104 0.040322579 0.027888447 0.033707865 0.000000000 0.019011406 0.040322579 0.026415095 0.027888447 0.019762846 0.019762846 0.022727273 0.019762846 0.027888447 0.079497911 0.036144577 0.122448981 0.030075189 0.040322579 0.048780486
0.207207203 0.046875000 0.116666667 0.014705882 0.007407407 0.042801555 0.050980393 0.007518797 0.003717472 0.069444448 0.000000000 0.075862072 0.015151516 0.030769231 0.121338911 0.059288539 0.046875000 0.014705882 0.019011406 0.000000000 0.059288539 0.007407407 0.046875000 0.038759690 0.038759690 0.003717472 0.038759690 0.046875000 0.098360658 0.055118110 0.103678927 0.011070111 0.059288539 0.067729086
0.149758458 0.012448133 0.057777777 0.073929958 0.066666670 0.016528925 0.008333334 0.051792830 0.062992126 0.128205135 0.059288539 0.134545460 0.044176705 0.028571429 0.062500000 0.000000000 0.012448133 0.073929958 0.040322579 0.059288539 0.000000000 0.066666670 0.012448133 0.020576132 0.020576132 0.062992126 0.020576132 0.012448133 0.039301310 0.004184100 0.161971837 0.070312500 0.000000000 0.008474576
0.214285716 0.054263566 0.123966940 0.007299270 0.000000000 0.050193049 0.058365759 0.014925373 0.003690037 0.062068965 0.007407407 0.068493150 0.022556391 0.038167939 0.128630713 0.066666670 0.054263566 0.007299270 0.026415095 0.007407407 0.066666670 0.000000000 0.054263566 0.046153847 0.046153847 0.003690037 0.046153847 0.054263566 0.105691060 0.062500000 0.096345514 0.003663004 0.066666670 0.075098813
0.161904767 0.000000000 0.070175439 0.061538462 0.054263566 0.004081632 0.004115226 0.039370079 0.050583657 0.115942031 0.046875000 0.122302160 0.031746034 0.016129032 0.074889868 0.012448133 0.000000000 0.061538462 0.027888447 0.046875000 0.012448133 0.054263566 0.000000000 0.008130081 0.008130081 0.050583657 0.008130081 0.000000000 0.051724140 0.008264462 0.149825782 0.057915058 0.012448133 0.020920502
0.169811323 0.008130081 0.078260869 0.053435113 0.046153847 0.004048583 0.012244898 0.031250000 0.042471044 0.107913665 0.038759690 0.114285715 0.023622047 0.008000000 0.082969435 0.020576132 0.008130081 0.053435113 0.019762846 0.038759690 0.020576132 0.046153847 0.008130081 0.000000000 0.000000000 0.042471044 0.000000000 0.008130081 0.059829060 0.016393442 0.141868517 0.049808428 0.020576132 0.029045643
0.169811323 0.008130081 0.078260869 0.053435113 0.046153847 0.004048583 0.012244898 0.031250000 0.042471044 0.107913665 0.038759690 0.114285715 0.023622047 0.008000000 0.082969435 0.020576132 0.008130081 0.053435113 0.019762846 0.038759690 0.020576132 0.046153847 0.008130081 0.000000000 0.000000000 0.042471044 0.000000000 0.008130081 0.059829060 0.016393442 0.141868517 0.049808428 0.020576132 0.029045643
0.210762337 0.050583657 0.120331950 0.010989011 0.003690037 0.046511628 0.054687500 0.011235955 0.000000000 0.065743946 0.003717472 0.072164945 0.018867925 0.034482758 0.125000000 0.062992126 0.050583657 0.010989011 0.022727273 0.003717472 0.062992126 0.003690037 0.050583657 0.042471044 0.042471044 0.000000000 0.042471044 0.050583657 0.102040820 0.058823530 0.100000001 0.007352941 0.062992126 0.071428575
0.169811323 0.008130081 0.078260869 0.053435113 0.046153847 0.004048583 0.012244898 0.031250000 0.042471044 0.107913665 0.038759690 0.114285715 0.023622047 0.008000000 0.082969435 0.020576132 0.008130081 0.053435113 0.019762846 0.038759690 0.020576132 0.046153847 0.008130081 0.000000000 0.000000000 0.042471044 0.000000000 0.008130081 0.059829060 0.016393442 0.141868517 0.049808428 0.020576132 0.029045643
0.161904767 0.000000000 0.070175439 0.061538462 0.054263566 0.004081632 0.004115226 0.039370079 0.050583657 0.115942031 0.046875000 0.122302160 0.031746034 0.016129032 0.074889868 0.012448133 0.000000000 0.061538462 0.027888447 0.046875000 0.012448133 0.054263566 0.000000000 0.008130081 0.008130081 0.050583657 0.008130081 0.000000000 0.051724140 0.008264462 0.149825782 0.057915058 0.012448133 0.020920502
0.111111112 0.051724140 0.018518519 0.112903222 0.105691060 0.055793993 0.047619049 0.090909094 0.102040820 0.166666672 0.098360658 0.172932327 0.083333336 0.067796610 0.023255814 0.039301310 0.051724140 0.112903222 0.079497911 0.098360658 0.039301310 0.105691060 0.051724140 0.059829060 0.059829060 0.102040820 0.059829060 0.051724140 0.000000000 0.043478262 0.200000003 0.109311745 0.039301310 0.030837005
0.153846160 0.008264462 0.061946902 0.069767445 0.062500000 0.012345679 0.004149378 0.047619049 0.058823530 0.124087594 0.055118110 0.130434781 0.039999999 0.024390243 0.066666670 0.004184100 0.008264462 0.069767445 0.036144577 0.055118110 0.004184100 0.062500000 0.008264462 0.016393442 0.016393442 0.058823530 0.016393442 0.008264462 0.043478262 0.000000000 0.157894731 0.066147856 0.004184100 0.012658228
0.304347813 0.149825782 0.217712179 0.089108914 0.096345514 0.145833328 0.153846160 0.111111112 0.100000001 0.034482758 0.103678927 0.028037382 0.118644066 0.134020612 0.222222224 0.161971837 0.149825782 0.089108914 0.122448981 0.103678927 0.161971837 0.096345514 0.149825782 0.141868517 0.141868517 0.100000001 0.141868517 0.149825782 0.200000003 0.157894731 0.000000000 0.092715234 0.161971837 0.170212761
0.217777774 0.057915058 0.127572015 0.003636364 0.003663004 0.053846154 0.062015504 0.018587360 0.007352941 0.058419243 0.011070111 0.064846419 0.026217228 0.041825093 0.132231399 0.070312500 0.057915058 0.003636364 0.030075189 0.011070111 0.070312500 0.003663004 0.057915058 0.049808428 0.049808428 0.007352941 0.049808428 0.057915058 0.109311745 0.066147856 0.092715234 0.000000000 0.070312500 0.078740157
0.149758458 0.012448133 0.057777777 0.073929958 0.066666670 0.016528925 0.008333334 0.051792830 0.062992126 0.128205135 0.059288539 0.134545460 0.044176705 0.028571429 0.062500000 0.000000000 0.012448133 0.073929958 0.040322579 0.059288539 0.000000000 0.066666670 0.012448133 0.020576132 0.020576132 0.062992126 0.020576132 0.012448133 0.039301310 0.004184100 0.161971837 0.070312500 0.000000000 0.008474576
0.141463414 0.020920502 0.049327355 0.082352944 0.075098813 0.025000000 0.016806724 0.060240965 0.071428575 0.136531368 0.067729086 0.142857149 0.052631579 0.037037037 0.054054055 0.008474576 0.020920502 0.082352944 0.048780486 0.067729086 0.008474576 0.075098813 0.020920502 0.029045643 0.029045643 0.071428575 0.029045643 0.020920502 0.030837005 0.012658228 0.170212761 0.078740157 0.008474576 0.000000000
