0.015788250 0.043090731 0.032027949 0.062566653 0.043646991 0.036717422 0.040220883 0.044295691 0.042409517 0.055070214 0.047632072 0.060812272 0.040638823 0.042286500 0.032381929 0.029205460 0.031793050 0.055163525 0.040027805 0.050434351 0.031073580 0.044884227 0.025785256 0.040621303 0.047697678 0.050840091 0.040698193 0.039811049 0.027878484 0.038653485 0.074100226 0.060813081 0.048954263 0.029227465
0.043090731 -0.001025639 0.023497665 0.027394751 0.020386413 0.016707608 0.013912831 0.016917096 0.019347761 0.020778716 0.018822519 0.022302765 0.012647570 0.016580669 0.039131172 0.030456457 0.018699652 0.026702482 0.016228445 0.026069950 0.025350172 0.014198671 0.028920714 0.016079269 0.008211947 0.017081225 0.018312620 0.016668545 0.025026271 0.014101856 0.037466962 0.028795812 0.026256993 0.027568256
0.032027949 0.023497665 0.004048284 0.039893813 0.020451441 0.016337037 0.014854172 0.021104177 0.019151120 0.033325523 0.025881005 0.039247870 0.020452349 0.018868897 0.024886809 0.018277321 0.015125630 0.033702385 0.017351547 0.026021246 0.010836312 0.020735607 0.015374431 0.016500210 0.025273494 0.029006258 0.020037575 0.015187244 0.016219430 0.016995329 0.048623450 0.035408933 0.023038400 0.012983715
0.062566653 0.027394751 0.039893813 0.005393105 0.023534698 0.029197551 0.027114682 0.025804736 0.032941304 0.015330686 0.017955594 0.015790764 0.021955185 0.029300179 0.056981921 0.053587552 0.030969530 0.022093883 0.029976783 0.024615109 0.039600801 0.023880601 0.045665864 0.027317993 0.019376688 0.015125529 0.032359093 0.031546071 0.040213212 0.024728429 0.033852000 0.016902018 0.033650775 0.038845375
0.043646991 0.020386413 0.020451441 0.023534698 -0.001227730 0.016543727 0.012739283 0.012750205 0.019423701 0.019256096 0.017139569 0.021440057 0.013692850 0.015747029 0.032405090 0.028934933 0.016599689 0.027205326 0.019570980 0.014007150 0.021371931 0.016645767 0.026918303 0.015358012 0.013932407 0.015657648 0.018775519 0.017651670 0.025692031 0.013152603 0.048742883 0.019229036 0.021307722 0.027035560
0.036717422 0.016707608 0.016337037 0.029197551 0.016543727 0.006621052 0.007492096 0.011344634 0.012087132 0.023928380 0.017247330 0.026818709 0.013606343 0.009405745 0.030239802 0.021885412 0.011752211 0.024910171 0.013385867 0.018410400 0.015424991 0.014107695 0.021764150 0.011199065 0.016216740 0.018238124 0.012680191 0.010503134 0.020241864 0.010080831 0.041746765 0.027434170 0.022528071 0.018910835
0.040220883 0.013912831 0.014854172 0.027114682 0.012739283 0.007492096 -0.004543300 0.005680403 0.012097329 0.018871974 0.002097672 0.022901524 0.009378663 0.004574273 0.025975117 0.024036033 0.010635270 0.018975111 0.007460663 0.014444557 0.014746069 0.005241686 0.022069694 0.002194353 0.009566537 0.005142730 0.008659130 0.007210438 0.020051168 0.005244548 0.039244685 0.013880567 0.016674507 0.017016817
0.044295691 0.016917096 0.021104177 0.025804736 0.012750205 0.011344634 0.005680403 0.004370790 0.013597743 0.018231686 0.011706007 0.022572249 0.009918492 0.011707086 0.036051333 0.029795298 0.015557913 0.021451266 0.014276714 0.018145857 0.020778749 0.012610417 0.027655173 0.008531195 0.012269715 0.011062577 0.013531584 0.012638912 0.023902204 0.008380447 0.041612253 0.020199591 0.017109994 0.022836223
0.042409517 0.019347761 0.019151120 0.032941304 0.019423701 0.012087132 0.012097329 0.013597743 0.006143220 0.025096498 0.018601391 0.027968949 0.014575125 0.013828164 0.037526336 0.028726311 0.015442632 0.026675243 0.017965257 0.025318587 0.020417333 0.014686923 0.025626108 0.011727246 0.015686976 0.018644178 0.018585945 0.015114834 0.022794781 0.012023749 0.044659339 0.031573538 0.017215930 0.020006804
0.055070214 0.020778716 0.033325523 0.015330686 0.019256096 0.023928380 0.018871974 0.018231686 0.025096498 0.006367391 0.011576936 0.012331235 0.017053271 0.021130066 0.047799237 0.045530755 0.026018992 0.017542832 0.023256404 0.018317699 0.032459408 0.018208036 0.039313238 0.019553950 0.013435861 0.009371903 0.025549587 0.024083238 0.035418600 0.018280316 0.034530327 0.012184935 0.023307558 0.034923170
0.047632072 0.018822519 0.025881005 0.017955594 0.017139569 0.017247330 0.002097672 0.011706007 0.018601391 0.011576936 0.000415496 0.013727237 0.011599055 0.013111679 0.036214966 0.036485054 0.018827686 0.013634539 0.016995637 0.014924382 0.024301730 0.011071515 0.031919405 0.013501946 0.010383824 0.006400976 0.017874056 0.017062237 0.030353624 0.012879971 0.035035301 0.010244031 0.016298089 0.028704518
0.060812272 0.022302765 0.039247870 0.015790764 0.021440057 0.026818709 0.022901524 0.022572249 0.027968949 0.012331235 0.013727237 0.008724335 0.017737815 0.024601568 0.055532739 0.050980996 0.029414490 0.020860337 0.026440360 0.023585480 0.038147364 0.019145703 0.043392021 0.022470245 0.016296683 0.011801222 0.027741697 0.029300356 0.037931584 0.021625068 0.038628574 0.015395353 0.026851589 0.039437506
0.040638823 0.012647570 0.020452349 0.021955185 0.013692850 0.013606343 0.009378663 0.009918492 0.014575125 0.017053271 0.011599055 0.017737815 0.001595270 0.011958882 0.033071976 0.030228807 0.016027378 0.021897435 0.014873367 0.013622374 0.022422696 0.012878584 0.026613250 0.010925689 0.012993979 0.012147226 0.015489331 0.014230473 0.023983758 0.010953593 0.042844187 0.017284995 0.016536411 0.024069192
0.042286500 0.016580669 0.018868897 0.029300179 0.015747029 0.009405745 0.004574273 0.011707086 0.013828164 0.021130066 0.013111679 0.024601568 0.011958882 0.005197100 0.030275216 0.025793206 0.012541271 0.022365924 0.013027186 0.014665700 0.017426521 0.014029600 0.023324404 0.010687726 0.015410633 0.015226658 0.014063560 0.011991646 0.021216659 0.010057304 0.046707276 0.021944858 0.022956967 0.020377062
0.032381929 0.039131172 0.024886809 0.056981921 0.032405090 0.030239802 0.025975117 0.036051333 0.037526336 0.047799237 0.036214966 0.055532739 0.033071976 0.030275216 0.013682265 0.025595644 0.022547226 0.051252849 0.031337693 0.039001491 0.024676468 0.035171270 0.019596267 0.026280638 0.043610096 0.038562242 0.032396272 0.032862224 0.020710368 0.032320824 0.072110444 0.044980165 0.044909719 0.021823138
0.029205460 0.030456457 0.018277321 0.053587552 0.028934933 0.021885412 0.024036033 0.029795298 0.028726311 0.045530755 0.036485054 0.050980996 0.030228807 0.025793206 0.025595644 0.005696652 0.018359929 0.042535294 0.027085265 0.036871675 0.013801228 0.030089689 0.013557453 0.025882276 0.034689218 0.039869796 0.027868016 0.025482193 0.014171909 0.025783319 0.056287196 0.047216054 0.030633822 0.015817523
0.031793050 0.018699652 0.015125630 0.030969530 0.016599689 0.011752211 0.010635270 0.015557913 0.015442632 0.026018992 0.018827686 0.029414490 0.016027378 0.012541271 0.022547226 0.018359929 -0.000492904 0.026803900 0.011286360 0.017422356 0.011353117 0.014382209 0.014990555 0.011749983 0.018057475 0.020385470 0.013161140 0.013011457 0.015308332 0.013222146 0.039920591 0.025116390 0.026299633 0.013474840
0.055163525 0.026702482 0.033702385 0.022093883 0.027205326 0.024910171 0.018975111 0.021451266 0.026675243 0.017542832 0.013634539 0.020860337 0.021897435 0.022365924 0.051252849 0.042535294 0.026803900 0.006432440 0.023989193 0.027242340 0.034182444 0.019869525 0.038559124 0.023892272 0.016068242 0.014827682 0.025887631 0.025019364 0.037697691 0.021485787 0.030657107 0.020655291 0.029029161 0.034660317
0.040027805 0.016228445 0.017351547 0.029976783 0.019570980 0.013385867 0.007460663 0.014276714 0.017965257 0.023256404 0.016995637 0.026440360 0.014873367 0.013027186 0.031337693 0.027085265 0.011286360 0.023989193 0.001514398 0.019691939 0.018322192 0.013033602 0.022041425 0.013016019 0.015821701 0.016776286 0.014637874 0.013998054 0.021035515 0.013496854 0.040128078 0.023771703 0.025616445 0.018327735
0.050434351 0.026069950 0.026021246 0.024615109 0.014007150 0.018410400 0.014444557 0.018145857 0.025318587 0.018317699 0.014924382 0.023585480 0.013622374 0.014665700 0.039001491 0.036871675 0.017422356 0.027242340 0.019691939 0.006749555 0.023860835 0.017805517 0.030627774 0.015964933 0.015681058 0.016813138 0.025068026 0.018806385 0.028105497 0.014806143 0.045100491 0.018002488 0.027536236 0.027973032
0.031073580 0.025350172 0.010836312 0.039600801 0.021371931 0.015424991 0.014746069 0.020778749 0.020417333 0.032459408 0.024301730 0.038147364 0.022422696 0.017426521 0.024676468 0.013801228 0.011353117 0.034182444 0.018322192 0.023860835 0.003715600 0.020426344 0.012984451 0.015338857 0.029078593 0.027153645 0.021027980 0.015869681 0.014670014 0.016419327 0.050933551 0.033494644 0.025857091 0.014212171
0.044884227 0.014198671 0.020735607 0.023880601 0.016645767 0.014107695 0.005241686 0.012610417 0.014686923 0.018208036 0.011071515 0.019145703 0.012878584 0.014029600 0.035171270 0.030089689 0.014382209 0.019869525 0.013033602 0.017805517 0.020426344 -0.000920482 0.026800789 0.010045704 0.011697687 0.010622228 0.014059079 0.013129864 0.024460752 0.011612367 0.037253223 0.019493807 0.018925788 0.023991346
0.025785256 0.028920714 0.015374431 0.045665864 0.026918303 0.021764150 0.022069694 0.027655173 0.025626108 0.039313238 0.031919405 0.043392021 0.026613250 0.023324404 0.019596267 0.013557453 0.014990555 0.038559124 0.022041425 0.030627774 0.012984451 0.026800789 0.004505767 0.023870111 0.032466553 0.034543172 0.025798233 0.023418056 0.014189395 0.023671106 0.053690828 0.039097421 0.028590258 0.015704777
0.040621303 0.016079269 0.016500210 0.027317993 0.015358012 0.011199065 0.002194353 0.008531195 0.011727246 0.019553950 0.013501946 0.022470245 0.010925689 0.010687726 0.026280638 0.025882276 0.011749983 0.023892272 0.013016019 0.015964933 0.015338857 0.010045704 0.023870111 -0.000688268 0.014292656 0.014495742 0.011026584 0.009454156 0.020998076 0.007465778 0.043104503 0.018865202 0.016256608 0.019172350
0.047697678 0.008211947 0.025273494 0.019376688 0.013932407 0.016216740 0.009566537 0.012269715 0.015686976 0.013435861 0.010383824 0.016296683 0.012993979 0.015410633 0.043610096 0.034689218 0.018057475 0.016068242 0.015821701 0.015681058 0.029078593 0.011697687 0.032466553 0.014292656 -0.017812124 0.009419232 0.016327247 0.015419626 0.027163545 0.012277912 0.027691083 0.017560817 0.020514017 0.027616672
0.050840091 0.017081225 0.029006258 0.015125529 0.015657648 0.018238124 0.005142730 0.011062577 0.018644178 0.009371903 0.006400976 0.011801222 0.012147226 0.015226658 0.038562242 0.039869796 0.020385470 0.014827682 0.016776286 0.016813138 0.027153645 0.010622228 0.034543172 0.014495742 0.009419232 -0.000634140 0.019274019 0.018771289 0.031325016 0.012342542 0.037595510 0.010586870 0.016085960 0.030462457
0.040698193 0.018312620 0.020037575 0.032359093 0.018775519 0.012680191 0.008659130 0.013531584 0.018585945 0.025549587 0.017874056 0.027741697 0.015489331 0.014063560 0.032396272 0.027868016 0.013161140 0.025887631 0.014637874 0.025068026 0.021027980 0.014059079 0.025798233 0.011026584 0.016327247 0.019274019 0.010049824 0.011910883 0.023831028 0.011042929 0.042289667 0.030596992 0.023345156 0.022615463
0.039811049 0.016668545 0.015187244 0.031546071 0.017651670 0.010503134 0.007210438 0.012638912 0.015114834 0.024083238 0.017062237 0.029300356 0.014230473 0.011991646 0.032862224 0.025482193 0.013011457 0.025019364 0.013998054 0.018806385 0.015869681 0.013129864 0.023418056 0.009454156 0.015419626 0.018771289 0.011910883 0.005406570 0.019840308 0.008217389 0.041830502 0.027212620 0.021919355 0.016274553
0.027878484 0.025026271 0.016219430 0.040213212 0.025692031 0.020241864 0.020051168 0.023902204 0.022794781 0.035418600 0.030353624 0.037931584 0.023983758 0.021216659 0.020710368 0.014171909 0.015308332 0.037697691 0.021035515 0.028105497 0.014670014 0.024460752 0.014189395 0.020998076 0.027163545 0.031325016 0.023831028 0.019840308 0.010205766 0.020854117 0.045120288 0.037080243 0.030225363 0.014146925
0.038653485 0.014101856 0.016995329 0.024728429 0.013152603 0.010080831 0.005244548 0.008380447 0.012023749 0.018280316 0.012879971 0.021625068 0.010953593 0.010057304 0.032320824 0.025783319 0.013222146 0.021485787 0.013496854 0.014806143 0.016419327 0.011612367 0.023671106 0.007465778 0.012277912 0.012342542 0.011042929 0.008217389 0.020854117 0.001349205 0.039252266 0.019505028 0.015264594 0.017701868
0.074100226 0.037466962 0.048623450 0.033852000 0.048742883 0.041746765 0.039244685 0.041612253 0.044659339 0.034530327 0.035035301 0.038628574 0.042844187 0.046707276 0.072110444 0.056287196 0.039920591 0.030657107 0.040128078 0.045100491 0.050933551 0.037253223 0.053690828 0.043104503 0.027691083 0.037595510 0.042289667 0.041830502 0.045120288 0.039252266 -0.013266157 0.040340956 0.053920705 0.046903748
0.060813081 0.028795812 0.035408933 0.016902018 0.019229036 0.027434170 0.013880567 0.020199591 0.031573538 0.012184935 0.010244031 0.015395353 0.017284995 0.021944858 0.044980165 0.047216054 0.025116390 0.020655291 0.023771703 0.018002488 0.033494644 0.019493807 0.039097421 0.018865202 0.017560817 0.010586870 0.030596992 0.027212620 0.037080243 0.019505028 0.040340956 0.003580031 0.029005803 0.042935867
0.048954263 0.026256993 0.023038400 0.033650775 0.021307722 0.022528071 0.016674507 0.017109994 0.017215930 0.023307558 0.016298089 0.026851589 0.016536411 0.022956967 0.044909719 0.030633822 0.026299633 0.029029161 0.025616445 0.027536236 0.025857091 0.018925788 0.028590258 0.016256608 0.020514017 0.016085960 0.023345156 0.021919355 0.030225363 0.015264594 0.053920705 0.029005803 -0.004717547 0.028609650
0.029227465 0.027568256 0.012983715 0.038845375 0.027035560 0.018910835 0.017016817 0.022836223 0.020006804 0.034923170 0.028704518 0.039437506 0.024069192 0.020377062 0.021823138 0.015817523 0.013474840 0.034660317 0.018327735 0.027973032 0.014212171 0.023991346 0.015704777 0.019172350 0.027616672 0.030462457 0.022615463 0.016274553 0.014146925 0.017701868 0.046903748 0.042935867 0.028609650 0.009021640
