0.000000000 0.172093019 0.021978023 0.205357149 0.021978023 0.118811883 0.148325354 0.175925925 0.135922328 0.168224305 0.183486238 0.168224305 0.183486238 0.168224305 0.005649718 0.063157894 0.101010099 0.258333325 0.187214613 0.156398103 0.063157894 0.140096620 0.037837837 0.127450988 0.156398103 0.183486238 0.127450988 0.105527639 0.087179489 0.114427857 0.352727264 0.172093019 0.109999999 0.091836736
0.172093019 0.000000000 0.150684938 0.034482758 0.150684938 0.054393306 0.024390243 0.003952569 0.037037037 0.003984064 0.011764706 0.003984064 0.011764706 0.003984064 0.177570090 0.110132158 0.072340429 0.090252705 0.015625000 0.016129032 0.110132158 0.032786883 0.135135129 0.045643155 0.016129032 0.011764706 0.045643155 0.067796610 0.086206898 0.058823530 0.192307696 0.000000000 0.063291140 0.081545062
0.021978023 0.150684938 0.000000000 0.184210524 0.000000000 0.097087376 0.126760557 0.154545456 0.114285715 0.146788985 0.162162155 0.146788985 0.162162155 0.146788985 0.027624309 0.041237112 0.079207920 0.237704918 0.165919289 0.134883717 0.041237112 0.118483409 0.015873017 0.105769232 0.134883717 0.162162155 0.105769232 0.083743840 0.065326631 0.092682928 0.333333343 0.150684938 0.088235296 0.070000000
0.205357149 0.034482758 0.184210524 0.000000000 0.184210524 0.088709675 0.058823530 0.030534351 0.071428575 0.038461540 0.022727273 0.038461540 0.022727273 0.038461540 0.210762337 0.144067794 0.106557377 0.055944055 0.018867925 0.050583657 0.144067794 0.067193680 0.168831170 0.079999998 0.050583657 0.022727273 0.079999998 0.102040820 0.120331950 0.093117408 0.158878505 0.034482758 0.097560972 0.115702480
0.021978023 0.150684938 0.000000000 0.184210524 0.000000000 0.097087376 0.126760557 0.154545456 0.114285715 0.146788985 0.162162155 0.146788985 0.162162155 0.146788985 0.027624309 0.041237112 0.079207920 0.237704918 0.165919289 0.134883717 0.041237112 0.118483409 0.015873017 0.105769232 0.134883717 0.162162155 0.105769232 0.083743840 0.065326631 0.092682928 0.333333343 0.150684938 0.088235296 0.070000000
0.118811883 0.054393306 0.097087376 0.088709675 0.097087376 0.000000000 0.030042918 0.058333334 0.017391304 0.050420169 0.066115700 0.050420169 0.066115700 0.050420169 0.124378107 0.056074765 0.018018018 0.143939391 0.069958851 0.038297873 0.056074765 0.021645023 0.081339709 0.008771930 0.038297873 0.066115700 0.008771930 0.013452915 0.031963471 0.004444445 0.244147152 0.054393306 0.008928572 0.027272727
0.148325354 0.024390243 0.126760557 0.058823530 0.126760557 0.030042918 0.000000000 0.028340081 0.012658228 0.020408163 0.036144577 0.020408163 0.036144577 0.020408163 0.153846160 0.085972853 0.048034936 0.114391141 0.039999999 0.008264462 0.085972853 0.008403362 0.111111112 0.021276595 0.008264462 0.036144577 0.021276595 0.043478262 0.061946902 0.034482758 0.215686277 0.024390243 0.038961038 0.057268724
0.175925925 0.003952569 0.154545456 0.030534351 0.154545456 0.058333334 0.028340081 0.000000000 0.040983606 0.007936508 0.007812500 0.007936508 0.007812500 0.007936508 0.181395352 0.114035085 0.076271184 0.086330935 0.011673152 0.020080321 0.114035085 0.036734693 0.139013454 0.049586777 0.020080321 0.007812500 0.049586777 0.071729958 0.090128757 0.062761508 0.188498408 0.003952569 0.067226894 0.085470088
0.135922328 0.037037037 0.114285715 0.071428575 0.114285715 0.017391304 0.012658228 0.040983606 0.000000000 0.033057850 0.048780486 0.033057850 0.048780486 0.033057850 0.141463414 0.073394492 0.035398230 0.126865670 0.052631579 0.020920502 0.073394492 0.004255319 0.098591551 0.008620690 0.020920502 0.048780486 0.008620690 0.030837005 0.049327355 0.021834061 0.227722779 0.037037037 0.026315790 0.044642858
0.168224305 0.003984064 0.146788985 0.038461540 0.146788985 0.050420169 0.020408163 0.007936508 0.033057850 0.000000000 0.015748031 0.000000000 0.015748031 0.000000000 0.173708916 0.106194690 0.068376072 0.094202898 0.019607844 0.012145749 0.106194690 0.028806584 0.131221727 0.041666668 0.012145749 0.015748031 0.041666668 0.063829787 0.082251079 0.054852322 0.196141481 0.003984064 0.059322033 0.077586204
0.183486238 0.011764706 0.162162155 0.022727273 0.162162155 0.066115700 0.036144577 0.007812500 0.048780486 0.015748031 0.000000000 0.015748031 0.000000000 0.015748031 0.188940093 0.121739127 0.084033616 0.078571431 0.003861004 0.027888447 0.121739127 0.044534411 0.146666661 0.057377048 0.027888447 0.000000000 0.057377048 0.079497911 0.097872339 0.070539422 0.180952385 0.011764706 0.075000003 0.093220338
0.168224305 0.003984064 0.146788985 0.038461540 0.146788985 0.050420169 0.020408163 0.007936508 0.033057850 0.000000000 0.015748031 0.000000000 0.015748031 0.000000000 0.173708916 0.106194690 0.068376072 0.094202898 0.019607844 0.012145749 0.106194690 0.028806584 0.131221727 0.041666668 0.012145749 0.015748031 0.041666668 0.063829787 0.082251079 0.054852322 0.196141481 0.003984064 0.059322033 0.077586204
0.183486238 0.011764706 0.162162155 0.022727273 0.162162155 0.066115700 0.036144577 0.007812500 0.048780486 0.015748031 0.000000000 0.015748031 0.000000000 0.015748031 0.188940093 0.121739127 0.084033616 0.078571431 0.003861004 0.027888447 0.121739127 0.044534411 0.146666661 0.057377048 0.027888447 0.000000000 0.057377048 0.079497911 0.097872339 0.070539422 0.180952385 0.011764706 0.075000003 0.093220338
0.168224305 0.003984064 0.146788985 0.038461540 0.146788985 0.050420169 0.020408163 0.007936508 0.033057850 0.000000000 0.015748031 0.000000000 0.015748031 0.000000000 0.173708916 0.106194690 0.068376072 0.094202898 0.019607844 0.012145749 0.106194690 0.028806584 0.131221727 0.041666668 0.012145749 0.015748031 0.041666668 0.063829787 0.082251079 0.054852322 0.196141481 0.003984064 0.059322033 0.077586204
0.005649718 0.177570090 0.027624309 0.210762337 0.027624309 0.124378107 0.153846160 0.181395352 0.141463414 0.173708916 0.188940093 0.173708916 0.188940093 0.173708916 0.000000000 0.068783067 0.106598988 0.263598323 0.192660555 0.161904767 0.068783067 0.145631075 0.043478262 0.133004919 0.161904767 0.188940093 0.133004919 0.111111112 0.092783503 0.119999997 0.357664227 0.177570090 0.115577891 0.097435899
0.063157894 0.110132158 0.041237112 0.144067794 0.041237112 0.056074765 0.085972853 0.114035085 0.073394492 0.106194690 0.121739127 0.106194690 0.121739127 0.106194690 0.068783067 0.000000000 0.038095240 0.198412701 0.125541121 0.094170406 0.000000000 0.077625573 0.025380710 0.064814813 0.094170406 0.121739127 0.064814813 0.042654030 0.024154589 0.051643193 0.296167254 0.110132158 0.047169812 0.028846154
0.101010099 0.072340429 0.079207920 0.106557377 0.079207920 0.018018018 0.048034936 0.076271184 0.035398230 0.068376072 0.084033616 0.068376072 0.084033616 0.068376072 0.106598988 0.038095240 0.000000000 0.161538467 0.087866105 0.056277055 0.038095240 0.039647575 0.063414633 0.026785715 0.056277055 0.084033616 0.026785715 0.004566210 0.013953488 0.013574661 0.261016935 0.072340429 0.009090909 0.009259259
0.258333325 0.090252705 0.237704918 0.055944055 0.237704918 0.143939391 0.114391141 0.086330935 0.126865670 0.094202898 0.078571431 0.094202898 0.078571431 0.094202898 0.263598323 0.198412701 0.161538467 0.000000000 0.074733093 0.106227107 0.198412701 0.122676581 0.222672060 0.135338351 0.106227107 0.078571431 0.135338351 0.157088116 0.175097272 0.148288980 0.103857569 0.090252705 0.152671754 0.170542642
0.187214613 0.015625000 0.165919289 0.018867925 0.165919289 0.069958851 0.039999999 0.011673152 0.052631579 0.019607844 0.003861004 0.019607844 0.003861004 0.019607844 0.192660555 0.125541121 0.087866105 0.074733093 0.000000000 0.031746034 0.125541121 0.048387095 0.150442481 0.061224490 0.031746034 0.003861004 0.061224490 0.083333336 0.101694912 0.074380167 0.177215189 0.015625000 0.078838177 0.097046413
0.156398103 0.016129032 0.134883717 0.050583657 0.134883717 0.038297873 0.008264462 0.020080321 0.020920502 0.012145749 0.027888447 0.012145749 0.027888447 0.012145749 0.161904767 0.094170406 0.056277055 0.106227107 0.031746034 0.000000000 0.094170406 0.016666668 0.119266056 0.029535865 0.000000000 0.027888447 0.029535865 0.051724140 0.070175439 0.042735044 0.207792208 0.016129032 0.047210302 0.065502182
0.063157894 0.110132158 0.041237112 0.144067794 0.041237112 0.056074765 0.085972853 0.114035085 0.073394492 0.106194690 0.121739127 0.106194690 0.121739127 0.106194690 0.068783067 0.000000000 0.038095240 0.198412701 0.125541121 0.094170406 0.000000000 0.077625573 0.025380710 0.064814813 0.094170406 0.121739127 0.064814813 0.042654030 0.024154589 0.051643193 0.296167254 0.110132158 0.047169812 0.028846154
0.140096620 0.032786883 0.118483409 0.067193680 0.118483409 0.021645023 0.008403362 0.036734693 0.004255319 0.028806584 0.044534411 0.028806584 0.044534411 0.028806584 0.145631075 0.077625573 0.039647575 0.122676581 0.048387095 0.016666668 0.077625573 0.000000000 0.102803737 0.012875536 0.016666668 0.044534411 0.012875536 0.035087720 0.053571429 0.026086956 0.223684207 0.032786883 0.030567685 0.048888888
0.037837837 0.135135129 0.015873017 0.168831170 0.015873017 0.081339709 0.111111112 0.139013454 0.098591551 0.131221727 0.146666661 0.131221727 0.146666661 0.131221727 0.043478262 0.025380710 0.063414633 0.222672060 0.150442481 0.119266056 0.025380710 0.102803737 0.000000000 0.090047397 0.119266056 0.146666661 0.090047397 0.067961164 0.049504951 0.076923080 0.319148928 0.135135129 0.072463766 0.054187194
0.127450988 0.045643155 0.105769232 0.079999998 0.105769232 0.008771930 0.021276595 0.049586777 0.008620690 0.041666668 0.057377048 0.041666668 0.057377048 0.041666668 0.133004919 0.064814813 0.026785715 0.135338351 0.061224490 0.029535865 0.064814813 0.012875536 0.090047397 0.000000000 0.029535865 0.057377048 0.000000000 0.022222223 0.040723983 0.013215859 0.235880405 0.045643155 0.017699115 0.036036037
0.156398103 0.016129032 0.134883717 0.050583657 0.134883717 0.038297873 0.008264462 0.020080321 0.020920502 0.012145749 0.027888447 0.012145749 0.027888447 0.012145749 0.161904767 0.094170406 0.056277055 0.106227107 0.031746034 0.000000000 0.094170406 0.016666668 0.119266056 0.029535865 0.000000000 0.027888447 0.029535865 0.051724140 0.070175439 0.042735044 0.207792208 0.016129032 0.047210302 0.065502182
0.183486238 0.011764706 0.162162155 0.022727273 0.162162155 0.066115700 0.036144577 0.007812500 0.048780486 0.015748031 0.000000000 0.015748031 0.000000000 0.015748031 0.188940093 0.121739127 0.084033616 0.078571431 0.003861004 0.027888447 0.121739127 0.044534411 0.146666661 0.057377048 0.027888447 0.000000000 0.057377048 0.079497911 0.097872339 0.070539422 0.180952385 0.011764706 0.075000003 0.093220338
0.127450988 0.045643155 0.105769232 0.079999998 0.105769232 0.008771930 0.021276595 0.049586777 0.008620690 0.041666668 0.057377048 0.041666668 0.057377048 0.041666668 0.133004919 0.064814813 0.026785715 0.135338351 0.061224490 0.029535865 0.064814813 0.012875536 0.090047397 0.000000000 0.029535865 0.057377048 0.000000000 0.022222223 0.040723983 0.013215859 0.235880405 0.045643155 0.017699115 0.036036037
0.105527639 0.067796610 0.083743840 0.102040820 0.083743840 0.013452915 0.043478262 0.071729958 0.030837005 0.063829787 0.079497911 0.063829787 0.079497911 0.063829787 0.111111112 0.042654030 0.004566210 0.157088116 0.083333336 0.051724140 0.042654030 0.035087720 0.067961164 0.022222223 0.051724140 0.079497911 0.022222223 0.000000000 0.018518519 0.009009009 0.256756753 0.067796610 0.004524887 0.013824885
0.087179489 0.086206898 0.065326631 0.120331950 0.065326631 0.031963471 0.061946902 0.090128757 0.049327355 0.082251079 0.097872339 0.082251079 0.097872339 0.082251079 0.092783503 0.024154589 0.013953488 0.175097272 0.101694912 0.070175439 0.024154589 0.053571429 0.049504951 0.040723983 0.070175439 0.097872339 0.040723983 0.018518519 0.000000000 0.027522936 0.273972601 0.086206898 0.023041476 0.004694836
0.114427857 0.058823530 0.092682928 0.093117408 0.092682928 0.004444445 0.034482758 0.062761508 0.021834061 0.054852322 0.070539422 0.054852322 0.070539422 0.054852322 0.119999997 0.051643193 0.013574661 0.148288980 0.074380167 0.042735044 0.051643193 0.026086956 0.076923080 0.013215859 0.042735044 0.070539422 0.013215859 0.009009009 0.027522936 0.000000000 0.248322144 0.058823530 0.004484305 0.022831051
0.352727264 0.192307696 0.333333343 0.158878505 0.333333343 0.244147152 0.215686277 0.188498408 0.227722779 0.196141481 0.180952385 0.196141481 0.180952385 0.196141481 0.357664227 0.296167254 0.261016935 0.103857569 0.177215189 0.207792208 0.296167254 0.223684207 0.319148928 0.235880405 0.207792208 0.180952385 0.235880405 0.256756753 0.273972601 0.248322144 0.000000000 0.192307696 0.252525240 0.269624561
0.172093019 0.000000000 0.150684938 0.034482758 0.150684938 0.054393306 0.024390243 0.003952569 0.037037037 0.003984064 0.011764706 0.003984064 0.011764706 0.003984064 0.177570090 0.110132158 0.072340429 0.090252705 0.015625000 0.016129032 0.110132158 0.032786883 0.135135129 0.045643155 0.016129032 0.011764706 0.045643155 0.067796610 0.086206898 0.058823530 0.192307696 0.000000000 0.063291140 0.081545062
0.109999999 0.063291140 0.088235296 0.097560972 0.088235296 0.008928572 0.038961038 0.067226894 0.026315790 0.059322033 0.075000003 0.059322033 0.075000003 0.059322033 0.115577891 0.047169812 0.009090909 0.152671754 0.078838177 0.047210302 0.047169812 0.030567685 0.072463766 0.017699115 0.047210302 0.075000003 0.017699115 0.004524887 0.023041476 0.004484305 0.252525240 0.063291140 0.000000000 0.018348623
0.091836736 0.081545062 0.070000000 0.115702480 0.070000000 0.027272727 0.057268724 0.085470088 0.044642858 0.077586204 0.093220338 0.077586204 0.093220338 0.077586204 0.097435899 0.028846154 0.009259259 0.170542642 0.097046413 0.065502182 0.028846154 0.048888888 0.054187194 0.036036037 0.065502182 0.093220338 0.036036037 0.013824885 0.004694836 0.022831051 0.269624561 0.081545062 0.018348623 0.000000000
