0.000000000 0.223744288 0.128205135 0.241071433 0.270386279 0.205607474 0.178743958 0.205607474 0.223744288 0.273504287 0.254385978 0.247787610 0.212962970 0.186602876 0.119170986 0.105263159 0.086021505 0.267241389 0.137055844 0.244444445 0.123711340 0.241071433 0.123711340 0.198113203 0.267241389 0.205607474 0.174757287 0.174757287 0.123711340 0.194312796 0.338521391 0.257641912 0.330708653 0.128205135
0.223744288 0.000000000 0.098360658 0.018315019 0.049645390 0.019011406 0.046875000 0.019011406 0.000000000 0.053003535 0.032490976 0.025454545 0.011320755 0.038759690 0.107438013 0.121338911 0.140425533 0.046263345 0.089430891 0.021897810 0.102880657 0.018315019 0.102880657 0.026819924 0.046263345 0.019011406 0.050980393 0.050980393 0.102880657 0.030769231 0.124183007 0.035971224 0.115511551 0.098360658
0.128205135 0.098360658 0.000000000 0.116465867 0.147286817 0.079497911 0.051724140 0.079497911 0.098360658 0.150579154 0.130434781 0.123505980 0.087136932 0.059829060 0.009174312 0.023255814 0.042654030 0.143968865 0.009009009 0.119999997 0.004566210 0.116465867 0.004566210 0.071729958 0.143968865 0.079497911 0.047619049 0.047619049 0.004566210 0.067796610 0.219858155 0.133858263 0.211469531 0.000000000
0.241071433 0.018315019 0.116465867 0.000000000 0.031358887 0.037313432 0.065134101 0.037313432 0.018315019 0.034722224 0.014184397 0.007142857 0.029629629 0.057034221 0.125506073 0.139344260 0.158333331 0.027972028 0.107569724 0.003584229 0.120967738 0.000000000 0.120967738 0.045112781 0.027972028 0.037313432 0.069230773 0.069230773 0.120967738 0.049056605 0.106109321 0.017667845 0.097402595 0.116465867
0.270386279 0.049645390 0.147286817 0.031358887 0.000000000 0.068592057 0.096296296 0.068592057 0.049645390 0.003367003 0.017182130 0.024221454 0.060931899 0.088235296 0.156250000 0.169960469 0.188755020 0.003389830 0.138461545 0.027777778 0.151750967 0.031358887 0.151750967 0.076363638 0.003389830 0.068592057 0.100371748 0.100371748 0.151750967 0.080291972 0.075000003 0.013698630 0.066246055 0.147286817
0.205607474 0.019011406 0.079497911 0.037313432 0.068592057 0.000000000 0.027888447 0.000000000 0.019011406 0.071942449 0.051470589 0.044444446 0.007692308 0.019762846 0.088607594 0.102564104 0.121739127 0.065217391 0.070539422 0.040892195 0.084033616 0.037313432 0.084033616 0.007812500 0.065217391 0.000000000 0.032000002 0.032000002 0.084033616 0.011764706 0.142857149 0.054945055 0.134228185 0.079497911
0.178743958 0.046875000 0.051724140 0.065134101 0.096296296 0.027888447 0.000000000 0.027888447 0.046875000 0.099630997 0.079245284 0.072243348 0.035573121 0.008130081 0.060869563 0.074889868 0.094170406 0.092936806 0.042735044 0.068702288 0.056277055 0.065134101 0.056277055 0.020080321 0.092936806 0.027888447 0.004115226 0.004115226 0.056277055 0.016129032 0.170068026 0.082706764 0.161512032 0.051724140
0.205607474 0.019011406 0.079497911 0.037313432 0.068592057 0.000000000 0.027888447 0.000000000 0.019011406 0.071942449 0.051470589 0.044444446 0.007692308 0.019762846 0.088607594 0.102564104 0.121739127 0.065217391 0.070539422 0.040892195 0.084033616 0.037313432 0.084033616 0.007812500 0.065217391 0.000000000 0.032000002 0.032000002 0.084033616 0.011764706 0.142857149 0.054945055 0.134228185 0.079497911
0.223744288 0.000000000 0.098360658 0.018315019 0.049645390 0.019011406 0.046875000 0.019011406 0.000000000 0.053003535 0.032490976 0.025454545 0.011320755 0.038759690 0.107438013 0.121338911 0.140425533 0.046263345 0.089430891 0.021897810 0.102880657 0.018315019 0.102880657 0.026819924 0.046263345 0.019011406 0.050980393 0.050980393 0.102880657 0.030769231 0.124183007 0.035971224 0.115511551 0.098360658
0.273504287 0.053003535 0.150579154 0.034722224 0.003367003 0.071942449 0.099630997 0.071942449 0.053003535 0.000000000 0.020547945 0.027586207 0.064285718 0.091575094 0.159533069 0.173228353 0.192000002 0.006756757 0.141762450 0.031141868 0.155038759 0.034722224 0.155038759 0.079710148 0.006756757 0.071942449 0.103703700 0.103703700 0.155038759 0.083636366 0.071651094 0.017064847 0.062893085 0.150579154
0.254385978 0.032490976 0.130434781 0.014184397 0.017182130 0.051470589 0.079245284 0.051470589 0.032490976 0.020547945 0.000000000 0.007042253 0.043795619 0.071161047 0.139442235 0.153225809 0.172131151 0.013793103 0.121568628 0.010600707 0.134920642 0.014184397 0.134920642 0.059259258 0.013793103 0.051470589 0.083333336 0.083333336 0.134920642 0.063197024 0.092063494 0.003484321 0.083333336 0.130434781
0.247787610 0.025454545 0.123505980 0.007142857 0.024221454 0.044444446 0.072243348 0.044444446 0.025454545 0.027586207 0.007042253 0.000000000 0.036764707 0.064150944 0.132530123 0.146341458 0.165289253 0.020833334 0.114624508 0.003558719 0.128000006 0.007142857 0.128000006 0.052238807 0.020833334 0.044444446 0.076335877 0.076335877 0.128000006 0.056179777 0.099041536 0.010526316 0.090322584 0.123505980
0.212962970 0.011320755 0.087136932 0.029629629 0.060931899 0.007692308 0.035573121 0.007692308 0.011320755 0.064285718 0.043795619 0.036764707 0.000000000 0.027450981 0.096234307 0.110169493 0.129310340 0.057553958 0.078189299 0.033210333 0.091666669 0.029629629 0.091666669 0.015503876 0.057553958 0.007692308 0.039682541 0.039682541 0.091666669 0.019455252 0.135313526 0.047272727 0.126666665 0.087136932
0.186602876 0.038759690 0.059829060 0.057034221 0.088235296 0.019762846 0.008130081 0.019762846 0.038759690 0.091575094 0.071161047 0.064150944 0.027450981 0.000000000 0.068965517 0.082969435 0.102222219 0.084870845 0.050847456 0.060606062 0.064377680 0.057034221 0.064377680 0.011952192 0.084870845 0.019762846 0.012244898 0.012244898 0.064377680 0.008000000 0.162162155 0.074626863 0.153583616 0.059829060
0.119170986 0.107438013 0.009174312 0.125506073 0.156250000 0.088607594 0.060869563 0.088607594 0.107438013 0.159533069 0.139442235 0.132530123 0.096234307 0.068965517 0.000000000 0.014084507 0.033492822 0.152941182 0.018181818 0.129032254 0.004608295 0.125506073 0.004608295 0.080851063 0.152941182 0.088607594 0.056768559 0.056768559 0.004608295 0.076923080 0.228571430 0.142857149 0.220216602 0.009174312
0.105263159 0.121338911 0.023255814 0.139344260 0.169960469 0.102564104 0.074889868 0.102564104 0.121338911 0.173228353 0.153225809 0.146341458 0.110169493 0.082969435 0.014084507 0.000000000 0.019417476 0.166666672 0.032258064 0.142857149 0.018691588 0.139344260 0.018691588 0.094827585 0.166666672 0.102564104 0.070796460 0.070796460 0.018691588 0.090909094 0.241877258 0.156626508 0.233576640 0.023255814
0.086021505 0.140425533 0.042654030 0.158333331 0.188755020 0.121739127 0.094170406 0.121739127 0.140425533 0.192000002 0.172131151 0.165289253 0.129310340 0.102222219 0.033492822 0.019417476 0.000000000 0.185483873 0.051643193 0.161825731 0.038095240 0.158333331 0.038095240 0.114035085 0.185483873 0.121739127 0.090090089 0.090090089 0.038095240 0.110132158 0.260073274 0.175510198 0.251851857 0.042654030
0.267241389 0.046263345 0.143968865 0.027972028 0.003389830 0.065217391 0.092936806 0.065217391 0.046263345 0.006756757 0.013793103 0.020833334 0.057553958 0.084870845 0.152941182 0.166666672 0.185483873 0.000000000 0.135135129 0.024390243 0.148437500 0.027972028 0.148437500 0.072992697 0.000000000 0.065217391 0.097014926 0.097014926 0.148437500 0.076923080 0.078369908 0.010309278 0.069620252 0.143968865
0.137055844 0.089430891 0.009009009 0.107569724 0.138461545 0.070539422 0.042735044 0.070539422 0.089430891 0.141762450 0.121568628 0.114624508 0.078189299 0.050847456 0.018181818 0.032258064 0.051643193 0.135135129 0.000000000 0.111111112 0.013574661 0.107569724 0.013574661 0.062761508 0.135135129 0.070539422 0.038626611 0.038626611 0.013574661 0.058823530 0.211267605 0.125000000 0.202846974 0.009009009
0.244444445 0.021897810 0.119999997 0.003584229 0.027777778 0.040892195 0.068702288 0.040892195 0.021897810 0.031141868 0.010600707 0.003558719 0.033210333 0.060606062 0.129032254 0.142857149 0.161825731 0.024390243 0.111111112 0.000000000 0.124497995 0.003584229 0.124497995 0.048689138 0.024390243 0.040892195 0.072796933 0.072796933 0.124497995 0.052631579 0.102564104 0.014084507 0.093851134 0.119999997
0.123711340 0.102880657 0.004566210 0.120967738 0.151750967 0.084033616 0.056277055 0.084033616 0.102880657 0.155038759 0.134920642 0.128000006 0.091666669 0.064377680 0.004608295 0.018691588 0.038095240 0.148437500 0.013574661 0.124497995 0.000000000 0.120967738 0.000000000 0.076271184 0.148437500 0.084033616 0.052173913 0.052173913 0.000000000 0.072340429 0.224199295 0.138339922 0.215827331 0.004566210
0.241071433 0.018315019 0.116465867 0.000000000 0.031358887 0.037313432 0.065134101 0.037313432 0.018315019 0.034722224 0.014184397 0.007142857 0.029629629 0.057034221 0.125506073 0.139344260 0.158333331 0.027972028 0.107569724 0.003584229 0.120967738 0.000000000 0.120967738 0.045112781 0.027972028 0.037313432 0.069230773 0.069230773 0.120967738 0.049056605 0.106109321 0.017667845 0.097402595 0.116465867
0.123711340 0.102880657 0.004566210 0.120967738 0.151750967 0.084033616 0.056277055 0.084033616 0.102880657 0.155038759 0.134920642 0.128000006 0.091666669 0.064377680 0.004608295 0.018691588 0.038095240 0.148437500 0.013574661 0.124497995 0.000000000 0.120967738 0.000000000 0.076271184 0.148437500 0.084033616 0.052173913 0.052173913 0.000000000 0.072340429 0.224199295 0.138339922 0.215827331 0.004566210
0.198113203 0.026819924 0.071729958 0.045112781 0.076363638 0.007812500 0.020080321 0.007812500 0.026819924 0.079710148 0.059259258 0.052238807 0.015503876 0.011952192 0.080851063 0.094827585 0.114035085 0.072992697 0.062761508 0.048689138 0.076271184 0.045112781 0.076271184 0.000000000 0.072992697 0.007812500 0.024193548 0.024193548 0.076271184 0.003952569 0.150501668 0.062730625 0.141891897 0.071729958
0.267241389 0.046263345 0.143968865 0.027972028 0.003389830 0.065217391 0.092936806 0.065217391 0.046263345 0.006756757 0.013793103 0.020833334 0.057553958 0.084870845 0.152941182 0.166666672 0.185483873 0.000000000 0.135135129 0.024390243 0.148437500 0.027972028 0.148437500 0.072992697 0.000000000 0.065217391 0.097014926 0.097014926 0.148437500 0.076923080 0.078369908 0.010309278 0.069620252 0.143968865
0.205607474 0.019011406 0.079497911 0.037313432 0.068592057 0.000000000 0.027888447 0.000000000 0.019011406 0.071942449 0.051470589 0.044444446 0.007692308 0.019762846 0.088607594 0.102564104 0.121739127 0.065217391 0.070539422 0.040892195 0.084033616 0.037313432 0.084033616 0.007812500 0.065217391 0.000000000 0.032000002 0.032000002 0.084033616 0.011764706 0.142857149 0.054945055 0.134228185 0.079497911
0.174757287 0.050980393 0.047619049 0.069230773 0.100371748 0.032000002 0.004115226 0.032000002 0.050980393 0.103703700 0.083333336 0.076335877 0.039682541 0.012244898 0.056768559 0.070796460 0.090090089 0.097014926 0.038626611 0.072796933 0.052173913 0.069230773 0.052173913 0.024193548 0.097014926 0.032000002 0.000000000 0.000000000 0.052173913 0.020242915 0.174061432 0.086792454 0.165517241 0.047619049
0.174757287 0.050980393 0.047619049 0.069230773 0.100371748 0.032000002 0.004115226 0.032000002 0.050980393 0.103703700 0.083333336 0.076335877 0.039682541 0.012244898 0.056768559 0.070796460 0.090090089 0.097014926 0.038626611 0.072796933 0.052173913 0.069230773 0.052173913 0.024193548 0.097014926 0.032000002 0.000000000 0.000000000 0.052173913 0.020242915 0.174061432 0.086792454 0.165517241 0.047619049
0.123711340 0.102880657 0.004566210 0.120967738 0.151750967 0.084033616 0.056277055 0.084033616 0.102880657 0.155038759 0.134920642 0.128000006 0.091666669 0.064377680 0.004608295 0.018691588 0.038095240 0.148437500 0.013574661 0.124497995 0.000000000 0.120967738 0.000000000 0.076271184 0.148437500 0.084033616 0.052173913 0.052173913 0.000000000 0.072340429 0.224199295 0.138339922 0.215827331 0.004566210
0.194312796 0.030769231 0.067796610 0.049056605 0.080291972 0.011764706 0.016129032 0.011764706 0.030769231 0.083636366 0.063197024 0.056179777 0.019455252 0.008000000 0.076923080 0.090909094 0.110132158 0.076923080 0.058823530 0.052631579 0.072340429 0.049056605 0.072340429 0.003952569 0.076923080 0.011764706 0.020242915 0.020242915 0.072340429 0.000000000 0.154362410 0.066666670 0.145762712 0.067796610
0.338521391 0.124183007 0.219858155 0.106109321 0.075000003 0.142857149 0.170068026 0.142857149 0.124183007 0.071651094 0.092063494 0.099041536 0.135313526 0.162162155 0.228571430 0.241877258 0.260073274 0.078369908 0.211267605 0.102564104 0.224199295 0.106109321 0.224199295 0.150501668 0.078369908 0.142857149 0.174061432 0.174061432 0.224199295 0.154362410 0.000000000 0.088607594 0.008797654 0.219858155
0.257641912 0.035971224 0.133858263 0.017667845 0.013698630 0.054945055 0.082706764 0.054945055 0.035971224 0.017064847 0.003484321 0.010526316 0.047272727 0.074626863 0.142857149 0.156626508 0.175510198 0.010309278 0.125000000 0.014084507 0.138339922 0.017667845 0.138339922 0.062730625 0.010309278 0.054945055 0.086792454 0.086792454 0.138339922 0.066666670 0.088607594 0.000000000 0.079872206 0.133858263
0.330708653 0.115511551 0.211469531 0.097402595 0.066246055 0.134228185 0.161512032 0.134228185 0.115511551 0.062893085 0.083333336 0.090322584 0.126666665 0.153583616 0.220216602 0.233576640 0.251851857 0.069620252 0.202846974 0.093851134 0.215827331 0.097402595 0.215827331 0.141891897 0.069620252 0.134228185 0.165517241 0.165517241 0.215827331 0.145762712 0.008797654 0.079872206 0.000000000 0.211469531
0.128205135 0.098360658 0.000000000 0.116465867 0.147286817 0.079497911 0.051724140 0.079497911 0.098360658 0.150579154 0.130434781 0.123505980 0.087136932 0.059829060 0.009174312 0.023255814 0.042654030 0.143968865 0.009009009 0.119999997 0.004566210 0.116465867 0.004566210 0.071729958 0.143968865 0.079497911 0.047619049 0.047619049 0.004566210 0.067796610 0.219858155 0.133858263 0.211469531 0.000000000
