0.012483802 0.034090839 0.031958953 0.052570872 0.041382086 0.038500950 0.040315140 0.038381036 0.041229688 0.047589533 0.046451807 0.051434785 0.034453657 0.040633269 0.026370380 0.030533252 0.029471088 0.059251502 0.042845178 0.044820301 0.028347937 0.037491057 0.025699191 0.037580859 0.043354131 0.043480661 0.038414679 0.039646711 0.027369129 0.035251323 0.070872396 0.043821488 0.043458574 0.032529458
0.034090839 0.011627275 0.022321034 0.030721938 0.023875156 0.021443546 0.013236401 0.015359472 0.022937682 0.023367861 0.018552924 0.027552389 0.019563500 0.018996637 0.025822626 0.025077198 0.019353092 0.020611845 0.016145516 0.029956020 0.026600350 0.016804125 0.024313323 0.017901441 0.011069221 0.020595489 0.019746164 0.019596623 0.027914554 0.015100461 0.047330320 0.023096990 0.018709131 0.029685779
0.031958953 0.022321034 0.007493615 0.038346950 0.023453288 0.020902926 0.017157761 0.021789981 0.020686669 0.033245225 0.027628837 0.036639556 0.021560825 0.022730868 0.027083784 0.022765338 0.016835976 0.038689956 0.021684404 0.025309913 0.013762206 0.020123841 0.018555474 0.017740590 0.027256910 0.027994001 0.021322809 0.018238435 0.018691957 0.018955905 0.056334075 0.028806049 0.023460208 0.020083975
0.052570872 0.030721938 0.038346950 0.001449364 0.026433375 0.031491913 0.028029650 0.021202788 0.030875232 0.012300640 0.017877359 0.012429720 0.025677221 0.032856792 0.049541868 0.053515621 0.031219613 0.017154802 0.031639457 0.020730430 0.039105091 0.024139069 0.043811150 0.030137982 0.017039618 0.014570758 0.030633003 0.032533817 0.042135291 0.024180043 0.041102931 0.009418569 0.024291029 0.044164658
0.041382086 0.023875156 0.023453288 0.026433375 0.001011605 0.018125907 0.014105895 0.012219065 0.022201814 0.021305250 0.018832728 0.023673160 0.015453069 0.015810175 0.036294676 0.032040402 0.018256728 0.030446693 0.022282932 0.011993671 0.022072731 0.016549280 0.028031493 0.017888894 0.014236072 0.017576970 0.022895219 0.018103067 0.025186706 0.013744192 0.056919731 0.020632694 0.017243057 0.024565142
0.038500950 0.021443546 0.020902926 0.031491913 0.018125907 0.010271924 0.008297344 0.013542560 0.018448293 0.024787104 0.018584419 0.028539222 0.014626596 0.012681936 0.032936409 0.025487823 0.013675049 0.029861102 0.017495139 0.016801760 0.017896455 0.012986997 0.022078272 0.012099904 0.018829955 0.018166900 0.017184131 0.013512339 0.020525791 0.012958514 0.051715888 0.021548731 0.021694943 0.019840460
0.040315140 0.013236401 0.017157761 0.028029650 0.014105895 0.008297344 -0.005223002 0.005468576 0.010600187 0.019491408 0.002257321 0.022041757 0.008814777 0.005694887 0.031706225 0.027060471 0.011449782 0.021093938 0.008673254 0.011477261 0.015942873 0.004208605 0.025685456 0.002239471 0.010306700 0.005098467 0.008691382 0.006751935 0.019982530 0.006631880 0.045004845 0.014132271 0.016766304 0.019902272
0.038381036 0.015359472 0.021789981 0.021202788 0.012219065 0.013542560 0.005468576 0.001223391 0.014957884 0.015687656 0.010689011 0.019289594 0.009354036 0.011575881 0.032837853 0.030702144 0.014583150 0.022863140 0.015744055 0.014095418 0.019738125 0.009220770 0.026673485 0.008299192 0.010975512 0.009002870 0.013854051 0.014260518 0.022926327 0.007064883 0.046711892 0.014605174 0.011802966 0.022756819
0.041229688 0.022937682 0.020686669 0.030875232 0.022201814 0.018448293 0.010600187 0.014957884 0.005162410 0.024780586 0.018071570 0.026897389 0.018189948 0.019224837 0.036153652 0.029735867 0.015968801 0.025310997 0.017648064 0.022881143 0.022554593 0.014112371 0.027063742 0.011204546 0.019220985 0.017733937 0.019042339 0.018386457 0.026320517 0.014286094 0.061347149 0.023484055 0.016328359 0.031690121
0.047589533 0.023367861 0.033245225 0.012300640 0.021305250 0.024787104 0.019491408 0.015687656 0.024780586 0.004614739 0.011604171 0.008415278 0.019501712 0.022286192 0.043327428 0.045959495 0.026334848 0.015027640 0.025086991 0.015464338 0.032606348 0.017946139 0.038086712 0.021598101 0.012560409 0.008508000 0.024229862 0.026447592 0.035455130 0.018532552 0.041487485 0.006282238 0.018083908 0.037520498
0.046451807 0.018552924 0.027628837 0.017877359 0.018832728 0.018584419 0.002257321 0.010689011 0.018071570 0.011604171 0.000584434 0.013381498 0.012329202 0.014201003 0.041491345 0.038481034 0.020343082 0.015629029 0.016737856 0.011894653 0.025354285 0.009960073 0.034956291 0.014480491 0.010733617 0.006547547 0.018392282 0.017257515 0.030656723 0.013700943 0.039545696 0.009198949 0.014949726 0.031418085
0.051434785 0.027552389 0.036639556 0.012429720 0.023673160 0.028539222 0.022041757 0.019289594 0.026897389 0.008415278 0.013381498 0.004299937 0.021681951 0.026191402 0.046843853 0.048381545 0.029851940 0.015467025 0.025788505 0.016640713 0.034447640 0.019092973 0.041206751 0.024702903 0.015703851 0.010246200 0.027347367 0.026884614 0.038771059 0.021589817 0.047090441 0.011166330 0.020482255 0.040311478
0.034453657 0.019563500 0.021560825 0.025677221 0.015453069 0.014626596 0.008814777 0.009354036 0.018189948 0.019501712 0.012329202 0.021681951 0.001620587 0.011390978 0.029911811 0.027525522 0.016321372 0.023098197 0.015381829 0.011983377 0.021159923 0.012949708 0.023012141 0.012543572 0.014657261 0.014795377 0.017792867 0.014616975 0.023114378 0.012321016 0.045017630 0.016470987 0.012908304 0.021662211
0.040633269 0.018996637 0.022730868 0.032856792 0.015810175 0.012681936 0.005694887 0.011575881 0.019224837 0.022286192 0.014201003 0.026191402 0.011390978 0.005408536 0.031188916 0.029342797 0.013430876 0.028093226 0.017053569 0.014780484 0.018187817 0.012618502 0.023150474 0.011547442 0.015935499 0.015849646 0.017494505 0.014516890 0.019331556 0.011211276 0.052634642 0.019882059 0.020732563 0.017913362
0.026370380 0.025822626 0.027083784 0.049541868 0.036294676 0.032936409 0.031706225 0.032837853 0.036153652 0.043327428 0.041491345 0.046843853 0.029911811 0.031188916 0.009464851 0.027955018 0.023919471 0.059043404 0.039747760 0.034473583 0.023798808 0.031322643 0.021628149 0.030521832 0.040357105 0.037939981 0.034870580 0.030215399 0.021881483 0.029520759 0.060365338 0.041105412 0.035537712 0.022389181
0.030533252 0.025077198 0.022765338 0.053515621 0.032040402 0.025487823 0.027060471 0.030702144 0.029735867 0.045959495 0.038481034 0.048381545 0.027525522 0.029342797 0.027955018 0.007591434 0.018641399 0.051871061 0.032079563 0.035020985 0.016538683 0.028682420 0.017016640 0.026810570 0.035116613 0.038893674 0.027712844 0.028316189 0.015591622 0.027921652 0.062510073 0.040161204 0.033019811 0.022468608
0.029471088 0.019353092 0.016835976 0.031219613 0.018256728 0.013675049 0.011449782 0.014583150 0.015968801 0.026334848 0.020343082 0.029851940 0.016321372 0.013430876 0.023919471 0.018641399 -0.000203450 0.028686307 0.012813598 0.015427545 0.012031518 0.014064945 0.016457643 0.013308937 0.019410368 0.021673687 0.014877793 0.013471799 0.015424859 0.013952398 0.044905771 0.023464108 0.024107330 0.014648560
0.059251502 0.020611845 0.038689956 0.017154802 0.030446693 0.029861102 0.021093938 0.022863140 0.025310997 0.015027640 0.015629029 0.015467025 0.023098197 0.028093226 0.059043404 0.051871061 0.028686307 0.013034604 0.026540209 0.021762751 0.037055977 0.017926512 0.047046579 0.023991602 0.017459773 0.012692310 0.027199876 0.026283581 0.041536983 0.023669330 0.041260563 0.014929443 0.031519018 0.046149462
0.042845178 0.016145516 0.021684404 0.031639457 0.022282932 0.017495139 0.008673254 0.015744055 0.017648064 0.025086991 0.016737856 0.025788505 0.015381829 0.017053569 0.039747760 0.032079563 0.012813598 0.026540209 0.009294992 0.018778682 0.022509519 0.013131421 0.028083354 0.013735906 0.017870255 0.017056892 0.016440891 0.017162183 0.023345713 0.016473969 0.052643359 0.023755640 0.027504418 0.026801348
0.044820301 0.029956020 0.025309913 0.020730430 0.011993671 0.016801760 0.011477261 0.014095418 0.022881143 0.015464338 0.011894653 0.016640713 0.011983377 0.014780484 0.034473583 0.035020985 0.015427545 0.021762751 0.018778682 -0.000009669 0.021544550 0.014414084 0.027174205 0.013297712 0.013848947 0.013674487 0.021425417 0.016138388 0.023366511 0.014055355 0.051193520 0.007473688 0.018742509 0.029137626
0.028347937 0.026600350 0.013762206 0.039105091 0.022072731 0.017896455 0.015942873 0.019738125 0.022554593 0.032606348 0.025354285 0.034447640 0.021159923 0.018187817 0.023798808 0.016538683 0.012031518 0.037055977 0.022509519 0.021544550 0.003931313 0.018644556 0.012977675 0.015595857 0.028801285 0.025766771 0.020532176 0.016662747 0.012883259 0.018346619 0.052767497 0.025912404 0.023813542 0.016716409
0.037491057 0.016804125 0.020123841 0.024139069 0.016549280 0.012986997 0.004208605 0.009220770 0.014112371 0.017946139 0.009960073 0.019092973 0.012949708 0.012618502 0.031322643 0.028682420 0.014064945 0.017926512 0.013131421 0.014414084 0.018644556 -0.001120123 0.024619633 0.010717730 0.010275893 0.011581033 0.013306075 0.011049898 0.022374496 0.010969984 0.037150055 0.015836321 0.014311431 0.021333849
0.025699191 0.024313323 0.018555474 0.043811150 0.028031493 0.022078272 0.025685456 0.026673485 0.027063742 0.038086712 0.034956291 0.041206751 0.023012141 0.023150474 0.021628149 0.017016640 0.016457643 0.047046579 0.028083354 0.027174205 0.012977675 0.024619633 0.006282711 0.025136266 0.031930067 0.033577815 0.027493076 0.023832209 0.013390458 0.024433807 0.051275756 0.034450747 0.028259389 0.016138658
0.037580859 0.017901441 0.017740590 0.030137982 0.017888894 0.012099904 0.002239471 0.008299192 0.011204546 0.021598101 0.014480491 0.024702903 0.012543572 0.011547442 0.030521832 0.026810570 0.013308937 0.023991602 0.013735906 0.013297712 0.015595857 0.010717730 0.025136266 0.000871047 0.015018024 0.016417824 0.011969865 0.008439887 0.020378230 0.008742635 0.046624437 0.022726478 0.015119400 0.019723656
0.043354131 0.011069221 0.027256910 0.017039618 0.014236072 0.018829955 0.010306700 0.010975512 0.019220985 0.012560409 0.010733617 0.015703851 0.014657261 0.015935499 0.040357105 0.035116613 0.019410368 0.017459773 0.017870255 0.013848947 0.028801285 0.010275893 0.031930067 0.015018024 -0.017844163 0.008623159 0.017640846 0.016457047 0.026927555 0.013369684 0.032712001 0.013788007 0.017937481 0.028055038
0.043480661 0.020595489 0.027994001 0.014570758 0.017576970 0.018166900 0.005098467 0.009002870 0.017733937 0.008508000 0.006547547 0.010246200 0.014795377 0.015849646 0.037939981 0.038893674 0.021673687 0.012692310 0.017056892 0.013674487 0.025766771 0.011581033 0.033577815 0.016417824 0.008623159 -0.000595092 0.018457983 0.017648205 0.031332273 0.012914991 0.037686434 0.008971465 0.011621487 0.029832372
0.038414679 0.019746164 0.021322809 0.030633003 0.022895219 0.017184131 0.008691382 0.013854051 0.019042339 0.024229862 0.018392282 0.027347367 0.017792867 0.017494505 0.034870580 0.027712844 0.014877793 0.027199876 0.016440891 0.021425417 0.020532176 0.013306075 0.027493076 0.011969865 0.017640846 0.018457983 0.011803862 0.011255968 0.026662052 0.012156379 0.046252999 0.027151193 0.021865977 0.028090376
0.039646711 0.019596623 0.018238435 0.032533817 0.018103067 0.013512339 0.006751935 0.014260518 0.018386457 0.026447592 0.017257515 0.026884614 0.014616975 0.014516890 0.030215399 0.028316189 0.013471799 0.026283581 0.017162183 0.016138388 0.016662747 0.011049898 0.023832209 0.008439887 0.016457047 0.017648205 0.011255968 0.008227296 0.019616822 0.011103455 0.051346317 0.017973039 0.020993933 0.022625966
0.027369129 0.027914554 0.018691957 0.042135291 0.025186706 0.020525791 0.019982530 0.022926327 0.026320517 0.035455130 0.030656723 0.038771059 0.023114378 0.019331556 0.021881483 0.015591622 0.015424859 0.041536983 0.023345713 0.023366511 0.012883259 0.022374496 0.013390458 0.020378230 0.026927555 0.031332273 0.026662052 0.019616822 0.007359322 0.021157216 0.050832309 0.030606104 0.026636189 0.009928040
0.035251323 0.015100461 0.018955905 0.024180043 0.013744192 0.012958514 0.006631880 0.007064883 0.014286094 0.018532552 0.013700943 0.021589817 0.012321016 0.011211276 0.029520759 0.027921652 0.013952398 0.023669330 0.016473969 0.014055355 0.018346619 0.010969984 0.024433807 0.008742635 0.013369684 0.012914991 0.012156379 0.011103455 0.021157216 0.002092570 0.046292882 0.012264699 0.012948344 0.020932579
0.070872396 0.047330320 0.056334075 0.041102931 0.056919731 0.051715888 0.045004845 0.046711892 0.061347149 0.041487485 0.039545696 0.047090441 0.045017630 0.052634642 0.060365338 0.062510073 0.044905771 0.041260563 0.052643359 0.051193520 0.052767497 0.037150055 0.051275756 0.046624437 0.032712001 0.037686434 0.046252999 0.051346317 0.050832309 0.046292882 -0.005049272 0.032292407 0.055667222 0.052844029
0.043821488 0.023096990 0.028806049 0.009418569 0.020632694 0.021548731 0.014132271 0.014605174 0.023484055 0.006282238 0.009198949 0.011166330 0.016470987 0.019882059 0.041105412 0.040161204 0.023464108 0.014929443 0.023755640 0.007473688 0.025912404 0.015836321 0.034450747 0.022726478 0.013788007 0.008971465 0.027151193 0.017973039 0.030606104 0.012264699 0.032292407 0.002001509 0.012827784 0.028668439
0.043458574 0.018709131 0.023460208 0.024291029 0.017243057 0.021694943 0.016766304 0.011802966 0.016328359 0.018083908 0.014949726 0.020482255 0.012908304 0.020732563 0.035537712 0.033019811 0.024107330 0.031519018 0.027504418 0.018742509 0.023813542 0.014311431 0.028259389 0.015119400 0.017937481 0.011621487 0.021865977 0.020993933 0.026636189 0.012948344 0.055667222 0.012827784 -0.009136960 0.028125158
0.032529458 0.029685779 0.020083975 0.044164658 0.024565142 0.019840460 0.019902272 0.022756819 0.031690121 0.037520498 0.031418085 0.040311478 0.021662211 0.017913362 0.022389181 0.022468608 0.014648560 0.046149462 0.026801348 0.029137626 0.016716409 0.021333849 0.016138658 0.019723656 0.028055038 0.029832372 0.028090376 0.022625966 0.009928040 0.020932579 0.052844029 0.028668439 0.028125158 0.005230784
