0.000000000 0.167381972 0.126126125 0.220883533 0.276119411 0.145374447 0.160173163 0.184873953 0.152838424 0.239215687 0.195020750 0.230158731 0.211382121 0.137777776 0.010416667 0.071770333 0.062801935 0.130044848 0.145374447 0.262357414 0.167381972 0.152838424 0.093457945 0.184873953 0.137777776 0.217741936 0.145374447 0.160173163 0.080568723 0.167381972 0.427728623 0.188284516 0.184873953 0.126126125
0.167381972 0.000000000 0.042145595 0.055555556 0.114006512 0.022556391 0.007407407 0.018050542 0.014925373 0.074829929 0.028571429 0.065292098 0.045614034 0.030303031 0.177489176 0.096774191 0.105691060 0.038167939 0.022556391 0.099337749 0.000000000 0.014925373 0.075098813 0.018050542 0.030303031 0.052264810 0.022556391 0.007407407 0.088000000 0.000000000 0.280423284 0.021582734 0.018050542 0.042145595
0.126126125 0.042145595 0.000000000 0.097472921 0.155405402 0.019607844 0.034749035 0.060150377 0.027237354 0.116607770 0.070631973 0.107142858 0.087591238 0.011857707 0.136363640 0.054852322 0.063829787 0.003984064 0.019607844 0.140893474 0.042145595 0.027237354 0.033057850 0.060150377 0.011857707 0.094202898 0.019607844 0.034749035 0.046025105 0.042145595 0.318801075 0.063670412 0.060150377 0.000000000
0.220883533 0.055555556 0.097472921 0.000000000 0.058823530 0.078014188 0.062937066 0.037542664 0.070422538 0.019354839 0.027027028 0.009771987 0.009966778 0.085714288 0.230769232 0.151515156 0.160305336 0.093525179 0.078014188 0.044025157 0.055555556 0.070422538 0.130111530 0.037542664 0.085714288 0.003300330 0.078014188 0.062937066 0.142857149 0.055555556 0.228426397 0.034013607 0.037542664 0.097472921
0.276119411 0.114006512 0.155405402 0.058823530 0.000000000 0.136212617 0.121311478 0.096153848 0.128712878 0.039513677 0.085714288 0.049079753 0.068750001 0.143812716 0.285714298 0.208480567 0.217081845 0.151515156 0.136212617 0.014836796 0.114006512 0.128712878 0.187500000 0.096153848 0.143812716 0.062111802 0.136212617 0.121311478 0.200000003 0.114006512 0.171912834 0.092651755 0.096153848 0.155405402
0.145374447 0.022556391 0.019607844 0.078014188 0.136212617 0.000000000 0.015151516 0.040590405 0.007633588 0.097222224 0.051094890 0.087719299 0.068100356 0.007751938 0.155555561 0.074380167 0.083333336 0.015625000 0.000000000 0.121621624 0.022556391 0.007633588 0.052631579 0.040590405 0.007751938 0.074733093 0.000000000 0.015151516 0.065573767 0.022556391 0.301075280 0.044117648 0.040590405 0.019607844
0.160173163 0.007407407 0.034749035 0.062937066 0.121311478 0.015151516 0.000000000 0.025454545 0.007518797 0.082191780 0.035971224 0.072664358 0.053003535 0.022900764 0.170305684 0.089430891 0.098360658 0.030769231 0.015151516 0.106666669 0.007407407 0.007518797 0.067729086 0.025454545 0.022900764 0.059649121 0.015151516 0.000000000 0.080645159 0.007407407 0.287234038 0.028985508 0.025454545 0.034749035
0.184873953 0.018050542 0.060150377 0.037542664 0.096153848 0.040590405 0.025454545 0.000000000 0.032967035 0.056856189 0.010526316 0.047297299 0.027586207 0.048327137 0.194915250 0.114624508 0.123505980 0.056179777 0.040590405 0.081433222 0.018050542 0.032967035 0.093023255 0.000000000 0.048327137 0.034246575 0.040590405 0.025454545 0.105882354 0.018050542 0.263707578 0.003533569 0.000000000 0.060150377
0.152838424 0.014925373 0.027237354 0.070422538 0.128712878 0.007633588 0.007518797 0.032967035 0.000000000 0.089655176 0.043478262 0.080139376 0.060498219 0.015384615 0.162995592 0.081967212 0.090909094 0.023255814 0.007633588 0.114093959 0.014925373 0.000000000 0.060240965 0.032967035 0.015384615 0.067137808 0.007633588 0.007518797 0.073170729 0.014925373 0.294117659 0.036496349 0.032967035 0.027237354
0.239215687 0.074829929 0.116607770 0.019354839 0.039513677 0.097222224 0.082191780 0.056856189 0.089655176 0.000000000 0.046357617 0.009584664 0.029315962 0.104895107 0.249011859 0.170370370 0.179104477 0.112676054 0.097222224 0.024691358 0.074829929 0.089655176 0.149090916 0.056856189 0.104895107 0.022653721 0.097222224 0.082191780 0.161764711 0.074829929 0.209999993 0.053333335 0.056856189 0.116607770
0.195020750 0.028571429 0.070631973 0.027027028 0.085714288 0.051094890 0.035971224 0.010526316 0.043478262 0.046357617 0.000000000 0.036789298 0.017064847 0.058823530 0.205020919 0.125000000 0.133858263 0.066666670 0.051094890 0.070967741 0.028571429 0.043478262 0.103448279 0.010526316 0.058823530 0.023728814 0.051094890 0.035971224 0.116279073 0.028571429 0.253886014 0.006993007 0.010526316 0.070631973
0.230158731 0.065292098 0.107142858 0.009771987 0.049079753 0.087719299 0.072664358 0.047297299 0.080139376 0.009584664 0.036789298 0.000000000 0.019736841 0.095406361 0.239999995 0.161048695 0.169811323 0.103202850 0.087719299 0.034267914 0.065292098 0.080139376 0.139705881 0.047297299 0.095406361 0.013071896 0.087719299 0.072664358 0.152416363 0.065292098 0.219143569 0.043771043 0.047297299 0.107142858
0.211382121 0.045614034 0.087591238 0.009966778 0.068750001 0.068100356 0.053003535 0.027586207 0.060498219 0.029315962 0.017064847 0.019736841 0.000000000 0.075812273 0.221311480 0.141762450 0.150579154 0.083636366 0.068100356 0.053968254 0.045614034 0.060498219 0.120300755 0.027586207 0.075812273 0.006666667 0.068100356 0.053003535 0.133079842 0.045614034 0.237851664 0.024054984 0.027586207 0.087591238
0.137777776 0.030303031 0.011857707 0.085714288 0.143812716 0.007751938 0.022900764 0.048327137 0.015384615 0.104895107 0.058823530 0.095406361 0.075812273 0.000000000 0.147982061 0.066666670 0.075630255 0.007874016 0.007751938 0.129251704 0.030303031 0.015384615 0.044897959 0.048327137 0.000000000 0.082437277 0.007751938 0.022900764 0.057851240 0.030303031 0.308108121 0.051851850 0.048327137 0.011857707
0.010416667 0.177489176 0.136363640 0.230769232 0.285714298 0.155555561 0.170305684 0.194915250 0.162995592 0.249011859 0.205020919 0.239999995 0.221311480 0.147982061 0.000000000 0.082125604 0.073170729 0.140271500 0.155555561 0.272030652 0.177489176 0.162995592 0.103773586 0.194915250 0.147982061 0.227642283 0.155555561 0.170305684 0.090909094 0.177489176 0.436201781 0.198312238 0.194915250 0.136363640
0.071770333 0.096774191 0.054852322 0.151515156 0.208480567 0.074380167 0.089430891 0.114624508 0.081967212 0.170370370 0.125000000 0.161048695 0.141762450 0.066666670 0.082125604 0.000000000 0.009009009 0.058823530 0.074380167 0.194244608 0.096774191 0.081967212 0.021834061 0.114624508 0.066666670 0.148288980 0.074380167 0.089430891 0.008849557 0.096774191 0.367231637 0.118110240 0.114624508 0.054852322
0.062801935 0.105691060 0.063829787 0.160305336 0.217081845 0.083333336 0.098360658 0.123505980 0.090909094 0.179104477 0.133858263 0.169811323 0.150579154 0.075630255 0.073170729 0.009009009 0.000000000 0.067796610 0.083333336 0.202898547 0.105691060 0.090909094 0.030837005 0.123505980 0.075630255 0.157088116 0.083333336 0.098360658 0.017857144 0.105691060 0.375000000 0.126984134 0.123505980 0.063829787
0.130044848 0.038167939 0.003984064 0.093525179 0.151515156 0.015625000 0.030769231 0.056179777 0.023255814 0.112676054 0.066666670 0.103202850 0.083636366 0.007874016 0.140271500 0.058823530 0.067796610 0.000000000 0.015625000 0.136986300 0.038167939 0.023255814 0.037037037 0.056179777 0.007874016 0.090252705 0.015625000 0.030769231 0.050000001 0.038167939 0.315217406 0.059701491 0.056179777 0.003984064
0.145374447 0.022556391 0.019607844 0.078014188 0.136212617 0.000000000 0.015151516 0.040590405 0.007633588 0.097222224 0.051094890 0.087719299 0.068100356 0.007751938 0.155555561 0.074380167 0.083333336 0.015625000 0.000000000 0.121621624 0.022556391 0.007633588 0.052631579 0.040590405 0.007751938 0.074733093 0.000000000 0.015151516 0.065573767 0.022556391 0.301075280 0.044117648 0.040590405 0.019607844
0.262357414 0.099337749 0.140893474 0.044025157 0.014836796 0.121621624 0.106666669 0.081433222 0.114093959 0.024691358 0.070967741 0.034267914 0.053968254 0.129251704 0.272030652 0.194244608 0.202898547 0.136986300 0.121621624 0.000000000 0.099337749 0.114093959 0.173144877 0.081433222 0.129251704 0.047318611 0.121621624 0.106666669 0.185714290 0.099337749 0.186274514 0.077922076 0.081433222 0.140893474
0.167381972 0.000000000 0.042145595 0.055555556 0.114006512 0.022556391 0.007407407 0.018050542 0.014925373 0.074829929 0.028571429 0.065292098 0.045614034 0.030303031 0.177489176 0.096774191 0.105691060 0.038167939 0.022556391 0.099337749 0.000000000 0.014925373 0.075098813 0.018050542 0.030303031 0.052264810 0.022556391 0.007407407 0.088000000 0.000000000 0.280423284 0.021582734 0.018050542 0.042145595
0.152838424 0.014925373 0.027237354 0.070422538 0.128712878 0.007633588 0.007518797 0.032967035 0.000000000 0.089655176 0.043478262 0.080139376 0.060498219 0.015384615 0.162995592 0.081967212 0.090909094 0.023255814 0.007633588 0.114093959 0.014925373 0.000000000 0.060240965 0.032967035 0.015384615 0.067137808 0.007633588 0.007518797 0.073170729 0.014925373 0.294117659 0.036496349 0.032967035 0.027237354
0.093457945 0.075098813 0.033057850 0.130111530 0.187500000 0.052631579 0.067729086 0.093023255 0.060240965 0.149090916 0.103448279 0.139705881 0.120300755 0.044897959 0.103773586 0.021834061 0.030837005 0.037037037 0.052631579 0.173144877 0.075098813 0.060240965 0.000000000 0.093023255 0.044897959 0.126865670 0.052631579 0.067729086 0.012987013 0.075098813 0.348189414 0.096525095 0.093023255 0.033057850
0.184873953 0.018050542 0.060150377 0.037542664 0.096153848 0.040590405 0.025454545 0.000000000 0.032967035 0.056856189 0.010526316 0.047297299 0.027586207 0.048327137 0.194915250 0.114624508 0.123505980 0.056179777 0.040590405 0.081433222 0.018050542 0.032967035 0.093023255 0.000000000 0.048327137 0.034246575 0.040590405 0.025454545 0.105882354 0.018050542 0.263707578 0.003533569 0.000000000 0.060150377
0.137777776 0.030303031 0.011857707 0.085714288 0.143812716 0.007751938 0.022900764 0.048327137 0.015384615 0.104895107 0.058823530 0.095406361 0.075812273 0.000000000 0.147982061 0.066666670 0.075630255 0.007874016 0.007751938 0.129251704 0.030303031 0.015384615 0.044897959 0.048327137 0.000000000 0.082437277 0.007751938 0.022900764 0.057851240 0.030303031 0.308108121 0.051851850 0.048327137 0.011857707
0.217741936 0.052264810 0.094202898 0.003300330 0.062111802 0.074733093 0.059649121 0.034246575 0.067137808 0.022653721 0.023728814 0.013071896 0.006666667 0.082437277 0.227642283 0.148288980 0.157088116 0.090252705 0.074733093 0.047318611 0.052264810 0.067137808 0.126865670 0.034246575 0.082437277 0.000000000 0.074733093 0.059649121 0.139622644 0.052264810 0.231552169 0.030716723 0.034246575 0.094202898
0.145374447 0.022556391 0.019607844 0.078014188 0.136212617 0.000000000 0.015151516 0.040590405 0.007633588 0.097222224 0.051094890 0.087719299 0.068100356 0.007751938 0.155555561 0.074380167 0.083333336 0.015625000 0.000000000 0.121621624 0.022556391 0.007633588 0.052631579 0.040590405 0.007751938 0.074733093 0.000000000 0.015151516 0.065573767 0.022556391 0.301075280 0.044117648 0.040590405 0.019607844
0.160173163 0.007407407 0.034749035 0.062937066 0.121311478 0.015151516 0.000000000 0.025454545 0.007518797 0.082191780 0.035971224 0.072664358 0.053003535 0.022900764 0.170305684 0.089430891 0.098360658 0.030769231 0.015151516 0.106666669 0.007407407 0.007518797 0.067729086 0.025454545 0.022900764 0.059649121 0.015151516 0.000000000 0.080645159 0.007407407 0.287234038 0.028985508 0.025454545 0.034749035
0.080568723 0.088000000 0.046025105 0.142857149 0.200000003 0.065573767 0.080645159 0.105882354 0.073170729 0.161764711 0.116279073 0.152416363 0.133079842 0.057851240 0.090909094 0.008849557 0.017857144 0.050000001 0.065573767 0.185714290 0.088000000 0.073170729 0.012987013 0.105882354 0.057851240 0.139622644 0.065573767 0.080645159 0.000000000 0.088000000 0.359550565 0.109375000 0.105882354 0.046025105
0.167381972 0.000000000 0.042145595 0.055555556 0.114006512 0.022556391 0.007407407 0.018050542 0.014925373 0.074829929 0.028571429 0.065292098 0.045614034 0.030303031 0.177489176 0.096774191 0.105691060 0.038167939 0.022556391 0.099337749 0.000000000 0.014925373 0.075098813 0.018050542 0.030303031 0.052264810 0.022556391 0.007407407 0.088000000 0.000000000 0.280423284 0.021582734 0.018050542 0.042145595
0.427728623 0.280423284 0.318801075 0.228426397 0.171912834 0.301075280 0.287234038 0.263707578 0.294117659 0.209999993 0.253886014 0.219143569 0.237851664 0.308108121 0.436201781 0.367231637 0.375000000 0.315217406 0.301075280 0.186274514 0.280423284 0.294117659 0.348189414 0.263707578 0.308108121 0.231552169 0.301075280 0.287234038 0.359550565 0.280423284 0.000000000 0.260416657 0.263707578 0.318801075
0.188284516 0.021582734 0.063670412 0.034013607 0.092651755 0.044117648 0.028985508 0.003533569 0.036496349 0.053333335 0.006993007 0.043771043 0.024054984 0.051851850 0.198312238 0.118110240 0.126984134 0.059701491 0.044117648 0.077922076 0.021582734 0.036496349 0.096525095 0.003533569 0.051851850 0.030716723 0.044117648 0.028985508 0.109375000 0.021582734 0.260416657 0.000000000 0.003533569 0.063670412
0.184873953 0.018050542 0.060150377 0.037542664 0.096153848 0.040590405 0.025454545 0.000000000 0.032967035 0.056856189 0.010526316 0.047297299 0.027586207 0.048327137 0.194915250 0.114624508 0.123505980 0.056179777 0.040590405 0.081433222 0.018050542 0.032967035 0.093023255 0.000000000 0.048327137 0.034246575 0.040590405 0.025454545 0.105882354 0.018050542 0.263707578 0.003533569 0.000000000 0.060150377
0.126126125 0.042145595 0.000000000 0.097472921 0.155405402 0.019607844 0.034749035 0.060150377 0.027237354 0.116607770 0.070631973 0.107142858 0.087591238 0.011857707 0.136363640 0.054852322 0.063829787 0.003984064 0.019607844 0.140893474 0.042145595 0.027237354 0.033057850 0.060150377 0.011857707 0.094202898 0.019607844 0.034749035 0.046025105 0.042145595 0.318801075 0.063670412 0.060150377 0.000000000
