0.000000000 0.180000007 0.098901100 0.267857134 0.267857134 0.167512685 0.175879404 0.192118227 0.175879404 0.283842802 0.233644858 0.302127659 0.171717167 0.192118227 0.088888891 0.118279569 0.215311006 0.244239628 0.211538464 0.277533054 0.118279569 0.211538464 0.113513514 0.175879404 0.222748816 0.215311006 0.207729474 0.167512685 0.108695649 0.171717167 0.305084735 0.233644858 0.127659574 0.113513514
0.180000007 0.000000000 0.082568809 0.092307694 0.092307694 0.012875536 0.004255319 0.012552301 0.004255319 0.109433964 0.056000002 0.129151285 0.008547009 0.012552301 0.092592590 0.063063063 0.036734693 0.067193680 0.032786883 0.102661595 0.063063063 0.032786883 0.067873307 0.004255319 0.044534411 0.036734693 0.028806584 0.012875536 0.072727270 0.008547009 0.132352948 0.056000002 0.053571429 0.067873307
0.098901100 0.082568809 0.000000000 0.173553720 0.173553720 0.069767445 0.078341015 0.095022626 0.078341015 0.190283403 0.137931034 0.209486172 0.074074075 0.095022626 0.010101010 0.019607844 0.118942730 0.148936167 0.115044251 0.183673471 0.019607844 0.115044251 0.014778325 0.078341015 0.126637548 0.118942730 0.111111112 0.069767445 0.009900990 0.074074075 0.212598428 0.137931034 0.029126214 0.014778325
0.267857134 0.092307694 0.173553720 0.000000000 0.000000000 0.105058365 0.096525095 0.079847910 0.096525095 0.017301038 0.036496349 0.037288137 0.100775197 0.079847910 0.183333337 0.154471546 0.055762082 0.025270758 0.059701491 0.010452962 0.154471546 0.059701491 0.159183666 0.096525095 0.047970481 0.055762082 0.063670412 0.105058365 0.163934425 0.100775197 0.040540539 0.036496349 0.145161286 0.159183666
0.267857134 0.092307694 0.173553720 0.000000000 0.000000000 0.105058365 0.096525095 0.079847910 0.096525095 0.017301038 0.036496349 0.037288137 0.100775197 0.079847910 0.183333337 0.154471546 0.055762082 0.025270758 0.059701491 0.010452962 0.154471546 0.059701491 0.159183666 0.096525095 0.047970481 0.055762082 0.063670412 0.105058365 0.163934425 0.100775197 0.040540539 0.036496349 0.145161286 0.159183666
0.167512685 0.012875536 0.069767445 0.105058365 0.105058365 0.000000000 0.008620690 0.025423728 0.008620690 0.122137405 0.068825908 0.141791046 0.004329004 0.025423728 0.079812206 0.050228309 0.049586777 0.079999998 0.045643155 0.115384616 0.050228309 0.045643155 0.055045873 0.008620690 0.057377048 0.049586777 0.041666668 0.000000000 0.059907835 0.004329004 0.144981414 0.068825908 0.040723983 0.055045873
0.175879404 0.004255319 0.078341015 0.096525095 0.096525095 0.008620690 0.000000000 0.016806724 0.000000000 0.113636367 0.060240965 0.133333340 0.004291845 0.016806724 0.088372096 0.058823530 0.040983606 0.071428575 0.037037037 0.106870227 0.058823530 0.037037037 0.063636363 0.000000000 0.048780486 0.040983606 0.033057850 0.008620690 0.068493150 0.004291845 0.136531368 0.060240965 0.049327355 0.063636363
0.192118227 0.012552301 0.095022626 0.079847910 0.079847910 0.025423728 0.016806724 0.000000000 0.016806724 0.097014926 0.043478262 0.116788320 0.021097047 0.000000000 0.105022833 0.075555556 0.024193548 0.054687500 0.020242915 0.090225562 0.075555556 0.020242915 0.080357142 0.016806724 0.032000002 0.024193548 0.016260162 0.025423728 0.085201792 0.021097047 0.119999997 0.043478262 0.066079296 0.080357142
0.175879404 0.004255319 0.078341015 0.096525095 0.096525095 0.008620690 0.000000000 0.016806724 0.000000000 0.113636367 0.060240965 0.133333340 0.004291845 0.016806724 0.088372096 0.058823530 0.040983606 0.071428575 0.037037037 0.106870227 0.058823530 0.037037037 0.063636363 0.000000000 0.048780486 0.040983606 0.033057850 0.008620690 0.068493150 0.004291845 0.136531368 0.060240965 0.049327355 0.063636363
0.283842802 0.109433964 0.190283403 0.017301038 0.017301038 0.122137405 0.113636367 0.097014926 0.113636367 0.000000000 0.053763442 0.020000000 0.117870726 0.097014926 0.200000003 0.171314746 0.072992697 0.042553190 0.076923080 0.006849315 0.171314746 0.076923080 0.175999999 0.113636367 0.065217391 0.072992697 0.080882356 0.122137405 0.180722892 0.117870726 0.023255814 0.053763442 0.162055343 0.175999999
0.233644858 0.056000002 0.137931034 0.036496349 0.036496349 0.068825908 0.060240965 0.043478262 0.060240965 0.053763442 0.000000000 0.073684208 0.064516127 0.043478262 0.147826090 0.118644066 0.019305019 0.011235955 0.023255814 0.046931408 0.118644066 0.023255814 0.123404257 0.060240965 0.011494253 0.019305019 0.027237354 0.068825908 0.128205135 0.064516127 0.076923080 0.000000000 0.109243698 0.123404257
0.302127659 0.129151285 0.209486172 0.037288137 0.037288137 0.141791046 0.133333340 0.116788320 0.133333340 0.020000000 0.073684208 0.000000000 0.137546465 0.116788320 0.219123513 0.190661475 0.092857145 0.062500000 0.096774191 0.026845638 0.190661475 0.096774191 0.195312500 0.133333340 0.085106380 0.092857145 0.100719422 0.141791046 0.200000003 0.137546465 0.003257329 0.073684208 0.181467175 0.195312500
0.171717167 0.008547009 0.074074075 0.100775197 0.100775197 0.004329004 0.004291845 0.021097047 0.004291845 0.117870726 0.064516127 0.137546465 0.000000000 0.021097047 0.084112152 0.054545455 0.045267489 0.075697213 0.041322313 0.111111112 0.054545455 0.041322313 0.059360731 0.004291845 0.053061225 0.045267489 0.037344400 0.004329004 0.064220183 0.000000000 0.140740737 0.064516127 0.045045044 0.059360731
0.192118227 0.012552301 0.095022626 0.079847910 0.079847910 0.025423728 0.016806724 0.000000000 0.016806724 0.097014926 0.043478262 0.116788320 0.021097047 0.000000000 0.105022833 0.075555556 0.024193548 0.054687500 0.020242915 0.090225562 0.075555556 0.020242915 0.080357142 0.016806724 0.032000002 0.024193548 0.016260162 0.025423728 0.085201792 0.021097047 0.119999997 0.043478262 0.066079296 0.080357142
0.088888891 0.092592590 0.010101010 0.183333337 0.183333337 0.079812206 0.088372096 0.105022833 0.088372096 0.200000003 0.147826090 0.219123513 0.084112152 0.105022833 0.000000000 0.029702971 0.128888890 0.158798277 0.125000000 0.193415642 0.029702971 0.125000000 0.024875622 0.088372096 0.136563882 0.128888890 0.121076234 0.079812206 0.020000000 0.084112152 0.222222224 0.147826090 0.039215688 0.024875622
0.118279569 0.063063063 0.019607844 0.154471546 0.154471546 0.050228309 0.058823530 0.075555556 0.058823530 0.171314746 0.118644066 0.190661475 0.054545455 0.075555556 0.029702971 0.000000000 0.099567100 0.129707113 0.095652170 0.164658636 0.000000000 0.095652170 0.004830918 0.058823530 0.107296139 0.099567100 0.091703057 0.050228309 0.009708738 0.054545455 0.193798453 0.118644066 0.009523810 0.004830918
0.215311006 0.036734693 0.118942730 0.055762082 0.055762082 0.049586777 0.040983606 0.024193548 0.040983606 0.072992697 0.019305019 0.092857145 0.045267489 0.024193548 0.128888890 0.099567100 0.000000000 0.030534351 0.003952569 0.066176474 0.099567100 0.003952569 0.104347825 0.040983606 0.007812500 0.000000000 0.007936508 0.049586777 0.109170303 0.045267489 0.096085407 0.019305019 0.090128757 0.104347825
0.244239628 0.067193680 0.148936167 0.025270758 0.025270758 0.079999998 0.071428575 0.054687500 0.071428575 0.042553190 0.011235955 0.062500000 0.075697213 0.054687500 0.158798277 0.129707113 0.030534351 0.000000000 0.034482758 0.035714287 0.129707113 0.034482758 0.134453788 0.071428575 0.022727273 0.030534351 0.038461540 0.079999998 0.139240503 0.075697213 0.065743946 0.011235955 0.120331950 0.134453788
0.211538464 0.032786883 0.115044251 0.059701491 0.059701491 0.045643155 0.037037037 0.020242915 0.037037037 0.076923080 0.023255814 0.096774191 0.041322313 0.020242915 0.125000000 0.095652170 0.003952569 0.034482758 0.000000000 0.070110701 0.095652170 0.000000000 0.100436680 0.037037037 0.011764706 0.003952569 0.003984064 0.045643155 0.105263159 0.041322313 0.100000001 0.023255814 0.086206898 0.100436680
0.277533054 0.102661595 0.183673471 0.010452962 0.010452962 0.115384616 0.106870227 0.090225562 0.106870227 0.006849315 0.046931408 0.026845638 0.111111112 0.090225562 0.193415642 0.164658636 0.066176474 0.035714287 0.070110701 0.000000000 0.164658636 0.070110701 0.169354841 0.106870227 0.058394160 0.066176474 0.074074075 0.115384616 0.174089074 0.111111112 0.030100334 0.046931408 0.155378491 0.169354841
0.118279569 0.063063063 0.019607844 0.154471546 0.154471546 0.050228309 0.058823530 0.075555556 0.058823530 0.171314746 0.118644066 0.190661475 0.054545455 0.075555556 0.029702971 0.000000000 0.099567100 0.129707113 0.095652170 0.164658636 0.000000000 0.095652170 0.004830918 0.058823530 0.107296139 0.099567100 0.091703057 0.050228309 0.009708738 0.054545455 0.193798453 0.118644066 0.009523810 0.004830918
0.211538464 0.032786883 0.115044251 0.059701491 0.059701491 0.045643155 0.037037037 0.020242915 0.037037037 0.076923080 0.023255814 0.096774191 0.041322313 0.020242915 0.125000000 0.095652170 0.003952569 0.034482758 0.000000000 0.070110701 0.095652170 0.000000000 0.100436680 0.037037037 0.011764706 0.003952569 0.003984064 0.045643155 0.105263159 0.041322313 0.100000001 0.023255814 0.086206898 0.100436680
0.113513514 0.067873307 0.014778325 0.159183666 0.159183666 0.055045873 0.063636363 0.080357142 0.063636363 0.175999999 0.123404257 0.195312500 0.059360731 0.080357142 0.024875622 0.004830918 0.104347825 0.134453788 0.100436680 0.169354841 0.004830918 0.100436680 0.000000000 0.063636363 0.112068966 0.104347825 0.096491225 0.055045873 0.004878049 0.059360731 0.198443577 0.123404257 0.014354067 0.000000000
0.175879404 0.004255319 0.078341015 0.096525095 0.096525095 0.008620690 0.000000000 0.016806724 0.000000000 0.113636367 0.060240965 0.133333340 0.004291845 0.016806724 0.088372096 0.058823530 0.040983606 0.071428575 0.037037037 0.106870227 0.058823530 0.037037037 0.063636363 0.000000000 0.048780486 0.040983606 0.033057850 0.008620690 0.068493150 0.004291845 0.136531368 0.060240965 0.049327355 0.063636363
0.222748816 0.044534411 0.126637548 0.047970481 0.047970481 0.057377048 0.048780486 0.032000002 0.048780486 0.065217391 0.011494253 0.085106380 0.053061225 0.032000002 0.136563882 0.107296139 0.007812500 0.022727273 0.011764706 0.058394160 0.107296139 0.011764706 0.112068966 0.048780486 0.000000000 0.007812500 0.015748031 0.057377048 0.116883114 0.053061225 0.088339224 0.011494253 0.097872339 0.112068966
0.215311006 0.036734693 0.118942730 0.055762082 0.055762082 0.049586777 0.040983606 0.024193548 0.040983606 0.072992697 0.019305019 0.092857145 0.045267489 0.024193548 0.128888890 0.099567100 0.000000000 0.030534351 0.003952569 0.066176474 0.099567100 0.003952569 0.104347825 0.040983606 0.007812500 0.000000000 0.007936508 0.049586777 0.109170303 0.045267489 0.096085407 0.019305019 0.090128757 0.104347825
0.207729474 0.028806584 0.111111112 0.063670412 0.063670412 0.041666668 0.033057850 0.016260162 0.033057850 0.080882356 0.027237354 0.100719422 0.037344400 0.016260162 0.121076234 0.091703057 0.007936508 0.038461540 0.003984064 0.074074075 0.091703057 0.003984064 0.096491225 0.033057850 0.015748031 0.007936508 0.000000000 0.041666668 0.101321585 0.037344400 0.103942655 0.027237354 0.082251079 0.096491225
0.167512685 0.012875536 0.069767445 0.105058365 0.105058365 0.000000000 0.008620690 0.025423728 0.008620690 0.122137405 0.068825908 0.141791046 0.004329004 0.025423728 0.079812206 0.050228309 0.049586777 0.079999998 0.045643155 0.115384616 0.050228309 0.045643155 0.055045873 0.008620690 0.057377048 0.049586777 0.041666668 0.000000000 0.059907835 0.004329004 0.144981414 0.068825908 0.040723983 0.055045873
0.108695649 0.072727270 0.009900990 0.163934425 0.163934425 0.059907835 0.068493150 0.085201792 0.068493150 0.180722892 0.128205135 0.200000003 0.064220183 0.085201792 0.020000000 0.009708738 0.109170303 0.139240503 0.105263159 0.174089074 0.009708738 0.105263159 0.004878049 0.068493150 0.116883114 0.109170303 0.101321585 0.059907835 0.000000000 0.064220183 0.203125000 0.128205135 0.019230770 0.004878049
0.171717167 0.008547009 0.074074075 0.100775197 0.100775197 0.004329004 0.004291845 0.021097047 0.004291845 0.117870726 0.064516127 0.137546465 0.000000000 0.021097047 0.084112152 0.054545455 0.045267489 0.075697213 0.041322313 0.111111112 0.054545455 0.041322313 0.059360731 0.004291845 0.053061225 0.045267489 0.037344400 0.004329004 0.064220183 0.000000000 0.140740737 0.064516127 0.045045044 0.059360731
0.305084735 0.132352948 0.212598428 0.040540539 0.040540539 0.144981414 0.136531368 0.119999997 0.136531368 0.023255814 0.076923080 0.003257329 0.140740737 0.119999997 0.222222224 0.193798453 0.096085407 0.065743946 0.100000001 0.030100334 0.193798453 0.100000001 0.198443577 0.136531368 0.088339224 0.096085407 0.103942655 0.144981414 0.203125000 0.140740737 0.000000000 0.076923080 0.184615389 0.198443577
0.233644858 0.056000002 0.137931034 0.036496349 0.036496349 0.068825908 0.060240965 0.043478262 0.060240965 0.053763442 0.000000000 0.073684208 0.064516127 0.043478262 0.147826090 0.118644066 0.019305019 0.011235955 0.023255814 0.046931408 0.118644066 0.023255814 0.123404257 0.060240965 0.011494253 0.019305019 0.027237354 0.068825908 0.128205135 0.064516127 0.076923080 0.000000000 0.109243698 0.123404257
0.127659574 0.053571429 0.029126214 0.145161286 0.145161286 0.040723983 0.049327355 0.066079296 0.049327355 0.162055343 0.109243698 0.181467175 0.045045044 0.066079296 0.039215688 0.009523810 0.090128757 0.120331950 0.086206898 0.155378491 0.009523810 0.086206898 0.014354067 0.049327355 0.097872339 0.090128757 0.082251079 0.040723983 0.019230770 0.045045044 0.184615389 0.109243698 0.000000000 0.014354067
0.113513514 0.067873307 0.014778325 0.159183666 0.159183666 0.055045873 0.063636363 0.080357142 0.063636363 0.175999999 0.123404257 0.195312500 0.059360731 0.080357142 0.024875622 0.004830918 0.104347825 0.134453788 0.100436680 0.169354841 0.004830918 0.100436680 0.000000000 0.063636363 0.112068966 0.104347825 0.096491225 0.055045873 0.004878049 0.059360731 0.198443577 0.123404257 0.014354067 0.000000000
