0.000000000 0.018691588 0.004566210 0.131474108 0.080168776 0.048034936 0.052173913 0.099173553 0.060344826 0.128000006 0.072340429 0.158301160 0.048034936 0.009090909 0.079207920 0.043062203 0.035398230 0.076271184 0.068376072 0.148437500 0.018018018 0.064377680 0.004566210 0.039647575 0.068376072 0.120967738 0.080168776 0.087866105 0.018691588 0.043859649 0.212996393 0.204379559 0.148437500 0.043859649
0.018691588 0.000000000 0.023255814 0.149797574 0.098712444 0.066666670 0.070796460 0.117647059 0.078947365 0.146341458 0.090909094 0.176470593 0.066666670 0.027777778 0.060606062 0.024390243 0.054054055 0.094827585 0.086956523 0.166666672 0.036697246 0.082969435 0.023255814 0.058295965 0.086956523 0.139344260 0.098712444 0.106382981 0.000000000 0.062500000 0.230769232 0.222222224 0.166666672 0.062500000
0.004566210 0.023255814 0.000000000 0.126984134 0.075630255 0.043478262 0.047619049 0.094650209 0.055793993 0.123505980 0.067796610 0.153846160 0.043478262 0.004524887 0.083743840 0.047619049 0.030837005 0.071729958 0.063829787 0.143968865 0.013452915 0.059829060 0.000000000 0.035087720 0.063829787 0.116465867 0.075630255 0.083333336 0.023255814 0.039301310 0.208633095 0.200000003 0.143968865 0.039301310
0.131474108 0.149797574 0.126984134 0.000000000 0.051851850 0.083969466 0.079847910 0.032727271 0.071698114 0.003533569 0.059701491 0.027397260 0.083969466 0.122529641 0.208510637 0.173553720 0.096525095 0.055762082 0.063670412 0.017301038 0.113725491 0.067669176 0.126984134 0.092307694 0.063670412 0.010676157 0.051851850 0.044117648 0.149797574 0.088122606 0.083870970 0.074918568 0.017301038 0.088122606
0.080168776 0.098712444 0.075630255 0.051851850 0.000000000 0.032258064 0.028112451 0.019157087 0.019920319 0.048327137 0.007874016 0.079136692 0.032258064 0.071129709 0.158371046 0.122807018 0.044897959 0.003921569 0.011857707 0.069090910 0.062240664 0.015873017 0.075630255 0.040650405 0.011857707 0.041198503 0.000000000 0.007751938 0.098712444 0.036437247 0.135135129 0.126279861 0.069090910 0.036437247
0.048034936 0.066666670 0.043478262 0.083969466 0.032258064 0.000000000 0.004149378 0.051383398 0.012345679 0.080459774 0.024390243 0.111111112 0.000000000 0.038961038 0.126760557 0.090909094 0.012658228 0.028340081 0.020408163 0.101123594 0.030042918 0.016393442 0.043478262 0.008403362 0.020408163 0.073359072 0.032258064 0.039999999 0.066666670 0.004184100 0.166666672 0.157894731 0.101123594 0.004184100
0.052173913 0.070796460 0.047619049 0.079847910 0.028112451 0.004149378 0.000000000 0.047244094 0.008196721 0.076335877 0.020242915 0.107011072 0.004149378 0.043103449 0.130841121 0.095022626 0.016806724 0.024193548 0.016260162 0.097014926 0.034188036 0.012244898 0.047619049 0.012552301 0.016260162 0.069230773 0.028112451 0.035856575 0.070796460 0.008333334 0.162629753 0.153846160 0.097014926 0.008333334
0.099173553 0.117647059 0.094650209 0.032727271 0.019157087 0.051383398 0.047244094 0.000000000 0.039062500 0.029197080 0.027027028 0.060070671 0.051383398 0.090163931 0.176991150 0.141630903 0.064000003 0.023076924 0.031007752 0.050000001 0.081300810 0.035019454 0.094650209 0.059760958 0.031007752 0.022058824 0.019157087 0.011406844 0.117647059 0.055555556 0.116279073 0.107382551 0.050000001 0.055555556
0.060344826 0.078947365 0.055793993 0.071698114 0.019920319 0.012345679 0.008196721 0.039062500 0.000000000 0.068181820 0.012048192 0.098901100 0.012345679 0.051282052 0.138888896 0.103139013 0.025000000 0.016000001 0.008064516 0.088888891 0.042372882 0.004048583 0.055793993 0.020746889 0.008064516 0.061068702 0.019920319 0.027667984 0.078947365 0.016528925 0.154639170 0.145833328 0.088888891 0.016528925
0.128000006 0.146341458 0.123505980 0.003533569 0.048327137 0.080459774 0.076335877 0.029197080 0.068181820 0.000000000 0.056179777 0.030927835 0.080459774 0.119047619 0.205128208 0.170124486 0.093023255 0.052238807 0.060150377 0.020833334 0.110236220 0.064150944 0.123505980 0.088803090 0.060150377 0.007142857 0.048327137 0.040590405 0.146341458 0.084615387 0.087378643 0.078431375 0.020833334 0.084615387
0.072340429 0.090909094 0.067796610 0.059701491 0.007874016 0.024390243 0.020242915 0.027027028 0.012048192 0.056179777 0.000000000 0.086956523 0.024390243 0.063291140 0.150684938 0.115044251 0.037037037 0.003952569 0.003984064 0.076923080 0.054393306 0.008000000 0.067796610 0.032786883 0.003984064 0.049056605 0.007874016 0.015625000 0.090909094 0.028571429 0.142857149 0.134020612 0.076923080 0.028571429
0.158301160 0.176470593 0.153846160 0.027397260 0.079136692 0.111111112 0.107011072 0.060070671 0.098901100 0.030927835 0.086956523 0.000000000 0.111111112 0.149425283 0.234567896 0.200000003 0.123595506 0.083032489 0.090909094 0.010101010 0.140684411 0.094890513 0.153846160 0.119402982 0.090909094 0.038062282 0.079136692 0.071428575 0.176470593 0.115241639 0.056603774 0.047619049 0.010101010 0.115241639
0.048034936 0.066666670 0.043478262 0.083969466 0.032258064 0.000000000 0.004149378 0.051383398 0.012345679 0.080459774 0.024390243 0.111111112 0.000000000 0.038961038 0.126760557 0.090909094 0.012658228 0.028340081 0.020408163 0.101123594 0.030042918 0.016393442 0.043478262 0.008403362 0.020408163 0.073359072 0.032258064 0.039999999 0.066666670 0.004184100 0.166666672 0.157894731 0.101123594 0.004184100
0.009090909 0.027777778 0.004524887 0.122529641 0.071129709 0.038961038 0.043103449 0.090163931 0.051282052 0.119047619 0.063291140 0.149425283 0.038961038 0.000000000 0.088235296 0.052132700 0.026315790 0.067226894 0.059322033 0.139534891 0.008928572 0.055319149 0.004524887 0.030567685 0.059322033 0.112000003 0.071129709 0.078838177 0.027777778 0.034782607 0.204301074 0.195652172 0.139534891 0.034782607
0.079207920 0.060606062 0.083743840 0.208510637 0.158371046 0.126760557 0.130841121 0.176991150 0.138888896 0.205128208 0.150684938 0.234567896 0.126760557 0.088235296 0.000000000 0.036269430 0.114285715 0.154545456 0.146788985 0.224999994 0.097087376 0.142857149 0.083743840 0.118483409 0.146788985 0.198275864 0.158371046 0.165919289 0.060606062 0.122641511 0.287356317 0.279069781 0.224999994 0.122641511
0.043062203 0.024390243 0.047619049 0.173553720 0.122807018 0.090909094 0.095022626 0.141630903 0.103139013 0.170124486 0.115044251 0.200000003 0.090909094 0.052132700 0.036269430 0.000000000 0.078341015 0.118942730 0.111111112 0.190283403 0.061032865 0.107142858 0.047619049 0.082568809 0.111111112 0.163179919 0.122807018 0.130434781 0.024390243 0.086757988 0.253731340 0.245283023 0.190283403 0.086757988
0.035398230 0.054054055 0.030837005 0.096525095 0.044897959 0.012658228 0.016806724 0.064000003 0.025000000 0.093023255 0.037037037 0.123595506 0.012658228 0.026315790 0.114285715 0.078341015 0.000000000 0.040983606 0.033057850 0.113636367 0.017391304 0.029045643 0.030837005 0.004255319 0.033057850 0.085937500 0.044897959 0.052631579 0.054054055 0.008474576 0.178947374 0.170212761 0.113636367 0.008474576
0.076271184 0.094827585 0.071729958 0.055762082 0.003921569 0.028340081 0.024193548 0.023076924 0.016000001 0.052238807 0.003952569 0.083032489 0.028340081 0.067226894 0.154545456 0.118942730 0.040983606 0.000000000 0.007936508 0.072992697 0.058333334 0.011952192 0.071729958 0.036734693 0.007936508 0.045112781 0.003921569 0.011673152 0.094827585 0.032520324 0.138983056 0.130136982 0.072992697 0.032520324
0.068376072 0.086956523 0.063829787 0.063670412 0.011857707 0.020408163 0.016260162 0.031007752 0.008064516 0.060150377 0.003984064 0.090909094 0.020408163 0.059322033 0.146788985 0.111111112 0.033057850 0.007936508 0.000000000 0.080882356 0.050420169 0.004016064 0.063829787 0.028806584 0.000000000 0.053030305 0.011857707 0.019607844 0.086956523 0.024590164 0.146757677 0.137931034 0.080882356 0.024590164
0.148437500 0.166666672 0.143968865 0.017301038 0.069090910 0.101123594 0.097014926 0.050000001 0.088888891 0.020833334 0.076923080 0.010101010 0.101123594 0.139534891 0.224999994 0.190283403 0.113636367 0.072992697 0.080882356 0.000000000 0.130769238 0.084870845 0.143968865 0.109433964 0.080882356 0.027972028 0.069090910 0.061371841 0.166666672 0.105263159 0.066666670 0.057692308 0.000000000 0.105263159
0.018018018 0.036697246 0.013452915 0.113725491 0.062240664 0.030042918 0.034188036 0.081300810 0.042372882 0.110236220 0.054393306 0.140684411 0.030042918 0.008928572 0.097087376 0.061032865 0.017391304 0.058333334 0.050420169 0.130769238 0.000000000 0.046413504 0.013452915 0.021645023 0.050420169 0.103174604 0.062240664 0.069958851 0.036697246 0.025862070 0.195729539 0.187050357 0.130769238 0.025862070
0.064377680 0.082969435 0.059829060 0.067669176 0.015873017 0.016393442 0.012244898 0.035019454 0.004048583 0.064150944 0.008000000 0.094890513 0.016393442 0.055319149 0.142857149 0.107142858 0.029045643 0.011952192 0.004016064 0.084870845 0.046413504 0.000000000 0.059829060 0.024793388 0.004016064 0.057034221 0.015873017 0.023622047 0.082969435 0.020576132 0.150684938 0.141868517 0.084870845 0.020576132
0.004566210 0.023255814 0.000000000 0.126984134 0.075630255 0.043478262 0.047619049 0.094650209 0.055793993 0.123505980 0.067796610 0.153846160 0.043478262 0.004524887 0.083743840 0.047619049 0.030837005 0.071729958 0.063829787 0.143968865 0.013452915 0.059829060 0.000000000 0.035087720 0.063829787 0.116465867 0.075630255 0.083333336 0.023255814 0.039301310 0.208633095 0.200000003 0.143968865 0.039301310
0.039647575 0.058295965 0.035087720 0.092307694 0.040650405 0.008403362 0.012552301 0.059760958 0.020746889 0.088803090 0.032786883 0.119402982 0.008403362 0.030567685 0.118483409 0.082568809 0.004255319 0.036734693 0.028806584 0.109433964 0.021645023 0.024793388 0.035087720 0.000000000 0.028806584 0.081712060 0.040650405 0.048387095 0.058295965 0.004219409 0.174825177 0.166077733 0.109433964 0.004219409
0.068376072 0.086956523 0.063829787 0.063670412 0.011857707 0.020408163 0.016260162 0.031007752 0.008064516 0.060150377 0.003984064 0.090909094 0.020408163 0.059322033 0.146788985 0.111111112 0.033057850 0.007936508 0.000000000 0.080882356 0.050420169 0.004016064 0.063829787 0.028806584 0.000000000 0.053030305 0.011857707 0.019607844 0.086956523 0.024590164 0.146757677 0.137931034 0.080882356 0.024590164
0.120967738 0.139344260 0.116465867 0.010676157 0.041198503 0.073359072 0.069230773 0.022058824 0.061068702 0.007142857 0.049056605 0.038062282 0.073359072 0.112000003 0.198275864 0.163179919 0.085937500 0.045112781 0.053030305 0.027972028 0.103174604 0.057034221 0.116465867 0.081712060 0.053030305 0.000000000 0.041198503 0.033457249 0.139344260 0.077519380 0.094462544 0.085526317 0.027972028 0.077519380
0.080168776 0.098712444 0.075630255 0.051851850 0.000000000 0.032258064 0.028112451 0.019157087 0.019920319 0.048327137 0.007874016 0.079136692 0.032258064 0.071129709 0.158371046 0.122807018 0.044897959 0.003921569 0.011857707 0.069090910 0.062240664 0.015873017 0.075630255 0.040650405 0.011857707 0.041198503 0.000000000 0.007751938 0.098712444 0.036437247 0.135135129 0.126279861 0.069090910 0.036437247
0.087866105 0.106382981 0.083333336 0.044117648 0.007751938 0.039999999 0.035856575 0.011406844 0.027667984 0.040590405 0.015625000 0.071428575 0.039999999 0.078838177 0.165919289 0.130434781 0.052631579 0.011673152 0.019607844 0.061371841 0.069958851 0.023622047 0.083333336 0.048387095 0.019607844 0.033457249 0.007751938 0.000000000 0.106382981 0.044176705 0.127516776 0.118644066 0.061371841 0.044176705
0.018691588 0.000000000 0.023255814 0.149797574 0.098712444 0.066666670 0.070796460 0.117647059 0.078947365 0.146341458 0.090909094 0.176470593 0.066666670 0.027777778 0.060606062 0.024390243 0.054054055 0.094827585 0.086956523 0.166666672 0.036697246 0.082969435 0.023255814 0.058295965 0.086956523 0.139344260 0.098712444 0.106382981 0.000000000 0.062500000 0.230769232 0.222222224 0.166666672 0.062500000
0.043859649 0.062500000 0.039301310 0.088122606 0.036437247 0.004184100 0.008333334 0.055555556 0.016528925 0.084615387 0.028571429 0.115241639 0.004184100 0.034782607 0.122641511 0.086757988 0.008474576 0.032520324 0.024590164 0.105263159 0.025862070 0.020576132 0.039301310 0.004219409 0.024590164 0.077519380 0.036437247 0.044176705 0.062500000 0.000000000 0.170731708 0.161971837 0.105263159 0.000000000
0.212996393 0.230769232 0.208633095 0.083870970 0.135135129 0.166666672 0.162629753 0.116279073 0.154639170 0.087378643 0.142857149 0.056603774 0.166666672 0.204301074 0.287356317 0.253731340 0.178947374 0.138983056 0.146757677 0.066666670 0.195729539 0.150684938 0.208633095 0.174825177 0.146757677 0.094462544 0.135135129 0.127516776 0.230769232 0.170731708 0.000000000 0.009009009 0.066666670 0.170731708
0.204379559 0.222222224 0.200000003 0.074918568 0.126279861 0.157894731 0.153846160 0.107382551 0.145833328 0.078431375 0.134020612 0.047619049 0.157894731 0.195652172 0.279069781 0.245283023 0.170212761 0.130136982 0.137931034 0.057692308 0.187050357 0.141868517 0.200000003 0.166077733 0.137931034 0.085526317 0.126279861 0.118644066 0.222222224 0.161971837 0.009009009 0.000000000 0.057692308 0.161971837
0.148437500 0.166666672 0.143968865 0.017301038 0.069090910 0.101123594 0.097014926 0.050000001 0.088888891 0.020833334 0.076923080 0.010101010 0.101123594 0.139534891 0.224999994 0.190283403 0.113636367 0.072992697 0.080882356 0.000000000 0.130769238 0.084870845 0.143968865 0.109433964 0.080882356 0.027972028 0.069090910 0.061371841 0.166666672 0.105263159 0.066666670 0.057692308 0.000000000 0.105263159
0.043859649 0.062500000 0.039301310 0.088122606 0.036437247 0.004184100 0.008333334 0.055555556 0.016528925 0.084615387 0.028571429 0.115241639 0.004184100 0.034782607 0.122641511 0.086757988 0.008474576 0.032520324 0.024590164 0.105263159 0.025862070 0.020576132 0.039301310 0.004219409 0.024590164 0.077519380 0.036437247 0.044176705 0.062500000 0.000000000 0.170731708 0.161971837 0.105263159 0.000000000
