0.000000000 0.126637548 0.047619049 0.218750000 0.245283023 0.200000003 0.115044251 0.166666672 0.137931034 0.159663871 0.186991870 0.206349209 0.173553720 0.078341015 0.082568809 0.024390243 0.122807018 0.186991870 0.148936167 0.215686277 0.090909094 0.141630903 0.086757988 0.118942730 0.082568809 0.130434781 0.099099100 0.122807018 0.052132700 0.107142858 0.324324310 0.212598428 0.233716473 0.141630903
0.126637548 0.000000000 0.079497911 0.094736844 0.122448981 0.075268820 0.011764706 0.040892195 0.011494253 0.033707865 0.061818182 0.081850536 0.047970481 0.048780486 0.044534411 0.102564104 0.003891051 0.061818182 0.022727273 0.091549292 0.036144577 0.015267176 0.040322579 0.007812500 0.044534411 0.003861004 0.027888447 0.003891051 0.075000003 0.019762846 0.206153840 0.088339224 0.110344827 0.015267176
0.047619049 0.079497911 0.000000000 0.172932327 0.200000003 0.153846160 0.067796610 0.119999997 0.090909094 0.112903222 0.140625000 0.160305336 0.126984134 0.030837005 0.035087720 0.023255814 0.075630255 0.140625000 0.102040820 0.169811323 0.043478262 0.094650209 0.039301310 0.071729958 0.035087720 0.083333336 0.051724140 0.075630255 0.004524887 0.059829060 0.281045765 0.166666672 0.188191876 0.094650209
0.218750000 0.094736844 0.172932327 0.000000000 0.028037382 0.019607844 0.106382981 0.054054055 0.083333336 0.061224490 0.033112582 0.012987013 0.046979867 0.142857149 0.138686135 0.195402294 0.098591551 0.033112582 0.072164945 0.003215434 0.130434781 0.079584777 0.134545460 0.102473497 0.138686135 0.090909094 0.122302160 0.098591551 0.168539330 0.114285715 0.113636367 0.006451613 0.015772870 0.079584777
0.245283023 0.122448981 0.200000003 0.028037382 0.000000000 0.047619049 0.134020612 0.081967212 0.111111112 0.089108914 0.061093248 0.041009463 0.074918568 0.170212761 0.166077733 0.222222224 0.126279861 0.061093248 0.100000001 0.031250000 0.157894731 0.107382551 0.161971837 0.130136982 0.166077733 0.118644066 0.149825782 0.126279861 0.195652172 0.141868517 0.085872576 0.034482758 0.012269938 0.107382551
0.200000003 0.075268820 0.153846160 0.019607844 0.047619049 0.000000000 0.086956523 0.034482758 0.063829787 0.041666668 0.013513514 0.006622517 0.027397260 0.123595506 0.119402982 0.176470593 0.079136692 0.013513514 0.052631579 0.016393442 0.111111112 0.060070671 0.115241639 0.083032489 0.119402982 0.071428575 0.102941178 0.079136692 0.149425283 0.094890513 0.132947981 0.013157895 0.035369776 0.060070671
0.115044251 0.011764706 0.067796610 0.106382981 0.134020612 0.086956523 0.000000000 0.052631579 0.023255814 0.045454547 0.073529415 0.093525179 0.059701491 0.037037037 0.032786883 0.090909094 0.007874016 0.073529415 0.034482758 0.103202850 0.024390243 0.027027028 0.028571429 0.003952569 0.032786883 0.015625000 0.016129032 0.007874016 0.063291140 0.008000000 0.217391297 0.100000001 0.121951222 0.027027028
0.166666672 0.040892195 0.119999997 0.054054055 0.081967212 0.034482758 0.052631579 0.000000000 0.029411765 0.007194245 0.020979021 0.041095890 0.007092198 0.089494161 0.085271321 0.142857149 0.044776119 0.020979021 0.018181818 0.050847456 0.076923080 0.025641026 0.081081077 0.048689138 0.085271321 0.037037037 0.068702288 0.044776119 0.115537852 0.060606062 0.166666672 0.047619049 0.069767445 0.025641026
0.137931034 0.011494253 0.090909094 0.083333336 0.111111112 0.063829787 0.023255814 0.029411765 0.000000000 0.022222223 0.050359711 0.070422538 0.036496349 0.060240965 0.056000002 0.113924049 0.015384615 0.050359711 0.011235955 0.080139376 0.047619049 0.003773585 0.051792830 0.019305019 0.056000002 0.007633588 0.039370079 0.015384615 0.086419754 0.031250000 0.195121944 0.076923080 0.098976113 0.003773585
0.159663871 0.033707865 0.112903222 0.061224490 0.089108914 0.041666668 0.045454547 0.007194245 0.022222223 0.000000000 0.028169014 0.048275862 0.014285714 0.082352944 0.078125000 0.135802463 0.037593983 0.028169014 0.010989011 0.058020476 0.069767445 0.018450184 0.073929958 0.041509435 0.078125000 0.029850746 0.061538462 0.037593983 0.108433738 0.053435113 0.173652694 0.054794520 0.076923080 0.018450184
0.186991870 0.061818182 0.140625000 0.033112582 0.061093248 0.013513514 0.073529415 0.020979021 0.050359711 0.028169014 0.000000000 0.020134227 0.013888889 0.110266156 0.106060609 0.163346618 0.065693431 0.000000000 0.039145909 0.029900333 0.097744361 0.046594981 0.101886794 0.069597073 0.106060609 0.057971016 0.089552239 0.065693431 0.136186764 0.081481479 0.146198824 0.026666667 0.048859935 0.046594981
0.206349209 0.081850536 0.160305336 0.012987013 0.041009463 0.006622517 0.093525179 0.041095890 0.070422538 0.048275862 0.020134227 0.000000000 0.034013607 0.130111530 0.125925928 0.182879373 0.085714288 0.020134227 0.059233449 0.009771987 0.117647059 0.066666670 0.121771216 0.089605734 0.125925928 0.078014188 0.109489053 0.085714288 0.155893534 0.101449274 0.126436785 0.006535948 0.028753994 0.066666670
0.173553720 0.047970481 0.126984134 0.046979867 0.074918568 0.027397260 0.059701491 0.007092198 0.036496349 0.014285714 0.013888889 0.034013607 0.000000000 0.096525095 0.092307694 0.149797574 0.051851850 0.013888889 0.025270758 0.043771043 0.083969466 0.032727271 0.088122606 0.055762082 0.092307694 0.044117648 0.075757578 0.051851850 0.122529641 0.067669176 0.159763306 0.040540539 0.062706269 0.032727271
0.078341015 0.048780486 0.030837005 0.142857149 0.170212761 0.123595506 0.037037037 0.089494161 0.060240965 0.082352944 0.110266156 0.130111530 0.096525095 0.000000000 0.004255319 0.054054055 0.044897959 0.110266156 0.071428575 0.139705881 0.012658228 0.064000003 0.008474576 0.040983606 0.004255319 0.052631579 0.020920502 0.044897959 0.026315790 0.029045643 0.252396166 0.136531368 0.158273384 0.064000003
0.082568809 0.044534411 0.035087720 0.138686135 0.166077733 0.119402982 0.032786883 0.085271321 0.056000002 0.078125000 0.106060609 0.125925928 0.092307694 0.004255319 0.000000000 0.058295965 0.040650405 0.106060609 0.067193680 0.135531142 0.008403362 0.059760958 0.004219409 0.036734693 0.000000000 0.048387095 0.016666668 0.040650405 0.030567685 0.024793388 0.248407647 0.132352948 0.154121861 0.059760958
0.024390243 0.102564104 0.023255814 0.195402294 0.222222224 0.176470593 0.090909094 0.142857149 0.113924049 0.135802463 0.163346618 0.182879373 0.149797574 0.054054055 0.058295965 0.000000000 0.098712444 0.163346618 0.125000000 0.192307696 0.066666670 0.117647059 0.062500000 0.094827585 0.058295965 0.106382981 0.074889868 0.098712444 0.027777778 0.082969435 0.302325577 0.189189196 0.210526317 0.117647059
0.122807018 0.003891051 0.075630255 0.098591551 0.126279861 0.079136692 0.007874016 0.044776119 0.015384615 0.037593983 0.065693431 0.085714288 0.051851850 0.044897959 0.040650405 0.098712444 0.000000000 0.065693431 0.026615970 0.095406361 0.032258064 0.019157087 0.036437247 0.003921569 0.040650405 0.007751938 0.024000000 0.000000000 0.071129709 0.015873017 0.209876537 0.092198581 0.114186853 0.019157087
0.186991870 0.061818182 0.140625000 0.033112582 0.061093248 0.013513514 0.073529415 0.020979021 0.050359711 0.028169014 0.000000000 0.020134227 0.013888889 0.110266156 0.106060609 0.163346618 0.065693431 0.000000000 0.039145909 0.029900333 0.097744361 0.046594981 0.101886794 0.069597073 0.106060609 0.057971016 0.089552239 0.065693431 0.136186764 0.081481479 0.146198824 0.026666667 0.048859935 0.046594981
0.148936167 0.022727273 0.102040820 0.072164945 0.100000001 0.052631579 0.034482758 0.018181818 0.011235955 0.010989011 0.039145909 0.059233449 0.025270758 0.071428575 0.067193680 0.125000000 0.026615970 0.039145909 0.000000000 0.068965517 0.058823530 0.007462686 0.062992126 0.030534351 0.067193680 0.018867925 0.050583657 0.026615970 0.097560972 0.042471044 0.184290037 0.065743946 0.087837838 0.007462686
0.215686277 0.091549292 0.169811323 0.003215434 0.031250000 0.016393442 0.103202850 0.050847456 0.080139376 0.058020476 0.029900333 0.009771987 0.043771043 0.139705881 0.135531142 0.192307696 0.095406361 0.029900333 0.068965517 0.000000000 0.127272725 0.076388888 0.131386861 0.099290781 0.135531142 0.087719299 0.119133577 0.095406361 0.165413529 0.111111112 0.116809115 0.003236246 0.018987341 0.076388888
0.090909094 0.036144577 0.043478262 0.130434781 0.157894731 0.111111112 0.024390243 0.076923080 0.047619049 0.069767445 0.097744361 0.117647059 0.083969466 0.012658228 0.008403362 0.066666670 0.032258064 0.097744361 0.058823530 0.127272725 0.000000000 0.051383398 0.004184100 0.028340081 0.008403362 0.039999999 0.008264462 0.032258064 0.038961038 0.016393442 0.240506336 0.124087594 0.145907477 0.051383398
0.141630903 0.015267176 0.094650209 0.079584777 0.107382551 0.060070671 0.027027028 0.025641026 0.003773585 0.018450184 0.046594981 0.066666670 0.032727271 0.064000003 0.059760958 0.117647059 0.019157087 0.046594981 0.007462686 0.076388888 0.051383398 0.000000000 0.055555556 0.023076924 0.059760958 0.011406844 0.043137256 0.019157087 0.090163931 0.035019454 0.191489369 0.073170729 0.095238097 0.000000000
0.086757988 0.040322579 0.039301310 0.134545460 0.161971837 0.115241639 0.028571429 0.081081077 0.051792830 0.073929958 0.101886794 0.121771216 0.088122606 0.008474576 0.004219409 0.062500000 0.036437247 0.101886794 0.062992126 0.131386861 0.004184100 0.055555556 0.000000000 0.032520324 0.004219409 0.044176705 0.012448133 0.036437247 0.034782607 0.020576132 0.244444445 0.128205135 0.150000006 0.055555556
0.118942730 0.007812500 0.071729958 0.102473497 0.130136982 0.083032489 0.003952569 0.048689138 0.019305019 0.041509435 0.069597073 0.089605734 0.055762082 0.040983606 0.036734693 0.094827585 0.003921569 0.069597073 0.030534351 0.099290781 0.028340081 0.023076924 0.032520324 0.000000000 0.036734693 0.011673152 0.020080321 0.003921569 0.067226894 0.011952192 0.213622287 0.096085407 0.118055552 0.023076924
0.082568809 0.044534411 0.035087720 0.138686135 0.166077733 0.119402982 0.032786883 0.085271321 0.056000002 0.078125000 0.106060609 0.125925928 0.092307694 0.004255319 0.000000000 0.058295965 0.040650405 0.106060609 0.067193680 0.135531142 0.008403362 0.059760958 0.004219409 0.036734693 0.000000000 0.048387095 0.016666668 0.040650405 0.030567685 0.024793388 0.248407647 0.132352948 0.154121861 0.059760958
0.130434781 0.003861004 0.083333336 0.090909094 0.118644066 0.071428575 0.015625000 0.037037037 0.007633588 0.029850746 0.057971016 0.078014188 0.044117648 0.052631579 0.048387095 0.106382981 0.007751938 0.057971016 0.018867925 0.087719299 0.039999999 0.011406844 0.044176705 0.011673152 0.048387095 0.000000000 0.031746034 0.007751938 0.078838177 0.023622047 0.202453986 0.084507041 0.106529206 0.011406844
0.099099100 0.027888447 0.051724140 0.122302160 0.149825782 0.102941178 0.016129032 0.068702288 0.039370079 0.061538462 0.089552239 0.109489053 0.075757578 0.020920502 0.016666668 0.074889868 0.024000000 0.089552239 0.050583657 0.119133577 0.008264462 0.043137256 0.012448133 0.020080321 0.016666668 0.031746034 0.000000000 0.024000000 0.047210302 0.008130081 0.232704401 0.115942031 0.137809187 0.043137256
0.122807018 0.003891051 0.075630255 0.098591551 0.126279861 0.079136692 0.007874016 0.044776119 0.015384615 0.037593983 0.065693431 0.085714288 0.051851850 0.044897959 0.040650405 0.098712444 0.000000000 0.065693431 0.026615970 0.095406361 0.032258064 0.019157087 0.036437247 0.003921569 0.040650405 0.007751938 0.024000000 0.000000000 0.071129709 0.015873017 0.209876537 0.092198581 0.114186853 0.019157087
0.052132700 0.075000003 0.004524887 0.168539330 0.195652172 0.149425283 0.063291140 0.115537852 0.086419754 0.108433738 0.136186764 0.155893534 0.122529641 0.026315790 0.030567685 0.027777778 0.071129709 0.136186764 0.097560972 0.165413529 0.038961038 0.090163931 0.034782607 0.067226894 0.030567685 0.078838177 0.047210302 0.071129709 0.000000000 0.055319149 0.276872963 0.162264153 0.183823526 0.090163931
0.107142858 0.019762846 0.059829060 0.114285715 0.141868517 0.094890513 0.008000000 0.060606062 0.031250000 0.053435113 0.081481479 0.101449274 0.067669176 0.029045643 0.024793388 0.082969435 0.015873017 0.081481479 0.042471044 0.111111112 0.016393442 0.035019454 0.020576132 0.011952192 0.024793388 0.023622047 0.008130081 0.015873017 0.055319149 0.000000000 0.224999994 0.107913665 0.129824564 0.035019454
0.324324310 0.206153840 0.281045765 0.113636367 0.085872576 0.132947981 0.217391297 0.166666672 0.195121944 0.173652694 0.146198824 0.126436785 0.159763306 0.252396166 0.248407647 0.302325577 0.209876537 0.146198824 0.184290037 0.116809115 0.240506336 0.191489369 0.244444445 0.213622287 0.248407647 0.202453986 0.232704401 0.209876537 0.276872963 0.224999994 0.000000000 0.119999997 0.098039217 0.191489369
0.212598428 0.088339224 0.166666672 0.006451613 0.034482758 0.013157895 0.100000001 0.047619049 0.076923080 0.054794520 0.026666667 0.006535948 0.040540539 0.136531368 0.132352948 0.189189196 0.092198581 0.026666667 0.065743946 0.003236246 0.124087594 0.073170729 0.128205135 0.096085407 0.132352948 0.084507041 0.115942031 0.092198581 0.162264153 0.107913665 0.119999997 0.000000000 0.022222223 0.073170729
0.233716473 0.110344827 0.188191876 0.015772870 0.012269938 0.035369776 0.121951222 0.069767445 0.098976113 0.076923080 0.048859935 0.028753994 0.062706269 0.158273384 0.154121861 0.210526317 0.114186853 0.048859935 0.087837838 0.018987341 0.145907477 0.095238097 0.150000006 0.118055552 0.154121861 0.106529206 0.137809187 0.114186853 0.183823526 0.129824564 0.098039217 0.022222223 0.000000000 0.095238097
0.141630903 0.015267176 0.094650209 0.079584777 0.107382551 0.060070671 0.027027028 0.025641026 0.003773585 0.018450184 0.046594981 0.066666670 0.032727271 0.064000003 0.059760958 0.117647059 0.019157087 0.046594981 0.007462686 0.076388888 0.051383398 0.000000000 0.055555556 0.023076924 0.059760958 0.011406844 0.043137256 0.019157087 0.090163931 0.035019454 0.191489369 0.073170729 0.095238097 0.000000000
