0.000000000 0.165919289 0.118483409 0.221757323 0.187772930 0.194805190 0.118483409 0.169642851 0.187772930 0.194805190 0.205128208 0.215189874 0.215189874 0.105769232 0.026178010 0.173333332 0.105769232 0.205128208 0.122641511 0.205128208 0.169642851 0.150684938 0.187772930 0.126760557 0.208510637 0.215189874 0.158371046 0.158371046 0.074626863 0.150684938 0.270588249 0.246963561 0.180616736 0.191304341
0.165919289 0.000000000 0.048387095 0.057971016 0.022556391 0.029850746 0.048387095 0.003831418 0.022556391 0.029850746 0.040590405 0.051094890 0.051094890 0.061224490 0.140350878 0.007633588 0.061224490 0.040590405 0.044176705 0.040590405 0.003831418 0.015625000 0.022556391 0.039999999 0.044117648 0.051094890 0.007751938 0.007751938 0.092436977 0.015625000 0.109589040 0.084507041 0.015151516 0.026217228
0.118483409 0.048387095 0.000000000 0.106060609 0.070866145 0.078125000 0.000000000 0.052208837 0.070866145 0.078125000 0.088803090 0.099236645 0.099236645 0.012875536 0.092592590 0.056000002 0.012875536 0.088803090 0.004219409 0.088803090 0.052208837 0.032786883 0.070866145 0.008403362 0.092307694 0.099236645 0.040650405 0.040650405 0.044247787 0.032786883 0.157142863 0.132352948 0.063492067 0.074509807
0.221757323 0.057971016 0.106060609 0.000000000 0.035460994 0.028169014 0.106060609 0.054151624 0.035460994 0.028169014 0.017421603 0.006896552 0.006896552 0.118773945 0.196721315 0.050359711 0.118773945 0.017421603 0.101886794 0.017421603 0.054151624 0.073529415 0.035460994 0.097744361 0.013888889 0.006896552 0.065693431 0.065693431 0.149606302 0.073529415 0.051948052 0.026666667 0.042857144 0.031802122
0.187772930 0.022556391 0.070866145 0.035460994 0.000000000 0.007299270 0.070866145 0.018726591 0.000000000 0.007299270 0.018050542 0.028571429 0.028571429 0.083665341 0.162393168 0.014925373 0.083665341 0.018050542 0.066666670 0.018050542 0.018726591 0.038167939 0.000000000 0.062500000 0.021582734 0.028571429 0.030303031 0.030303031 0.114754096 0.038167939 0.087248325 0.062068965 0.007407407 0.003663004
0.194805190 0.029850746 0.078125000 0.028169014 0.007299270 0.000000000 0.078125000 0.026022306 0.007299270 0.000000000 0.010752688 0.021276595 0.021276595 0.090909094 0.169491529 0.022222223 0.090909094 0.010752688 0.073929958 0.010752688 0.026022306 0.045454547 0.007299270 0.069767445 0.014285714 0.021276595 0.037593983 0.037593983 0.121951222 0.045454547 0.079999998 0.054794520 0.014705882 0.003636364
0.118483409 0.048387095 0.000000000 0.106060609 0.070866145 0.078125000 0.000000000 0.052208837 0.070866145 0.078125000 0.088803090 0.099236645 0.099236645 0.012875536 0.092592590 0.056000002 0.012875536 0.088803090 0.004219409 0.088803090 0.052208837 0.032786883 0.070866145 0.008403362 0.092307694 0.099236645 0.040650405 0.040650405 0.044247787 0.032786883 0.157142863 0.132352948 0.063492067 0.074509807
0.169642851 0.003831418 0.052208837 0.054151624 0.018726591 0.026022306 0.052208837 0.000000000 0.018726591 0.026022306 0.036764707 0.047272727 0.047272727 0.065040648 0.144104809 0.003802281 0.065040648 0.036764707 0.048000000 0.036764707 0.000000000 0.019455252 0.018726591 0.043824703 0.040293042 0.047272727 0.011583012 0.011583012 0.096234307 0.019455252 0.105802044 0.080701753 0.011320755 0.022388060
0.187772930 0.022556391 0.070866145 0.035460994 0.000000000 0.007299270 0.070866145 0.018726591 0.000000000 0.007299270 0.018050542 0.028571429 0.028571429 0.083665341 0.162393168 0.014925373 0.083665341 0.018050542 0.066666670 0.018050542 0.018726591 0.038167939 0.000000000 0.062500000 0.021582734 0.028571429 0.030303031 0.030303031 0.114754096 0.038167939 0.087248325 0.062068965 0.007407407 0.003663004
0.194805190 0.029850746 0.078125000 0.028169014 0.007299270 0.000000000 0.078125000 0.026022306 0.007299270 0.000000000 0.010752688 0.021276595 0.021276595 0.090909094 0.169491529 0.022222223 0.090909094 0.010752688 0.073929958 0.010752688 0.026022306 0.045454547 0.007299270 0.069767445 0.014285714 0.021276595 0.037593983 0.037593983 0.121951222 0.045454547 0.079999998 0.054794520 0.014705882 0.003636364
0.205128208 0.040590405 0.088803090 0.017421603 0.018050542 0.010752688 0.088803090 0.036764707 0.018050542 0.010752688 0.000000000 0.010526316 0.010526316 0.101562500 0.179916322 0.032967035 0.101562500 0.000000000 0.084615387 0.000000000 0.036764707 0.056179777 0.018050542 0.080459774 0.003533569 0.010526316 0.048327137 0.048327137 0.132530123 0.056179777 0.069306932 0.044067796 0.025454545 0.014388490
0.215189874 0.051094890 0.099236645 0.006896552 0.028571429 0.021276595 0.099236645 0.047272727 0.028571429 0.021276595 0.010526316 0.000000000 0.000000000 0.111969113 0.190082639 0.043478262 0.111969113 0.010526316 0.095057033 0.010526316 0.047272727 0.066666670 0.028571429 0.090909094 0.006993007 0.000000000 0.058823530 0.058823530 0.142857149 0.066666670 0.058823530 0.033557046 0.035971224 0.024911031
0.215189874 0.051094890 0.099236645 0.006896552 0.028571429 0.021276595 0.099236645 0.047272727 0.028571429 0.021276595 0.010526316 0.000000000 0.000000000 0.111969113 0.190082639 0.043478262 0.111969113 0.010526316 0.095057033 0.010526316 0.047272727 0.066666670 0.028571429 0.090909094 0.006993007 0.000000000 0.058823530 0.058823530 0.142857149 0.066666670 0.058823530 0.033557046 0.035971224 0.024911031
0.105769232 0.061224490 0.012875536 0.118773945 0.083665341 0.090909094 0.012875536 0.065040648 0.083665341 0.090909094 0.101562500 0.111969113 0.111969113 0.000000000 0.079812206 0.068825908 0.000000000 0.101562500 0.017094018 0.101562500 0.065040648 0.045643155 0.083665341 0.021276595 0.105058365 0.111969113 0.053497944 0.053497944 0.031390134 0.045643155 0.169675097 0.144981414 0.076305218 0.087301590
0.026178010 0.140350878 0.092592590 0.196721315 0.162393168 0.169491529 0.092592590 0.144104809 0.162393168 0.169491529 0.179916322 0.190082639 0.190082639 0.079812206 0.000000000 0.147826090 0.079812206 0.179916322 0.096774191 0.179916322 0.144104809 0.125000000 0.162393168 0.100917429 0.183333337 0.190082639 0.132743359 0.132743359 0.048543688 0.125000000 0.246153846 0.222222224 0.155172408 0.165957451
0.173333332 0.007633588 0.056000002 0.050359711 0.014925373 0.022222223 0.056000002 0.003802281 0.014925373 0.022222223 0.032967035 0.043478262 0.043478262 0.068825908 0.147826090 0.000000000 0.068825908 0.032967035 0.051792830 0.032967035 0.003802281 0.023255814 0.014925373 0.047619049 0.036496349 0.043478262 0.015384615 0.015384615 0.100000001 0.023255814 0.102040820 0.076923080 0.007518797 0.018587360
0.105769232 0.061224490 0.012875536 0.118773945 0.083665341 0.090909094 0.012875536 0.065040648 0.083665341 0.090909094 0.101562500 0.111969113 0.111969113 0.000000000 0.079812206 0.068825908 0.000000000 0.101562500 0.017094018 0.101562500 0.065040648 0.045643155 0.083665341 0.021276595 0.105058365 0.111969113 0.053497944 0.053497944 0.031390134 0.045643155 0.169675097 0.144981414 0.076305218 0.087301590
0.205128208 0.040590405 0.088803090 0.017421603 0.018050542 0.010752688 0.088803090 0.036764707 0.018050542 0.010752688 0.000000000 0.010526316 0.010526316 0.101562500 0.179916322 0.032967035 0.101562500 0.000000000 0.084615387 0.000000000 0.036764707 0.056179777 0.018050542 0.080459774 0.003533569 0.010526316 0.048327137 0.048327137 0.132530123 0.056179777 0.069306932 0.044067796 0.025454545 0.014388490
0.122641511 0.044176705 0.004219409 0.101886794 0.066666670 0.073929958 0.004219409 0.048000000 0.066666670 0.073929958 0.084615387 0.095057033 0.095057033 0.017094018 0.096774191 0.051792830 0.017094018 0.084615387 0.000000000 0.084615387 0.048000000 0.028571429 0.066666670 0.004184100 0.088122606 0.095057033 0.036437247 0.036437247 0.048458152 0.028571429 0.153024912 0.128205135 0.059288539 0.070312500
0.205128208 0.040590405 0.088803090 0.017421603 0.018050542 0.010752688 0.088803090 0.036764707 0.018050542 0.010752688 0.000000000 0.010526316 0.010526316 0.101562500 0.179916322 0.032967035 0.101562500 0.000000000 0.084615387 0.000000000 0.036764707 0.056179777 0.018050542 0.080459774 0.003533569 0.010526316 0.048327137 0.048327137 0.132530123 0.056179777 0.069306932 0.044067796 0.025454545 0.014388490
0.169642851 0.003831418 0.052208837 0.054151624 0.018726591 0.026022306 0.052208837 0.000000000 0.018726591 0.026022306 0.036764707 0.047272727 0.047272727 0.065040648 0.144104809 0.003802281 0.065040648 0.036764707 0.048000000 0.036764707 0.000000000 0.019455252 0.018726591 0.043824703 0.040293042 0.047272727 0.011583012 0.011583012 0.096234307 0.019455252 0.105802044 0.080701753 0.011320755 0.022388060
0.150684938 0.015625000 0.032786883 0.073529415 0.038167939 0.045454547 0.032786883 0.019455252 0.038167939 0.045454547 0.056179777 0.066666670 0.066666670 0.045643155 0.125000000 0.023255814 0.045643155 0.056179777 0.028571429 0.056179777 0.019455252 0.000000000 0.038167939 0.024390243 0.059701491 0.066666670 0.007874016 0.007874016 0.076923080 0.000000000 0.125000000 0.100000001 0.030769231 0.041825093
0.187772930 0.022556391 0.070866145 0.035460994 0.000000000 0.007299270 0.070866145 0.018726591 0.000000000 0.007299270 0.018050542 0.028571429 0.028571429 0.083665341 0.162393168 0.014925373 0.083665341 0.018050542 0.066666670 0.018050542 0.018726591 0.038167939 0.000000000 0.062500000 0.021582734 0.028571429 0.030303031 0.030303031 0.114754096 0.038167939 0.087248325 0.062068965 0.007407407 0.003663004
0.126760557 0.039999999 0.008403362 0.097744361 0.062500000 0.069767445 0.008403362 0.043824703 0.062500000 0.069767445 0.080459774 0.090909094 0.090909094 0.021276595 0.100917429 0.047619049 0.021276595 0.080459774 0.004184100 0.080459774 0.043824703 0.024390243 0.062500000 0.000000000 0.083969466 0.090909094 0.032258064 0.032258064 0.052631579 0.024390243 0.148936167 0.124087594 0.055118110 0.066147856
0.208510637 0.044117648 0.092307694 0.013888889 0.021582734 0.014285714 0.092307694 0.040293042 0.021582734 0.014285714 0.003533569 0.006993007 0.006993007 0.105058365 0.183333337 0.036496349 0.105058365 0.003533569 0.088122606 0.003533569 0.040293042 0.059701491 0.021582734 0.083969466 0.000000000 0.006993007 0.051851850 0.051851850 0.136000007 0.059701491 0.065789476 0.040540539 0.028985508 0.017921148
0.215189874 0.051094890 0.099236645 0.006896552 0.028571429 0.021276595 0.099236645 0.047272727 0.028571429 0.021276595 0.010526316 0.000000000 0.000000000 0.111969113 0.190082639 0.043478262 0.111969113 0.010526316 0.095057033 0.010526316 0.047272727 0.066666670 0.028571429 0.090909094 0.006993007 0.000000000 0.058823530 0.058823530 0.142857149 0.066666670 0.058823530 0.033557046 0.035971224 0.024911031
0.158371046 0.007751938 0.040650405 0.065693431 0.030303031 0.037593983 0.040650405 0.011583012 0.030303031 0.037593983 0.048327137 0.058823530 0.058823530 0.053497944 0.132743359 0.015384615 0.053497944 0.048327137 0.036437247 0.048327137 0.011583012 0.007874016 0.030303031 0.032258064 0.051851850 0.058823530 0.000000000 0.000000000 0.084745765 0.007874016 0.117241383 0.092198581 0.022900764 0.033962265
0.158371046 0.007751938 0.040650405 0.065693431 0.030303031 0.037593983 0.040650405 0.011583012 0.030303031 0.037593983 0.048327137 0.058823530 0.058823530 0.053497944 0.132743359 0.015384615 0.053497944 0.048327137 0.036437247 0.048327137 0.011583012 0.007874016 0.030303031 0.032258064 0.051851850 0.058823530 0.000000000 0.000000000 0.084745765 0.007874016 0.117241383 0.092198581 0.022900764 0.033962265
0.074626863 0.092436977 0.044247787 0.149606302 0.114754096 0.121951222 0.044247787 0.096234307 0.114754096 0.121951222 0.132530123 0.142857149 0.142857149 0.031390134 0.048543688 0.100000001 0.031390134 0.132530123 0.048458152 0.132530123 0.096234307 0.076923080 0.114754096 0.052631579 0.136000007 0.142857149 0.084745765 0.084745765 0.000000000 0.076923080 0.200000003 0.175572515 0.107438013 0.118367344
0.150684938 0.015625000 0.032786883 0.073529415 0.038167939 0.045454547 0.032786883 0.019455252 0.038167939 0.045454547 0.056179777 0.066666670 0.066666670 0.045643155 0.125000000 0.023255814 0.045643155 0.056179777 0.028571429 0.056179777 0.019455252 0.000000000 0.038167939 0.024390243 0.059701491 0.066666670 0.007874016 0.007874016 0.076923080 0.000000000 0.125000000 0.100000001 0.030769231 0.041825093
0.270588249 0.109589040 0.157142863 0.051948052 0.087248325 0.079999998 0.157142863 0.105802044 0.087248325 0.079999998 0.069306932 0.058823530 0.058823530 0.169675097 0.246153846 0.102040820 0.169675097 0.069306932 0.153024912 0.069306932 0.105802044 0.125000000 0.087248325 0.148936167 0.065789476 0.058823530 0.117241383 0.117241383 0.200000003 0.125000000 0.000000000 0.025316456 0.094594598 0.083612040
0.246963561 0.084507041 0.132352948 0.026666667 0.062068965 0.054794520 0.132352948 0.080701753 0.062068965 0.054794520 0.044067796 0.033557046 0.033557046 0.144981414 0.222222224 0.076923080 0.144981414 0.044067796 0.128205135 0.044067796 0.080701753 0.100000001 0.062068965 0.124087594 0.040540539 0.033557046 0.092198581 0.092198581 0.175572515 0.100000001 0.025316456 0.000000000 0.069444448 0.058419243
0.180616736 0.015151516 0.063492067 0.042857144 0.007407407 0.014705882 0.063492067 0.011320755 0.007407407 0.014705882 0.025454545 0.035971224 0.035971224 0.076305218 0.155172408 0.007518797 0.076305218 0.025454545 0.059288539 0.025454545 0.011320755 0.030769231 0.007407407 0.055118110 0.028985508 0.035971224 0.022900764 0.022900764 0.107438013 0.030769231 0.094594598 0.069444448 0.000000000 0.011070111
0.191304341 0.026217228 0.074509807 0.031802122 0.003663004 0.003636364 0.074509807 0.022388060 0.003663004 0.003636364 0.014388490 0.024911031 0.024911031 0.087301590 0.165957451 0.018587360 0.087301590 0.014388490 0.070312500 0.014388490 0.022388060 0.041825093 0.003663004 0.066147856 0.017921148 0.024911031 0.033962265 0.033962265 0.118367344 0.041825093 0.083612040 0.058419243 0.011070111 0.000000000
