0.013392514 0.032044142 0.025924657 0.061654583 0.039939377 0.032163467 0.043481756 0.039594498 0.040709082 0.051604331 0.043648858 0.057119943 0.034318846 0.037448779 0.024459992 0.026244272 0.028989103 0.052832007 0.037031148 0.042930953 0.022524755 0.040513374 0.024333376 0.039879151 0.045624241 0.043926928 0.034368999 0.035964776 0.021325594 0.039326653 0.063454881 0.043610208 0.046898596 0.025896035
0.032044142 0.021812778 0.024107920 0.037756369 0.025946945 0.021090772 0.015310691 0.020436108 0.028041029 0.027063616 0.022335023 0.027041528 0.019694138 0.016725864 0.023263589 0.025880603 0.024415698 0.026664082 0.017639903 0.033153534 0.021775939 0.018470148 0.027729360 0.018011125 0.021917965 0.024361240 0.022481380 0.018192712 0.026075110 0.019323055 0.045089766 0.023773920 0.025053773 0.024535650
0.025924657 0.024107920 -0.000289202 0.044300184 0.018048920 0.013691998 0.016740629 0.019285221 0.021274576 0.033781882 0.024176607 0.040697835 0.017812029 0.015590280 0.016209133 0.013971700 0.014364305 0.031438969 0.015591335 0.024696494 0.004752824 0.019126175 0.012320899 0.016946662 0.028016325 0.027303193 0.016759632 0.013162719 0.011981515 0.018041052 0.043423425 0.023913827 0.020839453 0.008872434
0.061654583 0.037756369 0.044300184 0.017972805 0.031436324 0.033366941 0.029794931 0.032328509 0.039741762 0.021391768 0.020496167 0.016721187 0.026186263 0.033328444 0.059633069 0.057281286 0.036649674 0.027974797 0.031094752 0.023265485 0.037403435 0.024827821 0.053070299 0.025484242 0.033621345 0.016268322 0.031105898 0.032142073 0.041367792 0.032222945 0.044465370 0.014441418 0.039908297 0.049064718
0.039939377 0.025946945 0.018048920 0.031436324 -0.002263857 0.018770674 0.010710215 0.017443381 0.022022948 0.020093728 0.017158354 0.020183552 0.012158187 0.015770197 0.034357287 0.027415615 0.017370347 0.035310861 0.016877346 0.018137680 0.018265273 0.014154006 0.028834637 0.012255483 0.024138419 0.015624090 0.017098485 0.015652355 0.025043916 0.017687103 0.055997096 0.017486192 0.026013294 0.029059753
0.032163467 0.021090772 0.013691998 0.033366941 0.018770674 0.008413994 0.007701308 0.013369373 0.014887692 0.023597831 0.016923154 0.026495345 0.012521556 0.009957325 0.026471846 0.019920845 0.013322974 0.026191769 0.011506388 0.019500662 0.009779131 0.012491584 0.021894976 0.010492206 0.022065789 0.018243361 0.012308508 0.008385779 0.020229122 0.012532553 0.042224571 0.023891462 0.023366723 0.018470781
0.043481756 0.015310691 0.016740629 0.029794931 0.010710215 0.007701308 -0.004987312 0.009284490 0.013446881 0.020095706 0.002986571 0.019594941 0.009248234 0.007720978 0.032916825 0.027476642 0.012726124 0.024316387 0.007521670 0.014177238 0.015934501 0.005075978 0.027635569 0.000145361 0.015199717 0.006126837 0.006584839 0.006787208 0.019414740 0.010682774 0.045244657 0.015844313 0.021066427 0.022639232
0.039594498 0.020436108 0.019285221 0.032328509 0.017443381 0.013369373 0.009284490 0.004618770 0.017286234 0.019826267 0.012819881 0.024601616 0.010216573 0.010840965 0.031452425 0.027897812 0.017649593 0.022313986 0.014124663 0.018912280 0.015452638 0.012899255 0.029163282 0.009902233 0.018552614 0.012307590 0.013927321 0.012698260 0.023400027 0.011419052 0.041797131 0.017063551 0.017521102 0.022011394
0.040709082 0.028041029 0.021274576 0.039741762 0.022022948 0.014887692 0.013446881 0.017286234 0.007840894 0.027590420 0.020999394 0.029280061 0.018918889 0.016167853 0.035573505 0.030422257 0.019939272 0.029187275 0.018253298 0.022586318 0.017612718 0.016198862 0.030441355 0.012044036 0.027969804 0.019923758 0.019723546 0.014956871 0.022550020 0.016898561 0.051476613 0.025687627 0.018955847 0.022113271
0.051604331 0.027063616 0.033781882 0.021391768 0.020093728 0.023597831 0.020095706 0.019826267 0.027590420 0.007852094 0.011621613 0.012354305 0.018544406 0.022455420 0.046461843 0.046763003 0.027950896 0.018686248 0.022733158 0.015784618 0.028394964 0.017772863 0.042119525 0.018719092 0.024112340 0.008356950 0.022727694 0.023525478 0.033354193 0.021892361 0.037875015 0.007074576 0.023590606 0.039406776
0.043648858 0.022335023 0.024176607 0.020496167 0.017158354 0.016923154 0.002986571 0.012819881 0.020999394 0.011621613 0.000662369 0.012931338 0.011761963 0.013545220 0.034380727 0.034299795 0.020179063 0.014742495 0.016171720 0.016344503 0.020608999 0.011378291 0.031365309 0.012889175 0.015654132 0.008310519 0.016895110 0.015891274 0.029134652 0.016047977 0.034881297 0.009015790 0.016983621 0.028801130
0.057119943 0.027041528 0.040697835 0.016721187 0.020183552 0.026495345 0.019594941 0.024601616 0.029280061 0.012354305 0.012931338 0.007348812 0.019048812 0.024274176 0.053344626 0.051574830 0.031226618 0.023388568 0.023933213 0.016990168 0.033415854 0.016821424 0.047151916 0.017904900 0.025455570 0.009184721 0.024191497 0.024776515 0.034327891 0.023736097 0.045138538 0.009134574 0.026099140 0.043954141
0.034318846 0.019694138 0.017812029 0.026186263 0.012158187 0.012521556 0.009248234 0.010216573 0.018918889 0.018544406 0.011761963 0.019048812 0.001551862 0.011375132 0.026475087 0.025925424 0.017520390 0.021170691 0.014599904 0.016390495 0.019045286 0.014136413 0.023373041 0.011775548 0.017001648 0.015886579 0.014297768 0.013147645 0.021993488 0.014332416 0.040144306 0.015268740 0.015739480 0.021285973
0.037448779 0.016725864 0.015590280 0.033328444 0.015770197 0.009957325 0.007720978 0.010840965 0.016167853 0.022455420 0.013545220 0.024274176 0.011375132 0.001297467 0.028077116 0.023859672 0.013299572 0.022793159 0.010848273 0.019789495 0.015545119 0.014604980 0.023251409 0.012924004 0.017367437 0.017581064 0.012679636 0.011090282 0.020702977 0.012678483 0.043433838 0.022008898 0.022599634 0.019166883
0.024459992 0.023263589 0.016209133 0.059633069 0.034357287 0.026471846 0.032916825 0.031452425 0.035573505 0.046461843 0.034380727 0.053344626 0.026475087 0.028077116 0.007759831 0.020214818 0.020074170 0.045927487 0.029611602 0.038736511 0.016478166 0.032124095 0.017917363 0.031183083 0.038935624 0.036176674 0.027728451 0.028497813 0.019357417 0.031480622 0.053008437 0.039215084 0.037828073 0.019051461
0.026244272 0.025880603 0.013971700 0.057281286 0.027415615 0.019920845 0.027476642 0.027897812 0.030422257 0.046763003 0.034299795 0.051574830 0.025925424 0.023859672 0.020214818 0.004190357 0.018297952 0.041988209 0.026113680 0.036894117 0.009973601 0.028978851 0.013967915 0.026997183 0.035237849 0.038434304 0.025090478 0.024816776 0.010443069 0.028482616 0.051910281 0.036634404 0.030552840 0.013705277
0.028989103 0.024415698 0.014364305 0.036649674 0.017370347 0.013322974 0.012726124 0.017649593 0.019939272 0.027950896 0.020179063 0.031226618 0.017520390 0.013299572 0.020074170 0.018297952 0.002498066 0.029002879 0.011324240 0.021816563 0.010164757 0.015584541 0.015587726 0.013243644 0.024112847 0.023826720 0.013867965 0.013208862 0.015129406 0.017154012 0.041046459 0.023728359 0.028396808 0.013006083
0.052832007 0.026664082 0.031438969 0.027974797 0.035310861 0.026191769 0.024316387 0.022313986 0.029187275 0.018686248 0.014742495 0.023388568 0.021170691 0.022793159 0.045927487 0.041988209 0.029002879 0.007823549 0.023795884 0.028611101 0.027627286 0.020277502 0.040780798 0.026274521 0.020975467 0.014239212 0.025367929 0.025367226 0.037428573 0.024488542 0.028681213 0.014940938 0.030071910 0.034692228
0.037031148 0.017639903 0.015591335 0.031094752 0.016877346 0.011506388 0.007521670 0.014124663 0.018253298 0.022733158 0.016171720 0.023933213 0.014599904 0.010848273 0.029611602 0.026113680 0.011324240 0.023795884 0.001709125 0.018605752 0.016499143 0.013189487 0.023388345 0.011939589 0.019659478 0.017833408 0.012525914 0.012264509 0.017946780 0.015669271 0.041170068 0.020186361 0.025486391 0.018069450
0.042930953 0.033153534 0.024696494 0.023265485 0.018137680 0.019500662 0.014177238 0.018912280 0.022586318 0.015784618 0.016344503 0.016990168 0.016390495 0.019789495 0.038736511 0.036894117 0.021816563 0.028611101 0.018605752 -0.001133308 0.018035315 0.016924057 0.035528645 0.015751161 0.026866224 0.016277367 0.019653175 0.012847971 0.028804159 0.017985031 0.047902938 0.015925752 0.026046773 0.036400594
0.022524755 0.021775939 0.004752824 0.037403435 0.018265273 0.009779131 0.015934501 0.015452638 0.017612718 0.028394964 0.020608999 0.033415854 0.019045286 0.015545119 0.016478166 0.009973601 0.010164757 0.027627286 0.016499143 0.018035315 -0.003373930 0.018057082 0.009709414 0.015957516 0.028679123 0.025262520 0.013580065 0.009689908 0.010547714 0.015971418 0.038305249 0.024699081 0.018941417 0.012188536
0.040513374 0.018470148 0.019126175 0.024827821 0.014154006 0.012491584 0.005075978 0.012899255 0.016198862 0.017772863 0.011378291 0.016821424 0.014136413 0.014604980 0.032124095 0.028978851 0.015584541 0.020277502 0.013189487 0.016924057 0.018057082 -0.000910592 0.026637303 0.009700489 0.016849890 0.013274615 0.011887012 0.010324232 0.022119485 0.014990560 0.036901992 0.016843971 0.018501740 0.024188288
0.024333376 0.027729360 0.012320899 0.053070299 0.028834637 0.021894976 0.027635569 0.029163282 0.030441355 0.042119525 0.031365309 0.047151916 0.023373041 0.023251409 0.017917363 0.013967915 0.015587726 0.040780798 0.023388345 0.035528645 0.009709414 0.026637303 0.003266710 0.026768992 0.034074087 0.034103386 0.024533479 0.024266940 0.013488461 0.028287895 0.048187964 0.037168581 0.030972611 0.014617480
0.039879151 0.018011125 0.016946662 0.025484242 0.012255483 0.010492206 0.000145361 0.009902233 0.012044036 0.018719092 0.012889175 0.017904900 0.011775548 0.012924004 0.031183083 0.026997183 0.013243644 0.026274521 0.011939589 0.015751161 0.015957516 0.009700489 0.026768992 -0.001956290 0.019932449 0.016040156 0.008804454 0.008062440 0.020323414 0.011131259 0.046179436 0.022329342 0.018313017 0.023979176
0.045624241 0.021917965 0.028016325 0.033621345 0.024138419 0.022065789 0.015199717 0.018552614 0.027969804 0.024112340 0.015654132 0.025455570 0.017001648 0.017367437 0.038935624 0.035237849 0.024112847 0.020975467 0.019659478 0.026866224 0.028679123 0.016849890 0.034074087 0.019932449 -0.013904981 0.015324809 0.021211982 0.020438412 0.029775316 0.021224538 0.032433584 0.020619202 0.025678821 0.029419687
0.043926928 0.024361240 0.027303193 0.016268322 0.015624090 0.018243361 0.006126837 0.012307590 0.019923758 0.008356950 0.008310519 0.009184721 0.015886579 0.017581064 0.036176674 0.038434304 0.023826720 0.014239212 0.017833408 0.016277367 0.025262520 0.013274615 0.034103386 0.016040156 0.015324809 -0.000203389 0.017675364 0.016333740 0.031478796 0.016168652 0.035675600 0.009448425 0.014891273 0.031599786
0.034368999 0.022481380 0.016759632 0.031105898 0.017098485 0.012308508 0.006584839 0.013927321 0.019723546 0.022727694 0.016895110 0.024191497 0.014297768 0.012679636 0.027728451 0.025090478 0.013867965 0.025367929 0.012525914 0.019653175 0.013580065 0.011887012 0.024533479 0.008804454 0.021211982 0.017675364 0.008502141 0.006001532 0.021339089 0.012969247 0.041494817 0.021031225 0.022544812 0.019460985
0.035964776 0.018192712 0.013162719 0.032142073 0.015652355 0.008385779 0.006787208 0.012698260 0.014956871 0.023525478 0.015891274 0.024776515 0.013147645 0.011090282 0.028497813 0.024816776 0.013208862 0.025367226 0.012264509 0.012847971 0.009689908 0.010324232 0.024266940 0.008062440 0.020438412 0.016333740 0.006001532 0.001970168 0.015748033 0.011001786 0.042863682 0.019643430 0.021780869 0.018223707
0.021325594 0.026075110 0.011981515 0.041367792 0.025043916 0.020229122 0.019414740 0.023400027 0.022550020 0.033354193 0.029134652 0.034327891 0.021993488 0.020702977 0.019357417 0.010443069 0.015129406 0.037428573 0.017946780 0.028804159 0.010547714 0.022119485 0.013488461 0.020323414 0.029775316 0.031478796 0.021339089 0.015748033 0.009546855 0.021308281 0.043180626 0.035065297 0.029021073 0.013346435
0.039326653 0.019323055 0.018041052 0.032222945 0.017687103 0.012532553 0.010682774 0.011419052 0.016898561 0.021892361 0.016047977 0.023736097 0.014332416 0.012678483 0.031480622 0.028482616 0.017154012 0.024488542 0.015669271 0.017985031 0.015971418 0.014990560 0.028287895 0.011131259 0.021224538 0.016168652 0.012969247 0.011001786 0.021308281 0.007123148 0.042695761 0.017131284 0.017945185 0.020322504
0.063454881 0.045089766 0.043423425 0.044465370 0.055997096 0.042224571 0.045244657 0.041797131 0.051476613 0.037875015 0.034881297 0.045138538 0.040144306 0.043433838 0.053008437 0.051910281 0.041046459 0.028681213 0.041170068 0.047902938 0.038305249 0.036901992 0.048187964 0.046179436 0.032433584 0.035675600 0.041494817 0.042863682 0.043180626 0.042695761 -0.019398861 0.030003350 0.051708803 0.041688450
0.043610208 0.023773920 0.023913827 0.014441418 0.017486192 0.023891462 0.015844313 0.017063551 0.025687627 0.007074576 0.009015790 0.009134574 0.015268740 0.022008898 0.039215084 0.036634404 0.023728359 0.014940938 0.020186361 0.015925752 0.024699081 0.016843971 0.037168581 0.022329342 0.020619202 0.009448425 0.021031225 0.019643430 0.035065297 0.017131284 0.030003350 0.002488423 0.022028143 0.036751021
0.046898596 0.025053773 0.020839453 0.039908297 0.026013294 0.023366723 0.021066427 0.017521102 0.018955847 0.023590606 0.016983621 0.026099140 0.015739480 0.022599634 0.037828073 0.030552840 0.028396808 0.030071910 0.025486391 0.026046773 0.018941417 0.018501740 0.030972611 0.018313017 0.025678821 0.014891273 0.022544812 0.021780869 0.029021073 0.017945185 0.051708803 0.022028143 -0.004071537 0.028424876
0.025896035 0.024535650 0.008872434 0.049064718 0.029059753 0.018470781 0.022639232 0.022011394 0.022113271 0.039406776 0.028801130 0.043954141 0.021285973 0.019166883 0.019051461 0.013705277 0.013006083 0.034692228 0.018069450 0.036400594 0.012188536 0.024188288 0.014617480 0.023979176 0.029419687 0.031599786 0.019460985 0.018223707 0.013346435 0.020322504 0.041688450 0.036751021 0.028424876 0.008035664
