0.017951552 0.048972487 0.032407332 0.058985893 0.039979979 0.035957072 0.037343275 0.040267743 0.046774656 0.047957748 0.042975318 0.055048272 0.036477260 0.039114401 0.025045028 0.032441758 0.030036487 0.062889971 0.040489499 0.042198390 0.031332225 0.043315399 0.024014467 0.039025072 0.046643943 0.048547022 0.042900734 0.035862863 0.020113738 0.042187091 0.071221069 0.037464559 0.050710291 0.031657957
0.048972487 0.001648784 0.025709387 0.031450719 0.030063041 0.019567547 0.016152851 0.016392745 0.019672325 0.019629285 0.025117764 0.022545919 0.018331781 0.021605620 0.044564508 0.028508414 0.021798331 0.029320750 0.016063657 0.024220949 0.031419490 0.014292162 0.032073185 0.016589111 0.021331534 0.019208955 0.016988732 0.016902413 0.025317039 0.015837615 0.051452354 0.026228745 0.024759060 0.040648721
0.032407332 0.025709387 0.006478243 0.041006073 0.021596493 0.016909771 0.015721945 0.019346386 0.019889459 0.029316256 0.026921364 0.035434581 0.020535886 0.020458380 0.026507907 0.019837623 0.016311320 0.040035322 0.018255021 0.022092421 0.014683478 0.021409649 0.017990969 0.017537944 0.029570252 0.029571872 0.020970762 0.013763128 0.014211907 0.018995062 0.053514905 0.026598221 0.025005441 0.020025756
0.058985893 0.031450719 0.041006073 0.008070430 0.031608157 0.029124875 0.027616132 0.022011969 0.033023912 0.010723702 0.019610252 0.012227049 0.023501255 0.031201394 0.054741848 0.050578214 0.031835791 0.026936956 0.029607030 0.021952910 0.042801231 0.022834878 0.045940109 0.027651059 0.026904788 0.016194835 0.030156050 0.030429550 0.036209662 0.025629371 0.040429726 0.009715985 0.032260742 0.047727361
0.039979979 0.030063041 0.021596493 0.031608157 -0.002436233 0.019612109 0.011889077 0.015657496 0.023576699 0.022462588 0.018080141 0.025044229 0.015535874 0.017992869 0.030167598 0.029357094 0.017493509 0.045697708 0.021063805 0.018306024 0.019055367 0.016022120 0.024552960 0.013893900 0.023996674 0.016874772 0.022670725 0.017806565 0.019295737 0.018512364 0.064493224 0.017178196 0.024969503 0.026162967
0.035957072 0.019567547 0.016909771 0.029124875 0.019612109 0.008186494 0.007370479 0.009699840 0.013904681 0.020389507 0.018215572 0.024024881 0.014171242 0.012435273 0.030307889 0.020903900 0.012763422 0.029977074 0.013898998 0.015226476 0.016210806 0.013759732 0.020747568 0.011007862 0.021274187 0.018750355 0.013853334 0.008351622 0.018125415 0.011649769 0.045611769 0.022785924 0.022015799 0.024609948
0.037343275 0.016152851 0.015721945 0.027616132 0.011889077 0.007370479 -0.004524957 0.003479829 0.012692210 0.016346302 0.002221556 0.021333613 0.008510980 0.005559825 0.027517537 0.023330908 0.011073440 0.023815842 0.008314069 0.013728419 0.014830226 0.004878209 0.022373589 0.001981984 0.011284310 0.005404979 0.008871744 0.004402148 0.017863009 0.006298387 0.043371554 0.013586927 0.016926624 0.018528324
0.040267743 0.016392745 0.019346386 0.022011969 0.015657496 0.009699840 0.003479829 -0.001715676 0.012152589 0.012339348 0.010416318 0.016312692 0.008337256 0.011339907 0.032171831 0.027629737 0.013934026 0.023457188 0.011805543 0.010566553 0.020076660 0.010449382 0.024978289 0.005884798 0.014975949 0.009713789 0.011629771 0.008413171 0.018758433 0.006782064 0.041305922 0.014310028 0.013101911 0.026275337
0.046774656 0.019672325 0.019889459 0.033023912 0.023576699 0.013904681 0.012692210 0.012152589 0.004158162 0.020612719 0.022232046 0.024240568 0.016791573 0.017541084 0.038065113 0.027297989 0.017641770 0.029561732 0.017109754 0.018201565 0.024007503 0.012890352 0.027442530 0.010396171 0.025466138 0.018166572 0.016989768 0.012421808 0.022533365 0.012363826 0.054103918 0.023950454 0.016154837 0.036055826
0.047957748 0.019629285 0.029316256 0.010723702 0.022462588 0.020389507 0.016346302 0.012339348 0.020612719 -0.002965461 0.010414159 0.003604260 0.015602839 0.020581260 0.042940784 0.039151844 0.024230886 0.016010191 0.019830313 0.010560134 0.030406438 0.014230583 0.035668530 0.018346254 0.014551869 0.006505068 0.020418881 0.017512705 0.030803245 0.015248707 0.033147402 0.003603707 0.016812935 0.037053343
0.042975318 0.025117764 0.026921364 0.019610252 0.018080141 0.018215572 0.002221556 0.010416318 0.022232046 0.010414159 0.000752731 0.014234164 0.012759483 0.014693338 0.034262557 0.034165427 0.019869115 0.019722672 0.017998079 0.015508121 0.023473505 0.011632558 0.029477015 0.013291285 0.014351441 0.007573796 0.019838251 0.015812155 0.027361296 0.015368346 0.038670477 0.008172125 0.016592557 0.030946357
0.055048272 0.022545919 0.035434581 0.012227049 0.025044229 0.024024881 0.021333613 0.016312692 0.024240568 0.003604260 0.014234164 0.001542895 0.017544122 0.023705540 0.048916347 0.044804063 0.028336130 0.019839097 0.023535037 0.016166694 0.035088018 0.015963629 0.040497631 0.020565234 0.018276926 0.009256903 0.023265909 0.023094431 0.033361334 0.018684501 0.039256375 0.009868385 0.020366553 0.041410502
0.036477260 0.018331781 0.020535886 0.023501255 0.015535874 0.014171242 0.008510980 0.008337256 0.016791573 0.015602839 0.012759483 0.017544122 0.001403403 0.013810549 0.031794183 0.026157172 0.016239213 0.025904816 0.013200464 0.012882959 0.021399643 0.013302170 0.023523185 0.011166122 0.016402720 0.013633426 0.016302988 0.011880307 0.022827806 0.012351719 0.045475397 0.018437592 0.015363013 0.026309170
0.039114401 0.021605620 0.020458380 0.031201394 0.017992869 0.012435273 0.005559825 0.011339907 0.017541084 0.020581260 0.014693338 0.023705540 0.013810549 0.010199372 0.030188220 0.026197195 0.014420042 0.030543812 0.014966521 0.016172424 0.017327815 0.015089108 0.022533022 0.011858921 0.020060252 0.017361840 0.016983477 0.011109112 0.019070182 0.013546158 0.051574513 0.023917291 0.023978550 0.023525413
0.025045028 0.044564508 0.026507907 0.054741848 0.030167598 0.030307889 0.027517537 0.032171831 0.038065113 0.042940784 0.034262557 0.048916347 0.031794183 0.030188220 0.008330007 0.027020335 0.023299273 0.059726961 0.034870110 0.033773549 0.024427246 0.037567183 0.019677311 0.032004267 0.038210310 0.043177038 0.037926178 0.028075399 0.015678152 0.035506755 0.062748633 0.032902576 0.043461196 0.020166773
0.032441758 0.028508414 0.019837623 0.050578214 0.029357094 0.020903900 0.023330908 0.027629737 0.027297989 0.039151844 0.034165427 0.044804063 0.026157172 0.026197195 0.027020335 0.005933011 0.018080374 0.050740257 0.026696725 0.030629802 0.016628271 0.028636914 0.015866464 0.025198657 0.034518212 0.037350331 0.027049959 0.020924378 0.010435116 0.027170012 0.059239794 0.036247272 0.034091529 0.021324744
0.030036487 0.021798331 0.016311320 0.031835791 0.017493509 0.012763422 0.011073440 0.013934026 0.017641770 0.024230886 0.019869115 0.028336130 0.016239213 0.014420042 0.023299273 0.018080374 0.000681106 0.031984672 0.012131649 0.016754862 0.012113703 0.014827391 0.014602903 0.012141787 0.022281703 0.021668889 0.014428842 0.011471111 0.012848435 0.014956148 0.044723928 0.022999659 0.026389647 0.016717579
0.062889971 0.029320750 0.040035322 0.026936956 0.045697708 0.029977074 0.023815842 0.023457188 0.029561732 0.016010191 0.019722672 0.019839097 0.025904816 0.030543812 0.059726961 0.050740257 0.031984672 0.017675459 0.027796807 0.028491080 0.045766801 0.024620300 0.047893882 0.028793067 0.024049256 0.020451436 0.030509150 0.029085077 0.041741535 0.026878104 0.037657887 0.021412108 0.034973852 0.052768543
0.040489499 0.016063657 0.018255021 0.029607030 0.021063805 0.013898998 0.008314069 0.011805543 0.017109754 0.019830313 0.017998079 0.023535037 0.013200464 0.014966521 0.034870110 0.026696725 0.012131649 0.027796807 0.002629927 0.017031590 0.019456312 0.013008953 0.023998886 0.012338407 0.019304737 0.016305203 0.014697164 0.011428998 0.019543294 0.013858577 0.046528280 0.022561535 0.025327470 0.024129579
0.042198390 0.024220949 0.022092421 0.021952910 0.018306024 0.015226476 0.013728419 0.010566553 0.018201565 0.010560134 0.015508121 0.016166694 0.012882959 0.016172424 0.033773549 0.030629802 0.016754862 0.028491080 0.017031590 -0.001915040 0.021519249 0.013301721 0.027877962 0.014993884 0.021179691 0.015194798 0.018665591 0.010885228 0.022400264 0.011508252 0.047387544 0.010708285 0.020254411 0.031340312
0.031332225 0.031419490 0.014683478 0.042801231 0.019055367 0.016210806 0.014830226 0.020076660 0.024007503 0.030406438 0.023473505 0.035088018 0.021399643 0.017327815 0.024427246 0.016628271 0.012113703 0.045766801 0.019456312 0.021519249 0.006350415 0.020477721 0.014669373 0.015564924 0.030056514 0.028903682 0.021631509 0.014769565 0.009058299 0.020867515 0.059777714 0.023172416 0.031412952 0.016931580
0.043315399 0.014292162 0.021409649 0.022834878 0.016022120 0.013759732 0.004878209 0.010449382 0.012890352 0.014230583 0.011632558 0.015963629 0.013302170 0.015089108 0.037567183 0.028636914 0.014827391 0.024620300 0.013008953 0.013301721 0.020477721 -0.000999283 0.028168859 0.008508757 0.013808619 0.009055773 0.012485861 0.008527436 0.022161944 0.011969986 0.042816781 0.017934840 0.018813521 0.026716184
0.024014467 0.032073185 0.017990969 0.045940109 0.024552960 0.020747568 0.022373589 0.024978289 0.027442530 0.035668530 0.029477015 0.040497631 0.023523185 0.022533022 0.019677311 0.015866464 0.014602903 0.047893882 0.023998886 0.027877962 0.014669373 0.028168859 0.005716623 0.025985997 0.029045295 0.035901085 0.028572295 0.021833956 0.009803808 0.027034005 0.054007247 0.030866645 0.032844462 0.016191952
0.039025072 0.016589111 0.017537944 0.027651059 0.013893900 0.011007862 0.001981984 0.005884798 0.010396171 0.018346254 0.013291285 0.020565234 0.011166122 0.011858921 0.032004267 0.025198657 0.012141787 0.028793067 0.012338407 0.014993884 0.015564924 0.008508757 0.025985997 -0.001749890 0.015965570 0.013915104 0.010124059 0.006697233 0.018885946 0.007960422 0.050288066 0.022960328 0.016940687 0.022295753
0.046643943 0.021331534 0.029570252 0.026904788 0.023996674 0.021274187 0.011284310 0.014975949 0.025466138 0.014551869 0.014351441 0.018276926 0.016402720 0.020060252 0.038210310 0.034518212 0.022281703 0.024049256 0.019304737 0.021179691 0.030056514 0.013808619 0.029045295 0.015965570 -0.011979931 0.012455184 0.019483849 0.017412249 0.025661483 0.018689224 0.036279470 0.018395606 0.023045011 0.035045423
0.048547022 0.019208955 0.029571872 0.016194835 0.016874772 0.018750355 0.005404979 0.009713789 0.018166572 0.006505068 0.007573796 0.009256903 0.013633426 0.017361840 0.043177038 0.037350331 0.021668889 0.020451436 0.016305203 0.015194798 0.028903682 0.009055773 0.035901085 0.013915104 0.012455184 -0.000492540 0.018262547 0.016468551 0.030160492 0.012832824 0.043253042 0.009781994 0.016617104 0.034683153
0.042900734 0.016988732 0.020970762 0.030156050 0.022670725 0.013853334 0.008871744 0.011629771 0.016989768 0.020418881 0.019838251 0.023265909 0.016302988 0.016983477 0.037926178 0.027049959 0.014428842 0.030509150 0.014697164 0.018665591 0.021631509 0.012485861 0.028572295 0.010124059 0.019483849 0.018262547 0.009557486 0.007806109 0.023036342 0.011584016 0.048515141 0.026334124 0.023514722 0.031270079
0.035862863 0.016902413 0.013763128 0.030429550 0.017806565 0.008351622 0.004402148 0.008413171 0.012421808 0.017512705 0.015812155 0.023094431 0.011880307 0.011109112 0.028075399 0.020924378 0.011471111 0.029085077 0.011428998 0.010885228 0.014769565 0.008527436 0.021833956 0.006697233 0.017412249 0.016468551 0.007806109 -0.000701576 0.013822805 0.007046643 0.047068022 0.016960528 0.020515390 0.022030737
0.020113738 0.025317039 0.014211907 0.036209662 0.019295737 0.018125415 0.017863009 0.018758433 0.022533365 0.030803245 0.027361296 0.033361334 0.022827806 0.019070182 0.015678152 0.010435116 0.012848435 0.041741535 0.019543294 0.022400264 0.009058299 0.022161944 0.009803808 0.018885946 0.025661483 0.030160492 0.023036342 0.013822805 0.002539679 0.020357229 0.046189394 0.027432915 0.026842009 0.009043129
0.042187091 0.015837615 0.018995062 0.025629371 0.018512364 0.011649769 0.006298387 0.006782064 0.012363826 0.015248707 0.015368346 0.018684501 0.012351719 0.013546158 0.035506755 0.027170012 0.014956148 0.026878104 0.013858577 0.011508252 0.020867515 0.011969986 0.027034005 0.007960422 0.018689224 0.012832824 0.011584016 0.007046643 0.020357229 0.002673781 0.046066403 0.015044293 0.016246911 0.028637718
0.071221069 0.051452354 0.053514905 0.040429726 0.064493224 0.045611769 0.043371554 0.041305922 0.054103918 0.033147402 0.038670477 0.039256375 0.045475397 0.051574513 0.062748633 0.059239794 0.044723928 0.037657887 0.046528280 0.047387544 0.059777714 0.042816781 0.054007247 0.050288066 0.036279470 0.043253042 0.048515141 0.047068022 0.046189394 0.046066403 -0.012666413 0.030341202 0.056426428 0.060777482
0.037464559 0.026228745 0.026598221 0.009715985 0.017178196 0.022785924 0.013586927 0.014310028 0.023950454 0.003603707 0.008172125 0.009868385 0.018437592 0.023917291 0.032902576 0.036247272 0.022999659 0.021412108 0.022561535 0.010708285 0.023172416 0.017934840 0.030866645 0.022960328 0.018395606 0.009781994 0.026334124 0.016960528 0.027432915 0.015044293 0.030341202 0.002064091 0.017809151 0.031678516
0.050710291 0.024759060 0.025005441 0.032260742 0.024969503 0.022015799 0.016926624 0.013101911 0.016154837 0.016812935 0.016592557 0.020366553 0.015363013 0.023978550 0.043461196 0.034091529 0.026389647 0.034973852 0.025327470 0.020254411 0.031412952 0.018813521 0.032844462 0.016940687 0.023045011 0.016617104 0.023514722 0.020515390 0.026842009 0.016246911 0.056426428 0.017809151 -0.002614427 0.038308538
0.031657957 0.040648721 0.020025756 0.047727361 0.026162967 0.024609948 0.018528324 0.026275337 0.036055826 0.037053343 0.030946357 0.041410502 0.026309170 0.023525413 0.020166773 0.021324744 0.016717579 0.052768543 0.024129579 0.031340312 0.016931580 0.026716184 0.016191952 0.022295753 0.035045423 0.034683153 0.031270079 0.022030737 0.009043129 0.028637718 0.060777482 0.031678516 0.038308538 0.012592584
