0.020079309 0.047267634 0.030180475 0.058826316 0.038614906 0.038495481 0.035113119 0.039875880 0.046400733 0.052992679 0.041337244 0.054925367 0.034378413 0.037185669 0.030064460 0.033173122 0.029641006 0.050675653 0.039306082 0.055890668 0.029276058 0.033683639 0.025926419 0.031892352 0.039736621 0.040136587 0.041413650 0.036202751 0.026181737 0.034091637 0.073507473 0.034631014 0.040186726 0.039011776
0.047267634 0.005323123 0.031731382 0.032096028 0.017380171 0.020076070 0.016654687 0.014248651 0.027060470 0.026328471 0.022590058 0.027902095 0.018691132 0.018696267 0.045695696 0.042757589 0.023651376 0.028541204 0.022149645 0.034293219 0.030113721 0.018195542 0.036979001 0.020063737 0.013297051 0.022082746 0.029233657 0.020794801 0.028802190 0.018654387 0.045802947 0.009020674 0.025284691 0.038566358
0.030180475 0.031731382 0.006198943 0.044507988 0.023334604 0.019412780 0.016711505 0.020289272 0.026248422 0.037288558 0.027928650 0.042042091 0.021638863 0.019703895 0.022910163 0.020497784 0.017667480 0.032990135 0.022605155 0.036377013 0.012517153 0.019476291 0.015746288 0.017734094 0.025460813 0.029275462 0.024898183 0.017223824 0.018535189 0.017832693 0.051550817 0.022012033 0.019604156 0.021698730
0.058826316 0.032096028 0.044507988 0.002430277 0.018339152 0.028926548 0.027430454 0.021532416 0.040672004 0.014656218 0.018655773 0.015493074 0.024342863 0.029667566 0.059786718 0.063875623 0.032843620 0.021849809 0.033983383 0.016798157 0.037587471 0.021956712 0.050695896 0.028513717 0.018970042 0.014465642 0.039283790 0.029395973 0.040165514 0.025218260 0.037311651 -0.002448242 0.028667271 0.048032008
0.038614906 0.017380171 0.023334604 0.018339152 0.006130154 0.018837456 0.015422306 0.008128359 0.019972086 0.016325921 0.018202715 0.014099995 0.016669489 0.017921947 0.036666807 0.033597600 0.017405409 0.019069100 0.022395184 0.012209069 0.023837902 0.015920697 0.029047064 0.018787563 0.004939861 0.017893057 0.019070368 0.018016718 0.027220644 0.010633339 0.047219008 0.021847552 0.012619415 0.032047816
0.038495481 0.020076070 0.019412780 0.028926548 0.018837456 0.010653913 0.008484872 0.010953795 0.015189534 0.024891414 0.018631242 0.026468690 0.015098626 0.011320652 0.031214561 0.025523705 0.013798090 0.024556872 0.017821748 0.020332251 0.014929052 0.012086369 0.023347970 0.011688968 0.015246875 0.018073231 0.017011549 0.010490192 0.020804949 0.010716122 0.045203663 0.015597966 0.018801980 0.026145894
0.035113119 0.016654687 0.016711505 0.027430454 0.015422306 0.008484872 -0.004755378 0.004355745 0.014621312 0.019865137 0.002046297 0.024315897 0.008691018 0.004257747 0.026637984 0.026644388 0.010166943 0.018791202 0.011586886 0.011649563 0.014176240 0.003058989 0.022379352 0.002597782 0.008272625 0.005481265 0.010507135 0.007347283 0.019150287 0.004641422 0.041909695 0.012310625 0.013260770 0.017917261
0.039875880 0.014248651 0.020289272 0.021532416 0.008128359 0.010953795 0.004355745 -0.002321587 0.013342768 0.015536351 0.010012066 0.017274955 0.008516671 0.009657377 0.034447849 0.032538068 0.015229987 0.017581914 0.013913654 0.014537703 0.018754900 0.007866267 0.028949838 0.004488863 0.006776283 0.008000221 0.015631109 0.009001623 0.023325009 0.004768641 0.040419195 0.009843864 0.010115176 0.026762705
0.046400733 0.027060470 0.026248422 0.040672004 0.019972086 0.015189534 0.014621312 0.013342768 0.015756309 0.032247603 0.021345029 0.035164937 0.018198667 0.015901187 0.042637311 0.038522519 0.019637473 0.029716339 0.022904439 0.038390007 0.028352676 0.015743060 0.032025345 0.014529061 0.019655555 0.021860620 0.028245637 0.022014230 0.026463181 0.015800763 0.056371972 0.012994355 0.018185385 0.036812373
0.052992679 0.026328471 0.037288558 0.014656218 0.016325921 0.024891414 0.019865137 0.015536351 0.032247603 0.006583523 0.012782998 0.013681890 0.019138444 0.021905642 0.049658038 0.054026678 0.029005691 0.018005367 0.027381781 0.013755674 0.031293668 0.017167455 0.043837577 0.020487560 0.014017416 0.009020915 0.032939401 0.023397841 0.036579382 0.019082410 0.037986360 -0.003720077 0.019792402 0.041708387
0.041337244 0.022590058 0.027928650 0.018655773 0.018202715 0.018631242 0.002046297 0.010012066 0.021345029 0.012782998 0.000356714 0.014676472 0.012269141 0.012369096 0.034223754 0.037825651 0.018553199 0.012390877 0.020096064 0.013702048 0.023124274 0.008604128 0.030137330 0.014345037 0.008307951 0.006679318 0.019862577 0.017108524 0.029200474 0.012243435 0.036778886 0.006349682 0.011544339 0.030756146
0.054925367 0.027902095 0.042042091 0.015493074 0.014099995 0.026468690 0.024315897 0.017274955 0.035164937 0.013681890 0.014676472 0.010357687 0.020165844 0.023429081 0.051369891 0.056944884 0.030522697 0.019539788 0.029900473 0.019007649 0.037802003 0.018583186 0.045475710 0.025601353 0.015593053 0.012174136 0.032919265 0.029798869 0.037213512 0.022021081 0.041445363 0.002922762 0.021473065 0.041398756
0.034378413 0.018691132 0.021638863 0.024342863 0.016669489 0.015098626 0.008691018 0.008516671 0.018198667 0.019138444 0.012269141 0.020165844 0.001263832 0.012099549 0.030964807 0.029589994 0.015841078 0.020065807 0.016155936 0.012175227 0.021553822 0.011900531 0.024153303 0.012047725 0.011844391 0.014142470 0.018301703 0.014727810 0.024140075 0.010584291 0.043586906 0.015667910 0.011485182 0.025460087
0.037185669 0.018696267 0.019703895 0.029667566 0.017921947 0.011320652 0.004257747 0.009657377 0.015901187 0.021905642 0.012369096 0.023429081 0.012099549 0.003632162 0.030626103 0.026608303 0.011456303 0.019675881 0.015418507 0.017292563 0.017785551 0.010498359 0.022506855 0.009598282 0.011081727 0.014547639 0.014770210 0.012371609 0.018735401 0.007983064 0.049283821 0.021417871 0.016277920 0.023223843
0.030064460 0.045695696 0.022910163 0.059786718 0.036666807 0.031214561 0.026637984 0.034447849 0.042637311 0.049658038 0.034223754 0.051369891 0.030964807 0.030626103 0.015693132 0.025171764 0.022172464 0.046865538 0.033580050 0.051158823 0.027239485 0.026653213 0.019574828 0.023488605 0.035737023 0.033950195 0.033509731 0.033389766 0.019854452 0.027484095 0.073793516 0.047370918 0.034146845 0.031701710
0.033173122 0.042757589 0.020497784 0.063875623 0.033597600 0.025523705 0.026644388 0.032538068 0.038522519 0.054026678 0.037825651 0.056944884 0.029589994 0.026608303 0.025171764 0.010290243 0.021257829 0.044420544 0.032372758 0.051794384 0.018556153 0.028088471 0.016025312 0.026563441 0.033945851 0.041068070 0.033441432 0.031956535 0.016455114 0.026647896 0.062258810 0.040397756 0.028567716 0.025842901
0.029641006 0.023651376 0.017667480 0.032843620 0.017405409 0.013798090 0.010166943 0.015229987 0.019637473 0.029005691 0.018553199 0.030522697 0.015841078 0.011456303 0.022172464 0.021257829 0.001306518 0.025632231 0.015518412 0.018264091 0.011101049 0.011646856 0.013914451 0.010610817 0.016214175 0.020139633 0.015271915 0.014646426 0.012245702 0.013515577 0.044541687 0.016234014 0.021616790 0.015487542
0.050675653 0.028541204 0.032990135 0.021849809 0.019069100 0.024556872 0.018791202 0.017581914 0.029716339 0.018005367 0.012390877 0.019539788 0.020065807 0.019675881 0.046865538 0.044420544 0.025632231 0.004011113 0.025239486 0.031318858 0.034281995 0.014637361 0.038474977 0.022494309 0.011003589 0.011606600 0.026093662 0.024098178 0.035985112 0.018721195 0.032277338 0.008233792 0.022472614 0.039884768
0.039306082 0.022149645 0.022605155 0.033983383 0.022395184 0.017821748 0.011586886 0.013913654 0.022904439 0.027381781 0.020096064 0.029900473 0.016155936 0.015418507 0.033580050 0.032372758 0.015518412 0.025239486 0.008685633 0.025392568 0.021793369 0.013770411 0.025789449 0.016168887 0.016929530 0.019645434 0.022620820 0.018023346 0.023807973 0.016059464 0.045347601 0.019350456 0.023280919 0.026613902
0.055890668 0.034293219 0.036377013 0.016798157 0.012209069 0.020332251 0.011649563 0.014537703 0.038390007 0.013755674 0.013702048 0.019007649 0.012175227 0.017292563 0.051158823 0.051794384 0.018264091 0.031318858 0.025392568 -0.004872446 0.021231629 0.014123218 0.038970411 0.013038054 0.013978275 0.014044294 0.034492008 0.017214846 0.025213810 0.017811088 0.054013107 -0.001171871 0.024484918 0.042707317
0.029276058 0.030113721 0.012517153 0.037587471 0.023837902 0.014929052 0.014176240 0.018754900 0.028352676 0.031293668 0.023124274 0.037802003 0.021553822 0.017785551 0.027239485 0.018556153 0.011101049 0.034281995 0.021793369 0.021231629 0.002711537 0.016170386 0.015888324 0.014346947 0.026792809 0.023864590 0.023976022 0.014647653 0.014311602 0.015718915 0.054714933 0.028539062 0.022009622 0.019877546
0.033683639 0.018195542 0.019476291 0.021956712 0.015920697 0.012086369 0.003058989 0.007866267 0.015743060 0.017167455 0.008604128 0.018583186 0.011900531 0.010498359 0.026653213 0.028088471 0.011646856 0.014637361 0.013770411 0.014123218 0.016170386 -0.001392068 0.021900417 0.009236187 0.006798157 0.010253510 0.012810211 0.010333367 0.019842498 0.008646252 0.034671418 0.012951482 0.011074237 0.019778058
0.025926419 0.036979001 0.015746288 0.050695896 0.029047064 0.023347970 0.022379352 0.028949838 0.032025345 0.043837577 0.030137330 0.045475710 0.024153303 0.022506855 0.019574828 0.016025312 0.013914451 0.038474977 0.025789449 0.038970411 0.015888324 0.021900417 0.004744602 0.021369977 0.028361533 0.032017160 0.025830610 0.026371229 0.012876705 0.022309855 0.057829760 0.041528046 0.024560194 0.020604234
0.031892352 0.020063737 0.017734094 0.028513717 0.018787563 0.011688968 0.002597782 0.004488863 0.014529061 0.020487560 0.014345037 0.025601353 0.012047725 0.009598282 0.023488605 0.026563441 0.010610817 0.022494309 0.016168887 0.013038054 0.014346947 0.009236187 0.021369977 -0.000183499 0.012690138 0.016427714 0.011845222 0.010129320 0.019597394 0.006904893 0.044778030 0.022662628 0.012044218 0.018792151
0.039736621 0.013297051 0.025460813 0.018970042 0.004939861 0.015246875 0.008272625 0.006776283 0.019655555 0.014017416 0.008307951 0.015593053 0.011844391 0.011081727 0.035737023 0.033945851 0.016214175 0.011003589 0.016929530 0.013978275 0.026792809 0.006798157 0.028361533 0.012690138 -0.017703861 0.006420239 0.017788179 0.014907000 0.022554519 0.010281775 0.028970741 0.007100175 0.013720524 0.026149604
0.040136587 0.022082746 0.029275462 0.014465642 0.017893057 0.018073231 0.005481265 0.008000221 0.021860620 0.009020915 0.006679318 0.012174136 0.014142470 0.014547639 0.033950195 0.041068070 0.020139633 0.011606600 0.019645434 0.014044294 0.023864590 0.010253510 0.032017160 0.016427714 0.006420239 -0.000649770 0.020981405 0.017549567 0.029814694 0.011533213 0.035913590 0.007007680 0.009371586 0.029141355
0.041413650 0.029233657 0.024898183 0.039283790 0.019070368 0.017011549 0.010507135 0.015631109 0.028245637 0.032939401 0.019862577 0.032919265 0.018301703 0.014770210 0.033509731 0.033441432 0.015271915 0.026093662 0.022620820 0.034492008 0.023976022 0.012810211 0.025830610 0.011845222 0.017788179 0.020981405 0.014368091 0.017565716 0.023296639 0.014196865 0.050055485 0.018690778 0.021065155 0.030248374
0.036202751 0.020794801 0.017223824 0.029395973 0.018016718 0.010490192 0.007347283 0.009001623 0.022014230 0.023397841 0.017108524 0.029798869 0.014727810 0.012371609 0.033389766 0.031956535 0.014646426 0.024098178 0.018023346 0.017214846 0.014647653 0.010333367 0.026371229 0.010129320 0.014907000 0.017549567 0.017565716 0.003681384 0.021938441 0.007561283 0.044355202 0.014888982 0.017839244 0.026736980
0.026181737 0.028802190 0.018535189 0.040165514 0.027220644 0.020804949 0.019150287 0.023325009 0.026463181 0.036579382 0.029200474 0.037213512 0.024140075 0.018735401 0.019854452 0.016455114 0.012245702 0.035985112 0.023807973 0.025213810 0.014311602 0.019842498 0.012876705 0.019597394 0.022554519 0.029814694 0.023296639 0.021938441 0.003265671 0.019714320 0.052136377 0.030595915 0.024220098 0.013119448
0.034091637 0.018654387 0.017832693 0.025218260 0.010633339 0.010716122 0.004641422 0.004768641 0.015800763 0.019082410 0.012243435 0.022021081 0.010584291 0.007983064 0.027484095 0.026647896 0.013515577 0.018721195 0.016059464 0.017811088 0.015718915 0.008646252 0.022309855 0.006904893 0.010281775 0.011533213 0.014196865 0.007561283 0.019714320 0.000209965 0.040351696 0.004465118 0.009849321 0.023038965
0.073507473 0.045802947 0.051550817 0.037311651 0.047219008 0.045203663 0.041909695 0.040419195 0.056371972 0.037986360 0.036778886 0.041445363 0.043586906 0.049283821 0.073793516 0.062258810 0.044541687 0.032277338 0.045347601 0.054013107 0.054714933 0.034671418 0.057829760 0.044778030 0.028970741 0.035913590 0.050055485 0.044355202 0.052136377 0.040351696 -0.010200709 0.021872617 0.051310688 0.065787017
0.034631014 0.009020674 0.022012033 -0.002448242 0.021847552 0.015597966 0.012310625 0.009843864 0.012994355 -0.003720077 0.006349682 0.002922762 0.015667910 0.021417871 0.047370918 0.040397756 0.016234014 0.008233792 0.019350456 -0.001171871 0.028539062 0.012951482 0.041528046 0.022662628 0.007100175 0.007007680 0.018690778 0.014888982 0.030595915 0.004465118 0.021872617 0.002990716 0.009857443 0.032401092
0.040186726 0.025284691 0.019604156 0.028667271 0.012619415 0.018801980 0.013260770 0.010115176 0.018185385 0.019792402 0.011544339 0.021473065 0.011485182 0.016277920 0.034146845 0.028567716 0.021616790 0.022472614 0.023280919 0.024484918 0.022009622 0.011074237 0.024560194 0.012044218 0.013720524 0.009371586 0.021065155 0.017839244 0.024220098 0.009849321 0.051310688 0.009857443 -0.013171684 0.030485621
0.039011776 0.038566358 0.021698730 0.048032008 0.032047816 0.026145894 0.017917261 0.026762705 0.036812373 0.041708387 0.030756146 0.041398756 0.025460087 0.023223843 0.031701710 0.025842901 0.015487542 0.039884768 0.026613902 0.042707317 0.019877546 0.019778058 0.020604234 0.018792151 0.026149604 0.029141355 0.030248374 0.026736980 0.013119448 0.023038965 0.065787017 0.032401092 0.030485621 0.023931891
