0.000000000 0.186915889 0.125628144 0.246753246 0.286885232 0.186915889 0.155339807 0.129999995 0.198156685 0.246753246 0.179245278 0.240174666 0.230088502 0.129999995 0.043956045 0.107692309 0.107692309 0.201834857 0.142857149 0.243478253 0.159420297 0.171428576 0.098445594 0.134328365 0.268907577 0.240174666 0.175355449 0.167464122 0.079365082 0.190697670 0.320312500 0.262711853 0.107692309 0.163461536
0.186915889 0.000000000 0.062761508 0.062730625 0.105633803 0.000000000 0.032520324 0.058333334 0.011673152 0.062730625 0.007936508 0.055762082 0.045112781 0.058333334 0.144144148 0.080851063 0.080851063 0.015503876 0.045267489 0.059259258 0.028340081 0.016000001 0.090128757 0.053941909 0.086330935 0.055762082 0.011952192 0.020080321 0.109170303 0.003921569 0.141891897 0.079710148 0.080851063 0.024193548
0.125628144 0.062761508 0.000000000 0.125000000 0.167286247 0.062761508 0.030303031 0.004444445 0.074380167 0.125000000 0.054852322 0.118110240 0.107569724 0.004444445 0.082125604 0.018181818 0.018181818 0.078189299 0.017543860 0.121568628 0.034482758 0.046808511 0.027522936 0.008849557 0.148288980 0.118110240 0.050847456 0.042735044 0.046728972 0.066666670 0.202846974 0.141762450 0.018181818 0.038626611
0.246753246 0.062730625 0.125000000 0.000000000 0.043189369 0.062730625 0.095057033 0.120622568 0.051094890 0.000000000 0.070631973 0.006993007 0.017667845 0.120622568 0.205020919 0.142857149 0.142857149 0.047272727 0.107692309 0.003484321 0.090909094 0.078651689 0.151999995 0.116279073 0.023728814 0.006993007 0.074626863 0.082706764 0.170731708 0.058823530 0.079872206 0.017064847 0.142857149 0.086792454
0.286885232 0.105633803 0.167286247 0.043189369 0.000000000 0.105633803 0.137681156 0.162962958 0.094076656 0.043189369 0.113475174 0.050167225 0.060810812 0.162962958 0.246031746 0.184905663 0.184905663 0.090277776 0.150183156 0.046666667 0.133574009 0.121428572 0.193916351 0.158671588 0.019480519 0.050167225 0.117437720 0.125448033 0.212355211 0.101754382 0.036809817 0.026143791 0.184905663 0.129496396
0.186915889 0.000000000 0.062761508 0.062730625 0.105633803 0.000000000 0.032520324 0.058333334 0.011673152 0.062730625 0.007936508 0.055762082 0.045112781 0.058333334 0.144144148 0.080851063 0.080851063 0.015503876 0.045267489 0.059259258 0.028340081 0.016000001 0.090128757 0.053941909 0.086330935 0.055762082 0.011952192 0.020080321 0.109170303 0.003921569 0.141891897 0.079710148 0.080851063 0.024193548
0.155339807 0.032520324 0.030303031 0.095057033 0.137681156 0.032520324 0.000000000 0.025862070 0.044176705 0.095057033 0.024590164 0.088122606 0.077519380 0.025862070 0.112149529 0.048458152 0.048458152 0.048000000 0.012765957 0.091603056 0.004184100 0.016528925 0.057777777 0.021459227 0.118518516 0.088122606 0.020576132 0.012448133 0.076923080 0.036437247 0.173611104 0.111940302 0.048458152 0.008333334
0.129999995 0.058333334 0.004444445 0.120622568 0.162962958 0.058333334 0.025862070 0.000000000 0.069958851 0.120622568 0.050420169 0.113725491 0.103174604 0.000000000 0.086538464 0.022624435 0.022624435 0.073770493 0.013100437 0.117187500 0.030042918 0.042372882 0.031963471 0.004405286 0.143939391 0.113725491 0.046413504 0.038297873 0.051162791 0.062240664 0.198581561 0.137404576 0.022624435 0.034188036
0.198156685 0.011673152 0.074380167 0.051094890 0.094076656 0.011673152 0.044176705 0.069958851 0.000000000 0.051094890 0.019607844 0.044117648 0.033457249 0.069958851 0.155555561 0.092436977 0.092436977 0.003831418 0.056910571 0.047619049 0.039999999 0.027667984 0.101694912 0.065573767 0.074733093 0.044117648 0.023622047 0.031746034 0.120689653 0.007751938 0.130434781 0.068100356 0.092436977 0.035856575
0.246753246 0.062730625 0.125000000 0.000000000 0.043189369 0.062730625 0.095057033 0.120622568 0.051094890 0.000000000 0.070631973 0.006993007 0.017667845 0.120622568 0.205020919 0.142857149 0.142857149 0.047272727 0.107692309 0.003484321 0.090909094 0.078651689 0.151999995 0.116279073 0.023728814 0.006993007 0.074626863 0.082706764 0.170731708 0.058823530 0.079872206 0.017064847 0.142857149 0.086792454
0.179245278 0.007936508 0.054852322 0.070631973 0.113475174 0.007936508 0.024590164 0.050420169 0.019607844 0.070631973 0.000000000 0.063670412 0.053030305 0.050420169 0.136363640 0.072961375 0.072961375 0.023437500 0.037344400 0.067164183 0.020408163 0.008064516 0.082251079 0.046025105 0.094202898 0.063670412 0.004016064 0.012145749 0.101321585 0.011857707 0.149659857 0.087591238 0.072961375 0.016260162
0.240174666 0.055762082 0.118110240 0.006993007 0.050167225 0.055762082 0.088122606 0.113725491 0.044117648 0.006993007 0.063670412 0.000000000 0.010676157 0.113725491 0.198312238 0.136000007 0.136000007 0.040293042 0.100775197 0.003508772 0.083969466 0.071698114 0.145161286 0.109375000 0.030716723 0.000000000 0.067669176 0.075757578 0.163934425 0.051851850 0.086816721 0.024054984 0.136000007 0.079847910
0.230088502 0.045112781 0.107569724 0.017667845 0.060810812 0.045112781 0.077519380 0.103174604 0.033457249 0.017667845 0.053030305 0.010676157 0.000000000 0.103174604 0.188034192 0.125506073 0.125506073 0.029629629 0.090196081 0.014184397 0.073359072 0.061068702 0.134693876 0.098814227 0.041379310 0.010676157 0.057034221 0.065134101 0.153526977 0.041198503 0.097402595 0.034722224 0.125506073 0.069230773
0.129999995 0.058333334 0.004444445 0.120622568 0.162962958 0.058333334 0.025862070 0.000000000 0.069958851 0.120622568 0.050420169 0.113725491 0.103174604 0.000000000 0.086538464 0.022624435 0.022624435 0.073770493 0.013100437 0.117187500 0.030042918 0.042372882 0.031963471 0.004405286 0.143939391 0.113725491 0.046413504 0.038297873 0.051162791 0.062240664 0.198581561 0.137404576 0.022624435 0.034188036
0.043956045 0.144144148 0.082125604 0.205020919 0.246031746 0.144144148 0.112149529 0.086538464 0.155555561 0.205020919 0.136363640 0.198312238 0.188034192 0.086538464 0.000000000 0.064039409 0.064039409 0.159292042 0.099526070 0.201680675 0.116279073 0.128440365 0.054726370 0.090909094 0.227642283 0.198312238 0.132420093 0.124423966 0.035532996 0.147982061 0.280303031 0.221311480 0.064039409 0.120370373
0.107692309 0.080851063 0.018181818 0.142857149 0.184905663 0.080851063 0.048458152 0.022624435 0.092436977 0.142857149 0.072961375 0.136000007 0.125506073 0.022624435 0.064039409 0.000000000 0.000000000 0.096234307 0.035714287 0.139442235 0.052631579 0.064935066 0.009345794 0.027027028 0.166023165 0.136000007 0.068965517 0.060869563 0.028571429 0.084745765 0.220216602 0.159533069 0.000000000 0.056768559
0.107692309 0.080851063 0.018181818 0.142857149 0.184905663 0.080851063 0.048458152 0.022624435 0.092436977 0.142857149 0.072961375 0.136000007 0.125506073 0.022624435 0.064039409 0.000000000 0.000000000 0.096234307 0.035714287 0.139442235 0.052631579 0.064935066 0.009345794 0.027027028 0.166023165 0.136000007 0.068965517 0.060869563 0.028571429 0.084745765 0.220216602 0.159533069 0.000000000 0.056768559
0.201834857 0.015503876 0.078189299 0.047272727 0.090277776 0.015503876 0.048000000 0.073770493 0.003831418 0.047272727 0.023437500 0.040293042 0.029629629 0.073770493 0.159292042 0.096234307 0.096234307 0.000000000 0.060728744 0.043795619 0.043824703 0.031496063 0.105485231 0.069387756 0.070921987 0.040293042 0.027450981 0.035573121 0.124463521 0.011583012 0.126666665 0.064285718 0.096234307 0.039682541
0.142857149 0.045267489 0.017543860 0.107692309 0.150183156 0.045267489 0.012765957 0.013100437 0.056910571 0.107692309 0.037344400 0.100775197 0.090196081 0.013100437 0.099526070 0.035714287 0.035714287 0.060728744 0.000000000 0.104247101 0.016949153 0.029288704 0.045045044 0.008695652 0.131086141 0.100775197 0.033333335 0.025210084 0.064220183 0.049180329 0.185964912 0.124528304 0.035714287 0.021097047
0.243478253 0.059259258 0.121568628 0.003484321 0.046666667 0.059259258 0.091603056 0.117187500 0.047619049 0.003484321 0.067164183 0.003508772 0.014184397 0.117187500 0.201680675 0.139442235 0.139442235 0.043795619 0.104247101 0.000000000 0.087452471 0.075187966 0.148594379 0.112840466 0.027210884 0.003508772 0.071161047 0.079245284 0.167346939 0.055350553 0.083333336 0.020547945 0.139442235 0.083333336
0.159420297 0.028340081 0.034482758 0.090909094 0.133574009 0.028340081 0.004184100 0.030042918 0.039999999 0.090909094 0.020408163 0.083969466 0.073359072 0.030042918 0.116279073 0.052631579 0.052631579 0.043824703 0.016949153 0.087452471 0.000000000 0.012345679 0.061946902 0.025641026 0.114391141 0.083969466 0.016393442 0.008264462 0.081081077 0.032258064 0.169550180 0.107806690 0.052631579 0.004149378
0.171428576 0.016000001 0.046808511 0.078651689 0.121428572 0.016000001 0.016528925 0.042372882 0.027667984 0.078651689 0.008064516 0.071698114 0.061068702 0.042372882 0.128440365 0.064935066 0.064935066 0.031496063 0.029288704 0.075187966 0.012345679 0.000000000 0.074235804 0.037974682 0.102189779 0.071698114 0.004048583 0.004081632 0.093333334 0.019920319 0.157534242 0.095588237 0.064935066 0.008196721
0.098445594 0.090128757 0.027522936 0.151999995 0.193916351 0.090128757 0.057777777 0.031963471 0.101694912 0.151999995 0.082251079 0.145161286 0.134693876 0.031963471 0.054726370 0.009345794 0.009345794 0.105485231 0.045045044 0.148594379 0.061946902 0.074235804 0.000000000 0.036363635 0.175097272 0.145161286 0.078260869 0.070175439 0.019230770 0.094017096 0.229090914 0.168627456 0.009345794 0.066079296
0.134328365 0.053941909 0.008849557 0.116279073 0.158671588 0.053941909 0.021459227 0.004405286 0.065573767 0.116279073 0.046025105 0.109375000 0.098814227 0.004405286 0.090909094 0.027027028 0.027027028 0.069387756 0.008695652 0.112840466 0.025641026 0.037974682 0.036363635 0.000000000 0.139622644 0.109375000 0.042016808 0.033898305 0.055555556 0.057851240 0.194346294 0.133079842 0.027027028 0.029787235
0.268907577 0.086330935 0.148288980 0.023728814 0.019480519 0.086330935 0.118518516 0.143939391 0.074733093 0.023728814 0.094202898 0.030716723 0.041379310 0.143939391 0.227642283 0.166023165 0.166023165 0.070921987 0.131086141 0.027210884 0.114391141 0.102189779 0.175097272 0.139622644 0.000000000 0.030716723 0.098181821 0.106227107 0.193675891 0.082437277 0.056249999 0.006666667 0.166023165 0.110294119
0.240174666 0.055762082 0.118110240 0.006993007 0.050167225 0.055762082 0.088122606 0.113725491 0.044117648 0.006993007 0.063670412 0.000000000 0.010676157 0.113725491 0.198312238 0.136000007 0.136000007 0.040293042 0.100775197 0.003508772 0.083969466 0.071698114 0.145161286 0.109375000 0.030716723 0.000000000 0.067669176 0.075757578 0.163934425 0.051851850 0.086816721 0.024054984 0.136000007 0.079847910
0.175355449 0.011952192 0.050847456 0.074626863 0.117437720 0.011952192 0.020576132 0.046413504 0.023622047 0.074626863 0.004016064 0.067669176 0.057034221 0.046413504 0.132420093 0.068965517 0.068965517 0.027450981 0.033333335 0.071161047 0.016393442 0.004048583 0.078260869 0.042016808 0.098181821 0.067669176 0.000000000 0.008130081 0.097345136 0.015873017 0.153583616 0.091575094 0.068965517 0.012244898
0.167464122 0.020080321 0.042735044 0.082706764 0.125448033 0.020080321 0.012448133 0.038297873 0.031746034 0.082706764 0.012145749 0.075757578 0.065134101 0.038297873 0.124423966 0.060869563 0.060869563 0.035573121 0.025210084 0.079245284 0.008264462 0.004081632 0.070175439 0.033898305 0.106227107 0.075757578 0.008130081 0.000000000 0.089285716 0.024000000 0.161512032 0.099630997 0.060869563 0.004115226
0.079365082 0.109170303 0.046728972 0.170731708 0.212355211 0.109170303 0.076923080 0.051162791 0.120689653 0.170731708 0.101321585 0.163934425 0.153526977 0.051162791 0.035532996 0.028571429 0.028571429 0.124463521 0.064220183 0.167346939 0.081081077 0.093333334 0.019230770 0.055555556 0.193675891 0.163934425 0.097345136 0.089285716 0.000000000 0.113043480 0.247232467 0.187251002 0.028571429 0.085201792
0.190697670 0.003921569 0.066666670 0.058823530 0.101754382 0.003921569 0.036437247 0.062240664 0.007751938 0.058823530 0.011857707 0.051851850 0.041198503 0.062240664 0.147982061 0.084745765 0.084745765 0.011583012 0.049180329 0.055350553 0.032258064 0.019920319 0.094017096 0.057851240 0.082437277 0.051851850 0.015873017 0.024000000 0.113043480 0.000000000 0.138047144 0.075812273 0.084745765 0.028112451
0.320312500 0.141891897 0.202846974 0.079872206 0.036809817 0.141891897 0.173611104 0.198581561 0.130434781 0.079872206 0.149659857 0.086816721 0.097402595 0.198581561 0.280303031 0.220216602 0.220216602 0.126666665 0.185964912 0.083333336 0.169550180 0.157534242 0.229090914 0.194346294 0.056249999 0.086816721 0.153583616 0.161512032 0.247232467 0.138047144 0.000000000 0.062893085 0.220216602 0.165517241
0.262711853 0.079710148 0.141762450 0.017064847 0.026143791 0.079710148 0.111940302 0.137404576 0.068100356 0.017064847 0.087591238 0.024054984 0.034722224 0.137404576 0.221311480 0.159533069 0.159533069 0.064285718 0.124528304 0.020547945 0.107806690 0.095588237 0.168627456 0.133079842 0.006666667 0.024054984 0.091575094 0.099630997 0.187251002 0.075812273 0.062893085 0.000000000 0.159533069 0.103703700
0.107692309 0.080851063 0.018181818 0.142857149 0.184905663 0.080851063 0.048458152 0.022624435 0.092436977 0.142857149 0.072961375 0.136000007 0.125506073 0.022624435 0.064039409 0.000000000 0.000000000 0.096234307 0.035714287 0.139442235 0.052631579 0.064935066 0.009345794 0.027027028 0.166023165 0.136000007 0.068965517 0.060869563 0.028571429 0.084745765 0.220216602 0.159533069 0.000000000 0.056768559
0.163461536 0.024193548 0.038626611 0.086792454 0.129496396 0.024193548 0.008333334 0.034188036 0.035856575 0.086792454 0.016260162 0.079847910 0.069230773 0.034188036 0.120370373 0.056768559 0.056768559 0.039682541 0.021097047 0.083333336 0.004149378 0.008196721 0.066079296 0.029787235 0.110294119 0.079847910 0.012244898 0.004115226 0.085201792 0.028112451 0.165517241 0.103703700 0.056768559 0.000000000
