0.000000000 0.057268724 0.009259259 0.119341567 0.044642858 0.077586204 0.065502182 0.077586204 0.061403509 0.137096778 0.130081296 0.183206111 0.069565214 0.061403509 0.081545062 0.077586204 0.019047620 0.097046413 0.004651163 0.130081296 0.093220338 0.073593073 0.093220338 0.048888888 0.061403509 0.089361705 0.048888888 0.053097345 0.057268724 0.073593073 0.170542642 0.126530617 0.073593073 0.077586204
0.057268724 0.000000000 0.048034936 0.062500000 0.012658228 0.020408163 0.008264462 0.020408163 0.004149378 0.080459774 0.073359072 0.127272725 0.012345679 0.004149378 0.024390243 0.020408163 0.076233186 0.039999999 0.052631579 0.073359072 0.036144577 0.016393442 0.036144577 0.008403362 0.004149378 0.032258064 0.008403362 0.004184100 0.000000000 0.016393442 0.114391141 0.069767445 0.016393442 0.020408163
0.009259259 0.048034936 0.000000000 0.110204078 0.035398230 0.068376072 0.056277055 0.068376072 0.052173913 0.128000006 0.120967738 0.174242422 0.060344826 0.052173913 0.072340429 0.068376072 0.028301887 0.087866105 0.004608295 0.120967738 0.084033616 0.064377680 0.084033616 0.039647575 0.052173913 0.080168776 0.039647575 0.043859649 0.048034936 0.064377680 0.161538467 0.117408909 0.064377680 0.068376072
0.119341567 0.062500000 0.110204078 0.000000000 0.075098813 0.042145595 0.054263566 0.042145595 0.058365759 0.018050542 0.010909091 0.065292098 0.050193049 0.058365759 0.038167939 0.042145595 0.138075307 0.022556391 0.114754096 0.010909091 0.026415095 0.046153847 0.026415095 0.070866145 0.058365759 0.030303031 0.070866145 0.066666670 0.062500000 0.046153847 0.052264810 0.007299270 0.046153847 0.042145595
0.044642858 0.012658228 0.035398230 0.075098813 0.000000000 0.033057850 0.020920502 0.033057850 0.016806724 0.093023255 0.085937500 0.139705881 0.025000000 0.016806724 0.037037037 0.033057850 0.063636363 0.052631579 0.039999999 0.085937500 0.048780486 0.029045643 0.048780486 0.004255319 0.016806724 0.044897959 0.004255319 0.008474576 0.012658228 0.029045643 0.126865670 0.082352944 0.029045643 0.033057850
0.077586204 0.020408163 0.068376072 0.042145595 0.033057850 0.000000000 0.012145749 0.000000000 0.016260162 0.060150377 0.053030305 0.107142858 0.008064516 0.016260162 0.003984064 0.000000000 0.096491225 0.019607844 0.072961375 0.053030305 0.015748031 0.004016064 0.015748031 0.028806584 0.016260162 0.011857707 0.028806584 0.024590164 0.020408163 0.004016064 0.094202898 0.049429659 0.004016064 0.000000000
0.065502182 0.008264462 0.056277055 0.054263566 0.020920502 0.012145749 0.000000000 0.012145749 0.004115226 0.072243348 0.065134101 0.119133577 0.004081632 0.004115226 0.016129032 0.012145749 0.084444441 0.031746034 0.060869563 0.065134101 0.027888447 0.008130081 0.027888447 0.016666668 0.004115226 0.024000000 0.016666668 0.012448133 0.008264462 0.008130081 0.106227107 0.061538462 0.008130081 0.012145749
0.077586204 0.020408163 0.068376072 0.042145595 0.033057850 0.000000000 0.012145749 0.000000000 0.016260162 0.060150377 0.053030305 0.107142858 0.008064516 0.016260162 0.003984064 0.000000000 0.096491225 0.019607844 0.072961375 0.053030305 0.015748031 0.004016064 0.015748031 0.028806584 0.016260162 0.011857707 0.028806584 0.024590164 0.020408163 0.004016064 0.094202898 0.049429659 0.004016064 0.000000000
0.061403509 0.004149378 0.052173913 0.058365759 0.016806724 0.016260162 0.004115226 0.016260162 0.000000000 0.076335877 0.069230773 0.123188406 0.008196721 0.000000000 0.020242915 0.016260162 0.080357142 0.035856575 0.056768559 0.069230773 0.032000002 0.012244898 0.032000002 0.012552301 0.000000000 0.028112451 0.012552301 0.008333334 0.004149378 0.012244898 0.110294119 0.065637067 0.012244898 0.016260162
0.137096778 0.080459774 0.128000006 0.018050542 0.093023255 0.060150377 0.072243348 0.060150377 0.076335877 0.000000000 0.007142857 0.047297299 0.068181820 0.076335877 0.056179777 0.060150377 0.155737698 0.040590405 0.132530123 0.007142857 0.044444446 0.064150944 0.044444446 0.088803090 0.076335877 0.048327137 0.088803090 0.084615387 0.080459774 0.064150944 0.034246575 0.010752688 0.064150944 0.060150377
0.130081296 0.073359072 0.120967738 0.010909091 0.085937500 0.053030305 0.065134101 0.053030305 0.069230773 0.007142857 0.000000000 0.054421768 0.061068702 0.069230773 0.049056605 0.053030305 0.148760334 0.033457249 0.125506073 0.000000000 0.037313432 0.057034221 0.037313432 0.081712060 0.069230773 0.041198503 0.081712060 0.077519380 0.073359072 0.057034221 0.041379310 0.003610108 0.057034221 0.053030305
0.183206111 0.127272725 0.174242422 0.065292098 0.139705881 0.107142858 0.119133577 0.107142858 0.123188406 0.047297299 0.054421768 0.000000000 0.115107916 0.123188406 0.103202850 0.107142858 0.201550394 0.087719299 0.178707227 0.054421768 0.091549292 0.111111112 0.091549292 0.135531142 0.123188406 0.095406361 0.135531142 0.131386861 0.127272725 0.111111112 0.013071896 0.058020476 0.111111112 0.107142858
0.069565214 0.012345679 0.060344826 0.050193049 0.025000000 0.008064516 0.004081632 0.008064516 0.008196721 0.068181820 0.061068702 0.115107916 0.000000000 0.008196721 0.012048192 0.008064516 0.088495575 0.027667984 0.064935066 0.061068702 0.023809524 0.004048583 0.023809524 0.020746889 0.008196721 0.019920319 0.020746889 0.016528925 0.012345679 0.004048583 0.102189779 0.057471264 0.004048583 0.008064516
0.061403509 0.004149378 0.052173913 0.058365759 0.016806724 0.016260162 0.004115226 0.016260162 0.000000000 0.076335877 0.069230773 0.123188406 0.008196721 0.000000000 0.020242915 0.016260162 0.080357142 0.035856575 0.056768559 0.069230773 0.032000002 0.012244898 0.032000002 0.012552301 0.000000000 0.028112451 0.012552301 0.008333334 0.004149378 0.012244898 0.110294119 0.065637067 0.012244898 0.016260162
0.081545062 0.024390243 0.072340429 0.038167939 0.037037037 0.003984064 0.016129032 0.003984064 0.020242915 0.056179777 0.049056605 0.103202850 0.012048192 0.020242915 0.000000000 0.003984064 0.100436680 0.015625000 0.076923080 0.049056605 0.011764706 0.008000000 0.011764706 0.032786883 0.020242915 0.007874016 0.032786883 0.028571429 0.024390243 0.008000000 0.090252705 0.045454547 0.008000000 0.003984064
0.077586204 0.020408163 0.068376072 0.042145595 0.033057850 0.000000000 0.012145749 0.000000000 0.016260162 0.060150377 0.053030305 0.107142858 0.008064516 0.016260162 0.003984064 0.000000000 0.096491225 0.019607844 0.072961375 0.053030305 0.015748031 0.004016064 0.015748031 0.028806584 0.016260162 0.011857707 0.028806584 0.024590164 0.020408163 0.004016064 0.094202898 0.049429659 0.004016064 0.000000000
0.019047620 0.076233186 0.028301887 0.138075307 0.063636363 0.096491225 0.084444441 0.096491225 0.080357142 0.155737698 0.148760334 0.201550394 0.088495575 0.080357142 0.100436680 0.096491225 0.000000000 0.115879826 0.023696683 0.148760334 0.112068966 0.092511013 0.112068966 0.067873307 0.080357142 0.108225107 0.067873307 0.072072074 0.076233186 0.092511013 0.188976377 0.145228222 0.092511013 0.096491225
0.097046413 0.039999999 0.087866105 0.022556391 0.052631579 0.019607844 0.031746034 0.019607844 0.035856575 0.040590405 0.033457249 0.087719299 0.027667984 0.035856575 0.015625000 0.019607844 0.115879826 0.000000000 0.092436977 0.033457249 0.003861004 0.023622047 0.003861004 0.048387095 0.035856575 0.007751938 0.048387095 0.044176705 0.039999999 0.023622047 0.074733093 0.029850746 0.023622047 0.019607844
0.004651163 0.052631579 0.004608295 0.114754096 0.039999999 0.072961375 0.060869563 0.072961375 0.056768559 0.132530123 0.125506073 0.178707227 0.064935066 0.056768559 0.076923080 0.072961375 0.023696683 0.092436977 0.000000000 0.125506073 0.088607594 0.068965517 0.088607594 0.044247787 0.056768559 0.084745765 0.044247787 0.048458152 0.052631579 0.068965517 0.166023165 0.121951222 0.068965517 0.072961375
0.130081296 0.073359072 0.120967738 0.010909091 0.085937500 0.053030305 0.065134101 0.053030305 0.069230773 0.007142857 0.000000000 0.054421768 0.061068702 0.069230773 0.049056605 0.053030305 0.148760334 0.033457249 0.125506073 0.000000000 0.037313432 0.057034221 0.037313432 0.081712060 0.069230773 0.041198503 0.081712060 0.077519380 0.073359072 0.057034221 0.041379310 0.003610108 0.057034221 0.053030305
0.093220338 0.036144577 0.084033616 0.026415095 0.048780486 0.015748031 0.027888447 0.015748031 0.032000002 0.044444446 0.037313432 0.091549292 0.023809524 0.032000002 0.011764706 0.015748031 0.112068966 0.003861004 0.088607594 0.037313432 0.000000000 0.019762846 0.000000000 0.044534411 0.032000002 0.003891051 0.044534411 0.040322579 0.036144577 0.019762846 0.078571431 0.033707865 0.019762846 0.015748031
0.073593073 0.016393442 0.064377680 0.046153847 0.029045643 0.004016064 0.008130081 0.004016064 0.012244898 0.064150944 0.057034221 0.111111112 0.004048583 0.012244898 0.008000000 0.004016064 0.092511013 0.023622047 0.068965517 0.057034221 0.019762846 0.000000000 0.019762846 0.024793388 0.012244898 0.015873017 0.024793388 0.020576132 0.016393442 0.000000000 0.098181821 0.053435113 0.000000000 0.004016064
0.093220338 0.036144577 0.084033616 0.026415095 0.048780486 0.015748031 0.027888447 0.015748031 0.032000002 0.044444446 0.037313432 0.091549292 0.023809524 0.032000002 0.011764706 0.015748031 0.112068966 0.003861004 0.088607594 0.037313432 0.000000000 0.019762846 0.000000000 0.044534411 0.032000002 0.003891051 0.044534411 0.040322579 0.036144577 0.019762846 0.078571431 0.033707865 0.019762846 0.015748031
0.048888888 0.008403362 0.039647575 0.070866145 0.004255319 0.028806584 0.016666668 0.028806584 0.012552301 0.088803090 0.081712060 0.135531142 0.020746889 0.012552301 0.032786883 0.028806584 0.067873307 0.048387095 0.044247787 0.081712060 0.044534411 0.024793388 0.044534411 0.000000000 0.012552301 0.040650405 0.000000000 0.004219409 0.008403362 0.024793388 0.122676581 0.078125000 0.024793388 0.028806584
0.061403509 0.004149378 0.052173913 0.058365759 0.016806724 0.016260162 0.004115226 0.016260162 0.000000000 0.076335877 0.069230773 0.123188406 0.008196721 0.000000000 0.020242915 0.016260162 0.080357142 0.035856575 0.056768559 0.069230773 0.032000002 0.012244898 0.032000002 0.012552301 0.000000000 0.028112451 0.012552301 0.008333334 0.004149378 0.012244898 0.110294119 0.065637067 0.012244898 0.016260162
0.089361705 0.032258064 0.080168776 0.030303031 0.044897959 0.011857707 0.024000000 0.011857707 0.028112451 0.048327137 0.041198503 0.095406361 0.019920319 0.028112451 0.007874016 0.011857707 0.108225107 0.007751938 0.084745765 0.041198503 0.003891051 0.015873017 0.003891051 0.040650405 0.028112451 0.000000000 0.040650405 0.036437247 0.032258064 0.015873017 0.082437277 0.037593983 0.015873017 0.011857707
0.048888888 0.008403362 0.039647575 0.070866145 0.004255319 0.028806584 0.016666668 0.028806584 0.012552301 0.088803090 0.081712060 0.135531142 0.020746889 0.012552301 0.032786883 0.028806584 0.067873307 0.048387095 0.044247787 0.081712060 0.044534411 0.024793388 0.044534411 0.000000000 0.012552301 0.040650405 0.000000000 0.004219409 0.008403362 0.024793388 0.122676581 0.078125000 0.024793388 0.028806584
0.053097345 0.004184100 0.043859649 0.066666670 0.008474576 0.024590164 0.012448133 0.024590164 0.008333334 0.084615387 0.077519380 0.131386861 0.016528925 0.008333334 0.028571429 0.024590164 0.072072074 0.044176705 0.048458152 0.077519380 0.040322579 0.020576132 0.040322579 0.004219409 0.008333334 0.036437247 0.004219409 0.000000000 0.004184100 0.020576132 0.118518516 0.073929958 0.020576132 0.024590164
0.057268724 0.000000000 0.048034936 0.062500000 0.012658228 0.020408163 0.008264462 0.020408163 0.004149378 0.080459774 0.073359072 0.127272725 0.012345679 0.004149378 0.024390243 0.020408163 0.076233186 0.039999999 0.052631579 0.073359072 0.036144577 0.016393442 0.036144577 0.008403362 0.004149378 0.032258064 0.008403362 0.004184100 0.000000000 0.016393442 0.114391141 0.069767445 0.016393442 0.020408163
0.073593073 0.016393442 0.064377680 0.046153847 0.029045643 0.004016064 0.008130081 0.004016064 0.012244898 0.064150944 0.057034221 0.111111112 0.004048583 0.012244898 0.008000000 0.004016064 0.092511013 0.023622047 0.068965517 0.057034221 0.019762846 0.000000000 0.019762846 0.024793388 0.012244898 0.015873017 0.024793388 0.020576132 0.016393442 0.000000000 0.098181821 0.053435113 0.000000000 0.004016064
0.170542642 0.114391141 0.161538467 0.052264810 0.126865670 0.094202898 0.106227107 0.094202898 0.110294119 0.034246575 0.041379310 0.013071896 0.102189779 0.110294119 0.090252705 0.094202898 0.188976377 0.074733093 0.166023165 0.041379310 0.078571431 0.098181821 0.078571431 0.122676581 0.110294119 0.082437277 0.122676581 0.118518516 0.114391141 0.098181821 0.000000000 0.044982698 0.098181821 0.094202898
0.126530617 0.069767445 0.117408909 0.007299270 0.082352944 0.049429659 0.061538462 0.049429659 0.065637067 0.010752688 0.003610108 0.058020476 0.057471264 0.065637067 0.045454547 0.049429659 0.145228222 0.029850746 0.121951222 0.003610108 0.033707865 0.053435113 0.033707865 0.078125000 0.065637067 0.037593983 0.078125000 0.073929958 0.069767445 0.053435113 0.044982698 0.000000000 0.053435113 0.049429659
0.073593073 0.016393442 0.064377680 0.046153847 0.029045643 0.004016064 0.008130081 0.004016064 0.012244898 0.064150944 0.057034221 0.111111112 0.004048583 0.012244898 0.008000000 0.004016064 0.092511013 0.023622047 0.068965517 0.057034221 0.019762846 0.000000000 0.019762846 0.024793388 0.012244898 0.015873017 0.024793388 0.020576132 0.016393442 0.000000000 0.098181821 0.053435113 0.000000000 0.004016064
0.077586204 0.020408163 0.068376072 0.042145595 0.033057850 0.000000000 0.012145749 0.000000000 0.016260162 0.060150377 0.053030305 0.107142858 0.008064516 0.016260162 0.003984064 0.000000000 0.096491225 0.019607844 0.072961375 0.053030305 0.015748031 0.004016064 0.015748031 0.028806584 0.016260162 0.011857707 0.028806584 0.024590164 0.020408163 0.004016064 0.094202898 0.049429659 0.004016064 0.000000000
