0.012292391 0.037318900 0.026948370 0.062771000 0.044040296 0.035337284 0.038085669 0.042899884 0.041903660 0.050915882 0.044167627 0.059730135 0.039112661 0.041840985 0.021582445 0.025864165 0.031715952 0.053948868 0.037254341 0.052652232 0.020606607 0.039139345 0.023184543 0.037914410 0.046992283 0.041832771 0.037216671 0.028819676 0.020910516 0.039994046 0.064866342 0.048711918 0.053632356 0.025824081
0.037318900 0.012783650 0.025226934 0.036455490 0.024802802 0.014873162 0.017201794 0.015139863 0.024172621 0.027048577 0.022521416 0.026612792 0.016962118 0.017647615 0.020728033 0.025782179 0.023086682 0.026963959 0.021659112 0.036868259 0.025383461 0.020201707 0.027213801 0.019333901 0.015624871 0.025686393 0.020516083 0.019176705 0.020052895 0.018582340 0.038524993 0.023075689 0.022921070 0.023619179
0.026948370 0.025226934 0.000865631 0.044706009 0.019867869 0.014437914 0.013724068 0.019889968 0.020963941 0.033667728 0.023844367 0.042779021 0.019859221 0.018334070 0.015636867 0.013544790 0.015668508 0.032416612 0.016880609 0.029848771 0.004914680 0.018199624 0.012246457 0.015288207 0.027039576 0.025348842 0.017869288 0.009321385 0.011267928 0.018517671 0.042722106 0.027162908 0.024652950 0.010228159
0.062771000 0.036455490 0.044706009 0.019897696 0.031533256 0.028221970 0.028360471 0.031679213 0.042340361 0.023456205 0.020591205 0.022678779 0.024432328 0.033531588 0.054346655 0.055997353 0.036836501 0.031334128 0.032785688 0.020152079 0.036809713 0.023411889 0.052159943 0.025005987 0.031835385 0.016311534 0.032606825 0.030946454 0.037912358 0.033518568 0.038180351 0.014593466 0.049901504 0.041757062
0.044040296 0.024802802 0.019867869 0.031533256 -0.002414880 0.019517791 0.011047488 0.020105904 0.018432157 0.023123588 0.017652594 0.022327073 0.011936911 0.017255574 0.038945831 0.027974008 0.018310964 0.037248712 0.018640775 0.015758168 0.020699300 0.014410839 0.032679550 0.011148219 0.024496965 0.016077196 0.015266108 0.018222030 0.027244439 0.020144517 0.056517728 0.020217925 0.031931616 0.034667939
0.035337284 0.014873162 0.014437914 0.028221970 0.019517791 0.006290107 0.007284810 0.010486718 0.008560324 0.021058321 0.017363124 0.022743858 0.013417855 0.010611126 0.026469145 0.018840745 0.013655799 0.026439756 0.013007044 0.018362168 0.009540181 0.012881155 0.023819875 0.010094818 0.019057440 0.017833382 0.011631738 0.004903435 0.018161707 0.011308628 0.038185820 0.025935546 0.023123499 0.020387869
0.038085669 0.017201794 0.013724068 0.028360471 0.011047488 0.007284810 -0.004396563 0.006994865 0.011400514 0.018987555 0.002209167 0.020974467 0.009822495 0.005330290 0.026128344 0.021972720 0.012044776 0.019403752 0.007637915 0.015431209 0.013895529 0.005377891 0.022372250 0.001366833 0.012924500 0.006614618 0.006450292 0.005783257 0.018283512 0.008302465 0.038048502 0.013592072 0.018863808 0.018249754
0.042899884 0.015139863 0.019889968 0.031679213 0.020105904 0.010486718 0.006994865 0.002044076 0.014982917 0.020654257 0.012813717 0.025014207 0.011319539 0.014255332 0.032329362 0.029174749 0.018005157 0.022137983 0.015391819 0.022658838 0.017457517 0.012420435 0.029991809 0.007306786 0.014569923 0.011126573 0.014090158 0.007522011 0.020188905 0.010456426 0.038464323 0.019113209 0.019900437 0.023566231
0.041903660 0.024172621 0.020963941 0.042340361 0.018432157 0.008560324 0.011400514 0.014982917 0.006916597 0.028643832 0.019193040 0.032963187 0.014897992 0.014955867 0.030789737 0.028438561 0.017787371 0.031257786 0.018930523 0.027086090 0.016973734 0.013846013 0.027377322 0.010016442 0.024713706 0.018773574 0.018833417 0.013893092 0.015446602 0.016787823 0.046053588 0.021869082 0.021811035 0.014712280
0.050915882 0.027048577 0.033667728 0.023456205 0.023123588 0.021058321 0.018987555 0.020654257 0.028643832 0.008949375 0.012282582 0.016947044 0.017956052 0.022955148 0.043669019 0.044555154 0.029243428 0.020911263 0.024763416 0.016767401 0.027391504 0.017024416 0.041067984 0.018700222 0.023283694 0.008579915 0.024645984 0.020159336 0.031848352 0.022323813 0.032689627 0.008831194 0.029213896 0.034484047
0.044167627 0.022521416 0.023844367 0.020591205 0.017652594 0.017363124 0.002209167 0.012813717 0.019193040 0.012282582 0.000448613 0.013255782 0.011458224 0.013806944 0.035173707 0.032275509 0.020209637 0.013194718 0.016183058 0.018237151 0.021089306 0.011159887 0.030397374 0.012679057 0.014457517 0.007693372 0.016086020 0.015047330 0.028011687 0.015897941 0.033247426 0.009021480 0.018341003 0.029016634
0.059730135 0.026612792 0.042779021 0.022678779 0.022327073 0.022743858 0.020974467 0.025014207 0.032963187 0.016947044 0.013255782 0.015531268 0.016849257 0.024325784 0.050275177 0.050882064 0.031819522 0.026925441 0.026634974 0.019810490 0.034980997 0.015613832 0.047065161 0.017978633 0.024895892 0.009749068 0.025707746 0.027687248 0.032579161 0.025946744 0.041239176 0.010113555 0.033849336 0.040581271
0.039112661 0.016962118 0.019859221 0.024432328 0.011936911 0.013417855 0.009822495 0.011319539 0.014897992 0.017956052 0.011458224 0.016849257 0.001811372 0.012322070 0.033688553 0.029490776 0.017310815 0.022740789 0.014568226 0.014234560 0.021274544 0.013814462 0.027704630 0.010361273 0.016835887 0.014751958 0.012837825 0.013378295 0.021818327 0.014657706 0.042456083 0.016300511 0.019887570 0.025035493
0.041840985 0.017647615 0.018334070 0.033531588 0.017255574 0.010611126 0.005330290 0.014255332 0.014955867 0.022955148 0.013806944 0.024325784 0.012322070 0.009128185 0.032501996 0.024733817 0.014677418 0.024189070 0.012875971 0.020260800 0.016710717 0.013733650 0.026115473 0.010572705 0.018817358 0.015700426 0.012136806 0.010640547 0.021862872 0.015091370 0.046750352 0.024408951 0.028870638 0.024708897
0.021582445 0.020728033 0.015636867 0.054346655 0.038945831 0.026469145 0.026128344 0.032329362 0.030789737 0.043669019 0.035173707 0.050275177 0.033688553 0.032501996 0.006131195 0.016215425 0.021611327 0.045145880 0.025470257 0.039735004 0.015688084 0.028805990 0.020117195 0.028238051 0.038729221 0.030763905 0.028811662 0.018111251 0.020012815 0.029009294 0.054009911 0.047507092 0.043353066 0.023882259
0.025864165 0.025782179 0.013544790 0.055997353 0.027974008 0.018840745 0.021972720 0.029174749 0.028438561 0.044555154 0.032275509 0.050882064 0.029490776 0.024733817 0.016215425 0.003049838 0.018207110 0.039889619 0.024127167 0.038432907 0.008465664 0.025799360 0.011843972 0.023810338 0.033095352 0.033713538 0.024972642 0.018735021 0.008118978 0.026613403 0.049561378 0.037075710 0.035245664 0.012955825
0.031715952 0.023086682 0.015668508 0.036836501 0.018310964 0.013655799 0.012044776 0.018005157 0.017787371 0.029243428 0.020209637 0.031819522 0.017310815 0.014677418 0.021611327 0.018207110 0.003628015 0.028843459 0.012615427 0.024206869 0.011702325 0.015586561 0.016314685 0.012333205 0.022777462 0.022941254 0.013108490 0.012833774 0.014332425 0.018033572 0.040421803 0.025499184 0.030963060 0.015762815
0.053948868 0.026963959 0.032416612 0.031334128 0.037248712 0.026439756 0.019403752 0.022137983 0.031257786 0.020911263 0.013194718 0.026925441 0.022740789 0.024189070 0.045145880 0.039889619 0.028843459 0.007879149 0.023935432 0.036512502 0.027973255 0.017495202 0.039350189 0.023540348 0.019837847 0.010271763 0.024756338 0.020694060 0.034231849 0.025724869 0.028201081 0.015541017 0.037291050 0.035135314
0.037254341 0.021659112 0.016880609 0.032785688 0.018640775 0.013007044 0.007637915 0.015391819 0.018930523 0.024763416 0.016183058 0.026634974 0.014568226 0.012875971 0.025470257 0.024127167 0.012615427 0.023935432 0.004965547 0.022767877 0.015936363 0.012458717 0.021201149 0.012029450 0.019237153 0.018529389 0.014894491 0.012596106 0.018068366 0.017010640 0.039402485 0.020347053 0.027231466 0.017755009
0.052652232 0.036868259 0.029848771 0.020152079 0.015758168 0.018362168 0.015431209 0.022658838 0.027086090 0.016767401 0.018237151 0.019810490 0.014234560 0.020260800 0.039735004 0.038432907 0.024206869 0.036512502 0.022767877 -0.006640264 0.018782230 0.017327664 0.039206516 0.015635524 0.028189879 0.018624030 0.022822548 0.016882800 0.029276630 0.024147214 0.046344183 0.011675979 0.037697196 0.035241317
0.020606607 0.025383461 0.004914680 0.036809713 0.020699300 0.009540181 0.013895529 0.017457517 0.016973734 0.027391504 0.021089306 0.034980997 0.021274544 0.016710717 0.015688084 0.008465664 0.011702325 0.027973255 0.015936363 0.018782230 -0.005702518 0.016883124 0.009537251 0.015327020 0.029987432 0.024112588 0.014950071 0.006255929 0.011643692 0.015707675 0.037075870 0.027239665 0.023497758 0.011375933
0.039139345 0.020201707 0.018199624 0.023411889 0.014410839 0.012881155 0.005377891 0.012420435 0.013846013 0.017024416 0.011159887 0.015613832 0.013814462 0.013733650 0.028805990 0.025799360 0.015586561 0.017495202 0.012458717 0.017327664 0.016883124 -0.001085404 0.024314674 0.009693134 0.015237957 0.013645122 0.011813998 0.010201994 0.021596272 0.013990647 0.033734303 0.015949301 0.018011337 0.022643022
0.023184543 0.027213801 0.012246457 0.052159943 0.032679550 0.023819875 0.022372250 0.029991809 0.027377322 0.041067984 0.030397374 0.047065161 0.027704630 0.026115473 0.020117195 0.011843972 0.016314685 0.039350189 0.021201149 0.039206516 0.009537251 0.024314674 0.003597292 0.024137724 0.033631369 0.029842285 0.023664596 0.018604932 0.013412372 0.027149679 0.048884772 0.043044269 0.036134124 0.018168293
0.037914410 0.019333901 0.015288207 0.025005987 0.011148219 0.010094818 0.001366833 0.007306786 0.010016442 0.018700222 0.012679057 0.017978633 0.010361273 0.010572705 0.028238051 0.023810338 0.012333205 0.023540348 0.012029450 0.015635524 0.015327020 0.009693134 0.024137724 -0.001942531 0.018697368 0.016374204 0.007825757 0.008775773 0.019352067 0.010186328 0.041662216 0.019725397 0.017773829 0.020990156
0.046992283 0.015624871 0.027039576 0.031835385 0.024496965 0.019057440 0.012924500 0.014569923 0.024713706 0.023283694 0.014457517 0.024895892 0.016835887 0.018817358 0.038729221 0.033095352 0.022777462 0.019837847 0.019237153 0.028189879 0.029987432 0.015237957 0.033631369 0.018697368 -0.015346822 0.012697674 0.020565845 0.016952764 0.026458144 0.019515328 0.028561570 0.020284394 0.026265100 0.029501867
0.041832771 0.025686393 0.025348842 0.016311534 0.016077196 0.017833382 0.006614618 0.011126573 0.018773574 0.008579915 0.007693372 0.009749068 0.014751958 0.015700426 0.030763905 0.033713538 0.022941254 0.010271763 0.018529389 0.018624030 0.024112588 0.013645122 0.029842285 0.016374204 0.012697674 -0.000327067 0.016563665 0.017080151 0.029832367 0.015181998 0.031260937 0.008432255 0.013496896 0.028315170
0.037216671 0.020516083 0.017869288 0.032606825 0.015266108 0.011631738 0.006450292 0.014090158 0.018833417 0.024645984 0.016086020 0.025707746 0.012837825 0.012136806 0.028811662 0.024972642 0.013108490 0.024756338 0.014894491 0.022822548 0.014950071 0.011813998 0.023664596 0.007825757 0.020565845 0.016563665 0.006629825 0.008230543 0.019048817 0.015011376 0.042412817 0.019167127 0.024657952 0.019808380
0.028819676 0.019176705 0.009321385 0.030946454 0.018222030 0.004903435 0.005783257 0.007522011 0.013893092 0.020159336 0.015047330 0.027687248 0.013378295 0.010640547 0.018111251 0.018735021 0.012833774 0.020694060 0.012596106 0.016882800 0.006255929 0.010201994 0.018604932 0.008775773 0.016952764 0.017080151 0.008230543 -0.003777694 0.013113706 0.007070373 0.030356521 0.019691847 0.019499127 0.010535648
0.020910516 0.020052895 0.011267928 0.037912358 0.027244439 0.018161707 0.018283512 0.020188905 0.015446602 0.031848352 0.028011687 0.032579161 0.021818327 0.021862872 0.020012815 0.008118978 0.014332425 0.034231849 0.018068366 0.029276630 0.011643692 0.021596272 0.013412372 0.019352067 0.026458144 0.029832367 0.019048817 0.013113706 0.008098599 0.019160766 0.038341910 0.039122019 0.026925607 0.015321329
0.039994046 0.018582340 0.018517671 0.033518568 0.020144517 0.011308628 0.008302465 0.010456426 0.016787823 0.022323813 0.015897941 0.025946744 0.014657706 0.015091370 0.029009294 0.026613403 0.018033572 0.025724869 0.017010640 0.024147214 0.015707675 0.013990647 0.027149679 0.010186328 0.019515328 0.015181998 0.015011376 0.007070373 0.019160766 0.006726705 0.039533641 0.019233651 0.020887092 0.019364167
0.064866342 0.038524993 0.042722106 0.038180351 0.056517728 0.038185820 0.038048502 0.038464323 0.046053588 0.032689627 0.033247426 0.041239176 0.042456083 0.046750352 0.054009911 0.049561378 0.040421803 0.028201081 0.039402485 0.046344183 0.037075870 0.033734303 0.048884772 0.041662216 0.028561570 0.031260937 0.042412817 0.030356521 0.038341910 0.039533641 -0.021705132 0.030682188 0.054072455 0.042097889
0.048711918 0.023075689 0.027162908 0.014593466 0.020217925 0.025935546 0.013592072 0.019113209 0.021869082 0.008831194 0.009021480 0.010113555 0.016300511 0.024408951 0.047507092 0.037075710 0.025499184 0.015541017 0.020347053 0.011675979 0.027239665 0.015949301 0.043044269 0.019725397 0.020284394 0.008432255 0.019167127 0.019691847 0.039122019 0.019233651 0.030682188 0.003063893 0.029805170 0.044309314
0.053632356 0.022921070 0.024652950 0.049901504 0.031931616 0.023123499 0.018863808 0.019900437 0.021811035 0.029213896 0.018341003 0.033849336 0.019887570 0.028870638 0.043353066 0.035245664 0.030963060 0.037291050 0.027231466 0.037697196 0.023497758 0.018011337 0.036134124 0.017773829 0.026265100 0.013496896 0.024657952 0.019499127 0.026925607 0.020887092 0.054072455 0.029805170 0.007212751 0.032160304
0.025824081 0.023619179 0.010228159 0.041757062 0.034667939 0.020387869 0.018249754 0.023566231 0.014712280 0.034484047 0.029016634 0.040581271 0.025035493 0.024708897 0.023882259 0.012955825 0.015762815 0.035135314 0.017755009 0.035241317 0.011375933 0.022643022 0.018168293 0.020990156 0.029501867 0.028315170 0.019808380 0.010535648 0.015321329 0.019364167 0.042097889 0.044309314 0.032160304 0.013535388
