0.013369516 0.042221028 0.031506091 0.063549139 0.040202226 0.035255432 0.044839963 0.040369816 0.041367888 0.053758979 0.047490504 0.056194149 0.034956042 0.037427522 0.024047632 0.029011652 0.029874600 0.059600063 0.042889785 0.035046048 0.026436260 0.038188919 0.025597848 0.040160578 0.045771673 0.049234115 0.040187381 0.040448822 0.028129738 0.036107317 0.068643749 0.048775215 0.044832859 0.027541991
0.042221028 0.005099982 0.023984030 0.033965662 0.025692459 0.020732243 0.014244677 0.018467553 0.023797596 0.024828225 0.019547436 0.024323087 0.019355878 0.017543759 0.035393491 0.030209484 0.021525094 0.024551511 0.015579307 0.022611216 0.027978314 0.020625226 0.026707368 0.017514845 0.011412200 0.020548232 0.019778036 0.019110998 0.030490819 0.018082242 0.047266722 0.028173581 0.027708985 0.032326892
0.031506091 0.023984030 0.005230490 0.043516710 0.020848174 0.017439440 0.017950736 0.020554572 0.019019304 0.034825258 0.027064485 0.036808059 0.019372711 0.018534545 0.024574019 0.019133113 0.015652671 0.037096784 0.019439492 0.018469471 0.011251541 0.019453634 0.017138021 0.017222717 0.026256796 0.029818662 0.020216014 0.016417772 0.017467827 0.017687317 0.051413897 0.030372813 0.023433758 0.015739616
0.063549139 0.033965662 0.043516710 0.013724076 0.030083232 0.034889150 0.029576896 0.029767612 0.037536465 0.019446084 0.018939501 0.014046164 0.023723453 0.031007409 0.056804691 0.053812094 0.033976547 0.025256880 0.031709522 0.025489777 0.041858312 0.026026869 0.045485120 0.027608929 0.022930566 0.016938241 0.033147991 0.035896312 0.044837546 0.029023182 0.043509595 0.016557824 0.037549045 0.048515413
0.040202226 0.025692459 0.020848174 0.030083232 -0.002283438 0.015404265 0.012914977 0.013210341 0.023428146 0.020262131 0.017998595 0.024320416 0.013623103 0.013531090 0.029971717 0.029749418 0.016527507 0.036010001 0.020233810 0.016671201 0.021520212 0.015833540 0.025902256 0.015655395 0.017652415 0.016845658 0.021428186 0.017695572 0.021837536 0.013743724 0.057535008 0.016936222 0.019460313 0.025031447
0.035255432 0.020732243 0.017439440 0.034889150 0.015404265 0.005911381 0.009353155 0.011819818 0.016387431 0.026170371 0.017953884 0.027782490 0.013117801 0.008864055 0.027105255 0.022986783 0.011912030 0.029540535 0.015218714 0.013786908 0.016236750 0.012906497 0.020676274 0.011861173 0.018081043 0.019769384 0.014604107 0.012724062 0.019429971 0.010941191 0.045682944 0.022874249 0.021349948 0.017838495
0.044839963 0.014244677 0.017950736 0.029576896 0.012914977 0.009353155 -0.005319979 0.006675731 0.012764604 0.019049207 0.002676142 0.020907015 0.007582295 0.006856169 0.033500947 0.027074233 0.011670507 0.024966326 0.008050043 0.015438219 0.017542349 0.005612251 0.026462646 0.000827863 0.011332826 0.004487101 0.008874854 0.006674519 0.020012906 0.008040358 0.048843864 0.015090236 0.020186182 0.022484148
0.040369816 0.018467553 0.020554572 0.029767612 0.013210341 0.011819818 0.006675731 0.004847553 0.015655113 0.018085515 0.010910103 0.020774892 0.009307118 0.008705826 0.030452032 0.027535206 0.015457944 0.024417998 0.014634914 0.007671145 0.017046846 0.010628460 0.025187232 0.008626970 0.013258556 0.010528225 0.014591292 0.014453839 0.025089353 0.008443970 0.044426724 0.016578671 0.015340761 0.021989316
0.041367888 0.023797596 0.019019304 0.037536465 0.023428146 0.016387431 0.012764604 0.015655113 0.009769831 0.026377499 0.019061459 0.027330425 0.018774761 0.014898889 0.033150647 0.028087584 0.018648369 0.026223641 0.017987354 0.014856415 0.018606758 0.018272975 0.024082296 0.012879774 0.018584611 0.019390445 0.020838996 0.016369574 0.029859627 0.015105269 0.050503552 0.029542122 0.018407481 0.025524871
0.053758979 0.024828225 0.034825258 0.019446084 0.020262131 0.026170371 0.019049207 0.018085515 0.026377499 0.006855153 0.010649752 0.010001530 0.016146261 0.021212924 0.046340786 0.044474706 0.026291512 0.018569529 0.023057707 0.013329163 0.031690635 0.017806608 0.038088143 0.018659726 0.015459493 0.008739263 0.024947416 0.025113245 0.034917124 0.019688301 0.040339980 0.008342851 0.023796633 0.040426251
0.047490504 0.019547436 0.027064485 0.018939501 0.017998595 0.017953884 0.002676142 0.010910103 0.019061459 0.010649752 0.000645854 0.012500823 0.011571151 0.013913860 0.039453924 0.037815496 0.019543700 0.017387716 0.016274108 0.013714424 0.025290031 0.011171747 0.034292024 0.013726111 0.011268396 0.006596356 0.018427726 0.016633587 0.031105930 0.013950425 0.039132942 0.010072868 0.016932629 0.032149483
0.056194149 0.024323087 0.036808059 0.014046164 0.024320416 0.027782490 0.020907015 0.020774892 0.027330425 0.010001530 0.012500823 0.004098065 0.019221401 0.023978699 0.049462833 0.048418231 0.030104175 0.018561706 0.024364628 0.018061899 0.034327239 0.020368360 0.039628446 0.021882510 0.015949327 0.010378838 0.026589455 0.025586195 0.038799148 0.022289325 0.041119739 0.011875125 0.025646007 0.041219473
0.034956042 0.019355878 0.019372711 0.023723453 0.013623103 0.013117801 0.007582295 0.009307118 0.018774761 0.016146261 0.011571151 0.019221401 0.001460228 0.011316210 0.028061811 0.025376074 0.015942490 0.023868777 0.012287857 0.012586353 0.019671801 0.013857404 0.021862492 0.011645270 0.014876790 0.013677608 0.017213114 0.012228806 0.023176961 0.011848073 0.043936830 0.016260674 0.014151786 0.022430426
0.037427522 0.017543759 0.018534545 0.031007409 0.013531090 0.008864055 0.006856169 0.008705826 0.014898889 0.021212924 0.013913860 0.023978699 0.011316210 0.000485969 0.027946508 0.025371967 0.012024194 0.026465941 0.014135319 0.013824782 0.017313289 0.012724174 0.023724075 0.012307025 0.014843993 0.016926587 0.014785575 0.011292035 0.018942103 0.008723531 0.047212318 0.019360077 0.019061230 0.018363642
0.024047632 0.035393491 0.024574019 0.056804691 0.029971717 0.027105255 0.033500947 0.030452032 0.033150647 0.046340786 0.039453924 0.049462833 0.028061811 0.027946508 0.007020300 0.023969555 0.021195516 0.056079566 0.037384093 0.028912339 0.021032361 0.028466225 0.021915942 0.030578656 0.040929638 0.041018479 0.032791842 0.030174932 0.018528370 0.027139168 0.059875950 0.037362769 0.033573572 0.018413503
0.029011652 0.030209484 0.019133113 0.053812094 0.029749418 0.022986783 0.027074233 0.027535206 0.028087584 0.044474706 0.037815496 0.048418231 0.025376074 0.025371967 0.023969555 0.005373706 0.018929884 0.048489202 0.029468428 0.031572752 0.012765824 0.026930973 0.014039721 0.026398420 0.034381200 0.039869558 0.028138585 0.024496093 0.016000569 0.025165759 0.056829803 0.042848244 0.029424306 0.017890943
0.029874600 0.021525094 0.015652671 0.033976547 0.016527507 0.011912030 0.011670507 0.015457944 0.018648369 0.026291512 0.019543700 0.030104175 0.015942490 0.012024194 0.021195516 0.018929884 0.001142376 0.030450439 0.012138585 0.015882771 0.011639772 0.014917652 0.014778841 0.012897664 0.020046402 0.022022832 0.015096555 0.013270814 0.015392140 0.014109228 0.043934129 0.023952637 0.025476255 0.013517920
0.059600063 0.024551511 0.037096784 0.025256880 0.036010001 0.029540535 0.024966326 0.024417998 0.026223641 0.018569529 0.017387716 0.018561706 0.023868777 0.026465941 0.056079566 0.048489202 0.030450439 0.013258819 0.026984997 0.019174380 0.035473015 0.020689797 0.045787044 0.026397990 0.017846059 0.017383650 0.028481778 0.028306512 0.045180783 0.024284719 0.035012230 0.022300797 0.032608051 0.043298975
0.042889785 0.015579307 0.019439492 0.031709522 0.020233810 0.015218714 0.008050043 0.014634914 0.017987354 0.023057707 0.016274108 0.024364628 0.012287857 0.014135319 0.037384093 0.029468428 0.012138585 0.026984997 0.006024196 0.018323820 0.020638799 0.013497802 0.025370162 0.012512883 0.017245298 0.016554805 0.015351177 0.014255409 0.022047482 0.015606104 0.048488200 0.023286413 0.028442532 0.023931989
0.035046048 0.022611216 0.018469471 0.025489777 0.016671201 0.013786908 0.015438219 0.007671145 0.014856415 0.013329163 0.013714424 0.018061899 0.012586353 0.013824782 0.028912339 0.031572752 0.015882771 0.019174380 0.018323820 -0.000905664 0.019818958 0.018538829 0.024746813 0.017217385 0.013838371 0.016601419 0.018024882 0.012396866 0.026584039 0.008934213 0.038321413 0.014575699 0.016403889 0.025111407
0.026436260 0.027978314 0.011251541 0.041858312 0.021520212 0.016236750 0.017542349 0.017046846 0.018606758 0.031690635 0.025290031 0.034327239 0.019671801 0.017313289 0.021032361 0.012765824 0.011639772 0.035473015 0.020638799 0.019818958 0.003108895 0.018433211 0.013042827 0.016598057 0.028788492 0.028476100 0.019084226 0.014142012 0.013327806 0.015849067 0.049367476 0.028163668 0.022121923 0.016011234
0.038188919 0.020625226 0.019453634 0.026026869 0.015833540 0.012906497 0.005612251 0.010628460 0.018272975 0.017806608 0.011171747 0.020368360 0.013857404 0.012724174 0.028466225 0.026930973 0.014917652 0.020689797 0.013497802 0.018538829 0.018433211 -0.001136883 0.023222579 0.011720406 0.012342593 0.013045262 0.015013677 0.011433776 0.023087831 0.012069987 0.037735052 0.016632412 0.015883256 0.021485379
0.025597848 0.026707368 0.017138021 0.045485120 0.025902256 0.020676274 0.026462646 0.025187232 0.024082296 0.038088143 0.034292024 0.039628446 0.021862492 0.023724075 0.021915942 0.014039721 0.014778841 0.045787044 0.025370162 0.024746813 0.013042827 0.023222579 0.008898320 0.024898469 0.032123119 0.034345951 0.025782781 0.022777803 0.012857883 0.023111733 0.053607389 0.034900427 0.028338108 0.017505299
0.040160578 0.017514845 0.017222717 0.027608929 0.015655395 0.011861173 0.000827863 0.008626970 0.012879774 0.018659726 0.013726111 0.021882510 0.011645270 0.012307025 0.030578656 0.026398420 0.012897664 0.026397990 0.012512883 0.017217385 0.016598057 0.011720406 0.024898469 -0.000658055 0.015627677 0.014780831 0.011463974 0.007661971 0.020676935 0.008998677 0.049123462 0.021349944 0.016853033 0.021979069
0.045771673 0.011412200 0.026256796 0.022930566 0.017652415 0.018081043 0.011332826 0.013258556 0.018584611 0.015459493 0.011268396 0.015949327 0.014876790 0.014843993 0.040929638 0.034381200 0.020046402 0.017846059 0.017245298 0.013838371 0.028788492 0.012342593 0.032123119 0.015627677 -0.018413430 0.011203498 0.017908502 0.016743045 0.029020790 0.014139469 0.031399511 0.017785735 0.020755459 0.029372074
0.049234115 0.020548232 0.029818662 0.016938241 0.016845658 0.019769384 0.004487101 0.010528225 0.019390445 0.008739263 0.006596356 0.010378838 0.013677608 0.016926587 0.041018479 0.039869558 0.022022832 0.017383650 0.016554805 0.016601419 0.028476100 0.013045262 0.034345951 0.014780831 0.011203498 -0.000395161 0.019144105 0.017831834 0.031447586 0.014658414 0.042177472 0.009929130 0.015972290 0.034793101
0.040187381 0.019778036 0.020216014 0.033147991 0.021428186 0.014604107 0.008874854 0.014591292 0.020838996 0.024947416 0.018427726 0.026589455 0.017213114 0.014785575 0.032791842 0.028138585 0.015096555 0.028481778 0.015351177 0.018024882 0.019084226 0.015013677 0.025782781 0.011463974 0.017908502 0.019144105 0.011852060 0.010327023 0.026261557 0.012850178 0.046449702 0.028366981 0.023979688 0.025206110
0.040448822 0.019110998 0.016417772 0.035896312 0.017695572 0.012724062 0.006674519 0.014453839 0.016369574 0.025113245 0.016633587 0.025586195 0.012228806 0.011292035 0.030174932 0.024496093 0.013270814 0.028306512 0.014255409 0.012396866 0.014142012 0.011433776 0.022777803 0.007661971 0.016743045 0.017831834 0.010327023 0.005884610 0.020699294 0.010698160 0.051078714 0.020882698 0.023926854 0.021226481
0.028129738 0.030490819 0.017467827 0.044837546 0.021837536 0.019429971 0.020012906 0.025089353 0.029859627 0.034917124 0.031105930 0.038799148 0.023176961 0.018942103 0.018528370 0.016000569 0.015392140 0.045180783 0.022047482 0.026584039 0.013327806 0.023087831 0.012857883 0.020676935 0.029020790 0.031447586 0.026261557 0.020699294 0.006814450 0.022530999 0.052903730 0.031732865 0.029986504 0.012682045
0.036107317 0.018082242 0.017687317 0.029023182 0.013743724 0.010941191 0.008040358 0.008443970 0.015105269 0.019688301 0.013950425 0.022289325 0.011848073 0.008723531 0.027139168 0.025165759 0.014109228 0.024284719 0.015606104 0.008934213 0.015849067 0.012069987 0.023111733 0.008998677 0.014139469 0.014658414 0.012850178 0.010698160 0.022530999 0.002394930 0.042139269 0.015265830 0.014589576 0.017986748
0.068643749 0.047266722 0.051413897 0.043509595 0.057535008 0.045682944 0.048843864 0.044426724 0.050503552 0.040339980 0.039132942 0.041119739 0.043936830 0.047212318 0.059875950 0.056829803 0.043934129 0.035012230 0.048488200 0.038321413 0.049367476 0.037735052 0.053607389 0.049123462 0.031399511 0.042177472 0.046449702 0.051078714 0.052903730 0.042139269 -0.014264967 0.037892029 0.052545883 0.049855448
0.048775215 0.028173581 0.030372813 0.016557824 0.016936222 0.022874249 0.015090236 0.016578671 0.029542122 0.008342851 0.010072868 0.011875125 0.016260674 0.019360077 0.037362769 0.042848244 0.023952637 0.022300797 0.023286413 0.014575699 0.028163668 0.016632412 0.034900427 0.021349944 0.017785735 0.009929130 0.028366981 0.020882698 0.031732865 0.015265830 0.037892029 0.002839603 0.019369632 0.037152193
0.044832859 0.027708985 0.023433758 0.037549045 0.019460313 0.021349948 0.020186182 0.015340761 0.018407481 0.023796633 0.016932629 0.025646007 0.014151786 0.019061230 0.033573572 0.029424306 0.025476255 0.032608051 0.028442532 0.016403889 0.022121923 0.015883256 0.028338108 0.016853033 0.020755459 0.015972290 0.023979688 0.023926854 0.029986504 0.014589576 0.052545883 0.019369632 -0.007781196 0.026273383
0.027541991 0.032326892 0.015739616 0.048515413 0.025031447 0.017838495 0.022484148 0.021989316 0.025524871 0.040426251 0.032149483 0.041219473 0.022430426 0.018363642 0.018413503 0.017890943 0.013517920 0.043298975 0.023931989 0.025111407 0.016011234 0.021485379 0.017505299 0.021979069 0.029372074 0.034793101 0.025206110 0.021226481 0.012682045 0.017986748 0.049855448 0.037152193 0.026273383 0.007708929
