0.012066007 0.043535396 0.027196543 0.064647421 0.040502142 0.036673456 0.038510941 0.045482941 0.045016088 0.056384083 0.046637055 0.068157129 0.038044881 0.047866825 0.022004992 0.031858362 0.033841547 0.059400264 0.040923715 0.053740423 0.026423320 0.041946333 0.023122530 0.038515788 0.049375992 0.045394890 0.038355410 0.034244452 0.029076427 0.040690742 0.067736298 0.046360929 0.052808404 0.026403490
0.043535396 0.012123764 0.026371786 0.032884076 0.017922146 0.015057035 0.021371033 0.020452417 0.022830021 0.027029250 0.021755071 0.024925672 0.019151293 0.025908604 0.030419797 0.026214350 0.026645882 0.034899574 0.026638091 0.034724053 0.025563363 0.020284973 0.029803272 0.019745067 0.021689404 0.025555989 0.022437124 0.018464059 0.030859882 0.024259500 0.045291036 0.026262781 0.023620866 0.028452551
0.027196543 0.026371786 -0.002546690 0.038872901 0.016149987 0.012195222 0.011816891 0.018890945 0.019049967 0.032028459 0.022130169 0.041694064 0.016632307 0.018575002 0.014151628 0.013516935 0.014268266 0.031430647 0.017075259 0.024558514 0.003684372 0.017056158 0.010331223 0.012670472 0.026174506 0.024662655 0.015529659 0.008518532 0.012997652 0.016685629 0.041593529 0.020537023 0.020298200 0.008796530
0.064647421 0.032884076 0.038872901 0.011984618 0.016457899 0.025969703 0.028741304 0.031365789 0.034782790 0.021764223 0.019183956 0.018733677 0.024597263 0.035891347 0.057083461 0.055429202 0.035743222 0.026926769 0.032738298 0.019823371 0.035859156 0.022496719 0.051743697 0.024246741 0.032498356 0.015493885 0.029273698 0.029110601 0.039061677 0.032961465 0.038333721 0.009137340 0.041885700 0.041297924
0.040502142 0.017922146 0.016149987 0.016457899 0.000341924 0.014853884 0.012628476 0.007822417 0.015836857 0.012004487 0.014993257 0.009355141 0.012667382 0.015477251 0.033130806 0.026239235 0.016825641 0.015516634 0.018194631 0.013042575 0.019336907 0.016228180 0.026744943 0.015304105 0.009188811 0.016391974 0.012695498 0.013228613 0.023876447 0.011373604 0.039426178 0.020517057 0.014574723 0.028955502
0.036673456 0.015057035 0.012195222 0.025969703 0.014853884 0.004541401 0.007275924 0.011645829 0.007896509 0.021543564 0.016110161 0.022984421 0.013319680 0.012931708 0.028565615 0.017889766 0.013630673 0.027065044 0.013697204 0.017244495 0.010286856 0.012220044 0.023518516 0.009038511 0.020179585 0.017314650 0.010092006 0.004945919 0.020639239 0.012263248 0.038734697 0.022977170 0.022120096 0.020344099
0.038510941 0.021371033 0.011816891 0.028741304 0.012628476 0.007275924 -0.004325948 0.007888975 0.013180370 0.020466659 0.002218791 0.022615997 0.010151900 0.004394200 0.024440560 0.020956296 0.013036563 0.016487526 0.008979874 0.017318845 0.013003668 0.006531719 0.020839836 0.001359707 0.013603223 0.007395762 0.006577157 0.006040978 0.017177803 0.008833591 0.036785003 0.012408350 0.016933357 0.017498156
0.045482941 0.020452417 0.018890945 0.031365789 0.007822417 0.011645829 0.007888975 0.003872853 0.017355448 0.023477122 0.014098961 0.029155472 0.011383405 0.017610535 0.032686427 0.032822199 0.018406793 0.022760982 0.017831830 0.024162674 0.020545837 0.014975548 0.029982429 0.008503434 0.016237246 0.013176436 0.013373744 0.011472716 0.026634850 0.011942223 0.040222872 0.016194014 0.018949442 0.023970202
0.045016088 0.022830021 0.019049967 0.034782790 0.015836857 0.007896509 0.013180370 0.017355448 0.004102983 0.027561573 0.018167404 0.029956631 0.015329106 0.019116556 0.034495808 0.027547140 0.018633198 0.032843005 0.020518763 0.023644827 0.017280662 0.013302201 0.027359270 0.009508159 0.027390314 0.018297097 0.017565481 0.012838919 0.022913810 0.019151438 0.048259877 0.018458113 0.019540980 0.016434239
0.056384083 0.027029250 0.032028459 0.021764223 0.012004487 0.021543564 0.020466659 0.023477122 0.027561573 0.012578132 0.013034001 0.017766211 0.019562121 0.024147034 0.048532728 0.047970802 0.030018307 0.020263540 0.025456535 0.018509299 0.031616930 0.017551525 0.044096652 0.018163059 0.026902227 0.009639608 0.023158029 0.023223639 0.033290327 0.024941875 0.036806069 0.005350997 0.030338798 0.036676794
0.046637055 0.021755071 0.022130169 0.019183956 0.014993257 0.016110161 0.002218791 0.014098961 0.018167404 0.013034001 0.000585164 0.012431070 0.011923624 0.014547046 0.038574684 0.033672072 0.020855961 0.012321376 0.015265669 0.016285310 0.023017965 0.010911975 0.033240609 0.012425967 0.016482353 0.008015646 0.015091470 0.015856499 0.027541805 0.016432220 0.032914914 0.008177534 0.018891703 0.029581482
0.068157129 0.024925672 0.041694064 0.018733677 0.009355141 0.022984421 0.022615997 0.029155472 0.029956631 0.017766211 0.012431070 0.011227848 0.017400878 0.027179094 0.058842223 0.050799932 0.033459239 0.026235748 0.028100258 0.018280469 0.035056420 0.014915322 0.050250657 0.016844071 0.028809635 0.009336616 0.024466911 0.026831415 0.034508940 0.029861990 0.048474118 0.009761610 0.032963902 0.044800907
0.038044881 0.019151293 0.016632307 0.024597263 0.012667382 0.013319680 0.010151900 0.011383405 0.015329106 0.019562121 0.011923624 0.017400878 0.001683902 0.011219165 0.030792108 0.028339002 0.018155426 0.017671419 0.014322957 0.015894081 0.021205176 0.015408813 0.026843166 0.011993558 0.017214414 0.016771602 0.012097755 0.013666679 0.019504875 0.014314082 0.037767269 0.015225094 0.017432414 0.023007533
0.047866825 0.025908604 0.018575002 0.035891347 0.015477251 0.012931708 0.004394200 0.017610535 0.019116556 0.024147034 0.014547046 0.027179094 0.011219165 0.007646365 0.033821534 0.028844696 0.015721560 0.022855856 0.015011205 0.022130724 0.017716395 0.015005893 0.027194079 0.008464532 0.020118818 0.016088448 0.013145338 0.014205418 0.020784475 0.017246244 0.051132403 0.020540746 0.028805180 0.027520802
0.022004992 0.030419797 0.014151628 0.057083461 0.033130806 0.028565615 0.024440560 0.032686427 0.034495808 0.048532728 0.038574684 0.058842223 0.030792108 0.033821534 0.003916048 0.025623113 0.021561028 0.045147590 0.028021697 0.045542795 0.021594005 0.032009579 0.019888410 0.028139016 0.039395586 0.035278797 0.027465595 0.024254112 0.023008782 0.027187012 0.051999249 0.042747352 0.041962005 0.023737747
0.031858362 0.026214350 0.013516935 0.055429202 0.026239235 0.017889766 0.020956296 0.032822199 0.027547140 0.047970802 0.033672072 0.050799932 0.028339002 0.028844696 0.025623113 0.007306973 0.019180834 0.044229165 0.024625881 0.036020860 0.013698980 0.025946435 0.017093642 0.022248687 0.036701195 0.035532080 0.023794280 0.022994414 0.010934656 0.028285775 0.052853584 0.034641825 0.039557237 0.014949243
0.033841547 0.026645882 0.014268266 0.035743222 0.016825641 0.013630673 0.013036563 0.018406793 0.018633198 0.030018307 0.020855961 0.033459239 0.018155426 0.015721560 0.021561028 0.019180834 0.002952465 0.027847124 0.014640216 0.024761572 0.012217716 0.017336713 0.016499963 0.012979731 0.023627181 0.024483606 0.013637038 0.013736098 0.015847407 0.018161304 0.040323436 0.024085369 0.028253168 0.016311541
0.059400264 0.034899574 0.031430647 0.026926769 0.015516634 0.027065044 0.016487526 0.022760982 0.032843005 0.020263540 0.012321376 0.026235748 0.017671419 0.022855856 0.045147590 0.044229165 0.027847124 0.007795352 0.025102966 0.032226615 0.028561739 0.017115347 0.038804356 0.017671572 0.020075802 0.009002998 0.023696948 0.021548711 0.037025385 0.025516644 0.032341667 0.005362752 0.034345116 0.036830783
0.040923715 0.026638091 0.017075259 0.032738298 0.018194631 0.013697204 0.008979874 0.017831830 0.020518763 0.025456535 0.015265669 0.028100258 0.014322957 0.015011205 0.028021697 0.024625881 0.014640216 0.025102966 0.010203983 0.023481991 0.015265813 0.014514483 0.021548752 0.011767759 0.020993838 0.019083541 0.015974345 0.013021688 0.020799495 0.019362208 0.043153197 0.020179043 0.025312705 0.020195382
0.053740423 0.034724053 0.024558514 0.019823371 0.013042575 0.017244495 0.017318845 0.024162674 0.023644827 0.018509299 0.016285310 0.018280469 0.015894081 0.022130724 0.045542795 0.036020860 0.024761572 0.032226615 0.023481991 -0.000143487 0.019271156 0.016643817 0.040217884 0.016048132 0.030957025 0.017539421 0.021212708 0.015894016 0.028669666 0.026513848 0.050451536 0.012937063 0.034321416 0.037585281
0.026423320 0.025563363 0.003684372 0.035859156 0.019336907 0.010286856 0.013003668 0.020545837 0.017280662 0.031616930 0.023017965 0.035056420 0.021205176 0.017716395 0.021594005 0.013698980 0.012217716 0.028561739 0.015265813 0.019271156 -0.000245402 0.016593182 0.013298692 0.013523285 0.033479121 0.025210472 0.013608282 0.010224257 0.010251541 0.018329032 0.038648676 0.024168374 0.028461711 0.013011394
0.041946333 0.020284973 0.017056158 0.022496719 0.016228180 0.012220044 0.006531719 0.014975548 0.013302201 0.017551525 0.010911975 0.014915322 0.015408813 0.015005893 0.032009579 0.025946435 0.017336713 0.017115347 0.014514483 0.016643817 0.016593182 -0.001005557 0.025610188 0.009380506 0.018594880 0.013776826 0.012203634 0.009845717 0.021757511 0.016002577 0.034680296 0.017093562 0.018052781 0.023719886
0.023122530 0.029803272 0.010331223 0.051743697 0.026744943 0.023518516 0.020839836 0.029982429 0.027359270 0.044096652 0.033240609 0.050250657 0.026843166 0.027194079 0.019888410 0.017093642 0.016499963 0.038804356 0.021548752 0.040217884 0.013298692 0.025610188 0.005044403 0.023761921 0.034159731 0.032551207 0.022501646 0.022240873 0.014612899 0.025450163 0.046226226 0.039054491 0.035260506 0.017855698
0.038515788 0.019745067 0.012670472 0.024246741 0.015304105 0.009038511 0.001359707 0.008503434 0.009508159 0.018163059 0.012425967 0.016844071 0.011993558 0.008464532 0.028139016 0.022248687 0.012979731 0.017671572 0.011767759 0.016048132 0.013523285 0.009380506 0.023761921 -0.002020915 0.019816212 0.016598897 0.006933900 0.007981387 0.017317202 0.010426312 0.037828032 0.019586939 0.016680647 0.019968757
0.049375992 0.021689404 0.026174506 0.032498356 0.009188811 0.020179585 0.013603223 0.016237246 0.027390314 0.026902227 0.016482353 0.028809635 0.017214414 0.020118818 0.039395586 0.036701195 0.023627181 0.020075802 0.020993838 0.030957025 0.033479121 0.018594880 0.034159731 0.019816212 -0.014977923 0.015667379 0.019969597 0.020032084 0.029152807 0.020508295 0.029435489 0.017246405 0.025153162 0.030183980
0.045394890 0.025555989 0.024662655 0.015493885 0.016391974 0.017314650 0.007395762 0.013176436 0.018297097 0.009639608 0.008015646 0.009336616 0.016771602 0.016088448 0.035278797 0.035532080 0.024483606 0.009002998 0.019083541 0.017539421 0.025210472 0.013776826 0.032551207 0.016598897 0.015667379 -0.000170465 0.016509857 0.017620133 0.028354172 0.017008847 0.031491969 0.008307084 0.014559000 0.029358983
0.038355410 0.022437124 0.015529659 0.029273698 0.012695498 0.010092006 0.006577157 0.013373744 0.017565481 0.023158029 0.015091470 0.024466911 0.012097755 0.013145338 0.027465595 0.023794280 0.013637038 0.023696948 0.015974345 0.021212708 0.013608282 0.012203634 0.022501646 0.006933900 0.019969597 0.016509857 0.007007398 0.006227318 0.020378489 0.013808317 0.039731350 0.018408753 0.020040477 0.020075927
0.034244452 0.018464059 0.008518532 0.029110601 0.013228613 0.004945919 0.006040978 0.011472716 0.012838919 0.023223639 0.015856499 0.026831415 0.013666679 0.014205418 0.024254112 0.022994414 0.013736098 0.021548711 0.013021688 0.015894016 0.010224257 0.009845717 0.022240873 0.007981387 0.020032084 0.017620133 0.006227318 -0.001054760 0.017503496 0.009954393 0.032714419 0.016495338 0.022177849 0.012515757
0.029076427 0.030859882 0.012997652 0.039061677 0.023876447 0.020639239 0.017177803 0.026634850 0.022913810 0.033290327 0.027541805 0.034508940 0.019504875 0.020784475 0.023008782 0.010934656 0.015847407 0.037025385 0.020799495 0.028669666 0.010251541 0.021757511 0.014612899 0.017317202 0.029152807 0.028354172 0.020378489 0.017503496 0.007834468 0.024668124 0.047967996 0.031192910 0.030477557 0.019337274
0.040690742 0.024259500 0.016685629 0.032961465 0.011373604 0.012263248 0.008833591 0.011942223 0.019151438 0.024941875 0.016432220 0.029861990 0.014314082 0.017246244 0.027187012 0.028285775 0.018161304 0.025516644 0.019362208 0.026513848 0.018329032 0.016002577 0.025450163 0.010426312 0.020508295 0.017008847 0.013808317 0.009954393 0.024668124 0.007845422 0.041168563 0.014229774 0.018952388 0.018888069
0.067736298 0.045291036 0.041593529 0.038333721 0.039426178 0.038734697 0.036785003 0.040222872 0.048259877 0.036806069 0.032914914 0.048474118 0.037767269 0.051132403 0.051999249 0.052853584 0.040323436 0.032341667 0.043153197 0.050451536 0.038648676 0.034680296 0.046226226 0.037828032 0.029435489 0.031491969 0.039731350 0.032714419 0.047967996 0.041168563 -0.019386260 0.025807699 0.051611431 0.042703215
0.046360929 0.026262781 0.020537023 0.009137340 0.020517057 0.022977170 0.012408350 0.016194014 0.018458113 0.005350997 0.008177534 0.009761610 0.015225094 0.020540746 0.042747352 0.034641825 0.024085369 0.005362752 0.020179043 0.012937063 0.024168374 0.017093562 0.039054491 0.019586939 0.017246405 0.008307084 0.018408753 0.016495338 0.031192910 0.014229774 0.025807699 0.001780263 0.017808774 0.039389666
0.052808404 0.023620866 0.020298200 0.041885700 0.014574723 0.022120096 0.016933357 0.018949442 0.019540980 0.030338798 0.018891703 0.032963902 0.017432414 0.028805180 0.041962005 0.039557237 0.028253168 0.034345116 0.025312705 0.034321416 0.028461711 0.018052781 0.035260506 0.016680647 0.025153162 0.014559000 0.020040477 0.022177849 0.030477557 0.018952388 0.051611431 0.017808774 0.004424497 0.028741619
0.026403490 0.028452551 0.008796530 0.041297924 0.028955502 0.020344099 0.017498156 0.023970202 0.016434239 0.036676794 0.029581482 0.044800907 0.023007533 0.027520802 0.023737747 0.014949243 0.016311541 0.036830783 0.020195382 0.037585281 0.013011394 0.023719886 0.017855698 0.019968757 0.030183980 0.029358983 0.020075927 0.012515757 0.019337274 0.018888069 0.042703215 0.039389666 0.028741619 0.014726218
