0.000000000 0.095435686 0.018691588 0.117408909 0.141732290 0.064377680 0.026785715 0.106557377 0.138339922 0.117408909 0.099173553 0.134920642 0.145098045 0.052173913 0.153439149 0.043859649 0.009090909 0.131474108 0.000000000 0.110204078 0.060344826 0.056277055 0.048034936 0.035398230 0.113821141 0.124497995 0.068376072 0.052173913 0.000000000 0.043859649 0.329230756 0.155038759 0.151750967 0.064377680
0.095435686 0.000000000 0.113924049 0.022222223 0.046931408 0.031250000 0.068825908 0.011235955 0.043478262 0.022222223 0.003773585 0.039999999 0.050359711 0.043478262 0.245283023 0.051792830 0.086419754 0.036496349 0.095435686 0.014925373 0.035294119 0.039370079 0.047619049 0.060240965 0.018587360 0.029411765 0.027237354 0.043478262 0.095435686 0.051792830 0.241379306 0.060498219 0.057142857 0.031250000
0.018691588 0.113924049 0.000000000 0.135802463 0.159999996 0.082969435 0.045454547 0.125000000 0.156626508 0.135802463 0.117647059 0.153225809 0.163346618 0.070796460 0.135135129 0.062500000 0.027777778 0.149797574 0.018691588 0.128630713 0.078947365 0.074889868 0.066666670 0.054054055 0.132231399 0.142857149 0.086956523 0.070796460 0.018691588 0.062500000 0.345794380 0.173228353 0.169960469 0.082969435
0.117408909 0.022222223 0.135802463 0.000000000 0.024734983 0.053435113 0.090909094 0.010989011 0.021276595 0.000000000 0.018450184 0.017793594 0.028169014 0.065637067 0.266055048 0.073929958 0.108433738 0.014285714 0.117408909 0.007299270 0.057471264 0.061538462 0.069767445 0.082352944 0.003636364 0.007194245 0.049429659 0.065637067 0.117408909 0.073929958 0.220338985 0.038327526 0.034965035 0.053435113
0.141732290 0.046931408 0.159999996 0.024734983 0.000000000 0.078066915 0.115384616 0.035714287 0.003460208 0.024734983 0.043165468 0.006944444 0.003436426 0.090225562 0.288888901 0.098484851 0.132812500 0.010452962 0.141732290 0.032028470 0.082089551 0.086142324 0.094339624 0.106870227 0.028368793 0.017543860 0.074074075 0.090225562 0.141732290 0.098484851 0.196675897 0.013605442 0.010238908 0.078066915
0.064377680 0.031250000 0.082969435 0.053435113 0.078066915 0.000000000 0.037656903 0.042471044 0.074626863 0.053435113 0.035019454 0.071161047 0.081481479 0.012244898 0.215686277 0.020576132 0.055319149 0.067669176 0.064377680 0.046153847 0.004048583 0.008130081 0.016393442 0.029045643 0.049808428 0.060606062 0.004016064 0.012244898 0.064377680 0.020576132 0.270588249 0.091575094 0.088235296 0.000000000
0.026785715 0.068825908 0.045454547 0.090909094 0.115384616 0.037656903 0.000000000 0.079999998 0.111969113 0.090909094 0.072580643 0.108527131 0.118773945 0.025423728 0.179487184 0.017094018 0.017699115 0.105058365 0.026785715 0.083665341 0.033613447 0.029535865 0.021276595 0.008620690 0.087301590 0.098039217 0.041666668 0.025423728 0.026785715 0.017094018 0.305135965 0.128787875 0.125475287 0.037656903
0.106557377 0.011235955 0.125000000 0.010989011 0.035714287 0.042471044 0.079999998 0.000000000 0.032258064 0.010989011 0.007462686 0.028776979 0.039145909 0.054687500 0.255813956 0.062992126 0.097560972 0.025270758 0.106557377 0.003690037 0.046511628 0.050583657 0.058823530 0.071428575 0.007352941 0.018181818 0.038461540 0.054687500 0.106557377 0.062992126 0.230769232 0.049295776 0.045936394 0.042471044
0.138339922 0.043478262 0.156626508 0.021276595 0.003460208 0.074626863 0.111969113 0.032258064 0.000000000 0.021276595 0.039711192 0.003484321 0.006896552 0.086792454 0.285714298 0.095057033 0.129411772 0.006993007 0.138339922 0.028571429 0.078651689 0.082706764 0.090909094 0.103448279 0.024911031 0.014084507 0.070631973 0.086792454 0.138339922 0.095057033 0.200000003 0.017064847 0.013698630 0.074626863
0.117408909 0.022222223 0.135802463 0.000000000 0.024734983 0.053435113 0.090909094 0.010989011 0.021276595 0.000000000 0.018450184 0.017793594 0.028169014 0.065637067 0.266055048 0.073929958 0.108433738 0.014285714 0.117408909 0.007299270 0.057471264 0.061538462 0.069767445 0.082352944 0.003636364 0.007194245 0.049429659 0.065637067 0.117408909 0.073929958 0.220338985 0.038327526 0.034965035 0.053435113
0.099173553 0.003773585 0.117647059 0.018450184 0.043165468 0.035019454 0.072580643 0.007462686 0.039711192 0.018450184 0.000000000 0.036231883 0.046594981 0.047244094 0.248826295 0.055555556 0.090163931 0.032727271 0.099173553 0.011152416 0.039062500 0.043137256 0.051383398 0.064000003 0.014814815 0.025641026 0.031007752 0.047244094 0.099173553 0.055555556 0.237822354 0.056737587 0.053380784 0.035019454
0.134920642 0.039999999 0.153225809 0.017793594 0.006944444 0.071161047 0.108527131 0.028776979 0.003484321 0.017793594 0.036231883 0.000000000 0.010380623 0.083333336 0.282511204 0.091603056 0.125984251 0.003508772 0.134920642 0.025089607 0.075187966 0.079245284 0.087452471 0.100000001 0.021428572 0.010600707 0.067164183 0.083333336 0.134920642 0.091603056 0.203342617 0.020547945 0.017182130 0.071161047
0.145098045 0.050359711 0.163346618 0.028169014 0.003436426 0.081481479 0.118773945 0.039145909 0.006896552 0.028169014 0.046594981 0.010380623 0.000000000 0.093632959 0.292035401 0.101886794 0.136186764 0.013888889 0.145098045 0.035460994 0.085501857 0.089552239 0.097744361 0.110266156 0.031802122 0.020979021 0.077490777 0.093632959 0.145098045 0.101886794 0.193370163 0.010169491 0.006802721 0.081481479
0.052173913 0.043478262 0.070796460 0.065637067 0.090225562 0.012244898 0.025423728 0.054687500 0.086792454 0.065637067 0.047244094 0.083333336 0.093632959 0.000000000 0.203980103 0.008333334 0.043103449 0.079847910 0.052173913 0.058365759 0.008196721 0.004115226 0.004149378 0.016806724 0.062015504 0.072796933 0.016260162 0.000000000 0.052173913 0.008333334 0.281899124 0.103703700 0.100371748 0.012244898
0.153439149 0.245283023 0.135135129 0.266055048 0.288888901 0.215686277 0.179487184 0.255813956 0.285714298 0.266055048 0.248826295 0.282511204 0.292035401 0.203980103 0.000000000 0.195979893 0.162303671 0.279279292 0.153439149 0.259259254 0.211822659 0.207920790 0.200000003 0.187817261 0.262672812 0.272727281 0.219512194 0.203980103 0.153439149 0.195979893 0.459459454 0.301310033 0.298245609 0.215686277
0.043859649 0.051792830 0.062500000 0.073929958 0.098484851 0.020576132 0.017094018 0.062992126 0.095057033 0.073929958 0.055555556 0.091603056 0.101886794 0.008333334 0.195979893 0.000000000 0.034782607 0.088122606 0.043859649 0.066666670 0.016528925 0.012448133 0.004184100 0.008474576 0.070312500 0.081081077 0.024590164 0.008333334 0.043859649 0.000000000 0.289552242 0.111940302 0.108614229 0.020576132
0.009090909 0.086419754 0.027777778 0.108433738 0.132812500 0.055319149 0.017699115 0.097560972 0.129411772 0.108433738 0.090163931 0.125984251 0.136186764 0.043103449 0.162303671 0.034782607 0.000000000 0.122529641 0.009090909 0.101214573 0.051282052 0.047210302 0.038961038 0.026315790 0.104838707 0.115537852 0.059322033 0.043103449 0.009090909 0.034782607 0.321100920 0.146153852 0.142857149 0.055319149
0.131474108 0.036496349 0.149797574 0.014285714 0.010452962 0.067669176 0.105058365 0.025270758 0.006993007 0.014285714 0.032727271 0.003508772 0.013888889 0.079847910 0.279279292 0.088122606 0.122529641 0.000000000 0.131474108 0.021582734 0.071698114 0.075757578 0.083969466 0.096525095 0.017921148 0.007092198 0.063670412 0.079847910 0.131474108 0.088122606 0.206703916 0.024054984 0.020689655 0.067669176
0.000000000 0.095435686 0.018691588 0.117408909 0.141732290 0.064377680 0.026785715 0.106557377 0.138339922 0.117408909 0.099173553 0.134920642 0.145098045 0.052173913 0.153439149 0.043859649 0.009090909 0.131474108 0.000000000 0.110204078 0.060344826 0.056277055 0.048034936 0.035398230 0.113821141 0.124497995 0.068376072 0.052173913 0.000000000 0.043859649 0.329230756 0.155038759 0.151750967 0.064377680
0.110204078 0.014925373 0.128630713 0.007299270 0.032028470 0.046153847 0.083665341 0.003690037 0.028571429 0.007299270 0.011152416 0.025089607 0.035460994 0.058365759 0.259259254 0.066666670 0.101214573 0.021582734 0.110204078 0.000000000 0.050193049 0.054263566 0.062500000 0.075098813 0.003663004 0.014492754 0.042145595 0.058365759 0.110204078 0.066666670 0.227272734 0.045614034 0.042253520 0.046153847
0.060344826 0.035294119 0.078947365 0.057471264 0.082089551 0.004048583 0.033613447 0.046511628 0.078651689 0.057471264 0.039062500 0.075187966 0.085501857 0.008196721 0.211822659 0.016528925 0.051282052 0.071698114 0.060344826 0.050193049 0.000000000 0.004081632 0.012345679 0.025000000 0.053846154 0.064638786 0.008064516 0.008196721 0.060344826 0.016528925 0.274336278 0.095588237 0.092250921 0.004048583
0.056277055 0.039370079 0.074889868 0.061538462 0.086142324 0.008130081 0.029535865 0.050583657 0.082706764 0.061538462 0.043137256 0.079245284 0.089552239 0.004115226 0.207920790 0.012448133 0.047210302 0.075757578 0.056277055 0.054263566 0.004081632 0.000000000 0.008264462 0.020920502 0.057915058 0.068702288 0.012145749 0.004115226 0.056277055 0.012448133 0.278106511 0.099630997 0.096296296 0.008130081
0.048034936 0.047619049 0.066666670 0.069767445 0.094339624 0.016393442 0.021276595 0.058823530 0.090909094 0.069767445 0.051383398 0.087452471 0.097744361 0.004149378 0.200000003 0.004184100 0.038961038 0.083969466 0.048034936 0.062500000 0.012345679 0.008264462 0.000000000 0.012658228 0.066147856 0.076923080 0.020408163 0.004149378 0.048034936 0.004184100 0.285714298 0.107806690 0.104477614 0.016393442
0.035398230 0.060240965 0.054054055 0.082352944 0.106870227 0.029045643 0.008620690 0.071428575 0.103448279 0.082352944 0.064000003 0.100000001 0.110266156 0.016806724 0.187817261 0.008474576 0.026315790 0.096525095 0.035398230 0.075098813 0.025000000 0.020920502 0.012658228 0.000000000 0.078740157 0.089494161 0.033057850 0.016806724 0.035398230 0.008474576 0.297297299 0.120300755 0.116981134 0.029045643
0.113821141 0.018587360 0.132231399 0.003636364 0.028368793 0.049808428 0.087301590 0.007352941 0.024911031 0.003636364 0.014814815 0.021428572 0.031802122 0.062015504 0.262672812 0.070312500 0.104838707 0.017921148 0.113821141 0.003663004 0.053846154 0.057915058 0.066147856 0.078740157 0.000000000 0.010830325 0.045801528 0.062015504 0.113821141 0.070312500 0.223796040 0.041958041 0.038596492 0.049808428
0.124497995 0.029411765 0.142857149 0.007194245 0.017543860 0.060606062 0.098039217 0.018181818 0.014084507 0.007194245 0.025641026 0.010600707 0.020979021 0.072796933 0.272727281 0.081081077 0.115537852 0.007092198 0.124497995 0.014492754 0.064638786 0.068702288 0.076923080 0.089494161 0.010830325 0.000000000 0.056603774 0.072796933 0.124497995 0.081081077 0.213483140 0.031141868 0.027777778 0.060606062
0.068376072 0.027237354 0.086956523 0.049429659 0.074074075 0.004016064 0.041666668 0.038461540 0.070631973 0.049429659 0.031007752 0.067164183 0.077490777 0.016260162 0.219512194 0.024590164 0.059322033 0.063670412 0.068376072 0.042145595 0.008064516 0.012145749 0.020408163 0.033057850 0.045801528 0.056603774 0.000000000 0.016260162 0.068376072 0.024590164 0.266862184 0.087591238 0.084249087 0.004016064
0.052173913 0.043478262 0.070796460 0.065637067 0.090225562 0.012244898 0.025423728 0.054687500 0.086792454 0.065637067 0.047244094 0.083333336 0.093632959 0.000000000 0.203980103 0.008333334 0.043103449 0.079847910 0.052173913 0.058365759 0.008196721 0.004115226 0.004149378 0.016806724 0.062015504 0.072796933 0.016260162 0.000000000 0.052173913 0.008333334 0.281899124 0.103703700 0.100371748 0.012244898
0.000000000 0.095435686 0.018691588 0.117408909 0.141732290 0.064377680 0.026785715 0.106557377 0.138339922 0.117408909 0.099173553 0.134920642 0.145098045 0.052173913 0.153439149 0.043859649 0.009090909 0.131474108 0.000000000 0.110204078 0.060344826 0.056277055 0.048034936 0.035398230 0.113821141 0.124497995 0.068376072 0.052173913 0.000000000 0.043859649 0.329230756 0.155038759 0.151750967 0.064377680
0.043859649 0.051792830 0.062500000 0.073929958 0.098484851 0.020576132 0.017094018 0.062992126 0.095057033 0.073929958 0.055555556 0.091603056 0.101886794 0.008333334 0.195979893 0.000000000 0.034782607 0.088122606 0.043859649 0.066666670 0.016528925 0.012448133 0.004184100 0.008474576 0.070312500 0.081081077 0.024590164 0.008333334 0.043859649 0.000000000 0.289552242 0.111940302 0.108614229 0.020576132
0.329230756 0.241379306 0.345794380 0.220338985 0.196675897 0.270588249 0.305135965 0.230769232 0.200000003 0.220338985 0.237822354 0.203342617 0.193370163 0.281899124 0.459459454 0.289552242 0.321100920 0.206703916 0.329230756 0.227272734 0.274336278 0.278106511 0.285714298 0.297297299 0.223796040 0.213483140 0.266862184 0.281899124 0.329230756 0.289552242 0.000000000 0.183561638 0.186813191 0.270588249
0.155038759 0.060498219 0.173228353 0.038327526 0.013605442 0.091575094 0.128787875 0.049295776 0.017064847 0.038327526 0.056737587 0.020547945 0.010169491 0.103703700 0.301310033 0.111940302 0.146153852 0.024054984 0.155038759 0.045614034 0.095588237 0.099630997 0.107806690 0.120300755 0.041958041 0.031141868 0.087591238 0.103703700 0.155038759 0.111940302 0.183561638 0.000000000 0.003367003 0.091575094
0.151750967 0.057142857 0.169960469 0.034965035 0.010238908 0.088235296 0.125475287 0.045936394 0.013698630 0.034965035 0.053380784 0.017182130 0.006802721 0.100371748 0.298245609 0.108614229 0.142857149 0.020689655 0.151750967 0.042253520 0.092250921 0.096296296 0.104477614 0.116981134 0.038596492 0.027777778 0.084249087 0.100371748 0.151750967 0.108614229 0.186813191 0.003367003 0.000000000 0.088235296
0.064377680 0.031250000 0.082969435 0.053435113 0.078066915 0.000000000 0.037656903 0.042471044 0.074626863 0.053435113 0.035019454 0.071161047 0.081481479 0.012244898 0.215686277 0.020576132 0.055319149 0.067669176 0.064377680 0.046153847 0.004048583 0.008130081 0.016393442 0.029045643 0.049808428 0.060606062 0.004016064 0.012244898 0.064377680 0.020576132 0.270588249 0.091575094 0.088235296 0.000000000
