0.000000000 0.061611373 0.052631579 0.204819277 0.142857149 0.079069771 0.066037737 0.112107620 0.153846160 0.174999997 0.171548113 0.214285716 0.168067232 0.083333336 0.005076142 0.178423241 0.074766353 0.171548113 0.057142857 0.150214598 0.083333336 0.157446802 0.108108111 0.091743119 0.142857149 0.131578952 0.104072399 0.095890410 0.079069771 0.112107620 0.348684222 0.181818187 0.188524589 0.095890410
0.061611373 0.000000000 0.009009009 0.145038173 0.081967212 0.017543860 0.004444445 0.050847456 0.093117408 0.114624508 0.111111112 0.154716983 0.107569724 0.021834061 0.066666670 0.118110240 0.013215859 0.111111112 0.004484305 0.089430891 0.021834061 0.096774191 0.046808511 0.030303031 0.081967212 0.070539422 0.042735044 0.034482758 0.017543860 0.050847456 0.293375403 0.121568628 0.128404662 0.034482758
0.052631579 0.009009009 0.000000000 0.153846160 0.090909094 0.026548672 0.013452915 0.059829060 0.102040820 0.123505980 0.119999997 0.163498104 0.116465867 0.030837005 0.057692308 0.126984134 0.022222223 0.119999997 0.004524887 0.098360658 0.030837005 0.105691060 0.055793993 0.039301310 0.090909094 0.079497911 0.051724140 0.043478262 0.026548672 0.059829060 0.301587313 0.130434781 0.137254909 0.043478262
0.204819277 0.145038173 0.153846160 0.000000000 0.063829787 0.127819553 0.140684411 0.094890513 0.052631579 0.030927835 0.034482758 0.009900990 0.038062282 0.123595506 0.209677413 0.027397260 0.132075474 0.034482758 0.149425283 0.056338027 0.123595506 0.048951048 0.098901100 0.115241639 0.063829787 0.075268820 0.102941178 0.111111112 0.127819553 0.094890513 0.154929578 0.023890786 0.016949153 0.111111112
0.142857149 0.081967212 0.090909094 0.063829787 0.000000000 0.064516127 0.077551022 0.031250000 0.011235955 0.032967035 0.029411765 0.073684208 0.025830258 0.060240965 0.147826090 0.036496349 0.068825908 0.029411765 0.086419754 0.007518797 0.060240965 0.014925373 0.035294119 0.051792830 0.000000000 0.011494253 0.039370079 0.047619049 0.064516127 0.031250000 0.216617212 0.039999999 0.046931408 0.047619049
0.079069771 0.017543860 0.026548672 0.127819553 0.064516127 0.000000000 0.013100437 0.033333335 0.075697213 0.097276263 0.093750000 0.137546465 0.090196081 0.004291845 0.084112152 0.100775197 0.004329004 0.093750000 0.022026431 0.071999997 0.004291845 0.079365082 0.029288704 0.012765957 0.064516127 0.053061225 0.025210084 0.016949153 0.000000000 0.033333335 0.277258575 0.104247101 0.111111112 0.016949153
0.066037737 0.004444445 0.013452915 0.140684411 0.077551022 0.013100437 0.000000000 0.046413504 0.088709675 0.110236220 0.106719367 0.150375932 0.103174604 0.017391304 0.071090050 0.113725491 0.008771930 0.106719367 0.008928572 0.085020244 0.017391304 0.092369474 0.042372882 0.025862070 0.077551022 0.066115700 0.038297873 0.030042918 0.013100437 0.046413504 0.289308190 0.117187500 0.124031007 0.030042918
0.112107620 0.050847456 0.059829060 0.094890513 0.031250000 0.033333335 0.046413504 0.000000000 0.042471044 0.064150944 0.060606062 0.104693137 0.057034221 0.029045643 0.117117114 0.067669176 0.037656903 0.060606062 0.055319149 0.038759690 0.029045643 0.046153847 0.004048583 0.020576132 0.031250000 0.019762846 0.008130081 0.016393442 0.033333335 0.000000000 0.246200606 0.071161047 0.078066915 0.016393442
0.153846160 0.093117408 0.102040820 0.052631579 0.011235955 0.075697213 0.088709675 0.042471044 0.000000000 0.021739131 0.018181818 0.062500000 0.014598540 0.071428575 0.158798277 0.025270758 0.079999998 0.018181818 0.097560972 0.003717472 0.071428575 0.003690037 0.046511628 0.062992126 0.011235955 0.022727273 0.050583657 0.058823530 0.075697213 0.042471044 0.205882356 0.028776979 0.035714287 0.058823530
0.174999997 0.114624508 0.123505980 0.030927835 0.032967035 0.097276263 0.110236220 0.064150944 0.021739131 0.000000000 0.003558719 0.040816326 0.007142857 0.093023255 0.179916322 0.003533569 0.101562500 0.003558719 0.119047619 0.025454545 0.093023255 0.018050542 0.068181820 0.084615387 0.032967035 0.044444446 0.072243348 0.080459774 0.097276263 0.064150944 0.184971094 0.007042253 0.013986014 0.080459774
0.171548113 0.111111112 0.119999997 0.034482758 0.029411765 0.093750000 0.106719367 0.060606062 0.018181818 0.003558719 0.000000000 0.044368602 0.003584229 0.089494161 0.176470593 0.007092198 0.098039217 0.000000000 0.115537852 0.021897810 0.089494161 0.014492754 0.064638786 0.081081077 0.029411765 0.040892195 0.068702288 0.076923080 0.093750000 0.060606062 0.188405797 0.010600707 0.017543860 0.076923080
0.214285716 0.154716983 0.163498104 0.009900990 0.073684208 0.137546465 0.150375932 0.104693137 0.062500000 0.040816326 0.044368602 0.000000000 0.047945205 0.133333340 0.219123513 0.037288137 0.141791046 0.044368602 0.159090906 0.066202089 0.133333340 0.058823530 0.108695649 0.125000000 0.073684208 0.085106380 0.112727270 0.120879121 0.137546465 0.104693137 0.145251393 0.033783782 0.026845638 0.120879121
0.168067232 0.107569724 0.116465867 0.038062282 0.025830258 0.090196081 0.103174604 0.057034221 0.014598540 0.007142857 0.003584229 0.047945205 0.000000000 0.085937500 0.172995776 0.010676157 0.094488189 0.003584229 0.112000003 0.018315019 0.085937500 0.010909091 0.061068702 0.077519380 0.025830258 0.037313432 0.065134101 0.073359072 0.090196081 0.057034221 0.191860467 0.014184397 0.021126760 0.073359072
0.083333336 0.021834061 0.030837005 0.123595506 0.060240965 0.004291845 0.017391304 0.029045643 0.071428575 0.093023255 0.089494161 0.133333340 0.085937500 0.000000000 0.088372096 0.096525095 0.008620690 0.089494161 0.026315790 0.067729086 0.000000000 0.075098813 0.025000000 0.008474576 0.060240965 0.048780486 0.020920502 0.012658228 0.004291845 0.029045643 0.273291916 0.100000001 0.106870227 0.012658228
0.005076142 0.066666670 0.057692308 0.209677413 0.147826090 0.084112152 0.071090050 0.117117114 0.158798277 0.179916322 0.176470593 0.219123513 0.172995776 0.088372096 0.000000000 0.183333337 0.079812206 0.176470593 0.062200956 0.155172408 0.088372096 0.162393168 0.113122173 0.096774191 0.147826090 0.136563882 0.109090909 0.100917429 0.084112152 0.117117114 0.353135318 0.186721995 0.193415642 0.100917429
0.178423241 0.118110240 0.126984134 0.027397260 0.036496349 0.100775197 0.113725491 0.067669176 0.025270758 0.003533569 0.007092198 0.037288137 0.010676157 0.096525095 0.183333337 0.000000000 0.105058365 0.007092198 0.122529641 0.028985508 0.096525095 0.021582734 0.071698114 0.088122606 0.036496349 0.047970481 0.075757578 0.083969466 0.100775197 0.067669176 0.181556195 0.003508772 0.010452962 0.083969466
0.074766353 0.013215859 0.022222223 0.132075474 0.068825908 0.004329004 0.008771930 0.037656903 0.079999998 0.101562500 0.098039217 0.141791046 0.094488189 0.008620690 0.079812206 0.105058365 0.000000000 0.098039217 0.017699115 0.076305218 0.008620690 0.083665341 0.033613447 0.017094018 0.068825908 0.057377048 0.029535865 0.021276595 0.004329004 0.037656903 0.281250000 0.108527131 0.115384616 0.021276595
0.171548113 0.111111112 0.119999997 0.034482758 0.029411765 0.093750000 0.106719367 0.060606062 0.018181818 0.003558719 0.000000000 0.044368602 0.003584229 0.089494161 0.176470593 0.007092198 0.098039217 0.000000000 0.115537852 0.021897810 0.089494161 0.014492754 0.064638786 0.081081077 0.029411765 0.040892195 0.068702288 0.076923080 0.093750000 0.060606062 0.188405797 0.010600707 0.017543860 0.076923080
0.057142857 0.004484305 0.004524887 0.149425283 0.086419754 0.022026431 0.008928572 0.055319149 0.097560972 0.119047619 0.115537852 0.159090906 0.112000003 0.026315790 0.062200956 0.122529641 0.017699115 0.115537852 0.000000000 0.093877554 0.026315790 0.101214573 0.051282052 0.034782607 0.086419754 0.075000003 0.047210302 0.038961038 0.022026431 0.055319149 0.297468364 0.125984251 0.132812500 0.038961038
0.150214598 0.089430891 0.098360658 0.056338027 0.007518797 0.071999997 0.085020244 0.038759690 0.003717472 0.025454545 0.021897810 0.066202089 0.018315019 0.067729086 0.155172408 0.028985508 0.076305218 0.021897810 0.093877554 0.000000000 0.067729086 0.007407407 0.042801555 0.059288539 0.007518797 0.019011406 0.046875000 0.055118110 0.071999997 0.038759690 0.209439531 0.032490976 0.039426524 0.055118110
0.083333336 0.021834061 0.030837005 0.123595506 0.060240965 0.004291845 0.017391304 0.029045643 0.071428575 0.093023255 0.089494161 0.133333340 0.085937500 0.000000000 0.088372096 0.096525095 0.008620690 0.089494161 0.026315790 0.067729086 0.000000000 0.075098813 0.025000000 0.008474576 0.060240965 0.048780486 0.020920502 0.012658228 0.004291845 0.029045643 0.273291916 0.100000001 0.106870227 0.012658228
0.157446802 0.096774191 0.105691060 0.048951048 0.014925373 0.079365082 0.092369474 0.046153847 0.003690037 0.018050542 0.014492754 0.058823530 0.010909091 0.075098813 0.162393168 0.021582734 0.083665341 0.014492754 0.101214573 0.007407407 0.075098813 0.000000000 0.050193049 0.066666670 0.014925373 0.026415095 0.054263566 0.062500000 0.079365082 0.046153847 0.202346042 0.025089607 0.032028470 0.062500000
0.108108111 0.046808511 0.055793993 0.098901100 0.035294119 0.029288704 0.042372882 0.004048583 0.046511628 0.068181820 0.064638786 0.108695649 0.061068702 0.025000000 0.113122173 0.071698114 0.033613447 0.064638786 0.051282052 0.042801555 0.025000000 0.050193049 0.000000000 0.016528925 0.035294119 0.023809524 0.004081632 0.012345679 0.029288704 0.004048583 0.250000000 0.075187966 0.082089551 0.012345679
0.091743119 0.030303031 0.039301310 0.115241639 0.051792830 0.012765957 0.025862070 0.020576132 0.062992126 0.084615387 0.081081077 0.125000000 0.077519380 0.008474576 0.096774191 0.088122606 0.017094018 0.081081077 0.034782607 0.059288539 0.008474576 0.066666670 0.016528925 0.000000000 0.051792830 0.040322579 0.012448133 0.004184100 0.012765957 0.020576132 0.265432090 0.091603056 0.098484851 0.004184100
0.142857149 0.081967212 0.090909094 0.063829787 0.000000000 0.064516127 0.077551022 0.031250000 0.011235955 0.032967035 0.029411765 0.073684208 0.025830258 0.060240965 0.147826090 0.036496349 0.068825908 0.029411765 0.086419754 0.007518797 0.060240965 0.014925373 0.035294119 0.051792830 0.000000000 0.011494253 0.039370079 0.047619049 0.064516127 0.031250000 0.216617212 0.039999999 0.046931408 0.047619049
0.131578952 0.070539422 0.079497911 0.075268820 0.011494253 0.053061225 0.066115700 0.019762846 0.022727273 0.044444446 0.040892195 0.085106380 0.037313432 0.048780486 0.136563882 0.047970481 0.057377048 0.040892195 0.075000003 0.019011406 0.048780486 0.026415095 0.023809524 0.040322579 0.011494253 0.000000000 0.027888447 0.036144577 0.053061225 0.019762846 0.227544904 0.051470589 0.058394160 0.036144577
0.104072399 0.042735044 0.051724140 0.102941178 0.039370079 0.025210084 0.038297873 0.008130081 0.050583657 0.072243348 0.068702288 0.112727270 0.065134101 0.020920502 0.109090909 0.075757578 0.029535865 0.068702288 0.047210302 0.046875000 0.020920502 0.054263566 0.004081632 0.012448133 0.039370079 0.027888447 0.000000000 0.008264462 0.025210084 0.008130081 0.253822625 0.079245284 0.086142324 0.008264462
0.095890410 0.034482758 0.043478262 0.111111112 0.047619049 0.016949153 0.030042918 0.016393442 0.058823530 0.080459774 0.076923080 0.120879121 0.073359072 0.012658228 0.100917429 0.083969466 0.021276595 0.076923080 0.038961038 0.055118110 0.012658228 0.062500000 0.012345679 0.004184100 0.047619049 0.036144577 0.008264462 0.000000000 0.016949153 0.016393442 0.261538476 0.087452471 0.094339624 0.000000000
0.079069771 0.017543860 0.026548672 0.127819553 0.064516127 0.000000000 0.013100437 0.033333335 0.075697213 0.097276263 0.093750000 0.137546465 0.090196081 0.004291845 0.084112152 0.100775197 0.004329004 0.093750000 0.022026431 0.071999997 0.004291845 0.079365082 0.029288704 0.012765957 0.064516127 0.053061225 0.025210084 0.016949153 0.000000000 0.033333335 0.277258575 0.104247101 0.111111112 0.016949153
0.112107620 0.050847456 0.059829060 0.094890513 0.031250000 0.033333335 0.046413504 0.000000000 0.042471044 0.064150944 0.060606062 0.104693137 0.057034221 0.029045643 0.117117114 0.067669176 0.037656903 0.060606062 0.055319149 0.038759690 0.029045643 0.046153847 0.004048583 0.020576132 0.031250000 0.019762846 0.008130081 0.016393442 0.033333335 0.000000000 0.246200606 0.071161047 0.078066915 0.016393442
0.348684222 0.293375403 0.301587313 0.154929578 0.216617212 0.277258575 0.289308190 0.246200606 0.205882356 0.184971094 0.188405797 0.145251393 0.191860467 0.273291916 0.353135318 0.181556195 0.281250000 0.188405797 0.297468364 0.209439531 0.273291916 0.202346042 0.250000000 0.265432090 0.216617212 0.227544904 0.253822625 0.261538476 0.277258575 0.246200606 0.000000000 0.178160921 0.171428576 0.261538476
0.181818187 0.121568628 0.130434781 0.023890786 0.039999999 0.104247101 0.117187500 0.071161047 0.028776979 0.007042253 0.010600707 0.033783782 0.014184397 0.100000001 0.186721995 0.003508772 0.108527131 0.010600707 0.125984251 0.032490976 0.100000001 0.025089607 0.075187966 0.091603056 0.039999999 0.051470589 0.079245284 0.087452471 0.104247101 0.071161047 0.178160921 0.000000000 0.006944444 0.087452471
0.188524589 0.128404662 0.137254909 0.016949153 0.046931408 0.111111112 0.124031007 0.078066915 0.035714287 0.013986014 0.017543860 0.026845638 0.021126760 0.106870227 0.193415642 0.010452962 0.115384616 0.017543860 0.132812500 0.039426524 0.106870227 0.032028470 0.082089551 0.098484851 0.046931408 0.058394160 0.086142324 0.094339624 0.111111112 0.078066915 0.171428576 0.006944444 0.000000000 0.094339624
0.095890410 0.034482758 0.043478262 0.111111112 0.047619049 0.016949153 0.030042918 0.016393442 0.058823530 0.080459774 0.076923080 0.120879121 0.073359072 0.012658228 0.100917429 0.083969466 0.021276595 0.076923080 0.038961038 0.055118110 0.012658228 0.062500000 0.012345679 0.004184100 0.047619049 0.036144577 0.008264462 0.000000000 0.016949153 0.016393442 0.261538476 0.087452471 0.094339624 0.000000000
