0.012905721 0.041596062 0.028159074 0.066067018 0.041304301 0.036178388 0.040100273 0.044110004 0.040696293 0.051057830 0.045553397 0.057299472 0.036873173 0.042672280 0.024416545 0.026303958 0.035191119 0.055892348 0.040123917 0.051983047 0.020642620 0.039581757 0.024765484 0.038044978 0.047583308 0.042916898 0.042267531 0.030855685 0.026397198 0.039962877 0.070793897 0.055162318 0.059700251 0.023919424
0.041596062 0.011449110 0.026968867 0.044512711 0.016392179 0.017261505 0.017498275 0.018900927 0.024359968 0.031139655 0.022537628 0.030426661 0.018612763 0.019099429 0.032234959 0.031373397 0.026221097 0.031037932 0.023136161 0.040120456 0.029371245 0.020005353 0.031069804 0.020116188 0.015935602 0.025984690 0.024223063 0.022318160 0.025473755 0.021067524 0.047012076 0.028758176 0.032473229 0.023590427
0.028159074 0.026968867 0.000462186 0.045017414 0.018252496 0.014645251 0.014144996 0.019871179 0.019298960 0.032804091 0.023809062 0.039445162 0.017474858 0.017416451 0.016941776 0.013409224 0.016909489 0.031526193 0.018276010 0.027446195 0.004218612 0.017854869 0.012423204 0.014901814 0.025668535 0.025610708 0.020170301 0.009799433 0.014175004 0.017915137 0.046296231 0.029020093 0.026242558 0.007981185
0.066067018 0.044512711 0.045017414 0.022141404 0.017303422 0.029465634 0.028632138 0.032021452 0.041662954 0.025150256 0.020095639 0.022094615 0.023352146 0.029539008 0.060541473 0.054080956 0.038780976 0.027052136 0.034770831 0.024635088 0.038361914 0.023650797 0.051818267 0.024945384 0.028868381 0.016477609 0.035194457 0.032967106 0.039270636 0.034322493 0.045746267 0.014029821 0.052281231 0.039490689
0.041304301 0.016392179 0.018252496 0.017303422 0.000931352 0.015520219 0.013039313 0.008337583 0.016250558 0.014895670 0.015828203 0.012265937 0.012694348 0.014577806 0.035720944 0.027395269 0.016460702 0.016277190 0.018507775 0.013216038 0.021571588 0.015655950 0.028057471 0.016282758 0.008069996 0.016305555 0.014019148 0.014619973 0.025231015 0.011986102 0.042747103 0.020561606 0.015713653 0.028269321
0.036178388 0.017261505 0.014645251 0.029465634 0.015520219 0.007014860 0.006970919 0.011378157 0.009954941 0.022525968 0.016916383 0.024428919 0.012099810 0.009524285 0.026858751 0.019493693 0.014106930 0.024268303 0.014447423 0.018187819 0.010688809 0.012605662 0.022530276 0.010144405 0.016702918 0.017853497 0.013334365 0.006042745 0.020238506 0.011847990 0.042224620 0.025151178 0.023871936 0.017900573
0.040100273 0.017498275 0.014144996 0.028632138 0.013039313 0.006970919 -0.004635002 0.008149062 0.010706207 0.021676404 0.002344645 0.022996021 0.009536670 0.004871553 0.030130556 0.022983633 0.012490018 0.018676758 0.008838905 0.014419067 0.015166434 0.004849052 0.024413278 0.001114899 0.012569785 0.006431723 0.006633417 0.006968917 0.017847525 0.009012540 0.039394308 0.013441212 0.018901251 0.017813504
0.044110004 0.018900927 0.019871179 0.032021452 0.008337583 0.011378157 0.008149062 0.003254404 0.015109584 0.020302810 0.012756470 0.023563631 0.010028240 0.011851460 0.033308856 0.029640429 0.019054499 0.019920204 0.016400142 0.020975551 0.017366666 0.012607054 0.029650046 0.008346229 0.013482081 0.011290299 0.016237071 0.009710092 0.023651078 0.011115199 0.040909979 0.017221320 0.023727911 0.020350922
0.040696293 0.024359968 0.019298960 0.041662954 0.016250558 0.009954941 0.010706207 0.015109584 0.004310958 0.027088549 0.018155595 0.029943738 0.014212269 0.014070703 0.031175008 0.027672257 0.019890230 0.029393014 0.020066844 0.024815425 0.015525682 0.013663188 0.025734156 0.009483192 0.020939019 0.018968672 0.021052580 0.013126597 0.020191386 0.015616231 0.050559413 0.023377990 0.020700430 0.010729890
0.051057830 0.031139655 0.032804091 0.025150256 0.014895670 0.022525968 0.021676404 0.020302810 0.027088549 0.011188062 0.013537370 0.016206667 0.019035077 0.021643624 0.045650478 0.044013828 0.032064214 0.018372744 0.027499037 0.019910270 0.028852563 0.019699682 0.040612794 0.020288365 0.020192979 0.010523135 0.026958913 0.022865940 0.034171212 0.022689972 0.037642971 0.011598994 0.032393388 0.031519070
0.045553397 0.022537628 0.023809062 0.020095639 0.015828203 0.016916383 0.002344645 0.012756470 0.018155595 0.013537370 0.000410566 0.013788639 0.011072629 0.012546417 0.038062491 0.033056200 0.020482365 0.011608491 0.016346242 0.016352706 0.022477772 0.010728291 0.031840257 0.013015212 0.013274975 0.007538005 0.016789217 0.015609883 0.028282590 0.015694916 0.034489188 0.008857191 0.017690744 0.027755819
0.057299472 0.030426661 0.039445162 0.022094615 0.012265937 0.024428919 0.022996021 0.023563631 0.029943738 0.016206667 0.013788639 0.011999608 0.017760163 0.024098147 0.049602013 0.049208574 0.033987619 0.020908426 0.029355396 0.023692783 0.035666600 0.018287096 0.043925691 0.021254579 0.021306714 0.011474579 0.028911522 0.028323673 0.035158183 0.024928249 0.044027925 0.012166598 0.030826062 0.035014361
0.036873173 0.018612763 0.017474858 0.023352146 0.012694348 0.012099810 0.009536670 0.010028240 0.014212269 0.019035077 0.011072629 0.017760163 0.001463116 0.010035089 0.031634942 0.026063092 0.015303064 0.017157272 0.014178013 0.015121676 0.021589667 0.013881639 0.025482997 0.011400109 0.014966831 0.014380699 0.012494974 0.012854505 0.019789502 0.013633108 0.038188487 0.013828675 0.014989818 0.021702820
0.042672280 0.019099429 0.017416451 0.029539008 0.014577806 0.009524285 0.004871553 0.011851460 0.014070703 0.021643624 0.012546417 0.024098147 0.010035089 0.003905566 0.034043357 0.023231726 0.012471384 0.017868990 0.012683378 0.016017463 0.016158339 0.012672662 0.024836902 0.009876454 0.015901245 0.014187948 0.011528229 0.010296792 0.019762548 0.013174771 0.045520019 0.018608497 0.024770100 0.021621881
0.024416545 0.032234959 0.016941776 0.060541473 0.035720944 0.026858751 0.030130556 0.033308856 0.031175008 0.045650478 0.038062491 0.049602013 0.031634942 0.034043357 0.009582763 0.016890956 0.024959110 0.047137976 0.027903635 0.043624017 0.017675355 0.030414242 0.023662318 0.029152399 0.043270316 0.031904347 0.032851368 0.022812279 0.023673989 0.030565906 0.056351364 0.054607540 0.054469027 0.024550343
0.026303958 0.031373397 0.013409224 0.054080956 0.027395269 0.019493693 0.022983633 0.029640429 0.027672257 0.044013828 0.033056200 0.049208574 0.026063092 0.023231726 0.016890956 0.003391550 0.019497266 0.038757071 0.025802180 0.035678409 0.008531328 0.025972921 0.011325577 0.023167748 0.034192692 0.033961229 0.027509062 0.019586511 0.011045801 0.026912946 0.052488603 0.038695548 0.035402469 0.010660017
0.035191119 0.026221097 0.016909489 0.038780976 0.016460702 0.014106930 0.012490018 0.019054499 0.019890230 0.032064214 0.020482365 0.033987619 0.015303064 0.012471384 0.024959110 0.019497266 0.004006556 0.026984446 0.014607679 0.025217853 0.012846049 0.015606673 0.016812114 0.012399113 0.021558585 0.022758786 0.014861842 0.015099076 0.015393356 0.018916836 0.044872433 0.024486424 0.031878829 0.014565682
0.055892348 0.031037932 0.031526193 0.027052136 0.016277190 0.024268303 0.018676758 0.019920204 0.029393014 0.018372744 0.011608491 0.020908426 0.017157272 0.017868990 0.047137976 0.038757071 0.026984446 0.004047316 0.023507394 0.029570781 0.025060242 0.015512408 0.037984677 0.020366255 0.017302364 0.007716544 0.024514103 0.020073546 0.035023160 0.023697548 0.031374406 0.010376661 0.037011951 0.031119855
0.040123917 0.023136161 0.018276010 0.034770831 0.018507775 0.014447423 0.008838905 0.016400142 0.020066844 0.027499037 0.016346242 0.029355396 0.014178013 0.012683378 0.027903635 0.025802180 0.014607679 0.023507394 0.008549932 0.024797667 0.017702196 0.013375392 0.022248153 0.013217835 0.018102109 0.019297538 0.018166970 0.014350447 0.020580914 0.017764043 0.044262990 0.022122450 0.027436731 0.017167518
0.051983047 0.040120456 0.027446195 0.024635088 0.013216038 0.018187819 0.014419067 0.020975551 0.024815425 0.019910270 0.016352706 0.023692783 0.015121676 0.016017463 0.043624017 0.035678409 0.025217853 0.029570781 0.024797667 0.001268548 0.021174252 0.017010629 0.036016107 0.015624724 0.021902254 0.018340958 0.024732040 0.017068926 0.028239619 0.022196764 0.051248655 0.015428307 0.032667160 0.031116640
0.020642620 0.029371245 0.004218612 0.038361914 0.021571588 0.010688809 0.015166434 0.017366666 0.015525682 0.028852563 0.022477772 0.035666600 0.021589667 0.016158339 0.017675355 0.008531328 0.012846049 0.025060242 0.017702196 0.021174252 -0.007270891 0.017730860 0.009411283 0.016025184 0.029798873 0.025134198 0.016461859 0.007930526 0.012634196 0.015345024 0.036344040 0.029801097 0.022377595 0.009871731
0.039581757 0.020005353 0.017854869 0.023650797 0.015655950 0.012605662 0.004849052 0.012607054 0.013663188 0.019699682 0.010728291 0.018287096 0.013881639 0.012672662 0.030414242 0.025972921 0.015606673 0.015512408 0.013375392 0.017010629 0.017730860 -0.001048818 0.024601601 0.009970766 0.013921495 0.013381218 0.012035009 0.010714710 0.021159103 0.014043890 0.034132931 0.015772264 0.016288579 0.021162536
0.024765484 0.031069804 0.012423204 0.051818267 0.028057471 0.022530276 0.024413278 0.029650046 0.025734156 0.040612794 0.031840257 0.043925691 0.025482997 0.024836902 0.023662318 0.011325577 0.016812114 0.037984677 0.022248153 0.036016107 0.009411283 0.024601601 0.005599756 0.024036584 0.035033122 0.029770736 0.024690324 0.020296395 0.014296881 0.027029675 0.048736330 0.043563735 0.039880186 0.017094605
0.038044978 0.020116188 0.014901814 0.024945384 0.016282758 0.010144405 0.001114899 0.008346229 0.009483192 0.020288365 0.013015212 0.021254579 0.011400109 0.009876454 0.029152399 0.023167748 0.012399113 0.020366255 0.013217835 0.015624724 0.016025184 0.009970766 0.024036584 -0.001751122 0.017239781 0.016767751 0.007930931 0.008321957 0.018572195 0.010213178 0.039828837 0.017836681 0.015400931 0.019204516
0.047583308 0.015935602 0.025668535 0.028868381 0.008069996 0.016702918 0.012569785 0.013482081 0.020939019 0.020192979 0.013274975 0.021306714 0.014966831 0.015901245 0.043270316 0.034192692 0.021558585 0.017302364 0.018102109 0.021902254 0.029798873 0.013921495 0.035033122 0.017239781 -0.015917137 0.011448855 0.019397207 0.016795900 0.025434675 0.018014457 0.028494690 0.016746677 0.027340427 0.026545908
0.042916898 0.025984690 0.025610708 0.016477609 0.016305555 0.017853497 0.006431723 0.011290299 0.018968672 0.010523135 0.007538005 0.011474579 0.014380699 0.014187948 0.031904347 0.033961229 0.022758786 0.007716544 0.019297538 0.018340958 0.025134198 0.013381218 0.029770736 0.016767751 0.011448855 -0.000353512 0.017511543 0.017457822 0.029128797 0.015391246 0.032102782 0.008057895 0.012109136 0.027052905
0.042267531 0.024223063 0.020170301 0.035194457 0.014019148 0.013334365 0.006633417 0.016237071 0.021052580 0.026958913 0.016789217 0.028911522 0.012494974 0.011528229 0.032851368 0.027509062 0.014861842 0.024514103 0.018166970 0.024732040 0.016461859 0.012035009 0.024690324 0.007930931 0.019397207 0.017511543 0.010233805 0.010442592 0.022169685 0.016670948 0.046771005 0.021743355 0.024493253 0.019819546
0.030855685 0.022318160 0.009799433 0.032967106 0.014619973 0.006042745 0.006968917 0.009710092 0.013126597 0.022865940 0.015609883 0.028323673 0.012854505 0.010296792 0.022812279 0.019586511 0.015099076 0.020073546 0.014350447 0.017068926 0.007930526 0.010714710 0.020296395 0.008321957 0.016795900 0.017457822 0.010442592 -0.001410946 0.016582143 0.008403904 0.033683337 0.020614985 0.023348926 0.009092586
0.026397198 0.025473755 0.014175004 0.039270636 0.025231015 0.020238506 0.017847525 0.023651078 0.020191386 0.034171212 0.028282590 0.035158183 0.019789502 0.019762548 0.023673989 0.011045801 0.015393356 0.035023160 0.020580914 0.028239619 0.012634196 0.021159103 0.014296881 0.018572195 0.025434675 0.029128797 0.022169685 0.016582143 0.009478817 0.021800462 0.046993539 0.035637222 0.028226001 0.015682876
0.039962877 0.021067524 0.017915137 0.034322493 0.011986102 0.011847990 0.009012540 0.011115199 0.015616231 0.022689972 0.015694916 0.024928249 0.013633108 0.013174771 0.030565906 0.026912946 0.018916836 0.023697548 0.017764043 0.022196764 0.015345024 0.014043890 0.027029675 0.010213178 0.018014457 0.015391246 0.016670948 0.008403904 0.021800462 0.007045669 0.043365311 0.019338220 0.024469096 0.016276401
0.070793897 0.047012076 0.046296231 0.045746267 0.042747103 0.042224620 0.039394308 0.040909979 0.050559413 0.037642971 0.034489188 0.044027925 0.038188487 0.045520019 0.056351364 0.052488603 0.044872433 0.031374406 0.044262990 0.051248655 0.036344040 0.034132931 0.048736330 0.039828837 0.028494690 0.032102782 0.046771005 0.033683337 0.046993539 0.043365311 -0.014349086 0.036146458 0.065356098 0.040237419
0.055162318 0.028758176 0.029020093 0.014029821 0.020561606 0.025151178 0.013441212 0.017221320 0.023377990 0.011598994 0.008857191 0.012166598 0.013828675 0.018608497 0.054607540 0.038695548 0.024486424 0.010376661 0.022122450 0.015428307 0.029801097 0.015772264 0.043563735 0.017836681 0.016746677 0.008057895 0.021743355 0.020614985 0.035637222 0.019338220 0.036146458 0.002806768 0.025358170 0.044810794
0.059700251 0.032473229 0.026242558 0.052281231 0.015713653 0.023871936 0.018901251 0.023727911 0.020700430 0.032393388 0.017690744 0.030826062 0.014989818 0.024770100 0.054469027 0.035402469 0.031878829 0.037011951 0.027436731 0.032667160 0.022377595 0.016288579 0.039880186 0.015400931 0.027340427 0.012109136 0.024493253 0.023348926 0.028226001 0.024469096 0.065356098 0.025358170 0.016480990 0.031040926
0.023919424 0.023590427 0.007981185 0.039490689 0.028269321 0.017900573 0.017813504 0.020350922 0.010729890 0.031519070 0.027755819 0.035014361 0.021702820 0.021621881 0.024550343 0.010660017 0.014565682 0.031119855 0.017167518 0.031116640 0.009871731 0.021162536 0.017094605 0.019204516 0.026545908 0.027052905 0.019819546 0.009092586 0.015682876 0.016276401 0.040237419 0.044810794 0.031040926 0.009654872
