0.011559051 0.035762358 0.028858097 0.059011728 0.039069425 0.034488678 0.040520921 0.037214041 0.037688747 0.052726250 0.048261072 0.047882788 0.033846065 0.036959581 0.023313370 0.028770136 0.030243998 0.052450836 0.038207948 0.045035027 0.025866427 0.037330918 0.025378440 0.037629388 0.042036291 0.045266639 0.037971273 0.042226624 0.025568867 0.035242125 0.068153180 0.045837801 0.043465763 0.033192962
0.035762358 0.006527387 0.024231747 0.033410303 0.023652798 0.018234510 0.014931519 0.015830949 0.024827465 0.027822675 0.019432068 0.027265482 0.018065024 0.016003259 0.026393853 0.029201657 0.025539840 0.031898662 0.017432084 0.030096173 0.027606158 0.017567236 0.029059391 0.017809154 0.015920809 0.021912161 0.020786334 0.020964956 0.026890952 0.014494441 0.044682417 0.026065927 0.029004343 0.033508167
0.028858097 0.024231747 0.004644170 0.043323029 0.022297567 0.017017901 0.017176528 0.020332646 0.020806994 0.037026979 0.028951449 0.035135187 0.020071391 0.018493250 0.020597322 0.019762343 0.018091626 0.036588054 0.019297207 0.025894424 0.010457006 0.019458536 0.016243737 0.017552068 0.027817518 0.029877562 0.021685299 0.018767625 0.016889367 0.017620660 0.050607145 0.029062454 0.022760611 0.017247306
0.059011728 0.033410303 0.043323029 0.006909241 0.023798067 0.030259609 0.027797505 0.026408389 0.037168652 0.019674644 0.018664744 0.012107973 0.023653127 0.030004323 0.052049231 0.058052432 0.036291033 0.025748156 0.031811584 0.021837145 0.039546594 0.024316147 0.046841837 0.027712477 0.024285883 0.015513900 0.035265885 0.033652902 0.038063738 0.026480025 0.039908994 0.009777813 0.035024654 0.047251970
0.039069425 0.023652798 0.022297567 0.023798067 0.000298003 0.016044358 0.013624000 0.012137784 0.023248293 0.020100886 0.018056780 0.021410979 0.015453441 0.017455377 0.034391120 0.032905594 0.016663074 0.027694771 0.021244578 0.014328160 0.021806363 0.016565882 0.028863896 0.018072661 0.011873664 0.016869735 0.021955196 0.017708667 0.027525879 0.012872254 0.056831956 0.019485902 0.016277093 0.028132867
0.034488678 0.018234510 0.017017901 0.030259609 0.016044358 0.005574282 0.008517788 0.009541774 0.014600864 0.025668722 0.018466223 0.025137717 0.013396581 0.008230778 0.025840376 0.022644721 0.011917513 0.026442848 0.014538577 0.016492812 0.014208466 0.012692485 0.022189017 0.012503888 0.015857313 0.019071832 0.014453162 0.011481810 0.020077439 0.009718166 0.045259506 0.020057771 0.019579101 0.019868124
0.040520921 0.014931519 0.017176528 0.027797505 0.013624000 0.008517788 -0.005141357 0.006605157 0.014198131 0.020599522 0.002340201 0.021912035 0.008014193 0.005654557 0.030551363 0.027094394 0.011747019 0.021951452 0.009453836 0.013329102 0.015760748 0.004521527 0.025167475 0.001677172 0.010202699 0.005273123 0.010138511 0.007213318 0.020044606 0.006788665 0.046237927 0.014499140 0.016495505 0.019668246
0.037214041 0.015830949 0.020332646 0.026408389 0.012137784 0.009541774 0.006605157 0.000534995 0.013808001 0.019621003 0.012071083 0.018026585 0.009004781 0.009155250 0.029695135 0.031097094 0.017184470 0.022790078 0.013842473 0.014230889 0.018204076 0.009895161 0.027621217 0.007847356 0.012471000 0.010825166 0.013940858 0.014647362 0.023070432 0.006336242 0.042553119 0.014676062 0.015402958 0.024178430
0.037688747 0.024827465 0.020806994 0.037168652 0.023248293 0.014600864 0.014198131 0.013808001 0.011246942 0.029893721 0.020240910 0.028997606 0.018243128 0.014479572 0.029013498 0.029215032 0.022912359 0.032896366 0.020226479 0.025161486 0.020484608 0.016707921 0.027329132 0.014396784 0.022560675 0.020803619 0.022152586 0.019562958 0.025716450 0.013389898 0.050015721 0.026213245 0.020079704 0.030553957
0.052726250 0.027822675 0.037026979 0.019674644 0.020100886 0.025668722 0.020599522 0.019621003 0.029893721 0.012554305 0.013125069 0.011509813 0.018051118 0.022094142 0.046125025 0.049782686 0.030712336 0.021647099 0.025408074 0.018028624 0.033750731 0.018553991 0.040615331 0.019667776 0.019893365 0.010388336 0.028967937 0.029485650 0.033924248 0.020529883 0.041100770 0.007995943 0.025606295 0.041421078
0.048261072 0.019432068 0.028951449 0.018664744 0.018056780 0.018466223 0.002340201 0.012071083 0.020240910 0.013125069 0.000726382 0.013078032 0.011546825 0.013813935 0.042747557 0.039958742 0.020214623 0.016887588 0.018044809 0.013464075 0.025577810 0.010167738 0.035589281 0.013547814 0.011588831 0.006425451 0.019720152 0.018148769 0.030716075 0.014213972 0.040867187 0.009630615 0.016281903 0.033383414
0.047882788 0.027265482 0.035135187 0.012107973 0.021410979 0.025137717 0.021912035 0.018026585 0.028997606 0.011509813 0.013078032 0.004157470 0.019215038 0.022185149 0.039836124 0.046252638 0.032605767 0.018640503 0.026320502 0.016774494 0.031163907 0.018651634 0.039203428 0.024171449 0.016474854 0.010762936 0.028250486 0.025697306 0.037047669 0.019655978 0.035527185 0.010411868 0.023326382 0.037057497
0.033846065 0.018065024 0.020071391 0.023653127 0.015453441 0.013396581 0.008014193 0.009004781 0.018243128 0.018051118 0.011546825 0.019215038 0.001354128 0.011844332 0.028805040 0.027393531 0.016336173 0.022015315 0.014914669 0.012507163 0.020164229 0.012778128 0.023732267 0.012080113 0.013490283 0.014125591 0.017271018 0.013322171 0.025037734 0.010809282 0.044443008 0.017102247 0.012730176 0.023673071
0.036959581 0.016003259 0.018493250 0.030004323 0.017455377 0.008230778 0.005654557 0.009155250 0.014479572 0.022094142 0.013813935 0.022185149 0.011844332 0.001449983 0.029743103 0.025894955 0.012705171 0.022824103 0.012854217 0.015639551 0.017001972 0.012543246 0.024278734 0.012281653 0.013089094 0.016029580 0.014954228 0.012204161 0.022430491 0.008220060 0.048541099 0.022765882 0.018255010 0.021455279
0.023313370 0.026393853 0.020597322 0.052049231 0.034391120 0.025840376 0.030551363 0.029695135 0.029013498 0.046125025 0.042747557 0.039836124 0.028805040 0.029743103 0.005822453 0.022008915 0.020759746 0.044102374 0.030294169 0.034200501 0.020710923 0.029545752 0.020313259 0.029603595 0.034397729 0.038073197 0.031569771 0.030335916 0.021588642 0.027468018 0.058732826 0.040436894 0.028959930 0.023141425
0.028770136 0.029201657 0.019762343 0.058052432 0.032905594 0.022644721 0.027094394 0.031097094 0.029215032 0.049782686 0.039958742 0.046252638 0.027393531 0.025894955 0.022008915 0.006682735 0.021560172 0.045932345 0.029200813 0.038488254 0.014908163 0.028452201 0.016292784 0.026735663 0.035130255 0.040447526 0.029002888 0.030496642 0.014425139 0.027418770 0.059154190 0.041853711 0.030773722 0.021379044
0.030243998 0.025539840 0.018091626 0.036291033 0.016663074 0.011917513 0.011747019 0.017184470 0.022912359 0.030712336 0.020214623 0.032605767 0.016336173 0.012705171 0.020759746 0.021560172 0.002521402 0.029958084 0.014475986 0.019809710 0.011731982 0.014541035 0.015173881 0.013672130 0.019971643 0.022354186 0.016956646 0.016701132 0.015657324 0.015437310 0.047957100 0.020563543 0.025705393 0.013942847
0.052450836 0.031898662 0.036588054 0.025748156 0.027694771 0.026442848 0.021951452 0.022790078 0.032896366 0.021647099 0.016887588 0.018640503 0.022015315 0.022824103 0.044102374 0.045932345 0.029958084 0.011084225 0.027392462 0.026262023 0.031075142 0.018134670 0.039892174 0.025667194 0.020133303 0.014549696 0.030596202 0.028600749 0.038831681 0.023679582 0.034678765 0.011672747 0.029619141 0.039415479
0.038207948 0.017432084 0.019297207 0.031811584 0.021244578 0.014538577 0.009453836 0.013842473 0.020226479 0.025408074 0.018044809 0.026320502 0.014914669 0.012854217 0.030294169 0.029200813 0.014475986 0.027392462 0.004393302 0.019909367 0.019807279 0.012931488 0.025050348 0.014342202 0.017896987 0.018458074 0.017125253 0.016634718 0.022149552 0.014447430 0.045937181 0.023205757 0.025797386 0.022342648
0.045035027 0.030096173 0.025894424 0.021837145 0.014328160 0.016492812 0.013329102 0.014230889 0.025161486 0.018028624 0.013464075 0.016774494 0.012507163 0.015639551 0.034200501 0.038488254 0.019809710 0.026262023 0.019909367 0.001208173 0.021700181 0.016963406 0.029245244 0.014749806 0.017384034 0.015532514 0.025429012 0.016771786 0.024442397 0.013282653 0.046595246 0.011726484 0.022506857 0.033234797
0.025866427 0.027606158 0.010457006 0.039546594 0.021806363 0.014208466 0.015760748 0.018204076 0.020484608 0.033750731 0.025577810 0.031163907 0.020164229 0.017001972 0.020710923 0.014908163 0.011731982 0.031075142 0.019807279 0.021700181 0.002313798 0.018259436 0.011543807 0.015549446 0.026874093 0.026791129 0.021069726 0.016178463 0.012133930 0.016339405 0.049530700 0.027366731 0.019998223 0.015567063
0.037330918 0.017567236 0.019458536 0.024316147 0.016565882 0.012692485 0.004521527 0.009895161 0.016707921 0.018553991 0.010167738 0.018651634 0.012778128 0.012543246 0.029545752 0.028452201 0.014541035 0.018134670 0.012931488 0.016963406 0.018259436 -0.001191895 0.024583969 0.010656822 0.010074009 0.011993935 0.014158810 0.011585120 0.023530945 0.010593057 0.037744012 0.016552091 0.014163902 0.022131791
0.025378440 0.029059391 0.016243737 0.046841837 0.028863896 0.022189017 0.025167475 0.027621217 0.027329132 0.040615331 0.035589281 0.039203428 0.023732267 0.024278734 0.020313259 0.016292784 0.015173881 0.039892174 0.025050348 0.029245244 0.011543807 0.024583969 0.005765216 0.025171369 0.030203989 0.034169152 0.027826671 0.024866059 0.015422609 0.024608541 0.054554287 0.036791850 0.025692627 0.017950278
0.037629388 0.017809154 0.017552068 0.027712477 0.018072661 0.012503888 0.001677172 0.007847356 0.014396784 0.019667776 0.013547814 0.024171449 0.012080113 0.012281653 0.029603595 0.026735663 0.013672130 0.025667194 0.014342202 0.014749806 0.015549446 0.010656822 0.025171369 0.000083216 0.014598677 0.015793083 0.012748552 0.008529370 0.021507388 0.008196819 0.048783552 0.023249194 0.014815058 0.020231791
0.042036291 0.015920809 0.027817518 0.024285883 0.011873664 0.015857313 0.010202699 0.012471000 0.022560675 0.019893365 0.011588831 0.016474854 0.013490283 0.013089094 0.034397729 0.035130255 0.019971643 0.020133303 0.017896987 0.017384034 0.026874093 0.010074009 0.030203989 0.014598677 -0.014285546 0.009885523 0.018569523 0.017771421 0.027031388 0.013848453 0.034114301 0.012860054 0.019136928 0.027965110
0.045266639 0.021912161 0.029877562 0.015513900 0.016869735 0.019071832 0.005273123 0.010825166 0.020803619 0.010388336 0.006425451 0.010762936 0.014125591 0.016029580 0.038073197 0.040447526 0.022354186 0.014549696 0.018458074 0.015532514 0.026791129 0.011993935 0.034169152 0.015793083 0.009885523 -0.000429287 0.020296540 0.018774208 0.031473607 0.013593184 0.040183518 0.009336854 0.012631564 0.030981513
0.037971273 0.020786334 0.021685299 0.035265885 0.021955196 0.014453162 0.010138511 0.013940858 0.022152586 0.028967937 0.019720152 0.028250486 0.017271018 0.014954228 0.031569771 0.029002888 0.016956646 0.030596202 0.017125253 0.025429012 0.021069726 0.014158810 0.027826671 0.012748552 0.018569523 0.020296540 0.013106059 0.014085278 0.026369380 0.011889946 0.047757350 0.027701918 0.024085063 0.028318176
0.042226624 0.020964956 0.018767625 0.033652902 0.017708667 0.011481810 0.007213318 0.014647362 0.019562958 0.029485650 0.018148769 0.025697306 0.013322171 0.012204161 0.030335916 0.030496642 0.016701132 0.028600749 0.016634718 0.016771786 0.016178463 0.011585120 0.024866059 0.008529370 0.017771421 0.018774208 0.014085278 0.010688882 0.017051540 0.011591039 0.052837431 0.020102702 0.024465617 0.023973409
0.025568867 0.026890952 0.016889367 0.038063738 0.027525879 0.020077439 0.020044606 0.023070432 0.025716450 0.033924248 0.030716075 0.037047669 0.025037734 0.022430491 0.021588642 0.014425139 0.015657324 0.038831681 0.022149552 0.024442397 0.012133930 0.023530945 0.015422609 0.021507388 0.027031388 0.031473607 0.026369380 0.017051540 0.012238799 0.019920543 0.050199129 0.034217332 0.025761019 0.015263766
0.035242125 0.014494441 0.017620660 0.026480025 0.012872254 0.009718166 0.006788665 0.006336242 0.013389898 0.020529883 0.014213972 0.019655978 0.010809282 0.008220060 0.027468018 0.027418770 0.015437310 0.023679582 0.014447430 0.013282653 0.016339405 0.010593057 0.024608541 0.008196819 0.013848453 0.013593184 0.011889946 0.011591039 0.019920543 0.001386568 0.042333879 0.013009869 0.014941154 0.021198491
0.068153180 0.044682417 0.050607145 0.039908994 0.056831956 0.045259506 0.046237927 0.042553119 0.050015721 0.041100770 0.040867187 0.035527185 0.044443008 0.048541099 0.058732826 0.059154190 0.047957100 0.034678765 0.045937181 0.046595246 0.049530700 0.037744012 0.054554287 0.048783552 0.034114301 0.040183518 0.047757350 0.052837431 0.050199129 0.042333879 -0.013470946 0.034524657 0.054576214 0.057916936
0.045837801 0.026065927 0.029062454 0.009777813 0.019485902 0.020057771 0.014499140 0.014676062 0.026213245 0.007995943 0.009630615 0.010411868 0.017102247 0.022765882 0.040436894 0.041853711 0.020563543 0.011672747 0.023205757 0.011726484 0.027366731 0.016552091 0.036791850 0.023249194 0.012860054 0.009336854 0.027701918 0.020102702 0.034217332 0.013009869 0.034524657 0.002302775 0.014126452 0.035192642
0.043465763 0.029004343 0.022760611 0.035024654 0.016277093 0.019579101 0.016495505 0.015402958 0.020079704 0.025606295 0.016281903 0.023326382 0.012730176 0.018255010 0.028959930 0.030773722 0.025705393 0.029619141 0.025797386 0.022506857 0.019998223 0.014163902 0.025692627 0.014815058 0.019136928 0.012631564 0.024085063 0.024465617 0.025761019 0.014941154 0.054576214 0.014126452 -0.009255841 0.028118026
0.033192962 0.033508167 0.017247306 0.047251970 0.028132867 0.019868124 0.019668246 0.024178430 0.030553957 0.041421078 0.033383414 0.037057497 0.023673071 0.021455279 0.023141425 0.021379044 0.013942847 0.039415479 0.022342648 0.033234797 0.015567063 0.022131791 0.017950278 0.020231791 0.027965110 0.030981513 0.028318176 0.023973409 0.015263766 0.021198491 0.057916936 0.035192642 0.028118026 0.013710730
