0.000000000 0.218750000 0.038461540 0.190283403 0.239543721 0.090909094 0.086757988 0.134199128 0.118942730 0.141630903 0.212598428 0.173553720 0.180327863 0.086757988 0.104972377 0.030927835 0.078341015 0.183673471 0.086757988 0.180327863 0.115044251 0.090909094 0.065420561 0.065420561 0.170124486 0.159663871 0.126637548 0.086757988 0.024390243 0.126637548 0.315068483 0.285714298 0.159663871 0.078341015
0.218750000 0.000000000 0.181818187 0.029702971 0.021943573 0.130434781 0.134545460 0.087108016 0.102473497 0.079584777 0.006451613 0.046979867 0.039999999 0.134545460 0.316455692 0.247999996 0.142857149 0.036544852 0.134545460 0.039999999 0.106382981 0.130434781 0.155555561 0.155555561 0.050505050 0.061224490 0.094736844 0.134545460 0.195402294 0.094736844 0.103448279 0.071428575 0.061224490 0.142857149
0.038461540 0.181818187 0.000000000 0.152941182 0.202952027 0.052631579 0.048458152 0.096234307 0.080851063 0.103734441 0.175572515 0.136000007 0.142857149 0.048458152 0.142857149 0.069306932 0.039999999 0.146245062 0.048458152 0.142857149 0.076923080 0.052631579 0.027027028 0.027027028 0.132530123 0.121951222 0.088607594 0.048458152 0.014084507 0.088607594 0.280000001 0.250000000 0.121951222 0.039999999
0.190283403 0.029702971 0.152941182 0.000000000 0.051612902 0.101123594 0.105263159 0.057553958 0.072992697 0.050000001 0.023255814 0.017301038 0.010309278 0.105263159 0.289473683 0.219917014 0.113636367 0.006849315 0.105263159 0.010309278 0.076923080 0.101123594 0.126436785 0.126436785 0.020833334 0.031578947 0.065217391 0.105263159 0.166666672 0.065217391 0.132743359 0.100917429 0.031578947 0.113636367
0.239543721 0.021943573 0.202952027 0.051612902 0.000000000 0.151943460 0.156028375 0.108843535 0.124137931 0.101351351 0.028391168 0.068852462 0.061889250 0.156028375 0.336065561 0.268482476 0.164285719 0.058441557 0.156028375 0.061889250 0.128027678 0.151943460 0.176895306 0.176895306 0.072368421 0.083056480 0.116438359 0.156028375 0.216417909 0.116438359 0.081690140 0.049562681 0.083056480 0.164285719
0.090909094 0.130434781 0.052631579 0.101123594 0.151943460 0.000000000 0.004184100 0.043824703 0.028340081 0.051383398 0.124087594 0.083969466 0.090909094 0.004184100 0.194029853 0.121495329 0.012658228 0.094339624 0.004184100 0.090909094 0.024390243 0.000000000 0.025641026 0.025641026 0.080459774 0.069767445 0.036144577 0.004184100 0.066666670 0.036144577 0.230769232 0.200000003 0.069767445 0.012658228
0.086757988 0.134545460 0.048458152 0.105263159 0.156028375 0.004184100 0.000000000 0.048000000 0.032520324 0.055555556 0.128205135 0.088122606 0.095057033 0.000000000 0.189999998 0.117370889 0.008474576 0.098484851 0.000000000 0.095057033 0.028571429 0.004184100 0.021459227 0.021459227 0.084615387 0.073929958 0.040322579 0.000000000 0.062500000 0.040322579 0.234726682 0.204013377 0.073929958 0.008474576
0.134199128 0.087108016 0.096234307 0.057553958 0.108843535 0.043824703 0.048000000 0.000000000 0.015503876 0.007575758 0.080701753 0.040293042 0.047272727 0.048000000 0.235849053 0.164444447 0.056451611 0.050724637 0.048000000 0.047272727 0.019455252 0.043824703 0.069387756 0.069387756 0.036764707 0.026022306 0.007692308 0.048000000 0.110169493 0.007692308 0.188854486 0.157556266 0.026022306 0.056451611
0.118942730 0.102473497 0.080851063 0.072992697 0.124137931 0.028340081 0.032520324 0.015503876 0.000000000 0.023076924 0.096085407 0.055762082 0.062730625 0.032520324 0.221153840 0.149321273 0.040983606 0.066176474 0.032520324 0.062730625 0.003952569 0.028340081 0.053941909 0.053941909 0.052238807 0.041509435 0.007812500 0.032520324 0.094827585 0.007812500 0.203761756 0.172638431 0.041509435 0.040983606
0.141630903 0.079584777 0.103734441 0.050000001 0.101351351 0.051383398 0.055555556 0.007575758 0.023076924 0.000000000 0.073170729 0.032727271 0.039711192 0.055555556 0.242990658 0.171806172 0.064000003 0.043165468 0.055555556 0.039711192 0.027027028 0.051383398 0.076923080 0.076923080 0.029197080 0.018450184 0.015267176 0.055555556 0.117647059 0.015267176 0.181538463 0.150159746 0.018450184 0.064000003
0.212598428 0.006451613 0.175572515 0.023255814 0.028391168 0.124087594 0.128205135 0.080701753 0.096085407 0.073170729 0.000000000 0.040540539 0.033557046 0.128205135 0.310638309 0.241935477 0.136531368 0.030100334 0.128205135 0.033557046 0.100000001 0.124087594 0.149253726 0.149253726 0.044067796 0.054794520 0.088339224 0.128205135 0.189189196 0.088339224 0.109826587 0.077844314 0.054794520 0.136531368
0.173553720 0.046979867 0.136000007 0.017301038 0.068852462 0.083969466 0.088122606 0.040293042 0.055762082 0.032727271 0.040540539 0.000000000 0.006993007 0.088122606 0.273542613 0.203389823 0.096525095 0.010452962 0.088122606 0.006993007 0.059701491 0.083969466 0.109375000 0.109375000 0.003533569 0.014285714 0.047970481 0.088122606 0.149797574 0.047970481 0.149700597 0.118012421 0.014285714 0.096525095
0.180327863 0.039999999 0.142857149 0.010309278 0.061889250 0.090909094 0.095057033 0.047272727 0.062730625 0.039711192 0.033557046 0.006993007 0.000000000 0.095057033 0.280000001 0.210084036 0.103448279 0.003460208 0.095057033 0.000000000 0.066666670 0.090909094 0.116279073 0.116279073 0.010526316 0.021276595 0.054945055 0.095057033 0.156626508 0.054945055 0.142857149 0.111111112 0.021276595 0.103448279
0.086757988 0.134545460 0.048458152 0.105263159 0.156028375 0.004184100 0.000000000 0.048000000 0.032520324 0.055555556 0.128205135 0.088122606 0.095057033 0.000000000 0.189999998 0.117370889 0.008474576 0.098484851 0.000000000 0.095057033 0.028571429 0.004184100 0.021459227 0.021459227 0.084615387 0.073929958 0.040322579 0.000000000 0.062500000 0.040322579 0.234726682 0.204013377 0.073929958 0.008474576
0.104972377 0.316455692 0.142857149 0.289473683 0.336065561 0.194029853 0.189999998 0.235849053 0.221153840 0.242990658 0.310638309 0.273542613 0.280000001 0.189999998 0.000000000 0.074285716 0.181818187 0.283185840 0.189999998 0.280000001 0.217391297 0.194029853 0.169230774 0.169230774 0.270270258 0.260273963 0.228571430 0.189999998 0.129032254 0.228571430 0.406593412 0.379310340 0.260273963 0.181818187
0.030927835 0.247999996 0.069306932 0.219917014 0.268482476 0.121495329 0.117370889 0.164444447 0.149321273 0.171806172 0.241935477 0.203389823 0.210084036 0.117370889 0.074285716 0.000000000 0.109004736 0.213389128 0.117370889 0.210084036 0.145454541 0.121495329 0.096153848 0.096153848 0.200000003 0.189655170 0.156950668 0.117370889 0.055276383 0.156950668 0.342657357 0.313868612 0.189655170 0.109004736
0.078341015 0.142857149 0.039999999 0.113636367 0.164285719 0.012658228 0.008474576 0.056451611 0.040983606 0.064000003 0.136531368 0.096525095 0.103448279 0.008474576 0.181818187 0.109004736 0.000000000 0.106870227 0.008474576 0.103448279 0.037037037 0.012658228 0.012987013 0.012987013 0.093023255 0.082352944 0.048780486 0.008474576 0.054054055 0.048780486 0.242718443 0.212121218 0.082352944 0.000000000
0.183673471 0.036544852 0.146245062 0.006849315 0.058441557 0.094339624 0.098484851 0.050724637 0.066176474 0.043165468 0.030100334 0.010452962 0.003460208 0.098484851 0.283185840 0.213389128 0.106870227 0.000000000 0.098484851 0.003460208 0.070110701 0.094339624 0.119691119 0.119691119 0.013986014 0.024734983 0.058394160 0.098484851 0.159999996 0.058394160 0.139465868 0.107692309 0.024734983 0.106870227
0.086757988 0.134545460 0.048458152 0.105263159 0.156028375 0.004184100 0.000000000 0.048000000 0.032520324 0.055555556 0.128205135 0.088122606 0.095057033 0.000000000 0.189999998 0.117370889 0.008474576 0.098484851 0.000000000 0.095057033 0.028571429 0.004184100 0.021459227 0.021459227 0.084615387 0.073929958 0.040322579 0.000000000 0.062500000 0.040322579 0.234726682 0.204013377 0.073929958 0.008474576
0.180327863 0.039999999 0.142857149 0.010309278 0.061889250 0.090909094 0.095057033 0.047272727 0.062730625 0.039711192 0.033557046 0.006993007 0.000000000 0.095057033 0.280000001 0.210084036 0.103448279 0.003460208 0.095057033 0.000000000 0.066666670 0.090909094 0.116279073 0.116279073 0.010526316 0.021276595 0.054945055 0.095057033 0.156626508 0.054945055 0.142857149 0.111111112 0.021276595 0.103448279
0.115044251 0.106382981 0.076923080 0.076923080 0.128027678 0.024390243 0.028571429 0.019455252 0.003952569 0.027027028 0.100000001 0.059701491 0.066666670 0.028571429 0.217391297 0.145454541 0.037037037 0.070110701 0.028571429 0.066666670 0.000000000 0.024390243 0.050000001 0.050000001 0.056179777 0.045454547 0.011764706 0.028571429 0.090909094 0.011764706 0.207547173 0.176470593 0.045454547 0.037037037
0.090909094 0.130434781 0.052631579 0.101123594 0.151943460 0.000000000 0.004184100 0.043824703 0.028340081 0.051383398 0.124087594 0.083969466 0.090909094 0.004184100 0.194029853 0.121495329 0.012658228 0.094339624 0.004184100 0.090909094 0.024390243 0.000000000 0.025641026 0.025641026 0.080459774 0.069767445 0.036144577 0.004184100 0.066666670 0.036144577 0.230769232 0.200000003 0.069767445 0.012658228
0.065420561 0.155555561 0.027027028 0.126436785 0.176895306 0.025641026 0.021459227 0.069387756 0.053941909 0.076923080 0.149253726 0.109375000 0.116279073 0.021459227 0.169230774 0.096153848 0.012987013 0.119691119 0.021459227 0.116279073 0.050000001 0.025641026 0.000000000 0.000000000 0.105882354 0.095238097 0.061728396 0.021459227 0.041095890 0.061728396 0.254901975 0.224489793 0.095238097 0.012987013
0.065420561 0.155555561 0.027027028 0.126436785 0.176895306 0.025641026 0.021459227 0.069387756 0.053941909 0.076923080 0.149253726 0.109375000 0.116279073 0.021459227 0.169230774 0.096153848 0.012987013 0.119691119 0.021459227 0.116279073 0.050000001 0.025641026 0.000000000 0.000000000 0.105882354 0.095238097 0.061728396 0.021459227 0.041095890 0.061728396 0.254901975 0.224489793 0.095238097 0.012987013
0.170124486 0.050505050 0.132530123 0.020833334 0.072368421 0.080459774 0.084615387 0.036764707 0.052238807 0.029197080 0.044067796 0.003533569 0.010526316 0.084615387 0.270270258 0.200000003 0.093023255 0.013986014 0.084615387 0.010526316 0.056179777 0.080459774 0.105882354 0.105882354 0.000000000 0.010752688 0.044444446 0.084615387 0.146341458 0.044444446 0.153153151 0.121495329 0.010752688 0.093023255
0.159663871 0.061224490 0.121951222 0.031578947 0.083056480 0.069767445 0.073929958 0.026022306 0.041509435 0.018450184 0.054794520 0.014285714 0.021276595 0.073929958 0.260273963 0.189655170 0.082352944 0.024734983 0.073929958 0.021276595 0.045454547 0.069767445 0.095238097 0.095238097 0.010752688 0.000000000 0.033707865 0.073929958 0.135802463 0.033707865 0.163636357 0.132075474 0.000000000 0.082352944
0.126637548 0.094736844 0.088607594 0.065217391 0.116438359 0.036144577 0.040322579 0.007692308 0.007812500 0.015267176 0.088339224 0.047970481 0.054945055 0.040322579 0.228571430 0.156950668 0.048780486 0.058394160 0.040322579 0.054945055 0.011764706 0.036144577 0.061728396 0.061728396 0.044444446 0.033707865 0.000000000 0.040322579 0.102564104 0.000000000 0.196261689 0.165048540 0.033707865 0.048780486
0.086757988 0.134545460 0.048458152 0.105263159 0.156028375 0.004184100 0.000000000 0.048000000 0.032520324 0.055555556 0.128205135 0.088122606 0.095057033 0.000000000 0.189999998 0.117370889 0.008474576 0.098484851 0.000000000 0.095057033 0.028571429 0.004184100 0.021459227 0.021459227 0.084615387 0.073929958 0.040322579 0.000000000 0.062500000 0.040322579 0.234726682 0.204013377 0.073929958 0.008474576
0.024390243 0.195402294 0.014084507 0.166666672 0.216417909 0.066666670 0.062500000 0.110169493 0.094827585 0.117647059 0.189189196 0.149797574 0.156626508 0.062500000 0.129032254 0.055276383 0.054054055 0.159999996 0.062500000 0.156626508 0.090909094 0.066666670 0.041095890 0.041095890 0.146341458 0.135802463 0.102564104 0.062500000 0.000000000 0.102564104 0.292929292 0.263157904 0.135802463 0.054054055
0.126637548 0.094736844 0.088607594 0.065217391 0.116438359 0.036144577 0.040322579 0.007692308 0.007812500 0.015267176 0.088339224 0.047970481 0.054945055 0.040322579 0.228571430 0.156950668 0.048780486 0.058394160 0.040322579 0.054945055 0.011764706 0.036144577 0.061728396 0.061728396 0.044444446 0.033707865 0.000000000 0.040322579 0.102564104 0.000000000 0.196261689 0.165048540 0.033707865 0.048780486
0.315068483 0.103448279 0.280000001 0.132743359 0.081690140 0.230769232 0.234726682 0.188854486 0.203761756 0.181538463 0.109826587 0.149700597 0.142857149 0.234726682 0.406593412 0.342657357 0.242718443 0.139465868 0.234726682 0.142857149 0.207547173 0.230769232 0.254901975 0.254901975 0.153153151 0.163636357 0.196261689 0.234726682 0.292929292 0.196261689 0.000000000 0.032258064 0.163636357 0.242718443
0.285714298 0.071428575 0.250000000 0.100917429 0.049562681 0.200000003 0.204013377 0.157556266 0.172638431 0.150159746 0.077844314 0.118012421 0.111111112 0.204013377 0.379310340 0.313868612 0.212121218 0.107692309 0.204013377 0.111111112 0.176470593 0.200000003 0.224489793 0.224489793 0.121495329 0.132075474 0.165048540 0.204013377 0.263157904 0.165048540 0.032258064 0.000000000 0.132075474 0.212121218
0.159663871 0.061224490 0.121951222 0.031578947 0.083056480 0.069767445 0.073929958 0.026022306 0.041509435 0.018450184 0.054794520 0.014285714 0.021276595 0.073929958 0.260273963 0.189655170 0.082352944 0.024734983 0.073929958 0.021276595 0.045454547 0.069767445 0.095238097 0.095238097 0.010752688 0.000000000 0.033707865 0.073929958 0.135802463 0.033707865 0.163636357 0.132075474 0.000000000 0.082352944
0.078341015 0.142857149 0.039999999 0.113636367 0.164285719 0.012658228 0.008474576 0.056451611 0.040983606 0.064000003 0.136531368 0.096525095 0.103448279 0.008474576 0.181818187 0.109004736 0.000000000 0.106870227 0.008474576 0.103448279 0.037037037 0.012658228 0.012987013 0.012987013 0.093023255 0.082352944 0.048780486 0.008474576 0.054054055 0.048780486 0.242718443 0.212121218 0.082352944 0.000000000
