0.000000000 0.232067510 0.085427135 0.241666660 0.052083332 0.153488368 0.161290318 0.194690272 0.208695650 0.238493726 0.228813559 0.225531921 0.194690272 0.157407403 0.066666670 0.103448279 0.107843138 0.251028806 0.208695650 0.215517238 0.107843138 0.183856502 0.183856502 0.183856502 0.183856502 0.198237881 0.149532706 0.168949768 0.145539910 0.212121218 0.338181823 0.198237881 0.212121218 0.125000000
0.232067510 0.000000000 0.149606302 0.010169491 0.182186231 0.081481479 0.073529415 0.039145909 0.024561403 0.006802721 0.003436426 0.006896552 0.039145909 0.077490777 0.167999998 0.131782949 0.127413124 0.020134227 0.024561403 0.017421603 0.127413124 0.050359711 0.050359711 0.050359711 0.050359711 0.035460994 0.085501857 0.065693431 0.089552239 0.020979021 0.115151517 0.035460994 0.020979021 0.110266156
0.085427135 0.149606302 0.000000000 0.159533069 0.033492822 0.068965517 0.076923080 0.111111112 0.125506073 0.156250000 0.146245062 0.142857149 0.111111112 0.072961375 0.018867925 0.018181818 0.022624435 0.169230774 0.125506073 0.132530123 0.022624435 0.100000001 0.100000001 0.100000001 0.100000001 0.114754096 0.064935066 0.084745765 0.060869563 0.129032254 0.260273963 0.114754096 0.129032254 0.039999999
0.241666660 0.010169491 0.159533069 0.000000000 0.192000002 0.091575094 0.083636366 0.049295776 0.034722224 0.003367003 0.013605442 0.017064847 0.049295776 0.087591238 0.177865610 0.141762450 0.137404576 0.009966778 0.034722224 0.027586207 0.137404576 0.060498219 0.060498219 0.060498219 0.060498219 0.045614034 0.095588237 0.075812273 0.099630997 0.031141868 0.105105102 0.045614034 0.031141868 0.120300755
0.052083332 0.182186231 0.033492822 0.192000002 0.000000000 0.102222219 0.110132158 0.144067794 0.158333331 0.188755020 0.178861782 0.175510198 0.144067794 0.106194690 0.014634146 0.051643193 0.056074765 0.201581031 0.158333331 0.165289253 0.056074765 0.133047208 0.133047208 0.133047208 0.133047208 0.147679329 0.098214284 0.117903933 0.094170406 0.161825731 0.291228056 0.147679329 0.161825731 0.073394492
0.153488368 0.081481479 0.068965517 0.091575094 0.102222219 0.000000000 0.008000000 0.042471044 0.057034221 0.088235296 0.078066915 0.074626863 0.042471044 0.004016064 0.087719299 0.050847456 0.046413504 0.101449274 0.057034221 0.064150944 0.046413504 0.031250000 0.031250000 0.031250000 0.031250000 0.046153847 0.004048583 0.015873017 0.008130081 0.060606062 0.194805190 0.046153847 0.060606062 0.029045643
0.161290318 0.073529415 0.076923080 0.083636366 0.110132158 0.008000000 0.000000000 0.034482758 0.049056605 0.080291972 0.070110701 0.066666670 0.034482758 0.003984064 0.095652170 0.058823530 0.054393306 0.093525179 0.049056605 0.056179777 0.054393306 0.023255814 0.023255814 0.023255814 0.023255814 0.038167939 0.012048192 0.007874016 0.016129032 0.052631579 0.187096775 0.038167939 0.052631579 0.037037037
0.194690272 0.039145909 0.111111112 0.049295776 0.144067794 0.042471044 0.034482758 0.000000000 0.014598540 0.045936394 0.035714287 0.032258064 0.000000000 0.038461540 0.129707113 0.093117408 0.088709675 0.059233449 0.014598540 0.021739131 0.088709675 0.011235955 0.011235955 0.011235955 0.011235955 0.003690037 0.046511628 0.026615970 0.050583657 0.018181818 0.153605014 0.003690037 0.018181818 0.071428575
0.208695650 0.024561403 0.125506073 0.034722224 0.158333331 0.057034221 0.049056605 0.014598540 0.000000000 0.031358887 0.021126760 0.017667845 0.014598540 0.053030305 0.144032925 0.107569724 0.103174604 0.044673540 0.000000000 0.007142857 0.103174604 0.025830258 0.025830258 0.025830258 0.025830258 0.010909091 0.061068702 0.041198503 0.065134101 0.003584229 0.139318883 0.010909091 0.003584229 0.085937500
0.238493726 0.006802721 0.156250000 0.003367003 0.188755020 0.088235296 0.080291972 0.045936394 0.031358887 0.000000000 0.010238908 0.013698630 0.045936394 0.084249087 0.174603179 0.138461545 0.134099618 0.013333334 0.031358887 0.024221454 0.134099618 0.057142857 0.057142857 0.057142857 0.057142857 0.042253520 0.092250921 0.072463766 0.096296296 0.027777778 0.108433738 0.042253520 0.027777778 0.116981134
0.228813559 0.003436426 0.146245062 0.013605442 0.178861782 0.078066915 0.070110701 0.035714287 0.021126760 0.010238908 0.000000000 0.003460208 0.035714287 0.074074075 0.164658636 0.128404662 0.124031007 0.023569023 0.021126760 0.013986014 0.124031007 0.046931408 0.046931408 0.046931408 0.046931408 0.032028470 0.082089551 0.062271062 0.086142324 0.017543860 0.118541032 0.032028470 0.017543860 0.106870227
0.225531921 0.006896552 0.142857149 0.017064847 0.175510198 0.074626863 0.066666670 0.032258064 0.017667845 0.013698630 0.003460208 0.000000000 0.032258064 0.070631973 0.161290318 0.125000000 0.120622568 0.027027028 0.017667845 0.010526316 0.120622568 0.043478262 0.043478262 0.043478262 0.043478262 0.028571429 0.078651689 0.058823530 0.082706764 0.014084507 0.121951222 0.028571429 0.014084507 0.103448279
0.194690272 0.039145909 0.111111112 0.049295776 0.144067794 0.042471044 0.034482758 0.000000000 0.014598540 0.045936394 0.035714287 0.032258064 0.000000000 0.038461540 0.129707113 0.093117408 0.088709675 0.059233449 0.014598540 0.021739131 0.088709675 0.011235955 0.011235955 0.011235955 0.011235955 0.003690037 0.046511628 0.026615970 0.050583657 0.018181818 0.153605014 0.003690037 0.018181818 0.071428575
0.157407403 0.077490777 0.072961375 0.087591238 0.106194690 0.004016064 0.003984064 0.038461540 0.053030305 0.084249087 0.074074075 0.070631973 0.038461540 0.000000000 0.091703057 0.054852322 0.050420169 0.097472921 0.053030305 0.060150377 0.050420169 0.027237354 0.027237354 0.027237354 0.027237354 0.042145595 0.008064516 0.011857707 0.012145749 0.056603774 0.190938517 0.042145595 0.056603774 0.033057850
0.066666670 0.167999998 0.018867925 0.177865610 0.014634146 0.087719299 0.095652170 0.129707113 0.144032925 0.174603179 0.164658636 0.161290318 0.129707113 0.091703057 0.000000000 0.037037037 0.041474655 0.187500000 0.144032925 0.151020408 0.041474655 0.118644066 0.118644066 0.118644066 0.118644066 0.133333340 0.083700441 0.103448279 0.079646021 0.147540987 0.277777791 0.133333340 0.147540987 0.058823530
0.103448279 0.131782949 0.018181818 0.141762450 0.051643193 0.050847456 0.058823530 0.093117408 0.107569724 0.138461545 0.128404662 0.125000000 0.093117408 0.054852322 0.037037037 0.000000000 0.004444445 0.151515156 0.107569724 0.114624508 0.004444445 0.081967212 0.081967212 0.081967212 0.081967212 0.096774191 0.046808511 0.066666670 0.042735044 0.111111112 0.243243247 0.096774191 0.111111112 0.021834061
0.107843138 0.127413124 0.022624435 0.137404576 0.056074765 0.046413504 0.054393306 0.088709675 0.103174604 0.134099618 0.124031007 0.120622568 0.088709675 0.050420169 0.041474655 0.004444445 0.000000000 0.147169814 0.103174604 0.110236220 0.000000000 0.077551022 0.077551022 0.077551022 0.077551022 0.092369474 0.042372882 0.062240664 0.038297873 0.106719367 0.239057243 0.092369474 0.106719367 0.017391304
0.251028806 0.020134227 0.169230774 0.009966778 0.201581031 0.101449274 0.093525179 0.059233449 0.044673540 0.013333334 0.023569023 0.027027028 0.059233449 0.097472921 0.187500000 0.151515156 0.147169814 0.000000000 0.044673540 0.037542664 0.147169814 0.070422538 0.070422538 0.070422538 0.070422538 0.055555556 0.105454542 0.085714288 0.109489053 0.041095890 0.095238097 0.055555556 0.041095890 0.130111530
0.208695650 0.024561403 0.125506073 0.034722224 0.158333331 0.057034221 0.049056605 0.014598540 0.000000000 0.031358887 0.021126760 0.017667845 0.014598540 0.053030305 0.144032925 0.107569724 0.103174604 0.044673540 0.000000000 0.007142857 0.103174604 0.025830258 0.025830258 0.025830258 0.025830258 0.010909091 0.061068702 0.041198503 0.065134101 0.003584229 0.139318883 0.010909091 0.003584229 0.085937500
0.215517238 0.017421603 0.132530123 0.027586207 0.165289253 0.064150944 0.056179777 0.021739131 0.007142857 0.024221454 0.013986014 0.010526316 0.021739131 0.060150377 0.151020408 0.114624508 0.110236220 0.037542664 0.007142857 0.000000000 0.110236220 0.032967035 0.032967035 0.032967035 0.032967035 0.018050542 0.068181820 0.048327137 0.072243348 0.003558719 0.132307693 0.018050542 0.003558719 0.093023255
0.107843138 0.127413124 0.022624435 0.137404576 0.056074765 0.046413504 0.054393306 0.088709675 0.103174604 0.134099618 0.124031007 0.120622568 0.088709675 0.050420169 0.041474655 0.004444445 0.000000000 0.147169814 0.103174604 0.110236220 0.000000000 0.077551022 0.077551022 0.077551022 0.077551022 0.092369474 0.042372882 0.062240664 0.038297873 0.106719367 0.239057243 0.092369474 0.106719367 0.017391304
0.183856502 0.050359711 0.100000001 0.060498219 0.133047208 0.031250000 0.023255814 0.011235955 0.025830258 0.057142857 0.046931408 0.043478262 0.011235955 0.027237354 0.118644066 0.081967212 0.077551022 0.070422538 0.025830258 0.032967035 0.077551022 0.000000000 0.000000000 0.000000000 0.000000000 0.014925373 0.035294119 0.015384615 0.039370079 0.029411765 0.164556965 0.014925373 0.029411765 0.060240965
0.183856502 0.050359711 0.100000001 0.060498219 0.133047208 0.031250000 0.023255814 0.011235955 0.025830258 0.057142857 0.046931408 0.043478262 0.011235955 0.027237354 0.118644066 0.081967212 0.077551022 0.070422538 0.025830258 0.032967035 0.077551022 0.000000000 0.000000000 0.000000000 0.000000000 0.014925373 0.035294119 0.015384615 0.039370079 0.029411765 0.164556965 0.014925373 0.029411765 0.060240965
0.183856502 0.050359711 0.100000001 0.060498219 0.133047208 0.031250000 0.023255814 0.011235955 0.025830258 0.057142857 0.046931408 0.043478262 0.011235955 0.027237354 0.118644066 0.081967212 0.077551022 0.070422538 0.025830258 0.032967035 0.077551022 0.000000000 0.000000000 0.000000000 0.000000000 0.014925373 0.035294119 0.015384615 0.039370079 0.029411765 0.164556965 0.014925373 0.029411765 0.060240965
0.183856502 0.050359711 0.100000001 0.060498219 0.133047208 0.031250000 0.023255814 0.011235955 0.025830258 0.057142857 0.046931408 0.043478262 0.011235955 0.027237354 0.118644066 0.081967212 0.077551022 0.070422538 0.025830258 0.032967035 0.077551022 0.000000000 0.000000000 0.000000000 0.000000000 0.014925373 0.035294119 0.015384615 0.039370079 0.029411765 0.164556965 0.014925373 0.029411765 0.060240965
0.198237881 0.035460994 0.114754096 0.045614034 0.147679329 0.046153847 0.038167939 0.003690037 0.010909091 0.042253520 0.032028470 0.028571429 0.003690037 0.042145595 0.133333340 0.096774191 0.092369474 0.055555556 0.010909091 0.018050542 0.092369474 0.014925373 0.014925373 0.014925373 0.014925373 0.000000000 0.050193049 0.030303031 0.054263566 0.014492754 0.150000006 0.000000000 0.014492754 0.075098813
0.149532706 0.085501857 0.064935066 0.095588237 0.098214284 0.004048583 0.012048192 0.046511628 0.061068702 0.092250921 0.082089551 0.078651689 0.046511628 0.008064516 0.083700441 0.046808511 0.042372882 0.105454542 0.061068702 0.068181820 0.042372882 0.035294119 0.035294119 0.035294119 0.035294119 0.050193049 0.000000000 0.019920319 0.004081632 0.064638786 0.198697075 0.050193049 0.064638786 0.025000000
0.168949768 0.065693431 0.084745765 0.075812273 0.117903933 0.015873017 0.007874016 0.026615970 0.041198503 0.072463766 0.062271062 0.058823530 0.026615970 0.011857707 0.103448279 0.066666670 0.062240664 0.085714288 0.041198503 0.048327137 0.062240664 0.015384615 0.015384615 0.015384615 0.015384615 0.030303031 0.019920319 0.000000000 0.024000000 0.044776119 0.179487184 0.030303031 0.044776119 0.044897959
0.145539910 0.089552239 0.060869563 0.099630997 0.094170406 0.008130081 0.016129032 0.050583657 0.065134101 0.096296296 0.086142324 0.082706764 0.050583657 0.012145749 0.079646021 0.042735044 0.038297873 0.109489053 0.065134101 0.072243348 0.038297873 0.039370079 0.039370079 0.039370079 0.039370079 0.054263566 0.004081632 0.024000000 0.000000000 0.068702288 0.202614382 0.054263566 0.068702288 0.020920502
0.212121218 0.020979021 0.129032254 0.031141868 0.161825731 0.060606062 0.052631579 0.018181818 0.003584229 0.027777778 0.017543860 0.014084507 0.018181818 0.056603774 0.147540987 0.111111112 0.106719367 0.041095890 0.003584229 0.003558719 0.106719367 0.029411765 0.029411765 0.029411765 0.029411765 0.014492754 0.064638786 0.044776119 0.068702288 0.000000000 0.135802463 0.014492754 0.000000000 0.089494161
0.338181823 0.115151517 0.260273963 0.105105102 0.291228056 0.194805190 0.187096775 0.153605014 0.139318883 0.108433738 0.118541032 0.121951222 0.153605014 0.190938517 0.277777791 0.243243247 0.239057243 0.095238097 0.139318883 0.132307693 0.239057243 0.164556965 0.164556965 0.164556965 0.164556965 0.150000006 0.198697075 0.179487184 0.202614382 0.135802463 0.000000000 0.150000006 0.135802463 0.222591355
0.198237881 0.035460994 0.114754096 0.045614034 0.147679329 0.046153847 0.038167939 0.003690037 0.010909091 0.042253520 0.032028470 0.028571429 0.003690037 0.042145595 0.133333340 0.096774191 0.092369474 0.055555556 0.010909091 0.018050542 0.092369474 0.014925373 0.014925373 0.014925373 0.014925373 0.000000000 0.050193049 0.030303031 0.054263566 0.014492754 0.150000006 0.000000000 0.014492754 0.075098813
0.212121218 0.020979021 0.129032254 0.031141868 0.161825731 0.060606062 0.052631579 0.018181818 0.003584229 0.027777778 0.017543860 0.014084507 0.018181818 0.056603774 0.147540987 0.111111112 0.106719367 0.041095890 0.003584229 0.003558719 0.106719367 0.029411765 0.029411765 0.029411765 0.029411765 0.014492754 0.064638786 0.044776119 0.068702288 0.000000000 0.135802463 0.014492754 0.000000000 0.089494161
0.125000000 0.110266156 0.039999999 0.120300755 0.073394492 0.029045643 0.037037037 0.071428575 0.085937500 0.116981134 0.106870227 0.103448279 0.071428575 0.033057850 0.058823530 0.021834061 0.017391304 0.130111530 0.085937500 0.093023255 0.017391304 0.060240965 0.060240965 0.060240965 0.060240965 0.075098813 0.025000000 0.044897959 0.020920502 0.089494161 0.222591355 0.075098813 0.089494161 0.000000000
