0.000000000 0.026315790 0.000000000 0.075000003 0.063291140 0.059322033 0.034782607 0.097560972 0.090163931 0.115537852 0.115537852 0.101214573 0.078838177 0.082644626 0.008928572 0.013333334 0.023041476 0.162264153 0.026315790 0.086419754 0.030567685 0.101214573 0.043103449 0.059322033 0.043103449 0.101214573 0.026315790 0.017699115 0.022026431 0.043103449 0.212765962 0.229166672 0.093877554 0.030567685
0.026315790 0.000000000 0.026315790 0.048780486 0.037037037 0.033057850 0.008474576 0.071428575 0.064000003 0.089494161 0.089494161 0.075098813 0.052631579 0.056451611 0.017391304 0.012987013 0.049327355 0.136531368 0.000000000 0.060240965 0.004255319 0.075098813 0.016806724 0.033057850 0.016806724 0.075098813 0.000000000 0.008620690 0.004291845 0.016806724 0.187500000 0.204081640 0.067729086 0.004255319
0.000000000 0.026315790 0.000000000 0.075000003 0.063291140 0.059322033 0.034782607 0.097560972 0.090163931 0.115537852 0.115537852 0.101214573 0.078838177 0.082644626 0.008928572 0.013333334 0.023041476 0.162264153 0.026315790 0.086419754 0.030567685 0.101214573 0.043103449 0.059322033 0.043103449 0.101214573 0.026315790 0.017699115 0.022026431 0.043103449 0.212765962 0.229166672 0.093877554 0.030567685
0.075000003 0.048780486 0.075000003 0.000000000 0.011764706 0.015748031 0.040322579 0.022727273 0.015267176 0.040892195 0.040892195 0.026415095 0.003861004 0.007692308 0.066115700 0.061728396 0.097872339 0.088339224 0.048780486 0.011494253 0.044534411 0.026415095 0.032000002 0.015748031 0.032000002 0.026415095 0.048780486 0.057377048 0.053061225 0.032000002 0.140000001 0.156862751 0.019011406 0.044534411
0.063291140 0.037037037 0.063291140 0.011764706 0.000000000 0.003984064 0.028571429 0.034482758 0.027027028 0.052631579 0.052631579 0.038167939 0.015625000 0.019455252 0.054393306 0.050000001 0.086206898 0.100000001 0.037037037 0.023255814 0.032786883 0.038167939 0.020242915 0.003984064 0.020242915 0.038167939 0.037037037 0.045643155 0.041322313 0.020242915 0.151515156 0.168316826 0.030769231 0.032786883
0.059322033 0.033057850 0.059322033 0.015748031 0.003984064 0.000000000 0.024590164 0.038461540 0.031007752 0.056603774 0.056603774 0.042145595 0.019607844 0.023437500 0.050420169 0.046025105 0.082251079 0.103942655 0.033057850 0.027237354 0.028806584 0.042145595 0.016260162 0.000000000 0.016260162 0.042145595 0.033057850 0.041666668 0.037344400 0.016260162 0.155405402 0.172185436 0.034749035 0.028806584
0.034782607 0.008474576 0.034782607 0.040322579 0.028571429 0.024590164 0.000000000 0.062992126 0.055555556 0.081081077 0.081081077 0.066666670 0.044176705 0.048000000 0.025862070 0.021459227 0.057777777 0.128205135 0.008474576 0.051792830 0.004219409 0.066666670 0.008333334 0.024590164 0.008333334 0.066666670 0.008474576 0.017094018 0.012765957 0.008333334 0.179310352 0.195945948 0.059288539 0.004219409
0.097560972 0.071428575 0.097560972 0.022727273 0.034482758 0.038461540 0.062992126 0.000000000 0.007462686 0.018181818 0.018181818 0.003690037 0.018867925 0.015037594 0.088709675 0.084337346 0.120331950 0.065743946 0.071428575 0.011235955 0.067193680 0.003690037 0.054687500 0.038461540 0.054687500 0.003690037 0.071428575 0.079999998 0.075697213 0.054687500 0.117647059 0.134615391 0.003717472 0.067193680
0.090163931 0.064000003 0.090163931 0.015267176 0.027027028 0.031007752 0.055555556 0.007462686 0.000000000 0.025641026 0.025641026 0.011152416 0.011406844 0.007575758 0.081300810 0.076923080 0.112970710 0.073170729 0.064000003 0.003773585 0.059760958 0.011152416 0.047244094 0.031007752 0.047244094 0.011152416 0.064000003 0.072580643 0.068273090 0.047244094 0.125000000 0.141935483 0.003745318 0.059760958
0.115537852 0.089494161 0.115537852 0.040892195 0.052631579 0.056603774 0.081081077 0.018181818 0.025641026 0.000000000 0.000000000 0.014492754 0.037037037 0.033210333 0.106719367 0.102362208 0.138211384 0.047619049 0.089494161 0.029411765 0.085271321 0.014492754 0.072796933 0.056603774 0.072796933 0.014492754 0.089494161 0.098039217 0.093750000 0.072796933 0.099678457 0.116719246 0.021897810 0.085271321
0.115537852 0.089494161 0.115537852 0.040892195 0.052631579 0.056603774 0.081081077 0.018181818 0.025641026 0.000000000 0.000000000 0.014492754 0.037037037 0.033210333 0.106719367 0.102362208 0.138211384 0.047619049 0.089494161 0.029411765 0.085271321 0.014492754 0.072796933 0.056603774 0.072796933 0.014492754 0.089494161 0.098039217 0.093750000 0.072796933 0.099678457 0.116719246 0.021897810 0.085271321
0.101214573 0.075098813 0.101214573 0.026415095 0.038167939 0.042145595 0.066666670 0.003690037 0.011152416 0.014492754 0.014492754 0.000000000 0.022556391 0.018726591 0.092369474 0.088000000 0.123966940 0.062068965 0.075098813 0.014925373 0.070866145 0.000000000 0.058365759 0.042145595 0.058365759 0.000000000 0.075098813 0.083665341 0.079365082 0.058365759 0.114006512 0.130990416 0.007407407 0.070866145
0.078838177 0.052631579 0.078838177 0.003861004 0.015625000 0.019607844 0.044176705 0.018867925 0.011406844 0.037037037 0.037037037 0.022556391 0.000000000 0.003831418 0.069958851 0.065573767 0.101694912 0.084507041 0.052631579 0.007633588 0.048387095 0.022556391 0.035856575 0.019607844 0.035856575 0.022556391 0.052631579 0.061224490 0.056910571 0.035856575 0.136212617 0.153094456 0.015151516 0.048387095
0.082644626 0.056451611 0.082644626 0.007692308 0.019455252 0.023437500 0.048000000 0.015037594 0.007575758 0.033210333 0.033210333 0.018726591 0.003831418 0.000000000 0.073770493 0.069387756 0.105485231 0.080701753 0.056451611 0.003802281 0.052208837 0.018726591 0.039682541 0.023437500 0.039682541 0.018726591 0.056451611 0.065040648 0.060728744 0.039682541 0.132450327 0.149350643 0.011320755 0.052208837
0.008928572 0.017391304 0.008928572 0.066115700 0.054393306 0.050420169 0.025862070 0.088709675 0.081300810 0.106719367 0.106719367 0.092369474 0.069958851 0.073770493 0.000000000 0.004405286 0.031963471 0.153558046 0.017391304 0.077551022 0.021645023 0.092369474 0.034188036 0.050420169 0.034188036 0.092369474 0.017391304 0.008771930 0.013100437 0.034188036 0.204225346 0.220689654 0.085020244 0.021645023
0.013333334 0.012987013 0.013333334 0.061728396 0.050000001 0.046025105 0.021459227 0.084337346 0.076923080 0.102362208 0.102362208 0.088000000 0.065573767 0.069387756 0.004405286 0.000000000 0.036363635 0.149253726 0.012987013 0.073170729 0.017241379 0.088000000 0.029787235 0.046025105 0.029787235 0.088000000 0.012987013 0.004366812 0.008695652 0.029787235 0.200000003 0.216494843 0.080645159 0.017241379
0.023041476 0.049327355 0.023041476 0.097872339 0.086206898 0.082251079 0.057777777 0.120331950 0.112970710 0.138211384 0.138211384 0.123966940 0.101694912 0.105485231 0.031963471 0.036363635 0.000000000 0.184615389 0.049327355 0.109243698 0.053571429 0.123966940 0.066079296 0.082251079 0.066079296 0.123966940 0.049327355 0.040723983 0.045045044 0.066079296 0.234657034 0.250883400 0.116666667 0.053571429
0.162264153 0.136531368 0.162264153 0.088339224 0.100000001 0.103942655 0.128205135 0.065743946 0.073170729 0.047619049 0.047619049 0.062068965 0.084507041 0.080701753 0.153558046 0.149253726 0.184615389 0.000000000 0.136531368 0.076923080 0.132352948 0.062068965 0.119999997 0.103942655 0.119999997 0.062068965 0.136531368 0.144981414 0.140740737 0.119999997 0.052307691 0.069486402 0.069444448 0.132352948
0.026315790 0.000000000 0.026315790 0.048780486 0.037037037 0.033057850 0.008474576 0.071428575 0.064000003 0.089494161 0.089494161 0.075098813 0.052631579 0.056451611 0.017391304 0.012987013 0.049327355 0.136531368 0.000000000 0.060240965 0.004255319 0.075098813 0.016806724 0.033057850 0.016806724 0.075098813 0.000000000 0.008620690 0.004291845 0.016806724 0.187500000 0.204081640 0.067729086 0.004255319
0.086419754 0.060240965 0.086419754 0.011494253 0.023255814 0.027237354 0.051792830 0.011235955 0.003773585 0.029411765 0.029411765 0.014925373 0.007633588 0.003802281 0.077551022 0.073170729 0.109243698 0.076923080 0.060240965 0.000000000 0.056000002 0.014925373 0.043478262 0.027237354 0.043478262 0.014925373 0.060240965 0.068825908 0.064516127 0.043478262 0.128712878 0.145631075 0.007518797 0.056000002
0.030567685 0.004255319 0.030567685 0.044534411 0.032786883 0.028806584 0.004219409 0.067193680 0.059760958 0.085271321 0.085271321 0.070866145 0.048387095 0.052208837 0.021645023 0.017241379 0.053571429 0.132352948 0.004255319 0.056000002 0.000000000 0.070866145 0.012552301 0.028806584 0.012552301 0.070866145 0.004255319 0.012875536 0.008547009 0.012552301 0.183391005 0.200000003 0.063492067 0.000000000
0.101214573 0.075098813 0.101214573 0.026415095 0.038167939 0.042145595 0.066666670 0.003690037 0.011152416 0.014492754 0.014492754 0.000000000 0.022556391 0.018726591 0.092369474 0.088000000 0.123966940 0.062068965 0.075098813 0.014925373 0.070866145 0.000000000 0.058365759 0.042145595 0.058365759 0.000000000 0.075098813 0.083665341 0.079365082 0.058365759 0.114006512 0.130990416 0.007407407 0.070866145
0.043103449 0.016806724 0.043103449 0.032000002 0.020242915 0.016260162 0.008333334 0.054687500 0.047244094 0.072796933 0.072796933 0.058365759 0.035856575 0.039682541 0.034188036 0.029787235 0.066079296 0.119999997 0.016806724 0.043478262 0.012552301 0.058365759 0.000000000 0.016260162 0.000000000 0.058365759 0.016806724 0.025423728 0.021097047 0.000000000 0.171232879 0.187919468 0.050980393 0.012552301
0.059322033 0.033057850 0.059322033 0.015748031 0.003984064 0.000000000 0.024590164 0.038461540 0.031007752 0.056603774 0.056603774 0.042145595 0.019607844 0.023437500 0.050420169 0.046025105 0.082251079 0.103942655 0.033057850 0.027237354 0.028806584 0.042145595 0.016260162 0.000000000 0.016260162 0.042145595 0.033057850 0.041666668 0.037344400 0.016260162 0.155405402 0.172185436 0.034749035 0.028806584
0.043103449 0.016806724 0.043103449 0.032000002 0.020242915 0.016260162 0.008333334 0.054687500 0.047244094 0.072796933 0.072796933 0.058365759 0.035856575 0.039682541 0.034188036 0.029787235 0.066079296 0.119999997 0.016806724 0.043478262 0.012552301 0.058365759 0.000000000 0.016260162 0.000000000 0.058365759 0.016806724 0.025423728 0.021097047 0.000000000 0.171232879 0.187919468 0.050980393 0.012552301
0.101214573 0.075098813 0.101214573 0.026415095 0.038167939 0.042145595 0.066666670 0.003690037 0.011152416 0.014492754 0.014492754 0.000000000 0.022556391 0.018726591 0.092369474 0.088000000 0.123966940 0.062068965 0.075098813 0.014925373 0.070866145 0.000000000 0.058365759 0.042145595 0.058365759 0.000000000 0.075098813 0.083665341 0.079365082 0.058365759 0.114006512 0.130990416 0.007407407 0.070866145
0.026315790 0.000000000 0.026315790 0.048780486 0.037037037 0.033057850 0.008474576 0.071428575 0.064000003 0.089494161 0.089494161 0.075098813 0.052631579 0.056451611 0.017391304 0.012987013 0.049327355 0.136531368 0.000000000 0.060240965 0.004255319 0.075098813 0.016806724 0.033057850 0.016806724 0.075098813 0.000000000 0.008620690 0.004291845 0.016806724 0.187500000 0.204081640 0.067729086 0.004255319
0.017699115 0.008620690 0.017699115 0.057377048 0.045643155 0.041666668 0.017094018 0.079999998 0.072580643 0.098039217 0.098039217 0.083665341 0.061224490 0.065040648 0.008771930 0.004366812 0.040723983 0.144981414 0.008620690 0.068825908 0.012875536 0.083665341 0.025423728 0.041666668 0.025423728 0.083665341 0.008620690 0.000000000 0.004329004 0.025423728 0.195804194 0.212328762 0.076305218 0.012875536
0.022026431 0.004291845 0.022026431 0.053061225 0.041322313 0.037344400 0.012765957 0.075697213 0.068273090 0.093750000 0.093750000 0.079365082 0.056910571 0.060728744 0.013100437 0.008695652 0.045045044 0.140740737 0.004291845 0.064516127 0.008547009 0.079365082 0.021097047 0.037344400 0.021097047 0.079365082 0.004291845 0.004329004 0.000000000 0.021097047 0.191637635 0.208191127 0.071999997 0.008547009
0.043103449 0.016806724 0.043103449 0.032000002 0.020242915 0.016260162 0.008333334 0.054687500 0.047244094 0.072796933 0.072796933 0.058365759 0.035856575 0.039682541 0.034188036 0.029787235 0.066079296 0.119999997 0.016806724 0.043478262 0.012552301 0.058365759 0.000000000 0.016260162 0.000000000 0.058365759 0.016806724 0.025423728 0.021097047 0.000000000 0.171232879 0.187919468 0.050980393 0.012552301
0.212765962 0.187500000 0.212765962 0.140000001 0.151515156 0.155405402 0.179310352 0.117647059 0.125000000 0.099678457 0.099678457 0.114006512 0.136212617 0.132450327 0.204225346 0.200000003 0.234657034 0.052307691 0.187500000 0.128712878 0.183391005 0.114006512 0.171232879 0.155405402 0.171232879 0.114006512 0.187500000 0.195804194 0.191637635 0.171232879 0.000000000 0.017241379 0.121311478 0.183391005
0.229166672 0.204081640 0.229166672 0.156862751 0.168316826 0.172185436 0.195945948 0.134615391 0.141935483 0.116719246 0.116719246 0.130990416 0.153094456 0.149350643 0.220689654 0.216494843 0.250883400 0.069486402 0.204081640 0.145631075 0.200000003 0.130990416 0.187919468 0.172185436 0.187919468 0.130990416 0.204081640 0.212328762 0.208191127 0.187919468 0.017241379 0.000000000 0.138263673 0.200000003
0.093877554 0.067729086 0.093877554 0.019011406 0.030769231 0.034749035 0.059288539 0.003717472 0.003745318 0.021897810 0.021897810 0.007407407 0.015151516 0.011320755 0.085020244 0.080645159 0.116666667 0.069444448 0.067729086 0.007518797 0.063492067 0.007407407 0.050980393 0.034749035 0.050980393 0.007407407 0.067729086 0.076305218 0.071999997 0.050980393 0.121311478 0.138263673 0.000000000 0.063492067
0.030567685 0.004255319 0.030567685 0.044534411 0.032786883 0.028806584 0.004219409 0.067193680 0.059760958 0.085271321 0.085271321 0.070866145 0.048387095 0.052208837 0.021645023 0.017241379 0.053571429 0.132352948 0.004255319 0.056000002 0.000000000 0.070866145 0.012552301 0.028806584 0.012552301 0.070866145 0.004255319 0.012875536 0.008547009 0.012552301 0.183391005 0.200000003 0.063492067 0.000000000
