0.022527169 0.040935762 0.036582492 0.065124631 0.041637007 0.037435327 0.045463584 0.046551682 0.045603283 0.057646822 0.047657300 0.056629602 0.039124101 0.041699223 0.025019212 0.035391681 0.032493100 0.055278316 0.040186819 0.059818730 0.032098752 0.041610513 0.028055806 0.041023314 0.047605213 0.048028529 0.043804511 0.042895898 0.029240258 0.041597404 0.073725268 0.052773077 0.049157269 0.034406684
0.040935762 0.014103077 0.021550428 0.033047691 0.017399754 0.016033683 0.013752352 0.016326368 0.023669193 0.026242748 0.018917358 0.028694691 0.015695684 0.015662812 0.019502459 0.024037376 0.020446002 0.024930598 0.017920788 0.038144175 0.025512263 0.017592918 0.022104576 0.016706603 0.014353361 0.020350428 0.016869476 0.019815000 0.026068021 0.014618162 0.036279868 0.024816418 0.023879908 0.028188583
0.036582492 0.021550428 0.006674103 0.040697664 0.020017691 0.016984940 0.016685409 0.021939727 0.019444179 0.034518149 0.024916451 0.034565389 0.019658294 0.019528488 0.024841797 0.021381691 0.016096059 0.034812480 0.016919907 0.030449398 0.012803236 0.019173158 0.017141908 0.016254080 0.026345443 0.026403794 0.020896325 0.017409746 0.016686212 0.018163789 0.050082915 0.032202855 0.025237644 0.018385792
0.065124631 0.033047691 0.040697664 0.004698315 0.019268461 0.029295605 0.026830403 0.025771420 0.033605982 0.015976295 0.017274240 0.012840480 0.022198830 0.029450040 0.050507370 0.054541118 0.032375295 0.020740986 0.029658543 0.024533410 0.039718967 0.023634121 0.044116184 0.026566615 0.022011416 0.014032967 0.032127589 0.032136336 0.039287634 0.025311776 0.033103187 0.011941858 0.033628874 0.044071890
0.041637007 0.017399754 0.020017691 0.019268461 0.002392986 0.016414955 0.013264067 0.011331473 0.018433983 0.016442271 0.016772803 0.017045047 0.014747428 0.016530957 0.034103464 0.029433711 0.017045831 0.020760536 0.018291142 0.014502702 0.022288978 0.016368557 0.027855232 0.016607944 0.011174353 0.015774027 0.017229646 0.017107870 0.026825640 0.011626868 0.045891993 0.021829322 0.017064586 0.028327681
0.037435327 0.016033683 0.016984940 0.029295605 0.016414955 0.006621934 0.008664241 0.011805737 0.012191394 0.024558328 0.017288819 0.025065713 0.013641723 0.009476576 0.026078578 0.022154616 0.012366241 0.023992119 0.012738777 0.023274781 0.015382847 0.013162019 0.022142503 0.011513230 0.016878601 0.017703004 0.012724688 0.011425617 0.020798337 0.010269489 0.040934298 0.025513610 0.021733632 0.021443151
0.045463584 0.013752352 0.016685409 0.026830403 0.013264067 0.008664241 -0.005187531 0.007967798 0.012417546 0.019967994 0.002335384 0.021898158 0.008304574 0.005592727 0.031264570 0.027123446 0.011905946 0.020128479 0.007561857 0.014477288 0.017249979 0.004841208 0.025006777 0.001129745 0.010442092 0.004315578 0.009060191 0.008326713 0.019568082 0.006808799 0.042833887 0.014487518 0.019164376 0.019202663
0.046551682 0.016326368 0.021939727 0.025771420 0.011331473 0.011805737 0.007967798 0.003813582 0.013289776 0.018759243 0.012469469 0.019316273 0.010632651 0.012880021 0.031990305 0.031026240 0.016880095 0.020953193 0.014417964 0.021030186 0.020637562 0.012093454 0.028853415 0.007881030 0.014184047 0.010740058 0.013447538 0.013829337 0.026187275 0.008425257 0.040214717 0.018812556 0.017044771 0.026063843
0.045603283 0.023669193 0.019444179 0.033605982 0.018433983 0.012191394 0.012417546 0.013289776 0.007011008 0.026318891 0.018612657 0.026566317 0.015311937 0.014418786 0.029714525 0.028477615 0.016802985 0.027087392 0.018273750 0.030974384 0.020649377 0.015385592 0.024895916 0.011967905 0.019004487 0.018744113 0.017784271 0.016699139 0.024605583 0.012404644 0.044211201 0.026969433 0.017949564 0.028095966
0.057646822 0.026242748 0.034518149 0.015976295 0.016442271 0.024558328 0.019967994 0.018759243 0.026318891 0.007702980 0.011715756 0.010020807 0.017596405 0.021473691 0.043886080 0.046678640 0.027912449 0.017148867 0.023802772 0.020500213 0.033222411 0.018449238 0.038273562 0.019598020 0.017163942 0.008973086 0.025937425 0.026063278 0.034750991 0.019319700 0.033867739 0.009854445 0.023835104 0.038134038
0.047657300 0.018917358 0.024916451 0.017274240 0.016772803 0.017288819 0.002335384 0.012469469 0.018612657 0.011715756 0.000382359 0.012995096 0.011721009 0.013246102 0.038132388 0.036347486 0.019442987 0.012466672 0.016218334 0.015333956 0.024910130 0.010513000 0.032211322 0.012969400 0.011372712 0.006037059 0.017620411 0.017213883 0.030153546 0.013194778 0.034618609 0.009473689 0.016220616 0.029522624
0.056629602 0.028694691 0.034565389 0.012840480 0.017045047 0.025065713 0.021898158 0.019316273 0.026566317 0.010020807 0.012995096 0.003537363 0.017969970 0.023823081 0.041898355 0.046678532 0.030119386 0.016339870 0.026327925 0.022350471 0.034436382 0.018946312 0.038146034 0.023204574 0.016560502 0.010168421 0.025377128 0.027202737 0.037806720 0.020057093 0.031080559 0.012773146 0.024138099 0.038375527
0.039124101 0.015695684 0.019658294 0.022198830 0.014747428 0.013641723 0.008304574 0.010632651 0.015311937 0.017596405 0.011721009 0.017969970 0.001477029 0.012241645 0.031422064 0.029168561 0.017438384 0.019543525 0.015165847 0.014573555 0.022470776 0.013850252 0.025760723 0.011281978 0.014014076 0.012950066 0.015182379 0.014003131 0.024055224 0.011213606 0.041153152 0.017889582 0.015548442 0.023705436
0.041699223 0.015662812 0.019528488 0.029450040 0.016530957 0.009476576 0.005592727 0.012880021 0.014418786 0.021473691 0.013246102 0.023823081 0.012241645 0.005638927 0.030205647 0.026739437 0.013055902 0.020329032 0.012305055 0.017948015 0.017860897 0.013186693 0.024211083 0.010918966 0.015451232 0.015056655 0.014636619 0.012822483 0.020887624 0.010817613 0.047108158 0.021618629 0.021573408 0.020719232
0.025019212 0.019502459 0.024841797 0.050507370 0.034103464 0.026078578 0.031264570 0.031990305 0.029714525 0.043886080 0.038132388 0.041898355 0.031422064 0.030205647 0.004577517 0.022576552 0.020855073 0.042667028 0.026992161 0.040862016 0.022146465 0.029887877 0.021007389 0.029720124 0.036527202 0.036549423 0.033000380 0.028064158 0.021995775 0.028190915 0.059551414 0.045134582 0.032636635 0.023909863
0.035391681 0.024037376 0.021381691 0.054541118 0.029433711 0.022154616 0.027123446 0.031026240 0.028477615 0.046678640 0.036347486 0.046678532 0.029168561 0.026739437 0.022576552 0.006697906 0.019312574 0.041850667 0.026411941 0.039833974 0.015193468 0.028208796 0.015324030 0.026597921 0.033287935 0.038386252 0.027990548 0.027664803 0.015129466 0.026993753 0.056891501 0.044353940 0.031390626 0.020727685
0.032493100 0.020446002 0.016096059 0.032375295 0.017045831 0.012366241 0.011905946 0.016880095 0.016802985 0.027912449 0.019442987 0.030119386 0.017438384 0.013055902 0.020855073 0.019312574 0.001251517 0.026264232 0.011521517 0.021396462 0.012935439 0.014897726 0.015643450 0.012679392 0.019808702 0.021462496 0.013854394 0.014724188 0.015566988 0.014385751 0.040385157 0.024539558 0.026391752 0.014656883
0.055278316 0.024930598 0.034812480 0.020740986 0.020760536 0.023992119 0.020128479 0.020953193 0.027087392 0.017148867 0.012466672 0.016339870 0.019543525 0.020329032 0.042667028 0.041850667 0.026264232 0.004184239 0.022524884 0.029667633 0.030186180 0.016059153 0.037341293 0.022267181 0.016803877 0.011385281 0.026030716 0.023957238 0.036503326 0.021382129 0.028745163 0.011854804 0.027632650 0.036186174
0.040186819 0.017920788 0.016919907 0.029658543 0.018291142 0.012738777 0.007561857 0.014417964 0.018273750 0.023802772 0.016218334 0.026327925 0.015165847 0.012305055 0.026992161 0.026411941 0.011521517 0.022524884 0.001049418 0.020716706 0.018442329 0.011454225 0.021465745 0.012675390 0.016793331 0.016698122 0.013536626 0.014252224 0.020159973 0.013467672 0.039594669 0.021349330 0.025034707 0.018342093
0.059818730 0.038144175 0.030449398 0.024533410 0.014502702 0.023274781 0.014477288 0.021030186 0.030974384 0.020500213 0.015333956 0.022350471 0.014573555 0.017948015 0.040862016 0.039833974 0.021396462 0.029667633 0.020716706 0.011217995 0.027959777 0.018850569 0.032308716 0.015555345 0.020255126 0.016987672 0.028977076 0.022080064 0.029116584 0.019509809 0.050345827 0.016179522 0.031951480 0.039298326
0.032098752 0.025512263 0.012803236 0.039718967 0.022288978 0.015382847 0.017249979 0.020637562 0.020649377 0.033222411 0.024910130 0.034436382 0.022470776 0.017860897 0.022146465 0.015193468 0.012935439 0.030186180 0.018442329 0.027959777 0.004710068 0.019640563 0.012539919 0.016842676 0.028513260 0.026858253 0.022358336 0.016698169 0.014006637 0.017202482 0.048268348 0.031362955 0.023765210 0.016427517
0.041610513 0.017592918 0.019173158 0.023634121 0.016368557 0.013162019 0.004841208 0.012093454 0.015385592 0.018449238 0.010513000 0.018946312 0.013850252 0.013186693 0.029887877 0.028208796 0.014897726 0.016059153 0.011454225 0.018850569 0.019640563 -0.001085713 0.024192577 0.010416048 0.012010548 0.011463605 0.013078704 0.012426678 0.023341011 0.011236889 0.034428440 0.017375447 0.016742021 0.021815555
0.028055806 0.022104576 0.017141908 0.044116184 0.027855232 0.022142503 0.025006777 0.028853415 0.024895916 0.038273562 0.032211322 0.038146034 0.025760723 0.024211083 0.021007389 0.015324030 0.015643450 0.037341293 0.021465745 0.032308716 0.012539919 0.024192577 0.006341748 0.024282783 0.030586593 0.032065116 0.027086610 0.023398280 0.014907228 0.024331205 0.051953033 0.040049382 0.028513189 0.018467065
0.041023314 0.016706603 0.016254080 0.026566615 0.016607944 0.011513230 0.001129745 0.007881030 0.011967905 0.019598020 0.012969400 0.023204574 0.011281978 0.010918966 0.029720124 0.026597921 0.012679392 0.022267181 0.012675390 0.015555345 0.016842676 0.010416048 0.024282783 -0.000933608 0.014803163 0.014787724 0.010731129 0.009397913 0.020550190 0.007865550 0.043544818 0.020278385 0.016394107 0.019732183
0.047605213 0.014353361 0.026345443 0.022011416 0.011174353 0.016878601 0.010442092 0.014184047 0.019004487 0.017163942 0.011372712 0.016560502 0.014014076 0.015451232 0.036527202 0.033287935 0.019808702 0.016803877 0.016793331 0.020255126 0.028513260 0.012010548 0.030586593 0.014803163 -0.014550036 0.009508396 0.016976072 0.016902685 0.027401451 0.014329036 0.027964905 0.016340461 0.020613492 0.028478699
0.048028529 0.020350428 0.026403794 0.014032967 0.015774027 0.017703004 0.004315578 0.010740058 0.018744113 0.008973086 0.006037059 0.010168421 0.012950066 0.015056655 0.036549423 0.038386252 0.021462496 0.011385281 0.016698122 0.016987672 0.026858253 0.011463605 0.032065116 0.014787724 0.009508396 -0.000587019 0.018682564 0.018246574 0.030091792 0.011823721 0.034467194 0.009595556 0.014091837 0.028799629
0.043804511 0.016869476 0.020896325 0.032127589 0.017229646 0.012724688 0.009060191 0.013447538 0.017784271 0.025937425 0.017620411 0.025377128 0.015182379 0.014636619 0.033000380 0.027990548 0.013854394 0.026030716 0.013536626 0.028977076 0.022358336 0.013078704 0.027086610 0.010731129 0.016976072 0.018682564 0.009430826 0.012903539 0.024835777 0.010896332 0.042932484 0.029457342 0.024095997 0.027618123
0.042895898 0.019815000 0.017409746 0.032136336 0.017107870 0.011425617 0.008326713 0.013829337 0.016699139 0.026063278 0.017213883 0.027202737 0.014003131 0.012822483 0.028064158 0.027664803 0.014724188 0.023957238 0.014252224 0.022080064 0.016698169 0.012426678 0.023398280 0.009397913 0.016902685 0.018246574 0.012903539 0.007542368 0.020185066 0.010136354 0.043167640 0.023616046 0.023207100 0.022689113
0.029240258 0.026068021 0.016686212 0.039287634 0.026825640 0.020798337 0.019568082 0.026187275 0.024605583 0.034750991 0.030153546 0.037806720 0.024055224 0.020887624 0.021995775 0.015129466 0.015566988 0.036503326 0.020159973 0.029116584 0.014006637 0.023341011 0.014907228 0.020550190 0.027401451 0.030091792 0.024835777 0.020185066 0.009528812 0.021938182 0.047812495 0.034328796 0.029726520 0.014921866
0.041597404 0.014618162 0.018163789 0.025311776 0.011626868 0.010269489 0.006808799 0.008425257 0.012404644 0.019319700 0.013194778 0.020057093 0.011213606 0.010817613 0.028190915 0.026993753 0.014385751 0.021382129 0.013467672 0.019509809 0.017202482 0.011236889 0.024331205 0.007865550 0.014329036 0.011823721 0.010896332 0.010136354 0.021938182 0.002031662 0.038808502 0.016890995 0.015983295 0.022172410
0.073725268 0.036279868 0.050082915 0.033103187 0.045891993 0.040934298 0.042833887 0.040214717 0.044211201 0.033867739 0.034618609 0.031080559 0.041153152 0.047108158 0.059551414 0.056891501 0.040385157 0.028745163 0.039594669 0.050345827 0.048268348 0.034428440 0.051953033 0.043544818 0.027964905 0.034467194 0.042932484 0.043167640 0.047812495 0.038808502 -0.017131006 0.036467023 0.051673092 0.054931030
0.052773077 0.024816418 0.032202855 0.011941858 0.021829322 0.025513610 0.014487518 0.018812556 0.026969433 0.009854445 0.009473689 0.012773146 0.017889582 0.021618629 0.045134582 0.044353940 0.024539558 0.011854804 0.021349330 0.016179522 0.031362955 0.017375447 0.040049382 0.020278385 0.016340461 0.009595556 0.029457342 0.023616046 0.034328796 0.016890995 0.036467023 0.002995928 0.021299832 0.039274879
0.049157269 0.023879908 0.025237644 0.033628874 0.017064586 0.021733632 0.019164376 0.017044771 0.017949564 0.023835104 0.016220616 0.024138099 0.015548442 0.021573408 0.032636635 0.031390626 0.026391752 0.027632650 0.025034707 0.031951480 0.023765210 0.016742021 0.028513189 0.016394107 0.020613492 0.014091837 0.024095997 0.023207100 0.029726520 0.015983295 0.051673092 0.021299832 -0.006103497 0.031309657
0.034406684 0.028188583 0.018385792 0.044071890 0.028327681 0.021443151 0.019202663 0.026063843 0.028095966 0.038134038 0.029522624 0.038375527 0.023705436 0.020719232 0.023909863 0.020727685 0.014656883 0.036186174 0.018342093 0.039298326 0.016427517 0.021815555 0.018467065 0.019732183 0.028478699 0.028799629 0.027618123 0.022689113 0.014921866 0.022172410 0.054931030 0.039274879 0.031309657 0.014339849
