0.000000000 0.188405797 0.134020612 0.317073166 0.056179777 0.203791469 0.159999996 0.176470593 0.180487812 0.225806445 0.246636778 0.266375542 0.159999996 0.134020612 0.061452515 0.101604275 0.164179102 0.196172252 0.115789473 0.246636778 0.111111112 0.236363634 0.076923080 0.176470593 0.266375542 0.232876718 0.164179102 0.164179102 0.081967212 0.180487812 0.325301200 0.259911895 0.091891892 0.134020612
0.188405797 0.000000000 0.055793993 0.136842102 0.133640558 0.016000001 0.029288704 0.012345679 0.008196721 0.039062500 0.061068702 0.082089551 0.029288704 0.055793993 0.128440365 0.088495575 0.025000000 0.008064516 0.074235804 0.061068702 0.078947365 0.050193049 0.113122173 0.012345679 0.082089551 0.046511628 0.025000000 0.025000000 0.108108111 0.008196721 0.145833328 0.075187966 0.098214284 0.055793993
0.134020612 0.055793993 0.000000000 0.191176474 0.078431375 0.071729958 0.026548672 0.043478262 0.047619049 0.094650209 0.116465867 0.137254909 0.026548672 0.000000000 0.073170729 0.032863848 0.030837005 0.063829787 0.018518519 0.116465867 0.023255814 0.105691060 0.057692308 0.043478262 0.137254909 0.102040820 0.030837005 0.030837005 0.052631579 0.047619049 0.200000003 0.130434781 0.042654030 0.000000000
0.317073166 0.136842102 0.191176474 0.000000000 0.265625000 0.121107265 0.165467620 0.148936167 0.144876331 0.098305084 0.076411963 0.055374593 0.165467620 0.191176474 0.260700375 0.222641513 0.161290318 0.128919855 0.208955228 0.076411963 0.213483140 0.087248325 0.246153846 0.148936167 0.055374593 0.090909094 0.161290318 0.161290318 0.241379306 0.144876331 0.009174312 0.062295083 0.231939167 0.191176474
0.056179777 0.133640558 0.078431375 0.265625000 0.000000000 0.149321273 0.104761906 0.121495329 0.125581399 0.171806172 0.193133041 0.213389128 0.104761906 0.078431375 0.005291005 0.045685280 0.109004736 0.141552508 0.059999999 0.193133041 0.055276383 0.182608694 0.020833334 0.121495329 0.213389128 0.179039299 0.109004736 0.109004736 0.025906736 0.125581399 0.274131268 0.206751049 0.035897437 0.078431375
0.203791469 0.016000001 0.071729958 0.121107265 0.149321273 0.000000000 0.045267489 0.028340081 0.024193548 0.023076924 0.045112781 0.066176474 0.045267489 0.071729958 0.144144148 0.104347825 0.040983606 0.007936508 0.090128757 0.045112781 0.094827585 0.034220532 0.128888890 0.028340081 0.066176474 0.030534351 0.040983606 0.040983606 0.123893805 0.024193548 0.130136982 0.059259258 0.114035085 0.071729958
0.159999996 0.029288704 0.026548672 0.165467620 0.104761906 0.045267489 0.000000000 0.016949153 0.021097047 0.068273090 0.090196081 0.111111112 0.000000000 0.026548672 0.099526070 0.059360731 0.004291845 0.037344400 0.045045044 0.090196081 0.049773756 0.079365082 0.084112152 0.016949153 0.111111112 0.075697213 0.004291845 0.004291845 0.079069771 0.021097047 0.174377218 0.104247101 0.069124423 0.026548672
0.176470593 0.012345679 0.043478262 0.148936167 0.121495329 0.028340081 0.016949153 0.000000000 0.004149378 0.051383398 0.073359072 0.094339624 0.016949153 0.043478262 0.116279073 0.076233186 0.012658228 0.020408163 0.061946902 0.073359072 0.066666670 0.062500000 0.100917429 0.000000000 0.094339624 0.058823530 0.012658228 0.012658228 0.095890410 0.004149378 0.157894731 0.087452471 0.085972853 0.043478262
0.180487812 0.008196721 0.047619049 0.144876331 0.125581399 0.024193548 0.021097047 0.004149378 0.000000000 0.047244094 0.069230773 0.090225562 0.021097047 0.047619049 0.120370373 0.080357142 0.016806724 0.016260162 0.066079296 0.069230773 0.070796460 0.058365759 0.105022833 0.004149378 0.090225562 0.054687500 0.016806724 0.016806724 0.100000001 0.000000000 0.153846160 0.083333336 0.090090089 0.047619049
0.225806445 0.039062500 0.094650209 0.098305084 0.171806172 0.023076924 0.068273090 0.051383398 0.047244094 0.000000000 0.022058824 0.043165468 0.068273090 0.094650209 0.166666672 0.127118647 0.064000003 0.031007752 0.112970710 0.022058824 0.117647059 0.011152416 0.151515156 0.051383398 0.043165468 0.007462686 0.064000003 0.064000003 0.146551728 0.047244094 0.107382551 0.036231883 0.136752144 0.094650209
0.246636778 0.061068702 0.116465867 0.076411963 0.193133041 0.045112781 0.090196081 0.073359072 0.069230773 0.022058824 0.000000000 0.021126760 0.090196081 0.116465867 0.188034192 0.148760334 0.085937500 0.053030305 0.134693876 0.000000000 0.139344260 0.010909091 0.172995776 0.073359072 0.021126760 0.014598540 0.085937500 0.085937500 0.168067232 0.069230773 0.085526317 0.014184397 0.158333331 0.116465867
0.266375542 0.082089551 0.137254909 0.055374593 0.213389128 0.066176474 0.111111112 0.094339624 0.090225562 0.043165468 0.021126760 0.000000000 0.111111112 0.137254909 0.208333328 0.169354841 0.106870227 0.074074075 0.155378491 0.021126760 0.159999996 0.032028470 0.193415642 0.094339624 0.000000000 0.035714287 0.106870227 0.106870227 0.188524589 0.090225562 0.064516127 0.006944444 0.178861782 0.137254909
0.159999996 0.029288704 0.026548672 0.165467620 0.104761906 0.045267489 0.000000000 0.016949153 0.021097047 0.068273090 0.090196081 0.111111112 0.000000000 0.026548672 0.099526070 0.059360731 0.004291845 0.037344400 0.045045044 0.090196081 0.049773756 0.079365082 0.084112152 0.016949153 0.111111112 0.075697213 0.004291845 0.004291845 0.079069771 0.021097047 0.174377218 0.104247101 0.069124423 0.026548672
0.134020612 0.055793993 0.000000000 0.191176474 0.078431375 0.071729958 0.026548672 0.043478262 0.047619049 0.094650209 0.116465867 0.137254909 0.026548672 0.000000000 0.073170729 0.032863848 0.030837005 0.063829787 0.018518519 0.116465867 0.023255814 0.105691060 0.057692308 0.043478262 0.137254909 0.102040820 0.030837005 0.030837005 0.052631579 0.047619049 0.200000003 0.130434781 0.042654030 0.000000000
0.061452515 0.128440365 0.073170729 0.260700375 0.005291005 0.144144148 0.099526070 0.116279073 0.120370373 0.166666672 0.188034192 0.208333328 0.099526070 0.073170729 0.000000000 0.040404040 0.103773586 0.136363640 0.054726370 0.188034192 0.050000001 0.177489176 0.015544041 0.116279073 0.208333328 0.173913047 0.103773586 0.103773586 0.020618556 0.120370373 0.269230783 0.201680675 0.030612245 0.073170729
0.101604275 0.088495575 0.032863848 0.222641513 0.045685280 0.104347825 0.059360731 0.076233186 0.080357142 0.127118647 0.148760334 0.169354841 0.059360731 0.032863848 0.040404040 0.000000000 0.063636363 0.096491225 0.014354067 0.148760334 0.009615385 0.138075307 0.024875622 0.076233186 0.169354841 0.134453788 0.063636363 0.063636363 0.019801980 0.080357142 0.231343284 0.162601620 0.009803922 0.032863848
0.164179102 0.025000000 0.030837005 0.161290318 0.109004736 0.040983606 0.004291845 0.012658228 0.016806724 0.064000003 0.085937500 0.106870227 0.004291845 0.030837005 0.103773586 0.063636363 0.000000000 0.033057850 0.049327355 0.085937500 0.054054055 0.075098813 0.088372096 0.012658228 0.106870227 0.071428575 0.000000000 0.000000000 0.083333336 0.016806724 0.170212761 0.100000001 0.073394492 0.030837005
0.196172252 0.008064516 0.063829787 0.128919855 0.141552508 0.007936508 0.037344400 0.020408163 0.016260162 0.031007752 0.053030305 0.074074075 0.037344400 0.063829787 0.136363640 0.096491225 0.033057850 0.000000000 0.082251079 0.053030305 0.086956523 0.042145595 0.121076234 0.020408163 0.074074075 0.038461540 0.033057850 0.033057850 0.116071425 0.016260162 0.137931034 0.067164183 0.106194690 0.063829787
0.115789473 0.074235804 0.018518519 0.208955228 0.059999999 0.090128757 0.045045044 0.061946902 0.066079296 0.112970710 0.134693876 0.155378491 0.045045044 0.018518519 0.054726370 0.014354067 0.049327355 0.082251079 0.000000000 0.134693876 0.004739337 0.123966940 0.039215688 0.061946902 0.155378491 0.120331950 0.049327355 0.049327355 0.034146342 0.066079296 0.217712179 0.148594379 0.024154589 0.018518519
0.246636778 0.061068702 0.116465867 0.076411963 0.193133041 0.045112781 0.090196081 0.073359072 0.069230773 0.022058824 0.000000000 0.021126760 0.090196081 0.116465867 0.188034192 0.148760334 0.085937500 0.053030305 0.134693876 0.000000000 0.139344260 0.010909091 0.172995776 0.073359072 0.021126760 0.014598540 0.085937500 0.085937500 0.168067232 0.069230773 0.085526317 0.014184397 0.158333331 0.116465867
0.111111112 0.078947365 0.023255814 0.213483140 0.055276383 0.094827585 0.049773756 0.066666670 0.070796460 0.117647059 0.139344260 0.159999996 0.049773756 0.023255814 0.050000001 0.009615385 0.054054055 0.086956523 0.004739337 0.139344260 0.000000000 0.128630713 0.034482758 0.066666670 0.159999996 0.125000000 0.054054055 0.054054055 0.029411765 0.070796460 0.222222224 0.153225809 0.019417476 0.023255814
0.236363634 0.050193049 0.105691060 0.087248325 0.182608694 0.034220532 0.079365082 0.062500000 0.058365759 0.011152416 0.010909091 0.032028470 0.079365082 0.105691060 0.177489176 0.138075307 0.075098813 0.042145595 0.123966940 0.010909091 0.128630713 0.000000000 0.162393168 0.062500000 0.032028470 0.003690037 0.075098813 0.075098813 0.157446802 0.058365759 0.096345514 0.025089607 0.147679329 0.105691060
0.076923080 0.113122173 0.057692308 0.246153846 0.020833334 0.128888890 0.084112152 0.100917429 0.105022833 0.151515156 0.172995776 0.193415642 0.084112152 0.057692308 0.015544041 0.024875622 0.088372096 0.121076234 0.039215688 0.172995776 0.034482758 0.162393168 0.000000000 0.100917429 0.193415642 0.158798277 0.088372096 0.088372096 0.005076142 0.105022833 0.254752845 0.186721995 0.015075377 0.057692308
0.176470593 0.012345679 0.043478262 0.148936167 0.121495329 0.028340081 0.016949153 0.000000000 0.004149378 0.051383398 0.073359072 0.094339624 0.016949153 0.043478262 0.116279073 0.076233186 0.012658228 0.020408163 0.061946902 0.073359072 0.066666670 0.062500000 0.100917429 0.000000000 0.094339624 0.058823530 0.012658228 0.012658228 0.095890410 0.004149378 0.157894731 0.087452471 0.085972853 0.043478262
0.266375542 0.082089551 0.137254909 0.055374593 0.213389128 0.066176474 0.111111112 0.094339624 0.090225562 0.043165468 0.021126760 0.000000000 0.111111112 0.137254909 0.208333328 0.169354841 0.106870227 0.074074075 0.155378491 0.021126760 0.159999996 0.032028470 0.193415642 0.094339624 0.000000000 0.035714287 0.106870227 0.106870227 0.188524589 0.090225562 0.064516127 0.006944444 0.178861782 0.137254909
0.232876718 0.046511628 0.102040820 0.090909094 0.179039299 0.030534351 0.075697213 0.058823530 0.054687500 0.007462686 0.014598540 0.035714287 0.075697213 0.102040820 0.173913047 0.134453788 0.071428575 0.038461540 0.120331950 0.014598540 0.125000000 0.003690037 0.158798277 0.058823530 0.035714287 0.000000000 0.071428575 0.071428575 0.153846160 0.054687500 0.100000001 0.028776979 0.144067794 0.102040820
0.164179102 0.025000000 0.030837005 0.161290318 0.109004736 0.040983606 0.004291845 0.012658228 0.016806724 0.064000003 0.085937500 0.106870227 0.004291845 0.030837005 0.103773586 0.063636363 0.000000000 0.033057850 0.049327355 0.085937500 0.054054055 0.075098813 0.088372096 0.012658228 0.106870227 0.071428575 0.000000000 0.000000000 0.083333336 0.016806724 0.170212761 0.100000001 0.073394492 0.030837005
0.164179102 0.025000000 0.030837005 0.161290318 0.109004736 0.040983606 0.004291845 0.012658228 0.016806724 0.064000003 0.085937500 0.106870227 0.004291845 0.030837005 0.103773586 0.063636363 0.000000000 0.033057850 0.049327355 0.085937500 0.054054055 0.075098813 0.088372096 0.012658228 0.106870227 0.071428575 0.000000000 0.000000000 0.083333336 0.016806724 0.170212761 0.100000001 0.073394492 0.030837005
0.081967212 0.108108111 0.052631579 0.241379306 0.025906736 0.123893805 0.079069771 0.095890410 0.100000001 0.146551728 0.168067232 0.188524589 0.079069771 0.052631579 0.020618556 0.019801980 0.083333336 0.116071425 0.034146342 0.168067232 0.029411765 0.157446802 0.005076142 0.095890410 0.188524589 0.153846160 0.083333336 0.083333336 0.000000000 0.100000001 0.250000000 0.181818187 0.010000000 0.052631579
0.180487812 0.008196721 0.047619049 0.144876331 0.125581399 0.024193548 0.021097047 0.004149378 0.000000000 0.047244094 0.069230773 0.090225562 0.021097047 0.047619049 0.120370373 0.080357142 0.016806724 0.016260162 0.066079296 0.069230773 0.070796460 0.058365759 0.105022833 0.004149378 0.090225562 0.054687500 0.016806724 0.016806724 0.100000001 0.000000000 0.153846160 0.083333336 0.090090089 0.047619049
0.325301200 0.145833328 0.200000003 0.009174312 0.274131268 0.130136982 0.174377218 0.157894731 0.153846160 0.107382551 0.085526317 0.064516127 0.174377218 0.200000003 0.269230783 0.231343284 0.170212761 0.137931034 0.217712179 0.085526317 0.222222224 0.096345514 0.254752845 0.157894731 0.064516127 0.100000001 0.170212761 0.170212761 0.250000000 0.153846160 0.000000000 0.071428575 0.240601510 0.200000003
0.259911895 0.075187966 0.130434781 0.062295083 0.206751049 0.059259258 0.104247101 0.087452471 0.083333336 0.036231883 0.014184397 0.006944444 0.104247101 0.130434781 0.201680675 0.162601620 0.100000001 0.067164183 0.148594379 0.014184397 0.153225809 0.025089607 0.186721995 0.087452471 0.006944444 0.028776979 0.100000001 0.100000001 0.181818187 0.083333336 0.071428575 0.000000000 0.172131151 0.130434781
0.091891892 0.098214284 0.042654030 0.231939167 0.035897437 0.114035085 0.069124423 0.085972853 0.090090089 0.136752144 0.158333331 0.178861782 0.069124423 0.042654030 0.030612245 0.009803922 0.073394492 0.106194690 0.024154589 0.158333331 0.019417476 0.147679329 0.015075377 0.085972853 0.178861782 0.144067794 0.073394492 0.073394492 0.010000000 0.090090089 0.240601510 0.172131151 0.000000000 0.042654030
0.134020612 0.055793993 0.000000000 0.191176474 0.078431375 0.071729958 0.026548672 0.043478262 0.047619049 0.094650209 0.116465867 0.137254909 0.026548672 0.000000000 0.073170729 0.032863848 0.030837005 0.063829787 0.018518519 0.116465867 0.023255814 0.105691060 0.057692308 0.043478262 0.137254909 0.102040820 0.030837005 0.030837005 0.052631579 0.047619049 0.200000003 0.130434781 0.042654030 0.000000000
