0.015194904 0.041274160 0.030387603 0.061438974 0.044629745 0.038506459 0.039646342 0.045700580 0.039454579 0.046820283 0.047000818 0.061814435 0.039611530 0.046710029 0.025478320 0.032801162 0.034643494 0.057624396 0.040153004 0.052864574 0.025667630 0.044819728 0.024169939 0.039339058 0.049222127 0.044334054 0.039257221 0.029339764 0.027138218 0.041853298 0.068415523 0.054540303 0.068818815 0.029039912
0.041274160 0.018698972 0.025417054 0.036019962 0.023180623 0.019512583 0.020285081 0.015808145 0.022938287 0.025611507 0.023133319 0.028433884 0.018026922 0.021159081 0.024229987 0.023116508 0.024434719 0.028270513 0.021292796 0.039403643 0.027917229 0.020329950 0.025715794 0.020027036 0.015480712 0.025256859 0.021251164 0.020927617 0.026211537 0.021956569 0.042907819 0.028252091 0.030877663 0.026709294
0.030387603 0.025417054 0.001006555 0.041018020 0.019059647 0.015211891 0.013741202 0.019336438 0.015593750 0.027650580 0.024350163 0.040349476 0.019039201 0.020484807 0.018455239 0.015504553 0.016046660 0.033090159 0.016554005 0.028433427 0.006757590 0.020061821 0.012690006 0.014675648 0.026337482 0.025120988 0.017148275 0.007771014 0.013318258 0.018359030 0.043536268 0.030837404 0.032420091 0.011726415
0.061438974 0.036019962 0.041018020 0.013605695 0.025550228 0.026150834 0.028511342 0.028634638 0.034311291 0.016802732 0.019117337 0.020904526 0.023787539 0.031099547 0.053462651 0.049607743 0.035601012 0.026019745 0.030596770 0.019799773 0.038115487 0.023120854 0.046594601 0.025165081 0.028886367 0.015389795 0.030975172 0.028019363 0.037462398 0.032357201 0.035668548 0.015328069 0.052154426 0.037253998
0.044629745 0.023180623 0.019059647 0.025550228 -0.001327033 0.018476676 0.011658773 0.014155954 0.014476233 0.018692482 0.016319472 0.018942190 0.012649297 0.015300413 0.038300280 0.024197279 0.017912257 0.030265091 0.018545106 0.017125215 0.022591989 0.014760345 0.028099431 0.012017401 0.017871233 0.015077258 0.013960158 0.016258016 0.022312652 0.016557157 0.052128963 0.019997075 0.026762461 0.030966196
0.038506459 0.019512583 0.015211891 0.026150834 0.018476676 0.009219829 0.008281783 0.011312280 0.007120261 0.019623108 0.017505072 0.023414278 0.012688393 0.013238492 0.028973823 0.017872043 0.014617182 0.027492331 0.013701045 0.017896736 0.011834729 0.013204688 0.022293916 0.009500038 0.018478069 0.016852722 0.011831655 0.005747422 0.020050965 0.013484951 0.041598089 0.027760584 0.028129026 0.021898046
0.039646342 0.020285081 0.013741202 0.028511342 0.011658773 0.008281783 -0.004531391 0.006814016 0.009924131 0.019093147 0.002091417 0.022557706 0.009393407 0.004678299 0.026042372 0.018432926 0.012797613 0.019471496 0.008327765 0.018212322 0.015032409 0.006328298 0.020014120 0.001216169 0.012126102 0.006191776 0.006373315 0.005715274 0.016245103 0.008849725 0.038586996 0.012825502 0.019293759 0.017624419
0.045700580 0.015808145 0.019336438 0.028634638 0.014155954 0.011312280 0.006814016 0.001375399 0.010358062 0.015357116 0.012152876 0.023769092 0.010785723 0.015825421 0.034930680 0.032347780 0.017374810 0.021906279 0.013808110 0.021286555 0.020409200 0.014455277 0.029276066 0.006431698 0.012687061 0.010243447 0.012208484 0.006176921 0.023447614 0.010469852 0.038757801 0.019420926 0.029350281 0.023877533
0.039454579 0.022938287 0.015593750 0.034311291 0.014476233 0.007120261 0.009924131 0.010358062 0.001174375 0.021023663 0.015947640 0.028762057 0.012121514 0.012106709 0.027551800 0.023138171 0.014608423 0.024753716 0.015366971 0.023728929 0.015695428 0.011858253 0.022006713 0.007651354 0.019156367 0.015855692 0.014290292 0.009513742 0.016444776 0.014293736 0.042171016 0.018436125 0.022402713 0.011931045
0.046820283 0.025611507 0.027650580 0.016802732 0.018692482 0.019623108 0.019093147 0.015357116 0.021023663 0.001698265 0.010845707 0.011982797 0.017643068 0.021226019 0.038348127 0.038861409 0.027398149 0.013698982 0.022625286 0.019615801 0.027450517 0.018686963 0.033578448 0.020290419 0.014437180 0.007975234 0.021438915 0.016783264 0.031647444 0.019820020 0.026547395 0.009257445 0.031227529 0.028720539
0.047000818 0.023133319 0.024350163 0.019117337 0.016319472 0.017505072 0.002091417 0.012152876 0.015947640 0.010845707 0.000336016 0.012802985 0.011588675 0.014011259 0.038380399 0.028882483 0.020617867 0.014185271 0.017052127 0.018570695 0.024056934 0.011990542 0.030255981 0.012291527 0.013404416 0.006888866 0.015463077 0.014621396 0.026750326 0.015905455 0.033967998 0.009196032 0.021117004 0.029245092
0.061814435 0.028433884 0.040349476 0.020904526 0.018942190 0.023414278 0.022557706 0.023769092 0.028762057 0.011982797 0.012802985 0.014307246 0.016877431 0.023934780 0.051397793 0.044662729 0.032282442 0.025133647 0.025065986 0.021059694 0.037190232 0.015820337 0.043097731 0.017846659 0.023619253 0.009610460 0.025856797 0.026634974 0.033193707 0.027090568 0.041708253 0.011739235 0.036753796 0.038249891
0.039611530 0.018026922 0.019039201 0.023787539 0.012649297 0.012688393 0.009393407 0.010785723 0.012121514 0.017643068 0.011588675 0.016877431 0.001576831 0.011937482 0.033648126 0.023759229 0.017736029 0.022025896 0.015429297 0.015993139 0.022959646 0.013805399 0.025620494 0.010547955 0.016260888 0.014223158 0.012616012 0.012675405 0.019492611 0.014826120 0.041259389 0.015995130 0.019965960 0.023855839
0.046710029 0.021159081 0.020484807 0.031099547 0.015300413 0.013238492 0.004678299 0.015825421 0.012106709 0.021226019 0.014011259 0.023934780 0.011937482 0.007518385 0.036758073 0.025292667 0.015585067 0.026792737 0.014180271 0.016009083 0.018304117 0.013928263 0.025665082 0.008556095 0.018957190 0.014685838 0.012044024 0.011061453 0.018640898 0.016388929 0.051135652 0.020534283 0.031904511 0.024949750
0.025478320 0.024229987 0.018455239 0.053462651 0.038300280 0.028973823 0.026042372 0.034930680 0.027551800 0.038348127 0.038380399 0.051397793 0.033648126 0.036758073 0.004622170 0.025435843 0.024010044 0.047987290 0.028097663 0.042107083 0.019421689 0.035226926 0.021652799 0.029033108 0.041887030 0.033778712 0.030467590 0.015559834 0.023278320 0.029577501 0.055588990 0.053638168 0.058657791 0.026990548
0.032801162 0.023116508 0.015504553 0.049607743 0.024197279 0.017872043 0.018432926 0.032347780 0.023138171 0.038861409 0.028882483 0.044662729 0.023759229 0.025292667 0.025435843 0.010177360 0.018438190 0.045512781 0.022247193 0.030681277 0.012926413 0.024010591 0.015459799 0.018998170 0.035010297 0.030634988 0.023739733 0.016473392 0.007413676 0.028862003 0.056227278 0.035916835 0.042752184 0.013518831
0.034643494 0.024434719 0.016046660 0.035601012 0.017912257 0.014617182 0.012797613 0.017374810 0.014608423 0.027398149 0.020617867 0.032282442 0.017736029 0.015585067 0.024010044 0.018438190 0.002177424 0.029739276 0.013184955 0.025343772 0.014279925 0.017107660 0.016321957 0.012761833 0.022044575 0.022818457 0.013061927 0.012658915 0.014108018 0.018099440 0.041651081 0.027502090 0.035444766 0.016604867
0.057624396 0.028270513 0.033090159 0.026019745 0.030265091 0.027492331 0.019471496 0.021906279 0.024753716 0.013698982 0.014185271 0.025133647 0.022025896 0.026792737 0.047987290 0.045512781 0.029739276 0.009022105 0.024863651 0.034747001 0.031120822 0.021483341 0.039477620 0.023096915 0.018948104 0.011175100 0.025053233 0.018706949 0.038304236 0.024930023 0.028665433 0.019570678 0.045964263 0.036933135
0.040153004 0.021292796 0.016554005 0.030596770 0.018545106 0.013701045 0.008327765 0.013808110 0.015366971 0.022625286 0.017052127 0.025065986 0.015429297 0.014180271 0.028097663 0.022247193 0.013184955 0.024863651 0.001280833 0.022194626 0.018393114 0.014632788 0.020706428 0.012391581 0.018308012 0.017948732 0.014103355 0.012179267 0.017747296 0.017012753 0.040153079 0.021791289 0.029231265 0.018551206
0.052864574 0.039403643 0.028433427 0.019799773 0.017125215 0.017896736 0.018212322 0.021286555 0.023728929 0.019615801 0.018570695 0.021059694 0.015993139 0.016009083 0.042107083 0.030681277 0.025343772 0.034747001 0.022194626 -0.005220958 0.021593768 0.016107604 0.034251533 0.017026298 0.027814146 0.018850032 0.023628239 0.017581284 0.026234087 0.026446279 0.049440078 0.013581266 0.035669453 0.030360464
0.025667630 0.027917229 0.006757590 0.038115487 0.022591989 0.011834729 0.015032409 0.020409200 0.015695428 0.027450517 0.024056934 0.037190232 0.022959646 0.018304117 0.019421689 0.012926413 0.014279925 0.031120822 0.018393114 0.021593768 -0.001141860 0.019776043 0.010530328 0.015812796 0.033036925 0.026580503 0.016940249 0.006328047 0.012159442 0.018587006 0.040500753 0.030283146 0.030469842 0.012562203
0.044819728 0.020329950 0.020061821 0.023120854 0.014760345 0.013204688 0.006328298 0.014455277 0.011858253 0.018686963 0.011990542 0.015820337 0.013805399 0.013928263 0.035226926 0.024010591 0.017107660 0.021483341 0.014632788 0.016107604 0.019776043 -0.000812673 0.026449366 0.008871378 0.018201243 0.012912768 0.011942440 0.011790543 0.019639745 0.017063167 0.037491001 0.014929744 0.020727869 0.023697816
0.024169939 0.025715794 0.012690006 0.046594601 0.028099431 0.022293916 0.020014120 0.029276066 0.022006713 0.033578448 0.030255981 0.043097731 0.025620494 0.025665082 0.021652799 0.015459799 0.016321957 0.039477620 0.020706428 0.034251533 0.010530328 0.026449366 0.003051836 0.022303991 0.033063531 0.029315911 0.022623613 0.015779298 0.012115596 0.025257744 0.048210911 0.041059315 0.043288432 0.018072482
0.039339058 0.020027036 0.014675648 0.025165081 0.012017401 0.009500038 0.001216169 0.006431698 0.007651354 0.020290419 0.012291527 0.017846659 0.010547955 0.008556095 0.029033108 0.018998170 0.012761833 0.023096915 0.012391581 0.017026298 0.015812796 0.008871378 0.022303991 -0.001985246 0.017947102 0.015739262 0.007186663 0.008433503 0.016750000 0.010451973 0.041283067 0.016232548 0.017635552 0.019611333
0.049222127 0.015480712 0.026337482 0.028886367 0.017871233 0.018478069 0.012126102 0.012687061 0.019156367 0.014437180 0.013404416 0.023619253 0.016260888 0.018957190 0.041887030 0.035010297 0.022044575 0.018948104 0.018308012 0.027814146 0.033036925 0.018201243 0.033063531 0.017947102 -0.016617406 0.011614250 0.018777259 0.015569682 0.026040100 0.018283788 0.028284892 0.020459967 0.033666059 0.029274169
0.044334054 0.025256859 0.025120988 0.015389795 0.015077258 0.016852722 0.006191776 0.010243447 0.015855692 0.007975234 0.006888866 0.009610460 0.014223158 0.014685838 0.033778712 0.030634988 0.022818457 0.011175100 0.017948732 0.018850032 0.026580503 0.012912768 0.029315911 0.015739262 0.011614250 -0.000379465 0.015923390 0.016920118 0.026325278 0.015129181 0.031882290 0.008461928 0.016205549 0.027571613
0.039257221 0.021251164 0.017148275 0.030975172 0.013960158 0.011831655 0.006373315 0.012208484 0.014290292 0.021438915 0.015463077 0.025856797 0.012616012 0.012044024 0.030467590 0.023739733 0.013061927 0.025053233 0.014103355 0.023628239 0.016940249 0.011942440 0.022623613 0.007186663 0.018777259 0.015923390 0.006010570 0.007445052 0.017996414 0.013957534 0.043042876 0.021051580 0.026347838 0.019794842
0.029339764 0.020927617 0.007771014 0.028019363 0.016258016 0.005747422 0.005715274 0.006176921 0.009513742 0.016783264 0.014621396 0.026634974 0.012675405 0.011061453 0.015559834 0.016473392 0.012658915 0.018706949 0.012179267 0.017581284 0.006328047 0.011790543 0.015779298 0.008433503 0.015569682 0.016920118 0.007445052 -0.005681945 0.015292567 0.006678804 0.029000217 0.019870874 0.023626026 0.010030411
0.027138218 0.026211537 0.013318258 0.037462398 0.022312652 0.020050965 0.016245103 0.023447614 0.016444776 0.031647444 0.026750326 0.033193707 0.019492611 0.018640898 0.023278320 0.007413676 0.014108018 0.038304236 0.017747296 0.026234087 0.012159442 0.019639745 0.012115596 0.016750000 0.026040100 0.026325278 0.017996414 0.015292567 0.003471352 0.022673719 0.046194669 0.031658001 0.032839764 0.014983741
0.041853298 0.021956569 0.018359030 0.032357201 0.016557157 0.013484951 0.008849725 0.010469852 0.014293736 0.019820020 0.015905455 0.027090568 0.014826120 0.016388929 0.029577501 0.028862003 0.018099440 0.024930023 0.017012753 0.026446279 0.018587006 0.017063167 0.025257744 0.010451973 0.018283788 0.015129181 0.013957534 0.006678804 0.022673719 0.007661307 0.040650520 0.021024462 0.031551510 0.020156890
0.068415523 0.042907819 0.043536268 0.035668548 0.052128963 0.041598089 0.038586996 0.038757801 0.042171016 0.026547395 0.033967998 0.041708253 0.041259389 0.051135652 0.055588990 0.056227278 0.041651081 0.028665433 0.040153079 0.049440078 0.040500753 0.037491001 0.048210911 0.041283067 0.028284892 0.031882290 0.043042876 0.029000217 0.046194669 0.040650520 -0.020515343 0.036907915 0.070174851 0.045415409
0.054540303 0.028252091 0.030837404 0.015328069 0.019997075 0.027760584 0.012825502 0.019420926 0.018436125 0.009257445 0.009196032 0.011739235 0.015995130 0.020534283 0.053638168 0.035916835 0.027502090 0.019570678 0.021791289 0.013581266 0.030283146 0.014929744 0.041059315 0.016232548 0.020459967 0.008461928 0.021051580 0.019870874 0.031658001 0.021024462 0.036907915 0.003074693 0.033383612 0.044203248
0.068818815 0.030877663 0.032420091 0.052154426 0.026762461 0.028129026 0.019293759 0.029350281 0.022402713 0.031227529 0.021117004 0.036753796 0.019965960 0.031904511 0.058657791 0.042752184 0.035444766 0.045964263 0.029231265 0.035669453 0.030469842 0.020727869 0.043288432 0.017635552 0.033666059 0.016205549 0.026347838 0.023626026 0.032839764 0.031551510 0.070174851 0.033383612 0.031185232 0.038772855
0.029039912 0.026709294 0.011726415 0.037253998 0.030966196 0.021898046 0.017624419 0.023877533 0.011931045 0.028720539 0.029245092 0.038249891 0.023855839 0.024949750 0.026990548 0.013518831 0.016604867 0.036933135 0.018551206 0.030360464 0.012562203 0.023697816 0.018072482 0.019611333 0.029274169 0.027571613 0.019794842 0.010030411 0.014983741 0.020156890 0.045415409 0.044203248 0.038772855 0.014250431
