0.011189584 0.039053462 0.030074764 0.067411631 0.042937297 0.034338705 0.038898662 0.047120158 0.037744135 0.053133521 0.045895904 0.062769741 0.041093029 0.043256581 0.022224367 0.028168445 0.033030123 0.052725531 0.037049044 0.048956573 0.024562122 0.042208314 0.022816325 0.040151052 0.049829837 0.043552902 0.037630059 0.031898420 0.022294696 0.040227901 0.068801329 0.053879429 0.055631422 0.025946436
0.039053462 0.009141821 0.028244175 0.034996450 0.018469136 0.015315214 0.017745422 0.020571029 0.025495166 0.025608392 0.021969799 0.023428382 0.016836673 0.018336181 0.028018383 0.025934329 0.022976164 0.024275267 0.019450599 0.031078972 0.024015052 0.018703945 0.029664436 0.018264586 0.019801332 0.026363185 0.019743349 0.018385829 0.021033145 0.022505734 0.041916661 0.024639919 0.023817221 0.025477875
0.030074764 0.028244175 -0.000083692 0.046621762 0.014271032 0.013089300 0.010882230 0.022127865 0.021896288 0.032249689 0.020806061 0.042022012 0.014371474 0.014643805 0.015120289 0.014117056 0.013796346 0.031198990 0.014674654 0.025448665 0.002785464 0.016887095 0.010917600 0.012191107 0.027580526 0.022669306 0.016078046 0.010558311 0.010640112 0.018640220 0.047537960 0.022368833 0.025918027 0.009244805
0.067411631 0.034996450 0.046621762 0.026495902 0.024275156 0.029478047 0.029571410 0.037098162 0.040669464 0.026152339 0.021452451 0.023586541 0.024683870 0.032464243 0.059935533 0.056394462 0.037511595 0.026276352 0.030929821 0.027202994 0.035780936 0.024879789 0.055613242 0.024904447 0.038411014 0.017564759 0.033229478 0.031643678 0.039570574 0.037754375 0.047495592 0.017964285 0.049511552 0.045679562
0.042937297 0.018469136 0.014271032 0.024275156 -0.002187107 0.014990211 0.011394885 0.012355685 0.017563809 0.015602533 0.015059168 0.012926262 0.010638086 0.013949610 0.033739720 0.025485396 0.016370330 0.022485711 0.016412849 0.016630042 0.018935520 0.015177956 0.028403141 0.013378579 0.015804850 0.015083505 0.011824548 0.014662816 0.024830945 0.013574738 0.042807478 0.018299956 0.020805072 0.028345086
0.034338705 0.015315214 0.013089300 0.029478047 0.014990211 0.004683418 0.006447710 0.012478217 0.009412336 0.020905182 0.015979832 0.022817470 0.013386473 0.009009037 0.024446417 0.017503049 0.012300911 0.021689808 0.010996414 0.017958693 0.008607276 0.012502343 0.021908179 0.009146549 0.019332383 0.017440030 0.009384896 0.004666483 0.017507318 0.011571302 0.037658289 0.024964804 0.022547062 0.018698527
0.038898662 0.017745422 0.010882230 0.029571410 0.011394885 0.006447710 -0.004161322 0.009461636 0.012584473 0.019684060 0.002316158 0.021060321 0.011412101 0.004859808 0.025073078 0.021051340 0.012777638 0.016901011 0.006781986 0.017878579 0.012761563 0.006068728 0.022186073 0.001302448 0.015003492 0.007302267 0.005102230 0.006031182 0.018069712 0.009336111 0.034891400 0.013241900 0.018655788 0.016762311
0.047120158 0.020571029 0.022127865 0.037098162 0.012355685 0.012478217 0.009461636 0.007487326 0.015790885 0.024357783 0.015133359 0.029855398 0.012522794 0.014839034 0.033258528 0.032120790 0.019184325 0.021078706 0.016403235 0.025897332 0.021057120 0.016670741 0.031637497 0.011300023 0.018845357 0.013632156 0.015019546 0.012232961 0.022960935 0.013775165 0.043094184 0.020721689 0.023596063 0.024737753
0.037744135 0.025495166 0.021896288 0.040669464 0.017563809 0.009412336 0.012584473 0.015790885 0.008665375 0.026623987 0.018733090 0.030618623 0.014915240 0.014300063 0.025494505 0.023977011 0.016967373 0.022600770 0.018350173 0.026990538 0.015520993 0.015709966 0.023608271 0.011235470 0.022669366 0.020467829 0.018045310 0.011142742 0.017984949 0.016240468 0.045779869 0.023803003 0.014610343 0.016182376
0.053133521 0.025608392 0.032249689 0.026152339 0.015602533 0.020905182 0.019684060 0.024357783 0.026623987 0.011120661 0.012341986 0.017576681 0.017404059 0.020894784 0.045258690 0.044877730 0.028656393 0.015496520 0.022382442 0.020017788 0.028670328 0.018202763 0.042496998 0.017948613 0.027067708 0.009002877 0.023231586 0.021754336 0.031725898 0.024508461 0.036905497 0.009456413 0.028976291 0.035177127
0.045895904 0.021969799 0.020806061 0.021452451 0.015059168 0.015979832 0.002316158 0.015133359 0.018733090 0.012341986 0.000500193 0.012639552 0.011650920 0.013359567 0.034926429 0.032002684 0.020476945 0.011210869 0.015707564 0.018739345 0.021004345 0.011760662 0.031680081 0.011932263 0.017053686 0.008099034 0.014608531 0.015493878 0.027706087 0.016451126 0.031767264 0.008993506 0.018783115 0.028129423
0.062769741 0.023428382 0.042022012 0.023586541 0.012926262 0.022817470 0.021060321 0.029855398 0.030618623 0.017576681 0.012639552 0.013063995 0.015047675 0.022294149 0.054284662 0.049279626 0.031345513 0.022289103 0.023679614 0.022867592 0.032879427 0.015419038 0.048689589 0.016684335 0.028466931 0.009734311 0.024164952 0.026880458 0.032221582 0.028622877 0.047220655 0.009085612 0.031820513 0.041493975
0.041093029 0.016836673 0.014371474 0.024683870 0.010638086 0.013386473 0.011412101 0.012522794 0.014915240 0.017404059 0.011650920 0.015047675 0.001854750 0.010481971 0.032122932 0.029556042 0.019957878 0.018366283 0.016547557 0.017093338 0.020414673 0.015690438 0.029021038 0.011850130 0.019702379 0.016788166 0.010304054 0.012876221 0.021629963 0.015328458 0.035119902 0.013754961 0.017965868 0.021714274
0.043256581 0.018336181 0.014643805 0.032464243 0.013949610 0.009009037 0.004859808 0.014839034 0.014300063 0.020894784 0.013359567 0.022294149 0.010481971 0.006098002 0.031018224 0.024617502 0.014450552 0.021720823 0.012144461 0.017964520 0.015023384 0.014166774 0.025879936 0.009935788 0.019392794 0.015645012 0.010608039 0.010175444 0.021304738 0.013826598 0.043791912 0.020619400 0.026795823 0.022530178
0.022224367 0.028018383 0.015120289 0.059935533 0.033739720 0.024446417 0.025073078 0.033258528 0.025494505 0.045258690 0.034926429 0.054284662 0.032122932 0.031018224 0.004697912 0.021382803 0.020646054 0.041607056 0.024492107 0.042067248 0.019466557 0.032022573 0.018713193 0.029237198 0.040385395 0.030675294 0.026999274 0.021290027 0.020317111 0.026712138 0.052389648 0.048047505 0.044963762 0.022662956
0.028168445 0.025934329 0.014117056 0.056394462 0.025485396 0.017503049 0.021051340 0.032120790 0.023977011 0.044877730 0.032002684 0.049279626 0.029556042 0.024617502 0.021382803 0.004968032 0.017799843 0.039562147 0.021960346 0.036530662 0.010718327 0.026753258 0.014572943 0.023113312 0.036446594 0.033606037 0.023305697 0.020222854 0.007749476 0.027045570 0.050241545 0.038105607 0.037322879 0.013350146
0.033030123 0.022976164 0.013796346 0.037511595 0.016370330 0.012300911 0.012777638 0.019184325 0.016967373 0.028656393 0.020476945 0.031345513 0.019957878 0.014450552 0.020646054 0.017799843 0.001194560 0.026157839 0.011671343 0.024352089 0.011222466 0.016720252 0.016832208 0.013125069 0.023973085 0.023917302 0.012118442 0.012961072 0.014350300 0.017729487 0.038223378 0.026409272 0.030044928 0.014891781
0.052725531 0.024275267 0.031198990 0.026276352 0.022485711 0.021689808 0.016901011 0.021078706 0.022600770 0.015496520 0.011210869 0.022289103 0.018366283 0.021720823 0.041607056 0.039562147 0.026157839 0.001998093 0.020572666 0.028495055 0.027448155 0.017301966 0.037215166 0.021845071 0.017695582 0.008644191 0.021754779 0.018153610 0.032628737 0.021483010 0.028505424 0.014278895 0.031515948 0.032757901
0.037049044 0.019450599 0.014674654 0.030929821 0.016412849 0.010996414 0.006781986 0.016403235 0.018350173 0.022382442 0.015707564 0.023679614 0.016547557 0.012144461 0.024492107 0.021960346 0.011671343 0.020572666 -0.000461077 0.020521190 0.013998505 0.012958065 0.019900084 0.011124782 0.019743837 0.018469965 0.012854217 0.010957818 0.017254664 0.016323760 0.037458703 0.019622516 0.025030535 0.016066866
0.048956573 0.031078972 0.025448665 0.027202994 0.016630042 0.017958693 0.017878579 0.025897332 0.026990538 0.020017788 0.018739345 0.022867592 0.017093338 0.017964520 0.042067248 0.036530662 0.024352089 0.028495055 0.020521190 0.005472132 0.018246345 0.018425858 0.040518284 0.017902521 0.032352831 0.019901255 0.022290247 0.016805269 0.029308265 0.026146907 0.048604298 0.017604599 0.033612870 0.034984127
0.024562122 0.024015052 0.002785464 0.035780936 0.018935520 0.008607276 0.012761563 0.021057120 0.015520993 0.028670328 0.021004345 0.032879427 0.020414673 0.015023384 0.019466557 0.010718327 0.011222466 0.027448155 0.013998505 0.018246345 -0.003336728 0.016483143 0.011735881 0.012892747 0.034869239 0.023507774 0.013220200 0.008066147 0.010400042 0.018633349 0.036122765 0.025735468 0.026839811 0.011492236
0.042208314 0.018703945 0.016887095 0.024879789 0.015177956 0.012502343 0.006068728 0.016670741 0.015709966 0.018202763 0.011760662 0.015419038 0.015690438 0.014166774 0.032022573 0.026753258 0.016720252 0.017301966 0.012958065 0.018425858 0.016483143 -0.000912062 0.026854670 0.008985404 0.020813592 0.014602637 0.010826861 0.010978496 0.021822428 0.016783610 0.033116810 0.016843121 0.019570403 0.023026746
0.022816325 0.029664436 0.010917600 0.055613242 0.028403141 0.021908179 0.022186073 0.031637497 0.023608271 0.042496998 0.031680081 0.048689589 0.029021038 0.025879936 0.018713193 0.014572943 0.016832208 0.037215166 0.019900084 0.040518284 0.011735881 0.026854670 0.003647038 0.025651453 0.035687257 0.030430861 0.022618858 0.020738250 0.013468608 0.026051380 0.046312593 0.045553565 0.037113816 0.017660182
0.040151052 0.018264586 0.012191107 0.024904447 0.013378579 0.009146549 0.001302448 0.011300023 0.011235470 0.017948613 0.011932263 0.016684335 0.011850130 0.009935788 0.029237198 0.023113312 0.013125069 0.021845071 0.011124782 0.017902521 0.012892747 0.008985404 0.025651453 -0.002033828 0.022150056 0.016840028 0.005983491 0.008537024 0.019066934 0.011952935 0.035936452 0.018539378 0.018152406 0.020617077
0.049829837 0.019801332 0.027580526 0.038411014 0.015804850 0.019332383 0.015003492 0.018845357 0.022669366 0.027067708 0.017053686 0.028466931 0.019702379 0.019392794 0.040385395 0.036446594 0.023973085 0.017695582 0.019743837 0.032352831 0.034869239 0.020813592 0.035687257 0.022150056 -0.014937876 0.015735334 0.020731661 0.020406146 0.027567882 0.021300010 0.028912716 0.023455074 0.028787244 0.029966783
0.043552902 0.026363185 0.022669306 0.017564759 0.015083505 0.017440030 0.007302267 0.013632156 0.020467829 0.009002877 0.008099034 0.009734311 0.016788166 0.015645012 0.030675294 0.033606037 0.023917302 0.008644191 0.018469965 0.019901255 0.023507774 0.014602637 0.030430861 0.016840028 0.015735334 -0.000226866 0.015746372 0.017835788 0.029919585 0.016755406 0.029129632 0.008207979 0.013952558 0.027153939
0.037630059 0.019743349 0.016078046 0.033229478 0.011824548 0.009384896 0.005102230 0.015019546 0.018045310 0.023231586 0.014608531 0.024164952 0.010304054 0.010608039 0.026999274 0.023305697 0.012118442 0.021754779 0.012854217 0.022290247 0.013220200 0.010826861 0.022618858 0.005983491 0.020731661 0.015746372 0.005006496 0.006681485 0.018447038 0.013837340 0.038011473 0.019248053 0.022601511 0.018538816
0.031898420 0.018385829 0.010558311 0.031643678 0.014662816 0.004666483 0.006031182 0.012232961 0.011142742 0.021754336 0.015493878 0.026880458 0.012876221 0.010175444 0.021290027 0.020222854 0.012961072 0.018153610 0.010957818 0.016805269 0.008066147 0.010978496 0.020738250 0.008537024 0.020406146 0.017835788 0.006681485 -0.002540614 0.013618510 0.009573773 0.030391566 0.020348653 0.020604175 0.011623556
0.022294696 0.021033145 0.010640112 0.039570574 0.024830945 0.017507318 0.018069712 0.022960935 0.017984949 0.031725898 0.027706087 0.032221582 0.021629963 0.021304738 0.020317111 0.007749476 0.014350300 0.032628737 0.017254664 0.029308265 0.010400042 0.021822428 0.013468608 0.019066934 0.027567882 0.029919585 0.018447038 0.013618510 0.008632677 0.019913170 0.038929217 0.038641278 0.026940195 0.015027110
0.040227901 0.022505734 0.018640220 0.037754375 0.013574738 0.011571302 0.009336111 0.013775165 0.016240468 0.024508461 0.016451126 0.028622877 0.015328458 0.013826598 0.026712138 0.027045570 0.017729487 0.021483010 0.016323760 0.026146907 0.018633349 0.016783610 0.026051380 0.011952935 0.021300010 0.016755406 0.013837340 0.009573773 0.019913170 0.008117810 0.042533088 0.019676670 0.021818761 0.018672859
0.068801329 0.041916661 0.047537960 0.047495592 0.042807478 0.037658289 0.034891400 0.043094184 0.045779869 0.036905497 0.031767264 0.047220655 0.035119902 0.043791912 0.052389648 0.050241545 0.038223378 0.028505424 0.037458703 0.048604298 0.036122765 0.033116810 0.046312593 0.035936452 0.028912716 0.029129632 0.038011473 0.030391566 0.038929217 0.042533088 -0.016246663 0.032649167 0.059880473 0.042146172
0.053879429 0.024639919 0.022368833 0.017964285 0.018299956 0.024964804 0.013241900 0.020721689 0.023803003 0.009456413 0.008993506 0.009085612 0.013754961 0.020619400 0.048047505 0.038105607 0.026409272 0.014278895 0.019622516 0.017604599 0.025735468 0.016843121 0.045553565 0.018539378 0.023455074 0.008207979 0.019248053 0.020348653 0.038641278 0.019676670 0.032649167 0.002832771 0.028353445 0.044300616
0.055631422 0.023817221 0.025918027 0.049511552 0.020805072 0.022547062 0.018655788 0.023596063 0.014610343 0.028976291 0.018783115 0.031820513 0.017965868 0.026795823 0.044963762 0.037322879 0.030044928 0.031515948 0.025030535 0.033612870 0.026839811 0.019570403 0.037113816 0.018152406 0.028787244 0.013952558 0.022601511 0.020604175 0.026940195 0.021818761 0.059880473 0.028353445 0.006235473 0.032465901
0.025946436 0.025477875 0.009244805 0.045679562 0.028345086 0.018698527 0.016762311 0.024737753 0.016182376 0.035177127 0.028129423 0.041493975 0.021714274 0.022530178 0.022662956 0.013350146 0.014891781 0.032757901 0.016066866 0.034984127 0.011492236 0.023026746 0.017660182 0.020617077 0.029966783 0.027153939 0.018538816 0.011623556 0.015027110 0.018672859 0.042146172 0.044300616 0.032465901 0.012701258
