0.016041594 0.046757735 0.026884960 0.072346918 0.039734758 0.036239840 0.036730133 0.046023645 0.043739386 0.058794972 0.044125289 0.063291281 0.036676504 0.046641991 0.022675686 0.028736431 0.033519603 0.055840060 0.039875664 0.044161595 0.022116290 0.039601080 0.023244239 0.037788842 0.048092596 0.043292034 0.040510014 0.029550485 0.025473932 0.041329436 0.078484342 0.035691682 0.053752594 0.026813975
0.046757735 0.016023293 0.029673476 0.043737613 0.019919356 0.016900567 0.021872455 0.023222093 0.027508542 0.033264905 0.024702858 0.028000318 0.018875360 0.028689239 0.031828854 0.033644766 0.029221758 0.032204024 0.026538461 0.032536220 0.027438663 0.022122402 0.033961173 0.020929497 0.019885164 0.028694043 0.027141130 0.021132380 0.030039793 0.025707513 0.050996821 0.023062482 0.025679013 0.031173397
0.026884960 0.029673476 -0.003153145 0.046023227 0.015641022 0.012341182 0.011155453 0.018635957 0.020452350 0.035415009 0.021115854 0.041179851 0.016433019 0.017794726 0.013624087 0.012053670 0.013873989 0.029354336 0.017093293 0.021308180 0.001122687 0.016345663 0.009954427 0.013488241 0.025276497 0.024625892 0.017226554 0.007044807 0.010801109 0.016888119 0.047583833 0.014284156 0.020768061 0.008922763
0.072346918 0.043737613 0.046023227 0.030396828 0.019395376 0.029676296 0.030159757 0.035326049 0.044631194 0.031731978 0.022200322 0.022317542 0.026275750 0.038196865 0.064066611 0.061346732 0.039543964 0.030875303 0.036373809 0.023982482 0.037576482 0.025203839 0.058022127 0.025361614 0.036754150 0.018092269 0.035376951 0.032393724 0.035815675 0.039939247 0.057694778 0.006078667 0.050950710 0.048153549
0.039734758 0.019919356 0.015641022 0.019395376 0.000773824 0.014988690 0.012905964 0.007827467 0.018066939 0.013493384 0.015361725 0.009202946 0.012176559 0.014815562 0.033887405 0.026703179 0.016507551 0.017466325 0.018923648 0.013754494 0.019701507 0.015859004 0.027587891 0.015841382 0.009058231 0.017173478 0.014106201 0.013294935 0.023172589 0.011966317 0.041470580 0.020074736 0.014356045 0.029427499
0.036239840 0.016900567 0.012341182 0.029676296 0.014988690 0.004659835 0.007074672 0.011770703 0.009244218 0.022523839 0.016462442 0.021135690 0.012260618 0.012744609 0.028145190 0.018598381 0.013635708 0.024673749 0.013687400 0.012116972 0.008562963 0.012016566 0.024550229 0.009113288 0.019259803 0.018221345 0.011870225 0.003796909 0.018381219 0.012669030 0.041645367 0.018304469 0.021700319 0.020590901
0.036730133 0.021872455 0.011155453 0.030159757 0.012905964 0.007074672 -0.004198343 0.007567499 0.014210158 0.020741805 0.002273244 0.021754945 0.009123601 0.004106540 0.025589732 0.021651674 0.012384710 0.017735319 0.009824069 0.016360620 0.012660868 0.005654673 0.022020953 0.001421497 0.013967115 0.007787727 0.007289261 0.005468637 0.016219027 0.009513980 0.037375737 0.012075621 0.016539998 0.017712252
0.046023645 0.023222093 0.018635957 0.035326049 0.007827467 0.011770703 0.007567499 0.004912883 0.016900809 0.025498701 0.013461706 0.026924912 0.011869669 0.016927388 0.031832337 0.029500362 0.018731784 0.021278571 0.017321553 0.019032346 0.017078996 0.014067251 0.030031215 0.010274105 0.015908025 0.013039104 0.015786789 0.009124205 0.023842055 0.012810082 0.045070328 0.011326678 0.020003606 0.023751950
0.043739386 0.027508542 0.020452350 0.044631194 0.018066939 0.009244218 0.014210158 0.016900809 0.008040749 0.030690722 0.019733125 0.030037528 0.015407241 0.021544952 0.030955866 0.028897094 0.020931458 0.028533591 0.022006119 0.020698363 0.015663775 0.015745105 0.027523851 0.011600830 0.023552340 0.020976361 0.021976935 0.011685381 0.023438279 0.018666545 0.053764679 0.015523501 0.015768159 0.018530173
0.058794972 0.033264905 0.035415009 0.031731978 0.013493384 0.022523839 0.020741805 0.025498701 0.030690722 0.018172000 0.013670044 0.018202918 0.018037301 0.024356924 0.052198272 0.050644293 0.031257052 0.021751784 0.027436830 0.016648278 0.029707344 0.017632175 0.047125325 0.017475422 0.027812613 0.010138060 0.026981562 0.022182006 0.030280337 0.027432840 0.048959181 0.000889741 0.032542165 0.040494859
0.044125289 0.024702858 0.021115854 0.022200322 0.015361725 0.016462442 0.002273244 0.013461706 0.019733125 0.013670044 0.000547477 0.012402845 0.011336600 0.014105349 0.038055994 0.034554690 0.020380102 0.012776759 0.017471725 0.015810475 0.020806788 0.010900106 0.032843262 0.011946261 0.015974468 0.008665580 0.016552467 0.014873965 0.026377309 0.016930934 0.034887474 0.006909328 0.017479183 0.029626651
0.063291281 0.028000318 0.041179851 0.022317542 0.009202946 0.021135690 0.021754945 0.026924912 0.030037528 0.018202918 0.012402845 0.011326665 0.014641748 0.024490003 0.055770546 0.053908840 0.032038998 0.024155200 0.027805753 0.016591722 0.032980599 0.014752518 0.048988752 0.016539069 0.025303282 0.009329017 0.025845909 0.025624309 0.028900605 0.027823735 0.052084818 0.003874335 0.028929625 0.042299993
0.036676504 0.018875360 0.016433019 0.026275750 0.012176559 0.012260618 0.009123601 0.011869669 0.015407241 0.018037301 0.011336600 0.014641748 0.002109570 0.009846711 0.034979481 0.030402392 0.015239128 0.021678753 0.014975013 0.012612540 0.020249128 0.012700408 0.028661724 0.008864312 0.018706420 0.015234369 0.011739010 0.013024783 0.015886668 0.016370481 0.038487416 0.014149001 0.018337730 0.024450628
0.046641991 0.028689239 0.017794726 0.038196865 0.014815562 0.012744609 0.004106540 0.016927388 0.021544952 0.024356924 0.014105349 0.024490003 0.009846711 0.004973683 0.035002057 0.027724035 0.014378357 0.024804890 0.016077740 0.019857947 0.015665753 0.013578021 0.027587686 0.007876092 0.020527607 0.016031154 0.014156975 0.013279757 0.018061118 0.018430203 0.055035602 0.017973833 0.028674096 0.028143551
0.022675686 0.031828854 0.013624087 0.064066611 0.033887405 0.028145190 0.025589732 0.031832337 0.030955866 0.052198272 0.038055994 0.055770546 0.034979481 0.035002057 0.004892495 0.016951218 0.022028165 0.043441899 0.027838910 0.039746948 0.017399555 0.031497154 0.019823153 0.031824879 0.042223938 0.035145216 0.029871570 0.020080203 0.021605555 0.028379763 0.057528067 0.038297437 0.045296580 0.024313312
0.028736431 0.033644766 0.012053670 0.061346732 0.026703179 0.018598381 0.021651674 0.029500362 0.028897094 0.050644293 0.034554690 0.053908840 0.030402392 0.027724035 0.016951218 0.003554197 0.019091569 0.039212301 0.026069552 0.038580000 0.008941459 0.027358267 0.012099169 0.026055627 0.036030795 0.037014078 0.026735472 0.019876409 0.010372677 0.027257152 0.054273069 0.029317034 0.036052488 0.013818040
0.033519603 0.029221758 0.013873989 0.039543964 0.016507551 0.013635708 0.012384710 0.018731784 0.020931458 0.031257052 0.020380102 0.032038998 0.015239128 0.014378357 0.022028165 0.019091569 0.004056217 0.027942456 0.015274856 0.022342704 0.010620840 0.016200533 0.016619695 0.012191111 0.023240484 0.024291918 0.014751063 0.012887246 0.013935353 0.018905362 0.044435441 0.020031905 0.027906697 0.016610339
0.055840060 0.032204024 0.029354336 0.030875303 0.017466325 0.024673749 0.017735319 0.021278571 0.028533591 0.021751784 0.012776759 0.024155200 0.021678753 0.024804890 0.043441899 0.039212301 0.027942456 0.005323596 0.025057951 0.026439024 0.025297176 0.017628061 0.038388722 0.022634473 0.018805917 0.011066411 0.024915434 0.018134326 0.036190633 0.023506165 0.036108762 0.003919004 0.031331372 0.035015181
0.039875664 0.026538461 0.017093293 0.036373809 0.018923648 0.013687400 0.009824069 0.017321553 0.022006119 0.027436830 0.017471725 0.027805753 0.014975013 0.016077740 0.027838910 0.026069552 0.015274856 0.025057951 0.008498767 0.023466248 0.016432490 0.015170017 0.023270393 0.013299888 0.020412760 0.020425878 0.018655907 0.013588998 0.020084880 0.019384686 0.045671359 0.019729566 0.025665848 0.020621903
0.044161595 0.032536220 0.021308180 0.023982482 0.013754494 0.012116972 0.016360620 0.019032346 0.020698363 0.016648278 0.015810475 0.016591722 0.012612540 0.019857947 0.039746948 0.038580000 0.022342704 0.026439024 0.023466248 -0.004761643 0.015631342 0.015914641 0.036720075 0.015263623 0.024617443 0.016899660 0.021222165 0.011753569 0.022615783 0.020812161 0.049242489 0.008545090 0.023516601 0.031329125
0.022116290 0.027438663 0.001122687 0.037576482 0.019701507 0.008562963 0.012660868 0.017078996 0.015663775 0.029707344 0.020806788 0.032980599 0.020249128 0.015665753 0.017399555 0.008941459 0.010620840 0.025297176 0.016432490 0.015631342 -0.004636981 0.015882842 0.010210449 0.014192054 0.031607047 0.024718253 0.013965092 0.005605715 0.007260903 0.016377501 0.036135700 0.021257788 0.021742482 0.010281648
0.039601080 0.022122402 0.016345663 0.025203839 0.015859004 0.012016566 0.005654673 0.014067251 0.015745105 0.017632175 0.010900106 0.014752518 0.012700408 0.013578021 0.031497154 0.027358267 0.016200533 0.017628061 0.015170017 0.015914641 0.015882842 -0.001111475 0.025927212 0.008517148 0.017272435 0.014175260 0.012509792 0.009654972 0.019444585 0.016001239 0.034138642 0.015586538 0.016597662 0.023195934
0.023244239 0.033961173 0.009954427 0.058022127 0.027587891 0.024550229 0.022020953 0.030031215 0.027523851 0.047125325 0.032843262 0.048988752 0.028661724 0.027587686 0.019823153 0.012099169 0.016619695 0.038388722 0.023270393 0.036720075 0.010210449 0.025927212 0.004238783 0.026664512 0.036262605 0.032992911 0.024624929 0.019476570 0.013658515 0.027236678 0.050683767 0.034725592 0.036680788 0.018701147
0.037788842 0.020929497 0.013488241 0.025361614 0.015841382 0.009113288 0.001421497 0.010274105 0.011600830 0.017475422 0.011946261 0.016539069 0.008864312 0.007876092 0.031824879 0.026055627 0.012191111 0.022634473 0.013299888 0.015263623 0.014192054 0.008517148 0.026664512 -0.002086140 0.021222673 0.016959829 0.007459878 0.008121638 0.015867779 0.012336712 0.037150823 0.021887742 0.017308194 0.022045087
0.048092596 0.019885164 0.025276497 0.036754150 0.009058231 0.019259803 0.013967115 0.015908025 0.023552340 0.027812613 0.015974468 0.025303282 0.018706420 0.020527607 0.042223938 0.036030795 0.023240484 0.018805917 0.020412760 0.024617443 0.031607047 0.017272435 0.036262605 0.021222673 -0.016026966 0.015653826 0.021219112 0.017967008 0.026397081 0.020745659 0.031053897 0.013497557 0.026832100 0.030133683
0.043292034 0.028694043 0.024625892 0.018092269 0.017173478 0.018221345 0.007787727 0.013039104 0.020976361 0.010138060 0.008665580 0.009329017 0.015234369 0.016031154 0.035145216 0.037014078 0.024291918 0.011066411 0.020425878 0.016899660 0.024718253 0.014175260 0.032992911 0.016959829 0.015653826 -0.000176797 0.018020876 0.017923087 0.028009687 0.018062824 0.032515954 0.009830884 0.013111643 0.029895090
0.040510014 0.027141130 0.017226554 0.035376951 0.014106201 0.011870225 0.007289261 0.015786789 0.021976935 0.026981562 0.016552467 0.025845909 0.011739010 0.014156975 0.029871570 0.026735472 0.014751063 0.024915434 0.018655907 0.021222165 0.013965092 0.012509792 0.024624929 0.007459878 0.021219112 0.018020876 0.009835828 0.007997619 0.020346669 0.016614104 0.042936407 0.016485665 0.021052398 0.022458456
0.029550485 0.021132380 0.007044807 0.032393724 0.013294935 0.003796909 0.005468637 0.009124205 0.011685381 0.022182006 0.014873965 0.025624309 0.013024783 0.013279757 0.020080203 0.019876409 0.012887246 0.018134326 0.013588998 0.011753569 0.005605715 0.009654972 0.019476570 0.008121638 0.017967008 0.017923087 0.007997619 -0.005097426 0.013719980 0.008245568 0.031938978 0.012429288 0.017773006 0.010610020
0.025473932 0.030039793 0.010801109 0.035815675 0.023172589 0.018381219 0.016219027 0.023842055 0.023438279 0.030280337 0.026377309 0.028900605 0.015886668 0.018061118 0.021605555 0.010372677 0.013935353 0.036190633 0.020084880 0.022615783 0.007260903 0.019444585 0.013658515 0.015867779 0.026397081 0.028009687 0.020346669 0.013719980 0.004287697 0.022542126 0.047109388 0.027461357 0.024739297 0.017638192
0.041329436 0.025707513 0.016888119 0.039939247 0.011966317 0.012669030 0.009513980 0.012810082 0.018666545 0.027432840 0.016930934 0.027823735 0.016370481 0.018430203 0.028379763 0.027257152 0.018905362 0.023506165 0.019384686 0.020812161 0.016377501 0.016001239 0.027236678 0.012336712 0.020745659 0.018062824 0.016614104 0.008245568 0.022542126 0.008969089 0.048284542 0.009702116 0.021026358 0.019886712
0.078484342 0.050996821 0.047583833 0.057694778 0.041470580 0.041645367 0.037375737 0.045070328 0.053764679 0.048959181 0.034887474 0.052084818 0.038487416 0.055035602 0.057528067 0.054273069 0.044435441 0.036108762 0.045671359 0.049242489 0.036135700 0.034138642 0.050683767 0.037150823 0.031053897 0.032515954 0.042936407 0.031938978 0.047109388 0.048284542 -0.006052822 0.020599449 0.062618166 0.047613047
0.035691682 0.023062482 0.014284156 0.006078667 0.020074736 0.018304469 0.012075621 0.011326678 0.015523501 0.000889741 0.006909328 0.003874335 0.014149001 0.017973833 0.038297437 0.029317034 0.020031905 0.003919004 0.019729566 0.008545090 0.021257788 0.015586538 0.034725592 0.021887742 0.013497557 0.009830884 0.016485665 0.012429288 0.027461357 0.009702116 0.020599449 0.000773295 0.011053144 0.031926371
0.053752594 0.025679013 0.020768061 0.050950710 0.014356045 0.021700319 0.016539998 0.020003606 0.015768159 0.032542165 0.017479183 0.028929625 0.018337730 0.028674096 0.045296580 0.036052488 0.027906697 0.031331372 0.025665848 0.023516601 0.021742482 0.016597662 0.036680788 0.017308194 0.026832100 0.013111643 0.021052398 0.017773006 0.024739297 0.021026358 0.062618166 0.011053144 0.005650654 0.030023687
0.026813975 0.031173397 0.008922763 0.048153549 0.029427499 0.020590901 0.017712252 0.023751950 0.018530173 0.040494859 0.029626651 0.042299993 0.024450628 0.028143551 0.024313312 0.013818040 0.016610339 0.035015181 0.020621903 0.031329125 0.010281648 0.023195934 0.018701147 0.022045087 0.030133683 0.029895090 0.022458456 0.010610020 0.017638192 0.019886712 0.047613047 0.031926371 0.030023687 0.015797514
