0.000000000 0.145374447 0.071770333 0.184873953 0.126126125 0.141592920 0.089201875 0.133928567 0.130044848 0.191666663 0.133928567 0.217741936 0.167381972 0.080568723 0.034825869 0.145374447 0.076190479 0.259541988 0.067307696 0.177966103 0.110091746 0.133928567 0.170940176 0.141592920 0.133928567 0.156521738 0.097674422 0.141592920 0.071770333 0.122171946 0.253846169 0.316901416 0.089201875 0.174468085
0.145374447 0.000000000 0.074380167 0.040590405 0.019607844 0.003861004 0.056910571 0.011673152 0.015625000 0.047619049 0.011673152 0.074733093 0.022556391 0.065573767 0.111111112 0.000000000 0.069958851 0.118644066 0.078838177 0.033457249 0.035856575 0.011673152 0.026217228 0.003861004 0.011673152 0.011406844 0.048387095 0.003861004 0.074380167 0.023622047 0.112627983 0.179810733 0.056910571 0.029850746
0.071770333 0.074380167 0.000000000 0.114624508 0.054852322 0.070539422 0.017543860 0.062761508 0.058823530 0.121568628 0.062761508 0.148288980 0.096774191 0.008849557 0.037037037 0.074380167 0.004444445 0.191335738 0.004484305 0.107569724 0.038626611 0.062761508 0.100401610 0.070539422 0.062761508 0.085714288 0.026086956 0.070539422 0.000000000 0.050847456 0.185454547 0.250836134 0.017543860 0.104000002
0.184873953 0.040590405 0.114624508 0.000000000 0.060150377 0.044444446 0.097276263 0.052238807 0.056179777 0.007042253 0.052238807 0.034246575 0.018050542 0.105882354 0.151020408 0.040590405 0.110236220 0.078431375 0.119047619 0.007142857 0.076335877 0.052238807 0.014388490 0.044444446 0.052238807 0.029197080 0.088803090 0.044444446 0.114624508 0.064150944 0.072368421 0.140243903 0.097276263 0.010752688
0.126126125 0.019607844 0.054852322 0.060150377 0.000000000 0.015748031 0.037344400 0.007936508 0.003984064 0.067164183 0.007936508 0.094202898 0.042145595 0.046025105 0.091703057 0.019607844 0.050420169 0.137931034 0.059322033 0.053030305 0.016260162 0.007936508 0.045801528 0.015748031 0.007936508 0.031007752 0.028806584 0.015748031 0.054852322 0.004016064 0.131944448 0.198717952 0.037344400 0.049429659
0.141592920 0.003861004 0.070539422 0.044444446 0.015748031 0.000000000 0.053061225 0.007812500 0.011764706 0.051470589 0.007812500 0.078571431 0.026415095 0.061728396 0.107296139 0.003861004 0.066115700 0.122448981 0.075000003 0.037313432 0.032000002 0.007812500 0.030075189 0.000000000 0.007812500 0.015267176 0.044534411 0.000000000 0.070539422 0.019762846 0.116438359 0.183544308 0.053061225 0.033707865
0.089201875 0.056910571 0.017543860 0.097276263 0.037344400 0.053061225 0.000000000 0.045267489 0.041322313 0.104247101 0.045267489 0.131086141 0.079365082 0.008695652 0.054545455 0.056910571 0.013100437 0.174377218 0.022026431 0.090196081 0.021097047 0.045267489 0.083003953 0.053061225 0.045267489 0.068273090 0.008547009 0.053061225 0.017543860 0.033333335 0.168458775 0.234323427 0.000000000 0.086614177
0.133928567 0.011673152 0.062761508 0.052238807 0.007936508 0.007812500 0.045267489 0.000000000 0.003952569 0.059259258 0.000000000 0.086330935 0.034220532 0.053941909 0.099567100 0.011673152 0.058333334 0.130136982 0.067226894 0.045112781 0.024193548 0.000000000 0.037878789 0.007812500 0.000000000 0.023076924 0.036734693 0.007812500 0.062761508 0.011952192 0.124137931 0.191082805 0.045267489 0.041509435
0.130044848 0.015625000 0.058823530 0.056179777 0.003984064 0.011764706 0.041322313 0.003952569 0.000000000 0.063197024 0.003952569 0.090252705 0.038167939 0.050000001 0.095652170 0.015625000 0.054393306 0.134020612 0.063291140 0.049056605 0.020242915 0.003952569 0.041825093 0.011764706 0.003952569 0.027027028 0.032786883 0.011764706 0.058823530 0.008000000 0.128027678 0.194888175 0.041322313 0.045454547
0.191666663 0.047619049 0.121568628 0.007042253 0.067164183 0.051470589 0.104247101 0.059259258 0.063197024 0.000000000 0.059259258 0.027210884 0.025089607 0.112840466 0.157894731 0.047619049 0.117187500 0.071428575 0.125984251 0.014184397 0.083333336 0.059259258 0.021428572 0.051470589 0.059259258 0.036231883 0.095785439 0.051470589 0.121568628 0.071161047 0.065359481 0.133333340 0.104247101 0.017793594
0.133928567 0.011673152 0.062761508 0.052238807 0.007936508 0.007812500 0.045267489 0.000000000 0.003952569 0.059259258 0.000000000 0.086330935 0.034220532 0.053941909 0.099567100 0.011673152 0.058333334 0.130136982 0.067226894 0.045112781 0.024193548 0.000000000 0.037878789 0.007812500 0.000000000 0.023076924 0.036734693 0.007812500 0.062761508 0.011952192 0.124137931 0.191082805 0.045267489 0.041509435
0.217741936 0.074733093 0.148288980 0.034246575 0.094202898 0.078571431 0.131086141 0.086330935 0.090252705 0.027210884 0.086330935 0.000000000 0.052264810 0.139622644 0.184313729 0.074733093 0.143939391 0.044303797 0.152671754 0.041379310 0.110294119 0.086330935 0.048611112 0.078571431 0.086330935 0.063380279 0.122676581 0.078571431 0.148288980 0.098181821 0.038216561 0.106508873 0.131086141 0.044982698
0.167381972 0.022556391 0.096774191 0.018050542 0.042145595 0.026415095 0.079365082 0.034220532 0.038167939 0.025089607 0.034220532 0.052264810 0.000000000 0.088000000 0.133333340 0.022556391 0.092369474 0.096345514 0.101214573 0.010909091 0.058365759 0.034220532 0.003663004 0.026415095 0.034220532 0.011152416 0.070866145 0.026415095 0.096774191 0.046153847 0.090301007 0.157894731 0.079365082 0.007299270
0.080568723 0.065573767 0.008849557 0.105882354 0.046025105 0.061728396 0.008695652 0.053941909 0.050000001 0.112840466 0.053941909 0.139622644 0.088000000 0.000000000 0.045871560 0.065573767 0.004405286 0.182795703 0.013333334 0.098814227 0.029787235 0.053941909 0.091633469 0.061728396 0.053941909 0.076923080 0.017241379 0.061728396 0.008849557 0.042016808 0.176895306 0.242524922 0.008695652 0.095238097
0.034825869 0.111111112 0.037037037 0.151020408 0.091703057 0.107296139 0.054545455 0.099567100 0.095652170 0.157894731 0.099567100 0.184313729 0.133333340 0.045871560 0.000000000 0.111111112 0.041474655 0.226765797 0.032558139 0.144032925 0.075555556 0.099567100 0.136929467 0.107296139 0.099567100 0.122362867 0.063063063 0.107296139 0.037037037 0.087719299 0.220973790 0.285223365 0.054545455 0.140495867
0.145374447 0.000000000 0.074380167 0.040590405 0.019607844 0.003861004 0.056910571 0.011673152 0.015625000 0.047619049 0.011673152 0.074733093 0.022556391 0.065573767 0.111111112 0.000000000 0.069958851 0.118644066 0.078838177 0.033457249 0.035856575 0.011673152 0.026217228 0.003861004 0.011673152 0.011406844 0.048387095 0.003861004 0.074380167 0.023622047 0.112627983 0.179810733 0.056910571 0.029850746
0.076190479 0.069958851 0.004444445 0.110236220 0.050420169 0.066115700 0.013100437 0.058333334 0.054393306 0.117187500 0.058333334 0.143939391 0.092369474 0.004405286 0.041474655 0.069958851 0.000000000 0.187050357 0.008928572 0.103174604 0.034188036 0.058333334 0.096000001 0.066115700 0.058333334 0.081300810 0.021645023 0.066115700 0.004444445 0.046413504 0.181159422 0.246666670 0.013100437 0.099601597
0.259541988 0.118644066 0.191335738 0.078431375 0.137931034 0.122448981 0.174377218 0.130136982 0.134020612 0.071428575 0.130136982 0.044303797 0.096345514 0.182795703 0.226765797 0.118644066 0.187050357 0.000000000 0.195652172 0.085526317 0.153846160 0.130136982 0.092715234 0.122448981 0.130136982 0.107382551 0.166077733 0.122448981 0.191335738 0.141868517 0.006097561 0.062500000 0.174377218 0.089108914
0.067307696 0.078838177 0.004484305 0.119047619 0.059322033 0.075000003 0.022026431 0.067226894 0.063291140 0.125984251 0.067226894 0.152671754 0.101214573 0.013333334 0.032558139 0.078838177 0.008928572 0.195652172 0.000000000 0.112000003 0.043103449 0.067226894 0.104838707 0.075000003 0.067226894 0.090163931 0.030567685 0.075000003 0.004484305 0.055319149 0.189781025 0.255033553 0.022026431 0.108433738
0.177966103 0.033457249 0.107569724 0.007142857 0.053030305 0.037313432 0.090196081 0.045112781 0.049056605 0.014184397 0.045112781 0.041379310 0.010909091 0.098814227 0.144032925 0.033457249 0.103174604 0.085526317 0.112000003 0.000000000 0.069230773 0.045112781 0.007246377 0.037313432 0.045112781 0.022058824 0.081712060 0.037313432 0.107569724 0.057034221 0.079470202 0.147239268 0.090196081 0.003610108
0.110091746 0.035856575 0.038626611 0.076335877 0.016260162 0.032000002 0.021097047 0.024193548 0.020242915 0.083333336 0.024193548 0.110294119 0.058365759 0.029787235 0.075555556 0.035856575 0.034188036 0.153846160 0.043103449 0.069230773 0.000000000 0.024193548 0.062015504 0.032000002 0.024193548 0.047244094 0.012552301 0.032000002 0.038626611 0.012244898 0.147887319 0.214285716 0.021097047 0.065637067
0.133928567 0.011673152 0.062761508 0.052238807 0.007936508 0.007812500 0.045267489 0.000000000 0.003952569 0.059259258 0.000000000 0.086330935 0.034220532 0.053941909 0.099567100 0.011673152 0.058333334 0.130136982 0.067226894 0.045112781 0.024193548 0.000000000 0.037878789 0.007812500 0.000000000 0.023076924 0.036734693 0.007812500 0.062761508 0.011952192 0.124137931 0.191082805 0.045267489 0.041509435
0.170940176 0.026217228 0.100401610 0.014388490 0.045801528 0.030075189 0.083003953 0.037878789 0.041825093 0.021428572 0.037878789 0.048611112 0.003663004 0.091633469 0.136929467 0.026217228 0.096000001 0.092715234 0.104838707 0.007246377 0.062015504 0.037878789 0.000000000 0.030075189 0.037878789 0.014814815 0.074509807 0.030075189 0.100401610 0.049808428 0.086666666 0.154320985 0.083003953 0.003636364
0.141592920 0.003861004 0.070539422 0.044444446 0.015748031 0.000000000 0.053061225 0.007812500 0.011764706 0.051470589 0.007812500 0.078571431 0.026415095 0.061728396 0.107296139 0.003861004 0.066115700 0.122448981 0.075000003 0.037313432 0.032000002 0.007812500 0.030075189 0.000000000 0.007812500 0.015267176 0.044534411 0.000000000 0.070539422 0.019762846 0.116438359 0.183544308 0.053061225 0.033707865
0.133928567 0.011673152 0.062761508 0.052238807 0.007936508 0.007812500 0.045267489 0.000000000 0.003952569 0.059259258 0.000000000 0.086330935 0.034220532 0.053941909 0.099567100 0.011673152 0.058333334 0.130136982 0.067226894 0.045112781 0.024193548 0.000000000 0.037878789 0.007812500 0.000000000 0.023076924 0.036734693 0.007812500 0.062761508 0.011952192 0.124137931 0.191082805 0.045267489 0.041509435
0.156521738 0.011406844 0.085714288 0.029197080 0.031007752 0.015267176 0.068273090 0.023076924 0.027027028 0.036231883 0.023076924 0.063380279 0.011152416 0.076923080 0.122362867 0.011406844 0.081300810 0.107382551 0.090163931 0.022058824 0.047244094 0.023076924 0.014814815 0.015267176 0.023076924 0.000000000 0.059760958 0.015267176 0.085714288 0.035019454 0.101351351 0.168750003 0.068273090 0.018450184
0.097674422 0.048387095 0.026086956 0.088803090 0.028806584 0.044534411 0.008547009 0.036734693 0.032786883 0.095785439 0.036734693 0.122676581 0.070866145 0.017241379 0.063063063 0.048387095 0.021645023 0.166077733 0.030567685 0.081712060 0.012552301 0.036734693 0.074509807 0.044534411 0.036734693 0.059760958 0.000000000 0.044534411 0.026086956 0.024793388 0.160142347 0.226229504 0.008547009 0.078125000
0.141592920 0.003861004 0.070539422 0.044444446 0.015748031 0.000000000 0.053061225 0.007812500 0.011764706 0.051470589 0.007812500 0.078571431 0.026415095 0.061728396 0.107296139 0.003861004 0.066115700 0.122448981 0.075000003 0.037313432 0.032000002 0.007812500 0.030075189 0.000000000 0.007812500 0.015267176 0.044534411 0.000000000 0.070539422 0.019762846 0.116438359 0.183544308 0.053061225 0.033707865
0.071770333 0.074380167 0.000000000 0.114624508 0.054852322 0.070539422 0.017543860 0.062761508 0.058823530 0.121568628 0.062761508 0.148288980 0.096774191 0.008849557 0.037037037 0.074380167 0.004444445 0.191335738 0.004484305 0.107569724 0.038626611 0.062761508 0.100401610 0.070539422 0.062761508 0.085714288 0.026086956 0.070539422 0.000000000 0.050847456 0.185454547 0.250836134 0.017543860 0.104000002
0.122171946 0.023622047 0.050847456 0.064150944 0.004016064 0.019762846 0.033333335 0.011952192 0.008000000 0.071161047 0.011952192 0.098181821 0.046153847 0.042016808 0.087719299 0.023622047 0.046413504 0.141868517 0.055319149 0.057034221 0.012244898 0.011952192 0.049808428 0.019762846 0.011952192 0.035019454 0.024793388 0.019762846 0.050847456 0.000000000 0.135888502 0.202572346 0.033333335 0.053435113
0.253846169 0.112627983 0.185454547 0.072368421 0.131944448 0.116438359 0.168458775 0.124137931 0.128027678 0.065359481 0.124137931 0.038216561 0.090301007 0.176895306 0.220973790 0.112627983 0.181159422 0.006097561 0.189781025 0.079470202 0.147887319 0.124137931 0.086666666 0.116438359 0.124137931 0.101351351 0.160142347 0.116438359 0.185454547 0.135888502 0.000000000 0.068571426 0.168458775 0.083056480
0.316901416 0.179810733 0.250836134 0.140243903 0.198717952 0.183544308 0.234323427 0.191082805 0.194888175 0.133333340 0.191082805 0.106508873 0.157894731 0.242524922 0.285223365 0.179810733 0.246666670 0.062500000 0.255033553 0.147239268 0.214285716 0.191082805 0.154320985 0.183544308 0.191082805 0.168750003 0.226229504 0.183544308 0.250836134 0.202572346 0.068571426 0.000000000 0.234323427 0.150769234
0.089201875 0.056910571 0.017543860 0.097276263 0.037344400 0.053061225 0.000000000 0.045267489 0.041322313 0.104247101 0.045267489 0.131086141 0.079365082 0.008695652 0.054545455 0.056910571 0.013100437 0.174377218 0.022026431 0.090196081 0.021097047 0.045267489 0.083003953 0.053061225 0.045267489 0.068273090 0.008547009 0.053061225 0.017543860 0.033333335 0.168458775 0.234323427 0.000000000 0.086614177
0.174468085 0.029850746 0.104000002 0.010752688 0.049429659 0.033707865 0.086614177 0.041509435 0.045454547 0.017793594 0.041509435 0.044982698 0.007299270 0.095238097 0.140495867 0.029850746 0.099601597 0.089108914 0.108433738 0.003610108 0.065637067 0.041509435 0.003636364 0.033707865 0.041509435 0.018450184 0.078125000 0.033707865 0.104000002 0.053435113 0.083056480 0.150769234 0.086614177 0.000000000
