0.026349159 0.049629141 0.032395139 0.068793423 0.040517058 0.041154493 0.040512364 0.053060062 0.043656573 0.057547279 0.048619714 0.070993051 0.036585730 0.047275513 0.033503287 0.035063103 0.035418190 0.058965713 0.042048905 0.061307158 0.026843280 0.044536348 0.027298041 0.035244670 0.052778557 0.043766163 0.043386497 0.033117048 0.030222010 0.046083406 0.080881864 0.046077151 0.070230678 0.030190732
0.049629141 0.015001301 0.027923873 0.037822366 0.013262524 0.017311286 0.022473443 0.023129163 0.026281364 0.030511294 0.022848565 0.029796600 0.020764526 0.023130171 0.034160562 0.027570726 0.024940804 0.022950277 0.021202264 0.043926254 0.029152343 0.020960391 0.028980630 0.023247946 0.021904774 0.027126677 0.022735802 0.021916401 0.029236291 0.024827167 0.046414755 0.024487220 0.031432088 0.026775099
0.032395139 0.027923873 -0.001843829 0.041235752 0.015133634 0.013549362 0.011775356 0.020116698 0.016766476 0.031978697 0.021718070 0.043878399 0.015463317 0.016989496 0.017617982 0.012687455 0.013386755 0.028155411 0.015596404 0.029457837 0.002783385 0.017817415 0.009796976 0.011216142 0.025710825 0.022999749 0.016545881 0.007621318 0.011431878 0.017257685 0.045241371 0.019112550 0.027468814 0.009100173
0.068793423 0.037822366 0.041235752 0.013017046 0.015986111 0.025029482 0.030222237 0.032836188 0.035920598 0.021780955 0.020010907 0.023027550 0.024515107 0.033020012 0.062719062 0.054922558 0.035667725 0.018820742 0.031050429 0.019459255 0.036185332 0.023685569 0.049540065 0.025765816 0.033232868 0.016364126 0.032508053 0.029233154 0.036982991 0.034063701 0.040222757 0.008067300 0.046529453 0.038525470
0.040517058 0.013262524 0.015133634 0.015986111 0.000223352 0.014157422 0.012640299 0.007260396 0.013425500 0.010848751 0.015301732 0.006952733 0.013043883 0.015843606 0.035089839 0.026848208 0.015943117 0.014295010 0.016199106 0.013357153 0.021605697 0.015451854 0.027783474 0.015610140 0.007207554 0.015561635 0.011229783 0.013258742 0.021408167 0.010916624 0.035855897 0.021364693 0.017462164 0.028186787
0.041154493 0.017311286 0.013549362 0.025029482 0.014157422 0.006900997 0.008572186 0.013732802 0.008556448 0.020534551 0.016672622 0.021749789 0.014380840 0.012213536 0.030410856 0.017580379 0.013548754 0.021956475 0.012325768 0.018308047 0.009675376 0.012703809 0.022712452 0.010432525 0.020177118 0.017577976 0.011859553 0.004927318 0.020015238 0.013291343 0.040551275 0.022231288 0.024486393 0.020588165
0.040512364 0.022473443 0.011775356 0.030222237 0.012640299 0.008572186 -0.004466894 0.008468576 0.012727514 0.020561868 0.002131593 0.022686305 0.009966808 0.004326655 0.025343500 0.019785296 0.012467554 0.017247943 0.008524013 0.019361319 0.013952021 0.006002412 0.020219875 0.000798167 0.012559463 0.006614955 0.007254899 0.006368251 0.015427670 0.009173149 0.037315916 0.012183543 0.017677682 0.017903376
0.053060062 0.023129163 0.020116698 0.032836188 0.007260396 0.013732802 0.008468576 0.007162544 0.014473567 0.023430597 0.015194459 0.030397877 0.011259103 0.015005407 0.036066946 0.031160235 0.018314926 0.021082437 0.017059907 0.027820177 0.019748149 0.016549839 0.030552167 0.008753161 0.017472947 0.012130002 0.015036496 0.010890935 0.024051763 0.013736955 0.043522879 0.014162049 0.028232943 0.024186105
0.043656573 0.026281364 0.016766476 0.035920598 0.013425500 0.008556448 0.012727514 0.014473567 0.005613688 0.026559101 0.017067822 0.032268398 0.014043534 0.014211234 0.028551061 0.023080710 0.015506706 0.019125514 0.017192256 0.032167878 0.014783371 0.014603144 0.021749526 0.011116690 0.021260396 0.018093115 0.016772538 0.010610385 0.021596029 0.015484736 0.044615123 0.015156901 0.018422510 0.012355648
0.057547279 0.030511294 0.031978697 0.021780955 0.010848751 0.020534551 0.020561868 0.023430597 0.026559101 0.011220539 0.012941570 0.020144099 0.018432803 0.022014389 0.048544757 0.044479154 0.029103242 0.013134159 0.023808867 0.019719072 0.028867356 0.018546563 0.040267445 0.016795415 0.026021184 0.009311027 0.024553487 0.021239799 0.031195320 0.024737492 0.036255457 0.003291932 0.035264172 0.032803200
0.048619714 0.022848565 0.021718070 0.020010907 0.015301732 0.016672622 0.002131593 0.015194459 0.017067822 0.012941570 0.000549029 0.012883357 0.011547750 0.013919036 0.038985647 0.033065435 0.020434100 0.011829018 0.016065711 0.017416999 0.023289355 0.010789384 0.032860640 0.011800970 0.016578255 0.007046631 0.015510682 0.015529706 0.025928749 0.017025653 0.033116963 0.007705040 0.021357764 0.029460929
0.070993051 0.029796600 0.043878399 0.023027550 0.006952733 0.021749789 0.022686305 0.030397877 0.032268398 0.020144099 0.012883357 0.016370595 0.016420558 0.024038102 0.063559204 0.051849537 0.032334864 0.020919273 0.024723500 0.020919584 0.037261389 0.015991485 0.047902849 0.017837126 0.028887631 0.009722977 0.026063150 0.029176436 0.030400090 0.030398421 0.049436904 0.007504075 0.036169138 0.041268982
0.036585730 0.020764526 0.015463317 0.024515107 0.013043883 0.014380840 0.009966808 0.011259103 0.014043534 0.018432803 0.011547750 0.016420558 0.001480415 0.010769635 0.029068004 0.026913099 0.018738523 0.017736364 0.017488759 0.018377140 0.022282895 0.015064024 0.026169151 0.011543619 0.015839415 0.016039586 0.012551139 0.012794528 0.017582465 0.014147657 0.036473393 0.014583187 0.017054953 0.022511223
0.047275513 0.023130171 0.016989496 0.033020012 0.015843606 0.012213536 0.004326655 0.015005407 0.014211234 0.022014389 0.013919036 0.024038102 0.010769635 0.006460055 0.035384085 0.025881177 0.014312031 0.023286162 0.014472939 0.020266434 0.016826803 0.014229687 0.025613122 0.007573641 0.017489230 0.014827820 0.013291840 0.011128207 0.016726442 0.014951751 0.048055105 0.019950096 0.027981646 0.025935428
0.033503287 0.034160562 0.017617982 0.062719062 0.035089839 0.030410856 0.025343500 0.036066946 0.028551061 0.048544757 0.038985647 0.063559204 0.029068004 0.035384085 0.012034220 0.025122173 0.023017343 0.048188761 0.029847795 0.055624101 0.018688032 0.035721861 0.021648820 0.023854405 0.042103425 0.032015800 0.030770916 0.021601155 0.024079822 0.030751718 0.062309153 0.044852231 0.062342964 0.027693622
0.035063103 0.027570726 0.012687455 0.054922558 0.026848208 0.017580379 0.019785296 0.031160235 0.023080710 0.044479154 0.033065435 0.051849537 0.026913099 0.025881177 0.025122173 0.004171858 0.017542789 0.040268987 0.023111366 0.037506662 0.010704439 0.026836744 0.013583673 0.019043902 0.034778416 0.032844495 0.024068529 0.018656619 0.009513224 0.027001051 0.050944485 0.032510277 0.042786226 0.012652189
0.035418190 0.024940804 0.013386755 0.035667725 0.015943117 0.013548754 0.012467554 0.018314926 0.015506706 0.029103242 0.020434100 0.032334864 0.018738523 0.014312031 0.023017343 0.017542789 0.000748190 0.026120713 0.012688061 0.025945902 0.012249624 0.016489716 0.016436394 0.012128079 0.022240955 0.022876870 0.013122707 0.012801198 0.012983878 0.017607637 0.039396856 0.022835437 0.032106780 0.015552706
0.058965713 0.022950277 0.028155411 0.018820742 0.014295010 0.021956475 0.017247943 0.021082437 0.019125514 0.013134159 0.011829018 0.020919273 0.017736364 0.023286162 0.048188761 0.040268987 0.026120713 0.001175107 0.020588778 0.028287452 0.024336834 0.017130535 0.038186632 0.019540949 0.017288797 0.007993131 0.021955051 0.015648002 0.035438225 0.021703467 0.027555190 0.007988896 0.035829842 0.032019973
0.042048905 0.021202264 0.015596404 0.031050429 0.016199106 0.012325768 0.008524013 0.017059907 0.017192256 0.023808867 0.016065711 0.024723500 0.017488759 0.014472939 0.029847795 0.023111366 0.012688061 0.020588778 -0.000051266 0.022332985 0.016903374 0.013783935 0.020487217 0.012621578 0.019898120 0.018276485 0.013878878 0.012043092 0.017957553 0.017681768 0.040282909 0.020637937 0.027166750 0.018069457
0.061307158 0.043926254 0.029457837 0.019459255 0.013357153 0.018308047 0.019361319 0.027820177 0.032167878 0.019719072 0.017416999 0.020919584 0.018377140 0.020266434 0.055624101 0.037506662 0.025945902 0.028287452 0.022332985 -0.001377200 0.022033786 0.016982514 0.039223950 0.018710271 0.034048166 0.019882847 0.027023865 0.019169416 0.025771523 0.031011827 0.054347798 0.013425696 0.034920763 0.037756283
0.026843280 0.029152343 0.002783385 0.036185332 0.021605697 0.009675376 0.013952021 0.019748149 0.014783371 0.028867356 0.023289355 0.037261389 0.022282895 0.016826803 0.018688032 0.010704439 0.012249624 0.024336834 0.016903374 0.022033786 -0.005231252 0.018542189 0.009851692 0.013646391 0.031868987 0.025248431 0.015638450 0.006703023 0.010170734 0.016944276 0.034196701 0.025144551 0.025732547 0.010619629
0.044536348 0.020960391 0.017817415 0.023685569 0.015451854 0.012703809 0.006002412 0.016549839 0.014603144 0.018546563 0.010789384 0.015991485 0.015064024 0.014229687 0.035721861 0.026836744 0.016489716 0.017130535 0.013783935 0.016982514 0.018542189 -0.000923463 0.026509991 0.008543244 0.019779816 0.013022147 0.011978436 0.011415765 0.018707313 0.017254420 0.034231115 0.015843481 0.019212695 0.023748998
0.027298041 0.028980630 0.009796976 0.049540065 0.027783474 0.022712452 0.020219875 0.030552167 0.021749526 0.040267445 0.032860640 0.047902849 0.026169151 0.025613122 0.021648820 0.013583673 0.016436394 0.038186632 0.020487217 0.039223950 0.009851692 0.026509991 0.005009681 0.020060210 0.033756010 0.029518547 0.022717420 0.018258806 0.012465687 0.025806982 0.045980994 0.036973558 0.043994285 0.017495092
0.035244670 0.023247946 0.011216142 0.025765816 0.015610140 0.010432525 0.000798167 0.008753161 0.011116690 0.016795415 0.011800970 0.017837126 0.011543619 0.007573641 0.023854405 0.019043902 0.012128079 0.019540949 0.012621578 0.018710271 0.013646391 0.008543244 0.020060210 -0.001991588 0.017655730 0.016200857 0.007594603 0.007483244 0.015871191 0.009669886 0.033868108 0.018555474 0.014719109 0.018945936
0.052778557 0.021904774 0.025710825 0.033232868 0.007207554 0.020177118 0.012559463 0.017472947 0.021260396 0.026021184 0.016578255 0.028887631 0.015839415 0.017489230 0.042103425 0.034778416 0.022240955 0.017288797 0.019898120 0.034048166 0.031868987 0.019779816 0.033756010 0.017655730 -0.014103796 0.012902640 0.019887757 0.018194601 0.025942609 0.020352436 0.030583924 0.014644186 0.032460086 0.029622775
0.043766163 0.027126677 0.022999749 0.016364126 0.015561635 0.017577976 0.006614955 0.012130002 0.018093115 0.009311027 0.007046631 0.009722977 0.016039586 0.014827820 0.032015800 0.032844495 0.022876870 0.007993131 0.018276485 0.019882847 0.025248431 0.013022147 0.029518547 0.016200857 0.012902640 -0.000403283 0.016178850 0.017325513 0.025604259 0.015724655 0.029485483 0.007303090 0.014380097 0.027720280
0.043386497 0.022735802 0.016545881 0.032508053 0.011229783 0.011859553 0.007254899 0.015036496 0.016772538 0.024553487 0.015510682 0.026063150 0.012551139 0.013291840 0.030770916 0.024068529 0.013122707 0.021955051 0.013878878 0.027023865 0.015638450 0.011978436 0.022717420 0.007594603 0.019887757 0.016178850 0.008271750 0.007621223 0.019438742 0.014407363 0.041075654 0.019229617 0.023796238 0.020726847
0.033117048 0.021916401 0.007621318 0.029233154 0.013258742 0.004927318 0.006368251 0.010890935 0.010610385 0.021239799 0.015529706 0.029176436 0.012794528 0.011128207 0.021601155 0.018656619 0.012801198 0.015648002 0.012043092 0.019169416 0.006703023 0.011415765 0.018258806 0.007483244 0.018194601 0.017325513 0.007621223 -0.003579699 0.016048726 0.008880230 0.028917216 0.015150007 0.023595823 0.009163333
0.030222010 0.029236291 0.011431878 0.036982991 0.021408167 0.020015238 0.015427670 0.024051763 0.021596029 0.031195320 0.025928749 0.030400090 0.017582465 0.016726442 0.024079822 0.009513224 0.012983878 0.035438225 0.017957553 0.025771523 0.010170734 0.018707313 0.012465687 0.015871191 0.025942609 0.025604259 0.019438742 0.016048726 -0.000392120 0.023148648 0.045777071 0.026479542 0.028084770 0.017294856
0.046083406 0.024827167 0.017257685 0.034063701 0.010916624 0.013291343 0.009173149 0.013736955 0.015484736 0.024737492 0.017025653 0.030398421 0.014147657 0.014951751 0.030751718 0.027001051 0.017607637 0.021703467 0.017681768 0.031011827 0.016944276 0.017254420 0.025806982 0.009669886 0.020352436 0.015724655 0.014407363 0.008880230 0.023148648 0.008546598 0.043818474 0.012735319 0.028809670 0.018580798
0.080881864 0.046414755 0.045241371 0.040222757 0.035855897 0.040551275 0.037315916 0.043522879 0.044615123 0.036255457 0.033116963 0.049436904 0.036473393 0.048055105 0.062309153 0.050944485 0.039396856 0.027555190 0.040282909 0.054347798 0.034196701 0.034231115 0.045980994 0.033868108 0.030583924 0.029485483 0.041075654 0.028917216 0.045777071 0.043818474 -0.014302964 0.023986571 0.066407770 0.043243244
0.046077151 0.024487220 0.019112550 0.008067300 0.021364693 0.022231288 0.012183543 0.014162049 0.015156901 0.003291932 0.007705040 0.007504075 0.014583187 0.019950096 0.044852231 0.032510277 0.022835437 0.007988896 0.020637937 0.013425696 0.025144551 0.015843481 0.036973558 0.018555474 0.014644186 0.007303090 0.019229617 0.015150007 0.026479542 0.012735319 0.023986571 0.001490288 0.017550467 0.037873998
0.070230678 0.031432088 0.027468814 0.046529453 0.017462164 0.024486393 0.017677682 0.028232943 0.018422510 0.035264172 0.021357764 0.036169138 0.017054953 0.027981646 0.062342964 0.042786226 0.032106780 0.035829842 0.027166750 0.034920763 0.025732547 0.019212695 0.043994285 0.014719109 0.032460086 0.014380097 0.023796238 0.023595823 0.028084770 0.028809670 0.066407770 0.017550467 0.022457026 0.034704465
0.030190732 0.026775099 0.009100173 0.038525470 0.028186787 0.020588165 0.017903376 0.024186105 0.012355648 0.032803200 0.029460929 0.041268982 0.022511223 0.025935428 0.027693622 0.012652189 0.015552706 0.032019973 0.018069457 0.037756283 0.010619629 0.023748998 0.017495092 0.018945936 0.029622775 0.027720280 0.020726847 0.009163333 0.017294856 0.018580798 0.043243244 0.037873998 0.034704465 0.014595874
