0.012998466 0.041618381 0.028278498 0.063808009 0.042921804 0.036335707 0.040068846 0.046808615 0.042025879 0.052933842 0.046524789 0.064209759 0.040258981 0.044731170 0.022844255 0.027860772 0.034379147 0.053869937 0.039240621 0.054918081 0.023310062 0.042795513 0.023890793 0.040480819 0.049811248 0.043952543 0.039728276 0.030746425 0.023598123 0.041189928 0.065344013 0.054909147 0.058330745 0.029155428
0.041618381 0.007885203 0.025074741 0.035801217 0.018796846 0.014207992 0.016935186 0.019980665 0.021257872 0.026891828 0.022031359 0.026069693 0.017902926 0.019768303 0.030157464 0.028013248 0.024358906 0.026913930 0.021369088 0.035771027 0.026559420 0.018352106 0.031636693 0.018394994 0.019570293 0.025005432 0.020921346 0.019974563 0.022157835 0.021045934 0.042408481 0.027276583 0.026692204 0.028386435
0.028278498 0.025074741 -0.001148455 0.041155189 0.017119460 0.012761993 0.012573959 0.020442177 0.017899889 0.031595942 0.022686547 0.041769929 0.018661257 0.017540421 0.014947396 0.012618658 0.015028359 0.028573303 0.015578855 0.027538739 0.003957042 0.018011762 0.011544800 0.014323937 0.026464731 0.024313699 0.016687086 0.008145480 0.010820833 0.017173957 0.040173993 0.027608760 0.024645982 0.010342766
0.063808009 0.035801217 0.041155189 0.018671315 0.021831356 0.026829720 0.028321613 0.033426888 0.037796058 0.023624320 0.020034213 0.024203187 0.024296803 0.032118808 0.056206785 0.053094085 0.036801919 0.024332698 0.031427406 0.023390042 0.036702879 0.023458879 0.052956793 0.024529247 0.032816097 0.016203467 0.031578235 0.030538119 0.037888173 0.033594836 0.037781492 0.016053824 0.049289443 0.043450810
0.042921804 0.018796846 0.017119460 0.021831356 -0.001300226 0.016243126 0.011770193 0.012131764 0.015610634 0.015937818 0.015429177 0.014681839 0.012100480 0.015361704 0.035022758 0.026233573 0.016832588 0.019943288 0.017060384 0.016065521 0.020625170 0.015252583 0.028152021 0.014143538 0.014346428 0.015048552 0.012811272 0.015167515 0.024406876 0.013674852 0.042038318 0.019993680 0.021148715 0.028871927
0.036335707 0.014207992 0.012761993 0.026829720 0.016243126 0.005353179 0.006745919 0.012348143 0.007021198 0.020488799 0.016552467 0.022798993 0.013877914 0.010712224 0.026610766 0.018046904 0.013623018 0.022977483 0.012351449 0.018598346 0.009303008 0.012466785 0.023383828 0.009330729 0.019207075 0.017226007 0.010954082 0.004850416 0.018229913 0.011499911 0.036845766 0.027151342 0.023608683 0.021028973
0.040068846 0.016935186 0.012573959 0.028321613 0.011770193 0.006745919 -0.004379604 0.008952699 0.010501605 0.019784246 0.002230770 0.021424018 0.011304975 0.004961484 0.026647339 0.021574695 0.012635203 0.016744895 0.006894063 0.016473535 0.014265335 0.005571757 0.022386059 0.001281147 0.013805152 0.006606903 0.005265925 0.006466014 0.017406709 0.008929673 0.035126582 0.013293058 0.019391395 0.016908910
0.046808615 0.019980665 0.020442177 0.033426888 0.012131764 0.012348143 0.008952699 0.005764473 0.017066818 0.023114366 0.014339898 0.029729357 0.012005465 0.015254457 0.033431545 0.031112030 0.019340288 0.020180391 0.016751550 0.026453236 0.020367879 0.015786089 0.030931134 0.010267295 0.016993638 0.012624345 0.015585305 0.010299779 0.022649679 0.012793154 0.039198227 0.020683797 0.024700075 0.025453292
0.042025879 0.021257872 0.017899889 0.037796058 0.015610634 0.007021198 0.010501605 0.017066818 0.003097758 0.026576851 0.017857002 0.031486794 0.014037709 0.013980502 0.031416133 0.026081812 0.017266627 0.025983484 0.017537624 0.025459446 0.015723497 0.012413229 0.027013883 0.008484352 0.024828006 0.018082811 0.016916133 0.012441043 0.016079361 0.016474800 0.044679262 0.022046162 0.020542897 0.017415999
0.052933842 0.026891828 0.031595942 0.023624320 0.015937818 0.020488799 0.019784246 0.023114366 0.026576851 0.010443244 0.012430718 0.018722489 0.018480329 0.021925494 0.045250565 0.043288641 0.029634213 0.016310520 0.024025969 0.019589595 0.029000953 0.017841527 0.042248636 0.018727049 0.024933074 0.009089535 0.023525082 0.021096524 0.032201961 0.023378268 0.032997828 0.010432958 0.031544983 0.035847113
0.046524789 0.022031359 0.022686547 0.020034213 0.015429177 0.016552467 0.002230770 0.014339898 0.017857002 0.012430718 0.000400980 0.013188453 0.011422306 0.013528744 0.036406007 0.032665238 0.020510759 0.010742078 0.015285961 0.018392269 0.022192938 0.011561474 0.030641135 0.012375208 0.015440403 0.007460082 0.015109819 0.015441982 0.027313672 0.015981704 0.031050514 0.009077961 0.019241843 0.028413724
0.064209759 0.026069693 0.041769929 0.024203187 0.014681839 0.022798993 0.021424018 0.029729357 0.031486794 0.018722489 0.013188453 0.017159753 0.017019736 0.024967924 0.055159256 0.049502537 0.033472758 0.024376927 0.026541753 0.024190031 0.036465991 0.015638752 0.050225250 0.017586835 0.027282735 0.010137904 0.025910724 0.028769324 0.033856500 0.028057450 0.045192704 0.012148117 0.036193870 0.043813393
0.040258981 0.017902926 0.018661257 0.024296803 0.012100480 0.013877914 0.011304975 0.012005465 0.014037709 0.018480329 0.011422306 0.017019736 0.001640367 0.011300819 0.032399021 0.028662555 0.018509284 0.017599137 0.015267475 0.016971759 0.022910468 0.015696980 0.026580216 0.012343809 0.017269006 0.016035777 0.011452213 0.013364270 0.020271879 0.014352849 0.036653642 0.015438070 0.018495813 0.022050565
0.044731170 0.019768303 0.017540421 0.032118808 0.015361704 0.010712224 0.004961484 0.015254457 0.013980502 0.021925494 0.013528744 0.024967924 0.011300819 0.007688754 0.033140369 0.024977347 0.014696663 0.020564564 0.012534332 0.019379647 0.016902065 0.014196152 0.025679689 0.010260343 0.018728890 0.015135023 0.011612254 0.010978956 0.020756708 0.014724483 0.044160224 0.022077981 0.028860349 0.023377106
0.022844255 0.030157464 0.014947396 0.056206785 0.035022758 0.026610766 0.026647339 0.033431545 0.031416133 0.045250565 0.036406007 0.055159256 0.032399021 0.033140369 0.003722721 0.017829819 0.022096127 0.042213552 0.025730189 0.044882178 0.017760132 0.032434240 0.019399609 0.030026801 0.040186878 0.031636309 0.029286530 0.018972194 0.020703265 0.028601032 0.049702793 0.051686224 0.047952883 0.024943516
0.027860772 0.028013248 0.012618658 0.053094085 0.026233573 0.018046904 0.021574695 0.031112030 0.026081812 0.043288641 0.032665238 0.049502537 0.028662555 0.024977347 0.017829819 0.003224611 0.018602572 0.038245648 0.023572290 0.035787512 0.009448440 0.026765574 0.012805228 0.023260636 0.034589268 0.033630855 0.024424605 0.018584367 0.008366929 0.026568297 0.047513902 0.038658049 0.037039600 0.014112180
0.034379147 0.024358906 0.015028359 0.036801919 0.016832588 0.013623018 0.012635203 0.019340288 0.017266627 0.029634213 0.020510759 0.033472758 0.018509284 0.014696663 0.022096127 0.018602572 0.003179003 0.026136283 0.012668094 0.025869496 0.012824086 0.016671678 0.016518692 0.013053037 0.023202194 0.023213480 0.013227228 0.013697137 0.014385246 0.018142805 0.038554225 0.026579015 0.031780273 0.015922479
0.053869937 0.026913930 0.028573303 0.024332698 0.019943288 0.022977483 0.016744895 0.020180391 0.025983484 0.016310520 0.010742078 0.024376927 0.017599137 0.020564564 0.042213552 0.038245648 0.026136283 0.001646563 0.021112800 0.031479217 0.026216689 0.016971566 0.036474653 0.021449683 0.017203821 0.007605652 0.021944970 0.017656736 0.032041367 0.021733660 0.024208477 0.012420735 0.034783415 0.033372559
0.039240621 0.021369088 0.015578855 0.031427406 0.017060384 0.012351449 0.006894063 0.016751550 0.017537624 0.024025969 0.015285961 0.026541753 0.015267475 0.012534332 0.025730189 0.023572290 0.012668094 0.021112800 0.003739385 0.022154767 0.015606149 0.012979507 0.020916529 0.011340138 0.019271621 0.018085036 0.014560523 0.012275789 0.017824935 0.016685996 0.038270704 0.019861830 0.026482526 0.017349731
0.054918081 0.035771027 0.027538739 0.023390042 0.016065521 0.018598346 0.016473535 0.026453236 0.025459446 0.019589595 0.018392269 0.024190031 0.016971759 0.019379647 0.044882178 0.035787512 0.025869496 0.031479217 0.022154767 0.002132754 0.020827206 0.017316319 0.042081315 0.016344324 0.030957408 0.019389397 0.022997921 0.018748695 0.029242279 0.026838325 0.048209332 0.016259950 0.039310329 0.037262134
0.023310062 0.026559420 0.003957042 0.036702879 0.020625170 0.009303008 0.014265335 0.020367879 0.015723497 0.029000953 0.022192938 0.036465991 0.022910468 0.016902065 0.017760132 0.009448440 0.012824086 0.026216689 0.015606149 0.020827206 -0.003483115 0.017896593 0.011050629 0.015487995 0.032440551 0.024687070 0.014175924 0.007365927 0.011406392 0.017012747 0.034329779 0.029153315 0.026517913 0.011708688
0.042795513 0.018352106 0.018011762 0.023458879 0.015252583 0.012466785 0.005571757 0.015786089 0.012413229 0.017841527 0.011561474 0.015638752 0.015696980 0.014196152 0.032434240 0.026765574 0.016671678 0.016971566 0.012979507 0.017316319 0.017896593 -0.000886179 0.026503285 0.008948216 0.018753674 0.013636969 0.010904039 0.011381644 0.021301743 0.015683366 0.033133771 0.016270123 0.019641681 0.022611998
0.023890793 0.031636693 0.011544800 0.052956793 0.028152021 0.023383828 0.022386059 0.030931134 0.027013883 0.042248636 0.030641135 0.050225250 0.026580216 0.025679689 0.019399609 0.012805228 0.016518692 0.036474653 0.020916529 0.042081315 0.011050629 0.026503285 0.003454794 0.025132643 0.034078408 0.029708304 0.023208627 0.019490246 0.013098070 0.026607053 0.044982962 0.045061074 0.039417356 0.018451698
0.040480819 0.018394994 0.014323937 0.024529247 0.014143538 0.009330729 0.001281147 0.010267295 0.008484352 0.018727049 0.012375208 0.017586835 0.012343809 0.010260343 0.030026801 0.023260636 0.013053037 0.021449683 0.011340138 0.016344324 0.015487995 0.008948216 0.025132643 -0.002035022 0.020150362 0.016240237 0.006187608 0.009343439 0.018469540 0.011076139 0.037818797 0.018515561 0.018719148 0.019996643
0.049811248 0.019570293 0.026464731 0.032816097 0.014346428 0.019207075 0.013805152 0.016993638 0.024828006 0.024933074 0.015440403 0.027282735 0.017269006 0.018728890 0.040186878 0.034589268 0.023202194 0.017203821 0.019271621 0.030957408 0.032440551 0.018753674 0.034078408 0.020150362 -0.014876384 0.013821892 0.020535257 0.018203113 0.026607903 0.020310966 0.026886746 0.021881709 0.028837826 0.030349704
0.043952543 0.025005432 0.024313699 0.016203467 0.015048552 0.017226007 0.006606903 0.012624345 0.018082811 0.009089535 0.007460082 0.010137904 0.016035777 0.015135023 0.031636309 0.033630855 0.023213480 0.007605652 0.018085036 0.019389397 0.024687070 0.013636969 0.029708304 0.016240237 0.013821892 -0.000298104 0.015748316 0.017583439 0.028666385 0.015630726 0.028861500 0.008339661 0.014251827 0.026548076
0.039728276 0.020921346 0.016687086 0.031578235 0.012811272 0.010954082 0.005265925 0.015585305 0.016916133 0.023525082 0.015109819 0.025910724 0.011452213 0.011612254 0.029286530 0.024424605 0.013227228 0.021944970 0.014560523 0.022997921 0.014175924 0.010904039 0.023208627 0.006187608 0.020535257 0.015748316 0.006615192 0.007879846 0.018995084 0.014458015 0.040200766 0.020193236 0.023744361 0.020353872
0.030746425 0.019974563 0.008145480 0.030538119 0.015167515 0.004850416 0.006466014 0.010299779 0.012441043 0.021096524 0.015441982 0.028769324 0.013364270 0.010978956 0.018972194 0.018584367 0.013697137 0.017656736 0.012275789 0.018748695 0.007365927 0.011381644 0.019490246 0.009343439 0.018203113 0.017583439 0.007879846 -0.003005594 0.014234046 0.008101867 0.027894195 0.021296538 0.021279480 0.012630083
0.023598123 0.022157835 0.010820833 0.037888173 0.024406876 0.018229913 0.017406709 0.022649679 0.016079361 0.032201961 0.027313672 0.033856500 0.020271879 0.020756708 0.020703265 0.008366929 0.014385246 0.032041367 0.017824935 0.029242279 0.011406392 0.021301743 0.013098070 0.018469540 0.026607903 0.028666385 0.018995084 0.014234046 0.007722795 0.019840449 0.038474984 0.036762796 0.028389337 0.014953343
0.041189928 0.021045934 0.017173957 0.033594836 0.013674852 0.011499911 0.008929673 0.012793154 0.016474800 0.023378268 0.015981704 0.028057450 0.014352849 0.014724483 0.028601032 0.026568297 0.018142805 0.021733660 0.016685996 0.026838325 0.017012747 0.015683366 0.026607053 0.011076139 0.020310966 0.015630726 0.014458015 0.008101867 0.019840449 0.007647179 0.038720921 0.020546596 0.023213435 0.020766463
0.065344013 0.042408481 0.040173993 0.037781492 0.042038318 0.036845766 0.035126582 0.039198227 0.044679262 0.032997828 0.031050514 0.045192704 0.036653642 0.044160224 0.049702793 0.047513902 0.038554225 0.024208477 0.038270704 0.048209332 0.034329779 0.033133771 0.044982962 0.037818797 0.026886746 0.028861500 0.040200766 0.027894195 0.038474984 0.038720921 -0.022713892 0.031801555 0.056564730 0.042880185
0.054909147 0.027276583 0.027608760 0.016053824 0.019993680 0.027151342 0.013293058 0.020683797 0.022046162 0.010432958 0.009077961 0.012148117 0.015438070 0.022077981 0.051686224 0.038658049 0.026579015 0.012420735 0.019861830 0.016259950 0.029153315 0.016270123 0.045061074 0.018515561 0.021881709 0.008339661 0.020193236 0.021296538 0.036762796 0.020546596 0.031801555 0.003046074 0.031132873 0.044455983
0.058330745 0.026692204 0.024645982 0.049289443 0.021148715 0.023608683 0.019391395 0.024700075 0.020542897 0.031544983 0.019241843 0.036193870 0.018495813 0.028860349 0.047952883 0.037039600 0.031780273 0.034783415 0.026482526 0.039310329 0.026517913 0.019641681 0.039417356 0.018719148 0.028837826 0.014251827 0.023744361 0.021279480 0.028389337 0.023213435 0.056564730 0.031132873 0.013451267 0.036679760
0.029155428 0.028386435 0.010342766 0.043450810 0.028871927 0.021028973 0.016908910 0.025453292 0.017415999 0.035847113 0.028413724 0.043813393 0.022050565 0.023377106 0.024943516 0.014112180 0.015922479 0.033372559 0.017349731 0.037262134 0.011708688 0.022611998 0.018451698 0.019996643 0.030349704 0.026548076 0.020353872 0.012630083 0.014953343 0.020766463 0.042880185 0.044455983 0.036679760 0.014660776
