0.017670944 0.046986390 0.033817697 0.063519225 0.038862668 0.036308240 0.043092653 0.040426664 0.043968968 0.052894987 0.045300573 0.056704156 0.036380596 0.037491880 0.022183262 0.038829893 0.030616120 0.060721420 0.044994801 0.046842240 0.032798763 0.042528912 0.024115918 0.042655677 0.046944007 0.055764437 0.046212934 0.038547780 0.023154838 0.038195927 0.081167012 0.040943585 0.045757160 0.027604574
0.046986390 0.004403975 0.023109740 0.028945168 0.028569972 0.022916202 0.013537254 0.017291890 0.020965837 0.019493166 0.022166157 0.023924891 0.020261114 0.017645260 0.035679549 0.026276117 0.023211230 0.025475614 0.014178707 0.028470621 0.029215492 0.016781241 0.029287733 0.016380209 0.019148160 0.019881429 0.014816372 0.015699722 0.030294139 0.019952655 0.038215570 0.027938236 0.029366251 0.035453819
0.033817697 0.023109740 0.006514359 0.039868467 0.020409761 0.017572530 0.016425431 0.018874153 0.017828530 0.031010337 0.025884716 0.034699500 0.019318711 0.017870389 0.025952104 0.022793878 0.016260222 0.037880912 0.019241069 0.025196275 0.015080412 0.019915171 0.017508067 0.017810902 0.028014842 0.031763550 0.022010872 0.013849054 0.015047980 0.017640267 0.056977488 0.026611401 0.023887319 0.016300453
0.063519225 0.028945168 0.039868467 0.003596319 0.032347947 0.034132995 0.027136059 0.021758173 0.030187877 0.009677657 0.018806998 0.010783451 0.023580540 0.028840175 0.054872803 0.052795921 0.034036122 0.022827270 0.029489607 0.024444435 0.042708483 0.022570748 0.045583654 0.027823495 0.025105393 0.016453281 0.030701285 0.028154876 0.041627619 0.026691694 0.038511980 0.013311453 0.032309607 0.046885610
0.038862668 0.028569972 0.020409761 0.032347947 -0.002178514 0.017187171 0.012885940 0.015469313 0.021118671 0.021978542 0.018056177 0.025574496 0.015705045 0.016362183 0.029596008 0.028350867 0.018268436 0.036568515 0.019895822 0.017416246 0.020535400 0.016043875 0.024113599 0.014854644 0.022946727 0.017127674 0.020143673 0.017491819 0.018898997 0.016543746 0.057250537 0.017639030 0.022345118 0.024964683
0.036308240 0.022916202 0.017572530 0.034132995 0.017187171 0.007964687 0.008140317 0.013551253 0.015485080 0.024370914 0.017937731 0.027162980 0.014881345 0.011577800 0.026913503 0.024025107 0.013604527 0.029223246 0.015238984 0.020480748 0.018184945 0.013808910 0.019015247 0.011643337 0.022708856 0.021911547 0.014864562 0.011030502 0.017150514 0.014048116 0.047381483 0.021811631 0.024174659 0.019698493
0.043092653 0.013537254 0.016425431 0.027136059 0.012885940 0.008140317 -0.004877946 0.004181091 0.010485183 0.016463131 0.002272977 0.020435151 0.007683438 0.005692245 0.032562129 0.024617512 0.012250760 0.023080263 0.007095004 0.013735832 0.017037552 0.004210382 0.025130395 0.001299381 0.011034115 0.004433151 0.008084977 0.004593044 0.018847045 0.006334389 0.044445578 0.014829246 0.018203247 0.019900886
0.040426664 0.017291890 0.018874153 0.021758173 0.015469313 0.013551253 0.004181091 0.003377160 0.011769457 0.013053986 0.011135255 0.017668113 0.010846391 0.010145998 0.029169191 0.027545046 0.016521389 0.022451101 0.012782435 0.013224915 0.017574232 0.010273522 0.024673320 0.007568206 0.019480735 0.011056295 0.011854840 0.007756587 0.022585083 0.010178635 0.041908503 0.015941005 0.016696829 0.023825631
0.043968968 0.020965837 0.017828530 0.030187877 0.021118671 0.015485080 0.010485183 0.011769457 0.004761815 0.020988327 0.019031739 0.024299920 0.016864264 0.012570158 0.031681515 0.026040267 0.017357061 0.025733925 0.015904512 0.021656668 0.020875935 0.013753166 0.024871524 0.010399338 0.022966553 0.018700244 0.015624058 0.010878178 0.024893846 0.014624474 0.046535980 0.022889968 0.017929265 0.026966626
0.052894987 0.019493166 0.031010337 0.009677657 0.021978542 0.024370914 0.016463131 0.013053986 0.020988327 -0.001536284 0.010153986 0.004110356 0.016069878 0.019145336 0.045260750 0.042414103 0.026384741 0.015826857 0.020655438 0.014847449 0.031316839 0.014752358 0.036993090 0.018665902 0.014991330 0.007735526 0.022092497 0.017337188 0.033777494 0.017687161 0.034599479 0.006044033 0.020349573 0.036958724
0.045300573 0.022166157 0.025884716 0.018806998 0.018056177 0.017937731 0.002272977 0.011135255 0.019031739 0.010153986 0.000658566 0.013429157 0.012526414 0.013743324 0.038241249 0.032513637 0.020683765 0.017201999 0.015836067 0.014625936 0.024706859 0.010890329 0.031339221 0.012920971 0.013995194 0.007235583 0.018232413 0.015179327 0.028409136 0.014872726 0.037814520 0.009110346 0.017153146 0.030081432
0.056704156 0.023924891 0.034699500 0.010783451 0.025574496 0.027162980 0.020435151 0.017668113 0.024299920 0.004110356 0.013429157 0.001510205 0.019223487 0.022507245 0.047167651 0.044275872 0.030376352 0.017748369 0.023065850 0.017395563 0.034000248 0.017207377 0.039845690 0.021266721 0.018040610 0.009955683 0.023858726 0.022186842 0.036905333 0.022062505 0.035620641 0.010846988 0.024684096 0.039446738
0.036380596 0.020261114 0.019318711 0.023580540 0.015705045 0.014881345 0.007683438 0.010846391 0.016864264 0.016069878 0.012526414 0.019223487 0.001822246 0.013307296 0.029417071 0.023910714 0.017565303 0.024019983 0.012104200 0.013818232 0.019480981 0.013538728 0.022048146 0.010892183 0.018179443 0.013191371 0.015289468 0.011405023 0.022929540 0.014091456 0.041702196 0.018263314 0.016756583 0.024212601
0.037491880 0.017645260 0.017870389 0.028840175 0.016362183 0.011577800 0.005692245 0.010145998 0.012570158 0.019145336 0.013743324 0.022507245 0.013307296 0.002952780 0.029465739 0.024994712 0.014091704 0.025340337 0.013257923 0.013186151 0.016465459 0.013984727 0.022750814 0.011954157 0.017483497 0.017087627 0.014415518 0.008731321 0.018299591 0.011232408 0.047263950 0.022308040 0.021632165 0.020060774
0.022183262 0.035679549 0.025952104 0.054872803 0.029596008 0.026913503 0.032562129 0.029169191 0.031681515 0.045260750 0.038241249 0.047167651 0.029417071 0.029465739 0.004053552 0.031752598 0.022152128 0.054249674 0.038640652 0.037422501 0.026142821 0.034378141 0.020157568 0.034466002 0.036216233 0.047748506 0.041378777 0.028182043 0.015151944 0.026624981 0.072587967 0.034331817 0.032224245 0.017677229
0.038829893 0.026276117 0.022793878 0.052795921 0.028350867 0.024025107 0.024617512 0.027545046 0.026040267 0.042414103 0.032513637 0.044275872 0.023910714 0.024994712 0.031752598 0.010813018 0.018872457 0.052249890 0.028345548 0.032733381 0.019115161 0.027048681 0.018751919 0.024784908 0.034223467 0.037853900 0.029479090 0.023413576 0.012129870 0.025687359 0.070154697 0.037947126 0.033533309 0.021264099
0.030616120 0.023211230 0.016260222 0.034036122 0.018268436 0.013604527 0.012250760 0.016521389 0.017357061 0.026384741 0.020683765 0.030376352 0.017565303 0.014091704 0.022152128 0.018872457 0.002934206 0.030805100 0.012529219 0.019251265 0.013103882 0.015728630 0.015039308 0.013313009 0.023851296 0.023735154 0.014626430 0.012515038 0.014033001 0.016427640 0.043428846 0.024711344 0.028089575 0.015204901
0.060721420 0.025475614 0.037880912 0.022827270 0.036568515 0.029223246 0.023080263 0.022451101 0.025733925 0.015826857 0.017201999 0.017748369 0.024019983 0.025340337 0.054249674 0.052249890 0.030805100 0.013816565 0.027302187 0.028653212 0.040230721 0.020985972 0.045019452 0.027134616 0.021323152 0.020752594 0.029892819 0.025260851 0.041529715 0.024502406 0.040116243 0.017637277 0.032572396 0.043346003
0.044994801 0.014178707 0.019241069 0.029489607 0.019895822 0.015238984 0.007095004 0.012782435 0.015904512 0.020655438 0.015836067 0.023065850 0.012104200 0.013257923 0.038640652 0.028345548 0.012529219 0.027302187 0.003616137 0.018012378 0.021596640 0.011395156 0.026115313 0.011615342 0.018513188 0.015583467 0.014732417 0.011889633 0.020378221 0.015329815 0.047175232 0.022411620 0.028534958 0.023626588
0.046842240 0.028470621 0.025196275 0.024444435 0.017416246 0.020480748 0.013735832 0.013224915 0.021656668 0.014847449 0.014625936 0.017395563 0.013818232 0.013186151 0.037422501 0.032733381 0.019251265 0.028653212 0.018012378 0.004606481 0.025466403 0.014306407 0.028537696 0.015785959 0.020914545 0.017685395 0.021517409 0.013189241 0.025696658 0.015371723 0.051041700 0.012024804 0.024603190 0.032539517
0.032798763 0.029215492 0.015080412 0.042708483 0.020535400 0.018184945 0.017037552 0.017574232 0.020875935 0.031316839 0.024706859 0.034000248 0.019480981 0.016465459 0.026142821 0.019115161 0.013103882 0.040230721 0.021596640 0.025466403 0.007613776 0.019504311 0.014445746 0.017038442 0.028221708 0.031299554 0.024180040 0.014541401 0.011072503 0.017146023 0.062443297 0.025266018 0.025391590 0.016366718
0.042528912 0.016781241 0.019915171 0.022570748 0.016043875 0.013808910 0.004210382 0.010273522 0.013753166 0.014752358 0.010890329 0.017207377 0.013538728 0.013984727 0.034378141 0.027048681 0.015728630 0.020985972 0.011395156 0.014306407 0.019504311 -0.001098036 0.025759360 0.009282936 0.012871839 0.009732325 0.012198236 0.008297908 0.022096142 0.012596002 0.037032042 0.017037284 0.018191753 0.023658127
0.024115918 0.029287733 0.017508067 0.045583654 0.024113599 0.019015247 0.025130395 0.024673320 0.024871524 0.036993090 0.031339221 0.039845690 0.022048146 0.022750814 0.020157568 0.018751919 0.015039308 0.045019452 0.026115313 0.028537696 0.014445746 0.025759360 0.005542645 0.026329547 0.029378172 0.037310768 0.029933792 0.021501806 0.009282135 0.022366859 0.059085164 0.031052325 0.027287774 0.014108907
0.042655677 0.016380209 0.017810902 0.027823495 0.014854644 0.011643337 0.001299381 0.007568206 0.010399338 0.018665902 0.012920971 0.021266721 0.010892183 0.011954157 0.034466002 0.024784908 0.013313009 0.027134616 0.011615342 0.015785959 0.017038442 0.009282936 0.026329547 -0.001917120 0.015826132 0.013170591 0.009891602 0.006838891 0.019664299 0.008599065 0.047307130 0.022498755 0.017406307 0.022445155
0.046944007 0.019148160 0.028014842 0.025105393 0.022946727 0.022708856 0.011034115 0.019480735 0.022966553 0.014991330 0.013995194 0.018040610 0.018179443 0.017483497 0.036216233 0.034223467 0.023851296 0.021323152 0.018513188 0.020914545 0.028221708 0.012871839 0.029378172 0.015826132 -0.010852817 0.013147619 0.018376967 0.015975242 0.027811097 0.021356709 0.033062536 0.020360779 0.025610462 0.032554202
0.055764437 0.019881429 0.031763550 0.016453281 0.017127674 0.021911547 0.004433151 0.011056295 0.018700244 0.007735526 0.007235583 0.009955683 0.013191371 0.017087627 0.047748506 0.037853900 0.023735154 0.020752594 0.015583467 0.017685395 0.031299554 0.009732325 0.037310768 0.013170591 0.013147619 -0.000491932 0.019989371 0.016956445 0.031778369 0.015808444 0.045459151 0.010067608 0.018648820 0.037210181
0.046212934 0.014816372 0.022010872 0.030701285 0.020143673 0.014864562 0.008084977 0.011854840 0.015624058 0.022092497 0.018232413 0.023858726 0.015289468 0.014415518 0.041378777 0.029479090 0.014626430 0.029892819 0.014732417 0.021517409 0.024180040 0.012198236 0.029933792 0.009891602 0.018376967 0.019989371 0.009209037 0.009356026 0.023909081 0.012654005 0.048848648 0.026106976 0.025998404 0.029003231
0.038547780 0.015699722 0.013849054 0.028154876 0.017491819 0.011030502 0.004593044 0.007756587 0.010878178 0.017337188 0.015179327 0.022186842 0.011405023 0.008731321 0.028182043 0.023413576 0.012515038 0.025260851 0.011889633 0.013189241 0.014541401 0.008297908 0.021501806 0.006838891 0.015975242 0.016956445 0.009356026 -0.001795314 0.017660294 0.006860170 0.045788225 0.018231036 0.019637257 0.019480590
0.023154838 0.030294139 0.015047980 0.041627619 0.018898997 0.017150514 0.018847045 0.022585083 0.024893846 0.033777494 0.028409136 0.036905333 0.022929540 0.018299591 0.015151944 0.012129870 0.014033001 0.041529715 0.020378221 0.025696658 0.011072503 0.022096142 0.009282135 0.019664299 0.027811097 0.031778369 0.023909081 0.017660294 0.000388842 0.021710502 0.048454214 0.026400803 0.028346132 0.008199269
0.038195927 0.019952655 0.017640267 0.026691694 0.016543746 0.014048116 0.006334389 0.010178635 0.014624474 0.017687161 0.014872726 0.022062505 0.014091456 0.011232408 0.026624981 0.025687359 0.016427640 0.024502406 0.015329815 0.015371723 0.017146023 0.012596002 0.022366859 0.008599065 0.021356709 0.015808444 0.012654005 0.006860170 0.021710502 0.005449340 0.043059774 0.014595238 0.017322734 0.021318486
0.081167012 0.038215570 0.056977488 0.038511980 0.057250537 0.047381483 0.044445578 0.041908503 0.046535980 0.034599479 0.037814520 0.035620641 0.041702196 0.047263950 0.072587967 0.070154697 0.043428846 0.040116243 0.047175232 0.051041700 0.062443297 0.037032042 0.059085164 0.047307130 0.033062536 0.045459151 0.048848648 0.045788225 0.048454214 0.043059774 -0.001590922 0.031862073 0.059419252 0.057078533
0.040943585 0.027938236 0.026611401 0.013311453 0.017639030 0.021811631 0.014829246 0.015941005 0.022889968 0.006044033 0.009110346 0.010846988 0.018263314 0.022308040 0.034331817 0.037947126 0.024711344 0.017637277 0.022411620 0.012024804 0.025266018 0.017037284 0.031052325 0.022498755 0.020360779 0.010067608 0.026106976 0.018231036 0.026400803 0.014595238 0.031862073 0.002417434 0.018147383 0.031391330
0.045757160 0.029366251 0.023887319 0.032309607 0.022345118 0.024174659 0.018203247 0.016696829 0.017929265 0.020349573 0.017153146 0.024684096 0.016756583 0.021632165 0.032224245 0.033533309 0.028089575 0.032572396 0.028534958 0.024603190 0.025391590 0.018191753 0.027287774 0.017406307 0.025610462 0.018648820 0.025998404 0.019637257 0.028346132 0.017322734 0.059419252 0.018147383 -0.005286466 0.029793128
0.027604574 0.035453819 0.016300453 0.046885610 0.024964683 0.019698493 0.019900886 0.023825631 0.026966626 0.036958724 0.030081432 0.039446738 0.024212601 0.020060774 0.017677229 0.021264099 0.015204901 0.043346003 0.023626588 0.032539517 0.016366718 0.023658127 0.014108907 0.022445155 0.032554202 0.037210181 0.029003231 0.019480590 0.008199269 0.021318486 0.057078533 0.031391330 0.029793128 0.007708207
