0.013250124 0.038747653 0.028575111 0.059970461 0.045508198 0.035580624 0.040319014 0.046269007 0.038728226 0.051762473 0.046288155 0.062719718 0.044160344 0.048397943 0.024140907 0.027165398 0.033543173 0.058026332 0.037802301 0.050153024 0.023980081 0.044676032 0.024104076 0.039191548 0.050508615 0.045290463 0.038024299 0.031459529 0.023783304 0.041342236 0.068554625 0.054055505 0.058791719 0.023538636
0.038747653 0.020558365 0.021689640 0.034121178 0.023732649 0.018116169 0.016585983 0.020857442 0.024080919 0.026344061 0.023738937 0.027164292 0.014578084 0.022859771 0.025129367 0.023501011 0.022994487 0.031446397 0.021177994 0.036787808 0.023662582 0.018417917 0.027242783 0.018626772 0.019767016 0.024968231 0.021805150 0.018429659 0.025302861 0.023303580 0.044762954 0.027627191 0.023989322 0.020700980
0.028575111 0.021689640 -0.002180669 0.036769532 0.017172925 0.011545338 0.012089135 0.019802194 0.013769444 0.029612832 0.022150166 0.038232870 0.020531861 0.019412607 0.018312458 0.012512404 0.013807867 0.032662883 0.013221682 0.022557614 0.004072849 0.017929679 0.012512225 0.012729273 0.027249869 0.024279959 0.014770674 0.007447154 0.009750130 0.017341442 0.042751927 0.026599543 0.024859196 0.007101236
0.059970461 0.034121178 0.036769532 0.014275625 0.026779111 0.026538756 0.028544718 0.029292561 0.031410884 0.020647205 0.019756973 0.022646602 0.025218528 0.034711719 0.052569710 0.049157232 0.034261070 0.026065838 0.030147098 0.024578415 0.035560425 0.025591981 0.047704540 0.025627166 0.031082919 0.015988059 0.030066585 0.028959749 0.035448708 0.031914640 0.038636763 0.015627084 0.041535933 0.034023128
0.045508198 0.023732649 0.017172925 0.026779111 -0.002366668 0.018174738 0.011665274 0.015448213 0.017080639 0.020437744 0.016326563 0.018671706 0.011455889 0.014593947 0.037671372 0.024856227 0.017954433 0.027580697 0.017420270 0.015801994 0.020720840 0.015732208 0.030035278 0.012423536 0.021369630 0.015564919 0.013396469 0.016547099 0.024562841 0.017189395 0.048625119 0.019503279 0.026591200 0.028950574
0.035580624 0.018116169 0.011545338 0.026538756 0.018174738 0.006392521 0.006605027 0.012555783 0.007643412 0.020807462 0.017044738 0.023962699 0.013398863 0.012868885 0.027329363 0.017270168 0.012983795 0.027015578 0.011880646 0.019078905 0.009341301 0.012817375 0.022806218 0.009257372 0.020340614 0.017547585 0.010671537 0.004725163 0.019177072 0.012840267 0.039852750 0.027845319 0.024285987 0.017261989
0.040319014 0.016585983 0.012089135 0.028544718 0.011665274 0.006605027 -0.004346157 0.007878252 0.009767734 0.019889854 0.002325618 0.020816648 0.011294380 0.005160525 0.027600678 0.021104142 0.012903316 0.018707164 0.007083264 0.015740747 0.014323639 0.005580155 0.022876378 0.001183157 0.014804997 0.007069626 0.005641169 0.005840750 0.016695820 0.009790916 0.036868576 0.013912046 0.019747082 0.017340988
0.046269007 0.020857442 0.019802194 0.029292561 0.015448213 0.012555783 0.007878252 0.006569919 0.014008567 0.020957023 0.013704646 0.028857246 0.012384485 0.018381171 0.034400810 0.029032908 0.018206559 0.024490632 0.015229886 0.023577435 0.018880596 0.015774764 0.030623401 0.009254978 0.018366044 0.012321896 0.013835575 0.010002780 0.023743197 0.013529980 0.042667061 0.020435382 0.024200736 0.021612991
0.038728226 0.024080919 0.013769444 0.031410884 0.017080639 0.007643412 0.009767734 0.014008567 0.001091920 0.022948589 0.017968172 0.027266936 0.012495057 0.016446743 0.028877521 0.022652470 0.014888255 0.028996177 0.016262695 0.022790791 0.013188781 0.012210381 0.024079362 0.008563502 0.022843674 0.017262464 0.015886031 0.008805376 0.016877573 0.015695788 0.045682248 0.022016909 0.014978299 0.008897675
0.051762473 0.026344061 0.029612832 0.020647205 0.020437744 0.020807462 0.019889854 0.020957023 0.022948589 0.008931259 0.012629835 0.016721146 0.019706581 0.023314904 0.044430085 0.041074548 0.028423155 0.019535903 0.023179960 0.020704089 0.028427612 0.019590240 0.039789006 0.019505024 0.024178367 0.009344825 0.022960514 0.020332070 0.030697070 0.023555273 0.035445839 0.010283992 0.028692693 0.030235209
0.046288155 0.023738937 0.022150166 0.019756973 0.016326563 0.017044738 0.002325618 0.013704646 0.017968172 0.012629835 0.000507095 0.013327956 0.011467500 0.014301399 0.036201224 0.031139588 0.021128787 0.012787291 0.016523898 0.017896673 0.021719342 0.012120465 0.031056672 0.012342813 0.016386874 0.008198027 0.015481435 0.015272113 0.027441949 0.016907182 0.032892108 0.009288598 0.019591000 0.027397420
0.062719718 0.027164292 0.038232870 0.022646602 0.018671706 0.023962699 0.020816648 0.028857246 0.027266936 0.016721146 0.013327956 0.015099498 0.016738307 0.025787037 0.054024898 0.045642894 0.031304248 0.026339320 0.024774732 0.023746783 0.034932166 0.016408302 0.046386920 0.017248150 0.027114965 0.009444091 0.025066467 0.026934065 0.031155458 0.028537970 0.048283294 0.011162117 0.032656699 0.036091320
0.044160344 0.014578084 0.020531861 0.025218528 0.011455889 0.013398863 0.011294380 0.012384485 0.012495057 0.019706581 0.011467500 0.016738307 0.002337006 0.011094145 0.037101880 0.030429352 0.020239908 0.022344224 0.015836447 0.015025176 0.024510659 0.014837682 0.030588809 0.011383401 0.019837415 0.016374348 0.011324945 0.014039511 0.018144747 0.016995490 0.040012751 0.015007716 0.021801926 0.025422458
0.048397943 0.022859771 0.019412607 0.034711719 0.014593947 0.012868885 0.005160525 0.018381171 0.016446743 0.023314904 0.014301399 0.025787037 0.011094145 0.008167708 0.035811543 0.026270326 0.016291253 0.025743261 0.013356205 0.018577002 0.017344924 0.015187045 0.027849635 0.008737601 0.022095883 0.015933106 0.012297550 0.013367701 0.021975493 0.018410683 0.050106823 0.022455966 0.034182232 0.024258116
0.024140907 0.025129367 0.018312458 0.052569710 0.037671372 0.027329363 0.027600678 0.034400810 0.028877521 0.044430085 0.036201224 0.054024898 0.037101880 0.035811543 0.005870996 0.019573551 0.022932084 0.047039013 0.026361978 0.041115534 0.018400099 0.035707485 0.020204756 0.028318249 0.042173948 0.034657128 0.028824722 0.021023788 0.022108080 0.029160745 0.053942524 0.050696410 0.048866402 0.023167832
0.027165398 0.023501011 0.012512404 0.049157232 0.024856227 0.017270168 0.021104142 0.029032908 0.022652470 0.041074548 0.031139588 0.045642894 0.030429352 0.026270326 0.019573551 0.001809192 0.016815055 0.040655956 0.021902775 0.031625334 0.008734031 0.027161989 0.012209602 0.021492282 0.034621373 0.034339927 0.022973562 0.017706815 0.007363984 0.026276749 0.049931802 0.036938623 0.036161710 0.010459179
0.033543173 0.022994487 0.013807867 0.034261070 0.017954433 0.012983795 0.012903316 0.018206559 0.014888255 0.028423155 0.021128787 0.031304248 0.020239908 0.016291253 0.022932084 0.016815055 0.001106067 0.028441036 0.011777014 0.023253625 0.011876058 0.016836490 0.017291952 0.013055066 0.024194222 0.024053713 0.012644954 0.012587272 0.014247642 0.018234065 0.039363116 0.027771086 0.031318903 0.014203249
0.058026332 0.031446397 0.032662883 0.026065838 0.027580697 0.027015578 0.018707164 0.024490632 0.028996177 0.019535903 0.012787291 0.026339320 0.022344224 0.025743261 0.047039013 0.040655956 0.028441036 0.009903982 0.023043375 0.032402411 0.028301839 0.020886097 0.039609786 0.020645304 0.021531355 0.010469292 0.023826439 0.021172475 0.036463298 0.026023336 0.032594092 0.015184556 0.040951103 0.032027088
0.037802301 0.021177994 0.013221682 0.030147098 0.017420270 0.011880646 0.007083264 0.015229886 0.016262695 0.023179960 0.016523898 0.024774732 0.015836447 0.013356205 0.026361978 0.021902775 0.011777014 0.023043375 0.000561324 0.020233344 0.015542978 0.013627805 0.020438455 0.011488998 0.019878708 0.018242160 0.013289957 0.011184197 0.017107576 0.016904799 0.038683936 0.020525336 0.026385428 0.014297398
0.050153024 0.036787808 0.022557614 0.024578415 0.015801994 0.019078905 0.015740747 0.023577435 0.022790791 0.020704089 0.017896673 0.023746783 0.015025176 0.018577002 0.041115534 0.031625334 0.023253625 0.032402411 0.020233344 0.004428652 0.019389693 0.016565451 0.036292013 0.016610295 0.029737040 0.017920788 0.021486714 0.016377134 0.024222136 0.026598370 0.049297642 0.014107686 0.035065997 0.029014662
0.023980081 0.023662582 0.004072849 0.035560425 0.020720840 0.009341301 0.014323639 0.018880596 0.013188781 0.028427612 0.021719342 0.034932166 0.024510659 0.017344924 0.018400099 0.008734031 0.011876058 0.028301839 0.015542978 0.019389693 -0.003629711 0.018939579 0.010157469 0.014720591 0.033009097 0.025886642 0.014578431 0.007159094 0.009540418 0.017532755 0.036791302 0.028158545 0.025331967 0.010683604
0.044676032 0.018417917 0.017929679 0.025591981 0.015732208 0.012817375 0.005580155 0.015774764 0.012210381 0.019590240 0.012120465 0.016408302 0.014837682 0.015187045 0.035707485 0.027161989 0.016836490 0.020886097 0.013627805 0.016565451 0.018939579 -0.000757990 0.028032709 0.008853230 0.021144178 0.013681261 0.011569970 0.011465349 0.020327855 0.017856099 0.036683075 0.017987320 0.021647338 0.023939937
0.024104076 0.027242783 0.012512225 0.047704540 0.030035278 0.022806218 0.022876378 0.030623401 0.024079362 0.039789006 0.031056672 0.046386920 0.030588809 0.027849635 0.020204756 0.012209602 0.017291952 0.039609786 0.020438455 0.036292013 0.010157469 0.028032709 0.003813727 0.023536226 0.035604350 0.031890944 0.023156557 0.019308195 0.013545291 0.026798431 0.047098801 0.043989662 0.038436834 0.016982581
0.039191548 0.018626772 0.012729273 0.025627166 0.012423536 0.009257372 0.001183157 0.009254978 0.008563502 0.019505024 0.012342813 0.017248150 0.011383401 0.008737601 0.028318249 0.021492282 0.013055066 0.020645304 0.011488998 0.016610295 0.014720591 0.008853230 0.023536226 -0.001965100 0.020325605 0.016646747 0.006864259 0.007639622 0.017148789 0.011232974 0.037597973 0.018376203 0.017482288 0.019404527
0.050508615 0.019767016 0.027249869 0.031082919 0.021369630 0.020340614 0.014804997 0.018366044 0.022843674 0.024178367 0.016386874 0.027114965 0.019837415 0.022095883 0.042173948 0.034621373 0.024194222 0.021531355 0.019878708 0.029737040 0.033009097 0.021144178 0.035604350 0.020325605 -0.015051595 0.015784007 0.021148212 0.019016623 0.028129052 0.021774523 0.029849701 0.023226386 0.029842399 0.028484715
0.045290463 0.024968231 0.024279959 0.015988059 0.015564919 0.017547585 0.007069626 0.012321896 0.017262464 0.009344825 0.008198027 0.009444091 0.016374348 0.015933106 0.034657128 0.034339927 0.024053713 0.010469292 0.018242160 0.017920788 0.025886642 0.013681261 0.031890944 0.016646747 0.015784007 -0.000221353 0.016221417 0.017725149 0.028320231 0.017345807 0.031190906 0.009044104 0.015343132 0.028415050
0.038024299 0.021805150 0.014770674 0.030066585 0.013396469 0.010671537 0.005641169 0.013835575 0.015886031 0.022960514 0.015481435 0.025066467 0.011324945 0.012297550 0.028824722 0.022973562 0.012644954 0.023826439 0.013289957 0.021486714 0.014578431 0.011569970 0.023156557 0.006864259 0.021148212 0.016221417 0.005293574 0.006940201 0.018531282 0.014565550 0.038425483 0.020125024 0.024091097 0.016317109
0.031459529 0.018429659 0.007447154 0.028959749 0.016547099 0.004725163 0.005840750 0.010002780 0.008805376 0.020332070 0.015272113 0.026934065 0.014039511 0.013367701 0.021023788 0.017706815 0.012587272 0.021172475 0.011184197 0.016377134 0.007159094 0.011465349 0.019308195 0.007639622 0.019016623 0.017725149 0.006940201 -0.003845163 0.013204778 0.008908244 0.031234492 0.020725014 0.020622000 0.008092444
0.023783304 0.025302861 0.009750130 0.035448708 0.024562841 0.019177072 0.016695820 0.023743197 0.016877573 0.030697070 0.027441949 0.031155458 0.018144747 0.021975493 0.022108080 0.007363984 0.014247642 0.036463298 0.017107576 0.024222136 0.009540418 0.020327855 0.013545291 0.017148789 0.028129052 0.028320231 0.018531282 0.013204778 0.008792643 0.021475762 0.041973889 0.037084825 0.029121757 0.012930748
0.041342236 0.023303580 0.017341442 0.031914640 0.017189395 0.012840267 0.009790916 0.013529980 0.015695788 0.023555273 0.016907182 0.028537970 0.016995490 0.018410683 0.029160745 0.026276749 0.018234065 0.026023336 0.016904799 0.026598370 0.017532755 0.017856099 0.026798431 0.011232974 0.021774523 0.017345807 0.014565550 0.008908244 0.021475762 0.008991862 0.042956047 0.020918790 0.023670748 0.016510919
0.068554625 0.044762954 0.042751927 0.038636763 0.048625119 0.039852750 0.036868576 0.042667061 0.045682248 0.035445839 0.032892108 0.048283294 0.040012751 0.050106823 0.053942524 0.049931802 0.039363116 0.032594092 0.038683936 0.049297642 0.036791302 0.036683075 0.047098801 0.037597973 0.029849701 0.031190906 0.038425483 0.031234492 0.041973889 0.042956047 -0.018027551 0.032862104 0.062677041 0.036519259
0.054055505 0.027627191 0.026599543 0.015627084 0.019503279 0.027845319 0.013912046 0.020435382 0.022016909 0.010283992 0.009288598 0.011162117 0.015007716 0.022455966 0.050696410 0.036938623 0.027771086 0.015184556 0.020525336 0.014107686 0.028158545 0.017987320 0.043989662 0.018376203 0.023226386 0.009044104 0.020125024 0.020725014 0.037084825 0.020918790 0.032862104 0.003038507 0.031109825 0.042542677
0.058791719 0.023989322 0.024859196 0.041535933 0.026591200 0.024285987 0.019747082 0.024200736 0.014978299 0.028692693 0.019591000 0.032656699 0.021801926 0.034182232 0.048866402 0.036161710 0.031318903 0.040951103 0.026385428 0.035065997 0.025331967 0.021647338 0.038436834 0.017482288 0.029842399 0.015343132 0.024091097 0.020622000 0.029121757 0.023670748 0.062677041 0.031109825 0.009977445 0.030437864
0.023538636 0.020700980 0.007101236 0.034023128 0.028950574 0.017261989 0.017340988 0.021612991 0.008897675 0.030235209 0.027397420 0.036091320 0.025422458 0.024258116 0.023167832 0.010459179 0.014203249 0.032027088 0.014297398 0.029014662 0.010683604 0.023939937 0.016982581 0.019404527 0.028484715 0.028415050 0.016317109 0.008092444 0.012930748 0.016510919 0.036519259 0.042542677 0.030437864 0.009403665
