0.000000000 0.130841121 0.092682928 0.228215769 0.205128208 0.122641511 0.092682928 0.114285715 0.092682928 0.184210524 0.122641511 0.218487397 0.154545456 0.065326631 0.026178010 0.046153847 0.060606062 0.298113197 0.114285715 0.165919289 0.051020410 0.101449274 0.046153847 0.134883717 0.142857149 0.162162155 0.101449274 0.118483409 0.051020410 0.134883717 0.354166657 0.228215769 0.083743840 0.158371046
0.130841121 0.000000000 0.038626611 0.100371748 0.076335877 0.008333334 0.038626611 0.016806724 0.038626611 0.054687500 0.008333334 0.090225562 0.024193548 0.066079296 0.105022833 0.085201792 0.070796460 0.174061432 0.016806724 0.035856575 0.080357142 0.029787235 0.085201792 0.004115226 0.012244898 0.032000002 0.029787235 0.012552301 0.080357142 0.004115226 0.234177217 0.100371748 0.047619049 0.028112451
0.092682928 0.038626611 0.000000000 0.138461545 0.114624508 0.030303031 0.000000000 0.021834061 0.000000000 0.093117408 0.030303031 0.128404662 0.062761508 0.027522936 0.066666670 0.046728972 0.032258064 0.211267605 0.021834061 0.074380167 0.041860465 0.008849557 0.046728972 0.042735044 0.050847456 0.070539422 0.008849557 0.026086956 0.041860465 0.042735044 0.270358294 0.138461545 0.009009009 0.066666670
0.228215769 0.100371748 0.138461545 0.000000000 0.024221454 0.108614229 0.138461545 0.116981134 0.138461545 0.045936394 0.108614229 0.010238908 0.076363638 0.165354326 0.203252032 0.184000000 0.169960469 0.075000003 0.116981134 0.064748198 0.179282874 0.129770994 0.184000000 0.096296296 0.088235296 0.068592057 0.129770994 0.112781957 0.179282874 0.096296296 0.137026235 0.000000000 0.147286817 0.072463766
0.205128208 0.076335877 0.114624508 0.024221454 0.000000000 0.084615387 0.114624508 0.093023255 0.114624508 0.021739131 0.084615387 0.013986014 0.052238807 0.141700402 0.179916322 0.160493821 0.146341458 0.099041536 0.093023255 0.040590405 0.155737698 0.105882354 0.160493821 0.072243348 0.064150944 0.044444446 0.105882354 0.088803090 0.155737698 0.072243348 0.160714284 0.024221454 0.123505980 0.048327137
0.122641511 0.008333334 0.030303031 0.108614229 0.084615387 0.000000000 0.030303031 0.008474576 0.030303031 0.062992126 0.000000000 0.098484851 0.032520324 0.057777777 0.096774191 0.076923080 0.062500000 0.182130590 0.008474576 0.044176705 0.072072074 0.021459227 0.076923080 0.012448133 0.020576132 0.040322579 0.021459227 0.004219409 0.072072074 0.012448133 0.242038220 0.108614229 0.039301310 0.036437247
0.092682928 0.038626611 0.000000000 0.138461545 0.114624508 0.030303031 0.000000000 0.021834061 0.000000000 0.093117408 0.030303031 0.128404662 0.062761508 0.027522936 0.066666670 0.046728972 0.032258064 0.211267605 0.021834061 0.074380167 0.041860465 0.008849557 0.046728972 0.042735044 0.050847456 0.070539422 0.008849557 0.026086956 0.041860465 0.042735044 0.270358294 0.138461545 0.009009009 0.066666670
0.114285715 0.016806724 0.021834061 0.116981134 0.093023255 0.008474576 0.021834061 0.000000000 0.021834061 0.071428575 0.008474576 0.106870227 0.040983606 0.049327355 0.088372096 0.068493150 0.054054055 0.190311417 0.000000000 0.052631579 0.063636363 0.012987013 0.068493150 0.020920502 0.029045643 0.048780486 0.012987013 0.004255319 0.063636363 0.020920502 0.250000000 0.116981134 0.030837005 0.044897959
0.092682928 0.038626611 0.000000000 0.138461545 0.114624508 0.030303031 0.000000000 0.021834061 0.000000000 0.093117408 0.030303031 0.128404662 0.062761508 0.027522936 0.066666670 0.046728972 0.032258064 0.211267605 0.021834061 0.074380167 0.041860465 0.008849557 0.046728972 0.042735044 0.050847456 0.070539422 0.008849557 0.026086956 0.041860465 0.042735044 0.270358294 0.138461545 0.009009009 0.066666670
0.184210524 0.054687500 0.093117408 0.045936394 0.021739131 0.062992126 0.093117408 0.071428575 0.093117408 0.000000000 0.062992126 0.035714287 0.030534351 0.120331950 0.158798277 0.139240503 0.125000000 0.120521173 0.071428575 0.018867925 0.134453788 0.084337346 0.139240503 0.050583657 0.042471044 0.022727273 0.084337346 0.067193680 0.134453788 0.050583657 0.181818187 0.045936394 0.102040820 0.026615970
0.122641511 0.008333334 0.030303031 0.108614229 0.084615387 0.000000000 0.030303031 0.008474576 0.030303031 0.062992126 0.000000000 0.098484851 0.032520324 0.057777777 0.096774191 0.076923080 0.062500000 0.182130590 0.008474576 0.044176705 0.072072074 0.021459227 0.076923080 0.012448133 0.020576132 0.040322579 0.021459227 0.004219409 0.072072074 0.012448133 0.242038220 0.108614229 0.039301310 0.036437247
0.218487397 0.090225562 0.128404662 0.010238908 0.013986014 0.098484851 0.128404662 0.106870227 0.128404662 0.035714287 0.098484851 0.000000000 0.066176474 0.155378491 0.193415642 0.174089074 0.159999996 0.085173503 0.106870227 0.054545455 0.169354841 0.119691119 0.174089074 0.086142324 0.078066915 0.058394160 0.119691119 0.102661595 0.169354841 0.086142324 0.147058830 0.010238908 0.137254909 0.062271062
0.154545456 0.024193548 0.062761508 0.076363638 0.052238807 0.032520324 0.062761508 0.040983606 0.062761508 0.030534351 0.032520324 0.066176474 0.000000000 0.090128757 0.128888890 0.109170303 0.094827585 0.150501668 0.040983606 0.011673152 0.104347825 0.053941909 0.109170303 0.020080321 0.011952192 0.007812500 0.053941909 0.036734693 0.104347825 0.020080321 0.211180121 0.076363638 0.071729958 0.003921569
0.065326631 0.066079296 0.027522936 0.165354326 0.141700402 0.057777777 0.027522936 0.049327355 0.027522936 0.120331950 0.057777777 0.155378491 0.090128757 0.000000000 0.039215688 0.019230770 0.004739337 0.237410069 0.049327355 0.101694912 0.014354067 0.036363635 0.019230770 0.070175439 0.078260869 0.097872339 0.036363635 0.053571429 0.014354067 0.070175439 0.295681059 0.165354326 0.018518519 0.094017096
0.026178010 0.105022833 0.066666670 0.203252032 0.179916322 0.096774191 0.066666670 0.088372096 0.066666670 0.158798277 0.096774191 0.193415642 0.128888890 0.039215688 0.000000000 0.020000000 0.034482758 0.274074078 0.088372096 0.140350878 0.024875622 0.075471699 0.020000000 0.109090909 0.117117114 0.136563882 0.075471699 0.092592590 0.024875622 0.109090909 0.331058025 0.203252032 0.057692308 0.132743359
0.046153847 0.085201792 0.046728972 0.184000000 0.160493821 0.076923080 0.046728972 0.068493150 0.046728972 0.139240503 0.076923080 0.174089074 0.109170303 0.019230770 0.020000000 0.000000000 0.014492754 0.255474448 0.068493150 0.120689653 0.004878049 0.055555556 0.000000000 0.089285716 0.097345136 0.116883114 0.055555556 0.072727270 0.004878049 0.089285716 0.313131303 0.184000000 0.037735850 0.113043480
0.060606062 0.070796460 0.032258064 0.169960469 0.146341458 0.062500000 0.032258064 0.054054055 0.032258064 0.125000000 0.062500000 0.159999996 0.094827585 0.004739337 0.034482758 0.014492754 0.000000000 0.241877258 0.054054055 0.106382981 0.009615385 0.041095890 0.014492754 0.074889868 0.082969435 0.102564104 0.041095890 0.058295965 0.009615385 0.074889868 0.300000012 0.169960469 0.023255814 0.098712444
0.298113197 0.174061432 0.211267605 0.075000003 0.099041536 0.182130590 0.211267605 0.190311417 0.211267605 0.120521173 0.182130590 0.085173503 0.150501668 0.237410069 0.274074078 0.255474448 0.241877258 0.000000000 0.190311417 0.139072850 0.250909090 0.202797204 0.255474448 0.170068026 0.162162155 0.142857149 0.202797204 0.186206892 0.250909090 0.170068026 0.062670298 0.075000003 0.219858155 0.146666661
0.114285715 0.016806724 0.021834061 0.116981134 0.093023255 0.008474576 0.021834061 0.000000000 0.021834061 0.071428575 0.008474576 0.106870227 0.040983606 0.049327355 0.088372096 0.068493150 0.054054055 0.190311417 0.000000000 0.052631579 0.063636363 0.012987013 0.068493150 0.020920502 0.029045643 0.048780486 0.012987013 0.004255319 0.063636363 0.020920502 0.250000000 0.116981134 0.030837005 0.044897959
0.165919289 0.035856575 0.074380167 0.064748198 0.040590405 0.044176705 0.074380167 0.052631579 0.074380167 0.018867925 0.044176705 0.054545455 0.011673152 0.101694912 0.140350878 0.120689653 0.106382981 0.139072850 0.052631579 0.000000000 0.115879826 0.065573767 0.120689653 0.031746034 0.023622047 0.003861004 0.065573767 0.048387095 0.115879826 0.031746034 0.200000003 0.064748198 0.083333336 0.007751938
0.051020410 0.080357142 0.041860465 0.179282874 0.155737698 0.072072074 0.041860465 0.063636363 0.041860465 0.134453788 0.072072074 0.169354841 0.104347825 0.014354067 0.024875622 0.004878049 0.009615385 0.250909090 0.063636363 0.115879826 0.000000000 0.050691243 0.004878049 0.084444441 0.092511013 0.112068966 0.050691243 0.067873307 0.000000000 0.084444441 0.308724821 0.179282874 0.032863848 0.108225107
0.101449274 0.029787235 0.008849557 0.129770994 0.105882354 0.021459227 0.008849557 0.012987013 0.008849557 0.084337346 0.021459227 0.119691119 0.053941909 0.036363635 0.075471699 0.055555556 0.041095890 0.202797204 0.012987013 0.065573767 0.050691243 0.000000000 0.055555556 0.033898305 0.042016808 0.061728396 0.000000000 0.017241379 0.050691243 0.033898305 0.262135923 0.129770994 0.017857144 0.057851240
0.046153847 0.085201792 0.046728972 0.184000000 0.160493821 0.076923080 0.046728972 0.068493150 0.046728972 0.139240503 0.076923080 0.174089074 0.109170303 0.019230770 0.020000000 0.000000000 0.014492754 0.255474448 0.068493150 0.120689653 0.004878049 0.055555556 0.000000000 0.089285716 0.097345136 0.116883114 0.055555556 0.072727270 0.004878049 0.089285716 0.313131303 0.184000000 0.037735850 0.113043480
0.134883717 0.004115226 0.042735044 0.096296296 0.072243348 0.012448133 0.042735044 0.020920502 0.042735044 0.050583657 0.012448133 0.086142324 0.020080321 0.070175439 0.109090909 0.089285716 0.074889868 0.170068026 0.020920502 0.031746034 0.084444441 0.033898305 0.089285716 0.000000000 0.008130081 0.027888447 0.033898305 0.016666668 0.084444441 0.000000000 0.230283916 0.096296296 0.051724140 0.024000000
0.142857149 0.012244898 0.050847456 0.088235296 0.064150944 0.020576132 0.050847456 0.029045643 0.050847456 0.042471044 0.020576132 0.078066915 0.011952192 0.078260869 0.117117114 0.097345136 0.082969435 0.162162155 0.029045643 0.023622047 0.092511013 0.042016808 0.097345136 0.008130081 0.000000000 0.019762846 0.042016808 0.024793388 0.092511013 0.008130081 0.222570539 0.088235296 0.059829060 0.015873017
0.162162155 0.032000002 0.070539422 0.068592057 0.044444446 0.040322579 0.070539422 0.048780486 0.070539422 0.022727273 0.040322579 0.058394160 0.007812500 0.097872339 0.136563882 0.116883114 0.102564104 0.142857149 0.048780486 0.003861004 0.112068966 0.061728396 0.116883114 0.027888447 0.019762846 0.000000000 0.061728396 0.044534411 0.112068966 0.027888447 0.203703701 0.068592057 0.079497911 0.003891051
0.101449274 0.029787235 0.008849557 0.129770994 0.105882354 0.021459227 0.008849557 0.012987013 0.008849557 0.084337346 0.021459227 0.119691119 0.053941909 0.036363635 0.075471699 0.055555556 0.041095890 0.202797204 0.012987013 0.065573767 0.050691243 0.000000000 0.055555556 0.033898305 0.042016808 0.061728396 0.000000000 0.017241379 0.050691243 0.033898305 0.262135923 0.129770994 0.017857144 0.057851240
0.118483409 0.012552301 0.026086956 0.112781957 0.088803090 0.004219409 0.026086956 0.004255319 0.026086956 0.067193680 0.004219409 0.102661595 0.036734693 0.053571429 0.092592590 0.072727270 0.058295965 0.186206892 0.004255319 0.048387095 0.067873307 0.017241379 0.072727270 0.016666668 0.024793388 0.044534411 0.017241379 0.000000000 0.067873307 0.016666668 0.246006384 0.112781957 0.035087720 0.040650405
0.051020410 0.080357142 0.041860465 0.179282874 0.155737698 0.072072074 0.041860465 0.063636363 0.041860465 0.134453788 0.072072074 0.169354841 0.104347825 0.014354067 0.024875622 0.004878049 0.009615385 0.250909090 0.063636363 0.115879826 0.000000000 0.050691243 0.004878049 0.084444441 0.092511013 0.112068966 0.050691243 0.067873307 0.000000000 0.084444441 0.308724821 0.179282874 0.032863848 0.108225107
0.134883717 0.004115226 0.042735044 0.096296296 0.072243348 0.012448133 0.042735044 0.020920502 0.042735044 0.050583657 0.012448133 0.086142324 0.020080321 0.070175439 0.109090909 0.089285716 0.074889868 0.170068026 0.020920502 0.031746034 0.084444441 0.033898305 0.089285716 0.000000000 0.008130081 0.027888447 0.033898305 0.016666668 0.084444441 0.000000000 0.230283916 0.096296296 0.051724140 0.024000000
0.354166657 0.234177217 0.270358294 0.137026235 0.160714284 0.242038220 0.270358294 0.250000000 0.270358294 0.181818187 0.242038220 0.147058830 0.211180121 0.295681059 0.331058025 0.313131303 0.300000012 0.062670298 0.250000000 0.200000003 0.308724821 0.262135923 0.313131303 0.230283916 0.222570539 0.203703701 0.262135923 0.246006384 0.308724821 0.230283916 0.000000000 0.137026235 0.278688520 0.207430348
0.228215769 0.100371748 0.138461545 0.000000000 0.024221454 0.108614229 0.138461545 0.116981134 0.138461545 0.045936394 0.108614229 0.010238908 0.076363638 0.165354326 0.203252032 0.184000000 0.169960469 0.075000003 0.116981134 0.064748198 0.179282874 0.129770994 0.184000000 0.096296296 0.088235296 0.068592057 0.129770994 0.112781957 0.179282874 0.096296296 0.137026235 0.000000000 0.147286817 0.072463766
0.083743840 0.047619049 0.009009009 0.147286817 0.123505980 0.039301310 0.009009009 0.030837005 0.009009009 0.102040820 0.039301310 0.137254909 0.071729958 0.018518519 0.057692308 0.037735850 0.023255814 0.219858155 0.030837005 0.083333336 0.032863848 0.017857144 0.037735850 0.051724140 0.059829060 0.079497911 0.017857144 0.035087720 0.032863848 0.051724140 0.278688520 0.147286817 0.000000000 0.075630255
0.158371046 0.028112451 0.066666670 0.072463766 0.048327137 0.036437247 0.066666670 0.044897959 0.066666670 0.026615970 0.036437247 0.062271062 0.003921569 0.094017096 0.132743359 0.113043480 0.098712444 0.146666661 0.044897959 0.007751938 0.108225107 0.057851240 0.113043480 0.024000000 0.015873017 0.003891051 0.057851240 0.040650405 0.108225107 0.024000000 0.207430348 0.072463766 0.075630255 0.000000000
