0.012202200 0.038751062 0.028195158 0.061346415 0.045489222 0.036275640 0.040393662 0.039946169 0.043660276 0.050741006 0.044777445 0.051178895 0.035355046 0.039171372 0.025793269 0.026137235 0.030331118 0.054595035 0.038422979 0.044192515 0.024910372 0.041524634 0.023802083 0.037012428 0.047181450 0.049894523 0.037419751 0.034387093 0.024913151 0.037984431 0.079169437 0.048162851 0.051326409 0.031056393
0.038751062 0.006552134 0.027091004 0.035119511 0.031362303 0.019368449 0.014915588 0.014215738 0.021646477 0.023162741 0.022324769 0.026208567 0.017368499 0.016885009 0.033640243 0.030860865 0.018683154 0.025511364 0.016703142 0.030133341 0.026718952 0.017445236 0.029258788 0.019070148 0.011406134 0.021630799 0.018581778 0.017761156 0.025992781 0.016713139 0.038089670 0.027832557 0.021419490 0.031989440
0.028195158 0.027091004 0.003874298 0.045385376 0.022015825 0.017864212 0.016279085 0.020061180 0.023046611 0.034324713 0.026745113 0.036733247 0.019822430 0.018529046 0.019941391 0.015923359 0.015589067 0.034213126 0.018307343 0.026829541 0.009255461 0.021056136 0.013968151 0.016568802 0.028263062 0.032160763 0.019634010 0.013697230 0.014868144 0.018950626 0.053244352 0.029209733 0.024257205 0.014399247
0.061346415 0.035119511 0.045385376 0.013444197 0.036284022 0.034051307 0.028634131 0.025983768 0.038624905 0.016321788 0.020526851 0.015222205 0.022797558 0.031554967 0.057471275 0.055416338 0.031999137 0.027269723 0.031203648 0.024459455 0.039271411 0.024873374 0.047921829 0.027678592 0.024611967 0.017347718 0.034255728 0.031728923 0.040554069 0.028235333 0.045125421 0.016856931 0.036689330 0.046308525
0.045489222 0.031362303 0.022015825 0.036284022 -0.002644214 0.020284265 0.011588059 0.020540889 0.021793820 0.025059732 0.018970860 0.026725858 0.013628913 0.015858505 0.032668065 0.030580033 0.018212378 0.042763151 0.020337261 0.017172560 0.020496316 0.015084675 0.027198751 0.012974700 0.027313914 0.016732197 0.021242527 0.018313998 0.021054195 0.022067484 0.060563467 0.017787127 0.032157458 0.026443966
0.036275640 0.019368449 0.017864212 0.034051307 0.020284265 0.009246227 0.007933764 0.012598734 0.014664535 0.024606679 0.018104352 0.025122296 0.013629340 0.011929664 0.030184265 0.021878470 0.012718011 0.027196541 0.013887253 0.018179387 0.014850486 0.013580129 0.021886390 0.011010116 0.020455377 0.019942656 0.012824059 0.009046906 0.019317148 0.014151996 0.045755874 0.025196027 0.025625750 0.021653293
0.040393662 0.014915588 0.016279085 0.028634131 0.011588059 0.007933764 -0.004631059 0.005268989 0.010564400 0.017604494 0.002294150 0.021660468 0.007910019 0.005817486 0.029275239 0.024482124 0.010852041 0.022027493 0.007221469 0.014199517 0.015223835 0.005062611 0.023919657 0.001703319 0.011836917 0.005474276 0.008099658 0.005084793 0.018223453 0.006742459 0.041890193 0.014315859 0.017982645 0.018522082
0.039946169 0.014215738 0.020061180 0.025983768 0.020540889 0.012598734 0.005268989 0.000547735 0.012894701 0.016124977 0.011358070 0.016383911 0.008782768 0.010573033 0.033273723 0.028671660 0.014037857 0.020412501 0.012369148 0.013646961 0.016722504 0.010783331 0.027750373 0.006093103 0.011950715 0.011326330 0.011166714 0.007749155 0.022796385 0.008441922 0.042486772 0.017680597 0.015666116 0.024744963
0.043660276 0.021646477 0.023046611 0.038624905 0.021793820 0.014664535 0.010564400 0.012894701 0.005669348 0.024647247 0.019442035 0.026790101 0.014250210 0.013966343 0.038354836 0.030978248 0.014050441 0.029625898 0.016527655 0.021724213 0.019082917 0.013472106 0.027521126 0.010217940 0.019631758 0.018842060 0.019024009 0.014449691 0.021760676 0.014124503 0.053585932 0.025241395 0.017967746 0.026640970
0.050741006 0.023162741 0.034324713 0.016321788 0.025059732 0.024606679 0.017604494 0.016124977 0.024647247 0.002024857 0.011431886 0.008067295 0.015785117 0.021572750 0.046651330 0.044934303 0.024479151 0.018020678 0.021706453 0.014807738 0.028080232 0.016565645 0.038842626 0.019172529 0.013991276 0.007969731 0.024484228 0.019377559 0.034159370 0.018040834 0.037442278 0.009670681 0.021169102 0.037925534
0.044777445 0.022324769 0.026745113 0.020526851 0.018970860 0.018104352 0.002294150 0.011358070 0.019442035 0.011431886 0.000635195 0.013396663 0.011747481 0.013262914 0.033998042 0.034112956 0.019927423 0.014968730 0.016898092 0.015582255 0.021903470 0.011073127 0.030699041 0.014027763 0.013832523 0.007903456 0.017476741 0.015057533 0.028421545 0.015217081 0.036238112 0.009261437 0.017007874 0.029258059
0.051178895 0.026208567 0.036733247 0.015222205 0.026725858 0.025122296 0.021660468 0.016383911 0.026790101 0.008067295 0.013396663 0.003639160 0.017274536 0.022154363 0.045621857 0.046997279 0.026972543 0.016948367 0.024581823 0.019864954 0.032827385 0.018472861 0.039278671 0.022946192 0.014786651 0.011042520 0.025190700 0.024661120 0.034522504 0.020313563 0.038056299 0.011228634 0.020710099 0.037173100
0.035355046 0.017368499 0.019822430 0.022797558 0.013628913 0.013629340 0.007910019 0.008782768 0.014250210 0.015785117 0.011747481 0.017274536 0.001320562 0.012008944 0.029330445 0.025707942 0.015782431 0.021513052 0.013371671 0.013623245 0.019517569 0.013080385 0.023075625 0.011171199 0.015420947 0.013561998 0.014735449 0.010798922 0.021850273 0.012545800 0.040319365 0.016745396 0.015109058 0.023123635
0.039171372 0.016885009 0.018529046 0.031554967 0.015858505 0.011929664 0.005817486 0.010573033 0.013966343 0.021572750 0.013262914 0.022154363 0.012008944 0.004246006 0.029882971 0.023943085 0.013009820 0.023921806 0.012802837 0.015378540 0.017153688 0.014085352 0.023664242 0.011195693 0.017887451 0.017473280 0.012955730 0.009747563 0.018987734 0.012000999 0.048587762 0.021839110 0.024686903 0.020571437
0.025793269 0.033640243 0.019941391 0.057471275 0.032668065 0.030184265 0.029275239 0.033273723 0.038354836 0.046651330 0.033998042 0.045621857 0.029330445 0.029882971 0.009569702 0.020334966 0.022722539 0.050284002 0.031570833 0.035328344 0.020920016 0.033304937 0.018333456 0.026092619 0.044392265 0.042352475 0.030333783 0.027208161 0.017409198 0.031659856 0.074652195 0.037205867 0.047263209 0.020224717
0.026137235 0.030860865 0.015923359 0.055416338 0.030580033 0.021878470 0.024482124 0.028671660 0.030978248 0.044934303 0.034112956 0.046997279 0.025707942 0.023943085 0.020334966 0.005448331 0.017163318 0.043988079 0.026716102 0.034549020 0.011395073 0.028741190 0.012479315 0.023755576 0.035786074 0.040993266 0.026171869 0.022528257 0.010991856 0.026891988 0.058888435 0.037917189 0.033779282 0.015743464
0.030331118 0.018683154 0.015589067 0.031999137 0.018212378 0.012718011 0.010852041 0.014037857 0.014050441 0.024479151 0.019927423 0.026972543 0.015782431 0.013009820 0.022722539 0.017163318 -0.002274290 0.027993042 0.010279191 0.016817909 0.010298819 0.014243187 0.015942488 0.011968482 0.020129845 0.021536278 0.012456216 0.010178366 0.013872028 0.014462183 0.041094311 0.025100732 0.026296444 0.015667472
0.054595035 0.025511364 0.034213126 0.027269723 0.042763151 0.027196541 0.022027493 0.020412501 0.029625898 0.018020678 0.014968730 0.016948367 0.021513052 0.023921806 0.050284002 0.043988079 0.027993042 0.009047680 0.024809118 0.028333178 0.033124201 0.020698756 0.041457951 0.024812933 0.017804153 0.018419107 0.025997039 0.025276665 0.038669996 0.023572888 0.040064745 0.018019391 0.032462254 0.040400602
0.038422979 0.016703142 0.018307343 0.031203648 0.020337261 0.013887253 0.007221469 0.012369148 0.016527655 0.021706453 0.016898092 0.024581823 0.013371671 0.012802837 0.031570833 0.026716102 0.010279191 0.024809118 0.001062743 0.018660638 0.017619489 0.012390667 0.022705667 0.012514274 0.017455500 0.017129885 0.013611479 0.011628736 0.019049535 0.014354537 0.042049736 0.022200324 0.025000416 0.020117320
0.044192515 0.030133341 0.026829541 0.024459455 0.017172560 0.018179387 0.014199517 0.013646961 0.021724213 0.014807738 0.015582255 0.019864954 0.013623245 0.015378540 0.035328344 0.034549020 0.016817909 0.028333178 0.018660638 -0.000129144 0.019478943 0.016609129 0.029601391 0.016366828 0.018277595 0.015888898 0.023196023 0.013038266 0.025346078 0.014710155 0.045848481 0.011685076 0.024158517 0.028119763
0.024910372 0.026718952 0.009255461 0.039271411 0.020496316 0.014850486 0.015223835 0.016722504 0.019082917 0.028080232 0.021903470 0.032827385 0.019517569 0.017153688 0.020920016 0.011395073 0.010298819 0.033124201 0.017619489 0.019478943 0.000237778 0.019153878 0.011385387 0.014936409 0.029336926 0.027867381 0.019009164 0.010807236 0.011845738 0.014767831 0.051276274 0.026494138 0.023599029 0.013511039
0.041524634 0.017445236 0.021056136 0.024873374 0.015084675 0.013580129 0.005062611 0.010783331 0.013472106 0.016565645 0.011073127 0.018472861 0.013080385 0.014085352 0.033304937 0.028741190 0.014243187 0.020698756 0.012390667 0.016609129 0.019153878 -0.000966970 0.026086191 0.010246327 0.013505727 0.011655398 0.013155233 0.009974150 0.021592561 0.012651909 0.037103813 0.016934890 0.017959971 0.023190476
0.023802083 0.029258788 0.013968151 0.047921829 0.027198751 0.021886390 0.023919657 0.027750373 0.027521126 0.038842626 0.030699041 0.039278671 0.023075625 0.023664242 0.018333456 0.012479315 0.015942488 0.041457951 0.022705667 0.029601391 0.011385387 0.026086191 0.003800174 0.022530880 0.034710888 0.036068492 0.025038991 0.020890305 0.011474013 0.025671110 0.057323884 0.034347679 0.033423271 0.015673451
0.037012428 0.019070148 0.016568802 0.027678592 0.012974700 0.011010116 0.001703319 0.006093103 0.010217940 0.019172529 0.014027763 0.022946192 0.011171199 0.011195693 0.026092619 0.023755576 0.011968482 0.024812933 0.012514274 0.016366828 0.014936409 0.010246327 0.022530880 -0.000634248 0.016870115 0.015451735 0.010327991 0.006478612 0.018741105 0.008803075 0.040555481 0.020713884 0.015395687 0.018812824
0.047181450 0.011406134 0.028263062 0.024611967 0.027313914 0.020455377 0.011836917 0.011950715 0.019631758 0.013991276 0.013832523 0.014786651 0.015420947 0.017887451 0.044392265 0.035786074 0.020129845 0.017804153 0.017455500 0.018277595 0.029336926 0.013505727 0.034710888 0.016870115 -0.017732129 0.012869835 0.018069385 0.015487304 0.028726276 0.016028592 0.030823059 0.021609467 0.022129763 0.033495452
0.049894523 0.021630799 0.032160763 0.017347718 0.016732197 0.019942656 0.005474276 0.011326330 0.018842060 0.007969731 0.007903456 0.011042520 0.013561998 0.017473280 0.042352475 0.040993266 0.021536278 0.018419107 0.017129885 0.015888898 0.027867381 0.011655398 0.036068492 0.015451735 0.012869835 -0.000502091 0.019436840 0.016889472 0.030775137 0.014834104 0.040453784 0.009953277 0.016770611 0.033233710
0.037419751 0.018581778 0.019634010 0.034255728 0.021242527 0.012824059 0.008099658 0.011166714 0.019024009 0.024484228 0.017476741 0.025190700 0.014735449 0.012955730 0.030333783 0.026171869 0.012456216 0.025997039 0.013611479 0.023196023 0.019009164 0.013155233 0.025038991 0.010327991 0.018069385 0.019436840 0.008647755 0.009100458 0.021344436 0.012353152 0.041810066 0.024710370 0.022865698 0.023819350
0.034387093 0.017761156 0.013697230 0.031728923 0.018313998 0.009046906 0.005084793 0.007749155 0.014449691 0.019377559 0.015057533 0.024661120 0.010798922 0.009747563 0.027208161 0.022528257 0.010178366 0.025276665 0.011628736 0.013038266 0.010807236 0.009974150 0.020890305 0.006478612 0.015487304 0.016889472 0.009100458 -0.000274599 0.016254105 0.006131758 0.043406501 0.019383954 0.020058975 0.017276745
0.024913151 0.025992781 0.014868144 0.040554069 0.021054195 0.019317148 0.018223453 0.022796385 0.021760676 0.034159370 0.028421545 0.034522504 0.021850273 0.018987734 0.017409198 0.010991856 0.013872028 0.038669996 0.019049535 0.025346078 0.011845738 0.021592561 0.011474013 0.018741105 0.028726276 0.030775137 0.021344436 0.016254105 0.004045986 0.022839051 0.044618718 0.030821163 0.031719517 0.010791672
0.037984431 0.016713139 0.018950626 0.028235333 0.022067484 0.014151996 0.006742459 0.008441922 0.014124503 0.018040834 0.015217081 0.020313563 0.012545800 0.012000999 0.031659856 0.026891988 0.014462183 0.023572888 0.014354537 0.014710155 0.014767831 0.012651909 0.025671110 0.008803075 0.016028592 0.014834104 0.012353152 0.006131758 0.022839051 0.004245222 0.044160105 0.019136917 0.016162833 0.024229119
0.079169437 0.038089670 0.053244352 0.045125421 0.060563467 0.045755874 0.041890193 0.042486772 0.053585932 0.037442278 0.036238112 0.038056299 0.040319365 0.048587762 0.074652195 0.058888435 0.041094311 0.040064745 0.042049736 0.045848481 0.051276274 0.037103813 0.057323884 0.040555481 0.030823059 0.040453784 0.041810066 0.043406501 0.044618718 0.044160105 -0.001636773 0.032734863 0.066518664 0.054488763
0.048162851 0.027832557 0.029209733 0.016856931 0.017787127 0.025196027 0.014315859 0.017680597 0.025241395 0.009670681 0.009261437 0.011228634 0.016745396 0.021839110 0.037205867 0.037917189 0.025100732 0.018019391 0.022200324 0.011685076 0.026494138 0.016934890 0.034347679 0.020713884 0.021609467 0.009953277 0.024710370 0.019383954 0.030821163 0.019136917 0.032734863 0.002911999 0.026689680 0.034366734
0.051326409 0.021419490 0.024257205 0.036689330 0.032157458 0.025625750 0.017982645 0.015666116 0.017967746 0.021169102 0.017007874 0.020710099 0.015109058 0.024686903 0.047263209 0.033779282 0.026296444 0.032462254 0.025000416 0.024158517 0.023599029 0.017959971 0.033423271 0.015395687 0.022129763 0.016770611 0.022865698 0.020058975 0.031719517 0.016162833 0.066518664 0.026689680 -0.001310199 0.037515718
0.031056393 0.031989440 0.014399247 0.046308525 0.026443966 0.021653293 0.018522082 0.024744963 0.026640970 0.037925534 0.029258059 0.037173100 0.023123635 0.020571437 0.020224717 0.015743464 0.015667472 0.040400602 0.020117320 0.028119763 0.013511039 0.023190476 0.015673451 0.018812824 0.033495452 0.033233710 0.023819350 0.017276745 0.010791672 0.024229119 0.054488763 0.034366734 0.037515718 0.009089693
