0.000000000 0.148325354 0.105527639 0.282258064 0.096446700 0.160377353 0.152380958 0.205357149 0.205357149 0.252100855 0.212389380 0.258333325 0.219298244 0.160377353 0.027322404 0.164319247 0.135922328 0.252100855 0.118811883 0.229437232 0.087179489 0.236051500 0.091836736 0.168224305 0.198198199 0.198198199 0.152380958 0.156398103 0.101010099 0.156398103 0.333333343 0.226086959 0.179723501 0.123152710
0.148325354 0.000000000 0.043478262 0.139784947 0.052631579 0.012345679 0.004149378 0.058823530 0.058823530 0.107806690 0.066147856 0.114391141 0.073359072 0.012345679 0.121495329 0.016393442 0.012658228 0.107806690 0.030042918 0.083969466 0.061946902 0.090909094 0.057268724 0.020408163 0.051383398 0.051383398 0.004149378 0.008264462 0.048034936 0.008264462 0.194630876 0.080459774 0.032258064 0.025641026
0.105527639 0.043478262 0.000000000 0.182156131 0.009174312 0.055793993 0.047619049 0.102040820 0.102040820 0.150579154 0.109311745 0.157088116 0.116465867 0.055793993 0.078431375 0.059829060 0.030837005 0.150579154 0.013452915 0.126984134 0.018518519 0.133858263 0.013824885 0.063829787 0.094650209 0.094650209 0.047619049 0.051724140 0.004566210 0.051724140 0.236111104 0.123505980 0.075630255 0.017857144
0.282258064 0.139784947 0.182156131 0.000000000 0.191011235 0.127659574 0.135714293 0.081632651 0.081632651 0.032467533 0.074324325 0.025806451 0.067114092 0.127659574 0.256917000 0.123674914 0.152173907 0.032467533 0.169117644 0.056478404 0.200000003 0.049504951 0.195488721 0.119718313 0.089041099 0.089041099 0.135714293 0.131672591 0.186567158 0.131672591 0.056379821 0.059999999 0.108013935 0.164835170
0.096446700 0.052631579 0.009174312 0.191011235 0.000000000 0.064935066 0.056768559 0.111111112 0.111111112 0.159533069 0.118367344 0.166023165 0.125506073 0.064935066 0.069306932 0.068965517 0.039999999 0.159533069 0.022624435 0.136000007 0.009345794 0.142857149 0.004651163 0.072961375 0.103734441 0.103734441 0.056768559 0.060869563 0.004608295 0.060869563 0.244755238 0.132530123 0.084745765 0.027027028
0.160377353 0.012345679 0.055793993 0.127659574 0.064935066 0.000000000 0.008196721 0.046511628 0.046511628 0.095588237 0.053846154 0.102189779 0.061068702 0.000000000 0.133640558 0.004048583 0.025000000 0.095588237 0.042372882 0.071698114 0.074235804 0.078651689 0.069565214 0.008064516 0.039062500 0.039062500 0.008196721 0.004081632 0.060344826 0.004081632 0.182724252 0.068181820 0.019920319 0.037974682
0.152380958 0.004149378 0.047619049 0.135714293 0.056768559 0.008196721 0.000000000 0.054687500 0.054687500 0.103703700 0.062015504 0.110294119 0.069230773 0.008196721 0.125581399 0.012244898 0.016806724 0.103703700 0.034188036 0.079847910 0.066079296 0.086792454 0.061403509 0.016260162 0.047244094 0.047244094 0.000000000 0.004115226 0.052173913 0.004115226 0.190635458 0.076335877 0.028112451 0.029787235
0.205357149 0.058823530 0.102040820 0.081632651 0.111111112 0.046511628 0.054687500 0.000000000 0.000000000 0.049295776 0.007352941 0.055944055 0.014598540 0.046511628 0.179039299 0.042471044 0.071428575 0.049295776 0.088709675 0.025270758 0.120331950 0.032258064 0.115702480 0.038461540 0.007462686 0.007462686 0.054687500 0.050583657 0.106557377 0.050583657 0.137380198 0.021739131 0.026615970 0.084337346
0.205357149 0.058823530 0.102040820 0.081632651 0.111111112 0.046511628 0.054687500 0.000000000 0.000000000 0.049295776 0.007352941 0.055944055 0.014598540 0.046511628 0.179039299 0.042471044 0.071428575 0.049295776 0.088709675 0.025270758 0.120331950 0.032258064 0.115702480 0.038461540 0.007462686 0.007462686 0.054687500 0.050583657 0.106557377 0.050583657 0.137380198 0.021739131 0.026615970 0.084337346
0.252100855 0.107806690 0.150579154 0.032467533 0.159533069 0.095588237 0.103703700 0.049295776 0.049295776 0.000000000 0.041958041 0.006666667 0.034722224 0.095588237 0.226337448 0.091575094 0.120300755 0.000000000 0.137404576 0.024054984 0.168627456 0.017064847 0.164062500 0.087591238 0.056737587 0.056737587 0.103703700 0.099630997 0.155038759 0.099630997 0.088685013 0.027586207 0.075812273 0.133079842
0.212389380 0.066147856 0.109311745 0.074324325 0.118367344 0.053846154 0.062015504 0.007352941 0.007352941 0.041958041 0.000000000 0.048611112 0.007246377 0.053846154 0.186147183 0.049808428 0.078740157 0.041958041 0.096000001 0.017921148 0.127572015 0.024911031 0.122950822 0.045801528 0.014814815 0.014814815 0.062015504 0.057915058 0.113821141 0.057915058 0.130158737 0.014388490 0.033962265 0.091633469
0.258333325 0.114391141 0.157088116 0.025806451 0.166023165 0.102189779 0.110294119 0.055944055 0.055944055 0.006666667 0.048611112 0.000000000 0.041379310 0.102189779 0.232653067 0.098181821 0.126865670 0.006666667 0.143939391 0.030716723 0.175097272 0.023728814 0.170542642 0.094202898 0.063380279 0.063380279 0.110294119 0.106227107 0.161538467 0.106227107 0.082066871 0.034246575 0.082437277 0.139622644
0.219298244 0.073359072 0.116465867 0.067114092 0.125506073 0.061068702 0.069230773 0.014598540 0.014598540 0.034722224 0.007246377 0.041379310 0.000000000 0.061068702 0.193133041 0.057034221 0.085937500 0.034722224 0.103174604 0.010676157 0.134693876 0.017667845 0.130081296 0.053030305 0.022058824 0.022058824 0.069230773 0.065134101 0.120967738 0.065134101 0.123028390 0.007142857 0.041198503 0.098814227
0.160377353 0.012345679 0.055793993 0.127659574 0.064935066 0.000000000 0.008196721 0.046511628 0.046511628 0.095588237 0.053846154 0.102189779 0.061068702 0.000000000 0.133640558 0.004048583 0.025000000 0.095588237 0.042372882 0.071698114 0.074235804 0.078651689 0.069565214 0.008064516 0.039062500 0.039062500 0.008196721 0.004081632 0.060344826 0.004081632 0.182724252 0.068181820 0.019920319 0.037974682
0.027322404 0.121495329 0.078431375 0.256917000 0.069306932 0.133640558 0.125581399 0.179039299 0.179039299 0.226337448 0.186147183 0.232653067 0.193133041 0.133640558 0.000000000 0.137614682 0.109004736 0.226337448 0.091787443 0.203389823 0.059999999 0.210084036 0.064676620 0.141552508 0.171806172 0.171806172 0.125581399 0.129629627 0.073891625 0.129629627 0.308823526 0.200000003 0.153153151 0.096153848
0.164319247 0.016393442 0.059829060 0.123674914 0.068965517 0.004048583 0.012244898 0.042471044 0.042471044 0.091575094 0.049808428 0.098181821 0.057034221 0.004048583 0.137614682 0.000000000 0.029045643 0.091575094 0.046413504 0.067669176 0.078260869 0.074626863 0.073593073 0.004016064 0.035019454 0.035019454 0.012244898 0.008130081 0.064377680 0.008130081 0.178807944 0.064150944 0.015873017 0.042016808
0.135922328 0.012658228 0.030837005 0.152173907 0.039999999 0.025000000 0.016806724 0.071428575 0.071428575 0.120300755 0.078740157 0.126865670 0.085937500 0.025000000 0.109004736 0.029045643 0.000000000 0.120300755 0.017391304 0.096525095 0.049327355 0.103448279 0.044642858 0.033057850 0.064000003 0.064000003 0.016806724 0.020920502 0.035398230 0.020920502 0.206779659 0.093023255 0.044897959 0.012987013
0.252100855 0.107806690 0.150579154 0.032467533 0.159533069 0.095588237 0.103703700 0.049295776 0.049295776 0.000000000 0.041958041 0.006666667 0.034722224 0.095588237 0.226337448 0.091575094 0.120300755 0.000000000 0.137404576 0.024054984 0.168627456 0.017064847 0.164062500 0.087591238 0.056737587 0.056737587 0.103703700 0.099630997 0.155038759 0.099630997 0.088685013 0.027586207 0.075812273 0.133079842
0.118811883 0.030042918 0.013452915 0.169117644 0.022624435 0.042372882 0.034188036 0.088709675 0.088709675 0.137404576 0.096000001 0.143939391 0.103174604 0.042372882 0.091787443 0.046413504 0.017391304 0.137404576 0.000000000 0.113725491 0.031963471 0.120622568 0.027272727 0.050420169 0.081300810 0.081300810 0.034188036 0.038297873 0.018018018 0.038297873 0.223367691 0.110236220 0.062240664 0.004405286
0.229437232 0.083969466 0.126984134 0.056478404 0.136000007 0.071698114 0.079847910 0.025270758 0.025270758 0.024054984 0.017921148 0.030716723 0.010676157 0.071698114 0.203389823 0.067669176 0.096525095 0.024054984 0.113725491 0.000000000 0.145161286 0.006993007 0.140562251 0.063670412 0.032727271 0.032727271 0.079847910 0.075757578 0.131474108 0.075757578 0.112499997 0.003533569 0.051851850 0.109375000
0.087179489 0.061946902 0.018518519 0.200000003 0.009345794 0.074235804 0.066079296 0.120331950 0.120331950 0.168627456 0.127572015 0.175097272 0.134693876 0.074235804 0.059999999 0.078260869 0.049327355 0.168627456 0.031963471 0.145161286 0.000000000 0.151999995 0.004694836 0.082251079 0.112970710 0.112970710 0.066079296 0.070175439 0.013953488 0.070175439 0.253521115 0.141700402 0.094017096 0.036363635
0.236051500 0.090909094 0.133858263 0.049504951 0.142857149 0.078651689 0.086792454 0.032258064 0.032258064 0.017064847 0.024911031 0.023728814 0.017667845 0.078651689 0.210084036 0.074626863 0.103448279 0.017064847 0.120622568 0.006993007 0.151999995 0.000000000 0.147410363 0.070631973 0.039711192 0.039711192 0.086792454 0.082706764 0.138339922 0.082706764 0.105590060 0.010526316 0.058823530 0.116279073
0.091836736 0.057268724 0.013824885 0.195488721 0.004651163 0.069565214 0.061403509 0.115702480 0.115702480 0.164062500 0.122950822 0.170542642 0.130081296 0.069565214 0.064676620 0.073593073 0.044642858 0.164062500 0.027272727 0.140562251 0.004694836 0.147410363 0.000000000 0.077586204 0.108333334 0.108333334 0.061403509 0.065502182 0.009259259 0.065502182 0.249122813 0.137096778 0.089361705 0.031674210
0.168224305 0.020408163 0.063829787 0.119718313 0.072961375 0.008064516 0.016260162 0.038461540 0.038461540 0.087591238 0.045801528 0.094202898 0.053030305 0.008064516 0.141552508 0.004016064 0.033057850 0.087591238 0.050420169 0.063670412 0.082251079 0.070631973 0.077586204 0.000000000 0.031007752 0.031007752 0.016260162 0.012145749 0.068376072 0.012145749 0.174917489 0.060150377 0.011857707 0.046025105
0.198198199 0.051383398 0.094650209 0.089041099 0.103734441 0.039062500 0.047244094 0.007462686 0.007462686 0.056737587 0.014814815 0.063380279 0.022058824 0.039062500 0.171806172 0.035019454 0.064000003 0.056737587 0.081300810 0.032727271 0.112970710 0.039711192 0.108333334 0.031007752 0.000000000 0.000000000 0.047244094 0.043137256 0.099173553 0.043137256 0.144694537 0.029197080 0.019157087 0.076923080
0.198198199 0.051383398 0.094650209 0.089041099 0.103734441 0.039062500 0.047244094 0.007462686 0.007462686 0.056737587 0.014814815 0.063380279 0.022058824 0.039062500 0.171806172 0.035019454 0.064000003 0.056737587 0.081300810 0.032727271 0.112970710 0.039711192 0.108333334 0.031007752 0.000000000 0.000000000 0.047244094 0.043137256 0.099173553 0.043137256 0.144694537 0.029197080 0.019157087 0.076923080
0.152380958 0.004149378 0.047619049 0.135714293 0.056768559 0.008196721 0.000000000 0.054687500 0.054687500 0.103703700 0.062015504 0.110294119 0.069230773 0.008196721 0.125581399 0.012244898 0.016806724 0.103703700 0.034188036 0.079847910 0.066079296 0.086792454 0.061403509 0.016260162 0.047244094 0.047244094 0.000000000 0.004115226 0.052173913 0.004115226 0.190635458 0.076335877 0.028112451 0.029787235
0.156398103 0.008264462 0.051724140 0.131672591 0.060869563 0.004081632 0.004115226 0.050583657 0.050583657 0.099630997 0.057915058 0.106227107 0.065134101 0.004081632 0.129629627 0.008130081 0.020920502 0.099630997 0.038297873 0.075757578 0.070175439 0.082706764 0.065502182 0.012145749 0.043137256 0.043137256 0.004115226 0.000000000 0.056277055 0.000000000 0.186666667 0.072243348 0.024000000 0.033898305
0.101010099 0.048034936 0.004566210 0.186567158 0.004608295 0.060344826 0.052173913 0.106557377 0.106557377 0.155038759 0.113821141 0.161538467 0.120967738 0.060344826 0.073891625 0.064377680 0.035398230 0.155038759 0.018018018 0.131474108 0.013953488 0.138339922 0.009259259 0.068376072 0.099173553 0.099173553 0.052173913 0.056277055 0.000000000 0.056277055 0.240418121 0.128000006 0.080168776 0.022421524
0.156398103 0.008264462 0.051724140 0.131672591 0.060869563 0.004081632 0.004115226 0.050583657 0.050583657 0.099630997 0.057915058 0.106227107 0.065134101 0.004081632 0.129629627 0.008130081 0.020920502 0.099630997 0.038297873 0.075757578 0.070175439 0.082706764 0.065502182 0.012145749 0.043137256 0.043137256 0.004115226 0.000000000 0.056277055 0.000000000 0.186666667 0.072243348 0.024000000 0.033898305
0.333333343 0.194630876 0.236111104 0.056379821 0.244755238 0.182724252 0.190635458 0.137380198 0.137380198 0.088685013 0.130158737 0.082066871 0.123028390 0.182724252 0.308823526 0.178807944 0.206779659 0.088685013 0.223367691 0.112499997 0.253521115 0.105590060 0.249122813 0.174917489 0.144694537 0.144694537 0.190635458 0.186666667 0.240418121 0.186666667 0.000000000 0.115987457 0.163398698 0.219178081
0.226086959 0.080459774 0.123505980 0.059999999 0.132530123 0.068181820 0.076335877 0.021739131 0.021739131 0.027586207 0.014388490 0.034246575 0.007142857 0.068181820 0.200000003 0.064150944 0.093023255 0.027586207 0.110236220 0.003533569 0.141700402 0.010526316 0.137096778 0.060150377 0.029197080 0.029197080 0.076335877 0.072243348 0.128000006 0.072243348 0.115987457 0.000000000 0.048327137 0.105882354
0.179723501 0.032258064 0.075630255 0.108013935 0.084745765 0.019920319 0.028112451 0.026615970 0.026615970 0.075812273 0.033962265 0.082437277 0.041198503 0.019920319 0.153153151 0.015873017 0.044897959 0.075812273 0.062240664 0.051851850 0.094017096 0.058823530 0.089361705 0.011857707 0.019157087 0.019157087 0.028112451 0.024000000 0.080168776 0.024000000 0.163398698 0.048327137 0.000000000 0.057851240
0.123152710 0.025641026 0.017857144 0.164835170 0.027027028 0.037974682 0.029787235 0.084337346 0.084337346 0.133079842 0.091633469 0.139622644 0.098814227 0.037974682 0.096153848 0.042016808 0.012987013 0.133079842 0.004405286 0.109375000 0.036363635 0.116279073 0.031674210 0.046025105 0.076923080 0.076923080 0.029787235 0.033898305 0.022421524 0.033898305 0.219178081 0.105882354 0.057851240 0.000000000
