0.016601160 0.033587374 0.031204233 0.065903470 0.042737603 0.036310975 0.042395055 0.042439483 0.040784232 0.054612879 0.045442004 0.055016778 0.039267950 0.040526912 0.029851241 0.028803419 0.030680005 0.054365378 0.037820440 0.048534453 0.029368747 0.041478112 0.027522283 0.038608707 0.045484245 0.047656085 0.038674094 0.035826951 0.026568128 0.036975004 0.074050799 0.055882849 0.047783621 0.034761444
0.033587374 0.007931750 0.022646505 0.032659467 0.023423411 0.017389989 0.013235540 0.012730374 0.021313993 0.023563476 0.020879036 0.024451047 0.014032878 0.015286262 0.026706796 0.028233450 0.021240950 0.025890997 0.018928692 0.028834950 0.024280090 0.016588032 0.025431970 0.017339947 0.014287083 0.019505324 0.019195477 0.016630601 0.024769371 0.014525782 0.034515128 0.026438994 0.022860203 0.029339343
0.031204233 0.022646505 0.004030913 0.045833178 0.021039939 0.016466875 0.016226558 0.020266464 0.020252710 0.035371952 0.025976891 0.038037524 0.020664752 0.018303039 0.021507431 0.018291499 0.015947733 0.033745691 0.017828383 0.027333356 0.010487145 0.020021832 0.015235711 0.016424835 0.026983708 0.028953224 0.019874591 0.013740059 0.015670869 0.017142056 0.048258021 0.032350186 0.022332326 0.015603213
0.065903470 0.032659467 0.045833178 0.016233556 0.026557565 0.032371499 0.027660742 0.029674977 0.040318448 0.022174168 0.019776449 0.017082205 0.022587979 0.030266033 0.057934046 0.058605105 0.034514166 0.028198622 0.032069664 0.025928212 0.041231327 0.024536125 0.049598381 0.025772750 0.026598638 0.016066581 0.036166310 0.033103570 0.040071711 0.029125441 0.041222837 0.015726727 0.041011341 0.047622826
0.042737603 0.023423411 0.021039939 0.026557565 -0.002325666 0.017779624 0.012203118 0.015344185 0.020683441 0.021724038 0.017413914 0.023091303 0.014106911 0.016537823 0.033450264 0.031000987 0.016630571 0.030171916 0.019988853 0.016337197 0.021801710 0.016031217 0.028998114 0.014752114 0.016264562 0.015967859 0.020256722 0.018367592 0.026188083 0.014651010 0.051784158 0.018259626 0.023609485 0.028985634
0.036310975 0.017389989 0.016466875 0.032371499 0.017779624 0.007511564 0.007459229 0.011475798 0.013044664 0.024799073 0.017169002 0.025690496 0.013443058 0.009995682 0.027859582 0.022235565 0.012355468 0.025455508 0.013766136 0.019226894 0.014767949 0.013044013 0.021799233 0.010706885 0.017419595 0.017481942 0.013130981 0.009193286 0.020460110 0.010559939 0.040955488 0.025476858 0.022905167 0.021791928
0.042395055 0.013235540 0.016226558 0.027660742 0.012203118 0.007459229 -0.004771042 0.006719849 0.012156783 0.019150596 0.002305320 0.021918066 0.007861986 0.005451094 0.029090725 0.026221808 0.011156964 0.020560833 0.008245717 0.014033137 0.015638554 0.004992608 0.024613865 0.001560416 0.010234439 0.005074960 0.008721127 0.007311215 0.019885393 0.005915222 0.041679334 0.014489284 0.017799996 0.018728282
0.042439483 0.012730374 0.020266464 0.029674977 0.015344185 0.011475798 0.006719849 0.000653896 0.012120740 0.019552656 0.012004307 0.018409275 0.010095598 0.010843350 0.034478031 0.031523101 0.016091669 0.020615600 0.013921820 0.017289218 0.020427909 0.011615440 0.029374633 0.006078468 0.012813576 0.010844132 0.012866471 0.009642946 0.023451166 0.007074617 0.039845936 0.019049671 0.015570985 0.025825702
0.040784232 0.021313993 0.020252710 0.040318448 0.020683441 0.013044664 0.012156783 0.012120740 0.006968997 0.027642954 0.019669391 0.028107561 0.014985575 0.013439687 0.033996861 0.030058540 0.017380530 0.028600417 0.019055085 0.025390275 0.020421365 0.015221790 0.026089795 0.011938971 0.020949392 0.019125931 0.019672073 0.014619704 0.021955729 0.012954158 0.046023291 0.027941879 0.017399842 0.026181614
0.054612879 0.023563476 0.035371952 0.022174168 0.021724038 0.024799073 0.019150596 0.019552656 0.027642954 0.009005535 0.012306513 0.012896163 0.017014030 0.021686351 0.046410929 0.047940679 0.028048187 0.019695591 0.024368152 0.017885726 0.032054108 0.018152492 0.040627643 0.018781003 0.019822922 0.009152294 0.027249165 0.022973612 0.034989737 0.019750610 0.036700837 0.010712461 0.024475046 0.039351247
0.045442004 0.020879036 0.025976891 0.019776449 0.017413914 0.017169002 0.002305320 0.012004307 0.019669391 0.012306513 0.000448737 0.013872938 0.011748686 0.012857124 0.033343501 0.035980046 0.019087289 0.012987694 0.017530674 0.015620207 0.023258211 0.010919469 0.031226330 0.013726793 0.011556869 0.006881934 0.017858429 0.016310278 0.029890036 0.013323605 0.034456283 0.009001607 0.015813632 0.029103005
0.055016778 0.024451047 0.038037524 0.017082205 0.023091303 0.025690496 0.021918066 0.018409275 0.028107561 0.012896163 0.013872938 0.006556815 0.017398719 0.023056209 0.048420087 0.050458517 0.030173570 0.019606423 0.026791062 0.021619158 0.035799939 0.018696498 0.041592412 0.022483859 0.018913407 0.010955296 0.027694630 0.027018111 0.036058970 0.021024209 0.036436211 0.012718854 0.024061739 0.040260606
0.039267950 0.014032878 0.020664752 0.022587979 0.014106911 0.013443058 0.007861986 0.010095598 0.014985575 0.017014030 0.011748686 0.017398719 0.001545700 0.012476572 0.033033594 0.030067451 0.015744861 0.022021765 0.014615835 0.013311084 0.022045113 0.012875603 0.026464546 0.010587830 0.014027890 0.012579838 0.015508763 0.013600150 0.024024025 0.011249662 0.042563885 0.017983755 0.016132329 0.025248822
0.040526912 0.015286262 0.018303039 0.030266033 0.016537823 0.009995682 0.005451094 0.010843350 0.013439687 0.021686351 0.012857124 0.023056209 0.012476572 0.002830119 0.029866433 0.025179507 0.012485703 0.021297719 0.012095202 0.016501574 0.017721599 0.013477217 0.024071831 0.011148165 0.014332544 0.015596619 0.013699681 0.010677898 0.021585317 0.009436297 0.044937119 0.022775866 0.021723989 0.021560062
0.029851241 0.026706796 0.021507431 0.057934046 0.033450264 0.027859582 0.029090725 0.034478031 0.033996861 0.046410929 0.033343501 0.048420087 0.033033594 0.029866433 0.008170132 0.021830047 0.020778894 0.045547888 0.028253213 0.037639014 0.021903751 0.031409394 0.019379413 0.026755296 0.036796674 0.037284527 0.030413320 0.026049891 0.020848107 0.028505491 0.064297765 0.041622993 0.037623432 0.023056332
0.028803419 0.028233450 0.018291499 0.058605105 0.031000987 0.022235565 0.026221808 0.031523101 0.030058540 0.047940679 0.035980046 0.050458517 0.030067451 0.025179507 0.021830047 0.006469554 0.019306263 0.042391758 0.027171511 0.039179906 0.013218662 0.029276960 0.013535694 0.025821606 0.033972565 0.040262632 0.027882725 0.024683952 0.013616587 0.026039153 0.056213297 0.043726336 0.030702289 0.018527040
0.030680005 0.021240950 0.015947733 0.034514166 0.016630571 0.012355468 0.011156964 0.016091669 0.017380530 0.028048187 0.019087289 0.030173570 0.015744861 0.012485703 0.020778894 0.019306263 0.001427049 0.027137913 0.012292260 0.019691981 0.012253957 0.014645439 0.015147213 0.012159193 0.019523665 0.021256942 0.013858114 0.013394767 0.014923653 0.014365890 0.040188603 0.023295073 0.026955219 0.014561229
0.054365378 0.025890997 0.033745691 0.028198622 0.030171916 0.025455508 0.020560833 0.020615600 0.028600417 0.019695591 0.012987694 0.019606423 0.022021765 0.021297719 0.045547888 0.042391758 0.027137913 0.006282032 0.024006382 0.029108912 0.032799669 0.018052904 0.038162660 0.023192732 0.017599700 0.013795364 0.025951562 0.023249611 0.036849454 0.021739993 0.030419385 0.015834024 0.029270466 0.038103834
0.037820440 0.018928692 0.017828383 0.032069664 0.019988853 0.013766136 0.008245717 0.013921820 0.019055085 0.024368152 0.017530674 0.026791062 0.014615835 0.012095202 0.028253213 0.027171511 0.012292260 0.024006382 0.003638240 0.020680850 0.018066917 0.013084359 0.021784225 0.013455370 0.017553397 0.017568493 0.015481978 0.013749499 0.020632695 0.014282960 0.039821178 0.022271017 0.025347136 0.019457933
0.048534453 0.028834950 0.027333356 0.025928212 0.016337197 0.019226894 0.014033137 0.017289218 0.025390275 0.017885726 0.015620207 0.021619158 0.013311084 0.016501574 0.037639014 0.039179906 0.019691981 0.029108912 0.020680850 0.003117808 0.022293866 0.017754929 0.032761160 0.015818093 0.020216525 0.016125813 0.026431805 0.016763944 0.028231544 0.015752424 0.044733807 0.015757315 0.027823925 0.033596162
0.029368747 0.024280090 0.010487145 0.041231327 0.021801710 0.014767949 0.015638554 0.020427909 0.020421365 0.032054108 0.023258211 0.035799939 0.022045113 0.017721599 0.021903751 0.013218662 0.012253957 0.032799669 0.018066917 0.022293866 0.002245765 0.019287953 0.012767714 0.015070788 0.028820029 0.026728731 0.020408921 0.013123292 0.014007987 0.016042452 0.048893660 0.031302102 0.024127668 0.015747320
0.041478112 0.016588032 0.020021832 0.024536125 0.016031217 0.013044013 0.004992608 0.011615440 0.015221790 0.018152492 0.010919469 0.018696498 0.012875603 0.013477217 0.031409394 0.029276960 0.014645439 0.018052904 0.013084359 0.017754929 0.019287953 -0.001003121 0.025479639 0.010354681 0.012114696 0.011654676 0.013577096 0.011920921 0.023412984 0.011385474 0.035778444 0.017613336 0.017032627 0.023075562
0.027522283 0.025431970 0.015235711 0.049598381 0.028998114 0.021799233 0.024613865 0.029374633 0.026089795 0.040627643 0.031226330 0.041592412 0.026464546 0.024071831 0.019379413 0.013535694 0.015147213 0.038162660 0.021784225 0.032761160 0.012767714 0.025479639 0.004769914 0.023622924 0.030452045 0.034102831 0.025228795 0.021888630 0.014605904 0.023632519 0.053095389 0.040447071 0.028637685 0.018217776
0.038608707 0.017339947 0.016424835 0.025772750 0.014752114 0.010706885 0.001560416 0.006078468 0.011938971 0.018781003 0.013726793 0.022483859 0.010587830 0.011148165 0.026755296 0.025821606 0.012159193 0.023192732 0.013455370 0.015818093 0.015070788 0.010354681 0.023622924 -0.000605104 0.014762787 0.015177050 0.010794356 0.008679900 0.020681862 0.007591115 0.042245951 0.020029552 0.015591184 0.019229967
0.045484245 0.014287083 0.026983708 0.026598638 0.016264562 0.017419595 0.010234439 0.012813576 0.020949392 0.019822922 0.011556869 0.018913407 0.014027890 0.014332544 0.036796674 0.033972565 0.019523665 0.017599700 0.017553397 0.020216525 0.028820029 0.012114696 0.030452045 0.014762787 -0.013814970 0.010260327 0.017965659 0.016150560 0.026733503 0.015017632 0.028769054 0.016212389 0.021620560 0.028930016
0.047656085 0.019505324 0.028953224 0.016066581 0.015967859 0.017481942 0.005074960 0.010844132 0.019125931 0.009152294 0.006881934 0.010955296 0.012579838 0.015596619 0.037284527 0.040262632 0.021256942 0.013795364 0.017568493 0.016125813 0.026728731 0.011654676 0.034102831 0.015177050 0.010260327 -0.000513283 0.019050643 0.017564915 0.030926161 0.012718558 0.036370914 0.009918173 0.014584379 0.029945444
0.038674094 0.019195477 0.019874591 0.036166310 0.020256722 0.013130981 0.008721127 0.012866471 0.019672073 0.027249165 0.017858429 0.027694630 0.015508763 0.013699681 0.030413320 0.027882725 0.013858114 0.025951562 0.015481978 0.026431805 0.020408921 0.013577096 0.025228795 0.010794356 0.017965659 0.019050643 0.009990718 0.011079578 0.023510057 0.011367635 0.041714642 0.027935592 0.022975344 0.025256978
0.035826951 0.016630601 0.013740059 0.033103570 0.018367592 0.009193286 0.007311215 0.009642946 0.014619704 0.022973612 0.016310278 0.027018111 0.013600150 0.010677898 0.026049891 0.024683952 0.013394767 0.023249611 0.013749499 0.016763944 0.013123292 0.011920921 0.021888630 0.008679900 0.016150560 0.017564915 0.011079578 0.001586866 0.018209890 0.006923062 0.038700562 0.023601845 0.019192334 0.018943846
0.026568128 0.024769371 0.015670869 0.040071711 0.026188083 0.020460110 0.019885393 0.023451166 0.021955729 0.034989737 0.029890036 0.036058970 0.024024025 0.021585317 0.020848107 0.013616587 0.014923653 0.036849454 0.020632695 0.028231544 0.014007987 0.023412984 0.014605904 0.020681862 0.026733503 0.030926161 0.023510057 0.018209890 0.010527506 0.020286456 0.043310802 0.036395986 0.029338542 0.015746061
0.036975004 0.014525782 0.017142056 0.029125441 0.014651010 0.010559939 0.005915222 0.007074617 0.012954158 0.019750610 0.013323605 0.021024209 0.011249662 0.009436297 0.028505491 0.026039153 0.014365890 0.021739993 0.014282960 0.015752424 0.016042452 0.011385474 0.023632519 0.007591115 0.015017632 0.012718558 0.011367635 0.006923062 0.020286456 0.001710856 0.038972288 0.016878437 0.014851226 0.020857811
0.074050799 0.034515128 0.048258021 0.041222837 0.051784158 0.040955488 0.041679334 0.039845936 0.046023291 0.036700837 0.034456283 0.036436211 0.042563885 0.044937119 0.064297765 0.056213297 0.040188603 0.030419385 0.039821178 0.044733807 0.048893660 0.035778444 0.053095389 0.042245951 0.028769054 0.036370914 0.041714642 0.038700562 0.043310802 0.038972288 -0.013983389 0.035323977 0.052514650 0.051473606
0.055882849 0.026438994 0.032350186 0.015726727 0.018259626 0.025476858 0.014489284 0.019049671 0.027941879 0.010712461 0.009001607 0.012718854 0.017983755 0.022775866 0.041622993 0.043726336 0.023295073 0.015834024 0.022271017 0.015757315 0.031302102 0.017613336 0.040447071 0.020029552 0.016212389 0.009918173 0.027935592 0.023601845 0.036395986 0.016878437 0.035323977 0.002993004 0.025243059 0.040679768
0.047783621 0.022860203 0.022332326 0.041011341 0.023609485 0.022905167 0.017799996 0.015570985 0.017399842 0.024475046 0.015813632 0.024061739 0.016132329 0.021723989 0.037623432 0.030702289 0.026955219 0.029270466 0.025347136 0.027823925 0.024127668 0.017032627 0.028637685 0.015591184 0.021620560 0.014584379 0.022975344 0.019192334 0.029338542 0.014851226 0.052514650 0.025243059 -0.005309228 0.033125348
0.034761444 0.029339343 0.015603213 0.047622826 0.028985634 0.021791928 0.018728282 0.025825702 0.026181614 0.039351247 0.029103005 0.040260606 0.025248822 0.021560062 0.023056332 0.018527040 0.014561229 0.038103834 0.019457933 0.033596162 0.015747320 0.023075562 0.018217776 0.019229967 0.028930016 0.029945444 0.025256978 0.018943846 0.015746061 0.020857811 0.051473606 0.040679768 0.033125348 0.014419921
