0.014118274 0.050870862 0.032833058 0.060106847 0.041181147 0.036892053 0.041808154 0.040688768 0.038844809 0.049574196 0.045871176 0.057120815 0.036544114 0.041127719 0.030546505 0.029495180 0.032367930 0.059066340 0.039676521 0.045789786 0.025879610 0.044530097 0.025066279 0.040562760 0.046982255 0.049028397 0.039066814 0.036394075 0.023341287 0.038915046 0.074472733 0.051880475 0.058926284 0.028955409
0.050870862 0.006963432 0.030265959 0.038659509 0.028714640 0.025368651 0.014222153 0.023031686 0.023918780 0.025112407 0.025360812 0.025184810 0.017284423 0.021880345 0.057313133 0.029360687 0.019722840 0.034144059 0.016220875 0.032700539 0.031623520 0.015281643 0.034647010 0.017396199 0.022869453 0.020238463 0.023641976 0.021561738 0.025134150 0.023948379 0.052028328 0.031447038 0.031697981 0.037333507
0.032833058 0.030265959 0.005143076 0.041026905 0.020427089 0.017074987 0.015653543 0.019731741 0.017292079 0.030525962 0.026088011 0.037217565 0.019130880 0.019495722 0.026994891 0.017891277 0.015433961 0.037078217 0.016647983 0.025045589 0.009674773 0.020992406 0.016098015 0.016334031 0.027729452 0.028389903 0.019606054 0.013499889 0.013325848 0.018078594 0.051472411 0.031019466 0.027725667 0.014357440
0.060106847 0.038659509 0.041026905 0.009581350 0.031036012 0.032629441 0.027474243 0.024632504 0.032086506 0.012863045 0.019825626 0.014875783 0.021873420 0.030473966 0.059461080 0.048436865 0.030693907 0.025030270 0.028997399 0.026442476 0.038385957 0.023396410 0.045027170 0.026592579 0.025729537 0.015680108 0.031626161 0.031111781 0.037973076 0.026876967 0.037816186 0.016801048 0.036222946 0.042197634
0.041181147 0.028714640 0.020427089 0.031036012 -0.002407901 0.019182082 0.012288576 0.015484996 0.020316230 0.022181746 0.017234277 0.025810776 0.013747493 0.015328459 0.030246042 0.027564188 0.017169107 0.037607368 0.018963413 0.017961323 0.022323575 0.016574431 0.024294764 0.013864176 0.022561142 0.016904883 0.018905234 0.018255025 0.020015337 0.017737545 0.054104649 0.017160449 0.028836675 0.024306994
0.036892053 0.025368651 0.017074987 0.032629441 0.019182082 0.010661023 0.007377020 0.014112085 0.013697962 0.023222707 0.018643243 0.027446218 0.014142431 0.014614234 0.032767020 0.021290094 0.012681028 0.028547458 0.013514602 0.019954447 0.014485409 0.014185080 0.020245522 0.010471527 0.021899479 0.018312253 0.013785152 0.010001957 0.018372096 0.014515735 0.042930927 0.028308284 0.028395711 0.020112183
0.041808154 0.014222153 0.015653543 0.027474243 0.012288576 0.007377020 -0.004595639 0.004617425 0.010568751 0.016714642 0.002205988 0.020947050 0.007654056 0.004966347 0.030531159 0.023020407 0.010909912 0.022703215 0.006596100 0.014460129 0.016456278 0.005035622 0.023544241 0.001236961 0.011446208 0.004964211 0.008131822 0.005248444 0.018063476 0.006694776 0.042203087 0.014168557 0.018574025 0.018802963
0.040688768 0.023031686 0.019731741 0.024632504 0.015484996 0.014112085 0.004617425 0.003649395 0.011504371 0.014496109 0.012223723 0.019862991 0.009576932 0.013602600 0.034178451 0.026173415 0.014451081 0.022676535 0.012448483 0.015227371 0.015643518 0.011388455 0.025854200 0.007712901 0.016314562 0.009565840 0.012965924 0.009213366 0.020400651 0.010171974 0.039781518 0.017635351 0.019607808 0.021892516
0.038844809 0.023918780 0.017292079 0.032086506 0.020316230 0.013697962 0.010568751 0.011504371 0.004971970 0.020737831 0.020048190 0.024442814 0.015359897 0.014973303 0.035025101 0.024213940 0.013682885 0.025106272 0.016032921 0.021769579 0.015113825 0.013693944 0.024135958 0.010298437 0.020021144 0.017022677 0.018097913 0.010865066 0.020383157 0.013236132 0.043256916 0.025920596 0.013831338 0.021339023
0.049574196 0.025112407 0.030525962 0.012863045 0.022181746 0.023222707 0.016714642 0.014496109 0.020737831 -0.000686454 0.011234426 0.006159699 0.015141387 0.020322202 0.047361836 0.038757809 0.023599179 0.016157575 0.020077400 0.015691677 0.027218945 0.015360063 0.036441155 0.018031396 0.014416618 0.006717692 0.022634741 0.018589035 0.032094792 0.017263694 0.032101762 0.009186027 0.020529758 0.034496427
0.045871176 0.025360812 0.026088011 0.019825626 0.017234277 0.018643243 0.002205988 0.012223723 0.020048190 0.011234426 0.000714238 0.014730645 0.012133233 0.014073538 0.034540229 0.032322876 0.019816337 0.017146090 0.016789103 0.016335325 0.022890277 0.011806016 0.029499156 0.013226856 0.014866707 0.007126135 0.018571436 0.015886694 0.027437523 0.015972886 0.035666060 0.009182569 0.019513244 0.028479272
0.057120815 0.025184810 0.037217565 0.014875783 0.025810776 0.027446218 0.020947050 0.019862991 0.024442814 0.006159699 0.014730645 0.004158895 0.016833942 0.024772670 0.056059569 0.044821400 0.027285222 0.020631123 0.023579614 0.020971861 0.035298780 0.016790256 0.041883044 0.020121478 0.019494563 0.009444552 0.026387122 0.025179740 0.035031214 0.021786820 0.037981525 0.013145141 0.024022780 0.040591419
0.036544114 0.017284423 0.019130880 0.021873420 0.013747493 0.014142431 0.007654056 0.009576932 0.015359897 0.015141387 0.012133233 0.016833942 0.001448597 0.012619866 0.030677110 0.024024535 0.015462108 0.023236092 0.012957561 0.014342986 0.020421427 0.013109885 0.022511993 0.010485232 0.016175132 0.012594182 0.015634548 0.011026220 0.021814980 0.013238093 0.040472172 0.016764332 0.016001323 0.023247823
0.041127719 0.021880345 0.019495722 0.030473966 0.015328459 0.014614234 0.004966347 0.013602600 0.014973303 0.020322202 0.014073538 0.024772670 0.012619866 0.008786496 0.029955737 0.025238002 0.013863229 0.027444746 0.013260897 0.013861148 0.015869273 0.014308097 0.022027176 0.010473605 0.019685596 0.015814835 0.014906172 0.010428928 0.018472085 0.014597264 0.047415778 0.021830026 0.028483717 0.020052068
0.030546505 0.057313133 0.026994891 0.059461080 0.030246042 0.032767020 0.030531159 0.034178451 0.035025101 0.047361836 0.034540229 0.056059569 0.030677110 0.029955737 0.008830008 0.027470946 0.026022425 0.058351040 0.033960193 0.040015757 0.021211732 0.037619170 0.018639052 0.029989434 0.042933039 0.042428348 0.032213047 0.031342000 0.015810419 0.034020558 0.071382105 0.038608406 0.059523255 0.018331369
0.029495180 0.029360687 0.017891277 0.048436865 0.027564188 0.021290094 0.023020407 0.026173415 0.024213940 0.038757809 0.032322876 0.044821400 0.024024535 0.025238002 0.027470946 0.004597313 0.016695224 0.046745948 0.024614051 0.032953613 0.012176071 0.027619408 0.014179957 0.023316851 0.032899078 0.035720538 0.026353272 0.020126300 0.009875552 0.024750575 0.057369180 0.039839514 0.035179708 0.016121581
0.032367930 0.019722840 0.015433961 0.030693907 0.017169107 0.012681028 0.010909912 0.014451081 0.013682885 0.023599179 0.019816337 0.027285222 0.015462108 0.013863229 0.026022425 0.016695224 -0.002249179 0.029524965 0.009851579 0.017042046 0.011689754 0.014545904 0.016312379 0.011602534 0.020728659 0.020445919 0.013075670 0.011070206 0.013250080 0.014669197 0.041613273 0.025595007 0.028429219 0.015429054
0.059066340 0.034144059 0.037078217 0.025030270 0.037607368 0.028547458 0.022703215 0.022676535 0.025106272 0.016157575 0.017146090 0.020631123 0.023236092 0.027444746 0.058351040 0.046745948 0.029524965 0.013037704 0.025201559 0.029990170 0.032872729 0.022825770 0.043902177 0.026272163 0.019741815 0.017428221 0.027554229 0.026272915 0.038552213 0.024511587 0.035167314 0.023323247 0.037936892 0.040634792
0.039676521 0.016220875 0.016647983 0.028997399 0.018963413 0.013514602 0.006596100 0.012448483 0.016032921 0.020077400 0.016789103 0.023579614 0.012957561 0.013260897 0.033960193 0.024614051 0.009851579 0.025201559 -0.000771750 0.017719783 0.018029181 0.011806759 0.022191953 0.011453782 0.017967548 0.015769634 0.014472740 0.011019538 0.018124890 0.014311124 0.041335944 0.021818656 0.025639519 0.019419620
0.045789786 0.032700539 0.025045589 0.026442476 0.017961323 0.019954447 0.014460129 0.015227371 0.021769579 0.015691677 0.016335325 0.020971861 0.014342986 0.013861148 0.040015757 0.032953613 0.017042046 0.029990170 0.017719783 0.004489349 0.022319872 0.015733838 0.028324960 0.016185718 0.020887375 0.016632266 0.022041447 0.014783651 0.024244543 0.015926939 0.046968035 0.014194939 0.026932530 0.028555751
0.025879610 0.031623520 0.009674773 0.038385957 0.022323575 0.014485409 0.016456278 0.015643518 0.015113825 0.027218945 0.022890277 0.035298780 0.020421427 0.015869273 0.021211732 0.012176071 0.011689754 0.032872729 0.018029181 0.022319872 -0.002813119 0.020828074 0.010951052 0.017295768 0.028489394 0.028716557 0.018103726 0.010886170 0.012102124 0.014260850 0.047211301 0.028913245 0.023839209 0.013004876
0.044530097 0.015281643 0.020992406 0.023396410 0.016574431 0.014185080 0.005035622 0.011388455 0.013693944 0.015360063 0.011806016 0.016790256 0.013109885 0.014308097 0.037619170 0.027619408 0.014545904 0.022825770 0.011806759 0.015733838 0.020828074 -0.000957395 0.026983242 0.009175647 0.014068691 0.010350945 0.013783164 0.009857800 0.022362385 0.013227484 0.038728122 0.017971205 0.018731672 0.025377611
0.025066279 0.034647010 0.016098015 0.045027170 0.024294764 0.020245522 0.023544241 0.025854200 0.024135958 0.036441155 0.029499156 0.041883044 0.022511993 0.022027176 0.018639052 0.014179957 0.016312379 0.043902177 0.022191953 0.028324960 0.010951052 0.026983242 0.004041435 0.024061855 0.031191528 0.034086037 0.024706703 0.020931531 0.009759820 0.024629273 0.054327443 0.033034693 0.037179880 0.014057470
0.040562760 0.017396199 0.016334031 0.026592579 0.013864176 0.010471527 0.001236961 0.007712901 0.010298437 0.018031396 0.013226856 0.020121478 0.010485232 0.010473605 0.029989434 0.023316851 0.011602534 0.026272163 0.011453782 0.016185718 0.017295768 0.009175647 0.024061855 -0.001952459 0.016364338 0.014064910 0.010234374 0.007130312 0.018782053 0.008493164 0.044460729 0.019693892 0.016025893 0.020600472
0.046982255 0.022869453 0.027729452 0.025729537 0.022561142 0.021899479 0.011446208 0.016314562 0.020021144 0.014416618 0.014866707 0.019494563 0.016175132 0.019685596 0.042933039 0.032899078 0.020728659 0.019741815 0.017967548 0.020887375 0.028489394 0.014068691 0.031191528 0.016364338 -0.014342994 0.011355647 0.019563733 0.016651031 0.026652012 0.018648086 0.029835034 0.022041593 0.025748625 0.030161776
0.049028397 0.020238463 0.028389903 0.015680108 0.016904883 0.018312253 0.004964211 0.009565840 0.017022677 0.006717692 0.007126135 0.009444552 0.012594182 0.015814835 0.042428348 0.035720538 0.020445919 0.017428221 0.015769634 0.016632266 0.028716557 0.010350945 0.034086037 0.014064910 0.011355647 -0.000544647 0.018248275 0.016497275 0.029851023 0.013537631 0.038597133 0.009904208 0.016273497 0.032310486
0.039066814 0.023641976 0.019606054 0.031626161 0.018905234 0.013785152 0.008131822 0.012965924 0.018097913 0.022634741 0.018571436 0.026387122 0.015634548 0.014906172 0.032213047 0.026353272 0.013075670 0.027554229 0.014472740 0.022041447 0.018103726 0.013783164 0.024706703 0.010234374 0.019563733 0.018248275 0.009827092 0.008781226 0.020506490 0.013728577 0.042401046 0.025883824 0.024807870 0.022214441
0.036394075 0.021561738 0.013499889 0.031111781 0.018255025 0.010001957 0.005248444 0.009213366 0.010865066 0.018589035 0.015886694 0.025179740 0.011026220 0.010428928 0.031342000 0.020126300 0.011070206 0.026272915 0.011019538 0.014783651 0.010886170 0.009857800 0.020931531 0.007130312 0.016651031 0.016497275 0.008781226 0.000113659 0.015049774 0.007244353 0.042974897 0.020777218 0.022273082 0.015977912
0.023341287 0.025134150 0.013325848 0.037973076 0.020015337 0.018372096 0.018063476 0.020400651 0.020383157 0.032094792 0.027437523 0.035031214 0.021814980 0.018472085 0.015810419 0.009875552 0.013250080 0.038552213 0.018124890 0.024244543 0.012102124 0.022362385 0.009759820 0.018782053 0.026652012 0.029851023 0.020506490 0.015049774 0.002844818 0.020672955 0.042179100 0.029751953 0.030774888 0.008632105
0.038915046 0.023948379 0.018078594 0.026876967 0.017737545 0.014515735 0.006694776 0.010171974 0.013236132 0.017263694 0.015972886 0.021786820 0.013238093 0.014597264 0.034020558 0.024750575 0.014669197 0.024511587 0.014311124 0.015926939 0.014260850 0.013227484 0.024629273 0.008493164 0.018648086 0.013537631 0.013728577 0.007244353 0.020672955 0.005199136 0.040871792 0.019736256 0.018821090 0.020927750
0.074472733 0.052028328 0.051472411 0.037816186 0.054104649 0.042930927 0.042203087 0.039781518 0.043256916 0.032101762 0.035666060 0.037981525 0.040472172 0.047415778 0.071382105 0.057369180 0.041613273 0.035167314 0.041335944 0.046968035 0.047211301 0.038728122 0.054327443 0.044460729 0.029835034 0.038597133 0.042401046 0.042974897 0.042179100 0.040871792 -0.010478002 0.034720179 0.064254716 0.048547693
0.051880475 0.031447038 0.031019466 0.016801048 0.017160449 0.028308284 0.014168557 0.017635351 0.025920596 0.009186027 0.009182569 0.013145141 0.016764332 0.021830026 0.038608406 0.039839514 0.025595007 0.023323247 0.021818656 0.014194939 0.028913245 0.017971205 0.033034693 0.019693892 0.022041593 0.009904208 0.025883824 0.020777218 0.029751953 0.019736256 0.034720179 0.003074515 0.030475985 0.035512261
0.058926284 0.031697981 0.027725667 0.036222946 0.028836675 0.028395711 0.018574025 0.019607808 0.013831338 0.020529758 0.019513244 0.024022780 0.016001323 0.028483717 0.059523255 0.035179708 0.028429219 0.037936892 0.025639519 0.026932530 0.023839209 0.018731672 0.037179880 0.016025893 0.025748625 0.016273497 0.024807870 0.022273082 0.030774888 0.018821090 0.064254716 0.030475985 0.005504176 0.038389135
0.028955409 0.037333507 0.014357440 0.042197634 0.024306994 0.020112183 0.018802963 0.021892516 0.021339023 0.034496427 0.028479272 0.040591419 0.023247823 0.020052068 0.018331369 0.016121581 0.015429054 0.040634792 0.019419620 0.028555751 0.013004876 0.025377611 0.014057470 0.020600472 0.030161776 0.032310486 0.022214441 0.015977912 0.008632105 0.020927750 0.048547693 0.035512261 0.038389135 0.005787976
