0.010133735 0.040290296 0.031009674 0.053168587 0.037853841 0.034099236 0.036011420 0.034382336 0.035724029 0.056612138 0.050112732 0.052422717 0.032129079 0.033541329 0.022810532 0.027571483 0.028924100 0.050547875 0.035089858 0.046691708 0.025330130 0.035146087 0.023912366 0.040830310 0.040230568 0.046920285 0.038346581 0.032988224 0.028817199 0.030444257 0.075188838 0.030866731 0.047213584 0.025307160
0.040290296 0.007472742 0.024774842 0.029417420 0.026466122 0.023407113 0.016677851 0.016529825 0.031941161 0.031479150 0.019884123 0.025460824 0.019645320 0.019099467 0.039281528 0.034579538 0.028576992 0.034521766 0.024485752 0.033012338 0.028352056 0.018282743 0.033130441 0.017449571 0.018442340 0.021529844 0.026019691 0.018600333 0.035098631 0.020420745 0.043286201 0.022362322 0.037807513 0.032888860
0.031009674 0.024774842 0.008756489 0.038564160 0.022836607 0.016893608 0.015900502 0.018130740 0.020955091 0.041659661 0.030467814 0.036224853 0.018702246 0.017269887 0.027431767 0.023145521 0.016650934 0.037129968 0.020311035 0.027191166 0.013550194 0.018598199 0.017949356 0.019433193 0.025594786 0.030906858 0.023811042 0.015775893 0.017360883 0.016713981 0.060763028 0.020355446 0.024595056 0.015077716
0.053168587 0.029417420 0.038564160 -0.002776871 0.025428969 0.029446071 0.027449673 0.018126778 0.035980359 0.015652651 0.017098345 0.009429418 0.022077501 0.028243780 0.054097280 0.056163698 0.035899680 0.022854626 0.034053192 0.018421432 0.036123589 0.022107795 0.045846596 0.027839087 0.018109187 0.013959520 0.035531297 0.026309866 0.043050982 0.024465896 0.035204738 0.002749473 0.031558990 0.040189322
0.037853841 0.026466122 0.022836607 0.025428969 0.004692552 0.017288662 0.015895277 0.011420736 0.023467237 0.020901501 0.020015018 0.021923315 0.017116230 0.017975304 0.035339855 0.033387564 0.018723771 0.027897242 0.023188915 0.013362409 0.024166817 0.017200876 0.029318266 0.019202279 0.010381490 0.019792469 0.022893175 0.019604586 0.026632491 0.012141747 0.056246184 0.021441009 0.013676476 0.030766767
0.034099236 0.023407113 0.016893608 0.029446071 0.017288662 0.006713057 0.007962190 0.010291268 0.016137868 0.027227867 0.019275362 0.028256495 0.014343693 0.008856306 0.025941152 0.023153545 0.013013535 0.027605407 0.016180880 0.015855124 0.013874490 0.012461061 0.021389235 0.012681738 0.016697040 0.020158328 0.016419476 0.009592107 0.020048967 0.009666849 0.047438025 0.015131097 0.020528287 0.018267117
0.036011420 0.016677851 0.015900502 0.027449673 0.015895277 0.007962190 -0.004775903 0.003786349 0.015034247 0.019414756 0.002126603 0.022648452 0.007622893 0.004593700 0.029552478 0.026507922 0.011960540 0.021802494 0.011200080 0.010779720 0.014660459 0.003104774 0.024045179 0.001911143 0.009113392 0.005810827 0.011804853 0.006471952 0.019454364 0.004941818 0.045810856 0.013931620 0.012486943 0.019141674
0.034382336 0.016529825 0.018130740 0.018126778 0.011420736 0.010291268 0.003786349 -0.001174516 0.013264067 0.019207876 0.010276102 0.018161217 0.008488563 0.008288402 0.030413315 0.029289570 0.016647507 0.021779455 0.014019898 0.011323698 0.015369868 0.008052922 0.026481681 0.006062463 0.011263331 0.009202996 0.014198425 0.006982563 0.025754079 0.005288607 0.041861989 0.010369614 0.018162496 0.020935159
0.035724029 0.031941161 0.020955091 0.035980359 0.023467237 0.016137868 0.015034247 0.013264067 0.015674215 0.037149467 0.021813719 0.033943743 0.019198759 0.014166554 0.029497318 0.029788220 0.022607304 0.031187627 0.023790020 0.033453718 0.021843974 0.017118270 0.026155949 0.016006356 0.022970993 0.022946142 0.025048850 0.017111918 0.031487130 0.015645988 0.050050210 0.014783066 0.023941543 0.019444462
0.056612138 0.031479150 0.041659661 0.015652651 0.020901501 0.027227867 0.019414756 0.019207876 0.037149467 0.017547442 0.013607481 0.010094408 0.015495751 0.021502916 0.054327790 0.053538986 0.031597733 0.025289614 0.028825825 0.018386427 0.035700820 0.016592376 0.043753967 0.017381210 0.019918144 0.010381295 0.034047488 0.025080448 0.034373678 0.022068989 0.051652975 0.000321037 0.030810775 0.043419581
0.050112732 0.019884123 0.030467814 0.017098345 0.020015018 0.019275362 0.002126603 0.010276102 0.021813719 0.013607481 0.000932779 0.012583759 0.010151004 0.013847219 0.048348602 0.044031553 0.020746423 0.020088507 0.019930998 0.011278724 0.027623149 0.008380520 0.038870569 0.011801453 0.010081326 0.006029517 0.022740416 0.017221715 0.031163946 0.014073115 0.046826672 0.009253883 0.015863858 0.036038939
0.052422717 0.025460824 0.036224853 0.009429418 0.021923315 0.028256495 0.022648452 0.018161217 0.033943743 0.010094408 0.012583759 0.003936149 0.019102955 0.023991968 0.050579600 0.051630229 0.034277208 0.022323079 0.030869752 0.011449967 0.031182108 0.018031897 0.043657176 0.021080852 0.017089780 0.009936421 0.031956308 0.023066709 0.038784582 0.023242407 0.039455391 0.006960918 0.025104709 0.039646357
0.032129079 0.019645320 0.018702246 0.022077501 0.017116230 0.014343693 0.007622893 0.008488563 0.019198759 0.015495751 0.010151004 0.019102955 0.001337503 0.011967601 0.030570984 0.027709082 0.017129976 0.023477059 0.015103268 0.010266257 0.018328808 0.011607703 0.024049483 0.010653920 0.013188508 0.013015353 0.019081770 0.011956227 0.023990005 0.010875106 0.044229429 0.016617149 0.010685259 0.024430109
0.033541329 0.019099467 0.017269887 0.028243780 0.017975304 0.008856306 0.004593700 0.008288402 0.014166554 0.021502916 0.013847219 0.023991968 0.011967601 -0.000148821 0.028740680 0.024736121 0.012775976 0.022927284 0.013475962 0.012152236 0.015395442 0.011734908 0.023091206 0.012077138 0.012131660 0.016362488 0.015728790 0.009720940 0.020424742 0.007024153 0.049491707 0.019966055 0.016035691 0.020416638
0.022810532 0.039281528 0.027431767 0.054097280 0.035339855 0.025941152 0.029552478 0.030413315 0.029497318 0.054327790 0.048348602 0.050579600 0.030570984 0.028740680 0.006047072 0.024783555 0.021021467 0.045630231 0.029951788 0.042396419 0.024332779 0.030899398 0.018335726 0.036558378 0.034496158 0.044436298 0.033639822 0.028936455 0.021396685 0.024144040 0.072682269 0.032737914 0.030802004 0.020010769
0.027571483 0.034579538 0.023145521 0.056163698 0.033387564 0.023153545 0.026507922 0.029289570 0.029788220 0.053538986 0.044031553 0.051630229 0.027709082 0.024736121 0.024783555 0.006829596 0.021176197 0.046017237 0.029757775 0.039666083 0.016212018 0.028698750 0.015815346 0.031183125 0.034150828 0.043994397 0.030982560 0.027177189 0.017671235 0.025162833 0.066643350 0.033643719 0.032101002 0.016794104
0.028924100 0.028576992 0.016650934 0.035899680 0.018723771 0.013013535 0.011960540 0.016647507 0.022607304 0.031597733 0.020746423 0.034277208 0.017129976 0.012775976 0.021021467 0.021176197 0.003486087 0.030899439 0.015915953 0.018637201 0.011372391 0.014235102 0.015002075 0.013401198 0.020379715 0.023577549 0.018133376 0.015099926 0.015600652 0.014697626 0.047803946 0.018661730 0.025007090 0.013762772
0.050547875 0.034521766 0.037129968 0.022854626 0.027897242 0.027605407 0.021802494 0.021779455 0.031187627 0.025289614 0.020088507 0.022323079 0.023477059 0.022927284 0.045630231 0.046017237 0.030899439 0.011100739 0.028454665 0.029625289 0.032817122 0.019083802 0.040114947 0.028155180 0.018890388 0.018281605 0.031229367 0.024329774 0.042202793 0.022603547 0.037868593 0.006139323 0.030562906 0.035509214
0.035089858 0.024485752 0.020311035 0.034053192 0.023188915 0.016180880 0.011200080 0.014019898 0.023790020 0.028825825 0.019930998 0.030869752 0.015103268 0.013475962 0.029951788 0.029757775 0.015915953 0.028454665 0.009997862 0.022474896 0.020409148 0.014968362 0.024473412 0.016488601 0.018697858 0.020700894 0.021115897 0.016941221 0.024190143 0.015978411 0.047551583 0.020534936 0.026554719 0.020220475
0.046691708 0.033012338 0.027191166 0.018421432 0.013362409 0.015855124 0.010779720 0.011323698 0.033453718 0.018386427 0.011278724 0.011449967 0.010266257 0.012152236 0.042396419 0.039666083 0.018637201 0.029625289 0.022474896 -0.001825267 0.021121986 0.011988599 0.030107981 0.012181837 0.013632589 0.013605595 0.028820070 0.014133515 0.021862160 0.014143109 0.054469854 0.004209728 0.021905540 0.033154048
0.025330130 0.028352056 0.013550194 0.036123589 0.024166817 0.013874490 0.014660459 0.015369868 0.021843974 0.035700820 0.027623149 0.031182108 0.018328808 0.015395442 0.024332779 0.016212018 0.011372391 0.032817122 0.020409148 0.021121986 0.003224697 0.016566075 0.012502098 0.016372122 0.024435498 0.028038304 0.023218757 0.013116501 0.011681444 0.014197866 0.059180412 0.024142642 0.017730264 0.015318737
0.035146087 0.018282743 0.018598199 0.022107795 0.017200876 0.012461061 0.003104774 0.008052922 0.017118270 0.016592376 0.008380520 0.018031897 0.011607703 0.011734908 0.030899398 0.028698750 0.014235102 0.019083802 0.014968362 0.011988599 0.016566075 -0.001326723 0.024408024 0.008340746 0.008195668 0.010108793 0.015395517 0.009316855 0.021607570 0.009599747 0.038058594 0.014986726 0.010883523 0.022113927
0.023912366 0.033130441 0.017949356 0.045846596 0.029318266 0.021389235 0.024045179 0.026481681 0.026155949 0.043753967 0.038870569 0.043657176 0.024049483 0.023091206 0.018335726 0.015815346 0.015002075 0.040114947 0.024473412 0.030107981 0.012502098 0.024408024 0.005120397 0.028568465 0.029122932 0.036960535 0.028821584 0.022566499 0.014758731 0.021455899 0.059758458 0.031919576 0.024571760 0.016061861
0.040830310 0.017449571 0.019433193 0.027839087 0.019202279 0.012681738 0.001911143 0.006062463 0.016006356 0.017381210 0.011801453 0.021080852 0.010653920 0.012077138 0.036558378 0.031183125 0.013401198 0.028155180 0.016488601 0.012181837 0.016372122 0.008340746 0.028568465 -0.002000727 0.013926162 0.014355962 0.015428044 0.009490131 0.020390887 0.008777489 0.054102078 0.026029814 0.012242630 0.024835126
0.040230568 0.018442340 0.025594786 0.018109187 0.010381490 0.016697040 0.009113392 0.011263331 0.022970993 0.019918144 0.010081326 0.017089780 0.013188508 0.012131660 0.034496158 0.034150828 0.020379715 0.018890388 0.018697858 0.013632589 0.024435498 0.008195668 0.029122932 0.013926162 -0.014932320 0.008315986 0.018851910 0.014463102 0.025871858 0.013321362 0.033922017 0.009598648 0.018462740 0.026362192
0.046920285 0.021529844 0.030906858 0.013959520 0.019792469 0.020158328 0.005810827 0.009202996 0.022946142 0.010381295 0.006029517 0.009936421 0.013015353 0.016362488 0.044436298 0.043994397 0.023577549 0.018281605 0.020700894 0.013605595 0.028038304 0.010108793 0.036960535 0.014355962 0.008315986 -0.000475810 0.023160463 0.017598018 0.030853136 0.014187442 0.044429675 0.011273442 0.011156977 0.035483718
0.038346581 0.026019691 0.023811042 0.035531297 0.022893175 0.016419476 0.011804853 0.014198425 0.025048850 0.034047488 0.022740416 0.031956308 0.019081770 0.015728790 0.033639822 0.030982560 0.018133376 0.031229367 0.021115897 0.028820070 0.023218757 0.015395517 0.028821584 0.015428044 0.018851910 0.023160463 0.015985224 0.014230989 0.028173028 0.013597418 0.049293980 0.022521565 0.024994057 0.025131576
0.032988224 0.018600333 0.015775893 0.026309866 0.019604586 0.009592107 0.006471952 0.006982563 0.017111918 0.025080448 0.017221715 0.023066709 0.011956227 0.009720940 0.028936455 0.027177189 0.015099926 0.024329774 0.016941221 0.014133515 0.013116501 0.009316855 0.022566499 0.009490131 0.014463102 0.017598018 0.014230989 0.000657395 0.021101609 0.006473736 0.047269650 0.015830707 0.019927189 0.016620142
0.028817199 0.035098631 0.017360883 0.043050982 0.026632491 0.020048967 0.019454364 0.025754079 0.031487130 0.034373678 0.031163946 0.038784582 0.023990005 0.020424742 0.021396685 0.017671235 0.015600652 0.042202793 0.024190143 0.021862160 0.011681444 0.021607570 0.014758731 0.020390887 0.025871858 0.030853136 0.028173028 0.021101609 0.005181536 0.021669783 0.057239816 0.028062770 0.023140546 0.015913451
0.030444257 0.020420745 0.016713981 0.024465896 0.012141747 0.009666849 0.004941818 0.005288607 0.015645988 0.022068989 0.014073115 0.023242407 0.010875106 0.007024153 0.024144040 0.025162833 0.014697626 0.022603547 0.015978411 0.014143109 0.014197866 0.009599747 0.021455899 0.008777489 0.013321362 0.014187442 0.013597418 0.006473736 0.021669783 0.000383282 0.043416724 0.004947498 0.015899191 0.014484309
0.075188838 0.043286201 0.060763028 0.035204738 0.056246184 0.047438025 0.045810856 0.041861989 0.050050210 0.051652975 0.046826672 0.039455391 0.044229429 0.049491707 0.072682269 0.066643350 0.047803946 0.037868593 0.047551583 0.054469854 0.059180412 0.038058594 0.059758458 0.054102078 0.033922017 0.044429675 0.049293980 0.047269650 0.057239816 0.043416724 -0.002379223 0.022682562 0.066819482 0.052560970
0.030866731 0.022362322 0.020355446 0.002749473 0.021441009 0.015131097 0.013931620 0.010369614 0.014783066 0.000321037 0.009253883 0.006960918 0.016617149 0.019966055 0.032737914 0.033643719 0.018661730 0.006139323 0.020534936 0.004209728 0.024142642 0.014986726 0.031919576 0.026029814 0.009598648 0.011273442 0.022521565 0.015830707 0.028062770 0.004947498 0.022682562 0.000793733 0.005963653 0.027141500
0.047213584 0.037807513 0.024595056 0.031558990 0.013676476 0.020528287 0.012486943 0.018162496 0.023941543 0.030810775 0.015863858 0.025104709 0.010685259 0.016035691 0.030802004 0.032101002 0.025007090 0.030562906 0.026554719 0.021905540 0.017730264 0.010883523 0.024571760 0.012242630 0.018462740 0.011156977 0.024994057 0.019927189 0.023140546 0.015899191 0.066819482 0.005963653 -0.009544708 0.023686605
0.025307160 0.032888860 0.015077716 0.040189322 0.030766767 0.018267117 0.019141674 0.020935159 0.019444462 0.043419581 0.036038939 0.039646357 0.024430109 0.020416638 0.020010769 0.016794104 0.013762772 0.035509214 0.020220475 0.033154048 0.015318737 0.022113927 0.016061861 0.024835126 0.026362192 0.035483718 0.025131576 0.016620142 0.015913451 0.014484309 0.052560970 0.027141500 0.023686605 0.009939954
