0.013747232 0.036564901 0.029245762 0.064329751 0.041866533 0.036131416 0.036913924 0.039688945 0.037692055 0.045394666 0.044294111 0.058531258 0.034216002 0.042515218 0.026716575 0.028065117 0.030450460 0.054338712 0.042410884 0.048832901 0.026123017 0.036291204 0.027196378 0.039901335 0.044638958 0.038947679 0.042836480 0.033260934 0.030197367 0.034220412 0.069182716 0.049834792 0.053397842 0.026002491
0.036564901 0.005864125 0.026679430 0.034045454 0.018470414 0.014222216 0.014829328 0.011184225 0.022432353 0.024635758 0.021421364 0.026612870 0.018097887 0.017471891 0.029949373 0.029866878 0.021398390 0.027879098 0.026299715 0.027177524 0.026638869 0.016351001 0.028004130 0.017301306 0.013187233 0.023245135 0.025115566 0.019775726 0.027380094 0.014554530 0.046170376 0.021661291 0.020126164 0.021746930
0.029245762 0.026679430 0.005056918 0.046692833 0.023411103 0.018061683 0.015997941 0.020410024 0.021926653 0.032754906 0.027200660 0.045259558 0.020333514 0.021048266 0.020618364 0.018616844 0.017450575 0.035596091 0.024734812 0.028203607 0.009945193 0.019574741 0.015375550 0.020227630 0.027397024 0.026935907 0.025820075 0.014675862 0.019871594 0.017784540 0.050244339 0.029922638 0.025580980 0.011147281
0.064329751 0.034045454 0.046692833 0.012341790 0.019072387 0.025963992 0.027785085 0.028297901 0.041613031 0.020615581 0.019366533 0.019710856 0.023299007 0.029648118 0.057425931 0.058796249 0.033447552 0.024758605 0.038445555 0.016586928 0.040726736 0.022491151 0.049558692 0.026138380 0.022170100 0.015396990 0.036377050 0.033639543 0.043135114 0.027126985 0.044532996 0.007920293 0.038199835 0.037311614
0.041866533 0.018470414 0.023411103 0.019072387 0.005273566 0.019918956 0.014927747 0.010040002 0.020622578 0.018803364 0.018581046 0.019937914 0.015509515 0.017001491 0.039638281 0.033303529 0.018206883 0.024152674 0.022832870 0.011527881 0.024451174 0.017384619 0.030415077 0.018108271 0.006642785 0.017458640 0.020786528 0.018892922 0.031627610 0.012569698 0.051206566 0.022808995 0.016024955 0.031138090
0.036131416 0.014222216 0.018061683 0.025963992 0.019918956 0.008891101 0.007920496 0.008912215 0.010306864 0.021067079 0.018885434 0.024862397 0.014760571 0.010975412 0.030917153 0.021291155 0.014456549 0.028543226 0.018444072 0.011030446 0.011714972 0.012802507 0.025177676 0.011761317 0.016936168 0.018398277 0.018050296 0.007674689 0.025102111 0.009654435 0.045594271 0.025309328 0.020270962 0.020331554
0.036913924 0.014829328 0.015997941 0.027785085 0.014927747 0.007920496 -0.004853704 0.005162292 0.012249973 0.020639017 0.002104930 0.024436174 0.008394563 0.003689906 0.029378276 0.025029680 0.011539762 0.020093860 0.010109118 0.010061860 0.015192970 0.003153175 0.023918506 0.002328313 0.008441703 0.005420964 0.009229355 0.008440596 0.021162860 0.004967910 0.042952225 0.013305429 0.014880195 0.017814994
0.039688945 0.011184225 0.020410024 0.028297901 0.010040002 0.008912215 0.005162292 -0.000924732 0.010822380 0.015330171 0.010586515 0.021821719 0.008587763 0.012113758 0.035919536 0.032068044 0.015079182 0.021440787 0.018238040 0.012936212 0.019585978 0.008584786 0.030457752 0.008190932 0.010149077 0.007837544 0.016661983 0.009484283 0.025056608 0.005413850 0.042394768 0.015408810 0.018263035 0.020931777
0.037692055 0.022432353 0.021926653 0.041613031 0.020622578 0.010306864 0.012249973 0.010822380 0.007628396 0.026264178 0.019978471 0.033282638 0.016782127 0.016524758 0.032103512 0.029394401 0.018209336 0.029604044 0.026204441 0.025298020 0.020090405 0.013648669 0.026274001 0.012977855 0.020643566 0.020086985 0.025764458 0.016323386 0.026066434 0.012520045 0.052564021 0.023797538 0.016057089 0.013010819
0.045394666 0.024635758 0.032754906 0.020615581 0.018803364 0.021067079 0.020639017 0.015330171 0.026264178 0.006467989 0.012888388 0.015513405 0.019146442 0.021176048 0.041935228 0.044896387 0.028417695 0.016687855 0.030051241 0.013579620 0.030643027 0.017564980 0.038130358 0.022889027 0.014426511 0.009601227 0.029214803 0.023254566 0.037994258 0.017625712 0.035494126 0.009447850 0.022495460 0.029465549
0.044294111 0.021421364 0.027200660 0.019366533 0.018581046 0.018885434 0.002104930 0.010586515 0.019978471 0.012888388 0.000391967 0.016469538 0.011398038 0.012248071 0.038650442 0.036855604 0.019560557 0.014308192 0.017633010 0.012549452 0.023594927 0.009780334 0.032096468 0.013484734 0.008660711 0.006505767 0.020196313 0.017248018 0.031988624 0.012931107 0.037190694 0.008367751 0.014455062 0.028026728
0.058531258 0.026612870 0.045259558 0.019710856 0.019937914 0.024862397 0.024436174 0.021821719 0.033282638 0.015513405 0.016469538 0.014806044 0.021067549 0.027540356 0.053961288 0.054664996 0.034001615 0.024803175 0.036643233 0.016644431 0.038942430 0.018199073 0.046855085 0.023294624 0.022624772 0.013481637 0.034251980 0.031214364 0.042671446 0.023660054 0.049215488 0.013366497 0.025767788 0.039073437
0.034216002 0.018097887 0.020333514 0.023299007 0.015509515 0.014760571 0.008394563 0.008587763 0.016782127 0.019146442 0.011398038 0.021067549 0.001336056 0.010148812 0.030121144 0.027399890 0.015634224 0.020626768 0.013414855 0.011481777 0.021169536 0.012329658 0.023313332 0.011854459 0.010954599 0.013488314 0.017065026 0.014839320 0.024576759 0.010804418 0.042970572 0.015300153 0.012403755 0.022351917
0.042515218 0.017471891 0.021048266 0.029648118 0.017001491 0.010975412 0.003689906 0.012113758 0.016524758 0.021176048 0.012248071 0.027540356 0.010148812 0.005031480 0.034562528 0.027347913 0.012351044 0.022811443 0.015372675 0.013087315 0.017729422 0.011885186 0.024581240 0.009971085 0.011610260 0.012638447 0.016092565 0.013227962 0.023780629 0.010511330 0.051171202 0.019757627 0.022789426 0.022111569
0.026716575 0.029949373 0.020618364 0.057425931 0.039638281 0.030917153 0.029378276 0.035919536 0.032103512 0.041935228 0.038650442 0.053961288 0.030121144 0.034562528 0.006801615 0.021380659 0.023717187 0.048519388 0.034275379 0.040398832 0.022200663 0.030989677 0.023205668 0.035310064 0.038144909 0.032094646 0.036945898 0.025118442 0.027950190 0.028715130 0.059326362 0.050383672 0.046754636 0.025067003
0.028065117 0.029866878 0.018616844 0.058796249 0.033303529 0.021291155 0.025029680 0.032068044 0.029394401 0.044896387 0.036855604 0.054664996 0.027399890 0.027347913 0.021380659 0.005327176 0.019544732 0.045349013 0.031976663 0.036751352 0.013448952 0.027407546 0.014413293 0.029141676 0.034160607 0.035808917 0.032605425 0.025044598 0.016844064 0.025934506 0.057120737 0.041939478 0.036585711 0.013939995
0.030450460 0.021398390 0.017450575 0.033447552 0.018206883 0.014456549 0.011539762 0.015079182 0.018209336 0.028417695 0.019560557 0.034001615 0.015634224 0.012351044 0.023717187 0.019544732 0.001640978 0.028409697 0.015192281 0.017158549 0.012952009 0.014401076 0.016199635 0.013289418 0.017681893 0.021229945 0.016875777 0.014927302 0.017513189 0.014323799 0.044436641 0.022370037 0.025780184 0.013609409
0.054338712 0.027879098 0.035596091 0.024758605 0.024152674 0.028543226 0.020093860 0.021440787 0.029604044 0.016687855 0.014308192 0.024803175 0.020626768 0.022811443 0.048519388 0.045349013 0.028409697 0.009058781 0.029153731 0.025907228 0.031499710 0.017684596 0.040375400 0.026283767 0.016139613 0.010789537 0.030237731 0.022878040 0.041235648 0.022558324 0.032588720 0.012233008 0.032581791 0.033264760
0.042410884 0.026299715 0.024734812 0.038445555 0.022832870 0.018444072 0.010109118 0.018238040 0.026204441 0.030051241 0.017633010 0.036643233 0.013414855 0.015372675 0.034275379 0.031976663 0.015192281 0.029153731 0.021670740 0.025701251 0.021511458 0.014718691 0.024175726 0.014128173 0.018285958 0.018842064 0.025605919 0.020347126 0.026804330 0.019269332 0.051927686 0.022832310 0.028777968 0.020324372
0.048832901 0.027177524 0.028203607 0.016586928 0.011527881 0.011030446 0.010061860 0.012936212 0.025298020 0.013579620 0.012549452 0.016644431 0.011481777 0.013087315 0.040398832 0.036751352 0.017158549 0.025907228 0.025701251 -0.012747003 0.018102271 0.011800797 0.030727213 0.010128512 0.014808481 0.014249875 0.023879698 0.015326700 0.029731680 0.012132578 0.050288022 0.008240188 0.017461695 0.026203686
0.026123017 0.026638869 0.009945193 0.040726736 0.024451174 0.011714972 0.015192970 0.019585978 0.020090405 0.030643027 0.023594927 0.038942430 0.021169536 0.017729422 0.022200663 0.013448952 0.012952009 0.031499710 0.021511458 0.018102271 0.001114086 0.016821291 0.012893168 0.017553184 0.027505759 0.024141915 0.020187829 0.013299124 0.017687084 0.014297587 0.048444591 0.030602625 0.023138080 0.013270697
0.036291204 0.016351001 0.019574741 0.022491151 0.017384619 0.012802507 0.003153175 0.008584786 0.013648669 0.017564980 0.009780334 0.018199073 0.012329658 0.011885186 0.030989677 0.027407546 0.014401076 0.017684596 0.014718691 0.011800797 0.016821291 -0.001202714 0.024246337 0.008486627 0.008611131 0.011258320 0.014415110 0.010815250 0.024367046 0.009554812 0.037129905 0.015601637 0.011904105 0.021170806
0.027196378 0.028004130 0.015375550 0.049558692 0.030415077 0.025177676 0.023918506 0.030457752 0.026274001 0.038130358 0.032096468 0.046855085 0.023313332 0.024581240 0.023205668 0.014413293 0.016199635 0.040375400 0.024175726 0.030727213 0.012893168 0.024246337 0.006804184 0.028186651 0.029750425 0.029103516 0.027158566 0.022610787 0.017345525 0.023946773 0.052852366 0.039912492 0.035617054 0.018082492
0.039901335 0.017301306 0.020227630 0.026138380 0.018108271 0.011761317 0.002328313 0.008190932 0.012977855 0.022889027 0.013484734 0.023294624 0.011854459 0.009971085 0.035310064 0.029141676 0.013289418 0.026283767 0.014128173 0.010128512 0.017553184 0.008486627 0.028186651 -0.001803063 0.014115422 0.015930310 0.010819023 0.013194395 0.022822462 0.008717703 0.051597036 0.020056106 0.014998397 0.022362195
0.044638958 0.013187233 0.027397024 0.022170100 0.006642785 0.016936168 0.008441703 0.010149077 0.020643566 0.014426511 0.008660711 0.022624772 0.010954599 0.011610260 0.038144909 0.034160607 0.017681893 0.016139613 0.018285958 0.014808481 0.027505759 0.008611131 0.029750425 0.014115422 -0.015192596 0.004881917 0.019657170 0.015698217 0.026953856 0.013093426 0.032215297 0.009338226 0.019556914 0.024160124
0.038947679 0.023245135 0.026935907 0.015396990 0.017458640 0.018398277 0.005420964 0.007837544 0.020086985 0.009601227 0.006505767 0.013481637 0.013488314 0.012638447 0.032094646 0.035808917 0.021229945 0.010789537 0.018842064 0.014249875 0.024141915 0.011258320 0.029103516 0.015930310 0.004881917 -0.000724133 0.020440716 0.017714223 0.031395350 0.011495523 0.034276459 0.007776599 0.009467154 0.026426148
0.042836480 0.025115566 0.025820075 0.036377050 0.020786528 0.018050296 0.009229355 0.016661983 0.025764458 0.029214803 0.020196313 0.034251980 0.017065026 0.016092565 0.036945898 0.032605425 0.016875777 0.030237731 0.025605919 0.023879698 0.020187829 0.014415110 0.027158566 0.010819023 0.019657170 0.020440716 0.016602464 0.015518961 0.028561790 0.016663898 0.052827626 0.024038281 0.023819245 0.022615343
0.033260934 0.019775726 0.014675862 0.033639543 0.018892922 0.007674689 0.008440596 0.009484283 0.016323386 0.023254566 0.017248018 0.031214364 0.014839320 0.013227962 0.025118442 0.025044598 0.014927302 0.022878040 0.020347126 0.015326700 0.013299124 0.010815250 0.022610787 0.013194395 0.015698217 0.017714223 0.015518961 0.003137536 0.023207080 0.006615415 0.040608730 0.021551304 0.020171575 0.012123501
0.030197367 0.027380094 0.019871594 0.043135114 0.031627610 0.025102111 0.021162860 0.025056608 0.026066434 0.037994258 0.031988624 0.042671446 0.024576759 0.023780629 0.027950190 0.016844064 0.017513189 0.041235648 0.026804330 0.029731680 0.017687084 0.024367046 0.017345525 0.022822462 0.026953856 0.031395350 0.028561790 0.023207080 0.016297299 0.022456031 0.052749690 0.038688440 0.029432923 0.018414341
0.034220412 0.014554530 0.017784540 0.027126985 0.012569698 0.009654435 0.004967910 0.005413850 0.012520045 0.017625712 0.012931107 0.023660054 0.010804418 0.010511330 0.028715130 0.025934506 0.014323799 0.022558324 0.019269332 0.012132578 0.014297587 0.009554812 0.023946773 0.008717703 0.013093426 0.011495523 0.016663898 0.006615415 0.022456031 0.000728009 0.042303611 0.013251016 0.015327000 0.014204073
0.069182716 0.046170376 0.050244339 0.044532996 0.051206566 0.045594271 0.042952225 0.042394768 0.052564021 0.035494126 0.037190694 0.049215488 0.042970572 0.051171202 0.059326362 0.057120737 0.044436641 0.032588720 0.051927686 0.050288022 0.048444591 0.037129905 0.052852366 0.051597036 0.032215297 0.034276459 0.052827626 0.040608730 0.052749690 0.042303611 -0.013999416 0.033634692 0.061970159 0.043487370
0.049834792 0.021661291 0.029922638 0.007920293 0.022808995 0.025309328 0.013305429 0.015408810 0.023797538 0.009447850 0.008367751 0.013366497 0.015300153 0.019757627 0.050383672 0.041939478 0.022370037 0.012233008 0.022832310 0.008240188 0.030602625 0.015601637 0.039912492 0.020056106 0.009338226 0.007776599 0.024038281 0.021551304 0.038688440 0.013251016 0.033634692 0.002347687 0.016806422 0.040066868
0.053397842 0.020126164 0.025580980 0.038199835 0.016024955 0.020270962 0.014880195 0.018263035 0.016057089 0.022495460 0.014455062 0.025767788 0.012403755 0.022789426 0.046754636 0.036585711 0.025780184 0.032581791 0.028777968 0.017461695 0.023138080 0.011904105 0.035617054 0.014998397 0.019556914 0.009467154 0.023819245 0.020171575 0.029432923 0.015327000 0.061970159 0.016806422 0.001850992 0.027726576
0.026002491 0.021746930 0.011147281 0.037311614 0.031138090 0.020331554 0.017814994 0.020931777 0.013010819 0.029465549 0.028026728 0.039073437 0.022351917 0.022111569 0.025067003 0.013939995 0.013609409 0.033264760 0.020324372 0.026203686 0.013270697 0.021170806 0.018082492 0.022362195 0.024160124 0.026426148 0.022615343 0.012123501 0.018414341 0.014204073 0.043487370 0.040066868 0.027726576 0.010676175
