0.000000000 0.040404040 0.009803922 0.152263373 0.041860465 0.072072074 0.067873307 0.067873307 0.096491225 0.162601620 0.123404257 0.138075307 0.141666666 0.063636363 0.089947090 0.078534029 0.037383176 0.179282874 0.019047620 0.169354841 0.014354067 0.072072074 0.000000000 0.055045873 0.067873307 0.104347825 0.041860465 0.067873307 0.014354067 0.055045873 0.306397319 0.182539687 0.104347825 0.032863848
0.040404040 0.000000000 0.030612245 0.191489369 0.082125604 0.112149529 0.107981220 0.107981220 0.136363640 0.201680675 0.162995592 0.177489176 0.181034476 0.103773586 0.049723756 0.038251366 0.077669904 0.218107000 0.059405942 0.208333328 0.054726370 0.112149529 0.040404040 0.095238097 0.107981220 0.144144148 0.082125604 0.107981220 0.054726370 0.095238097 0.342560560 0.221311480 0.144144148 0.073170729
0.009803922 0.030612245 0.000000000 0.161825731 0.051643193 0.081818178 0.077625573 0.077625573 0.106194690 0.172131151 0.133047208 0.147679329 0.151260510 0.073394492 0.080213904 0.068783067 0.047169812 0.188755020 0.028846154 0.178861782 0.024154589 0.081818178 0.009803922 0.064814813 0.077625573 0.114035085 0.051643193 0.077625573 0.024154589 0.064814813 0.315254241 0.192000002 0.114035085 0.042654030
0.152263373 0.191489369 0.161825731 0.000000000 0.111111112 0.081081077 0.085271321 0.085271321 0.056603774 0.010600707 0.029411765 0.014492754 0.010830325 0.089494161 0.238938048 0.228070170 0.115537852 0.027777778 0.133603245 0.017543860 0.138211384 0.081081077 0.152263373 0.098039217 0.085271321 0.048689138 0.111111112 0.085271321 0.138211384 0.098039217 0.161676645 0.031141868 0.048689138 0.119999997
0.041860465 0.082125604 0.051643193 0.111111112 0.000000000 0.030303031 0.026086956 0.026086956 0.054852322 0.121568628 0.081967212 0.096774191 0.100401610 0.021834061 0.131313130 0.119999997 0.004484305 0.138461545 0.022831051 0.128404662 0.027522936 0.030303031 0.041860465 0.013215859 0.026086956 0.062761508 0.000000000 0.026086956 0.027522936 0.013215859 0.267973870 0.141762450 0.062761508 0.009009009
0.072072074 0.112149529 0.081818178 0.081081077 0.030303031 0.000000000 0.004219409 0.004219409 0.024590164 0.091603056 0.051792830 0.066666670 0.070312500 0.008474576 0.160975605 0.149758458 0.034782607 0.108614229 0.053097345 0.098484851 0.057777777 0.000000000 0.072072074 0.017094018 0.004219409 0.032520324 0.030303031 0.004219409 0.057777777 0.017094018 0.239616618 0.111940302 0.032520324 0.039301310
0.067873307 0.107981220 0.077625573 0.085271321 0.026086956 0.004219409 0.000000000 0.000000000 0.028806584 0.095785439 0.056000002 0.070866145 0.074509807 0.004255319 0.156862751 0.145631075 0.030567685 0.112781957 0.048888888 0.102661595 0.053571429 0.004219409 0.067873307 0.012875536 0.000000000 0.036734693 0.026086956 0.000000000 0.053571429 0.012875536 0.243589744 0.116104871 0.036734693 0.035087720
0.067873307 0.107981220 0.077625573 0.085271321 0.026086956 0.004219409 0.000000000 0.000000000 0.028806584 0.095785439 0.056000002 0.070866145 0.074509807 0.004255319 0.156862751 0.145631075 0.030567685 0.112781957 0.048888888 0.102661595 0.053571429 0.004219409 0.067873307 0.012875536 0.000000000 0.036734693 0.026086956 0.000000000 0.053571429 0.012875536 0.243589744 0.116104871 0.036734693 0.035087720
0.096491225 0.136363640 0.106194690 0.056603774 0.054852322 0.024590164 0.028806584 0.028806584 0.000000000 0.067164183 0.027237354 0.042145595 0.045801528 0.033057850 0.184834123 0.173708916 0.059322033 0.084249087 0.077586204 0.074074075 0.082251079 0.024590164 0.096491225 0.041666668 0.028806584 0.007936508 0.054852322 0.028806584 0.082251079 0.041666668 0.216300935 0.087591238 0.007936508 0.063829787
0.162601620 0.201680675 0.172131151 0.010600707 0.121568628 0.091603056 0.095785439 0.095785439 0.067164183 0.000000000 0.039999999 0.025089607 0.021428572 0.100000001 0.248908296 0.238095239 0.125984251 0.017182130 0.143999994 0.006944444 0.148594379 0.091603056 0.162601620 0.108527131 0.095785439 0.059259258 0.121568628 0.095785439 0.148594379 0.108527131 0.151335314 0.020547945 0.059259258 0.130434781
0.123404257 0.162995592 0.133047208 0.029411765 0.081967212 0.051792830 0.056000002 0.056000002 0.027237354 0.039999999 0.000000000 0.014925373 0.018587360 0.060240965 0.211009175 0.200000003 0.086419754 0.057142857 0.104602508 0.046931408 0.109243698 0.051792830 0.123404257 0.068825908 0.056000002 0.019305019 0.081967212 0.056000002 0.109243698 0.068825908 0.190184042 0.060498219 0.019305019 0.090909094
0.138075307 0.177489176 0.147679329 0.014492754 0.096774191 0.066666670 0.070866145 0.070866145 0.042145595 0.025089607 0.014925373 0.000000000 0.003663004 0.075098813 0.225225225 0.214285716 0.101214573 0.042253520 0.119341567 0.032028470 0.123966940 0.066666670 0.138075307 0.083665341 0.070866145 0.034220532 0.096774191 0.070866145 0.123966940 0.083665341 0.175757572 0.045614034 0.034220532 0.105691060
0.141666666 0.181034476 0.151260510 0.010830325 0.100401610 0.070312500 0.074509807 0.074509807 0.045801528 0.021428572 0.018587360 0.003663004 0.000000000 0.078740157 0.228699550 0.217777774 0.104838707 0.038596492 0.122950822 0.028368793 0.127572015 0.070312500 0.141666666 0.087301590 0.074509807 0.037878789 0.100401610 0.074509807 0.127572015 0.087301590 0.172205433 0.041958041 0.037878789 0.109311745
0.063636363 0.103773586 0.073394492 0.089494161 0.021834061 0.008474576 0.004255319 0.004255319 0.033057850 0.100000001 0.060240965 0.075098813 0.078740157 0.000000000 0.152709365 0.141463414 0.026315790 0.116981134 0.044642858 0.106870227 0.049327355 0.008474576 0.063636363 0.008620690 0.004255319 0.040983606 0.021834061 0.004255319 0.049327355 0.008620690 0.247588426 0.120300755 0.040983606 0.030837005
0.089947090 0.049723756 0.080213904 0.238938048 0.131313130 0.160975605 0.156862751 0.156862751 0.184834123 0.248908296 0.211009175 0.225225225 0.228699550 0.152709365 0.000000000 0.011494253 0.126903549 0.264957279 0.108808286 0.255411267 0.104166664 0.160975605 0.089947090 0.144278601 0.156862751 0.192488268 0.131313130 0.156862751 0.104166664 0.144278601 0.385714293 0.268085092 0.192488268 0.122448981
0.078534029 0.038251366 0.068783067 0.228070170 0.119999997 0.149758458 0.145631075 0.145631075 0.173708916 0.238095239 0.200000003 0.214285716 0.217777774 0.141463414 0.011494253 0.000000000 0.115577891 0.254237294 0.097435899 0.244635195 0.092783503 0.149758458 0.078534029 0.133004919 0.145631075 0.181395352 0.119999997 0.145631075 0.092783503 0.133004919 0.375886530 0.257383972 0.181395352 0.111111112
0.037383176 0.077669904 0.047169812 0.115537852 0.004484305 0.034782607 0.030567685 0.030567685 0.059322033 0.125984251 0.086419754 0.101214573 0.104838707 0.026315790 0.126903549 0.115577891 0.000000000 0.142857149 0.018348623 0.132812500 0.023041476 0.034782607 0.037383176 0.017699115 0.030567685 0.067226894 0.004484305 0.030567685 0.023041476 0.017699115 0.272131145 0.146153852 0.067226894 0.004524887
0.179282874 0.218107000 0.188755020 0.027777778 0.138461545 0.108614229 0.112781957 0.112781957 0.084249087 0.017182130 0.057142857 0.042253520 0.038596492 0.116981134 0.264957279 0.254237294 0.142857149 0.000000000 0.160784319 0.010238908 0.165354326 0.108614229 0.179282874 0.125475287 0.112781957 0.076363638 0.138461545 0.112781957 0.165354326 0.125475287 0.134502918 0.003367003 0.076363638 0.147286817
0.019047620 0.059405942 0.028846154 0.133603245 0.022831051 0.053097345 0.048888888 0.048888888 0.077586204 0.143999994 0.104602508 0.119341567 0.122950822 0.044642858 0.108808286 0.097435899 0.018348623 0.160784319 0.000000000 0.150793657 0.004694836 0.053097345 0.019047620 0.036036037 0.048888888 0.085470088 0.022831051 0.048888888 0.004694836 0.036036037 0.289036542 0.164062500 0.085470088 0.013824885
0.169354841 0.208333328 0.178861782 0.017543860 0.128404662 0.098484851 0.102661595 0.102661595 0.074074075 0.006944444 0.046931408 0.032028470 0.028368793 0.106870227 0.255411267 0.244635195 0.132812500 0.010238908 0.150793657 0.000000000 0.155378491 0.098484851 0.169354841 0.115384616 0.102661595 0.066176474 0.128404662 0.102661595 0.155378491 0.115384616 0.144542769 0.013605442 0.066176474 0.137254909
0.014354067 0.054726370 0.024154589 0.138211384 0.027522936 0.057777777 0.053571429 0.053571429 0.082251079 0.148594379 0.109243698 0.123966940 0.127572015 0.049327355 0.104166664 0.092783503 0.023041476 0.165354326 0.004694836 0.155378491 0.000000000 0.057777777 0.014354067 0.040723983 0.053571429 0.090128757 0.027522936 0.053571429 0.000000000 0.040723983 0.293333322 0.168627456 0.090128757 0.018518519
0.072072074 0.112149529 0.081818178 0.081081077 0.030303031 0.000000000 0.004219409 0.004219409 0.024590164 0.091603056 0.051792830 0.066666670 0.070312500 0.008474576 0.160975605 0.149758458 0.034782607 0.108614229 0.053097345 0.098484851 0.057777777 0.000000000 0.072072074 0.017094018 0.004219409 0.032520324 0.030303031 0.004219409 0.057777777 0.017094018 0.239616618 0.111940302 0.032520324 0.039301310
0.000000000 0.040404040 0.009803922 0.152263373 0.041860465 0.072072074 0.067873307 0.067873307 0.096491225 0.162601620 0.123404257 0.138075307 0.141666666 0.063636363 0.089947090 0.078534029 0.037383176 0.179282874 0.019047620 0.169354841 0.014354067 0.072072074 0.000000000 0.055045873 0.067873307 0.104347825 0.041860465 0.067873307 0.014354067 0.055045873 0.306397319 0.182539687 0.104347825 0.032863848
0.055045873 0.095238097 0.064814813 0.098039217 0.013215859 0.017094018 0.012875536 0.012875536 0.041666668 0.108527131 0.068825908 0.083665341 0.087301590 0.008620690 0.144278601 0.133004919 0.017699115 0.125475287 0.036036037 0.115384616 0.040723983 0.017094018 0.055045873 0.000000000 0.012875536 0.049586777 0.013215859 0.012875536 0.040723983 0.000000000 0.255663425 0.128787875 0.049586777 0.022222223
0.067873307 0.107981220 0.077625573 0.085271321 0.026086956 0.004219409 0.000000000 0.000000000 0.028806584 0.095785439 0.056000002 0.070866145 0.074509807 0.004255319 0.156862751 0.145631075 0.030567685 0.112781957 0.048888888 0.102661595 0.053571429 0.004219409 0.067873307 0.012875536 0.000000000 0.036734693 0.026086956 0.000000000 0.053571429 0.012875536 0.243589744 0.116104871 0.036734693 0.035087720
0.104347825 0.144144148 0.114035085 0.048689138 0.062761508 0.032520324 0.036734693 0.036734693 0.007936508 0.059259258 0.019305019 0.034220532 0.037878789 0.040983606 0.192488268 0.181395352 0.067226894 0.076363638 0.085470088 0.066176474 0.090128757 0.032520324 0.104347825 0.049586777 0.036734693 0.000000000 0.062761508 0.036734693 0.090128757 0.049586777 0.208722740 0.079710148 0.000000000 0.071729958
0.041860465 0.082125604 0.051643193 0.111111112 0.000000000 0.030303031 0.026086956 0.026086956 0.054852322 0.121568628 0.081967212 0.096774191 0.100401610 0.021834061 0.131313130 0.119999997 0.004484305 0.138461545 0.022831051 0.128404662 0.027522936 0.030303031 0.041860465 0.013215859 0.026086956 0.062761508 0.000000000 0.026086956 0.027522936 0.013215859 0.267973870 0.141762450 0.062761508 0.009009009
0.067873307 0.107981220 0.077625573 0.085271321 0.026086956 0.004219409 0.000000000 0.000000000 0.028806584 0.095785439 0.056000002 0.070866145 0.074509807 0.004255319 0.156862751 0.145631075 0.030567685 0.112781957 0.048888888 0.102661595 0.053571429 0.004219409 0.067873307 0.012875536 0.000000000 0.036734693 0.026086956 0.000000000 0.053571429 0.012875536 0.243589744 0.116104871 0.036734693 0.035087720
0.014354067 0.054726370 0.024154589 0.138211384 0.027522936 0.057777777 0.053571429 0.053571429 0.082251079 0.148594379 0.109243698 0.123966940 0.127572015 0.049327355 0.104166664 0.092783503 0.023041476 0.165354326 0.004694836 0.155378491 0.000000000 0.057777777 0.014354067 0.040723983 0.053571429 0.090128757 0.027522936 0.053571429 0.000000000 0.040723983 0.293333322 0.168627456 0.090128757 0.018518519
0.055045873 0.095238097 0.064814813 0.098039217 0.013215859 0.017094018 0.012875536 0.012875536 0.041666668 0.108527131 0.068825908 0.083665341 0.087301590 0.008620690 0.144278601 0.133004919 0.017699115 0.125475287 0.036036037 0.115384616 0.040723983 0.017094018 0.055045873 0.000000000 0.012875536 0.049586777 0.013215859 0.012875536 0.040723983 0.000000000 0.255663425 0.128787875 0.049586777 0.022222223
0.306397319 0.342560560 0.315254241 0.161676645 0.267973870 0.239616618 0.243589744 0.243589744 0.216300935 0.151335314 0.190184042 0.175757572 0.172205433 0.247588426 0.385714293 0.375886530 0.272131145 0.134502918 0.289036542 0.144542769 0.293333322 0.239616618 0.306397319 0.255663425 0.243589744 0.208722740 0.267973870 0.243589744 0.293333322 0.255663425 0.000000000 0.131195337 0.208722740 0.276315778
0.182539687 0.221311480 0.192000002 0.031141868 0.141762450 0.111940302 0.116104871 0.116104871 0.087591238 0.020547945 0.060498219 0.045614034 0.041958041 0.120300755 0.268085092 0.257383972 0.146153852 0.003367003 0.164062500 0.013605442 0.168627456 0.111940302 0.182539687 0.128787875 0.116104871 0.079710148 0.141762450 0.116104871 0.168627456 0.128787875 0.131195337 0.000000000 0.079710148 0.150579154
0.104347825 0.144144148 0.114035085 0.048689138 0.062761508 0.032520324 0.036734693 0.036734693 0.007936508 0.059259258 0.019305019 0.034220532 0.037878789 0.040983606 0.192488268 0.181395352 0.067226894 0.076363638 0.085470088 0.066176474 0.090128757 0.032520324 0.104347825 0.049586777 0.036734693 0.000000000 0.062761508 0.036734693 0.090128757 0.049586777 0.208722740 0.079710148 0.000000000 0.071729958
0.032863848 0.073170729 0.042654030 0.119999997 0.009009009 0.039301310 0.035087720 0.035087720 0.063829787 0.130434781 0.090909094 0.105691060 0.109311745 0.030837005 0.122448981 0.111111112 0.004524887 0.147286817 0.013824885 0.137254909 0.018518519 0.039301310 0.032863848 0.022222223 0.035087720 0.071729958 0.009009009 0.035087720 0.018518519 0.022222223 0.276315778 0.150579154 0.071729958 0.000000000
