0.000000000 0.185840711 0.152073726 0.284046680 0.226890758 0.159817353 0.182222217 0.233333334 0.167420819 0.252032518 0.220338985 0.269841284 0.239669427 0.171171173 0.005405406 0.075376883 0.089108914 0.167420819 0.140186921 0.226890758 0.127962083 0.178571433 0.093596056 0.223628685 0.217021272 0.233333334 0.178571433 0.178571433 0.079999998 0.203463197 0.098039217 0.223628685 0.220338985 0.084577113
0.185840711 0.000000000 0.034749035 0.103678927 0.042857144 0.026819924 0.003745318 0.049645390 0.019011406 0.069444448 0.035971224 0.088435374 0.056338027 0.015151516 0.180616736 0.112033196 0.098360658 0.019011406 0.046875000 0.042857144 0.059288539 0.007518797 0.093877554 0.039426524 0.032490976 0.049645390 0.007518797 0.007518797 0.107438013 0.018315019 0.089430891 0.039426524 0.035971224 0.102880657
0.152073726 0.034749035 0.000000000 0.137931034 0.077490777 0.007936508 0.031007752 0.084249087 0.015748031 0.103942655 0.070631973 0.122807018 0.090909094 0.019607844 0.146788985 0.077586204 0.063829787 0.015748031 0.012145749 0.077490777 0.024590164 0.027237354 0.059322033 0.074074075 0.067164183 0.084249087 0.027237354 0.027237354 0.072961375 0.053030305 0.054852322 0.074074075 0.070631973 0.068376072
0.284046680 0.103678927 0.137931034 0.000000000 0.061093248 0.130136982 0.107382551 0.054313101 0.122448981 0.034482758 0.067961164 0.015384615 0.047619049 0.118644066 0.279069781 0.213235289 0.200000003 0.122448981 0.149825782 0.061093248 0.161971837 0.111111112 0.195652172 0.064516127 0.071428575 0.054313101 0.111111112 0.111111112 0.208791211 0.085526317 0.191335738 0.064516127 0.067961164 0.204379559
0.226890758 0.042857144 0.077490777 0.061093248 0.000000000 0.069597073 0.046594981 0.006802721 0.061818182 0.026666667 0.006896552 0.045751635 0.013513514 0.057971016 0.221757323 0.154150203 0.140625000 0.061818182 0.089552239 0.000000000 0.101886794 0.050359711 0.136186764 0.003436426 0.010380623 0.006802721 0.050359711 0.050359711 0.149606302 0.024561403 0.131782949 0.003436426 0.006896552 0.145098045
0.159817353 0.026819924 0.007936508 0.130136982 0.069597073 0.000000000 0.023076924 0.076363638 0.007812500 0.096085407 0.062730625 0.114982575 0.083032489 0.011673152 0.154545456 0.085470088 0.071729958 0.007812500 0.020080321 0.069597073 0.032520324 0.019305019 0.067226894 0.066176474 0.059259258 0.076363638 0.019305019 0.019305019 0.080851063 0.045112781 0.062761508 0.066176474 0.062730625 0.076271184
0.182222217 0.003745318 0.031007752 0.107382551 0.046594981 0.023076924 0.000000000 0.053380784 0.015267176 0.073170729 0.039711192 0.092150174 0.060070671 0.011406844 0.176991150 0.108333334 0.094650209 0.015267176 0.043137256 0.046594981 0.055555556 0.003773585 0.090163931 0.043165468 0.036231883 0.053380784 0.003773585 0.003773585 0.103734441 0.022058824 0.085714288 0.043165468 0.039711192 0.099173553
0.233333334 0.049645390 0.084249087 0.054313101 0.006802721 0.076363638 0.053380784 0.000000000 0.068592057 0.019867551 0.013698630 0.038961038 0.006711409 0.064748198 0.228215769 0.160784319 0.147286817 0.068592057 0.096296296 0.006802721 0.108614229 0.057142857 0.142857149 0.010238908 0.017182130 0.000000000 0.057142857 0.057142857 0.156250000 0.031358887 0.138461545 0.010238908 0.013698630 0.151750967
0.167420819 0.019011406 0.015748031 0.122448981 0.061818182 0.007812500 0.015267176 0.068592057 0.000000000 0.088339224 0.054945055 0.107266434 0.075268820 0.003861004 0.162162155 0.093220338 0.079497911 0.000000000 0.027888447 0.061818182 0.040322579 0.011494253 0.075000003 0.058394160 0.051470589 0.068592057 0.011494253 0.011494253 0.088607594 0.037313432 0.070539422 0.058394160 0.054945055 0.084033616
0.252032518 0.069444448 0.103942655 0.034482758 0.026666667 0.096085407 0.073170729 0.019867551 0.088339224 0.000000000 0.033557046 0.019108281 0.013157895 0.084507041 0.246963561 0.180076629 0.166666672 0.088339224 0.115942031 0.026666667 0.128205135 0.076923080 0.162264153 0.030100334 0.037037037 0.019867551 0.076923080 0.076923080 0.175572515 0.051194537 0.157894731 0.030100334 0.033557046 0.171102658
0.220338985 0.035971224 0.070631973 0.067961164 0.006896552 0.062730625 0.039711192 0.013698630 0.054945055 0.033557046 0.000000000 0.052631579 0.020408163 0.051094890 0.215189874 0.147410363 0.133858263 0.054945055 0.082706764 0.006896552 0.095057033 0.043478262 0.129411772 0.003460208 0.003484321 0.013698630 0.043478262 0.043478262 0.142857149 0.017667845 0.125000000 0.003460208 0.000000000 0.138339922
0.269841284 0.088435374 0.122807018 0.015384615 0.045751635 0.114982575 0.092150174 0.038961038 0.107266434 0.019108281 0.052631579 0.000000000 0.032258064 0.103448279 0.264822125 0.198501870 0.185185179 0.107266434 0.134751767 0.045751635 0.146953404 0.095890410 0.180811808 0.049180329 0.056105610 0.038961038 0.095890410 0.095890410 0.194029853 0.070234112 0.176470593 0.049180329 0.052631579 0.189591080
0.239669427 0.056338027 0.090909094 0.047619049 0.013513514 0.083032489 0.060070671 0.006711409 0.075268820 0.013157895 0.020408163 0.032258064 0.000000000 0.071428575 0.234567896 0.167315170 0.153846160 0.075268820 0.102941178 0.013513514 0.115241639 0.063829787 0.149425283 0.016949153 0.023890786 0.006711409 0.063829787 0.063829787 0.162790701 0.038062282 0.145038173 0.016949153 0.020408163 0.158301160
0.171171173 0.015151516 0.019607844 0.118644066 0.057971016 0.011673152 0.011406844 0.064748198 0.003861004 0.084507041 0.051094890 0.103448279 0.071428575 0.000000000 0.165919289 0.097046413 0.083333336 0.003861004 0.031746034 0.057971016 0.044176705 0.007633588 0.078838177 0.054545455 0.047619049 0.064748198 0.007633588 0.007633588 0.092436977 0.033457249 0.074380167 0.054545455 0.051094890 0.087866105
0.005405406 0.180616736 0.146788985 0.279069781 0.221757323 0.154545456 0.176991150 0.228215769 0.162162155 0.246963561 0.215189874 0.264822125 0.234567896 0.165919289 0.000000000 0.070000000 0.083743840 0.162162155 0.134883717 0.221757323 0.122641511 0.173333332 0.088235296 0.218487397 0.211864412 0.228215769 0.173333332 0.173333332 0.074626863 0.198275864 0.092682928 0.218487397 0.215189874 0.079207920
0.075376883 0.112033196 0.077586204 0.213235289 0.154150203 0.085470088 0.108333334 0.160784319 0.093220338 0.180076629 0.147410363 0.198501870 0.167315170 0.097046413 0.070000000 0.000000000 0.013824885 0.093220338 0.065502182 0.154150203 0.053097345 0.104602508 0.018348623 0.150793657 0.143999994 0.160784319 0.104602508 0.104602508 0.004651163 0.130081296 0.022831051 0.150793657 0.147410363 0.009259259
0.089108914 0.098360658 0.063829787 0.200000003 0.140625000 0.071729958 0.094650209 0.147286817 0.079497911 0.166666672 0.133858263 0.185185179 0.153846160 0.083333336 0.083743840 0.013824885 0.000000000 0.079497911 0.051724140 0.140625000 0.039301310 0.090909094 0.004524887 0.137254909 0.130434781 0.147286817 0.090909094 0.090909094 0.009174312 0.116465867 0.009009009 0.137254909 0.133858263 0.004566210
0.167420819 0.019011406 0.015748031 0.122448981 0.061818182 0.007812500 0.015267176 0.068592057 0.000000000 0.088339224 0.054945055 0.107266434 0.075268820 0.003861004 0.162162155 0.093220338 0.079497911 0.000000000 0.027888447 0.061818182 0.040322579 0.011494253 0.075000003 0.058394160 0.051470589 0.068592057 0.011494253 0.011494253 0.088607594 0.037313432 0.070539422 0.058394160 0.054945055 0.084033616
0.140186921 0.046875000 0.012145749 0.149825782 0.089552239 0.020080321 0.043137256 0.096296296 0.027888447 0.115942031 0.082706764 0.134751767 0.102941178 0.031746034 0.134883717 0.065502182 0.051724140 0.027888447 0.000000000 0.089552239 0.012448133 0.039370079 0.047210302 0.086142324 0.079245284 0.096296296 0.039370079 0.039370079 0.060869563 0.065134101 0.042735044 0.086142324 0.082706764 0.056277055
0.226890758 0.042857144 0.077490777 0.061093248 0.000000000 0.069597073 0.046594981 0.006802721 0.061818182 0.026666667 0.006896552 0.045751635 0.013513514 0.057971016 0.221757323 0.154150203 0.140625000 0.061818182 0.089552239 0.000000000 0.101886794 0.050359711 0.136186764 0.003436426 0.010380623 0.006802721 0.050359711 0.050359711 0.149606302 0.024561403 0.131782949 0.003436426 0.006896552 0.145098045
0.127962083 0.059288539 0.024590164 0.161971837 0.101886794 0.032520324 0.055555556 0.108614229 0.040322579 0.128205135 0.095057033 0.146953404 0.115241639 0.044176705 0.122641511 0.053097345 0.039301310 0.040322579 0.012448133 0.101886794 0.000000000 0.051792830 0.034782607 0.098484851 0.091603056 0.108614229 0.051792830 0.051792830 0.048458152 0.077519380 0.030303031 0.098484851 0.095057033 0.043859649
0.178571433 0.007518797 0.027237354 0.111111112 0.050359711 0.019305019 0.003773585 0.057142857 0.011494253 0.076923080 0.043478262 0.095890410 0.063829787 0.007633588 0.173333332 0.104602508 0.090909094 0.011494253 0.039370079 0.050359711 0.051792830 0.000000000 0.086419754 0.046931408 0.039999999 0.057142857 0.000000000 0.000000000 0.100000001 0.025830258 0.081967212 0.046931408 0.043478262 0.095435686
0.093596056 0.093877554 0.059322033 0.195652172 0.136186764 0.067226894 0.090163931 0.142857149 0.075000003 0.162264153 0.129411772 0.180811808 0.149425283 0.078838177 0.088235296 0.018348623 0.004524887 0.075000003 0.047210302 0.136186764 0.034782607 0.086419754 0.000000000 0.132812500 0.125984251 0.142857149 0.086419754 0.086419754 0.013698630 0.112000003 0.004484305 0.132812500 0.129411772 0.009090909
0.223628685 0.039426524 0.074074075 0.064516127 0.003436426 0.066176474 0.043165468 0.010238908 0.058394160 0.030100334 0.003460208 0.049180329 0.016949153 0.054545455 0.218487397 0.150793657 0.137254909 0.058394160 0.086142324 0.003436426 0.098484851 0.046931408 0.132812500 0.000000000 0.006944444 0.010238908 0.046931408 0.046931408 0.146245062 0.021126760 0.128404662 0.000000000 0.003460208 0.141732290
0.217021272 0.032490976 0.067164183 0.071428575 0.010380623 0.059259258 0.036231883 0.017182130 0.051470589 0.037037037 0.003484321 0.056105610 0.023890786 0.047619049 0.211864412 0.143999994 0.130434781 0.051470589 0.079245284 0.010380623 0.091603056 0.039999999 0.125984251 0.006944444 0.000000000 0.017182130 0.039999999 0.039999999 0.139442235 0.014184397 0.121568628 0.006944444 0.003484321 0.134920642
0.233333334 0.049645390 0.084249087 0.054313101 0.006802721 0.076363638 0.053380784 0.000000000 0.068592057 0.019867551 0.013698630 0.038961038 0.006711409 0.064748198 0.228215769 0.160784319 0.147286817 0.068592057 0.096296296 0.006802721 0.108614229 0.057142857 0.142857149 0.010238908 0.017182130 0.000000000 0.057142857 0.057142857 0.156250000 0.031358887 0.138461545 0.010238908 0.013698630 0.151750967
0.178571433 0.007518797 0.027237354 0.111111112 0.050359711 0.019305019 0.003773585 0.057142857 0.011494253 0.076923080 0.043478262 0.095890410 0.063829787 0.007633588 0.173333332 0.104602508 0.090909094 0.011494253 0.039370079 0.050359711 0.051792830 0.000000000 0.086419754 0.046931408 0.039999999 0.057142857 0.000000000 0.000000000 0.100000001 0.025830258 0.081967212 0.046931408 0.043478262 0.095435686
0.178571433 0.007518797 0.027237354 0.111111112 0.050359711 0.019305019 0.003773585 0.057142857 0.011494253 0.076923080 0.043478262 0.095890410 0.063829787 0.007633588 0.173333332 0.104602508 0.090909094 0.011494253 0.039370079 0.050359711 0.051792830 0.000000000 0.086419754 0.046931408 0.039999999 0.057142857 0.000000000 0.000000000 0.100000001 0.025830258 0.081967212 0.046931408 0.043478262 0.095435686
0.079999998 0.107438013 0.072961375 0.208791211 0.149606302 0.080851063 0.103734441 0.156250000 0.088607594 0.175572515 0.142857149 0.194029853 0.162790701 0.092436977 0.074626863 0.004651163 0.009174312 0.088607594 0.060869563 0.149606302 0.048458152 0.100000001 0.013698630 0.146245062 0.139442235 0.156250000 0.100000001 0.100000001 0.000000000 0.125506073 0.018181818 0.146245062 0.142857149 0.004608295
0.203463197 0.018315019 0.053030305 0.085526317 0.024561403 0.045112781 0.022058824 0.031358887 0.037313432 0.051194537 0.017667845 0.070234112 0.038062282 0.033457249 0.198275864 0.130081296 0.116465867 0.037313432 0.065134101 0.024561403 0.077519380 0.025830258 0.112000003 0.021126760 0.014184397 0.031358887 0.025830258 0.025830258 0.125506073 0.000000000 0.107569724 0.021126760 0.017667845 0.120967738
0.098039217 0.089430891 0.054852322 0.191335738 0.131782949 0.062761508 0.085714288 0.138461545 0.070539422 0.157894731 0.125000000 0.176470593 0.145038173 0.074380167 0.092682928 0.022831051 0.009009009 0.070539422 0.042735044 0.131782949 0.030303031 0.081967212 0.004484305 0.128404662 0.121568628 0.138461545 0.081967212 0.081967212 0.018181818 0.107569724 0.000000000 0.128404662 0.125000000 0.013574661
0.223628685 0.039426524 0.074074075 0.064516127 0.003436426 0.066176474 0.043165468 0.010238908 0.058394160 0.030100334 0.003460208 0.049180329 0.016949153 0.054545455 0.218487397 0.150793657 0.137254909 0.058394160 0.086142324 0.003436426 0.098484851 0.046931408 0.132812500 0.000000000 0.006944444 0.010238908 0.046931408 0.046931408 0.146245062 0.021126760 0.128404662 0.000000000 0.003460208 0.141732290
0.220338985 0.035971224 0.070631973 0.067961164 0.006896552 0.062730625 0.039711192 0.013698630 0.054945055 0.033557046 0.000000000 0.052631579 0.020408163 0.051094890 0.215189874 0.147410363 0.133858263 0.054945055 0.082706764 0.006896552 0.095057033 0.043478262 0.129411772 0.003460208 0.003484321 0.013698630 0.043478262 0.043478262 0.142857149 0.017667845 0.125000000 0.003460208 0.000000000 0.138339922
0.084577113 0.102880657 0.068376072 0.204379559 0.145098045 0.076271184 0.099173553 0.151750967 0.084033616 0.171102658 0.138339922 0.189591080 0.158301160 0.087866105 0.079207920 0.009259259 0.004566210 0.084033616 0.056277055 0.145098045 0.043859649 0.095435686 0.009090909 0.141732290 0.134920642 0.151750967 0.095435686 0.095435686 0.004608295 0.120967738 0.013574661 0.141732290 0.138339922 0.000000000
