0.013036983 0.036497671 0.027251007 0.059873857 0.043717660 0.034443613 0.036747482 0.042569008 0.038070932 0.048655353 0.044393420 0.056062199 0.037739720 0.040334329 0.024314713 0.026209876 0.031412546 0.055668809 0.036961369 0.050127115 0.020709449 0.039329901 0.025063016 0.035791289 0.047189601 0.042238362 0.040089592 0.026520416 0.019973703 0.038326733 0.065577328 0.051213525 0.057516694 0.025653131
0.036497671 0.009592462 0.027218880 0.035149530 0.025556231 0.017603025 0.021119026 0.018879220 0.022330401 0.026139796 0.024262052 0.025568156 0.016824380 0.017300991 0.026699813 0.026330944 0.022365570 0.030517204 0.022215748 0.034781594 0.025944173 0.018528370 0.029053386 0.019893553 0.014568940 0.024623977 0.024119496 0.020120984 0.019772245 0.021456137 0.043865502 0.025313076 0.025256552 0.024347752
0.027251007 0.027218880 0.002045315 0.043884482 0.020066060 0.015908737 0.014175627 0.020829953 0.019991802 0.033088829 0.024586556 0.041550115 0.018281486 0.017396148 0.016651424 0.014032057 0.015388690 0.033840656 0.018314507 0.029065363 0.005304383 0.018784164 0.012824928 0.014393730 0.026197746 0.025809377 0.021414509 0.008360254 0.011469356 0.018375348 0.045452088 0.029170858 0.027055679 0.010803459
0.059873857 0.035149530 0.043884482 0.019204242 0.032627512 0.028219379 0.030275205 0.033011731 0.039713293 0.023289563 0.021101929 0.022768475 0.023377724 0.030390739 0.054447927 0.052739561 0.035648741 0.031463344 0.032957599 0.021824237 0.035995036 0.023412498 0.051633574 0.025174133 0.030489882 0.016204802 0.037470490 0.029315846 0.036239561 0.033629049 0.040018145 0.015925728 0.050645284 0.038569093
0.043717660 0.025556231 0.020066060 0.032627512 -0.002653530 0.018792097 0.011081218 0.017083917 0.018773787 0.024217613 0.017123614 0.023778053 0.012168013 0.015921459 0.040174272 0.027819371 0.017953638 0.034564305 0.019453060 0.016495008 0.022215862 0.014429947 0.033016667 0.011717014 0.021841014 0.015961792 0.015927149 0.018425649 0.026002906 0.018572686 0.056548871 0.020367108 0.029968144 0.033713479
0.034443613 0.017603025 0.015908737 0.028219379 0.018792097 0.008499249 0.008584233 0.011768818 0.009600813 0.021186162 0.017952360 0.023520086 0.012198599 0.010062563 0.026872810 0.018998869 0.013252386 0.027127195 0.014634138 0.017964343 0.010238124 0.012959969 0.023021951 0.010373950 0.017534452 0.017612616 0.014514717 0.005673653 0.018571975 0.012591527 0.041841537 0.026013076 0.023866855 0.020562820
0.036747482 0.021119026 0.014175627 0.030275205 0.011081218 0.008584233 -0.004542205 0.006515118 0.013128906 0.020510919 0.002174501 0.023374295 0.008018124 0.004842405 0.023968654 0.020256225 0.012349098 0.018844208 0.009818840 0.017475830 0.013561740 0.005813248 0.020590048 0.001705439 0.011927169 0.006802064 0.007540248 0.006245755 0.018680619 0.008551855 0.039044984 0.013331457 0.017611425 0.018048232
0.042569008 0.018879220 0.020829953 0.033011731 0.017083917 0.011768818 0.006515118 0.003755448 0.015706912 0.021076437 0.012203537 0.026160400 0.009990451 0.010623311 0.032179341 0.029084884 0.016284008 0.022996336 0.015282989 0.023236610 0.018286465 0.012778343 0.029247684 0.007874263 0.013790745 0.010478694 0.017602634 0.007407966 0.019363657 0.011031289 0.041391030 0.018261893 0.025409644 0.023049068
0.038070932 0.022330401 0.019991802 0.039713293 0.018773787 0.009600813 0.013128906 0.015706912 0.004864998 0.027287684 0.019323576 0.031484567 0.013727598 0.012205660 0.030037334 0.025521271 0.015817855 0.030956324 0.018450554 0.026921600 0.016018145 0.012526968 0.025790056 0.009398945 0.022297878 0.017778559 0.021301197 0.012107143 0.014011614 0.016922001 0.047370121 0.021935912 0.021007432 0.011958834
0.048655353 0.026139796 0.033088829 0.023289563 0.024217613 0.021186162 0.020510919 0.021076437 0.027287684 0.009538544 0.012683357 0.017396875 0.017732367 0.020980755 0.044292007 0.042490225 0.028227441 0.021153187 0.024485204 0.018123206 0.027585309 0.016863927 0.040776566 0.018454680 0.022069894 0.008680236 0.027409336 0.019248113 0.030513940 0.022783671 0.034567825 0.009434296 0.032268841 0.031974912
0.044393420 0.024262052 0.024586556 0.021101929 0.017123614 0.017952360 0.002174501 0.012203537 0.019323576 0.012683357 0.000426721 0.014006648 0.010998588 0.013143469 0.035706852 0.032110516 0.020352595 0.013809785 0.017298261 0.018177398 0.021775987 0.011307372 0.030765591 0.013149316 0.013422704 0.007641842 0.017475538 0.014990102 0.027903926 0.015748128 0.034750920 0.009311233 0.018540800 0.029374534
0.056062199 0.025568156 0.041550115 0.022768475 0.023778053 0.023520086 0.023374295 0.026160400 0.031484567 0.017396875 0.014006648 0.015836602 0.016870968 0.022526609 0.050222293 0.048120685 0.030882098 0.026138557 0.026769662 0.021897761 0.034975238 0.015872447 0.046193287 0.018612944 0.023543004 0.010015131 0.028394647 0.027137481 0.031175477 0.026485424 0.042713780 0.011014550 0.033830173 0.037121609
0.037739720 0.016824380 0.018281486 0.023377724 0.012168013 0.012198599 0.008018124 0.009990451 0.013727598 0.017732367 0.010998588 0.016870968 0.001665630 0.011498148 0.032352075 0.027323175 0.017364681 0.021402091 0.013417998 0.014836827 0.020738615 0.013306085 0.026481746 0.010689762 0.016341932 0.014816344 0.012328031 0.012790265 0.020521572 0.014022728 0.040058106 0.014959795 0.017935701 0.023411212
0.040334329 0.017300991 0.017396148 0.030390739 0.015921459 0.010062563 0.004842405 0.010623311 0.012205660 0.020980755 0.013143469 0.022526609 0.011498148 0.003306357 0.032305162 0.023516919 0.013773793 0.022253010 0.012116402 0.016993649 0.016467309 0.013828770 0.025543451 0.010632537 0.015975695 0.015699495 0.012742011 0.008354344 0.020832978 0.011752670 0.044993989 0.023609631 0.025590243 0.023380244
0.024314713 0.026699813 0.016651424 0.054447927 0.040174272 0.026872810 0.023968654 0.032179341 0.030037334 0.044292007 0.035706852 0.050222293 0.032352075 0.032305162 0.006129134 0.019037846 0.022066047 0.046891391 0.026594233 0.040994197 0.016800344 0.031338830 0.021519516 0.026533240 0.041136622 0.033416066 0.033029214 0.014880705 0.020592716 0.027513525 0.053459253 0.050589088 0.049968369 0.024424296
0.026209876 0.026330944 0.014032057 0.052739561 0.027819371 0.018998869 0.020256225 0.029084884 0.025521271 0.042490225 0.032110516 0.048120685 0.027323175 0.023516919 0.019037846 0.003460932 0.017428447 0.041908540 0.023809252 0.034209155 0.009373665 0.025818489 0.013086654 0.021379268 0.034515634 0.034458734 0.027107352 0.016039854 0.007070522 0.025711969 0.051208254 0.038067132 0.037419870 0.012545863
0.031412546 0.022365570 0.015388690 0.035648741 0.017953638 0.013252386 0.012349098 0.016284008 0.015817855 0.028227441 0.020352595 0.030882098 0.017364681 0.013773793 0.022066047 0.017428447 0.000095839 0.028532472 0.012595857 0.023106638 0.011896579 0.015766351 0.016786579 0.012756539 0.021189988 0.023034090 0.014462644 0.011880191 0.013517481 0.016576979 0.040587761 0.026482951 0.030474234 0.015493114
0.055668809 0.030517204 0.033840656 0.031463344 0.034564305 0.027127195 0.018844208 0.022996336 0.030956324 0.021153187 0.013809785 0.026138557 0.021402091 0.022253010 0.046891391 0.041908540 0.028532472 0.009529125 0.025192017 0.036405772 0.029753847 0.019086916 0.040763669 0.022191007 0.019712554 0.011370375 0.027986856 0.019392109 0.034045994 0.024965720 0.030533664 0.017003160 0.042448439 0.035422638
0.036961369 0.022215748 0.018314507 0.032957599 0.019453060 0.014634138 0.009818840 0.015282989 0.018450554 0.024485204 0.017298261 0.026769662 0.013417998 0.012116402 0.026594233 0.023809252 0.012595857 0.025192017 0.006167260 0.022341866 0.016540954 0.013489237 0.021614868 0.012747126 0.017985668 0.018492021 0.017728273 0.012702053 0.018401746 0.017284021 0.042157467 0.022141177 0.026464902 0.018692423
0.050127115 0.034781594 0.029065363 0.021824237 0.016495008 0.017964343 0.017475830 0.023236610 0.026921600 0.018123206 0.018177398 0.021897761 0.014836827 0.016993649 0.040994197 0.034209155 0.023106638 0.036405772 0.022341866 -0.003492648 0.018525138 0.016411288 0.038732484 0.016535362 0.026100246 0.017586598 0.025049556 0.017760586 0.026696695 0.025382983 0.049073547 0.012103516 0.035883326 0.031861987
0.020709449 0.025944173 0.005304383 0.035995036 0.022215862 0.010238124 0.013561740 0.018286465 0.016018145 0.027585309 0.021775987 0.034975238 0.020738615 0.016467309 0.016800344 0.009373665 0.011896579 0.029753847 0.016540954 0.018525138 -0.004800626 0.017066015 0.010359683 0.014278572 0.031283148 0.025350453 0.016892532 0.004706889 0.011445841 0.016168673 0.037896149 0.028644145 0.024951762 0.010963140
0.039329901 0.018528370 0.018784164 0.023412498 0.014429947 0.012959969 0.005813248 0.012778343 0.012526968 0.016863927 0.011307372 0.015872447 0.013306085 0.013828770 0.031338830 0.025818489 0.015766351 0.019086916 0.013489237 0.016411288 0.017066015 -0.001010096 0.025657097 0.009479505 0.015460937 0.013048304 0.011702446 0.010640029 0.021069299 0.014806368 0.035438124 0.015887760 0.017197654 0.022891469
0.025063016 0.029053386 0.012824928 0.051633574 0.033016667 0.023021951 0.020590048 0.029247684 0.025790056 0.040776566 0.030765591 0.046193287 0.026481746 0.025543451 0.021519516 0.013086654 0.016786579 0.040763669 0.021614868 0.038732484 0.010359683 0.025657097 0.004737006 0.022540450 0.034623288 0.031305231 0.026068391 0.016829811 0.013190956 0.025426146 0.048909284 0.045413047 0.040540524 0.018628694
0.035791289 0.019893553 0.014393730 0.025174133 0.011717014 0.010373950 0.001705439 0.007874263 0.009398945 0.018454680 0.013149316 0.018612944 0.010689762 0.010632537 0.026533240 0.021379268 0.012756539 0.022191007 0.012747126 0.016535362 0.014278572 0.009479505 0.022540450 -0.001511307 0.017501205 0.016678808 0.007613423 0.008617618 0.018668471 0.009735405 0.040682569 0.018887818 0.015265428 0.019421777
0.047189601 0.014568940 0.026197746 0.030489882 0.021841014 0.017534452 0.011927169 0.013790745 0.022297878 0.022069894 0.013422704 0.023543004 0.016341932 0.015975695 0.041136622 0.034515634 0.021189988 0.019712554 0.017985668 0.026100246 0.031283148 0.015460937 0.034623288 0.017501205 -0.016692962 0.012326429 0.021161558 0.015724286 0.024412014 0.017645340 0.028458554 0.018519338 0.028878242 0.027961222
0.042238362 0.024623977 0.025809377 0.016204802 0.015961792 0.017612616 0.006802064 0.010478694 0.017778559 0.008680236 0.007641842 0.010015131 0.014816344 0.015699495 0.033416066 0.034458734 0.023034090 0.011370375 0.018492021 0.017586598 0.025350453 0.013048304 0.031305231 0.016678808 0.012326429 -0.000388343 0.017209712 0.017740367 0.029320441 0.015507618 0.032515403 0.008848117 0.014061655 0.028675761
0.040089592 0.024119496 0.021414509 0.037470490 0.015927149 0.014514717 0.007540248 0.017602634 0.021301197 0.027409336 0.017475538 0.028394647 0.012328031 0.012742011 0.033029214 0.027107352 0.014462644 0.027986856 0.017728273 0.025049556 0.016892532 0.011702446 0.026068391 0.007613423 0.021161558 0.017209712 0.009431947 0.011256661 0.020207260 0.018583501 0.048313089 0.021947967 0.028289646 0.022251358
0.026520416 0.020120984 0.008360254 0.029315846 0.018425649 0.005673653 0.006245755 0.007407966 0.012107143 0.019248113 0.014990102 0.027137481 0.012790265 0.008354344 0.014880705 0.016039854 0.011880191 0.019392109 0.012702053 0.017760586 0.004706889 0.010640029 0.016829811 0.008617618 0.015724286 0.017740367 0.011256661 -0.005611356 0.012003543 0.006306699 0.029230013 0.019798104 0.019056212 0.008335484
0.019973703 0.019772245 0.011469356 0.036239561 0.026002906 0.018571975 0.018680619 0.019363657 0.014011614 0.030513940 0.027903926 0.031175477 0.020521572 0.020832978 0.020592716 0.007070522 0.013517481 0.034045994 0.018401746 0.026696695 0.011445841 0.021069299 0.013190956 0.018668471 0.024412014 0.029320441 0.020207260 0.012003543 0.007553229 0.018194430 0.039824322 0.038950235 0.024988692 0.015238454
0.038326733 0.021456137 0.018375348 0.033629049 0.018572686 0.012591527 0.008551855 0.011031289 0.016922001 0.022783671 0.015748128 0.026485424 0.014022728 0.011752670 0.027513525 0.025711969 0.016576979 0.024965720 0.017284021 0.025382983 0.016168673 0.014806368 0.025426146 0.009735405 0.017645340 0.015507618 0.018583501 0.006306699 0.018194430 0.006674442 0.041286677 0.018775720 0.023945976 0.017639995
0.065577328 0.043865502 0.045452088 0.040018145 0.056548871 0.041841537 0.039044984 0.041391030 0.047370121 0.034567825 0.034750920 0.042713780 0.040058106 0.044993989 0.053459253 0.051208254 0.040587761 0.030533664 0.042157467 0.049073547 0.037896149 0.035438124 0.048909284 0.040682569 0.028458554 0.032515403 0.048313089 0.029230013 0.039824322 0.041286677 -0.018602375 0.032755598 0.061461397 0.042539462
0.051213525 0.025313076 0.029170858 0.015925728 0.020367108 0.026013076 0.013331457 0.018261893 0.021935912 0.009434296 0.009311233 0.011014550 0.014959795 0.023609631 0.050589088 0.038067132 0.026482951 0.017003160 0.022141177 0.012103516 0.028644145 0.015887760 0.045413047 0.018887818 0.018519338 0.008848117 0.021947967 0.019798104 0.038950235 0.018775720 0.032755598 0.003131585 0.029340489 0.045869656
0.057516694 0.025256552 0.027055679 0.050645284 0.029968144 0.023866855 0.017611425 0.025409644 0.021007432 0.032268841 0.018540800 0.033830173 0.017935701 0.025590243 0.049968369 0.037419870 0.030474234 0.042448439 0.026464902 0.035883326 0.024951762 0.017197654 0.040540524 0.015265428 0.028878242 0.014061655 0.028289646 0.019056212 0.024988692 0.023945976 0.061461397 0.029340489 0.017513104 0.032080553
0.025653131 0.024347752 0.010803459 0.038569093 0.033713479 0.020562820 0.018048232 0.023049068 0.011958834 0.031974912 0.029374534 0.037121609 0.023411212 0.023380244 0.024424296 0.012545863 0.015493114 0.035422638 0.018692423 0.031861987 0.010963140 0.022891469 0.018628694 0.019421777 0.027961222 0.028675761 0.022251358 0.008335484 0.015238454 0.017639995 0.042539462 0.045869656 0.032080553 0.013874847
