0.011969194 0.042458519 0.026346156 0.062821798 0.043480832 0.034312997 0.039216053 0.046864346 0.039477561 0.049170904 0.045313314 0.059628755 0.039807931 0.043186456 0.023933878 0.029568829 0.032840669 0.054403387 0.036949553 0.047888353 0.019654855 0.042184543 0.022976942 0.040010925 0.051712818 0.043888319 0.037193157 0.029504862 0.021032516 0.041807659 0.067821413 0.043605722 0.055718876 0.026552094
0.042458519 0.008579656 0.027206473 0.040944785 0.025400937 0.017149910 0.018302491 0.025204787 0.021786878 0.027528638 0.024439491 0.025849391 0.018682623 0.023032911 0.040053941 0.027397361 0.024310451 0.033020400 0.022520849 0.037927158 0.027033005 0.017820323 0.034374155 0.018845705 0.023555173 0.028889563 0.022554889 0.019139260 0.024519486 0.026122991 0.048929252 0.026245195 0.028856298 0.033052918
0.026346156 0.027206473 -0.002916746 0.040557597 0.015786428 0.011677120 0.011657296 0.020706281 0.017394125 0.028631220 0.021339951 0.039129786 0.016681997 0.016604714 0.015180710 0.012507983 0.013471076 0.029026685 0.014060345 0.023207888 0.000173461 0.017193347 0.010217891 0.013257429 0.028084643 0.024626525 0.015273139 0.005952697 0.008685573 0.017806264 0.042114418 0.019833095 0.022672245 0.008745195
0.062821798 0.040944785 0.040557597 0.025833011 0.027749399 0.030648053 0.029466666 0.036041096 0.038347021 0.024089422 0.021166561 0.022332411 0.024303708 0.032207385 0.059840959 0.051464520 0.036202718 0.027493127 0.031276222 0.027298354 0.034204349 0.024647662 0.053240113 0.025217019 0.038764667 0.017597500 0.030956892 0.029669460 0.036343053 0.037281867 0.047820166 0.011426841 0.049168494 0.046209820
0.043480832 0.025400937 0.015786428 0.027749399 -0.002214210 0.017102469 0.011356408 0.014568645 0.017892018 0.018065622 0.015815899 0.016713090 0.010983244 0.015258502 0.034885231 0.025364622 0.017213808 0.024232659 0.016444882 0.016505744 0.018764187 0.014959226 0.028597746 0.012478517 0.022526205 0.016180912 0.013094133 0.014350867 0.021770753 0.017235273 0.046293661 0.018870356 0.024029333 0.028934274
0.034312997 0.017149910 0.011677120 0.030648053 0.017102469 0.004891601 0.006547524 0.013002730 0.008430782 0.020694740 0.016347894 0.024035225 0.013002170 0.011176134 0.027486760 0.017645473 0.012454281 0.023922440 0.011494320 0.020622415 0.007840395 0.012636757 0.022305466 0.009299804 0.021183128 0.018508021 0.010254696 0.003726691 0.017012751 0.013127616 0.038873747 0.022496738 0.023751603 0.020543408
0.039216053 0.018302491 0.011657296 0.029466666 0.011356408 0.006547524 -0.004203954 0.009030771 0.011264314 0.019363791 0.002479615 0.019839115 0.011223122 0.005616707 0.027823437 0.021583211 0.012742114 0.018278409 0.006181577 0.016294872 0.013411663 0.005231450 0.023575613 0.000827261 0.017105356 0.007689773 0.005073207 0.004823347 0.016017422 0.011012923 0.035798836 0.013443034 0.020244643 0.017754089
0.046864346 0.025204787 0.020706281 0.036041096 0.014568645 0.013002730 0.009030771 0.008628184 0.017598303 0.021509085 0.014494400 0.030732442 0.011645863 0.015346346 0.033723868 0.032957826 0.019127993 0.022516113 0.017050656 0.025830831 0.016479401 0.016374614 0.030666377 0.012510448 0.021135505 0.013711396 0.015379383 0.010392935 0.022261363 0.015783358 0.044086542 0.016347537 0.023859257 0.025107469
0.039477561 0.021786878 0.017394125 0.038347021 0.017892018 0.008430782 0.011264314 0.017598303 0.002384380 0.024030618 0.018841101 0.027564138 0.014212396 0.015151598 0.033046134 0.023850054 0.016249254 0.027890109 0.017774541 0.024832807 0.013262890 0.012203868 0.026059117 0.008637127 0.026178798 0.020402610 0.017006669 0.009008972 0.017368432 0.017932720 0.048170064 0.018055838 0.017100742 0.019327762
0.049170904 0.027528638 0.028631220 0.024089422 0.018065622 0.020694740 0.019363791 0.021509085 0.024030618 0.007156780 0.011904832 0.013467507 0.017817695 0.020820640 0.044586729 0.041495726 0.027553592 0.016086686 0.022481345 0.019598203 0.024794167 0.016663564 0.040381998 0.019139448 0.025935605 0.009890297 0.021327857 0.018778130 0.029804414 0.023677908 0.035684291 0.003356444 0.027480531 0.034600154
0.045313314 0.024439491 0.021339951 0.021166561 0.015815899 0.016347894 0.002479615 0.014494400 0.018841101 0.011904832 0.000579810 0.012403885 0.011514721 0.014280381 0.035073739 0.031670995 0.020562368 0.012131864 0.014756356 0.018167038 0.020731572 0.011855544 0.031448539 0.011936117 0.018657150 0.008774744 0.015239460 0.014407965 0.026087515 0.017922819 0.032282017 0.008209117 0.019516965 0.028908385
0.059628755 0.025849391 0.039129786 0.022332411 0.016713090 0.024035225 0.019839115 0.030732442 0.027564138 0.013467507 0.012403885 0.009856412 0.014612731 0.023453128 0.056296322 0.043013774 0.030667525 0.024255643 0.024650864 0.020350747 0.030951053 0.013393424 0.047340274 0.014909198 0.028834302 0.009891734 0.023812808 0.023550399 0.030963369 0.028680941 0.049813792 0.008698076 0.031461440 0.043490004
0.039807931 0.018682623 0.016681997 0.024303708 0.010983244 0.013002170 0.011223122 0.011645863 0.014212396 0.017817695 0.011514721 0.014612731 0.001850910 0.011188949 0.031661838 0.028645599 0.019056467 0.019234067 0.013388840 0.016094374 0.022924922 0.015137127 0.028510280 0.011722294 0.021098452 0.016461298 0.010555793 0.012037327 0.017841021 0.016537102 0.035859354 0.014528537 0.019600313 0.022526238
0.043186456 0.023032911 0.016604714 0.032207385 0.015258502 0.011176134 0.005616707 0.015346346 0.015151598 0.020820640 0.014280381 0.023453128 0.011188949 0.008874483 0.032014303 0.025012847 0.015481764 0.021700922 0.012771389 0.016715838 0.014285296 0.014832917 0.025906369 0.010234356 0.022494206 0.017142572 0.012162652 0.009107626 0.019341104 0.016797936 0.045036536 0.021979645 0.027923107 0.023115899
0.023933878 0.040053941 0.015180710 0.059840959 0.034885231 0.027486760 0.027823437 0.033723868 0.033046134 0.044586729 0.035073739 0.056296322 0.031661838 0.032014303 0.006933304 0.027274933 0.022776004 0.043561324 0.026526097 0.043683421 0.014504362 0.035321075 0.020032641 0.032307100 0.045393348 0.032521054 0.028184554 0.021649076 0.018768534 0.030697541 0.053488310 0.041597482 0.048665944 0.023215834
0.029568829 0.027397361 0.012507983 0.051464520 0.025364622 0.017645473 0.021583211 0.032957826 0.023850054 0.041495726 0.031670995 0.043013774 0.028645599 0.025012847 0.027274933 0.006876321 0.017590214 0.042737916 0.020998688 0.031215655 0.009427099 0.025445895 0.017231535 0.022219868 0.040307745 0.033976588 0.022361822 0.017999703 0.005891248 0.030401519 0.053028155 0.032569759 0.039913122 0.015347688
0.032840669 0.024310451 0.013471076 0.036202718 0.017213808 0.012454281 0.012742114 0.019127993 0.016249254 0.027553592 0.020562368 0.030667525 0.019056467 0.015481764 0.022776004 0.017590214 0.001677938 0.026948970 0.011557724 0.023185953 0.010514278 0.016514957 0.017002076 0.012775189 0.025767762 0.024607267 0.012580205 0.011317015 0.012756784 0.019130018 0.038514994 0.024574973 0.030629398 0.015694644
0.054403387 0.033020400 0.029026685 0.027493127 0.024232659 0.023922440 0.018278409 0.022516113 0.027890109 0.016086686 0.012131864 0.024255643 0.019234067 0.021700922 0.043561324 0.042737916 0.026948970 0.004055414 0.021713907 0.030497074 0.022375878 0.019318393 0.037448663 0.022625832 0.021706112 0.010028433 0.022277936 0.018350862 0.031757753 0.024620576 0.030102381 0.007257669 0.035110213 0.033481885
0.036949553 0.022520849 0.014060345 0.031276222 0.016444882 0.011494320 0.006181577 0.017050656 0.017774541 0.022481345 0.014756356 0.024650864 0.013388840 0.012771389 0.026526097 0.020998688 0.011557724 0.021713907 0.003593891 0.019612797 0.013298297 0.012452021 0.019879900 0.009718567 0.021091880 0.018986899 0.013866206 0.009466195 0.016037103 0.018060206 0.038803097 0.018577883 0.025667991 0.016727369
0.047888353 0.037927158 0.023207888 0.027298354 0.016505744 0.020622415 0.016294872 0.025830831 0.024832807 0.019598203 0.018167038 0.020350747 0.016094374 0.016715838 0.043683421 0.031215655 0.023185953 0.030497074 0.019612797 0.003958246 0.017194349 0.016354224 0.039223343 0.016301364 0.033711836 0.019557798 0.019644212 0.014650241 0.024593147 0.028444555 0.050981529 0.011575317 0.036516558 0.036349326
0.019654855 0.027033005 0.000173461 0.034204349 0.018764187 0.007840395 0.013411663 0.016479401 0.013262890 0.024794167 0.020731572 0.030951053 0.022924922 0.014285296 0.014504362 0.009427099 0.010514278 0.022375878 0.013298297 0.017194349 -0.009855181 0.016911771 0.007589764 0.015374137 0.032926742 0.024250578 0.011724818 0.004212711 0.007813760 0.015668254 0.030149776 0.022409135 0.020813305 0.008625850
0.042184543 0.017820323 0.017193347 0.024647662 0.014959226 0.012636757 0.005231450 0.016374614 0.012203868 0.016663564 0.011855544 0.013393424 0.015137127 0.014832917 0.035321075 0.025445895 0.016514957 0.019318393 0.012452021 0.016354224 0.016911771 -0.000946236 0.028099421 0.007063693 0.022312090 0.014967409 0.010619022 0.008554690 0.019889472 0.018102109 0.034001898 0.016546566 0.020308115 0.024287375
0.022976942 0.034374155 0.010217891 0.053240113 0.028597746 0.022305466 0.023575613 0.030666377 0.026059117 0.040381998 0.031448539 0.047340274 0.028510280 0.025906369 0.020032641 0.017231535 0.017002076 0.037448663 0.019879900 0.039223343 0.007589764 0.028099421 0.004359972 0.027178628 0.038569778 0.030779043 0.022243921 0.019588083 0.011198274 0.028075453 0.045655303 0.038554274 0.038572107 0.017843133
0.040010925 0.018845705 0.013257429 0.025217019 0.012478517 0.009299804 0.000827261 0.012510448 0.008637127 0.019139448 0.011936117 0.014909198 0.011722294 0.010234356 0.032307100 0.022219868 0.012775189 0.022625832 0.009718567 0.016301364 0.015374137 0.007063693 0.027178628 -0.002055985 0.024468204 0.016931798 0.005274436 0.007317954 0.016797956 0.013206896 0.037094679 0.020786095 0.020161608 0.022131139
0.051712818 0.023555173 0.028084643 0.038764667 0.022526205 0.021183128 0.017105356 0.021135505 0.026178798 0.025935605 0.018657150 0.028834302 0.021098452 0.022494206 0.045393348 0.040307745 0.025767762 0.021706112 0.021091880 0.033711836 0.032926742 0.022312090 0.038569778 0.024468204 -0.014951330 0.018064111 0.022802737 0.020554442 0.027993431 0.024544088 0.031016681 0.021467783 0.031266883 0.033797078
0.043888319 0.028889563 0.024626525 0.017597500 0.016180912 0.018508021 0.007689773 0.013711396 0.020402610 0.009890297 0.008774744 0.009891734 0.016461298 0.017142572 0.032521054 0.033976588 0.024607267 0.010028433 0.018986899 0.019557798 0.024250578 0.014967409 0.030779043 0.016931798 0.018064111 0.000005284 0.017067846 0.017329525 0.028622536 0.018871658 0.030645624 0.009620000 0.015249191 0.028495975
0.037193157 0.022554889 0.015273139 0.030956892 0.013094133 0.010254696 0.005073207 0.015379383 0.017006669 0.021327857 0.015239460 0.023812808 0.010555793 0.012162652 0.028184554 0.022361822 0.012580205 0.022277936 0.013866206 0.019644212 0.011724818 0.010619022 0.022243921 0.005274436 0.022802737 0.017067846 0.006034963 0.004506968 0.017257426 0.016152050 0.037802827 0.017344799 0.022351494 0.019303270
0.029504862 0.019139260 0.005952697 0.029669460 0.014350867 0.003726691 0.004823347 0.010392935 0.009008972 0.018778130 0.014407965 0.023550399 0.012037327 0.009107626 0.021649076 0.017999703 0.011317015 0.018350862 0.009466195 0.014650241 0.004212711 0.008554690 0.019588083 0.007317954 0.020554442 0.017329525 0.004506968 -0.005882207 0.011098620 0.008764355 0.029485513 0.014562918 0.020111227 0.011500699
0.021032516 0.024519486 0.008685573 0.036343053 0.021770753 0.017012751 0.016017422 0.022261363 0.017368432 0.029804414 0.026087515 0.030963369 0.017841021 0.019341104 0.018768534 0.005891248 0.012756784 0.031757753 0.016037103 0.024593147 0.007813760 0.019889472 0.011198274 0.016797956 0.027993431 0.028622536 0.017257426 0.011098620 0.004175868 0.021057952 0.038235150 0.031361964 0.027382407 0.012881260
0.041807659 0.026122991 0.017806264 0.037281867 0.017235273 0.013127616 0.011012923 0.015783358 0.017932720 0.023677908 0.017922819 0.028680941 0.016537102 0.016797936 0.030697541 0.030401519 0.019130018 0.024620576 0.018060206 0.028444555 0.015668254 0.018102109 0.028075453 0.013206896 0.024544088 0.018871658 0.016152050 0.008764355 0.021057952 0.010873886 0.045039624 0.016205780 0.023423154 0.022095477
0.067821413 0.048929252 0.042114418 0.047820166 0.046293661 0.038873747 0.035798836 0.044086542 0.048170064 0.035684291 0.032282017 0.049813792 0.035859354 0.045036536 0.053488310 0.053028155 0.038514994 0.030102381 0.038803097 0.050981529 0.030149776 0.034001898 0.045655303 0.037094679 0.031016681 0.030645624 0.037802827 0.029485513 0.038235150 0.045039624 -0.016334275 0.023770401 0.061901748 0.043007519
0.043605722 0.026245195 0.019833095 0.011426841 0.018870356 0.022496738 0.013443034 0.016347537 0.018055838 0.003356444 0.008209117 0.008698076 0.014528537 0.021979645 0.041597482 0.032569759 0.024574973 0.007257669 0.018577883 0.011575317 0.022409135 0.016546566 0.038554274 0.020786095 0.021467783 0.009620000 0.017344799 0.014562918 0.031361964 0.016205780 0.023770401 0.001904280 0.021382423 0.035463225
0.055718876 0.028856298 0.022672245 0.049168494 0.024029333 0.023751603 0.020244643 0.023859257 0.017100742 0.027480531 0.019516965 0.031461440 0.019600313 0.027923107 0.048665944 0.039913122 0.030629398 0.035110213 0.025667991 0.036516558 0.020813305 0.020308115 0.038572107 0.020161608 0.031266883 0.015249191 0.022351494 0.020111227 0.027382407 0.023423154 0.061901748 0.021382423 0.008734167 0.035231475
0.026552094 0.033052918 0.008745195 0.046209820 0.028934274 0.020543408 0.017754089 0.025107469 0.019327762 0.034600154 0.028908385 0.043490004 0.022526238 0.023115899 0.023215834 0.015347688 0.015694644 0.033481885 0.016727369 0.036349326 0.008625850 0.024287375 0.017843133 0.022131139 0.033797078 0.028495975 0.019303270 0.011500699 0.012881260 0.022095477 0.043007519 0.035463225 0.035231475 0.012954090
