0.000000000 0.168224305 0.114427857 0.340740740 0.131707311 0.131707311 0.156398103 0.175925925 0.187214613 0.239316240 0.248945147 0.279352218 0.156398103 0.140096620 0.037837837 0.109999999 0.140096620 0.270491809 0.118811883 0.222707421 0.077720210 0.226086959 0.063157894 0.179723501 0.293650806 0.222707421 0.160377353 0.148325354 0.101010099 0.168224305 0.366548032 0.245762706 0.226086959 0.077720210
0.168224305 0.000000000 0.054852322 0.183006540 0.037344400 0.037344400 0.012145749 0.007936508 0.019607844 0.074074075 0.084249087 0.116607770 0.012145749 0.028806584 0.131221727 0.059322033 0.028806584 0.107142858 0.050420169 0.056603774 0.091703057 0.060150377 0.106194690 0.011857707 0.131944448 0.056603774 0.008064516 0.020408163 0.068376072 0.000000000 0.211356461 0.080882356 0.060150377 0.091703057
0.114427857 0.054852322 0.000000000 0.235494882 0.017543860 0.017543860 0.042735044 0.062761508 0.074380167 0.128404662 0.138461545 0.170370370 0.042735044 0.026086956 0.076923080 0.004484305 0.026086956 0.161048695 0.004444445 0.111111112 0.037037037 0.114624508 0.051643193 0.066666670 0.185454547 0.111111112 0.046808511 0.034482758 0.013574661 0.054852322 0.263157904 0.135135129 0.114624508 0.037037037
0.340740740 0.183006540 0.235494882 0.000000000 0.218855217 0.218855217 0.194719478 0.175324678 0.163987145 0.110429451 0.100303948 0.067846611 0.194719478 0.210702345 0.306859195 0.239726022 0.210702345 0.077380955 0.231292516 0.127725855 0.270175427 0.124223605 0.283687949 0.171521038 0.052325580 0.127725855 0.190789476 0.202657804 0.248275861 0.183006540 0.029490616 0.103658535 0.124223605 0.270175427
0.131707311 0.037344400 0.017543860 0.218855217 0.000000000 0.000000000 0.025210084 0.045267489 0.056910571 0.111111112 0.121212125 0.153284669 0.025210084 0.008547009 0.094339624 0.022026431 0.008547009 0.143911436 0.013100437 0.093750000 0.054545455 0.097276263 0.069124423 0.049180329 0.168458775 0.093750000 0.029288704 0.016949153 0.031111112 0.037344400 0.246753246 0.117870726 0.097276263 0.054545455
0.131707311 0.037344400 0.017543860 0.218855217 0.000000000 0.000000000 0.025210084 0.045267489 0.056910571 0.111111112 0.121212125 0.153284669 0.025210084 0.008547009 0.094339624 0.022026431 0.008547009 0.143911436 0.013100437 0.093750000 0.054545455 0.097276263 0.069124423 0.049180329 0.168458775 0.093750000 0.029288704 0.016949153 0.031111112 0.037344400 0.246753246 0.117870726 0.097276263 0.054545455
0.156398103 0.012145749 0.042735044 0.194719478 0.025210084 0.025210084 0.000000000 0.020080321 0.031746034 0.086142324 0.096296296 0.128571436 0.000000000 0.016666668 0.119266056 0.047210302 0.016666668 0.119133577 0.038297873 0.068702288 0.079646021 0.072243348 0.094170406 0.024000000 0.143859655 0.068702288 0.004081632 0.008264462 0.056277055 0.012145749 0.222929940 0.092936806 0.072243348 0.079646021
0.175925925 0.007936508 0.062761508 0.175324678 0.045267489 0.045267489 0.020080321 0.000000000 0.011673152 0.066176474 0.076363638 0.108771928 0.020080321 0.036734693 0.139013454 0.067226894 0.036734693 0.099290781 0.058333334 0.048689138 0.099567100 0.052238807 0.114035085 0.003921569 0.124137931 0.048689138 0.016000001 0.028340081 0.076271184 0.007936508 0.203761756 0.072992697 0.052238807 0.099567100
0.187214613 0.019607844 0.074380167 0.163987145 0.056910571 0.056910571 0.031746034 0.011673152 0.000000000 0.054545455 0.064748198 0.097222224 0.031746034 0.048387095 0.150442481 0.078838177 0.048387095 0.087719299 0.069958851 0.037037037 0.111111112 0.040590405 0.125541121 0.007751938 0.112627983 0.037037037 0.027667984 0.039999999 0.087866105 0.019607844 0.192546591 0.061371841 0.040590405 0.111111112
0.239316240 0.074074075 0.128404662 0.110429451 0.111111112 0.111111112 0.086142324 0.066176474 0.054545455 0.000000000 0.010238908 0.042904291 0.086142324 0.102661595 0.203319505 0.132812500 0.102661595 0.033333335 0.124031007 0.017543860 0.164658636 0.013986014 0.178861782 0.062271062 0.058441557 0.017543860 0.082089551 0.094339624 0.141732290 0.074074075 0.139465868 0.006849315 0.013986014 0.164658636
0.248945147 0.084249087 0.138461545 0.100303948 0.121212125 0.121212125 0.096296296 0.076363638 0.064748198 0.010238908 0.000000000 0.032679740 0.096296296 0.112781957 0.213114753 0.142857149 0.112781957 0.023102310 0.134099618 0.027777778 0.174603179 0.024221454 0.188755020 0.072463766 0.048231512 0.027777778 0.092250921 0.104477614 0.151750967 0.084249087 0.129411772 0.003389830 0.024221454 0.174603179
0.279352218 0.116607770 0.170370370 0.067846611 0.153284669 0.153284669 0.128571436 0.108771928 0.097222224 0.042904291 0.032679740 0.000000000 0.128571436 0.144927531 0.244094491 0.174721196 0.144927531 0.009584664 0.166051656 0.060402684 0.206106871 0.056856189 0.220077217 0.104895107 0.015576324 0.060402684 0.124555163 0.136690646 0.183520600 0.116607770 0.097142860 0.036065575 0.056856189 0.206106871
0.156398103 0.012145749 0.042735044 0.194719478 0.025210084 0.025210084 0.000000000 0.020080321 0.031746034 0.086142324 0.096296296 0.128571436 0.000000000 0.016666668 0.119266056 0.047210302 0.016666668 0.119133577 0.038297873 0.068702288 0.079646021 0.072243348 0.094170406 0.024000000 0.143859655 0.068702288 0.004081632 0.008264462 0.056277055 0.012145749 0.222929940 0.092936806 0.072243348 0.079646021
0.140096620 0.028806584 0.026086956 0.210702345 0.008547009 0.008547009 0.016666668 0.036734693 0.048387095 0.102661595 0.112781957 0.144927531 0.016666668 0.000000000 0.102803737 0.030567685 0.000000000 0.135531142 0.021645023 0.085271321 0.063063063 0.088803090 0.077625573 0.040650405 0.160142347 0.085271321 0.020746889 0.008403362 0.039647575 0.028806584 0.238709673 0.109433964 0.088803090 0.063063063
0.037837837 0.131221727 0.076923080 0.306859195 0.094339624 0.094339624 0.119266056 0.139013454 0.150442481 0.203319505 0.213114753 0.244094491 0.119266056 0.102803737 0.000000000 0.072463766 0.102803737 0.235059768 0.081339709 0.186440676 0.039999999 0.189873412 0.025380710 0.142857149 0.258687258 0.186440676 0.123287670 0.111111112 0.063414633 0.131221727 0.333333343 0.209876537 0.189873412 0.039999999
0.109999999 0.059322033 0.004484305 0.239726022 0.022026431 0.022026431 0.047210302 0.067226894 0.078838177 0.132812500 0.142857149 0.174721196 0.047210302 0.030567685 0.072463766 0.000000000 0.030567685 0.165413529 0.008928572 0.115537852 0.032558139 0.119047619 0.047169812 0.071129709 0.189781025 0.115537852 0.051282052 0.038961038 0.009090909 0.059322033 0.267326742 0.139534891 0.119047619 0.032558139
0.140096620 0.028806584 0.026086956 0.210702345 0.008547009 0.008547009 0.016666668 0.036734693 0.048387095 0.102661595 0.112781957 0.144927531 0.016666668 0.000000000 0.102803737 0.030567685 0.000000000 0.135531142 0.021645023 0.085271321 0.063063063 0.088803090 0.077625573 0.040650405 0.160142347 0.085271321 0.020746889 0.008403362 0.039647575 0.028806584 0.238709673 0.109433964 0.088803090 0.063063063
0.270491809 0.107142858 0.161048695 0.077380955 0.143911436 0.143911436 0.119133577 0.099290781 0.087719299 0.033333335 0.023102310 0.009584664 0.119133577 0.135531142 0.235059768 0.165413529 0.135531142 0.000000000 0.156716421 0.050847456 0.196911201 0.047297299 0.210937500 0.095406361 0.025157232 0.050847456 0.115107916 0.127272725 0.174242422 0.107142858 0.106628239 0.026490066 0.047297299 0.196911201
0.118811883 0.050420169 0.004444445 0.231292516 0.013100437 0.013100437 0.038297873 0.058333334 0.069958851 0.124031007 0.134099618 0.166051656 0.038297873 0.021645023 0.081339709 0.008928572 0.021645023 0.156716421 0.000000000 0.106719367 0.041474655 0.110236220 0.056074765 0.062240664 0.181159422 0.106719367 0.042372882 0.030042918 0.018018018 0.050420169 0.259016395 0.130769238 0.110236220 0.041474655
0.222707421 0.056603774 0.111111112 0.127725855 0.093750000 0.093750000 0.068702288 0.048689138 0.037037037 0.017543860 0.027777778 0.060402684 0.068702288 0.085271321 0.186440676 0.115537852 0.085271321 0.050847456 0.106719367 0.000000000 0.147540987 0.003558719 0.161825731 0.044776119 0.075907588 0.000000000 0.064638786 0.076923080 0.124497995 0.056603774 0.156626508 0.024390243 0.003558719 0.147540987
0.077720210 0.091703057 0.037037037 0.270175427 0.054545455 0.054545455 0.079646021 0.099567100 0.111111112 0.164658636 0.174603179 0.206106871 0.079646021 0.063063063 0.039999999 0.032558139 0.063063063 0.196911201 0.041474655 0.147540987 0.000000000 0.151020408 0.014634146 0.103448279 0.220973790 0.147540987 0.083700441 0.071428575 0.023474179 0.091703057 0.297297299 0.171314746 0.151020408 0.000000000
0.226086959 0.060150377 0.114624508 0.124223605 0.097276263 0.097276263 0.072243348 0.052238807 0.040590405 0.013986014 0.024221454 0.056856189 0.072243348 0.088803090 0.189873412 0.119047619 0.088803090 0.047297299 0.110236220 0.003558719 0.151020408 0.000000000 0.165289253 0.048327137 0.072368421 0.003558719 0.068181820 0.080459774 0.128000006 0.060150377 0.153153151 0.020833334 0.000000000 0.151020408
0.063157894 0.106194690 0.051643193 0.283687949 0.069124423 0.069124423 0.094170406 0.114035085 0.125541121 0.178861782 0.188755020 0.220077217 0.094170406 0.077625573 0.025380710 0.047169812 0.077625573 0.210937500 0.056074765 0.161825731 0.014634146 0.165289253 0.000000000 0.117903933 0.234848484 0.161825731 0.098214284 0.085972853 0.038095240 0.106194690 0.310580194 0.185483873 0.165289253 0.014634146
0.179723501 0.011857707 0.066666670 0.171521038 0.049180329 0.049180329 0.024000000 0.003921569 0.007751938 0.062271062 0.072463766 0.104895107 0.024000000 0.040650405 0.142857149 0.071129709 0.040650405 0.095406361 0.062240664 0.044776119 0.103448279 0.048327137 0.117903933 0.000000000 0.120274916 0.044776119 0.019920319 0.032258064 0.080168776 0.011857707 0.200000003 0.069090910 0.048327137 0.103448279
0.293650806 0.131944448 0.185454547 0.052325580 0.168458775 0.168458775 0.143859655 0.124137931 0.112627983 0.058441557 0.048231512 0.015576324 0.143859655 0.160142347 0.258687258 0.189781025 0.160142347 0.025157232 0.181159422 0.075907588 0.220973790 0.072368421 0.234848484 0.120274916 0.000000000 0.075907588 0.139860138 0.151943460 0.198529407 0.131944448 0.081690140 0.051612902 0.072368421 0.220973790
0.222707421 0.056603774 0.111111112 0.127725855 0.093750000 0.093750000 0.068702288 0.048689138 0.037037037 0.017543860 0.027777778 0.060402684 0.068702288 0.085271321 0.186440676 0.115537852 0.085271321 0.050847456 0.106719367 0.000000000 0.147540987 0.003558719 0.161825731 0.044776119 0.075907588 0.000000000 0.064638786 0.076923080 0.124497995 0.056603774 0.156626508 0.024390243 0.003558719 0.147540987
0.160377353 0.008064516 0.046808511 0.190789476 0.029288704 0.029288704 0.004081632 0.016000001 0.027667984 0.082089551 0.092250921 0.124555163 0.004081632 0.020746889 0.123287670 0.051282052 0.020746889 0.115107916 0.042372882 0.064638786 0.083700441 0.068181820 0.098214284 0.019920319 0.139860138 0.064638786 0.000000000 0.012345679 0.060344826 0.008064516 0.219047621 0.088888891 0.068181820 0.083700441
0.148325354 0.020408163 0.034482758 0.202657804 0.016949153 0.016949153 0.008264462 0.028340081 0.039999999 0.094339624 0.104477614 0.136690646 0.008264462 0.008403362 0.111111112 0.038961038 0.008403362 0.127272725 0.030042918 0.076923080 0.071428575 0.080459774 0.085972853 0.032258064 0.151943460 0.076923080 0.012345679 0.000000000 0.048034936 0.020408163 0.230769232 0.101123594 0.080459774 0.071428575
0.101010099 0.068376072 0.013574661 0.248275861 0.031111112 0.031111112 0.056277055 0.076271184 0.087866105 0.141732290 0.151750967 0.183520600 0.056277055 0.039647575 0.063414633 0.009090909 0.039647575 0.174242422 0.018018018 0.124497995 0.023474179 0.128000006 0.038095240 0.080168776 0.198529407 0.124497995 0.060344826 0.048034936 0.000000000 0.068376072 0.275747508 0.148437500 0.128000006 0.023474179
0.168224305 0.000000000 0.054852322 0.183006540 0.037344400 0.037344400 0.012145749 0.007936508 0.019607844 0.074074075 0.084249087 0.116607770 0.012145749 0.028806584 0.131221727 0.059322033 0.028806584 0.107142858 0.050420169 0.056603774 0.091703057 0.060150377 0.106194690 0.011857707 0.131944448 0.056603774 0.008064516 0.020408163 0.068376072 0.000000000 0.211356461 0.080882356 0.060150377 0.091703057
0.366548032 0.211356461 0.263157904 0.029490616 0.246753246 0.246753246 0.222929940 0.203761756 0.192546591 0.139465868 0.129411772 0.097142860 0.222929940 0.238709673 0.333333343 0.267326742 0.238709673 0.106628239 0.259016395 0.156626508 0.297297299 0.153153151 0.310580194 0.200000003 0.081690140 0.156626508 0.219047621 0.230769232 0.275747508 0.211356461 0.000000000 0.132743359 0.153153151 0.297297299
0.245762706 0.080882356 0.135135129 0.103658535 0.117870726 0.117870726 0.092936806 0.072992697 0.061371841 0.006849315 0.003389830 0.036065575 0.092936806 0.109433964 0.209876537 0.139534891 0.109433964 0.026490066 0.130769238 0.024390243 0.171314746 0.020833334 0.185483873 0.069090910 0.051612902 0.024390243 0.088888891 0.101123594 0.148437500 0.080882356 0.132743359 0.000000000 0.020833334 0.171314746
0.226086959 0.060150377 0.114624508 0.124223605 0.097276263 0.097276263 0.072243348 0.052238807 0.040590405 0.013986014 0.024221454 0.056856189 0.072243348 0.088803090 0.189873412 0.119047619 0.088803090 0.047297299 0.110236220 0.003558719 0.151020408 0.000000000 0.165289253 0.048327137 0.072368421 0.003558719 0.068181820 0.080459774 0.128000006 0.060150377 0.153153151 0.020833334 0.000000000 0.151020408
0.077720210 0.091703057 0.037037037 0.270175427 0.054545455 0.054545455 0.079646021 0.099567100 0.111111112 0.164658636 0.174603179 0.206106871 0.079646021 0.063063063 0.039999999 0.032558139 0.063063063 0.196911201 0.041474655 0.147540987 0.000000000 0.151020408 0.014634146 0.103448279 0.220973790 0.147540987 0.083700441 0.071428575 0.023474179 0.091703057 0.297297299 0.171314746 0.151020408 0.000000000
