0.015191195 0.036783222 0.029815042 0.057155862 0.045721862 0.038004491 0.037100229 0.040542040 0.042944685 0.050142046 0.047724567 0.053970598 0.038225189 0.040203888 0.026769461 0.027074896 0.030603351 0.056557212 0.036917999 0.044922285 0.025144694 0.042446967 0.027145199 0.035919756 0.045468666 0.048921742 0.037055291 0.034229405 0.024812501 0.036633007 0.070454672 0.058202025 0.047791868 0.031643562
0.036783222 -0.000190761 0.024926567 0.028051673 0.026865287 0.020193405 0.015729360 0.015884191 0.016791737 0.020136245 0.017754678 0.022359008 0.013755890 0.016985957 0.032984529 0.027885932 0.022261934 0.022207119 0.018521296 0.023424149 0.022878833 0.013410285 0.032506336 0.019579310 0.015683014 0.017274264 0.017027458 0.014782185 0.023132168 0.016986370 0.047683608 0.028220080 0.026321452 0.029134938
0.029815042 0.024926567 0.004843272 0.040840976 0.024155581 0.019535337 0.015329427 0.020750269 0.021682898 0.033221539 0.027819237 0.038442776 0.020841962 0.019718733 0.021476926 0.017476331 0.017372487 0.034956701 0.018712796 0.024806462 0.008510958 0.021319062 0.016543031 0.016811995 0.028143199 0.031107247 0.019766994 0.013176123 0.016131554 0.018184081 0.051554114 0.036380108 0.023243900 0.015722794
0.057155862 0.028051673 0.040840976 0.008294852 0.034181979 0.032319918 0.029005198 0.025721710 0.034426775 0.016401116 0.019317443 0.015829917 0.024199121 0.030609921 0.051630009 0.051274933 0.035020046 0.021365892 0.031779230 0.021836277 0.037283756 0.024587424 0.049125351 0.029500689 0.025824841 0.017159028 0.030244963 0.030360190 0.039553974 0.027452568 0.042775873 0.019183211 0.035739593 0.041638419
0.045721862 0.026865287 0.024155581 0.034181979 -0.002668142 0.018662378 0.012469486 0.016584672 0.020198373 0.024395501 0.018495869 0.025998421 0.013159676 0.016062222 0.039015003 0.031544082 0.017854655 0.039734386 0.022270039 0.015469350 0.022713535 0.015352682 0.029759843 0.014987446 0.020385187 0.016308397 0.021707036 0.019286545 0.027590267 0.016824653 0.061606240 0.018518306 0.027559293 0.029411284
0.038004491 0.020193405 0.019535337 0.032319918 0.018662378 0.009002902 0.007604685 0.011547315 0.015515911 0.024636053 0.018023713 0.026941581 0.013393835 0.011132175 0.030788843 0.022985645 0.013276702 0.028262069 0.015662484 0.017105032 0.015416620 0.013808704 0.022631276 0.011535669 0.018194389 0.018828977 0.014037320 0.010127442 0.020853292 0.012064049 0.047457397 0.026329909 0.023968941 0.021058870
0.037100229 0.015729360 0.015329427 0.029005198 0.012469486 0.007604685 -0.004564529 0.005076076 0.010632712 0.018975087 0.002369413 0.023138305 0.008901312 0.004545305 0.025985204 0.022500113 0.011477432 0.019685155 0.008755866 0.013736989 0.014082506 0.004786843 0.021699253 0.002722785 0.011000191 0.006019759 0.007810147 0.005697828 0.019543353 0.005966785 0.039690975 0.013665749 0.016345169 0.016902104
0.040542040 0.015884191 0.020750269 0.025721710 0.016584672 0.011547315 0.005076076 -0.000987397 0.016571593 0.018659817 0.011954892 0.020228093 0.009833707 0.009174510 0.032180667 0.029437713 0.014973102 0.020999297 0.013345338 0.016066514 0.019037971 0.012804100 0.027995918 0.005947832 0.010603186 0.013178769 0.011510884 0.010494722 0.020850167 0.006775208 0.042649057 0.018854821 0.013917533 0.023305787
0.042944685 0.016791737 0.021682898 0.034426775 0.020198373 0.015515911 0.010632712 0.016571593 0.003102690 0.025186339 0.017331274 0.026711781 0.013254705 0.013883501 0.036020368 0.028110851 0.017439155 0.027855219 0.017293831 0.019648788 0.017146038 0.011107255 0.029844418 0.010239137 0.023662318 0.017388279 0.016638730 0.014327561 0.018088201 0.015930936 0.059235744 0.028675085 0.023167308 0.021403963
0.050142046 0.020136245 0.033221539 0.016401116 0.024395501 0.024636053 0.018975087 0.018659817 0.025186339 0.006231198 0.011747608 0.011210304 0.018026821 0.021143336 0.044675764 0.042496070 0.027870994 0.016186442 0.023172559 0.015875924 0.029653050 0.017968863 0.041106869 0.020301603 0.017864488 0.010072092 0.022389760 0.021967590 0.033220533 0.019585125 0.039405297 0.012254373 0.024288815 0.035293363
0.047724567 0.017754678 0.027819237 0.019317443 0.018495869 0.018023713 0.002369413 0.011954892 0.017331274 0.011747608 0.000656666 0.013470820 0.011805698 0.013568463 0.041717645 0.036678016 0.020262305 0.015678691 0.017160166 0.013533425 0.024360981 0.010530626 0.035033815 0.014254024 0.012984564 0.007204464 0.016626641 0.016252467 0.029650662 0.014233001 0.037713744 0.010731147 0.018088806 0.030484844
0.053970598 0.022359008 0.038442776 0.015829917 0.025998421 0.026941581 0.023138305 0.020228093 0.026711781 0.011210304 0.013470820 0.006999880 0.018460067 0.023376541 0.047329210 0.047465295 0.030870453 0.018268425 0.026585076 0.019334152 0.034851477 0.018756343 0.044234566 0.024107393 0.020026850 0.012040157 0.024929855 0.026567770 0.034658890 0.022413317 0.044489123 0.012639262 0.025530742 0.037754163
0.038225189 0.013755890 0.020841962 0.024199121 0.013159676 0.013393835 0.008901312 0.009833707 0.013254705 0.018026821 0.011805698 0.018460067 0.001671175 0.011871299 0.032943439 0.028021362 0.015742395 0.022586152 0.013529632 0.012132311 0.022276103 0.012815318 0.025932334 0.011039954 0.014944251 0.013934924 0.013714505 0.013512144 0.022688964 0.012257736 0.043041218 0.016925743 0.017099243 0.023616804
0.040203888 0.016985957 0.019718733 0.030609921 0.016062222 0.011132175 0.004545305 0.009174510 0.013883501 0.021143336 0.013568463 0.023376541 0.011871299 0.002097727 0.031579278 0.024712872 0.012647382 0.024411939 0.013394368 0.013867751 0.017367365 0.013907125 0.023641538 0.011097819 0.014371365 0.016399033 0.013363874 0.010531629 0.021569353 0.009210266 0.046804659 0.022101168 0.021494087 0.020974137
0.026769461 0.032984529 0.021476926 0.051630009 0.039015003 0.030788843 0.025985204 0.032180667 0.036020368 0.044675764 0.041717645 0.047329210 0.032943439 0.031579278 0.006170190 0.020799333 0.022367198 0.051317818 0.028922750 0.034038518 0.020679360 0.035132337 0.020270273 0.026312331 0.038288925 0.041831054 0.031321056 0.025157569 0.022956211 0.027525244 0.057389490 0.049387220 0.035262652 0.024597989
0.027074896 0.027885932 0.017476331 0.051274933 0.031544082 0.022985645 0.022500113 0.029437713 0.028110851 0.042496070 0.036678016 0.047465295 0.028021362 0.024712872 0.020799333 0.004676541 0.018833328 0.045260400 0.025828008 0.032496173 0.010849448 0.028388077 0.014818972 0.023400970 0.033955604 0.038768679 0.025821015 0.021202862 0.011937321 0.025313187 0.056196392 0.044645216 0.030949082 0.016768089
0.030603351 0.022261934 0.017372487 0.035020046 0.017854655 0.013276702 0.011477432 0.014973102 0.017439155 0.027870994 0.020262305 0.030870453 0.015742395 0.012647382 0.022367198 0.018833328 0.001606761 0.029139079 0.013211150 0.018680600 0.012352422 0.015141018 0.015422264 0.013013056 0.020069174 0.022736575 0.013996691 0.013369584 0.015245003 0.014685764 0.043727685 0.025328023 0.026665524 0.014548524
0.056557212 0.022207119 0.034956701 0.021365892 0.039734386 0.028262069 0.019685155 0.020999297 0.027855219 0.016186442 0.015678691 0.018268425 0.022586152 0.024411939 0.051317818 0.045260400 0.029139079 0.009596433 0.023867089 0.024624472 0.032447435 0.020435464 0.044422835 0.023975110 0.017814662 0.016187113 0.025248352 0.023790110 0.037917472 0.022575818 0.035611466 0.024139488 0.030990243 0.040350296
0.036917999 0.018521296 0.018712796 0.031779230 0.022270039 0.015662484 0.008755866 0.013345338 0.017293831 0.023172559 0.017160166 0.026585076 0.013529632 0.013394368 0.028922750 0.025828008 0.013211150 0.023867089 0.005851103 0.018755417 0.016709570 0.013485061 0.023059759 0.014380174 0.018245123 0.017450921 0.015387418 0.012265930 0.020951312 0.014707292 0.045279738 0.024327785 0.025171014 0.019937109
0.044922285 0.023424149 0.024806462 0.021836277 0.015469350 0.017105032 0.013736989 0.016066514 0.019648788 0.015875924 0.013533425 0.019334152 0.012132311 0.013867751 0.034038518 0.032496173 0.018680600 0.024624472 0.018755417 0.000249526 0.019257089 0.014527576 0.031435873 0.015734458 0.018933520 0.015089214 0.019314192 0.014136239 0.025141552 0.015247950 0.047406860 0.014192193 0.027601250 0.025953235
0.025144694 0.022878833 0.008510958 0.037283756 0.022713535 0.015416620 0.014082506 0.019037971 0.017146038 0.029653050 0.024360981 0.034851477 0.022276103 0.017367365 0.020679360 0.010849448 0.012352422 0.032447435 0.016709570 0.019257089 0.000563658 0.019413810 0.012849525 0.015045291 0.029749349 0.028554581 0.016720805 0.011178120 0.013295542 0.015547737 0.044330761 0.032768611 0.024220632 0.013293928
0.042446967 0.013410285 0.021319062 0.024587424 0.015352682 0.013808704 0.004786843 0.012804100 0.011107255 0.017968863 0.010530626 0.018756343 0.012815318 0.013907125 0.035132337 0.028388077 0.015141018 0.020435464 0.013485061 0.014527576 0.019413810 -0.000747391 0.028103862 0.010013690 0.015034954 0.010610117 0.011623308 0.011119609 0.022518950 0.013160676 0.038819604 0.017711710 0.020310709 0.023451928
0.027145199 0.032506336 0.016543031 0.049125351 0.029759843 0.022631276 0.021699253 0.027995918 0.029844418 0.041106869 0.035033815 0.044234566 0.025932334 0.023641538 0.020270273 0.014818972 0.015422264 0.044422835 0.023059759 0.031435873 0.012849525 0.028103862 0.004486637 0.022059899 0.031612508 0.037312418 0.026129784 0.023210227 0.014446166 0.024593983 0.051097792 0.039867237 0.029469062 0.017060323
0.035919756 0.019579310 0.016811995 0.029500689 0.014987446 0.011535669 0.002722785 0.005947832 0.010239137 0.020301603 0.014254024 0.024107393 0.011039954 0.011097819 0.026312331 0.023400970 0.013013056 0.023975110 0.014380174 0.015734458 0.015045291 0.010013690 0.022059899 0.000042536 0.015804695 0.015821725 0.010752585 0.008132304 0.020341519 0.008386686 0.043256842 0.020015227 0.015461025 0.017998599
0.045468666 0.015683014 0.028143199 0.025824841 0.020385187 0.018194389 0.011000191 0.010603186 0.023662318 0.017864488 0.012984564 0.020026850 0.014944251 0.014371365 0.038288925 0.033955604 0.020069174 0.017814662 0.018245123 0.018933520 0.029749349 0.015034954 0.031612508 0.015804695 -0.016505968 0.014747050 0.017512266 0.017030364 0.026542636 0.014809798 0.031049412 0.017457444 0.020567998 0.027885575
0.048921742 0.017274264 0.031107247 0.017159028 0.016308397 0.018828977 0.006019759 0.013178769 0.017388279 0.010072092 0.007204464 0.012040157 0.013934924 0.016399033 0.041831054 0.038768679 0.022736575 0.016187113 0.017450921 0.015089214 0.028554581 0.010610117 0.037312418 0.015821725 0.014747050 -0.000439736 0.017246632 0.017862506 0.031023033 0.015576336 0.039458886 0.010533957 0.019205250 0.031300768
0.037055291 0.017027458 0.019766994 0.030244963 0.021707036 0.014037320 0.007810147 0.011510884 0.016638730 0.022389760 0.016626641 0.024929855 0.013714505 0.013363874 0.031321056 0.025821015 0.013996691 0.025248352 0.015387418 0.019314192 0.016720805 0.011623308 0.026129784 0.010752585 0.017512266 0.017246632 0.008769687 0.007307682 0.022555802 0.010900444 0.042626474 0.027686052 0.022136517 0.023690447
0.034229405 0.014782185 0.013176123 0.030360190 0.019286545 0.010127442 0.005697828 0.010494722 0.014327561 0.021967590 0.016252467 0.026567770 0.013512144 0.010531629 0.025157569 0.021202862 0.013369584 0.023790110 0.012265930 0.014136239 0.011178120 0.011119609 0.023210227 0.008132304 0.017030364 0.017862506 0.007307682 0.000849694 0.016179373 0.007815270 0.040448491 0.024338972 0.021660013 0.015587008
0.024812501 0.023132168 0.016131554 0.039553974 0.027590267 0.020853292 0.019543353 0.020850167 0.018088201 0.033220533 0.029650662 0.034658890 0.022688964 0.021569353 0.022956211 0.011937321 0.015245003 0.037917472 0.020951312 0.025141552 0.013295542 0.022518950 0.014446166 0.020341519 0.026542636 0.031023033 0.022555802 0.016179373 0.011500478 0.019087125 0.046212502 0.038955096 0.027543165 0.016132887
0.036633007 0.016986370 0.018184081 0.027452568 0.016824653 0.012064049 0.005966785 0.006775208 0.015930936 0.019585125 0.014233001 0.022413317 0.012257736 0.009210266 0.027525244 0.025313187 0.014685764 0.022575818 0.014707292 0.015247950 0.015547737 0.013160676 0.024593983 0.008386686 0.014809798 0.015576336 0.010900444 0.007815270 0.019087125 0.002519237 0.043701164 0.018261259 0.014868575 0.018817876
0.070454672 0.047683608 0.051554114 0.042775873 0.061606240 0.047457397 0.039690975 0.042649057 0.059235744 0.039405297 0.037713744 0.044489123 0.043041218 0.046804659 0.057389490 0.056196392 0.043727685 0.035611466 0.045279738 0.047406860 0.044330761 0.038819604 0.051097792 0.043256842 0.031049412 0.039458886 0.042626474 0.040448491 0.046212502 0.043701164 -0.009785904 0.040655326 0.057229653 0.049633287
0.058202025 0.028220080 0.036380108 0.019183211 0.018518306 0.026329909 0.013665749 0.018854821 0.028675085 0.012254373 0.010731147 0.012639262 0.016925743 0.022101168 0.049387220 0.044645216 0.025328023 0.024139488 0.024327785 0.014192193 0.032768611 0.017711710 0.039867237 0.020015227 0.017457444 0.010533957 0.027686052 0.024338972 0.038955096 0.018261259 0.040655326 0.003287174 0.027721182 0.042363290
0.047791868 0.026321452 0.023243900 0.035739593 0.027559293 0.023968941 0.016345169 0.013917533 0.023167308 0.024288815 0.018088806 0.025530742 0.017099243 0.021494087 0.035262652 0.030949082 0.026665524 0.030990243 0.025171014 0.027601250 0.024220632 0.020310709 0.029469062 0.015461025 0.020567998 0.019205250 0.022136517 0.021660013 0.027543165 0.014868575 0.057229653 0.027721182 -0.005917851 0.030501749
0.031643562 0.029134938 0.015722794 0.041638419 0.029411284 0.021058870 0.016902104 0.023305787 0.021403963 0.035293363 0.030484844 0.037754163 0.023616804 0.020974137 0.024597989 0.016768089 0.014548524 0.040350296 0.019937109 0.025953235 0.013293928 0.023451928 0.017060323 0.017998599 0.027885575 0.031300768 0.023690447 0.015587008 0.016132887 0.018817876 0.049633287 0.042363290 0.030501749 0.012443267
