0.000000000 0.027272727 0.046296295 0.096000001 0.066115700 0.058333334 0.021645023 0.058333334 0.062240664 0.113725491 0.085020244 0.099601597 0.042372882 0.038297873 0.081339709 0.107843138 0.000000000 0.127413124 0.021645023 0.110236220 0.000000000 0.058333334 0.004405286 0.017391304 0.034188036 0.066115700 0.008928572 0.013100437 0.018018018 0.000000000 0.212543547 0.153558046 0.085020244 0.038297873
0.027272727 0.000000000 0.019047620 0.122950822 0.093220338 0.085470088 0.048888888 0.085470088 0.089361705 0.140562251 0.112033196 0.126530617 0.069565214 0.065502182 0.054187194 0.080808081 0.027272727 0.154150203 0.048888888 0.137096778 0.027272727 0.085470088 0.031674210 0.044642858 0.061403509 0.093220338 0.018348623 0.040358745 0.009259259 0.027272727 0.238434166 0.180076629 0.112033196 0.065502182
0.046296295 0.019047620 0.000000000 0.141666666 0.112068966 0.104347825 0.067873307 0.104347825 0.108225107 0.159183666 0.130801693 0.145228222 0.088495575 0.084444441 0.035175879 0.061855670 0.046296295 0.172690764 0.067873307 0.155737698 0.046296295 0.104347825 0.050691243 0.063636363 0.080357142 0.112068966 0.037383176 0.059360731 0.028301887 0.046296295 0.256317675 0.198443577 0.130801693 0.084444441
0.096000001 0.122950822 0.141666666 0.000000000 0.030075189 0.037878789 0.074509807 0.037878789 0.033962265 0.017921148 0.011070111 0.003636364 0.053846154 0.057915058 0.175965667 0.201754391 0.096000001 0.031802122 0.074509807 0.014388490 0.096000001 0.037878789 0.091633469 0.078740157 0.062015504 0.030075189 0.104838707 0.083003953 0.113821141 0.096000001 0.118971065 0.058419243 0.011070111 0.057915058
0.066115700 0.093220338 0.112068966 0.030075189 0.000000000 0.007812500 0.044534411 0.007812500 0.003891051 0.047970481 0.019011406 0.033707865 0.023809524 0.027888447 0.146666661 0.172727272 0.066115700 0.061818182 0.044534411 0.044444446 0.066115700 0.007812500 0.061728396 0.048780486 0.032000002 0.000000000 0.075000003 0.053061225 0.084033616 0.066115700 0.148514852 0.088339224 0.019011406 0.027888447
0.058333334 0.085470088 0.104347825 0.037878789 0.007812500 0.000000000 0.036734693 0.000000000 0.003921569 0.055762082 0.026819924 0.041509435 0.016000001 0.020080321 0.139013454 0.165137619 0.058333334 0.069597073 0.036734693 0.052238807 0.058333334 0.000000000 0.053941909 0.040983606 0.024193548 0.007812500 0.067226894 0.045267489 0.076271184 0.058333334 0.156146184 0.096085407 0.026819924 0.020080321
0.021645023 0.048888888 0.067873307 0.074509807 0.044534411 0.036734693 0.000000000 0.036734693 0.040650405 0.092307694 0.063492067 0.078125000 0.020746889 0.016666668 0.102803737 0.129186600 0.021645023 0.106060609 0.000000000 0.088803090 0.021645023 0.036734693 0.017241379 0.004255319 0.012552301 0.044534411 0.030567685 0.008547009 0.039647575 0.021645023 0.191780820 0.132352948 0.063492067 0.016666668
0.058333334 0.085470088 0.104347825 0.037878789 0.007812500 0.000000000 0.036734693 0.000000000 0.003921569 0.055762082 0.026819924 0.041509435 0.016000001 0.020080321 0.139013454 0.165137619 0.058333334 0.069597073 0.036734693 0.052238807 0.058333334 0.000000000 0.053941909 0.040983606 0.024193548 0.007812500 0.067226894 0.045267489 0.076271184 0.058333334 0.156146184 0.096085407 0.026819924 0.020080321
0.062240664 0.089361705 0.108225107 0.033962265 0.003891051 0.003921569 0.040650405 0.003921569 0.000000000 0.051851850 0.022900764 0.037593983 0.019920319 0.024000000 0.142857149 0.168949768 0.062240664 0.065693431 0.040650405 0.048327137 0.062240664 0.003921569 0.057851240 0.044897959 0.028112451 0.003891051 0.071129709 0.049180329 0.080168776 0.062240664 0.152317882 0.092198581 0.022900764 0.024000000
0.113725491 0.140562251 0.159183666 0.017921148 0.047970481 0.055762082 0.092307694 0.055762082 0.051851850 0.000000000 0.028985508 0.014285714 0.071698114 0.075757578 0.193277314 0.218884125 0.113725491 0.013888889 0.092307694 0.003533569 0.113725491 0.055762082 0.109375000 0.096525095 0.079847910 0.047970481 0.122529641 0.100775197 0.131474108 0.113725491 0.101265825 0.040540539 0.028985508 0.075757578
0.085020244 0.112033196 0.130801693 0.011070111 0.019011406 0.026819924 0.063492067 0.026819924 0.022900764 0.028985508 0.000000000 0.014705882 0.042801555 0.046875000 0.165217385 0.191111118 0.085020244 0.042857144 0.063492067 0.025454545 0.085020244 0.026819924 0.080645159 0.067729086 0.050980393 0.019011406 0.093877554 0.071999997 0.102880657 0.085020244 0.129870132 0.069444448 0.000000000 0.046875000
0.099601597 0.126530617 0.145228222 0.003636364 0.033707865 0.041509435 0.078125000 0.041509435 0.037593983 0.014285714 0.014705882 0.000000000 0.057471264 0.061538462 0.179487184 0.205240175 0.099601597 0.028169014 0.078125000 0.010752688 0.099601597 0.041509435 0.095238097 0.082352944 0.065637067 0.033707865 0.108433738 0.086614177 0.117408909 0.099601597 0.115384616 0.054794520 0.014705882 0.061538462
0.042372882 0.069565214 0.088495575 0.053846154 0.023809524 0.016000001 0.020746889 0.016000001 0.019920319 0.071698114 0.042801555 0.057471264 0.000000000 0.004081632 0.123287670 0.149532706 0.042372882 0.085501857 0.020746889 0.068181820 0.042372882 0.016000001 0.037974682 0.025000000 0.008196721 0.023809524 0.051282052 0.029288704 0.060344826 0.042372882 0.171717167 0.111913361 0.042801555 0.004081632
0.038297873 0.065502182 0.084444441 0.057915058 0.027888447 0.020080321 0.016666668 0.020080321 0.024000000 0.075757578 0.046875000 0.061538462 0.004081632 0.000000000 0.119266056 0.145539910 0.038297873 0.089552239 0.016666668 0.072243348 0.038297873 0.020080321 0.033898305 0.020920502 0.004115226 0.027888447 0.047210302 0.025210084 0.056277055 0.038297873 0.175675675 0.115942031 0.046875000 0.000000000
0.081339709 0.054187194 0.035175879 0.175965667 0.146666661 0.139013454 0.102803737 0.139013454 0.142857149 0.193277314 0.165217385 0.179487184 0.123287670 0.119266056 0.000000000 0.026737968 0.081339709 0.206611574 0.102803737 0.189873412 0.081339709 0.139013454 0.085714288 0.098591551 0.115207374 0.146666661 0.072463766 0.094339624 0.063414633 0.081339709 0.288888901 0.231999993 0.165217385 0.119266056
0.107843138 0.080808081 0.061855670 0.201754391 0.172727272 0.165137619 0.129186600 0.165137619 0.168949768 0.218884125 0.191111118 0.205240175 0.149532706 0.145539910 0.026737968 0.000000000 0.107843138 0.232067510 0.129186600 0.215517238 0.107843138 0.165137619 0.112195119 0.125000000 0.141509429 0.172727272 0.099009901 0.120772950 0.090000004 0.107843138 0.313207537 0.257142872 0.191111118 0.145539910
0.000000000 0.027272727 0.046296295 0.096000001 0.066115700 0.058333334 0.021645023 0.058333334 0.062240664 0.113725491 0.085020244 0.099601597 0.042372882 0.038297873 0.081339709 0.107843138 0.000000000 0.127413124 0.021645023 0.110236220 0.000000000 0.058333334 0.004405286 0.017391304 0.034188036 0.066115700 0.008928572 0.013100437 0.018018018 0.000000000 0.212543547 0.153558046 0.085020244 0.038297873
0.127413124 0.154150203 0.172690764 0.031802122 0.061818182 0.069597073 0.106060609 0.069597073 0.065693431 0.013888889 0.042857144 0.028169014 0.085501857 0.089552239 0.206611574 0.232067510 0.127413124 0.000000000 0.106060609 0.017421603 0.127413124 0.069597073 0.123076923 0.110266156 0.093632959 0.061818182 0.136186764 0.114503816 0.145098045 0.127413124 0.087499999 0.026666667 0.042857144 0.089552239
0.021645023 0.048888888 0.067873307 0.074509807 0.044534411 0.036734693 0.000000000 0.036734693 0.040650405 0.092307694 0.063492067 0.078125000 0.020746889 0.016666668 0.102803737 0.129186600 0.021645023 0.106060609 0.000000000 0.088803090 0.021645023 0.036734693 0.017241379 0.004255319 0.012552301 0.044534411 0.030567685 0.008547009 0.039647575 0.021645023 0.191780820 0.132352948 0.063492067 0.016666668
0.110236220 0.137096778 0.155737698 0.014388490 0.044444446 0.052238807 0.088803090 0.052238807 0.048327137 0.003533569 0.025454545 0.010752688 0.068181820 0.072243348 0.189873412 0.215517238 0.110236220 0.017421603 0.088803090 0.000000000 0.110236220 0.052238807 0.105882354 0.093023255 0.076335877 0.044444446 0.119047619 0.097276263 0.128000006 0.110236220 0.104761906 0.044067796 0.025454545 0.072243348
0.000000000 0.027272727 0.046296295 0.096000001 0.066115700 0.058333334 0.021645023 0.058333334 0.062240664 0.113725491 0.085020244 0.099601597 0.042372882 0.038297873 0.081339709 0.107843138 0.000000000 0.127413124 0.021645023 0.110236220 0.000000000 0.058333334 0.004405286 0.017391304 0.034188036 0.066115700 0.008928572 0.013100437 0.018018018 0.000000000 0.212543547 0.153558046 0.085020244 0.038297873
0.058333334 0.085470088 0.104347825 0.037878789 0.007812500 0.000000000 0.036734693 0.000000000 0.003921569 0.055762082 0.026819924 0.041509435 0.016000001 0.020080321 0.139013454 0.165137619 0.058333334 0.069597073 0.036734693 0.052238807 0.058333334 0.000000000 0.053941909 0.040983606 0.024193548 0.007812500 0.067226894 0.045267489 0.076271184 0.058333334 0.156146184 0.096085407 0.026819924 0.020080321
0.004405286 0.031674210 0.050691243 0.091633469 0.061728396 0.053941909 0.017241379 0.053941909 0.057851240 0.109375000 0.080645159 0.095238097 0.037974682 0.033898305 0.085714288 0.112195119 0.004405286 0.123076923 0.017241379 0.105882354 0.004405286 0.053941909 0.000000000 0.012987013 0.029787235 0.061728396 0.013333334 0.008695652 0.022421524 0.004405286 0.208333328 0.149253726 0.080645159 0.033898305
0.017391304 0.044642858 0.063636363 0.078740157 0.048780486 0.040983606 0.004255319 0.040983606 0.044897959 0.096525095 0.067729086 0.082352944 0.025000000 0.020920502 0.098591551 0.125000000 0.017391304 0.110266156 0.004255319 0.093023255 0.017391304 0.040983606 0.012987013 0.000000000 0.016806724 0.048780486 0.026315790 0.004291845 0.035398230 0.017391304 0.195876285 0.136531368 0.067729086 0.020920502
0.034188036 0.061403509 0.080357142 0.062015504 0.032000002 0.024193548 0.012552301 0.024193548 0.028112451 0.079847910 0.050980393 0.065637067 0.008196721 0.004115226 0.115207374 0.141509429 0.034188036 0.093632959 0.012552301 0.076335877 0.034188036 0.024193548 0.029787235 0.016806724 0.000000000 0.032000002 0.043103449 0.021097047 0.052173913 0.034188036 0.179661021 0.119999997 0.050980393 0.004115226
0.066115700 0.093220338 0.112068966 0.030075189 0.000000000 0.007812500 0.044534411 0.007812500 0.003891051 0.047970481 0.019011406 0.033707865 0.023809524 0.027888447 0.146666661 0.172727272 0.066115700 0.061818182 0.044534411 0.044444446 0.066115700 0.007812500 0.061728396 0.048780486 0.032000002 0.000000000 0.075000003 0.053061225 0.084033616 0.066115700 0.148514852 0.088339224 0.019011406 0.027888447
0.008928572 0.018348623 0.037383176 0.104838707 0.075000003 0.067226894 0.030567685 0.067226894 0.071129709 0.122529641 0.093877554 0.108433738 0.051282052 0.047210302 0.072463766 0.099009901 0.008928572 0.136186764 0.030567685 0.119047619 0.008928572 0.067226894 0.013333334 0.026315790 0.043103449 0.075000003 0.000000000 0.022026431 0.009090909 0.008928572 0.221052632 0.162264153 0.093877554 0.047210302
0.013100437 0.040358745 0.059360731 0.083003953 0.053061225 0.045267489 0.008547009 0.045267489 0.049180329 0.100775197 0.071999997 0.086614177 0.029288704 0.025210084 0.094339624 0.120772950 0.013100437 0.114503816 0.008547009 0.097276263 0.013100437 0.045267489 0.008695652 0.004291845 0.021097047 0.053061225 0.022026431 0.000000000 0.031111112 0.013100437 0.200000003 0.140740737 0.071999997 0.025210084
0.018018018 0.009259259 0.028301887 0.113821141 0.084033616 0.076271184 0.039647575 0.076271184 0.080168776 0.131474108 0.102880657 0.117408909 0.060344826 0.056277055 0.063414633 0.090000004 0.018018018 0.145098045 0.039647575 0.128000006 0.018018018 0.076271184 0.022421524 0.035398230 0.052173913 0.084033616 0.009090909 0.031111112 0.000000000 0.018018018 0.229681984 0.171102658 0.102880657 0.056277055
0.000000000 0.027272727 0.046296295 0.096000001 0.066115700 0.058333334 0.021645023 0.058333334 0.062240664 0.113725491 0.085020244 0.099601597 0.042372882 0.038297873 0.081339709 0.107843138 0.000000000 0.127413124 0.021645023 0.110236220 0.000000000 0.058333334 0.004405286 0.017391304 0.034188036 0.066115700 0.008928572 0.013100437 0.018018018 0.000000000 0.212543547 0.153558046 0.085020244 0.038297873
0.212543547 0.238434166 0.256317675 0.118971065 0.148514852 0.156146184 0.191780820 0.156146184 0.152317882 0.101265825 0.129870132 0.115384616 0.171717167 0.175675675 0.288888901 0.313207537 0.212543547 0.087499999 0.191780820 0.104761906 0.212543547 0.156146184 0.208333328 0.195876285 0.179661021 0.148514852 0.221052632 0.200000003 0.229681984 0.212543547 0.000000000 0.060975611 0.129870132 0.175675675
0.153558046 0.180076629 0.198443577 0.058419243 0.088339224 0.096085407 0.132352948 0.096085407 0.092198581 0.040540539 0.069444448 0.054794520 0.111913361 0.115942031 0.231999993 0.257142872 0.153558046 0.026666667 0.132352948 0.044067796 0.153558046 0.096085407 0.149253726 0.136531368 0.119999997 0.088339224 0.162264153 0.140740737 0.171102658 0.153558046 0.060975611 0.000000000 0.069444448 0.115942031
0.085020244 0.112033196 0.130801693 0.011070111 0.019011406 0.026819924 0.063492067 0.026819924 0.022900764 0.028985508 0.000000000 0.014705882 0.042801555 0.046875000 0.165217385 0.191111118 0.085020244 0.042857144 0.063492067 0.025454545 0.085020244 0.026819924 0.080645159 0.067729086 0.050980393 0.019011406 0.093877554 0.071999997 0.102880657 0.085020244 0.129870132 0.069444448 0.000000000 0.046875000
0.038297873 0.065502182 0.084444441 0.057915058 0.027888447 0.020080321 0.016666668 0.020080321 0.024000000 0.075757578 0.046875000 0.061538462 0.004081632 0.000000000 0.119266056 0.145539910 0.038297873 0.089552239 0.016666668 0.072243348 0.038297873 0.020080321 0.033898305 0.020920502 0.004115226 0.027888447 0.047210302 0.025210084 0.056277055 0.038297873 0.175675675 0.115942031 0.046875000 0.000000000
