0.014113412 0.038651779 0.027470626 0.064569369 0.043547384 0.035405286 0.041464411 0.044756331 0.040636122 0.052583434 0.045442849 0.057075948 0.040143665 0.039737187 0.021931803 0.025791487 0.032273211 0.060127743 0.036501732 0.047395203 0.029113553 0.038438659 0.023749366 0.041832104 0.050100744 0.051443052 0.035970028 0.040165573 0.023487527 0.041013688 0.095037028 0.055087663 0.053408451 0.025683060
0.038651779 0.007410549 0.021629095 0.035525825 0.022989070 0.017053518 0.015031257 0.017832112 0.019499389 0.024452595 0.020819250 0.026815414 0.017395591 0.015888933 0.026066713 0.025566537 0.019546941 0.018831890 0.015823979 0.031178717 0.026886802 0.020371281 0.028434558 0.017869271 0.016554793 0.022698445 0.013928186 0.019653767 0.023651775 0.018788580 0.036869042 0.029615557 0.021730589 0.025139039
0.027470626 0.021629095 -0.001148492 0.040674552 0.017350676 0.013363156 0.013552019 0.019907165 0.015455863 0.030679209 0.023468714 0.035546958 0.020137582 0.015408900 0.016264059 0.012414617 0.013680288 0.031708281 0.012483674 0.023453934 0.007140309 0.016655169 0.012094463 0.015497655 0.027639505 0.028487872 0.013632504 0.012658848 0.010780232 0.017196400 0.055333912 0.029063148 0.022480575 0.007114317
0.064569369 0.035525825 0.040674552 0.010089375 0.033692572 0.032602984 0.030501971 0.028401349 0.033057865 0.015892770 0.021789845 0.016726296 0.024395455 0.032852255 0.054688886 0.054719914 0.034704767 0.019833602 0.031749535 0.024442878 0.038345031 0.029067293 0.049562320 0.029970042 0.029041506 0.017833859 0.031586714 0.031918012 0.043368161 0.029757429 0.055041563 0.019971149 0.032433316 0.041469954
0.043547384 0.022989070 0.017350676 0.033692572 -0.002235883 0.017179329 0.012019822 0.018163286 0.015997950 0.023851540 0.017327540 0.022870712 0.012606528 0.013650652 0.034388613 0.025130462 0.018304275 0.025286933 0.016783094 0.017228408 0.018810615 0.016012155 0.027565472 0.014654523 0.027064968 0.016855367 0.014002845 0.014832434 0.020842366 0.019639291 0.042891275 0.017136620 0.024680682 0.020080553
0.035405286 0.017053518 0.013363156 0.032602984 0.017179329 0.007756826 0.007307633 0.015349627 0.009378294 0.023728460 0.017485613 0.025321800 0.015126909 0.010538204 0.026743263 0.018678885 0.013267815 0.022637159 0.011135927 0.017253665 0.012899614 0.013537774 0.022041380 0.010991010 0.023377251 0.019729814 0.008868938 0.008186473 0.017808950 0.015213329 0.043077521 0.027240489 0.024420209 0.016186023
0.041464411 0.015031257 0.013552019 0.030501971 0.012019822 0.007307633 -0.004502025 0.008300411 0.008870910 0.019986345 0.002359498 0.022208814 0.011182105 0.004702451 0.028488895 0.022380965 0.012306729 0.017113267 0.005506861 0.015624530 0.014192089 0.005632102 0.023485996 0.002229934 0.014897920 0.006628397 0.005265996 0.005391924 0.018210439 0.008973766 0.036752775 0.014299517 0.018427327 0.015061938
0.044756331 0.017832112 0.019907165 0.028401349 0.018163286 0.015349627 0.008300411 0.009192446 0.012892743 0.019047067 0.014667501 0.022078978 0.012417249 0.014082471 0.032219447 0.028072648 0.018564066 0.020314746 0.014488370 0.016958011 0.019028395 0.014670800 0.031031802 0.011442089 0.022013025 0.014431178 0.011409980 0.012571751 0.024451923 0.015003324 0.048353322 0.022143954 0.019445401 0.021730315
0.040636122 0.019499389 0.015455863 0.033057865 0.015997950 0.009378294 0.008870910 0.012892743 0.000992395 0.022286020 0.016431222 0.024734829 0.011960103 0.010445008 0.029319996 0.024316292 0.012790567 0.020177318 0.013597706 0.019650990 0.016729016 0.013674259 0.024434317 0.008937986 0.020972328 0.016178437 0.011788191 0.013030574 0.018356185 0.012961815 0.053380854 0.024391200 0.014193654 0.017055683
0.052583434 0.024452595 0.030679209 0.015892770 0.023851540 0.023728460 0.019986345 0.019047067 0.022286020 0.004141701 0.013087573 0.008869341 0.017844424 0.021366838 0.043089073 0.042938992 0.027589139 0.012314213 0.022769615 0.017064076 0.028638812 0.021021107 0.039737944 0.021925453 0.019674439 0.009346257 0.021520499 0.022303201 0.035629872 0.020949727 0.044355333 0.012978954 0.021203790 0.032848269
0.045442849 0.020819250 0.023468714 0.021789845 0.017327540 0.017485613 0.002359498 0.014667501 0.016431222 0.013087573 0.000689895 0.013932178 0.012723431 0.012604646 0.035308506 0.031807456 0.021329349 0.010518936 0.015622756 0.016491486 0.020963779 0.011397590 0.030727347 0.013882764 0.018187894 0.008852919 0.014407393 0.015327372 0.027454071 0.017078331 0.033881672 0.009908765 0.017345721 0.024727475
0.057075948 0.026815414 0.035546958 0.016726296 0.022870712 0.025321800 0.022208814 0.022078978 0.024734829 0.008869341 0.013932178 0.004856588 0.018039506 0.023161439 0.046431992 0.047064580 0.029254500 0.013625404 0.024531825 0.021191962 0.033825569 0.020748261 0.042304005 0.023073545 0.021490945 0.010460475 0.023203673 0.026334830 0.035935767 0.023249481 0.046501078 0.012809556 0.022659706 0.035270922
0.040143665 0.017395591 0.020137582 0.024395455 0.012606528 0.015126909 0.011182105 0.012417249 0.011960103 0.017844424 0.012723431 0.018039506 0.001737081 0.011483073 0.031555325 0.028107416 0.021499701 0.015679305 0.017533606 0.015047980 0.017257988 0.016938856 0.027305797 0.013285263 0.020929378 0.015997808 0.013630392 0.010288062 0.021336876 0.016347062 0.034732051 0.014835020 0.015133485 0.017873701
0.039737187 0.015888933 0.015408900 0.032852255 0.013650652 0.010538204 0.004702451 0.014082471 0.010445008 0.021366838 0.012604646 0.023161439 0.011483073 0.004712206 0.028988905 0.021849040 0.013882406 0.020030756 0.010205735 0.015091313 0.014647871 0.012564350 0.022970488 0.010986876 0.020754918 0.017132901 0.009457188 0.009256314 0.017258588 0.014484671 0.042948246 0.019591203 0.024933090 0.014898850
0.021931803 0.026066713 0.016264059 0.054688886 0.034388613 0.026743263 0.028488895 0.032219447 0.029319996 0.043089073 0.035308506 0.046431992 0.031555325 0.028988905 0.004744613 0.016792178 0.021906782 0.054033291 0.025070366 0.037418012 0.021442698 0.026817208 0.018235201 0.030430270 0.041887704 0.040921360 0.027168093 0.027345628 0.018194335 0.029119326 0.078168668 0.046977580 0.041726865 0.017789811
0.025791487 0.025566537 0.012414617 0.054719914 0.025130462 0.018678885 0.022380965 0.028072648 0.024316292 0.042938992 0.031807456 0.047064580 0.028107416 0.021849040 0.016792178 0.001238029 0.016262211 0.043915674 0.021414608 0.035003632 0.009774154 0.023295252 0.011636754 0.024161788 0.034056455 0.038924765 0.021036135 0.022373974 0.008203718 0.025682531 0.056520730 0.038975049 0.032769844 0.010158418
0.032273211 0.019546941 0.013680288 0.034704767 0.018304275 0.013267815 0.012306729 0.018564066 0.012790567 0.027589139 0.021329349 0.029254500 0.021499701 0.013882406 0.021906782 0.016262211 0.000619970 0.025178712 0.009716488 0.019267967 0.010958808 0.015970550 0.017020110 0.013433784 0.024850179 0.024006464 0.010750710 0.012014423 0.014054161 0.017735764 0.039439574 0.028247735 0.028206274 0.012467156
0.060127743 0.018831890 0.031708281 0.019833602 0.025286933 0.022637159 0.017113267 0.020314746 0.020177318 0.012314213 0.010518936 0.013625404 0.015679305 0.020030756 0.054033291 0.043915674 0.025178712 0.008209378 0.017925538 0.020161960 0.031061500 0.013933940 0.042938493 0.020913415 0.018273473 0.010448998 0.020485923 0.021986952 0.034317866 0.021547556 0.048076756 0.013960389 0.032659929 0.034339964
0.036501732 0.015823979 0.012483674 0.031749535 0.016783094 0.011135927 0.005506861 0.014488370 0.013597706 0.022769615 0.015622756 0.024531825 0.017533606 0.010205735 0.025070366 0.021414608 0.009716488 0.017925538 -0.002314055 0.018914545 0.015030028 0.011707402 0.019587258 0.011333155 0.019539494 0.017333804 0.008727243 0.010550075 0.016035656 0.014943732 0.037007228 0.020110007 0.023754027 0.012329521
0.047395203 0.031178717 0.023453934 0.024442878 0.017228408 0.017253665 0.015624530 0.016958011 0.019650990 0.017064076 0.016491486 0.021191962 0.015047980 0.015091313 0.037418012 0.035003632 0.019267967 0.020161960 0.018914545 0.004093123 0.020625520 0.021374710 0.031988587 0.017272275 0.022654083 0.016846618 0.020648330 0.014963907 0.030185569 0.016555723 0.052516188 0.019651372 0.022998912 0.025688782
0.029113553 0.026886802 0.007140309 0.038345031 0.018810615 0.012899614 0.014192089 0.019028395 0.016729016 0.028638812 0.020963779 0.033825569 0.017257988 0.014647871 0.021442698 0.009774154 0.010958808 0.031061500 0.015030028 0.020625520 0.000514037 0.016452940 0.011544676 0.015671261 0.031203613 0.026430961 0.016153529 0.011946161 0.012420299 0.016834443 0.051714607 0.027849328 0.024323191 0.009571525
0.038438659 0.020371281 0.016655169 0.029067293 0.016012155 0.013537774 0.005632102 0.014670800 0.013674259 0.021021107 0.011397590 0.020748261 0.016938856 0.012564350 0.026817208 0.023295252 0.015970550 0.013933940 0.011707402 0.021374710 0.016452940 -0.001023142 0.022810258 0.011418482 0.019447099 0.014707702 0.010471150 0.010578489 0.020740250 0.016087536 0.031055145 0.017324898 0.017717367 0.017240942
0.023749366 0.028434558 0.012094463 0.049562320 0.027565472 0.022041380 0.023485996 0.031031802 0.024434317 0.039737944 0.030727347 0.042304005 0.027305797 0.022970488 0.018235201 0.011636754 0.017020110 0.042938493 0.019587258 0.031988587 0.011544676 0.022810258 0.003869954 0.024900077 0.036727797 0.035874546 0.023127969 0.022270666 0.011133534 0.027982920 0.057152089 0.039678656 0.034004472 0.012024109
0.041832104 0.017869271 0.015497655 0.029970042 0.014654523 0.010991010 0.002229934 0.011442089 0.008937986 0.021925453 0.013882764 0.023073545 0.013285263 0.010986876 0.030430270 0.024161788 0.013433784 0.020913415 0.011333155 0.017272275 0.015671261 0.011418482 0.024900077 -0.000513402 0.020132510 0.016562922 0.007844667 0.007748997 0.019215573 0.011141496 0.034710377 0.020537535 0.017633475 0.017071676
0.050100744 0.016554793 0.027639505 0.029041506 0.027064968 0.023377251 0.014897920 0.022013025 0.020972328 0.019674439 0.018187894 0.021490945 0.020929378 0.020754918 0.041887704 0.034056455 0.024850179 0.018273473 0.019539494 0.022654083 0.031203613 0.019447099 0.036727797 0.020132510 -0.013469248 0.017615637 0.019519322 0.018942427 0.030180596 0.023256954 0.032380104 0.028654551 0.025562394 0.030943101
0.051443052 0.022698445 0.028487872 0.017833859 0.016855367 0.019729814 0.006628397 0.014431178 0.016178437 0.009346257 0.008852919 0.010460475 0.015997808 0.017132901 0.040921360 0.038924765 0.024006464 0.010448998 0.017333804 0.016846618 0.026430961 0.014707702 0.035874546 0.016562922 0.017615637 -0.000354147 0.016690264 0.016745577 0.032208588 0.017557535 0.035735939 0.010241033 0.016024139 0.028960817
0.035970028 0.013928186 0.013632504 0.031586714 0.014002845 0.008868938 0.005265996 0.011409980 0.011788191 0.021520499 0.014407393 0.023203673 0.013630392 0.009457188 0.027168093 0.021036135 0.010750710 0.020485923 0.008727243 0.020648330 0.016153529 0.010471150 0.023127969 0.007844667 0.019519322 0.016690264 0.002901319 0.007030791 0.017587941 0.011388544 0.032432508 0.022969939 0.020914957 0.016295105
0.040165573 0.019653767 0.012658848 0.031918012 0.014832434 0.008186473 0.005391924 0.012571751 0.013030574 0.022303201 0.015327372 0.026334830 0.010288062 0.009256314 0.027345628 0.022373974 0.012014423 0.021986952 0.010550075 0.014963907 0.011946161 0.010578489 0.022270666 0.007748997 0.018942427 0.016745577 0.007030791 0.002702679 0.017683439 0.009516722 0.045638297 0.021445559 0.021670111 0.013401356
0.023487527 0.023651775 0.010780232 0.043368161 0.020842366 0.017808950 0.018210439 0.024451923 0.018356185 0.035629872 0.027454071 0.035935767 0.021336876 0.017258588 0.018194335 0.008203718 0.014054161 0.034317866 0.016035656 0.030185569 0.012420299 0.020740250 0.011133534 0.019215573 0.030180596 0.032208588 0.017587941 0.017683439 0.002705108 0.023552891 0.040477283 0.032814585 0.030923404 0.005492391
0.041013688 0.018788580 0.017196400 0.029757429 0.019639291 0.015213329 0.008973766 0.015003324 0.012961815 0.020949727 0.017078331 0.023249481 0.016347062 0.014484671 0.029119326 0.025682531 0.017735764 0.021547556 0.014943732 0.016555723 0.016834443 0.016087536 0.027982920 0.011141496 0.023256954 0.017557535 0.011388544 0.009516722 0.023552891 0.008685399 0.052589126 0.024923556 0.018447336 0.021093938
0.095037028 0.036869042 0.055333912 0.055041563 0.042891275 0.043077521 0.036752775 0.048353322 0.053380854 0.044355333 0.033881672 0.046501078 0.034732051 0.042948246 0.078168668 0.056520730 0.039439574 0.048076756 0.037007228 0.052516188 0.051714607 0.031055145 0.057152089 0.034710377 0.032380104 0.035735939 0.032432508 0.045638297 0.040477283 0.052589126 0.012681136 0.036057364 0.080567837 0.045675229
0.055087663 0.029615557 0.029063148 0.019971149 0.017136620 0.027240489 0.014299517 0.022143954 0.024391200 0.012978954 0.009908765 0.012809556 0.014835020 0.019591203 0.046977580 0.038975049 0.028247735 0.013960389 0.020110007 0.019651372 0.027849328 0.017324898 0.039678656 0.020537535 0.028654551 0.010241033 0.022969939 0.021445559 0.032814585 0.024923556 0.036057364 0.003578982 0.029666290 0.032676034
0.053408451 0.021730589 0.022480575 0.032433316 0.024680682 0.024420209 0.018427327 0.019445401 0.014193654 0.021203790 0.017345721 0.022659706 0.015133485 0.024933090 0.041726865 0.032769844 0.028206274 0.032659929 0.023754027 0.022998912 0.024323191 0.017717367 0.034004472 0.017633475 0.025562394 0.016024139 0.020914957 0.021670111 0.030923404 0.018447336 0.080567837 0.029666290 -0.000345383 0.031928405
0.025683060 0.025139039 0.007114317 0.041469954 0.020080553 0.016186023 0.015061938 0.021730315 0.017055683 0.032848269 0.024727475 0.035270922 0.017873701 0.014898850 0.017789811 0.010158418 0.012467156 0.034339964 0.012329521 0.025688782 0.009571525 0.017240942 0.012024109 0.017071676 0.030943101 0.028960817 0.016295105 0.013401356 0.005492391 0.021093938 0.045675229 0.032676034 0.031928405 -0.001111176
