0.018451286 0.045022592 0.038532957 0.059362099 0.048169777 0.038203206 0.042936429 0.041410509 0.041474193 0.048032165 0.052502166 0.055077456 0.041700017 0.042106695 0.029693866 0.031041246 0.032815836 0.067115389 0.046155930 0.037179001 0.029245963 0.046690427 0.027112113 0.041464858 0.050509769 0.062704884 0.047985904 0.033793747 0.027650349 0.039414663 0.080603108 0.058554217 0.053176649 0.033244617
0.045022592 -0.000500273 0.023348030 0.029583450 0.031704023 0.020914314 0.013284104 0.015658993 0.016991079 0.016678113 0.016647162 0.024481999 0.011621088 0.016893402 0.039899997 0.027510535 0.018264798 0.025818633 0.011925449 0.022942998 0.027762445 0.013669599 0.031815484 0.016897166 0.007207317 0.025890367 0.014089543 0.015768630 0.027124956 0.015068541 0.043174777 0.031899527 0.037270598 0.035094023
0.038532957 0.023348030 0.009213604 0.039226156 0.023207411 0.020608597 0.016381070 0.020376347 0.016738404 0.028389376 0.027362244 0.035966888 0.020865006 0.020308910 0.029916845 0.019414987 0.016320746 0.043507732 0.019415623 0.020507444 0.012921085 0.021997772 0.019562207 0.016620642 0.026821237 0.038173016 0.023878153 0.012146712 0.016821664 0.018273497 0.058515564 0.035894170 0.029789317 0.020004610
0.059362099 0.029583450 0.039226156 0.003636328 0.038866974 0.032468878 0.028216312 0.020738406 0.027940759 0.007394424 0.017872911 0.013478621 0.021426525 0.029556565 0.051756952 0.047660217 0.031380203 0.023195980 0.030267667 0.024489056 0.038000889 0.024187542 0.044688337 0.029142879 0.015700806 0.025815416 0.031247590 0.026114017 0.041013442 0.023971526 0.034755308 0.019246941 0.038086269 0.043960694
0.048169777 0.031704023 0.023207411 0.038866974 -0.001302705 0.016806439 0.012733675 0.020197451 0.022319686 0.024294898 0.019614613 0.029776687 0.013746183 0.016347604 0.031393927 0.031473678 0.018490389 0.046979588 0.020543382 0.016097136 0.024009779 0.015746389 0.021798253 0.013953866 0.026432630 0.017403718 0.022740889 0.020908810 0.021834362 0.018944103 0.064318180 0.020400386 0.033384852 0.024471417
0.038203206 0.020914314 0.020608597 0.032468878 0.016806439 0.005688825 0.008908321 0.009892588 0.013089580 0.022635061 0.019426374 0.026879758 0.015104013 0.009772187 0.029485874 0.022212166 0.012299884 0.032773584 0.015845153 0.013036555 0.017613770 0.015499910 0.019821007 0.012293530 0.019526031 0.025041869 0.016144650 0.009836407 0.016282668 0.011551809 0.048057389 0.022711283 0.025848608 0.017347109
0.042936429 0.013284104 0.016381070 0.028216312 0.012733675 0.008908321 -0.004812278 0.003082699 0.009162394 0.015287834 0.001952840 0.021987148 0.007192510 0.005412240 0.030450895 0.022627657 0.010285334 0.024494113 0.006501579 0.015070871 0.017072853 0.004804759 0.023158167 0.001506973 0.009545375 0.003614246 0.008803580 0.005247912 0.018581439 0.004610196 0.044260252 0.014952471 0.018948231 0.019690514
0.041410509 0.015658993 0.020376347 0.020738406 0.020197451 0.009892588 0.003082699 0.001744548 0.009077766 0.010961192 0.009074676 0.016670242 0.006988128 0.009715464 0.031370070 0.025023643 0.013579767 0.024171885 0.012011703 0.005082734 0.015334442 0.008891968 0.024629220 0.006519586 0.011399423 0.016024359 0.011703514 0.005093445 0.021529166 0.006835422 0.041619472 0.019626332 0.023004800 0.022993321
0.041474193 0.016991079 0.016738404 0.027940759 0.022319686 0.013089580 0.009162394 0.009077766 0.000613645 0.016652692 0.014942698 0.023092300 0.010994948 0.011838642 0.032092273 0.024917085 0.013092966 0.025545780 0.013684239 0.013508307 0.015213839 0.011409823 0.025511716 0.009138353 0.012265070 0.024690887 0.014317788 0.007794201 0.022722032 0.009793860 0.046341963 0.029853746 0.022549488 0.026132092
0.048032165 0.016678113 0.028389376 0.007394424 0.024294898 0.022635061 0.015287834 0.010961192 0.016652692 -0.005842496 0.007550866 0.003300078 0.013050769 0.018447923 0.042190850 0.037341554 0.022464223 0.014610287 0.018873993 0.009951295 0.025823321 0.014062181 0.035239950 0.018084211 0.004868948 0.012445997 0.020550881 0.013309293 0.033200055 0.013909464 0.029509559 0.010515586 0.023361929 0.034707174
0.052502166 0.016647162 0.027362244 0.017872911 0.019614613 0.019426374 0.001952840 0.009074676 0.014942698 0.007550866 0.000382480 0.012334336 0.010504930 0.014122806 0.045468196 0.035823993 0.018459817 0.020604443 0.013513347 0.015040674 0.027733875 0.010484749 0.035194546 0.012619918 0.009254392 0.005893792 0.018256001 0.014858626 0.029724166 0.012358733 0.041138574 0.011625859 0.020357843 0.033986967
0.055077456 0.024481999 0.035966888 0.013478621 0.029776687 0.026879758 0.021987148 0.016670242 0.023092300 0.003300078 0.012334336 0.003321763 0.016527422 0.022953544 0.046982691 0.045118850 0.027673353 0.019743681 0.024205461 0.020728616 0.035410397 0.018539838 0.040655613 0.022985550 0.011805763 0.015098212 0.026113007 0.023975752 0.036861867 0.019749671 0.036251508 0.014638104 0.029309597 0.040140107
0.041700017 0.011621088 0.020865006 0.021426525 0.013746183 0.015104013 0.007192510 0.006988128 0.010994948 0.013050769 0.010504930 0.016527422 0.001239842 0.012443788 0.036497969 0.026261784 0.014588497 0.026064403 0.009021307 0.013283631 0.023798104 0.011769422 0.026160296 0.009828109 0.011605296 0.008536023 0.014542226 0.011206877 0.022481866 0.009868190 0.046173315 0.017550869 0.018405773 0.026849089
0.042106695 0.016893402 0.020308910 0.029556565 0.016347604 0.009772187 0.005412240 0.009715464 0.011838642 0.018447923 0.014122806 0.022953544 0.012443788 0.004593020 0.031470556 0.024936037 0.012882380 0.028665312 0.013101621 0.010363138 0.017574124 0.013887173 0.022070616 0.011473788 0.016933583 0.015236061 0.015125369 0.009201457 0.018501289 0.010086574 0.049692705 0.021293923 0.024652662 0.019657260
0.029693866 0.039899997 0.029916845 0.051756952 0.031393927 0.029485874 0.030450895 0.031370070 0.032092273 0.042190850 0.045468196 0.046982691 0.036497969 0.031470556 0.006846839 0.024089422 0.024797630 0.062702805 0.039700478 0.027311556 0.021547601 0.037844714 0.019567788 0.030855706 0.045865856 0.047072805 0.042951241 0.023772214 0.017524537 0.030604742 0.071156763 0.037370600 0.036175765 0.019275058
0.031041246 0.027510535 0.019414987 0.047660217 0.031473678 0.022212166 0.022627657 0.025023643 0.024917085 0.037341554 0.035823993 0.045118850 0.026261784 0.024936037 0.024089422 0.005745088 0.017543137 0.050059527 0.026689321 0.028175125 0.012519761 0.027779743 0.014930425 0.023240928 0.033534423 0.036537640 0.028551845 0.017831363 0.011971807 0.023414977 0.059116248 0.043072764 0.033083089 0.017571911
0.032815836 0.018264798 0.016320746 0.031380203 0.018490389 0.012299884 0.010285334 0.013579767 0.013092966 0.022464223 0.018459817 0.027673353 0.014588497 0.012882380 0.024797630 0.017543137 -0.000797624 0.031611912 0.009985690 0.014517580 0.012640175 0.013709778 0.015112880 0.011336789 0.018561624 0.021681340 0.013157647 0.010395295 0.013604730 0.012906959 0.044346597 0.026145360 0.030225912 0.015593816
0.067115389 0.025818633 0.043507732 0.023195980 0.046979588 0.032773584 0.024494113 0.024171885 0.025545780 0.014610287 0.020604443 0.019743681 0.026064403 0.028665312 0.062702805 0.050059527 0.031611912 0.021453697 0.029367281 0.024216786 0.037990019 0.024498293 0.050334424 0.027522473 0.019090632 0.031298283 0.033863712 0.024501858 0.043807581 0.025720192 0.042680290 0.029318098 0.040339582 0.048327461
0.046155930 0.011925449 0.019415623 0.030267667 0.020543382 0.015845153 0.006501579 0.012011703 0.013684239 0.018873993 0.013513347 0.024205461 0.009021307 0.013101621 0.039700478 0.026689321 0.009985690 0.029367281 0.002085967 0.018868729 0.021174993 0.011008249 0.026443953 0.010708170 0.014995440 0.014728050 0.014462873 0.011553202 0.019896585 0.012965460 0.048691094 0.023992378 0.032178957 0.024564747
0.037179001 0.022942998 0.020507444 0.024489056 0.016097136 0.013036555 0.015070871 0.005082734 0.013508307 0.009951295 0.015040674 0.020728616 0.013283631 0.010363138 0.027311556 0.028175125 0.014517580 0.024216786 0.018868729 0.002356127 0.021729691 0.017802283 0.023194058 0.017294396 0.013509789 0.023997977 0.019302728 0.011216573 0.021510966 0.007649287 0.041717369 0.011825383 0.019843407 0.019738587
0.029245963 0.027762445 0.012921085 0.038000889 0.024009779 0.017613770 0.017072853 0.015334442 0.015213839 0.025823321 0.027733875 0.035410397 0.023798104 0.017574124 0.021547601 0.012519761 0.012640175 0.037990019 0.021174993 0.021729691 -0.001460830 0.022543240 0.012854189 0.018157315 0.029199887 0.035253868 0.023226991 0.008373648 0.014026998 0.013533313 0.051390707 0.031993307 0.021381121 0.015694451
0.046690427 0.013669599 0.021997772 0.024187542 0.015746389 0.015499910 0.004804759 0.008891968 0.011409823 0.014062181 0.010484749 0.018539838 0.011769422 0.013887173 0.037844714 0.027779743 0.013709778 0.024498293 0.011008249 0.017802283 0.022543240 -0.000927653 0.027495136 0.009188049 0.009845102 0.007794980 0.013350472 0.010382485 0.022277040 0.010620488 0.041685443 0.017863179 0.020420723 0.026184728
0.027112113 0.031815484 0.019562207 0.044688337 0.021798253 0.019821007 0.023158167 0.024629220 0.025511716 0.035239950 0.035194546 0.040655613 0.026160296 0.022070616 0.019567788 0.014930425 0.015112880 0.050334424 0.026443953 0.023194058 0.012854189 0.027495136 0.004235168 0.023426566 0.034655020 0.035230882 0.030875133 0.019595589 0.008158373 0.023735229 0.058957718 0.026734410 0.027470483 0.012067565
0.041464858 0.016897166 0.016620642 0.029142879 0.013953866 0.012293530 0.001506973 0.006519586 0.009138353 0.018084211 0.012619918 0.022985550 0.009828109 0.011473788 0.030855706 0.023240928 0.011336789 0.027522473 0.010708170 0.017294396 0.018157315 0.009188049 0.023426566 -0.001289566 0.014443463 0.010287370 0.010093583 0.007718189 0.019005090 0.006654894 0.047068629 0.020302696 0.016894212 0.020998135
0.050509769 0.007207317 0.026821237 0.015700806 0.026432630 0.019526031 0.009545375 0.011399423 0.012265070 0.004868948 0.009254392 0.011805763 0.011605296 0.016933583 0.045865856 0.033534423 0.018561624 0.019090632 0.014995440 0.013509789 0.029199887 0.009845102 0.034655020 0.014443463 -0.019192182 0.014351366 0.015886301 0.012471071 0.028463507 0.012583823 0.031906903 0.023173563 0.027483661 0.034242891
0.062704884 0.025890367 0.038173016 0.025815416 0.017403718 0.025041869 0.003614246 0.016024359 0.024690887 0.012445997 0.005893792 0.015098212 0.008536023 0.015236061 0.047072805 0.036537640 0.021681340 0.031298283 0.014728050 0.023997977 0.035253868 0.007794980 0.035230882 0.010287370 0.014351366 -0.000239231 0.023477532 0.021347659 0.029689828 0.018148914 0.056867529 0.009654462 0.028942095 0.039248504
0.047985904 0.014089543 0.023878153 0.031247590 0.022740889 0.016144650 0.008803580 0.011703514 0.014317788 0.020550881 0.018256001 0.026113007 0.014542226 0.015125369 0.042951241 0.028551845 0.013157647 0.033863712 0.014462873 0.019302728 0.023226991 0.013350472 0.030875133 0.010093583 0.015886301 0.023477532 0.010622330 0.009815933 0.023186039 0.011330606 0.052686743 0.029997841 0.029478429 0.029731890
0.033793747 0.015768630 0.012146712 0.026114017 0.020908810 0.009836407 0.005247912 0.005093445 0.007794201 0.013309293 0.014858626 0.023975752 0.011206877 0.009201457 0.023772214 0.017831363 0.010395295 0.024501858 0.011553202 0.011216573 0.008373648 0.010382485 0.019595589 0.007718189 0.012471071 0.021347659 0.009815933 -0.005050182 0.018133452 0.003297389 0.038992111 0.024028186 0.020334896 0.018073374
0.027650349 0.027124956 0.016821664 0.041013442 0.021834362 0.016282668 0.018581439 0.021529166 0.022722032 0.033200055 0.029724166 0.036861867 0.022481866 0.018501289 0.017524537 0.011971807 0.013604730 0.043807581 0.019896585 0.021510966 0.014026998 0.022277040 0.008158373 0.019005090 0.028463507 0.029689828 0.023186039 0.018133452 0.002795469 0.020541649 0.048878055 0.029657632 0.031294912 0.007974165
0.039414663 0.015068541 0.018273497 0.023971526 0.018944103 0.011551809 0.004610196 0.006835422 0.009793860 0.013909464 0.012358733 0.019749671 0.009868190 0.010086574 0.030604742 0.023414977 0.012906959 0.025720192 0.012965460 0.007649287 0.013533313 0.010620488 0.023735229 0.006654894 0.012583823 0.018148914 0.011330606 0.003297389 0.020541649 0.001194892 0.042930361 0.019476993 0.021339696 0.021460950
0.080603108 0.043174777 0.058515564 0.034755308 0.064318180 0.048057389 0.044260252 0.041619472 0.046341963 0.029509559 0.041138574 0.036251508 0.046173315 0.049692705 0.071156763 0.059116248 0.044346597 0.042680290 0.048691094 0.041717369 0.051390707 0.041685443 0.058957718 0.047068629 0.031906903 0.056867529 0.052686743 0.038992111 0.048878055 0.042930361 -0.005403112 0.041326158 0.062975757 0.056040421
0.058554217 0.031899527 0.035894170 0.019246941 0.020400386 0.022711283 0.014952471 0.019626332 0.029853746 0.010515586 0.011625859 0.014638104 0.017550869 0.021293923 0.037370600 0.043072764 0.026145360 0.029318098 0.023992378 0.011825383 0.031993307 0.017863179 0.026734410 0.020302696 0.023173563 0.009654462 0.029997841 0.024028186 0.029657632 0.019476993 0.041326158 0.003517205 0.032090988 0.033408754
0.053176649 0.037270598 0.029789317 0.038086269 0.033384852 0.025848608 0.018948231 0.023004800 0.022549488 0.023361929 0.020357843 0.029309597 0.018405773 0.024652662 0.036175765 0.033083089 0.030225912 0.040339582 0.032178957 0.019843407 0.021381121 0.020420723 0.027470483 0.016894212 0.027483661 0.028942095 0.029478429 0.020334896 0.031294912 0.021339696 0.062975757 0.032090988 0.005899403 0.032357506
0.033244617 0.035094023 0.020004610 0.043960694 0.024471417 0.017347109 0.019690514 0.022993321 0.026132092 0.034707174 0.033986967 0.040140107 0.026849089 0.019657260 0.019275058 0.017571911 0.015593816 0.048327461 0.024564747 0.019738587 0.015694451 0.026184728 0.012067565 0.020998135 0.034242891 0.039248504 0.029731890 0.018073374 0.007974165 0.021460950 0.056040421 0.033408754 0.032357506 0.003757492
