0.000000000 0.226804122 0.147727266 0.308755755 0.242424250 0.210526317 0.210526317 0.214659691 0.180327863 0.278846145 0.302325577 0.282296658 0.242424250 0.222797930 0.193548381 0.096385539 0.166666672 0.292452842 0.257425755 0.302325577 0.127906978 0.230769232 0.107142858 0.189189196 0.275362313 0.257425755 0.197860956 0.197860956 0.171270713 0.242424250 0.367088616 0.339207053 0.278846145 0.189189196
0.226804122 0.000000000 0.081818178 0.088122606 0.016528925 0.017094018 0.017094018 0.012765957 0.048458152 0.055555556 0.081081077 0.059288539 0.016528925 0.004219409 0.034782607 0.133333340 0.062500000 0.070312500 0.032520324 0.081081077 0.101851851 0.004184100 0.122641511 0.039301310 0.051792830 0.032520324 0.030303031 0.030303031 0.057777777 0.016528925 0.153024912 0.121771216 0.055555556 0.039301310
0.147727266 0.081818178 0.000000000 0.168724284 0.098214284 0.064814813 0.064814813 0.069124423 0.033492822 0.136752144 0.161825731 0.140425533 0.098214284 0.077625573 0.047169812 0.052083332 0.019417476 0.151260510 0.114035085 0.161825731 0.020202020 0.085972853 0.041237112 0.042654030 0.133047208 0.114035085 0.051643193 0.051643193 0.024154589 0.098214284 0.231939167 0.201581031 0.136752144 0.042654030
0.308755755 0.088122606 0.168724284 0.000000000 0.071698114 0.105058365 0.105058365 0.100775197 0.136000007 0.032727271 0.007092198 0.028985508 0.071698114 0.092307694 0.122529641 0.218884125 0.149797574 0.017921148 0.055762082 0.007092198 0.188284516 0.083969466 0.208510637 0.126984134 0.036496349 0.055762082 0.118110240 0.118110240 0.145161286 0.071698114 0.065789476 0.034013607 0.032727271 0.126984134
0.242424250 0.016528925 0.098214284 0.071698114 0.000000000 0.033613447 0.033613447 0.029288704 0.064935066 0.039062500 0.064638786 0.042801555 0.000000000 0.020746889 0.051282052 0.149532706 0.078947365 0.053846154 0.016000001 0.064638786 0.118181817 0.012345679 0.138888896 0.055793993 0.035294119 0.016000001 0.046808511 0.046808511 0.074235804 0.000000000 0.136842102 0.105454542 0.039062500 0.055793993
0.210526317 0.017094018 0.064814813 0.105058365 0.033613447 0.000000000 0.000000000 0.004329004 0.031390134 0.072580643 0.098039217 0.076305218 0.033613447 0.012875536 0.017699115 0.116504855 0.045454547 0.087301590 0.049586777 0.098039217 0.084905662 0.021276595 0.105769232 0.022222223 0.068825908 0.049586777 0.013215859 0.013215859 0.040723983 0.033613447 0.169675097 0.138576776 0.072580643 0.022222223
0.210526317 0.017094018 0.064814813 0.105058365 0.033613447 0.000000000 0.000000000 0.004329004 0.031390134 0.072580643 0.098039217 0.076305218 0.033613447 0.012875536 0.017699115 0.116504855 0.045454547 0.087301590 0.049586777 0.098039217 0.084905662 0.021276595 0.105769232 0.022222223 0.068825908 0.049586777 0.013215859 0.013215859 0.040723983 0.033613447 0.169675097 0.138576776 0.072580643 0.022222223
0.214659691 0.012765957 0.069124423 0.100775197 0.029288704 0.004329004 0.004329004 0.000000000 0.035714287 0.068273090 0.093750000 0.071999997 0.029288704 0.008547009 0.022026431 0.120772950 0.049773756 0.083003953 0.045267489 0.093750000 0.089201875 0.016949153 0.110047847 0.026548672 0.064516127 0.045267489 0.017543860 0.017543860 0.045045044 0.029288704 0.165467620 0.134328365 0.068273090 0.026548672
0.180327863 0.048458152 0.033492822 0.136000007 0.064935066 0.031390134 0.031390134 0.035714287 0.000000000 0.103734441 0.129032254 0.107438013 0.064935066 0.044247787 0.013698630 0.085427135 0.014084507 0.118367344 0.080851063 0.129032254 0.053658538 0.052631579 0.074626863 0.009174312 0.100000001 0.080851063 0.018181818 0.018181818 0.009345794 0.064935066 0.200000003 0.169230774 0.103734441 0.009174312
0.278846145 0.055555556 0.136752144 0.032727271 0.039062500 0.072580643 0.072580643 0.068273090 0.103734441 0.000000000 0.025641026 0.003745318 0.039062500 0.059760958 0.090163931 0.187500000 0.117647059 0.014814815 0.023076924 0.025641026 0.156521738 0.051383398 0.176991150 0.094650209 0.003773585 0.023076924 0.085714288 0.085714288 0.112970710 0.039062500 0.098305084 0.066666670 0.000000000 0.094650209
0.302325577 0.081081077 0.161825731 0.007092198 0.064638786 0.098039217 0.098039217 0.093750000 0.129032254 0.025641026 0.000000000 0.021897810 0.064638786 0.085271321 0.115537852 0.212121218 0.142857149 0.010830325 0.048689138 0.000000000 0.181434602 0.076923080 0.201716736 0.119999997 0.029411765 0.048689138 0.111111112 0.111111112 0.138211384 0.064638786 0.072847679 0.041095890 0.025641026 0.119999997
0.282296658 0.059288539 0.140425533 0.028985508 0.042801555 0.076305218 0.076305218 0.071999997 0.107438013 0.003745318 0.021897810 0.000000000 0.042801555 0.063492067 0.093877554 0.191111118 0.121338911 0.011070111 0.026819924 0.021897810 0.160173163 0.055118110 0.180616736 0.098360658 0.007518797 0.026819924 0.089430891 0.089430891 0.116666667 0.042801555 0.094594598 0.062937066 0.003745318 0.098360658
0.242424250 0.016528925 0.098214284 0.071698114 0.000000000 0.033613447 0.033613447 0.029288704 0.064935066 0.039062500 0.064638786 0.042801555 0.000000000 0.020746889 0.051282052 0.149532706 0.078947365 0.053846154 0.016000001 0.064638786 0.118181817 0.012345679 0.138888896 0.055793993 0.035294119 0.016000001 0.046808511 0.046808511 0.074235804 0.000000000 0.136842102 0.105454542 0.039062500 0.055793993
0.222797930 0.004219409 0.077625573 0.092307694 0.020746889 0.012875536 0.012875536 0.008547009 0.044247787 0.059760958 0.085271321 0.063492067 0.020746889 0.000000000 0.030567685 0.129186600 0.058295965 0.074509807 0.036734693 0.085271321 0.097674422 0.008403362 0.118483409 0.035087720 0.056000002 0.036734693 0.026086956 0.026086956 0.053571429 0.020746889 0.157142863 0.125925928 0.059760958 0.035087720
0.193548381 0.034782607 0.047169812 0.122529641 0.051282052 0.017699115 0.017699115 0.022026431 0.013698630 0.090163931 0.115537852 0.093877554 0.051282052 0.030567685 0.000000000 0.099009901 0.027777778 0.104838707 0.067226894 0.115537852 0.067307696 0.038961038 0.088235296 0.004524887 0.086419754 0.067226894 0.004484305 0.004484305 0.023041476 0.051282052 0.186813191 0.155893534 0.090163931 0.004524887
0.096385539 0.133333340 0.052083332 0.218884125 0.149532706 0.116504855 0.116504855 0.120772950 0.085427135 0.187500000 0.212121218 0.191111118 0.149532706 0.129186600 0.099009901 0.000000000 0.071428575 0.201754391 0.165137619 0.212121218 0.031914894 0.137440756 0.010869565 0.094527364 0.183856502 0.165137619 0.103448279 0.103448279 0.076142132 0.149532706 0.280632406 0.251028806 0.187500000 0.094527364
0.166666672 0.062500000 0.019417476 0.149797574 0.078947365 0.045454547 0.045454547 0.049773756 0.014084507 0.117647059 0.142857149 0.121338911 0.078947365 0.058295965 0.027777778 0.071428575 0.000000000 0.132231399 0.094827585 0.142857149 0.039603960 0.066666670 0.060606062 0.023255814 0.113924049 0.094827585 0.032258064 0.032258064 0.004739337 0.078947365 0.213483140 0.182879373 0.117647059 0.023255814
0.292452842 0.070312500 0.151260510 0.017921148 0.053846154 0.087301590 0.087301590 0.083003953 0.118367344 0.014814815 0.010830325 0.011070111 0.053846154 0.074509807 0.104838707 0.201754391 0.132231399 0.000000000 0.037878789 0.010830325 0.170940176 0.066147856 0.191304341 0.109311745 0.018587360 0.037878789 0.100401610 0.100401610 0.127572015 0.053846154 0.083612040 0.051903114 0.014814815 0.109311745
0.257425755 0.032520324 0.114035085 0.055762082 0.016000001 0.049586777 0.049586777 0.045267489 0.080851063 0.023076924 0.048689138 0.026819924 0.016000001 0.036734693 0.067226894 0.165137619 0.094827585 0.037878789 0.000000000 0.048689138 0.133928567 0.028340081 0.154545456 0.071729958 0.019305019 0.000000000 0.062761508 0.062761508 0.090128757 0.016000001 0.121107265 0.089605734 0.023076924 0.071729958
0.302325577 0.081081077 0.161825731 0.007092198 0.064638786 0.098039217 0.098039217 0.093750000 0.129032254 0.025641026 0.000000000 0.021897810 0.064638786 0.085271321 0.115537852 0.212121218 0.142857149 0.010830325 0.048689138 0.000000000 0.181434602 0.076923080 0.201716736 0.119999997 0.029411765 0.048689138 0.111111112 0.111111112 0.138211384 0.064638786 0.072847679 0.041095890 0.025641026 0.119999997
0.127906978 0.101851851 0.020202020 0.188284516 0.118181817 0.084905662 0.084905662 0.089201875 0.053658538 0.156521738 0.181434602 0.160173163 0.118181817 0.097674422 0.067307696 0.031914894 0.039603960 0.170940176 0.133928567 0.181434602 0.000000000 0.105990782 0.021052632 0.062801935 0.152838424 0.133928567 0.071770333 0.071770333 0.044334974 0.118181817 0.250965238 0.220883533 0.156521738 0.062801935
0.230769232 0.004184100 0.085972853 0.083969466 0.012345679 0.021276595 0.021276595 0.016949153 0.052631579 0.051383398 0.076923080 0.055118110 0.012345679 0.008403362 0.038961038 0.137440756 0.066666670 0.066147856 0.028340081 0.076923080 0.105990782 0.000000000 0.126760557 0.043478262 0.047619049 0.028340081 0.034482758 0.034482758 0.061946902 0.012345679 0.148936167 0.117647059 0.051383398 0.043478262
0.107142858 0.122641511 0.041237112 0.208510637 0.138888896 0.105769232 0.105769232 0.110047847 0.074626863 0.176991150 0.201716736 0.180616736 0.138888896 0.118483409 0.088235296 0.010869565 0.060606062 0.191304341 0.154545456 0.201716736 0.021052632 0.126760557 0.000000000 0.083743840 0.173333332 0.154545456 0.092682928 0.092682928 0.065326631 0.138888896 0.270588249 0.240816325 0.176991150 0.083743840
0.189189196 0.039301310 0.042654030 0.126984134 0.055793993 0.022222223 0.022222223 0.026548672 0.009174312 0.094650209 0.119999997 0.098360658 0.055793993 0.035087720 0.004524887 0.094527364 0.023255814 0.109311745 0.071729958 0.119999997 0.062801935 0.043478262 0.083743840 0.000000000 0.090909094 0.071729958 0.009009009 0.009009009 0.018518519 0.055793993 0.191176474 0.160305336 0.094650209 0.000000000
0.275362313 0.051792830 0.133047208 0.036496349 0.035294119 0.068825908 0.068825908 0.064516127 0.100000001 0.003773585 0.029411765 0.007518797 0.035294119 0.056000002 0.086419754 0.183856502 0.113924049 0.018587360 0.019305019 0.029411765 0.152838424 0.047619049 0.173333332 0.090909094 0.000000000 0.019305019 0.081967212 0.081967212 0.109243698 0.035294119 0.102040820 0.070422538 0.003773585 0.090909094
0.257425755 0.032520324 0.114035085 0.055762082 0.016000001 0.049586777 0.049586777 0.045267489 0.080851063 0.023076924 0.048689138 0.026819924 0.016000001 0.036734693 0.067226894 0.165137619 0.094827585 0.037878789 0.000000000 0.048689138 0.133928567 0.028340081 0.154545456 0.071729958 0.019305019 0.000000000 0.062761508 0.062761508 0.090128757 0.016000001 0.121107265 0.089605734 0.023076924 0.071729958
0.197860956 0.030303031 0.051643193 0.118110240 0.046808511 0.013215859 0.013215859 0.017543860 0.018181818 0.085714288 0.111111112 0.089430891 0.046808511 0.026086956 0.004484305 0.103448279 0.032258064 0.100401610 0.062761508 0.111111112 0.071770333 0.034482758 0.092682928 0.009009009 0.081967212 0.062761508 0.000000000 0.000000000 0.027522936 0.046808511 0.182481751 0.151515156 0.085714288 0.009009009
0.197860956 0.030303031 0.051643193 0.118110240 0.046808511 0.013215859 0.013215859 0.017543860 0.018181818 0.085714288 0.111111112 0.089430891 0.046808511 0.026086956 0.004484305 0.103448279 0.032258064 0.100401610 0.062761508 0.111111112 0.071770333 0.034482758 0.092682928 0.009009009 0.081967212 0.062761508 0.000000000 0.000000000 0.027522936 0.046808511 0.182481751 0.151515156 0.085714288 0.009009009
0.171270713 0.057777777 0.024154589 0.145161286 0.074235804 0.040723983 0.040723983 0.045045044 0.009345794 0.112970710 0.138211384 0.116666667 0.074235804 0.053571429 0.023041476 0.076142132 0.004739337 0.127572015 0.090128757 0.138211384 0.044334974 0.061946902 0.065326631 0.018518519 0.109243698 0.090128757 0.027522936 0.027522936 0.000000000 0.074235804 0.208955228 0.178294569 0.112970710 0.018518519
0.242424250 0.016528925 0.098214284 0.071698114 0.000000000 0.033613447 0.033613447 0.029288704 0.064935066 0.039062500 0.064638786 0.042801555 0.000000000 0.020746889 0.051282052 0.149532706 0.078947365 0.053846154 0.016000001 0.064638786 0.118181817 0.012345679 0.138888896 0.055793993 0.035294119 0.016000001 0.046808511 0.046808511 0.074235804 0.000000000 0.136842102 0.105454542 0.039062500 0.055793993
0.367088616 0.153024912 0.231939167 0.065789476 0.136842102 0.169675097 0.169675097 0.165467620 0.200000003 0.098305084 0.072847679 0.094594598 0.136842102 0.157142863 0.186813191 0.280632406 0.213483140 0.083612040 0.121107265 0.072847679 0.250965238 0.148936167 0.270588249 0.191176474 0.102040820 0.121107265 0.182481751 0.182481751 0.208955228 0.136842102 0.000000000 0.031847134 0.098305084 0.191176474
0.339207053 0.121771216 0.201581031 0.034013607 0.105454542 0.138576776 0.138576776 0.134328365 0.169230774 0.066666670 0.041095890 0.062937066 0.105454542 0.125925928 0.155893534 0.251028806 0.182879373 0.051903114 0.089605734 0.041095890 0.220883533 0.117647059 0.240816325 0.160305336 0.070422538 0.089605734 0.151515156 0.151515156 0.178294569 0.105454542 0.031847134 0.000000000 0.066666670 0.160305336
0.278846145 0.055555556 0.136752144 0.032727271 0.039062500 0.072580643 0.072580643 0.068273090 0.103734441 0.000000000 0.025641026 0.003745318 0.039062500 0.059760958 0.090163931 0.187500000 0.117647059 0.014814815 0.023076924 0.025641026 0.156521738 0.051383398 0.176991150 0.094650209 0.003773585 0.023076924 0.085714288 0.085714288 0.112970710 0.039062500 0.098305084 0.066666670 0.000000000 0.094650209
0.189189196 0.039301310 0.042654030 0.126984134 0.055793993 0.022222223 0.022222223 0.026548672 0.009174312 0.094650209 0.119999997 0.098360658 0.055793993 0.035087720 0.004524887 0.094527364 0.023255814 0.109311745 0.071729958 0.119999997 0.062801935 0.043478262 0.083743840 0.000000000 0.090909094 0.071729958 0.009009009 0.009009009 0.018518519 0.055793993 0.191176474 0.160305336 0.094650209 0.000000000
