0.008805735 0.037887461 0.024760546 0.055643171 0.042906091 0.034279197 0.036574230 0.041591913 0.035411377 0.048379473 0.042524878 0.057450183 0.035561692 0.041541882 0.021076472 0.024111694 0.030527759 0.052152932 0.035219230 0.045711983 0.018108819 0.036359914 0.021485239 0.035558950 0.046260387 0.040760718 0.038874976 0.027896009 0.019086141 0.038212284 0.065347329 0.042208854 0.051602349 0.022116661
0.037887461 0.010674834 0.024861813 0.036949567 0.026551303 0.014903879 0.017432062 0.019425353 0.026266430 0.029208578 0.022911401 0.026679538 0.018740619 0.020530447 0.030864324 0.028443553 0.024059869 0.025701473 0.019571856 0.035856843 0.026074443 0.020209156 0.030474097 0.019799802 0.018785749 0.027359696 0.024124259 0.019654181 0.020280112 0.023831202 0.045172393 0.023124991 0.025942363 0.023941202
0.024760546 0.024861813 -0.000959381 0.040501378 0.019130718 0.013722161 0.013362262 0.019872788 0.016761225 0.032649145 0.023300672 0.041447721 0.018563297 0.018810751 0.016225843 0.013098806 0.015054282 0.030551476 0.014884623 0.025717197 0.003606820 0.016686190 0.012223793 0.014384371 0.027094163 0.025421329 0.019385882 0.008760754 0.009959701 0.018086094 0.044448782 0.024302226 0.023886440 0.008109275
0.055643171 0.036949567 0.040501378 0.017423406 0.033671461 0.028922368 0.029393476 0.030412296 0.037000209 0.023658840 0.020106670 0.022678453 0.023788167 0.034083664 0.053975783 0.053991660 0.036077112 0.024672914 0.031464055 0.023298558 0.033829153 0.023052840 0.049219251 0.025487462 0.031910580 0.016486473 0.035397641 0.029662713 0.035308089 0.033892125 0.041779775 0.011556540 0.042099673 0.038246095
0.042906091 0.026551303 0.019130718 0.033671461 -0.002454467 0.020690609 0.011706922 0.019391662 0.020744219 0.024446392 0.017704898 0.022824034 0.012435329 0.016068408 0.040006626 0.027848557 0.017938092 0.039322101 0.019204659 0.016911682 0.020079207 0.013597578 0.032164883 0.011227226 0.026200296 0.016133878 0.014047680 0.018541794 0.024257945 0.021205550 0.057732515 0.021242842 0.030309634 0.031443305
0.034279197 0.014903879 0.013722161 0.028922368 0.020690609 0.006328509 0.007640755 0.012177827 0.009229852 0.022903426 0.017354175 0.024658121 0.014047341 0.012633068 0.030303484 0.018546188 0.013879556 0.025480188 0.012032991 0.018685790 0.010630243 0.012558091 0.025223581 0.010276557 0.020764641 0.019041352 0.013841765 0.005740429 0.017741989 0.013898756 0.042189375 0.025454285 0.024756318 0.019811232
0.036574230 0.017432062 0.013362262 0.029393476 0.011706922 0.007640755 -0.004310011 0.007258826 0.012263347 0.019706957 0.002441384 0.020702485 0.010424387 0.005601116 0.027056603 0.022124946 0.012265699 0.020375712 0.007944766 0.015444844 0.012881120 0.004800149 0.023389857 0.001086327 0.015000176 0.007567335 0.006196498 0.005411312 0.017510839 0.010494507 0.038913663 0.014142228 0.018757455 0.018408133
0.041591913 0.019425353 0.019872788 0.030412296 0.019391662 0.012177827 0.007258826 0.005498273 0.014236066 0.021883599 0.012549033 0.028502773 0.009518589 0.015182020 0.032986064 0.029107101 0.018207256 0.022607464 0.014747187 0.021532066 0.017206907 0.011716474 0.029568061 0.009309046 0.016448747 0.011583662 0.018734653 0.009863651 0.020304810 0.013132598 0.043673895 0.017465096 0.021869263 0.021611731
0.035411377 0.026266430 0.016761225 0.037000209 0.020744219 0.009229852 0.012263347 0.014236066 0.009287328 0.027659917 0.019113710 0.032396562 0.015248833 0.016149018 0.026318235 0.024001777 0.018480672 0.023467995 0.018429346 0.029076669 0.014913268 0.015927140 0.023698401 0.011815103 0.021215023 0.021275926 0.023357451 0.011014882 0.017486982 0.016930591 0.047181088 0.020525148 0.014595395 0.011602718
0.048379473 0.029208578 0.032649145 0.023658840 0.024446392 0.022903426 0.019706957 0.021883599 0.027659917 0.011460025 0.012190109 0.018295970 0.017475862 0.023510830 0.045480959 0.044327669 0.029363869 0.018192446 0.023529982 0.019796703 0.026994240 0.016268265 0.040873945 0.018243223 0.025314603 0.009321539 0.026976200 0.021195486 0.030423012 0.024950549 0.039167397 0.006370915 0.028861852 0.034040265
0.042524878 0.022911401 0.023300672 0.020106670 0.017704898 0.017354175 0.002441384 0.012549033 0.019113710 0.012190109 0.000502407 0.013046628 0.011318164 0.014143968 0.034321457 0.032245584 0.020178141 0.013822768 0.016831644 0.017017519 0.019988157 0.010764284 0.031251159 0.012940299 0.015340144 0.008637688 0.016649049 0.015017560 0.027138231 0.017018339 0.034177206 0.009019183 0.018015416 0.027949167
0.057450183 0.026679538 0.041447721 0.022678453 0.022824034 0.024658121 0.020702485 0.028502773 0.032396562 0.018295970 0.013046628 0.013444283 0.015811851 0.025151236 0.054165117 0.049635991 0.032304421 0.025200533 0.025187287 0.020677080 0.032078743 0.015137903 0.046997350 0.017038839 0.026936654 0.010181918 0.027048895 0.026532680 0.030893806 0.029397145 0.050525110 0.009215396 0.031212596 0.039987236
0.035561692 0.018740619 0.018563297 0.023788167 0.012435329 0.014047341 0.010424387 0.009518589 0.015248833 0.017475862 0.011318164 0.015811851 0.001485378 0.010983050 0.028399242 0.026890498 0.016892459 0.020511802 0.016636679 0.015630752 0.018406786 0.014577619 0.026012126 0.011576027 0.017726339 0.016543988 0.011998822 0.011937546 0.020079069 0.015127796 0.038316343 0.014983965 0.016468666 0.022532750
0.041541882 0.020530447 0.018810751 0.034083664 0.016068408 0.012633068 0.005601116 0.015182020 0.016149018 0.023510830 0.014143968 0.025151236 0.010983050 0.009183532 0.033532370 0.025768749 0.014987135 0.027185168 0.013876947 0.018650733 0.015926171 0.013067199 0.026769856 0.010013414 0.020579722 0.016375778 0.013127190 0.011732854 0.021183655 0.016320854 0.049738612 0.024262793 0.029799806 0.023571186
0.021076472 0.030864324 0.016225843 0.053975783 0.040006626 0.030303484 0.027056603 0.032986064 0.026318235 0.045480959 0.034321457 0.054165117 0.028399242 0.033532370 0.007959684 0.020153824 0.022575658 0.046676740 0.026746284 0.039338358 0.017006032 0.027531020 0.019383784 0.027467104 0.040923901 0.031258419 0.032578137 0.021127716 0.020309631 0.028341044 0.055721499 0.045956783 0.045909226 0.022622585
0.024111694 0.028443553 0.013098806 0.053991660 0.027848557 0.018546188 0.022124946 0.029107101 0.024001777 0.044327669 0.032245584 0.049635991 0.026890498 0.025768749 0.020153824 0.002789500 0.018038727 0.042634454 0.023362121 0.034880009 0.008349494 0.024316713 0.012396106 0.022515142 0.035267100 0.034003735 0.026891381 0.019241676 0.007094880 0.027101506 0.052256323 0.034965165 0.035991982 0.011836982
0.030527759 0.024059869 0.015054282 0.036077112 0.017938092 0.013879556 0.012265699 0.018207256 0.018480672 0.029363869 0.020178141 0.032304421 0.016892459 0.014987135 0.022575658 0.018038727 0.003734918 0.029598709 0.012702173 0.022544108 0.010952983 0.015203747 0.016513130 0.012368352 0.023717258 0.023799453 0.014420486 0.012946779 0.013618619 0.018929578 0.042462237 0.025251910 0.030741163 0.014071346
0.052152932 0.025701473 0.030551476 0.024672914 0.039322101 0.025480188 0.020375712 0.022607464 0.023467995 0.018192446 0.013822768 0.025200533 0.020511802 0.027185168 0.046676740 0.042634454 0.029598709 0.006776024 0.023091994 0.031252541 0.028236160 0.017190799 0.040837884 0.024164476 0.018669717 0.012130688 0.028327655 0.020668142 0.034159228 0.024571154 0.031176807 0.015529339 0.034123220 0.033127081
0.035219230 0.019571856 0.014884623 0.031464055 0.019204659 0.012032991 0.007944766 0.014747187 0.018429346 0.023529982 0.016831644 0.025187287 0.016636679 0.013876947 0.026746284 0.023362121 0.012702173 0.023091994 0.000400623 0.020882368 0.015389860 0.011685812 0.021066472 0.012404697 0.019860420 0.019444183 0.016140576 0.011742345 0.017031554 0.017564651 0.040796842 0.021165814 0.025916651 0.016059406
0.045711983 0.035856843 0.025717197 0.023298558 0.016911682 0.018685790 0.015444844 0.021532066 0.029076669 0.019796703 0.017017519 0.020677080 0.015630752 0.018650733 0.039338358 0.034880009 0.022544108 0.031252541 0.020882368 0.000569173 0.015425540 0.017023169 0.035993844 0.016293742 0.028486351 0.018261194 0.021397762 0.015067740 0.024067376 0.026595140 0.049149666 0.011248578 0.031946484 0.031699188
0.018108819 0.026074443 0.003606820 0.033829153 0.020079207 0.010630243 0.012881120 0.017206907 0.014913268 0.026994240 0.019988157 0.032078743 0.018406786 0.015926171 0.017006032 0.008349494 0.010952983 0.028236160 0.015389860 0.015425540 -0.004858219 0.014516055 0.009166118 0.012635676 0.031995595 0.023512278 0.014149312 0.005909358 0.009228749 0.017536325 0.038062464 0.024230186 0.023061672 0.011206031
0.036359914 0.020209156 0.016686190 0.023052840 0.013597578 0.012558091 0.004800149 0.011716474 0.015927140 0.016268265 0.010764284 0.015137903 0.014577619 0.013067199 0.027531020 0.024316713 0.015203747 0.017190799 0.011685812 0.017023169 0.014516055 -0.001225533 0.023629572 0.009414967 0.015897322 0.014484802 0.010759958 0.008664248 0.020386305 0.015537743 0.033051930 0.015171106 0.016409371 0.021190817
0.021485239 0.030474097 0.012223793 0.049219251 0.032164883 0.025223581 0.023389857 0.029568061 0.023698401 0.040873945 0.031251159 0.046997350 0.026012126 0.026769856 0.019383784 0.012396106 0.016513130 0.040837884 0.021066472 0.035993844 0.009166118 0.023629572 0.003355434 0.024074925 0.035408773 0.030609190 0.025295863 0.019572154 0.012885091 0.026844349 0.048583258 0.040908743 0.036335096 0.017364703
0.035558950 0.019799802 0.014384371 0.025487462 0.011227226 0.010276557 0.001086327 0.009309046 0.011815103 0.018243223 0.012940299 0.017038839 0.011576027 0.010013414 0.027467104 0.022515142 0.012368352 0.024164476 0.012404697 0.016293742 0.012635676 0.009414967 0.024074925 -0.001963224 0.020553691 0.017518301 0.006486104 0.007171459 0.018235644 0.012090241 0.040156309 0.020559851 0.016403211 0.020642657
0.046260387 0.018785749 0.027094163 0.031910580 0.026200296 0.020764641 0.015000176 0.016448747 0.021215023 0.025314603 0.015340144 0.026936654 0.017726339 0.020579722 0.040923901 0.035267100 0.023717258 0.018669717 0.019860420 0.028486351 0.031995595 0.015897322 0.035408773 0.020553691 -0.016922776 0.014704662 0.024106372 0.019224577 0.026509071 0.021007638 0.030479686 0.019782485 0.027770655 0.028718058
0.040760718 0.027359696 0.025421329 0.016486473 0.016133878 0.019041352 0.007567335 0.011583662 0.021275926 0.009321539 0.008637688 0.010181918 0.016543988 0.016375778 0.031258419 0.034003735 0.023799453 0.012130688 0.019444183 0.018261194 0.023512278 0.014484802 0.030609190 0.017518301 0.014704662 -0.000234026 0.017352909 0.017797545 0.029809851 0.017980490 0.032508496 0.009062327 0.013753101 0.028258728
0.038874976 0.024124259 0.019385882 0.035397641 0.014047680 0.013841765 0.006196498 0.018734653 0.023357451 0.026976200 0.016649049 0.027048895 0.011998822 0.013127190 0.032578137 0.026891381 0.014420486 0.028327655 0.016140576 0.021397762 0.014149312 0.010759958 0.025295863 0.006486104 0.024106372 0.017352909 0.007449754 0.010310568 0.019274447 0.020757725 0.047346637 0.018879103 0.027631951 0.019292913
0.027896009 0.019654181 0.008760754 0.029662713 0.018541794 0.005740429 0.005411312 0.009863651 0.011014882 0.021195486 0.015017560 0.026532680 0.011937546 0.011732854 0.021127716 0.019241676 0.012946779 0.020668142 0.011742345 0.015067740 0.005909358 0.008664248 0.019572154 0.007171459 0.019224577 0.017797545 0.010310568 -0.003870044 0.012118641 0.009559369 0.034017399 0.017946823 0.019664815 0.009901222
0.019086141 0.020280112 0.009959701 0.035308089 0.024257945 0.017741989 0.017510839 0.020304810 0.017486982 0.030423012 0.027138231 0.030893806 0.020079069 0.021183655 0.020309631 0.007094880 0.013618619 0.034159228 0.017031554 0.024067376 0.009228749 0.020386305 0.012885091 0.018235644 0.026509071 0.029809851 0.019274447 0.012118641 0.006682068 0.019891847 0.040133368 0.035959955 0.025755551 0.012892224
0.038212284 0.023831202 0.018086094 0.033892125 0.021205550 0.013898756 0.010494507 0.013132598 0.016930591 0.024950549 0.017018339 0.029397145 0.015127796 0.016320854 0.028341044 0.027101506 0.018929578 0.024571154 0.017564651 0.026595140 0.017536325 0.015537743 0.026844349 0.012090241 0.021007638 0.017980490 0.020757725 0.009559369 0.019891847 0.009484623 0.044613458 0.017448554 0.022469051 0.017409006
0.065347329 0.045172393 0.044448782 0.041779775 0.057732515 0.042189375 0.038913663 0.043673895 0.047181088 0.039167397 0.034177206 0.050525110 0.038316343 0.049738612 0.055721499 0.052256323 0.042462237 0.031176807 0.040796842 0.049149666 0.038062464 0.033051930 0.048583258 0.040156309 0.030479686 0.032508496 0.047346637 0.034017399 0.040133368 0.044613458 -0.015392687 0.028299114 0.061577924 0.039222397
0.042208854 0.023124991 0.024302226 0.011556540 0.021242842 0.025454285 0.014142228 0.017465096 0.020525148 0.006370915 0.009019183 0.009215396 0.014983965 0.024262793 0.045956783 0.034965165 0.025251910 0.015529339 0.021165814 0.011248578 0.024230186 0.015171106 0.040908743 0.020559851 0.019782485 0.009062327 0.018879103 0.017946823 0.035959955 0.017448554 0.028299114 0.002597252 0.023915537 0.038916081
0.051602349 0.025942363 0.023886440 0.042099673 0.030309634 0.024756318 0.018757455 0.021869263 0.014595395 0.028861852 0.018015416 0.031212596 0.016468666 0.029799806 0.045909226 0.035991982 0.030741163 0.034123220 0.025916651 0.031946484 0.023061672 0.016409371 0.036335096 0.016403211 0.027770655 0.013753101 0.027631951 0.019664815 0.025755551 0.022469051 0.061577924 0.023915537 0.005880352 0.030612690
0.022116661 0.023941202 0.008109275 0.038246095 0.031443305 0.019811232 0.018408133 0.021611731 0.011602718 0.034040265 0.027949167 0.039987236 0.022532750 0.023571186 0.022622585 0.011836982 0.014071346 0.033127081 0.016059406 0.031699188 0.011206031 0.021190817 0.017364703 0.020642657 0.028718058 0.028258728 0.019292913 0.009901222 0.012892224 0.017409006 0.039222397 0.038916081 0.030612690 0.010391608
