0.020653069 0.046777770 0.037195541 0.062144235 0.042664304 0.038186111 0.044730514 0.045807853 0.045163848 0.054203182 0.050384454 0.057335611 0.039286181 0.042431869 0.026022814 0.038130134 0.033383213 0.062188134 0.041586481 0.053078871 0.033498760 0.042909868 0.026794072 0.043298777 0.049315378 0.054473162 0.044330038 0.039419718 0.027090285 0.043894865 0.071210891 0.054362837 0.051997043 0.033877745
0.046777770 0.002136000 0.023206878 0.029581072 0.021523960 0.019084785 0.012792116 0.017602196 0.018592685 0.021092948 0.018028572 0.024009265 0.017140806 0.017148390 0.033547938 0.026505981 0.020975381 0.022283232 0.015469301 0.031390846 0.030166775 0.017111205 0.027455997 0.016206503 0.012958066 0.019883074 0.015893376 0.018002374 0.025528688 0.013620244 0.043514781 0.027284084 0.026245598 0.034194186
0.037195541 0.023206878 0.006862368 0.038713194 0.020992525 0.018747590 0.016192682 0.022562912 0.017451016 0.031586014 0.026165064 0.034111090 0.020121861 0.020176051 0.026306793 0.021173052 0.016906422 0.037067376 0.016639050 0.027159085 0.014283555 0.019843360 0.017947886 0.016641270 0.027262505 0.029783543 0.020067623 0.014733540 0.016474152 0.018997598 0.050632037 0.033585597 0.027057752 0.019789252
0.062144235 0.029581072 0.038713194 0.003786417 0.025407642 0.031048417 0.026629034 0.024559326 0.028820921 0.011743903 0.017051747 0.011452580 0.022777390 0.029448593 0.049208909 0.050113186 0.032658204 0.018694930 0.028342439 0.025292210 0.040969282 0.023251615 0.042870898 0.027169095 0.021234881 0.016252859 0.029463395 0.029407490 0.039285921 0.024026731 0.033025458 0.015418700 0.032536164 0.044813894
0.042664304 0.021523960 0.020992525 0.025407642 -0.000784899 0.016913230 0.012694231 0.013169756 0.018905910 0.018848155 0.017367985 0.022987939 0.015173587 0.016148914 0.031784814 0.028003210 0.017279293 0.029837590 0.018790845 0.016570870 0.022499073 0.016164254 0.024933260 0.015946602 0.017154556 0.016436607 0.019807974 0.017930597 0.022337487 0.013924952 0.051621225 0.020340979 0.021184206 0.025967833
0.038186111 0.019084785 0.018747590 0.031048417 0.016913230 0.007353602 0.008316804 0.012771681 0.013566114 0.024229221 0.017915593 0.026575256 0.014228160 0.011374045 0.028232681 0.024036786 0.012900840 0.027232649 0.013597998 0.022304986 0.018843111 0.013605691 0.020268980 0.011929961 0.018499978 0.020174399 0.014095834 0.011521148 0.018541111 0.012194591 0.043147102 0.026582852 0.023507327 0.021328492
0.044730514 0.012792116 0.016192682 0.026629034 0.012694231 0.008316804 -0.004963746 0.006136767 0.009725911 0.017311843 0.002118604 0.020593023 0.008662729 0.005603759 0.030795241 0.024543162 0.011532863 0.021213802 0.006453548 0.014632208 0.017367180 0.004940444 0.024523728 0.001035755 0.010481084 0.003936491 0.007729234 0.006616877 0.018981779 0.005925786 0.042398371 0.014443014 0.020042868 0.019571055
0.045807853 0.017602196 0.022562912 0.024559326 0.013169756 0.012771681 0.006136767 0.005005701 0.013332656 0.016758339 0.011806424 0.020012163 0.010729689 0.011928786 0.031111615 0.030493196 0.016932499 0.022441095 0.013860331 0.019951899 0.021504160 0.011529940 0.025833473 0.009452312 0.015279782 0.012687154 0.013970500 0.011811215 0.023064554 0.009296327 0.041848332 0.018929541 0.016385751 0.025512518
0.045163848 0.018592685 0.017451016 0.028820921 0.018905910 0.013566114 0.009725911 0.013332656 0.002747625 0.021067282 0.016597360 0.023316087 0.015466592 0.013766700 0.030905614 0.025472453 0.016695213 0.022888381 0.016001813 0.023787223 0.019873822 0.014056919 0.023838272 0.009481679 0.018019710 0.017786354 0.015546685 0.011725879 0.023291618 0.010173355 0.045934297 0.026999040 0.016912729 0.029534087
0.054203182 0.021092948 0.031586014 0.011743903 0.018848155 0.024229221 0.017311843 0.016758339 0.021067282 0.001743158 0.009871762 0.005801092 0.016395230 0.020764347 0.042661395 0.041731719 0.026515272 0.013928372 0.020826099 0.018289911 0.032299951 0.016369961 0.036088798 0.018892184 0.013773060 0.008958216 0.022100069 0.020437047 0.033493906 0.017071528 0.032089293 0.009504430 0.021954080 0.037355587
0.050384454 0.018028572 0.026165064 0.017051747 0.017367985 0.017915593 0.002118604 0.011806424 0.016597360 0.009871762 0.000417204 0.011826518 0.011584599 0.014076424 0.040797397 0.035239231 0.019526947 0.015568816 0.015540989 0.015266561 0.027346428 0.010716828 0.033601221 0.012657433 0.011594298 0.005629941 0.017184701 0.016292835 0.029686417 0.013361516 0.036524560 0.010311916 0.018822301 0.032003045
0.057335611 0.024009265 0.034111090 0.011452580 0.022987939 0.026575256 0.020593023 0.020012163 0.023316087 0.005801092 0.011826518 0.001698974 0.019057829 0.024088122 0.044494271 0.044223964 0.030415475 0.014593442 0.024679743 0.020873321 0.034944631 0.018638805 0.038193986 0.021610724 0.016077057 0.010630861 0.024388362 0.024467172 0.037425812 0.018583452 0.033978965 0.013646876 0.022901114 0.040836878
0.039286181 0.017140806 0.020121861 0.022777390 0.015173587 0.014228160 0.008662729 0.010729689 0.015466592 0.016395230 0.011584599 0.019057829 0.001568870 0.012918076 0.030107256 0.025990264 0.016669620 0.021817811 0.014587354 0.015157843 0.021801049 0.013933383 0.022989046 0.011087165 0.015232719 0.012670983 0.015821584 0.013099680 0.023448436 0.011504509 0.042197127 0.018405836 0.016422549 0.024193102
0.042431869 0.017148390 0.020176051 0.029448593 0.016148914 0.011374045 0.005603759 0.011928786 0.013766700 0.020764347 0.014076424 0.024088122 0.012918076 0.006543057 0.030173618 0.027078152 0.013663214 0.025034694 0.012976932 0.015710216 0.018273188 0.013827702 0.022711579 0.011802245 0.016938865 0.016111974 0.015305303 0.011435955 0.019004542 0.011727676 0.047133703 0.022304017 0.023448583 0.020267349
0.026022814 0.033547938 0.026306793 0.049208909 0.031784814 0.028232681 0.030795241 0.031111615 0.030905614 0.042661395 0.040797397 0.044494271 0.030107256 0.030173618 0.005247810 0.028311606 0.022237319 0.053469971 0.029708875 0.034657866 0.023483999 0.031309612 0.021088410 0.031534024 0.038761664 0.042010013 0.034374304 0.025637165 0.018760333 0.032414548 0.057474855 0.040981106 0.037747353 0.021359343
0.038130134 0.026505981 0.021173052 0.050113186 0.028003210 0.024036786 0.024543162 0.030493196 0.025472453 0.041731719 0.035239231 0.044223964 0.025990264 0.027078152 0.028311606 0.009026846 0.019514197 0.049221240 0.025208682 0.036024079 0.018037921 0.027290383 0.017401906 0.024437897 0.033932928 0.036607072 0.026890283 0.023246642 0.013207320 0.028120758 0.058226537 0.043893669 0.036775887 0.022297468
0.033383213 0.020975381 0.016906422 0.032658204 0.017279293 0.012900840 0.011532863 0.016932499 0.016695213 0.026515272 0.019526947 0.030415475 0.016669620 0.013663214 0.022237319 0.019514197 0.002900200 0.028921105 0.011777260 0.020415671 0.013584037 0.015215589 0.014455445 0.012719730 0.020795958 0.022008583 0.014495658 0.013702363 0.014180173 0.014849343 0.041947059 0.025800046 0.027809478 0.015213134
0.062188134 0.022283232 0.037067376 0.018694930 0.029837590 0.027232649 0.021213802 0.022441095 0.022888381 0.013928372 0.015568816 0.014593442 0.021817811 0.025034694 0.053469971 0.049221240 0.028921105 0.010759216 0.022978522 0.027792627 0.037643209 0.018450808 0.044232167 0.024490174 0.016910477 0.017302096 0.026135322 0.023864690 0.039886616 0.023054380 0.030995417 0.021136476 0.032982491 0.044508129
0.041586481 0.015469301 0.016639050 0.028342439 0.018790845 0.013597998 0.006453548 0.013860331 0.016001813 0.020826099 0.015540989 0.024679743 0.014587354 0.012976932 0.029708875 0.025208682 0.011777260 0.022978522 0.000185489 0.018552940 0.018552575 0.011636140 0.021156687 0.011785405 0.016949266 0.015579263 0.013069071 0.011882816 0.019475058 0.012481136 0.041266501 0.021975257 0.025955629 0.019914418
0.053078871 0.031390846 0.027159085 0.025292210 0.016570870 0.022304986 0.014632208 0.019951899 0.023787223 0.018289911 0.015266561 0.020873321 0.015157843 0.015710216 0.034657866 0.036024079 0.020415671 0.027792627 0.018552940 0.009689876 0.027427964 0.017318446 0.028474499 0.016368836 0.019809309 0.018790074 0.024090409 0.018237539 0.026420915 0.016692229 0.048690889 0.015895294 0.030497488 0.034570657
0.033498760 0.030166775 0.014283555 0.040969282 0.022499073 0.018843111 0.017367180 0.021504160 0.019873822 0.032299951 0.027346428 0.034944631 0.021801049 0.018273188 0.023483999 0.018037921 0.013584037 0.037643209 0.018552575 0.027427964 0.006662467 0.020077948 0.013588861 0.017170422 0.030625934 0.030589007 0.021627441 0.015930638 0.013121054 0.019521561 0.050777540 0.031084199 0.029836401 0.017824896
0.042909868 0.017111205 0.019843360 0.023251615 0.016164254 0.013605691 0.004940444 0.011529940 0.014056919 0.016369961 0.010716828 0.018638805 0.013933383 0.013827702 0.031309612 0.027290383 0.015215589 0.018450808 0.011636140 0.017318446 0.020077948 -0.001018245 0.024278393 0.010313842 0.012588140 0.010747766 0.013201760 0.010991463 0.022541119 0.011333624 0.036127780 0.017224986 0.018330583 0.022631269
0.026794072 0.027455997 0.017947886 0.042870898 0.024933260 0.020268980 0.024523728 0.025833473 0.023838272 0.036088798 0.033601221 0.038193986 0.022989046 0.022711579 0.021088410 0.017401906 0.014455445 0.044232167 0.021156687 0.028474499 0.013588861 0.024278393 0.006207047 0.024887534 0.030341174 0.034716502 0.026472881 0.021441584 0.011394118 0.025722055 0.050723154 0.034505744 0.031174531 0.016056119
0.043298777 0.016206503 0.016641270 0.027169095 0.015946602 0.011929961 0.001035755 0.009452312 0.009481679 0.018892184 0.012657433 0.021610724 0.011087165 0.011802245 0.031534024 0.024437897 0.012719730 0.024490174 0.011785405 0.016368836 0.017170422 0.010313842 0.024887534 -0.001904282 0.015262717 0.012917565 0.009831019 0.008514690 0.019856079 0.007390987 0.045778565 0.021052020 0.018548332 0.021321135
0.049315378 0.012958066 0.027262505 0.021234881 0.017154556 0.018499978 0.010481084 0.015279782 0.018019710 0.013773060 0.011594298 0.016077057 0.015232719 0.016938865 0.038761664 0.033932928 0.020795958 0.016910477 0.016949266 0.019809309 0.030625934 0.012588140 0.030341174 0.015262717 -0.015484013 0.012955309 0.017579060 0.016008027 0.027138270 0.014510046 0.029291108 0.019731928 0.021658514 0.031194787
0.054473162 0.019883074 0.029783543 0.016252859 0.016436607 0.020174399 0.003936491 0.012687154 0.017786354 0.008958216 0.005629941 0.010630861 0.012670983 0.016111974 0.042010013 0.036607072 0.022008583 0.017302096 0.015579263 0.018790074 0.030589007 0.010747766 0.034716502 0.012917565 0.012955309 -0.000544504 0.018938804 0.018571505 0.029873664 0.013180569 0.040894296 0.010069350 0.020402959 0.033945065
0.044330038 0.015893376 0.020067623 0.029463395 0.019807974 0.014095834 0.007729234 0.013970500 0.015546685 0.022100069 0.017184701 0.024388362 0.015821584 0.015305303 0.034374304 0.026890283 0.014495658 0.026135322 0.013069071 0.024090409 0.021627441 0.013201760 0.026472881 0.009831019 0.017579060 0.018938804 0.008836407 0.009567405 0.024372997 0.010347608 0.043971404 0.030433413 0.024701776 0.028896369
0.039419718 0.018002374 0.014733540 0.029407490 0.017930597 0.011521148 0.006616877 0.011811215 0.011725879 0.020437047 0.016292835 0.024467172 0.013099680 0.011435955 0.025637165 0.023246642 0.013702363 0.023864690 0.011882816 0.018237539 0.015930638 0.010991463 0.021441584 0.008514690 0.016008027 0.018571505 0.009567405 0.002104107 0.018565072 0.007987834 0.040430471 0.023028307 0.022441950 0.021842232
0.027090285 0.025528688 0.016474152 0.039285921 0.022337487 0.018541111 0.018981779 0.023064554 0.023291618 0.033493906 0.029686417 0.037425812 0.023448436 0.019004542 0.018760333 0.013207320 0.014180173 0.039886616 0.019475058 0.026420915 0.013121054 0.022541119 0.011394118 0.019856079 0.027138270 0.029873664 0.024372997 0.018565072 0.003928699 0.021654440 0.046743385 0.030462127 0.030375354 0.009956622
0.043894865 0.013620244 0.018997598 0.024026731 0.013924952 0.012194591 0.005925786 0.009296327 0.010173355 0.017071528 0.013361516 0.018583452 0.011504509 0.011727676 0.032414548 0.028120758 0.014849343 0.023054380 0.012481136 0.016692229 0.019521561 0.011333624 0.025722055 0.007390987 0.014510046 0.013180569 0.010347608 0.007987834 0.021654440 0.002283871 0.041441314 0.018759402 0.017689016 0.025276329
0.071210891 0.043514781 0.050632037 0.033025458 0.051621225 0.043147102 0.042398371 0.041848332 0.045934297 0.032089293 0.036524560 0.033978965 0.042197127 0.047133703 0.057474855 0.058226537 0.041947059 0.030995417 0.041266501 0.048690889 0.050777540 0.036127780 0.050723154 0.045778565 0.029291108 0.040894296 0.043971404 0.040430471 0.046743385 0.041441314 -0.017473755 0.037574552 0.052236341 0.054168083
0.054362837 0.027284084 0.033585597 0.015418700 0.020340979 0.026582852 0.014443014 0.018929541 0.026999040 0.009504430 0.010311916 0.013646876 0.018405836 0.022304017 0.040981106 0.043893669 0.025800046 0.021136476 0.021975257 0.015895294 0.031084199 0.017224986 0.034505744 0.021052020 0.019731928 0.010069350 0.030433413 0.023028307 0.030462127 0.018759402 0.037574552 0.003312979 0.025313303 0.037493791
0.051997043 0.026245598 0.027057752 0.032536164 0.021184206 0.023507327 0.020042868 0.016385751 0.016912729 0.021954080 0.018822301 0.022901114 0.016422549 0.023448583 0.037747353 0.036775887 0.027809478 0.032982491 0.025955629 0.030497488 0.029836401 0.018330583 0.031174531 0.018548332 0.021658514 0.020402959 0.024701776 0.022441950 0.030375354 0.017689016 0.052236341 0.025313303 -0.002710335 0.035230771
0.033877745 0.034194186 0.019789252 0.044813894 0.025967833 0.021328492 0.019571055 0.025512518 0.029534087 0.037355587 0.032003045 0.040836878 0.024193102 0.020267349 0.021359343 0.022297468 0.015213134 0.044508129 0.019914418 0.034570657 0.017824896 0.022631269 0.016056119 0.021321135 0.031194787 0.033945065 0.028896369 0.021842232 0.009956622 0.025276329 0.054168083 0.037493791 0.035230771 0.009930305
