0.012633797 0.038791388 0.031791471 0.053306546 0.044621952 0.038084902 0.041734215 0.037886124 0.040358290 0.049013816 0.046223953 0.051464070 0.035568655 0.039313506 0.029879028 0.026490789 0.030575905 0.057491917 0.040523615 0.043052226 0.030772556 0.039342754 0.025742542 0.037373364 0.044220116 0.048649617 0.039490737 0.033993751 0.025390863 0.036186457 0.079088956 0.048152938 0.051732488 0.029469430
0.038791388 0.001899060 0.025372189 0.029101109 0.030594781 0.022436662 0.012889473 0.013856247 0.018912742 0.020795330 0.019466007 0.023759011 0.016191315 0.017238136 0.041088860 0.029098384 0.018472062 0.028106606 0.014225341 0.027609026 0.031086124 0.016818289 0.028030666 0.017548917 0.014838318 0.019170191 0.018018875 0.016795948 0.026777653 0.015414895 0.041676208 0.027385609 0.020365637 0.031807303
0.031791471 0.025372189 0.006814539 0.038489535 0.022900466 0.020083144 0.017270768 0.019937050 0.020253224 0.032923017 0.027176838 0.036473542 0.020467300 0.020085828 0.026552569 0.019272435 0.016691603 0.038613353 0.019368367 0.025282279 0.014795896 0.020356229 0.017023049 0.016817674 0.028633960 0.030780355 0.021687461 0.014219821 0.016424285 0.018286370 0.056342985 0.030679114 0.025248844 0.015836030
0.053306546 0.029101109 0.038489535 0.001382087 0.036353432 0.032473736 0.027967801 0.018011931 0.029276449 0.010315261 0.017560231 0.011902438 0.022324052 0.029490404 0.053551085 0.050558392 0.030357011 0.022302106 0.029543173 0.023080319 0.042094111 0.023654539 0.042460781 0.028657749 0.019502670 0.015834732 0.030752311 0.028337205 0.039979182 0.022679053 0.035880897 0.014318744 0.026064061 0.040438291
0.044621952 0.030594781 0.022900466 0.036353432 -0.002670713 0.019176733 0.012305111 0.018649954 0.023307797 0.025141012 0.019228552 0.027794702 0.015951242 0.017566878 0.028329346 0.030866742 0.018693723 0.046177592 0.021670559 0.018151294 0.020763561 0.016240291 0.024657652 0.013776008 0.024584085 0.017717432 0.023511950 0.019930001 0.019465575 0.020314131 0.062432766 0.017717443 0.028657978 0.024073523
0.038084902 0.022436662 0.020083144 0.032473736 0.019176733 0.011081110 0.008163561 0.014557185 0.017646231 0.025686674 0.018319065 0.027729023 0.015261807 0.013634584 0.031747669 0.023354907 0.014089867 0.031699084 0.016021093 0.019041471 0.019387865 0.013773288 0.019906607 0.011160715 0.022621445 0.019842273 0.015739795 0.011654927 0.018665953 0.015791284 0.048421595 0.025022391 0.026729304 0.019248959
0.041734215 0.012889473 0.017270768 0.027967801 0.012305111 0.008163561 -0.004892262 0.003760642 0.010236563 0.016755518 0.002251873 0.021045040 0.007337959 0.005903987 0.031556457 0.025172869 0.011113523 0.024744267 0.007130114 0.013433769 0.016405890 0.004642634 0.024744293 0.001093887 0.010238843 0.004549886 0.009083508 0.005624097 0.019096252 0.005585501 0.045822442 0.014983710 0.017702639 0.020103944
0.037886124 0.013856247 0.019937050 0.018011931 0.018649954 0.014557185 0.003760642 0.000447386 0.010906604 0.014250805 0.009543892 0.016214909 0.008617809 0.010557849 0.033697620 0.027325928 0.014084598 0.022957869 0.011911903 0.011878246 0.020460436 0.009182360 0.025301084 0.006116973 0.014734035 0.008997696 0.011744557 0.007198291 0.021991953 0.007572838 0.042347871 0.017327949 0.014207571 0.022690898
0.040358290 0.018912742 0.020253224 0.029276449 0.023307797 0.017646231 0.010236563 0.010906604 0.003325954 0.022363856 0.017943919 0.025152978 0.014726741 0.014192429 0.038984172 0.027703684 0.014825593 0.029571023 0.015755445 0.021383619 0.024338778 0.013813065 0.025250915 0.010249878 0.020883447 0.017868916 0.018014999 0.012084659 0.023815973 0.012314687 0.051062889 0.026369954 0.014193701 0.024629781
0.049013816 0.020795330 0.032923017 0.010315261 0.025141012 0.025686674 0.016755518 0.014250805 0.022363856 0.000693403 0.009767740 0.006780835 0.015204198 0.020955354 0.047228478 0.042085063 0.024560008 0.019208893 0.020815412 0.015155623 0.032667063 0.015525576 0.036308400 0.018148610 0.014741320 0.007174917 0.023917617 0.018542584 0.034129005 0.016645424 0.037067227 0.009008716 0.019058075 0.036498725
0.046223953 0.019466007 0.027176838 0.017560231 0.019228552 0.018319065 0.002251873 0.009543892 0.017943919 0.009767740 0.000512759 0.012574176 0.011734440 0.013945656 0.037568569 0.036063947 0.019863570 0.017688060 0.016182490 0.013907226 0.025442088 0.010664722 0.032666620 0.013902620 0.011369577 0.006702710 0.018354882 0.015323957 0.029422726 0.013523419 0.038466755 0.010184089 0.016120873 0.030393561
0.051464070 0.023759011 0.036473542 0.011902438 0.027794702 0.027729023 0.021045040 0.016214909 0.025152978 0.006780835 0.012574176 0.003114893 0.017486420 0.023016311 0.049746536 0.046315491 0.027775383 0.019770119 0.023958290 0.018843444 0.035964198 0.018047106 0.038976535 0.022326961 0.016237985 0.010450554 0.025783738 0.024332758 0.036308579 0.019772094 0.038149059 0.011798457 0.019974895 0.038251448
0.035568655 0.016191315 0.020467300 0.022324052 0.015951242 0.015261807 0.007337959 0.008617809 0.014726741 0.015204198 0.011734440 0.017486420 0.001379422 0.013215607 0.031910568 0.025869744 0.015968345 0.024355829 0.012282548 0.012761923 0.020445053 0.013215884 0.023203367 0.011163021 0.015469030 0.012683284 0.016215190 0.011448547 0.024265222 0.012024002 0.042946920 0.019366698 0.014290003 0.025233515
0.039313506 0.017238136 0.020085828 0.029490404 0.017566878 0.013634584 0.005903987 0.010557849 0.014192429 0.020955354 0.013945656 0.023016311 0.013215607 0.006261203 0.030817503 0.025033832 0.013913186 0.027403975 0.013931446 0.014881570 0.018423809 0.013795476 0.023473669 0.011584323 0.017571978 0.016893882 0.014921989 0.010427500 0.020109957 0.011500878 0.049875561 0.024664428 0.023967920 0.021224074
0.029879028 0.041088860 0.026552569 0.053551085 0.028329346 0.031747669 0.031556457 0.033697620 0.038984172 0.047228478 0.037568569 0.049746536 0.031910568 0.030817503 0.007420134 0.025286295 0.025069896 0.056712240 0.037896238 0.034427550 0.024722477 0.031876896 0.019289508 0.027666308 0.039992493 0.042941418 0.035203800 0.028820081 0.015010856 0.032929838 0.074934497 0.033830997 0.049916416 0.016506482
0.026490789 0.029098384 0.019272435 0.050558392 0.030866742 0.023354907 0.025172869 0.027325928 0.027703684 0.042085063 0.036063947 0.046315491 0.025869744 0.025033832 0.025286295 0.004457918 0.017746132 0.047571119 0.027803244 0.032725543 0.015282355 0.027372103 0.013327123 0.024222868 0.033206269 0.039110739 0.027255163 0.021818718 0.012261814 0.025106724 0.061319500 0.039350446 0.033744119 0.016465466
0.030575905 0.018472062 0.016691603 0.030357011 0.018693723 0.014089867 0.011113523 0.014084598 0.014825593 0.024560008 0.019863570 0.027775383 0.015968345 0.013913186 0.025069896 0.017746132 -0.000853638 0.030968461 0.011045208 0.016538072 0.012702951 0.014543760 0.016004475 0.012301702 0.020907462 0.021222828 0.014161786 0.011336822 0.015029390 0.014369861 0.044076242 0.026092105 0.026267949 0.015874956
0.057491917 0.028106606 0.038613353 0.022302106 0.046177592 0.031699084 0.024744267 0.022957869 0.029571023 0.019208893 0.017688060 0.019770119 0.024355829 0.027403975 0.056712240 0.047571119 0.030968461 0.014376014 0.028316829 0.030374862 0.043716349 0.021151952 0.044310186 0.026996717 0.020834267 0.020006450 0.029928293 0.027283568 0.042197876 0.025089098 0.040642217 0.022464542 0.034618337 0.041746750
0.040523615 0.014225341 0.019368367 0.029543173 0.021670559 0.016021093 0.007130114 0.011911903 0.015755445 0.020815412 0.016182490 0.023958290 0.012282548 0.013931446 0.037896238 0.027803244 0.011045208 0.028316829 0.001894229 0.017790085 0.020543750 0.011549267 0.024395563 0.012042562 0.017819848 0.015939450 0.014679423 0.012199206 0.020835379 0.013721368 0.046433870 0.023798663 0.025254315 0.022601899
0.043052226 0.027609026 0.025282279 0.023080319 0.018151294 0.019041471 0.013433769 0.011878246 0.021383619 0.015155623 0.013907226 0.018843444 0.012761923 0.014881570 0.034427550 0.032725543 0.016538072 0.030374862 0.017790085 0.002220029 0.023051526 0.015748832 0.025963027 0.015388290 0.018430769 0.016008949 0.022786276 0.013491114 0.024026282 0.013239949 0.048499834 0.012491579 0.021438561 0.026659742
0.030772556 0.031086124 0.014795896 0.042094111 0.020763561 0.019387865 0.016405890 0.020460436 0.024338778 0.032667063 0.025442088 0.035964198 0.020445053 0.018423809 0.024722477 0.015282355 0.012702951 0.043716349 0.020543750 0.023051526 0.005517624 0.018991338 0.013014778 0.013685925 0.029855140 0.028500326 0.023178583 0.015216632 0.011385394 0.018931624 0.063462898 0.026823275 0.030816698 0.015640819
0.039342754 0.016818289 0.020356229 0.023654539 0.016240291 0.013773288 0.004642634 0.009182360 0.013813065 0.015525576 0.010664722 0.018047106 0.013215884 0.013795476 0.031876896 0.027372103 0.014543760 0.021151952 0.011549267 0.015748832 0.018991338 -0.001119526 0.024437264 0.010390885 0.011454860 0.011263053 0.013876282 0.009672306 0.022661576 0.011478860 0.037431043 0.017568454 0.015983906 0.023189243
0.025742542 0.028030666 0.017023049 0.042460781 0.024657652 0.019906607 0.024744293 0.025301084 0.025250915 0.036308400 0.032666620 0.038976535 0.023203367 0.023473669 0.019289508 0.013327123 0.016004475 0.044310186 0.024395563 0.025963027 0.013014778 0.024437264 0.005599635 0.023063980 0.029465087 0.034640700 0.027050950 0.020314794 0.011036882 0.023566559 0.058829442 0.031908344 0.033124022 0.015225144
0.037373364 0.017548917 0.016817674 0.028657749 0.013776008 0.011160715 0.001093887 0.006116973 0.010249878 0.018148610 0.013902620 0.022326961 0.011163021 0.011584323 0.027666308 0.024222868 0.012301702 0.026996717 0.012042562 0.015388290 0.013685925 0.010390885 0.023063980 -0.001733046 0.015282498 0.014500717 0.011234265 0.006962723 0.019480668 0.007721228 0.044552729 0.021624902 0.014429735 0.019740645
0.044220116 0.014838318 0.028633960 0.019502670 0.024584085 0.022621445 0.010238843 0.014734035 0.020883447 0.014741320 0.011369577 0.016237985 0.015469030 0.017571978 0.039992493 0.033206269 0.020907462 0.020834267 0.017819848 0.018430769 0.029855140 0.011454860 0.029465087 0.015282498 -0.013218116 0.010298600 0.018075086 0.015400849 0.027494915 0.017451460 0.032152709 0.020104479 0.022193670 0.029854055
0.048649617 0.019170191 0.030780355 0.015834732 0.017717432 0.019842273 0.004549886 0.008997696 0.017868916 0.007174917 0.006702710 0.010450554 0.012683284 0.016893882 0.042941418 0.039110739 0.021222828 0.020006450 0.015939450 0.016008949 0.028500326 0.011263053 0.034640700 0.014500717 0.010298600 -0.000668535 0.019764641 0.016858060 0.031180318 0.012987933 0.042564724 0.010427940 0.015497067 0.034222126
0.039490737 0.018018875 0.021687461 0.030752311 0.023511950 0.015739795 0.009083508 0.011744557 0.018014999 0.023917617 0.018354882 0.025783738 0.016215190 0.014921989 0.035203800 0.027255163 0.014161786 0.029928293 0.014679423 0.022786276 0.023178583 0.013876282 0.027050950 0.011234265 0.018075086 0.019764641 0.010844983 0.009982226 0.024121568 0.012152563 0.045999758 0.027865911 0.023276074 0.025667174
0.033993751 0.016795948 0.014219821 0.028337205 0.019930001 0.011654927 0.005624097 0.007198291 0.012084659 0.018542584 0.015323957 0.024332758 0.011448547 0.010427500 0.028820081 0.021818718 0.011336822 0.027283568 0.012199206 0.013491114 0.015216632 0.009672306 0.020314794 0.006962723 0.015400849 0.016858060 0.009982226 -0.000636548 0.017281551 0.005519887 0.045063268 0.020654114 0.018768787 0.016646935
0.025390863 0.026777653 0.016424285 0.039979182 0.019465575 0.018665953 0.019096252 0.021991953 0.023815973 0.034129005 0.029422726 0.036308579 0.024265222 0.020109957 0.015010856 0.012261814 0.015029390 0.042197876 0.020835379 0.024026282 0.011385394 0.022661576 0.011036882 0.019480668 0.027494915 0.031180318 0.024121568 0.017281551 0.003695298 0.022473073 0.046553135 0.029778412 0.030413959 0.009295646
0.036186457 0.015414895 0.018286370 0.022679053 0.020314131 0.015791284 0.005585501 0.007572838 0.012314687 0.016645424 0.013523419 0.019772094 0.012024002 0.011500878 0.032929838 0.025106724 0.014369861 0.025089098 0.013721368 0.013239949 0.018931624 0.011478860 0.023566559 0.007721228 0.017451460 0.012987933 0.012152563 0.005519887 0.022473073 0.002864284 0.043568205 0.017984370 0.014654489 0.021173917
0.079088956 0.041676208 0.056342985 0.035880897 0.062432766 0.048421595 0.045822442 0.042347871 0.051062889 0.037067227 0.038466755 0.038149059 0.042946920 0.049875561 0.074934497 0.061319500 0.044076242 0.040642217 0.046433870 0.048499834 0.063462898 0.037431043 0.058829442 0.044552729 0.032152709 0.042564724 0.045999758 0.045063268 0.046553135 0.043568205 -0.001778811 0.033462372 0.064534038 0.052262183
0.048152938 0.027385609 0.030679114 0.014318744 0.017717443 0.025022391 0.014983710 0.017327949 0.026369954 0.009008716 0.010184089 0.011798457 0.019366698 0.024664428 0.033830997 0.039350446 0.026092105 0.022464542 0.023798663 0.012491579 0.026823275 0.017568454 0.031908344 0.021624902 0.020104479 0.010427940 0.027865911 0.020654114 0.029778412 0.017984370 0.033462372 0.002925734 0.023440152 0.033177052
0.051732488 0.020365637 0.025248844 0.026064061 0.028657978 0.026729304 0.017702639 0.014207571 0.014193701 0.019058075 0.016120873 0.019974895 0.014290003 0.023967920 0.049916416 0.033744119 0.026267949 0.034618337 0.025254315 0.021438561 0.030816698 0.015983906 0.033124022 0.014429735 0.022193670 0.015497067 0.023276074 0.018768787 0.030413959 0.014654489 0.064534038 0.023440152 -0.001825590 0.033835493
0.029469430 0.031807303 0.015836030 0.040438291 0.024073523 0.019248959 0.020103944 0.022690898 0.024629781 0.036498725 0.030393561 0.038251448 0.025233515 0.021224074 0.016506482 0.016465466 0.015874956 0.041746750 0.022601899 0.026659742 0.015640819 0.023189243 0.015225144 0.019740645 0.029854055 0.034222126 0.025667174 0.016646935 0.009295646 0.021173917 0.052262183 0.033177052 0.033835493 0.005543441
