0.010466370 0.038073644 0.026854137 0.054545730 0.043580346 0.034224760 0.036947332 0.040799126 0.038851153 0.047212083 0.044357240 0.052093394 0.037014332 0.043510817 0.025127554 0.028243490 0.031968214 0.054635897 0.036895007 0.048982613 0.023288677 0.038575534 0.022829752 0.036493998 0.049586780 0.042226285 0.036654525 0.026564900 0.023279257 0.039332680 0.068483062 0.039672960 0.059265148 0.026273465
0.038073644 0.014199298 0.025539722 0.035829950 0.030945245 0.018828502 0.019392621 0.017567689 0.024194887 0.026726326 0.023914032 0.026745575 0.018744487 0.025582317 0.033839118 0.025824474 0.022418436 0.030395089 0.023251735 0.041934721 0.028886179 0.021524642 0.028805451 0.020715171 0.024175644 0.027159236 0.021583330 0.019506881 0.029628776 0.023761550 0.049339026 0.026001856 0.029042350 0.030473446
0.026854137 0.025539722 0.000249445 0.038151637 0.020013802 0.014394052 0.013206808 0.018597800 0.018022332 0.030216333 0.024088714 0.035362028 0.018598855 0.020758413 0.020186815 0.015027840 0.015056287 0.033231057 0.016730098 0.026730854 0.006396860 0.017795596 0.012567023 0.014285697 0.030531362 0.025722703 0.017436881 0.006758388 0.012866832 0.018672563 0.047695711 0.022712860 0.027657580 0.011839105
0.054545730 0.035829950 0.038151637 0.011958564 0.030545216 0.026088931 0.027748534 0.025392462 0.033798672 0.017502815 0.018739400 0.014867455 0.023273751 0.033480331 0.055467568 0.051878326 0.032797970 0.026020963 0.030636597 0.021596985 0.036933236 0.021921476 0.046194561 0.025218682 0.032907195 0.015096426 0.030519338 0.026100852 0.034905814 0.031053670 0.041614722 0.006938989 0.044783488 0.038500339
0.043580346 0.030945245 0.020013802 0.030545216 -0.002543945 0.020434914 0.011788900 0.015815234 0.019786168 0.023158563 0.017389243 0.021834673 0.012567911 0.016969457 0.037345547 0.026784565 0.018721903 0.036720797 0.020259058 0.017298233 0.021482652 0.015414188 0.028895535 0.011383421 0.022812439 0.016296897 0.018919468 0.017017877 0.019366074 0.019450925 0.060091250 0.018557956 0.026003830 0.031010114
0.034224760 0.018828502 0.014394052 0.026088931 0.020434914 0.008013668 0.007279822 0.010325436 0.009624950 0.020262133 0.017074389 0.021694187 0.012537627 0.013783159 0.030804995 0.017918311 0.013045484 0.027339201 0.014212737 0.018927362 0.010938128 0.013173991 0.022240158 0.009563327 0.022416189 0.018136142 0.012359034 0.004061860 0.020156827 0.013699541 0.045014609 0.022819096 0.025226042 0.021954795
0.036947332 0.019392621 0.013206808 0.027748534 0.011788900 0.007279822 -0.004298539 0.005537814 0.011192301 0.018649112 0.002220163 0.021008113 0.009198925 0.005354488 0.026271669 0.020503739 0.012751069 0.020073667 0.007911048 0.015259905 0.013934984 0.005534202 0.021341426 0.001296356 0.013543560 0.007136685 0.007408694 0.004253369 0.015408356 0.009346097 0.039189678 0.013076918 0.017386639 0.017655468
0.040799126 0.017567689 0.018597800 0.025392462 0.015815234 0.010325436 0.005537814 0.000445289 0.013337918 0.018042207 0.011203473 0.019697078 0.010020814 0.014441079 0.033812549 0.030547090 0.015784860 0.021556389 0.014010145 0.019879684 0.019385125 0.011659846 0.027664261 0.006140264 0.016424686 0.010284142 0.011844566 0.005478081 0.021851249 0.010737299 0.041902557 0.013790730 0.024464253 0.022695428
0.038851153 0.024194887 0.018022332 0.033798672 0.019786168 0.009624950 0.011192301 0.013337918 0.003274344 0.024251178 0.018340176 0.025518635 0.013855816 0.017438632 0.035848133 0.025388341 0.015077808 0.029865291 0.018058753 0.025310792 0.017716847 0.012842027 0.025395768 0.008911833 0.029000159 0.018124582 0.017210709 0.010025309 0.020174794 0.018101668 0.053416628 0.016499788 0.020633092 0.017829215
0.047212083 0.026726326 0.030216333 0.017502815 0.023158563 0.020262133 0.018649112 0.018042207 0.024251178 0.005701374 0.011378436 0.009471687 0.017561158 0.023001937 0.045490548 0.042472661 0.026922964 0.018721960 0.023062775 0.017515309 0.029572301 0.015961595 0.038093798 0.018566620 0.024344549 0.008063322 0.022918412 0.017277291 0.030204535 0.022452990 0.037770133 0.002092525 0.031222003 0.033107344
0.044357240 0.023914032 0.024088714 0.018739400 0.017389243 0.017074389 0.002220163 0.011203473 0.018340176 0.011378436 0.000480934 0.011937964 0.011787787 0.014607701 0.035518132 0.030523084 0.020829586 0.014984549 0.016838564 0.016574178 0.022864260 0.011133159 0.030987471 0.012446070 0.015216542 0.008070519 0.016754545 0.013958270 0.026084844 0.016763005 0.035887558 0.008060763 0.018661635 0.029338609
0.052093394 0.026745575 0.035362028 0.014867455 0.021834673 0.021694187 0.021008113 0.019697078 0.025518635 0.009471687 0.011937964 0.004356744 0.015921019 0.024644090 0.050711382 0.044096634 0.028413009 0.022261852 0.025183806 0.016703267 0.032455612 0.014998694 0.040955413 0.018291013 0.025891818 0.008874496 0.024074376 0.022819269 0.030416010 0.024699619 0.044146549 0.007489305 0.026710007 0.037054397
0.037014332 0.018744487 0.018598855 0.023273751 0.012567911 0.012537627 0.009198925 0.010020814 0.013855816 0.017561158 0.011787787 0.015921019 0.001674524 0.012236865 0.032897979 0.025428690 0.017686218 0.023612294 0.013290783 0.014257180 0.021515815 0.012839496 0.025535148 0.009834106 0.017681522 0.014689136 0.013818585 0.011722153 0.017980311 0.015771205 0.042396568 0.015751198 0.017936639 0.024364250
0.043510817 0.025582317 0.020758413 0.033480331 0.016969457 0.013783159 0.005354488 0.014441079 0.017438632 0.023001937 0.014607701 0.024644090 0.012236865 0.010458251 0.034097351 0.026815971 0.016067721 0.028894026 0.015817367 0.018923661 0.017440243 0.014555915 0.025416102 0.009296361 0.020696307 0.016603280 0.016212359 0.010634536 0.018785028 0.017387994 0.054133587 0.022581186 0.029843554 0.025208853
0.025127554 0.033839118 0.020186815 0.055467568 0.037345547 0.030804995 0.026271669 0.033812549 0.035848133 0.045490548 0.035518132 0.050711382 0.032897979 0.034097351 0.010575825 0.028131615 0.024948988 0.050586194 0.030229867 0.042932365 0.021966496 0.031179929 0.020214241 0.027276702 0.041999474 0.033866949 0.031618416 0.019442126 0.020035662 0.031331930 0.060995489 0.039702505 0.056907274 0.024581091
0.028243490 0.025824474 0.015027840 0.051878326 0.026784565 0.017918311 0.020503739 0.030547090 0.025388341 0.042472661 0.030523084 0.044096634 0.025428690 0.026815971 0.028131615 0.007516190 0.016939048 0.047077864 0.022492584 0.031107534 0.012802385 0.023871943 0.015657475 0.020717792 0.037272155 0.033145178 0.024060816 0.017160568 0.006835313 0.029066663 0.058781113 0.031442069 0.042073190 0.014832747
0.031968214 0.022418436 0.015056287 0.032797970 0.018721903 0.013045484 0.012751069 0.015784860 0.015077808 0.026922964 0.020829586 0.028413009 0.017686218 0.016067721 0.024948988 0.016939048 0.000078786 0.029741060 0.012466541 0.021542443 0.012599996 0.015897296 0.017354630 0.012830436 0.024329402 0.023777019 0.013559014 0.010848098 0.013183379 0.018059477 0.042769663 0.024440099 0.031110723 0.016500155
0.054635897 0.030395089 0.033231057 0.026020963 0.036720797 0.027339201 0.020073667 0.021556389 0.029865291 0.018721960 0.014984549 0.022261852 0.023612294 0.028894026 0.050586194 0.047077864 0.029741060 0.010328028 0.025943136 0.037466429 0.034840420 0.019440811 0.040124197 0.024105910 0.023693923 0.012981385 0.026703609 0.019695688 0.039402377 0.025873266 0.034926519 0.012567395 0.042855985 0.037783466
0.036895007 0.023251735 0.016730098 0.030636597 0.020259058 0.014212737 0.007911048 0.014010145 0.018058753 0.023062775 0.016838564 0.025183806 0.013290783 0.015817367 0.030229867 0.022492584 0.012466541 0.025943136 0.005025133 0.021007039 0.016298788 0.013117332 0.021063413 0.012120434 0.021461623 0.019137016 0.015093487 0.011150440 0.018552564 0.018443255 0.044762559 0.021038089 0.025993001 0.019630026
0.048982613 0.041934721 0.026730854 0.021596985 0.017298233 0.018927362 0.015259905 0.019879684 0.025310792 0.017515309 0.016574178 0.016703267 0.014257180 0.018923661 0.042932365 0.031107534 0.021542443 0.037466429 0.021007039 -0.002733855 0.018685367 0.016385568 0.034108844 0.015560908 0.030964024 0.017562108 0.024828553 0.014366221 0.019704290 0.026884507 0.056726597 0.008922381 0.033456270 0.032866240
0.023288677 0.028886179 0.006396860 0.036933236 0.021482652 0.010938128 0.013934984 0.019385125 0.017716847 0.029572301 0.022864260 0.032455612 0.021515815 0.017440243 0.021966496 0.012802385 0.012599996 0.034840420 0.016298788 0.018685367 0.000065474 0.016316067 0.011819934 0.013283858 0.034303784 0.025154293 0.017135514 0.006232057 0.007265639 0.019877898 0.045388356 0.022993049 0.031118436 0.012866626
0.038575534 0.021524642 0.017795596 0.021921476 0.015414188 0.013173991 0.005534202 0.011659846 0.012842027 0.015961595 0.011133159 0.014998694 0.012839496 0.014555915 0.031179929 0.023871943 0.015897296 0.019440811 0.013117332 0.016385568 0.016316067 -0.001120184 0.024010714 0.009208165 0.016536139 0.013904966 0.012813269 0.008462943 0.019409142 0.015724292 0.036520109 0.016325328 0.015629763 0.023071619
0.022829752 0.028805451 0.012567023 0.046194561 0.028895535 0.022240158 0.021341426 0.027664261 0.025395768 0.038093798 0.030987471 0.040955413 0.025535148 0.025416102 0.020214241 0.015657475 0.017354630 0.040124197 0.021063413 0.034108844 0.011819934 0.024010714 0.003685969 0.022855384 0.033680983 0.030581303 0.024094900 0.016326502 0.010953472 0.026124520 0.049118862 0.035305634 0.040320009 0.017379958
0.036493998 0.020715171 0.014285697 0.025218682 0.011383421 0.009563327 0.001296356 0.006140264 0.008911833 0.018566620 0.012446070 0.018291013 0.009834106 0.009296361 0.027276702 0.020717792 0.012830436 0.024105910 0.012120434 0.015560908 0.013283858 0.009208165 0.022855384 -0.001941487 0.019484328 0.016627412 0.008677710 0.006532414 0.015791355 0.010979938 0.041224636 0.020508200 0.016120251 0.020137727
0.049586780 0.024175644 0.030531362 0.032907195 0.022812439 0.022416189 0.013543560 0.016424686 0.029000159 0.024344549 0.015216542 0.025891818 0.017681522 0.020696307 0.041999474 0.037272155 0.024329402 0.023693923 0.021461623 0.030964024 0.034303784 0.016536139 0.033680983 0.019484328 -0.012355997 0.013596556 0.021524910 0.018089544 0.027176231 0.023106905 0.036821954 0.016314935 0.033178851 0.031809077
0.042226285 0.027159236 0.025722703 0.015096426 0.016296897 0.018136142 0.007136685 0.010284142 0.018124582 0.008063322 0.008070519 0.008874496 0.014689136 0.016603280 0.033866949 0.033145178 0.023777019 0.012981385 0.019137016 0.017562108 0.025154293 0.013904966 0.030581303 0.016627412 0.013596556 -0.000187634 0.017833881 0.016630419 0.027130019 0.017062504 0.034106929 0.009210929 0.013687094 0.028987400
0.036654525 0.021583330 0.017436881 0.030519338 0.018919468 0.012359034 0.007408694 0.011844566 0.017210709 0.022918412 0.016754545 0.024074376 0.013818585 0.016212359 0.031618416 0.024060816 0.013559014 0.026703609 0.015093487 0.024828553 0.017135514 0.012813269 0.024094900 0.008677710 0.021524910 0.017833881 0.008802287 0.006202253 0.020685116 0.015078772 0.043454427 0.021709356 0.023895033 0.022492753
0.026564900 0.019506881 0.006758388 0.026100852 0.017017877 0.004061860 0.004253369 0.005478081 0.010025309 0.017277291 0.013958270 0.022819269 0.011722153 0.010634536 0.019442126 0.017160568 0.010848098 0.019695688 0.011150440 0.014366221 0.006232057 0.008462943 0.016326502 0.006532414 0.018089544 0.016630419 0.006202253 -0.007268254 0.013096887 0.006761741 0.032547258 0.013983382 0.020048179 0.009892572
0.023279257 0.029628776 0.012866832 0.034905814 0.019366074 0.020156827 0.015408356 0.021851249 0.020174794 0.030204535 0.026084844 0.030416010 0.017980311 0.018785028 0.020035662 0.006835313 0.013183379 0.039402377 0.018552564 0.019704290 0.007265639 0.019409142 0.010953472 0.015791355 0.027176231 0.027130019 0.020685116 0.013096887 0.000906885 0.023025472 0.048360951 0.027159926 0.026153415 0.013891919
0.039332680 0.023761550 0.018672563 0.031053670 0.019450925 0.013699541 0.009346097 0.010737299 0.018101668 0.022452990 0.016763005 0.024699619 0.015771205 0.017387994 0.031331930 0.029066663 0.018059477 0.025873266 0.018443255 0.026884507 0.019877898 0.015724292 0.026124520 0.010979938 0.023106905 0.017062504 0.015078772 0.006761741 0.023025472 0.009102073 0.046576843 0.013760267 0.027102778 0.020638909
0.068483062 0.049339026 0.047695711 0.041614722 0.060091250 0.045014609 0.039189678 0.041902557 0.053416628 0.037770133 0.035887558 0.044146549 0.042396568 0.054133587 0.060995489 0.058781113 0.042769663 0.034926519 0.044762559 0.056726597 0.045388356 0.036520109 0.049118862 0.041224636 0.036821954 0.034106929 0.043454427 0.032547258 0.048360951 0.046576843 -0.011532122 0.026125235 0.072142988 0.046977222
0.039672960 0.026001856 0.022712860 0.006938989 0.018557956 0.022819096 0.013076918 0.013790730 0.016499788 0.002092525 0.008060763 0.007489305 0.015751198 0.022581186 0.039702505 0.031442069 0.024440099 0.012567395 0.021038089 0.008922381 0.022993049 0.016325328 0.035305634 0.020508200 0.016314935 0.009210929 0.021709356 0.013983382 0.027159926 0.013760267 0.026125235 0.001614479 0.017640024 0.033915304
0.059265148 0.029042350 0.027657580 0.044783488 0.026003830 0.025226042 0.017386639 0.024464253 0.020633092 0.031222003 0.018661635 0.026710007 0.017936639 0.029843554 0.056907274 0.042073190 0.031110723 0.042855985 0.025993001 0.033456270 0.031118436 0.015629763 0.040320009 0.016120251 0.033178851 0.013687094 0.023895033 0.020048179 0.026153415 0.027102778 0.072142988 0.017640024 0.020495087 0.036061935
0.026273465 0.030473446 0.011839105 0.038500339 0.031010114 0.021954795 0.017655468 0.022695428 0.017829215 0.033107344 0.029338609 0.037054397 0.024364250 0.025208853 0.024581091 0.014832747 0.016500155 0.037783466 0.019630026 0.032866240 0.012866626 0.023071619 0.017379958 0.020137727 0.031809077 0.028987400 0.022492753 0.009892572 0.013891919 0.020638909 0.046977222 0.033915304 0.036061935 0.013304565
