0.016338972 0.044836983 0.028324131 0.067533568 0.044578433 0.036796454 0.040460579 0.047198966 0.041310564 0.057971537 0.046650417 0.063214131 0.037117064 0.043067861 0.022429142 0.029698344 0.033433720 0.055088043 0.039190199 0.050300192 0.022138454 0.041437536 0.024363540 0.040008962 0.050189581 0.044179320 0.040803634 0.033550926 0.029709594 0.041209906 0.072097480 0.051515020 0.057602927 0.024351664
0.044836983 0.010399953 0.026241990 0.040336378 0.023699457 0.018213281 0.017104100 0.021011895 0.023829991 0.032077428 0.021626825 0.027686840 0.017752055 0.020821717 0.031477254 0.028742826 0.023981299 0.028297016 0.022110509 0.036951765 0.027903721 0.019713085 0.031179238 0.019594779 0.015956409 0.025195353 0.023200842 0.020517539 0.029316504 0.023794901 0.046313442 0.028656974 0.027179725 0.025474407
0.028324131 0.026241990 -0.001480952 0.042948071 0.017434148 0.013006536 0.012872974 0.020120535 0.017517135 0.034795024 0.023216726 0.040344242 0.017185364 0.016718680 0.014431465 0.012801779 0.014134999 0.029274140 0.015338074 0.024676118 0.002852387 0.017320558 0.011248948 0.014626265 0.025990291 0.024683185 0.017414810 0.009304031 0.014155729 0.017143885 0.044040240 0.025419634 0.023732383 0.007441951
0.067533568 0.040336378 0.042948071 0.021160424 0.026179789 0.031772889 0.028467979 0.033036269 0.037671089 0.027497221 0.019998603 0.020647094 0.023179755 0.031835299 0.058375001 0.053943701 0.036132209 0.025875103 0.032518394 0.025768287 0.037311766 0.023807997 0.051323481 0.025017317 0.031067792 0.016280772 0.034486830 0.031539865 0.040293593 0.035378277 0.045716781 0.014861494 0.047208428 0.041479226
0.044578433 0.023699457 0.017434148 0.026179789 -0.002290736 0.017127289 0.012193185 0.013765905 0.018961122 0.019554617 0.016415866 0.018354110 0.011551589 0.013728438 0.035783295 0.026905576 0.017072741 0.024527401 0.017964751 0.016870774 0.021245047 0.015763015 0.028615385 0.013460809 0.016725305 0.015468225 0.015341328 0.016317669 0.023970384 0.014767709 0.048381165 0.019716248 0.021585053 0.029811226
0.036796454 0.018213281 0.013006536 0.031772889 0.017127289 0.006240880 0.007189754 0.012231429 0.010574497 0.025106795 0.016711526 0.025843307 0.012358449 0.009871532 0.025250336 0.019157425 0.012782199 0.023425022 0.012652976 0.020091748 0.010130938 0.013163843 0.022166450 0.010408612 0.018188760 0.017630218 0.012056890 0.006601752 0.021522300 0.012134260 0.040837113 0.025787624 0.024045933 0.018026093
0.040460579 0.017104100 0.012872974 0.028467979 0.012193185 0.007189754 -0.004419914 0.008473199 0.011271108 0.020062158 0.002375092 0.020881083 0.010246861 0.005181390 0.028552966 0.022796899 0.012590517 0.018437067 0.007271959 0.015619456 0.014721130 0.005228061 0.023694798 0.001042673 0.013923679 0.006691889 0.006576697 0.005903831 0.016914431 0.009320753 0.037535980 0.013796276 0.019253781 0.017852783
0.047198966 0.021011895 0.020120535 0.033036269 0.013765905 0.012231429 0.008473199 0.005964655 0.014980786 0.024560669 0.013914369 0.027066490 0.010912376 0.013580231 0.032049999 0.030140948 0.018034626 0.020937104 0.016089156 0.021469258 0.017291585 0.014263148 0.030014507 0.010197750 0.016343085 0.012264602 0.015823083 0.011094421 0.027206071 0.012525730 0.042813662 0.018118083 0.022033684 0.022015318
0.041310564 0.023829991 0.017517135 0.037671089 0.018961122 0.010574497 0.011271108 0.014980786 0.005852345 0.027892761 0.017708227 0.027871013 0.014175747 0.014789842 0.027702268 0.024430998 0.017015282 0.024879050 0.019107416 0.024162397 0.014231447 0.014701772 0.024631802 0.010583138 0.019378688 0.018948045 0.019563684 0.010795644 0.024504110 0.016610967 0.046945963 0.022888223 0.014914620 0.012715785
0.057971537 0.032077428 0.034795024 0.027497221 0.019554617 0.025106795 0.020062158 0.024560669 0.027892761 0.015588732 0.012807462 0.017641332 0.017387137 0.022078630 0.049712826 0.045610532 0.029606270 0.019309660 0.024827830 0.020905010 0.029666875 0.017820522 0.043218508 0.017900143 0.025054071 0.009389578 0.026734684 0.023637721 0.033685908 0.025807595 0.041983828 0.009323417 0.033143260 0.036729611
0.046650417 0.021626825 0.023216726 0.019998603 0.016415866 0.016711526 0.002375092 0.013914369 0.017708227 0.012807462 0.000546894 0.012344193 0.011470571 0.013652167 0.038965601 0.034286160 0.020445878 0.012518195 0.015821360 0.016370075 0.022574821 0.010960495 0.032961261 0.012014770 0.015424374 0.007582709 0.016205397 0.015487335 0.028072083 0.016266977 0.033659853 0.009225903 0.019104883 0.028712895
0.063214131 0.027686840 0.040344242 0.020647094 0.018354110 0.025843307 0.020881083 0.027066490 0.027871013 0.017641332 0.012344193 0.011398613 0.015573775 0.024208050 0.053343661 0.048621055 0.031526987 0.022363346 0.026878655 0.021829560 0.034791760 0.016089955 0.045776058 0.017567921 0.023003791 0.009668707 0.027441707 0.026482850 0.034855187 0.027747609 0.047274165 0.010841160 0.029816333 0.039277777
0.037117064 0.017752055 0.017185364 0.023179755 0.011551589 0.012358449 0.010246861 0.010912376 0.014175747 0.017387137 0.011470571 0.015573775 0.001647905 0.010773910 0.031816177 0.028533777 0.017748987 0.018756218 0.014109900 0.015173032 0.022198699 0.014572917 0.026445903 0.010880250 0.017183473 0.015432619 0.012362333 0.012396676 0.018508567 0.014119214 0.037242860 0.014382100 0.017273530 0.022514207
0.043067861 0.020821717 0.016718680 0.031835299 0.013728438 0.009871532 0.005181390 0.013580231 0.014789842 0.022078630 0.013652167 0.024208050 0.010773910 0.005380874 0.031500660 0.025290787 0.013842458 0.020763464 0.012269066 0.016645541 0.015851319 0.013900884 0.024844021 0.009999213 0.018419871 0.015348949 0.012175538 0.010651728 0.019624118 0.013253734 0.045339826 0.019786324 0.026199915 0.022272263
0.022429142 0.031477254 0.014431465 0.058375001 0.035783295 0.025250336 0.028552966 0.032049999 0.027702268 0.049712826 0.038965601 0.053343661 0.031816177 0.031500660 0.003485486 0.019123105 0.020925231 0.042165004 0.025184035 0.041406736 0.015351664 0.031111807 0.019355889 0.030956512 0.043369167 0.033429250 0.029063487 0.023180075 0.023357060 0.026635990 0.053170417 0.047426119 0.047188021 0.022108309
0.029698344 0.028742826 0.012801779 0.053943701 0.026905576 0.019157425 0.022796899 0.030140948 0.024430998 0.045610532 0.034286160 0.048621055 0.028533777 0.025290787 0.019123105 0.003077786 0.018089965 0.039392419 0.023580085 0.034646895 0.008920094 0.026378669 0.013186534 0.024089757 0.036414787 0.034909990 0.025697388 0.020334711 0.011830978 0.026134018 0.051413510 0.038122356 0.036977023 0.012214980
0.033433720 0.023981299 0.014134999 0.036132209 0.017072741 0.012782199 0.012590517 0.018034626 0.017015282 0.029606270 0.020445878 0.031526987 0.017748987 0.013842458 0.020925231 0.018089965 0.001491621 0.026557546 0.012267724 0.022421014 0.011418225 0.016223039 0.016448628 0.012978404 0.022401480 0.023390345 0.013762771 0.012776891 0.015395620 0.017267523 0.040160589 0.025534227 0.029189186 0.014122031
0.055088043 0.028297016 0.029274140 0.025875103 0.024527401 0.023425022 0.018437067 0.020937104 0.024879050 0.019309660 0.012518195 0.022363346 0.018756218 0.020763464 0.042165004 0.039392419 0.026557546 0.003557857 0.022154599 0.027658246 0.024037771 0.016933948 0.037492119 0.022336097 0.018098878 0.009572806 0.023669548 0.019774606 0.038085904 0.022034306 0.029548645 0.011803130 0.033026464 0.030800253
0.039190199 0.022110509 0.015338074 0.032518394 0.017964751 0.012652976 0.007271959 0.016089156 0.019107416 0.024827830 0.015821360 0.026878655 0.014109900 0.012269066 0.025184035 0.023580085 0.012267724 0.022154599 0.003122296 0.021545334 0.015838884 0.012450969 0.020555779 0.011768525 0.018250732 0.018238230 0.015771797 0.012152250 0.019398080 0.016927488 0.040843651 0.020566668 0.025258001 0.016101472
0.050300192 0.036951765 0.024676118 0.025768287 0.016870774 0.020091748 0.015619456 0.021469258 0.024162397 0.020905010 0.016370075 0.021829560 0.015173032 0.016645541 0.041406736 0.034646895 0.022421014 0.027658246 0.021545334 0.003342371 0.020687509 0.017506799 0.035467021 0.016694643 0.024595641 0.017813319 0.023446668 0.015544816 0.027615698 0.023513736 0.048256978 0.014043339 0.031282991 0.031903666
0.022138454 0.027903721 0.002852387 0.037311766 0.021245047 0.010130938 0.014721130 0.017291585 0.014231447 0.029666875 0.022574821 0.034791760 0.022198699 0.015851319 0.015351664 0.008920094 0.011418225 0.024037771 0.015838884 0.020687509 -0.007912638 0.017728399 0.008602221 0.016358342 0.031225845 0.025480887 0.015278513 0.007458022 0.011453345 0.015047352 0.034299906 0.027441896 0.021623092 0.009856791
0.041437536 0.019713085 0.017320558 0.023807997 0.015763015 0.013163843 0.005228061 0.014263148 0.014701772 0.017820522 0.010960495 0.016089955 0.014572917 0.013900884 0.031111807 0.026378669 0.016223039 0.016933948 0.012450969 0.017506799 0.017728399 -0.001027938 0.025364250 0.009387018 0.016030554 0.013626182 0.012498286 0.010032806 0.021071885 0.015428133 0.033917189 0.016798999 0.017990256 0.022343369
0.024363540 0.031179238 0.011248948 0.051323481 0.028615385 0.022166450 0.023694798 0.030014507 0.024631802 0.043218508 0.032961261 0.045776058 0.026445903 0.024844021 0.019355889 0.013186534 0.016448628 0.037492119 0.020555779 0.035467021 0.008602221 0.025364250 0.004232888 0.025241204 0.036450736 0.031180158 0.023798525 0.020686874 0.014713085 0.025409441 0.047523513 0.041055527 0.037385974 0.016698301
0.040008962 0.019594779 0.014626265 0.025017317 0.013460809 0.010408612 0.001042673 0.010197750 0.010583138 0.017900143 0.012014770 0.017567921 0.010880250 0.009999213 0.030956512 0.024089757 0.012978404 0.022336097 0.011768525 0.016694643 0.016358342 0.009387018 0.025241204 -0.001963424 0.019842049 0.016316602 0.007744941 0.008204408 0.017713083 0.011391394 0.038824808 0.018925505 0.017904615 0.021115020
0.050189581 0.015956409 0.025990291 0.031067792 0.016725305 0.018188760 0.013923679 0.016343085 0.019378688 0.025054071 0.015424374 0.023003791 0.017183473 0.018419871 0.043369167 0.036414787 0.022401480 0.018098878 0.018250732 0.024595641 0.031225845 0.016030554 0.036450736 0.019842049 -0.015674341 0.013505825 0.020189978 0.018506113 0.027986318 0.019735388 0.028944546 0.019116087 0.028093323 0.028494339
0.044179320 0.025195353 0.024683185 0.016280772 0.015468225 0.017630218 0.006691889 0.012264602 0.018948045 0.009389578 0.007582709 0.009668707 0.015432619 0.015348949 0.033429250 0.034909990 0.023390345 0.009572806 0.018238230 0.017813319 0.025480887 0.013626182 0.031180158 0.016316602 0.013505825 -0.000288580 0.016918344 0.016987124 0.028106442 0.016148321 0.030921746 0.008557135 0.013871384 0.027976532
0.040803634 0.023200842 0.017414810 0.034486830 0.015341328 0.012056890 0.006576697 0.015823083 0.019563684 0.026734684 0.016205397 0.027441707 0.012362333 0.012175538 0.029063487 0.025697388 0.013762771 0.023669548 0.015771797 0.023446668 0.015278513 0.012498286 0.023798525 0.007744941 0.020189978 0.016918344 0.008632086 0.008418789 0.022037134 0.015208810 0.041683115 0.021673076 0.023261497 0.019050024
0.033550926 0.020517539 0.009304031 0.031539865 0.016317669 0.006601752 0.005903831 0.011094421 0.010795644 0.023637721 0.015487335 0.026482850 0.012396676 0.010651728 0.023180075 0.020334711 0.012776891 0.019774606 0.012152250 0.015544816 0.007458022 0.010032806 0.020686874 0.008204408 0.018506113 0.016987124 0.008418789 -0.001881994 0.017495183 0.009528469 0.033916563 0.019149745 0.022067569 0.010607442
0.029709594 0.029316504 0.014155729 0.040293593 0.023970384 0.021522300 0.016914431 0.027206071 0.024504110 0.033685908 0.028072083 0.034855187 0.018508567 0.019624118 0.023357060 0.011830978 0.015395620 0.038085904 0.019398080 0.027615698 0.011453345 0.021071885 0.014713085 0.017713083 0.027986318 0.028106442 0.022037134 0.017495183 0.008917794 0.024692394 0.049117781 0.034622468 0.031837072 0.017182108
0.041209906 0.023794901 0.017143885 0.035378277 0.014767709 0.012134260 0.009320753 0.012525730 0.016610967 0.025807595 0.016266977 0.027747609 0.014119214 0.013253734 0.026635990 0.026134018 0.017267523 0.022034306 0.016927488 0.023513736 0.015047352 0.015428133 0.025409441 0.011391394 0.019735388 0.016148321 0.015208810 0.009528469 0.024692394 0.007544328 0.043288808 0.017439341 0.021691136 0.016403694
0.072097480 0.046313442 0.044040240 0.045716781 0.048381165 0.040837113 0.037535980 0.042813662 0.046945963 0.041983828 0.033659853 0.047274165 0.037242860 0.045339826 0.053170417 0.051413510 0.040160589 0.029548645 0.040843651 0.048256978 0.034299906 0.033917189 0.047523513 0.038824808 0.028944546 0.030921746 0.041683115 0.033916563 0.049117781 0.043288808 -0.015168555 0.031965688 0.060839616 0.039790355
0.051515020 0.028656974 0.025419634 0.014861494 0.019716248 0.025787624 0.013796276 0.018118083 0.022888223 0.009323417 0.009225903 0.010841160 0.014382100 0.019786324 0.047426119 0.038122356 0.025534227 0.011803130 0.020566668 0.014043339 0.027441896 0.016798999 0.041055527 0.018925505 0.019116087 0.008557135 0.021673076 0.019149745 0.034622468 0.017439341 0.031965688 0.002675685 0.023955949 0.042600643
0.057602927 0.027179725 0.023732383 0.047208428 0.021585053 0.024045933 0.019253781 0.022033684 0.014914620 0.033143260 0.019104883 0.029816333 0.017273530 0.026199915 0.047188021 0.036977023 0.029189186 0.033026464 0.025258001 0.031282991 0.021623092 0.017990256 0.037385974 0.017904615 0.028093323 0.013871384 0.023261497 0.022067569 0.031837072 0.021691136 0.060839616 0.023955949 0.009481147 0.030533276
0.024351664 0.025474407 0.007441951 0.041479226 0.029811226 0.018026093 0.017852783 0.022015318 0.012715785 0.036729611 0.028712895 0.039277777 0.022514207 0.022272263 0.022108309 0.012214980 0.014122031 0.030800253 0.016101472 0.031903666 0.009856791 0.022343369 0.016698301 0.021115020 0.028494339 0.027976532 0.019050024 0.010607442 0.017182108 0.016403694 0.039790355 0.042600643 0.030533276 0.010155916
