0.013227535 0.042001538 0.027587716 0.065391093 0.041343395 0.037167266 0.039434355 0.046789467 0.042412303 0.050875917 0.047283325 0.064870313 0.041706160 0.042154621 0.023811748 0.027926063 0.034738988 0.054104663 0.039016068 0.053221423 0.022887202 0.043526452 0.023083873 0.039746877 0.053395107 0.045583662 0.038820840 0.029020198 0.023737816 0.042171046 0.069926202 0.052499864 0.068907894 0.025867091
0.042001538 0.022037074 0.026516741 0.038294192 0.019688144 0.018399559 0.020362895 0.020215109 0.024793692 0.027850036 0.022797093 0.029013034 0.017564351 0.019652868 0.027104042 0.023419630 0.026860557 0.024485076 0.024201283 0.040440664 0.026370704 0.021160766 0.029385312 0.020029243 0.024671521 0.026668599 0.023799447 0.020664249 0.026033875 0.023964358 0.046518002 0.028893383 0.029693177 0.027172131
0.027587716 0.026516741 -0.002576474 0.042159751 0.015764527 0.012834367 0.011832123 0.019385200 0.017231712 0.029526375 0.022357732 0.041724216 0.018563297 0.015301788 0.015323323 0.011087688 0.014651791 0.027843729 0.014869637 0.027154671 0.002722487 0.017787587 0.010377707 0.013195078 0.028641956 0.024597280 0.015263511 0.006045873 0.009902710 0.017355869 0.042662896 0.025010165 0.029431114 0.008099306
0.065391093 0.038294192 0.042159751 0.020020161 0.020928560 0.024430346 0.029949410 0.033218481 0.038403288 0.022073779 0.020964591 0.024432203 0.025018405 0.031143634 0.061056241 0.053520273 0.038048837 0.023197971 0.032284275 0.020466860 0.036386006 0.024185065 0.053296380 0.025005402 0.039268147 0.017103298 0.032397654 0.029196292 0.038169552 0.035579123 0.043558165 0.016896019 0.054942749 0.039769866
0.041343395 0.019688144 0.015764527 0.020928560 -0.001773770 0.015854388 0.011645745 0.010098588 0.014351493 0.013707612 0.014681651 0.011325663 0.011589366 0.014733763 0.035172522 0.023098556 0.016972199 0.019594658 0.016870204 0.016666040 0.019855313 0.015072337 0.026590679 0.013715015 0.011789077 0.015172171 0.011854668 0.013113350 0.022330128 0.013030186 0.040833205 0.018877668 0.018834287 0.028283583
0.037167266 0.018399559 0.012834367 0.024430346 0.015854388 0.005962523 0.007179394 0.012544941 0.005579292 0.018533107 0.016150240 0.019897273 0.012559365 0.010365707 0.028778823 0.015962129 0.014545573 0.022444122 0.012752542 0.014592170 0.008234341 0.012007480 0.023665981 0.008400731 0.022434659 0.017038129 0.011091888 0.003453651 0.018577021 0.012989918 0.039931521 0.025519826 0.024153994 0.020213991
0.039434355 0.020362895 0.011832123 0.029949410 0.011645745 0.007179394 -0.004382800 0.008895174 0.010589870 0.020159343 0.002181462 0.022165298 0.010649542 0.004809177 0.026065812 0.018997766 0.013391794 0.017135151 0.007509225 0.018650956 0.013938429 0.006156312 0.021044679 0.001181055 0.013830196 0.006983373 0.005436695 0.005452351 0.016549064 0.009711390 0.035889767 0.012717066 0.018935882 0.016875798
0.046789467 0.020215109 0.019385200 0.033218481 0.010098588 0.012544941 0.008895174 0.005528335 0.016329434 0.021123536 0.015042095 0.028284106 0.013518896 0.013352040 0.034704261 0.029998783 0.019632384 0.020001445 0.016267508 0.025397129 0.019467015 0.016328789 0.031047644 0.009595961 0.020908579 0.013787821 0.014317282 0.008486472 0.022624038 0.013534855 0.040951900 0.019278556 0.030392895 0.023360990
0.042412303 0.024793692 0.017231712 0.038403288 0.014351493 0.005579292 0.010589870 0.016329434 0.003292933 0.025281969 0.017040625 0.031407762 0.013256616 0.011677880 0.033075165 0.024238436 0.016691465 0.022667440 0.016468354 0.023375642 0.014994495 0.011800974 0.026221633 0.007768758 0.028730329 0.017120540 0.015833126 0.011250678 0.015380761 0.017731590 0.047224499 0.019288048 0.024656894 0.011737688
0.050875917 0.027850036 0.029526375 0.022073779 0.013707612 0.018533107 0.020159343 0.021123536 0.025281969 0.007108468 0.012392780 0.016339019 0.018804263 0.020858886 0.043457944 0.040782668 0.029492665 0.012812349 0.023775112 0.018271580 0.027013505 0.018290160 0.039420225 0.019153433 0.026658114 0.009372777 0.022646811 0.018711191 0.031147594 0.023196608 0.033656299 0.009080729 0.035425261 0.030527722
0.047283325 0.022797093 0.022357732 0.020964591 0.014681651 0.016150240 0.002181462 0.015042095 0.017040625 0.012392780 0.000520854 0.012853706 0.011619896 0.013392991 0.038258675 0.031028239 0.021319788 0.012074851 0.015549511 0.018268513 0.022545628 0.011370582 0.031803500 0.011661926 0.017466988 0.007721533 0.014604961 0.014719615 0.026435846 0.017247228 0.032933686 0.008768018 0.021811903 0.028668981
0.064870313 0.029013034 0.041724216 0.024432203 0.011325663 0.019897273 0.022165298 0.028284106 0.031407762 0.016339019 0.012853706 0.016400248 0.016580231 0.022942713 0.058474809 0.048393641 0.033359662 0.021967024 0.025770424 0.020554461 0.035562932 0.015351666 0.049276240 0.017390300 0.031089142 0.009727301 0.025278578 0.027050415 0.032169931 0.029146593 0.048247203 0.010858821 0.038285319 0.039994515
0.041706160 0.017564351 0.018563297 0.025018405 0.011589366 0.012559365 0.010649542 0.013518896 0.013256616 0.018804263 0.011619896 0.016580231 0.002027408 0.011646115 0.034779221 0.028580490 0.019437913 0.020383155 0.015291119 0.015591032 0.023711946 0.014606901 0.028297571 0.011144779 0.018191043 0.015948540 0.010839745 0.013133399 0.018808415 0.016341437 0.037955269 0.014857957 0.020660991 0.023039509
0.042154621 0.019652868 0.015301788 0.031143634 0.014733763 0.010365707 0.004809177 0.013352040 0.011677880 0.020858886 0.013392991 0.022942713 0.011646115 0.003953377 0.033177994 0.022419335 0.014875177 0.021127751 0.011593764 0.018983960 0.015907563 0.014339911 0.024280107 0.010042639 0.017892744 0.015895484 0.010658953 0.008305024 0.018801734 0.013869578 0.043050751 0.020923646 0.027483227 0.022309199
0.023811748 0.027104042 0.015323323 0.061056241 0.035172522 0.028778823 0.026065812 0.034704261 0.033075165 0.043457944 0.038258675 0.058474809 0.034779221 0.033177994 0.005975771 0.021021679 0.023459762 0.045085393 0.026986524 0.048261724 0.017302085 0.034071069 0.019359659 0.029286984 0.043548748 0.035049319 0.029663436 0.016601935 0.022083553 0.030069817 0.056676619 0.052494105 0.062144645 0.025183335
0.027926063 0.023419630 0.011087688 0.053520273 0.023098556 0.015962129 0.018997766 0.029998783 0.024238436 0.040782668 0.031028239 0.048393641 0.028580490 0.022419335 0.021021679 0.002266863 0.017634403 0.038297772 0.021343518 0.033953786 0.009247645 0.025466507 0.012968450 0.021047847 0.035280209 0.033080094 0.021952726 0.015286671 0.006124202 0.025727045 0.049094986 0.034818485 0.041505937 0.011067096
0.034738988 0.026860557 0.014651791 0.038048837 0.016972199 0.014545573 0.013391794 0.019632384 0.016691465 0.029492665 0.021319788 0.033359662 0.019437913 0.014875177 0.023459762 0.017634403 0.003411529 0.027515518 0.013372222 0.027091848 0.012769768 0.017464150 0.016927905 0.013284646 0.025213070 0.024508040 0.013500961 0.012757648 0.014290745 0.019336876 0.040768474 0.027021751 0.034424156 0.016101792
0.054104663 0.024485076 0.027843729 0.023197971 0.019594658 0.022444122 0.017135151 0.020001445 0.022667440 0.012812349 0.012074851 0.021967024 0.020383155 0.021127751 0.045085393 0.038297772 0.027515518 0.002082687 0.021321638 0.029374536 0.024643630 0.017656524 0.038121641 0.021301705 0.020643137 0.009651490 0.022047173 0.015208575 0.033298977 0.022139210 0.027844228 0.013977829 0.039790437 0.032381810
0.039016068 0.024201283 0.014869637 0.032284275 0.016870204 0.012752542 0.007509225 0.016267508 0.016468354 0.023775112 0.015549511 0.025770424 0.015291119 0.011593764 0.026986524 0.021343518 0.013372222 0.021321638 0.002716487 0.023229992 0.015675675 0.013685472 0.020562079 0.011264453 0.020547215 0.018228421 0.014049655 0.011318292 0.017096270 0.017592801 0.039643846 0.019885682 0.026921844 0.017049400
0.053221423 0.040440664 0.027154671 0.020466860 0.016666040 0.014592170 0.018650956 0.025397129 0.023375642 0.018271580 0.018268513 0.020554461 0.015591032 0.018983960 0.048261724 0.033953786 0.027091848 0.029374536 0.023229992 -0.003717588 0.019871842 0.017055795 0.041004118 0.016848581 0.036920510 0.019006176 0.023686944 0.016761277 0.028539458 0.027840188 0.051857486 0.017162187 0.035281651 0.033529732
0.022887202 0.026370704 0.002722487 0.036386006 0.019855313 0.008234341 0.013938429 0.019467015 0.014994495 0.027013505 0.022545628 0.035562932 0.023711946 0.015907563 0.017302085 0.009247645 0.012769768 0.024643630 0.015675675 0.019871842 -0.006072227 0.018085478 0.009526893 0.015294423 0.032839566 0.025939457 0.014006143 0.004624775 0.010125465 0.016946133 0.034058906 0.027541503 0.026778920 0.009575631
0.043526452 0.021160766 0.017787587 0.024185065 0.015072337 0.012007480 0.006156312 0.016328789 0.011800974 0.018290160 0.011370582 0.015351666 0.014606901 0.014339911 0.034071069 0.025466507 0.017464150 0.017656524 0.013685472 0.017055795 0.018085478 -0.000874639 0.026753789 0.008706201 0.020062394 0.013547184 0.010976938 0.010851858 0.020189483 0.017239701 0.033846982 0.015683711 0.019402660 0.022849528
0.023083873 0.029385312 0.010377707 0.053296380 0.026590679 0.023665981 0.021044679 0.031047644 0.026221633 0.039420225 0.031803500 0.049276240 0.028297571 0.024280107 0.019359659 0.012968450 0.016927905 0.038121641 0.020562079 0.041004118 0.009526893 0.026753789 0.002636634 0.023846455 0.034832619 0.031581532 0.022516005 0.016963255 0.012229989 0.026889905 0.047228869 0.042125754 0.045875654 0.017106721
0.039746877 0.020029243 0.013195078 0.025005402 0.013715015 0.008400731 0.001181055 0.009595961 0.007768758 0.019153433 0.011661926 0.017390300 0.011144779 0.010042639 0.029286984 0.021047847 0.013284646 0.021301705 0.011264453 0.016848581 0.015294423 0.008706201 0.023846455 -0.002000836 0.020606104 0.016179370 0.005803519 0.008367386 0.017144518 0.011666717 0.035914570 0.017233685 0.018136887 0.019446427
0.053395107 0.024671521 0.028641956 0.039268147 0.011789077 0.022434659 0.013830196 0.020908579 0.028730329 0.026658114 0.017466988 0.031089142 0.018191043 0.017892744 0.043548748 0.035280209 0.025213070 0.020643137 0.020547215 0.036920510 0.032839566 0.020062394 0.034832619 0.020606104 -0.010217767 0.015622167 0.021302681 0.018690387 0.027543543 0.024472944 0.034264762 0.021862406 0.038904503 0.032078899
0.045583662 0.026668599 0.024597280 0.017103298 0.015172171 0.017038129 0.006983373 0.013787821 0.017120540 0.009372777 0.007721533 0.009727301 0.015948540 0.015895484 0.035049319 0.033080094 0.024508040 0.009651490 0.018228421 0.019006176 0.025939457 0.013547184 0.031581532 0.016179370 0.015622167 -0.000274738 0.015524416 0.017559584 0.027810778 0.017370120 0.030466923 0.008162428 0.016349126 0.028085908
0.038820840 0.023799447 0.015263511 0.032397654 0.011854668 0.011091888 0.005436695 0.014317282 0.015833126 0.022646811 0.014604961 0.025278578 0.010839745 0.010658953 0.029663436 0.021952726 0.013500961 0.022047173 0.014049655 0.023686944 0.014006143 0.010976938 0.022516005 0.005803519 0.021302681 0.015524416 0.006141800 0.006377650 0.017953128 0.014846416 0.040369652 0.019388977 0.024010357 0.019100271
0.029020198 0.020664249 0.006045873 0.029196292 0.013113350 0.003453651 0.005452351 0.008486472 0.011250678 0.018711191 0.014719615 0.027050415 0.013133399 0.008305024 0.016601935 0.015286671 0.012757648 0.015208575 0.011318292 0.016761277 0.004624775 0.010851858 0.016963255 0.008367386 0.018690387 0.017559584 0.006377650 -0.005973365 0.012752387 0.007483134 0.027411912 0.018271979 0.023311947 0.007988308
0.023737816 0.026033875 0.009902710 0.038169552 0.022330128 0.018577021 0.016549064 0.022624038 0.015380761 0.031147594 0.026435846 0.032169931 0.018808415 0.018801734 0.022083553 0.006124202 0.014290745 0.033298977 0.017096270 0.028539458 0.010125465 0.020189483 0.012229989 0.017144518 0.027543543 0.027810778 0.017953128 0.012752387 0.005251396 0.021092188 0.040511917 0.032790642 0.028163135 0.014482465
0.042171046 0.023964358 0.017355869 0.035579123 0.013030186 0.012989918 0.009711390 0.013534855 0.017731590 0.023196608 0.017247228 0.029146593 0.016341437 0.013869578 0.030069817 0.025727045 0.019336876 0.022139210 0.017592801 0.027840188 0.016946133 0.017239701 0.026889905 0.011666717 0.024472944 0.017370120 0.014846416 0.007483134 0.021092188 0.009390868 0.043625232 0.020020319 0.031754516 0.019096663
0.069926202 0.046518002 0.042662896 0.043558165 0.040833205 0.039931521 0.035889767 0.040951900 0.047224499 0.033656299 0.032933686 0.048247203 0.037955269 0.043050751 0.056676619 0.049094986 0.040768474 0.027844228 0.039643846 0.051857486 0.034058906 0.033846982 0.047228869 0.035914570 0.034264762 0.030466923 0.040369652 0.027411912 0.040511917 0.043625232 -0.016800152 0.032037713 0.072888032 0.041863546
0.052499864 0.028893383 0.025010165 0.016896019 0.018877668 0.025519826 0.012717066 0.019278556 0.019288048 0.009080729 0.008768018 0.010858821 0.014857957 0.020923646 0.052494105 0.034818485 0.027021751 0.013977829 0.019885682 0.017162187 0.027541503 0.015683711 0.042125754 0.017233685 0.021862406 0.008162428 0.019388977 0.018271979 0.032790642 0.020020319 0.032037713 0.002639812 0.029870827 0.043131024
0.068907894 0.029693177 0.029431114 0.054942749 0.018834287 0.024153994 0.018935882 0.030392895 0.024656894 0.035425261 0.021811903 0.038285319 0.020660991 0.027483227 0.062144645 0.041505937 0.034424156 0.039790437 0.026921844 0.035281651 0.026778920 0.019402660 0.045875654 0.018136887 0.038904503 0.016349126 0.024010357 0.023311947 0.028163135 0.031754516 0.072888032 0.029870827 0.031437427 0.037029520
0.025867091 0.027172131 0.008099306 0.039769866 0.028283583 0.020213991 0.016875798 0.023360990 0.011737688 0.030527722 0.028668981 0.039994515 0.023039509 0.022309199 0.025183335 0.011067096 0.016101792 0.032381810 0.017049400 0.033529732 0.009575631 0.022849528 0.017106721 0.019446427 0.032078899 0.028085908 0.019100271 0.007988308 0.014482465 0.019096663 0.041863546 0.043131024 0.037029520 0.012824133
