0.000000000 0.139013454 0.081339709 0.142857149 0.154185027 0.131221727 0.106976748 0.157894731 0.139013454 0.168831170 0.168831170 0.193277314 0.179487184 0.111111112 0.076923080 0.076923080 0.115207374 0.127272725 0.102803737 0.139013454 0.063414633 0.161572054 0.106976748 0.127272725 0.161572054 0.150442481 0.106976748 0.072463766 0.030303031 0.098591551 0.333333343 0.142857149 0.200000003 0.098591551
0.139013454 0.000000000 0.058333334 0.003921569 0.015503876 0.007936508 0.032520324 0.019305019 0.000000000 0.030534351 0.030534351 0.055762082 0.041509435 0.028340081 0.062761508 0.062761508 0.024193548 0.011952192 0.036734693 0.000000000 0.076271184 0.023076924 0.032520324 0.011952192 0.023076924 0.011673152 0.032520324 0.067226894 0.109170303 0.040983606 0.203761756 0.003921569 0.062730625 0.040983606
0.081339709 0.058333334 0.000000000 0.062240664 0.073770493 0.050420169 0.025862070 0.077551022 0.058333334 0.088709675 0.088709675 0.113725491 0.099601597 0.030042918 0.004444445 0.004444445 0.034188036 0.046413504 0.021645023 0.058333334 0.018018018 0.081300810 0.025862070 0.046413504 0.081300810 0.069958851 0.025862070 0.008928572 0.051162791 0.017391304 0.259016395 0.062240664 0.120622568 0.017391304
0.142857149 0.003921569 0.062240664 0.000000000 0.011583012 0.011857707 0.036437247 0.015384615 0.003921569 0.026615970 0.026615970 0.051851850 0.037593983 0.032258064 0.066666670 0.066666670 0.028112451 0.015873017 0.040650405 0.003921569 0.080168776 0.019157087 0.036437247 0.015873017 0.019157087 0.007751938 0.036437247 0.071129709 0.113043480 0.044897959 0.200000003 0.000000000 0.058823530 0.044897959
0.154185027 0.015503876 0.073770493 0.011583012 0.000000000 0.023437500 0.048000000 0.003802281 0.015503876 0.015037594 0.015037594 0.040293042 0.026022306 0.043824703 0.078189299 0.078189299 0.039682541 0.027450981 0.052208837 0.015503876 0.091666669 0.007575758 0.048000000 0.027450981 0.007575758 0.003831418 0.048000000 0.082644626 0.124463521 0.056451611 0.188854486 0.011583012 0.047272727 0.056451611
0.131221727 0.007936508 0.050420169 0.011857707 0.023437500 0.000000000 0.024590164 0.027237354 0.007936508 0.038461540 0.038461540 0.063670412 0.049429659 0.020408163 0.054852322 0.054852322 0.016260162 0.004016064 0.028806584 0.007936508 0.068376072 0.031007752 0.024590164 0.004016064 0.031007752 0.019607844 0.024590164 0.059322033 0.101321585 0.033057850 0.211356461 0.011857707 0.070631973 0.033057850
0.106976748 0.032520324 0.025862070 0.036437247 0.048000000 0.024590164 0.000000000 0.051792830 0.032520324 0.062992126 0.062992126 0.088122606 0.073929958 0.004184100 0.030303031 0.030303031 0.008333334 0.020576132 0.004219409 0.032520324 0.043859649 0.055555556 0.000000000 0.020576132 0.055555556 0.044176705 0.000000000 0.034782607 0.076923080 0.008474576 0.234726682 0.036437247 0.095057033 0.008474576
0.157894731 0.019305019 0.077551022 0.015384615 0.003802281 0.027237354 0.051792830 0.000000000 0.019305019 0.011235955 0.011235955 0.036496349 0.022222223 0.047619049 0.081967212 0.081967212 0.043478262 0.031250000 0.056000002 0.019305019 0.095435686 0.003773585 0.051792830 0.031250000 0.003773585 0.007633588 0.051792830 0.086419754 0.128205135 0.060240965 0.185185179 0.015384615 0.043478262 0.060240965
0.139013454 0.000000000 0.058333334 0.003921569 0.015503876 0.007936508 0.032520324 0.019305019 0.000000000 0.030534351 0.030534351 0.055762082 0.041509435 0.028340081 0.062761508 0.062761508 0.024193548 0.011952192 0.036734693 0.000000000 0.076271184 0.023076924 0.032520324 0.011952192 0.023076924 0.011673152 0.032520324 0.067226894 0.109170303 0.040983606 0.203761756 0.003921569 0.062730625 0.040983606
0.168831170 0.030534351 0.088709675 0.026615970 0.015037594 0.038461540 0.062992126 0.011235955 0.030534351 0.000000000 0.000000000 0.025270758 0.010989011 0.058823530 0.093117408 0.093117408 0.054687500 0.042471044 0.067193680 0.030534351 0.106557377 0.007462686 0.062992126 0.042471044 0.007462686 0.018867925 0.062992126 0.097560972 0.139240503 0.071428575 0.174311921 0.026615970 0.032258064 0.071428575
0.168831170 0.030534351 0.088709675 0.026615970 0.015037594 0.038461540 0.062992126 0.011235955 0.030534351 0.000000000 0.000000000 0.025270758 0.010989011 0.058823530 0.093117408 0.093117408 0.054687500 0.042471044 0.067193680 0.030534351 0.106557377 0.007462686 0.062992126 0.042471044 0.007462686 0.018867925 0.062992126 0.097560972 0.139240503 0.071428575 0.174311921 0.026615970 0.032258064 0.071428575
0.193277314 0.055762082 0.113725491 0.051851850 0.040293042 0.063670412 0.088122606 0.036496349 0.055762082 0.025270758 0.025270758 0.000000000 0.014285714 0.083969466 0.118110240 0.118110240 0.079847910 0.067669176 0.092307694 0.055762082 0.131474108 0.032727271 0.088122606 0.067669176 0.032727271 0.044117648 0.088122606 0.122529641 0.163934425 0.096525095 0.149700597 0.051851850 0.006993007 0.096525095
0.179487184 0.041509435 0.099601597 0.037593983 0.026022306 0.049429659 0.073929958 0.022222223 0.041509435 0.010989011 0.010989011 0.014285714 0.000000000 0.069767445 0.104000002 0.104000002 0.065637067 0.053435113 0.078125000 0.041509435 0.117408909 0.018450184 0.073929958 0.053435113 0.018450184 0.029850746 0.073929958 0.108433738 0.150000006 0.082352944 0.163636357 0.037593983 0.021276595 0.082352944
0.111111112 0.028340081 0.030042918 0.032258064 0.043824703 0.020408163 0.004184100 0.047619049 0.028340081 0.058823530 0.058823530 0.083969466 0.069767445 0.000000000 0.034482758 0.034482758 0.004149378 0.016393442 0.008403362 0.028340081 0.048034936 0.051383398 0.004184100 0.016393442 0.051383398 0.039999999 0.004184100 0.038961038 0.081081077 0.012658228 0.230769232 0.032258064 0.090909094 0.012658228
0.076923080 0.062761508 0.004444445 0.066666670 0.078189299 0.054852322 0.030303031 0.081967212 0.062761508 0.093117408 0.093117408 0.118110240 0.104000002 0.034482758 0.000000000 0.000000000 0.038626611 0.050847456 0.026086956 0.062761508 0.013574661 0.085714288 0.030303031 0.050847456 0.085714288 0.074380167 0.030303031 0.004484305 0.046728972 0.021834061 0.263157904 0.066666670 0.125000000 0.021834061
0.076923080 0.062761508 0.004444445 0.066666670 0.078189299 0.054852322 0.030303031 0.081967212 0.062761508 0.093117408 0.093117408 0.118110240 0.104000002 0.034482758 0.000000000 0.000000000 0.038626611 0.050847456 0.026086956 0.062761508 0.013574661 0.085714288 0.030303031 0.050847456 0.085714288 0.074380167 0.030303031 0.004484305 0.046728972 0.021834061 0.263157904 0.066666670 0.125000000 0.021834061
0.115207374 0.024193548 0.034188036 0.028112451 0.039682541 0.016260162 0.008333334 0.043478262 0.024193548 0.054687500 0.054687500 0.079847910 0.065637067 0.004149378 0.038626611 0.038626611 0.000000000 0.012244898 0.012552301 0.024193548 0.052173913 0.047244094 0.008333334 0.012244898 0.047244094 0.035856575 0.008333334 0.043103449 0.085201792 0.016806724 0.226837054 0.028112451 0.086792454 0.016806724
0.127272725 0.011952192 0.046413504 0.015873017 0.027450981 0.004016064 0.020576132 0.031250000 0.011952192 0.042471044 0.042471044 0.067669176 0.053435113 0.016393442 0.050847456 0.050847456 0.012244898 0.000000000 0.024793388 0.011952192 0.064377680 0.035019454 0.020576132 0.000000000 0.035019454 0.023622047 0.020576132 0.055319149 0.097345136 0.029045643 0.215189874 0.015873017 0.074626863 0.029045643
0.102803737 0.036734693 0.021645023 0.040650405 0.052208837 0.028806584 0.004219409 0.056000002 0.036734693 0.067193680 0.067193680 0.092307694 0.078125000 0.008403362 0.026086956 0.026086956 0.012552301 0.024793388 0.000000000 0.036734693 0.039647575 0.059760958 0.004219409 0.024793388 0.059760958 0.048387095 0.004219409 0.030567685 0.072727270 0.004255319 0.238709673 0.040650405 0.099236645 0.004255319
0.139013454 0.000000000 0.058333334 0.003921569 0.015503876 0.007936508 0.032520324 0.019305019 0.000000000 0.030534351 0.030534351 0.055762082 0.041509435 0.028340081 0.062761508 0.062761508 0.024193548 0.011952192 0.036734693 0.000000000 0.076271184 0.023076924 0.032520324 0.011952192 0.023076924 0.011673152 0.032520324 0.067226894 0.109170303 0.040983606 0.203761756 0.003921569 0.062730625 0.040983606
0.063414633 0.076271184 0.018018018 0.080168776 0.091666669 0.068376072 0.043859649 0.095435686 0.076271184 0.106557377 0.106557377 0.131474108 0.117408909 0.048034936 0.013574661 0.013574661 0.052173913 0.064377680 0.039647575 0.076271184 0.000000000 0.099173553 0.043859649 0.064377680 0.099173553 0.087866105 0.043859649 0.009090909 0.033175357 0.035398230 0.275747508 0.080168776 0.138339922 0.035398230
0.161572054 0.023076924 0.081300810 0.019157087 0.007575758 0.031007752 0.055555556 0.003773585 0.023076924 0.007462686 0.007462686 0.032727271 0.018450184 0.051383398 0.085714288 0.085714288 0.047244094 0.035019454 0.059760958 0.023076924 0.099173553 0.000000000 0.055555556 0.035019454 0.000000000 0.011406844 0.055555556 0.090163931 0.131914899 0.064000003 0.181538463 0.019157087 0.039711192 0.064000003
0.106976748 0.032520324 0.025862070 0.036437247 0.048000000 0.024590164 0.000000000 0.051792830 0.032520324 0.062992126 0.062992126 0.088122606 0.073929958 0.004184100 0.030303031 0.030303031 0.008333334 0.020576132 0.004219409 0.032520324 0.043859649 0.055555556 0.000000000 0.020576132 0.055555556 0.044176705 0.000000000 0.034782607 0.076923080 0.008474576 0.234726682 0.036437247 0.095057033 0.008474576
0.127272725 0.011952192 0.046413504 0.015873017 0.027450981 0.004016064 0.020576132 0.031250000 0.011952192 0.042471044 0.042471044 0.067669176 0.053435113 0.016393442 0.050847456 0.050847456 0.012244898 0.000000000 0.024793388 0.011952192 0.064377680 0.035019454 0.020576132 0.000000000 0.035019454 0.023622047 0.020576132 0.055319149 0.097345136 0.029045643 0.215189874 0.015873017 0.074626863 0.029045643
0.161572054 0.023076924 0.081300810 0.019157087 0.007575758 0.031007752 0.055555556 0.003773585 0.023076924 0.007462686 0.007462686 0.032727271 0.018450184 0.051383398 0.085714288 0.085714288 0.047244094 0.035019454 0.059760958 0.023076924 0.099173553 0.000000000 0.055555556 0.035019454 0.000000000 0.011406844 0.055555556 0.090163931 0.131914899 0.064000003 0.181538463 0.019157087 0.039711192 0.064000003
0.150442481 0.011673152 0.069958851 0.007751938 0.003831418 0.019607844 0.044176705 0.007633588 0.011673152 0.018867925 0.018867925 0.044117648 0.029850746 0.039999999 0.074380167 0.074380167 0.035856575 0.023622047 0.048387095 0.011673152 0.087866105 0.011406844 0.044176705 0.023622047 0.011406844 0.000000000 0.044176705 0.078838177 0.120689653 0.052631579 0.192546591 0.007751938 0.051094890 0.052631579
0.106976748 0.032520324 0.025862070 0.036437247 0.048000000 0.024590164 0.000000000 0.051792830 0.032520324 0.062992126 0.062992126 0.088122606 0.073929958 0.004184100 0.030303031 0.030303031 0.008333334 0.020576132 0.004219409 0.032520324 0.043859649 0.055555556 0.000000000 0.020576132 0.055555556 0.044176705 0.000000000 0.034782607 0.076923080 0.008474576 0.234726682 0.036437247 0.095057033 0.008474576
0.072463766 0.067226894 0.008928572 0.071129709 0.082644626 0.059322033 0.034782607 0.086419754 0.067226894 0.097560972 0.097560972 0.122529641 0.108433738 0.038961038 0.004484305 0.004484305 0.043103449 0.055319149 0.030567685 0.067226894 0.009090909 0.090163931 0.034782607 0.055319149 0.090163931 0.078838177 0.034782607 0.000000000 0.042253520 0.026315790 0.267326742 0.071129709 0.129411772 0.026315790
0.030303031 0.109170303 0.051162791 0.113043480 0.124463521 0.101321585 0.076923080 0.128205135 0.109170303 0.139240503 0.139240503 0.163934425 0.150000006 0.081081077 0.046728972 0.046728972 0.085201792 0.097345136 0.072727270 0.109170303 0.033175357 0.131914899 0.076923080 0.097345136 0.131914899 0.120689653 0.076923080 0.042253520 0.000000000 0.068493150 0.306122452 0.113043480 0.170731708 0.068493150
0.098591551 0.040983606 0.017391304 0.044897959 0.056451611 0.033057850 0.008474576 0.060240965 0.040983606 0.071428575 0.071428575 0.096525095 0.082352944 0.012658228 0.021834061 0.021834061 0.016806724 0.029045643 0.004255319 0.040983606 0.035398230 0.064000003 0.008474576 0.029045643 0.064000003 0.052631579 0.008474576 0.026315790 0.068493150 0.000000000 0.242718443 0.044897959 0.103448279 0.000000000
0.333333343 0.203761756 0.259016395 0.200000003 0.188854486 0.211356461 0.234726682 0.185185179 0.203761756 0.174311921 0.174311921 0.149700597 0.163636357 0.230769232 0.263157904 0.263157904 0.226837054 0.215189874 0.238709673 0.203761756 0.275747508 0.181538463 0.234726682 0.215189874 0.181538463 0.192546591 0.234726682 0.267326742 0.306122452 0.242718443 0.000000000 0.200000003 0.142857149 0.242718443
0.142857149 0.003921569 0.062240664 0.000000000 0.011583012 0.011857707 0.036437247 0.015384615 0.003921569 0.026615970 0.026615970 0.051851850 0.037593983 0.032258064 0.066666670 0.066666670 0.028112451 0.015873017 0.040650405 0.003921569 0.080168776 0.019157087 0.036437247 0.015873017 0.019157087 0.007751938 0.036437247 0.071129709 0.113043480 0.044897959 0.200000003 0.000000000 0.058823530 0.044897959
0.200000003 0.062730625 0.120622568 0.058823530 0.047272727 0.070631973 0.095057033 0.043478262 0.062730625 0.032258064 0.032258064 0.006993007 0.021276595 0.090909094 0.125000000 0.125000000 0.086792454 0.074626863 0.099236645 0.062730625 0.138339922 0.039711192 0.095057033 0.074626863 0.039711192 0.051094890 0.095057033 0.129411772 0.170731708 0.103448279 0.142857149 0.058823530 0.000000000 0.103448279
0.098591551 0.040983606 0.017391304 0.044897959 0.056451611 0.033057850 0.008474576 0.060240965 0.040983606 0.071428575 0.071428575 0.096525095 0.082352944 0.012658228 0.021834061 0.021834061 0.016806724 0.029045643 0.004255319 0.040983606 0.035398230 0.064000003 0.008474576 0.029045643 0.064000003 0.052631579 0.008474576 0.026315790 0.068493150 0.000000000 0.242718443 0.044897959 0.103448279 0.000000000
