0.014166183 0.042351909 0.029298313 0.066855200 0.044294827 0.036432818 0.038432952 0.045591980 0.040367573 0.050196655 0.046505872 0.062242471 0.040120918 0.045006678 0.022955757 0.030670522 0.034923255 0.054518003 0.039746173 0.052072961 0.024820019 0.041939579 0.023969099 0.038153481 0.048300460 0.045655515 0.038154513 0.029689429 0.027157035 0.039867010 0.068190530 0.049513381 0.057141252 0.027573962
0.042351909 0.009089466 0.024397409 0.035453584 0.024101065 0.017277969 0.020351076 0.020897584 0.021725209 0.024415741 0.022593534 0.024703395 0.015912175 0.021767261 0.029399898 0.025672482 0.027341992 0.027822528 0.022376981 0.033128206 0.025943752 0.018556289 0.030504016 0.019668398 0.014804053 0.022652650 0.020230534 0.019389741 0.027015377 0.022379581 0.045108058 0.026403626 0.024025060 0.027214030
0.029298313 0.024397409 0.000428516 0.043943077 0.018961649 0.013966082 0.013388264 0.021223363 0.016801363 0.030275535 0.024112204 0.040214650 0.019600630 0.019542670 0.017975753 0.015107227 0.017171893 0.031407643 0.017007487 0.026529498 0.006081556 0.018104814 0.013223267 0.014046730 0.026060184 0.025867721 0.016698694 0.008272943 0.013747098 0.017856617 0.044288684 0.026876891 0.025300795 0.011150779
0.066855200 0.035453584 0.043943077 0.021277832 0.026501868 0.030212797 0.028668473 0.034114942 0.039001092 0.023147548 0.020146165 0.021453466 0.023671728 0.033012312 0.059006859 0.054115303 0.039669003 0.028345704 0.032482557 0.021383960 0.038336765 0.023140213 0.052363083 0.024606436 0.031337943 0.016095636 0.031811982 0.030300170 0.038040817 0.036179207 0.044731259 0.013180732 0.051942579 0.042351548
0.044294827 0.024101065 0.018961649 0.026501868 -0.002389822 0.017915636 0.011757374 0.013986839 0.017751958 0.020666476 0.016475780 0.018931802 0.012424055 0.015461117 0.037190523 0.027654152 0.017026933 0.027166929 0.019611465 0.015606322 0.022128530 0.015247126 0.028934963 0.013063447 0.016887164 0.015544450 0.014989704 0.017080411 0.023248471 0.015377644 0.051673859 0.019632433 0.024127543 0.031905632
0.036432818 0.017277969 0.013966082 0.030212797 0.017915636 0.007013721 0.007785672 0.012035564 0.009150045 0.020941649 0.017006723 0.024325054 0.012689296 0.011326704 0.027003532 0.019107403 0.014659191 0.024491780 0.014106482 0.019213112 0.011061775 0.013073209 0.022744004 0.010144222 0.017142624 0.017144352 0.011037096 0.005586573 0.020397466 0.011902655 0.040586494 0.025366258 0.023592638 0.020749450
0.038432952 0.020351076 0.013388264 0.028668473 0.011757374 0.007785672 -0.004382376 0.006982698 0.012502917 0.020060359 0.002143580 0.022599392 0.009408382 0.004729162 0.024782948 0.020970859 0.012237811 0.017850434 0.009163665 0.016579859 0.013910760 0.005990271 0.020545911 0.001666303 0.011789380 0.006559927 0.007068857 0.006283878 0.017532159 0.008137619 0.037748326 0.012829253 0.017692186 0.017813474
0.045591980 0.020897584 0.021223363 0.034114942 0.013986839 0.012035564 0.006982698 0.005450461 0.014747024 0.019668400 0.013025722 0.028129362 0.011833566 0.014639751 0.032878641 0.031420797 0.019835591 0.021418856 0.016373303 0.022572063 0.020203171 0.013735973 0.029247213 0.009128025 0.014954112 0.011855507 0.012908829 0.009144457 0.024704423 0.011655862 0.042729914 0.017145349 0.022922423 0.024283767
0.040367573 0.021725209 0.016801363 0.039001092 0.017751958 0.009150045 0.012502917 0.014747024 0.003742002 0.024036745 0.018021887 0.029001899 0.013774594 0.014788127 0.029012464 0.024607273 0.019443825 0.025209870 0.018511802 0.025160616 0.016220054 0.013305396 0.024966665 0.010138563 0.019530874 0.017230585 0.016033063 0.010808689 0.020288724 0.015723702 0.045284364 0.020039376 0.016794510 0.014596924
0.050196655 0.024415741 0.030275535 0.023147548 0.020666476 0.020941649 0.020060359 0.019668400 0.024036745 0.007023287 0.012113282 0.015065202 0.018738132 0.021977153 0.042727560 0.042706564 0.030717634 0.015505478 0.024396880 0.018730594 0.028996203 0.017521337 0.038861964 0.019261232 0.019227341 0.009094823 0.022525629 0.019078821 0.032710809 0.022050675 0.033133388 0.008054355 0.027618619 0.031899370
0.046505872 0.022593534 0.024112204 0.020146165 0.016475780 0.017006723 0.002143580 0.013025722 0.018021887 0.012113282 0.000416487 0.012942095 0.011666278 0.013870953 0.037711579 0.032348193 0.020591978 0.012894352 0.017425310 0.016722776 0.022995163 0.011137432 0.031536952 0.012738500 0.013628835 0.007389283 0.015985649 0.015234236 0.027903058 0.015620385 0.033939261 0.008731338 0.018829973 0.029496638
0.062242471 0.024703395 0.040214650 0.021453466 0.018931802 0.024325054 0.022599392 0.028129362 0.029001899 0.015065202 0.012942095 0.013748432 0.016450005 0.024381062 0.053075463 0.047917552 0.033853464 0.023873720 0.026781309 0.020397324 0.035664812 0.015096741 0.046362218 0.017802643 0.023337245 0.009521468 0.024703134 0.027007153 0.033142250 0.027780261 0.046059456 0.010105097 0.032584514 0.040195309
0.040120918 0.015912175 0.019600630 0.023671728 0.012424055 0.012689296 0.009408382 0.011833566 0.013774594 0.018738132 0.011666278 0.016450005 0.001938958 0.011802165 0.034676481 0.028948195 0.016245963 0.022052817 0.015020113 0.014104280 0.022237044 0.013468118 0.027811406 0.010537068 0.016853979 0.014758936 0.012772408 0.013728371 0.019769609 0.015197439 0.040844146 0.015543250 0.020361101 0.024720296
0.045006678 0.021767261 0.019542670 0.033012312 0.015461117 0.011326704 0.004729162 0.014639751 0.014788127 0.021977153 0.013870953 0.024381062 0.011802165 0.008084564 0.033942204 0.026780885 0.014760165 0.023663498 0.014855802 0.017260306 0.017548498 0.013953579 0.025619861 0.009502312 0.017783055 0.015403116 0.012931504 0.011370046 0.020321909 0.014441933 0.049424425 0.021998551 0.028464131 0.025451113
0.022955757 0.029399898 0.017975753 0.059006859 0.037190523 0.027003532 0.024782948 0.032878641 0.029012464 0.042727560 0.037711579 0.053075463 0.034676481 0.033942204 0.004327314 0.023566842 0.024514958 0.044334445 0.027680883 0.043234024 0.019717703 0.032184485 0.019909337 0.027513858 0.041255124 0.036279131 0.028656552 0.017467700 0.022837549 0.027492739 0.053457804 0.048153311 0.046996556 0.024905156
0.030670522 0.025672482 0.015107227 0.054115303 0.027654152 0.019107403 0.020970859 0.031420797 0.024607273 0.042706564 0.032348193 0.047917552 0.028948195 0.026780885 0.023566842 0.006069360 0.020419400 0.043109879 0.024291076 0.033478860 0.012180334 0.025966208 0.015926277 0.021496387 0.035858322 0.035542697 0.024253357 0.018438466 0.010262294 0.027515151 0.053311888 0.037505031 0.039383948 0.014611261
0.034923255 0.027341992 0.017171893 0.039669003 0.017026933 0.014659191 0.012237811 0.019835591 0.019443825 0.030717634 0.020591978 0.033853464 0.016245963 0.014760165 0.024514958 0.020419400 0.004424894 0.029129125 0.014987136 0.024545036 0.013439819 0.016197059 0.016431691 0.012001382 0.022145927 0.022774175 0.013621542 0.014856745 0.014956308 0.018698163 0.044687860 0.024493372 0.032758437 0.016956231
0.054518003 0.027822528 0.031407643 0.028345704 0.027166929 0.024491780 0.017850434 0.021418856 0.025209870 0.015505478 0.012894352 0.023873720 0.022052817 0.023663498 0.044334445 0.043109879 0.029129125 0.005069815 0.024085179 0.031403255 0.029800758 0.018048124 0.038211763 0.021982551 0.017014787 0.011463471 0.023277510 0.018247217 0.036657549 0.022324923 0.028205534 0.012911789 0.034669451 0.034234073
0.039746173 0.022376981 0.017007487 0.032482557 0.019611465 0.014106482 0.009163665 0.016373303 0.018511802 0.024396880 0.017425310 0.026781309 0.015020113 0.014855802 0.027680883 0.024291076 0.014987136 0.024085179 0.005133425 0.022014221 0.017361348 0.013743025 0.021944145 0.013058503 0.018174719 0.018271986 0.014442049 0.013062754 0.020060219 0.017499365 0.042032033 0.021933608 0.026412912 0.019535495
0.052072961 0.033128206 0.026529498 0.021383960 0.015606322 0.019213112 0.016579859 0.022572063 0.025160616 0.018730594 0.016722776 0.020397324 0.014104280 0.017260306 0.043234024 0.033478860 0.024545036 0.031403255 0.022014221 -0.003963052 0.019911174 0.016176395 0.037243612 0.016195588 0.025258441 0.016672578 0.022672102 0.016829778 0.025118811 0.025542913 0.049762040 0.011150356 0.035539508 0.033120055
0.024820019 0.025943752 0.006081556 0.038336765 0.022128530 0.011061775 0.013910760 0.020203171 0.016220054 0.028996203 0.022995163 0.035664812 0.022237044 0.017548498 0.019717703 0.012180334 0.013439819 0.029800758 0.017361348 0.019911174 -0.001021966 0.017498771 0.011523956 0.014097514 0.032459978 0.026407737 0.016153354 0.006892343 0.011490139 0.017911129 0.039938986 0.027816463 0.027756389 0.012727758
0.041939579 0.018556289 0.018104814 0.023140213 0.015247126 0.013073209 0.005990271 0.013735973 0.013305396 0.017521337 0.011137432 0.015096741 0.013468118 0.013953579 0.032184485 0.025966208 0.016197059 0.018048124 0.013743025 0.016176395 0.017498771 -0.001003519 0.025700044 0.009434465 0.015419804 0.012246759 0.011981661 0.010755328 0.020808190 0.015122997 0.035021607 0.015853878 0.018272221 0.023329664
0.023969099 0.030504016 0.013223267 0.052363083 0.028934963 0.022744004 0.020545911 0.029247213 0.024966665 0.038861964 0.031536952 0.046362218 0.027811406 0.025619861 0.019909337 0.015926277 0.016431691 0.038211763 0.021944145 0.037243612 0.011523956 0.025700044 0.003397523 0.022694424 0.034099035 0.032765992 0.023596145 0.018083267 0.013806853 0.024953909 0.047666475 0.040432408 0.037548617 0.018175721
0.038153481 0.019668398 0.014046730 0.024606436 0.013063447 0.010144222 0.001666303 0.009128025 0.010138563 0.019261232 0.012738500 0.017802643 0.010537068 0.009502312 0.027513858 0.021496387 0.012001382 0.021982551 0.013058503 0.016195588 0.014097514 0.009434465 0.022694424 -0.001951345 0.017414007 0.015812874 0.008284052 0.008595165 0.017906372 0.009924960 0.039428115 0.018689409 0.016305845 0.019704923
0.048300460 0.014804053 0.026060184 0.031337943 0.016887164 0.017142624 0.011789380 0.014954112 0.019530874 0.019227341 0.013628835 0.023337245 0.016853979 0.017783055 0.041255124 0.035858322 0.022145927 0.017014787 0.018174719 0.025258441 0.032459978 0.015419804 0.034099035 0.017414007 -0.016096180 0.013459170 0.017239967 0.016167369 0.026131278 0.017795572 0.027980883 0.017233433 0.027267469 0.028440014
0.045655515 0.022652650 0.025867721 0.016095636 0.015544450 0.017144352 0.006559927 0.011855507 0.017230585 0.009094823 0.007389283 0.009521468 0.014758936 0.015403116 0.036279131 0.035542697 0.022774175 0.011463471 0.018271986 0.016672578 0.026407737 0.012246759 0.032765992 0.015812874 0.013459170 -0.000349663 0.016337443 0.017880663 0.027875267 0.015976811 0.032626387 0.008502617 0.016240818 0.029349983
0.038154513 0.020230534 0.016698694 0.031811982 0.014989704 0.011037096 0.007068857 0.012908829 0.016033063 0.022525629 0.015985649 0.024703134 0.012772408 0.012931504 0.028656552 0.024253357 0.013621542 0.023277510 0.014442049 0.022672102 0.016153354 0.011981661 0.023596145 0.008284052 0.017239967 0.016337443 0.007027980 0.007270049 0.019798659 0.012604001 0.040144742 0.020786352 0.022272050 0.020271005
0.029689429 0.019389741 0.008272943 0.030300170 0.017080411 0.005586573 0.006283878 0.009144457 0.010808689 0.019078821 0.015234236 0.027007153 0.013728371 0.011370046 0.017467700 0.018438466 0.014856745 0.018247217 0.013062754 0.016829778 0.006892343 0.010755328 0.018083267 0.008595165 0.016167369 0.017880663 0.007270049 -0.004427936 0.016473779 0.007334834 0.029751224 0.018852469 0.019219995 0.010422489
0.027157035 0.027015377 0.013747098 0.038040817 0.023248471 0.020397466 0.017532159 0.024704423 0.020288724 0.032710809 0.027903058 0.033142250 0.019769609 0.020321909 0.022837549 0.010262294 0.014956308 0.036657549 0.020060219 0.025118811 0.011490139 0.020808190 0.013806853 0.017906372 0.026131278 0.027875267 0.019798659 0.016473779 0.006759070 0.022245735 0.046586189 0.032841839 0.030495152 0.017439237
0.039867010 0.022379581 0.017856617 0.036179207 0.015377644 0.011902655 0.008137619 0.011655862 0.015723702 0.022050675 0.015620385 0.027780261 0.015197439 0.014441933 0.027492739 0.027515151 0.018698163 0.022324923 0.017499365 0.025542913 0.017911129 0.015122997 0.024953909 0.009924960 0.017795572 0.015976811 0.012604001 0.007334834 0.022245735 0.006551132 0.041151743 0.016736148 0.021936603 0.018332645
0.068190530 0.045108058 0.044288684 0.044731259 0.051673859 0.040586494 0.037748326 0.042729914 0.045284364 0.033133388 0.033939261 0.046059456 0.040844146 0.049424425 0.053457804 0.053311888 0.044687860 0.028205534 0.042032033 0.049762040 0.039938986 0.035021607 0.047666475 0.039428115 0.027980883 0.032626387 0.040144742 0.029751224 0.046586189 0.041151743 -0.017620293 0.031935971 0.058419026 0.043975040
0.049513381 0.026403626 0.026876891 0.013180732 0.019632433 0.025366258 0.012829253 0.017145349 0.020039376 0.008054355 0.008731338 0.010105097 0.015543250 0.021998551 0.048153311 0.037505031 0.024493372 0.012911789 0.021933608 0.011150356 0.027816463 0.015853878 0.040432408 0.018689409 0.017233433 0.008502617 0.020786352 0.018852469 0.032841839 0.016736148 0.031935971 0.002543467 0.024805894 0.043063432
0.057141252 0.024025060 0.025300795 0.051942579 0.024127543 0.023592638 0.017692186 0.022922423 0.016794510 0.027618619 0.018829973 0.032584514 0.020361101 0.028464131 0.046996556 0.039383948 0.032758437 0.034669451 0.026412912 0.035539508 0.027756389 0.018272221 0.037548617 0.016305845 0.027267469 0.016240818 0.022272050 0.019219995 0.030495152 0.021936603 0.058419026 0.024805894 0.011457462 0.032064326
0.027573962 0.027214030 0.011150779 0.042351548 0.031905632 0.020749450 0.017813474 0.024283767 0.014596924 0.031899370 0.029496638 0.040195309 0.024720296 0.025451113 0.024905156 0.014611261 0.016956231 0.034234073 0.019535495 0.033120055 0.012727758 0.023329664 0.018175721 0.019704923 0.028440014 0.029349983 0.020271005 0.010422489 0.017439237 0.018332645 0.043975040 0.043063432 0.032064326 0.014800027
