0.014083990 0.039413918 0.030431440 0.058510236 0.038882144 0.035129104 0.042685844 0.038811143 0.041252859 0.052270036 0.043646745 0.056314163 0.034083858 0.037958592 0.023464121 0.029503375 0.030026160 0.056068622 0.038852431 0.045882925 0.028694026 0.041038759 0.025164362 0.044155981 0.045034178 0.051487923 0.040223256 0.042349495 0.027685463 0.038943499 0.069281727 0.041609004 0.041305609 0.029423840
0.039413918 0.006518342 0.022732688 0.028422022 0.020504089 0.016658057 0.013221958 0.016609402 0.024158273 0.022620786 0.019880801 0.025334602 0.020023495 0.018459383 0.025318412 0.028555399 0.024473697 0.022169158 0.017527837 0.025161540 0.025337927 0.015392002 0.025681408 0.016718926 0.016714308 0.020624952 0.020189576 0.018123694 0.029149629 0.012322814 0.046790160 0.023136722 0.024441939 0.030304121
0.030431440 0.022732688 0.005355895 0.039777812 0.021758802 0.016605966 0.017741982 0.020604629 0.020100430 0.034398254 0.026717966 0.038220435 0.020348338 0.019658446 0.022919675 0.019893773 0.017425070 0.035240218 0.019091854 0.023552245 0.012334971 0.020875748 0.016786629 0.020610938 0.028454795 0.032520179 0.021283418 0.018336728 0.017815799 0.018919226 0.052538522 0.027094312 0.021771232 0.016135426
0.058510236 0.028422022 0.039777812 0.001905249 0.021548450 0.027795307 0.027767913 0.023352109 0.032215130 0.014104000 0.017995719 0.011937888 0.025289308 0.031954266 0.050116677 0.055088557 0.035317730 0.018163469 0.031202836 0.019036511 0.039256267 0.023216801 0.044893861 0.028842142 0.022521421 0.016064342 0.031613454 0.032162748 0.041264888 0.023782488 0.039692294 0.008199567 0.027397852 0.043922670
0.038882144 0.020504089 0.021758802 0.021548450 0.003117876 0.017206969 0.014549765 0.009938643 0.022590946 0.017681092 0.018202340 0.019422892 0.016071472 0.016781665 0.034772243 0.031764258 0.017345572 0.027070409 0.020999365 0.012759645 0.021789309 0.016751565 0.027286928 0.019006418 0.009610328 0.017629765 0.021532960 0.017649174 0.027669586 0.011474647 0.053595006 0.020643450 0.014218430 0.026781663
0.035129104 0.016658057 0.016605966 0.027795307 0.017206969 0.006921455 0.008606063 0.009997477 0.014058415 0.023472847 0.017678291 0.026367750 0.014194906 0.008804364 0.027167840 0.021876959 0.013007695 0.026850363 0.014356997 0.014641474 0.014047205 0.013262445 0.022113711 0.013651215 0.017783020 0.020299777 0.014959136 0.010974150 0.021737613 0.009905547 0.045851018 0.021132085 0.019370310 0.020056199
0.042685844 0.013221958 0.017741982 0.027767913 0.014549765 0.008606063 -0.005284195 0.006366577 0.013126046 0.020451158 0.002556347 0.021757869 0.008660300 0.006170550 0.032807671 0.027965408 0.011874389 0.022577109 0.009584790 0.011782140 0.016818691 0.003674444 0.026560530 0.001336755 0.009694474 0.004555056 0.009332769 0.008114048 0.020637717 0.006348841 0.048300795 0.015512348 0.016729031 0.020591184
0.038811143 0.016609402 0.020604629 0.023352109 0.009938643 0.009997477 0.006366577 0.002020046 0.015331810 0.016784180 0.010753833 0.020927953 0.009764460 0.010765389 0.029760016 0.029837500 0.017091211 0.022289608 0.014175057 0.013925165 0.018369954 0.010462361 0.025633877 0.011083628 0.015668632 0.012369216 0.015327239 0.015155214 0.024622519 0.007435211 0.046006098 0.013771057 0.012616063 0.022613732
0.041252859 0.024158273 0.020100430 0.032215130 0.022590946 0.014058415 0.013126046 0.015331810 0.010326106 0.025987558 0.020299297 0.028791370 0.020011952 0.017884651 0.029680667 0.029242203 0.023007441 0.025647053 0.020146014 0.022780579 0.020573523 0.015405584 0.025629576 0.013948534 0.025308225 0.020654887 0.021901099 0.018118203 0.029423293 0.012366262 0.053710051 0.025362849 0.017770061 0.029293792
0.052270036 0.022620786 0.034398254 0.014104000 0.017681092 0.023472847 0.020451158 0.016784180 0.025987558 0.007150987 0.011873727 0.009978264 0.019367263 0.022438670 0.044670336 0.047058217 0.030020889 0.015593234 0.024689520 0.014834472 0.033629745 0.018160060 0.039183378 0.021715302 0.017432012 0.011340554 0.025646526 0.027681477 0.035670239 0.018776039 0.040689930 0.007367100 0.020063022 0.038578041
0.043646745 0.019880801 0.026717966 0.017995719 0.018202340 0.017678291 0.002556347 0.010753833 0.020299297 0.011873727 0.000584182 0.014132475 0.012289290 0.013269590 0.038858667 0.037839785 0.019931190 0.015446851 0.018226195 0.012156367 0.023923507 0.010114756 0.033183429 0.013165316 0.010529863 0.007386880 0.019280342 0.017603487 0.031431332 0.013173442 0.038850728 0.008810910 0.013872300 0.029699758
0.056314163 0.025334602 0.038220435 0.011937888 0.019422892 0.026367750 0.021757869 0.020927953 0.028791370 0.009978264 0.014132475 0.005120278 0.021804482 0.025797781 0.046718322 0.050809436 0.033596497 0.017792158 0.027589023 0.015008973 0.034178220 0.018260753 0.041879315 0.022810442 0.018964540 0.011537529 0.028710829 0.026309062 0.038986422 0.020035038 0.044728186 0.010551375 0.024213944 0.040511422
0.034083858 0.020023495 0.020348338 0.025289308 0.016071472 0.014194906 0.008660300 0.009764460 0.020011952 0.019367263 0.012289290 0.021804482 0.001645169 0.011827328 0.028434856 0.027816799 0.016637977 0.023218019 0.016522456 0.012748755 0.020346273 0.013080674 0.022722594 0.012908153 0.014555735 0.015008867 0.018449310 0.015077097 0.025109049 0.011471966 0.045960717 0.016508415 0.012303572 0.022439798
0.037958592 0.018459383 0.019658446 0.031954266 0.016781665 0.008804364 0.006170550 0.010765389 0.017884651 0.022438670 0.013269590 0.025797781 0.011827328 0.005002758 0.029324152 0.027089294 0.012573343 0.025769781 0.014393081 0.016759109 0.017672740 0.013553248 0.022529379 0.013511584 0.014783837 0.017429087 0.016979771 0.014689837 0.021310940 0.011099793 0.051993325 0.020459436 0.018148940 0.019533025
0.023464121 0.025318412 0.022919675 0.050116677 0.034772243 0.027167840 0.032807671 0.029760016 0.029680667 0.044670336 0.038858667 0.046718322 0.028434856 0.029324152 0.006809675 0.020728700 0.021421384 0.050165720 0.030449811 0.033830386 0.023488307 0.033954244 0.022109188 0.036101136 0.035304971 0.043816183 0.032671258 0.030606039 0.022386706 0.032249101 0.057239920 0.040045682 0.029703595 0.022259524
0.029503375 0.028555399 0.019893773 0.055088557 0.031764258 0.021876959 0.027965408 0.029837500 0.029242203 0.047058217 0.037839785 0.050809436 0.027816799 0.027089294 0.020728700 0.005056652 0.021227283 0.047220811 0.028906278 0.035562851 0.014457421 0.030319218 0.014144748 0.030610649 0.036254477 0.043304168 0.028841503 0.028903266 0.016641034 0.028703230 0.058526404 0.040068161 0.029232163 0.019444371
0.030026160 0.024473697 0.017425070 0.035317730 0.017345572 0.013007695 0.011874389 0.017091211 0.023007441 0.030020889 0.019931190 0.033596497 0.016637977 0.012573343 0.021421384 0.021227283 0.002749077 0.031086821 0.014436049 0.018993070 0.011589477 0.014597477 0.014180055 0.014029799 0.020914910 0.023102196 0.017498072 0.016841613 0.015877534 0.015235783 0.048674740 0.020350168 0.024331391 0.012560807
0.056068622 0.022169158 0.035240218 0.018163469 0.027070409 0.026850363 0.022577109 0.022289608 0.025647053 0.015593234 0.015446851 0.017792158 0.023218019 0.025769781 0.050165720 0.047220811 0.031086821 0.009731393 0.025287781 0.021237817 0.033988502 0.019780600 0.043366365 0.027636632 0.019498417 0.017161112 0.027922757 0.026068978 0.042621449 0.022800626 0.034668699 0.015302170 0.028654588 0.041337479
0.038852431 0.017527837 0.019091854 0.031202836 0.020999365 0.014356997 0.009584790 0.014175057 0.020146014 0.024689520 0.018226195 0.027589023 0.016522456 0.014393081 0.030449811 0.028906278 0.014436049 0.025287781 0.004996256 0.018657543 0.020098582 0.014714728 0.024036938 0.015145407 0.018310681 0.018744670 0.017636530 0.016721217 0.023153944 0.014412461 0.047177672 0.022563066 0.024728522 0.020990284
0.045882925 0.025161540 0.023552245 0.019036511 0.012759645 0.014641474 0.011782140 0.013925165 0.022780579 0.014834472 0.012156367 0.015008973 0.012748755 0.016759109 0.033830386 0.035562851 0.018993070 0.021237817 0.018657543 -0.001375142 0.021083994 0.013361191 0.027308537 0.013852066 0.017843936 0.014874825 0.021351453 0.015346201 0.026110109 0.010794858 0.049803972 0.011678671 0.018129820 0.031412967
0.028694026 0.025337927 0.012334971 0.039256267 0.021789309 0.014047205 0.016818691 0.018369954 0.020573523 0.033629745 0.023923507 0.034178220 0.020346273 0.017672740 0.023488307 0.014457421 0.011589477 0.033988502 0.020098582 0.021083994 0.004870428 0.019784419 0.013272373 0.017936207 0.026341794 0.029401427 0.019777700 0.017521597 0.012777052 0.017968208 0.053103831 0.027757812 0.020337803 0.016226444
0.041038759 0.015392002 0.020875748 0.023216801 0.016751565 0.013262445 0.003674444 0.010462361 0.015405584 0.018160060 0.010114756 0.018260753 0.013080674 0.013553248 0.033954244 0.030319218 0.014597477 0.019780600 0.014714728 0.013361191 0.019784419 -0.000989425 0.026673164 0.009318719 0.010329908 0.010083064 0.013602452 0.011842191 0.023578670 0.010837414 0.040832181 0.017075362 0.015375841 0.023872936
0.025164362 0.025681408 0.016786629 0.044893861 0.027286928 0.022113711 0.026560530 0.025633877 0.025629576 0.039183378 0.033183429 0.041879315 0.022722594 0.022529379 0.022109188 0.014144748 0.014180055 0.043366365 0.024036938 0.027308537 0.013272373 0.026673164 0.007119514 0.028777054 0.028469114 0.037087865 0.026783502 0.025053054 0.014174669 0.026414622 0.052426100 0.034294300 0.025328077 0.016190529
0.044155981 0.016718926 0.020610938 0.028842142 0.019006418 0.013651215 0.001336755 0.011083628 0.013948534 0.021715302 0.013165316 0.022810442 0.012908153 0.013511584 0.036101136 0.030610649 0.014029799 0.027636632 0.015145407 0.013852066 0.017936207 0.009318719 0.028777054 -0.001901099 0.014746597 0.013811616 0.012673314 0.010973899 0.021730421 0.009092766 0.055317193 0.024799891 0.017493570 0.024424113
0.045034178 0.016714308 0.028454795 0.022521421 0.009610328 0.017783020 0.009694474 0.015668632 0.025308225 0.017432012 0.010529863 0.018964540 0.014555735 0.014783837 0.035304971 0.036254477 0.020914910 0.019498417 0.018310681 0.017843936 0.026341794 0.010329908 0.028469114 0.014746597 -0.012052133 0.011073246 0.019877288 0.017792750 0.027524494 0.015363302 0.038471315 0.013028162 0.018867334 0.027600423
0.051487923 0.020624952 0.032520179 0.016064342 0.017629765 0.020299777 0.004555056 0.012369216 0.020654887 0.011340554 0.007386880 0.011537529 0.015008867 0.017429087 0.043816183 0.043304168 0.023102196 0.017161112 0.018744670 0.014874825 0.029401427 0.010083064 0.037087865 0.013811616 0.011073246 -0.000383340 0.020309698 0.020024704 0.032133959 0.013427095 0.046107002 0.010407731 0.014627205 0.035135169
0.040223256 0.020189576 0.021283418 0.031613454 0.021532960 0.014959136 0.009332769 0.015327239 0.021901099 0.025646526 0.019280342 0.028710829 0.018449310 0.016979771 0.032671258 0.028841503 0.017498072 0.027922757 0.017636530 0.021351453 0.019777700 0.013602452 0.026783502 0.012673314 0.019877288 0.020309698 0.013300929 0.012183284 0.028036466 0.011522524 0.048432007 0.026840549 0.023488607 0.027300732
0.042349495 0.018123694 0.018336728 0.032162748 0.017649174 0.010974150 0.008114048 0.015155214 0.018118203 0.027681477 0.017603487 0.026309062 0.015077097 0.014689837 0.030606039 0.028903266 0.016841613 0.026068978 0.016721217 0.015346201 0.017521597 0.011842191 0.025053054 0.010973899 0.017792750 0.020024704 0.012183284 0.009500254 0.020708852 0.011261983 0.053391527 0.021230783 0.021083687 0.023285201
0.027685463 0.029149629 0.017815799 0.041264888 0.027669586 0.021737613 0.020637717 0.024622519 0.029423293 0.035670239 0.031431332 0.038986422 0.025109049 0.021310940 0.022386706 0.016641034 0.015877534 0.042621449 0.023153944 0.026110109 0.012777052 0.023578670 0.014174669 0.021730421 0.027524494 0.032133959 0.028036466 0.020708852 0.010676596 0.021478401 0.054110818 0.031618662 0.026457356 0.013585303
0.038943499 0.012322814 0.018919226 0.023782488 0.011474647 0.009905547 0.006348841 0.007435211 0.012366262 0.018776039 0.013173442 0.020035038 0.011471966 0.011099793 0.032249101 0.028703230 0.015235783 0.022800626 0.014412461 0.010794858 0.017968208 0.010837414 0.026414622 0.009092766 0.015363302 0.013427095 0.011522524 0.011261983 0.021478401 0.002234224 0.046222363 0.012626627 0.014330458 0.021721626
0.069281727 0.046790160 0.052538522 0.039692294 0.053595006 0.045851018 0.048300795 0.046006098 0.053710051 0.040689930 0.038850728 0.044728186 0.045960717 0.051993325 0.057239920 0.058526404 0.048674740 0.034668699 0.047177672 0.049803972 0.053103831 0.040832181 0.052426100 0.055317193 0.038471315 0.046107002 0.048432007 0.053391527 0.054110818 0.046222363 -0.010561848 0.033528674 0.052988391 0.054851107
0.041609004 0.023136722 0.027094312 0.008199567 0.020643450 0.021132085 0.015512348 0.013771057 0.025362849 0.007367100 0.008810910 0.010551375 0.016508415 0.020459436 0.040045682 0.040068161 0.020350168 0.015302170 0.022563066 0.011678671 0.027757812 0.017075362 0.034294300 0.024799891 0.013028162 0.010407731 0.026840549 0.021230783 0.031618662 0.012626627 0.033528674 0.001977643 0.011287480 0.031329434
0.041305609 0.024441939 0.021771232 0.027397852 0.014218430 0.019370310 0.016729031 0.012616063 0.017770061 0.020063022 0.013872300 0.024213944 0.012303572 0.018148940 0.029703595 0.029232163 0.024331391 0.028654588 0.024728522 0.018129820 0.020337803 0.015375841 0.025328077 0.017493570 0.018867334 0.014627205 0.023488607 0.021083687 0.026457356 0.014330458 0.052988391 0.011287480 -0.012154967 0.024314247
0.029423840 0.030304121 0.016135426 0.043922670 0.026781663 0.020056199 0.020591184 0.022613732 0.029293792 0.038578041 0.029699758 0.040511422 0.022439798 0.019533025 0.022259524 0.019444371 0.012560807 0.041337479 0.020990284 0.031412967 0.016226444 0.023872936 0.016190529 0.024424113 0.027600423 0.035135169 0.027300732 0.023285201 0.013585303 0.021721626 0.054851107 0.031329434 0.024314247 0.009149201
