0.014508418 0.040352583 0.029554786 0.068075240 0.041189644 0.033521574 0.048293479 0.046347693 0.040348709 0.056180950 0.045112822 0.054395884 0.040747784 0.038335901 0.021702994 0.030569140 0.032044370 0.057229999 0.036349367 0.051926188 0.026955111 0.040610552 0.023850506 0.044334516 0.053288493 0.056121744 0.036144923 0.040302977 0.019982643 0.048688903 0.090658128 0.052777480 0.050128039 0.022809522
0.040352583 0.009629462 0.020262189 0.039264910 0.022675553 0.017383665 0.016786264 0.019797979 0.020838311 0.027134467 0.022182245 0.027126148 0.021739557 0.014145931 0.026759528 0.023842238 0.023688298 0.018399134 0.015309859 0.038022332 0.026565338 0.021093339 0.025661347 0.018975502 0.020280445 0.025478000 0.013649285 0.020556936 0.023266379 0.019722253 0.038192198 0.032137379 0.027588634 0.025980745
0.029554786 0.020262189 -0.002020266 0.040063210 0.013834607 0.010698064 0.014575530 0.018983044 0.013095057 0.030145973 0.021469168 0.030317025 0.018214932 0.013045914 0.016715931 0.013310733 0.012615837 0.028388495 0.009345505 0.023786280 0.004744764 0.015953418 0.012582336 0.014297203 0.028011614 0.028298110 0.011376297 0.010023911 0.008183736 0.018820286 0.051877998 0.025881093 0.021492165 0.006093403
0.068075240 0.039264910 0.040063210 0.014908008 0.032140713 0.034627181 0.031424660 0.030806594 0.034028705 0.018249929 0.022176011 0.015027691 0.026881605 0.029388988 0.055107273 0.051944382 0.038989779 0.019411195 0.030086119 0.030042935 0.037463740 0.029229332 0.047229394 0.028362641 0.034222752 0.019093486 0.031406920 0.031020526 0.041529112 0.032122314 0.054827105 0.019967549 0.038722586 0.043236125
0.041189644 0.022675553 0.013834607 0.032140713 -0.002077914 0.015088000 0.010873198 0.018204033 0.015422455 0.020890793 0.015951874 0.020876989 0.011692740 0.013313966 0.030474367 0.022262812 0.017103383 0.022902275 0.012662393 0.019979514 0.016999841 0.015089947 0.024623455 0.013411692 0.030747898 0.017020468 0.011563068 0.012321652 0.017297998 0.019802729 0.038083751 0.016524013 0.024653574 0.018680641
0.033521574 0.017383665 0.010698064 0.034627181 0.015088000 0.004741990 0.008093307 0.015553093 0.009218857 0.024327023 0.016383570 0.023935314 0.015842199 0.008538565 0.023897443 0.017549859 0.012738293 0.020376965 0.008007287 0.022471178 0.010717570 0.012584295 0.019066038 0.010571100 0.025552578 0.021528238 0.006919833 0.007644566 0.014168710 0.016397282 0.041248661 0.026961941 0.024694338 0.013920760
0.048293479 0.016786264 0.014575530 0.031424660 0.010873198 0.008093307 -0.004799836 0.010635304 0.009887785 0.019900953 0.002693496 0.020370733 0.009052885 0.005903647 0.032210171 0.023487693 0.013210123 0.018811826 0.003634663 0.018239530 0.015960537 0.006630606 0.025982069 0.000643650 0.017649800 0.006156610 0.005012979 0.004956068 0.018686537 0.011459921 0.039581824 0.015340033 0.022356965 0.018088059
0.046347693 0.019797979 0.018983044 0.030806594 0.018204033 0.015553093 0.010635304 0.011775255 0.013632402 0.020501623 0.016431754 0.021549331 0.017007733 0.012942396 0.032627966 0.028322240 0.022178313 0.018938359 0.014081295 0.021371614 0.016538871 0.016055010 0.029273719 0.012469284 0.027079154 0.016916072 0.011857215 0.012022691 0.023514880 0.017407175 0.045064725 0.023725744 0.023030978 0.022106299
0.040348709 0.020838311 0.013095057 0.034028705 0.015422455 0.009218857 0.009887785 0.013632402 0.001157112 0.022868440 0.017143225 0.022135494 0.015824882 0.008610555 0.028089028 0.021771159 0.015958089 0.017382260 0.012598708 0.022741970 0.013539677 0.014376197 0.021668578 0.008966677 0.023686618 0.017563850 0.010492159 0.010330109 0.017472973 0.013398479 0.047097374 0.024641365 0.016625920 0.016966386
0.056180950 0.027134467 0.030145973 0.018249929 0.020890793 0.024327023 0.019900953 0.020501623 0.022868440 0.004877776 0.012836109 0.007171712 0.017667327 0.019852512 0.044124838 0.041021883 0.030059613 0.011652056 0.020939795 0.021041851 0.027453959 0.020652734 0.038119249 0.020169627 0.024095494 0.009429711 0.021093130 0.020851219 0.034115069 0.022231458 0.042031992 0.011816939 0.025422331 0.034363322
0.045112822 0.022182245 0.021469168 0.022176011 0.015951874 0.016383570 0.002693496 0.016431754 0.017143225 0.012836109 0.000773808 0.013474112 0.013584534 0.012761217 0.031963646 0.029945320 0.021225508 0.009736956 0.013412333 0.019145742 0.019489044 0.012047391 0.029523818 0.013024377 0.022205401 0.009530971 0.013578865 0.014217401 0.026114346 0.018721353 0.031923436 0.009754095 0.019171093 0.024328571
0.054395884 0.027126148 0.030317025 0.015027691 0.020876989 0.023935314 0.020370733 0.021549331 0.022135494 0.007171712 0.013474112 0.000862597 0.021471364 0.020295056 0.042988837 0.041103985 0.031050017 0.009655811 0.022094157 0.022256995 0.029739192 0.020083684 0.036768518 0.021092109 0.022619758 0.009615934 0.020927703 0.022554178 0.033732217 0.021211157 0.039963059 0.012348343 0.024617177 0.033381060
0.040747784 0.021739557 0.018214932 0.026881605 0.011692740 0.015842199 0.009052885 0.017007733 0.015824882 0.017667327 0.013584534 0.021471364 0.002318654 0.013675521 0.029155392 0.025096076 0.023046792 0.016120579 0.016349219 0.019754739 0.017700132 0.017944898 0.024801649 0.012286946 0.026280127 0.016102541 0.013497418 0.009742315 0.021900494 0.018407263 0.032413531 0.014516773 0.019543672 0.017353645
0.038335901 0.014145931 0.013045914 0.029388988 0.013313966 0.008538565 0.005903647 0.012942396 0.008610555 0.019852512 0.012761217 0.020295056 0.013675521 0.001169827 0.027810920 0.021166455 0.013459222 0.017784342 0.007110321 0.015326818 0.013675890 0.013421659 0.023263868 0.011503147 0.022165924 0.018055107 0.008071916 0.006351319 0.016009703 0.014747482 0.037935950 0.019789468 0.023100181 0.014490852
0.021702994 0.026759528 0.016715931 0.055107273 0.030474367 0.023897443 0.032210171 0.032627966 0.028089028 0.044124838 0.031963646 0.042988837 0.029155392 0.027810920 0.005984837 0.021033444 0.020377595 0.048019469 0.023276288 0.039557025 0.016010882 0.027632855 0.018916190 0.030397918 0.044635117 0.043148361 0.025757471 0.025366334 0.013551144 0.036698129 0.072577089 0.042353719 0.036738254 0.013986276
0.030569140 0.023842238 0.013310733 0.051944382 0.022262812 0.017549859 0.023487693 0.028322240 0.021771159 0.041021883 0.029945320 0.041103985 0.025096076 0.021166455 0.021033444 0.002130124 0.016997995 0.041459598 0.019125873 0.033280864 0.009282455 0.023918068 0.012773250 0.022724252 0.034849919 0.037424665 0.019949105 0.019003306 0.007210066 0.029324327 0.055096269 0.037052091 0.030558437 0.011373029
0.032044370 0.023688298 0.012615837 0.038989779 0.017103383 0.012738293 0.013210123 0.022178313 0.015958089 0.030059613 0.021225508 0.031050017 0.023046792 0.013459222 0.020377595 0.016997995 0.004784567 0.024796227 0.008730114 0.024705183 0.010303020 0.016763140 0.014786920 0.013545791 0.029904867 0.026252223 0.010587524 0.012219638 0.011671735 0.021267280 0.037784509 0.028004056 0.031741086 0.010146596
0.057229999 0.018399134 0.028388495 0.019411195 0.022902275 0.020376965 0.018811826 0.018938359 0.017382260 0.011652056 0.009736956 0.009655811 0.016120579 0.017784342 0.048019469 0.041459598 0.024796227 0.002670322 0.015624696 0.022582807 0.025761057 0.014209758 0.040409192 0.020424016 0.018745141 0.011467405 0.017753765 0.018976150 0.031380098 0.022810679 0.041047938 0.012481160 0.029082172 0.031783748
0.036349367 0.015309859 0.009345505 0.030086119 0.012662393 0.008007287 0.003634663 0.014081295 0.012598708 0.020939795 0.013412333 0.022094157 0.016349219 0.007110321 0.023276288 0.019125873 0.008730114 0.015624696 -0.006416515 0.018624879 0.013094261 0.009741748 0.017042525 0.009306068 0.020393042 0.016415235 0.005999822 0.007254771 0.012790641 0.014272204 0.032169797 0.016389385 0.024631113 0.009430004
0.051926188 0.038022332 0.023786280 0.030042935 0.019979514 0.022471178 0.018239530 0.021371614 0.022741970 0.021041851 0.019145742 0.022256995 0.019754739 0.015326818 0.039557025 0.033280864 0.024705183 0.022582807 0.018624879 0.012506934 0.022101441 0.023999844 0.031943284 0.019417549 0.029734256 0.019978348 0.022184309 0.015864475 0.031630963 0.021189401 0.055602744 0.024590185 0.031080641 0.032084305
0.026955111 0.026565338 0.004744764 0.037463740 0.016999841 0.010717570 0.015960537 0.016538871 0.013539677 0.027453959 0.019489044 0.029739192 0.017700132 0.013675890 0.016010882 0.009282455 0.010303020 0.025761057 0.013094261 0.022101441 -0.005769360 0.016806159 0.009902557 0.016223527 0.031628236 0.028344920 0.013551771 0.008138239 0.009624688 0.018018922 0.043924499 0.024360454 0.020270884 0.007333544
0.040610552 0.021093339 0.015953418 0.029229332 0.015089947 0.012584295 0.006630606 0.016055010 0.014376197 0.020652734 0.012047391 0.020083684 0.017944898 0.013421659 0.027632855 0.023918068 0.016763140 0.014209758 0.009741748 0.023999844 0.016806159 -0.000958229 0.023280730 0.011618389 0.022733888 0.015880223 0.009861398 0.009855183 0.020159371 0.017614368 0.030936604 0.017577609 0.019834749 0.017731950
0.023850506 0.025661347 0.012582336 0.047229394 0.024623455 0.019066038 0.025982069 0.029273719 0.021668578 0.038119249 0.029523818 0.036768518 0.024801649 0.023263868 0.018916190 0.012773250 0.014786920 0.040409192 0.017042525 0.031943284 0.009902557 0.023280730 0.006075548 0.024978785 0.036490921 0.036135741 0.021418875 0.020124774 0.009805898 0.030530939 0.055414200 0.037930496 0.030634429 0.012835868
0.044334516 0.018975502 0.014297203 0.028362641 0.013411692 0.010571100 0.000643650 0.012469284 0.008966677 0.020169627 0.013024377 0.021092109 0.012286946 0.011503147 0.030397918 0.022724252 0.013545791 0.020424016 0.009306068 0.019417549 0.016223527 0.011618389 0.024978785 -0.001917367 0.022669310 0.015693553 0.006513590 0.006172121 0.019118292 0.011741216 0.034010001 0.020524170 0.019522158 0.018747041
0.053288493 0.020280445 0.028011614 0.034222752 0.030747898 0.025552578 0.017649800 0.027079154 0.023686618 0.024095494 0.022205401 0.022619758 0.026280127 0.022165924 0.044635117 0.034849919 0.029904867 0.018745141 0.020393042 0.029734256 0.031628236 0.022733888 0.036490921 0.022669310 -0.011320094 0.022467349 0.021934578 0.020850815 0.031724501 0.026529562 0.033229396 0.035600156 0.030902475 0.034144565
0.056121744 0.025478000 0.028298110 0.019093486 0.017020468 0.021528238 0.006156610 0.016916072 0.017563850 0.009429711 0.009530971 0.009615934 0.016102541 0.018055107 0.043148361 0.037424665 0.026252223 0.011467405 0.016415235 0.019978348 0.028344920 0.015880223 0.036135741 0.015693553 0.022467349 -0.000180255 0.016628886 0.016132809 0.032955591 0.018654387 0.036034416 0.011371071 0.021143064 0.032524474
0.036144923 0.013649285 0.011376297 0.031406920 0.011563068 0.006919833 0.005012979 0.011857215 0.010492159 0.021093130 0.013578865 0.020927703 0.013497418 0.008071916 0.025757471 0.019949105 0.010587524 0.017753765 0.005999822 0.022184309 0.013551771 0.009861398 0.021418875 0.006513590 0.021934578 0.016628886 0.000649590 0.004698731 0.015767973 0.012296571 0.031228691 0.022266898 0.021601977 0.015198300
0.040302977 0.020556936 0.010023911 0.031020526 0.012321652 0.007644566 0.004956068 0.012022691 0.010330109 0.020851219 0.014217401 0.022554178 0.009742315 0.006351319 0.025366334 0.019003306 0.012219638 0.018976150 0.007254771 0.015864475 0.008138239 0.009855183 0.020124774 0.006172121 0.020850815 0.016132809 0.004698731 -0.001760930 0.014364677 0.010786860 0.040981237 0.019032255 0.021915730 0.012507142
0.019982643 0.023266379 0.008183736 0.041529112 0.017297998 0.014168710 0.018686537 0.023514880 0.017472973 0.034115069 0.026114346 0.033732217 0.021900494 0.016009703 0.013551144 0.007210066 0.011671735 0.031380098 0.012790641 0.031630963 0.009624688 0.020159371 0.009805898 0.019118292 0.031724501 0.032955591 0.015767973 0.014364677 -0.001771890 0.025217883 0.035075225 0.029682139 0.028692238 0.002166821
0.048688903 0.019722253 0.018820286 0.032122314 0.019802729 0.016397282 0.011459921 0.017407175 0.013398479 0.022231458 0.018721353 0.021211157 0.018407263 0.014747482 0.036698129 0.029324327 0.021267280 0.022810679 0.014272204 0.021189401 0.018018922 0.017614368 0.030530939 0.011741216 0.026529562 0.018654387 0.012296571 0.010786860 0.025217883 0.010716543 0.055591509 0.028162362 0.023889989 0.025644047
0.090658128 0.038192198 0.051877998 0.054827105 0.038083751 0.041248661 0.039581824 0.045064725 0.047097374 0.042031992 0.031923436 0.039963059 0.032413531 0.037935950 0.072577089 0.055096269 0.037784509 0.041047938 0.032169797 0.055602744 0.043924499 0.030936604 0.055414200 0.034010001 0.033229396 0.036034416 0.031228691 0.040981237 0.035075225 0.055591509 0.005564339 0.032278620 0.074147739 0.043883909
0.052777480 0.032137379 0.025881093 0.019967549 0.016524013 0.026961941 0.015340033 0.023725744 0.024641365 0.011816939 0.009754095 0.012348343 0.014516773 0.019789468 0.042353719 0.037052091 0.028004056 0.012481160 0.016389385 0.024590185 0.024360454 0.017577609 0.037930496 0.020524170 0.035600156 0.011371071 0.022266898 0.019032255 0.029682139 0.028162362 0.032278620 0.003800743 0.031145237 0.032862797
0.050128039 0.027588634 0.021492165 0.038722586 0.024653574 0.024694338 0.022356965 0.023030978 0.016625920 0.025422331 0.019171093 0.024617177 0.019543672 0.023100181 0.036738254 0.030558437 0.031741086 0.029082172 0.024631113 0.031080641 0.020270884 0.019834749 0.030634429 0.019522158 0.030902475 0.021143064 0.021601977 0.021915730 0.028692238 0.023889989 0.074147739 0.031145237 -0.000446189 0.028791685
0.022809522 0.025980745 0.006093403 0.043236125 0.018680641 0.013920760 0.018088059 0.022106299 0.016966386 0.034363322 0.024328571 0.033381060 0.017353645 0.014490852 0.013986276 0.011373029 0.010146596 0.031783748 0.009430004 0.032084305 0.007333544 0.017731950 0.012835868 0.018747041 0.034144565 0.032524474 0.015198300 0.012507142 0.002166821 0.025644047 0.043883909 0.032862797 0.028791685 -0.002485689
