0.000000000 0.113122173 0.020000000 0.209677413 0.113122173 0.071090050 0.100917429 0.079812206 0.117117114 0.190082639 0.140350878 0.196721315 0.125000000 0.071090050 0.005076142 0.059459459 0.020000000 0.228346452 0.100917429 0.186721995 0.029702971 0.140350878 0.010309278 0.092592590 0.100917429 0.162393168 0.043902438 0.084112152 0.015075377 0.092592590 0.240310073 0.243243247 0.092592590 0.024875622
0.113122173 0.000000000 0.093333334 0.098901100 0.000000000 0.042372882 0.012345679 0.033613447 0.004048583 0.078651689 0.027667984 0.085501857 0.012048192 0.042372882 0.108108111 0.171428576 0.093333334 0.118279569 0.012345679 0.075187966 0.083700441 0.027667984 0.123287670 0.020746889 0.012345679 0.050193049 0.069565214 0.029288704 0.098214284 0.020746889 0.130742043 0.133802816 0.020746889 0.088495575
0.020000000 0.093333334 0.000000000 0.190476194 0.093333334 0.051162791 0.081081077 0.059907835 0.097345136 0.170731708 0.120689653 0.177419350 0.105263159 0.051162791 0.014925373 0.079365082 0.000000000 0.209302321 0.081081077 0.167346939 0.009708738 0.120689653 0.030303031 0.072727270 0.081081077 0.142857149 0.023923445 0.064220183 0.004926108 0.072727270 0.221374050 0.224334598 0.072727270 0.004878049
0.209677413 0.098901100 0.190476194 0.000000000 0.098901100 0.140684411 0.111111112 0.132075474 0.094890513 0.020408163 0.071428575 0.013513514 0.086956523 0.140684411 0.204819277 0.265822798 0.190476194 0.019607844 0.111111112 0.023890786 0.181102365 0.071428575 0.219512194 0.119402982 0.111111112 0.048951048 0.167315170 0.127819553 0.195219129 0.119402982 0.032258064 0.035369776 0.119402982 0.185770750
0.113122173 0.000000000 0.093333334 0.098901100 0.000000000 0.042372882 0.012345679 0.033613447 0.004048583 0.078651689 0.027667984 0.085501857 0.012048192 0.042372882 0.108108111 0.171428576 0.093333334 0.118279569 0.012345679 0.075187966 0.083700441 0.027667984 0.123287670 0.020746889 0.012345679 0.050193049 0.069565214 0.029288704 0.098214284 0.020746889 0.130742043 0.133802816 0.020746889 0.088495575
0.071090050 0.042372882 0.051162791 0.140684411 0.042372882 0.000000000 0.030042918 0.008771930 0.046413504 0.120622568 0.069958851 0.127413124 0.054393306 0.000000000 0.066037737 0.129999995 0.051162791 0.159851298 0.030042918 0.117187500 0.041474655 0.069958851 0.081339709 0.021645023 0.030042918 0.092369474 0.027272727 0.013100437 0.056074765 0.021645023 0.172161177 0.175182477 0.021645023 0.046296295
0.100917429 0.012345679 0.081081077 0.111111112 0.012345679 0.030042918 0.000000000 0.021276595 0.016393442 0.090909094 0.039999999 0.097744361 0.024390243 0.030042918 0.095890410 0.159420297 0.081081077 0.130434781 0.000000000 0.087452471 0.071428575 0.039999999 0.111111112 0.008403362 0.000000000 0.062500000 0.057268724 0.016949153 0.085972853 0.008403362 0.142857149 0.145907477 0.008403362 0.076233186
0.079812206 0.033613447 0.059907835 0.132075474 0.033613447 0.008771930 0.021276595 0.000000000 0.037656903 0.111969113 0.061224490 0.118773945 0.045643155 0.008771930 0.074766353 0.138613865 0.059907835 0.151291519 0.021276595 0.108527131 0.050228309 0.061224490 0.090047397 0.012875536 0.021276595 0.083665341 0.036036037 0.004329004 0.064814813 0.012875536 0.163636357 0.166666672 0.012875536 0.055045873
0.117117114 0.004048583 0.097345136 0.094890513 0.004048583 0.046413504 0.016393442 0.037656903 0.000000000 0.074626863 0.023622047 0.081481479 0.008000000 0.046413504 0.112107620 0.175355449 0.097345136 0.114285715 0.016393442 0.071161047 0.087719299 0.023622047 0.127272725 0.024793388 0.016393442 0.046153847 0.073593073 0.033333335 0.102222219 0.024793388 0.126760557 0.129824564 0.024793388 0.092511013
0.190082639 0.078651689 0.170731708 0.020408163 0.078651689 0.120622568 0.090909094 0.111969113 0.074626863 0.000000000 0.051094890 0.006896552 0.066666670 0.120622568 0.185185179 0.246753246 0.170731708 0.039999999 0.090909094 0.003484321 0.161290318 0.051094890 0.200000003 0.099236645 0.090909094 0.028571429 0.147410363 0.107692309 0.175510198 0.099236645 0.052631579 0.055737704 0.099236645 0.165991902
0.140350878 0.027667984 0.120689653 0.071428575 0.027667984 0.069958851 0.039999999 0.061224490 0.023622047 0.051094890 0.000000000 0.057971016 0.015625000 0.069958851 0.135371178 0.198156685 0.120689653 0.090909094 0.039999999 0.047619049 0.111111112 0.000000000 0.150442481 0.048387095 0.039999999 0.022556391 0.097046413 0.056910571 0.125541121 0.048387095 0.103448279 0.106529206 0.048387095 0.115879826
0.196721315 0.085501857 0.177419350 0.013513514 0.085501857 0.127413124 0.097744361 0.118773945 0.081481479 0.006896552 0.057971016 0.000000000 0.073529415 0.127413124 0.191836730 0.253218889 0.177419350 0.033112582 0.097744361 0.010380623 0.167999998 0.057971016 0.206611574 0.106060609 0.097744361 0.035460994 0.154150203 0.114503816 0.182186231 0.106060609 0.045751635 0.048859935 0.106060609 0.172690764
0.125000000 0.012048192 0.105263159 0.086956523 0.012048192 0.054393306 0.024390243 0.045643155 0.008000000 0.066666670 0.015625000 0.073529415 0.000000000 0.054393306 0.119999997 0.183098584 0.105263159 0.106382981 0.024390243 0.063197024 0.095652170 0.015625000 0.135135129 0.032786883 0.024390243 0.038167939 0.081545062 0.041322313 0.110132158 0.032786883 0.118881121 0.121951222 0.032786883 0.100436680
0.071090050 0.042372882 0.051162791 0.140684411 0.042372882 0.000000000 0.030042918 0.008771930 0.046413504 0.120622568 0.069958851 0.127413124 0.054393306 0.000000000 0.066037737 0.129999995 0.051162791 0.159851298 0.030042918 0.117187500 0.041474655 0.069958851 0.081339709 0.021645023 0.030042918 0.092369474 0.027272727 0.013100437 0.056074765 0.021645023 0.172161177 0.175182477 0.021645023 0.046296295
0.005076142 0.108108111 0.014925373 0.204819277 0.108108111 0.066037737 0.095890410 0.074766353 0.112107620 0.185185179 0.135371178 0.191836730 0.119999997 0.066037737 0.000000000 0.064516127 0.014925373 0.223529413 0.095890410 0.181818187 0.024630541 0.135371178 0.015384615 0.087557606 0.095890410 0.157446802 0.038834952 0.079069771 0.010000000 0.087557606 0.235521242 0.238461539 0.087557606 0.019801980
0.059459459 0.171428576 0.079365082 0.265822798 0.171428576 0.129999995 0.159420297 0.138613865 0.175355449 0.246753246 0.198156685 0.253218889 0.183098584 0.129999995 0.064516127 0.000000000 0.079365082 0.283950627 0.159420297 0.243478253 0.089005239 0.198156685 0.049180329 0.151219517 0.159420297 0.219730943 0.103092782 0.142857149 0.074468084 0.151219517 0.295546561 0.298387110 0.151219517 0.084210530
0.020000000 0.093333334 0.000000000 0.190476194 0.093333334 0.051162791 0.081081077 0.059907835 0.097345136 0.170731708 0.120689653 0.177419350 0.105263159 0.051162791 0.014925373 0.079365082 0.000000000 0.209302321 0.081081077 0.167346939 0.009708738 0.120689653 0.030303031 0.072727270 0.081081077 0.142857149 0.023923445 0.064220183 0.004926108 0.072727270 0.221374050 0.224334598 0.072727270 0.004878049
0.228346452 0.118279569 0.209302321 0.019607844 0.118279569 0.159851298 0.130434781 0.151291519 0.114285715 0.039999999 0.090909094 0.033112582 0.106382981 0.159851298 0.223529413 0.283950627 0.209302321 0.000000000 0.130434781 0.043478262 0.200000003 0.090909094 0.238095239 0.138686135 0.130434781 0.068493150 0.186311781 0.147058830 0.214007780 0.138686135 0.012658228 0.015772870 0.138686135 0.204633206
0.100917429 0.012345679 0.081081077 0.111111112 0.012345679 0.030042918 0.000000000 0.021276595 0.016393442 0.090909094 0.039999999 0.097744361 0.024390243 0.030042918 0.095890410 0.159420297 0.081081077 0.130434781 0.000000000 0.087452471 0.071428575 0.039999999 0.111111112 0.008403362 0.000000000 0.062500000 0.057268724 0.016949153 0.085972853 0.008403362 0.142857149 0.145907477 0.008403362 0.076233186
0.186721995 0.075187966 0.167346939 0.023890786 0.075187966 0.117187500 0.087452471 0.108527131 0.071161047 0.003484321 0.047619049 0.010380623 0.063197024 0.117187500 0.181818187 0.243478253 0.167346939 0.043478262 0.087452471 0.000000000 0.157894731 0.047619049 0.196652725 0.095785439 0.087452471 0.025089607 0.143999994 0.104247101 0.172131151 0.095785439 0.056105610 0.059210528 0.095785439 0.162601620
0.029702971 0.083700441 0.009708738 0.181102365 0.083700441 0.041474655 0.071428575 0.050228309 0.087719299 0.161290318 0.111111112 0.167999998 0.095652170 0.041474655 0.024630541 0.089005239 0.009708738 0.200000003 0.071428575 0.157894731 0.000000000 0.111111112 0.039999999 0.063063063 0.071428575 0.133333340 0.014218009 0.054545455 0.014634146 0.063063063 0.212121218 0.215094343 0.063063063 0.004830918
0.140350878 0.027667984 0.120689653 0.071428575 0.027667984 0.069958851 0.039999999 0.061224490 0.023622047 0.051094890 0.000000000 0.057971016 0.015625000 0.069958851 0.135371178 0.198156685 0.120689653 0.090909094 0.039999999 0.047619049 0.111111112 0.000000000 0.150442481 0.048387095 0.039999999 0.022556391 0.097046413 0.056910571 0.125541121 0.048387095 0.103448279 0.106529206 0.048387095 0.115879826
0.010309278 0.123287670 0.030303031 0.219512194 0.123287670 0.081339709 0.111111112 0.090047397 0.127272725 0.200000003 0.150442481 0.206611574 0.135135129 0.081339709 0.015384615 0.049180329 0.030303031 0.238095239 0.111111112 0.196652725 0.039999999 0.150442481 0.000000000 0.102803737 0.111111112 0.172413796 0.054187194 0.094339624 0.025380710 0.102803737 0.250000000 0.252918273 0.102803737 0.035175879
0.092592590 0.020746889 0.072727270 0.119402982 0.020746889 0.021645023 0.008403362 0.012875536 0.024793388 0.099236645 0.048387095 0.106060609 0.032786883 0.021645023 0.087557606 0.151219517 0.072727270 0.138686135 0.008403362 0.095785439 0.063063063 0.048387095 0.102803737 0.000000000 0.008403362 0.070866145 0.048888888 0.008547009 0.077625573 0.000000000 0.151079133 0.154121861 0.000000000 0.067873307
0.100917429 0.012345679 0.081081077 0.111111112 0.012345679 0.030042918 0.000000000 0.021276595 0.016393442 0.090909094 0.039999999 0.097744361 0.024390243 0.030042918 0.095890410 0.159420297 0.081081077 0.130434781 0.000000000 0.087452471 0.071428575 0.039999999 0.111111112 0.008403362 0.000000000 0.062500000 0.057268724 0.016949153 0.085972853 0.008403362 0.142857149 0.145907477 0.008403362 0.076233186
0.162393168 0.050193049 0.142857149 0.048951048 0.050193049 0.092369474 0.062500000 0.083665341 0.046153847 0.028571429 0.022556391 0.035460994 0.038167939 0.092369474 0.157446802 0.219730943 0.142857149 0.068493150 0.062500000 0.025089607 0.133333340 0.022556391 0.172413796 0.070866145 0.062500000 0.000000000 0.119341567 0.079365082 0.147679329 0.070866145 0.081081077 0.084175088 0.070866145 0.138075307
0.043902438 0.069565214 0.023923445 0.167315170 0.069565214 0.027272727 0.057268724 0.036036037 0.073593073 0.147410363 0.097046413 0.154150203 0.081545062 0.027272727 0.038834952 0.103092782 0.023923445 0.186311781 0.057268724 0.143999994 0.014218009 0.097046413 0.054187194 0.048888888 0.057268724 0.119341567 0.000000000 0.040358745 0.028846154 0.048888888 0.198501870 0.201492533 0.048888888 0.019047620
0.084112152 0.029288704 0.064220183 0.127819553 0.029288704 0.013100437 0.016949153 0.004329004 0.033333335 0.107692309 0.056910571 0.114503816 0.041322313 0.013100437 0.079069771 0.142857149 0.064220183 0.147058830 0.016949153 0.104247101 0.054545455 0.056910571 0.094339624 0.008547009 0.016949153 0.079365082 0.040358745 0.000000000 0.069124423 0.008547009 0.159420297 0.162454873 0.008547009 0.059360731
0.015075377 0.098214284 0.004926108 0.195219129 0.098214284 0.056074765 0.085972853 0.064814813 0.102222219 0.175510198 0.125541121 0.182186231 0.110132158 0.056074765 0.010000000 0.074468084 0.004926108 0.214007780 0.085972853 0.172131151 0.014634146 0.125541121 0.025380710 0.077625573 0.085972853 0.147679329 0.028846154 0.069124423 0.000000000 0.077625573 0.226053640 0.229007632 0.077625573 0.009803922
0.092592590 0.020746889 0.072727270 0.119402982 0.020746889 0.021645023 0.008403362 0.012875536 0.024793388 0.099236645 0.048387095 0.106060609 0.032786883 0.021645023 0.087557606 0.151219517 0.072727270 0.138686135 0.008403362 0.095785439 0.063063063 0.048387095 0.102803737 0.000000000 0.008403362 0.070866145 0.048888888 0.008547009 0.077625573 0.000000000 0.151079133 0.154121861 0.000000000 0.067873307
0.240310073 0.130742043 0.221374050 0.032258064 0.130742043 0.172161177 0.142857149 0.163636357 0.126760557 0.052631579 0.103448279 0.045751635 0.118881121 0.172161177 0.235521242 0.295546561 0.221374050 0.012658228 0.142857149 0.056105610 0.212121218 0.103448279 0.250000000 0.151079133 0.142857149 0.081081077 0.198501870 0.159420297 0.226053640 0.151079133 0.000000000 0.003115265 0.151079133 0.216730043
0.243243247 0.133802816 0.224334598 0.035369776 0.133802816 0.175182477 0.145907477 0.166666672 0.129824564 0.055737704 0.106529206 0.048859935 0.121951222 0.175182477 0.238461539 0.298387110 0.224334598 0.015772870 0.145907477 0.059210528 0.215094343 0.106529206 0.252918273 0.154121861 0.145907477 0.084175088 0.201492533 0.162454873 0.229007632 0.154121861 0.003115265 0.000000000 0.154121861 0.219696969
0.092592590 0.020746889 0.072727270 0.119402982 0.020746889 0.021645023 0.008403362 0.012875536 0.024793388 0.099236645 0.048387095 0.106060609 0.032786883 0.021645023 0.087557606 0.151219517 0.072727270 0.138686135 0.008403362 0.095785439 0.063063063 0.048387095 0.102803737 0.000000000 0.008403362 0.070866145 0.048888888 0.008547009 0.077625573 0.000000000 0.151079133 0.154121861 0.000000000 0.067873307
0.024875622 0.088495575 0.004878049 0.185770750 0.088495575 0.046296295 0.076233186 0.055045873 0.092511013 0.165991902 0.115879826 0.172690764 0.100436680 0.046296295 0.019801980 0.084210530 0.004878049 0.204633206 0.076233186 0.162601620 0.004830918 0.115879826 0.035175879 0.067873307 0.076233186 0.138075307 0.019047620 0.059360731 0.009803922 0.067873307 0.216730043 0.219696969 0.067873307 0.000000000
