0.000000000 0.091703057 0.037037037 0.157894731 0.055837564 0.067264572 0.083700441 0.079646021 0.009523810 0.118644066 0.107296139 0.161290318 0.087719299 0.079646021 0.118279569 0.039999999 0.071428575 0.095652170 0.075555556 0.129707113 0.023474179 0.058823530 0.009708738 0.087719299 0.041474655 0.126050428 0.075555556 0.063063063 0.004784689 0.071428575 0.220973790 0.063063063 0.167999998 0.032558139
0.091703057 0.000000000 0.054852322 0.067164183 0.146788985 0.024590164 0.008064516 0.012145749 0.082251079 0.027237354 0.015748031 0.070631973 0.004016064 0.012145749 0.207729474 0.131221727 0.020408163 0.003984064 0.016260162 0.038461540 0.068376072 0.033057850 0.101321585 0.004016064 0.050420169 0.034749035 0.016260162 0.028806584 0.086956523 0.020408163 0.131944448 0.028806584 0.077490777 0.059322033
0.037037037 0.054852322 0.000000000 0.121568628 0.092682928 0.030303031 0.046808511 0.042735044 0.027522936 0.081967212 0.070539422 0.125000000 0.050847456 0.042735044 0.154639170 0.076923080 0.034482758 0.058823530 0.038626611 0.093117408 0.013574661 0.021834061 0.046728972 0.050847456 0.004444445 0.089430891 0.038626611 0.026086956 0.032258064 0.034482758 0.185454547 0.026086956 0.131782949 0.004484305
0.157894731 0.067164183 0.121568628 0.000000000 0.211864412 0.091603056 0.075187966 0.079245284 0.148594379 0.039999999 0.051470589 0.003484321 0.071161047 0.079245284 0.271111101 0.196652725 0.087452471 0.063197024 0.083333336 0.028776979 0.134920642 0.100000001 0.167346939 0.071161047 0.117187500 0.032490976 0.083333336 0.095785439 0.153225809 0.087452471 0.065359481 0.095785439 0.010380623 0.125984251
0.055837564 0.146788985 0.092682928 0.211864412 0.000000000 0.122641511 0.138888896 0.134883717 0.065326631 0.173333332 0.162162155 0.215189874 0.142857149 0.134883717 0.062857144 0.015873017 0.126760557 0.150684938 0.130841121 0.184210524 0.079207920 0.114285715 0.046153847 0.142857149 0.097087376 0.180616736 0.130841121 0.118483409 0.060606062 0.126760557 0.273437500 0.118483409 0.221757323 0.088235296
0.067264572 0.024590164 0.030303031 0.091603056 0.122641511 0.000000000 0.016528925 0.012448133 0.057777777 0.051792830 0.040322579 0.095057033 0.020576132 0.012448133 0.184079602 0.106976748 0.004184100 0.028571429 0.008333334 0.062992126 0.043859649 0.008474576 0.076923080 0.020576132 0.025862070 0.059288539 0.008333334 0.004219409 0.062500000 0.004184100 0.156028375 0.004219409 0.101886794 0.034782607
0.083700441 0.008064516 0.046808511 0.075187966 0.138888896 0.016528925 0.000000000 0.004081632 0.074235804 0.035294119 0.023809524 0.078651689 0.004048583 0.004081632 0.200000003 0.123287670 0.012345679 0.012048192 0.008196721 0.046511628 0.060344826 0.025000000 0.093333334 0.004048583 0.042372882 0.042801555 0.008196721 0.020746889 0.078947365 0.012345679 0.139860138 0.020746889 0.085501857 0.051282052
0.079646021 0.012145749 0.042735044 0.079245284 0.134883717 0.012448133 0.004081632 0.000000000 0.070175439 0.039370079 0.027888447 0.082706764 0.008130081 0.000000000 0.196078435 0.119266056 0.008264462 0.016129032 0.004115226 0.050583657 0.056277055 0.020920502 0.089285716 0.008130081 0.038297873 0.046875000 0.004115226 0.016666668 0.074889868 0.008264462 0.143859655 0.016666668 0.089552239 0.047210302
0.009523810 0.082251079 0.027522936 0.148594379 0.065326631 0.057777777 0.074235804 0.070175439 0.000000000 0.109243698 0.097872339 0.151999995 0.078260869 0.070175439 0.127659574 0.049504951 0.061946902 0.086206898 0.066079296 0.120331950 0.013953488 0.049327355 0.019230770 0.078260869 0.031963471 0.116666667 0.066079296 0.053571429 0.004739337 0.061946902 0.211895913 0.053571429 0.158730164 0.023041476
0.118644066 0.027237354 0.081967212 0.039999999 0.173333332 0.051792830 0.035294119 0.039370079 0.109243698 0.000000000 0.011494253 0.043478262 0.031250000 0.039370079 0.233644858 0.157894731 0.047619049 0.023255814 0.043478262 0.011235955 0.095435686 0.060240965 0.128205135 0.031250000 0.077551022 0.007518797 0.043478262 0.056000002 0.113924049 0.047619049 0.105084747 0.056000002 0.050359711 0.086419754
0.107296139 0.015748031 0.070539422 0.051470589 0.162162155 0.040322579 0.023809524 0.027888447 0.097872339 0.011494253 0.000000000 0.054945055 0.019762846 0.027888447 0.222748816 0.146666661 0.036144577 0.011764706 0.032000002 0.022727273 0.084033616 0.048780486 0.116883114 0.019762846 0.066115700 0.019011406 0.032000002 0.044534411 0.102564104 0.036144577 0.116438359 0.044534411 0.061818182 0.075000003
0.161290318 0.070631973 0.125000000 0.003484321 0.215189874 0.095057033 0.078651689 0.082706764 0.151999995 0.043478262 0.054945055 0.000000000 0.074626863 0.082706764 0.274336278 0.200000003 0.090909094 0.066666670 0.086792454 0.032258064 0.138339922 0.103448279 0.170731708 0.074626863 0.120622568 0.035971224 0.086792454 0.099236645 0.156626508 0.090909094 0.061889250 0.099236645 0.006896552 0.129411772
0.087719299 0.004016064 0.050847456 0.071161047 0.142857149 0.020576132 0.004048583 0.008130081 0.078260869 0.031250000 0.019762846 0.074626863 0.000000000 0.008130081 0.203883499 0.127272725 0.016393442 0.008000000 0.012244898 0.042471044 0.064377680 0.029045643 0.097345136 0.000000000 0.046413504 0.038759690 0.012244898 0.024793388 0.082969435 0.016393442 0.135888502 0.024793388 0.081481479 0.055319149
0.079646021 0.012145749 0.042735044 0.079245284 0.134883717 0.012448133 0.004081632 0.000000000 0.070175439 0.039370079 0.027888447 0.082706764 0.008130081 0.000000000 0.196078435 0.119266056 0.008264462 0.016129032 0.004115226 0.050583657 0.056277055 0.020920502 0.089285716 0.008130081 0.038297873 0.046875000 0.004115226 0.016666668 0.074889868 0.008264462 0.143859655 0.016666668 0.089552239 0.047210302
0.118279569 0.207729474 0.154639170 0.271111101 0.062857144 0.184079602 0.200000003 0.196078435 0.127659574 0.233644858 0.222748816 0.274336278 0.203883499 0.196078435 0.000000000 0.078651689 0.188118815 0.211538464 0.192118227 0.244239628 0.141361251 0.175879404 0.108695649 0.203883499 0.158974364 0.240740746 0.192118227 0.180000007 0.122994654 0.188118815 0.330612242 0.180000007 0.280701756 0.150259063
0.039999999 0.131221727 0.076923080 0.196652725 0.015873017 0.106976748 0.123287670 0.119266056 0.049504951 0.157894731 0.146666661 0.200000003 0.127272725 0.119266056 0.078651689 0.000000000 0.111111112 0.135135129 0.115207374 0.168831170 0.063414633 0.098591551 0.030303031 0.127272725 0.081339709 0.165217385 0.115207374 0.102803737 0.044776119 0.111111112 0.258687258 0.102803737 0.206611574 0.072463766
0.071428575 0.020408163 0.034482758 0.087452471 0.126760557 0.004184100 0.012345679 0.008264462 0.061946902 0.047619049 0.036144577 0.090909094 0.016393442 0.008264462 0.188118815 0.111111112 0.000000000 0.024390243 0.004149378 0.058823530 0.048034936 0.012658228 0.081081077 0.016393442 0.030042918 0.055118110 0.004149378 0.008403362 0.066666670 0.000000000 0.151943460 0.008403362 0.097744361 0.038961038
0.095652170 0.003984064 0.058823530 0.063197024 0.150684938 0.028571429 0.012048192 0.016129032 0.086206898 0.023255814 0.011764706 0.066666670 0.008000000 0.016129032 0.211538464 0.135135129 0.024390243 0.000000000 0.020242915 0.034482758 0.072340429 0.037037037 0.105263159 0.008000000 0.054393306 0.030769231 0.020242915 0.032786883 0.090909094 0.024390243 0.128027678 0.032786883 0.073529415 0.063291140
0.075555556 0.016260162 0.038626611 0.083333336 0.130841121 0.008333334 0.008196721 0.004115226 0.066079296 0.043478262 0.032000002 0.086792454 0.012244898 0.004115226 0.192118227 0.115207374 0.004149378 0.020242915 0.000000000 0.054687500 0.052173913 0.016806724 0.085201792 0.012244898 0.034188036 0.050980393 0.000000000 0.012552301 0.070796460 0.004149378 0.147887319 0.012552301 0.093632959 0.043103449
0.129707113 0.038461540 0.093117408 0.028776979 0.184210524 0.062992126 0.046511628 0.050583657 0.120331950 0.011235955 0.022727273 0.032258064 0.042471044 0.050583657 0.244239628 0.168831170 0.058823530 0.034482758 0.054687500 0.000000000 0.106557377 0.071428575 0.139240503 0.042471044 0.088709675 0.003717472 0.054687500 0.067193680 0.125000000 0.058823530 0.093959734 0.067193680 0.039145909 0.097560972
0.023474179 0.068376072 0.013574661 0.134920642 0.079207920 0.043859649 0.060344826 0.056277055 0.013953488 0.095435686 0.084033616 0.138339922 0.064377680 0.056277055 0.141361251 0.063414633 0.048034936 0.072340429 0.052173913 0.106557377 0.000000000 0.035398230 0.033175357 0.064377680 0.018018018 0.102880657 0.052173913 0.039647575 0.018691588 0.048034936 0.198529407 0.039647575 0.145098045 0.009090909
0.058823530 0.033057850 0.021834061 0.100000001 0.114285715 0.008474576 0.025000000 0.020920502 0.049327355 0.060240965 0.048780486 0.103448279 0.029045643 0.020920502 0.175879404 0.098591551 0.012658228 0.037037037 0.016806724 0.071428575 0.035398230 0.000000000 0.068493150 0.029045643 0.017391304 0.067729086 0.016806724 0.004255319 0.054054055 0.012658228 0.164285719 0.004255319 0.110266156 0.026315790
0.009708738 0.101321585 0.046728972 0.167346939 0.046153847 0.076923080 0.093333334 0.089285716 0.019230770 0.128205135 0.116883114 0.170731708 0.097345136 0.089285716 0.108695649 0.030303031 0.081081077 0.105263159 0.085201792 0.139240503 0.033175357 0.068493150 0.000000000 0.097345136 0.051162791 0.135593221 0.085201792 0.072727270 0.014492754 0.081081077 0.230188683 0.072727270 0.177419350 0.042253520
0.087719299 0.004016064 0.050847456 0.071161047 0.142857149 0.020576132 0.004048583 0.008130081 0.078260869 0.031250000 0.019762846 0.074626863 0.000000000 0.008130081 0.203883499 0.127272725 0.016393442 0.008000000 0.012244898 0.042471044 0.064377680 0.029045643 0.097345136 0.000000000 0.046413504 0.038759690 0.012244898 0.024793388 0.082969435 0.016393442 0.135888502 0.024793388 0.081481479 0.055319149
0.041474655 0.050420169 0.004444445 0.117187500 0.097087376 0.025862070 0.042372882 0.038297873 0.031963471 0.077551022 0.066115700 0.120622568 0.046413504 0.038297873 0.158974364 0.081339709 0.030042918 0.054393306 0.034188036 0.088709675 0.018018018 0.017391304 0.051162791 0.046413504 0.000000000 0.085020244 0.034188036 0.021645023 0.036697246 0.030042918 0.181159422 0.021645023 0.127413124 0.008928572
0.126050428 0.034749035 0.089430891 0.032490976 0.180616736 0.059288539 0.042801555 0.046875000 0.116666667 0.007518797 0.019011406 0.035971224 0.038759690 0.046875000 0.240740746 0.165217385 0.055118110 0.030769231 0.050980393 0.003717472 0.102880657 0.067729086 0.135593221 0.038759690 0.085020244 0.000000000 0.050980393 0.063492067 0.121338911 0.055118110 0.097643100 0.063492067 0.042857144 0.093877554
0.075555556 0.016260162 0.038626611 0.083333336 0.130841121 0.008333334 0.008196721 0.004115226 0.066079296 0.043478262 0.032000002 0.086792454 0.012244898 0.004115226 0.192118227 0.115207374 0.004149378 0.020242915 0.000000000 0.054687500 0.052173913 0.016806724 0.085201792 0.012244898 0.034188036 0.050980393 0.000000000 0.012552301 0.070796460 0.004149378 0.147887319 0.012552301 0.093632959 0.043103449
0.063063063 0.028806584 0.026086956 0.095785439 0.118483409 0.004219409 0.020746889 0.016666668 0.053571429 0.056000002 0.044534411 0.099236645 0.024793388 0.016666668 0.180000007 0.102803737 0.008403362 0.032786883 0.012552301 0.067193680 0.039647575 0.004255319 0.072727270 0.024793388 0.021645023 0.063492067 0.012552301 0.000000000 0.058295965 0.008403362 0.160142347 0.000000000 0.106060609 0.030567685
0.004784689 0.086956523 0.032258064 0.153225809 0.060606062 0.062500000 0.078947365 0.074889868 0.004739337 0.113924049 0.102564104 0.156626508 0.082969435 0.074889868 0.122994654 0.044776119 0.066666670 0.090909094 0.070796460 0.125000000 0.018691588 0.054054055 0.014492754 0.082969435 0.036697246 0.121338911 0.070796460 0.058295965 0.000000000 0.066666670 0.216417909 0.058295965 0.163346618 0.027777778
0.071428575 0.020408163 0.034482758 0.087452471 0.126760557 0.004184100 0.012345679 0.008264462 0.061946902 0.047619049 0.036144577 0.090909094 0.016393442 0.008264462 0.188118815 0.111111112 0.000000000 0.024390243 0.004149378 0.058823530 0.048034936 0.012658228 0.081081077 0.016393442 0.030042918 0.055118110 0.004149378 0.008403362 0.066666670 0.000000000 0.151943460 0.008403362 0.097744361 0.038961038
0.220973790 0.131944448 0.185454547 0.065359481 0.273437500 0.156028375 0.139860138 0.143859655 0.211895913 0.105084747 0.116438359 0.061889250 0.135888502 0.143859655 0.330612242 0.258687258 0.151943460 0.128027678 0.147887319 0.093959734 0.198529407 0.164285719 0.230188683 0.135888502 0.181159422 0.097643100 0.147887319 0.160142347 0.216417909 0.151943460 0.000000000 0.160142347 0.055016182 0.189781025
0.063063063 0.028806584 0.026086956 0.095785439 0.118483409 0.004219409 0.020746889 0.016666668 0.053571429 0.056000002 0.044534411 0.099236645 0.024793388 0.016666668 0.180000007 0.102803737 0.008403362 0.032786883 0.012552301 0.067193680 0.039647575 0.004255319 0.072727270 0.024793388 0.021645023 0.063492067 0.012552301 0.000000000 0.058295965 0.008403362 0.160142347 0.000000000 0.106060609 0.030567685
0.167999998 0.077490777 0.131782949 0.010380623 0.221757323 0.101886794 0.085501857 0.089552239 0.158730164 0.050359711 0.061818182 0.006896552 0.081481479 0.089552239 0.280701756 0.206611574 0.097744361 0.073529415 0.093632959 0.039145909 0.145098045 0.110266156 0.177419350 0.081481479 0.127413124 0.042857144 0.093632959 0.106060609 0.163346618 0.097744361 0.055016182 0.106060609 0.000000000 0.136186764
0.032558139 0.059322033 0.004484305 0.125984251 0.088235296 0.034782607 0.051282052 0.047210302 0.023041476 0.086419754 0.075000003 0.129411772 0.055319149 0.047210302 0.150259063 0.072463766 0.038961038 0.063291140 0.043103449 0.097560972 0.009090909 0.026315790 0.042253520 0.055319149 0.008928572 0.093877554 0.043103449 0.030567685 0.027777778 0.038961038 0.189781025 0.030567685 0.136186764 0.000000000
