0.000000000 0.136363640 0.064039409 0.194915250 0.112149529 0.144144148 0.116279073 0.170305684 0.128440365 0.208333328 0.151785716 0.218107000 0.184549361 0.095238097 0.035532996 0.064039409 0.054726370 0.249011859 0.120370373 0.177489176 0.073170729 0.144144148 0.120370373 0.103773586 0.198312238 0.151785716 0.128440365 0.136363640 0.099526070 0.147982061 0.362416118 0.205020919 0.132420093 0.132420093
0.136363640 0.000000000 0.072961375 0.060150377 0.024590164 0.007936508 0.020408163 0.034749035 0.008064516 0.074074075 0.015748031 0.084249087 0.049429659 0.041666668 0.101321585 0.072961375 0.082251079 0.116607770 0.016260162 0.042145595 0.063829787 0.007936508 0.016260162 0.033057850 0.063670412 0.015748031 0.008064516 0.000000000 0.037344400 0.011857707 0.237804875 0.070631973 0.004016064 0.004016064
0.064039409 0.072961375 0.000000000 0.132530123 0.048458152 0.080851063 0.052631579 0.107438013 0.064935066 0.146245062 0.088607594 0.156250000 0.121951222 0.031390134 0.028571429 0.000000000 0.009345794 0.187969923 0.056768559 0.114754096 0.009174312 0.080851063 0.056768559 0.039999999 0.136000007 0.088607594 0.064935066 0.072961375 0.035714287 0.084745765 0.305466235 0.142857149 0.068965517 0.068965517
0.194915250 0.060150377 0.132530123 0.000000000 0.084615387 0.052238807 0.080459774 0.025454545 0.068181820 0.013986014 0.044444446 0.024221454 0.010752688 0.101562500 0.160493821 0.132530123 0.141700402 0.056856189 0.076335877 0.018050542 0.123505980 0.052238807 0.076335877 0.093023255 0.003533569 0.044444446 0.068181820 0.060150377 0.097276263 0.048327137 0.180232555 0.010526316 0.064150944 0.064150944
0.112149529 0.024590164 0.048458152 0.084615387 0.000000000 0.032520324 0.004184100 0.059288539 0.016528925 0.098484851 0.040322579 0.108614229 0.073929958 0.017094018 0.076923080 0.048458152 0.057777777 0.140794218 0.008333334 0.066666670 0.039301310 0.032520324 0.008333334 0.008474576 0.088122606 0.040322579 0.016528925 0.024590164 0.012765957 0.036437247 0.260869563 0.095057033 0.020576132 0.020576132
0.144144148 0.007936508 0.080851063 0.052238807 0.032520324 0.000000000 0.028340081 0.026819924 0.016000001 0.066176474 0.007812500 0.076363638 0.041509435 0.049586777 0.109170303 0.080851063 0.090128757 0.108771928 0.024193548 0.034220532 0.071729958 0.000000000 0.024193548 0.040983606 0.055762082 0.007812500 0.016000001 0.007936508 0.045267489 0.003921569 0.230303034 0.062730625 0.011952192 0.011952192
0.116279073 0.020408163 0.052631579 0.080459774 0.004184100 0.028340081 0.000000000 0.055118110 0.012345679 0.094339624 0.036144577 0.104477614 0.069767445 0.021276595 0.081081077 0.052631579 0.061946902 0.136690646 0.004149378 0.062500000 0.043478262 0.028340081 0.004149378 0.012658228 0.083969466 0.036144577 0.012345679 0.020408163 0.016949153 0.032258064 0.256965935 0.090909094 0.016393442 0.016393442
0.170305684 0.034749035 0.107438013 0.025454545 0.059288539 0.026819924 0.055118110 0.000000000 0.042801555 0.039426524 0.019011406 0.049645390 0.014705882 0.076305218 0.135593221 0.107438013 0.116666667 0.082191780 0.050980393 0.007407407 0.098360658 0.026819924 0.050980393 0.067729086 0.028985508 0.019011406 0.042801555 0.034749035 0.071999997 0.022900764 0.204747781 0.035971224 0.038759690 0.038759690
0.128440365 0.008064516 0.064935066 0.068181820 0.016528925 0.016000001 0.012345679 0.042801555 0.000000000 0.082089551 0.023809524 0.092250921 0.057471264 0.033613447 0.093333334 0.064935066 0.074235804 0.124555163 0.008196721 0.050193049 0.055793993 0.016000001 0.008196721 0.025000000 0.071698114 0.023809524 0.000000000 0.008064516 0.029288704 0.019920319 0.245398775 0.078651689 0.004048583 0.004048583
0.208333328 0.074074075 0.146245062 0.013986014 0.098484851 0.066176474 0.094339624 0.039426524 0.082089551 0.000000000 0.058394160 0.010238908 0.024734983 0.115384616 0.174089074 0.146245062 0.155378491 0.042904291 0.090225562 0.032028470 0.137254909 0.066176474 0.090225562 0.106870227 0.010452962 0.058394160 0.082089551 0.074074075 0.111111112 0.062271062 0.166666672 0.003460208 0.078066915 0.078066915
0.151785716 0.015748031 0.088607594 0.044444446 0.040322579 0.007812500 0.036144577 0.019011406 0.023809524 0.058394160 0.000000000 0.068592057 0.033707865 0.057377048 0.116883114 0.088607594 0.097872339 0.101045296 0.032000002 0.026415095 0.079497911 0.007812500 0.032000002 0.048780486 0.047970481 0.000000000 0.023809524 0.015748031 0.053061225 0.003891051 0.222891569 0.054945055 0.019762846 0.019762846
0.218107000 0.084249087 0.156250000 0.024221454 0.108614229 0.076363638 0.104477614 0.049645390 0.092250921 0.010238908 0.068592057 0.000000000 0.034965035 0.125475287 0.184000000 0.156250000 0.165354326 0.032679740 0.100371748 0.042253520 0.147286817 0.076363638 0.100371748 0.116981134 0.020689655 0.068592057 0.092250921 0.084249087 0.121212125 0.072463766 0.156695157 0.013698630 0.088235296 0.088235296
0.184549361 0.049429659 0.121951222 0.010752688 0.073929958 0.041509435 0.069767445 0.014705882 0.057471264 0.024734983 0.033707865 0.034965035 0.000000000 0.090909094 0.150000006 0.121951222 0.131147534 0.067567565 0.065637067 0.007299270 0.112903222 0.041509435 0.065637067 0.082352944 0.014285714 0.033707865 0.057471264 0.049429659 0.086614177 0.037593983 0.190615833 0.021276595 0.053435113 0.053435113
0.095238097 0.041666668 0.031390134 0.101562500 0.017094018 0.049586777 0.021276595 0.076305218 0.033613447 0.115384616 0.057377048 0.125475287 0.090909094 0.000000000 0.059907835 0.031390134 0.040723983 0.157509163 0.025423728 0.083665341 0.022222223 0.049586777 0.025423728 0.008620690 0.105058365 0.057377048 0.033613447 0.041666668 0.004329004 0.053497944 0.276729554 0.111969113 0.037656903 0.037656903
0.035532996 0.101321585 0.028571429 0.160493821 0.076923080 0.109170303 0.081081077 0.135593221 0.093333334 0.174089074 0.116883114 0.184000000 0.150000006 0.059907835 0.000000000 0.028571429 0.019230770 0.215384617 0.085201792 0.142857149 0.037735850 0.109170303 0.085201792 0.068493150 0.163934425 0.116883114 0.093333334 0.101321585 0.064220183 0.113043480 0.331147552 0.170731708 0.097345136 0.097345136
0.064039409 0.072961375 0.000000000 0.132530123 0.048458152 0.080851063 0.052631579 0.107438013 0.064935066 0.146245062 0.088607594 0.156250000 0.121951222 0.031390134 0.028571429 0.000000000 0.009345794 0.187969923 0.056768559 0.114754096 0.009174312 0.080851063 0.056768559 0.039999999 0.136000007 0.088607594 0.064935066 0.072961375 0.035714287 0.084745765 0.305466235 0.142857149 0.068965517 0.068965517
0.054726370 0.082251079 0.009345794 0.141700402 0.057777777 0.090128757 0.061946902 0.116666667 0.074235804 0.155378491 0.097872339 0.165354326 0.131147534 0.040723983 0.019230770 0.009345794 0.000000000 0.196969703 0.066079296 0.123966940 0.018518519 0.090128757 0.066079296 0.049327355 0.145161286 0.097872339 0.074235804 0.082251079 0.045045044 0.094017096 0.313915849 0.151999995 0.078260869 0.078260869
0.249011859 0.116607770 0.187969923 0.056856189 0.140794218 0.108771928 0.136690646 0.082191780 0.124555163 0.042904291 0.101045296 0.032679740 0.067567565 0.157509163 0.215384617 0.187969923 0.196969703 0.000000000 0.132616490 0.074829929 0.179104477 0.108771928 0.132616490 0.149090916 0.053333335 0.101045296 0.124555163 0.116607770 0.153284669 0.104895107 0.124653742 0.046357617 0.120567374 0.120567374
0.120370373 0.016260162 0.056768559 0.076335877 0.008333334 0.024193548 0.004149378 0.050980393 0.008196721 0.090225562 0.032000002 0.100371748 0.065637067 0.025423728 0.085201792 0.056768559 0.066079296 0.132616490 0.000000000 0.058365759 0.047619049 0.024193548 0.000000000 0.016806724 0.079847910 0.032000002 0.008196721 0.016260162 0.021097047 0.028112451 0.253086418 0.086792454 0.012244898 0.012244898
0.177489176 0.042145595 0.114754096 0.018050542 0.066666670 0.034220532 0.062500000 0.007407407 0.050193049 0.032028470 0.026415095 0.042253520 0.007299270 0.083665341 0.142857149 0.114754096 0.123966940 0.074829929 0.058365759 0.000000000 0.105691060 0.034220532 0.058365759 0.075098813 0.021582734 0.026415095 0.050193049 0.042145595 0.079365082 0.030303031 0.197640121 0.028571429 0.046153847 0.046153847
0.073170729 0.063829787 0.009174312 0.123505980 0.039301310 0.071729958 0.043478262 0.098360658 0.055793993 0.137254909 0.079497911 0.147286817 0.112903222 0.022222223 0.037735850 0.009174312 0.018518519 0.179104477 0.047619049 0.105691060 0.000000000 0.071729958 0.047619049 0.030837005 0.126984134 0.079497911 0.055793993 0.063829787 0.026548672 0.075630255 0.297124594 0.133858263 0.059829060 0.059829060
0.144144148 0.007936508 0.080851063 0.052238807 0.032520324 0.000000000 0.028340081 0.026819924 0.016000001 0.066176474 0.007812500 0.076363638 0.041509435 0.049586777 0.109170303 0.080851063 0.090128757 0.108771928 0.024193548 0.034220532 0.071729958 0.000000000 0.024193548 0.040983606 0.055762082 0.007812500 0.016000001 0.007936508 0.045267489 0.003921569 0.230303034 0.062730625 0.011952192 0.011952192
0.120370373 0.016260162 0.056768559 0.076335877 0.008333334 0.024193548 0.004149378 0.050980393 0.008196721 0.090225562 0.032000002 0.100371748 0.065637067 0.025423728 0.085201792 0.056768559 0.066079296 0.132616490 0.000000000 0.058365759 0.047619049 0.024193548 0.000000000 0.016806724 0.079847910 0.032000002 0.008196721 0.016260162 0.021097047 0.028112451 0.253086418 0.086792454 0.012244898 0.012244898
0.103773586 0.033057850 0.039999999 0.093023255 0.008474576 0.040983606 0.012658228 0.067729086 0.025000000 0.106870227 0.048780486 0.116981134 0.082352944 0.008620690 0.068493150 0.039999999 0.049327355 0.149090916 0.016806724 0.075098813 0.030837005 0.040983606 0.016806724 0.000000000 0.096525095 0.048780486 0.025000000 0.033057850 0.004291845 0.044897959 0.268750012 0.103448279 0.029045643 0.029045643
0.198312238 0.063670412 0.136000007 0.003533569 0.088122606 0.055762082 0.083969466 0.028985508 0.071698114 0.010452962 0.047970481 0.020689655 0.014285714 0.105058365 0.163934425 0.136000007 0.145161286 0.053333335 0.079847910 0.021582734 0.126984134 0.055762082 0.079847910 0.096525095 0.000000000 0.047970481 0.071698114 0.063670412 0.100775197 0.051851850 0.176811591 0.006993007 0.067669176 0.067669176
0.151785716 0.015748031 0.088607594 0.044444446 0.040322579 0.007812500 0.036144577 0.019011406 0.023809524 0.058394160 0.000000000 0.068592057 0.033707865 0.057377048 0.116883114 0.088607594 0.097872339 0.101045296 0.032000002 0.026415095 0.079497911 0.007812500 0.032000002 0.048780486 0.047970481 0.000000000 0.023809524 0.015748031 0.053061225 0.003891051 0.222891569 0.054945055 0.019762846 0.019762846
0.128440365 0.008064516 0.064935066 0.068181820 0.016528925 0.016000001 0.012345679 0.042801555 0.000000000 0.082089551 0.023809524 0.092250921 0.057471264 0.033613447 0.093333334 0.064935066 0.074235804 0.124555163 0.008196721 0.050193049 0.055793993 0.016000001 0.008196721 0.025000000 0.071698114 0.023809524 0.000000000 0.008064516 0.029288704 0.019920319 0.245398775 0.078651689 0.004048583 0.004048583
0.136363640 0.000000000 0.072961375 0.060150377 0.024590164 0.007936508 0.020408163 0.034749035 0.008064516 0.074074075 0.015748031 0.084249087 0.049429659 0.041666668 0.101321585 0.072961375 0.082251079 0.116607770 0.016260162 0.042145595 0.063829787 0.007936508 0.016260162 0.033057850 0.063670412 0.015748031 0.008064516 0.000000000 0.037344400 0.011857707 0.237804875 0.070631973 0.004016064 0.004016064
0.099526070 0.037344400 0.035714287 0.097276263 0.012765957 0.045267489 0.016949153 0.071999997 0.029288704 0.111111112 0.053061225 0.121212125 0.086614177 0.004329004 0.064220183 0.035714287 0.045045044 0.153284669 0.021097047 0.079365082 0.026548672 0.045267489 0.021097047 0.004291845 0.100775197 0.053061225 0.029288704 0.037344400 0.000000000 0.049180329 0.272727281 0.107692309 0.033333335 0.033333335
0.147982061 0.011857707 0.084745765 0.048327137 0.036437247 0.003921569 0.032258064 0.022900764 0.019920319 0.062271062 0.003891051 0.072463766 0.037593983 0.053497944 0.113043480 0.084745765 0.094017096 0.104895107 0.028112451 0.030303031 0.075630255 0.003921569 0.028112451 0.044897959 0.051851850 0.003891051 0.019920319 0.011857707 0.049180329 0.000000000 0.226586103 0.058823530 0.015873017 0.015873017
0.362416118 0.237804875 0.305466235 0.180232555 0.260869563 0.230303034 0.256965935 0.204747781 0.245398775 0.166666672 0.222891569 0.156695157 0.190615833 0.276729554 0.331147552 0.305466235 0.313915849 0.124653742 0.253086418 0.197640121 0.297124594 0.230303034 0.253086418 0.268750012 0.176811591 0.222891569 0.245398775 0.237804875 0.272727281 0.226586103 0.000000000 0.170028821 0.241590217 0.241590217
0.205020919 0.070631973 0.142857149 0.010526316 0.095057033 0.062730625 0.090909094 0.035971224 0.078651689 0.003460208 0.054945055 0.013698630 0.021276595 0.111969113 0.170731708 0.142857149 0.151999995 0.046357617 0.086792454 0.028571429 0.133858263 0.062730625 0.086792454 0.103448279 0.006993007 0.054945055 0.078651689 0.070631973 0.107692309 0.058823530 0.170028821 0.000000000 0.074626863 0.074626863
0.132420093 0.004016064 0.068965517 0.064150944 0.020576132 0.011952192 0.016393442 0.038759690 0.004048583 0.078066915 0.019762846 0.088235296 0.053435113 0.037656903 0.097345136 0.068965517 0.078260869 0.120567374 0.012244898 0.046153847 0.059829060 0.011952192 0.012244898 0.029045643 0.067669176 0.019762846 0.004048583 0.004016064 0.033333335 0.015873017 0.241590217 0.074626863 0.000000000 0.000000000
0.132420093 0.004016064 0.068965517 0.064150944 0.020576132 0.011952192 0.016393442 0.038759690 0.004048583 0.078066915 0.019762846 0.088235296 0.053435113 0.037656903 0.097345136 0.068965517 0.078260869 0.120567374 0.012244898 0.046153847 0.059829060 0.011952192 0.012244898 0.029045643 0.067669176 0.019762846 0.004048583 0.004016064 0.033333335 0.015873017 0.241590217 0.074626863 0.000000000 0.000000000
