0.016500557 0.045292251 0.029823199 0.069819272 0.042084157 0.037825309 0.041046552 0.048918478 0.044868618 0.052706134 0.049659390 0.069052570 0.041540630 0.046146519 0.024302170 0.034995295 0.034779597 0.055012412 0.041162208 0.056349881 0.025995951 0.044752158 0.024038011 0.042074732 0.050291110 0.045957331 0.039363004 0.032714538 0.026342880 0.042972449 0.066186525 0.053009767 0.062723771 0.029677957
0.045292251 0.009236973 0.026054690 0.035711657 0.018360326 0.017449446 0.018358337 0.021907575 0.020796487 0.023946531 0.020411596 0.025741033 0.016647972 0.021623544 0.029349711 0.025122510 0.024522513 0.026861494 0.023851596 0.035039011 0.026838530 0.018720901 0.031451944 0.018270189 0.019260328 0.023831522 0.020600049 0.019235861 0.025804311 0.020773932 0.041673683 0.027528157 0.026643250 0.029636521
0.029823199 0.026054690 -0.000609361 0.042898785 0.016649362 0.013572218 0.012808452 0.021190204 0.018029267 0.029526802 0.023606572 0.042770512 0.018636279 0.018273439 0.015745595 0.014977917 0.014893919 0.029109033 0.016568698 0.027356343 0.004563545 0.018443849 0.011327201 0.014521136 0.026437562 0.024611490 0.016025141 0.008301555 0.012007735 0.017398598 0.040228426 0.026062494 0.025943775 0.010837937
0.069819272 0.035711657 0.042898785 0.018755946 0.020306049 0.029532716 0.028103659 0.035328031 0.037137784 0.020337548 0.019508177 0.021850092 0.023621175 0.032534782 0.058770817 0.052912034 0.036510922 0.025795013 0.032626778 0.022655649 0.038923733 0.022775073 0.052541297 0.024242623 0.032916073 0.015748169 0.031188551 0.030394733 0.039148103 0.034040816 0.038015839 0.015482156 0.053252485 0.046019353
0.042084157 0.018360326 0.016649362 0.020306049 -0.000737583 0.015553402 0.011947497 0.010293643 0.014601292 0.013456588 0.015118124 0.013014932 0.012600285 0.015602572 0.033383179 0.025117960 0.016700881 0.018472767 0.017266935 0.015216171 0.020720765 0.015704671 0.026263326 0.014430980 0.011802338 0.015007809 0.012322892 0.014082004 0.023196105 0.012247611 0.040697671 0.019757532 0.018799830 0.028660880
0.037825309 0.017449446 0.013572218 0.029532716 0.015553402 0.006732213 0.006940393 0.013189580 0.008579733 0.020042323 0.016237853 0.025614519 0.012464186 0.011762908 0.026003903 0.018774306 0.013386239 0.022943828 0.013758374 0.020398043 0.010194551 0.013194457 0.021788942 0.009369764 0.018738709 0.016580846 0.010684200 0.005185149 0.019550826 0.011642763 0.037446793 0.025836149 0.024573801 0.021473544
0.041046552 0.018358337 0.012808452 0.028103659 0.011947497 0.006940393 -0.004435111 0.008413186 0.010789988 0.019003468 0.002176912 0.021809494 0.010499402 0.004907259 0.026686601 0.021090643 0.012738656 0.017515771 0.007204738 0.016635226 0.014917873 0.006018717 0.021505967 0.001193832 0.013168580 0.006165798 0.005939282 0.006308691 0.016937338 0.008533161 0.036016766 0.012765771 0.019596785 0.017330397
0.048918478 0.021907575 0.021190204 0.035328031 0.010293643 0.013189580 0.008413186 0.008014849 0.016883865 0.020216186 0.015021608 0.031491384 0.012768192 0.016239747 0.033237770 0.032492753 0.018979765 0.020809952 0.018123994 0.026207447 0.019727664 0.015768504 0.029904576 0.011445562 0.017911192 0.012379718 0.013973355 0.010540644 0.024851430 0.013496225 0.040303756 0.018623425 0.026088646 0.025928538
0.044868618 0.020796487 0.018029267 0.037137784 0.014601292 0.008579733 0.010789988 0.016883865 0.002271421 0.023294514 0.016757842 0.029647233 0.013285732 0.013830509 0.031766560 0.025515687 0.016319206 0.025159460 0.017888799 0.023025600 0.015811224 0.011977086 0.026621917 0.008157378 0.023929834 0.017306015 0.015593821 0.011688279 0.017727418 0.015661702 0.042822167 0.019393248 0.021324715 0.017553367
0.052706134 0.023946531 0.029526802 0.020337548 0.013456588 0.020042323 0.019003468 0.020216186 0.023294514 0.004637362 0.011347095 0.013862230 0.017823387 0.020906653 0.043412887 0.042287081 0.027775457 0.013983257 0.024087960 0.017405795 0.027994186 0.016781628 0.039005257 0.018877171 0.020490300 0.008152088 0.021615962 0.018959880 0.031769134 0.021015476 0.028322788 0.008240506 0.029461384 0.033817310
0.049659390 0.020411596 0.023606572 0.019508177 0.015118124 0.016237853 0.002176912 0.015021608 0.016757842 0.011347095 0.000545419 0.012299430 0.011930042 0.014159873 0.041234467 0.032760888 0.020636642 0.013190013 0.014280795 0.016223418 0.024595609 0.010881025 0.033237167 0.011653243 0.016210761 0.006503743 0.014968708 0.015698507 0.027358094 0.016251519 0.032359611 0.008952867 0.022186583 0.030312952
0.069052570 0.025741033 0.042770512 0.021850092 0.013014932 0.025614519 0.021809494 0.031491384 0.029647233 0.013862230 0.012299430 0.014242111 0.016203608 0.024991956 0.056473076 0.047161989 0.033155732 0.024870966 0.027701035 0.021152915 0.037220936 0.014857512 0.049430177 0.016763302 0.027019661 0.009590176 0.025538510 0.027797963 0.034693491 0.027822070 0.043701638 0.011689088 0.036595359 0.045038503
0.041540630 0.016647972 0.018636279 0.023621175 0.012600285 0.012464186 0.010499402 0.012768192 0.013285732 0.017823387 0.011930042 0.016203608 0.001866894 0.011969531 0.035509728 0.028447384 0.018483225 0.020690184 0.013342295 0.015013175 0.024713092 0.014654046 0.027537022 0.011168808 0.017418630 0.014764445 0.012043169 0.013861626 0.020156769 0.014836143 0.039408937 0.015923012 0.021272987 0.024167355
0.046146519 0.021623544 0.018273439 0.032534782 0.015602572 0.011762908 0.004907259 0.016239747 0.013830509 0.020906653 0.014159873 0.024991956 0.011969531 0.008090721 0.033480071 0.026345529 0.015376858 0.022115914 0.013411974 0.017833736 0.017020134 0.014441847 0.025014848 0.009523686 0.019121740 0.015128936 0.012119967 0.011114579 0.019881450 0.015422666 0.046694279 0.020919045 0.029094726 0.024645638
0.024302170 0.029349711 0.015745595 0.058770817 0.033383179 0.026003903 0.026686601 0.033237770 0.031766560 0.043412887 0.041234467 0.056473076 0.035509728 0.033480071 0.004169768 0.026550068 0.021874551 0.042693198 0.026593970 0.044957396 0.018938322 0.033681843 0.019623170 0.031410348 0.039892748 0.034135360 0.027488479 0.020173443 0.021181734 0.029555701 0.050365012 0.048917022 0.051627118 0.025019700
0.034995295 0.025122510 0.014977917 0.052912034 0.025117960 0.018774306 0.021090643 0.032492753 0.025515687 0.042287081 0.032760888 0.047161989 0.028447384 0.026345529 0.026550068 0.008832784 0.018911019 0.042749628 0.023357134 0.032919589 0.013252739 0.025739308 0.017896460 0.022391900 0.035654623 0.032882825 0.023787085 0.020492733 0.008979583 0.028646786 0.051601727 0.037608139 0.043697007 0.016474102
0.034779597 0.024522513 0.014893919 0.036510922 0.016700881 0.013386239 0.012738656 0.018979765 0.016319206 0.027775457 0.020636642 0.033155732 0.018483225 0.015376858 0.021874551 0.018911019 0.002040014 0.026508288 0.013108379 0.024854317 0.012710121 0.017024582 0.016020995 0.013073464 0.022669792 0.023047172 0.012937970 0.012958489 0.014654825 0.017447639 0.038341254 0.026068598 0.031292394 0.016378269
0.055012412 0.026861494 0.029109033 0.025795013 0.018472767 0.022943828 0.017515771 0.020809952 0.025159460 0.013983257 0.013190013 0.024870966 0.020690184 0.022115914 0.042693198 0.042749628 0.026508288 0.002336346 0.022246324 0.031341258 0.026395474 0.018256992 0.036446020 0.022453081 0.017019453 0.009501792 0.021573966 0.017808020 0.033967674 0.021922624 0.023211770 0.011867402 0.035247870 0.033811986
0.041162208 0.023851596 0.016568698 0.032626778 0.017266935 0.013758374 0.007204738 0.018123994 0.017888799 0.024087960 0.014280795 0.027701035 0.013342295 0.013411974 0.026593970 0.023357134 0.013108379 0.022246324 0.007432444 0.022533415 0.015968032 0.013078779 0.020668719 0.010870820 0.019587774 0.017565168 0.014273371 0.012349691 0.018361479 0.017274598 0.039771035 0.019375734 0.026882235 0.018728852
0.056349881 0.035039011 0.027356343 0.022655649 0.015216171 0.020398043 0.016635226 0.026207447 0.023025600 0.017405795 0.016223418 0.021152915 0.015013175 0.017833736 0.044957396 0.032919589 0.024854317 0.031341258 0.022533415 -0.001375974 0.022661773 0.016466046 0.039257582 0.015741538 0.029799737 0.018111793 0.022665828 0.017427865 0.028451871 0.024961978 0.047249287 0.014928997 0.039112300 0.037539784
0.025995951 0.026838530 0.004563545 0.038923733 0.020720765 0.010194551 0.014917873 0.019727664 0.015811224 0.027994186 0.024595609 0.037220936 0.024713092 0.017020134 0.018938322 0.013252739 0.012710121 0.026395474 0.015968032 0.022661773 -0.003534540 0.018972185 0.010827582 0.016920524 0.031672299 0.025984509 0.014793593 0.007919244 0.011632931 0.016578073 0.034443494 0.029045362 0.027851492 0.012350825
0.044752158 0.018720901 0.018443849 0.022775073 0.015704671 0.013194457 0.006018717 0.015768504 0.011977086 0.016781628 0.010881025 0.014857512 0.014654046 0.014441847 0.033681843 0.025739308 0.017024582 0.018256992 0.013078779 0.016466046 0.018972185 -0.000872626 0.026595665 0.008696587 0.018306665 0.012730763 0.011840951 0.011021406 0.021088542 0.015401747 0.034059886 0.016143609 0.019806311 0.023508169
0.024038011 0.031451944 0.011327201 0.052541297 0.026263326 0.021788942 0.021505967 0.029904576 0.026621917 0.039005257 0.033237167 0.049430177 0.027537022 0.025014848 0.019623170 0.017896460 0.016020995 0.036446020 0.020668719 0.039257582 0.010827582 0.026595665 0.002704751 0.025014278 0.032826271 0.030728569 0.022283982 0.019257234 0.012638769 0.026170734 0.045161325 0.040347435 0.039932203 0.017642783
0.042074732 0.018270189 0.014521136 0.024242623 0.014430980 0.009369764 0.001193832 0.011445562 0.008157378 0.018877171 0.011653243 0.016763302 0.011168808 0.009523686 0.031410348 0.022391900 0.013073464 0.022453081 0.010870820 0.015741538 0.016920524 0.008696587 0.025014278 -0.002058518 0.019515144 0.015258186 0.006958378 0.009053289 0.017777869 0.010573642 0.039265767 0.017958198 0.019725116 0.020724587
0.050291110 0.019260328 0.026437562 0.032916073 0.011802338 0.018738709 0.013168580 0.017911192 0.023929834 0.020490300 0.016210761 0.027019661 0.017418630 0.019121740 0.039892748 0.035654623 0.022669792 0.017019453 0.019587774 0.029799737 0.031672299 0.018306665 0.032826271 0.019515144 -0.014801426 0.013718445 0.019367956 0.017513569 0.027283862 0.019734038 0.027040899 0.020293066 0.028856836 0.030538158
0.045957331 0.023831522 0.024611490 0.015748169 0.015007809 0.016580846 0.006165798 0.012379718 0.017306015 0.008152088 0.006503743 0.009590176 0.014764445 0.015128936 0.034135360 0.032882825 0.023047172 0.009501792 0.017565168 0.018111793 0.025984509 0.012730763 0.030728569 0.015258186 0.013718445 -0.000312494 0.015697880 0.017009273 0.027683536 0.014928382 0.029958770 0.008256642 0.016116906 0.027704643
0.039363004 0.020600049 0.016025141 0.031188551 0.012322892 0.010684200 0.005939282 0.013973355 0.015593821 0.021615962 0.014968708 0.025538510 0.012043169 0.012119967 0.027488479 0.023787085 0.012937970 0.021573966 0.014273371 0.022665828 0.014793593 0.011840951 0.022283982 0.006958378 0.019367956 0.015697880 0.006035168 0.006673118 0.018764034 0.012659823 0.039025769 0.019880766 0.022522183 0.020088576
0.032714538 0.019235861 0.008301555 0.030394733 0.014082004 0.005185149 0.006308691 0.010540644 0.011688279 0.018959880 0.015698507 0.027797963 0.013861626 0.011114579 0.020173443 0.020492733 0.012958489 0.017808020 0.012349691 0.017427865 0.007919244 0.011021406 0.019257234 0.009053289 0.017513569 0.017009273 0.006673118 -0.003068965 0.015396666 0.007774332 0.027836349 0.019400463 0.023052853 0.012821877
0.026342880 0.025804311 0.012007735 0.039148103 0.023196105 0.019550826 0.016937338 0.024851430 0.017727418 0.031769134 0.027358094 0.034693491 0.020156769 0.019881450 0.021181734 0.008979583 0.014654825 0.033967674 0.018361479 0.028451871 0.011632931 0.021088542 0.012638769 0.017777869 0.027283862 0.027683536 0.018764034 0.015396666 0.005791780 0.021632144 0.041955441 0.032407798 0.030571120 0.015616965
0.042972449 0.020773932 0.017398598 0.034040816 0.012247611 0.011642763 0.008533161 0.013496225 0.015661702 0.021015476 0.016251519 0.027822070 0.014836143 0.015422666 0.029555701 0.028646786 0.017447639 0.021922624 0.017274598 0.024961978 0.016578073 0.015401747 0.026170734 0.010573642 0.019734038 0.014928382 0.012659823 0.007774332 0.021632144 0.007279089 0.037816726 0.018596996 0.024449259 0.021055989
0.066186525 0.041673683 0.040228426 0.038015839 0.040697671 0.037446793 0.036016766 0.040303756 0.042822167 0.028322788 0.032359611 0.043701638 0.039408937 0.046694279 0.050365012 0.051601727 0.038341254 0.023211770 0.039771035 0.047249287 0.034443494 0.034059886 0.045161325 0.039265767 0.027040899 0.029958770 0.039025769 0.027836349 0.041955441 0.037816726 -0.024387602 0.031043515 0.056044519 0.043951176
0.053009767 0.027528157 0.026062494 0.015482156 0.019757532 0.025836149 0.012765771 0.018623425 0.019393248 0.008240506 0.008952867 0.011689088 0.015923012 0.020919045 0.048917022 0.037608139 0.026068598 0.011867402 0.019375734 0.014928997 0.029045362 0.016143609 0.040347435 0.017958198 0.020293066 0.008256642 0.019880766 0.019400463 0.032407798 0.018596996 0.031043515 0.002682048 0.028445065 0.042622112
0.062723771 0.026643250 0.025943775 0.053252485 0.018799830 0.024573801 0.019596785 0.026088646 0.021324715 0.029461384 0.022186583 0.036595359 0.021272987 0.029094726 0.051627118 0.043697007 0.031292394 0.035247870 0.026882235 0.039112300 0.027851492 0.019806311 0.039932203 0.019725116 0.028856836 0.016116906 0.022522183 0.023052853 0.030571120 0.024449259 0.056044519 0.028445065 0.018802393 0.037559092
0.029677957 0.029636521 0.010837937 0.046019353 0.028660880 0.021473544 0.017330397 0.025928538 0.017553367 0.033817310 0.030312952 0.045038503 0.024167355 0.024645638 0.025019700 0.016474102 0.016378269 0.033811986 0.018728852 0.037539784 0.012350825 0.023508169 0.017642783 0.020724587 0.030538158 0.027704643 0.020088576 0.012821877 0.015616965 0.021055989 0.043951176 0.042622112 0.037559092 0.015492044
