0.014762439 0.040446505 0.028687993 0.061572339 0.043538325 0.037311666 0.039045397 0.046818919 0.039468057 0.050760753 0.046030369 0.064521454 0.041049175 0.042252854 0.023765367 0.030263554 0.034452595 0.058326066 0.039948869 0.057094306 0.028091842 0.041619014 0.025063494 0.037196323 0.051682040 0.044383284 0.039762206 0.030620106 0.023597479 0.041522644 0.067615263 0.054822028 0.061278857 0.024735436
0.040446505 0.016859841 0.022232218 0.031932443 0.019248340 0.015240354 0.017729502 0.017690057 0.024359027 0.025508352 0.021609602 0.025181020 0.016263535 0.016783647 0.023222439 0.022393927 0.023359427 0.028662639 0.023092749 0.037535395 0.024434261 0.020284304 0.024559040 0.019754492 0.019714169 0.024733633 0.021270366 0.019523449 0.022137921 0.020131934 0.042143330 0.024664328 0.022588210 0.021702508
0.028687993 0.022232218 -0.001787137 0.038086947 0.016781669 0.011825837 0.012082081 0.019563887 0.014656797 0.029173842 0.022392085 0.039712444 0.020044200 0.016167056 0.016482288 0.013071002 0.014697358 0.031480178 0.015135548 0.027307494 0.006628142 0.016848426 0.012040107 0.012427174 0.027829073 0.024092153 0.015736535 0.007669742 0.010067743 0.016755117 0.041176770 0.027706150 0.025950287 0.007691560
0.061572339 0.031932443 0.038086947 0.013164144 0.023173992 0.024232756 0.028146317 0.030222097 0.033488579 0.019662838 0.019312728 0.021888644 0.024545912 0.030135367 0.053579472 0.053891897 0.035339020 0.025497323 0.031298969 0.021860993 0.035590433 0.023269000 0.049080689 0.024673034 0.033408582 0.015598002 0.032181531 0.028447319 0.036060698 0.031679437 0.035101350 0.015176222 0.044776589 0.035351541
0.043538325 0.019248340 0.016781669 0.023173992 -0.002354527 0.016750641 0.011143997 0.013690267 0.015974242 0.017790122 0.015402735 0.016504148 0.011610527 0.015119005 0.036644470 0.025492556 0.017598255 0.023682697 0.016790990 0.017323690 0.020172186 0.014890768 0.029719722 0.012316932 0.016603151 0.014686175 0.012120613 0.015708946 0.025233392 0.014955834 0.045838661 0.019525904 0.022916187 0.030396553
0.037311666 0.015240354 0.011825837 0.024232756 0.016750641 0.005161960 0.006971336 0.011741951 0.006928598 0.019408710 0.016477630 0.021296714 0.013871660 0.009623879 0.027756399 0.016892711 0.013710162 0.026449613 0.012948381 0.018334676 0.010093900 0.012464510 0.022704838 0.009374837 0.020705713 0.017005621 0.010977708 0.004680476 0.018333651 0.011450501 0.038649995 0.027312852 0.023428522 0.018573742
0.039045397 0.017729502 0.012082081 0.028146317 0.011143997 0.006971336 -0.004338253 0.008059792 0.010970287 0.019824795 0.002142000 0.021472730 0.011227546 0.005039183 0.025009213 0.020074941 0.013279236 0.016870890 0.007120738 0.017599698 0.013638963 0.005946059 0.021404747 0.001303851 0.013030793 0.006842647 0.005281025 0.006086398 0.018062605 0.008539788 0.036139868 0.013357639 0.018202221 0.017170221
0.046818919 0.017690057 0.019563887 0.030222097 0.013690267 0.011741951 0.008059792 0.004477804 0.012653574 0.020080410 0.013838510 0.028406147 0.012514152 0.013029834 0.034019664 0.031309597 0.018794596 0.023276214 0.016869955 0.026950518 0.022792393 0.014441580 0.030992184 0.007378770 0.018823870 0.012473363 0.015043717 0.009212118 0.021986527 0.011892047 0.040235244 0.021438435 0.025788274 0.023035033
0.039468057 0.024359027 0.014656797 0.033488579 0.015974242 0.006928598 0.010970287 0.012653574 0.004041955 0.024113879 0.017208256 0.029446885 0.013710332 0.011635962 0.026449198 0.022873655 0.015913125 0.026793899 0.018555187 0.029299313 0.017807994 0.014045702 0.022157293 0.009967123 0.023371585 0.017773625 0.017025633 0.010489978 0.015836217 0.014009740 0.042156361 0.021925591 0.016010668 0.009761851
0.050760753 0.025508352 0.029173842 0.019662838 0.017790122 0.019408710 0.019824795 0.020080410 0.024113879 0.007611543 0.012187894 0.016672157 0.019035921 0.021257058 0.041251488 0.042627670 0.028916977 0.017289437 0.024606615 0.021345496 0.030493304 0.018361557 0.038316727 0.018904628 0.024084127 0.009207263 0.023875507 0.019885123 0.031004503 0.022150362 0.030967474 0.010468245 0.029426897 0.029445387
0.046030369 0.021609602 0.022392085 0.019312728 0.015402735 0.016477630 0.002142000 0.013838510 0.017208256 0.012187894 0.000401724 0.012937423 0.011634517 0.013382870 0.035612144 0.030694840 0.021091674 0.011868452 0.015405396 0.018936718 0.023095138 0.011367112 0.031122761 0.012565909 0.015371861 0.007650945 0.014843680 0.015258119 0.027671820 0.015863286 0.032368775 0.009434020 0.019175341 0.028193720
0.064521454 0.025181020 0.039712444 0.021888644 0.016504148 0.021296714 0.021472730 0.028406147 0.029446885 0.016672157 0.012937423 0.016113298 0.017338267 0.024064364 0.054735146 0.050130866 0.032560982 0.025568476 0.026635366 0.023932386 0.036861133 0.015350882 0.047011610 0.017641505 0.029256031 0.009654544 0.026953325 0.027718989 0.032678436 0.027846582 0.044750482 0.011588266 0.034457754 0.037861925
0.041049175 0.016263535 0.020044200 0.024545912 0.011610527 0.013871660 0.011227546 0.012514152 0.013710332 0.019035921 0.011634517 0.017338267 0.001952662 0.011947740 0.033620797 0.028942985 0.020359997 0.019598465 0.015423993 0.016956655 0.021787561 0.015327355 0.029246897 0.011722736 0.017227083 0.016347578 0.011422997 0.013672467 0.021991208 0.015460392 0.040156357 0.015872616 0.019796548 0.024271000
0.042252854 0.016783647 0.016167056 0.030135367 0.015119005 0.009623879 0.005039183 0.013029834 0.011635962 0.021257058 0.013382870 0.024064364 0.011947740 0.003761615 0.032181710 0.023811530 0.015045106 0.021336211 0.011475315 0.020686097 0.017785981 0.014173107 0.025932018 0.009990459 0.017710246 0.015805542 0.010751806 0.009574624 0.021402169 0.012645219 0.043471694 0.023670889 0.027000917 0.022867786
0.023765367 0.023222439 0.016482288 0.053579472 0.036644470 0.027756399 0.025009213 0.034019664 0.026449198 0.041251488 0.035612144 0.054735146 0.033620797 0.032181710 0.006023279 0.021979939 0.022754563 0.046796925 0.027299428 0.046467997 0.023043431 0.030103944 0.021193173 0.025038343 0.040804699 0.032555576 0.029958028 0.018027738 0.021758191 0.028491005 0.052778453 0.052858401 0.050579749 0.023690756
0.030263554 0.022393927 0.013071002 0.053891897 0.025492556 0.016892711 0.020074941 0.031309597 0.022873655 0.042627670 0.030694840 0.050130866 0.028942985 0.023811530 0.021979939 0.004894096 0.018114254 0.041354142 0.022870935 0.036979143 0.013141945 0.024788633 0.014450816 0.019643089 0.035319641 0.033308946 0.023848079 0.018375825 0.007201800 0.026997272 0.050446406 0.037649330 0.041011930 0.011573044
0.034452595 0.023359427 0.014697358 0.035339020 0.017598255 0.013710162 0.013279236 0.018794596 0.015913125 0.028916977 0.021091674 0.032560982 0.020359997 0.015045106 0.022754563 0.018114254 0.002338424 0.028607231 0.013180763 0.026986718 0.013676873 0.017004471 0.017416647 0.013215894 0.024102429 0.024136424 0.013267820 0.013446530 0.015295608 0.017947473 0.039860975 0.028770041 0.031771209 0.015553968
0.058326066 0.028662639 0.031480178 0.025497323 0.023682697 0.026449613 0.016870890 0.023276214 0.026793899 0.017289437 0.011868452 0.025568476 0.019598465 0.021336211 0.046796925 0.041354142 0.028607231 0.008655339 0.023623664 0.036335971 0.032722522 0.016203985 0.039958261 0.018307542 0.021491325 0.008537397 0.024434024 0.019262820 0.034781955 0.025121700 0.029825911 0.015197580 0.041026011 0.033999927
0.039948869 0.023092749 0.015135548 0.031298969 0.016790990 0.012948381 0.007120738 0.016869955 0.018555187 0.024606615 0.015405396 0.026635366 0.015423993 0.011475315 0.027299428 0.022870935 0.013180763 0.023623664 0.005462939 0.023429710 0.015717614 0.012866015 0.020801898 0.011628915 0.020008389 0.018191937 0.014443421 0.012840772 0.018822141 0.017218951 0.040488340 0.020488227 0.026671749 0.016627524
0.057094306 0.037535395 0.027307494 0.021860993 0.017323690 0.018334676 0.017599698 0.026950518 0.029299313 0.021345496 0.018936718 0.023932386 0.016956655 0.020686097 0.046467997 0.036979143 0.026986718 0.036335971 0.023429710 0.003883589 0.020210639 0.018777292 0.040670045 0.017962504 0.035176333 0.019353667 0.026625391 0.019344745 0.030085282 0.029164106 0.051863264 0.017361041 0.038894262 0.035250448
0.028091842 0.024434261 0.006628142 0.035590433 0.020172186 0.010093900 0.013638963 0.022792393 0.017807994 0.030493304 0.023095138 0.036861133 0.021787561 0.017785981 0.023043431 0.013141945 0.013676873 0.032722522 0.015717614 0.020210639 -0.000131615 0.016850861 0.014295890 0.011616990 0.035983622 0.024969161 0.016231179 0.009139097 0.011483943 0.021340050 0.041974448 0.028886268 0.033558019 0.013042202
0.041619014 0.020284304 0.016848426 0.023269000 0.014890768 0.012464510 0.005946059 0.014441580 0.014045702 0.018361557 0.011367112 0.015350882 0.015327355 0.014173107 0.030103944 0.024788633 0.017004471 0.016203985 0.012866015 0.018777292 0.016850861 -0.001020541 0.024522800 0.009983347 0.017281629 0.013796988 0.011209555 0.010963207 0.021804947 0.015108218 0.033691607 0.016524566 0.017704753 0.022290591
0.025063494 0.024559040 0.012040107 0.049080689 0.029719722 0.022704838 0.021404747 0.030992184 0.022157293 0.038316727 0.031122761 0.047011610 0.029246897 0.025932018 0.021193173 0.014450816 0.017416647 0.039958261 0.020801898 0.040670045 0.014295890 0.024522800 0.005667987 0.021526976 0.035275307 0.030678425 0.023168432 0.018139537 0.013363193 0.026270967 0.046835896 0.047293860 0.041025423 0.017810430
0.037196323 0.019754492 0.012427174 0.024673034 0.012316932 0.009374837 0.001303851 0.007378770 0.009967123 0.018904628 0.012565909 0.017641505 0.011722736 0.009990459 0.025038343 0.019643089 0.013215894 0.018307542 0.011628915 0.017962504 0.011616990 0.009983347 0.021526976 -0.001947669 0.018331362 0.016459886 0.006026635 0.007862455 0.018677743 0.009717351 0.037297428 0.017190242 0.015679199 0.018684695
0.051682040 0.019714169 0.027829073 0.033408582 0.016603151 0.020705713 0.013030793 0.018823870 0.023371585 0.024084127 0.015371861 0.029256031 0.017227083 0.017710246 0.040804699 0.035319641 0.024102429 0.021491325 0.020008389 0.035176333 0.035983622 0.017281629 0.035275307 0.018331362 -0.011878808 0.013691366 0.020640492 0.018681057 0.028113965 0.021764338 0.031090906 0.022127492 0.032202736 0.029997841
0.044383284 0.024733633 0.024092153 0.015598002 0.014686175 0.017005621 0.006842647 0.012473363 0.017773625 0.009207263 0.007650945 0.009654544 0.016347578 0.015805542 0.032555576 0.033308946 0.024136424 0.008537397 0.018191937 0.019353667 0.024969161 0.013796988 0.030678425 0.016459886 0.013691366 -0.000317622 0.015368144 0.017845748 0.029362915 0.015891967 0.030549280 0.008796762 0.014537420 0.028046964
0.039762206 0.021270366 0.015736535 0.032181531 0.012120613 0.010977708 0.005281025 0.015043717 0.017025633 0.023875507 0.014843680 0.026953325 0.011422997 0.010751806 0.029958028 0.023848079 0.013267820 0.024434024 0.014443421 0.026625391 0.016231179 0.011209555 0.023168432 0.006026635 0.020640492 0.015368144 0.005750004 0.008612312 0.019251626 0.014648041 0.041839667 0.020939484 0.025038753 0.018338677
0.030620106 0.019523449 0.007669742 0.028447319 0.015708946 0.004680476 0.006086398 0.009212118 0.010489978 0.019885123 0.015258119 0.027718989 0.013672467 0.009574624 0.018027738 0.018375825 0.013446530 0.019262820 0.012840772 0.019344745 0.009139097 0.010963207 0.018139537 0.007862455 0.018681057 0.017845748 0.008612312 -0.003814965 0.013585481 0.007893754 0.029014856 0.021091051 0.020881243 0.008294508
0.023597479 0.022137921 0.010067743 0.036060698 0.025233392 0.018333651 0.018062605 0.021986527 0.015836217 0.031004503 0.027671820 0.032678436 0.021991208 0.021402169 0.021758191 0.007201800 0.015295608 0.034781955 0.018822141 0.030085282 0.011483943 0.021804947 0.013363193 0.018677743 0.028113965 0.029362915 0.019251626 0.013585481 0.009372113 0.019549459 0.039794803 0.039984234 0.026885629 0.014892031
0.041522644 0.020131934 0.016755117 0.031679437 0.014955834 0.011450501 0.008539788 0.011892047 0.014009740 0.022150362 0.015863286 0.027846582 0.015460392 0.012645219 0.028491005 0.026997272 0.017947473 0.025121700 0.017218951 0.029164106 0.021340050 0.015108218 0.026270967 0.009717351 0.021764338 0.015891967 0.014648041 0.007893754 0.019549459 0.007321564 0.040100016 0.020943144 0.024993815 0.016644970
0.067615263 0.042143330 0.041176770 0.035101350 0.045838661 0.038649995 0.036139868 0.040235244 0.042156361 0.030967474 0.032368775 0.044750482 0.040156357 0.043471694 0.052778453 0.050446406 0.039860975 0.029825911 0.040488340 0.051863264 0.041974448 0.033691607 0.046835896 0.037297428 0.031090906 0.030549280 0.041839667 0.029014856 0.039794803 0.040100016 -0.020616723 0.033433601 0.059978604 0.038776699
0.054822028 0.024664328 0.027706150 0.015176222 0.019525904 0.027312852 0.013357639 0.021438435 0.021925591 0.010468245 0.009434020 0.011588266 0.015872616 0.023670889 0.052858401 0.037649330 0.028770041 0.015197580 0.020488227 0.017361041 0.028886268 0.016524566 0.047293860 0.017190242 0.022127492 0.008796762 0.020939484 0.021091051 0.039984234 0.020943144 0.033433601 0.003289571 0.030619128 0.047386140
0.061278857 0.022588210 0.025950287 0.044776589 0.022916187 0.023428522 0.018202221 0.025788274 0.016010668 0.029426897 0.019175341 0.034457754 0.019796548 0.027000917 0.050579749 0.041011930 0.031771209 0.041026011 0.026671749 0.038894262 0.033558019 0.017704753 0.041025423 0.015679199 0.032202736 0.014537420 0.025038753 0.020881243 0.026885629 0.024993815 0.059978604 0.030619128 0.016079519 0.031547539
0.024735436 0.021702508 0.007691560 0.035351541 0.030396553 0.018573742 0.017170221 0.023035033 0.009761851 0.029445387 0.028193720 0.037861925 0.024271000 0.022867786 0.023690756 0.011573044 0.015553968 0.033999927 0.016627524 0.035250448 0.013042202 0.022290591 0.017810430 0.018684695 0.029997841 0.028046964 0.018338677 0.008294508 0.014892031 0.016644970 0.038776699 0.047386140 0.031547539 0.011356317
