0.000000000 0.072340429 0.018018018 0.171102658 0.048076924 0.076271184 0.076271184 0.072340429 0.064377680 0.134920642 0.099173553 0.141732290 0.056277055 0.095435686 0.090000004 0.004608295 0.039647575 0.138339922 0.091666669 0.113821141 0.043859649 0.064377680 0.102880657 0.068376072 0.177358493 0.095435686 0.043859649 0.060344826 0.022421524 0.048034936 0.226950347 0.141732290 0.120967738 0.060344826
0.072340429 0.000000000 0.054393306 0.100000001 0.119999997 0.003952569 0.003952569 0.000000000 0.008000000 0.063197024 0.027027028 0.070110701 0.016129032 0.023255814 0.161290318 0.076923080 0.032786883 0.066666670 0.019455252 0.041825093 0.028571429 0.008000000 0.030769231 0.003984064 0.106382981 0.023255814 0.028571429 0.012048192 0.050000001 0.024390243 0.157190636 0.070110701 0.049056605 0.012048192
0.018018018 0.054393306 0.000000000 0.153558046 0.066037737 0.058333334 0.058333334 0.054393306 0.046413504 0.117187500 0.081300810 0.124031007 0.038297873 0.077551022 0.107843138 0.022624435 0.021645023 0.120622568 0.073770493 0.096000001 0.025862070 0.046413504 0.085020244 0.050420169 0.159851298 0.077551022 0.025862070 0.042372882 0.004405286 0.030042918 0.209790215 0.124031007 0.103174604 0.042372882
0.171102658 0.100000001 0.153558046 0.000000000 0.217391297 0.096085407 0.096085407 0.100000001 0.107913665 0.037037037 0.073170729 0.030100334 0.115942031 0.076923080 0.257142872 0.175572515 0.132352948 0.033557046 0.080701753 0.058419243 0.128205135 0.107913665 0.069444448 0.103942655 0.006451613 0.076923080 0.128205135 0.111913361 0.149253726 0.124087594 0.058103975 0.030100334 0.051194537 0.111913361
0.048076924 0.119999997 0.066037737 0.217391297 0.000000000 0.123893805 0.123893805 0.119999997 0.112107620 0.181818187 0.146551728 0.188524589 0.104072399 0.142857149 0.042105265 0.043478262 0.087557606 0.185185179 0.139130428 0.161016956 0.091743119 0.112107620 0.150214598 0.116071425 0.223529413 0.142857149 0.091743119 0.108108111 0.070422538 0.095890410 0.272058815 0.188524589 0.168067232 0.108108111
0.076271184 0.003952569 0.058333334 0.096085407 0.123893805 0.000000000 0.000000000 0.003952569 0.011952192 0.059259258 0.023076924 0.066176474 0.020080321 0.019305019 0.165137619 0.080851063 0.036734693 0.062730625 0.015503876 0.037878789 0.032520324 0.011952192 0.026819924 0.007936508 0.102473497 0.019305019 0.032520324 0.016000001 0.053941909 0.028340081 0.153333336 0.066176474 0.045112781 0.016000001
0.076271184 0.003952569 0.058333334 0.096085407 0.123893805 0.000000000 0.000000000 0.003952569 0.011952192 0.059259258 0.023076924 0.066176474 0.020080321 0.019305019 0.165137619 0.080851063 0.036734693 0.062730625 0.015503876 0.037878789 0.032520324 0.011952192 0.026819924 0.007936508 0.102473497 0.019305019 0.032520324 0.016000001 0.053941909 0.028340081 0.153333336 0.066176474 0.045112781 0.016000001
0.072340429 0.000000000 0.054393306 0.100000001 0.119999997 0.003952569 0.003952569 0.000000000 0.008000000 0.063197024 0.027027028 0.070110701 0.016129032 0.023255814 0.161290318 0.076923080 0.032786883 0.066666670 0.019455252 0.041825093 0.028571429 0.008000000 0.030769231 0.003984064 0.106382981 0.023255814 0.028571429 0.012048192 0.050000001 0.024390243 0.157190636 0.070110701 0.049056605 0.012048192
0.064377680 0.008000000 0.046413504 0.107913665 0.112107620 0.011952192 0.011952192 0.008000000 0.000000000 0.071161047 0.035019454 0.078066915 0.008130081 0.031250000 0.153488368 0.068965517 0.024793388 0.074626863 0.027450981 0.049808428 0.020576132 0.000000000 0.038759690 0.004016064 0.114285715 0.031250000 0.020576132 0.004048583 0.042016808 0.016393442 0.164983168 0.078066915 0.057034221 0.004048583
0.134920642 0.063197024 0.117187500 0.037037037 0.181818187 0.059259258 0.059259258 0.063197024 0.071161047 0.000000000 0.036231883 0.006944444 0.079245284 0.039999999 0.222222224 0.139442235 0.095785439 0.003484321 0.043795619 0.021428572 0.091603056 0.071161047 0.032490976 0.067164183 0.043478262 0.039999999 0.091603056 0.075187966 0.112840466 0.087452471 0.094936706 0.006944444 0.014184397 0.075187966
0.099173553 0.027027028 0.081300810 0.073170729 0.146551728 0.023076924 0.023076924 0.027027028 0.035019454 0.036231883 0.000000000 0.043165468 0.043137256 0.003773585 0.187500000 0.103734441 0.059760958 0.039711192 0.007575758 0.014814815 0.055555556 0.035019454 0.003745318 0.031007752 0.079584777 0.003773585 0.055555556 0.039062500 0.076923080 0.051383398 0.130718961 0.043165468 0.022058824 0.039062500
0.141732290 0.070110701 0.124031007 0.030100334 0.188524589 0.066176474 0.066176474 0.070110701 0.078066915 0.006944444 0.043165468 0.000000000 0.086142324 0.046931408 0.228813559 0.146245062 0.102661595 0.003460208 0.050724637 0.028368793 0.098484851 0.078066915 0.039426524 0.074074075 0.036544852 0.046931408 0.098484851 0.082089551 0.119691119 0.094339624 0.088050313 0.000000000 0.021126760 0.082089551
0.056277055 0.016129032 0.038297873 0.115942031 0.104072399 0.020080321 0.020080321 0.016129032 0.008130081 0.079245284 0.043137256 0.086142324 0.000000000 0.039370079 0.145539910 0.060869563 0.016666668 0.082706764 0.035573121 0.057915058 0.012448133 0.008130081 0.046875000 0.012145749 0.122302160 0.039370079 0.012448133 0.004081632 0.033898305 0.008264462 0.172881350 0.086142324 0.065134101 0.004081632
0.095435686 0.023255814 0.077551022 0.076923080 0.142857149 0.019305019 0.019305019 0.023255814 0.031250000 0.039999999 0.003773585 0.046931408 0.039370079 0.000000000 0.183856502 0.100000001 0.056000002 0.043478262 0.003802281 0.018587360 0.051792830 0.031250000 0.007518797 0.027237354 0.083333336 0.000000000 0.051792830 0.035294119 0.073170729 0.047619049 0.134426236 0.046931408 0.025830258 0.035294119
0.090000004 0.161290318 0.107843138 0.257142872 0.042105265 0.165137619 0.165137619 0.161290318 0.153488368 0.222222224 0.187500000 0.228813559 0.145539910 0.183856502 0.000000000 0.085427135 0.129186600 0.225531921 0.180180177 0.201754391 0.133333340 0.153488368 0.191111118 0.157407403 0.263157904 0.183856502 0.133333340 0.149532706 0.112195119 0.137440756 0.310606062 0.228813559 0.208695650 0.149532706
0.004608295 0.076923080 0.022624435 0.175572515 0.043478262 0.080851063 0.080851063 0.076923080 0.068965517 0.139442235 0.103734441 0.146245062 0.060869563 0.100000001 0.085427135 0.000000000 0.044247787 0.142857149 0.096234307 0.118367344 0.048458152 0.068965517 0.107438013 0.072961375 0.181818187 0.100000001 0.048458152 0.064935066 0.027027028 0.052631579 0.231316730 0.146245062 0.125506073 0.064935066
0.039647575 0.032786883 0.021645023 0.132352948 0.087557606 0.036734693 0.036734693 0.032786883 0.024793388 0.095785439 0.059760958 0.102661595 0.016666668 0.056000002 0.129186600 0.044247787 0.000000000 0.099236645 0.052208837 0.074509807 0.004219409 0.024793388 0.063492067 0.028806584 0.138686135 0.056000002 0.004219409 0.020746889 0.017241379 0.008403362 0.189003438 0.102661595 0.081712060 0.020746889
0.138339922 0.066666670 0.120622568 0.033557046 0.185185179 0.062730625 0.062730625 0.066666670 0.074626863 0.003484321 0.039711192 0.003460208 0.082706764 0.043478262 0.225531921 0.142857149 0.099236645 0.000000000 0.047272727 0.024911031 0.095057033 0.074626863 0.035971224 0.070631973 0.039999999 0.043478262 0.095057033 0.078651689 0.116279073 0.090909094 0.091482647 0.003460208 0.017667845 0.078651689
0.091666669 0.019455252 0.073770493 0.080701753 0.139130428 0.015503876 0.015503876 0.019455252 0.027450981 0.043795619 0.007575758 0.050724637 0.035573121 0.003802281 0.180180177 0.096234307 0.052208837 0.047272727 0.000000000 0.022388060 0.048000000 0.027450981 0.011320755 0.023437500 0.087108016 0.003802281 0.048000000 0.031496063 0.069387756 0.043824703 0.138157889 0.050724637 0.029629629 0.031496063
0.113821141 0.041825093 0.096000001 0.058419243 0.161016956 0.037878789 0.037878789 0.041825093 0.049808428 0.021428572 0.014814815 0.028368793 0.057915058 0.018587360 0.201754391 0.118367344 0.074509807 0.024911031 0.022388060 0.000000000 0.070312500 0.049808428 0.011070111 0.045801528 0.064846419 0.018587360 0.070312500 0.053846154 0.091633469 0.066147856 0.116129033 0.028368793 0.007246377 0.053846154
0.043859649 0.028571429 0.025862070 0.128205135 0.091743119 0.032520324 0.032520324 0.028571429 0.020576132 0.091603056 0.055555556 0.098484851 0.012448133 0.051792830 0.133333340 0.048458152 0.004219409 0.095057033 0.048000000 0.070312500 0.000000000 0.020576132 0.059288539 0.024590164 0.134545460 0.051792830 0.000000000 0.016528925 0.021459227 0.004184100 0.184931502 0.098484851 0.077519380 0.016528925
0.064377680 0.008000000 0.046413504 0.107913665 0.112107620 0.011952192 0.011952192 0.008000000 0.000000000 0.071161047 0.035019454 0.078066915 0.008130081 0.031250000 0.153488368 0.068965517 0.024793388 0.074626863 0.027450981 0.049808428 0.020576132 0.000000000 0.038759690 0.004016064 0.114285715 0.031250000 0.020576132 0.004048583 0.042016808 0.016393442 0.164983168 0.078066915 0.057034221 0.004048583
0.102880657 0.030769231 0.085020244 0.069444448 0.150214598 0.026819924 0.026819924 0.030769231 0.038759690 0.032490976 0.003745318 0.039426524 0.046875000 0.007518797 0.191111118 0.107438013 0.063492067 0.035971224 0.011320755 0.011070111 0.059288539 0.038759690 0.000000000 0.034749035 0.075862072 0.007518797 0.059288539 0.042801555 0.080645159 0.055118110 0.127035826 0.039426524 0.018315019 0.042801555
0.068376072 0.003984064 0.050420169 0.103942655 0.116071425 0.007936508 0.007936508 0.003984064 0.004016064 0.067164183 0.031007752 0.074074075 0.012145749 0.027237354 0.157407403 0.072961375 0.028806584 0.070631973 0.023437500 0.045801528 0.024590164 0.004016064 0.034749035 0.000000000 0.110320285 0.027237354 0.024590164 0.008064516 0.046025105 0.020408163 0.161073819 0.074074075 0.053030305 0.008064516
0.177358493 0.106382981 0.159851298 0.006451613 0.223529413 0.102473497 0.102473497 0.106382981 0.114285715 0.043478262 0.079584777 0.036544852 0.122302160 0.083333336 0.263157904 0.181818187 0.138686135 0.039999999 0.087108016 0.064846419 0.134545460 0.114285715 0.075862072 0.110320285 0.000000000 0.083333336 0.134545460 0.118279569 0.155555561 0.130434781 0.051671732 0.036544852 0.057627119 0.118279569
0.095435686 0.023255814 0.077551022 0.076923080 0.142857149 0.019305019 0.019305019 0.023255814 0.031250000 0.039999999 0.003773585 0.046931408 0.039370079 0.000000000 0.183856502 0.100000001 0.056000002 0.043478262 0.003802281 0.018587360 0.051792830 0.031250000 0.007518797 0.027237354 0.083333336 0.000000000 0.051792830 0.035294119 0.073170729 0.047619049 0.134426236 0.046931408 0.025830258 0.035294119
0.043859649 0.028571429 0.025862070 0.128205135 0.091743119 0.032520324 0.032520324 0.028571429 0.020576132 0.091603056 0.055555556 0.098484851 0.012448133 0.051792830 0.133333340 0.048458152 0.004219409 0.095057033 0.048000000 0.070312500 0.000000000 0.020576132 0.059288539 0.024590164 0.134545460 0.051792830 0.000000000 0.016528925 0.021459227 0.004184100 0.184931502 0.098484851 0.077519380 0.016528925
0.060344826 0.012048192 0.042372882 0.111913361 0.108108111 0.016000001 0.016000001 0.012048192 0.004048583 0.075187966 0.039062500 0.082089551 0.004081632 0.035294119 0.149532706 0.064935066 0.020746889 0.078651689 0.031496063 0.053846154 0.016528925 0.004048583 0.042801555 0.008064516 0.118279569 0.035294119 0.016528925 0.000000000 0.037974682 0.012345679 0.168918923 0.082089551 0.061068702 0.000000000
0.022421524 0.050000001 0.004405286 0.149253726 0.070422538 0.053941909 0.053941909 0.050000001 0.042016808 0.112840466 0.076923080 0.119691119 0.033898305 0.073170729 0.112195119 0.027027028 0.017241379 0.116279073 0.069387756 0.091633469 0.021459227 0.042016808 0.080645159 0.046025105 0.155555561 0.073170729 0.021459227 0.037974682 0.000000000 0.025641026 0.205574915 0.119691119 0.098814227 0.037974682
0.048034936 0.024390243 0.030042918 0.124087594 0.095890410 0.028340081 0.028340081 0.024390243 0.016393442 0.087452471 0.051383398 0.094339624 0.008264462 0.047619049 0.137440756 0.052631579 0.008403362 0.090909094 0.043824703 0.066147856 0.004184100 0.016393442 0.055118110 0.020408163 0.130434781 0.047619049 0.004184100 0.012345679 0.025641026 0.000000000 0.180887371 0.094339624 0.073359072 0.012345679
0.226950347 0.157190636 0.209790215 0.058103975 0.272058815 0.153333336 0.153333336 0.157190636 0.164983168 0.094936706 0.130718961 0.088050313 0.172881350 0.134426236 0.310606062 0.231316730 0.189003438 0.091482647 0.138157889 0.116129033 0.184931502 0.164983168 0.127035826 0.161073819 0.051671732 0.134426236 0.184931502 0.168918923 0.205574915 0.180887371 0.000000000 0.088050313 0.108974360 0.168918923
0.141732290 0.070110701 0.124031007 0.030100334 0.188524589 0.066176474 0.066176474 0.070110701 0.078066915 0.006944444 0.043165468 0.000000000 0.086142324 0.046931408 0.228813559 0.146245062 0.102661595 0.003460208 0.050724637 0.028368793 0.098484851 0.078066915 0.039426524 0.074074075 0.036544852 0.046931408 0.098484851 0.082089551 0.119691119 0.094339624 0.088050313 0.000000000 0.021126760 0.082089551
0.120967738 0.049056605 0.103174604 0.051194537 0.168067232 0.045112781 0.045112781 0.049056605 0.057034221 0.014184397 0.022058824 0.021126760 0.065134101 0.025830258 0.208695650 0.125506073 0.081712060 0.017667845 0.029629629 0.007246377 0.077519380 0.057034221 0.018315019 0.053030305 0.057627119 0.025830258 0.077519380 0.061068702 0.098814227 0.073359072 0.108974360 0.021126760 0.000000000 0.061068702
0.060344826 0.012048192 0.042372882 0.111913361 0.108108111 0.016000001 0.016000001 0.012048192 0.004048583 0.075187966 0.039062500 0.082089551 0.004081632 0.035294119 0.149532706 0.064935066 0.020746889 0.078651689 0.031496063 0.053846154 0.016528925 0.004048583 0.042801555 0.008064516 0.118279569 0.035294119 0.016528925 0.000000000 0.037974682 0.012345679 0.168918923 0.082089551 0.061068702 0.000000000
