0.000000000 0.198019803 0.147368416 0.270270258 0.235849053 0.224880382 0.198019803 0.228571430 0.194029853 0.253456235 0.276785702 0.270270258 0.295652181 0.239436626 0.142857149 0.181818187 0.133689836 0.242990658 0.164948449 0.246511623 0.089887641 0.185929641 0.156250000 0.181818187 0.307692319 0.228571430 0.160621762 0.181818187 0.094972067 0.177664980 0.304721028 0.235849053 0.194029853 0.160621762
0.198019803 0.000000000 0.052173913 0.076335877 0.039682541 0.028112451 0.000000000 0.032000002 0.004149378 0.058365759 0.083333336 0.076335877 0.103703700 0.043478262 0.056768559 0.016806724 0.066079296 0.047244094 0.034188036 0.050980393 0.110091746 0.012552301 0.043103449 0.016806724 0.116788320 0.032000002 0.038626611 0.016806724 0.105022833 0.021097047 0.113553114 0.039682541 0.004149378 0.038626611
0.147368416 0.052173913 0.000000000 0.128000006 0.091666669 0.080168776 0.052173913 0.084033616 0.048034936 0.110204078 0.134920642 0.128000006 0.155038759 0.095435686 0.004608295 0.035398230 0.013953488 0.099173553 0.018018018 0.102880657 0.058252428 0.039647575 0.009090909 0.035398230 0.167938933 0.084033616 0.013574661 0.035398230 0.053140096 0.031111112 0.164750963 0.091666669 0.048034936 0.013574661
0.270270258 0.076335877 0.128000006 0.000000000 0.036764707 0.048327137 0.076335877 0.044444446 0.080459774 0.018050542 0.007042253 0.000000000 0.027586207 0.032967035 0.132530123 0.093023255 0.141700402 0.029197080 0.110236220 0.025454545 0.184873953 0.088803090 0.119047619 0.093023255 0.040816326 0.044444446 0.114624508 0.093023255 0.179916322 0.097276263 0.037542664 0.036764707 0.080459774 0.114624508
0.235849053 0.039682541 0.091666669 0.036764707 0.000000000 0.011583012 0.039682541 0.007692308 0.043824703 0.018726591 0.043795619 0.036764707 0.064285718 0.003802281 0.096234307 0.056451611 0.105485231 0.007575758 0.073770493 0.011320755 0.149122804 0.052208837 0.082644626 0.056451611 0.077464789 0.007692308 0.078189299 0.056451611 0.144104809 0.060728744 0.074204944 0.000000000 0.043824703 0.078189299
0.224880382 0.028112451 0.080168776 0.048327137 0.011583012 0.000000000 0.028112451 0.003891051 0.032258064 0.030303031 0.055350553 0.048327137 0.075812273 0.015384615 0.084745765 0.044897959 0.094017096 0.019157087 0.062240664 0.022900764 0.137777776 0.040650405 0.071129709 0.044897959 0.088967972 0.003891051 0.066666670 0.044897959 0.132743359 0.049180329 0.085714288 0.011583012 0.032258064 0.066666670
0.198019803 0.000000000 0.052173913 0.076335877 0.039682541 0.028112451 0.000000000 0.032000002 0.004149378 0.058365759 0.083333336 0.076335877 0.103703700 0.043478262 0.056768559 0.016806724 0.066079296 0.047244094 0.034188036 0.050980393 0.110091746 0.012552301 0.043103449 0.016806724 0.116788320 0.032000002 0.038626611 0.016806724 0.105022833 0.021097047 0.113553114 0.039682541 0.004149378 0.038626611
0.228571430 0.032000002 0.084033616 0.044444446 0.007692308 0.003891051 0.032000002 0.000000000 0.036144577 0.026415095 0.051470589 0.044444446 0.071942449 0.011494253 0.088607594 0.048780486 0.097872339 0.015267176 0.066115700 0.019011406 0.141592920 0.044534411 0.075000003 0.048780486 0.085106380 0.000000000 0.070539422 0.048780486 0.136563882 0.053061225 0.081850536 0.007692308 0.036144577 0.070539422
0.194029853 0.004149378 0.048034936 0.080459774 0.043824703 0.032258064 0.004149378 0.036144577 0.000000000 0.062500000 0.087452471 0.080459774 0.107806690 0.047619049 0.052631579 0.012658228 0.061946902 0.051383398 0.030042918 0.055118110 0.105990782 0.008403362 0.038961038 0.012658228 0.120879121 0.036144577 0.034482758 0.012658228 0.100917429 0.016949153 0.117647059 0.043824703 0.000000000 0.034482758
0.253456235 0.058365759 0.110204078 0.018050542 0.018726591 0.030303031 0.058365759 0.026415095 0.062500000 0.000000000 0.025089607 0.018050542 0.045614034 0.014925373 0.114754096 0.075098813 0.123966940 0.011152416 0.092369474 0.007407407 0.167381972 0.070866145 0.101214573 0.075098813 0.058823530 0.026415095 0.096774191 0.075098813 0.162393168 0.079365082 0.055555556 0.018726591 0.062500000 0.096774191
0.276785702 0.083333336 0.134920642 0.007042253 0.043795619 0.055350553 0.083333336 0.051470589 0.087452471 0.025089607 0.000000000 0.007042253 0.020547945 0.039999999 0.139442235 0.100000001 0.148594379 0.036231883 0.117187500 0.032490976 0.191666663 0.095785439 0.125984251 0.100000001 0.033783782 0.051470589 0.121568628 0.100000001 0.186721995 0.104247101 0.030508475 0.043795619 0.087452471 0.121568628
0.270270258 0.076335877 0.128000006 0.000000000 0.036764707 0.048327137 0.076335877 0.044444446 0.080459774 0.018050542 0.007042253 0.000000000 0.027586207 0.032967035 0.132530123 0.093023255 0.141700402 0.029197080 0.110236220 0.025454545 0.184873953 0.088803090 0.119047619 0.093023255 0.040816326 0.044444446 0.114624508 0.093023255 0.179916322 0.097276263 0.037542664 0.036764707 0.080459774 0.114624508
0.295652181 0.103703700 0.155038759 0.027586207 0.064285718 0.075812273 0.103703700 0.071942449 0.107806690 0.045614034 0.020547945 0.027586207 0.000000000 0.060498219 0.159533069 0.120300755 0.168627456 0.056737587 0.137404576 0.053003535 0.211382121 0.116104871 0.146153852 0.120300755 0.013245033 0.071942449 0.141762450 0.120300755 0.206477731 0.124528304 0.009966778 0.064285718 0.107806690 0.141762450
0.239436626 0.043478262 0.095435686 0.032967035 0.003802281 0.015384615 0.043478262 0.011494253 0.047619049 0.014925373 0.039999999 0.032967035 0.060498219 0.000000000 0.100000001 0.060240965 0.109243698 0.003773585 0.077551022 0.007518797 0.152838424 0.056000002 0.086419754 0.060240965 0.073684208 0.011494253 0.081967212 0.060240965 0.147826090 0.064516127 0.070422538 0.003802281 0.047619049 0.081967212
0.142857149 0.056768559 0.004608295 0.132530123 0.096234307 0.084745765 0.056768559 0.088607594 0.052631579 0.114754096 0.139442235 0.132530123 0.159533069 0.100000001 0.000000000 0.039999999 0.009345794 0.103734441 0.022624435 0.107438013 0.053658538 0.044247787 0.013698630 0.039999999 0.172413796 0.088607594 0.018181818 0.039999999 0.048543688 0.035714287 0.169230774 0.096234307 0.052631579 0.018181818
0.181818187 0.016806724 0.035398230 0.093023255 0.056451611 0.044897959 0.016806724 0.048780486 0.012658228 0.075098813 0.100000001 0.093023255 0.120300755 0.060240965 0.039999999 0.000000000 0.049327355 0.064000003 0.017391304 0.067729086 0.093457945 0.004255319 0.026315790 0.000000000 0.133333340 0.048780486 0.021834061 0.000000000 0.088372096 0.004291845 0.130111530 0.056451611 0.012658228 0.021834061
0.133689836 0.066079296 0.013953488 0.141700402 0.105485231 0.094017096 0.066079296 0.097872339 0.061946902 0.123966940 0.148594379 0.141700402 0.168627456 0.109243698 0.009345794 0.049327355 0.000000000 0.112970710 0.031963471 0.116666667 0.044334974 0.053571429 0.023041476 0.049327355 0.181467175 0.097872339 0.027522936 0.049327355 0.039215688 0.045045044 0.178294569 0.105485231 0.061946902 0.027522936
0.242990658 0.047244094 0.099173553 0.029197080 0.007575758 0.019157087 0.047244094 0.015267176 0.051383398 0.011152416 0.036231883 0.029197080 0.056737587 0.003773585 0.103734441 0.064000003 0.112970710 0.000000000 0.081300810 0.003745318 0.156521738 0.059760958 0.090163931 0.064000003 0.069930069 0.015267176 0.085714288 0.064000003 0.151515156 0.068273090 0.066666670 0.007575758 0.051383398 0.085714288
0.164948449 0.034188036 0.018018018 0.110236220 0.073770493 0.062240664 0.034188036 0.066115700 0.030042918 0.092369474 0.117187500 0.110236220 0.137404576 0.077551022 0.022624435 0.017391304 0.031963471 0.081300810 0.000000000 0.085020244 0.076190479 0.021645023 0.008928572 0.017391304 0.150375932 0.066115700 0.004444445 0.017391304 0.071090050 0.013100437 0.147169814 0.073770493 0.030042918 0.004444445
0.246511623 0.050980393 0.102880657 0.025454545 0.011320755 0.022900764 0.050980393 0.019011406 0.055118110 0.007407407 0.032490976 0.025454545 0.053003535 0.007518797 0.107438013 0.067729086 0.116666667 0.003745318 0.085020244 0.000000000 0.160173163 0.063492067 0.093877554 0.067729086 0.066202089 0.019011406 0.089430891 0.067729086 0.155172408 0.071999997 0.062937066 0.011320755 0.055118110 0.089430891
0.089887641 0.110091746 0.058252428 0.184873953 0.149122804 0.137777776 0.110091746 0.141592920 0.105990782 0.167381972 0.191666663 0.184873953 0.211382121 0.152838424 0.053658538 0.093457945 0.044334974 0.156521738 0.076190479 0.160173163 0.000000000 0.097674422 0.067307696 0.093457945 0.224000007 0.141592920 0.071770333 0.093457945 0.005128205 0.089201875 0.220883533 0.149122804 0.105990782 0.071770333
0.185929641 0.012552301 0.039647575 0.088803090 0.052208837 0.040650405 0.012552301 0.044534411 0.008403362 0.070866145 0.095785439 0.088803090 0.116104871 0.056000002 0.044247787 0.004255319 0.053571429 0.059760958 0.021645023 0.063492067 0.097674422 0.000000000 0.030567685 0.004255319 0.129151285 0.044534411 0.026086956 0.004255319 0.092592590 0.008547009 0.125925928 0.052208837 0.008403362 0.026086956
0.156250000 0.043103449 0.009090909 0.119047619 0.082644626 0.071129709 0.043103449 0.075000003 0.038961038 0.101214573 0.125984251 0.119047619 0.146153852 0.086419754 0.013698630 0.026315790 0.023041476 0.090163931 0.008928572 0.093877554 0.067307696 0.030567685 0.000000000 0.026315790 0.159090906 0.075000003 0.004484305 0.026315790 0.062200956 0.022026431 0.155893534 0.082644626 0.038961038 0.004484305
0.181818187 0.016806724 0.035398230 0.093023255 0.056451611 0.044897959 0.016806724 0.048780486 0.012658228 0.075098813 0.100000001 0.093023255 0.120300755 0.060240965 0.039999999 0.000000000 0.049327355 0.064000003 0.017391304 0.067729086 0.093457945 0.004255319 0.026315790 0.000000000 0.133333340 0.048780486 0.021834061 0.000000000 0.088372096 0.004291845 0.130111530 0.056451611 0.012658228 0.021834061
0.307692319 0.116788320 0.167938933 0.040816326 0.077464789 0.088967972 0.116788320 0.085106380 0.120879121 0.058823530 0.033783782 0.040816326 0.013245033 0.073684208 0.172413796 0.133333340 0.181467175 0.069930069 0.150375932 0.066202089 0.224000007 0.129151285 0.159090906 0.133333340 0.000000000 0.085106380 0.154716983 0.133333340 0.219123513 0.137546465 0.003278689 0.077464789 0.120879121 0.154716983
0.228571430 0.032000002 0.084033616 0.044444446 0.007692308 0.003891051 0.032000002 0.000000000 0.036144577 0.026415095 0.051470589 0.044444446 0.071942449 0.011494253 0.088607594 0.048780486 0.097872339 0.015267176 0.066115700 0.019011406 0.141592920 0.044534411 0.075000003 0.048780486 0.085106380 0.000000000 0.070539422 0.048780486 0.136563882 0.053061225 0.081850536 0.007692308 0.036144577 0.070539422
0.160621762 0.038626611 0.013574661 0.114624508 0.078189299 0.066666670 0.038626611 0.070539422 0.034482758 0.096774191 0.121568628 0.114624508 0.141762450 0.081967212 0.018181818 0.021834061 0.027522936 0.085714288 0.004444445 0.089430891 0.071770333 0.026086956 0.004484305 0.021834061 0.154716983 0.070539422 0.000000000 0.021834061 0.066666670 0.017543860 0.151515156 0.078189299 0.034482758 0.000000000
0.181818187 0.016806724 0.035398230 0.093023255 0.056451611 0.044897959 0.016806724 0.048780486 0.012658228 0.075098813 0.100000001 0.093023255 0.120300755 0.060240965 0.039999999 0.000000000 0.049327355 0.064000003 0.017391304 0.067729086 0.093457945 0.004255319 0.026315790 0.000000000 0.133333340 0.048780486 0.021834061 0.000000000 0.088372096 0.004291845 0.130111530 0.056451611 0.012658228 0.021834061
0.094972067 0.105022833 0.053140096 0.179916322 0.144104809 0.132743359 0.105022833 0.136563882 0.100917429 0.162393168 0.186721995 0.179916322 0.206477731 0.147826090 0.048543688 0.088372096 0.039215688 0.151515156 0.071090050 0.155172408 0.005128205 0.092592590 0.062200956 0.088372096 0.219123513 0.136563882 0.066666670 0.088372096 0.000000000 0.084112152 0.216000006 0.144104809 0.100917429 0.066666670
0.177664980 0.021097047 0.031111112 0.097276263 0.060728744 0.049180329 0.021097047 0.053061225 0.016949153 0.079365082 0.104247101 0.097276263 0.124528304 0.064516127 0.035714287 0.004291845 0.045045044 0.068273090 0.013100437 0.071999997 0.089201875 0.008547009 0.022026431 0.004291845 0.137546465 0.053061225 0.017543860 0.004291845 0.084112152 0.000000000 0.134328365 0.060728744 0.016949153 0.017543860
0.304721028 0.113553114 0.164750963 0.037542664 0.074204944 0.085714288 0.113553114 0.081850536 0.117647059 0.055555556 0.030508475 0.037542664 0.009966778 0.070422538 0.169230774 0.130111530 0.178294569 0.066666670 0.147169814 0.062937066 0.220883533 0.125925928 0.155893534 0.130111530 0.003278689 0.081850536 0.151515156 0.130111530 0.216000006 0.134328365 0.000000000 0.074204944 0.117647059 0.151515156
0.235849053 0.039682541 0.091666669 0.036764707 0.000000000 0.011583012 0.039682541 0.007692308 0.043824703 0.018726591 0.043795619 0.036764707 0.064285718 0.003802281 0.096234307 0.056451611 0.105485231 0.007575758 0.073770493 0.011320755 0.149122804 0.052208837 0.082644626 0.056451611 0.077464789 0.007692308 0.078189299 0.056451611 0.144104809 0.060728744 0.074204944 0.000000000 0.043824703 0.078189299
0.194029853 0.004149378 0.048034936 0.080459774 0.043824703 0.032258064 0.004149378 0.036144577 0.000000000 0.062500000 0.087452471 0.080459774 0.107806690 0.047619049 0.052631579 0.012658228 0.061946902 0.051383398 0.030042918 0.055118110 0.105990782 0.008403362 0.038961038 0.012658228 0.120879121 0.036144577 0.034482758 0.012658228 0.100917429 0.016949153 0.117647059 0.043824703 0.000000000 0.034482758
0.160621762 0.038626611 0.013574661 0.114624508 0.078189299 0.066666670 0.038626611 0.070539422 0.034482758 0.096774191 0.121568628 0.114624508 0.141762450 0.081967212 0.018181818 0.021834061 0.027522936 0.085714288 0.004444445 0.089430891 0.071770333 0.026086956 0.004484305 0.021834061 0.154716983 0.070539422 0.000000000 0.021834061 0.066666670 0.017543860 0.151515156 0.078189299 0.034482758 0.000000000
