0.000000000 0.131578952 0.074766353 0.235521242 0.043478262 0.204819277 0.185185179 0.168067232 0.174999997 0.214285716 0.164556965 0.226562500 0.131578952 0.123893805 0.020618556 0.139130428 0.112107620 0.226562500 0.146551728 0.164556965 0.108108111 0.188524589 0.123893805 0.201612905 0.174999997 0.188524589 0.131578952 0.142857149 0.091743119 0.164556965 0.201612905 0.171548113 0.150214598 0.095890410
0.131578952 0.000000000 0.057377048 0.107266434 0.088607594 0.075268820 0.054945055 0.037313432 0.044444446 0.085106380 0.033707865 0.097902097 0.000000000 0.007812500 0.151785716 0.007692308 0.019762846 0.097902097 0.015267176 0.033707865 0.023809524 0.058394160 0.007812500 0.071942449 0.044444446 0.058394160 0.000000000 0.011494253 0.040322579 0.033707865 0.071942449 0.040892195 0.019011406 0.036144577
0.074766353 0.057377048 0.000000000 0.163636357 0.031390134 0.132075474 0.111969113 0.094488189 0.101562500 0.141791046 0.090909094 0.154411763 0.057377048 0.049586777 0.095238097 0.065040648 0.037656903 0.154411763 0.072580643 0.090909094 0.033613447 0.115384616 0.049586777 0.128787875 0.101562500 0.115384616 0.057377048 0.068825908 0.017094018 0.090909094 0.128787875 0.098039217 0.076305218 0.021276595
0.235521242 0.107266434 0.163636357 0.000000000 0.194029853 0.032258064 0.052631579 0.070234112 0.063122921 0.022364218 0.073825501 0.009463723 0.107266434 0.114982575 0.254901975 0.099656358 0.126760557 0.009463723 0.092150174 0.073825501 0.130742043 0.049180329 0.114982575 0.035598706 0.063122921 0.049180329 0.107266434 0.095890410 0.146953404 0.073825501 0.035598706 0.066666670 0.088435374 0.142857149
0.043478262 0.088607594 0.031390134 0.194029853 0.000000000 0.162790701 0.142857149 0.125506073 0.132530123 0.172413796 0.121951222 0.184905663 0.088607594 0.080851063 0.064039409 0.096234307 0.068965517 0.184905663 0.103734441 0.121951222 0.064935066 0.146245062 0.080851063 0.159533069 0.132530123 0.146245062 0.088607594 0.100000001 0.048458152 0.121951222 0.159533069 0.129032254 0.107438013 0.052631579
0.204819277 0.075268820 0.132075474 0.032258064 0.162790701 0.000000000 0.020408163 0.038062282 0.030927835 0.009900990 0.041666668 0.022801302 0.075268820 0.083032489 0.224489793 0.067615658 0.094890513 0.022801302 0.060070671 0.041666668 0.098901100 0.016949153 0.083032489 0.003344482 0.030927835 0.016949153 0.075268820 0.063829787 0.115241639 0.041666668 0.003344482 0.034482758 0.056338027 0.111111112
0.185185179 0.054945055 0.111969113 0.052631579 0.142857149 0.020408163 0.000000000 0.017667845 0.010526316 0.030303031 0.021276595 0.043189369 0.054945055 0.062730625 0.205020919 0.047272727 0.074626863 0.043189369 0.039711192 0.021276595 0.078651689 0.003460208 0.062730625 0.017064847 0.010526316 0.003460208 0.054945055 0.043478262 0.095057033 0.021276595 0.017064847 0.014084507 0.035971224 0.090909094
0.168067232 0.037313432 0.094488189 0.070234112 0.125506073 0.038062282 0.017667845 0.000000000 0.007142857 0.047945205 0.003610108 0.060810812 0.037313432 0.045112781 0.188034192 0.029629629 0.057034221 0.060810812 0.022058824 0.003610108 0.061068702 0.021126760 0.045112781 0.034722224 0.007142857 0.021126760 0.037313432 0.025830258 0.077519380 0.003610108 0.034722224 0.003584229 0.018315019 0.073359072
0.174999997 0.044444446 0.101562500 0.063122921 0.132530123 0.030927835 0.010526316 0.007142857 0.000000000 0.040816326 0.010752688 0.053691275 0.044444446 0.052238807 0.194915250 0.036764707 0.064150944 0.053691275 0.029197080 0.010752688 0.068181820 0.013986014 0.052238807 0.027586207 0.000000000 0.013986014 0.044444446 0.032967035 0.084615387 0.010752688 0.027586207 0.003558719 0.025454545 0.080459774
0.214285716 0.085106380 0.141791046 0.022364218 0.172413796 0.009900990 0.030303031 0.047945205 0.040816326 0.000000000 0.051546391 0.012903226 0.085106380 0.092857145 0.233870968 0.077464789 0.104693137 0.012903226 0.069930069 0.051546391 0.108695649 0.026845638 0.092857145 0.013245033 0.040816326 0.026845638 0.085106380 0.073684208 0.125000000 0.051546391 0.013245033 0.044368602 0.066202089 0.120879121
0.164556965 0.033707865 0.090909094 0.073825501 0.121951222 0.041666668 0.021276595 0.003610108 0.010752688 0.051546391 0.000000000 0.064406782 0.033707865 0.041509435 0.184549361 0.026022306 0.053435113 0.064406782 0.018450184 0.000000000 0.057471264 0.024734983 0.041509435 0.038327526 0.010752688 0.024734983 0.033707865 0.022222223 0.073929958 0.000000000 0.038327526 0.007194245 0.014705882 0.069767445
0.226562500 0.097902097 0.154411763 0.009463723 0.184905663 0.022801302 0.043189369 0.060810812 0.053691275 0.012903226 0.064406782 0.000000000 0.097902097 0.105633803 0.246031746 0.090277776 0.117437720 0.000000000 0.082758620 0.064406782 0.121428572 0.039735101 0.105633803 0.026143791 0.053691275 0.039735101 0.097902097 0.086505190 0.137681156 0.064406782 0.026143791 0.057239056 0.079037800 0.133574009
0.131578952 0.000000000 0.057377048 0.107266434 0.088607594 0.075268820 0.054945055 0.037313432 0.044444446 0.085106380 0.033707865 0.097902097 0.000000000 0.007812500 0.151785716 0.007692308 0.019762846 0.097902097 0.015267176 0.033707865 0.023809524 0.058394160 0.007812500 0.071942449 0.044444446 0.058394160 0.000000000 0.011494253 0.040322579 0.033707865 0.071942449 0.040892195 0.019011406 0.036144577
0.123893805 0.007812500 0.049586777 0.114982575 0.080851063 0.083032489 0.062730625 0.045112781 0.052238807 0.092857145 0.041509435 0.105633803 0.007812500 0.000000000 0.144144148 0.015503876 0.011952192 0.105633803 0.023076924 0.041509435 0.016000001 0.066176474 0.000000000 0.079710148 0.052238807 0.066176474 0.007812500 0.019305019 0.032520324 0.041509435 0.079710148 0.048689138 0.026819924 0.028340081
0.020618556 0.151785716 0.095238097 0.254901975 0.064039409 0.224489793 0.205020919 0.188034192 0.194915250 0.233870968 0.184549361 0.246031746 0.151785716 0.144144148 0.000000000 0.159292042 0.132420093 0.246031746 0.166666672 0.184549361 0.128440365 0.208333328 0.144144148 0.221311480 0.194915250 0.208333328 0.151785716 0.162995592 0.112149529 0.184549361 0.221311480 0.191489369 0.170305684 0.116279073
0.139130428 0.007692308 0.065040648 0.099656358 0.096234307 0.067615658 0.047272727 0.029629629 0.036764707 0.077464789 0.026022306 0.090277776 0.007692308 0.015503876 0.159292042 0.000000000 0.027450981 0.090277776 0.007575758 0.026022306 0.031496063 0.050724637 0.015503876 0.064285718 0.036764707 0.050724637 0.007692308 0.003802281 0.048000000 0.026022306 0.064285718 0.033210333 0.011320755 0.043824703
0.112107620 0.019762846 0.037656903 0.126760557 0.068965517 0.094890513 0.074626863 0.057034221 0.064150944 0.104693137 0.053435113 0.117437720 0.019762846 0.011952192 0.132420093 0.027450981 0.000000000 0.117437720 0.035019454 0.053435113 0.004048583 0.078066915 0.011952192 0.091575094 0.064150944 0.078066915 0.019762846 0.031250000 0.020576132 0.053435113 0.091575094 0.060606062 0.038759690 0.016393442
0.226562500 0.097902097 0.154411763 0.009463723 0.184905663 0.022801302 0.043189369 0.060810812 0.053691275 0.012903226 0.064406782 0.000000000 0.097902097 0.105633803 0.246031746 0.090277776 0.117437720 0.000000000 0.082758620 0.064406782 0.121428572 0.039735101 0.105633803 0.026143791 0.053691275 0.039735101 0.097902097 0.086505190 0.137681156 0.064406782 0.026143791 0.057239056 0.079037800 0.133574009
0.146551728 0.015267176 0.072580643 0.092150174 0.103734441 0.060070671 0.039711192 0.022058824 0.029197080 0.069930069 0.018450184 0.082758620 0.015267176 0.023076924 0.166666672 0.007575758 0.035019454 0.082758620 0.000000000 0.018450184 0.039062500 0.043165468 0.023076924 0.056737587 0.029197080 0.043165468 0.015267176 0.003773585 0.055555556 0.018450184 0.056737587 0.025641026 0.003745318 0.051383398
0.164556965 0.033707865 0.090909094 0.073825501 0.121951222 0.041666668 0.021276595 0.003610108 0.010752688 0.051546391 0.000000000 0.064406782 0.033707865 0.041509435 0.184549361 0.026022306 0.053435113 0.064406782 0.018450184 0.000000000 0.057471264 0.024734983 0.041509435 0.038327526 0.010752688 0.024734983 0.033707865 0.022222223 0.073929958 0.000000000 0.038327526 0.007194245 0.014705882 0.069767445
0.108108111 0.023809524 0.033613447 0.130742043 0.064935066 0.098901100 0.078651689 0.061068702 0.068181820 0.108695649 0.057471264 0.121428572 0.023809524 0.016000001 0.128440365 0.031496063 0.004048583 0.121428572 0.039062500 0.057471264 0.000000000 0.082089551 0.016000001 0.095588237 0.068181820 0.082089551 0.023809524 0.035294119 0.016528925 0.057471264 0.095588237 0.064638786 0.042801555 0.012345679
0.188524589 0.058394160 0.115384616 0.049180329 0.146245062 0.016949153 0.003460208 0.021126760 0.013986014 0.026845638 0.024734983 0.039735101 0.058394160 0.066176474 0.208333328 0.050724637 0.078066915 0.039735101 0.043165468 0.024734983 0.082089551 0.000000000 0.066176474 0.013605442 0.013986014 0.000000000 0.058394160 0.046931408 0.098484851 0.024734983 0.013605442 0.017543860 0.039426524 0.094339624
0.123893805 0.007812500 0.049586777 0.114982575 0.080851063 0.083032489 0.062730625 0.045112781 0.052238807 0.092857145 0.041509435 0.105633803 0.007812500 0.000000000 0.144144148 0.015503876 0.011952192 0.105633803 0.023076924 0.041509435 0.016000001 0.066176474 0.000000000 0.079710148 0.052238807 0.066176474 0.007812500 0.019305019 0.032520324 0.041509435 0.079710148 0.048689138 0.026819924 0.028340081
0.201612905 0.071942449 0.128787875 0.035598706 0.159533069 0.003344482 0.017064847 0.034722224 0.027586207 0.013245033 0.038327526 0.026143791 0.071942449 0.079710148 0.221311480 0.064285718 0.091575094 0.026143791 0.056737587 0.038327526 0.095588237 0.013605442 0.079710148 0.000000000 0.027586207 0.013605442 0.071942449 0.060498219 0.111940302 0.038327526 0.000000000 0.031141868 0.053003535 0.107806690
0.174999997 0.044444446 0.101562500 0.063122921 0.132530123 0.030927835 0.010526316 0.007142857 0.000000000 0.040816326 0.010752688 0.053691275 0.044444446 0.052238807 0.194915250 0.036764707 0.064150944 0.053691275 0.029197080 0.010752688 0.068181820 0.013986014 0.052238807 0.027586207 0.000000000 0.013986014 0.044444446 0.032967035 0.084615387 0.010752688 0.027586207 0.003558719 0.025454545 0.080459774
0.188524589 0.058394160 0.115384616 0.049180329 0.146245062 0.016949153 0.003460208 0.021126760 0.013986014 0.026845638 0.024734983 0.039735101 0.058394160 0.066176474 0.208333328 0.050724637 0.078066915 0.039735101 0.043165468 0.024734983 0.082089551 0.000000000 0.066176474 0.013605442 0.013986014 0.000000000 0.058394160 0.046931408 0.098484851 0.024734983 0.013605442 0.017543860 0.039426524 0.094339624
0.131578952 0.000000000 0.057377048 0.107266434 0.088607594 0.075268820 0.054945055 0.037313432 0.044444446 0.085106380 0.033707865 0.097902097 0.000000000 0.007812500 0.151785716 0.007692308 0.019762846 0.097902097 0.015267176 0.033707865 0.023809524 0.058394160 0.007812500 0.071942449 0.044444446 0.058394160 0.000000000 0.011494253 0.040322579 0.033707865 0.071942449 0.040892195 0.019011406 0.036144577
0.142857149 0.011494253 0.068825908 0.095890410 0.100000001 0.063829787 0.043478262 0.025830258 0.032967035 0.073684208 0.022222223 0.086505190 0.011494253 0.019305019 0.162995592 0.003802281 0.031250000 0.086505190 0.003773585 0.022222223 0.035294119 0.046931408 0.019305019 0.060498219 0.032967035 0.046931408 0.011494253 0.000000000 0.051792830 0.022222223 0.060498219 0.029411765 0.007518797 0.047619049
0.091743119 0.040322579 0.017094018 0.146953404 0.048458152 0.115241639 0.095057033 0.077519380 0.084615387 0.125000000 0.073929958 0.137681156 0.040322579 0.032520324 0.112149529 0.048000000 0.020576132 0.137681156 0.055555556 0.073929958 0.016528925 0.098484851 0.032520324 0.111940302 0.084615387 0.098484851 0.040322579 0.051792830 0.000000000 0.073929958 0.111940302 0.081081077 0.059288539 0.004184100
0.164556965 0.033707865 0.090909094 0.073825501 0.121951222 0.041666668 0.021276595 0.003610108 0.010752688 0.051546391 0.000000000 0.064406782 0.033707865 0.041509435 0.184549361 0.026022306 0.053435113 0.064406782 0.018450184 0.000000000 0.057471264 0.024734983 0.041509435 0.038327526 0.010752688 0.024734983 0.033707865 0.022222223 0.073929958 0.000000000 0.038327526 0.007194245 0.014705882 0.069767445
0.201612905 0.071942449 0.128787875 0.035598706 0.159533069 0.003344482 0.017064847 0.034722224 0.027586207 0.013245033 0.038327526 0.026143791 0.071942449 0.079710148 0.221311480 0.064285718 0.091575094 0.026143791 0.056737587 0.038327526 0.095588237 0.013605442 0.079710148 0.000000000 0.027586207 0.013605442 0.071942449 0.060498219 0.111940302 0.038327526 0.000000000 0.031141868 0.053003535 0.107806690
0.171548113 0.040892195 0.098039217 0.066666670 0.129032254 0.034482758 0.014084507 0.003584229 0.003558719 0.044368602 0.007194245 0.057239056 0.040892195 0.048689138 0.191489369 0.033210333 0.060606062 0.057239056 0.025641026 0.007194245 0.064638786 0.017543860 0.048689138 0.031141868 0.003558719 0.017543860 0.040892195 0.029411765 0.081081077 0.007194245 0.031141868 0.000000000 0.021897810 0.076923080
0.150214598 0.019011406 0.076305218 0.088435374 0.107438013 0.056338027 0.035971224 0.018315019 0.025454545 0.066202089 0.014705882 0.079037800 0.019011406 0.026819924 0.170305684 0.011320755 0.038759690 0.079037800 0.003745318 0.014705882 0.042801555 0.039426524 0.026819924 0.053003535 0.025454545 0.039426524 0.019011406 0.007518797 0.059288539 0.014705882 0.053003535 0.021897810 0.000000000 0.055118110
0.095890410 0.036144577 0.021276595 0.142857149 0.052631579 0.111111112 0.090909094 0.073359072 0.080459774 0.120879121 0.069767445 0.133574009 0.036144577 0.028340081 0.116279073 0.043824703 0.016393442 0.133574009 0.051383398 0.069767445 0.012345679 0.094339624 0.028340081 0.107806690 0.080459774 0.094339624 0.036144577 0.047619049 0.004184100 0.069767445 0.107806690 0.076923080 0.055118110 0.000000000
