0.000000000 0.102564104 0.018691588 0.213483140 0.146341458 0.070796460 0.098712444 0.102564104 0.082969435 0.153225809 0.110169493 0.198473290 0.094827585 0.106382981 0.027777778 0.014492754 0.023255814 0.182879373 0.094827585 0.159999996 0.049773756 0.113924049 0.000000000 0.054054055 0.142857149 0.098712444 0.074889868 0.058295965 0.023255814 0.117647059 0.066666670 0.201520920 0.014084507 0.004739337
0.102564104 0.000000000 0.084033616 0.113402061 0.044444446 0.032000002 0.003891051 0.000000000 0.019762846 0.051470589 0.007692308 0.097902097 0.007812500 0.003861004 0.075000003 0.116883114 0.079497911 0.081850536 0.007812500 0.058394160 0.053061225 0.011494253 0.102564104 0.048780486 0.040892195 0.003891051 0.027888447 0.044534411 0.079497911 0.015267176 0.036144577 0.101045296 0.088607594 0.097872339
0.018691588 0.084033616 0.000000000 0.195571959 0.128000006 0.052173913 0.080168776 0.084033616 0.064377680 0.134920642 0.091666669 0.180451125 0.076271184 0.087866105 0.009090909 0.033175357 0.004566210 0.164750963 0.076271184 0.141732290 0.031111112 0.095435686 0.018691588 0.035398230 0.124497995 0.080168776 0.056277055 0.039647575 0.004566210 0.099173553 0.048034936 0.183520600 0.004608295 0.013953488
0.213483140 0.113402061 0.195571959 0.000000000 0.069306932 0.144876331 0.117241383 0.113402061 0.132867128 0.062295083 0.105802044 0.015673982 0.121107265 0.109589040 0.186813191 0.227272734 0.191176474 0.031847134 0.121107265 0.055374593 0.165467620 0.102040820 0.213483140 0.161290318 0.072847679 0.117241383 0.140845075 0.157142863 0.191176474 0.098305084 0.148936167 0.012500000 0.200000003 0.208955228
0.146341458 0.044444446 0.128000006 0.069306932 0.000000000 0.076335877 0.048327137 0.044444446 0.064150944 0.007042253 0.036764707 0.053691275 0.052238807 0.040590405 0.119047619 0.160493821 0.123505980 0.037542664 0.052238807 0.013986014 0.097276263 0.032967035 0.146341458 0.093023255 0.003558719 0.048327137 0.072243348 0.088803090 0.123505980 0.029197080 0.080459774 0.056856189 0.132530123 0.141700402
0.070796460 0.032000002 0.052173913 0.144876331 0.076335877 0.000000000 0.028112451 0.032000002 0.012244898 0.083333336 0.039682541 0.129496396 0.024193548 0.035856575 0.043103449 0.085201792 0.047619049 0.113553114 0.024193548 0.090225562 0.021097047 0.043478262 0.070796460 0.016806724 0.072796933 0.028112451 0.004115226 0.012552301 0.047619049 0.047244094 0.004149378 0.132616490 0.056768559 0.066079296
0.098712444 0.003891051 0.080168776 0.117241383 0.048327137 0.028112451 0.000000000 0.003891051 0.015873017 0.055350553 0.011583012 0.101754382 0.003921569 0.007751938 0.071129709 0.113043480 0.075630255 0.085714288 0.003921569 0.062271062 0.049180329 0.015384615 0.098712444 0.044897959 0.044776119 0.000000000 0.024000000 0.040650405 0.075630255 0.019157087 0.032258064 0.104895107 0.084745765 0.094017096
0.102564104 0.000000000 0.084033616 0.113402061 0.044444446 0.032000002 0.003891051 0.000000000 0.019762846 0.051470589 0.007692308 0.097902097 0.007812500 0.003861004 0.075000003 0.116883114 0.079497911 0.081850536 0.007812500 0.058394160 0.053061225 0.011494253 0.102564104 0.048780486 0.040892195 0.003891051 0.027888447 0.044534411 0.079497911 0.015267176 0.036144577 0.101045296 0.088607594 0.097872339
0.082969435 0.019762846 0.064377680 0.132867128 0.064150944 0.012244898 0.015873017 0.019762846 0.000000000 0.071161047 0.027450981 0.117437720 0.011952192 0.023622047 0.055319149 0.097345136 0.059829060 0.101449274 0.011952192 0.078066915 0.033333335 0.031250000 0.082969435 0.029045643 0.060606062 0.015873017 0.008130081 0.024793388 0.059829060 0.035019454 0.016393442 0.120567374 0.068965517 0.078260869
0.153225809 0.051470589 0.134920642 0.062295083 0.007042253 0.083333336 0.055350553 0.051470589 0.071161047 0.000000000 0.043795619 0.046666667 0.059259258 0.047619049 0.125984251 0.167346939 0.130434781 0.030508475 0.059259258 0.006944444 0.104247101 0.039999999 0.153225809 0.100000001 0.010600707 0.055350553 0.079245284 0.095785439 0.130434781 0.036231883 0.087452471 0.049833886 0.139442235 0.148594379
0.110169493 0.007692308 0.091666669 0.105802044 0.036764707 0.039682541 0.011583012 0.007692308 0.027450981 0.043795619 0.000000000 0.090277776 0.015503876 0.003831418 0.082644626 0.124463521 0.087136932 0.074204944 0.015503876 0.050724637 0.060728744 0.003802281 0.110169493 0.056451611 0.033210333 0.011583012 0.035573121 0.052208837 0.087136932 0.007575758 0.043824703 0.093425609 0.096234307 0.105485231
0.198473290 0.097902097 0.180451125 0.015673982 0.053691275 0.129496396 0.101754382 0.097902097 0.117437720 0.046666667 0.090277776 0.000000000 0.105633803 0.094076656 0.171641797 0.212355211 0.176029965 0.016181231 0.105633803 0.039735101 0.150183156 0.086505190 0.198473290 0.145985395 0.057239056 0.101754382 0.125448033 0.141818181 0.176029965 0.082758620 0.133574009 0.003174603 0.184905663 0.193916351
0.094827585 0.007812500 0.076271184 0.121107265 0.052238807 0.024193548 0.003921569 0.007812500 0.011952192 0.059259258 0.015503876 0.105633803 0.000000000 0.011673152 0.067226894 0.109170303 0.071729958 0.089605734 0.000000000 0.066176474 0.045267489 0.019305019 0.094827585 0.040983606 0.048689138 0.003921569 0.020080321 0.036734693 0.071729958 0.023076924 0.028340081 0.108771928 0.080851063 0.090128757
0.106382981 0.003861004 0.087866105 0.109589040 0.040590405 0.035856575 0.007751938 0.003861004 0.023622047 0.047619049 0.003831418 0.094076656 0.011673152 0.000000000 0.078838177 0.120689653 0.083333336 0.078014188 0.011673152 0.054545455 0.056910571 0.007633588 0.106382981 0.052631579 0.037037037 0.007751938 0.031746034 0.048387095 0.083333336 0.011406844 0.039999999 0.097222224 0.092436977 0.101694912
0.027777778 0.075000003 0.009090909 0.186813191 0.119047619 0.043103449 0.071129709 0.075000003 0.055319149 0.125984251 0.082644626 0.171641797 0.067226894 0.078838177 0.000000000 0.042253520 0.004524887 0.155893534 0.067226894 0.132812500 0.022026431 0.086419754 0.027777778 0.026315790 0.115537852 0.071129709 0.047210302 0.030567685 0.004524887 0.090163931 0.038961038 0.174721196 0.013698630 0.023041476
0.014492754 0.116883114 0.033175357 0.227272734 0.160493821 0.085201792 0.113043480 0.116883114 0.097345136 0.167346939 0.124463521 0.212355211 0.109170303 0.120689653 0.042253520 0.000000000 0.037735850 0.196850389 0.109170303 0.174089074 0.064220183 0.128205135 0.014492754 0.068493150 0.157024801 0.113043480 0.089285716 0.072727270 0.037735850 0.131914899 0.081081077 0.215384617 0.028571429 0.019230770
0.023255814 0.079497911 0.004566210 0.191176474 0.123505980 0.047619049 0.075630255 0.079497911 0.059829060 0.130434781 0.087136932 0.176029965 0.071729958 0.083333336 0.004524887 0.037735850 0.000000000 0.160305336 0.071729958 0.137254909 0.026548672 0.090909094 0.023255814 0.030837005 0.119999997 0.075630255 0.051724140 0.035087720 0.000000000 0.094650209 0.043478262 0.179104477 0.009174312 0.018518519
0.182879373 0.081850536 0.164750963 0.031847134 0.037542664 0.113553114 0.085714288 0.081850536 0.101449274 0.030508475 0.074204944 0.016181231 0.089605734 0.078014188 0.155893534 0.196850389 0.160305336 0.000000000 0.089605734 0.023569023 0.134328365 0.070422538 0.182879373 0.130111530 0.041095890 0.085714288 0.109489053 0.125925928 0.160305336 0.066666670 0.117647059 0.019354839 0.169230774 0.178294569
0.094827585 0.007812500 0.076271184 0.121107265 0.052238807 0.024193548 0.003921569 0.007812500 0.011952192 0.059259258 0.015503876 0.105633803 0.000000000 0.011673152 0.067226894 0.109170303 0.071729958 0.089605734 0.000000000 0.066176474 0.045267489 0.019305019 0.094827585 0.040983606 0.048689138 0.003921569 0.020080321 0.036734693 0.071729958 0.023076924 0.028340081 0.108771928 0.080851063 0.090128757
0.159999996 0.058394160 0.141732290 0.055374593 0.013986014 0.090225562 0.062271062 0.058394160 0.078066915 0.006944444 0.050724637 0.039735101 0.066176474 0.054545455 0.132812500 0.174089074 0.137254909 0.023569023 0.066176474 0.000000000 0.111111112 0.046931408 0.159999996 0.106870227 0.017543860 0.062271062 0.086142324 0.102661595 0.137254909 0.043165468 0.094339624 0.042904291 0.146245062 0.155378491
0.049773756 0.053061225 0.031111112 0.165467620 0.097276263 0.021097047 0.049180329 0.053061225 0.033333335 0.104247101 0.060728744 0.150183156 0.045267489 0.056910571 0.022026431 0.064220183 0.026548672 0.134328365 0.045267489 0.111111112 0.000000000 0.064516127 0.049773756 0.004291845 0.093750000 0.049180329 0.025210084 0.008547009 0.026548672 0.068273090 0.016949153 0.153284669 0.035714287 0.045045044
0.113924049 0.011494253 0.095435686 0.102040820 0.032967035 0.043478262 0.015384615 0.011494253 0.031250000 0.039999999 0.003802281 0.086505190 0.019305019 0.007633588 0.086419754 0.128205135 0.090909094 0.070422538 0.019305019 0.046931408 0.064516127 0.000000000 0.113924049 0.060240965 0.029411765 0.015384615 0.039370079 0.056000002 0.090909094 0.003773585 0.047619049 0.089655176 0.100000001 0.109243698
0.000000000 0.102564104 0.018691588 0.213483140 0.146341458 0.070796460 0.098712444 0.102564104 0.082969435 0.153225809 0.110169493 0.198473290 0.094827585 0.106382981 0.027777778 0.014492754 0.023255814 0.182879373 0.094827585 0.159999996 0.049773756 0.113924049 0.000000000 0.054054055 0.142857149 0.098712444 0.074889868 0.058295965 0.023255814 0.117647059 0.066666670 0.201520920 0.014084507 0.004739337
0.054054055 0.048780486 0.035398230 0.161290318 0.093023255 0.016806724 0.044897959 0.048780486 0.029045643 0.100000001 0.056451611 0.145985395 0.040983606 0.052631579 0.026315790 0.068493150 0.030837005 0.130111530 0.040983606 0.106870227 0.004291845 0.060240965 0.054054055 0.000000000 0.089494161 0.044897959 0.020920502 0.004255319 0.030837005 0.064000003 0.012658228 0.149090916 0.039999999 0.049327355
0.142857149 0.040892195 0.124497995 0.072847679 0.003558719 0.072796933 0.044776119 0.040892195 0.060606062 0.010600707 0.033210333 0.057239056 0.048689138 0.037037037 0.115537852 0.157024801 0.119999997 0.041095890 0.048689138 0.017543860 0.093750000 0.029411765 0.142857149 0.089494161 0.000000000 0.044776119 0.068702288 0.085271321 0.119999997 0.025641026 0.076923080 0.060402684 0.129032254 0.138211384
0.098712444 0.003891051 0.080168776 0.117241383 0.048327137 0.028112451 0.000000000 0.003891051 0.015873017 0.055350553 0.011583012 0.101754382 0.003921569 0.007751938 0.071129709 0.113043480 0.075630255 0.085714288 0.003921569 0.062271062 0.049180329 0.015384615 0.098712444 0.044897959 0.044776119 0.000000000 0.024000000 0.040650405 0.075630255 0.019157087 0.032258064 0.104895107 0.084745765 0.094017096
0.074889868 0.027888447 0.056277055 0.140845075 0.072243348 0.004115226 0.024000000 0.027888447 0.008130081 0.079245284 0.035573121 0.125448033 0.020080321 0.031746034 0.047210302 0.089285716 0.051724140 0.109489053 0.020080321 0.086142324 0.025210084 0.039370079 0.074889868 0.020920502 0.068702288 0.024000000 0.000000000 0.016666668 0.051724140 0.043137256 0.008264462 0.128571436 0.060869563 0.070175439
0.058295965 0.044534411 0.039647575 0.157142863 0.088803090 0.012552301 0.040650405 0.044534411 0.024793388 0.095785439 0.052208837 0.141818181 0.036734693 0.048387095 0.030567685 0.072727270 0.035087720 0.125925928 0.036734693 0.102661595 0.008547009 0.056000002 0.058295965 0.004255319 0.085271321 0.040650405 0.016666668 0.000000000 0.035087720 0.059760958 0.008403362 0.144927531 0.044247787 0.053571429
0.023255814 0.079497911 0.004566210 0.191176474 0.123505980 0.047619049 0.075630255 0.079497911 0.059829060 0.130434781 0.087136932 0.176029965 0.071729958 0.083333336 0.004524887 0.037735850 0.000000000 0.160305336 0.071729958 0.137254909 0.026548672 0.090909094 0.023255814 0.030837005 0.119999997 0.075630255 0.051724140 0.035087720 0.000000000 0.094650209 0.043478262 0.179104477 0.009174312 0.018518519
0.117647059 0.015267176 0.099173553 0.098305084 0.029197080 0.047244094 0.019157087 0.015267176 0.035019454 0.036231883 0.007575758 0.082758620 0.023076924 0.011406844 0.090163931 0.131914899 0.094650209 0.066666670 0.023076924 0.043165468 0.068273090 0.003773585 0.117647059 0.064000003 0.025641026 0.019157087 0.043137256 0.059760958 0.094650209 0.000000000 0.051383398 0.085910656 0.103734441 0.112970710
0.066666670 0.036144577 0.048034936 0.148936167 0.080459774 0.004149378 0.032258064 0.036144577 0.016393442 0.087452471 0.043824703 0.133574009 0.028340081 0.039999999 0.038961038 0.081081077 0.043478262 0.117647059 0.028340081 0.094339624 0.016949153 0.047619049 0.066666670 0.012658228 0.076923080 0.032258064 0.008264462 0.008403362 0.043478262 0.051383398 0.000000000 0.136690646 0.052631579 0.061946902
0.201520920 0.101045296 0.183520600 0.012500000 0.056856189 0.132616490 0.104895107 0.101045296 0.120567374 0.049833886 0.093425609 0.003174603 0.108771928 0.097222224 0.174721196 0.215384617 0.179104477 0.019354839 0.108771928 0.042904291 0.153284669 0.089655176 0.201520920 0.149090916 0.060402684 0.104895107 0.128571436 0.144927531 0.179104477 0.085910656 0.136690646 0.000000000 0.187969923 0.196969703
0.014084507 0.088607594 0.004608295 0.200000003 0.132530123 0.056768559 0.084745765 0.088607594 0.068965517 0.139442235 0.096234307 0.184905663 0.080851063 0.092436977 0.013698630 0.028571429 0.009174312 0.169230774 0.080851063 0.146245062 0.035714287 0.100000001 0.014084507 0.039999999 0.129032254 0.084745765 0.060869563 0.044247787 0.009174312 0.103734441 0.052631579 0.187969923 0.000000000 0.009345794
0.004739337 0.097872339 0.013953488 0.208955228 0.141700402 0.066079296 0.094017096 0.097872339 0.078260869 0.148594379 0.105485231 0.193916351 0.090128757 0.101694912 0.023041476 0.019230770 0.018518519 0.178294569 0.090128757 0.155378491 0.045045044 0.109243698 0.004739337 0.049327355 0.138211384 0.094017096 0.070175439 0.053571429 0.018518519 0.112970710 0.061946902 0.196969703 0.009345794 0.000000000
