0.016913155 0.040115647 0.029016700 0.061991125 0.043924287 0.037474036 0.037525535 0.045043468 0.042679019 0.050874468 0.045973342 0.064379990 0.036249679 0.047157016 0.024786318 0.031224802 0.032744259 0.056096956 0.042669766 0.054893527 0.026243746 0.039924722 0.028577939 0.036017697 0.051112976 0.045069810 0.038616702 0.030675562 0.022756863 0.040137783 0.073934853 0.041536551 0.048984196 0.025737556
0.040115647 0.016612377 0.022379350 0.033457480 0.022603733 0.018823449 0.018076120 0.018716816 0.023497643 0.025302157 0.019459099 0.026257738 0.016783094 0.022245921 0.024182947 0.024585696 0.019152123 0.028347978 0.017133946 0.035733711 0.023873968 0.017714139 0.022747125 0.018881558 0.020768605 0.022456212 0.020971546 0.018897679 0.022769809 0.018560721 0.045518719 0.020553026 0.020426627 0.024347106
0.029016700 0.022379350 0.000734478 0.039594576 0.020174626 0.014694250 0.013516316 0.020513779 0.016962262 0.030817471 0.024809809 0.041007765 0.019614039 0.021707300 0.020024998 0.016804479 0.014858510 0.032401312 0.017607599 0.026686518 0.007326887 0.017497633 0.015197778 0.014049632 0.029573772 0.026412195 0.016955599 0.009445745 0.011477685 0.017610330 0.047442578 0.022481244 0.021932766 0.011085818
0.061991125 0.033457480 0.039594576 0.011820771 0.026585439 0.029415660 0.029126313 0.028965052 0.033276498 0.019723140 0.019403325 0.020326801 0.024149209 0.037858360 0.055255964 0.055476576 0.033156689 0.023597687 0.031904254 0.020501710 0.037333980 0.022848340 0.048882224 0.025546480 0.031720646 0.015964108 0.030262066 0.028624268 0.035664536 0.030603264 0.045163069 0.007602023 0.036952719 0.039887831
0.043924287 0.022603733 0.020174626 0.026585439 -0.001607103 0.019187009 0.012851587 0.013817982 0.019841170 0.020792050 0.017565988 0.018793494 0.012993015 0.016435623 0.038561545 0.030664477 0.018004045 0.028201122 0.020873990 0.014316095 0.021366129 0.015911141 0.031507932 0.014341136 0.016989734 0.016741585 0.016696498 0.018093012 0.025841974 0.015349675 0.050755560 0.020524520 0.020848587 0.029446019
0.037474036 0.018823449 0.014694250 0.029415660 0.019187009 0.009248598 0.008054334 0.013310226 0.011178653 0.022389956 0.017097753 0.027078405 0.013075793 0.014450341 0.029438049 0.020501021 0.012777997 0.027549814 0.013986222 0.020802760 0.012530398 0.012632872 0.023451403 0.010362027 0.022115909 0.017973740 0.012768183 0.007179615 0.019960783 0.012175168 0.044880189 0.022606751 0.021628492 0.020461338
0.037525535 0.018076120 0.013516316 0.029126313 0.012851587 0.008054334 -0.004462122 0.006987015 0.012337686 0.020316580 0.002198466 0.022335725 0.010214999 0.004708512 0.026199205 0.022814162 0.012242093 0.018303921 0.009365008 0.014163222 0.013218681 0.004773717 0.022045830 0.001668681 0.012632481 0.006800481 0.007276286 0.006858828 0.018160103 0.008038556 0.037792478 0.013045823 0.016644800 0.017046986
0.045043468 0.018716816 0.020513779 0.028965052 0.013817982 0.013310226 0.006987015 0.004781714 0.015046061 0.018755037 0.012834090 0.027833169 0.009872354 0.017579591 0.033890635 0.031639047 0.016758192 0.023020659 0.016972046 0.022015162 0.019803889 0.012205971 0.031218205 0.008250815 0.019475695 0.011824163 0.013881566 0.009316087 0.021731243 0.010960251 0.045916308 0.015293736 0.016115714 0.023090601
0.042679019 0.023497643 0.016962262 0.033276498 0.019841170 0.011178653 0.012337686 0.015046061 0.002668113 0.024311306 0.017148048 0.029119916 0.014458731 0.019657658 0.031487294 0.026349356 0.014177855 0.028197475 0.016105983 0.025457747 0.017314781 0.012345455 0.023751363 0.010078397 0.026425717 0.016987249 0.017012380 0.011344604 0.017444078 0.014859231 0.052679967 0.017486187 0.016113114 0.017021213
0.050874468 0.025302157 0.030817471 0.019723140 0.020792050 0.022389956 0.020316580 0.018755037 0.024311306 0.008058989 0.012366621 0.016214415 0.018570960 0.024045754 0.043843873 0.045147475 0.027372994 0.016077539 0.025056509 0.018991703 0.031266991 0.017624108 0.039796472 0.019705672 0.022507720 0.009456502 0.022806372 0.020234816 0.030986812 0.021573903 0.039023735 0.003162472 0.023007836 0.032979392
0.045973342 0.019459099 0.024809809 0.019403325 0.017565988 0.017097753 0.002198466 0.012834090 0.017148048 0.012366621 0.000571814 0.012571784 0.011656119 0.014989336 0.040672153 0.036524646 0.020532956 0.013275255 0.016514525 0.013819553 0.023616016 0.009891331 0.033664033 0.013192635 0.014840105 0.007532072 0.015895408 0.015771676 0.027607564 0.015616700 0.035128098 0.008369638 0.017670557 0.029872552
0.064379990 0.026257738 0.041007765 0.020326801 0.018793494 0.027078405 0.022335725 0.027833169 0.029119916 0.016214415 0.012571784 0.013862258 0.016864605 0.027534217 0.056054618 0.051850237 0.029754166 0.024205372 0.025198866 0.018558010 0.036772847 0.015099337 0.046023168 0.017902507 0.026664725 0.009551737 0.025091613 0.027683958 0.031499319 0.026782859 0.053482927 0.008338212 0.029452862 0.042090632
0.036249679 0.016783094 0.019614039 0.024149209 0.012993015 0.013075793 0.010214999 0.009872354 0.014458731 0.018570960 0.011656119 0.016864605 0.001565149 0.010991094 0.031978928 0.029751658 0.019117501 0.018947637 0.017061871 0.013599165 0.020610567 0.014240580 0.027009841 0.012121137 0.015388121 0.015917031 0.013191910 0.013563832 0.020724619 0.013439283 0.038445286 0.015263717 0.015645683 0.022736732
0.047157016 0.022245921 0.021707300 0.037858360 0.016435623 0.014450341 0.004708512 0.017579591 0.019657658 0.024045754 0.014989336 0.027534217 0.010991094 0.009959031 0.036050443 0.029936764 0.015716050 0.027435157 0.017160032 0.022110907 0.018619059 0.013783438 0.029758461 0.008626768 0.020417565 0.016228259 0.014886816 0.014967578 0.022177672 0.016749810 0.054465719 0.022663128 0.028280791 0.024869185
0.024786318 0.024182947 0.020024998 0.055255964 0.038561545 0.029438049 0.026199205 0.033890635 0.031487294 0.043843873 0.040672153 0.056054618 0.031978928 0.036050443 0.008267102 0.023946956 0.025155529 0.046448998 0.035857826 0.046142094 0.022774346 0.031917870 0.027775267 0.027386621 0.041470639 0.037654262 0.030415995 0.020862736 0.021800553 0.030134976 0.057492338 0.043567196 0.038620196 0.023990268
0.031224802 0.024585696 0.016804479 0.055476576 0.030664477 0.020501021 0.022814162 0.031639047 0.026349356 0.045147475 0.036524646 0.051850237 0.029751658 0.029936764 0.023946956 0.005081685 0.018548571 0.042763539 0.028798934 0.037219446 0.013582626 0.027411915 0.017165788 0.023412781 0.036863673 0.038105782 0.024963874 0.021249821 0.009150442 0.028735649 0.055690192 0.034729965 0.035210386 0.015297421
0.032744259 0.019152123 0.014858510 0.033156689 0.018004045 0.012777997 0.012242093 0.016758192 0.014177855 0.027372994 0.020532956 0.029754166 0.019117501 0.015716050 0.025155529 0.018548571 -0.000196552 0.027715454 0.012264283 0.019282274 0.012462202 0.014692586 0.018402556 0.012490070 0.022923071 0.022904666 0.012490237 0.012706609 0.013551392 0.016294099 0.040852346 0.023721782 0.027979190 0.015672501
0.056096956 0.028347978 0.032401312 0.023597687 0.028201122 0.027549814 0.018303921 0.023020659 0.028197475 0.016077539 0.013275255 0.024205372 0.018947637 0.027435157 0.046448998 0.042763539 0.027715454 0.008408114 0.026103396 0.030950770 0.029570738 0.016612343 0.041219868 0.020818144 0.022764370 0.011133492 0.025512837 0.018949237 0.035264269 0.023537796 0.036166407 0.009282853 0.029250838 0.034144439
0.042669766 0.017133946 0.017607599 0.031904254 0.020873990 0.013986222 0.009365008 0.016972046 0.016105983 0.025056509 0.016514525 0.025198866 0.017061871 0.017160032 0.035857826 0.028798934 0.012264283 0.026103396 0.006135301 0.018989135 0.019396767 0.011927988 0.025671948 0.012389688 0.021374794 0.017994590 0.014690454 0.014007771 0.018578909 0.017608788 0.045374971 0.021948943 0.028832773 0.021345362
0.054893527 0.035733711 0.026686518 0.020501710 0.014316095 0.020802760 0.014163222 0.022015162 0.025457747 0.018991703 0.013819553 0.018558010 0.013599165 0.022110907 0.046142094 0.037219446 0.019282274 0.030950770 0.018989135 -0.002354218 0.019888999 0.014404311 0.035519898 0.014101829 0.027244503 0.014985893 0.020914668 0.017031593 0.022286018 0.024345169 0.055155717 0.008239739 0.033364765 0.034619659
0.026243746 0.023873968 0.007326887 0.037333980 0.021366129 0.012530398 0.013218681 0.019803889 0.017314781 0.031266991 0.023616016 0.036772847 0.020610567 0.018619059 0.022774346 0.013582626 0.012462202 0.029570738 0.019396767 0.019888999 0.000332248 0.016746100 0.015266177 0.012606641 0.031593818 0.025924008 0.014995595 0.009188948 0.009645696 0.019132562 0.042711668 0.023743328 0.026863415 0.013085097
0.039924722 0.017714139 0.017497633 0.022848340 0.015911141 0.012632872 0.004773717 0.012205971 0.012345455 0.017624108 0.009891331 0.015099337 0.014240580 0.013783438 0.031917870 0.027411915 0.014692586 0.016612343 0.011927988 0.014404311 0.016746100 -0.001127025 0.024890620 0.009116651 0.014831177 0.011918475 0.011196470 0.010545829 0.020766649 0.013441994 0.033778720 0.015916657 0.017281085 0.022457119
0.028577939 0.022747125 0.015197778 0.048882224 0.031507932 0.023451403 0.022045830 0.031218205 0.023751363 0.039796472 0.033664033 0.046023168 0.027009841 0.029758461 0.027775267 0.017165788 0.018402556 0.041219868 0.025671948 0.035519898 0.015266177 0.024890620 0.012508068 0.022297755 0.035924688 0.033137195 0.023817837 0.020159442 0.013218402 0.027888179 0.052081943 0.039584704 0.035299644 0.020630531
0.036017697 0.018881558 0.014049632 0.025546480 0.014341136 0.010362027 0.001668681 0.008250815 0.010078397 0.019705672 0.013192635 0.017902507 0.012121137 0.008626768 0.027386621 0.023412781 0.012490070 0.020818144 0.012389688 0.014101829 0.012606641 0.009116651 0.022297755 -0.001410289 0.017487332 0.016260142 0.008539203 0.008845570 0.018442612 0.009342113 0.036692537 0.021116219 0.015439269 0.018961225
0.051112976 0.020768605 0.029573772 0.031720646 0.016989734 0.022115909 0.012632481 0.019475695 0.026425717 0.022507720 0.014840105 0.026664725 0.015388121 0.020417565 0.041470639 0.036863673 0.022923071 0.022764370 0.021374794 0.027244503 0.031593818 0.014831177 0.035924688 0.017487332 -0.011146750 0.013375022 0.020603945 0.018282704 0.027860355 0.020898409 0.035849035 0.015386304 0.024345292 0.030128010
0.045069810 0.022456212 0.026412195 0.015964108 0.016741585 0.017973740 0.006800481 0.011824163 0.016987249 0.009456502 0.007532072 0.009551737 0.015917031 0.016228259 0.037654262 0.038105782 0.022904666 0.011133492 0.017994590 0.014985893 0.025924008 0.011918475 0.033137195 0.016260142 0.013375022 -0.000397418 0.016736856 0.018202556 0.029405057 0.015862320 0.032900836 0.008678691 0.014973812 0.030141329
0.038616702 0.020971546 0.016955599 0.030262066 0.016696498 0.012768183 0.007276286 0.013881566 0.017012380 0.022806372 0.015895408 0.025091613 0.013191910 0.014886816 0.030415995 0.024963874 0.012490237 0.025512837 0.014690454 0.020914668 0.014995595 0.011196470 0.023817837 0.008539203 0.020603945 0.016736856 0.008147988 0.008020518 0.020133413 0.012729437 0.039558820 0.019969968 0.020988472 0.019921381
0.030675562 0.018897679 0.009445745 0.028624268 0.018093012 0.007179615 0.006858828 0.009316087 0.011344604 0.020234816 0.015771676 0.027683958 0.013563832 0.014967578 0.020862736 0.021249821 0.012706609 0.018949237 0.014007771 0.017031593 0.009188948 0.010545829 0.020159442 0.008845570 0.018282704 0.018202556 0.008020518 -0.003009304 0.014337142 0.007778184 0.032837275 0.016396135 0.017056584 0.012160059
0.022756863 0.022769809 0.011477685 0.035664536 0.025841974 0.019960783 0.018160103 0.021731243 0.017444078 0.030986812 0.027607564 0.031499319 0.020724619 0.022177672 0.021800553 0.009150442 0.013551392 0.035264269 0.018578909 0.022286018 0.009645696 0.020766649 0.013218402 0.018442612 0.027860355 0.029405057 0.020133413 0.014337142 0.008560568 0.018891785 0.041712850 0.034154356 0.024777966 0.014164982
0.040137783 0.018560721 0.017610330 0.030603264 0.015349675 0.012175168 0.008038556 0.010960251 0.014859231 0.021573903 0.015616700 0.026782859 0.013439283 0.016749810 0.030134976 0.028735649 0.016294099 0.023537796 0.017608788 0.024345169 0.019132562 0.013441994 0.027888179 0.009342113 0.020898409 0.015862320 0.012729437 0.007778184 0.018891785 0.006149951 0.045497179 0.012173537 0.017278353 0.018212136
0.073934853 0.045518719 0.047442578 0.045163069 0.050755560 0.044880189 0.037792478 0.045916308 0.052679967 0.039023735 0.035128098 0.053482927 0.038445286 0.054465719 0.057492338 0.055690192 0.040852346 0.036166407 0.045374971 0.055155717 0.042711668 0.033778720 0.052081943 0.036692537 0.035849035 0.032900836 0.039558820 0.032837275 0.041712850 0.045497179 -0.009674942 0.024428334 0.058047377 0.042521495
0.041536551 0.020553026 0.022481244 0.007602023 0.020524520 0.022606751 0.013045823 0.015293736 0.017486187 0.003162472 0.008369638 0.008338212 0.015263717 0.022663128 0.043567196 0.034729965 0.023721782 0.009282853 0.021948943 0.008239739 0.023743328 0.015916657 0.039584704 0.021116219 0.015386304 0.008678691 0.019969968 0.016396135 0.034154356 0.012173537 0.024428334 0.001582758 0.015054016 0.033781815
0.048984196 0.020426627 0.021932766 0.036952719 0.020848587 0.021628492 0.016644800 0.016115714 0.016113114 0.023007836 0.017670557 0.029452862 0.015645683 0.028280791 0.038620196 0.035210386 0.027979190 0.029250838 0.028832773 0.033364765 0.026863415 0.017281085 0.035299644 0.015439269 0.024345292 0.014973812 0.020988472 0.017056584 0.024777966 0.017278353 0.058047377 0.015054016 -0.002583291 0.027226632
0.025737556 0.024347106 0.011085818 0.039887831 0.029446019 0.020461338 0.017046986 0.023090601 0.017021213 0.032979392 0.029872552 0.042090632 0.022736732 0.024869185 0.023990268 0.015297421 0.015672501 0.034144439 0.021345362 0.034619659 0.013085097 0.022457119 0.020630531 0.018961225 0.030128010 0.030141329 0.019921381 0.012160059 0.014164982 0.018212136 0.042521495 0.033781815 0.027226632 0.010614857
