0.000000000 0.119617224 0.056410257 0.310861409 0.263999999 0.136150241 0.155963302 0.140186921 0.132075474 0.248979598 0.206896558 0.230125517 0.136150241 0.140186921 0.026455026 0.098039217 0.070707068 0.245901644 0.167420819 0.226890758 0.084577113 0.178571433 0.098039217 0.136150241 0.245901644 0.226890758 0.167420819 0.136150241 0.046632126 0.127962083 0.425000012 0.258064508 0.163636357 0.123809524
0.119617224 0.000000000 0.063636363 0.198630139 0.149090916 0.016806724 0.037037037 0.020920502 0.012658228 0.133333340 0.089494161 0.113636367 0.016806724 0.020920502 0.093457945 0.021834061 0.049327355 0.130111530 0.048780486 0.110266156 0.035398230 0.060240965 0.021834061 0.016806724 0.130111530 0.110266156 0.048780486 0.016806724 0.073394492 0.008474576 0.321739137 0.142857149 0.044897959 0.004255319
0.056410257 0.063636363 0.000000000 0.258992791 0.210727975 0.080357142 0.100436680 0.084444441 0.076233186 0.195312500 0.152263373 0.175999999 0.080357142 0.084444441 0.029999999 0.041860465 0.014354067 0.192156866 0.112068966 0.172690764 0.028301887 0.123404257 0.041860465 0.080357142 0.192156866 0.172690764 0.112068966 0.080357142 0.009803922 0.072072074 0.377643496 0.204633206 0.108225107 0.067873307
0.310861409 0.198630139 0.258992791 0.000000000 0.051051050 0.182432428 0.162790701 0.178451180 0.186440676 0.067073174 0.111111112 0.086956523 0.182432428 0.178451180 0.286764711 0.219512194 0.245551601 0.070336394 0.151315793 0.090342678 0.232394367 0.140065148 0.219512194 0.182432428 0.070336394 0.090342678 0.151315793 0.182432428 0.268115938 0.190476194 0.131513640 0.057401814 0.155115515 0.194539249
0.263999999 0.149090916 0.210727975 0.051051050 0.000000000 0.132616490 0.112676054 0.128571436 0.136690646 0.016077170 0.060402684 0.036065575 0.132616490 0.128571436 0.239215687 0.170370370 0.196969703 0.019354839 0.101045296 0.039473683 0.183520600 0.089655176 0.170370370 0.132616490 0.019354839 0.039473683 0.101045296 0.132616490 0.220077217 0.140794218 0.181347147 0.006369427 0.104895107 0.144927531
0.136150241 0.016806724 0.080357142 0.182432428 0.132616490 0.000000000 0.020242915 0.004115226 0.004149378 0.116788320 0.072796933 0.097014926 0.000000000 0.004115226 0.110091746 0.038626611 0.066079296 0.113553114 0.032000002 0.093632959 0.052173913 0.043478262 0.038626611 0.000000000 0.113553114 0.093632959 0.032000002 0.000000000 0.090090089 0.008333334 0.306590259 0.126353785 0.028112451 0.012552301
0.155963302 0.037037037 0.100436680 0.162790701 0.112676054 0.020242915 0.000000000 0.016129032 0.024390243 0.096774191 0.052631579 0.076923080 0.020242915 0.016129032 0.130044848 0.058823530 0.086206898 0.093525179 0.011764706 0.073529415 0.072340429 0.023255814 0.058823530 0.020242915 0.093525179 0.073529415 0.011764706 0.020242915 0.110132158 0.028571429 0.288135588 0.106382981 0.007874016 0.032786883
0.140186921 0.020920502 0.084444441 0.178451180 0.128571436 0.004115226 0.016129032 0.000000000 0.008264462 0.112727270 0.068702288 0.092936806 0.004115226 0.000000000 0.114155248 0.042735044 0.070175439 0.109489053 0.027888447 0.089552239 0.056277055 0.039370079 0.042735044 0.004115226 0.109489053 0.089552239 0.027888447 0.004115226 0.094170406 0.012448133 0.302857131 0.122302160 0.024000000 0.016666668
0.132075474 0.012658228 0.076233186 0.186440676 0.136690646 0.004149378 0.024390243 0.008264462 0.000000000 0.120879121 0.076923080 0.101123594 0.004149378 0.008264462 0.105990782 0.034482758 0.061946902 0.117647059 0.036144577 0.097744361 0.048034936 0.047619049 0.034482758 0.004149378 0.117647059 0.097744361 0.036144577 0.004149378 0.085972853 0.004184100 0.310344815 0.130434781 0.032258064 0.008403362
0.248979598 0.133333340 0.195312500 0.067073174 0.016077170 0.116788320 0.096774191 0.112727270 0.120879121 0.000000000 0.044368602 0.020000000 0.116788320 0.112727270 0.224000007 0.154716983 0.181467175 0.003278689 0.085106380 0.023411371 0.167938933 0.073684208 0.154716983 0.116788320 0.003278689 0.023411371 0.085106380 0.116788320 0.204724416 0.125000000 0.196850389 0.009708738 0.088967972 0.129151285
0.206896558 0.089494161 0.152263373 0.111111112 0.060402684 0.072796933 0.052631579 0.068702288 0.076923080 0.044368602 0.000000000 0.024390243 0.072796933 0.068702288 0.181434602 0.111111112 0.138211384 0.041095890 0.040892195 0.020979021 0.124497995 0.029411765 0.111111112 0.072796933 0.041095890 0.020979021 0.040892195 0.072796933 0.161825731 0.081081077 0.239130437 0.054054055 0.044776119 0.085271321
0.230125517 0.113636367 0.175999999 0.086956523 0.036065575 0.097014926 0.076923080 0.092936806 0.101123594 0.020000000 0.024390243 0.000000000 0.097014926 0.092936806 0.204918027 0.135135129 0.162055343 0.016722407 0.065217391 0.003412969 0.148437500 0.053763442 0.135135129 0.097014926 0.016722407 0.003412969 0.065217391 0.097014926 0.185483873 0.105263159 0.216000006 0.029702971 0.069090910 0.109433964
0.136150241 0.016806724 0.080357142 0.182432428 0.132616490 0.000000000 0.020242915 0.004115226 0.004149378 0.116788320 0.072796933 0.097014926 0.000000000 0.004115226 0.110091746 0.038626611 0.066079296 0.113553114 0.032000002 0.093632959 0.052173913 0.043478262 0.038626611 0.000000000 0.113553114 0.093632959 0.032000002 0.000000000 0.090090089 0.008333334 0.306590259 0.126353785 0.028112451 0.012552301
0.140186921 0.020920502 0.084444441 0.178451180 0.128571436 0.004115226 0.016129032 0.000000000 0.008264462 0.112727270 0.068702288 0.092936806 0.004115226 0.000000000 0.114155248 0.042735044 0.070175439 0.109489053 0.027888447 0.089552239 0.056277055 0.039370079 0.042735044 0.004115226 0.109489053 0.089552239 0.027888447 0.004115226 0.094170406 0.012448133 0.302857131 0.122302160 0.024000000 0.016666668
0.026455026 0.093457945 0.029999999 0.286764711 0.239215687 0.110091746 0.130044848 0.114155248 0.105990782 0.224000007 0.181434602 0.204918027 0.110091746 0.114155248 0.000000000 0.071770333 0.044334974 0.220883533 0.141592920 0.201646090 0.058252428 0.152838424 0.071770333 0.110091746 0.220883533 0.201646090 0.141592920 0.110091746 0.020202020 0.101851851 0.403076917 0.233201578 0.137777776 0.097674422
0.098039217 0.021834061 0.041860465 0.219512194 0.170370370 0.038626611 0.058823530 0.042735044 0.034482758 0.154716983 0.111111112 0.135135129 0.038626611 0.042735044 0.071770333 0.000000000 0.027522936 0.151515156 0.070539422 0.131782949 0.013574661 0.081967212 0.000000000 0.038626611 0.151515156 0.131782949 0.070539422 0.038626611 0.051643193 0.030303031 0.341176480 0.164179102 0.066666670 0.026086956
0.070707068 0.049327355 0.014354067 0.245551601 0.196969703 0.066079296 0.086206898 0.070175439 0.061946902 0.181467175 0.138211384 0.162055343 0.066079296 0.070175439 0.044334974 0.027522936 0.000000000 0.178294569 0.097872339 0.158730164 0.013953488 0.109243698 0.027522936 0.066079296 0.178294569 0.158730164 0.097872339 0.066079296 0.024154589 0.057777777 0.365269452 0.190839693 0.094017096 0.053571429
0.245901644 0.130111530 0.192156866 0.070336394 0.019354839 0.113553114 0.093525179 0.109489053 0.117647059 0.003278689 0.041095890 0.016722407 0.113553114 0.109489053 0.220883533 0.151515156 0.178294569 0.000000000 0.081850536 0.020134227 0.164750963 0.070422538 0.151515156 0.113553114 0.000000000 0.020134227 0.081850536 0.113553114 0.201581031 0.121771216 0.200000003 0.012987013 0.085714288 0.125925928
0.167420819 0.048780486 0.112068966 0.151315793 0.101045296 0.032000002 0.011764706 0.027888447 0.036144577 0.085106380 0.040892195 0.065217391 0.032000002 0.027888447 0.141592920 0.070539422 0.097872339 0.081850536 0.000000000 0.061818182 0.084033616 0.011494253 0.070539422 0.032000002 0.081850536 0.061818182 0.000000000 0.032000002 0.121739127 0.040322579 0.277310938 0.094736844 0.003891051 0.044534411
0.226890758 0.110266156 0.172690764 0.090342678 0.039473683 0.093632959 0.073529415 0.089552239 0.097744361 0.023411371 0.020979021 0.003412969 0.093632959 0.089552239 0.201646090 0.131782949 0.158730164 0.020134227 0.061818182 0.000000000 0.145098045 0.050359711 0.131782949 0.093632959 0.020134227 0.000000000 0.061818182 0.093632959 0.182186231 0.101886794 0.219251335 0.033112582 0.065693431 0.106060609
0.084577113 0.035398230 0.028301887 0.232394367 0.183520600 0.052173913 0.072340429 0.056277055 0.048034936 0.167938933 0.124497995 0.148437500 0.052173913 0.056277055 0.058252428 0.013574661 0.013953488 0.164750963 0.084033616 0.145098045 0.000000000 0.095435686 0.013574661 0.052173913 0.164750963 0.145098045 0.084033616 0.052173913 0.038095240 0.043859649 0.353115737 0.177358493 0.080168776 0.039647575
0.178571433 0.060240965 0.123404257 0.140065148 0.089655176 0.043478262 0.023255814 0.039370079 0.047619049 0.073684208 0.029411765 0.053763442 0.043478262 0.039370079 0.152838424 0.081967212 0.109243698 0.070422538 0.011494253 0.050359711 0.095435686 0.000000000 0.081967212 0.043478262 0.070422538 0.050359711 0.011494253 0.043478262 0.133047208 0.051792830 0.266666681 0.083333336 0.015384615 0.056000002
0.098039217 0.021834061 0.041860465 0.219512194 0.170370370 0.038626611 0.058823530 0.042735044 0.034482758 0.154716983 0.111111112 0.135135129 0.038626611 0.042735044 0.071770333 0.000000000 0.027522936 0.151515156 0.070539422 0.131782949 0.013574661 0.081967212 0.000000000 0.038626611 0.151515156 0.131782949 0.070539422 0.038626611 0.051643193 0.030303031 0.341176480 0.164179102 0.066666670 0.026086956
0.136150241 0.016806724 0.080357142 0.182432428 0.132616490 0.000000000 0.020242915 0.004115226 0.004149378 0.116788320 0.072796933 0.097014926 0.000000000 0.004115226 0.110091746 0.038626611 0.066079296 0.113553114 0.032000002 0.093632959 0.052173913 0.043478262 0.038626611 0.000000000 0.113553114 0.093632959 0.032000002 0.000000000 0.090090089 0.008333334 0.306590259 0.126353785 0.028112451 0.012552301
0.245901644 0.130111530 0.192156866 0.070336394 0.019354839 0.113553114 0.093525179 0.109489053 0.117647059 0.003278689 0.041095890 0.016722407 0.113553114 0.109489053 0.220883533 0.151515156 0.178294569 0.000000000 0.081850536 0.020134227 0.164750963 0.070422538 0.151515156 0.113553114 0.000000000 0.020134227 0.081850536 0.113553114 0.201581031 0.121771216 0.200000003 0.012987013 0.085714288 0.125925928
0.226890758 0.110266156 0.172690764 0.090342678 0.039473683 0.093632959 0.073529415 0.089552239 0.097744361 0.023411371 0.020979021 0.003412969 0.093632959 0.089552239 0.201646090 0.131782949 0.158730164 0.020134227 0.061818182 0.000000000 0.145098045 0.050359711 0.131782949 0.093632959 0.020134227 0.000000000 0.061818182 0.093632959 0.182186231 0.101886794 0.219251335 0.033112582 0.065693431 0.106060609
0.167420819 0.048780486 0.112068966 0.151315793 0.101045296 0.032000002 0.011764706 0.027888447 0.036144577 0.085106380 0.040892195 0.065217391 0.032000002 0.027888447 0.141592920 0.070539422 0.097872339 0.081850536 0.000000000 0.061818182 0.084033616 0.011494253 0.070539422 0.032000002 0.081850536 0.061818182 0.000000000 0.032000002 0.121739127 0.040322579 0.277310938 0.094736844 0.003891051 0.044534411
0.136150241 0.016806724 0.080357142 0.182432428 0.132616490 0.000000000 0.020242915 0.004115226 0.004149378 0.116788320 0.072796933 0.097014926 0.000000000 0.004115226 0.110091746 0.038626611 0.066079296 0.113553114 0.032000002 0.093632959 0.052173913 0.043478262 0.038626611 0.000000000 0.113553114 0.093632959 0.032000002 0.000000000 0.090090089 0.008333334 0.306590259 0.126353785 0.028112451 0.012552301
0.046632126 0.073394492 0.009803922 0.268115938 0.220077217 0.090090089 0.110132158 0.094170406 0.085972853 0.204724416 0.161825731 0.185483873 0.090090089 0.094170406 0.020202020 0.051643193 0.024154589 0.201581031 0.121739127 0.182186231 0.038095240 0.133047208 0.051643193 0.090090089 0.201581031 0.182186231 0.121739127 0.090090089 0.000000000 0.081818178 0.386018246 0.214007780 0.117903933 0.077625573
0.127962083 0.008474576 0.072072074 0.190476194 0.140794218 0.008333334 0.028571429 0.012448133 0.004184100 0.125000000 0.081081077 0.105263159 0.008333334 0.012448133 0.101851851 0.030303031 0.057777777 0.121771216 0.040322579 0.101886794 0.043859649 0.051792830 0.030303031 0.008333334 0.121771216 0.101886794 0.040322579 0.008333334 0.081818178 0.000000000 0.314121038 0.134545460 0.036437247 0.004219409
0.425000012 0.321739137 0.377643496 0.131513640 0.181347147 0.306590259 0.288135588 0.302857131 0.310344815 0.196850389 0.239130437 0.216000006 0.306590259 0.302857131 0.403076917 0.341176480 0.365269452 0.200000003 0.277310938 0.219251335 0.353115737 0.266666681 0.341176480 0.306590259 0.200000003 0.219251335 0.277310938 0.306590259 0.386018246 0.314121038 0.000000000 0.187500000 0.280898869 0.317919075
0.258064508 0.142857149 0.204633206 0.057401814 0.006369427 0.126353785 0.106382981 0.122302160 0.130434781 0.009708738 0.054054055 0.029702971 0.126353785 0.122302160 0.233201578 0.164179102 0.190839693 0.012987013 0.094736844 0.033112582 0.177358493 0.083333336 0.164179102 0.126353785 0.012987013 0.033112582 0.094736844 0.126353785 0.214007780 0.134545460 0.187500000 0.000000000 0.098591551 0.138686135
0.163636357 0.044897959 0.108225107 0.155115515 0.104895107 0.028112451 0.007874016 0.024000000 0.032258064 0.088967972 0.044776119 0.069090910 0.028112451 0.024000000 0.137777776 0.066666670 0.094017096 0.085714288 0.003891051 0.065693431 0.080168776 0.015384615 0.066666670 0.028112451 0.085714288 0.065693431 0.003891051 0.028112451 0.117903933 0.036437247 0.280898869 0.098591551 0.000000000 0.040650405
0.123809524 0.004255319 0.067873307 0.194539249 0.144927531 0.012552301 0.032786883 0.016666668 0.008403362 0.129151285 0.085271321 0.109433964 0.012552301 0.016666668 0.097674422 0.026086956 0.053571429 0.125925928 0.044534411 0.106060609 0.039647575 0.056000002 0.026086956 0.012552301 0.125925928 0.106060609 0.044534411 0.012552301 0.077625573 0.004219409 0.317919075 0.138686135 0.040650405 0.000000000
