0.014986219 0.045207694 0.028492097 0.063034162 0.041690417 0.036477476 0.038888786 0.044024222 0.041895460 0.049335074 0.044670045 0.062241878 0.036037650 0.043178834 0.024450799 0.029867886 0.032385387 0.056401908 0.040214390 0.050235517 0.027376080 0.045000345 0.023116238 0.040007789 0.047745559 0.044587329 0.038615752 0.030807551 0.021029763 0.042125970 0.067014530 0.048373256 0.061337702 0.029328097
0.045207694 0.005894996 0.027045818 0.032975450 0.022906069 0.016892761 0.017403116 0.019376781 0.021784361 0.023141794 0.026204186 0.023384141 0.019729484 0.021409787 0.036928721 0.027572343 0.024029976 0.029954650 0.018281883 0.028517324 0.027117021 0.016531684 0.033146381 0.017601538 0.017945567 0.022352247 0.020650810 0.019049015 0.022462362 0.018778402 0.045811675 0.027103836 0.025115700 0.031218009
0.028492097 0.027045818 0.000743695 0.042496465 0.018275693 0.014364461 0.013624553 0.019653302 0.018703952 0.029924478 0.024678716 0.041873965 0.018074758 0.018782757 0.017915374 0.014099615 0.015187286 0.032655418 0.017089214 0.025979472 0.008126550 0.020912834 0.012150049 0.015932696 0.026443804 0.025994919 0.017692743 0.009393902 0.010832239 0.018173581 0.043740049 0.027159631 0.027633235 0.011841429
0.063034162 0.032975450 0.042496465 0.016659345 0.025440473 0.026257008 0.028099049 0.031113977 0.036418416 0.018577846 0.020865280 0.020628283 0.023797873 0.032757081 0.059002586 0.052156717 0.034828678 0.028741810 0.030775778 0.021635124 0.040033545 0.023890542 0.051525250 0.025158564 0.028727155 0.015570600 0.031370830 0.029835060 0.035749387 0.031219818 0.040017135 0.014785414 0.046366528 0.044718165
0.041690417 0.022906069 0.018275693 0.025440473 -0.002289646 0.017416041 0.011885281 0.012890492 0.017949224 0.018313644 0.016120262 0.018692909 0.012466876 0.015551303 0.034253504 0.025254317 0.017135639 0.030841045 0.018706789 0.016989000 0.021093640 0.015846392 0.027347121 0.013551660 0.016845211 0.015472051 0.016026448 0.016837038 0.022233807 0.015401501 0.050940771 0.018198747 0.024129957 0.028664270
0.036477476 0.016892761 0.014364461 0.026257008 0.017416041 0.007657369 0.006997552 0.011283402 0.009639048 0.019006483 0.018300382 0.023018766 0.012989366 0.011418956 0.028217290 0.018228296 0.013567062 0.026397374 0.012746898 0.015536509 0.010103969 0.012922856 0.021988703 0.009538334 0.018593861 0.016890697 0.012089467 0.005045178 0.018157249 0.011089051 0.040503964 0.025461618 0.023662221 0.021749703
0.038888786 0.017403116 0.013624553 0.028099049 0.011885281 0.006997552 -0.004425313 0.006676096 0.011914140 0.018567253 0.002177263 0.021983799 0.009760788 0.005036202 0.026606098 0.021524517 0.012290697 0.020620545 0.008322737 0.015606708 0.014438536 0.005608956 0.022061687 0.001490837 0.012507022 0.006284834 0.007291303 0.006408409 0.017524363 0.008128640 0.039011486 0.013200196 0.018581012 0.017454037
0.044024222 0.019376781 0.019653302 0.031113977 0.012890492 0.011283402 0.006676096 0.002737028 0.013628321 0.017555287 0.013053985 0.026015583 0.010011399 0.014341573 0.032914601 0.028635016 0.016865488 0.022029374 0.014994450 0.021349344 0.021123253 0.015289253 0.027832571 0.008615117 0.013828890 0.011166580 0.012757198 0.008297464 0.019753218 0.010994893 0.040096544 0.017783144 0.024759343 0.024617925
0.041895460 0.021784361 0.018703952 0.036418416 0.017949224 0.009639048 0.011914140 0.013628321 0.004752651 0.023167096 0.020769995 0.029055038 0.015783183 0.015224425 0.032008201 0.025151193 0.017048888 0.027097685 0.017327532 0.022913165 0.019034177 0.013995707 0.026191667 0.010117386 0.020964051 0.017987080 0.017327338 0.011330750 0.017115351 0.013944469 0.045503072 0.022814386 0.017284492 0.020673336
0.049335074 0.023141794 0.029924478 0.018577846 0.018313644 0.019006483 0.018567253 0.017555287 0.023167096 0.003507072 0.012147159 0.012652768 0.017479628 0.021498788 0.043281544 0.040746577 0.026964828 0.016278490 0.022459337 0.015676785 0.030279499 0.017789764 0.038502973 0.019297456 0.017089842 0.007812930 0.022044197 0.018383108 0.030244835 0.019625688 0.031022865 0.008054914 0.026384931 0.034112532
0.044670045 0.026204186 0.024678716 0.020865280 0.016120262 0.018300382 0.002177263 0.013053985 0.020769995 0.012147159 0.000554551 0.015255549 0.011388324 0.013887713 0.032540452 0.030944690 0.020553187 0.015562596 0.017770797 0.019130109 0.022503713 0.012559972 0.028664436 0.012470386 0.014617309 0.007635027 0.017779674 0.015851665 0.027218523 0.016388858 0.035035532 0.008162740 0.019744672 0.029131981
0.062241878 0.023384141 0.041873965 0.020628283 0.018692909 0.023018766 0.021983799 0.026015583 0.029055038 0.012652768 0.015255549 0.013044885 0.017881678 0.025064308 0.056120686 0.048405074 0.031701360 0.026600577 0.025372852 0.019513275 0.037922703 0.016294830 0.048405230 0.017727276 0.023845013 0.009826338 0.025601771 0.027409371 0.032305349 0.025001889 0.044885397 0.011198070 0.031096898 0.042853080
0.036037650 0.019729484 0.018074758 0.023797873 0.012466876 0.012989366 0.009760788 0.010011399 0.015783183 0.017479628 0.011388324 0.017881678 0.001485179 0.011552589 0.028859278 0.025729053 0.017309854 0.021765253 0.016020693 0.016172433 0.020814732 0.014261098 0.023559542 0.010993604 0.015752921 0.014822298 0.014229978 0.013207389 0.020680770 0.013825643 0.040466495 0.015220546 0.017317038 0.022531016
0.043178834 0.021409787 0.018782757 0.032757081 0.015551303 0.011418956 0.005036202 0.014341573 0.015224425 0.021498788 0.013887713 0.025064308 0.011552589 0.008707430 0.032406121 0.025489431 0.014961043 0.027156580 0.014243431 0.018371608 0.017523460 0.014979700 0.024564568 0.010139519 0.018826913 0.015748680 0.014050267 0.011463258 0.019479500 0.015331014 0.049503747 0.022088371 0.029964764 0.023787398
0.024450799 0.036928721 0.017915374 0.059002586 0.034253504 0.028217290 0.026606098 0.032914601 0.032008201 0.043281544 0.032540452 0.056120686 0.028859278 0.032406121 0.007791458 0.023675114 0.022054885 0.047919039 0.031283408 0.041754358 0.024138842 0.037415680 0.018306084 0.030708056 0.040385544 0.035215709 0.029009610 0.021936096 0.019089792 0.033257596 0.056431763 0.045056794 0.055862885 0.024366271
0.029867886 0.027572343 0.014099615 0.052156717 0.025254317 0.018228296 0.021524517 0.028635016 0.025151193 0.040746577 0.030944690 0.048405074 0.025729053 0.025489431 0.023675114 0.004656155 0.017875228 0.042878978 0.024796113 0.033139646 0.013480838 0.028370803 0.014281942 0.023664448 0.033239856 0.034618087 0.024302213 0.019166758 0.007789206 0.027266746 0.051989637 0.037955560 0.038467862 0.015435049
0.032385387 0.024029976 0.015187286 0.034828678 0.017135639 0.013567062 0.012290697 0.016865488 0.017048888 0.026964828 0.020553187 0.031701360 0.017309854 0.014961043 0.022054885 0.017875228 0.001221464 0.029374514 0.012947300 0.022445103 0.012471992 0.016727686 0.015449349 0.012993197 0.021947376 0.022980761 0.013859330 0.012766903 0.013452507 0.016954366 0.040873058 0.025383508 0.030960130 0.015826685
0.056401908 0.029954650 0.032655418 0.028741810 0.030841045 0.026397374 0.020620545 0.022029374 0.027097685 0.016278490 0.015562596 0.026600577 0.021765253 0.027156580 0.047919039 0.042878978 0.029374514 0.008891795 0.025787473 0.033817433 0.036467716 0.024137713 0.039610464 0.026393756 0.018526215 0.013546268 0.026004605 0.020971771 0.035320148 0.025188858 0.028184708 0.019877788 0.040450640 0.039390437
0.040214390 0.018281883 0.017089214 0.030775778 0.018706789 0.012746898 0.008322737 0.014994450 0.017327532 0.022459337 0.017770797 0.025372852 0.016020693 0.014243431 0.031283408 0.024796113 0.012947300 0.025787473 0.002746847 0.019664789 0.018103614 0.014216497 0.023544287 0.012188584 0.019015951 0.017759131 0.013976260 0.012700720 0.017802969 0.015997984 0.041516624 0.021746047 0.027580997 0.019667380
0.050235517 0.028517324 0.025979472 0.021635124 0.016989000 0.015536509 0.015606708 0.021349344 0.022913165 0.015676785 0.019130109 0.019513275 0.016172433 0.018371608 0.041754358 0.033139646 0.022445103 0.033817433 0.019664789 -0.003488669 0.019463845 0.014182568 0.037162010 0.015172956 0.024985714 0.016581278 0.022984900 0.015159821 0.025330961 0.019476721 0.048981447 0.014216561 0.028657015 0.033522915
0.027376080 0.027117021 0.008126550 0.040033545 0.021093640 0.010103969 0.014438536 0.021123253 0.019034177 0.030279499 0.022503713 0.037922703 0.020814732 0.017523460 0.024138842 0.013480838 0.012471992 0.036467716 0.018103614 0.019463845 0.002425684 0.019387744 0.014162811 0.014282890 0.032775268 0.025143547 0.017070584 0.010442343 0.010738362 0.020009341 0.046714723 0.028341405 0.032516845 0.014811004
0.045000345 0.016531684 0.020912834 0.023890542 0.015846392 0.012922856 0.005608956 0.015289253 0.013995707 0.017789764 0.012559972 0.016294830 0.014261098 0.014979700 0.037415680 0.028370803 0.016727686 0.024137713 0.014216497 0.014182568 0.019387744 -0.000769117 0.029416922 0.007743581 0.018670648 0.011816742 0.012986418 0.012251133 0.021714926 0.015523704 0.039874282 0.017174410 0.019880665 0.025539815
0.023116238 0.033146381 0.012150049 0.051525250 0.027347121 0.021988703 0.022061687 0.027832571 0.026191667 0.038502973 0.028664436 0.048405230 0.023559542 0.024564568 0.018306084 0.014281942 0.015449349 0.039610464 0.023544287 0.037162010 0.014162811 0.029416922 0.002193149 0.025972418 0.032450013 0.032185443 0.023726165 0.019600254 0.011504523 0.027551340 0.047794774 0.039366670 0.041570731 0.017202599
0.040007789 0.017601538 0.015932696 0.025158564 0.013551660 0.009538334 0.001490837 0.008615117 0.010117386 0.019297456 0.012470386 0.017727276 0.010993604 0.010139519 0.030708056 0.023664448 0.012993197 0.026393756 0.012188584 0.015172956 0.014282890 0.007743581 0.025972418 -0.002047322 0.018436069 0.015417593 0.008828403 0.009260556 0.018607391 0.010036645 0.044467255 0.018871177 0.017653205 0.021142876
0.047745559 0.017945567 0.026443804 0.028727155 0.016845211 0.018593861 0.012507022 0.013828890 0.020964051 0.017089842 0.014617309 0.023845013 0.015752921 0.018826913 0.040385544 0.033239856 0.021947376 0.018526215 0.019015951 0.024985714 0.032775268 0.018670648 0.032450013 0.018436069 -0.016627137 0.012644647 0.018655840 0.016544908 0.025414715 0.018531375 0.028840303 0.019653251 0.028015560 0.030403450
0.044587329 0.022352247 0.025994919 0.015570600 0.015472051 0.016890697 0.006284834 0.011166580 0.017987080 0.007812930 0.007635027 0.009826338 0.014822298 0.015748680 0.035215709 0.034618087 0.022980761 0.013546268 0.017759131 0.016581278 0.025143547 0.011816742 0.032185443 0.015417593 0.012644647 -0.000352343 0.017105965 0.017262058 0.028984044 0.014499276 0.033671290 0.008817850 0.015054421 0.028659966
0.038615752 0.020650810 0.017692743 0.031370830 0.016026448 0.012089467 0.007291303 0.012757198 0.017327338 0.022044197 0.017779674 0.025601771 0.014229978 0.014050267 0.029009610 0.024302213 0.013859330 0.026004605 0.013976260 0.022984900 0.017070584 0.012986418 0.023726165 0.008828403 0.018655840 0.017105965 0.008625418 0.007614370 0.019203115 0.012610583 0.041686635 0.023149930 0.023648318 0.021960553
0.030807551 0.019049015 0.009393902 0.029835060 0.016837038 0.005045178 0.006408409 0.008297464 0.011330750 0.018383108 0.015851665 0.027409371 0.013207389 0.011463258 0.021936096 0.019166758 0.012766903 0.020971771 0.012700720 0.015159821 0.010442343 0.012251133 0.019600254 0.009260556 0.016544908 0.017262058 0.007614370 -0.003156196 0.013713704 0.007291313 0.032180429 0.020631975 0.021121375 0.014169568
0.021029763 0.022462362 0.010832239 0.035749387 0.022233807 0.018157249 0.017524363 0.019753218 0.017115351 0.030244835 0.027218523 0.032305349 0.020680770 0.019479500 0.019089792 0.007789206 0.013452507 0.035320148 0.017802969 0.025330961 0.010738362 0.021714926 0.011504523 0.018607391 0.025414715 0.028984044 0.019203115 0.013713704 0.005101385 0.018962702 0.040563252 0.032146223 0.026906395 0.012510667
0.042125970 0.018778402 0.018173581 0.031219818 0.015401501 0.011089051 0.008128640 0.010994893 0.013944469 0.019625688 0.016388858 0.025001889 0.013825643 0.015331014 0.033257596 0.027266746 0.016954366 0.025188858 0.015997984 0.019476721 0.020009341 0.015523704 0.027551340 0.010036645 0.018531375 0.014499276 0.012610583 0.007291313 0.018962702 0.006660761 0.041489240 0.018924013 0.024341881 0.022464700
0.067014530 0.045811675 0.043740049 0.040017135 0.050940771 0.040503964 0.039011486 0.040096544 0.045503072 0.031022865 0.035035532 0.044885397 0.040466495 0.049503747 0.056431763 0.051989637 0.040873058 0.028184708 0.041516624 0.048981447 0.046714723 0.039874282 0.047794774 0.044467255 0.028840303 0.033671290 0.041686635 0.032180429 0.040563252 0.041489240 -0.020208547 0.034771949 0.063270964 0.048217572
0.048373256 0.027103836 0.027159631 0.014785414 0.018198747 0.025461618 0.013200196 0.017783144 0.022814386 0.008054914 0.008162740 0.011198070 0.015220546 0.022088371 0.045056794 0.037955560 0.025383508 0.019877788 0.021746047 0.014216561 0.028341405 0.017174410 0.039366670 0.018871177 0.019653251 0.008817850 0.023149930 0.020631975 0.032146223 0.018924013 0.034771949 0.002790355 0.028216485 0.040575262
0.061337702 0.025115700 0.027633235 0.046366528 0.024129957 0.023662221 0.018581012 0.024759343 0.017284492 0.026384931 0.019744672 0.031096898 0.017317038 0.029964764 0.055862885 0.038467862 0.030960130 0.040450640 0.027580997 0.028657015 0.032516845 0.019880665 0.041570731 0.017653205 0.028015560 0.015054421 0.023648318 0.021121375 0.026906395 0.024341881 0.063270964 0.028216485 0.014319591 0.040137701
0.029328097 0.031218009 0.011841429 0.044718165 0.028664270 0.021749703 0.017454037 0.024617925 0.020673336 0.034112532 0.029131981 0.042853080 0.022531016 0.023787398 0.024366271 0.015435049 0.015826685 0.039390437 0.019667380 0.033522915 0.014811004 0.025539815 0.017202599 0.021142876 0.030403450 0.028659966 0.021960553 0.014169568 0.012510667 0.022464700 0.048217572 0.040575262 0.040137701 0.014119916
