0.025101613 0.048303198 0.031236753 0.072512463 0.040696036 0.040286627 0.039647374 0.050128356 0.044413880 0.058068544 0.047006276 0.067118093 0.040245671 0.046512805 0.029635258 0.034337781 0.034992620 0.057564691 0.042397927 0.062679991 0.027170915 0.041715123 0.027015235 0.035465959 0.048782684 0.043168828 0.042920269 0.033614188 0.023277942 0.044423193 0.073476791 0.052564453 0.065797515 0.029029695
0.048303198 0.010869794 0.028302390 0.036028162 0.016215255 0.016716877 0.021819811 0.018156376 0.025146607 0.028225986 0.023100663 0.025804438 0.016852492 0.021270733 0.034095664 0.028807368 0.025556199 0.025473617 0.024218617 0.038097017 0.027057821 0.021241508 0.031871546 0.021296401 0.017743900 0.026557136 0.023464851 0.021157628 0.021839108 0.024762738 0.044995517 0.025496680 0.026835563 0.026024006
0.031236753 0.028302390 -0.000522792 0.044756778 0.016338184 0.014534249 0.012679796 0.019742124 0.018575910 0.033665586 0.022432741 0.042636659 0.019124065 0.017787922 0.016186252 0.013881429 0.014489314 0.028669180 0.017640311 0.032618783 0.004179323 0.017547902 0.010952154 0.012382898 0.023907330 0.023958102 0.017800182 0.009391303 0.010195606 0.017553175 0.043239176 0.024551133 0.026227826 0.009892074
0.072512463 0.036028162 0.044756778 0.019838534 0.018262040 0.026452232 0.029720969 0.032819178 0.040825501 0.024109695 0.020436373 0.022760253 0.024526875 0.032796089 0.064640902 0.059388015 0.037049532 0.023798391 0.033434197 0.020887546 0.036978740 0.023602884 0.054032072 0.024935016 0.032440100 0.016690491 0.034835115 0.031702876 0.035196811 0.036575846 0.039844409 0.012873938 0.052212901 0.040349551
0.040696036 0.016215255 0.016338184 0.018262040 -0.000414403 0.015460335 0.012232983 0.007699022 0.015896637 0.013709329 0.014686780 0.009983920 0.012715091 0.015044011 0.033370655 0.026160266 0.015617918 0.015525385 0.017597854 0.016959256 0.021397132 0.015560717 0.026430376 0.014862127 0.005883032 0.015010010 0.012576738 0.014521648 0.023840439 0.010611556 0.038892046 0.020721518 0.016784061 0.029368838
0.040286627 0.016716877 0.014534249 0.026452232 0.015460335 0.007490783 0.008716483 0.011686616 0.009428490 0.020910461 0.017221279 0.021648480 0.013088461 0.011653000 0.028782096 0.018838806 0.014095096 0.023161063 0.014560841 0.019510690 0.009493367 0.013492674 0.023642329 0.010026357 0.017052261 0.017674463 0.012791988 0.005730310 0.018575136 0.013082508 0.039787933 0.024725484 0.022977121 0.020791553
0.039647374 0.021819811 0.012679796 0.029720969 0.012232983 0.008716483 -0.004602011 0.008390150 0.013664048 0.020854304 0.002021584 0.023446839 0.009223085 0.004099160 0.023942880 0.019958310 0.012120471 0.016757833 0.008923776 0.019925935 0.013813656 0.006277273 0.019949825 0.000690671 0.010879726 0.006265763 0.007269991 0.007190556 0.018138504 0.008316861 0.037545014 0.012153677 0.017310314 0.018256687
0.050128356 0.018156376 0.019742124 0.032819178 0.007699022 0.011686616 0.008390150 0.004964320 0.013401286 0.023001462 0.013990600 0.026712477 0.014148924 0.015697088 0.035859492 0.032752484 0.018081831 0.019188792 0.016303707 0.025817994 0.020136215 0.013923125 0.031668395 0.007782565 0.014652750 0.011838137 0.014445386 0.010398586 0.020126186 0.012114857 0.038780183 0.017912861 0.026523720 0.023013059
0.044413880 0.025146607 0.018575910 0.040825501 0.015896637 0.009428490 0.013664048 0.013401286 0.006995104 0.028337803 0.018441310 0.031909477 0.015362304 0.014958619 0.030471874 0.025432311 0.017353579 0.022131272 0.020080069 0.033802189 0.016266800 0.015476861 0.024805069 0.011348661 0.019869197 0.019080274 0.018888589 0.012930028 0.016004037 0.016797651 0.043525346 0.020585366 0.018507857 0.012607105
0.058068544 0.028225986 0.033665586 0.024109695 0.013709329 0.020910461 0.020854304 0.023001462 0.028337803 0.012332203 0.013397837 0.019518817 0.019645434 0.022285720 0.047913261 0.047551576 0.030115990 0.015333555 0.026279036 0.019855497 0.029158369 0.018795168 0.042456504 0.017952505 0.024274562 0.010165762 0.026431277 0.022550795 0.031261373 0.024984414 0.034481302 0.009251080 0.033567395 0.033287115
0.047006276 0.023100663 0.022432741 0.020436373 0.014686780 0.017221279 0.002021584 0.013990600 0.018441310 0.013397837 0.000292392 0.013275053 0.011369053 0.013301786 0.034637637 0.031963728 0.019925702 0.010906664 0.016488718 0.019460034 0.022333942 0.011130862 0.030677479 0.012237526 0.013291026 0.006931322 0.016011616 0.015922599 0.027204042 0.015477761 0.032700635 0.008278464 0.018887300 0.028974993
0.067118093 0.025804438 0.042636659 0.022760253 0.009983920 0.021648480 0.023446839 0.026712477 0.031909477 0.019518817 0.013275053 0.016949845 0.017612480 0.023942472 0.058039483 0.053471833 0.032415163 0.020962382 0.027694874 0.022209279 0.036070250 0.016105130 0.048251156 0.018517682 0.024821267 0.010471194 0.027444756 0.029073913 0.030994451 0.029037043 0.042720266 0.009930077 0.034529101 0.038533662
0.040245671 0.016852492 0.019124065 0.024526875 0.012715091 0.013088461 0.009223085 0.014148924 0.015362304 0.019645434 0.011369053 0.017612480 0.002246166 0.011114394 0.034803178 0.031121332 0.017842475 0.021093929 0.015144253 0.015705720 0.022657320 0.013673462 0.029236836 0.010116646 0.017473098 0.014358245 0.012582027 0.014867616 0.020695304 0.015751135 0.039519403 0.014762088 0.020760057 0.024630776
0.046512805 0.021270733 0.017787922 0.032796089 0.015044011 0.011653000 0.004099160 0.015697088 0.014958619 0.022285720 0.013301786 0.023942472 0.011114394 0.006954087 0.034510277 0.026091974 0.013965560 0.022229165 0.013988537 0.020849986 0.016966734 0.013489135 0.025834493 0.007678138 0.016307451 0.014179965 0.012924699 0.011885455 0.020247707 0.014440330 0.047665317 0.021032907 0.028287044 0.026431624
0.029635258 0.034095664 0.016186252 0.064640902 0.033370655 0.028782096 0.023942880 0.035859492 0.030471874 0.047913261 0.034637637 0.058039483 0.034803178 0.034510277 0.008844011 0.023472209 0.021620074 0.044251781 0.028138250 0.055618238 0.018435299 0.029548576 0.019227453 0.023870835 0.039749496 0.030303910 0.030275367 0.021746384 0.020604149 0.028434038 0.056727491 0.050290395 0.055701658 0.026413321
0.034337781 0.028807368 0.013881429 0.059388015 0.026160266 0.018838806 0.019958310 0.032752484 0.025432311 0.047551576 0.031963728 0.053471833 0.031121332 0.026091974 0.023472209 0.005488123 0.018629473 0.039124526 0.024973759 0.042975008 0.010979766 0.025258474 0.014443501 0.020756206 0.033983536 0.032912411 0.025661504 0.020667104 0.007825522 0.026590325 0.050189409 0.037446067 0.042250842 0.013027647
0.034992620 0.025556199 0.014489314 0.037049532 0.015617918 0.014095096 0.012120471 0.018081831 0.017353579 0.030115990 0.019925702 0.032415163 0.017842475 0.013965560 0.021620074 0.018629473 0.001383873 0.026117489 0.013691475 0.027509026 0.012259481 0.016133001 0.015820079 0.011590460 0.020052234 0.022288445 0.013587466 0.013764227 0.013632224 0.017123690 0.040076934 0.024147611 0.030543104 0.016154449
0.057564691 0.025473617 0.028669180 0.023798391 0.015525385 0.023161063 0.016757833 0.019188792 0.022131272 0.015333555 0.010906664 0.020962382 0.021093929 0.022229165 0.044251781 0.039124526 0.026117489 0.001284527 0.022702258 0.033412337 0.024966847 0.015379275 0.036850244 0.019272333 0.013891857 0.007615620 0.022988729 0.017094372 0.031179780 0.020969864 0.024997950 0.010966601 0.033636823 0.032092590
0.042397927 0.024218617 0.017640311 0.033434197 0.017597854 0.014560841 0.008923776 0.016303707 0.020080069 0.026279036 0.016488718 0.027694874 0.015144253 0.013988537 0.028138250 0.024973759 0.013691475 0.022702258 0.005611995 0.026152179 0.017173948 0.013619954 0.021804541 0.012295340 0.017491356 0.018599499 0.016698699 0.014088467 0.018685112 0.018261543 0.041844394 0.020955924 0.026683312 0.019294178
0.062679991 0.038097017 0.032618783 0.020887546 0.016959256 0.019510690 0.019925935 0.025817994 0.033802189 0.019855497 0.019460034 0.022209279 0.015705720 0.020849986 0.055618238 0.042975008 0.027509026 0.033412337 0.026152179 -0.001355630 0.021964239 0.020028539 0.044546485 0.018144479 0.031063745 0.020874767 0.029537495 0.020828690 0.028076649 0.032139797 0.052925922 0.016270984 0.039022386 0.039563883
0.027170915 0.027057821 0.004179323 0.036978740 0.021397132 0.009493367 0.013813656 0.020136215 0.016266800 0.029158369 0.022333942 0.036070250 0.022657320 0.016966734 0.018435299 0.010979766 0.012259481 0.024966847 0.017173948 0.021964239 -0.004194934 0.017280862 0.010071278 0.014190871 0.030941449 0.024848532 0.016343687 0.007691976 0.011212328 0.016356144 0.034898520 0.028297799 0.025082557 0.010823918
0.041715123 0.021241508 0.017547902 0.023602884 0.015560717 0.013492674 0.006277273 0.013923125 0.015476861 0.018795168 0.011130862 0.016105130 0.013673462 0.013489135 0.029548576 0.025258474 0.016133001 0.015379275 0.013619954 0.020028539 0.017280862 -0.001078905 0.024153892 0.009885188 0.014828916 0.013505732 0.012628034 0.011388524 0.021598790 0.014920595 0.033699039 0.015760913 0.016700733 0.022854883
0.027015235 0.031871546 0.010952154 0.054032072 0.026430376 0.023642329 0.019949825 0.031668395 0.024805069 0.042456504 0.030677479 0.048251156 0.029236836 0.025834493 0.019227453 0.014443501 0.015820079 0.036850244 0.021804541 0.044546485 0.010071278 0.024153892 0.003010067 0.020953182 0.032386690 0.028959984 0.023807887 0.019609286 0.012683193 0.024556000 0.046870723 0.042074822 0.040817492 0.018170923
0.035465959 0.021296401 0.012382898 0.024935016 0.014862127 0.010026357 0.000690671 0.007782565 0.011348661 0.017952505 0.012237526 0.018517682 0.010116646 0.007678138 0.023870835 0.020756206 0.011590460 0.019272333 0.012295340 0.018144479 0.014190871 0.009885188 0.020953182 -0.001971978 0.016447270 0.015887145 0.007149457 0.008473271 0.018542999 0.008907267 0.036472220 0.016631126 0.015105308 0.019229082
0.048782684 0.017743900 0.023907330 0.032440100 0.005883032 0.017052261 0.010879726 0.014652750 0.019869197 0.024274562 0.013291026 0.024821267 0.017473098 0.016307451 0.039749496 0.033983536 0.020052234 0.013891857 0.017491356 0.031063745 0.030941449 0.014828916 0.032386690 0.016447270 -0.015445208 0.011105757 0.018000709 0.017194666 0.023528431 0.017312016 0.026027504 0.015951293 0.029130254 0.026732126
0.043168828 0.026557136 0.023958102 0.016690491 0.015010010 0.017674463 0.006265763 0.011838137 0.019080274 0.010165762 0.006931322 0.010471194 0.014358245 0.014179965 0.030303910 0.032912411 0.022288445 0.007615620 0.018599499 0.020874767 0.024848532 0.013505732 0.028959984 0.015887145 0.011105757 -0.000524572 0.016595507 0.017942635 0.028703969 0.014687723 0.030258268 0.007569128 0.013553773 0.027969889
0.042920269 0.023464851 0.017800182 0.034835115 0.012576738 0.012791988 0.007269991 0.014445386 0.018888589 0.026431277 0.016011616 0.027444756 0.012582027 0.012924699 0.030275367 0.025661504 0.013587466 0.022988729 0.016698699 0.029537495 0.016343687 0.012628034 0.023807887 0.007149457 0.018000709 0.016595507 0.008713044 0.009612489 0.018979823 0.014753584 0.043017864 0.020852445 0.024219818 0.021444928
0.033614188 0.021157628 0.009391303 0.031702876 0.014521648 0.005730310 0.007190556 0.010398586 0.012930028 0.022550795 0.015922599 0.029073913 0.014867616 0.011885455 0.021746384 0.020667104 0.013764227 0.017094372 0.014088467 0.020828690 0.007691976 0.011388524 0.019609286 0.008473271 0.017194666 0.017942635 0.009612489 -0.001941886 0.013386174 0.009186326 0.029456683 0.019652219 0.022551633 0.009875573
0.023277942 0.021839108 0.010195606 0.035196811 0.023840439 0.018575136 0.018138504 0.020126186 0.016004037 0.031261373 0.027204042 0.030994451 0.020695304 0.020247707 0.020604149 0.007825522 0.013632224 0.031179780 0.018685112 0.028076649 0.011212328 0.021598790 0.012683193 0.018542999 0.023528431 0.028703969 0.018979823 0.013386174 0.007157387 0.018635519 0.038488187 0.034276418 0.024174720 0.015565076
0.044423193 0.024762738 0.017553175 0.036575846 0.010611556 0.013082508 0.008316861 0.012114857 0.016797651 0.024984414 0.015477761 0.029037043 0.015751135 0.014440330 0.028434038 0.026590325 0.017123690 0.020969864 0.018261543 0.032139797 0.016356144 0.014920595 0.024556000 0.008907267 0.017312016 0.014687723 0.014753584 0.009186326 0.018635519 0.007439705 0.040971521 0.016613793 0.024805699 0.018180573
0.073476791 0.044995517 0.043239176 0.039844409 0.038892046 0.039787933 0.037545014 0.038780183 0.043525346 0.034481302 0.032700635 0.042720266 0.039519403 0.047665317 0.056727491 0.050189409 0.040076934 0.024997950 0.041844394 0.052925922 0.034898520 0.033699039 0.046870723 0.036472220 0.026027504 0.030258268 0.043017864 0.029456683 0.038488187 0.040971521 -0.019854182 0.029868467 0.058690421 0.042016931
0.052564453 0.025496680 0.024551133 0.012873938 0.020721518 0.024725484 0.012153677 0.017912861 0.020585366 0.009251080 0.008278464 0.009930077 0.014762088 0.021032907 0.050290395 0.037446067 0.024147611 0.010966601 0.020955924 0.016270984 0.028297799 0.015760913 0.042074822 0.016631126 0.015951293 0.007569128 0.020852445 0.019652219 0.034276418 0.016613793 0.029868467 0.002408735 0.024655757 0.045085821
0.065797515 0.026835563 0.026227826 0.052212901 0.016784061 0.022977121 0.017310314 0.026523720 0.018507857 0.033567395 0.018887300 0.034529101 0.020760057 0.028287044 0.055701658 0.042250842 0.030543104 0.033636823 0.026683312 0.039022386 0.025082557 0.016700733 0.040817492 0.015105308 0.029130254 0.013553773 0.024219818 0.022551633 0.024174720 0.024805699 0.058690421 0.024655757 0.017855089 0.031957775
0.029029695 0.026024006 0.009892074 0.040349551 0.029368838 0.020791553 0.018256687 0.023013059 0.012607105 0.033287115 0.028974993 0.038533662 0.024630776 0.026431624 0.026413321 0.013027647 0.016154449 0.032092590 0.019294178 0.039563883 0.010823918 0.022854883 0.018170923 0.019229082 0.026732126 0.027969889 0.021444928 0.009875573 0.015565076 0.018180573 0.042016931 0.045085821 0.031957775 0.015006363
