0.000000000 0.125541121 0.102222219 0.158333331 0.147679329 0.090090089 0.081818178 0.165289253 0.129310340 0.178861782 0.151260510 0.175510198 0.125541121 0.110132158 0.074468084 0.147679329 0.102222219 0.158333331 0.051643193 0.178861782 0.073394492 0.121739127 0.090090089 0.081818178 0.158333331 0.178861782 0.098214284 0.094170406 0.056074765 0.102222219 0.257352948 0.229007632 0.249070629 0.125541121
0.125541121 0.000000000 0.023622047 0.033457249 0.022556391 0.035856575 0.044176705 0.040590405 0.003831418 0.054545455 0.026217228 0.051094890 0.000000000 0.015625000 0.198156685 0.022556391 0.023622047 0.033457249 0.074380167 0.054545455 0.052631579 0.003861004 0.035856575 0.044176705 0.033457249 0.054545455 0.027667984 0.031746034 0.069958851 0.023622047 0.136212617 0.106529206 0.127516776 0.000000000
0.102222219 0.023622047 0.000000000 0.057034221 0.046153847 0.012244898 0.020576132 0.064150944 0.027450981 0.078066915 0.049808428 0.074626863 0.023622047 0.008000000 0.175355449 0.046153847 0.000000000 0.057034221 0.050847456 0.078066915 0.029045643 0.019762846 0.012244898 0.020576132 0.057034221 0.078066915 0.004048583 0.008130081 0.046413504 0.000000000 0.159322038 0.129824564 0.150684938 0.023622047
0.158333331 0.033457249 0.057034221 0.000000000 0.010909091 0.069230773 0.077519380 0.007142857 0.029629629 0.021126760 0.007246377 0.017667845 0.033457249 0.049056605 0.230088502 0.010909091 0.057034221 0.000000000 0.107569724 0.021126760 0.085937500 0.037313432 0.069230773 0.077519380 0.000000000 0.021126760 0.061068702 0.065134101 0.103174604 0.057034221 0.103225805 0.073333330 0.094462544 0.033457249
0.147679329 0.022556391 0.046153847 0.010909091 0.000000000 0.058365759 0.066666670 0.018050542 0.018726591 0.032028470 0.003663004 0.028571429 0.022556391 0.038167939 0.219730943 0.000000000 0.046153847 0.010909091 0.096774191 0.032028470 0.075098813 0.026415095 0.058365759 0.066666670 0.010909091 0.032028470 0.050193049 0.054263566 0.092369474 0.046153847 0.114006512 0.084175088 0.105263159 0.022556391
0.090090089 0.035856575 0.012244898 0.069230773 0.058365759 0.000000000 0.008333334 0.076335877 0.039682541 0.090225562 0.062015504 0.086792454 0.035856575 0.020242915 0.163461536 0.058365759 0.012244898 0.069230773 0.038626611 0.090225562 0.016806724 0.032000002 0.000000000 0.008333334 0.069230773 0.090225562 0.008196721 0.004115226 0.034188036 0.012244898 0.171232879 0.141843975 0.162629753 0.035856575
0.081818178 0.044176705 0.020576132 0.077519380 0.066666670 0.008333334 0.000000000 0.084615387 0.048000000 0.098484851 0.070312500 0.095057033 0.044176705 0.028571429 0.155339807 0.066666670 0.020576132 0.077519380 0.030303031 0.098484851 0.008474576 0.040322579 0.008333334 0.000000000 0.077519380 0.098484851 0.016528925 0.012448133 0.025862070 0.020576132 0.179310352 0.150000006 0.170731708 0.044176705
0.165289253 0.040590405 0.064150944 0.007142857 0.018050542 0.076335877 0.084615387 0.000000000 0.036764707 0.013986014 0.014388490 0.010526316 0.040590405 0.056179777 0.236842111 0.018050542 0.064150944 0.007142857 0.114624508 0.013986014 0.093023255 0.044444446 0.076335877 0.084615387 0.007142857 0.013986014 0.068181820 0.072243348 0.110236220 0.064150944 0.096153848 0.066225164 0.087378643 0.040590405
0.129310340 0.003831418 0.027450981 0.029629629 0.018726591 0.039682541 0.048000000 0.036764707 0.000000000 0.050724637 0.022388060 0.047272727 0.003831418 0.019455252 0.201834857 0.018726591 0.027450981 0.029629629 0.078189299 0.050724637 0.056451611 0.007692308 0.039682541 0.048000000 0.029629629 0.050724637 0.031496063 0.035573121 0.073770493 0.027450981 0.132450327 0.102739729 0.123745821 0.003831418
0.178861782 0.054545455 0.078066915 0.021126760 0.032028470 0.090225562 0.098484851 0.013986014 0.050724637 0.000000000 0.028368793 0.003460208 0.054545455 0.070110701 0.250000000 0.032028470 0.078066915 0.021126760 0.128404662 0.000000000 0.106870227 0.058394160 0.090225562 0.098484851 0.021126760 0.000000000 0.082089551 0.086142324 0.124031007 0.078066915 0.082278483 0.052287582 0.073482431 0.054545455
0.151260510 0.026217228 0.049808428 0.007246377 0.003663004 0.062015504 0.070312500 0.014388490 0.022388060 0.028368793 0.000000000 0.024911031 0.026217228 0.041825093 0.223214284 0.003663004 0.049808428 0.007246377 0.100401610 0.028368793 0.078740157 0.030075189 0.062015504 0.070312500 0.007246377 0.028368793 0.053846154 0.057915058 0.096000001 0.049808428 0.110389613 0.080536909 0.101639345 0.026217228
0.175510198 0.051094890 0.074626863 0.017667845 0.028571429 0.086792454 0.095057033 0.010526316 0.047272727 0.003460208 0.024911031 0.000000000 0.051094890 0.066666670 0.246753246 0.028571429 0.074626863 0.017667845 0.125000000 0.003460208 0.103448279 0.054945055 0.086792454 0.095057033 0.017667845 0.003460208 0.078651689 0.082706764 0.120622568 0.074626863 0.085714288 0.055737704 0.076923080 0.051094890
0.125541121 0.000000000 0.023622047 0.033457249 0.022556391 0.035856575 0.044176705 0.040590405 0.003831418 0.054545455 0.026217228 0.051094890 0.000000000 0.015625000 0.198156685 0.022556391 0.023622047 0.033457249 0.074380167 0.054545455 0.052631579 0.003861004 0.035856575 0.044176705 0.033457249 0.054545455 0.027667984 0.031746034 0.069958851 0.023622047 0.136212617 0.106529206 0.127516776 0.000000000
0.110132158 0.015625000 0.008000000 0.049056605 0.038167939 0.020242915 0.028571429 0.056179777 0.019455252 0.070110701 0.041825093 0.066666670 0.015625000 0.000000000 0.183098584 0.038167939 0.008000000 0.049056605 0.058823530 0.070110701 0.037037037 0.011764706 0.020242915 0.028571429 0.049056605 0.070110701 0.012048192 0.016129032 0.054393306 0.008000000 0.151515156 0.121951222 0.142857149 0.015625000
0.074468084 0.198156685 0.175355449 0.230088502 0.219730943 0.163461536 0.155339807 0.236842111 0.201834857 0.250000000 0.223214284 0.246753246 0.198156685 0.183098584 0.000000000 0.219730943 0.175355449 0.230088502 0.125628144 0.250000000 0.147058830 0.194444448 0.163461536 0.155339807 0.230088502 0.250000000 0.171428576 0.167464122 0.129999995 0.175355449 0.325581402 0.298387110 0.317647070 0.198156685
0.147679329 0.022556391 0.046153847 0.010909091 0.000000000 0.058365759 0.066666670 0.018050542 0.018726591 0.032028470 0.003663004 0.028571429 0.022556391 0.038167939 0.219730943 0.000000000 0.046153847 0.010909091 0.096774191 0.032028470 0.075098813 0.026415095 0.058365759 0.066666670 0.010909091 0.032028470 0.050193049 0.054263566 0.092369474 0.046153847 0.114006512 0.084175088 0.105263159 0.022556391
0.102222219 0.023622047 0.000000000 0.057034221 0.046153847 0.012244898 0.020576132 0.064150944 0.027450981 0.078066915 0.049808428 0.074626863 0.023622047 0.008000000 0.175355449 0.046153847 0.000000000 0.057034221 0.050847456 0.078066915 0.029045643 0.019762846 0.012244898 0.020576132 0.057034221 0.078066915 0.004048583 0.008130081 0.046413504 0.000000000 0.159322038 0.129824564 0.150684938 0.023622047
0.158333331 0.033457249 0.057034221 0.000000000 0.010909091 0.069230773 0.077519380 0.007142857 0.029629629 0.021126760 0.007246377 0.017667845 0.033457249 0.049056605 0.230088502 0.010909091 0.057034221 0.000000000 0.107569724 0.021126760 0.085937500 0.037313432 0.069230773 0.077519380 0.000000000 0.021126760 0.061068702 0.065134101 0.103174604 0.057034221 0.103225805 0.073333330 0.094462544 0.033457249
0.051643193 0.074380167 0.050847456 0.107569724 0.096774191 0.038626611 0.030303031 0.114624508 0.078189299 0.128404662 0.100401610 0.125000000 0.074380167 0.058823530 0.125628144 0.096774191 0.050847456 0.107569724 0.000000000 0.128404662 0.021834061 0.070539422 0.038626611 0.030303031 0.107569724 0.128404662 0.046808511 0.042735044 0.004444445 0.050847456 0.208480567 0.179487184 0.200000003 0.074380167
0.178861782 0.054545455 0.078066915 0.021126760 0.032028470 0.090225562 0.098484851 0.013986014 0.050724637 0.000000000 0.028368793 0.003460208 0.054545455 0.070110701 0.250000000 0.032028470 0.078066915 0.021126760 0.128404662 0.000000000 0.106870227 0.058394160 0.090225562 0.098484851 0.021126760 0.000000000 0.082089551 0.086142324 0.124031007 0.078066915 0.082278483 0.052287582 0.073482431 0.054545455
0.073394492 0.052631579 0.029045643 0.085937500 0.075098813 0.016806724 0.008474576 0.093023255 0.056451611 0.106870227 0.078740157 0.103448279 0.052631579 0.037037037 0.147058830 0.075098813 0.029045643 0.085937500 0.021834061 0.106870227 0.000000000 0.048780486 0.016806724 0.008474576 0.085937500 0.106870227 0.025000000 0.020920502 0.017391304 0.029045643 0.187500000 0.158273384 0.178947374 0.052631579
0.121739127 0.003861004 0.019762846 0.037313432 0.026415095 0.032000002 0.040322579 0.044444446 0.007692308 0.058394160 0.030075189 0.054945055 0.003861004 0.011764706 0.194444448 0.026415095 0.019762846 0.037313432 0.070539422 0.058394160 0.048780486 0.000000000 0.032000002 0.040322579 0.037313432 0.058394160 0.023809524 0.027888447 0.066115700 0.019762846 0.140000001 0.110344827 0.131313130 0.003861004
0.090090089 0.035856575 0.012244898 0.069230773 0.058365759 0.000000000 0.008333334 0.076335877 0.039682541 0.090225562 0.062015504 0.086792454 0.035856575 0.020242915 0.163461536 0.058365759 0.012244898 0.069230773 0.038626611 0.090225562 0.016806724 0.032000002 0.000000000 0.008333334 0.069230773 0.090225562 0.008196721 0.004115226 0.034188036 0.012244898 0.171232879 0.141843975 0.162629753 0.035856575
0.081818178 0.044176705 0.020576132 0.077519380 0.066666670 0.008333334 0.000000000 0.084615387 0.048000000 0.098484851 0.070312500 0.095057033 0.044176705 0.028571429 0.155339807 0.066666670 0.020576132 0.077519380 0.030303031 0.098484851 0.008474576 0.040322579 0.008333334 0.000000000 0.077519380 0.098484851 0.016528925 0.012448133 0.025862070 0.020576132 0.179310352 0.150000006 0.170731708 0.044176705
0.158333331 0.033457249 0.057034221 0.000000000 0.010909091 0.069230773 0.077519380 0.007142857 0.029629629 0.021126760 0.007246377 0.017667845 0.033457249 0.049056605 0.230088502 0.010909091 0.057034221 0.000000000 0.107569724 0.021126760 0.085937500 0.037313432 0.069230773 0.077519380 0.000000000 0.021126760 0.061068702 0.065134101 0.103174604 0.057034221 0.103225805 0.073333330 0.094462544 0.033457249
0.178861782 0.054545455 0.078066915 0.021126760 0.032028470 0.090225562 0.098484851 0.013986014 0.050724637 0.000000000 0.028368793 0.003460208 0.054545455 0.070110701 0.250000000 0.032028470 0.078066915 0.021126760 0.128404662 0.000000000 0.106870227 0.058394160 0.090225562 0.098484851 0.021126760 0.000000000 0.082089551 0.086142324 0.124031007 0.078066915 0.082278483 0.052287582 0.073482431 0.054545455
0.098214284 0.027667984 0.004048583 0.061068702 0.050193049 0.008196721 0.016528925 0.068181820 0.031496063 0.082089551 0.053846154 0.078651689 0.027667984 0.012048192 0.171428576 0.050193049 0.004048583 0.061068702 0.046808511 0.082089551 0.025000000 0.023809524 0.008196721 0.016528925 0.061068702 0.082089551 0.000000000 0.004081632 0.042372882 0.004048583 0.163265303 0.133802816 0.154639170 0.027667984
0.094170406 0.031746034 0.008130081 0.065134101 0.054263566 0.004115226 0.012448133 0.072243348 0.035573121 0.086142324 0.057915058 0.082706764 0.031746034 0.016129032 0.167464122 0.054263566 0.008130081 0.065134101 0.042735044 0.086142324 0.020920502 0.027888447 0.004115226 0.012448133 0.065134101 0.086142324 0.004081632 0.000000000 0.038297873 0.008130081 0.167235494 0.137809187 0.158620685 0.031746034
0.056074765 0.069958851 0.046413504 0.103174604 0.092369474 0.034188036 0.025862070 0.110236220 0.073770493 0.124031007 0.096000001 0.120622568 0.069958851 0.054393306 0.129999995 0.092369474 0.046413504 0.103174604 0.004444445 0.124031007 0.017391304 0.066115700 0.034188036 0.025862070 0.103174604 0.124031007 0.042372882 0.038297873 0.000000000 0.046413504 0.204225346 0.175182477 0.195729539 0.069958851
0.102222219 0.023622047 0.000000000 0.057034221 0.046153847 0.012244898 0.020576132 0.064150944 0.027450981 0.078066915 0.049808428 0.074626863 0.023622047 0.008000000 0.175355449 0.046153847 0.000000000 0.057034221 0.050847456 0.078066915 0.029045643 0.019762846 0.012244898 0.020576132 0.057034221 0.078066915 0.004048583 0.008130081 0.046413504 0.000000000 0.159322038 0.129824564 0.150684938 0.023622047
0.257352948 0.136212617 0.159322038 0.103225805 0.114006512 0.171232879 0.179310352 0.096153848 0.132450327 0.082278483 0.110389613 0.085714288 0.136212617 0.151515156 0.325581402 0.114006512 0.159322038 0.103225805 0.208480567 0.082278483 0.187500000 0.140000001 0.171232879 0.179310352 0.103225805 0.082278483 0.163265303 0.167235494 0.204225346 0.159322038 0.000000000 0.030120483 0.008849557 0.136212617
0.229007632 0.106529206 0.129824564 0.073333330 0.084175088 0.141843975 0.150000006 0.066225164 0.102739729 0.052287582 0.080536909 0.055737704 0.106529206 0.121951222 0.298387110 0.084175088 0.129824564 0.073333330 0.179487184 0.052287582 0.158273384 0.110344827 0.141843975 0.150000006 0.073333330 0.052287582 0.133802816 0.137809187 0.175182477 0.129824564 0.030120483 0.000000000 0.021276595 0.106529206
0.249070629 0.127516776 0.150684938 0.094462544 0.105263159 0.162629753 0.170731708 0.087378643 0.123745821 0.073482431 0.101639345 0.076923080 0.127516776 0.142857149 0.317647070 0.105263159 0.150684938 0.094462544 0.200000003 0.073482431 0.178947374 0.131313130 0.162629753 0.170731708 0.094462544 0.073482431 0.154639170 0.158620685 0.195729539 0.150684938 0.008849557 0.021276595 0.000000000 0.127516776
0.125541121 0.000000000 0.023622047 0.033457249 0.022556391 0.035856575 0.044176705 0.040590405 0.003831418 0.054545455 0.026217228 0.051094890 0.000000000 0.015625000 0.198156685 0.022556391 0.023622047 0.033457249 0.074380167 0.054545455 0.052631579 0.003861004 0.035856575 0.044176705 0.033457249 0.054545455 0.027667984 0.031746034 0.069958851 0.023622047 0.136212617 0.106529206 0.127516776 0.000000000
