0.000000000 0.192982450 0.041666668 0.174887896 0.127962083 0.152073726 0.123809524 0.167420819 0.144186050 0.167420819 0.196506545 0.185840711 0.226890758 0.152073726 0.000000000 0.056410257 0.079999998 0.217021272 0.178571433 0.200000003 0.084577113 0.115384616 0.089108914 0.140186921 0.159817353 0.189427316 0.111111112 0.106796116 0.089108914 0.111111112 0.297709912 0.203463197 0.005405406 0.136150241
0.192982450 0.000000000 0.152542368 0.018726591 0.066666670 0.042145595 0.070866145 0.026415095 0.050193049 0.026415095 0.003663004 0.007407407 0.035460994 0.042145595 0.192982450 0.138075307 0.114754096 0.025089607 0.014925373 0.007299270 0.110204078 0.079365082 0.105691060 0.054263566 0.034220532 0.003690037 0.083665341 0.088000000 0.105691060 0.083665341 0.111111112 0.010909091 0.187772930 0.058365759
0.041666668 0.152542368 0.000000000 0.134199128 0.086757988 0.111111112 0.082568809 0.126637548 0.103139013 0.126637548 0.156118140 0.145299152 0.186991870 0.111111112 0.041666668 0.014778325 0.038461540 0.176954731 0.137931034 0.159663871 0.043062203 0.074074075 0.047619049 0.099099100 0.118942730 0.148936167 0.069767445 0.065420561 0.047619049 0.069767445 0.259259254 0.163179919 0.036269430 0.095022626
0.174887896 0.018726591 0.134199128 0.000000000 0.048000000 0.023437500 0.052208837 0.007692308 0.031496063 0.007692308 0.022388060 0.011320755 0.054151624 0.023437500 0.174887896 0.119658120 0.096234307 0.043795619 0.003802281 0.026022306 0.091666669 0.060728744 0.087136932 0.035573121 0.015503876 0.015037594 0.065040648 0.069387756 0.087136932 0.065040648 0.129568100 0.029629629 0.169642851 0.039682541
0.127962083 0.066666670 0.086757988 0.048000000 0.000000000 0.024590164 0.004219409 0.040322579 0.016528925 0.040322579 0.070312500 0.059288539 0.101886794 0.024590164 0.127962083 0.072072074 0.048458152 0.091603056 0.051792830 0.073929958 0.043859649 0.012765957 0.039301310 0.012448133 0.032520324 0.062992126 0.017094018 0.021459227 0.039301310 0.017094018 0.176470593 0.077519380 0.122641511 0.008333334
0.152073726 0.042145595 0.111111112 0.023437500 0.024590164 0.000000000 0.028806584 0.015748031 0.008064516 0.015748031 0.045801528 0.034749035 0.077490777 0.000000000 0.152073726 0.096491225 0.072961375 0.067164183 0.027237354 0.049429659 0.068376072 0.037344400 0.063829787 0.012145749 0.007936508 0.038461540 0.041666668 0.046025105 0.063829787 0.041666668 0.152542368 0.053030305 0.146788985 0.016260162
0.123809524 0.070866145 0.082568809 0.052208837 0.004219409 0.028806584 0.000000000 0.044534411 0.020746889 0.044534411 0.074509807 0.063492067 0.106060609 0.028806584 0.123809524 0.067873307 0.044247787 0.095785439 0.056000002 0.078125000 0.039647575 0.008547009 0.035087720 0.016666668 0.036734693 0.067193680 0.012875536 0.017241379 0.035087720 0.012875536 0.180555552 0.081712060 0.118483409 0.012552301
0.167420819 0.026415095 0.126637548 0.007692308 0.040322579 0.015748031 0.044534411 0.000000000 0.023809524 0.000000000 0.030075189 0.019011406 0.061818182 0.015748031 0.167420819 0.112068966 0.088607594 0.051470589 0.011494253 0.033707865 0.084033616 0.053061225 0.079497911 0.027888447 0.007812500 0.022727273 0.057377048 0.061728396 0.079497911 0.057377048 0.137123749 0.037313432 0.162162155 0.032000002
0.144186050 0.050193049 0.103139013 0.031496063 0.016528925 0.008064516 0.020746889 0.023809524 0.000000000 0.023809524 0.053846154 0.042801555 0.085501857 0.008064516 0.144186050 0.088495575 0.064935066 0.075187966 0.035294119 0.057471264 0.060344826 0.029288704 0.055793993 0.004081632 0.016000001 0.046511628 0.033613447 0.037974682 0.055793993 0.033613447 0.160409555 0.061068702 0.138888896 0.008196721
0.167420819 0.026415095 0.126637548 0.007692308 0.040322579 0.015748031 0.044534411 0.000000000 0.023809524 0.000000000 0.030075189 0.019011406 0.061818182 0.015748031 0.167420819 0.112068966 0.088607594 0.051470589 0.011494253 0.033707865 0.084033616 0.053061225 0.079497911 0.027888447 0.007812500 0.022727273 0.057377048 0.061728396 0.079497911 0.057377048 0.137123749 0.037313432 0.162162155 0.032000002
0.196506545 0.003663004 0.156118140 0.022388060 0.070312500 0.045801528 0.074509807 0.030075189 0.053846154 0.030075189 0.000000000 0.011070111 0.031802122 0.045801528 0.196506545 0.141666666 0.118367344 0.021428572 0.018587360 0.003636364 0.113821141 0.083003953 0.109311745 0.057915058 0.037878789 0.007352941 0.087301590 0.091633469 0.109311745 0.087301590 0.107491858 0.007246377 0.191304341 0.062015504
0.185840711 0.007407407 0.145299152 0.011320755 0.059288539 0.034749035 0.063492067 0.019011406 0.042801555 0.019011406 0.011070111 0.000000000 0.042857144 0.034749035 0.185840711 0.130801693 0.107438013 0.032490976 0.007518797 0.014705882 0.102880657 0.071999997 0.098360658 0.046875000 0.026819924 0.003717472 0.076305218 0.080645159 0.098360658 0.076305218 0.118421055 0.018315019 0.180616736 0.050980393
0.226890758 0.035460994 0.186991870 0.054151624 0.101886794 0.077490777 0.106060609 0.061818182 0.085501857 0.061818182 0.031802122 0.042857144 0.000000000 0.077490777 0.226890758 0.172690764 0.149606302 0.010380623 0.050359711 0.028169014 0.145098045 0.114503816 0.140625000 0.089552239 0.069597073 0.039145909 0.118773945 0.123076923 0.140625000 0.118773945 0.075949363 0.024561403 0.221757323 0.093632959
0.152073726 0.042145595 0.111111112 0.023437500 0.024590164 0.000000000 0.028806584 0.015748031 0.008064516 0.015748031 0.045801528 0.034749035 0.077490777 0.000000000 0.152073726 0.096491225 0.072961375 0.067164183 0.027237354 0.049429659 0.068376072 0.037344400 0.063829787 0.012145749 0.007936508 0.038461540 0.041666668 0.046025105 0.063829787 0.041666668 0.152542368 0.053030305 0.146788985 0.016260162
0.000000000 0.192982450 0.041666668 0.174887896 0.127962083 0.152073726 0.123809524 0.167420819 0.144186050 0.167420819 0.196506545 0.185840711 0.226890758 0.152073726 0.000000000 0.056410257 0.079999998 0.217021272 0.178571433 0.200000003 0.084577113 0.115384616 0.089108914 0.140186921 0.159817353 0.189427316 0.111111112 0.106796116 0.089108914 0.111111112 0.297709912 0.203463197 0.005405406 0.136150241
0.056410257 0.138075307 0.014778325 0.119658120 0.072072074 0.096491225 0.067873307 0.112068966 0.088495575 0.112068966 0.141666666 0.130801693 0.172690764 0.096491225 0.056410257 0.000000000 0.023696683 0.162601620 0.123404257 0.145228222 0.028301887 0.059360731 0.032863848 0.084444441 0.104347825 0.134453788 0.055045873 0.050691243 0.032863848 0.055045873 0.245421246 0.148760334 0.051020410 0.080357142
0.079999998 0.114754096 0.038461540 0.096234307 0.048458152 0.072961375 0.044247787 0.088607594 0.064935066 0.088607594 0.118367344 0.107438013 0.149606302 0.072961375 0.079999998 0.023696683 0.000000000 0.139442235 0.100000001 0.121951222 0.004608295 0.035714287 0.009174312 0.060869563 0.080851063 0.111111112 0.031390134 0.027027028 0.009174312 0.031390134 0.223021582 0.125506073 0.074626863 0.056768559
0.217021272 0.025089607 0.176954731 0.043795619 0.091603056 0.067164183 0.095785439 0.051470589 0.075187966 0.051470589 0.021428572 0.032490976 0.010380623 0.067164183 0.217021272 0.162601620 0.139442235 0.000000000 0.039999999 0.017793594 0.134920642 0.104247101 0.130434781 0.079245284 0.059259258 0.028776979 0.108527131 0.112840466 0.130434781 0.108527131 0.086261980 0.014184397 0.211864412 0.083333336
0.178571433 0.014925373 0.137931034 0.003802281 0.051792830 0.027237354 0.056000002 0.011494253 0.035294119 0.011494253 0.018587360 0.007518797 0.050359711 0.027237354 0.178571433 0.123404257 0.100000001 0.039999999 0.000000000 0.022222223 0.095435686 0.064516127 0.090909094 0.039370079 0.019305019 0.011235955 0.068825908 0.073170729 0.090909094 0.068825908 0.125827819 0.025830258 0.173333332 0.043478262
0.200000003 0.007299270 0.159663871 0.026022306 0.073929958 0.049429659 0.078125000 0.033707865 0.057471264 0.033707865 0.003636364 0.014705882 0.028169014 0.049429659 0.200000003 0.145228222 0.121951222 0.017793594 0.022222223 0.000000000 0.117408909 0.086614177 0.112903222 0.061538462 0.041509435 0.010989011 0.090909094 0.095238097 0.112903222 0.090909094 0.103896104 0.003610108 0.194805190 0.065637067
0.084577113 0.110204078 0.043062203 0.091666669 0.043859649 0.068376072 0.039647575 0.084033616 0.060344826 0.084033616 0.113821141 0.102880657 0.145098045 0.068376072 0.084577113 0.028301887 0.004608295 0.134920642 0.095435686 0.117408909 0.000000000 0.031111112 0.004566210 0.056277055 0.076271184 0.106557377 0.026785715 0.022421524 0.004566210 0.026785715 0.218637988 0.120967738 0.079207920 0.052173913
0.115384616 0.079365082 0.074074075 0.060728744 0.012765957 0.037344400 0.008547009 0.053061225 0.029288704 0.053061225 0.083003953 0.071999997 0.114503816 0.037344400 0.115384616 0.059360731 0.035714287 0.104247101 0.064516127 0.086614177 0.031111112 0.000000000 0.026548672 0.025210084 0.045267489 0.075697213 0.004329004 0.008695652 0.026548672 0.004329004 0.188811183 0.090196081 0.110047847 0.021097047
0.089108914 0.105691060 0.047619049 0.087136932 0.039301310 0.063829787 0.035087720 0.079497911 0.055793993 0.079497911 0.109311745 0.098360658 0.140625000 0.063829787 0.089108914 0.032863848 0.009174312 0.130434781 0.090909094 0.112903222 0.004566210 0.026548672 0.000000000 0.051724140 0.071729958 0.102040820 0.022222223 0.017857144 0.000000000 0.022222223 0.214285716 0.116465867 0.083743840 0.047619049
0.140186921 0.054263566 0.099099100 0.035573121 0.012448133 0.012145749 0.016666668 0.027888447 0.004081632 0.027888447 0.057915058 0.046875000 0.089552239 0.012145749 0.140186921 0.084444441 0.060869563 0.079245284 0.039370079 0.061538462 0.056277055 0.025210084 0.051724140 0.000000000 0.020080321 0.050583657 0.029535865 0.033898305 0.051724140 0.029535865 0.164383560 0.065134101 0.134883717 0.004115226
0.159817353 0.034220532 0.118942730 0.015503876 0.032520324 0.007936508 0.036734693 0.007812500 0.016000001 0.007812500 0.037878789 0.026819924 0.069597073 0.007936508 0.159817353 0.104347825 0.080851063 0.059259258 0.019305019 0.041509435 0.076271184 0.045267489 0.071729958 0.020080321 0.000000000 0.030534351 0.049586777 0.053941909 0.071729958 0.049586777 0.144781142 0.045112781 0.154545456 0.024193548
0.189427316 0.003690037 0.148936167 0.015037594 0.062992126 0.038461540 0.067193680 0.022727273 0.046511628 0.022727273 0.007352941 0.003717472 0.039145909 0.038461540 0.189427316 0.134453788 0.111111112 0.028776979 0.011235955 0.010989011 0.106557377 0.075697213 0.102040820 0.050583657 0.030534351 0.000000000 0.079999998 0.084337346 0.102040820 0.079999998 0.114754096 0.014598540 0.184210524 0.054687500
0.111111112 0.083665341 0.069767445 0.065040648 0.017094018 0.041666668 0.012875536 0.057377048 0.033613447 0.057377048 0.087301590 0.076305218 0.118773945 0.041666668 0.111111112 0.055045873 0.031390134 0.108527131 0.068825908 0.090909094 0.026785715 0.004329004 0.022222223 0.029535865 0.049586777 0.079999998 0.000000000 0.004366812 0.022222223 0.000000000 0.192982450 0.094488189 0.105769232 0.025423728
0.106796116 0.088000000 0.065420561 0.069387756 0.021459227 0.046025105 0.017241379 0.061728396 0.037974682 0.061728396 0.091633469 0.080645159 0.123076923 0.046025105 0.106796116 0.050691243 0.027027028 0.112840466 0.073170729 0.095238097 0.022421524 0.008695652 0.017857144 0.033898305 0.053941909 0.084337346 0.004366812 0.000000000 0.017857144 0.004366812 0.197183102 0.098814227 0.101449274 0.029787235
0.089108914 0.105691060 0.047619049 0.087136932 0.039301310 0.063829787 0.035087720 0.079497911 0.055793993 0.079497911 0.109311745 0.098360658 0.140625000 0.063829787 0.089108914 0.032863848 0.009174312 0.130434781 0.090909094 0.112903222 0.004566210 0.026548672 0.000000000 0.051724140 0.071729958 0.102040820 0.022222223 0.017857144 0.000000000 0.022222223 0.214285716 0.116465867 0.083743840 0.047619049
0.111111112 0.083665341 0.069767445 0.065040648 0.017094018 0.041666668 0.012875536 0.057377048 0.033613447 0.057377048 0.087301590 0.076305218 0.118773945 0.041666668 0.111111112 0.055045873 0.031390134 0.108527131 0.068825908 0.090909094 0.026785715 0.004329004 0.022222223 0.029535865 0.049586777 0.079999998 0.000000000 0.004366812 0.022222223 0.000000000 0.192982450 0.094488189 0.105769232 0.025423728
0.297709912 0.111111112 0.259259254 0.129568100 0.176470593 0.152542368 0.180555552 0.137123749 0.160409555 0.137123749 0.107491858 0.118421055 0.075949363 0.152542368 0.297709912 0.245421246 0.223021582 0.086261980 0.125827819 0.103896104 0.218637988 0.188811183 0.214285716 0.164383560 0.144781142 0.114754096 0.192982450 0.197183102 0.214285716 0.192982450 0.000000000 0.100323625 0.292775661 0.168384880
0.203463197 0.010909091 0.163179919 0.029629629 0.077519380 0.053030305 0.081712060 0.037313432 0.061068702 0.037313432 0.007246377 0.018315019 0.024561403 0.053030305 0.203463197 0.148760334 0.125506073 0.014184397 0.025830258 0.003610108 0.120967738 0.090196081 0.116465867 0.065134101 0.045112781 0.014598540 0.094488189 0.098814227 0.116465867 0.094488189 0.100323625 0.000000000 0.198275864 0.069230773
0.005405406 0.187772930 0.036269430 0.169642851 0.122641511 0.146788985 0.118483409 0.162162155 0.138888896 0.162162155 0.191304341 0.180616736 0.221757323 0.146788985 0.005405406 0.051020410 0.074626863 0.211864412 0.173333332 0.194805190 0.079207920 0.110047847 0.083743840 0.134883717 0.154545456 0.184210524 0.105769232 0.101449274 0.083743840 0.105769232 0.292775661 0.198275864 0.000000000 0.130841121
0.136150241 0.058365759 0.095022626 0.039682541 0.008333334 0.016260162 0.012552301 0.032000002 0.008196721 0.032000002 0.062015504 0.050980393 0.093632959 0.016260162 0.136150241 0.080357142 0.056768559 0.083333336 0.043478262 0.065637067 0.052173913 0.021097047 0.047619049 0.004115226 0.024193548 0.054687500 0.025423728 0.029787235 0.047619049 0.025423728 0.168384880 0.069230773 0.130841121 0.000000000
