0.000000000 0.241379306 0.185185179 0.327510923 0.293577969 0.197916672 0.230000004 0.218274117 0.176470593 0.263157904 0.241379306 0.270142168 0.270142168 0.237623766 0.158469945 0.119999997 0.176470593 0.259615391 0.185185179 0.226130649 0.104651161 0.197916672 0.114942528 0.189473689 0.344680846 0.263157904 0.189473689 0.197916672 0.104651161 0.189473689 0.327510923 0.330434769 0.202072546 0.189473689
0.241379306 0.000000000 0.058823530 0.093525179 0.056179777 0.045643155 0.012048192 0.024390243 0.067796610 0.023255814 0.000000000 0.030769231 0.030769231 0.003984064 0.086206898 0.125000000 0.067796610 0.019455252 0.058823530 0.016129032 0.140271500 0.045643155 0.130044848 0.054393306 0.112676054 0.023255814 0.054393306 0.045643155 0.140271500 0.054393306 0.093525179 0.096774191 0.041322313 0.054393306
0.185185179 0.058823530 0.000000000 0.151515156 0.114624508 0.013215859 0.046808511 0.034482758 0.009009009 0.081967212 0.058823530 0.089430891 0.089430891 0.054852322 0.027522936 0.066666670 0.009009009 0.078189299 0.000000000 0.042735044 0.082125604 0.013215859 0.071770333 0.004444445 0.170370370 0.081967212 0.004444445 0.013215859 0.082125604 0.004444445 0.151515156 0.154716983 0.017543860 0.004444445
0.327510923 0.093525179 0.151515156 0.000000000 0.037542664 0.138576776 0.105454542 0.117647059 0.160305336 0.070422538 0.093525179 0.062937066 0.062937066 0.097472921 0.178294569 0.216000006 0.160305336 0.074204944 0.151515156 0.109489053 0.230769232 0.138576776 0.220883533 0.147169814 0.019354839 0.070422538 0.147169814 0.138576776 0.230769232 0.147169814 0.000000000 0.003278689 0.134328365 0.147169814
0.293577969 0.056179777 0.114624508 0.037542664 0.000000000 0.101562500 0.068181820 0.080459774 0.123505980 0.032967035 0.056179777 0.025454545 0.025454545 0.060150377 0.141700402 0.179916322 0.123505980 0.036764707 0.114624508 0.072243348 0.194915250 0.101562500 0.184873953 0.110236220 0.056856189 0.032967035 0.110236220 0.101562500 0.194915250 0.110236220 0.037542664 0.040816326 0.097276263 0.110236220
0.197916672 0.045643155 0.013215859 0.138576776 0.101562500 0.000000000 0.033613447 0.021276595 0.022222223 0.068825908 0.045643155 0.076305218 0.076305218 0.041666668 0.040723983 0.079812206 0.022222223 0.065040648 0.013215859 0.029535865 0.095238097 0.000000000 0.084905662 0.008771930 0.157509163 0.068825908 0.008771930 0.000000000 0.095238097 0.008771930 0.138576776 0.141791046 0.004329004 0.008771930
0.230000004 0.012048192 0.046808511 0.105454542 0.068181820 0.033613447 0.000000000 0.012345679 0.055793993 0.035294119 0.012048192 0.042801555 0.042801555 0.008064516 0.074235804 0.113122173 0.055793993 0.031496063 0.046808511 0.004081632 0.128440365 0.033613447 0.118181817 0.042372882 0.124555163 0.035294119 0.042372882 0.033613447 0.128440365 0.042372882 0.105454542 0.108695649 0.029288704 0.042372882
0.218274117 0.024390243 0.034482758 0.117647059 0.080459774 0.021276595 0.012345679 0.000000000 0.043478262 0.047619049 0.024390243 0.055118110 0.055118110 0.020408163 0.061946902 0.100917429 0.043478262 0.043824703 0.034482758 0.008264462 0.116279073 0.021276595 0.105990782 0.030042918 0.136690646 0.047619049 0.030042918 0.021276595 0.116279073 0.030042918 0.117647059 0.120879121 0.016949153 0.030042918
0.176470593 0.067796610 0.009009009 0.160305336 0.123505980 0.022222223 0.055793993 0.043478262 0.000000000 0.090909094 0.067796610 0.098360658 0.098360658 0.063829787 0.018518519 0.057692308 0.000000000 0.087136932 0.009009009 0.051724140 0.073170729 0.022222223 0.062801935 0.013452915 0.179104477 0.090909094 0.013452915 0.022222223 0.073170729 0.013452915 0.160305336 0.163498104 0.026548672 0.013452915
0.263157904 0.023255814 0.081967212 0.070422538 0.032967035 0.068825908 0.035294119 0.047619049 0.090909094 0.000000000 0.023255814 0.007518797 0.007518797 0.027237354 0.109243698 0.147826090 0.090909094 0.003802281 0.081967212 0.039370079 0.162995592 0.068825908 0.152838424 0.077551022 0.089655176 0.000000000 0.077551022 0.068825908 0.162995592 0.077551022 0.070422538 0.073684208 0.064516127 0.077551022
0.241379306 0.000000000 0.058823530 0.093525179 0.056179777 0.045643155 0.012048192 0.024390243 0.067796610 0.023255814 0.000000000 0.030769231 0.030769231 0.003984064 0.086206898 0.125000000 0.067796610 0.019455252 0.058823530 0.016129032 0.140271500 0.045643155 0.130044848 0.054393306 0.112676054 0.023255814 0.054393306 0.045643155 0.140271500 0.054393306 0.093525179 0.096774191 0.041322313 0.054393306
0.270142168 0.030769231 0.089430891 0.062937066 0.025454545 0.076305218 0.042801555 0.055118110 0.098360658 0.007518797 0.030769231 0.000000000 0.000000000 0.034749035 0.116666667 0.155172408 0.098360658 0.011320755 0.089430891 0.046875000 0.170305684 0.076305218 0.160173163 0.085020244 0.082191780 0.007518797 0.085020244 0.076305218 0.170305684 0.085020244 0.062937066 0.066202089 0.071999997 0.085020244
0.270142168 0.030769231 0.089430891 0.062937066 0.025454545 0.076305218 0.042801555 0.055118110 0.098360658 0.007518797 0.030769231 0.000000000 0.000000000 0.034749035 0.116666667 0.155172408 0.098360658 0.011320755 0.089430891 0.046875000 0.170305684 0.076305218 0.160173163 0.085020244 0.082191780 0.007518797 0.085020244 0.076305218 0.170305684 0.085020244 0.062937066 0.066202089 0.071999997 0.085020244
0.237623766 0.003984064 0.054852322 0.097472921 0.060150377 0.041666668 0.008064516 0.020408163 0.063829787 0.027237354 0.003984064 0.034749035 0.034749035 0.000000000 0.082251079 0.121076234 0.063829787 0.023437500 0.054852322 0.012145749 0.136363640 0.041666668 0.126126125 0.050420169 0.116607770 0.027237354 0.050420169 0.041666668 0.136363640 0.050420169 0.097472921 0.100719422 0.037344400 0.050420169
0.158469945 0.086206898 0.027522936 0.178294569 0.141700402 0.040723983 0.074235804 0.061946902 0.018518519 0.109243698 0.086206898 0.116666667 0.116666667 0.082251079 0.000000000 0.039215688 0.018518519 0.105485231 0.027522936 0.070175439 0.054726370 0.040723983 0.044334974 0.031963471 0.196969703 0.109243698 0.031963471 0.040723983 0.054726370 0.031963471 0.178294569 0.181467175 0.045045044 0.031963471
0.119999997 0.125000000 0.066666670 0.216000006 0.179916322 0.079812206 0.113122173 0.100917429 0.057692308 0.147826090 0.125000000 0.155172408 0.155172408 0.121076234 0.039215688 0.000000000 0.057692308 0.144104809 0.066666670 0.109090909 0.015544041 0.079812206 0.005128205 0.071090050 0.234375000 0.147826090 0.071090050 0.079812206 0.015544041 0.071090050 0.216000006 0.219123513 0.084112152 0.071090050
0.176470593 0.067796610 0.009009009 0.160305336 0.123505980 0.022222223 0.055793993 0.043478262 0.000000000 0.090909094 0.067796610 0.098360658 0.098360658 0.063829787 0.018518519 0.057692308 0.000000000 0.087136932 0.009009009 0.051724140 0.073170729 0.022222223 0.062801935 0.013452915 0.179104477 0.090909094 0.013452915 0.022222223 0.073170729 0.013452915 0.160305336 0.163498104 0.026548672 0.013452915
0.259615391 0.019455252 0.078189299 0.074204944 0.036764707 0.065040648 0.031496063 0.043824703 0.087136932 0.003802281 0.019455252 0.011320755 0.011320755 0.023437500 0.105485231 0.144104809 0.087136932 0.000000000 0.078189299 0.035573121 0.159292042 0.065040648 0.149122804 0.073770493 0.093425609 0.003802281 0.073770493 0.065040648 0.159292042 0.073770493 0.074204944 0.077464789 0.060728744 0.073770493
0.185185179 0.058823530 0.000000000 0.151515156 0.114624508 0.013215859 0.046808511 0.034482758 0.009009009 0.081967212 0.058823530 0.089430891 0.089430891 0.054852322 0.027522936 0.066666670 0.009009009 0.078189299 0.000000000 0.042735044 0.082125604 0.013215859 0.071770333 0.004444445 0.170370370 0.081967212 0.004444445 0.013215859 0.082125604 0.004444445 0.151515156 0.154716983 0.017543860 0.004444445
0.226130649 0.016129032 0.042735044 0.109489053 0.072243348 0.029535865 0.004081632 0.008264462 0.051724140 0.039370079 0.016129032 0.046875000 0.046875000 0.012145749 0.070175439 0.109090909 0.051724140 0.035573121 0.042735044 0.000000000 0.124423966 0.029535865 0.114155248 0.038297873 0.128571436 0.039370079 0.038297873 0.029535865 0.124423966 0.038297873 0.109489053 0.112727270 0.025210084 0.038297873
0.104651161 0.140271500 0.082125604 0.230769232 0.194915250 0.095238097 0.128440365 0.116279073 0.073170729 0.162995592 0.140271500 0.170305684 0.170305684 0.136363640 0.054726370 0.015544041 0.073170729 0.159292042 0.082125604 0.124423966 0.000000000 0.095238097 0.010416667 0.086538464 0.249011859 0.162995592 0.086538464 0.095238097 0.000000000 0.086538464 0.230769232 0.233870968 0.099526070 0.086538464
0.197916672 0.045643155 0.013215859 0.138576776 0.101562500 0.000000000 0.033613447 0.021276595 0.022222223 0.068825908 0.045643155 0.076305218 0.076305218 0.041666668 0.040723983 0.079812206 0.022222223 0.065040648 0.013215859 0.029535865 0.095238097 0.000000000 0.084905662 0.008771930 0.157509163 0.068825908 0.008771930 0.000000000 0.095238097 0.008771930 0.138576776 0.141791046 0.004329004 0.008771930
0.114942528 0.130044848 0.071770333 0.220883533 0.184873953 0.084905662 0.118181817 0.105990782 0.062801935 0.152838424 0.130044848 0.160173163 0.160173163 0.126126125 0.044334974 0.005128205 0.062801935 0.149122804 0.071770333 0.114155248 0.010416667 0.084905662 0.000000000 0.076190479 0.239215687 0.152838424 0.076190479 0.084905662 0.010416667 0.076190479 0.220883533 0.224000007 0.089201875 0.076190479
0.189473689 0.054393306 0.004444445 0.147169814 0.110236220 0.008771930 0.042372882 0.030042918 0.013452915 0.077551022 0.054393306 0.085020244 0.085020244 0.050420169 0.031963471 0.071090050 0.013452915 0.073770493 0.004444445 0.038297873 0.086538464 0.008771930 0.076190479 0.000000000 0.166051656 0.077551022 0.000000000 0.008771930 0.086538464 0.000000000 0.147169814 0.150375932 0.013100437 0.000000000
0.344680846 0.112676054 0.170370370 0.019354839 0.056856189 0.157509163 0.124555163 0.136690646 0.179104477 0.089655176 0.112676054 0.082191780 0.082191780 0.116607770 0.196969703 0.234375000 0.179104477 0.093425609 0.170370370 0.128571436 0.249011859 0.157509163 0.239215687 0.166051656 0.000000000 0.089655176 0.166051656 0.157509163 0.249011859 0.166051656 0.019354839 0.016077170 0.153284669 0.166051656
0.263157904 0.023255814 0.081967212 0.070422538 0.032967035 0.068825908 0.035294119 0.047619049 0.090909094 0.000000000 0.023255814 0.007518797 0.007518797 0.027237354 0.109243698 0.147826090 0.090909094 0.003802281 0.081967212 0.039370079 0.162995592 0.068825908 0.152838424 0.077551022 0.089655176 0.000000000 0.077551022 0.068825908 0.162995592 0.077551022 0.070422538 0.073684208 0.064516127 0.077551022
0.189473689 0.054393306 0.004444445 0.147169814 0.110236220 0.008771930 0.042372882 0.030042918 0.013452915 0.077551022 0.054393306 0.085020244 0.085020244 0.050420169 0.031963471 0.071090050 0.013452915 0.073770493 0.004444445 0.038297873 0.086538464 0.008771930 0.076190479 0.000000000 0.166051656 0.077551022 0.000000000 0.008771930 0.086538464 0.000000000 0.147169814 0.150375932 0.013100437 0.000000000
0.197916672 0.045643155 0.013215859 0.138576776 0.101562500 0.000000000 0.033613447 0.021276595 0.022222223 0.068825908 0.045643155 0.076305218 0.076305218 0.041666668 0.040723983 0.079812206 0.022222223 0.065040648 0.013215859 0.029535865 0.095238097 0.000000000 0.084905662 0.008771930 0.157509163 0.068825908 0.008771930 0.000000000 0.095238097 0.008771930 0.138576776 0.141791046 0.004329004 0.008771930
0.104651161 0.140271500 0.082125604 0.230769232 0.194915250 0.095238097 0.128440365 0.116279073 0.073170729 0.162995592 0.140271500 0.170305684 0.170305684 0.136363640 0.054726370 0.015544041 0.073170729 0.159292042 0.082125604 0.124423966 0.000000000 0.095238097 0.010416667 0.086538464 0.249011859 0.162995592 0.086538464 0.095238097 0.000000000 0.086538464 0.230769232 0.233870968 0.099526070 0.086538464
0.189473689 0.054393306 0.004444445 0.147169814 0.110236220 0.008771930 0.042372882 0.030042918 0.013452915 0.077551022 0.054393306 0.085020244 0.085020244 0.050420169 0.031963471 0.071090050 0.013452915 0.073770493 0.004444445 0.038297873 0.086538464 0.008771930 0.076190479 0.000000000 0.166051656 0.077551022 0.000000000 0.008771930 0.086538464 0.000000000 0.147169814 0.150375932 0.013100437 0.000000000
0.327510923 0.093525179 0.151515156 0.000000000 0.037542664 0.138576776 0.105454542 0.117647059 0.160305336 0.070422538 0.093525179 0.062937066 0.062937066 0.097472921 0.178294569 0.216000006 0.160305336 0.074204944 0.151515156 0.109489053 0.230769232 0.138576776 0.220883533 0.147169814 0.019354839 0.070422538 0.147169814 0.138576776 0.230769232 0.147169814 0.000000000 0.003278689 0.134328365 0.147169814
0.330434769 0.096774191 0.154716983 0.003278689 0.040816326 0.141791046 0.108695649 0.120879121 0.163498104 0.073684208 0.096774191 0.066202089 0.066202089 0.100719422 0.181467175 0.219123513 0.163498104 0.077464789 0.154716983 0.112727270 0.233870968 0.141791046 0.224000007 0.150375932 0.016077170 0.073684208 0.150375932 0.141791046 0.233870968 0.150375932 0.003278689 0.000000000 0.137546465 0.150375932
0.202072546 0.041322313 0.017543860 0.134328365 0.097276263 0.004329004 0.029288704 0.016949153 0.026548672 0.064516127 0.041322313 0.071999997 0.071999997 0.037344400 0.045045044 0.084112152 0.026548672 0.060728744 0.017543860 0.025210084 0.099526070 0.004329004 0.089201875 0.013100437 0.153284669 0.064516127 0.013100437 0.004329004 0.099526070 0.013100437 0.134328365 0.137546465 0.000000000 0.013100437
0.189473689 0.054393306 0.004444445 0.147169814 0.110236220 0.008771930 0.042372882 0.030042918 0.013452915 0.077551022 0.054393306 0.085020244 0.085020244 0.050420169 0.031963471 0.071090050 0.013452915 0.073770493 0.004444445 0.038297873 0.086538464 0.008771930 0.076190479 0.000000000 0.166051656 0.077551022 0.000000000 0.008771930 0.086538464 0.000000000 0.147169814 0.150375932 0.013100437 0.000000000
