0.014368537 0.039893892 0.029677460 0.059447013 0.045937959 0.036627710 0.039505638 0.046301313 0.038441584 0.050770327 0.048738953 0.059118718 0.039201763 0.046107519 0.024505923 0.030053385 0.033590503 0.057283290 0.038379736 0.050010387 0.024322569 0.041780107 0.025121838 0.040035173 0.050108075 0.045296639 0.038501818 0.030292520 0.021851597 0.041493356 0.067928784 0.054252546 0.062169857 0.028571634
0.039893892 0.019620929 0.023424078 0.037139330 0.025873959 0.014957769 0.017304173 0.020215156 0.025684720 0.027177837 0.020148838 0.028683325 0.016038571 0.020293992 0.025242865 0.023664391 0.022722315 0.029085547 0.020387601 0.038272683 0.025876854 0.020277904 0.023992553 0.018545626 0.017156841 0.023271792 0.019974208 0.019733135 0.020977359 0.021294823 0.044369437 0.027726045 0.027504770 0.025802884
0.029677460 0.023424078 0.000058077 0.038956240 0.018768102 0.012874261 0.013038740 0.020688644 0.014941283 0.030628186 0.024539167 0.037515551 0.019026823 0.019819990 0.018848637 0.014573656 0.014804462 0.032911286 0.014301972 0.025237579 0.006143851 0.017815631 0.013044552 0.014516917 0.027247593 0.025202421 0.016050590 0.008161308 0.009629934 0.017912710 0.043255419 0.029664468 0.028655646 0.011219423
0.059447013 0.037139330 0.038956240 0.014275914 0.032152358 0.026374105 0.028054167 0.029737998 0.032486778 0.019339960 0.019280467 0.018913064 0.022242453 0.034272153 0.051756307 0.050006624 0.034085475 0.026176158 0.029865064 0.024877984 0.036797144 0.023669185 0.045360778 0.025262492 0.029680714 0.015525739 0.030434176 0.028263476 0.033632107 0.031360116 0.036872223 0.017073587 0.047005773 0.040364392
0.045937959 0.025873959 0.018768102 0.032152358 -0.002375331 0.018352924 0.011157563 0.018629389 0.018001437 0.022117199 0.017043004 0.023194438 0.011790989 0.015883207 0.037777591 0.026507873 0.018242996 0.037302047 0.017346192 0.017515626 0.021557916 0.015425800 0.030470144 0.011933231 0.024632558 0.015653679 0.016573088 0.017785996 0.023812793 0.019076809 0.056612954 0.020347312 0.030621627 0.029771362
0.036627710 0.014957769 0.012874261 0.026374105 0.018352924 0.004996787 0.006902772 0.011336969 0.006830986 0.020228799 0.016413530 0.021531563 0.013083557 0.011216240 0.028721634 0.017906548 0.012479611 0.026084434 0.010823520 0.017647713 0.011150156 0.012644442 0.022867218 0.009666192 0.018775690 0.016551349 0.009738285 0.004837463 0.016463887 0.011596108 0.039130721 0.027441034 0.026704069 0.020472912
0.039505638 0.017304173 0.013038740 0.028054167 0.011157563 0.006902772 -0.004343424 0.007019502 0.010858035 0.018304165 0.002161095 0.021040138 0.010175243 0.005181278 0.025799708 0.020608088 0.012204215 0.019459588 0.006344942 0.016425401 0.014432563 0.006087561 0.021400338 0.001399894 0.013486461 0.006447816 0.006630891 0.005490651 0.016957052 0.008746122 0.037348755 0.013492048 0.019106897 0.016927924
0.046301313 0.020215156 0.020688644 0.029737998 0.018629389 0.011336969 0.007019502 0.006187204 0.012992263 0.020208623 0.013750743 0.025690230 0.010169405 0.016312016 0.034109943 0.029482130 0.017865002 0.024413487 0.014737275 0.022414038 0.019547347 0.013664356 0.029777337 0.009901199 0.016880047 0.011410925 0.012975443 0.008960577 0.020500204 0.012550632 0.042791437 0.020776469 0.027338233 0.024348782
0.038441584 0.025684720 0.014941283 0.032486778 0.018001437 0.006830986 0.010858035 0.012992263 0.003569625 0.022956882 0.016276242 0.025771987 0.012978522 0.014914824 0.027282329 0.022239093 0.015303329 0.025718130 0.016600227 0.024656128 0.014743622 0.013976809 0.021548573 0.009366742 0.019488933 0.016839437 0.015117228 0.008985112 0.014899965 0.013938986 0.042902686 0.023087364 0.016311264 0.016764423
0.050770327 0.027177837 0.030628186 0.019339960 0.022117199 0.020228799 0.018304165 0.020208623 0.022956882 0.006966822 0.011344245 0.012813922 0.016326390 0.022712536 0.042983409 0.041069251 0.026994720 0.018074330 0.021647247 0.019419916 0.028682474 0.016729882 0.037107877 0.018297883 0.021870583 0.007946023 0.022314560 0.018757526 0.028145500 0.022127114 0.032890551 0.009659586 0.032249514 0.033642516
0.048738953 0.020148838 0.024539167 0.019280467 0.017043004 0.016413530 0.002161095 0.013750743 0.016276242 0.011344245 0.000613537 0.011705089 0.011407489 0.015040059 0.039608106 0.033111371 0.020139238 0.015619846 0.015068673 0.016554799 0.024420291 0.010967721 0.033199657 0.011664430 0.016394183 0.006963733 0.015729727 0.015220292 0.026309690 0.016826229 0.034537226 0.009893598 0.022197153 0.030318979
0.059118718 0.028683325 0.037515551 0.018913064 0.023194438 0.021531563 0.021040138 0.025690230 0.025771987 0.012813922 0.011705089 0.009401213 0.014868761 0.025305323 0.050134964 0.044846818 0.030189306 0.024319166 0.024406739 0.021845002 0.034309238 0.015752828 0.041190632 0.016991358 0.023822555 0.008713312 0.024234828 0.025185838 0.029692670 0.025491806 0.042175047 0.011487573 0.031718306 0.039398842
0.039201763 0.016038571 0.019026823 0.022242453 0.011790989 0.013083557 0.010175243 0.010169405 0.012978522 0.016326390 0.011407489 0.014868761 0.001613703 0.011203146 0.030577473 0.026885256 0.017674712 0.020866942 0.014183362 0.015730102 0.021385517 0.014836486 0.026552752 0.010906204 0.016986590 0.014991693 0.012625493 0.012238374 0.019213587 0.014456064 0.038765222 0.014286656 0.018289637 0.022234920
0.046107519 0.020293992 0.019819990 0.034272153 0.015883207 0.011216240 0.005181278 0.016312016 0.014914824 0.022712536 0.015040059 0.025305323 0.011203146 0.008651419 0.033917867 0.026709730 0.015463553 0.027585398 0.012754329 0.018450610 0.018126499 0.014696587 0.027150778 0.010380552 0.020788461 0.015845913 0.013456488 0.011981264 0.020531856 0.016563173 0.050245535 0.023315754 0.032954395 0.023311906
0.024505923 0.025242865 0.018848637 0.051756307 0.037777591 0.028721634 0.025799708 0.034109943 0.027282329 0.042983409 0.039608106 0.050134964 0.030577473 0.033917867 0.006586589 0.023962118 0.022816300 0.047776893 0.026701674 0.036855679 0.018579090 0.031014081 0.021683406 0.028875798 0.042232230 0.034480244 0.029084744 0.018968407 0.020420698 0.029771492 0.055158608 0.048742067 0.052370943 0.023905933
0.030053385 0.023664391 0.014573656 0.050006624 0.026507873 0.017906548 0.020608088 0.029482130 0.022239093 0.041069251 0.033111371 0.044846818 0.026885256 0.026709730 0.023962118 0.005079228 0.017732086 0.042700455 0.021826424 0.032175232 0.011758533 0.025255965 0.014103138 0.021605136 0.035360493 0.034059025 0.023587212 0.017853890 0.006106777 0.027373776 0.052067287 0.038499873 0.039869729 0.014581691
0.033590503 0.022722315 0.014804462 0.034085475 0.018242996 0.012479611 0.012204215 0.017865002 0.015303329 0.026994720 0.020139238 0.030189306 0.017674712 0.015463553 0.022816300 0.017732086 0.001207020 0.029418126 0.011296326 0.022374637 0.012334228 0.016158944 0.016457088 0.012651304 0.022847576 0.022636157 0.012744916 0.012093613 0.013123287 0.017401751 0.040630199 0.027714085 0.032021556 0.015322037
0.057283290 0.029085547 0.032911286 0.026176158 0.037302047 0.026084434 0.019459588 0.024413487 0.025718130 0.018074330 0.015619846 0.024319166 0.020866942 0.027585398 0.047776893 0.042700455 0.029418126 0.010063406 0.023841657 0.033247847 0.030741250 0.019065809 0.040395878 0.024288900 0.020929148 0.012217998 0.025275528 0.020153459 0.034758214 0.025212497 0.030530872 0.021387408 0.042004719 0.037204396
0.038379736 0.020387601 0.014301972 0.029865064 0.017346192 0.010823520 0.006344942 0.014737275 0.016600227 0.021647247 0.015068673 0.024406739 0.014183362 0.012754329 0.026701674 0.021826424 0.011296326 0.023841657 0.000260229 0.019717138 0.015888117 0.011691395 0.019425934 0.011139877 0.018658198 0.017039496 0.012087117 0.010877699 0.016027186 0.015775058 0.039399941 0.020351458 0.026491579 0.016373407
0.050010387 0.038272683 0.025237579 0.024877984 0.017515626 0.017647713 0.016425401 0.022414038 0.024656128 0.019419916 0.016554799 0.021845002 0.015730102 0.018450610 0.036855679 0.032175232 0.022374637 0.033247847 0.019717138 0.003516731 0.020597614 0.017774865 0.032146588 0.016997507 0.027606394 0.017764710 0.023170168 0.016364994 0.023090830 0.024378758 0.047548871 0.013616726 0.036800109 0.030551817
0.024322569 0.025876854 0.006143851 0.036797144 0.021557916 0.011150156 0.014432563 0.019547347 0.014743622 0.028682474 0.024420291 0.034309238 0.021385517 0.018126499 0.018579090 0.011758533 0.012334228 0.030741250 0.015888117 0.020597614 -0.001361271 0.018229917 0.010533984 0.015188160 0.033399493 0.026308794 0.016478827 0.007104979 0.009936865 0.018231336 0.039028574 0.028484380 0.029181523 0.012338512
0.041780107 0.020277904 0.017815631 0.023669185 0.015425800 0.012644442 0.006087561 0.013664356 0.013976809 0.016729882 0.010967721 0.015752828 0.014836486 0.014696587 0.031014081 0.025255965 0.016158944 0.019065809 0.011691395 0.017774865 0.018229917 -0.000996427 0.024402130 0.009727209 0.016669156 0.013214691 0.012304625 0.010388045 0.020779300 0.015311155 0.034791488 0.017162003 0.018774334 0.022608096
0.025121838 0.023992553 0.013044552 0.045360778 0.030470144 0.022867218 0.021400338 0.029777337 0.021548573 0.037107877 0.033199657 0.041190632 0.026552752 0.027150778 0.021683406 0.014103138 0.016457088 0.040395878 0.019425934 0.032146588 0.010533984 0.024402130 0.005367660 0.023306571 0.035064943 0.031102113 0.023444256 0.017365383 0.011728878 0.026277591 0.047626335 0.043404281 0.040366970 0.018609852
0.040035173 0.018545626 0.014516917 0.025262492 0.011933231 0.009666192 0.001399894 0.009901199 0.009366742 0.018297883 0.011664430 0.016991358 0.010906204 0.010380552 0.028875798 0.021605136 0.012651304 0.024288900 0.011139877 0.016997507 0.015188160 0.009727209 0.023306571 -0.001949706 0.019698923 0.015631996 0.008171003 0.007806098 0.017398737 0.011019056 0.041056518 0.018551588 0.018456839 0.020119458
0.050108075 0.017156841 0.027247593 0.029680714 0.024632558 0.018775690 0.013486461 0.016880047 0.019488933 0.021870583 0.016394183 0.023822555 0.016986590 0.020788461 0.042232230 0.035360493 0.022847576 0.020929148 0.018658198 0.027606394 0.033399493 0.016669156 0.035064943 0.019698923 -0.016018318 0.014195517 0.019143499 0.017504567 0.025727116 0.019860689 0.029357638 0.023499237 0.031184655 0.030688530
0.045296639 0.023271792 0.025202421 0.015525739 0.015653679 0.016551349 0.006447816 0.011410925 0.016839437 0.007946023 0.006963733 0.008713312 0.014991693 0.015845913 0.034480244 0.034059025 0.022636157 0.012217998 0.017039496 0.017764710 0.026308794 0.013214691 0.031102113 0.015631996 0.014195517 -0.000312109 0.016254062 0.017119287 0.027688934 0.015950190 0.032015692 0.009074830 0.016560771 0.028181631
0.038501818 0.019974208 0.016050590 0.030434176 0.016573088 0.009738285 0.006630891 0.012975443 0.015117228 0.022314560 0.015729727 0.024234828 0.012625493 0.013456488 0.029084744 0.023587212 0.012744916 0.025275528 0.012087117 0.023170168 0.016478827 0.012304625 0.023444256 0.008171003 0.019143499 0.016254062 0.006567411 0.006716128 0.017698999 0.013003113 0.039976940 0.023807265 0.024541173 0.019931328
0.030292520 0.019733135 0.008161308 0.028263476 0.017785996 0.004837463 0.005490651 0.008960577 0.008985112 0.018757526 0.015220292 0.025185838 0.012238374 0.011981264 0.018968407 0.017853890 0.012093613 0.020153459 0.010877699 0.016364994 0.007104979 0.010388045 0.017365383 0.007806098 0.017504567 0.017119287 0.006716128 -0.004614808 0.011463585 0.007620393 0.030278236 0.020589897 0.022258170 0.011730844
0.021851597 0.020977359 0.009629934 0.033632107 0.023812793 0.016463887 0.016957052 0.020500204 0.014899965 0.028145500 0.026309690 0.029692670 0.019213587 0.020531856 0.020420698 0.006106777 0.013123287 0.034758214 0.016027186 0.023090830 0.009936865 0.020779300 0.011728878 0.017398737 0.025727116 0.027688934 0.017698999 0.011463585 0.005917473 0.018561386 0.039482620 0.036401369 0.025691807 0.012749370
0.041493356 0.021294823 0.017912710 0.031360116 0.019076809 0.011596108 0.008746122 0.012550632 0.013938986 0.022127114 0.016826229 0.025491806 0.014456064 0.016563173 0.029771492 0.027373776 0.017401751 0.025212497 0.015775058 0.024378758 0.018231336 0.015311155 0.026277591 0.011019056 0.019860689 0.015950190 0.013003113 0.007620393 0.018561386 0.007726230 0.041383602 0.021541459 0.026560999 0.020495022
0.067928784 0.044369437 0.043255419 0.036872223 0.056612954 0.039130721 0.037348755 0.042791437 0.042902686 0.032890551 0.034537226 0.042175047 0.038765222 0.050245535 0.055158608 0.052067287 0.040630199 0.030530872 0.039399941 0.047548871 0.039028574 0.034791488 0.047626335 0.041056518 0.029357638 0.032015692 0.039976940 0.030278236 0.039482620 0.041383602 -0.018692615 0.036573540 0.064374574 0.044730481
0.054252546 0.027726045 0.029664468 0.017073587 0.020347312 0.027441034 0.013492048 0.020776469 0.023087364 0.009659586 0.009893598 0.011487573 0.014286656 0.023315754 0.048742067 0.038499873 0.027714085 0.021387408 0.020351458 0.013616726 0.028484380 0.017162003 0.043404281 0.018551588 0.023499237 0.009074830 0.023807265 0.020589897 0.036401369 0.021541459 0.036573540 0.003391334 0.032980677 0.042620055
0.062169857 0.027504770 0.028655646 0.047005773 0.030621627 0.026704069 0.019106897 0.027338233 0.016311264 0.032249514 0.022197153 0.031718306 0.018289637 0.032954395 0.052370943 0.039869729 0.032021556 0.042004719 0.026491579 0.036800109 0.029181523 0.018774334 0.040366970 0.018456839 0.031184655 0.016560771 0.024541173 0.022258170 0.025691807 0.026560999 0.064374574 0.032980677 0.020498831 0.038732450
0.028571634 0.025802884 0.011219423 0.040364392 0.029771362 0.020472912 0.016927924 0.024348782 0.016764423 0.033642516 0.030318979 0.039398842 0.022234920 0.023311906 0.023905933 0.014581691 0.015322037 0.037204396 0.016373407 0.030551817 0.012338512 0.022608096 0.018609852 0.020119458 0.030688530 0.028181631 0.019931328 0.011730844 0.012749370 0.020495022 0.044730481 0.042620055 0.038732450 0.011293873
