0.000000000 0.130434781 0.134615391 0.217391297 0.285714298 0.150943398 0.090909094 0.210526317 0.126213595 0.192825109 0.246861920 0.200000003 0.250000000 0.154929578 0.032258064 0.121951222 0.117647059 0.262295067 0.203539819 0.227467805 0.108910888 0.134615391 0.158878505 0.126213595 0.181818187 0.253112048 0.166666672 0.150943398 0.126213595 0.154929578 0.377162635 0.359430611 0.200000003 0.146919429
0.130434781 0.000000000 0.004255319 0.089494161 0.161290318 0.020920502 0.039999999 0.082352944 0.004291845 0.064000003 0.120300755 0.071428575 0.123595506 0.025000000 0.098591551 0.008620690 0.012987013 0.136531368 0.075098813 0.100000001 0.021834061 0.004255319 0.029045643 0.004291845 0.052631579 0.126865670 0.037037037 0.020920502 0.004291845 0.025000000 0.259493679 0.240259737 0.071428575 0.016806724
0.134615391 0.004255319 0.000000000 0.085271321 0.157142863 0.016666668 0.044247787 0.078125000 0.008547009 0.059760958 0.116104871 0.067193680 0.119402982 0.020746889 0.102803737 0.012875536 0.017241379 0.132352948 0.070866145 0.095785439 0.026086956 0.000000000 0.024793388 0.008547009 0.048387095 0.122676581 0.032786883 0.016666668 0.008547009 0.020746889 0.255520493 0.236245960 0.067193680 0.012552301
0.217391297 0.089494161 0.085271321 0.000000000 0.072847679 0.068702288 0.129032254 0.007194245 0.093750000 0.025641026 0.031141868 0.018181818 0.034482758 0.064638786 0.186440676 0.098039217 0.102362208 0.047619049 0.014492754 0.010600707 0.111111112 0.085271321 0.060606062 0.093750000 0.037037037 0.037800688 0.052631579 0.068702288 0.093750000 0.064638786 0.174041301 0.154078543 0.018181818 0.072796933
0.285714298 0.161290318 0.157142863 0.072847679 0.000000000 0.140845075 0.200000003 0.079999998 0.165467620 0.098305084 0.041800644 0.090909094 0.038461540 0.136842102 0.255813956 0.169675097 0.173913047 0.025316456 0.087248325 0.062295083 0.182481751 0.157142863 0.132867128 0.165467620 0.109589040 0.035143770 0.125000000 0.140845075 0.165467620 0.136842102 0.102493078 0.082152978 0.090909094 0.144876331
0.150943398 0.020920502 0.016666668 0.068702288 0.140845075 0.000000000 0.060869563 0.061538462 0.025210084 0.043137256 0.099630997 0.050583657 0.102941178 0.004081632 0.119266056 0.029535865 0.033898305 0.115942031 0.054263566 0.079245284 0.042735044 0.016666668 0.008130081 0.025210084 0.031746034 0.106227107 0.016129032 0.000000000 0.025210084 0.004081632 0.239875391 0.220447287 0.050583657 0.004115226
0.090909094 0.039999999 0.044247787 0.129032254 0.200000003 0.060869563 0.000000000 0.121951222 0.035714287 0.103734441 0.159533069 0.111111112 0.162790701 0.064935066 0.058823530 0.031390134 0.027027028 0.175572515 0.114754096 0.139442235 0.018181818 0.044247787 0.068965517 0.035714287 0.092436977 0.166023165 0.076923080 0.060869563 0.035714287 0.064935066 0.296416938 0.277591974 0.111111112 0.056768559
0.210526317 0.082352944 0.078125000 0.007194245 0.079999998 0.061538462 0.121951222 0.000000000 0.086614177 0.018450184 0.038327526 0.010989011 0.041666668 0.057471264 0.179487184 0.090909094 0.095238097 0.054794520 0.007299270 0.017793594 0.104000002 0.078125000 0.053435113 0.086614177 0.029850746 0.044982698 0.045454547 0.061538462 0.086614177 0.057471264 0.181008905 0.161094218 0.010989011 0.065637067
0.126213595 0.004291845 0.008547009 0.093750000 0.165467620 0.025210084 0.035714287 0.086614177 0.000000000 0.068273090 0.124528304 0.075697213 0.127819553 0.029288704 0.094339624 0.004329004 0.008695652 0.140740737 0.079365082 0.104247101 0.017543860 0.008547009 0.033333335 0.000000000 0.056910571 0.131086141 0.041322313 0.025210084 0.000000000 0.029288704 0.263492078 0.244299680 0.075697213 0.021097047
0.192825109 0.064000003 0.059760958 0.025641026 0.098305084 0.043137256 0.103734441 0.018450184 0.068273090 0.000000000 0.056737587 0.007462686 0.060070671 0.039062500 0.161572054 0.072580643 0.076923080 0.073170729 0.011152416 0.036231883 0.085714288 0.059760958 0.035019454 0.068273090 0.011406844 0.063380279 0.027027028 0.043137256 0.068273090 0.039062500 0.198795184 0.179012343 0.007462686 0.047244094
0.246861920 0.120300755 0.116104871 0.031141868 0.041800644 0.099630997 0.159533069 0.038327526 0.124528304 0.056737587 0.000000000 0.049295776 0.003344482 0.095588237 0.216326535 0.128787875 0.133079842 0.016501650 0.045614034 0.020547945 0.141762450 0.116104871 0.091575094 0.124528304 0.068100356 0.006666667 0.083636366 0.099630997 0.124528304 0.095588237 0.143678159 0.123529412 0.049295776 0.103703700
0.200000003 0.071428575 0.067193680 0.018181818 0.090909094 0.050583657 0.111111112 0.010989011 0.075697213 0.007462686 0.049295776 0.000000000 0.052631579 0.046511628 0.168831170 0.079999998 0.084337346 0.065743946 0.003690037 0.028776979 0.093117408 0.067193680 0.042471044 0.075697213 0.018867925 0.055944055 0.034482758 0.050583657 0.075697213 0.046511628 0.191616774 0.171779141 0.000000000 0.054687500
0.250000000 0.123595506 0.119402982 0.034482758 0.038461540 0.102941178 0.162790701 0.041666668 0.127819553 0.060070671 0.003344482 0.052631579 0.000000000 0.098901100 0.219512194 0.132075474 0.136363640 0.013157895 0.048951048 0.023890786 0.145038173 0.119402982 0.094890513 0.127819553 0.071428575 0.003322259 0.086956523 0.102941178 0.127819553 0.098901100 0.140401140 0.120234601 0.052631579 0.107011072
0.154929578 0.025000000 0.020746889 0.064638786 0.136842102 0.004081632 0.064935066 0.057471264 0.029288704 0.039062500 0.095588237 0.046511628 0.098901100 0.000000000 0.123287670 0.033613447 0.037974682 0.111913361 0.050193049 0.075187966 0.046808511 0.020746889 0.004048583 0.029288704 0.027667984 0.102189779 0.012048192 0.004081632 0.029288704 0.000000000 0.236024842 0.216560513 0.046511628 0.008196721
0.032258064 0.098591551 0.102803737 0.186440676 0.255813956 0.119266056 0.058823530 0.179487184 0.094339624 0.161572054 0.216326535 0.168831170 0.219512194 0.123287670 0.000000000 0.090047397 0.085714288 0.231999993 0.172413796 0.196652725 0.076923080 0.102803737 0.127272725 0.094339624 0.150442481 0.222672060 0.135135129 0.119266056 0.094339624 0.123287670 0.349152535 0.331010461 0.168831170 0.115207374
0.121951222 0.008620690 0.012875536 0.098039217 0.169675097 0.029535865 0.031390134 0.090909094 0.004329004 0.072580643 0.128787875 0.079999998 0.132075474 0.033613447 0.090047397 0.000000000 0.004366812 0.144981414 0.083665341 0.108527131 0.013215859 0.012875536 0.037656903 0.004329004 0.061224490 0.135338351 0.045643155 0.029535865 0.004329004 0.033613447 0.267515928 0.248366013 0.079999998 0.025423728
0.117647059 0.012987013 0.017241379 0.102362208 0.173913047 0.033898305 0.027027028 0.095238097 0.008695652 0.076923080 0.133079842 0.084337346 0.136363640 0.037974682 0.085714288 0.004366812 0.000000000 0.149253726 0.088000000 0.112840466 0.008849557 0.017241379 0.042016808 0.008695652 0.065573767 0.139622644 0.050000001 0.033898305 0.008695652 0.037974682 0.271565497 0.252459019 0.084337346 0.029787235
0.262295067 0.136531368 0.132352948 0.047619049 0.025316456 0.115942031 0.175572515 0.054794520 0.140740737 0.073170729 0.016501650 0.065743946 0.013157895 0.111913361 0.231999993 0.144981414 0.149253726 0.000000000 0.062068965 0.037037037 0.157894731 0.132352948 0.107913665 0.140740737 0.084507041 0.009836066 0.100000001 0.115942031 0.140740737 0.111913361 0.127478749 0.107246377 0.065743946 0.119999997
0.203539819 0.075098813 0.070866145 0.014492754 0.087248325 0.054263566 0.114754096 0.007299270 0.079365082 0.011152416 0.045614034 0.003690037 0.048951048 0.050193049 0.172413796 0.083665341 0.088000000 0.062068965 0.000000000 0.025089607 0.096774191 0.070866145 0.046153847 0.079365082 0.022556391 0.052264810 0.038167939 0.054263566 0.079365082 0.050193049 0.188059703 0.168195724 0.003690037 0.058365759
0.227467805 0.100000001 0.095785439 0.010600707 0.062295083 0.079245284 0.139442235 0.017793594 0.104247101 0.036231883 0.020547945 0.028776979 0.023890786 0.075187966 0.196652725 0.108527131 0.112840466 0.037037037 0.025089607 0.000000000 0.121568628 0.095785439 0.071161047 0.104247101 0.047619049 0.027210884 0.063197024 0.079245284 0.104247101 0.075187966 0.163742691 0.143712580 0.028776979 0.083333336
0.108910888 0.021834061 0.026086956 0.111111112 0.182481751 0.042735044 0.018181818 0.104000002 0.017543860 0.085714288 0.141762450 0.093117408 0.145038173 0.046808511 0.076923080 0.013215859 0.008849557 0.157894731 0.096774191 0.121568628 0.000000000 0.026086956 0.050847456 0.017543860 0.074380167 0.148288980 0.058823530 0.042735044 0.017543860 0.046808511 0.279742777 0.260726064 0.093117408 0.038626611
0.134615391 0.004255319 0.000000000 0.085271321 0.157142863 0.016666668 0.044247787 0.078125000 0.008547009 0.059760958 0.116104871 0.067193680 0.119402982 0.020746889 0.102803737 0.012875536 0.017241379 0.132352948 0.070866145 0.095785439 0.026086956 0.000000000 0.024793388 0.008547009 0.048387095 0.122676581 0.032786883 0.016666668 0.008547009 0.020746889 0.255520493 0.236245960 0.067193680 0.012552301
0.158878505 0.029045643 0.024793388 0.060606062 0.132867128 0.008130081 0.068965517 0.053435113 0.033333335 0.035019454 0.091575094 0.042471044 0.094890513 0.004048583 0.127272725 0.037656903 0.042016808 0.107913665 0.046153847 0.071161047 0.050847456 0.024793388 0.000000000 0.033333335 0.023622047 0.098181821 0.008000000 0.008130081 0.033333335 0.004048583 0.232198149 0.212698415 0.042471044 0.012244898
0.126213595 0.004291845 0.008547009 0.093750000 0.165467620 0.025210084 0.035714287 0.086614177 0.000000000 0.068273090 0.124528304 0.075697213 0.127819553 0.029288704 0.094339624 0.004329004 0.008695652 0.140740737 0.079365082 0.104247101 0.017543860 0.008547009 0.033333335 0.000000000 0.056910571 0.131086141 0.041322313 0.025210084 0.000000000 0.029288704 0.263492078 0.244299680 0.075697213 0.021097047
0.181818187 0.052631579 0.048387095 0.037037037 0.109589040 0.031746034 0.092436977 0.029850746 0.056910571 0.011406844 0.068100356 0.018867925 0.071428575 0.027667984 0.150442481 0.061224490 0.065573767 0.084507041 0.022556391 0.047619049 0.074380167 0.048387095 0.023622047 0.056910571 0.000000000 0.074733093 0.015625000 0.031746034 0.056910571 0.027667984 0.209726438 0.190031156 0.018867925 0.035856575
0.253112048 0.126865670 0.122676581 0.037800688 0.035143770 0.106227107 0.166023165 0.044982698 0.131086141 0.063380279 0.006666667 0.055944055 0.003322259 0.102189779 0.222672060 0.135338351 0.139622644 0.009836066 0.052264810 0.027210884 0.148288980 0.122676581 0.098181821 0.131086141 0.074733093 0.000000000 0.090252705 0.106227107 0.131086141 0.102189779 0.137142852 0.116959065 0.055944055 0.110294119
0.166666672 0.037037037 0.032786883 0.052631579 0.125000000 0.016129032 0.076923080 0.045454547 0.041322313 0.027027028 0.083636366 0.034482758 0.086956523 0.012048192 0.135135129 0.045643155 0.050000001 0.100000001 0.038167939 0.063197024 0.058823530 0.032786883 0.008000000 0.041322313 0.015625000 0.090252705 0.000000000 0.016129032 0.041322313 0.012048192 0.224615380 0.205047324 0.034482758 0.020242915
0.150943398 0.020920502 0.016666668 0.068702288 0.140845075 0.000000000 0.060869563 0.061538462 0.025210084 0.043137256 0.099630997 0.050583657 0.102941178 0.004081632 0.119266056 0.029535865 0.033898305 0.115942031 0.054263566 0.079245284 0.042735044 0.016666668 0.008130081 0.025210084 0.031746034 0.106227107 0.016129032 0.000000000 0.025210084 0.004081632 0.239875391 0.220447287 0.050583657 0.004115226
0.126213595 0.004291845 0.008547009 0.093750000 0.165467620 0.025210084 0.035714287 0.086614177 0.000000000 0.068273090 0.124528304 0.075697213 0.127819553 0.029288704 0.094339624 0.004329004 0.008695652 0.140740737 0.079365082 0.104247101 0.017543860 0.008547009 0.033333335 0.000000000 0.056910571 0.131086141 0.041322313 0.025210084 0.000000000 0.029288704 0.263492078 0.244299680 0.075697213 0.021097047
0.154929578 0.025000000 0.020746889 0.064638786 0.136842102 0.004081632 0.064935066 0.057471264 0.029288704 0.039062500 0.095588237 0.046511628 0.098901100 0.000000000 0.123287670 0.033613447 0.037974682 0.111913361 0.050193049 0.075187966 0.046808511 0.020746889 0.004048583 0.029288704 0.027667984 0.102189779 0.012048192 0.004081632 0.029288704 0.000000000 0.236024842 0.216560513 0.046511628 0.008196721
0.377162635 0.259493679 0.255520493 0.174041301 0.102493078 0.239875391 0.296416938 0.181008905 0.263492078 0.198795184 0.143678159 0.191616774 0.140401140 0.236024842 0.349152535 0.267515928 0.271565497 0.127478749 0.188059703 0.163742691 0.279742777 0.255520493 0.232198149 0.263492078 0.209726438 0.137142852 0.224615380 0.239875391 0.263492078 0.236024842 0.000000000 0.020512821 0.191616774 0.243750006
0.359430611 0.240259737 0.236245960 0.154078543 0.082152978 0.220447287 0.277591974 0.161094218 0.244299680 0.179012343 0.123529412 0.171779141 0.120234601 0.216560513 0.331010461 0.248366013 0.252459019 0.107246377 0.168195724 0.143712580 0.260726064 0.236245960 0.212698415 0.244299680 0.190031156 0.116959065 0.205047324 0.220447287 0.244299680 0.216560513 0.020512821 0.000000000 0.171779141 0.224358976
0.200000003 0.071428575 0.067193680 0.018181818 0.090909094 0.050583657 0.111111112 0.010989011 0.075697213 0.007462686 0.049295776 0.000000000 0.052631579 0.046511628 0.168831170 0.079999998 0.084337346 0.065743946 0.003690037 0.028776979 0.093117408 0.067193680 0.042471044 0.075697213 0.018867925 0.055944055 0.034482758 0.050583657 0.075697213 0.046511628 0.191616774 0.171779141 0.000000000 0.054687500
0.146919429 0.016806724 0.012552301 0.072796933 0.144876331 0.004115226 0.056768559 0.065637067 0.021097047 0.047244094 0.103703700 0.054687500 0.107011072 0.008196721 0.115207374 0.025423728 0.029787235 0.119999997 0.058365759 0.083333336 0.038626611 0.012552301 0.012244898 0.021097047 0.035856575 0.110294119 0.020242915 0.004115226 0.021097047 0.008196721 0.243750006 0.224358976 0.054687500 0.000000000
