0.016740697 0.050593816 0.031815492 0.053136162 0.040062211 0.040654805 0.038708095 0.041203190 0.043854371 0.045374699 0.049866188 0.051280376 0.037643492 0.041050740 0.026773233 0.029906755 0.032776244 0.060379289 0.040953524 0.039286848 0.037315615 0.040875819 0.026688073 0.039552327 0.047745928 0.048392735 0.041123398 0.035833418 0.027535139 0.038041048 0.075717896 0.057459660 0.047904000 0.027869990
0.050593816 -0.000416920 0.028900286 0.030426200 0.018480416 0.024926664 0.013010543 0.022360966 0.019974310 0.025238894 0.017924037 0.027461162 0.013510542 0.018675359 0.041781798 0.026353991 0.019630164 0.037524872 0.016304387 0.023007151 0.034135617 0.014082100 0.031316441 0.015527635 0.012315736 0.018598994 0.018877577 0.020707412 0.022883138 0.020925477 0.058105864 0.025144778 0.034083351 0.028968059
0.031815492 0.028900286 0.005592022 0.035236653 0.022236509 0.022300530 0.015565312 0.022015156 0.019815126 0.028643062 0.028742343 0.035284135 0.020641059 0.021698928 0.023294589 0.016992712 0.017401891 0.040179852 0.019571560 0.020050960 0.014872340 0.020282608 0.016472271 0.017540330 0.026455948 0.030027995 0.021206291 0.013976541 0.018256007 0.018005773 0.053971607 0.037565030 0.024002325 0.015290225
0.053136162 0.030426200 0.035236653 -0.003160513 0.024534462 0.033668175 0.026825586 0.021337751 0.027177168 0.007633002 0.016936941 0.010874115 0.022169717 0.030904664 0.045222171 0.045201760 0.030608285 0.022629457 0.029302236 0.020105014 0.042192530 0.022496019 0.041628413 0.029005520 0.013272667 0.014790553 0.028203661 0.027978638 0.040210672 0.022507818 0.033333842 0.017187364 0.027027298 0.035736345
0.040062211 0.018480416 0.022236509 0.024534462 -0.002309922 0.014773982 0.012765982 0.008100640 0.017646171 0.018163500 0.017081134 0.021161960 0.013846772 0.014229447 0.032743059 0.026777031 0.017815636 0.032714091 0.021021970 0.011872771 0.020072855 0.016184296 0.026782434 0.015949631 0.012940957 0.015698630 0.018518375 0.016813099 0.024359833 0.012391727 0.059612982 0.018080615 0.018168140 0.025874298
0.040654805 0.024926664 0.022300530 0.033668175 0.014773982 0.008725403 0.008159113 0.013547581 0.019017752 0.024953974 0.020029744 0.028581100 0.014354078 0.011442805 0.031636644 0.025271259 0.014878335 0.033963282 0.018103590 0.016097832 0.023638278 0.014566098 0.022181155 0.012015912 0.019724146 0.019913470 0.015674906 0.014448454 0.019911118 0.014581923 0.056526311 0.025845915 0.025158662 0.018476870
0.038708095 0.013010543 0.015565312 0.026825586 0.012765982 0.008159113 -0.004780887 0.002767548 0.009682857 0.017487954 0.001871176 0.022318508 0.008542525 0.004588891 0.028758625 0.021718513 0.012167668 0.023856638 0.008871387 0.013851231 0.015480048 0.004806999 0.022855105 0.002077087 0.009531139 0.005160670 0.008540501 0.006518402 0.019408884 0.005379391 0.044406891 0.014253437 0.016958538 0.018538186
0.041203190 0.022360966 0.022015156 0.021337751 0.008100640 0.013547581 0.002767548 0.003468220 0.015532552 0.013270795 0.010886465 0.018335067 0.007140081 0.009788163 0.029153721 0.026254162 0.014371151 0.027083676 0.013845445 0.009981174 0.024040703 0.009199468 0.024575792 0.007056680 0.012334970 0.009874664 0.011827733 0.011701565 0.021688119 0.007700941 0.049006686 0.017445423 0.013953373 0.020478601
0.043854371 0.019974310 0.019815126 0.027177168 0.017646171 0.019017752 0.009682857 0.015532552 0.002598770 0.021694858 0.016707798 0.026586501 0.012835667 0.015454927 0.032406807 0.024456257 0.014649523 0.033738382 0.016563311 0.015593096 0.027922636 0.011823677 0.025338598 0.008719507 0.015797228 0.017512018 0.016534014 0.014536205 0.021695655 0.013280133 0.056163110 0.029382421 0.019985693 0.018397270
0.045374699 0.025238894 0.028643062 0.007633002 0.018163500 0.024953974 0.017487954 0.013270795 0.021694858 -0.000867216 0.010685259 0.005516198 0.016709734 0.020751990 0.039033145 0.037168030 0.025202259 0.017379871 0.022186508 0.013282450 0.034639291 0.016514165 0.033851527 0.021164550 0.007566099 0.008968548 0.021614365 0.020525645 0.034385204 0.015930193 0.032019299 0.012012982 0.017562449 0.030224994
0.049866188 0.017924037 0.028742343 0.016936941 0.017081134 0.020029744 0.001871176 0.010886465 0.016707798 0.010685259 0.000624715 0.012986165 0.011535013 0.014388099 0.045889027 0.035243582 0.021383768 0.021371495 0.017447703 0.014295277 0.029896943 0.009955691 0.036153883 0.012851587 0.011073950 0.005817231 0.018084329 0.017561566 0.030027635 0.014320252 0.042797126 0.011269502 0.019754924 0.032531977
0.051280376 0.027461162 0.035284135 0.010874115 0.021161960 0.028581100 0.022318508 0.018335067 0.026586501 0.005516198 0.012986165 0.004389586 0.017683525 0.024132362 0.040204763 0.042508639 0.028865028 0.020836573 0.026230799 0.018708097 0.036646910 0.018736970 0.037392735 0.023716284 0.011799496 0.011448710 0.025847666 0.025808742 0.037096288 0.020013589 0.037725117 0.012865700 0.021515001 0.034955643
0.037643492 0.013510542 0.020641059 0.022169717 0.013846772 0.014354078 0.008542525 0.007140081 0.012835667 0.016709734 0.011535013 0.017683525 0.001398785 0.011878289 0.033795848 0.025941351 0.016313056 0.025949311 0.014481715 0.012295705 0.023513589 0.012847684 0.025314461 0.011058327 0.012633462 0.013044968 0.015279371 0.013716411 0.023048796 0.011244323 0.047073483 0.017434515 0.016326468 0.024925852
0.041050740 0.018675359 0.021698928 0.030904664 0.014229447 0.011442805 0.004588891 0.009788163 0.015454927 0.020751990 0.014388099 0.024132362 0.011878289 0.005979252 0.030523384 0.026200833 0.014452077 0.029197790 0.015527584 0.012563095 0.018378092 0.013613357 0.023429511 0.011131275 0.016412042 0.015844645 0.014649317 0.012338551 0.020537209 0.010594140 0.056503087 0.020675508 0.022466218 0.020384014
0.026773233 0.041781798 0.023294589 0.045222171 0.032743059 0.031636644 0.028758625 0.029153721 0.032406807 0.039033145 0.045889027 0.040204763 0.033795848 0.030523384 0.008394028 0.022637196 0.025675291 0.051879652 0.032710623 0.029676696 0.027719080 0.033342231 0.024396311 0.032013189 0.043437663 0.041603856 0.035114113 0.025913499 0.021792851 0.029024839 0.063155487 0.046162959 0.035929453 0.023812966
0.029906755 0.026353991 0.016992712 0.045201760 0.026777031 0.025271259 0.021718513 0.026254162 0.024456257 0.037168030 0.035243582 0.042508639 0.025941351 0.026200833 0.022637196 0.003377577 0.017414978 0.046279326 0.025629807 0.028488595 0.017382920 0.025945965 0.014123304 0.023141691 0.032829054 0.034934890 0.025915587 0.020460509 0.013093637 0.023991929 0.059128828 0.045228649 0.030743612 0.016223729
0.032776244 0.019630164 0.017401891 0.030608285 0.017815636 0.014878335 0.012167668 0.014371151 0.014649523 0.025202259 0.021383768 0.028865028 0.016313056 0.014452077 0.025675291 0.017414978 -0.001198343 0.033324283 0.012841819 0.016915984 0.015529061 0.015403766 0.017595969 0.013471497 0.019102931 0.022656566 0.014493456 0.013867998 0.016664146 0.014072504 0.047687158 0.028759997 0.027187075 0.016774222
0.060379289 0.037524872 0.040179852 0.022629457 0.032714091 0.033963282 0.023856638 0.027083676 0.033738382 0.017379871 0.021371495 0.020836573 0.025949311 0.029197790 0.051879652 0.046279326 0.033324283 0.018699300 0.030650165 0.026118528 0.049042653 0.023115901 0.044670060 0.029458612 0.021393728 0.020832982 0.032029189 0.029118167 0.044219755 0.026960092 0.039983787 0.029853923 0.034036148 0.040536158
0.040953524 0.016304387 0.019571560 0.029302236 0.021021970 0.018103590 0.008871387 0.013845445 0.016563311 0.022186508 0.017447703 0.026230799 0.014481715 0.015527584 0.032710623 0.025629807 0.012841819 0.030650165 0.004236821 0.018659137 0.022237781 0.013286241 0.024417870 0.013560671 0.015921878 0.017448137 0.015503034 0.014355637 0.022463053 0.014653922 0.048324339 0.026089147 0.027002130 0.021679174
0.039286848 0.023007151 0.020050960 0.020105014 0.011872771 0.016097832 0.013851231 0.009981174 0.015593096 0.013282450 0.014295277 0.018708097 0.012295705 0.012563095 0.029676696 0.028488595 0.016915984 0.026118528 0.018659137 0.000705181 0.025146127 0.015441792 0.025743531 0.016148861 0.013728597 0.016806837 0.018192120 0.014143027 0.022538934 0.010896355 0.044602718 0.014662770 0.020493317 0.019613452
0.037315615 0.034135617 0.014872340 0.042192530 0.020072855 0.023638278 0.015480048 0.024040703 0.027922636 0.034639291 0.029896943 0.036646910 0.023513589 0.018378092 0.027719080 0.017382920 0.015529061 0.049042653 0.022237781 0.025146127 0.009330025 0.019921612 0.015113746 0.014698758 0.034348097 0.030310212 0.022953309 0.021042787 0.012537595 0.023964183 0.068455227 0.033310674 0.036820620 0.015825473
0.040875819 0.014082100 0.020282608 0.022496019 0.016184296 0.014566098 0.004806999 0.009199468 0.011823677 0.016514165 0.009955691 0.018736970 0.012847684 0.013613357 0.033342231 0.025945965 0.015403766 0.023115901 0.013286241 0.015441792 0.019921612 -0.001019383 0.025595363 0.009964227 0.009920497 0.010499850 0.013320658 0.011015514 0.023238065 0.011494022 0.040580649 0.017825000 0.017913811 0.023851784
0.026688073 0.031316441 0.016472271 0.041628413 0.026782434 0.022181155 0.022855105 0.024575792 0.025338598 0.033851527 0.036153883 0.037392735 0.025314461 0.023429511 0.024396311 0.014123304 0.017595969 0.044670060 0.024417870 0.025743531 0.015113746 0.025595363 0.006563556 0.025070356 0.034005262 0.034700911 0.027459428 0.021749377 0.013980874 0.023887087 0.056638364 0.038867012 0.029592259 0.017646909
0.039552327 0.015527635 0.017540330 0.029005520 0.015949631 0.012015912 0.002077087 0.007056680 0.008719507 0.021164550 0.012851587 0.023716284 0.011058327 0.011131275 0.032013189 0.023141691 0.013471497 0.029458612 0.013560671 0.016148861 0.014698758 0.009964227 0.025070356 -0.001040159 0.014667068 0.014401409 0.010832757 0.009211730 0.019893849 0.008309824 0.050998613 0.020069070 0.017641077 0.021024913
0.047745928 0.012315736 0.026455948 0.013272667 0.012940957 0.019724146 0.009531139 0.012334970 0.015797228 0.007566099 0.011073950 0.011799496 0.012633462 0.016412042 0.043437663 0.032829054 0.019102931 0.021393728 0.015921878 0.013728597 0.034348097 0.009920497 0.034005262 0.014667068 -0.019218197 0.009915897 0.015164847 0.015609549 0.026724057 0.012323666 0.033660382 0.017294403 0.021448594 0.029178895
0.048392735 0.018598994 0.030027995 0.014790553 0.015698630 0.019913470 0.005160670 0.009874664 0.017512018 0.008968548 0.005817231 0.011448710 0.013044968 0.015844645 0.041603856 0.034934890 0.022656566 0.020832982 0.017448137 0.016806837 0.030310212 0.010499850 0.034700911 0.014401409 0.009915897 -0.000492927 0.018795606 0.018837070 0.030256964 0.014181734 0.043882784 0.010682648 0.018007986 0.032353222
0.041123398 0.018877577 0.021206291 0.028203661 0.018518375 0.015674906 0.008540501 0.011827733 0.016534014 0.021614365 0.018084329 0.025847666 0.015279371 0.014649317 0.035114113 0.025915587 0.014493456 0.032029189 0.015503034 0.018192120 0.022953309 0.013320658 0.027459428 0.010832757 0.015164847 0.018795606 0.010058708 0.009846110 0.023956019 0.011268496 0.048625328 0.029417459 0.023886682 0.024220632
0.035833418 0.020707412 0.013976541 0.027978638 0.016813099 0.014448454 0.006518402 0.011701565 0.014536205 0.020525645 0.017561566 0.025808742 0.013716411 0.012338551 0.025913499 0.020460509 0.013867998 0.029118167 0.014355637 0.014143027 0.021042787 0.011015514 0.021749377 0.009211730 0.015609549 0.018837070 0.009846110 0.003846128 0.018157192 0.008171909 0.046132904 0.025270218 0.021722227 0.014332572
0.027535139 0.022883138 0.018256007 0.040210672 0.024359833 0.019911118 0.019408884 0.021688119 0.021695655 0.034385204 0.030027635 0.037096288 0.023048796 0.020537209 0.021792851 0.013093637 0.016664146 0.044219755 0.022463053 0.022538934 0.012537595 0.023238065 0.013980874 0.019893849 0.026724057 0.030256964 0.023956019 0.018157192 0.009822426 0.021078136 0.055849057 0.035331395 0.028991107 0.014153786
0.038041048 0.020925477 0.018005773 0.022507818 0.012391727 0.014581923 0.005379391 0.007700941 0.013280133 0.015930193 0.014320252 0.020013589 0.011244323 0.010594140 0.029024839 0.023991929 0.014072504 0.026960092 0.014653922 0.010896355 0.023964183 0.011494022 0.023887087 0.008309824 0.012323666 0.014181734 0.011268496 0.008171909 0.021078136 0.001368042 0.045271210 0.019104347 0.014850031 0.017914396
0.075717896 0.058105864 0.053971607 0.033333842 0.059612982 0.056526311 0.044406891 0.049006686 0.056163110 0.032019299 0.042797126 0.037725117 0.047073483 0.056503087 0.063155487 0.059128828 0.047687158 0.039983787 0.048324339 0.044602718 0.068455227 0.040580649 0.056638364 0.050998613 0.033660382 0.043882784 0.048625328 0.046132904 0.055849057 0.045271210 -0.007621031 0.051242270 0.057237469 0.053442515
0.057459660 0.025144778 0.037565030 0.017187364 0.018080615 0.025845915 0.014253437 0.017445423 0.029382421 0.012012982 0.011269502 0.012865700 0.017434515 0.020675508 0.046162959 0.045228649 0.028759997 0.029853923 0.026089147 0.014662770 0.033310674 0.017825000 0.038867012 0.020069070 0.017294403 0.010682648 0.029417459 0.025270218 0.035331395 0.019104347 0.051242270 0.003694631 0.024818568 0.042055849
0.047904000 0.034083351 0.024002325 0.027027298 0.018168140 0.025158662 0.016958538 0.013953373 0.019985693 0.017562449 0.019754924 0.021515001 0.016326468 0.022466218 0.035929453 0.030743612 0.027187075 0.034036148 0.027002130 0.020493317 0.036820620 0.017913811 0.029592259 0.017641077 0.021448594 0.018007986 0.023886682 0.021722227 0.028991107 0.014850031 0.057237469 0.024818568 -0.005754374 0.026890218
0.027869990 0.028968059 0.015290225 0.035736345 0.025874298 0.018476870 0.018538186 0.020478601 0.018397270 0.030224994 0.032531977 0.034955643 0.024925852 0.020384014 0.023812966 0.016223729 0.016774222 0.040536158 0.021679174 0.019613452 0.015825473 0.023851784 0.017646909 0.021024913 0.029178895 0.032353222 0.024220632 0.014332572 0.014153786 0.017914396 0.053442515 0.042055849 0.026890218 0.008938868
