0.000000000 0.166666672 0.030612245 0.201680675 0.030612245 0.136363640 0.095238097 0.120370373 0.090909094 0.191489369 0.170305684 0.173913047 0.120370373 0.103773586 0.030612245 0.050000001 0.077669904 0.188034192 0.136363640 0.159292042 0.054726370 0.173913047 0.086538464 0.099526070 0.132420093 0.166666672 0.116279073 0.116279073 0.068627454 0.103773586 0.243027896 0.233870968 0.136363640 0.128440365
0.166666672 0.000000000 0.136752144 0.036231883 0.136752144 0.031007752 0.072580643 0.047244094 0.076923080 0.025641026 0.003745318 0.007462686 0.047244094 0.064000003 0.136752144 0.117647059 0.090163931 0.022058824 0.031007752 0.007575758 0.112970710 0.007462686 0.081300810 0.068273090 0.035019454 0.000000000 0.051383398 0.051383398 0.099173553 0.064000003 0.079584777 0.069930069 0.031007752 0.039062500
0.030612245 0.136752144 0.000000000 0.172131151 0.000000000 0.106194690 0.064814813 0.090090089 0.060465116 0.161825731 0.140425533 0.144067794 0.090090089 0.073394492 0.000000000 0.019417476 0.047169812 0.158333331 0.106194690 0.129310340 0.024154589 0.144067794 0.056074765 0.069124423 0.102222219 0.136752144 0.085972853 0.085972853 0.038095240 0.073394492 0.214007780 0.204724416 0.106194690 0.098214284
0.201680675 0.036231883 0.172131151 0.000000000 0.172131151 0.067164183 0.108527131 0.083333336 0.112840466 0.010600707 0.032490976 0.028776979 0.083333336 0.100000001 0.172131151 0.153225809 0.125984251 0.014184397 0.067164183 0.043795619 0.148594379 0.028776979 0.117187500 0.104247101 0.071161047 0.036231883 0.087452471 0.087452471 0.134920642 0.100000001 0.043478262 0.033783782 0.067164183 0.075187966
0.030612245 0.136752144 0.000000000 0.172131151 0.000000000 0.106194690 0.064814813 0.090090089 0.060465116 0.161825731 0.140425533 0.144067794 0.090090089 0.073394492 0.000000000 0.019417476 0.047169812 0.158333331 0.106194690 0.129310340 0.024154589 0.144067794 0.056074765 0.069124423 0.102222219 0.136752144 0.085972853 0.085972853 0.038095240 0.073394492 0.214007780 0.204724416 0.106194690 0.098214284
0.136363640 0.031007752 0.106194690 0.067164183 0.106194690 0.000000000 0.041666668 0.016260162 0.046025105 0.056603774 0.034749035 0.038461540 0.016260162 0.033057850 0.106194690 0.086956523 0.059322033 0.053030305 0.000000000 0.023437500 0.082251079 0.038461540 0.050420169 0.037344400 0.004016064 0.031007752 0.020408163 0.020408163 0.068376072 0.033057850 0.110320285 0.100719422 0.000000000 0.008064516
0.095238097 0.072580643 0.064814813 0.108527131 0.064814813 0.041666668 0.000000000 0.025423728 0.004366812 0.098039217 0.076305218 0.079999998 0.025423728 0.008620690 0.064814813 0.045454547 0.017699115 0.094488189 0.041666668 0.065040648 0.040723983 0.079999998 0.008771930 0.004329004 0.037656903 0.072580643 0.021276595 0.021276595 0.026785715 0.008620690 0.151291519 0.141791046 0.041666668 0.033613447
0.120370373 0.047244094 0.090090089 0.083333336 0.090090089 0.016260162 0.025423728 0.000000000 0.029787235 0.072796933 0.050980393 0.054687500 0.000000000 0.016806724 0.090090089 0.070796460 0.043103449 0.069230773 0.016260162 0.039682541 0.066079296 0.054687500 0.034188036 0.021097047 0.012244898 0.047244094 0.004149378 0.004149378 0.052173913 0.016806724 0.126353785 0.116788320 0.016260162 0.008196721
0.090909094 0.076923080 0.060465116 0.112840466 0.060465116 0.046025105 0.004366812 0.029787235 0.000000000 0.102362208 0.080645159 0.084337346 0.029787235 0.012987013 0.060465116 0.041095890 0.013333334 0.098814227 0.046025105 0.069387756 0.036363635 0.084337346 0.004405286 0.008695652 0.042016808 0.076923080 0.025641026 0.025641026 0.022421524 0.012987013 0.155555561 0.146067411 0.046025105 0.037974682
0.191489369 0.025641026 0.161825731 0.010600707 0.161825731 0.056603774 0.098039217 0.072796933 0.102362208 0.000000000 0.021897810 0.018181818 0.072796933 0.089494161 0.161825731 0.142857149 0.115537852 0.003584229 0.056603774 0.033210333 0.138211384 0.018181818 0.106719367 0.093750000 0.060606062 0.025641026 0.076923080 0.076923080 0.124497995 0.089494161 0.054054055 0.044368602 0.056603774 0.064638786
0.170305684 0.003745318 0.140425533 0.032490976 0.140425533 0.034749035 0.076305218 0.050980393 0.080645159 0.021897810 0.000000000 0.003717472 0.050980393 0.067729086 0.140425533 0.121338911 0.093877554 0.018315019 0.034749035 0.011320755 0.116666667 0.003717472 0.085020244 0.071999997 0.038759690 0.003745318 0.055118110 0.055118110 0.102880657 0.067729086 0.075862072 0.066202089 0.034749035 0.042801555
0.173913047 0.007462686 0.144067794 0.028776979 0.144067794 0.038461540 0.079999998 0.054687500 0.084337346 0.018181818 0.003717472 0.000000000 0.054687500 0.071428575 0.144067794 0.125000000 0.097560972 0.014598540 0.038461540 0.015037594 0.120331950 0.000000000 0.088709675 0.075697213 0.042471044 0.007462686 0.058823530 0.058823530 0.106557377 0.071428575 0.072164945 0.062500000 0.038461540 0.046511628
0.120370373 0.047244094 0.090090089 0.083333336 0.090090089 0.016260162 0.025423728 0.000000000 0.029787235 0.072796933 0.050980393 0.054687500 0.000000000 0.016806724 0.090090089 0.070796460 0.043103449 0.069230773 0.016260162 0.039682541 0.066079296 0.054687500 0.034188036 0.021097047 0.012244898 0.047244094 0.004149378 0.004149378 0.052173913 0.016806724 0.126353785 0.116788320 0.016260162 0.008196721
0.103773586 0.064000003 0.073394492 0.100000001 0.073394492 0.033057850 0.008620690 0.016806724 0.012987013 0.089494161 0.067729086 0.071428575 0.016806724 0.000000000 0.073394492 0.054054055 0.026315790 0.085937500 0.033057850 0.056451611 0.049327355 0.071428575 0.017391304 0.004291845 0.029045643 0.064000003 0.012658228 0.012658228 0.035398230 0.000000000 0.142857149 0.133333340 0.033057850 0.025000000
0.030612245 0.136752144 0.000000000 0.172131151 0.000000000 0.106194690 0.064814813 0.090090089 0.060465116 0.161825731 0.140425533 0.144067794 0.090090089 0.073394492 0.000000000 0.019417476 0.047169812 0.158333331 0.106194690 0.129310340 0.024154589 0.144067794 0.056074765 0.069124423 0.102222219 0.136752144 0.085972853 0.085972853 0.038095240 0.073394492 0.214007780 0.204724416 0.106194690 0.098214284
0.050000001 0.117647059 0.019417476 0.153225809 0.019417476 0.086956523 0.045454547 0.070796460 0.041095890 0.142857149 0.121338911 0.125000000 0.070796460 0.054054055 0.019417476 0.000000000 0.027777778 0.139344260 0.086956523 0.110169493 0.004739337 0.125000000 0.036697246 0.049773756 0.082969435 0.117647059 0.066666670 0.066666670 0.018691588 0.054054055 0.195402294 0.186046511 0.086956523 0.078947365
0.077669904 0.090163931 0.047169812 0.125984251 0.047169812 0.059322033 0.017699115 0.043103449 0.013333334 0.115537852 0.093877554 0.097560972 0.043103449 0.026315790 0.047169812 0.027777778 0.000000000 0.112000003 0.059322033 0.082644626 0.023041476 0.097560972 0.008928572 0.022026431 0.055319149 0.090163931 0.038961038 0.038961038 0.009090909 0.026315790 0.168539330 0.159090906 0.059322033 0.051282052
0.188034192 0.022058824 0.158333331 0.014184397 0.158333331 0.053030305 0.094488189 0.069230773 0.098814227 0.003584229 0.018315019 0.014598540 0.069230773 0.085937500 0.158333331 0.139344260 0.112000003 0.000000000 0.053030305 0.029629629 0.134693876 0.014598540 0.103174604 0.090196081 0.057034221 0.022058824 0.073359072 0.073359072 0.120967738 0.085937500 0.057627119 0.047945205 0.053030305 0.061068702
0.136363640 0.031007752 0.106194690 0.067164183 0.106194690 0.000000000 0.041666668 0.016260162 0.046025105 0.056603774 0.034749035 0.038461540 0.016260162 0.033057850 0.106194690 0.086956523 0.059322033 0.053030305 0.000000000 0.023437500 0.082251079 0.038461540 0.050420169 0.037344400 0.004016064 0.031007752 0.020408163 0.020408163 0.068376072 0.033057850 0.110320285 0.100719422 0.000000000 0.008064516
0.159292042 0.007575758 0.129310340 0.043795619 0.129310340 0.023437500 0.065040648 0.039682541 0.069387756 0.033210333 0.011320755 0.015037594 0.039682541 0.056451611 0.129310340 0.110169493 0.082644626 0.029629629 0.023437500 0.000000000 0.105485231 0.015037594 0.073770493 0.060728744 0.027450981 0.007575758 0.043824703 0.043824703 0.091666669 0.056451611 0.087108016 0.077464789 0.023437500 0.031496063
0.054726370 0.112970710 0.024154589 0.148594379 0.024154589 0.082251079 0.040723983 0.066079296 0.036363635 0.138211384 0.116666667 0.120331950 0.066079296 0.049327355 0.024154589 0.004739337 0.023041476 0.134693876 0.082251079 0.105485231 0.000000000 0.120331950 0.031963471 0.045045044 0.078260869 0.112970710 0.061946902 0.061946902 0.013953488 0.049327355 0.190839693 0.181467175 0.082251079 0.074235804
0.173913047 0.007462686 0.144067794 0.028776979 0.144067794 0.038461540 0.079999998 0.054687500 0.084337346 0.018181818 0.003717472 0.000000000 0.054687500 0.071428575 0.144067794 0.125000000 0.097560972 0.014598540 0.038461540 0.015037594 0.120331950 0.000000000 0.088709675 0.075697213 0.042471044 0.007462686 0.058823530 0.058823530 0.106557377 0.071428575 0.072164945 0.062500000 0.038461540 0.046511628
0.086538464 0.081300810 0.056074765 0.117187500 0.056074765 0.050420169 0.008771930 0.034188036 0.004405286 0.106719367 0.085020244 0.088709675 0.034188036 0.017391304 0.056074765 0.036697246 0.008928572 0.103174604 0.050420169 0.073770493 0.031963471 0.088709675 0.000000000 0.013100437 0.046413504 0.081300810 0.030042918 0.030042918 0.018018018 0.017391304 0.159851298 0.150375932 0.050420169 0.042372882
0.099526070 0.068273090 0.069124423 0.104247101 0.069124423 0.037344400 0.004329004 0.021097047 0.008695652 0.093750000 0.071999997 0.075697213 0.021097047 0.004291845 0.069124423 0.049773756 0.022026431 0.090196081 0.037344400 0.060728744 0.045045044 0.075697213 0.013100437 0.000000000 0.033333335 0.068273090 0.016949153 0.016949153 0.031111112 0.004291845 0.147058830 0.137546465 0.037344400 0.029288704
0.132420093 0.035019454 0.102222219 0.071161047 0.102222219 0.004016064 0.037656903 0.012244898 0.042016808 0.060606062 0.038759690 0.042471044 0.012244898 0.029045643 0.102222219 0.082969435 0.055319149 0.057034221 0.004016064 0.027450981 0.078260869 0.042471044 0.046413504 0.033333335 0.000000000 0.035019454 0.016393442 0.016393442 0.064377680 0.029045643 0.114285715 0.104693137 0.004016064 0.004048583
0.166666672 0.000000000 0.136752144 0.036231883 0.136752144 0.031007752 0.072580643 0.047244094 0.076923080 0.025641026 0.003745318 0.007462686 0.047244094 0.064000003 0.136752144 0.117647059 0.090163931 0.022058824 0.031007752 0.007575758 0.112970710 0.007462686 0.081300810 0.068273090 0.035019454 0.000000000 0.051383398 0.051383398 0.099173553 0.064000003 0.079584777 0.069930069 0.031007752 0.039062500
0.116279073 0.051383398 0.085972853 0.087452471 0.085972853 0.020408163 0.021276595 0.004149378 0.025641026 0.076923080 0.055118110 0.058823530 0.004149378 0.012658228 0.085972853 0.066666670 0.038961038 0.073359072 0.020408163 0.043824703 0.061946902 0.058823530 0.030042918 0.016949153 0.016393442 0.051383398 0.000000000 0.000000000 0.048034936 0.012658228 0.130434781 0.120879121 0.020408163 0.012345679
0.116279073 0.051383398 0.085972853 0.087452471 0.085972853 0.020408163 0.021276595 0.004149378 0.025641026 0.076923080 0.055118110 0.058823530 0.004149378 0.012658228 0.085972853 0.066666670 0.038961038 0.073359072 0.020408163 0.043824703 0.061946902 0.058823530 0.030042918 0.016949153 0.016393442 0.051383398 0.000000000 0.000000000 0.048034936 0.012658228 0.130434781 0.120879121 0.020408163 0.012345679
0.068627454 0.099173553 0.038095240 0.134920642 0.038095240 0.068376072 0.026785715 0.052173913 0.022421524 0.124497995 0.102880657 0.106557377 0.052173913 0.035398230 0.038095240 0.018691588 0.009090909 0.120967738 0.068376072 0.091666669 0.013953488 0.106557377 0.018018018 0.031111112 0.064377680 0.099173553 0.048034936 0.048034936 0.000000000 0.035398230 0.177358493 0.167938933 0.068376072 0.060344826
0.103773586 0.064000003 0.073394492 0.100000001 0.073394492 0.033057850 0.008620690 0.016806724 0.012987013 0.089494161 0.067729086 0.071428575 0.016806724 0.000000000 0.073394492 0.054054055 0.026315790 0.085937500 0.033057850 0.056451611 0.049327355 0.071428575 0.017391304 0.004291845 0.029045643 0.064000003 0.012658228 0.012658228 0.035398230 0.000000000 0.142857149 0.133333340 0.033057850 0.025000000
0.243027896 0.079584777 0.214007780 0.043478262 0.214007780 0.110320285 0.151291519 0.126353785 0.155555561 0.054054055 0.075862072 0.072164945 0.126353785 0.142857149 0.214007780 0.195402294 0.168539330 0.057627119 0.110320285 0.087108016 0.190839693 0.072164945 0.159851298 0.147058830 0.114285715 0.079584777 0.130434781 0.130434781 0.177358493 0.142857149 0.000000000 0.009708738 0.110320285 0.118279569
0.233870968 0.069930069 0.204724416 0.033783782 0.204724416 0.100719422 0.141791046 0.116788320 0.146067411 0.044368602 0.066202089 0.062500000 0.116788320 0.133333340 0.204724416 0.186046511 0.159090906 0.047945205 0.100719422 0.077464789 0.181467175 0.062500000 0.150375932 0.137546465 0.104693137 0.069930069 0.120879121 0.120879121 0.167938933 0.133333340 0.009708738 0.000000000 0.100719422 0.108695649
0.136363640 0.031007752 0.106194690 0.067164183 0.106194690 0.000000000 0.041666668 0.016260162 0.046025105 0.056603774 0.034749035 0.038461540 0.016260162 0.033057850 0.106194690 0.086956523 0.059322033 0.053030305 0.000000000 0.023437500 0.082251079 0.038461540 0.050420169 0.037344400 0.004016064 0.031007752 0.020408163 0.020408163 0.068376072 0.033057850 0.110320285 0.100719422 0.000000000 0.008064516
0.128440365 0.039062500 0.098214284 0.075187966 0.098214284 0.008064516 0.033613447 0.008196721 0.037974682 0.064638786 0.042801555 0.046511628 0.008196721 0.025000000 0.098214284 0.078947365 0.051282052 0.061068702 0.008064516 0.031496063 0.074235804 0.046511628 0.042372882 0.029288704 0.004048583 0.039062500 0.012345679 0.012345679 0.060344826 0.025000000 0.118279569 0.108695649 0.008064516 0.000000000
