0.016851991 0.042148147 0.029051458 0.064694554 0.043364089 0.037654467 0.039971821 0.047079515 0.044148643 0.057079073 0.046597779 0.060551777 0.038335152 0.043827944 0.023616292 0.033494595 0.034043685 0.056200773 0.039187051 0.061232485 0.026422478 0.042026520 0.025645517 0.039440729 0.049334299 0.043452106 0.039234892 0.034163516 0.025697442 0.041856147 0.066938013 0.052315459 0.054225028 0.024963086
0.042148147 0.020057455 0.024188140 0.037687294 0.018920992 0.017784072 0.016834253 0.019708943 0.027030263 0.031262752 0.021426205 0.028981881 0.016877752 0.017714126 0.021640819 0.025483815 0.024007250 0.027364954 0.021702332 0.045293964 0.025336418 0.019866839 0.024789447 0.018802764 0.019548623 0.026300352 0.021705989 0.020660363 0.024571944 0.021058977 0.042824961 0.023834679 0.024065314 0.022680262
0.029051458 0.024188140 -0.000598572 0.040325291 0.017206531 0.012938380 0.012997266 0.019677715 0.018325111 0.033558305 0.023168258 0.037047297 0.018507324 0.017447930 0.015702847 0.015273484 0.014857130 0.030394644 0.015372089 0.030579271 0.005706876 0.017858109 0.012506623 0.014421740 0.026078260 0.024556238 0.016384359 0.009937322 0.012190484 0.017014487 0.041061457 0.026788533 0.022464633 0.008651799
0.064694554 0.037687294 0.040325291 0.012734865 0.020331629 0.028338244 0.026802640 0.030437440 0.036795057 0.022547280 0.018544579 0.016054830 0.022629805 0.031020107 0.052910578 0.054409727 0.035162088 0.024886455 0.030393625 0.022554889 0.036257833 0.023165014 0.049773514 0.023814168 0.029447235 0.015326697 0.031830970 0.030031826 0.038165193 0.031508386 0.035396349 0.011958251 0.042738456 0.039652474
0.043364089 0.018920992 0.017206531 0.020331629 -0.000814246 0.017464686 0.011667692 0.013044879 0.016934214 0.017379234 0.015687700 0.015233523 0.011952615 0.015830897 0.035294391 0.026101630 0.017361801 0.021952100 0.017450795 0.016739327 0.019979626 0.014983429 0.028830886 0.012925105 0.015472647 0.015332712 0.013652731 0.015484056 0.025732044 0.013981216 0.046289783 0.021275127 0.020499697 0.030712958
0.037654467 0.017784072 0.012938380 0.028338244 0.017464686 0.006424187 0.006999105 0.011843149 0.009644681 0.023253597 0.016578013 0.022843303 0.013081932 0.011209869 0.025463203 0.019241445 0.013852209 0.025449103 0.012852203 0.025188504 0.010931704 0.012843669 0.022360900 0.009628610 0.018913621 0.017913001 0.011585909 0.006229384 0.020566192 0.011049171 0.038290784 0.027990727 0.022161812 0.019173395
0.039971821 0.016834253 0.012997266 0.026802640 0.011667692 0.006999105 -0.004393709 0.007821046 0.011994514 0.019933693 0.002204068 0.020911032 0.010201876 0.005100284 0.026021061 0.022338230 0.012579525 0.017180940 0.007400113 0.016107788 0.014125934 0.005619305 0.022464817 0.001027949 0.012659681 0.006567268 0.006423996 0.006314754 0.018265702 0.008241521 0.037184577 0.013507468 0.018363781 0.018051852
0.047079515 0.019708943 0.019677715 0.030437440 0.013044879 0.011843149 0.007821046 0.004432430 0.015153607 0.022577405 0.013438093 0.023303039 0.010923504 0.014927834 0.032280270 0.031689372 0.018754147 0.021882350 0.015762854 0.026327441 0.019716445 0.013860364 0.030047949 0.008217072 0.016271677 0.012037119 0.014488026 0.010457713 0.024686381 0.011188676 0.039527386 0.019727895 0.018776361 0.023031482
0.044148643 0.027030263 0.018325111 0.036795057 0.016934214 0.009644681 0.011994514 0.015153607 0.005872265 0.028503332 0.018693252 0.027782444 0.015108183 0.015073797 0.029337075 0.027336685 0.018043067 0.028293006 0.018825222 0.031732641 0.017656837 0.014980641 0.025516003 0.010528589 0.023784000 0.019858906 0.018714869 0.013257928 0.019887315 0.015877020 0.044103339 0.022719448 0.018018039 0.013418801
0.057079073 0.031262752 0.033558305 0.022547280 0.017379234 0.023253597 0.019933693 0.022577405 0.028503332 0.013014900 0.012732592 0.014825875 0.018420994 0.022796009 0.045769744 0.047227696 0.030203089 0.019997137 0.024679031 0.022549752 0.031310093 0.018693572 0.042510334 0.018482346 0.024771860 0.009746334 0.025926359 0.023356102 0.034103394 0.023928875 0.034855332 0.010120411 0.029500902 0.035892989
0.046597779 0.021426205 0.023168258 0.018544579 0.015687700 0.016578013 0.002204068 0.013438093 0.018693252 0.012732592 0.000403374 0.012212332 0.011321602 0.013786566 0.036485203 0.032819342 0.020448789 0.011744937 0.015798250 0.018006086 0.022673380 0.011199540 0.031708837 0.011887075 0.014481340 0.007341838 0.015898451 0.015821168 0.028460473 0.015450015 0.032738615 0.009234146 0.017999353 0.029052002
0.060551777 0.028981881 0.037047297 0.016054830 0.015233523 0.022843303 0.020911032 0.023303039 0.027782444 0.014825875 0.012212332 0.007343621 0.016602650 0.024126861 0.047087297 0.047806874 0.031424485 0.020504959 0.026022993 0.021812033 0.033767294 0.016843053 0.043124523 0.018600771 0.023552813 0.010522150 0.026395405 0.025710797 0.033914790 0.023981992 0.036825415 0.010085510 0.027060909 0.037016343
0.038335152 0.016877752 0.018507324 0.022629805 0.011952615 0.013081932 0.010201876 0.010923504 0.015108183 0.018420994 0.011321602 0.016602650 0.001582084 0.011384394 0.031210978 0.027500087 0.018005740 0.017958980 0.015510926 0.017073920 0.020978235 0.014597211 0.026549276 0.010844715 0.015645742 0.014911056 0.012614124 0.013294860 0.021091126 0.013615085 0.039958969 0.015569377 0.017184675 0.023436531
0.043827944 0.017714126 0.017447930 0.031020107 0.015830897 0.011209869 0.005100284 0.014927834 0.015073797 0.022796009 0.013786566 0.024126861 0.011384394 0.007728240 0.032176942 0.026539439 0.014721059 0.021012764 0.012623012 0.021596402 0.017071690 0.013960864 0.026243236 0.009702156 0.018054932 0.015213961 0.011675316 0.011688162 0.021517366 0.014298782 0.046449795 0.022990339 0.026651125 0.023885759
0.023616292 0.021640819 0.015702847 0.052910578 0.035294391 0.025463203 0.026021061 0.032280270 0.029337075 0.045769744 0.036485203 0.047087297 0.031210978 0.032176942 0.005115107 0.022843279 0.021279890 0.043425366 0.025054462 0.045867957 0.018683191 0.030217536 0.021140175 0.028340019 0.038238369 0.030092256 0.027889229 0.021368546 0.021500010 0.027820449 0.051054664 0.049152452 0.040258355 0.023005622
0.033494595 0.025483815 0.015273484 0.054409727 0.026101630 0.019241445 0.022338230 0.031689372 0.027336685 0.047227696 0.032819342 0.047806874 0.027500087 0.026539439 0.022843279 0.007645799 0.019286808 0.042466305 0.024018012 0.038093038 0.013085624 0.026880171 0.016516749 0.023467021 0.034761269 0.032925256 0.025619624 0.022568256 0.010423684 0.028429281 0.052074816 0.038915373 0.037987925 0.014460653
0.034043685 0.024007250 0.014857130 0.035162088 0.017361801 0.013852209 0.012579525 0.018754147 0.018043067 0.030203089 0.020448789 0.031424485 0.018005740 0.014721059 0.021279890 0.019286808 0.003499540 0.027140368 0.012781871 0.027121786 0.012633288 0.016253879 0.016471466 0.012480622 0.022636425 0.023388095 0.013249014 0.013927269 0.015700141 0.017449807 0.040136278 0.026540857 0.029235605 0.015099093
0.056200773 0.027364954 0.030394644 0.024886455 0.021952100 0.025449103 0.017180940 0.021882350 0.028293006 0.019997137 0.011744937 0.020504959 0.017958980 0.021012764 0.043425366 0.042466305 0.027140368 0.004174467 0.022062233 0.036706857 0.027939396 0.016230037 0.038272202 0.020065866 0.018055297 0.007924421 0.022621993 0.020568896 0.034862310 0.023396451 0.026611682 0.011750080 0.032921597 0.032214053
0.039187051 0.021702332 0.015372089 0.030393625 0.017450795 0.012852203 0.007400113 0.015762854 0.018825222 0.024679031 0.015798250 0.026022993 0.015510926 0.012623012 0.025054462 0.024018012 0.012781871 0.022062233 0.002435131 0.023483373 0.016169056 0.012793627 0.020688286 0.011773940 0.018803261 0.018649025 0.014440225 0.012676171 0.018824829 0.016045269 0.039045718 0.020476025 0.025430597 0.016483234
0.061232485 0.045293964 0.030579271 0.022554889 0.016739327 0.025188504 0.016107788 0.026327441 0.031732641 0.022549752 0.018006086 0.021812033 0.017073920 0.021596402 0.045867957 0.038093038 0.027121786 0.036706857 0.023483373 0.006020906 0.022746595 0.018245814 0.041804362 0.016300831 0.030982994 0.020447642 0.028202180 0.020272888 0.032019798 0.028745461 0.053183045 0.016406108 0.040997766 0.042160515
0.026422478 0.025336418 0.005706876 0.036257833 0.019979626 0.010931704 0.014125934 0.019716445 0.017656837 0.031310093 0.022673380 0.033767294 0.020978235 0.017071690 0.018683191 0.013085624 0.012633288 0.027939396 0.016169056 0.022746595 -0.000415467 0.017987246 0.012124293 0.014917441 0.031166524 0.023857815 0.015742835 0.010119263 0.012149591 0.017679267 0.038689904 0.028152734 0.026212994 0.013254108
0.042026520 0.019866839 0.017858109 0.023165014 0.014983429 0.012843669 0.005619305 0.013860364 0.014980641 0.018693572 0.011199540 0.016843053 0.014597211 0.013960864 0.030217536 0.026880171 0.016253879 0.016230037 0.012793627 0.018245814 0.017987246 -0.001005585 0.025236621 0.009423060 0.016260311 0.013684181 0.011996225 0.011280212 0.021995615 0.014528615 0.034065232 0.016497444 0.018799834 0.023166161
0.025645517 0.024789447 0.012506623 0.049773514 0.028830886 0.022360900 0.022464817 0.030047949 0.025516003 0.042510334 0.031708837 0.043124523 0.026549276 0.026243236 0.021140175 0.016516749 0.016471466 0.038272202 0.020688286 0.041804362 0.012124293 0.025236621 0.006120810 0.024306627 0.033314887 0.029111478 0.023265380 0.021061514 0.014416053 0.026142122 0.047038451 0.044746421 0.034617182 0.018062010
0.039440729 0.018802764 0.014421740 0.023814168 0.012925105 0.009628610 0.001027949 0.008217072 0.010528589 0.018482346 0.011887075 0.018600771 0.010844715 0.009702156 0.028340019 0.023467021 0.012480622 0.020065866 0.011773940 0.016300831 0.014917441 0.009423060 0.024306627 -0.001942503 0.018436717 0.015958164 0.007445993 0.008729393 0.019318201 0.010057073 0.040463205 0.018360822 0.017665725 0.021251950
0.049334299 0.019548623 0.026078260 0.029447235 0.015472647 0.018913621 0.012659681 0.016271677 0.023784000 0.024771860 0.014481340 0.023552813 0.015645742 0.018054932 0.038238369 0.034761269 0.022636425 0.018055297 0.018803261 0.030982994 0.031166524 0.016260311 0.033314887 0.018436717 -0.014168750 0.012949981 0.019796338 0.018163718 0.027941249 0.019078776 0.028374711 0.019492039 0.024322402 0.028108081
0.043452106 0.026300352 0.024556238 0.015326697 0.015332712 0.017913001 0.006567268 0.012037119 0.019858906 0.009746334 0.007341838 0.010522150 0.014911056 0.015213961 0.030092256 0.032925256 0.023388095 0.007924421 0.018649025 0.020447642 0.023857815 0.013684181 0.029111478 0.015958164 0.012949981 -0.000258035 0.016691923 0.017352067 0.029806353 0.015052918 0.031257700 0.008384957 0.012764313 0.027979994
0.039234892 0.021705989 0.016384359 0.031830970 0.013652731 0.011585909 0.006423996 0.014488026 0.018714869 0.025926359 0.015898451 0.026395405 0.012614124 0.011675316 0.027889229 0.025619624 0.013249014 0.022621993 0.014440225 0.028202180 0.015742835 0.011996225 0.023265380 0.007445993 0.019796338 0.016691923 0.006385684 0.008666541 0.019994879 0.013618181 0.041378129 0.021270264 0.022879811 0.018536324
0.034163516 0.020660363 0.009937322 0.030031826 0.015484056 0.006229384 0.006314754 0.010457713 0.013257928 0.023356102 0.015821168 0.025710797 0.013294860 0.011688162 0.021368546 0.022568256 0.013927269 0.020568896 0.012676171 0.020272888 0.010119263 0.011280212 0.021061514 0.008729393 0.018163718 0.017352067 0.008666541 -0.000772689 0.016509015 0.008945683 0.032192945 0.020732902 0.020942118 0.011549436
0.025697442 0.024571944 0.012190484 0.038165193 0.025732044 0.020566192 0.018265702 0.024686381 0.019887315 0.034103394 0.028460473 0.033914790 0.021091126 0.021517366 0.021500010 0.010423684 0.015700141 0.034862310 0.018824829 0.032019798 0.012149591 0.021995615 0.014416053 0.019318201 0.027941249 0.029806353 0.019994879 0.016509015 0.009788612 0.021535017 0.042757459 0.037905581 0.029568214 0.016260497
0.041856147 0.021058977 0.017014487 0.031508386 0.013981216 0.011049171 0.008241521 0.011188676 0.015877020 0.023928875 0.015450015 0.023981992 0.013615085 0.014298782 0.027820449 0.028429281 0.017449807 0.023396451 0.016045269 0.028745461 0.017679267 0.014528615 0.026142122 0.010057073 0.019078776 0.015052918 0.013618181 0.008945683 0.021535017 0.006444825 0.038474619 0.018789934 0.019135348 0.017092399
0.066938013 0.042824961 0.041061457 0.035396349 0.046289783 0.038290784 0.037184577 0.039527386 0.044103339 0.034855332 0.032738615 0.036825415 0.039958969 0.046449795 0.051054664 0.052074816 0.040136278 0.026611682 0.039045718 0.053183045 0.038689904 0.034065232 0.047038451 0.040463205 0.028374711 0.031257700 0.041378129 0.032192945 0.042757459 0.038474619 -0.022603158 0.032482017 0.050167553 0.039388329
0.052315459 0.023834679 0.026788533 0.011958251 0.021275127 0.027990727 0.013507468 0.019727895 0.022719448 0.010120411 0.009234146 0.010085510 0.015569377 0.022990339 0.049152452 0.038915373 0.026540857 0.011750080 0.020476025 0.016406108 0.028152734 0.016497444 0.044746421 0.018360822 0.019492039 0.008384957 0.021270264 0.020732902 0.037905581 0.018789934 0.032482017 0.003057676 0.026425954 0.046162877
0.054225028 0.024065314 0.022464633 0.042738456 0.020499697 0.022161812 0.018363781 0.018776361 0.018018039 0.029500902 0.017999353 0.027060909 0.017184675 0.026651125 0.040258355 0.037987925 0.029235605 0.032921597 0.025430597 0.040997766 0.026212994 0.018799834 0.034617182 0.017665725 0.024322402 0.012764313 0.022879811 0.020942118 0.029568214 0.019135348 0.050167553 0.026425954 0.002372362 0.028379193
0.024963086 0.022680262 0.008651799 0.039652474 0.030712958 0.019173395 0.018051852 0.023031482 0.013418801 0.035892989 0.029052002 0.037016343 0.023436531 0.023885759 0.023005622 0.014460653 0.015099093 0.032214053 0.016483234 0.042160515 0.013254108 0.023166161 0.018062010 0.021251950 0.028108081 0.027979994 0.018536324 0.011549436 0.016260497 0.017092399 0.039388329 0.046162877 0.028379193 0.011455741
