0.024477648 0.040570404 0.035591453 0.060918644 0.045523964 0.044590786 0.040249467 0.045324802 0.044714279 0.051063210 0.048093405 0.062421266 0.040641762 0.045537107 0.030421119 0.041104112 0.034100033 0.065058850 0.044236913 0.059191089 0.032555755 0.045435421 0.028742012 0.041231405 0.046500199 0.049916733 0.043776523 0.037925072 0.037019141 0.038941212 0.072495744 0.061163284 0.051994126 0.034021035
0.040570404 0.007136390 0.023110179 0.027621394 0.020513926 0.019293770 0.014521664 0.011529524 0.017681366 0.020042047 0.020033346 0.024660069 0.013966318 0.016611625 0.020618705 0.023059377 0.020257883 0.017041115 0.015379405 0.031474669 0.024748653 0.013772750 0.023547489 0.015914178 0.006312596 0.017025879 0.016548518 0.016403513 0.029782096 0.013657618 0.039419614 0.025433024 0.018642742 0.026121831
0.035591453 0.023110179 0.007467285 0.039683133 0.024157822 0.022079218 0.016446495 0.021720722 0.019029802 0.031279579 0.028413484 0.040891558 0.021934498 0.022934776 0.024273945 0.023261426 0.018686809 0.037917495 0.020531788 0.032152288 0.012558620 0.021992033 0.017534267 0.018498292 0.025646806 0.029671686 0.022069022 0.015262977 0.023077600 0.018326117 0.049668439 0.037532520 0.024892440 0.017336432
0.060918644 0.027621394 0.039683133 0.000325950 0.022023899 0.030361585 0.026917752 0.021315929 0.028903186 0.011470779 0.017917026 0.014718205 0.023054078 0.028643152 0.046737492 0.051861107 0.032310475 0.015893491 0.029746804 0.020207923 0.037838086 0.021964563 0.042919248 0.027910352 0.015261427 0.014045136 0.029876925 0.028136309 0.042327788 0.023574293 0.031244829 0.011747472 0.029000930 0.036982108
0.045523964 0.020513926 0.024157822 0.022023899 0.003713620 0.020081934 0.014121340 0.012677024 0.018018719 0.021018665 0.018570788 0.023035500 0.016483121 0.016672337 0.037302334 0.031080276 0.018126730 0.026331626 0.021843445 0.013142731 0.025674419 0.016571078 0.027563933 0.016669322 0.011046370 0.016956875 0.020430773 0.019780282 0.027624909 0.012684632 0.052439228 0.022841016 0.020763557 0.030049788
0.044590786 0.019293770 0.022079218 0.030361585 0.020081934 0.012551151 0.008700802 0.014103744 0.014006700 0.024665646 0.019429607 0.029780803 0.015468374 0.014152086 0.033729970 0.027215697 0.014909163 0.028568441 0.017092273 0.022379486 0.020400345 0.014355406 0.022856675 0.011849055 0.016392816 0.018093936 0.016036272 0.013131772 0.024644505 0.012555202 0.047311060 0.028904270 0.025518427 0.022782398
0.040249467 0.014521664 0.016446495 0.026917752 0.014121340 0.008700802 -0.004853015 0.004897192 0.009841246 0.019082148 0.002044756 0.024143972 0.009106467 0.003896501 0.027397113 0.023643957 0.011141767 0.018464683 0.008618731 0.012612184 0.016150029 0.004264220 0.021431405 0.002374762 0.007842861 0.004383007 0.008905774 0.007689031 0.019779479 0.003984574 0.039982021 0.013380491 0.016393133 0.017199680
0.045324802 0.011529524 0.021720722 0.021315929 0.012677024 0.014103744 0.004897192 -0.000529933 0.010315938 0.014195262 0.011181350 0.020171972 0.009251600 0.012565020 0.034335330 0.034176730 0.015898136 0.021393612 0.013635897 0.017991615 0.020986184 0.011163069 0.028054502 0.006033445 0.007450147 0.010168004 0.012272662 0.009466017 0.028214343 0.005594609 0.040104076 0.018966993 0.014456164 0.024226449
0.044714279 0.017681366 0.019029802 0.028903186 0.018018719 0.014006700 0.009841246 0.010315938 0.001591481 0.021006472 0.017538453 0.026805611 0.012761953 0.013670731 0.028875075 0.027440012 0.015744569 0.022113156 0.015753236 0.026288614 0.018291123 0.011122202 0.024163881 0.009238066 0.013248526 0.016457595 0.015724763 0.012949157 0.026617218 0.010935496 0.046214569 0.024900407 0.015118144 0.020085653
0.051063210 0.020042047 0.031279579 0.011470779 0.021018665 0.024665646 0.019082148 0.014195262 0.021006472 0.001626067 0.011921620 0.009496095 0.017947823 0.020967435 0.039629292 0.044166423 0.027824735 0.012571868 0.023343440 0.017743720 0.030266827 0.017711753 0.035617501 0.021772893 0.008227439 0.009146842 0.022850731 0.020498188 0.038068205 0.016765356 0.029277395 0.011510493 0.017893072 0.033200536
0.048093405 0.020033346 0.028413484 0.017917026 0.018570788 0.019429607 0.002044756 0.011181350 0.017538453 0.011921620 0.000422075 0.015475595 0.012100335 0.012925578 0.039018687 0.034117065 0.019483007 0.014029664 0.017998040 0.014157760 0.026021998 0.010358652 0.031199809 0.013585553 0.008910689 0.005569709 0.018651411 0.017211448 0.031296417 0.012173708 0.035929207 0.009627453 0.016186301 0.029304301
0.062421266 0.024660069 0.040891558 0.014718205 0.023035500 0.029780803 0.024143972 0.020171972 0.026805611 0.009496095 0.015475595 0.008536238 0.019455787 0.026119500 0.047336027 0.050435260 0.032236781 0.017116554 0.027074825 0.022830840 0.039397947 0.018745622 0.043124430 0.024020964 0.015283754 0.012140850 0.027244821 0.029066458 0.042339019 0.022871094 0.038770065 0.014663028 0.024864387 0.040473565
0.040641762 0.013966318 0.021934498 0.023054078 0.016483121 0.015468374 0.009106467 0.009251600 0.012761953 0.017947823 0.012100335 0.019455787 0.001411106 0.012651432 0.033372227 0.028585108 0.016318724 0.020744737 0.015396366 0.012339329 0.024681043 0.012733240 0.025201585 0.011591752 0.011547787 0.012609681 0.015625540 0.015007352 0.025964787 0.010046106 0.043122634 0.019409511 0.016017186 0.025361253
0.045537107 0.016611625 0.022934776 0.028643152 0.016672337 0.014152086 0.003896501 0.012565020 0.013670731 0.020967435 0.012925578 0.026119500 0.012651432 0.005575290 0.034060627 0.029628297 0.012939015 0.024753954 0.015176227 0.012708226 0.019751690 0.013014161 0.022704549 0.009952165 0.013291892 0.013520833 0.015507187 0.013650819 0.020334965 0.010196816 0.049981937 0.020025583 0.024415974 0.021153137
0.030421119 0.020618705 0.024273945 0.046737492 0.037302334 0.033729970 0.027397113 0.034335330 0.028875075 0.039629292 0.039018687 0.047336027 0.033372227 0.034060627 0.008785502 0.028601512 0.024455857 0.057648297 0.032048956 0.037295491 0.022655753 0.034689955 0.024470009 0.030876108 0.038637184 0.038639687 0.033861212 0.024490155 0.026922081 0.027167555 0.059738256 0.050392002 0.039355718 0.026793346
0.041104112 0.023059377 0.023261426 0.051861107 0.031080276 0.027215697 0.023643957 0.034176730 0.027440012 0.044166423 0.034117065 0.050435260 0.028585108 0.029628297 0.028601512 0.014025053 0.021001223 0.051823184 0.028769836 0.039278459 0.018305263 0.028850541 0.019043246 0.025024531 0.033876304 0.036492903 0.028488614 0.026554186 0.019387631 0.027190339 0.061723463 0.047685821 0.038803898 0.020856967
0.034100033 0.020257883 0.018686809 0.032310475 0.018126730 0.014909163 0.011141767 0.015898136 0.015744569 0.027824735 0.019483007 0.032236781 0.016318724 0.012939015 0.024455857 0.021001223 0.002635962 0.028457958 0.013604268 0.019234819 0.014674328 0.014522381 0.015124079 0.012294067 0.017214501 0.020328235 0.014799427 0.015251737 0.016582064 0.013683069 0.043385755 0.024837982 0.027427211 0.014756372
0.065058850 0.017041115 0.037917495 0.015893491 0.026331626 0.028568441 0.018464683 0.021393612 0.022113156 0.012571868 0.014029664 0.017116554 0.020744737 0.024753954 0.057648297 0.051823184 0.028457958 0.011450168 0.023803249 0.024206750 0.034314629 0.016996378 0.045774616 0.022454062 0.014679079 0.012960298 0.026236046 0.022168882 0.042868257 0.021483701 0.032898530 0.017192980 0.034253746 0.040096499
0.044236913 0.015379405 0.020531788 0.029746804 0.021843445 0.017092273 0.008618731 0.013635897 0.015753236 0.023343440 0.017998040 0.027074825 0.015396366 0.015176227 0.032048956 0.028769836 0.013604268 0.023803249 0.003071756 0.020186450 0.021225901 0.012870793 0.024761055 0.013667317 0.015117284 0.016117536 0.014960010 0.014927172 0.024645910 0.014026081 0.043779355 0.025132973 0.026498664 0.021940187
0.059191089 0.031474669 0.032152288 0.020207923 0.013142731 0.022379486 0.012612184 0.017991615 0.026288614 0.017743720 0.014157760 0.022830840 0.012339329 0.012708226 0.037295491 0.039278459 0.019234819 0.024206750 0.020186450 0.002691463 0.026950402 0.013640950 0.028483793 0.013595163 0.012582324 0.014895756 0.024858892 0.020036345 0.029147977 0.016787201 0.049338907 0.012006519 0.029695412 0.029755786
0.032555755 0.024748653 0.012558620 0.037838086 0.025674419 0.020400345 0.016150029 0.020986184 0.018291123 0.030266827 0.026021998 0.039397947 0.024681043 0.019751690 0.022655753 0.018305263 0.014674328 0.034314629 0.021225901 0.026950402 0.004523340 0.021295762 0.013065606 0.018308524 0.028091557 0.028995890 0.021370796 0.014446355 0.019525329 0.015378984 0.047010228 0.036251154 0.024741668 0.016486052
0.045435421 0.013772750 0.021992033 0.021964563 0.016571078 0.014355406 0.004264220 0.011163069 0.011122202 0.017711753 0.010358652 0.018745622 0.012733240 0.013014161 0.034689955 0.028850541 0.014522381 0.016996378 0.012870793 0.013640950 0.021295762 -0.000871840 0.026502535 0.009347662 0.009485062 0.008526970 0.012838778 0.012620534 0.023857079 0.010347778 0.037735015 0.016516544 0.018523891 0.023407828
0.028742012 0.023547489 0.017534267 0.042919248 0.027563933 0.022856675 0.021431405 0.028054502 0.024163881 0.035617501 0.031199809 0.043124430 0.025201585 0.022704549 0.024470009 0.019043246 0.015124079 0.045774616 0.024761055 0.028483793 0.013065606 0.026502535 0.005326311 0.024426494 0.029784326 0.033356190 0.027107961 0.021921895 0.014490367 0.021286655 0.051486261 0.036022719 0.030946501 0.016331248
0.041231405 0.015914178 0.018498292 0.027910352 0.016669322 0.011849055 0.002374762 0.006033445 0.009238066 0.021772893 0.013585553 0.024020964 0.011591752 0.009952165 0.030876108 0.025024531 0.012294067 0.022454062 0.013667317 0.013595163 0.018308524 0.009347662 0.024426494 -0.000209451 0.012532882 0.014132548 0.011112073 0.011140848 0.020973040 0.006708805 0.045375738 0.018895790 0.016804183 0.019757302
0.046500199 0.006312596 0.025646806 0.015261427 0.011046370 0.016392816 0.007842861 0.007450147 0.013248526 0.008227439 0.008910689 0.015283754 0.011547787 0.013291892 0.038637184 0.033876304 0.017214501 0.014679079 0.015117284 0.012582324 0.028091557 0.009485062 0.029784326 0.012532882 -0.018104598 0.006722380 0.014402727 0.013514386 0.026401192 0.010058319 0.027164433 0.012242438 0.018109307 0.025609434
0.049916733 0.017025879 0.029671686 0.014045136 0.016956875 0.018093936 0.004383007 0.010168004 0.016457595 0.009146842 0.005569709 0.012140850 0.012609681 0.013520833 0.038639687 0.036492903 0.020328235 0.012960298 0.016117536 0.014895756 0.028995890 0.008526970 0.033356190 0.014132548 0.006722380 -0.000770360 0.018570250 0.018597305 0.030872658 0.010753376 0.037300095 0.009350637 0.016179265 0.029685222
0.043776523 0.016548518 0.022069022 0.029876925 0.020430773 0.016036272 0.008905774 0.012272662 0.015724763 0.022850731 0.018651411 0.027244821 0.015625540 0.015507187 0.033861212 0.028488614 0.014799427 0.026236046 0.014960010 0.024858892 0.021370796 0.012838778 0.027107961 0.011112073 0.014402727 0.018570250 0.010562379 0.011131848 0.027440902 0.010206875 0.044777252 0.029443482 0.023570646 0.025310738
0.037925072 0.016403513 0.015262977 0.028136309 0.019780282 0.013131772 0.007689031 0.009466017 0.012949157 0.020498188 0.017211448 0.029066458 0.015007352 0.013650819 0.024490155 0.026554186 0.015251737 0.022168882 0.014927172 0.020036345 0.014446355 0.012620534 0.021921895 0.011140848 0.013514386 0.018597305 0.011131848 0.002491497 0.026124125 0.006872458 0.037456792 0.025195213 0.019334774 0.017732440
0.037019141 0.029782096 0.023077600 0.042327788 0.027624909 0.024644505 0.019779479 0.028214343 0.026617218 0.038068205 0.031296417 0.042339019 0.025964787 0.020334965 0.026922081 0.019387631 0.016582064 0.042868257 0.024645910 0.029147977 0.019525329 0.023857079 0.014490367 0.020973040 0.026401192 0.030872658 0.027440902 0.026124125 0.009048231 0.023463126 0.054379888 0.033868831 0.035602171 0.016070783
0.038941212 0.013657618 0.018326117 0.023574293 0.012684632 0.012555202 0.003984574 0.005594609 0.010935496 0.016765356 0.012173708 0.022871094 0.010046106 0.010196816 0.027167555 0.027190339 0.013683069 0.021483701 0.014026081 0.016787201 0.015378984 0.010347778 0.021286655 0.006708805 0.010058319 0.010753376 0.010206875 0.006872458 0.023463126 0.000009291 0.038820654 0.015686989 0.013534398 0.017437963
0.072495744 0.039419614 0.049668439 0.031244829 0.052439228 0.047311060 0.039982021 0.040104076 0.046214569 0.029277395 0.035929207 0.038770065 0.043122634 0.049981937 0.059738256 0.061723463 0.043385755 0.032898530 0.043779355 0.049338907 0.047010228 0.037735015 0.051486261 0.045375738 0.027164433 0.037300095 0.044777252 0.037456792 0.054379888 0.038820654 -0.016756147 0.038087033 0.051396769 0.049651533
0.061163284 0.025433024 0.037532520 0.011747472 0.022841016 0.028904270 0.013380491 0.018966993 0.024900407 0.011510493 0.009627453 0.014663028 0.019409511 0.020025583 0.050392002 0.047685821 0.024837982 0.017192980 0.025132973 0.012006519 0.036251154 0.016516544 0.036022719 0.018895790 0.012242438 0.009350637 0.029443482 0.025195213 0.033868831 0.015686989 0.038087033 0.003147286 0.025045905 0.040731590
0.051994126 0.018642742 0.024892440 0.029000930 0.020763557 0.025518427 0.016393133 0.014456164 0.015118144 0.017893072 0.016186301 0.024864387 0.016017186 0.024415974 0.039355718 0.038803898 0.027427211 0.034253746 0.026498664 0.029695412 0.024741668 0.018523891 0.030946501 0.016804183 0.018109307 0.016179265 0.023570646 0.019334774 0.035602171 0.013534398 0.051396769 0.025045905 -0.003655713 0.030733535
0.034021035 0.026121831 0.017336432 0.036982108 0.030049788 0.022782398 0.017199680 0.024226449 0.020085653 0.033200536 0.029304301 0.040473565 0.025361253 0.021153137 0.026793346 0.020856967 0.014756372 0.040096499 0.021940187 0.029755786 0.016486052 0.023407828 0.016331248 0.019757302 0.025609434 0.029685222 0.025310738 0.017732440 0.016070783 0.017437963 0.049651533 0.040731590 0.030733535 0.010841377
