0.000000000 0.211538464 0.127659574 0.302127659 0.132275134 0.184079602 0.192118227 0.237209305 0.145833328 0.286956519 0.226415098 0.261261255 0.200000003 0.184079602 0.141361251 0.163265303 0.127659574 0.267857134 0.237209305 0.167512685 0.122994654 0.188118815 0.108695649 0.188118815 0.207729474 0.233644858 0.184079602 0.188118815 0.098901100 0.167512685 0.394833952 0.308016866 0.271111101 0.127659574
0.211538464 0.000000000 0.086206898 0.096774191 0.081545062 0.028571429 0.020242915 0.027027028 0.067796610 0.080291972 0.015625000 0.052631579 0.012048192 0.028571429 0.072340429 0.050000001 0.086206898 0.059701491 0.027027028 0.045643155 0.090909094 0.024390243 0.105263159 0.024390243 0.003984064 0.023255814 0.028571429 0.024390243 0.115044251 0.045643155 0.200000003 0.103202850 0.063197024 0.086206898
0.127659574 0.086206898 0.000000000 0.181467175 0.004694836 0.057777777 0.066079296 0.112970710 0.018518519 0.165354326 0.101694912 0.138211384 0.074235804 0.057777777 0.013953488 0.036363635 0.000000000 0.145161286 0.112970710 0.040723983 0.004739337 0.061946902 0.019230770 0.061946902 0.082251079 0.109243698 0.057777777 0.061946902 0.029126214 0.040723983 0.281355917 0.187739462 0.148594379 0.000000000
0.302127659 0.096774191 0.181467175 0.000000000 0.176923081 0.125000000 0.116788320 0.069930069 0.163498104 0.016611295 0.081272088 0.044368602 0.108695649 0.125000000 0.167938933 0.146067411 0.181467175 0.037288137 0.069930069 0.141791046 0.186046511 0.120879121 0.200000003 0.120879121 0.100719422 0.073684208 0.125000000 0.120879121 0.209486172 0.141791046 0.105263159 0.006493506 0.033783782 0.181467175
0.132275134 0.081545062 0.004694836 0.176923081 0.000000000 0.053097345 0.061403509 0.108333334 0.013824885 0.160784319 0.097046413 0.133603245 0.069565214 0.053097345 0.009259259 0.031674210 0.004694836 0.140562251 0.108333334 0.036036037 0.009433962 0.057268724 0.023923445 0.057268724 0.077586204 0.104602508 0.053097345 0.057268724 0.033816423 0.036036037 0.277027041 0.183206111 0.143999994 0.004694836
0.184079602 0.028571429 0.057777777 0.125000000 0.053097345 0.000000000 0.008333334 0.055555556 0.039301310 0.108614229 0.044176705 0.081081077 0.016528925 0.000000000 0.043859649 0.021459227 0.057777777 0.088122606 0.055555556 0.017094018 0.062500000 0.004184100 0.076923080 0.004184100 0.024590164 0.051792830 0.000000000 0.004184100 0.086757988 0.017094018 0.227272734 0.131386861 0.091603056 0.057777777
0.192118227 0.020242915 0.066079296 0.116788320 0.061403509 0.008333334 0.000000000 0.047244094 0.047619049 0.100371748 0.035856575 0.072796933 0.008196721 0.008333334 0.052173913 0.029787235 0.066079296 0.079847910 0.047244094 0.025423728 0.070796460 0.004149378 0.085201792 0.004149378 0.016260162 0.043478262 0.008333334 0.004149378 0.095022626 0.025423728 0.219354838 0.123188406 0.083333336 0.066079296
0.237209305 0.027027028 0.112970710 0.069930069 0.108333334 0.055555556 0.047244094 0.000000000 0.094650209 0.053380784 0.011406844 0.025641026 0.039062500 0.055555556 0.099173553 0.076923080 0.112970710 0.032727271 0.000000000 0.072580643 0.117647059 0.051383398 0.131914899 0.051383398 0.031007752 0.003773585 0.055555556 0.051383398 0.141630903 0.072580643 0.173913047 0.076388888 0.036231883 0.112970710
0.145833328 0.067796610 0.018518519 0.163498104 0.013824885 0.039301310 0.047619049 0.094650209 0.000000000 0.147286817 0.083333336 0.119999997 0.055793993 0.039301310 0.004566210 0.017857144 0.018518519 0.126984134 0.094650209 0.022222223 0.023255814 0.043478262 0.037735850 0.043478262 0.063829787 0.090909094 0.039301310 0.043478262 0.047619049 0.022222223 0.264214039 0.169811323 0.130434781 0.018518519
0.286956519 0.080291972 0.165354326 0.016611295 0.160784319 0.108614229 0.100371748 0.053380784 0.147286817 0.000000000 0.064748198 0.027777778 0.092250921 0.108614229 0.151750967 0.129770994 0.165354326 0.020689655 0.053380784 0.125475287 0.169960469 0.104477614 0.184000000 0.104477614 0.084249087 0.057142857 0.108614229 0.104477614 0.193548381 0.125475287 0.121661723 0.023102310 0.017182130 0.165354326
0.226415098 0.015625000 0.101694912 0.081272088 0.097046413 0.044176705 0.035856575 0.011406844 0.083333336 0.064748198 0.000000000 0.037037037 0.027667984 0.044176705 0.087866105 0.065573767 0.101694912 0.044117648 0.011406844 0.061224490 0.106382981 0.039999999 0.120689653 0.039999999 0.019607844 0.007633588 0.044176705 0.039999999 0.130434781 0.061224490 0.184952974 0.087719299 0.047619049 0.101694912
0.261261255 0.052631579 0.138211384 0.044368602 0.133603245 0.081081077 0.072796933 0.025641026 0.119999997 0.027777778 0.037037037 0.000000000 0.064638786 0.081081077 0.124497995 0.102362208 0.138211384 0.007092198 0.025641026 0.098039217 0.142857149 0.076923080 0.157024801 0.076923080 0.056603774 0.029411765 0.081081077 0.076923080 0.166666672 0.098039217 0.148936167 0.050847456 0.010600707 0.138211384
0.200000003 0.012048192 0.074235804 0.108695649 0.069565214 0.016528925 0.008196721 0.039062500 0.055793993 0.092250921 0.027667984 0.064638786 0.000000000 0.016528925 0.060344826 0.037974682 0.074235804 0.071698114 0.039062500 0.033613447 0.078947365 0.012345679 0.093333334 0.012345679 0.008064516 0.035294119 0.016528925 0.012345679 0.103139013 0.033613447 0.211538464 0.115107916 0.075187966 0.074235804
0.184079602 0.028571429 0.057777777 0.125000000 0.053097345 0.000000000 0.008333334 0.055555556 0.039301310 0.108614229 0.044176705 0.081081077 0.016528925 0.000000000 0.043859649 0.021459227 0.057777777 0.088122606 0.055555556 0.017094018 0.062500000 0.004184100 0.076923080 0.004184100 0.024590164 0.051792830 0.000000000 0.004184100 0.086757988 0.017094018 0.227272734 0.131386861 0.091603056 0.057777777
0.141361251 0.072340429 0.013953488 0.167938933 0.009259259 0.043859649 0.052173913 0.099173553 0.004566210 0.151750967 0.087866105 0.124497995 0.060344826 0.043859649 0.000000000 0.022421524 0.013953488 0.131474108 0.099173553 0.026785715 0.018691588 0.048034936 0.033175357 0.048034936 0.068376072 0.095435686 0.043859649 0.048034936 0.043062203 0.026785715 0.268456370 0.174242422 0.134920642 0.013953488
0.163265303 0.050000001 0.036363635 0.146067411 0.031674210 0.021459227 0.029787235 0.076923080 0.017857144 0.129770994 0.065573767 0.102362208 0.037974682 0.021459227 0.022421524 0.000000000 0.036363635 0.109375000 0.076923080 0.004366812 0.041095890 0.025641026 0.055555556 0.025641026 0.046025105 0.073170729 0.021459227 0.025641026 0.065420561 0.004366812 0.247524753 0.152416363 0.112840466 0.036363635
0.127659574 0.086206898 0.000000000 0.181467175 0.004694836 0.057777777 0.066079296 0.112970710 0.018518519 0.165354326 0.101694912 0.138211384 0.074235804 0.057777777 0.013953488 0.036363635 0.000000000 0.145161286 0.112970710 0.040723983 0.004739337 0.061946902 0.019230770 0.061946902 0.082251079 0.109243698 0.057777777 0.061946902 0.029126214 0.040723983 0.281355917 0.187739462 0.148594379 0.000000000
0.267857134 0.059701491 0.145161286 0.037288137 0.140562251 0.088122606 0.079847910 0.032727271 0.126984134 0.020689655 0.044117648 0.007092198 0.071698114 0.088122606 0.131474108 0.109375000 0.145161286 0.000000000 0.032727271 0.105058365 0.149797574 0.083969466 0.163934425 0.083969466 0.063670412 0.036496349 0.088122606 0.083969466 0.173553720 0.105058365 0.141993955 0.043771043 0.003508772 0.145161286
0.237209305 0.027027028 0.112970710 0.069930069 0.108333334 0.055555556 0.047244094 0.000000000 0.094650209 0.053380784 0.011406844 0.025641026 0.039062500 0.055555556 0.099173553 0.076923080 0.112970710 0.032727271 0.000000000 0.072580643 0.117647059 0.051383398 0.131914899 0.051383398 0.031007752 0.003773585 0.055555556 0.051383398 0.141630903 0.072580643 0.173913047 0.076388888 0.036231883 0.112970710
0.167512685 0.045643155 0.040723983 0.141791046 0.036036037 0.017094018 0.025423728 0.072580643 0.022222223 0.125475287 0.061224490 0.098039217 0.033613447 0.017094018 0.026785715 0.004366812 0.040723983 0.105058365 0.072580643 0.000000000 0.045454547 0.021276595 0.059907835 0.021276595 0.041666668 0.068825908 0.017094018 0.021276595 0.069767445 0.000000000 0.243421048 0.148148149 0.108527131 0.040723983
0.122994654 0.090909094 0.004739337 0.186046511 0.009433962 0.062500000 0.070796460 0.117647059 0.023255814 0.169960469 0.106382981 0.142857149 0.078947365 0.062500000 0.018691588 0.041095890 0.004739337 0.149797574 0.117647059 0.045454547 0.000000000 0.066666670 0.014492754 0.066666670 0.086956523 0.113924049 0.062500000 0.066666670 0.024390243 0.045454547 0.285714298 0.192307696 0.153225809 0.004739337
0.188118815 0.024390243 0.061946902 0.120879121 0.057268724 0.004184100 0.004149378 0.051383398 0.043478262 0.104477614 0.039999999 0.076923080 0.012345679 0.004184100 0.048034936 0.025641026 0.061946902 0.083969466 0.051383398 0.021276595 0.066666670 0.000000000 0.081081077 0.000000000 0.020408163 0.047619049 0.004184100 0.000000000 0.090909094 0.021276595 0.223300964 0.127272725 0.087452471 0.061946902
0.108695649 0.105263159 0.019230770 0.200000003 0.023923445 0.076923080 0.085201792 0.131914899 0.037735850 0.184000000 0.120689653 0.157024801 0.093333334 0.076923080 0.033175357 0.055555556 0.019230770 0.163934425 0.131914899 0.059907835 0.014492754 0.081081077 0.000000000 0.081081077 0.101321585 0.128205135 0.076923080 0.081081077 0.009900990 0.059907835 0.298969060 0.206225678 0.167346939 0.019230770
0.188118815 0.024390243 0.061946902 0.120879121 0.057268724 0.004184100 0.004149378 0.051383398 0.043478262 0.104477614 0.039999999 0.076923080 0.012345679 0.004184100 0.048034936 0.025641026 0.061946902 0.083969466 0.051383398 0.021276595 0.066666670 0.000000000 0.081081077 0.000000000 0.020408163 0.047619049 0.004184100 0.000000000 0.090909094 0.021276595 0.223300964 0.127272725 0.087452471 0.061946902
0.207729474 0.003984064 0.082251079 0.100719422 0.077586204 0.024590164 0.016260162 0.031007752 0.063829787 0.084249087 0.019607844 0.056603774 0.008064516 0.024590164 0.068376072 0.046025105 0.082251079 0.063670412 0.031007752 0.041666668 0.086956523 0.020408163 0.101321585 0.020408163 0.000000000 0.027237354 0.024590164 0.020408163 0.111111112 0.041666668 0.203821659 0.107142858 0.067164183 0.082251079
0.233644858 0.023255814 0.109243698 0.073684208 0.104602508 0.051792830 0.043478262 0.003773585 0.090909094 0.057142857 0.007633588 0.029411765 0.035294119 0.051792830 0.095435686 0.073170729 0.109243698 0.036496349 0.003773585 0.068825908 0.113924049 0.047619049 0.128205135 0.047619049 0.027237354 0.000000000 0.051792830 0.047619049 0.137931034 0.068825908 0.177570090 0.080139376 0.039999999 0.109243698
0.184079602 0.028571429 0.057777777 0.125000000 0.053097345 0.000000000 0.008333334 0.055555556 0.039301310 0.108614229 0.044176705 0.081081077 0.016528925 0.000000000 0.043859649 0.021459227 0.057777777 0.088122606 0.055555556 0.017094018 0.062500000 0.004184100 0.076923080 0.004184100 0.024590164 0.051792830 0.000000000 0.004184100 0.086757988 0.017094018 0.227272734 0.131386861 0.091603056 0.057777777
0.188118815 0.024390243 0.061946902 0.120879121 0.057268724 0.004184100 0.004149378 0.051383398 0.043478262 0.104477614 0.039999999 0.076923080 0.012345679 0.004184100 0.048034936 0.025641026 0.061946902 0.083969466 0.051383398 0.021276595 0.066666670 0.000000000 0.081081077 0.000000000 0.020408163 0.047619049 0.004184100 0.000000000 0.090909094 0.021276595 0.223300964 0.127272725 0.087452471 0.061946902
0.098901100 0.115044251 0.029126214 0.209486172 0.033816423 0.086757988 0.095022626 0.141630903 0.047619049 0.193548381 0.130434781 0.166666672 0.103139013 0.086757988 0.043062203 0.065420561 0.029126214 0.173553720 0.141630903 0.069767445 0.024390243 0.090909094 0.009900990 0.090909094 0.111111112 0.137931034 0.086757988 0.090909094 0.000000000 0.069767445 0.307958484 0.215686277 0.176954731 0.029126214
0.167512685 0.045643155 0.040723983 0.141791046 0.036036037 0.017094018 0.025423728 0.072580643 0.022222223 0.125475287 0.061224490 0.098039217 0.033613447 0.017094018 0.026785715 0.004366812 0.040723983 0.105058365 0.072580643 0.000000000 0.045454547 0.021276595 0.059907835 0.021276595 0.041666668 0.068825908 0.017094018 0.021276595 0.069767445 0.000000000 0.243421048 0.148148149 0.108527131 0.040723983
0.394833952 0.200000003 0.281355917 0.105263159 0.277027041 0.227272734 0.219354838 0.173913047 0.264214039 0.121661723 0.184952974 0.148936167 0.211538464 0.227272734 0.268456370 0.247524753 0.281355917 0.141993955 0.173913047 0.243421048 0.285714298 0.223300964 0.298969060 0.223300964 0.203821659 0.177570090 0.227272734 0.223300964 0.307958484 0.243421048 0.000000000 0.098837212 0.138554215 0.281355917
0.308016866 0.103202850 0.187739462 0.006493506 0.183206111 0.131386861 0.123188406 0.076388888 0.169811323 0.023102310 0.087719299 0.050847456 0.115107916 0.131386861 0.174242422 0.152416363 0.187739462 0.043771043 0.076388888 0.148148149 0.192307696 0.127272725 0.206225678 0.127272725 0.107142858 0.080139376 0.131386861 0.127272725 0.215686277 0.148148149 0.098837212 0.000000000 0.040268455 0.187739462
0.271111101 0.063197024 0.148594379 0.033783782 0.143999994 0.091603056 0.083333336 0.036231883 0.130434781 0.017182130 0.047619049 0.010600707 0.075187966 0.091603056 0.134920642 0.112840466 0.148594379 0.003508772 0.036231883 0.108527131 0.153225809 0.087452471 0.167346939 0.087452471 0.067164183 0.039999999 0.091603056 0.087452471 0.176954731 0.108527131 0.138554215 0.040268455 0.000000000 0.148594379
0.127659574 0.086206898 0.000000000 0.181467175 0.004694836 0.057777777 0.066079296 0.112970710 0.018518519 0.165354326 0.101694912 0.138211384 0.074235804 0.057777777 0.013953488 0.036363635 0.000000000 0.145161286 0.112970710 0.040723983 0.004739337 0.061946902 0.019230770 0.061946902 0.082251079 0.109243698 0.057777777 0.061946902 0.029126214 0.040723983 0.281355917 0.187739462 0.148594379 0.000000000
