0.000000000 0.192660555 0.102040820 0.287449390 0.083333336 0.145631075 0.161904767 0.192660555 0.173708916 0.241379306 0.210762337 0.254237294 0.149758458 0.133004919 0.016759777 0.032967035 0.088082902 0.315175086 0.177570090 0.188940093 0.106598988 0.185185179 0.083333336 0.145631075 0.290322572 0.200000003 0.177570090 0.185185179 0.097435899 0.200000003 0.330798477 0.217777774 0.210762337 0.088082902
0.192660555 0.000000000 0.092436977 0.100346021 0.111111112 0.048387095 0.031746034 0.000000000 0.019607844 0.051094890 0.018867925 0.064748198 0.044176705 0.061224490 0.176470593 0.160714284 0.106382981 0.130434781 0.015625000 0.003861004 0.087866105 0.007751938 0.111111112 0.048387095 0.103448279 0.007633588 0.015625000 0.007751938 0.097046413 0.007633588 0.147540987 0.026217228 0.018867925 0.106382981
0.102040820 0.092436977 0.000000000 0.191011235 0.018867925 0.044247787 0.060869563 0.092436977 0.072961375 0.142857149 0.111111112 0.156250000 0.048458152 0.031390134 0.085427135 0.069306932 0.014084507 0.220216602 0.076923080 0.088607594 0.004608295 0.084745765 0.018867925 0.044247787 0.194029853 0.100000001 0.076923080 0.084745765 0.004651163 0.100000001 0.236749113 0.118367344 0.111111112 0.014084507
0.287449390 0.100346021 0.191011235 0.000000000 0.209125474 0.148014441 0.131672591 0.100346021 0.119718313 0.049504951 0.081632651 0.035830621 0.143884897 0.160583943 0.272000015 0.256917000 0.204545453 0.030487806 0.115789473 0.104166664 0.186567158 0.108013935 0.209125474 0.148014441 0.003134796 0.092783503 0.115789473 0.108013935 0.195488721 0.092783503 0.047904193 0.074324325 0.081632651 0.204545453
0.083333336 0.111111112 0.018867925 0.209125474 0.000000000 0.063063063 0.079646021 0.111111112 0.091703057 0.161290318 0.129707113 0.174603179 0.067264572 0.050228309 0.066666670 0.050505050 0.004784689 0.238095239 0.095652170 0.107296139 0.023474179 0.103448279 0.000000000 0.063063063 0.212121218 0.118644066 0.095652170 0.103448279 0.014218009 0.118644066 0.254480273 0.136929467 0.129707113 0.004784689
0.145631075 0.048387095 0.044247787 0.148014441 0.063063063 0.000000000 0.016666668 0.048387095 0.028806584 0.099236645 0.067193680 0.112781957 0.004219409 0.012875536 0.129186600 0.113207549 0.058295965 0.177700356 0.032786883 0.044534411 0.039647575 0.040650405 0.063063063 0.000000000 0.151079133 0.056000002 0.032786883 0.040650405 0.048888888 0.056000002 0.194539249 0.074509807 0.067193680 0.058295965
0.161904767 0.031746034 0.060869563 0.131672591 0.079646021 0.016666668 0.000000000 0.031746034 0.012145749 0.082706764 0.050583657 0.096296296 0.012448133 0.029535865 0.145539910 0.129629627 0.074889868 0.161512032 0.016129032 0.027888447 0.056277055 0.024000000 0.079646021 0.016666668 0.134751767 0.039370079 0.016129032 0.024000000 0.065502182 0.039370079 0.178451180 0.057915058 0.050583657 0.074889868
0.192660555 0.000000000 0.092436977 0.100346021 0.111111112 0.048387095 0.031746034 0.000000000 0.019607844 0.051094890 0.018867925 0.064748198 0.044176705 0.061224490 0.176470593 0.160714284 0.106382981 0.130434781 0.015625000 0.003861004 0.087866105 0.007751938 0.111111112 0.048387095 0.103448279 0.007633588 0.015625000 0.007751938 0.097046413 0.007633588 0.147540987 0.026217228 0.018867925 0.106382981
0.173708916 0.019607844 0.072961375 0.119718313 0.091703057 0.028806584 0.012145749 0.019607844 0.000000000 0.070631973 0.038461540 0.084249087 0.024590164 0.041666668 0.157407403 0.141552508 0.086956523 0.149659857 0.003984064 0.015748031 0.068376072 0.011857707 0.091703057 0.028806584 0.122807018 0.027237354 0.003984064 0.011857707 0.077586204 0.027237354 0.166666672 0.045801528 0.038461540 0.086956523
0.241379306 0.051094890 0.142857149 0.049504951 0.161290318 0.099236645 0.082706764 0.051094890 0.070631973 0.000000000 0.032258064 0.013698630 0.095057033 0.111969113 0.225531921 0.210084036 0.156626508 0.079872206 0.066666670 0.054945055 0.138339922 0.058823530 0.161290318 0.099236645 0.052631579 0.043478262 0.066666670 0.058823530 0.147410363 0.043478262 0.097178683 0.024911031 0.032258064 0.156626508
0.210762337 0.018867925 0.111111112 0.081632651 0.129707113 0.067193680 0.050583657 0.018867925 0.038461540 0.032258064 0.000000000 0.045936394 0.062992126 0.079999998 0.194690272 0.179039299 0.125000000 0.111842103 0.034482758 0.022727273 0.106557377 0.026615970 0.129707113 0.067193680 0.084745765 0.011235955 0.034482758 0.026615970 0.115702480 0.011235955 0.129032254 0.007352941 0.000000000 0.125000000
0.254237294 0.064748198 0.156250000 0.035830621 0.174603179 0.112781957 0.096296296 0.064748198 0.084249087 0.013698630 0.045936394 0.000000000 0.108614229 0.125475287 0.238493726 0.223140493 0.169960469 0.066246055 0.080291972 0.068592057 0.151750967 0.072463766 0.174603179 0.112781957 0.038961038 0.057142857 0.080291972 0.072463766 0.160784319 0.057142857 0.083591335 0.038596492 0.045936394 0.169960469
0.149758458 0.044176705 0.048458152 0.143884897 0.067264572 0.004219409 0.012448133 0.044176705 0.024590164 0.095057033 0.062992126 0.108614229 0.000000000 0.017094018 0.133333340 0.117370889 0.062500000 0.173611104 0.028571429 0.040322579 0.043859649 0.036437247 0.067264572 0.004219409 0.146953404 0.051792830 0.028571429 0.036437247 0.053097345 0.051792830 0.190476194 0.070312500 0.062992126 0.062500000
0.133004919 0.061224490 0.031390134 0.160583943 0.050228309 0.012875536 0.029535865 0.061224490 0.041666668 0.111969113 0.079999998 0.125475287 0.017094018 0.000000000 0.116504855 0.100478470 0.045454547 0.190140843 0.045643155 0.057377048 0.026785715 0.053497944 0.050228309 0.012875536 0.163636357 0.068825908 0.045643155 0.053497944 0.036036037 0.068825908 0.206896558 0.087301590 0.079999998 0.045454547
0.016759777 0.176470593 0.085427135 0.272000015 0.066666670 0.129186600 0.145539910 0.176470593 0.157407403 0.225531921 0.194690272 0.238493726 0.133333340 0.116504855 0.000000000 0.016216217 0.071428575 0.300000012 0.161290318 0.172727272 0.090000004 0.168949768 0.066666670 0.129186600 0.274900407 0.183856502 0.161290318 0.168949768 0.080808081 0.183856502 0.315789461 0.201754391 0.194690272 0.071428575
0.032967035 0.160714284 0.069306932 0.256917000 0.050505050 0.113207549 0.129629627 0.160714284 0.141552508 0.210084036 0.179039299 0.223140493 0.117370889 0.100478470 0.016216217 0.000000000 0.055276383 0.285171092 0.145454541 0.156950668 0.073891625 0.153153151 0.050505050 0.113207549 0.259842515 0.168141589 0.145454541 0.153153151 0.064676620 0.168141589 0.301115245 0.186147183 0.179039299 0.055276383
0.088082902 0.106382981 0.014084507 0.204545453 0.004784689 0.058295965 0.074889868 0.106382981 0.086956523 0.156626508 0.125000000 0.169960469 0.062500000 0.045454547 0.071428575 0.055276383 0.000000000 0.233576640 0.090909094 0.102564104 0.018691588 0.098712444 0.004784689 0.058295965 0.207547173 0.113924049 0.090909094 0.098712444 0.009433962 0.113924049 0.250000000 0.132231399 0.125000000 0.000000000
0.315175086 0.130434781 0.220216602 0.030487806 0.238095239 0.177700356 0.161512032 0.130434781 0.149659857 0.079872206 0.111842103 0.066246055 0.173611104 0.190140843 0.300000012 0.285171092 0.233576640 0.000000000 0.145762712 0.134228185 0.215827331 0.138047144 0.238095239 0.177700356 0.027355623 0.122923590 0.145762712 0.138047144 0.224637687 0.122923590 0.017441861 0.104575165 0.111842103 0.233576640
0.177570090 0.015625000 0.076923080 0.115789473 0.095652170 0.032786883 0.016129032 0.015625000 0.003984064 0.066666670 0.034482758 0.080291972 0.028571429 0.045643155 0.161290318 0.145454541 0.090909094 0.145762712 0.000000000 0.011764706 0.072340429 0.007874016 0.095652170 0.032786883 0.118881121 0.023255814 0.000000000 0.007874016 0.081545062 0.023255814 0.162790701 0.041825093 0.034482758 0.090909094
0.188940093 0.003861004 0.088607594 0.104166664 0.107296139 0.044534411 0.027888447 0.003861004 0.015748031 0.054945055 0.022727273 0.068592057 0.040322579 0.057377048 0.172727272 0.156950668 0.102564104 0.134228185 0.011764706 0.000000000 0.084033616 0.003891051 0.107296139 0.044534411 0.107266434 0.011494253 0.011764706 0.003891051 0.093220338 0.011494253 0.151315793 0.030075189 0.022727273 0.102564104
0.106598988 0.087866105 0.004608295 0.186567158 0.023474179 0.039647575 0.056277055 0.087866105 0.068376072 0.138339922 0.106557377 0.151750967 0.043859649 0.026785715 0.090000004 0.073891625 0.018691588 0.215827331 0.072340429 0.084033616 0.000000000 0.080168776 0.023474179 0.039647575 0.189591080 0.095435686 0.072340429 0.080168776 0.009259259 0.095435686 0.232394367 0.113821141 0.106557377 0.018691588
0.185185179 0.007751938 0.084745765 0.108013935 0.103448279 0.040650405 0.024000000 0.007751938 0.011857707 0.058823530 0.026615970 0.072463766 0.036437247 0.053497944 0.168949768 0.153153151 0.098712444 0.138047144 0.007874016 0.003891051 0.080168776 0.000000000 0.103448279 0.040650405 0.111111112 0.015384615 0.007874016 0.000000000 0.089361705 0.015384615 0.155115515 0.033962265 0.026615970 0.098712444
0.083333336 0.111111112 0.018867925 0.209125474 0.000000000 0.063063063 0.079646021 0.111111112 0.091703057 0.161290318 0.129707113 0.174603179 0.067264572 0.050228309 0.066666670 0.050505050 0.004784689 0.238095239 0.095652170 0.107296139 0.023474179 0.103448279 0.000000000 0.063063063 0.212121218 0.118644066 0.095652170 0.103448279 0.014218009 0.118644066 0.254480273 0.136929467 0.129707113 0.004784689
0.145631075 0.048387095 0.044247787 0.148014441 0.063063063 0.000000000 0.016666668 0.048387095 0.028806584 0.099236645 0.067193680 0.112781957 0.004219409 0.012875536 0.129186600 0.113207549 0.058295965 0.177700356 0.032786883 0.044534411 0.039647575 0.040650405 0.063063063 0.000000000 0.151079133 0.056000002 0.032786883 0.040650405 0.048888888 0.056000002 0.194539249 0.074509807 0.067193680 0.058295965
0.290322572 0.103448279 0.194029853 0.003134796 0.212121218 0.151079133 0.134751767 0.103448279 0.122807018 0.052631579 0.084745765 0.038961038 0.146953404 0.163636357 0.274900407 0.259842515 0.207547173 0.027355623 0.118881121 0.107266434 0.189591080 0.111111112 0.212121218 0.151079133 0.000000000 0.095890410 0.118881121 0.111111112 0.198501870 0.095890410 0.044776119 0.077441074 0.084745765 0.207547173
0.200000003 0.007633588 0.100000001 0.092783503 0.118644066 0.056000002 0.039370079 0.007633588 0.027237354 0.043478262 0.011235955 0.057142857 0.051792830 0.068825908 0.183856502 0.168141589 0.113924049 0.122923590 0.023255814 0.011494253 0.095435686 0.015384615 0.118644066 0.056000002 0.095890410 0.000000000 0.023255814 0.015384615 0.104602508 0.000000000 0.140065148 0.018587360 0.011235955 0.113924049
0.177570090 0.015625000 0.076923080 0.115789473 0.095652170 0.032786883 0.016129032 0.015625000 0.003984064 0.066666670 0.034482758 0.080291972 0.028571429 0.045643155 0.161290318 0.145454541 0.090909094 0.145762712 0.000000000 0.011764706 0.072340429 0.007874016 0.095652170 0.032786883 0.118881121 0.023255814 0.000000000 0.007874016 0.081545062 0.023255814 0.162790701 0.041825093 0.034482758 0.090909094
0.185185179 0.007751938 0.084745765 0.108013935 0.103448279 0.040650405 0.024000000 0.007751938 0.011857707 0.058823530 0.026615970 0.072463766 0.036437247 0.053497944 0.168949768 0.153153151 0.098712444 0.138047144 0.007874016 0.003891051 0.080168776 0.000000000 0.103448279 0.040650405 0.111111112 0.015384615 0.007874016 0.000000000 0.089361705 0.015384615 0.155115515 0.033962265 0.026615970 0.098712444
0.097435899 0.097046413 0.004651163 0.195488721 0.014218009 0.048888888 0.065502182 0.097046413 0.077586204 0.147410363 0.115702480 0.160784319 0.053097345 0.036036037 0.080808081 0.064676620 0.009433962 0.224637687 0.081545062 0.093220338 0.009259259 0.089361705 0.014218009 0.048888888 0.198501870 0.104602508 0.081545062 0.089361705 0.000000000 0.104602508 0.241134748 0.122950822 0.115702480 0.009433962
0.200000003 0.007633588 0.100000001 0.092783503 0.118644066 0.056000002 0.039370079 0.007633588 0.027237354 0.043478262 0.011235955 0.057142857 0.051792830 0.068825908 0.183856502 0.168141589 0.113924049 0.122923590 0.023255814 0.011494253 0.095435686 0.015384615 0.118644066 0.056000002 0.095890410 0.000000000 0.023255814 0.015384615 0.104602508 0.000000000 0.140065148 0.018587360 0.011235955 0.113924049
0.330798477 0.147540987 0.236749113 0.047904193 0.254480273 0.194539249 0.178451180 0.147540987 0.166666672 0.097178683 0.129032254 0.083591335 0.190476194 0.206896558 0.315789461 0.301115245 0.250000000 0.017441861 0.162790701 0.151315793 0.232394367 0.155115515 0.254480273 0.194539249 0.044776119 0.140065148 0.162790701 0.155115515 0.241134748 0.140065148 0.000000000 0.121794872 0.129032254 0.250000000
0.217777774 0.026217228 0.118367344 0.074324325 0.136929467 0.074509807 0.057915058 0.026217228 0.045801528 0.024911031 0.007352941 0.038596492 0.070312500 0.087301590 0.201754391 0.186147183 0.132231399 0.104575165 0.041825093 0.030075189 0.113821141 0.033962265 0.136929467 0.074509807 0.077441074 0.018587360 0.041825093 0.033962265 0.122950822 0.018587360 0.121794872 0.000000000 0.007352941 0.132231399
0.210762337 0.018867925 0.111111112 0.081632651 0.129707113 0.067193680 0.050583657 0.018867925 0.038461540 0.032258064 0.000000000 0.045936394 0.062992126 0.079999998 0.194690272 0.179039299 0.125000000 0.111842103 0.034482758 0.022727273 0.106557377 0.026615970 0.129707113 0.067193680 0.084745765 0.011235955 0.034482758 0.026615970 0.115702480 0.011235955 0.129032254 0.007352941 0.000000000 0.125000000
0.088082902 0.106382981 0.014084507 0.204545453 0.004784689 0.058295965 0.074889868 0.106382981 0.086956523 0.156626508 0.125000000 0.169960469 0.062500000 0.045454547 0.071428575 0.055276383 0.000000000 0.233576640 0.090909094 0.102564104 0.018691588 0.098712444 0.004784689 0.058295965 0.207547173 0.113924049 0.090909094 0.098712444 0.009433962 0.113924049 0.250000000 0.132231399 0.125000000 0.000000000
