0.000000000 0.102222219 0.024154589 0.226053640 0.102222219 0.106194690 0.114035085 0.090090089 0.047169812 0.158333331 0.154811710 0.161825731 0.081818178 0.133047208 0.052083332 0.004975124 0.073394492 0.154811710 0.102222219 0.110132158 0.024154589 0.069124423 0.004975124 0.073394492 0.136752144 0.133047208 0.073394492 0.077625573 0.033492822 0.090090089 0.298611104 0.195219129 0.020202020 0.033492822
0.102222219 0.000000000 0.078260869 0.126760557 0.000000000 0.004016064 0.011952192 0.012244898 0.055319149 0.057034221 0.053435113 0.060606062 0.020576132 0.031250000 0.153488368 0.107142858 0.029045643 0.053435113 0.000000000 0.008000000 0.078260869 0.033333335 0.107142858 0.029045643 0.035019454 0.031250000 0.029045643 0.024793388 0.068965517 0.012244898 0.202572346 0.094890513 0.122171946 0.068965517
0.024154589 0.078260869 0.000000000 0.203007519 0.078260869 0.082251079 0.090128757 0.066079296 0.023041476 0.134693876 0.131147534 0.138211384 0.057777777 0.109243698 0.076142132 0.029126214 0.049327355 0.131147534 0.078260869 0.086206898 0.000000000 0.045045044 0.029126214 0.049327355 0.112970710 0.109243698 0.049327355 0.053571429 0.009345794 0.066079296 0.276450515 0.171875000 0.044334974 0.009345794
0.226053640 0.126760557 0.203007519 0.000000000 0.126760557 0.122807018 0.114982575 0.138790041 0.180811808 0.070234112 0.073825501 0.066666670 0.146953404 0.095890410 0.274900407 0.230769232 0.155234650 0.073825501 0.126760557 0.118881121 0.203007519 0.159420297 0.230769232 0.155234650 0.092150174 0.095890410 0.155234650 0.151079133 0.194029853 0.138790041 0.077809796 0.032258064 0.245136186 0.194029853
0.102222219 0.000000000 0.078260869 0.126760557 0.000000000 0.004016064 0.011952192 0.012244898 0.055319149 0.057034221 0.053435113 0.060606062 0.020576132 0.031250000 0.153488368 0.107142858 0.029045643 0.053435113 0.000000000 0.008000000 0.078260869 0.033333335 0.107142858 0.029045643 0.035019454 0.031250000 0.029045643 0.024793388 0.068965517 0.012244898 0.202572346 0.094890513 0.122171946 0.068965517
0.106194690 0.004016064 0.082251079 0.122807018 0.004016064 0.000000000 0.007936508 0.016260162 0.059322033 0.053030305 0.049429659 0.056603774 0.024590164 0.027237354 0.157407403 0.111111112 0.033057850 0.049429659 0.004016064 0.003984064 0.082251079 0.037344400 0.111111112 0.033057850 0.031007752 0.027237354 0.033057850 0.028806584 0.072961375 0.016260162 0.198717952 0.090909094 0.126126125 0.072961375
0.114035085 0.011952192 0.090128757 0.114982575 0.011952192 0.007936508 0.000000000 0.024193548 0.067226894 0.045112781 0.041509435 0.048689138 0.032520324 0.019305019 0.165137619 0.118942730 0.040983606 0.041509435 0.011952192 0.003952569 0.090128757 0.045267489 0.118942730 0.040983606 0.023076924 0.019305019 0.040983606 0.036734693 0.080851063 0.024193548 0.191082805 0.083032489 0.133928567 0.080851063
0.090090089 0.012244898 0.066079296 0.138790041 0.012244898 0.016260162 0.024193548 0.000000000 0.043103449 0.069230773 0.065637067 0.072796933 0.008333334 0.043478262 0.141509429 0.095022626 0.016806724 0.065637067 0.012244898 0.020242915 0.066079296 0.021097047 0.095022626 0.016806724 0.047244094 0.043478262 0.016806724 0.012552301 0.056768559 0.000000000 0.214285716 0.107011072 0.110091746 0.056768559
0.047169812 0.055319149 0.023041476 0.180811808 0.055319149 0.059322033 0.067226894 0.043103449 0.000000000 0.112000003 0.108433738 0.115537852 0.034782607 0.086419754 0.099009901 0.052132700 0.026315790 0.108433738 0.055319149 0.063291140 0.023041476 0.022026431 0.052132700 0.026315790 0.090163931 0.086419754 0.026315790 0.030567685 0.013698630 0.043103449 0.255033553 0.149425283 0.067307696 0.013698630
0.158333331 0.057034221 0.134693876 0.070234112 0.057034221 0.053030305 0.045112781 0.069230773 0.112000003 0.000000000 0.003610108 0.003584229 0.077519380 0.025830258 0.208695650 0.163179919 0.085937500 0.003610108 0.057034221 0.049056605 0.134693876 0.090196081 0.163179919 0.085937500 0.022058824 0.025830258 0.085937500 0.081712060 0.125506073 0.069230773 0.147239268 0.038062282 0.177966103 0.125506073
0.154811710 0.053435113 0.131147534 0.073825501 0.053435113 0.049429659 0.041509435 0.065637067 0.108433738 0.003610108 0.000000000 0.007194245 0.073929958 0.022222223 0.205240175 0.159663871 0.082352944 0.000000000 0.053435113 0.045454547 0.131147534 0.086614177 0.159663871 0.082352944 0.018450184 0.022222223 0.082352944 0.078125000 0.121951222 0.065637067 0.150769234 0.041666668 0.174468085 0.121951222
0.161825731 0.060606062 0.138211384 0.066666670 0.060606062 0.056603774 0.048689138 0.072796933 0.115537852 0.003584229 0.007194245 0.000000000 0.081081077 0.029411765 0.212121218 0.166666672 0.089494161 0.007194245 0.060606062 0.052631579 0.138211384 0.093750000 0.166666672 0.089494161 0.025641026 0.029411765 0.089494161 0.085271321 0.129032254 0.072796933 0.143730894 0.034482758 0.181434602 0.129032254
0.081818178 0.020576132 0.057777777 0.146953404 0.020576132 0.024590164 0.032520324 0.008333334 0.034782607 0.077519380 0.073929958 0.081081077 0.000000000 0.051792830 0.133333340 0.086757988 0.008474576 0.073929958 0.020576132 0.028571429 0.057777777 0.012765957 0.086757988 0.008474576 0.055555556 0.051792830 0.008474576 0.004219409 0.048458152 0.008333334 0.222222224 0.115241639 0.101851851 0.048458152
0.133047208 0.031250000 0.109243698 0.095890410 0.031250000 0.027237354 0.019305019 0.043478262 0.086419754 0.025830258 0.022222223 0.029411765 0.051792830 0.000000000 0.183856502 0.137931034 0.060240965 0.022222223 0.031250000 0.023255814 0.109243698 0.064516127 0.137931034 0.060240965 0.003773585 0.000000000 0.060240965 0.056000002 0.100000001 0.043478262 0.172413796 0.063829787 0.152838424 0.100000001
0.052083332 0.153488368 0.076142132 0.274900407 0.153488368 0.157407403 0.165137619 0.141509429 0.099009901 0.208695650 0.205240175 0.212121218 0.133333340 0.183856502 0.000000000 0.047120418 0.125000000 0.205240175 0.153488368 0.161290318 0.076142132 0.120772950 0.047120418 0.125000000 0.187500000 0.183856502 0.125000000 0.129186600 0.085427135 0.141509429 0.345323741 0.244813278 0.031914894 0.085427135
0.004975124 0.107142858 0.029126214 0.230769232 0.107142858 0.111111112 0.118942730 0.095022626 0.052132700 0.163179919 0.159663871 0.166666672 0.086757988 0.137931034 0.047120418 0.000000000 0.078341015 0.159663871 0.107142858 0.115044251 0.029126214 0.074074075 0.000000000 0.078341015 0.141630903 0.137931034 0.078341015 0.082568809 0.038461540 0.095022626 0.303135902 0.200000003 0.015228426 0.038461540
0.073394492 0.029045643 0.049327355 0.155234650 0.029045643 0.033057850 0.040983606 0.016806724 0.026315790 0.085937500 0.082352944 0.089494161 0.008474576 0.060240965 0.125000000 0.078341015 0.000000000 0.082352944 0.029045643 0.037037037 0.049327355 0.004291845 0.078341015 0.000000000 0.064000003 0.060240965 0.000000000 0.004255319 0.039999999 0.016806724 0.230263159 0.123595506 0.093457945 0.039999999
0.154811710 0.053435113 0.131147534 0.073825501 0.053435113 0.049429659 0.041509435 0.065637067 0.108433738 0.003610108 0.000000000 0.007194245 0.073929958 0.022222223 0.205240175 0.159663871 0.082352944 0.000000000 0.053435113 0.045454547 0.131147534 0.086614177 0.159663871 0.082352944 0.018450184 0.022222223 0.082352944 0.078125000 0.121951222 0.065637067 0.150769234 0.041666668 0.174468085 0.121951222
0.102222219 0.000000000 0.078260869 0.126760557 0.000000000 0.004016064 0.011952192 0.012244898 0.055319149 0.057034221 0.053435113 0.060606062 0.020576132 0.031250000 0.153488368 0.107142858 0.029045643 0.053435113 0.000000000 0.008000000 0.078260869 0.033333335 0.107142858 0.029045643 0.035019454 0.031250000 0.029045643 0.024793388 0.068965517 0.012244898 0.202572346 0.094890513 0.122171946 0.068965517
0.110132158 0.008000000 0.086206898 0.118881121 0.008000000 0.003984064 0.003952569 0.020242915 0.063291140 0.049056605 0.045454547 0.052631579 0.028571429 0.023255814 0.161290318 0.115044251 0.037037037 0.045454547 0.008000000 0.000000000 0.086206898 0.041322313 0.115044251 0.037037037 0.027027028 0.023255814 0.037037037 0.032786883 0.076923080 0.020242915 0.194888175 0.086956523 0.130044848 0.076923080
0.024154589 0.078260869 0.000000000 0.203007519 0.078260869 0.082251079 0.090128757 0.066079296 0.023041476 0.134693876 0.131147534 0.138211384 0.057777777 0.109243698 0.076142132 0.029126214 0.049327355 0.131147534 0.078260869 0.086206898 0.000000000 0.045045044 0.029126214 0.049327355 0.112970710 0.109243698 0.049327355 0.053571429 0.009345794 0.066079296 0.276450515 0.171875000 0.044334974 0.009345794
0.069124423 0.033333335 0.045045044 0.159420297 0.033333335 0.037344400 0.045267489 0.021097047 0.022026431 0.090196081 0.086614177 0.093750000 0.012765957 0.064516127 0.120772950 0.074074075 0.004291845 0.086614177 0.033333335 0.041322313 0.045045044 0.000000000 0.074074075 0.004291845 0.068273090 0.064516127 0.004291845 0.008547009 0.035714287 0.021097047 0.234323427 0.127819553 0.089201875 0.035714287
0.004975124 0.107142858 0.029126214 0.230769232 0.107142858 0.111111112 0.118942730 0.095022626 0.052132700 0.163179919 0.159663871 0.166666672 0.086757988 0.137931034 0.047120418 0.000000000 0.078341015 0.159663871 0.107142858 0.115044251 0.029126214 0.074074075 0.000000000 0.078341015 0.141630903 0.137931034 0.078341015 0.082568809 0.038461540 0.095022626 0.303135902 0.200000003 0.015228426 0.038461540
0.073394492 0.029045643 0.049327355 0.155234650 0.029045643 0.033057850 0.040983606 0.016806724 0.026315790 0.085937500 0.082352944 0.089494161 0.008474576 0.060240965 0.125000000 0.078341015 0.000000000 0.082352944 0.029045643 0.037037037 0.049327355 0.004291845 0.078341015 0.000000000 0.064000003 0.060240965 0.000000000 0.004255319 0.039999999 0.016806724 0.230263159 0.123595506 0.093457945 0.039999999
0.136752144 0.035019454 0.112970710 0.092150174 0.035019454 0.031007752 0.023076924 0.047244094 0.090163931 0.022058824 0.018450184 0.025641026 0.055555556 0.003773585 0.187500000 0.141630903 0.064000003 0.018450184 0.035019454 0.027027028 0.112970710 0.068273090 0.141630903 0.064000003 0.000000000 0.003773585 0.064000003 0.059760958 0.103734441 0.047244094 0.168750003 0.060070671 0.156521738 0.103734441
0.133047208 0.031250000 0.109243698 0.095890410 0.031250000 0.027237354 0.019305019 0.043478262 0.086419754 0.025830258 0.022222223 0.029411765 0.051792830 0.000000000 0.183856502 0.137931034 0.060240965 0.022222223 0.031250000 0.023255814 0.109243698 0.064516127 0.137931034 0.060240965 0.003773585 0.000000000 0.060240965 0.056000002 0.100000001 0.043478262 0.172413796 0.063829787 0.152838424 0.100000001
0.073394492 0.029045643 0.049327355 0.155234650 0.029045643 0.033057850 0.040983606 0.016806724 0.026315790 0.085937500 0.082352944 0.089494161 0.008474576 0.060240965 0.125000000 0.078341015 0.000000000 0.082352944 0.029045643 0.037037037 0.049327355 0.004291845 0.078341015 0.000000000 0.064000003 0.060240965 0.000000000 0.004255319 0.039999999 0.016806724 0.230263159 0.123595506 0.093457945 0.039999999
0.077625573 0.024793388 0.053571429 0.151079133 0.024793388 0.028806584 0.036734693 0.012552301 0.030567685 0.081712060 0.078125000 0.085271321 0.004219409 0.056000002 0.129186600 0.082568809 0.004255319 0.078125000 0.024793388 0.032786883 0.053571429 0.008547009 0.082568809 0.004255319 0.059760958 0.056000002 0.004255319 0.000000000 0.044247787 0.012552301 0.226229504 0.119402982 0.097674422 0.044247787
0.033492822 0.068965517 0.009345794 0.194029853 0.068965517 0.072961375 0.080851063 0.056768559 0.013698630 0.125506073 0.121951222 0.129032254 0.048458152 0.100000001 0.085427135 0.038461540 0.039999999 0.121951222 0.068965517 0.076923080 0.009345794 0.035714287 0.038461540 0.039999999 0.103734441 0.100000001 0.039999999 0.044247787 0.000000000 0.056768559 0.267796606 0.162790701 0.053658538 0.000000000
0.090090089 0.012244898 0.066079296 0.138790041 0.012244898 0.016260162 0.024193548 0.000000000 0.043103449 0.069230773 0.065637067 0.072796933 0.008333334 0.043478262 0.141509429 0.095022626 0.016806724 0.065637067 0.012244898 0.020242915 0.066079296 0.021097047 0.095022626 0.016806724 0.047244094 0.043478262 0.016806724 0.012552301 0.056768559 0.000000000 0.214285716 0.107011072 0.110091746 0.056768559
0.298611104 0.202572346 0.276450515 0.077809796 0.202572346 0.198717952 0.191082805 0.214285716 0.255033553 0.147239268 0.150769234 0.143730894 0.222222224 0.172413796 0.345323741 0.303135902 0.230263159 0.150769234 0.202572346 0.194888175 0.276450515 0.234323427 0.303135902 0.230263159 0.168750003 0.172413796 0.230263159 0.226229504 0.267796606 0.214285716 0.000000000 0.109792285 0.316901416 0.267796606
0.195219129 0.094890513 0.171875000 0.032258064 0.094890513 0.090909094 0.083032489 0.107011072 0.149425283 0.038062282 0.041666668 0.034482758 0.115241639 0.063829787 0.244813278 0.200000003 0.123595506 0.041666668 0.094890513 0.086956523 0.171875000 0.127819553 0.200000003 0.123595506 0.060070671 0.063829787 0.123595506 0.119402982 0.162790701 0.107011072 0.109792285 0.000000000 0.214574903 0.162790701
0.020202020 0.122171946 0.044334974 0.245136186 0.122171946 0.126126125 0.133928567 0.110091746 0.067307696 0.177966103 0.174468085 0.181434602 0.101851851 0.152838424 0.031914894 0.015228426 0.093457945 0.174468085 0.122171946 0.130044848 0.044334974 0.089201875 0.015228426 0.093457945 0.156521738 0.152838424 0.093457945 0.097674422 0.053658538 0.110091746 0.316901416 0.214574903 0.000000000 0.053658538
0.033492822 0.068965517 0.009345794 0.194029853 0.068965517 0.072961375 0.080851063 0.056768559 0.013698630 0.125506073 0.121951222 0.129032254 0.048458152 0.100000001 0.085427135 0.038461540 0.039999999 0.121951222 0.068965517 0.076923080 0.009345794 0.035714287 0.038461540 0.039999999 0.103734441 0.100000001 0.039999999 0.044247787 0.000000000 0.056768559 0.267796606 0.162790701 0.053658538 0.000000000
