0.000000000 0.063829787 0.009174312 0.157088116 0.013824885 0.075630255 0.105691060 0.063829787 0.119999997 0.126984134 0.112903222 0.150579154 0.119999997 0.026548672 0.022222223 0.018518519 0.023255814 0.176029965 0.035087720 0.137254909 0.017857144 0.143968865 0.013824885 0.083333336 0.075630255 0.119999997 0.075630255 0.075630255 0.083743840 0.030837005 0.308176100 0.140625000 0.043478262 0.022222223
0.063829787 0.000000000 0.072961375 0.094202898 0.077586204 0.011857707 0.042145595 0.000000000 0.056603774 0.063670412 0.049429659 0.087591238 0.056603774 0.037344400 0.041666668 0.082251079 0.086956523 0.113475174 0.028806584 0.074074075 0.046025105 0.080882356 0.077586204 0.019607844 0.011857707 0.056603774 0.011857707 0.011857707 0.146788985 0.033057850 0.249249250 0.077490777 0.020408163 0.041666668
0.009174312 0.072961375 0.000000000 0.166023165 0.004651163 0.084745765 0.114754096 0.072961375 0.129032254 0.136000007 0.121951222 0.159533069 0.129032254 0.035714287 0.031390134 0.009345794 0.014084507 0.184905663 0.044247787 0.146245062 0.027027028 0.152941182 0.004651163 0.092436977 0.084745765 0.129032254 0.084745765 0.084745765 0.074626863 0.039999999 0.316455692 0.149606302 0.052631579 0.031390134
0.157088116 0.094202898 0.166023165 0.000000000 0.170542642 0.082437277 0.052264810 0.094202898 0.037800688 0.030716723 0.044982698 0.006666667 0.037800688 0.131086141 0.135338351 0.175097272 0.179687500 0.019480519 0.122676581 0.020270269 0.139622644 0.013422819 0.170542642 0.074733093 0.082437277 0.037800688 0.082437277 0.082437277 0.237704918 0.126865670 0.158774376 0.016835017 0.114391141 0.135338351
0.013824885 0.077586204 0.004651163 0.170542642 0.000000000 0.089361705 0.119341567 0.077586204 0.133603245 0.140562251 0.126530617 0.164062500 0.133603245 0.040358745 0.036036037 0.004694836 0.009433962 0.189393938 0.048888888 0.150793657 0.031674210 0.157480314 0.000000000 0.097046413 0.089361705 0.133603245 0.089361705 0.089361705 0.070000000 0.044642858 0.320634931 0.154150203 0.057268724 0.036036037
0.075630255 0.011857707 0.084745765 0.082437277 0.089361705 0.000000000 0.030303031 0.011857707 0.044776119 0.051851850 0.037593983 0.075812273 0.044776119 0.049180329 0.053497944 0.094017096 0.098712444 0.101754382 0.040650405 0.062271062 0.057851240 0.069090910 0.089361705 0.007751938 0.000000000 0.044776119 0.000000000 0.000000000 0.158371046 0.044897959 0.238095239 0.065693431 0.032258064 0.053497944
0.105691060 0.042145595 0.114754096 0.052264810 0.119341567 0.030303031 0.000000000 0.042145595 0.014492754 0.021582734 0.007299270 0.045614034 0.014492754 0.079365082 0.083665341 0.123966940 0.128630713 0.071672358 0.070866145 0.032028470 0.088000000 0.038869258 0.119341567 0.022556391 0.030303031 0.014492754 0.030303031 0.030303031 0.187772930 0.075098813 0.209302321 0.035460994 0.062500000 0.083665341
0.063829787 0.000000000 0.072961375 0.094202898 0.077586204 0.011857707 0.042145595 0.000000000 0.056603774 0.063670412 0.049429659 0.087591238 0.056603774 0.037344400 0.041666668 0.082251079 0.086956523 0.113475174 0.028806584 0.074074075 0.046025105 0.080882356 0.077586204 0.019607844 0.011857707 0.056603774 0.011857707 0.011857707 0.146788985 0.033057850 0.249249250 0.077490777 0.020408163 0.041666668
0.119999997 0.056603774 0.129032254 0.037800688 0.133603245 0.044776119 0.014492754 0.056603774 0.000000000 0.007092198 0.007194245 0.031141868 0.000000000 0.093750000 0.098039217 0.138211384 0.142857149 0.057239056 0.085271321 0.017543860 0.102362208 0.024390243 0.133603245 0.037037037 0.044776119 0.000000000 0.044776119 0.044776119 0.201716736 0.089494161 0.195402294 0.020979021 0.076923080 0.098039217
0.126984134 0.063670412 0.136000007 0.030716723 0.140562251 0.051851850 0.021582734 0.063670412 0.007092198 0.000000000 0.014285714 0.024054984 0.007092198 0.100775197 0.105058365 0.145161286 0.149797574 0.050167225 0.092307694 0.010452962 0.109375000 0.017301038 0.140562251 0.044117648 0.051851850 0.007092198 0.051851850 0.051851850 0.208510637 0.096525095 0.188571423 0.013888889 0.083969466 0.105058365
0.112903222 0.049429659 0.121951222 0.044982698 0.126530617 0.037593983 0.007299270 0.049429659 0.007194245 0.014285714 0.000000000 0.038327526 0.007194245 0.086614177 0.090909094 0.131147534 0.135802463 0.064406782 0.078125000 0.024734983 0.095238097 0.031578947 0.126530617 0.029850746 0.037593983 0.007194245 0.037593983 0.037593983 0.194805190 0.082352944 0.202312142 0.028169014 0.069767445 0.090909094
0.150579154 0.087591238 0.159533069 0.006666667 0.164062500 0.075812273 0.045614034 0.087591238 0.031141868 0.024054984 0.038327526 0.000000000 0.031141868 0.124528304 0.128787875 0.168627456 0.173228353 0.026143791 0.116104871 0.013605442 0.133079842 0.006756757 0.164062500 0.068100356 0.075812273 0.031141868 0.075812273 0.075812273 0.231404960 0.120300755 0.165266111 0.010169491 0.107806690 0.128787875
0.119999997 0.056603774 0.129032254 0.037800688 0.133603245 0.044776119 0.014492754 0.056603774 0.000000000 0.007092198 0.007194245 0.031141868 0.000000000 0.093750000 0.098039217 0.138211384 0.142857149 0.057239056 0.085271321 0.017543860 0.102362208 0.024390243 0.133603245 0.037037037 0.044776119 0.000000000 0.044776119 0.044776119 0.201716736 0.089494161 0.195402294 0.020979021 0.076923080 0.098039217
0.026548672 0.037344400 0.035714287 0.131086141 0.040358745 0.049180329 0.079365082 0.037344400 0.093750000 0.100775197 0.086614177 0.124528304 0.093750000 0.000000000 0.004329004 0.045045044 0.049773756 0.150183156 0.008547009 0.111111112 0.008695652 0.117870726 0.040358745 0.056910571 0.049180329 0.093750000 0.049180329 0.049180329 0.110047847 0.004291845 0.283950627 0.114503816 0.016949153 0.004329004
0.022222223 0.041666668 0.031390134 0.135338351 0.036036037 0.053497944 0.083665341 0.041666668 0.098039217 0.105058365 0.090909094 0.128787875 0.098039217 0.004329004 0.000000000 0.040723983 0.045454547 0.154411763 0.012875536 0.115384616 0.004366812 0.122137405 0.036036037 0.061224490 0.053497944 0.098039217 0.053497944 0.053497944 0.105769232 0.008620690 0.287925690 0.118773945 0.021276595 0.000000000
0.018518519 0.082251079 0.009345794 0.175097272 0.004694836 0.094017096 0.123966940 0.082251079 0.138211384 0.145161286 0.131147534 0.168627456 0.138211384 0.045045044 0.040723983 0.000000000 0.004739337 0.193916351 0.053571429 0.155378491 0.036363635 0.162055343 0.004694836 0.101694912 0.094017096 0.138211384 0.094017096 0.094017096 0.065326631 0.049327355 0.324840754 0.158730164 0.061946902 0.040723983
0.023255814 0.086956523 0.014084507 0.179687500 0.009433962 0.098712444 0.128630713 0.086956523 0.142857149 0.149797574 0.135802463 0.173228353 0.142857149 0.049773756 0.045454547 0.004739337 0.000000000 0.198473290 0.058295965 0.159999996 0.041095890 0.166666672 0.009433962 0.106382981 0.098712444 0.142857149 0.098712444 0.098712444 0.060606062 0.054054055 0.329073489 0.163346618 0.066666670 0.045454547
0.176029965 0.113475174 0.184905663 0.019480519 0.189393938 0.101754382 0.071672358 0.113475174 0.057239056 0.050167225 0.064406782 0.026143791 0.057239056 0.150183156 0.154411763 0.193916351 0.198473290 0.000000000 0.141818181 0.039735101 0.158671588 0.032894738 0.189393938 0.094076656 0.101754382 0.057239056 0.101754382 0.101754382 0.256000012 0.145985395 0.139726028 0.036303632 0.133574009 0.154411763
0.035087720 0.028806584 0.044247787 0.122676581 0.048888888 0.040650405 0.070866145 0.028806584 0.085271321 0.092307694 0.078125000 0.116104871 0.085271321 0.008547009 0.012875536 0.053571429 0.058295965 0.141818181 0.000000000 0.102661595 0.017241379 0.109433964 0.048888888 0.048387095 0.040650405 0.085271321 0.040650405 0.040650405 0.118483409 0.004255319 0.276073605 0.106060609 0.008403362 0.012875536
0.137254909 0.074074075 0.146245062 0.020270269 0.150793657 0.062271062 0.032028470 0.074074075 0.017543860 0.010452962 0.024734983 0.013605442 0.017543860 0.111111112 0.115384616 0.155378491 0.159999996 0.039735101 0.102661595 0.000000000 0.119691119 0.006849315 0.150793657 0.054545455 0.062271062 0.017543860 0.062271062 0.062271062 0.218487397 0.106870227 0.178470254 0.003436426 0.094339624 0.115384616
0.017857144 0.046025105 0.027027028 0.139622644 0.031674210 0.057851240 0.088000000 0.046025105 0.102362208 0.109375000 0.095238097 0.133079842 0.102362208 0.008695652 0.004366812 0.036363635 0.041095890 0.158671588 0.017241379 0.119691119 0.000000000 0.126436785 0.031674210 0.065573767 0.057851240 0.102362208 0.057851240 0.057851240 0.101449274 0.012987013 0.291925460 0.123076923 0.025641026 0.004366812
0.143968865 0.080882356 0.152941182 0.013422819 0.157480314 0.069090910 0.038869258 0.080882356 0.024390243 0.017301038 0.031578947 0.006756757 0.024390243 0.117870726 0.122137405 0.162055343 0.166666672 0.032894738 0.109433964 0.006849315 0.126436785 0.000000000 0.157480314 0.061371841 0.069090910 0.024390243 0.069090910 0.069090910 0.224999994 0.113636367 0.171830982 0.003412969 0.101123594 0.122137405
0.013824885 0.077586204 0.004651163 0.170542642 0.000000000 0.089361705 0.119341567 0.077586204 0.133603245 0.140562251 0.126530617 0.164062500 0.133603245 0.040358745 0.036036037 0.004694836 0.009433962 0.189393938 0.048888888 0.150793657 0.031674210 0.157480314 0.000000000 0.097046413 0.089361705 0.133603245 0.089361705 0.089361705 0.070000000 0.044642858 0.320634931 0.154150203 0.057268724 0.036036037
0.083333336 0.019607844 0.092436977 0.074733093 0.097046413 0.007751938 0.022556391 0.019607844 0.037037037 0.044117648 0.029850746 0.068100356 0.037037037 0.056910571 0.061224490 0.101694912 0.106382981 0.094076656 0.048387095 0.054545455 0.065573767 0.061371841 0.097046413 0.000000000 0.007751938 0.037037037 0.007751938 0.007751938 0.165919289 0.052631579 0.230769232 0.057971016 0.039999999 0.061224490
0.075630255 0.011857707 0.084745765 0.082437277 0.089361705 0.000000000 0.030303031 0.011857707 0.044776119 0.051851850 0.037593983 0.075812273 0.044776119 0.049180329 0.053497944 0.094017096 0.098712444 0.101754382 0.040650405 0.062271062 0.057851240 0.069090910 0.089361705 0.007751938 0.000000000 0.044776119 0.000000000 0.000000000 0.158371046 0.044897959 0.238095239 0.065693431 0.032258064 0.053497944
0.119999997 0.056603774 0.129032254 0.037800688 0.133603245 0.044776119 0.014492754 0.056603774 0.000000000 0.007092198 0.007194245 0.031141868 0.000000000 0.093750000 0.098039217 0.138211384 0.142857149 0.057239056 0.085271321 0.017543860 0.102362208 0.024390243 0.133603245 0.037037037 0.044776119 0.000000000 0.044776119 0.044776119 0.201716736 0.089494161 0.195402294 0.020979021 0.076923080 0.098039217
0.075630255 0.011857707 0.084745765 0.082437277 0.089361705 0.000000000 0.030303031 0.011857707 0.044776119 0.051851850 0.037593983 0.075812273 0.044776119 0.049180329 0.053497944 0.094017096 0.098712444 0.101754382 0.040650405 0.062271062 0.057851240 0.069090910 0.089361705 0.007751938 0.000000000 0.044776119 0.000000000 0.000000000 0.158371046 0.044897959 0.238095239 0.065693431 0.032258064 0.053497944
0.075630255 0.011857707 0.084745765 0.082437277 0.089361705 0.000000000 0.030303031 0.011857707 0.044776119 0.051851850 0.037593983 0.075812273 0.044776119 0.049180329 0.053497944 0.094017096 0.098712444 0.101754382 0.040650405 0.062271062 0.057851240 0.069090910 0.089361705 0.007751938 0.000000000 0.044776119 0.000000000 0.000000000 0.158371046 0.044897959 0.238095239 0.065693431 0.032258064 0.053497944
0.083743840 0.146788985 0.074626863 0.237704918 0.070000000 0.158371046 0.187772930 0.146788985 0.201716736 0.208510637 0.194805190 0.231404960 0.201716736 0.110047847 0.105769232 0.065326631 0.060606062 0.256000012 0.118483409 0.218487397 0.101449274 0.224999994 0.070000000 0.165919289 0.158371046 0.201716736 0.158371046 0.158371046 0.000000000 0.114285715 0.382059813 0.221757323 0.126760557 0.105769232
0.030837005 0.033057850 0.039999999 0.126865670 0.044642858 0.044897959 0.075098813 0.033057850 0.089494161 0.096525095 0.082352944 0.120300755 0.089494161 0.004291845 0.008620690 0.049327355 0.054054055 0.145985395 0.004255319 0.106870227 0.012987013 0.113636367 0.044642858 0.052631579 0.044897959 0.089494161 0.044897959 0.044897959 0.114285715 0.000000000 0.280000001 0.110266156 0.012658228 0.008620690
0.308176100 0.249249250 0.316455692 0.158774376 0.320634931 0.238095239 0.209302321 0.249249250 0.195402294 0.188571423 0.202312142 0.165266111 0.195402294 0.283950627 0.287925690 0.324840754 0.329073489 0.139726028 0.276073605 0.178470254 0.291925460 0.171830982 0.320634931 0.230769232 0.238095239 0.195402294 0.238095239 0.238095239 0.382059813 0.280000001 0.000000000 0.175141245 0.268292695 0.287925690
0.140625000 0.077490777 0.149606302 0.016835017 0.154150203 0.065693431 0.035460994 0.077490777 0.020979021 0.013888889 0.028169014 0.010169491 0.020979021 0.114503816 0.118773945 0.158730164 0.163346618 0.036303632 0.106060609 0.003436426 0.123076923 0.003412969 0.154150203 0.057971016 0.065693431 0.020979021 0.065693431 0.065693431 0.221757323 0.110266156 0.175141245 0.000000000 0.097744361 0.118773945
0.043478262 0.020408163 0.052631579 0.114391141 0.057268724 0.032258064 0.062500000 0.020408163 0.076923080 0.083969466 0.069767445 0.107806690 0.076923080 0.016949153 0.021276595 0.061946902 0.066666670 0.133574009 0.008403362 0.094339624 0.025641026 0.101123594 0.057268724 0.039999999 0.032258064 0.076923080 0.032258064 0.032258064 0.126760557 0.012658228 0.268292695 0.097744361 0.000000000 0.021276595
0.022222223 0.041666668 0.031390134 0.135338351 0.036036037 0.053497944 0.083665341 0.041666668 0.098039217 0.105058365 0.090909094 0.128787875 0.098039217 0.004329004 0.000000000 0.040723983 0.045454547 0.154411763 0.012875536 0.115384616 0.004366812 0.122137405 0.036036037 0.061224490 0.053497944 0.098039217 0.053497944 0.053497944 0.105769232 0.008620690 0.287925690 0.118773945 0.021276595 0.000000000
