0.000000000 0.076305218 0.004329004 0.105058365 0.083665341 0.079999998 0.065040648 0.090909094 0.021276595 0.090909094 0.128787875 0.141791046 0.090909094 0.068825908 0.095238097 0.025423728 0.049586777 0.045643155 0.041666668 0.138576776 0.025423728 0.065040648 0.029535865 0.079999998 0.041666668 0.118773945 0.057377048 0.037656903 0.012875536 0.033613447 0.187279150 0.195804194 0.057377048 0.033613447
0.076305218 0.000000000 0.071999997 0.028985508 0.007407407 0.003717472 0.011320755 0.014705882 0.055118110 0.014705882 0.053003535 0.066202089 0.014705882 0.007518797 0.170305684 0.050980393 0.026819924 0.030769231 0.034749035 0.062937066 0.050980393 0.011320755 0.046875000 0.003717472 0.034749035 0.042857144 0.019011406 0.038759690 0.063492067 0.042801555 0.112582780 0.121311478 0.019011406 0.042801555
0.004329004 0.071999997 0.000000000 0.100775197 0.079365082 0.075697213 0.060728744 0.086614177 0.016949153 0.086614177 0.124528304 0.137546465 0.086614177 0.064516127 0.099526070 0.021097047 0.045267489 0.041322313 0.037344400 0.134328365 0.021097047 0.060728744 0.025210084 0.075697213 0.037344400 0.114503816 0.053061225 0.033333335 0.008547009 0.029288704 0.183098584 0.191637635 0.053061225 0.029288704
0.105058365 0.028985508 0.100775197 0.000000000 0.021582734 0.025270758 0.040293042 0.014285714 0.083969466 0.014285714 0.024054984 0.037288137 0.014285714 0.036496349 0.198312238 0.079847910 0.055762082 0.059701491 0.063670412 0.034013607 0.079847910 0.040293042 0.075757578 0.025270758 0.063670412 0.013888889 0.047970481 0.067669176 0.092307694 0.071698114 0.083870970 0.092651755 0.047970481 0.071698114
0.083665341 0.007407407 0.079365082 0.021582734 0.000000000 0.003690037 0.018726591 0.007299270 0.062500000 0.007299270 0.045614034 0.058823530 0.007299270 0.014925373 0.177489176 0.058365759 0.034220532 0.038167939 0.042145595 0.055555556 0.058365759 0.018726591 0.054263566 0.003690037 0.042145595 0.035460994 0.026415095 0.046153847 0.070866145 0.050193049 0.105263159 0.114006512 0.026415095 0.050193049
0.079999998 0.003717472 0.075697213 0.025270758 0.003690037 0.000000000 0.015037594 0.010989011 0.058823530 0.010989011 0.049295776 0.062500000 0.010989011 0.011235955 0.173913047 0.054687500 0.030534351 0.034482758 0.038461540 0.059233449 0.054687500 0.015037594 0.050583657 0.000000000 0.038461540 0.039145909 0.022727273 0.042471044 0.067193680 0.046511628 0.108910888 0.117647059 0.022727273 0.046511628
0.065040648 0.011320755 0.060728744 0.040293042 0.018726591 0.015037594 0.000000000 0.026022306 0.043824703 0.026022306 0.064285718 0.077464789 0.026022306 0.003802281 0.159292042 0.039682541 0.015503876 0.019455252 0.023437500 0.074204944 0.039682541 0.000000000 0.035573121 0.015037594 0.023437500 0.054151624 0.007692308 0.027450981 0.052208837 0.031496063 0.123745821 0.132450327 0.007692308 0.031496063
0.090909094 0.014705882 0.086614177 0.014285714 0.007299270 0.010989011 0.026022306 0.000000000 0.069767445 0.000000000 0.038327526 0.051546391 0.000000000 0.022222223 0.184549361 0.065637067 0.041509435 0.045454547 0.049429659 0.048275862 0.065637067 0.026022306 0.061538462 0.010989011 0.049429659 0.028169014 0.033707865 0.053435113 0.078125000 0.057471264 0.098039217 0.106796116 0.033707865 0.057471264
0.021276595 0.055118110 0.016949153 0.083969466 0.062500000 0.058823530 0.043824703 0.069767445 0.000000000 0.069767445 0.107806690 0.120879121 0.069767445 0.047619049 0.116279073 0.004149378 0.028340081 0.024390243 0.020408163 0.117647059 0.004149378 0.043824703 0.008264462 0.058823530 0.020408163 0.097744361 0.036144577 0.016393442 0.008403362 0.012345679 0.166666672 0.175257728 0.036144577 0.012345679
0.090909094 0.014705882 0.086614177 0.014285714 0.007299270 0.010989011 0.026022306 0.000000000 0.069767445 0.000000000 0.038327526 0.051546391 0.000000000 0.022222223 0.184549361 0.065637067 0.041509435 0.045454547 0.049429659 0.048275862 0.065637067 0.026022306 0.061538462 0.010989011 0.049429659 0.028169014 0.033707865 0.053435113 0.078125000 0.057471264 0.098039217 0.106796116 0.033707865 0.057471264
0.128787875 0.053003535 0.124528304 0.024054984 0.045614034 0.049295776 0.064285718 0.038327526 0.107806690 0.038327526 0.000000000 0.013245033 0.038327526 0.060498219 0.221311480 0.103703700 0.079710148 0.083636366 0.087591238 0.009966778 0.103703700 0.064285718 0.099630997 0.049295776 0.087591238 0.010169491 0.071942449 0.091575094 0.116104871 0.095588237 0.059936907 0.068750001 0.071942449 0.095588237
0.141791046 0.066202089 0.137546465 0.037288137 0.058823530 0.062500000 0.077464789 0.051546391 0.120879121 0.051546391 0.013245033 0.000000000 0.051546391 0.073684208 0.233870968 0.116788320 0.092857145 0.096774191 0.100719422 0.003278689 0.116788320 0.077464789 0.112727270 0.062500000 0.100719422 0.023411371 0.085106380 0.104693137 0.129151285 0.108695649 0.046728972 0.055555556 0.085106380 0.108695649
0.090909094 0.014705882 0.086614177 0.014285714 0.007299270 0.010989011 0.026022306 0.000000000 0.069767445 0.000000000 0.038327526 0.051546391 0.000000000 0.022222223 0.184549361 0.065637067 0.041509435 0.045454547 0.049429659 0.048275862 0.065637067 0.026022306 0.061538462 0.010989011 0.049429659 0.028169014 0.033707865 0.053435113 0.078125000 0.057471264 0.098039217 0.106796116 0.033707865 0.057471264
0.068825908 0.007518797 0.064516127 0.036496349 0.014925373 0.011235955 0.003802281 0.022222223 0.047619049 0.022222223 0.060498219 0.073684208 0.022222223 0.000000000 0.162995592 0.043478262 0.019305019 0.023255814 0.027237354 0.070422538 0.043478262 0.003802281 0.039370079 0.011235955 0.027237354 0.050359711 0.011494253 0.031250000 0.056000002 0.035294119 0.119999997 0.128712878 0.011494253 0.035294119
0.095238097 0.170305684 0.099526070 0.198312238 0.177489176 0.173913047 0.159292042 0.184549361 0.116279073 0.184549361 0.221311480 0.233870968 0.184549361 0.162995592 0.000000000 0.120370373 0.144144148 0.140271500 0.136363640 0.230769232 0.120370373 0.159292042 0.124423966 0.173913047 0.136363640 0.211618260 0.151785716 0.132420093 0.107981220 0.128440365 0.277566552 0.285714298 0.151785716 0.128440365
0.025423728 0.050980393 0.021097047 0.079847910 0.058365759 0.054687500 0.039682541 0.065637067 0.004149378 0.065637067 0.103703700 0.116788320 0.065637067 0.043478262 0.120370373 0.000000000 0.024193548 0.020242915 0.016260162 0.113553114 0.000000000 0.039682541 0.004115226 0.054687500 0.016260162 0.093632959 0.032000002 0.012244898 0.012552301 0.008196721 0.162629753 0.171232879 0.032000002 0.008196721
0.049586777 0.026819924 0.045267489 0.055762082 0.034220532 0.030534351 0.015503876 0.041509435 0.028340081 0.041509435 0.079710148 0.092857145 0.041509435 0.019305019 0.144144148 0.024193548 0.000000000 0.003952569 0.007936508 0.089605734 0.024193548 0.015503876 0.020080321 0.030534351 0.007936508 0.069597073 0.007812500 0.011952192 0.036734693 0.016000001 0.138983056 0.147651002 0.007812500 0.016000001
0.045643155 0.030769231 0.041322313 0.059701491 0.038167939 0.034482758 0.019455252 0.045454547 0.024390243 0.045454547 0.083636366 0.096774191 0.045454547 0.023255814 0.140271500 0.020242915 0.003952569 0.000000000 0.003984064 0.093525179 0.020242915 0.019455252 0.016129032 0.034482758 0.003984064 0.073529415 0.011764706 0.008000000 0.032786883 0.012048192 0.142857149 0.151515156 0.011764706 0.012048192
0.041666668 0.034749035 0.037344400 0.063670412 0.042145595 0.038461540 0.023437500 0.049429659 0.020408163 0.049429659 0.087591238 0.100719422 0.049429659 0.027237354 0.136363640 0.016260162 0.007936508 0.003984064 0.000000000 0.097472921 0.016260162 0.023437500 0.012145749 0.038461540 0.000000000 0.077490777 0.015748031 0.004016064 0.028806584 0.008064516 0.146757677 0.155405402 0.015748031 0.008064516
0.138576776 0.062937066 0.134328365 0.034013607 0.055555556 0.059233449 0.074204944 0.048275862 0.117647059 0.048275862 0.009966778 0.003278689 0.048275862 0.070422538 0.230769232 0.113553114 0.089605734 0.093525179 0.097472921 0.000000000 0.113553114 0.074204944 0.109489053 0.059233449 0.097472921 0.020134227 0.081850536 0.101449274 0.125925928 0.105454542 0.050000001 0.058823530 0.081850536 0.105454542
0.025423728 0.050980393 0.021097047 0.079847910 0.058365759 0.054687500 0.039682541 0.065637067 0.004149378 0.065637067 0.103703700 0.116788320 0.065637067 0.043478262 0.120370373 0.000000000 0.024193548 0.020242915 0.016260162 0.113553114 0.000000000 0.039682541 0.004115226 0.054687500 0.016260162 0.093632959 0.032000002 0.012244898 0.012552301 0.008196721 0.162629753 0.171232879 0.032000002 0.008196721
0.065040648 0.011320755 0.060728744 0.040293042 0.018726591 0.015037594 0.000000000 0.026022306 0.043824703 0.026022306 0.064285718 0.077464789 0.026022306 0.003802281 0.159292042 0.039682541 0.015503876 0.019455252 0.023437500 0.074204944 0.039682541 0.000000000 0.035573121 0.015037594 0.023437500 0.054151624 0.007692308 0.027450981 0.052208837 0.031496063 0.123745821 0.132450327 0.007692308 0.031496063
0.029535865 0.046875000 0.025210084 0.075757578 0.054263566 0.050583657 0.035573121 0.061538462 0.008264462 0.061538462 0.099630997 0.112727270 0.061538462 0.039370079 0.124423966 0.004115226 0.020080321 0.016129032 0.012145749 0.109489053 0.004115226 0.035573121 0.000000000 0.050583657 0.012145749 0.089552239 0.027888447 0.008130081 0.016666668 0.004081632 0.158620685 0.167235494 0.027888447 0.004081632
0.079999998 0.003717472 0.075697213 0.025270758 0.003690037 0.000000000 0.015037594 0.010989011 0.058823530 0.010989011 0.049295776 0.062500000 0.010989011 0.011235955 0.173913047 0.054687500 0.030534351 0.034482758 0.038461540 0.059233449 0.054687500 0.015037594 0.050583657 0.000000000 0.038461540 0.039145909 0.022727273 0.042471044 0.067193680 0.046511628 0.108910888 0.117647059 0.022727273 0.046511628
0.041666668 0.034749035 0.037344400 0.063670412 0.042145595 0.038461540 0.023437500 0.049429659 0.020408163 0.049429659 0.087591238 0.100719422 0.049429659 0.027237354 0.136363640 0.016260162 0.007936508 0.003984064 0.000000000 0.097472921 0.016260162 0.023437500 0.012145749 0.038461540 0.000000000 0.077490777 0.015748031 0.004016064 0.028806584 0.008064516 0.146757677 0.155405402 0.015748031 0.008064516
0.118773945 0.042857144 0.114503816 0.013888889 0.035460994 0.039145909 0.054151624 0.028169014 0.097744361 0.028169014 0.010169491 0.023411371 0.028169014 0.050359711 0.211618260 0.093632959 0.069597073 0.073529415 0.077490777 0.020134227 0.093632959 0.054151624 0.089552239 0.039145909 0.077490777 0.000000000 0.061818182 0.081481479 0.106060609 0.085501857 0.070063695 0.078864351 0.061818182 0.085501857
0.057377048 0.019011406 0.053061225 0.047970481 0.026415095 0.022727273 0.007692308 0.033707865 0.036144577 0.033707865 0.071942449 0.085106380 0.033707865 0.011494253 0.151785716 0.032000002 0.007812500 0.011764706 0.015748031 0.081850536 0.032000002 0.007692308 0.027888447 0.022727273 0.015748031 0.061818182 0.000000000 0.019762846 0.044534411 0.023809524 0.131313130 0.140000001 0.000000000 0.023809524
0.037656903 0.038759690 0.033333335 0.067669176 0.046153847 0.042471044 0.027450981 0.053435113 0.016393442 0.053435113 0.091575094 0.104693137 0.053435113 0.031250000 0.132420093 0.012244898 0.011952192 0.008000000 0.004016064 0.101449274 0.012244898 0.027450981 0.008130081 0.042471044 0.004016064 0.081481479 0.019762846 0.000000000 0.024793388 0.004048583 0.150684938 0.159322038 0.019762846 0.004048583
0.012875536 0.063492067 0.008547009 0.092307694 0.070866145 0.067193680 0.052208837 0.078125000 0.008403362 0.078125000 0.116104871 0.129151285 0.078125000 0.056000002 0.107981220 0.012552301 0.036734693 0.032786883 0.028806584 0.125925928 0.012552301 0.052208837 0.016666668 0.067193680 0.028806584 0.106060609 0.044534411 0.024793388 0.000000000 0.020746889 0.174825177 0.183391005 0.044534411 0.020746889
0.033613447 0.042801555 0.029288704 0.071698114 0.050193049 0.046511628 0.031496063 0.057471264 0.012345679 0.057471264 0.095588237 0.108695649 0.057471264 0.035294119 0.128440365 0.008196721 0.016000001 0.012048192 0.008064516 0.105454542 0.008196721 0.031496063 0.004081632 0.046511628 0.008064516 0.085501857 0.023809524 0.004048583 0.020746889 0.000000000 0.154639170 0.163265303 0.023809524 0.000000000
0.187279150 0.112582780 0.183098584 0.083870970 0.105263159 0.108910888 0.123745821 0.098039217 0.166666672 0.098039217 0.059936907 0.046728972 0.098039217 0.119999997 0.277566552 0.162629753 0.138983056 0.142857149 0.146757677 0.050000001 0.162629753 0.123745821 0.158620685 0.108910888 0.146757677 0.070063695 0.131313130 0.150684938 0.174825177 0.154639170 0.000000000 0.008849557 0.131313130 0.154639170
0.195804194 0.121311478 0.191637635 0.092651755 0.114006512 0.117647059 0.132450327 0.106796116 0.175257728 0.106796116 0.068750001 0.055555556 0.106796116 0.128712878 0.285714298 0.171232879 0.147651002 0.151515156 0.155405402 0.058823530 0.171232879 0.132450327 0.167235494 0.117647059 0.155405402 0.078864351 0.140000001 0.159322038 0.183391005 0.163265303 0.008849557 0.000000000 0.140000001 0.163265303
0.057377048 0.019011406 0.053061225 0.047970481 0.026415095 0.022727273 0.007692308 0.033707865 0.036144577 0.033707865 0.071942449 0.085106380 0.033707865 0.011494253 0.151785716 0.032000002 0.007812500 0.011764706 0.015748031 0.081850536 0.032000002 0.007692308 0.027888447 0.022727273 0.015748031 0.061818182 0.000000000 0.019762846 0.044534411 0.023809524 0.131313130 0.140000001 0.000000000 0.023809524
0.033613447 0.042801555 0.029288704 0.071698114 0.050193049 0.046511628 0.031496063 0.057471264 0.012345679 0.057471264 0.095588237 0.108695649 0.057471264 0.035294119 0.128440365 0.008196721 0.016000001 0.012048192 0.008064516 0.105454542 0.008196721 0.031496063 0.004081632 0.046511628 0.008064516 0.085501857 0.023809524 0.004048583 0.020746889 0.000000000 0.154639170 0.163265303 0.023809524 0.000000000
