0.012898764 0.041325368 0.032601703 0.061186343 0.038244516 0.034805741 0.046747796 0.042767581 0.045368642 0.053034127 0.045475714 0.052430443 0.036658250 0.038156468 0.023008196 0.026603550 0.031568650 0.053919505 0.037590697 0.043018274 0.025822232 0.043214470 0.026086954 0.043754078 0.052689843 0.049941454 0.039614327 0.044810325 0.029188190 0.040788971 0.067852743 0.057307284 0.045573246 0.025633773
0.041325368 0.001608983 0.020568458 0.030670622 0.013361997 0.018746778 0.012472981 0.019408995 0.019329049 0.023561860 0.020998528 0.025418924 0.021706114 0.015347300 0.034424733 0.028998321 0.023359634 0.029800722 0.016807485 0.024056237 0.025955867 0.015730470 0.027484814 0.015635483 0.022544868 0.018553862 0.015536385 0.020185003 0.031059869 0.013289174 0.048104018 0.031534296 0.026499063 0.028914558
0.032601703 0.020568458 0.003214985 0.038862471 0.018034639 0.015667478 0.016392238 0.022030482 0.018545141 0.032644555 0.024165317 0.033034481 0.019325219 0.016972166 0.024601821 0.017089967 0.016089465 0.034501161 0.014909973 0.018956380 0.009022051 0.019283433 0.016630327 0.016655648 0.031067487 0.027328016 0.016983639 0.017070681 0.018356506 0.017735345 0.050729971 0.033916380 0.023223225 0.013426900
0.061186343 0.030670622 0.038862471 0.007785488 0.014916645 0.029567206 0.029306151 0.028135454 0.034204029 0.017506298 0.018930942 0.013082789 0.025661623 0.027608365 0.052145079 0.050850905 0.034772214 0.021200528 0.029850066 0.023863999 0.038796533 0.025297835 0.045584850 0.028330537 0.029599827 0.015964691 0.028866529 0.035360478 0.045489192 0.025896821 0.039287075 0.016916743 0.032124240 0.040328890
0.038244516 0.013361997 0.018034639 0.014916645 0.000108056 0.013384520 0.012798310 0.005661154 0.016623762 0.011065944 0.015421251 0.011571064 0.013387056 0.014462059 0.032006305 0.028069528 0.015636995 0.015982924 0.016530905 0.010615931 0.020084236 0.016181286 0.026438659 0.017734684 0.005363273 0.016276335 0.014849975 0.012582825 0.025276102 0.009021438 0.040724665 0.017085452 0.012523366 0.023592716
0.034805741 0.018746778 0.015667478 0.029567206 0.013384520 0.006159484 0.008279090 0.011427213 0.015152063 0.023433397 0.016911710 0.025818678 0.013536680 0.007437228 0.025931288 0.020480406 0.012443921 0.024992621 0.012240537 0.016515907 0.012375575 0.013914812 0.020310121 0.012181004 0.020889156 0.018892622 0.013282343 0.011573993 0.022471339 0.010848906 0.042685032 0.025906095 0.020175178 0.017281685
0.046747796 0.012472981 0.016392238 0.029306151 0.012798310 0.008279090 -0.005471091 0.010117088 0.011325358 0.021804048 0.002773436 0.021447564 0.008796236 0.006135968 0.033667367 0.025430053 0.013030069 0.022205386 0.006623951 0.015014739 0.017629765 0.005018059 0.027390379 0.000768349 0.011871680 0.004739018 0.006482654 0.008616460 0.021782329 0.007730294 0.047551475 0.015631303 0.020346815 0.020408690
0.042767581 0.019408995 0.022030482 0.028135454 0.005661154 0.011427213 0.010117088 0.003462403 0.018928632 0.019253183 0.012560730 0.021363957 0.011239575 0.008773360 0.031056542 0.030081196 0.016998906 0.021762788 0.014310867 0.016069202 0.018659633 0.014237469 0.027671527 0.011598850 0.020987585 0.013557505 0.014990784 0.017689727 0.027379718 0.010352392 0.042626642 0.018737918 0.014645122 0.021066565
0.045368642 0.019329049 0.018545141 0.034204029 0.016623762 0.015152063 0.011325358 0.018928632 0.004715137 0.026294716 0.020142207 0.027159192 0.020012110 0.013861223 0.037019972 0.029437078 0.020015016 0.031865519 0.017759306 0.017613189 0.018784320 0.014415532 0.026786555 0.010387011 0.031355772 0.018261062 0.016688781 0.020462591 0.029268876 0.013088114 0.056143917 0.034532089 0.020585043 0.022807058
0.053034127 0.023561860 0.032644555 0.017506298 0.011065944 0.023433397 0.021804048 0.019253183 0.026294716 0.008458625 0.012491440 0.009633925 0.019314982 0.020021081 0.043552719 0.042957477 0.028818350 0.016455716 0.023271255 0.016759982 0.031669453 0.019867415 0.039484039 0.021187844 0.021340735 0.010477548 0.022623897 0.028606333 0.037430473 0.019765407 0.037581258 0.011152477 0.021791596 0.034719788
0.045475714 0.020998528 0.024165317 0.018930942 0.015421251 0.016911710 0.002773436 0.012560730 0.020142207 0.012491440 0.000589486 0.014444619 0.012180271 0.012193833 0.034858864 0.034594439 0.020267006 0.013221802 0.016314106 0.015263306 0.022383213 0.011600439 0.031070439 0.013433238 0.013935532 0.007709293 0.017586049 0.017469380 0.031663109 0.013977845 0.035871223 0.009372149 0.014807335 0.027231567
0.052430443 0.025418924 0.033034481 0.013082789 0.011571064 0.025818678 0.021447564 0.021363957 0.027159192 0.009633925 0.014444619 0.004731903 0.022420976 0.022110760 0.043978292 0.046300456 0.032299493 0.017571412 0.026452161 0.018541094 0.031697042 0.019252814 0.038269907 0.023202736 0.021676416 0.010448665 0.025078474 0.027031107 0.040326737 0.019549079 0.038885511 0.013537524 0.022659991 0.035213746
0.036658250 0.021706114 0.019325219 0.025661623 0.013387056 0.013536680 0.008796236 0.011239575 0.020012110 0.019314982 0.012180271 0.022420976 0.001802590 0.010842307 0.026659207 0.026992768 0.017358642 0.021009885 0.016289223 0.016769463 0.019262034 0.015306302 0.022739921 0.012589772 0.016404193 0.015125889 0.017055215 0.014286062 0.025171466 0.012843389 0.042688094 0.015685979 0.013578458 0.020727292
0.038156468 0.015347300 0.016972166 0.027608365 0.014462059 0.007437228 0.006135968 0.008773360 0.013861223 0.020021081 0.012193833 0.022110760 0.010842307 -0.001836939 0.028578222 0.022609761 0.012108946 0.018860040 0.009825638 0.014222068 0.015670456 0.013991654 0.023157466 0.012710982 0.013575716 0.016479764 0.013261061 0.010294978 0.021153634 0.009803122 0.043185137 0.019295894 0.017916415 0.017313264
0.023008196 0.034424733 0.024601821 0.052145079 0.032006305 0.025931288 0.033667367 0.031056542 0.037019972 0.043552719 0.034858864 0.043978292 0.026659207 0.028578222 0.005762127 0.019909184 0.020697370 0.043525640 0.027573574 0.033289097 0.019364918 0.034208640 0.020416539 0.033413388 0.039064258 0.040413007 0.033077754 0.031120451 0.023339309 0.032819375 0.054691419 0.044412754 0.032153092 0.019397365
0.026603550 0.028998321 0.017089967 0.050850905 0.028069528 0.020480406 0.025430053 0.030081196 0.029437078 0.042957477 0.034594439 0.046300456 0.026992768 0.022609761 0.019909184 0.004141761 0.018959776 0.040927488 0.025045179 0.031408243 0.010663392 0.028367078 0.012609070 0.026198961 0.037653569 0.038341839 0.025966823 0.025037354 0.015689418 0.026713172 0.053863142 0.043812942 0.028803244 0.013274622
0.031568650 0.023359634 0.016089465 0.034772214 0.015636995 0.012443921 0.013030069 0.016998906 0.020015016 0.028818350 0.020267006 0.032299493 0.017358642 0.012108946 0.020697370 0.018959776 0.003229324 0.027528565 0.012070220 0.020719219 0.011970455 0.016544482 0.015130134 0.014561262 0.023255982 0.023876410 0.015244091 0.015963256 0.017598405 0.015654113 0.042679232 0.025038846 0.025474893 0.012245106
0.053919505 0.029800722 0.034501161 0.021200528 0.015982924 0.024992621 0.022205386 0.021762788 0.031865519 0.016455716 0.013221802 0.017571412 0.021009885 0.018860040 0.043525640 0.040927488 0.027528565 0.007481169 0.022988673 0.022328723 0.027514841 0.019489773 0.037247520 0.025383830 0.024161687 0.013653387 0.027304608 0.026706897 0.040512532 0.023356376 0.030680342 0.015939275 0.027110446 0.032404028
0.037590697 0.016807485 0.014909973 0.029850066 0.016530905 0.012240537 0.006623951 0.014310867 0.017759306 0.023271255 0.016314106 0.026452161 0.016289223 0.009825638 0.027573574 0.025045179 0.012070220 0.022988673 0.001757892 0.018186735 0.016211100 0.013219181 0.020758156 0.012605606 0.019044543 0.017140869 0.013577957 0.013090521 0.021513430 0.012941413 0.042269289 0.021264266 0.023531521 0.015728356
0.043018274 0.024056237 0.018956380 0.023863999 0.010615931 0.016515907 0.015014739 0.016069202 0.017613189 0.016759982 0.015263306 0.018541094 0.016769463 0.014222068 0.033289097 0.031408243 0.020719219 0.022328723 0.018186735 0.003323664 0.020890569 0.018388491 0.028109856 0.016442882 0.025696702 0.016103433 0.017631250 0.017720489 0.033882402 0.010861189 0.045028973 0.023505347 0.021153389 0.028078435
0.025822232 0.025955867 0.009022051 0.038796533 0.020084236 0.012375575 0.017629765 0.018659633 0.018784320 0.031669453 0.022383213 0.031697042 0.019262034 0.015670456 0.019364918 0.010663392 0.011970455 0.027514841 0.016211100 0.020890569 0.001999723 0.020220276 0.012335175 0.018053256 0.028576447 0.028321929 0.016378149 0.015753433 0.015556155 0.016213853 0.044062585 0.030913770 0.020073565 0.012243628
0.043214470 0.015730470 0.019283433 0.025297835 0.016181286 0.013914812 0.005018059 0.014237469 0.014415532 0.019867415 0.011600439 0.019252814 0.015306302 0.013991654 0.034208640 0.028367078 0.016544482 0.019489773 0.013219181 0.018388491 0.020220276 -0.000787763 0.026795698 0.010515856 0.015704736 0.012021449 0.011965849 0.013154652 0.026304632 0.012218602 0.039749458 0.020330204 0.018145649 0.024030816
0.026086954 0.027484814 0.016630327 0.045584850 0.026438659 0.020310121 0.027390379 0.027671527 0.026786555 0.039484039 0.031070439 0.038269907 0.022739921 0.023157466 0.020416539 0.012609070 0.015130134 0.037247520 0.020758156 0.028109856 0.012335175 0.026795698 0.007808508 0.027097719 0.031515799 0.035222519 0.025243696 0.025348127 0.015420188 0.026752453 0.049873207 0.039680995 0.027588258 0.015394358
0.043754078 0.015635483 0.016655648 0.028330537 0.017734684 0.012181004 0.000768349 0.011598850 0.010387011 0.021187844 0.013433238 0.023202736 0.012589772 0.012710982 0.033413388 0.026198961 0.014561262 0.025383830 0.012605606 0.016442882 0.018053256 0.010515856 0.027097719 -0.001441188 0.016602388 0.015000613 0.009189192 0.010005639 0.022675099 0.008797335 0.049731471 0.021860572 0.018425491 0.021738280
0.052689843 0.022544868 0.031067487 0.029599827 0.005363273 0.020889156 0.011871680 0.020987585 0.031355772 0.021340735 0.013935532 0.021676416 0.016404193 0.013575716 0.039064258 0.037653569 0.023255982 0.024161687 0.019044543 0.025696702 0.028576447 0.015704736 0.031515799 0.016602388 -0.008173868 0.012345028 0.021743290 0.021502249 0.032158792 0.021095261 0.038871817 0.019963317 0.024431704 0.030336168
0.049941454 0.018553862 0.027328016 0.015964691 0.016276335 0.018892622 0.004739018 0.013557505 0.018261062 0.010477548 0.007709293 0.010448665 0.015125889 0.016479764 0.040413007 0.038341839 0.023876410 0.013653387 0.017140869 0.016103433 0.028321929 0.012021449 0.035222519 0.015000613 0.012345028 -0.000396670 0.016792595 0.019088544 0.033536345 0.013029053 0.039840743 0.010711757 0.015646599 0.031738140
0.039614327 0.015536385 0.016983639 0.028866529 0.014849975 0.013282343 0.006482654 0.014990784 0.016688781 0.022623897 0.017586049 0.025078474 0.017055215 0.013261061 0.033077754 0.025966823 0.015244091 0.027304608 0.013577957 0.017631250 0.016378149 0.011965849 0.025243696 0.009189192 0.021743290 0.016792595 0.007538382 0.008898785 0.027632743 0.009587373 0.044518538 0.030827450 0.022719946 0.023408987
0.044810325 0.020185003 0.017070681 0.035360478 0.012582825 0.011573993 0.008616460 0.017689727 0.020462591 0.028606333 0.017469380 0.027031107 0.014286062 0.010294978 0.031120451 0.025037354 0.015963256 0.026706897 0.013090521 0.017720489 0.015753433 0.013154652 0.025348127 0.010005639 0.021502249 0.019088544 0.008898785 0.012949631 0.024361687 0.013125858 0.052170858 0.024709247 0.025337581 0.018467974
0.029188190 0.031059869 0.018356506 0.045489192 0.025276102 0.022471339 0.021782329 0.027379718 0.029268876 0.037430473 0.031663109 0.040326737 0.025171466 0.021153634 0.023339309 0.015689418 0.017598405 0.040512532 0.021513430 0.033882402 0.015556155 0.026304632 0.015420188 0.022675099 0.032158792 0.033536345 0.027632743 0.024361687 0.014692724 0.024484357 0.051763624 0.038993098 0.030811569 0.016499251
0.040788971 0.013289174 0.017735345 0.025896821 0.009021438 0.010848906 0.007730294 0.010352392 0.013088114 0.019765407 0.013977845 0.019549079 0.012843389 0.009803122 0.032819375 0.026713172 0.015654113 0.023356376 0.012941413 0.010861189 0.016213853 0.012218602 0.026752453 0.008797335 0.021095261 0.013029053 0.009587373 0.013125858 0.024484357 0.003188126 0.044478573 0.020145100 0.016309589 0.019019570
0.067852743 0.048104018 0.050729971 0.039287075 0.040724665 0.042685032 0.047551475 0.042626642 0.056143917 0.037581258 0.035871223 0.038885511 0.042688094 0.043185137 0.054691419 0.053863142 0.042679232 0.030680342 0.042269289 0.045028973 0.044062585 0.039749458 0.049873207 0.049731471 0.038871817 0.039840743 0.044518538 0.052170858 0.051763624 0.044478573 -0.015746228 0.042167980 0.050301004 0.044401526
0.057307284 0.031534296 0.033916380 0.016916743 0.017085452 0.025906095 0.015631303 0.018737918 0.034532089 0.011152477 0.009372149 0.013537524 0.015685979 0.019295894 0.044412754 0.043812942 0.025038846 0.015939275 0.021264266 0.023505347 0.030913770 0.020330204 0.039680995 0.021860572 0.019963317 0.010711757 0.030827450 0.024709247 0.038993098 0.020145100 0.042167980 0.003196547 0.022517150 0.041471694
0.045573246 0.026499063 0.023223225 0.032124240 0.012523366 0.020175178 0.020346815 0.014645122 0.020585043 0.021791596 0.014807335 0.022659991 0.013578458 0.017916415 0.032153092 0.028803244 0.025474893 0.027110446 0.023531521 0.021153389 0.020073565 0.018145649 0.027588258 0.018425491 0.024431704 0.015646599 0.022719946 0.025337581 0.030811569 0.016309589 0.050301004 0.022517150 -0.008818772 0.023688700
0.025633773 0.028914558 0.013426900 0.040328890 0.023592716 0.017281685 0.020408690 0.021066565 0.022807058 0.034719788 0.027231567 0.035213746 0.020727292 0.017313264 0.019397365 0.013274622 0.012245106 0.032404028 0.015728356 0.028078435 0.012243628 0.024030816 0.015394358 0.021738280 0.030336168 0.031738140 0.023408987 0.018467974 0.016499251 0.019019570 0.044401526 0.041471694 0.023688700 0.007543195
