0.000000000 0.330434769 0.210256413 0.330434769 0.283720940 0.210256413 0.252427191 0.241379306 0.280373842 0.312500000 0.248780489 0.303167433 0.233830839 0.230000004 0.109826587 0.149171278 0.180851057 0.336206883 0.218274117 0.266666681 0.193717271 0.283720940 0.139664799 0.233830839 0.339055806 0.303167433 0.241379306 0.233830839 0.149171278 0.263157904 0.425373137 0.280373842 0.256038636 0.149171278
0.330434769 0.000000000 0.129151285 0.000000000 0.051546391 0.129151285 0.085106380 0.096774191 0.055172414 0.020000000 0.088967972 0.030303031 0.104693137 0.108695649 0.228915662 0.190661475 0.159090906 0.006493506 0.120879121 0.069930069 0.146067411 0.051546391 0.200000003 0.104693137 0.009708738 0.030303031 0.096774191 0.104693137 0.190661475 0.073684208 0.110465117 0.055172414 0.081272088 0.190661475
0.210256413 0.129151285 0.000000000 0.129151285 0.078125000 0.000000000 0.044534411 0.032786883 0.074509807 0.109433964 0.040650405 0.099236645 0.024793388 0.020746889 0.102803737 0.063063063 0.030567685 0.135531142 0.008403362 0.059760958 0.017241379 0.078125000 0.072727270 0.024793388 0.138686135 0.099236645 0.032786883 0.024793388 0.063063063 0.056000002 0.236245960 0.074509807 0.048387095 0.063063063
0.330434769 0.000000000 0.129151285 0.000000000 0.051546391 0.129151285 0.085106380 0.096774191 0.055172414 0.020000000 0.088967972 0.030303031 0.104693137 0.108695649 0.228915662 0.190661475 0.159090906 0.006493506 0.120879121 0.069930069 0.146067411 0.051546391 0.200000003 0.104693137 0.009708738 0.030303031 0.096774191 0.104693137 0.190661475 0.073684208 0.110465117 0.055172414 0.081272088 0.190661475
0.283720940 0.051546391 0.078125000 0.051546391 0.000000000 0.078125000 0.033707865 0.045454547 0.003636364 0.031578947 0.037593983 0.021276595 0.053435113 0.057471264 0.179487184 0.140495867 0.108433738 0.058020476 0.069767445 0.018450184 0.095238097 0.000000000 0.150000006 0.053435113 0.061224490 0.021276595 0.045454547 0.053435113 0.140495867 0.022222223 0.161094218 0.003636364 0.029850746 0.140495867
0.210256413 0.129151285 0.000000000 0.129151285 0.078125000 0.000000000 0.044534411 0.032786883 0.074509807 0.109433964 0.040650405 0.099236645 0.024793388 0.020746889 0.102803737 0.063063063 0.030567685 0.135531142 0.008403362 0.059760958 0.017241379 0.078125000 0.072727270 0.024793388 0.138686135 0.099236645 0.032786883 0.024793388 0.063063063 0.056000002 0.236245960 0.074509807 0.048387095 0.063063063
0.252427191 0.085106380 0.044534411 0.085106380 0.033707865 0.044534411 0.000000000 0.011764706 0.030075189 0.065217391 0.003891051 0.054945055 0.019762846 0.023809524 0.146666661 0.107296139 0.075000003 0.091549292 0.036144577 0.015267176 0.061728396 0.033707865 0.116883114 0.019762846 0.094736844 0.054945055 0.011764706 0.019762846 0.107296139 0.011494253 0.193749994 0.030075189 0.003861004 0.107296139
0.241379306 0.096774191 0.032786883 0.096774191 0.045454547 0.032786883 0.011764706 0.000000000 0.041825093 0.076923080 0.007874016 0.066666670 0.008000000 0.012048192 0.135135129 0.095652170 0.063291140 0.103202850 0.024390243 0.027027028 0.050000001 0.045454547 0.105263159 0.008000000 0.106382981 0.066666670 0.000000000 0.008000000 0.095652170 0.023255814 0.205047324 0.041825093 0.015625000 0.095652170
0.280373842 0.055172414 0.074509807 0.055172414 0.003636364 0.074509807 0.030075189 0.041825093 0.000000000 0.035211269 0.033962265 0.024911031 0.049808428 0.053846154 0.175965667 0.136929467 0.104838707 0.061643835 0.066147856 0.014814815 0.091633469 0.003636364 0.146443516 0.049808428 0.064846419 0.024911031 0.041825093 0.049808428 0.136929467 0.018587360 0.164634153 0.000000000 0.026217228 0.136929467
0.312500000 0.020000000 0.109433964 0.020000000 0.031578947 0.109433964 0.065217391 0.076923080 0.035211269 0.000000000 0.069090910 0.010309278 0.084870845 0.088888891 0.209876537 0.171314746 0.139534891 0.026490066 0.101123594 0.050000001 0.126436785 0.031578947 0.180722892 0.084870845 0.029702971 0.010309278 0.076923080 0.084870845 0.171314746 0.053763442 0.130177513 0.035211269 0.061371841 0.171314746
0.248780489 0.088967972 0.040650405 0.088967972 0.037593983 0.040650405 0.003891051 0.007874016 0.033962265 0.069090910 0.000000000 0.058823530 0.015873017 0.019920319 0.142857149 0.103448279 0.071129709 0.095406361 0.032258064 0.019157087 0.057851240 0.037593983 0.113043480 0.015873017 0.098591551 0.058823530 0.007874016 0.015873017 0.103448279 0.015384615 0.197492167 0.033962265 0.007751938 0.103448279
0.303167433 0.030303031 0.099236645 0.030303031 0.021276595 0.099236645 0.054945055 0.066666670 0.024911031 0.010309278 0.058823530 0.000000000 0.074626863 0.078651689 0.200000003 0.161290318 0.129411772 0.036789298 0.090909094 0.039711192 0.116279073 0.021276595 0.170731708 0.074626863 0.039999999 0.000000000 0.066666670 0.074626863 0.161290318 0.043478262 0.140298501 0.024911031 0.051094890 0.161290318
0.233830839 0.104693137 0.024793388 0.104693137 0.053435113 0.024793388 0.019762846 0.008000000 0.049808428 0.084870845 0.015873017 0.074626863 0.000000000 0.004048583 0.127272725 0.087719299 0.055319149 0.111111112 0.016393442 0.035019454 0.042016808 0.053435113 0.097345136 0.000000000 0.114285715 0.074626863 0.008000000 0.000000000 0.087719299 0.031250000 0.212698415 0.049808428 0.023622047 0.087719299
0.230000004 0.108695649 0.020746889 0.108695649 0.057471264 0.020746889 0.023809524 0.012048192 0.053846154 0.088888891 0.019920319 0.078651689 0.004048583 0.000000000 0.123287670 0.083700441 0.051282052 0.115107916 0.012345679 0.039062500 0.037974682 0.057471264 0.093333334 0.004048583 0.118279569 0.078651689 0.012048192 0.004048583 0.083700441 0.035294119 0.216560513 0.053846154 0.027667984 0.083700441
0.109826587 0.228915662 0.102803737 0.228915662 0.179487184 0.102803737 0.146666661 0.135135129 0.175965667 0.209876537 0.142857149 0.200000003 0.127272725 0.123287670 0.000000000 0.039999999 0.072463766 0.235059768 0.111111112 0.161572054 0.085714288 0.179487184 0.030303031 0.127272725 0.238095239 0.200000003 0.135135129 0.127272725 0.039999999 0.157894731 0.331010461 0.175965667 0.150442481 0.039999999
0.149171278 0.190661475 0.063063063 0.190661475 0.140495867 0.063063063 0.107296139 0.095652170 0.136929467 0.171314746 0.103448279 0.161290318 0.087719299 0.083700441 0.039999999 0.000000000 0.032558139 0.196911201 0.071428575 0.122362867 0.045871560 0.140495867 0.009708738 0.087719299 0.200000003 0.161290318 0.095652170 0.087719299 0.000000000 0.118644066 0.294915259 0.136929467 0.111111112 0.000000000
0.180851057 0.159090906 0.030567685 0.159090906 0.108433738 0.030567685 0.075000003 0.063291140 0.104838707 0.139534891 0.071129709 0.129411772 0.055319149 0.051282052 0.072463766 0.032558139 0.000000000 0.165413529 0.038961038 0.090163931 0.013333334 0.108433738 0.042253520 0.055319149 0.168539330 0.129411772 0.063291140 0.055319149 0.032558139 0.086419754 0.264900655 0.104838707 0.078838177 0.032558139
0.336206883 0.006493506 0.135531142 0.006493506 0.058020476 0.135531142 0.091549292 0.103202850 0.061643835 0.026490066 0.095406361 0.036789298 0.111111112 0.115107916 0.235059768 0.196911201 0.165413529 0.000000000 0.127272725 0.076388888 0.152416363 0.058020476 0.206225678 0.111111112 0.003215434 0.036789298 0.103202850 0.111111112 0.196911201 0.080139376 0.104046240 0.061643835 0.087719299 0.196911201
0.218274117 0.120879121 0.008403362 0.120879121 0.069767445 0.008403362 0.036144577 0.024390243 0.066147856 0.101123594 0.032258064 0.090909094 0.016393442 0.012345679 0.111111112 0.071428575 0.038961038 0.127272725 0.000000000 0.051383398 0.025641026 0.069767445 0.081081077 0.016393442 0.130434781 0.090909094 0.024390243 0.016393442 0.071428575 0.047619049 0.228295818 0.066147856 0.039999999 0.071428575
0.266666681 0.069930069 0.059760958 0.069930069 0.018450184 0.059760958 0.015267176 0.027027028 0.014814815 0.050000001 0.019157087 0.039711192 0.035019454 0.039062500 0.161572054 0.122362867 0.090163931 0.076388888 0.051383398 0.000000000 0.076923080 0.018450184 0.131914899 0.035019454 0.079584777 0.039711192 0.027027028 0.035019454 0.122362867 0.003773585 0.179012343 0.014814815 0.011406844 0.122362867
0.193717271 0.146067411 0.017241379 0.146067411 0.095238097 0.017241379 0.061728396 0.050000001 0.091633469 0.126436785 0.057851240 0.116279073 0.042016808 0.037974682 0.085714288 0.045871560 0.013333334 0.152416363 0.025641026 0.076923080 0.000000000 0.095238097 0.055555556 0.042016808 0.155555561 0.116279073 0.050000001 0.042016808 0.045871560 0.073170729 0.252459019 0.091633469 0.065573767 0.045871560
0.283720940 0.051546391 0.078125000 0.051546391 0.000000000 0.078125000 0.033707865 0.045454547 0.003636364 0.031578947 0.037593983 0.021276595 0.053435113 0.057471264 0.179487184 0.140495867 0.108433738 0.058020476 0.069767445 0.018450184 0.095238097 0.000000000 0.150000006 0.053435113 0.061224490 0.021276595 0.045454547 0.053435113 0.140495867 0.022222223 0.161094218 0.003636364 0.029850746 0.140495867
0.139664799 0.200000003 0.072727270 0.200000003 0.150000006 0.072727270 0.116883114 0.105263159 0.146443516 0.180722892 0.113043480 0.170731708 0.097345136 0.093333334 0.030303031 0.009708738 0.042253520 0.206225678 0.081081077 0.131914899 0.055555556 0.150000006 0.000000000 0.097345136 0.209302321 0.170731708 0.105263159 0.097345136 0.009708738 0.128205135 0.303754270 0.146443516 0.120689653 0.009708738
0.233830839 0.104693137 0.024793388 0.104693137 0.053435113 0.024793388 0.019762846 0.008000000 0.049808428 0.084870845 0.015873017 0.074626863 0.000000000 0.004048583 0.127272725 0.087719299 0.055319149 0.111111112 0.016393442 0.035019454 0.042016808 0.053435113 0.097345136 0.000000000 0.114285715 0.074626863 0.008000000 0.000000000 0.087719299 0.031250000 0.212698415 0.049808428 0.023622047 0.087719299
0.339055806 0.009708738 0.138686135 0.009708738 0.061224490 0.138686135 0.094736844 0.106382981 0.064846419 0.029702971 0.098591551 0.039999999 0.114285715 0.118279569 0.238095239 0.200000003 0.168539330 0.003215434 0.130434781 0.079584777 0.155555561 0.061224490 0.209302321 0.114285715 0.000000000 0.039999999 0.106382981 0.114285715 0.200000003 0.083333336 0.100864552 0.064846419 0.090909094 0.200000003
0.303167433 0.030303031 0.099236645 0.030303031 0.021276595 0.099236645 0.054945055 0.066666670 0.024911031 0.010309278 0.058823530 0.000000000 0.074626863 0.078651689 0.200000003 0.161290318 0.129411772 0.036789298 0.090909094 0.039711192 0.116279073 0.021276595 0.170731708 0.074626863 0.039999999 0.000000000 0.066666670 0.074626863 0.161290318 0.043478262 0.140298501 0.024911031 0.051094890 0.161290318
0.241379306 0.096774191 0.032786883 0.096774191 0.045454547 0.032786883 0.011764706 0.000000000 0.041825093 0.076923080 0.007874016 0.066666670 0.008000000 0.012048192 0.135135129 0.095652170 0.063291140 0.103202850 0.024390243 0.027027028 0.050000001 0.045454547 0.105263159 0.008000000 0.106382981 0.066666670 0.000000000 0.008000000 0.095652170 0.023255814 0.205047324 0.041825093 0.015625000 0.095652170
0.233830839 0.104693137 0.024793388 0.104693137 0.053435113 0.024793388 0.019762846 0.008000000 0.049808428 0.084870845 0.015873017 0.074626863 0.000000000 0.004048583 0.127272725 0.087719299 0.055319149 0.111111112 0.016393442 0.035019454 0.042016808 0.053435113 0.097345136 0.000000000 0.114285715 0.074626863 0.008000000 0.000000000 0.087719299 0.031250000 0.212698415 0.049808428 0.023622047 0.087719299
0.149171278 0.190661475 0.063063063 0.190661475 0.140495867 0.063063063 0.107296139 0.095652170 0.136929467 0.171314746 0.103448279 0.161290318 0.087719299 0.083700441 0.039999999 0.000000000 0.032558139 0.196911201 0.071428575 0.122362867 0.045871560 0.140495867 0.009708738 0.087719299 0.200000003 0.161290318 0.095652170 0.087719299 0.000000000 0.118644066 0.294915259 0.136929467 0.111111112 0.000000000
0.263157904 0.073684208 0.056000002 0.073684208 0.022222223 0.056000002 0.011494253 0.023255814 0.018587360 0.053763442 0.015384615 0.043478262 0.031250000 0.035294119 0.157894731 0.118644066 0.086419754 0.080139376 0.047619049 0.003773585 0.073170729 0.022222223 0.128205135 0.031250000 0.083333336 0.043478262 0.023255814 0.031250000 0.118644066 0.000000000 0.182662532 0.018587360 0.007633588 0.118644066
0.425373137 0.110465117 0.236245960 0.110465117 0.161094218 0.236245960 0.193749994 0.205047324 0.164634153 0.130177513 0.197492167 0.140298501 0.212698415 0.216560513 0.331010461 0.294915259 0.264900655 0.104046240 0.228295818 0.179012343 0.252459019 0.161094218 0.303754270 0.212698415 0.100864552 0.140298501 0.205047324 0.212698415 0.294915259 0.182662532 0.000000000 0.164634153 0.190031156 0.294915259
0.280373842 0.055172414 0.074509807 0.055172414 0.003636364 0.074509807 0.030075189 0.041825093 0.000000000 0.035211269 0.033962265 0.024911031 0.049808428 0.053846154 0.175965667 0.136929467 0.104838707 0.061643835 0.066147856 0.014814815 0.091633469 0.003636364 0.146443516 0.049808428 0.064846419 0.024911031 0.041825093 0.049808428 0.136929467 0.018587360 0.164634153 0.000000000 0.026217228 0.136929467
0.256038636 0.081272088 0.048387095 0.081272088 0.029850746 0.048387095 0.003861004 0.015625000 0.026217228 0.061371841 0.007751938 0.051094890 0.023622047 0.027667984 0.150442481 0.111111112 0.078838177 0.087719299 0.039999999 0.011406844 0.065573767 0.029850746 0.120689653 0.023622047 0.090909094 0.051094890 0.015625000 0.023622047 0.111111112 0.007633588 0.190031156 0.026217228 0.000000000 0.111111112
0.149171278 0.190661475 0.063063063 0.190661475 0.140495867 0.063063063 0.107296139 0.095652170 0.136929467 0.171314746 0.103448279 0.161290318 0.087719299 0.083700441 0.039999999 0.000000000 0.032558139 0.196911201 0.071428575 0.122362867 0.045871560 0.140495867 0.009708738 0.087719299 0.200000003 0.161290318 0.095652170 0.087719299 0.000000000 0.118644066 0.294915259 0.136929467 0.111111112 0.000000000
