0.000000000 0.237668157 0.119170986 0.297520667 0.114583336 0.158415839 0.198113203 0.205607474 0.205607474 0.279661030 0.264069259 0.254385978 0.178743958 0.186602876 0.039548021 0.109947644 0.145728648 0.279661030 0.201877937 0.154228851 0.137055844 0.174757287 0.150000006 0.198113203 0.182692304 0.227272734 0.190476194 0.190476194 0.123711340 0.237668157 0.379562050 0.241071433 0.216589868 0.095744684
0.237668157 0.000000000 0.121951222 0.064406782 0.126530617 0.082352944 0.041509435 0.033707865 0.033707865 0.044982698 0.028169014 0.017793594 0.061538462 0.053435113 0.200000003 0.131147534 0.095238097 0.044982698 0.037593983 0.086614177 0.104000002 0.065637067 0.090909094 0.041509435 0.057471264 0.010989011 0.049429659 0.049429659 0.117408909 0.000000000 0.155963302 0.003610108 0.022222223 0.145228222
0.119170986 0.121951222 0.000000000 0.184905663 0.004651163 0.039999999 0.080851063 0.088607594 0.088607594 0.166023165 0.149606302 0.139442235 0.060869563 0.068965517 0.079999998 0.009345794 0.027027028 0.166023165 0.084745765 0.035714287 0.018181818 0.056768559 0.031390134 0.080851063 0.064935066 0.111111112 0.072961375 0.072961375 0.004608295 0.121951222 0.272727281 0.125506073 0.100000001 0.023696683
0.297520667 0.064406782 0.184905663 0.000000000 0.189393938 0.145985395 0.105633803 0.097902097 0.097902097 0.019480519 0.036303632 0.046666667 0.125448033 0.117437720 0.261044174 0.193916351 0.158671588 0.019480519 0.101754382 0.150183156 0.167286247 0.129496396 0.154411763 0.105633803 0.121428572 0.075342469 0.113475174 0.113475174 0.180451125 0.064406782 0.092485547 0.060810812 0.086505190 0.207692310
0.114583336 0.126530617 0.004651163 0.189393938 0.000000000 0.044642858 0.085470088 0.093220338 0.093220338 0.170542642 0.154150203 0.143999994 0.065502182 0.073593073 0.075376883 0.004694836 0.031674210 0.170542642 0.089361705 0.040358745 0.022831051 0.061403509 0.036036037 0.085470088 0.069565214 0.115702480 0.077586204 0.077586204 0.009259259 0.126530617 0.277027041 0.130081296 0.104602508 0.019047620
0.158415839 0.082352944 0.039999999 0.145985395 0.044642858 0.000000000 0.040983606 0.048780486 0.048780486 0.126865670 0.110266156 0.100000001 0.020920502 0.029045643 0.119617224 0.049327355 0.012987013 0.126865670 0.044897959 0.004291845 0.021834061 0.016806724 0.008620690 0.040983606 0.025000000 0.071428575 0.033057850 0.033057850 0.035398230 0.082352944 0.235294119 0.085937500 0.060240965 0.063636363
0.198113203 0.041509435 0.080851063 0.105633803 0.085470088 0.040983606 0.000000000 0.007812500 0.007812500 0.086330935 0.069597073 0.059259258 0.020080321 0.011952192 0.159817353 0.090128757 0.053941909 0.086330935 0.003921569 0.045267489 0.062761508 0.024193548 0.049586777 0.000000000 0.016000001 0.030534351 0.007936508 0.007936508 0.076271184 0.041509435 0.196202531 0.045112781 0.019305019 0.104347825
0.205607474 0.033707865 0.088607594 0.097902097 0.093220338 0.048780486 0.007812500 0.000000000 0.000000000 0.078571431 0.061818182 0.051470589 0.027888447 0.019762846 0.167420819 0.097872339 0.061728396 0.078571431 0.003891051 0.053061225 0.070539422 0.032000002 0.057377048 0.007812500 0.023809524 0.022727273 0.015748031 0.015748031 0.084033616 0.033707865 0.188679248 0.037313432 0.011494253 0.112068966
0.205607474 0.033707865 0.088607594 0.097902097 0.093220338 0.048780486 0.007812500 0.000000000 0.000000000 0.078571431 0.061818182 0.051470589 0.027888447 0.019762846 0.167420819 0.097872339 0.061728396 0.078571431 0.003891051 0.053061225 0.070539422 0.032000002 0.057377048 0.007812500 0.023809524 0.022727273 0.015748031 0.015748031 0.084033616 0.033707865 0.188679248 0.037313432 0.011494253 0.112068966
0.279661030 0.044982698 0.166023165 0.019480519 0.170542642 0.126865670 0.086330935 0.078571431 0.078571431 0.000000000 0.016835017 0.027210884 0.106227107 0.098181821 0.242798358 0.175097272 0.139622644 0.000000000 0.082437277 0.131086141 0.148288980 0.110294119 0.135338351 0.086330935 0.102189779 0.055944055 0.094202898 0.094202898 0.161538467 0.044982698 0.111764707 0.041379310 0.067137808 0.188976377
0.264069259 0.028169014 0.149606302 0.036303632 0.154150203 0.110266156 0.069597073 0.061818182 0.061818182 0.016835017 0.000000000 0.010380623 0.089552239 0.081481479 0.226890758 0.158730164 0.123076923 0.016835017 0.065693431 0.114503816 0.131782949 0.093632959 0.118773945 0.069597073 0.085501857 0.039145909 0.077490777 0.077490777 0.145098045 0.028169014 0.128358215 0.024561403 0.050359711 0.172690764
0.254385978 0.017793594 0.139442235 0.046666667 0.143999994 0.100000001 0.059259258 0.051470589 0.051470589 0.027210884 0.010380623 0.000000000 0.079245284 0.071161047 0.217021272 0.148594379 0.112840466 0.027210884 0.055350553 0.104247101 0.121568628 0.083333336 0.108527131 0.059259258 0.075187966 0.028776979 0.067164183 0.067164183 0.134920642 0.017793594 0.138554215 0.014184397 0.039999999 0.162601620
0.178743958 0.061538462 0.060869563 0.125448033 0.065502182 0.020920502 0.020080321 0.027888447 0.027888447 0.106227107 0.089552239 0.079245284 0.000000000 0.008130081 0.140186921 0.070175439 0.033898305 0.106227107 0.024000000 0.025210084 0.042735044 0.004115226 0.029535865 0.020080321 0.004081632 0.050583657 0.012145749 0.012145749 0.056277055 0.061538462 0.215434089 0.065134101 0.039370079 0.084444441
0.186602876 0.053435113 0.068965517 0.117437720 0.073593073 0.029045643 0.011952192 0.019762846 0.019762846 0.098181821 0.081481479 0.071161047 0.008130081 0.000000000 0.148148149 0.078260869 0.042016808 0.098181821 0.015873017 0.033333335 0.050847456 0.012244898 0.037656903 0.011952192 0.004048583 0.042471044 0.004016064 0.004016064 0.064377680 0.053435113 0.207667738 0.057034221 0.031250000 0.092511013
0.039548021 0.200000003 0.079999998 0.261044174 0.075376883 0.119617224 0.159817353 0.167420819 0.167420819 0.242798358 0.226890758 0.217021272 0.140186921 0.148148149 0.000000000 0.070707068 0.106796116 0.242798358 0.163636357 0.115384616 0.098039217 0.136150241 0.111111112 0.159817353 0.144186050 0.189427316 0.152073726 0.152073726 0.084577113 0.200000003 0.345195740 0.203463197 0.178571433 0.056410257
0.109947644 0.131147534 0.009345794 0.193916351 0.004694836 0.049327355 0.090128757 0.097872339 0.097872339 0.175097272 0.158730164 0.148594379 0.070175439 0.078260869 0.070707068 0.000000000 0.036363635 0.175097272 0.094017096 0.045045044 0.027522936 0.066079296 0.040723983 0.090128757 0.074235804 0.120331950 0.082251079 0.082251079 0.013953488 0.131147534 0.281355917 0.134693876 0.109243698 0.014354067
0.145728648 0.095238097 0.027027028 0.158671588 0.031674210 0.012987013 0.053941909 0.061728396 0.061728396 0.139622644 0.123076923 0.112840466 0.033898305 0.042016808 0.106796116 0.036363635 0.000000000 0.139622644 0.057851240 0.008695652 0.008849557 0.029787235 0.004366812 0.053941909 0.037974682 0.084337346 0.046025105 0.046025105 0.022421524 0.095238097 0.247524753 0.098814227 0.073170729 0.050691243
0.279661030 0.044982698 0.166023165 0.019480519 0.170542642 0.126865670 0.086330935 0.078571431 0.078571431 0.000000000 0.016835017 0.027210884 0.106227107 0.098181821 0.242798358 0.175097272 0.139622644 0.000000000 0.082437277 0.131086141 0.148288980 0.110294119 0.135338351 0.086330935 0.102189779 0.055944055 0.094202898 0.094202898 0.161538467 0.044982698 0.111764707 0.041379310 0.067137808 0.188976377
0.201877937 0.037593983 0.084745765 0.101754382 0.089361705 0.044897959 0.003921569 0.003891051 0.003891051 0.082437277 0.065693431 0.055350553 0.024000000 0.015873017 0.163636357 0.094017096 0.057851240 0.082437277 0.000000000 0.049180329 0.066666670 0.028112451 0.053497944 0.003921569 0.019920319 0.026615970 0.011857707 0.011857707 0.080168776 0.037593983 0.192429021 0.041198503 0.015384615 0.108225107
0.154228851 0.086614177 0.035714287 0.150183156 0.040358745 0.004291845 0.045267489 0.053061225 0.053061225 0.131086141 0.114503816 0.104247101 0.025210084 0.033333335 0.115384616 0.045045044 0.008695652 0.131086141 0.049180329 0.000000000 0.017543860 0.021097047 0.004329004 0.045267489 0.029288704 0.075697213 0.037344400 0.037344400 0.031111112 0.086614177 0.239344269 0.090196081 0.064516127 0.059360731
0.137055844 0.104000002 0.018181818 0.167286247 0.022831051 0.021834061 0.062761508 0.070539422 0.070539422 0.148288980 0.131782949 0.121568628 0.042735044 0.050847456 0.098039217 0.027522936 0.008849557 0.148288980 0.066666670 0.017543860 0.000000000 0.038626611 0.013215859 0.062761508 0.046808511 0.093117408 0.054852322 0.054852322 0.013574661 0.104000002 0.255813956 0.107569724 0.081967212 0.041860465
0.174757287 0.065637067 0.056768559 0.129496396 0.061403509 0.016806724 0.024193548 0.032000002 0.032000002 0.110294119 0.093632959 0.083333336 0.004115226 0.012244898 0.136150241 0.066079296 0.029787235 0.110294119 0.028112451 0.021097047 0.038626611 0.000000000 0.025423728 0.024193548 0.008196721 0.054687500 0.016260162 0.016260162 0.052173913 0.065637067 0.219354838 0.069230773 0.043478262 0.080357142
0.150000006 0.090909094 0.031390134 0.154411763 0.036036037 0.008620690 0.049586777 0.057377048 0.057377048 0.135338351 0.118773945 0.108527131 0.029535865 0.037656903 0.111111112 0.040723983 0.004366812 0.135338351 0.053497944 0.004329004 0.013215859 0.025423728 0.000000000 0.049586777 0.033613447 0.079999998 0.041666668 0.041666668 0.026785715 0.090909094 0.243421048 0.094488189 0.068825908 0.055045873
0.198113203 0.041509435 0.080851063 0.105633803 0.085470088 0.040983606 0.000000000 0.007812500 0.007812500 0.086330935 0.069597073 0.059259258 0.020080321 0.011952192 0.159817353 0.090128757 0.053941909 0.086330935 0.003921569 0.045267489 0.062761508 0.024193548 0.049586777 0.000000000 0.016000001 0.030534351 0.007936508 0.007936508 0.076271184 0.041509435 0.196202531 0.045112781 0.019305019 0.104347825
0.182692304 0.057471264 0.064935066 0.121428572 0.069565214 0.025000000 0.016000001 0.023809524 0.023809524 0.102189779 0.085501857 0.075187966 0.004081632 0.004048583 0.144186050 0.074235804 0.037974682 0.102189779 0.019920319 0.029288704 0.046808511 0.008196721 0.033613447 0.016000001 0.000000000 0.046511628 0.008064516 0.008064516 0.060344826 0.057471264 0.211538464 0.061068702 0.035294119 0.088495575
0.227272734 0.010989011 0.111111112 0.075342469 0.115702480 0.071428575 0.030534351 0.022727273 0.022727273 0.055944055 0.039145909 0.028776979 0.050583657 0.042471044 0.189427316 0.120331950 0.084337346 0.055944055 0.026615970 0.075697213 0.093117408 0.054687500 0.079999998 0.030534351 0.046511628 0.000000000 0.038461540 0.038461540 0.106557377 0.010989011 0.166666672 0.014598540 0.011235955 0.134453788
0.190476194 0.049429659 0.072961375 0.113475174 0.077586204 0.033057850 0.007936508 0.015748031 0.015748031 0.094202898 0.077490777 0.067164183 0.012145749 0.004016064 0.152073726 0.082251079 0.046025105 0.094202898 0.011857707 0.037344400 0.054852322 0.016260162 0.041666668 0.007936508 0.008064516 0.038461540 0.000000000 0.000000000 0.068376072 0.049429659 0.203821659 0.053030305 0.027237354 0.096491225
0.190476194 0.049429659 0.072961375 0.113475174 0.077586204 0.033057850 0.007936508 0.015748031 0.015748031 0.094202898 0.077490777 0.067164183 0.012145749 0.004016064 0.152073726 0.082251079 0.046025105 0.094202898 0.011857707 0.037344400 0.054852322 0.016260162 0.041666668 0.007936508 0.008064516 0.038461540 0.000000000 0.000000000 0.068376072 0.049429659 0.203821659 0.053030305 0.027237354 0.096491225
0.123711340 0.117408909 0.004608295 0.180451125 0.009259259 0.035398230 0.076271184 0.084033616 0.084033616 0.161538467 0.145098045 0.134920642 0.056277055 0.064377680 0.084577113 0.013953488 0.022421524 0.161538467 0.080168776 0.031111112 0.013574661 0.052173913 0.026785715 0.076271184 0.060344826 0.106557377 0.068376072 0.068376072 0.000000000 0.117408909 0.268456370 0.120967738 0.095435686 0.028301887
0.237668157 0.000000000 0.121951222 0.064406782 0.126530617 0.082352944 0.041509435 0.033707865 0.033707865 0.044982698 0.028169014 0.017793594 0.061538462 0.053435113 0.200000003 0.131147534 0.095238097 0.044982698 0.037593983 0.086614177 0.104000002 0.065637067 0.090909094 0.041509435 0.057471264 0.010989011 0.049429659 0.049429659 0.117408909 0.000000000 0.155963302 0.003610108 0.022222223 0.145228222
0.379562050 0.155963302 0.272727281 0.092485547 0.277027041 0.235294119 0.196202531 0.188679248 0.188679248 0.111764707 0.128358215 0.138554215 0.215434089 0.207667738 0.345195740 0.281355917 0.247524753 0.111764707 0.192429021 0.239344269 0.255813956 0.219354838 0.243421048 0.196202531 0.211538464 0.166666672 0.203821659 0.203821659 0.268456370 0.155963302 0.000000000 0.152439028 0.177570090 0.294520557
0.241071433 0.003610108 0.125506073 0.060810812 0.130081296 0.085937500 0.045112781 0.037313432 0.037313432 0.041379310 0.024561403 0.014184397 0.065134101 0.057034221 0.203463197 0.134693876 0.098814227 0.041379310 0.041198503 0.090196081 0.107569724 0.069230773 0.094488189 0.045112781 0.061068702 0.014598540 0.053030305 0.053030305 0.120967738 0.003610108 0.152439028 0.000000000 0.025830258 0.148760334
0.216589868 0.022222223 0.100000001 0.086505190 0.104602508 0.060240965 0.019305019 0.011494253 0.011494253 0.067137808 0.050359711 0.039999999 0.039370079 0.031250000 0.178571433 0.109243698 0.073170729 0.067137808 0.015384615 0.064516127 0.081967212 0.043478262 0.068825908 0.019305019 0.035294119 0.011235955 0.027237354 0.027237354 0.095435686 0.022222223 0.177570090 0.025830258 0.000000000 0.123404257
0.095744684 0.145228222 0.023696683 0.207692310 0.019047620 0.063636363 0.104347825 0.112068966 0.112068966 0.188976377 0.172690764 0.162601620 0.084444441 0.092511013 0.056410257 0.014354067 0.050691243 0.188976377 0.108225107 0.059360731 0.041860465 0.080357142 0.055045873 0.104347825 0.088495575 0.134453788 0.096491225 0.096491225 0.028301887 0.145228222 0.294520557 0.148760334 0.123404257 0.000000000
