0.013927313 0.032558601 0.029055944 0.061614394 0.037208140 0.035340611 0.039352410 0.036955990 0.050079897 0.044509575 0.044086829 0.045736834 0.033661615 0.044113278 0.035294920 0.028253362 0.027467564 0.055010930 0.038273718 0.036707185 0.021117628 0.035247386 0.027167637 0.035792507 0.041340366 0.038588580 0.041964486 0.029984534 0.025772996 0.032830030 0.069348343 0.034370869 0.042190455 0.028208502
0.032558601 0.014004614 0.026073236 0.039944798 0.012898754 0.014723193 0.018272735 0.013917968 0.034952976 0.028271094 0.027037151 0.034850035 0.021470454 0.021388810 0.032608937 0.030107040 0.020805418 0.028941844 0.025644965 0.030486574 0.026200974 0.018932516 0.026427871 0.020220704 0.011169102 0.029026190 0.028704982 0.020644989 0.019429807 0.016695049 0.045152001 0.016629053 0.021049859 0.026453132
0.029055944 0.026073236 0.006253988 0.047259178 0.021144824 0.018078946 0.019318331 0.020219628 0.029720824 0.034006592 0.030380635 0.037671581 0.022127779 0.024846906 0.029837061 0.020782273 0.016458215 0.038323566 0.023746964 0.021819228 0.007698739 0.020407220 0.017668206 0.019471740 0.027206734 0.029195463 0.026853200 0.013583459 0.017067529 0.018153653 0.053199716 0.022118054 0.021544240 0.016409319
0.061614394 0.039944798 0.047259178 0.016420893 0.013614614 0.029148437 0.030993240 0.028854871 0.054326281 0.021651212 0.022104248 0.015776919 0.026162457 0.035022803 0.061700299 0.058324289 0.031779140 0.028218731 0.038213838 0.018550582 0.037179120 0.023604285 0.049592830 0.026293572 0.022921562 0.017237078 0.038046159 0.033986237 0.037152879 0.028917832 0.045918126 0.002109484 0.036549300 0.044378337
0.037208140 0.012898754 0.021144824 0.013614614 0.003928248 0.015868679 0.013519522 0.004566886 0.014856227 0.010764565 0.018642783 0.010518383 0.015309669 0.016958363 0.038327757 0.032859981 0.016402598 0.021816503 0.020954408 0.005027428 0.021852005 0.015767988 0.031665299 0.018070705 0.003863133 0.017949861 0.016441662 0.014532940 0.027743941 0.009342586 0.047739681 0.022895146 0.013827205 0.032097340
0.035340611 0.014723193 0.018078946 0.029148437 0.015868679 0.006994858 0.008833203 0.008748477 0.014055466 0.022281900 0.019574877 0.023954393 0.014977202 0.012896653 0.037835523 0.023211231 0.011962021 0.029403685 0.016786031 0.009278294 0.012825504 0.012409830 0.026859032 0.011869743 0.016200155 0.018808717 0.016174443 0.007972323 0.020393245 0.009612357 0.047467854 0.018883485 0.020686869 0.023563970
0.039352410 0.018272735 0.019318331 0.030993240 0.013519522 0.008833203 -0.005452817 0.007053964 0.015367545 0.021964185 0.002816722 0.022953864 0.009063690 0.005551240 0.032666970 0.028771363 0.010646154 0.026387626 0.013112603 0.010332353 0.015716974 0.003024226 0.027672738 0.000264279 0.011228196 0.005640386 0.008661856 0.010428349 0.020407656 0.007696702 0.051234704 0.012563845 0.018550150 0.022670435
0.036955990 0.013917968 0.020219628 0.028854871 0.004566886 0.008748477 0.007053964 -0.002990160 0.023132704 0.015523907 0.010368705 0.018516647 0.006715633 0.012571396 0.035281312 0.029532339 0.012157077 0.020765893 0.015139148 0.010642205 0.014239623 0.008744170 0.026826847 0.008007436 0.006552173 0.007959312 0.017307259 0.007195710 0.019687042 0.005484045 0.041487440 0.008718144 0.011054710 0.020607848
0.050079897 0.034952976 0.029720824 0.054326281 0.014856227 0.014055466 0.015367545 0.023132704 0.024592414 0.034886189 0.026910704 0.035369497 0.021231277 0.023812927 0.050353497 0.037945155 0.018598391 0.039857093 0.028360344 0.022645639 0.022081405 0.014042708 0.031661250 0.010977868 0.025360193 0.025101885 0.032904245 0.026193464 0.016214481 0.022001002 0.070938721 0.013139247 0.026359392 0.022292862
0.044509575 0.028271094 0.034006592 0.021651212 0.010764565 0.022281900 0.021964185 0.015523907 0.034886189 0.007502090 0.014912806 0.011869874 0.020714017 0.023028610 0.045722589 0.045908753 0.026137797 0.018932249 0.029267730 0.011193994 0.026916416 0.017837662 0.038640954 0.020978779 0.013763994 0.010569541 0.029708132 0.022306791 0.032922715 0.018301152 0.037284557 -0.000154439 0.018082470 0.035915941
0.044086829 0.027037151 0.030380635 0.022104248 0.018642783 0.019574877 0.002816722 0.010368705 0.026910704 0.014912806 0.000652601 0.018613014 0.010397187 0.013889015 0.037058480 0.037924480 0.019105885 0.017971875 0.020338032 0.014985887 0.022016555 0.010434613 0.032621201 0.013531506 0.011303366 0.007570533 0.022001550 0.016981952 0.030636759 0.015543506 0.041829832 0.005740222 0.015802041 0.031378359
0.045736834 0.034850035 0.037671581 0.015776919 0.010518383 0.023954393 0.022953864 0.018516647 0.035369497 0.011869874 0.018613014 0.012428971 0.021735059 0.025908243 0.045516424 0.047112755 0.030981045 0.020088043 0.034209210 0.018640922 0.029965295 0.019585313 0.037215833 0.024538921 0.015797798 0.015244876 0.034854814 0.025739213 0.032088205 0.022334121 0.038417704 0.006744995 0.020293033 0.035821356
0.033661615 0.021470454 0.022127779 0.026162457 0.015309669 0.014977202 0.009063690 0.006715633 0.021231277 0.020714017 0.010397187 0.021735059 0.001390770 0.009832960 0.028265039 0.027697034 0.014688053 0.023132386 0.015115647 0.013242774 0.020015985 0.013260903 0.023473082 0.012176354 0.012430655 0.013779425 0.016418019 0.014614463 0.024658907 0.012431766 0.045371637 0.013383286 0.013288543 0.023076104
0.044113278 0.021388810 0.024846906 0.035022803 0.016958363 0.012896653 0.005551240 0.012571396 0.023812927 0.023028610 0.013889015 0.025908243 0.009832960 0.008432595 0.038178410 0.031371623 0.012749122 0.028808439 0.019266842 0.015536046 0.016999070 0.012709352 0.028069880 0.009388037 0.014751116 0.014329774 0.017679647 0.013985517 0.022758931 0.014531543 0.059869654 0.019754544 0.025646213 0.027180677
0.035294920 0.032608937 0.029837061 0.061700299 0.038327757 0.037835523 0.032666970 0.035281312 0.050353497 0.045722589 0.037058480 0.045516424 0.028265039 0.038178410 0.021396736 0.031211359 0.024280405 0.057719346 0.039576843 0.033352785 0.018330770 0.032289390 0.027066065 0.029259900 0.041164525 0.031124461 0.038361255 0.027651940 0.028147329 0.034596771 0.076583087 0.037646830 0.045710899 0.030028030
0.028253362 0.030107040 0.020782273 0.058324289 0.032859981 0.023211231 0.028771363 0.029532339 0.037945155 0.045908753 0.037924480 0.047112755 0.027697034 0.031371623 0.031211359 0.007442861 0.018817361 0.047720559 0.031334586 0.033338945 0.011715820 0.029333068 0.015994437 0.028829690 0.035230391 0.037544072 0.034974515 0.023680121 0.014944398 0.026937153 0.059742566 0.034722246 0.030463912 0.018237732
0.027467564 0.020805418 0.016458215 0.031779140 0.016402598 0.011962021 0.010646154 0.012157077 0.018598391 0.026137797 0.019105885 0.030981045 0.014688053 0.012749122 0.024280405 0.018817361 -0.000101516 0.028936591 0.015163684 0.013729192 0.009892303 0.013327215 0.015952021 0.012000545 0.017425891 0.021754596 0.015520357 0.011413591 0.014296370 0.013287587 0.044899702 0.018924648 0.023632918 0.014565540
0.055010930 0.028941844 0.038323566 0.028218731 0.021816503 0.029403685 0.026387626 0.020765893 0.039857093 0.018932249 0.017971875 0.020088043 0.023132386 0.028808439 0.057719346 0.047720559 0.028936591 0.011784274 0.030451911 0.024357527 0.029224070 0.020907504 0.043344289 0.027963240 0.016758166 0.014213974 0.032699745 0.022872156 0.040472522 0.024204876 0.034810238 0.008181795 0.029375423 0.038122986
0.038273718 0.025644965 0.023746964 0.038213838 0.020954408 0.016786031 0.013112603 0.015139148 0.028360344 0.029267730 0.020338032 0.034209210 0.015115647 0.019266842 0.039576843 0.031334586 0.015163684 0.030451911 0.018751252 0.023846485 0.019745762 0.017759176 0.025881801 0.016538646 0.018695429 0.022006754 0.026328098 0.017743219 0.022255037 0.018710006 0.050287880 0.021370126 0.027235230 0.023540778
0.036707185 0.030486574 0.021819228 0.018550582 0.005027428 0.009278294 0.010332353 0.010642205 0.022645639 0.011193994 0.014985887 0.018640922 0.013242774 0.015536046 0.033352785 0.033338945 0.013729192 0.024357527 0.023846485 -0.011482340 0.013347439 0.011243669 0.026934911 0.011753282 0.013093830 0.015615576 0.020505743 0.011907013 0.018985696 0.009787118 0.043679390 0.003670538 0.016786823 0.027225181
0.021117628 0.026200974 0.007698739 0.037179120 0.021852005 0.012825504 0.015716974 0.014239623 0.022081405 0.026916416 0.022016555 0.029965295 0.020015985 0.016999070 0.018330770 0.011715820 0.009892303 0.029224070 0.019745762 0.013347439 -0.004917451 0.016648060 0.010393078 0.016284414 0.025914099 0.023472324 0.018288247 0.008863701 0.015205383 0.012255005 0.044044249 0.022430180 0.014816376 0.013248831
0.035247386 0.018932516 0.020407220 0.023604285 0.015767988 0.012409830 0.003024226 0.008744170 0.014042708 0.017837662 0.010434613 0.019585313 0.013260903 0.012709352 0.032289390 0.029333068 0.013327215 0.020907504 0.017759176 0.011243669 0.016648060 -0.001107055 0.025642291 0.008954179 0.010252556 0.012305712 0.013385855 0.011030424 0.022257829 0.010552179 0.039696194 0.014710537 0.014128244 0.024268499
0.027167637 0.026427871 0.017668206 0.049592830 0.031665299 0.026859032 0.027672738 0.026826847 0.031661250 0.038640954 0.032621201 0.037215833 0.023473082 0.028069880 0.027066065 0.015994437 0.015952021 0.043344289 0.025881801 0.026934911 0.010393078 0.025642291 0.009010324 0.027024690 0.032016139 0.030036472 0.028424026 0.020863360 0.020344013 0.024287503 0.056162812 0.036384821 0.028259676 0.021209653
0.035792507 0.020220704 0.019471740 0.026293572 0.018070705 0.011869743 0.000264279 0.008007436 0.010977868 0.020978779 0.013531506 0.024538921 0.012176354 0.009388037 0.029259900 0.028829690 0.012000545 0.027963240 0.016538646 0.011753282 0.016284414 0.008954179 0.027024690 -0.001801984 0.015467281 0.016569231 0.009798149 0.011507308 0.021300036 0.008803918 0.052464500 0.022366907 0.015911689 0.023913162
0.041340366 0.011169102 0.027206734 0.022921562 0.003863133 0.016200155 0.011228196 0.006552173 0.025360193 0.013763994 0.011303366 0.015797798 0.012430655 0.014751116 0.041164525 0.035230391 0.017425891 0.016758166 0.018695429 0.013093830 0.025914099 0.010252556 0.032016139 0.015467281 -0.018949419 0.008598395 0.020441677 0.014540605 0.026023323 0.012246416 0.031706147 0.008656857 0.017345775 0.026574763
0.038588580 0.029026190 0.029195463 0.017237078 0.017949861 0.018808717 0.005640386 0.007959312 0.025101885 0.010569541 0.007570533 0.015244876 0.013779425 0.014329774 0.031124461 0.037544072 0.021754596 0.014213974 0.022006754 0.015615576 0.023472324 0.012305712 0.030036472 0.016569231 0.008598395 -0.000446843 0.021249365 0.017791573 0.031023040 0.014154727 0.038364068 0.007176619 0.011041773 0.029045271
0.041964486 0.028704982 0.026853200 0.038046159 0.016441662 0.016174443 0.008661856 0.017307259 0.032904245 0.029708132 0.022001550 0.034854814 0.016418019 0.017679647 0.038361255 0.034974515 0.015520357 0.032699745 0.026328098 0.020505743 0.018288247 0.013385855 0.028424026 0.009798149 0.020441677 0.021249365 0.015275359 0.014658993 0.022040119 0.019498594 0.058460951 0.018203788 0.027166368 0.026477255
0.029984534 0.020644989 0.013583459 0.033986237 0.014532940 0.007972323 0.010428349 0.007195710 0.026193464 0.022306791 0.016981952 0.025739213 0.014614463 0.013985517 0.027651940 0.023680121 0.011413591 0.022872156 0.017743219 0.011907013 0.008863701 0.011030424 0.020863360 0.011507308 0.014540605 0.017791573 0.014658993 0.000994623 0.017536595 0.005568341 0.040072411 0.012773092 0.014463249 0.014649093
0.025772996 0.019429807 0.017067529 0.037152879 0.027743941 0.020393245 0.020407656 0.019687042 0.016214481 0.032922715 0.030636759 0.032088205 0.024658907 0.022758931 0.028147329 0.014944398 0.014296370 0.040472522 0.022255037 0.018985696 0.015205383 0.022257829 0.020344013 0.021300036 0.026023323 0.031023040 0.022040119 0.017536595 0.011097265 0.018456720 0.050759852 0.034080483 0.026879154 0.020357728
0.032830030 0.016695049 0.018153653 0.028917832 0.009342586 0.009612357 0.007696702 0.005484045 0.022001002 0.018301152 0.015543506 0.022334121 0.012431766 0.014531543 0.034596771 0.026937153 0.013287587 0.024204876 0.018710006 0.009787118 0.012255005 0.010552179 0.024287503 0.008803918 0.012246416 0.014154727 0.019498594 0.005568341 0.018456720 0.001163170 0.043351300 0.007450739 0.012310199 0.018514477
0.069348343 0.045152001 0.053199716 0.045918126 0.047739681 0.047467854 0.051234704 0.041487440 0.070938721 0.037284557 0.041829832 0.038417704 0.045371637 0.059869654 0.076583087 0.059742566 0.044899702 0.034810238 0.050287880 0.043679390 0.044044249 0.039696194 0.056162812 0.052464500 0.031706147 0.038364068 0.058460951 0.040072411 0.050759852 0.043351300 -0.012489093 0.022871694 0.051609159 0.051313907
0.034370869 0.016629053 0.022118054 0.002109484 0.022895146 0.018883485 0.012563845 0.008718144 0.013139247 -0.000154439 0.005740222 0.006744995 0.013383286 0.019754544 0.037646830 0.034722246 0.018924648 0.008181795 0.021370126 0.003670538 0.022430180 0.014710537 0.036384821 0.022366907 0.008656857 0.007176619 0.018203788 0.012773092 0.034080483 0.007450739 0.022871694 0.000949041 0.009906407 0.031365715
0.042190455 0.021049859 0.021544240 0.036549300 0.013827205 0.020686869 0.018550150 0.011054710 0.026359392 0.018082470 0.015802041 0.020293033 0.013288543 0.025646213 0.045710899 0.030463912 0.023632918 0.029375423 0.027235230 0.016786823 0.014816376 0.014128244 0.028259676 0.015911689 0.017345775 0.011041773 0.027166368 0.014463249 0.026879154 0.012310199 0.051609159 0.009906407 -0.009615928 0.026926251
0.028208502 0.026453132 0.016409319 0.044378337 0.032097340 0.023563970 0.022670435 0.020607848 0.022292862 0.035915941 0.031378359 0.035821356 0.023076104 0.027180677 0.030028030 0.018237732 0.014565540 0.038122986 0.023540778 0.027225181 0.013248831 0.024268499 0.021209653 0.023913162 0.026574763 0.029045271 0.026477255 0.014649093 0.020357728 0.018514477 0.051313907 0.031365715 0.026926251 0.015041012
