0.000000000 0.028037382 0.013824885 0.137254909 0.075630255 0.055793993 0.055793993 0.059829060 0.051724140 0.123505980 0.079497911 0.157088116 0.067796610 0.043478262 0.026548672 0.057692308 0.004524887 0.119999997 0.017857144 0.105691060 0.004524887 0.030837005 0.057692308 0.026548672 0.039301310 0.090909094 0.030837005 0.047619049 0.000000000 0.039301310 0.188191876 0.071729958 0.075630255 0.004524887
0.028037382 0.000000000 0.014218009 0.164658636 0.103448279 0.083700441 0.083700441 0.087719299 0.079646021 0.151020408 0.107296139 0.184313729 0.095652170 0.071428575 0.054545455 0.029702971 0.032558139 0.147540987 0.045871560 0.133333340 0.032558139 0.058823530 0.029702971 0.054545455 0.067264572 0.118644066 0.058823530 0.075555556 0.028037382 0.067264572 0.215094343 0.099567100 0.103448279 0.032558139
0.013824885 0.014218009 0.000000000 0.150793657 0.089361705 0.069565214 0.069565214 0.073593073 0.065502182 0.137096778 0.093220338 0.170542642 0.081545062 0.057268724 0.040358745 0.043902438 0.018348623 0.133603245 0.031674210 0.119341567 0.018348623 0.044642858 0.043902438 0.040358745 0.053097345 0.104602508 0.044642858 0.061403509 0.013824885 0.053097345 0.201492533 0.085470088 0.089361705 0.018348623
0.137254909 0.164658636 0.150793657 0.000000000 0.062271062 0.082089551 0.082089551 0.078066915 0.086142324 0.013986014 0.058394160 0.020270269 0.070110701 0.094339624 0.111111112 0.193415642 0.132812500 0.017543860 0.119691119 0.032028470 0.132812500 0.106870227 0.193415642 0.111111112 0.098484851 0.046931408 0.106870227 0.090225562 0.137254909 0.098484851 0.052287582 0.066176474 0.062271062 0.132812500
0.075630255 0.103448279 0.089361705 0.062271062 0.000000000 0.019920319 0.019920319 0.015873017 0.024000000 0.048327137 0.003891051 0.082437277 0.007874016 0.032258064 0.049180329 0.132743359 0.071129709 0.044776119 0.057851240 0.030303031 0.071129709 0.044897959 0.132743359 0.049180329 0.036437247 0.015384615 0.044897959 0.028112451 0.075630255 0.036437247 0.114186853 0.003921569 0.000000000 0.071129709
0.055793993 0.083700441 0.069565214 0.082089551 0.019920319 0.000000000 0.000000000 0.004048583 0.004081632 0.068181820 0.023809524 0.102189779 0.012048192 0.012345679 0.029288704 0.113122173 0.051282052 0.064638786 0.037974682 0.050193049 0.051282052 0.025000000 0.113122173 0.029288704 0.016528925 0.035294119 0.025000000 0.008196721 0.055793993 0.016528925 0.133802816 0.016000001 0.019920319 0.051282052
0.055793993 0.083700441 0.069565214 0.082089551 0.019920319 0.000000000 0.000000000 0.004048583 0.004081632 0.068181820 0.023809524 0.102189779 0.012048192 0.012345679 0.029288704 0.113122173 0.051282052 0.064638786 0.037974682 0.050193049 0.051282052 0.025000000 0.113122173 0.029288704 0.016528925 0.035294119 0.025000000 0.008196721 0.055793993 0.016528925 0.133802816 0.016000001 0.019920319 0.051282052
0.059829060 0.087719299 0.073593073 0.078066915 0.015873017 0.004048583 0.004048583 0.000000000 0.008130081 0.064150944 0.019762846 0.098181821 0.008000000 0.016393442 0.033333335 0.117117114 0.055319149 0.060606062 0.042016808 0.046153847 0.055319149 0.029045643 0.117117114 0.033333335 0.020576132 0.031250000 0.029045643 0.012244898 0.059829060 0.020576132 0.129824564 0.011952192 0.015873017 0.055319149
0.051724140 0.079646021 0.065502182 0.086142324 0.024000000 0.004081632 0.004081632 0.008130081 0.000000000 0.072243348 0.027888447 0.106227107 0.016129032 0.008264462 0.025210084 0.109090909 0.047210302 0.068702288 0.033898305 0.054263566 0.047210302 0.020920502 0.109090909 0.025210084 0.012448133 0.039370079 0.020920502 0.004115226 0.051724140 0.012448133 0.137809187 0.020080321 0.024000000 0.047210302
0.123505980 0.151020408 0.137096778 0.013986014 0.048327137 0.068181820 0.068181820 0.064150944 0.072243348 0.000000000 0.044444446 0.034246575 0.056179777 0.080459774 0.097276263 0.179916322 0.119047619 0.003558719 0.105882354 0.018050542 0.119047619 0.093023255 0.179916322 0.097276263 0.084615387 0.032967035 0.093023255 0.076335877 0.123505980 0.084615387 0.066225164 0.052238807 0.048327137 0.119047619
0.079497911 0.107296139 0.093220338 0.058394160 0.003891051 0.023809524 0.023809524 0.019762846 0.027888447 0.044444446 0.000000000 0.078571431 0.011764706 0.036144577 0.053061225 0.136563882 0.075000003 0.040892195 0.061728396 0.026415095 0.075000003 0.048780486 0.136563882 0.053061225 0.040322579 0.011494253 0.048780486 0.032000002 0.079497911 0.040322579 0.110344827 0.007812500 0.003891051 0.075000003
0.157088116 0.184313729 0.170542642 0.020270269 0.082437277 0.102189779 0.102189779 0.098181821 0.106227107 0.034246575 0.078571431 0.000000000 0.090252705 0.114391141 0.131086141 0.212851405 0.152671754 0.037800688 0.139622644 0.052264810 0.152671754 0.126865670 0.212851405 0.131086141 0.118518516 0.067137808 0.126865670 0.110294119 0.157088116 0.118518516 0.032051284 0.086330935 0.082437277 0.152671754
0.067796610 0.095652170 0.081545062 0.070110701 0.007874016 0.012048192 0.012048192 0.008000000 0.016129032 0.056179777 0.011764706 0.090252705 0.000000000 0.024390243 0.041322313 0.125000000 0.063291140 0.052631579 0.050000001 0.038167939 0.063291140 0.037037037 0.125000000 0.041322313 0.028571429 0.023255814 0.037037037 0.020242915 0.067796610 0.028571429 0.121951222 0.003952569 0.007874016 0.063291140
0.043478262 0.071428575 0.057268724 0.094339624 0.032258064 0.012345679 0.012345679 0.016393442 0.008264462 0.080459774 0.036144577 0.114391141 0.024390243 0.000000000 0.016949153 0.100917429 0.038961038 0.076923080 0.025641026 0.062500000 0.038961038 0.012658228 0.100917429 0.016949153 0.004184100 0.047619049 0.012658228 0.004149378 0.043478262 0.004184100 0.145907477 0.028340081 0.032258064 0.038961038
0.026548672 0.054545455 0.040358745 0.111111112 0.049180329 0.029288704 0.029288704 0.033333335 0.025210084 0.097276263 0.053061225 0.131086141 0.041322313 0.016949153 0.000000000 0.084112152 0.022026431 0.093750000 0.008695652 0.079365082 0.022026431 0.004291845 0.084112152 0.000000000 0.012765957 0.064516127 0.004291845 0.021097047 0.026548672 0.012765957 0.162454873 0.045267489 0.049180329 0.022026431
0.057692308 0.029702971 0.043902438 0.193415642 0.132743359 0.113122173 0.113122173 0.117117114 0.109090909 0.179916322 0.136563882 0.212851405 0.125000000 0.100917429 0.084112152 0.000000000 0.062200956 0.176470593 0.075471699 0.162393168 0.062200956 0.088372096 0.000000000 0.084112152 0.096774191 0.147826090 0.088372096 0.105022833 0.057692308 0.096774191 0.243243247 0.128888890 0.132743359 0.062200956
0.004524887 0.032558139 0.018348623 0.132812500 0.071129709 0.051282052 0.051282052 0.055319149 0.047210302 0.119047619 0.075000003 0.152671754 0.063291140 0.038961038 0.022026431 0.062200956 0.000000000 0.115537852 0.013333334 0.101214573 0.000000000 0.026315790 0.062200956 0.022026431 0.034782607 0.086419754 0.026315790 0.043103449 0.004524887 0.034782607 0.183823526 0.067226894 0.071129709 0.000000000
0.119999997 0.147540987 0.133603245 0.017543860 0.044776119 0.064638786 0.064638786 0.060606062 0.068702288 0.003558719 0.040892195 0.037800688 0.052631579 0.076923080 0.093750000 0.176470593 0.115537852 0.000000000 0.102362208 0.014492754 0.115537852 0.089494161 0.176470593 0.093750000 0.081081077 0.029411765 0.089494161 0.072796933 0.119999997 0.081081077 0.069767445 0.048689138 0.044776119 0.115537852
0.017857144 0.045871560 0.031674210 0.119691119 0.057851240 0.037974682 0.037974682 0.042016808 0.033898305 0.105882354 0.061728396 0.139622644 0.050000001 0.025641026 0.008695652 0.075471699 0.013333334 0.102362208 0.000000000 0.088000000 0.013333334 0.012987013 0.075471699 0.008695652 0.021459227 0.073170729 0.012987013 0.029787235 0.017857144 0.021459227 0.170909092 0.053941909 0.057851240 0.013333334
0.105691060 0.133333340 0.119341567 0.032028470 0.030303031 0.050193049 0.050193049 0.046153847 0.054263566 0.018050542 0.026415095 0.052264810 0.038167939 0.062500000 0.079365082 0.162393168 0.101214573 0.014492754 0.088000000 0.000000000 0.101214573 0.075098813 0.162393168 0.079365082 0.066666670 0.014925373 0.075098813 0.058365759 0.105691060 0.066666670 0.084175088 0.034220532 0.030303031 0.101214573
0.004524887 0.032558139 0.018348623 0.132812500 0.071129709 0.051282052 0.051282052 0.055319149 0.047210302 0.119047619 0.075000003 0.152671754 0.063291140 0.038961038 0.022026431 0.062200956 0.000000000 0.115537852 0.013333334 0.101214573 0.000000000 0.026315790 0.062200956 0.022026431 0.034782607 0.086419754 0.026315790 0.043103449 0.004524887 0.034782607 0.183823526 0.067226894 0.071129709 0.000000000
0.030837005 0.058823530 0.044642858 0.106870227 0.044897959 0.025000000 0.025000000 0.029045643 0.020920502 0.093023255 0.048780486 0.126865670 0.037037037 0.012658228 0.004291845 0.088372096 0.026315790 0.089494161 0.012987013 0.075098813 0.026315790 0.000000000 0.088372096 0.004291845 0.008474576 0.060240965 0.000000000 0.016806724 0.030837005 0.008474576 0.158273384 0.040983606 0.044897959 0.026315790
0.057692308 0.029702971 0.043902438 0.193415642 0.132743359 0.113122173 0.113122173 0.117117114 0.109090909 0.179916322 0.136563882 0.212851405 0.125000000 0.100917429 0.084112152 0.000000000 0.062200956 0.176470593 0.075471699 0.162393168 0.062200956 0.088372096 0.000000000 0.084112152 0.096774191 0.147826090 0.088372096 0.105022833 0.057692308 0.096774191 0.243243247 0.128888890 0.132743359 0.062200956
0.026548672 0.054545455 0.040358745 0.111111112 0.049180329 0.029288704 0.029288704 0.033333335 0.025210084 0.097276263 0.053061225 0.131086141 0.041322313 0.016949153 0.000000000 0.084112152 0.022026431 0.093750000 0.008695652 0.079365082 0.022026431 0.004291845 0.084112152 0.000000000 0.012765957 0.064516127 0.004291845 0.021097047 0.026548672 0.012765957 0.162454873 0.045267489 0.049180329 0.022026431
0.039301310 0.067264572 0.053097345 0.098484851 0.036437247 0.016528925 0.016528925 0.020576132 0.012448133 0.084615387 0.040322579 0.118518516 0.028571429 0.004184100 0.012765957 0.096774191 0.034782607 0.081081077 0.021459227 0.066666670 0.034782607 0.008474576 0.096774191 0.012765957 0.000000000 0.051792830 0.008474576 0.008333334 0.039301310 0.000000000 0.150000006 0.032520324 0.036437247 0.034782607
0.090909094 0.118644066 0.104602508 0.046931408 0.015384615 0.035294119 0.035294119 0.031250000 0.039370079 0.032967035 0.011494253 0.067137808 0.023255814 0.047619049 0.064516127 0.147826090 0.086419754 0.029411765 0.073170729 0.014925373 0.086419754 0.060240965 0.147826090 0.064516127 0.051792830 0.000000000 0.060240965 0.043478262 0.090909094 0.051792830 0.098976113 0.019305019 0.015384615 0.086419754
0.030837005 0.058823530 0.044642858 0.106870227 0.044897959 0.025000000 0.025000000 0.029045643 0.020920502 0.093023255 0.048780486 0.126865670 0.037037037 0.012658228 0.004291845 0.088372096 0.026315790 0.089494161 0.012987013 0.075098813 0.026315790 0.000000000 0.088372096 0.004291845 0.008474576 0.060240965 0.000000000 0.016806724 0.030837005 0.008474576 0.158273384 0.040983606 0.044897959 0.026315790
0.047619049 0.075555556 0.061403509 0.090225562 0.028112451 0.008196721 0.008196721 0.012244898 0.004115226 0.076335877 0.032000002 0.110294119 0.020242915 0.004149378 0.021097047 0.105022833 0.043103449 0.072796933 0.029787235 0.058365759 0.043103449 0.016806724 0.105022833 0.021097047 0.008333334 0.043478262 0.016806724 0.000000000 0.047619049 0.008333334 0.141843975 0.024193548 0.028112451 0.043103449
0.000000000 0.028037382 0.013824885 0.137254909 0.075630255 0.055793993 0.055793993 0.059829060 0.051724140 0.123505980 0.079497911 0.157088116 0.067796610 0.043478262 0.026548672 0.057692308 0.004524887 0.119999997 0.017857144 0.105691060 0.004524887 0.030837005 0.057692308 0.026548672 0.039301310 0.090909094 0.030837005 0.047619049 0.000000000 0.039301310 0.188191876 0.071729958 0.075630255 0.004524887
0.039301310 0.067264572 0.053097345 0.098484851 0.036437247 0.016528925 0.016528925 0.020576132 0.012448133 0.084615387 0.040322579 0.118518516 0.028571429 0.004184100 0.012765957 0.096774191 0.034782607 0.081081077 0.021459227 0.066666670 0.034782607 0.008474576 0.096774191 0.012765957 0.000000000 0.051792830 0.008474576 0.008333334 0.039301310 0.000000000 0.150000006 0.032520324 0.036437247 0.034782607
0.188191876 0.215094343 0.201492533 0.052287582 0.114186853 0.133802816 0.133802816 0.129824564 0.137809187 0.066225164 0.110344827 0.032051284 0.121951222 0.145907477 0.162454873 0.243243247 0.183823526 0.069767445 0.170909092 0.084175088 0.183823526 0.158273384 0.243243247 0.162454873 0.150000006 0.098976113 0.158273384 0.141843975 0.188191876 0.150000006 0.000000000 0.118055552 0.114186853 0.183823526
0.071729958 0.099567100 0.085470088 0.066176474 0.003921569 0.016000001 0.016000001 0.011952192 0.020080321 0.052238807 0.007812500 0.086330935 0.003952569 0.028340081 0.045267489 0.128888890 0.067226894 0.048689138 0.053941909 0.034220532 0.067226894 0.040983606 0.128888890 0.045267489 0.032520324 0.019305019 0.040983606 0.024193548 0.071729958 0.032520324 0.118055552 0.000000000 0.003921569 0.067226894
0.075630255 0.103448279 0.089361705 0.062271062 0.000000000 0.019920319 0.019920319 0.015873017 0.024000000 0.048327137 0.003891051 0.082437277 0.007874016 0.032258064 0.049180329 0.132743359 0.071129709 0.044776119 0.057851240 0.030303031 0.071129709 0.044897959 0.132743359 0.049180329 0.036437247 0.015384615 0.044897959 0.028112451 0.075630255 0.036437247 0.114186853 0.003921569 0.000000000 0.071129709
0.004524887 0.032558139 0.018348623 0.132812500 0.071129709 0.051282052 0.051282052 0.055319149 0.047210302 0.119047619 0.075000003 0.152671754 0.063291140 0.038961038 0.022026431 0.062200956 0.000000000 0.115537852 0.013333334 0.101214573 0.000000000 0.026315790 0.062200956 0.022026431 0.034782607 0.086419754 0.026315790 0.043103449 0.004524887 0.034782607 0.183823526 0.067226894 0.071129709 0.000000000
