0.013525174 0.038300805 0.029135376 0.062442083 0.041388977 0.035709321 0.041000385 0.041856989 0.037545592 0.055163182 0.047361143 0.059933908 0.040300671 0.040350255 0.026041202 0.029688792 0.031008832 0.055709086 0.038574409 0.042729899 0.030748473 0.045404918 0.025787756 0.040854208 0.049672242 0.050531004 0.039723102 0.038625177 0.028031256 0.035145499 0.069250800 0.054765340 0.047597349 0.038070604
0.038300805 0.002247255 0.026357820 0.026252260 0.020155318 0.016125297 0.013212806 0.016224921 0.025328821 0.019437913 0.019216737 0.020791637 0.013411310 0.014903634 0.030117137 0.027908174 0.019943953 0.023325291 0.017424386 0.019385183 0.023266872 0.013958671 0.027887231 0.016100999 0.017928608 0.017084360 0.018142166 0.014647429 0.024663374 0.014348098 0.040113781 0.024580346 0.021271322 0.032063872
0.029135376 0.026357820 0.003751971 0.043126341 0.020265900 0.015937021 0.015481948 0.021288253 0.021080721 0.035384491 0.026285423 0.041719817 0.021198606 0.017933698 0.018406935 0.017731881 0.015771313 0.034258924 0.018539362 0.022788081 0.011259209 0.022006262 0.013773087 0.017489921 0.030314699 0.030379102 0.020821374 0.015424091 0.016769314 0.016363865 0.047160551 0.030545563 0.021807425 0.017246382
0.062442083 0.026252260 0.043126341 0.009385462 0.025239445 0.029829573 0.027875489 0.028431345 0.035701532 0.017610554 0.018998543 0.016442809 0.024562394 0.030324938 0.054441571 0.056464896 0.033126593 0.023172094 0.030744938 0.023261853 0.041177817 0.024862390 0.048284613 0.028048595 0.030510321 0.016709894 0.033602465 0.032540686 0.040936939 0.025555961 0.035969730 0.016490629 0.032937814 0.048713796
0.041388977 0.020155318 0.020265900 0.025239445 -0.002235162 0.016022794 0.012650078 0.011984130 0.020246878 0.017600141 0.016983150 0.019674947 0.015147473 0.016576171 0.031332713 0.030160243 0.016302269 0.030164849 0.019616481 0.015272129 0.021558974 0.016366260 0.027795911 0.016790802 0.011204913 0.015816893 0.019889850 0.017713252 0.026649175 0.011552935 0.051110081 0.017479772 0.020304583 0.026948154
0.035709321 0.016125297 0.015937021 0.029829573 0.016022794 0.006003144 0.007212962 0.010734593 0.012330544 0.023594975 0.016805235 0.026073083 0.013733201 0.008520192 0.026781481 0.022047961 0.011649623 0.025972826 0.013161283 0.014337194 0.015337244 0.013950070 0.021773014 0.011500709 0.018115290 0.017915912 0.012755367 0.009659257 0.020881787 0.008369900 0.041917346 0.024254490 0.021270312 0.023008509
0.041000385 0.013212806 0.015481948 0.027875489 0.012650078 0.007212962 -0.004726352 0.006185587 0.012274024 0.017968627 0.002201749 0.022043498 0.008836640 0.004991549 0.027534092 0.025129871 0.011114752 0.020676477 0.007961382 0.014261335 0.015215095 0.004720482 0.023395006 0.002116755 0.009595137 0.004886093 0.008710153 0.007336257 0.020406120 0.004353505 0.041081734 0.013875995 0.016623849 0.017949540
0.041856989 0.016224921 0.021288253 0.028431345 0.011984130 0.010734593 0.006185587 0.003030350 0.014239175 0.020224296 0.011634282 0.023260575 0.011022940 0.010408176 0.031813692 0.030774135 0.015627051 0.022141114 0.014252147 0.014001557 0.022441449 0.013687281 0.028056769 0.008843116 0.018866070 0.012165288 0.013754591 0.013014669 0.024335694 0.006792123 0.041457247 0.018022932 0.015262049 0.027944280
0.037545592 0.025328821 0.021080721 0.035701532 0.020246878 0.012330544 0.012274024 0.014239175 0.012024593 0.026481675 0.019169625 0.029816965 0.015534098 0.012920449 0.027691821 0.027424648 0.017138399 0.025326598 0.019825030 0.019531786 0.020018362 0.015599409 0.024123847 0.012894729 0.025935970 0.019170608 0.019862184 0.014192058 0.024121530 0.012540815 0.044659302 0.026573421 0.014386918 0.031206066
0.055163182 0.019437913 0.035384491 0.017610554 0.017600141 0.023594975 0.017968627 0.020224296 0.026481675 0.007433826 0.010921948 0.013296442 0.017632321 0.021010753 0.046249438 0.047222130 0.026405126 0.017849073 0.022329573 0.015975183 0.033701919 0.017561324 0.040544413 0.018527387 0.022787470 0.009271074 0.026164360 0.023826055 0.034590125 0.017919144 0.035822295 0.009927999 0.022044964 0.040286858
0.047361143 0.019216737 0.026285423 0.018998543 0.016983150 0.016805235 0.002201749 0.011634282 0.019169625 0.010921948 0.000444819 0.013462190 0.011990282 0.012962895 0.036043234 0.036532812 0.019349314 0.014897730 0.017281095 0.014299803 0.024834318 0.011123380 0.032360557 0.013620089 0.011211319 0.006545448 0.018082062 0.017007452 0.030946720 0.011856224 0.035572685 0.009371581 0.015521506 0.030639980
0.059933908 0.020791637 0.041719817 0.016442809 0.019674947 0.026073083 0.022043498 0.023260575 0.029816965 0.013296442 0.013462190 0.009234887 0.018585365 0.023483628 0.050912395 0.051727325 0.029973391 0.020890633 0.026146486 0.020683875 0.038124792 0.018867586 0.044354390 0.021835711 0.023537993 0.011854229 0.027197093 0.028361594 0.036376934 0.021490518 0.039501425 0.012450162 0.023923285 0.043906957
0.040300671 0.013411310 0.021198606 0.024562394 0.015147473 0.013733201 0.008836640 0.011022940 0.015534098 0.017632321 0.011990282 0.018585365 0.001708999 0.012743115 0.033762842 0.029903781 0.016004259 0.023314850 0.014224941 0.013684455 0.023875058 0.013211053 0.026438871 0.011130001 0.014905363 0.013075705 0.015780292 0.015252935 0.025234208 0.010476227 0.043956175 0.019542247 0.015981670 0.026705392
0.040350255 0.014903634 0.017933698 0.030324938 0.016576171 0.008520192 0.004991549 0.010408176 0.012920449 0.021010753 0.012962895 0.023483628 0.012743115 0.002122555 0.030130332 0.025760092 0.012571179 0.023711316 0.012318360 0.014970648 0.018686634 0.014290567 0.024132976 0.011914178 0.014442286 0.015664766 0.013659188 0.011590360 0.022783592 0.007379405 0.045988403 0.023581859 0.021175871 0.022831380
0.026041202 0.030117137 0.018406935 0.054441571 0.031332713 0.026781481 0.027534092 0.031813692 0.027691821 0.046249438 0.036043234 0.050912395 0.033762842 0.030130332 0.005906075 0.024450751 0.020808410 0.049086876 0.028508823 0.032206405 0.024268020 0.035221618 0.019096205 0.029247351 0.036014337 0.039447896 0.031594560 0.027912602 0.021744221 0.025556449 0.059941404 0.039593462 0.037132487 0.023620876
0.029688792 0.027908174 0.017731881 0.056464896 0.030160243 0.022047961 0.025129871 0.030774135 0.027424648 0.047222130 0.036532812 0.051727325 0.029903781 0.025760092 0.024450751 0.007205081 0.019207105 0.045965008 0.026806403 0.035817601 0.015832866 0.031040804 0.015351431 0.026489019 0.037833985 0.040630445 0.028150868 0.026886661 0.014795693 0.024345120 0.055915095 0.045179393 0.031972997 0.022598682
0.031008832 0.019943953 0.015771313 0.033126593 0.016302269 0.011649623 0.011114752 0.015627051 0.017138399 0.026405126 0.019349314 0.029973391 0.016004259 0.012571179 0.020808410 0.019207105 -0.000509032 0.028498745 0.011929533 0.017142050 0.012244512 0.014999326 0.015377712 0.012796411 0.020149484 0.021226307 0.013960287 0.013654072 0.016118668 0.012619817 0.041509595 0.023559269 0.025835849 0.015942145
0.055709086 0.023325291 0.034258924 0.023172094 0.030164849 0.025972826 0.020676477 0.022141114 0.025326598 0.017849073 0.014897730 0.020890633 0.023314850 0.023711316 0.049086876 0.045965008 0.028498745 0.008670125 0.024429120 0.022687120 0.037082616 0.021710575 0.041642420 0.025503471 0.021948000 0.016348239 0.026711605 0.025177691 0.040686734 0.020733656 0.029374113 0.021316661 0.028742746 0.045692839
0.038574409 0.017424386 0.018539362 0.030744938 0.019616481 0.013161283 0.007961382 0.014252147 0.019825030 0.022329573 0.017281095 0.026146486 0.014224941 0.012318360 0.028508823 0.026806403 0.011929533 0.024429120 0.002950766 0.018234868 0.017992463 0.014055776 0.021922354 0.013416396 0.018421778 0.016803328 0.015106028 0.013493572 0.021793632 0.012913422 0.041398857 0.022511037 0.024215825 0.021369141
0.042729899 0.019385183 0.022788081 0.023261853 0.015272129 0.014337194 0.014261335 0.014001557 0.019531786 0.015975183 0.014299803 0.020683875 0.013684455 0.014970648 0.032206405 0.035817601 0.017142050 0.022687120 0.018234868 0.001129136 0.022054449 0.016937191 0.029826000 0.016174713 0.021977056 0.016686842 0.022184063 0.014715572 0.027027689 0.010066605 0.039415289 0.017050702 0.019393981 0.030453604
0.030748473 0.023266872 0.011259209 0.041177817 0.021558974 0.015337244 0.015215095 0.022441449 0.020018362 0.033701919 0.024834318 0.038124792 0.023875058 0.018686634 0.024268020 0.015832866 0.012244512 0.037082616 0.017992463 0.022054449 0.005071732 0.020913359 0.014319949 0.015464734 0.031034412 0.027908333 0.022097424 0.016875107 0.014361759 0.016378041 0.051540717 0.031919509 0.027132742 0.018234279
0.045404918 0.013958671 0.022006262 0.024862390 0.016366260 0.013950070 0.004720482 0.013687281 0.015599409 0.017561324 0.011123380 0.018867586 0.013211053 0.014290567 0.035221618 0.031040804 0.014999326 0.021710575 0.014055776 0.016937191 0.020913359 -0.000714611 0.027851360 0.009599595 0.014104793 0.010029613 0.014188245 0.013282104 0.024188951 0.011457035 0.039247453 0.018597484 0.018624244 0.025529157
0.025787756 0.027887231 0.013773087 0.048284613 0.027795911 0.021773014 0.023395006 0.028056769 0.024123847 0.040544413 0.032360557 0.044354390 0.026438871 0.024132976 0.019096205 0.015351431 0.015377712 0.041642420 0.021922354 0.029826000 0.014319949 0.027851360 0.004318431 0.024852457 0.030964825 0.035413828 0.026359057 0.023999726 0.015707789 0.021741578 0.051880620 0.039203748 0.029346034 0.019382767
0.040854208 0.016100999 0.017489921 0.028048595 0.016790802 0.011500709 0.002116755 0.008843116 0.012894729 0.018527387 0.013620089 0.021835711 0.011130001 0.011914178 0.029247351 0.026489019 0.012796411 0.025503471 0.013416396 0.016174713 0.015464734 0.009599595 0.024852457 -0.000504535 0.014630836 0.014482681 0.011394803 0.009462525 0.021458859 0.007065786 0.045422588 0.021954363 0.016174041 0.020089300
0.049672242 0.017928608 0.030314699 0.030510321 0.011204913 0.018115290 0.009595137 0.018866070 0.025935970 0.022787470 0.011211319 0.023537993 0.014905363 0.014442286 0.036014337 0.037833985 0.020149484 0.021948000 0.018421778 0.021977056 0.031034412 0.014104793 0.030964825 0.014630836 -0.008336967 0.011229074 0.018892709 0.019013686 0.028261214 0.016682014 0.036100339 0.015853429 0.024798244 0.033126310
0.050531004 0.017084360 0.030379102 0.016709894 0.015816893 0.017915912 0.004886093 0.012165288 0.019170608 0.009271074 0.006545448 0.011854229 0.013075705 0.015664766 0.039447896 0.040630445 0.021226307 0.016348239 0.016803328 0.016686842 0.027908333 0.010029613 0.035413828 0.014482681 0.011229074 -0.000439215 0.019806588 0.019040320 0.031116337 0.012309437 0.038540307 0.010215584 0.015604176 0.031921644
0.039723102 0.018142166 0.020821374 0.033602465 0.019889850 0.012755367 0.008710153 0.013754591 0.019862184 0.026164360 0.018082062 0.027197093 0.015780292 0.013659188 0.031594560 0.028150868 0.013960287 0.026711605 0.015106028 0.022184063 0.022097424 0.014188245 0.026359057 0.011394803 0.018892709 0.019806588 0.010321580 0.011596043 0.025204800 0.009915106 0.043542407 0.029583089 0.022396151 0.029548515
0.038625177 0.014647429 0.015424091 0.032540686 0.017713252 0.009659257 0.007336257 0.013014669 0.014192058 0.023826055 0.017007452 0.028361594 0.015252935 0.011590360 0.027912602 0.026886661 0.013654072 0.025177691 0.013493572 0.014715572 0.016875107 0.013282104 0.023999726 0.009462525 0.019013686 0.019040320 0.011596043 0.004836366 0.019182786 0.007178933 0.041310035 0.024551833 0.020229358 0.023615044
0.028031256 0.024663374 0.016769314 0.040936939 0.026649175 0.020881787 0.020406120 0.024335694 0.024121530 0.034590125 0.030946720 0.036376934 0.025234208 0.022783592 0.021744221 0.014795693 0.016118668 0.040686734 0.021793632 0.027027689 0.014361759 0.024188951 0.015707789 0.021458859 0.028261214 0.031116337 0.025204800 0.019182786 0.012803890 0.019966438 0.046963919 0.037141241 0.029920321 0.017627902
0.035145499 0.014348098 0.016363865 0.025555961 0.011552935 0.008369900 0.004353505 0.006792123 0.012540815 0.017919144 0.011856224 0.021490518 0.010476227 0.007379405 0.025556449 0.024345120 0.012619817 0.020733656 0.012913422 0.010066605 0.016378041 0.011457035 0.021741578 0.007065786 0.016682014 0.012309437 0.009915106 0.007178933 0.019966438 -0.000742696 0.037909806 0.014342237 0.012666846 0.021943849
0.069250800 0.040113781 0.047160551 0.035969730 0.051110081 0.041917346 0.041081734 0.041457247 0.044659302 0.035822295 0.035572685 0.039501425 0.043956175 0.045988403 0.059941404 0.055915095 0.041509595 0.029374113 0.041398857 0.039415289 0.051540717 0.039247453 0.051880620 0.045422588 0.036100339 0.038540307 0.043542407 0.041310035 0.046963919 0.037909806 -0.016850363 0.036564369 0.050245933 0.057762522
0.054765340 0.024580346 0.030545563 0.016490629 0.017479772 0.024254490 0.013875995 0.018022932 0.026573421 0.009927999 0.009371581 0.012450162 0.019542247 0.023581859 0.039593462 0.045179393 0.023559269 0.021316661 0.022511037 0.017050702 0.031919509 0.018597484 0.039203748 0.021954363 0.015853429 0.010215584 0.029583089 0.024551833 0.037141241 0.014342237 0.036564369 0.002853453 0.023500727 0.040845472
0.047597349 0.021271322 0.021807425 0.032937814 0.020304583 0.021270312 0.016623849 0.015262049 0.014386918 0.022044964 0.015521506 0.023923285 0.015981670 0.021175871 0.037132487 0.031972997 0.025835849 0.028742746 0.024215825 0.019393981 0.027132742 0.018624244 0.029346034 0.016174041 0.024798244 0.015604176 0.022396151 0.020229358 0.029920321 0.012666846 0.050245933 0.023500727 -0.006256405 0.036717165
0.038070604 0.032063872 0.017246382 0.048713796 0.026948154 0.023008509 0.017949540 0.027944280 0.031206066 0.040286858 0.030639980 0.043906957 0.026705392 0.022831380 0.023620876 0.022598682 0.015942145 0.045692839 0.021369141 0.030453604 0.018234279 0.025529157 0.019382767 0.020089300 0.033126310 0.031921644 0.029548515 0.023615044 0.017627902 0.021943849 0.057762522 0.040845472 0.036717165 0.018128604
