0.000000000 0.037344400 0.025210084 0.168458775 0.075697213 0.086614177 0.097276263 0.131086141 0.100775197 0.180212021 0.114503816 0.156363636 0.049180329 0.071999997 0.012765957 0.053061225 0.045267489 0.150183156 0.068273090 0.114503816 0.056910571 0.086614177 0.060728744 0.068273090 0.045267489 0.131086141 0.086614177 0.107692309 0.033333335 0.071999997 0.333333343 0.226666674 0.137546465 0.071999997
0.037344400 0.000000000 0.012145749 0.131944448 0.038461540 0.049429659 0.060150377 0.094202898 0.063670412 0.143835619 0.077490777 0.119718313 0.011857707 0.034749035 0.024590164 0.015748031 0.007936508 0.113475174 0.031007752 0.077490777 0.019607844 0.049429659 0.023437500 0.031007752 0.007936508 0.094202898 0.049429659 0.070631973 0.004016064 0.034749035 0.299719900 0.190938517 0.100719422 0.034749035
0.025210084 0.012145749 0.000000000 0.143859655 0.050583657 0.061538462 0.072243348 0.106227107 0.075757578 0.155709341 0.089552239 0.131672591 0.024000000 0.046875000 0.012448133 0.027888447 0.020080321 0.125448033 0.043137256 0.089552239 0.031746034 0.061538462 0.035573121 0.043137256 0.020080321 0.106227107 0.061538462 0.082706764 0.008130081 0.046875000 0.310734451 0.202614382 0.112727270 0.046875000
0.168458775 0.131944448 0.143859655 0.000000000 0.093959734 0.083056480 0.072368421 0.038216561 0.068852462 0.012121212 0.055016182 0.012422360 0.120274916 0.097643100 0.156028375 0.116438359 0.124137931 0.018750001 0.101351351 0.055016182 0.112627983 0.083056480 0.108843535 0.101351351 0.124137931 0.038216561 0.083056480 0.061889250 0.135888502 0.097643100 0.174683541 0.060518730 0.031645570 0.097643100
0.075697213 0.038461540 0.050583657 0.093959734 0.000000000 0.010989011 0.021739131 0.055944055 0.025270758 0.105960265 0.039145909 0.081632651 0.026615970 0.003717472 0.062992126 0.022727273 0.030534351 0.075342469 0.007462686 0.039145909 0.018867925 0.010989011 0.015037594 0.007462686 0.030534351 0.055944055 0.010989011 0.032258064 0.042471044 0.003717472 0.264305174 0.153605014 0.062500000 0.003717472
0.086614177 0.049429659 0.061538462 0.083056480 0.010989011 0.000000000 0.010752688 0.044982698 0.014285714 0.095081970 0.028169014 0.070707068 0.037593983 0.014705882 0.073929958 0.033707865 0.041509435 0.064406782 0.018450184 0.028169014 0.029850746 0.000000000 0.026022306 0.018450184 0.041509435 0.044982698 0.000000000 0.021276595 0.053435113 0.014705882 0.254054040 0.142857149 0.051546391 0.014705882
0.097276263 0.060150377 0.072243348 0.072368421 0.021739131 0.010752688 0.000000000 0.034246575 0.003533569 0.084415585 0.017421603 0.059999999 0.048327137 0.025454545 0.084615387 0.044444446 0.052238807 0.053691275 0.029197080 0.017421603 0.040590405 0.010752688 0.036764707 0.029197080 0.052238807 0.034246575 0.010752688 0.010526316 0.064150944 0.025454545 0.243967831 0.132307693 0.040816326 0.025454545
0.131086141 0.094202898 0.106227107 0.038216561 0.055944055 0.044982698 0.034246575 0.000000000 0.030716723 0.050314464 0.016835017 0.025806451 0.082437277 0.059649121 0.118518516 0.078571431 0.086330935 0.019480519 0.063380279 0.016835017 0.074733093 0.044982698 0.070921987 0.063380279 0.086330935 0.000000000 0.044982698 0.023728814 0.098181821 0.059649121 0.211488247 0.098507464 0.006578947 0.059649121
0.100775197 0.063670412 0.075757578 0.068852462 0.025270758 0.014285714 0.003533569 0.030716723 0.000000000 0.080906145 0.013888889 0.056478404 0.051851850 0.028985508 0.088122606 0.047970481 0.055762082 0.050167225 0.032727271 0.013888889 0.044117648 0.014285714 0.040293042 0.032727271 0.055762082 0.030716723 0.014285714 0.006993007 0.067669176 0.028985508 0.240641713 0.128834352 0.037288137 0.028985508
0.180212021 0.143835619 0.155709341 0.012121212 0.105960265 0.095081970 0.084415585 0.050314464 0.080906145 0.000000000 0.067092650 0.024539877 0.132203385 0.109634548 0.167832166 0.128378376 0.136054426 0.030864198 0.113333337 0.067092650 0.124579124 0.095081970 0.120805368 0.113333337 0.136054426 0.050314464 0.095081970 0.073954985 0.147766322 0.109634548 0.162907273 0.048433047 0.043749999 0.109634548
0.114503816 0.077490777 0.089552239 0.055016182 0.039145909 0.028169014 0.017421603 0.016835017 0.013888889 0.067092650 0.000000000 0.042622950 0.065693431 0.042857144 0.101886794 0.061818182 0.069597073 0.036303632 0.046594981 0.000000000 0.057971016 0.028169014 0.054151624 0.046594981 0.069597073 0.016835017 0.028169014 0.006896552 0.081481479 0.042857144 0.227513224 0.115151517 0.023411371 0.042857144
0.156363636 0.119718313 0.131672591 0.012422360 0.081632651 0.070707068 0.059999999 0.025806451 0.056478404 0.024539877 0.042622950 0.000000000 0.108013935 0.085324235 0.143884897 0.104166664 0.111888111 0.006329114 0.089041099 0.042622950 0.100346021 0.070707068 0.096551724 0.089041099 0.111888111 0.025806451 0.070707068 0.049504951 0.123674914 0.085324235 0.186700761 0.072886296 0.019230770 0.085324235
0.049180329 0.011857707 0.024000000 0.120274916 0.026615970 0.037593983 0.048327137 0.082437277 0.051851850 0.132203385 0.065693431 0.108013935 0.000000000 0.022900764 0.036437247 0.003891051 0.003921569 0.101754382 0.019157087 0.065693431 0.007751938 0.037593983 0.011583012 0.019157087 0.003921569 0.082437277 0.037593983 0.058823530 0.015873017 0.022900764 0.288888901 0.179487184 0.088967972 0.022900764
0.071999997 0.034749035 0.046875000 0.097643100 0.003717472 0.014705882 0.025454545 0.059649121 0.028985508 0.109634548 0.042857144 0.085324235 0.022900764 0.000000000 0.059288539 0.019011406 0.026819924 0.079037800 0.003745318 0.042857144 0.015151516 0.014705882 0.011320755 0.003745318 0.026819924 0.059649121 0.014705882 0.035971224 0.038759690 0.000000000 0.267759562 0.157232702 0.066202089 0.000000000
0.012765957 0.024590164 0.012448133 0.156028375 0.062992126 0.073929958 0.084615387 0.118518516 0.088122606 0.167832166 0.101886794 0.143884897 0.036437247 0.059288539 0.000000000 0.040322579 0.032520324 0.137681156 0.055555556 0.101886794 0.044176705 0.073929958 0.048000000 0.055555556 0.032520324 0.118518516 0.073929958 0.095057033 0.020576132 0.059288539 0.321937323 0.214521453 0.125000000 0.059288539
0.053061225 0.015748031 0.027888447 0.116438359 0.022727273 0.033707865 0.044444446 0.078571431 0.047970481 0.128378376 0.061818182 0.104166664 0.003891051 0.019011406 0.040322579 0.000000000 0.007812500 0.097902097 0.015267176 0.061818182 0.003861004 0.033707865 0.007692308 0.015267176 0.007812500 0.078571431 0.033707865 0.054945055 0.019762846 0.019011406 0.285318553 0.175718844 0.085106380 0.019011406
0.045267489 0.007936508 0.020080321 0.124137931 0.030534351 0.041509435 0.052238807 0.086330935 0.055762082 0.136054426 0.069597073 0.111888111 0.003921569 0.026819924 0.032520324 0.007812500 0.000000000 0.105633803 0.023076924 0.069597073 0.011673152 0.041509435 0.015503876 0.023076924 0.000000000 0.086330935 0.041509435 0.062730625 0.011952192 0.026819924 0.292479098 0.183279738 0.092857145 0.026819924
0.150183156 0.113475174 0.125448033 0.018750001 0.075342469 0.064406782 0.053691275 0.019480519 0.050167225 0.030864198 0.036303632 0.006329114 0.101754382 0.079037800 0.137681156 0.097902097 0.105633803 0.000000000 0.082758620 0.036303632 0.094076656 0.064406782 0.090277776 0.082758620 0.105633803 0.019480519 0.064406782 0.043189369 0.117437720 0.079037800 0.192802057 0.079178885 0.012903226 0.079037800
0.068273090 0.031007752 0.043137256 0.101351351 0.007462686 0.018450184 0.029197080 0.063380279 0.032727271 0.113333337 0.046594981 0.089041099 0.019157087 0.003745318 0.055555556 0.015267176 0.023076924 0.082758620 0.000000000 0.046594981 0.011406844 0.018450184 0.007575758 0.000000000 0.023076924 0.063380279 0.018450184 0.039711192 0.035019454 0.003745318 0.271232873 0.160883278 0.069930069 0.003745318
0.114503816 0.077490777 0.089552239 0.055016182 0.039145909 0.028169014 0.017421603 0.016835017 0.013888889 0.067092650 0.000000000 0.042622950 0.065693431 0.042857144 0.101886794 0.061818182 0.069597073 0.036303632 0.046594981 0.000000000 0.057971016 0.028169014 0.054151624 0.046594981 0.069597073 0.016835017 0.028169014 0.006896552 0.081481479 0.042857144 0.227513224 0.115151517 0.023411371 0.042857144
0.056910571 0.019607844 0.031746034 0.112627983 0.018867925 0.029850746 0.040590405 0.074733093 0.044117648 0.124579124 0.057971016 0.100346021 0.007751938 0.015151516 0.044176705 0.003861004 0.011673152 0.094076656 0.011406844 0.057971016 0.000000000 0.029850746 0.003831418 0.011406844 0.011673152 0.074733093 0.029850746 0.051094890 0.023622047 0.015151516 0.281767964 0.171974525 0.081272088 0.015151516
0.086614177 0.049429659 0.061538462 0.083056480 0.010989011 0.000000000 0.010752688 0.044982698 0.014285714 0.095081970 0.028169014 0.070707068 0.037593983 0.014705882 0.073929958 0.033707865 0.041509435 0.064406782 0.018450184 0.028169014 0.029850746 0.000000000 0.026022306 0.018450184 0.041509435 0.044982698 0.000000000 0.021276595 0.053435113 0.014705882 0.254054040 0.142857149 0.051546391 0.014705882
0.060728744 0.023437500 0.035573121 0.108843535 0.015037594 0.026022306 0.036764707 0.070921987 0.040293042 0.120805368 0.054151624 0.096551724 0.011583012 0.011320755 0.048000000 0.007692308 0.015503876 0.090277776 0.007575758 0.054151624 0.003831418 0.026022306 0.000000000 0.007575758 0.015503876 0.070921987 0.026022306 0.047272727 0.027450981 0.011320755 0.278236926 0.168253973 0.077464789 0.011320755
0.068273090 0.031007752 0.043137256 0.101351351 0.007462686 0.018450184 0.029197080 0.063380279 0.032727271 0.113333337 0.046594981 0.089041099 0.019157087 0.003745318 0.055555556 0.015267176 0.023076924 0.082758620 0.000000000 0.046594981 0.011406844 0.018450184 0.007575758 0.000000000 0.023076924 0.063380279 0.018450184 0.039711192 0.035019454 0.003745318 0.271232873 0.160883278 0.069930069 0.003745318
0.045267489 0.007936508 0.020080321 0.124137931 0.030534351 0.041509435 0.052238807 0.086330935 0.055762082 0.136054426 0.069597073 0.111888111 0.003921569 0.026819924 0.032520324 0.007812500 0.000000000 0.105633803 0.023076924 0.069597073 0.011673152 0.041509435 0.015503876 0.023076924 0.000000000 0.086330935 0.041509435 0.062730625 0.011952192 0.026819924 0.292479098 0.183279738 0.092857145 0.026819924
0.131086141 0.094202898 0.106227107 0.038216561 0.055944055 0.044982698 0.034246575 0.000000000 0.030716723 0.050314464 0.016835017 0.025806451 0.082437277 0.059649121 0.118518516 0.078571431 0.086330935 0.019480519 0.063380279 0.016835017 0.074733093 0.044982698 0.070921987 0.063380279 0.086330935 0.000000000 0.044982698 0.023728814 0.098181821 0.059649121 0.211488247 0.098507464 0.006578947 0.059649121
0.086614177 0.049429659 0.061538462 0.083056480 0.010989011 0.000000000 0.010752688 0.044982698 0.014285714 0.095081970 0.028169014 0.070707068 0.037593983 0.014705882 0.073929958 0.033707865 0.041509435 0.064406782 0.018450184 0.028169014 0.029850746 0.000000000 0.026022306 0.018450184 0.041509435 0.044982698 0.000000000 0.021276595 0.053435113 0.014705882 0.254054040 0.142857149 0.051546391 0.014705882
0.107692309 0.070631973 0.082706764 0.061889250 0.032258064 0.021276595 0.010526316 0.023728814 0.006993007 0.073954985 0.006896552 0.049504951 0.058823530 0.035971224 0.095057033 0.054945055 0.062730625 0.043189369 0.039711192 0.006896552 0.051094890 0.021276595 0.047272727 0.039711192 0.062730625 0.023728814 0.021276595 0.000000000 0.074626863 0.035971224 0.234042555 0.121951222 0.030303031 0.035971224
0.033333335 0.004016064 0.008130081 0.135888502 0.042471044 0.053435113 0.064150944 0.098181821 0.067669176 0.147766322 0.081481479 0.123674914 0.015873017 0.038759690 0.020576132 0.019762846 0.011952192 0.117437720 0.035019454 0.081481479 0.023622047 0.053435113 0.027450981 0.035019454 0.011952192 0.098181821 0.053435113 0.074626863 0.000000000 0.038759690 0.303370774 0.194805190 0.104693137 0.038759690
0.071999997 0.034749035 0.046875000 0.097643100 0.003717472 0.014705882 0.025454545 0.059649121 0.028985508 0.109634548 0.042857144 0.085324235 0.022900764 0.000000000 0.059288539 0.019011406 0.026819924 0.079037800 0.003745318 0.042857144 0.015151516 0.014705882 0.011320755 0.003745318 0.026819924 0.059649121 0.014705882 0.035971224 0.038759690 0.000000000 0.267759562 0.157232702 0.066202089 0.000000000
0.333333343 0.299719900 0.310734451 0.174683541 0.264305174 0.254054040 0.243967831 0.211488247 0.240641713 0.162907273 0.227513224 0.186700761 0.288888901 0.267759562 0.321937323 0.285318553 0.292479098 0.192802057 0.271232873 0.227513224 0.281767964 0.254054040 0.278236926 0.271232873 0.292479098 0.211488247 0.254054040 0.234042555 0.303370774 0.267759562 0.000000000 0.115384616 0.205194801 0.267759562
0.226666674 0.190938517 0.202614382 0.060518730 0.153605014 0.142857149 0.132307693 0.098507464 0.128834352 0.048433047 0.115151517 0.072886296 0.179487184 0.157232702 0.214521453 0.175718844 0.183279738 0.079178885 0.160883278 0.115151517 0.171974525 0.142857149 0.168253973 0.160883278 0.183279738 0.098507464 0.142857149 0.121951222 0.194805190 0.157232702 0.115384616 0.000000000 0.091988131 0.157232702
0.137546465 0.100719422 0.112727270 0.031645570 0.062500000 0.051546391 0.040816326 0.006578947 0.037288137 0.043749999 0.023411371 0.019230770 0.088967972 0.066202089 0.125000000 0.085106380 0.092857145 0.012903226 0.069930069 0.023411371 0.081272088 0.051546391 0.077464789 0.069930069 0.092857145 0.006578947 0.051546391 0.030303031 0.104693137 0.066202089 0.205194801 0.091988131 0.000000000 0.066202089
0.071999997 0.034749035 0.046875000 0.097643100 0.003717472 0.014705882 0.025454545 0.059649121 0.028985508 0.109634548 0.042857144 0.085324235 0.022900764 0.000000000 0.059288539 0.019011406 0.026819924 0.079037800 0.003745318 0.042857144 0.015151516 0.014705882 0.011320755 0.003745318 0.026819924 0.059649121 0.014705882 0.035971224 0.038759690 0.000000000 0.267759562 0.157232702 0.066202089 0.000000000
