0.015427498 0.038183033 0.030173391 0.060519088 0.046215720 0.037355021 0.041964002 0.047486298 0.039570905 0.050991133 0.048385169 0.064689398 0.045298234 0.048656292 0.026259555 0.030318305 0.034676883 0.055411279 0.039591305 0.054510728 0.025552247 0.042906869 0.025687670 0.041612413 0.050823741 0.045720857 0.038996689 0.032434516 0.025767092 0.041832831 0.068282425 0.062519029 0.063836977 0.030031038
0.038183033 0.015608486 0.024680389 0.033702336 0.020160906 0.016105674 0.015032747 0.016426492 0.021419957 0.024715906 0.020389175 0.028139636 0.014427094 0.018912999 0.024224732 0.022081869 0.021060627 0.023656076 0.017453212 0.037907682 0.024887335 0.018746370 0.024465607 0.017384553 0.016126625 0.022031328 0.018810119 0.018814590 0.022630215 0.018846473 0.041139603 0.027893502 0.025204964 0.024344370
0.030173391 0.024680389 0.000751559 0.038685739 0.018891411 0.014410826 0.013472058 0.021021809 0.016462402 0.030103358 0.023954542 0.042362735 0.021100266 0.019907372 0.017789073 0.014100746 0.015221841 0.030223392 0.015177748 0.027749989 0.005638880 0.018309381 0.012271087 0.014836196 0.027102290 0.024953825 0.016467253 0.009400351 0.012753364 0.017817136 0.042654026 0.032488264 0.027826056 0.010525603
0.060519088 0.033702336 0.038685739 0.012034945 0.025039298 0.026247632 0.028273448 0.028065324 0.031042216 0.017949624 0.019047413 0.023115031 0.024836170 0.032440599 0.051968284 0.050603859 0.033475939 0.019577403 0.029505342 0.024654238 0.036965065 0.023969892 0.045393802 0.026448902 0.027935168 0.015506240 0.029202994 0.029063808 0.036850546 0.029475534 0.034560002 0.017150935 0.043891609 0.038076404
0.046215720 0.020160906 0.018891411 0.025039298 -0.000844948 0.017660907 0.011970863 0.014913991 0.015546941 0.018545749 0.016346397 0.018888488 0.012343477 0.015280831 0.037937339 0.025758203 0.017816555 0.026004000 0.017283633 0.016857170 0.022528233 0.015673637 0.028879050 0.013681729 0.017514776 0.015199418 0.014326110 0.016959760 0.025350204 0.015360704 0.046314668 0.020664791 0.025658827 0.027851947
0.037355021 0.016105674 0.014410826 0.026247632 0.017660907 0.006837822 0.006811505 0.012150869 0.006979444 0.020278329 0.016734343 0.024781875 0.013709571 0.011784998 0.028461289 0.018401161 0.013046638 0.023688916 0.011286192 0.019658787 0.010955669 0.012916717 0.022550963 0.009677585 0.018891538 0.016319986 0.010355414 0.005879651 0.019376967 0.011562587 0.038619090 0.029799445 0.026265405 0.020156864
0.041964002 0.015032747 0.013472058 0.028273448 0.011970863 0.006811505 -0.004539607 0.008860501 0.008710106 0.019361496 0.002219876 0.021447310 0.011264483 0.004871211 0.027990675 0.021792291 0.012526454 0.017534621 0.006452608 0.015506567 0.015345133 0.005430231 0.022485301 0.001245208 0.013222087 0.005943306 0.005321490 0.006731228 0.017427012 0.008477312 0.035872143 0.013638707 0.020146059 0.016611835
0.047486298 0.016426492 0.021021809 0.028065324 0.014913991 0.012150869 0.008860501 0.004669475 0.012534636 0.019796643 0.014191869 0.027563803 0.013680395 0.017345097 0.036119290 0.032160245 0.018216427 0.020521095 0.014948578 0.023866609 0.020817511 0.014530100 0.031282596 0.008963672 0.016218260 0.012287827 0.013162805 0.009814306 0.023425024 0.011786916 0.039843582 0.023137746 0.026827328 0.024773140
0.039570905 0.021419957 0.016462402 0.031042216 0.015546941 0.006979444 0.008710106 0.012534636 -0.000284575 0.021798532 0.016100636 0.028248753 0.011966817 0.013651222 0.029440241 0.022894124 0.013725474 0.022388194 0.014170088 0.023276277 0.013999728 0.011791805 0.022900062 0.007663868 0.020887135 0.015634367 0.013728097 0.009907624 0.015568340 0.013096169 0.042755920 0.023235857 0.017726688 0.015246106
0.050991133 0.024715906 0.030103358 0.017949624 0.018545749 0.020278329 0.019361496 0.019796643 0.021798532 0.005916635 0.011724835 0.015663782 0.018864511 0.021842621 0.042244531 0.041348964 0.027302183 0.013138238 0.022241443 0.019646034 0.028413516 0.017978642 0.036982156 0.019875554 0.019837309 0.008495213 0.021474443 0.019832522 0.031488378 0.020959657 0.030812105 0.011607032 0.029606260 0.031935260
0.048385169 0.020389175 0.023954542 0.019047413 0.016346397 0.016734343 0.002219876 0.014191869 0.016100636 0.011724835 0.000430616 0.013213484 0.011725079 0.013825897 0.037449185 0.031869825 0.020576701 0.011587892 0.015692346 0.017295118 0.023476256 0.011341535 0.031267196 0.012277969 0.014876114 0.006902749 0.014899321 0.015619839 0.027770732 0.015545911 0.031766199 0.009811635 0.020213582 0.027737236
0.064689398 0.028139636 0.042362735 0.023115031 0.018888488 0.024781875 0.021447310 0.027563803 0.028248753 0.015663782 0.013213484 0.017051823 0.017379778 0.025724653 0.054681286 0.047435116 0.031482164 0.022825800 0.024474597 0.026073663 0.037581690 0.016260920 0.044874035 0.017910033 0.025417190 0.009801798 0.025283789 0.028798636 0.033613715 0.027034212 0.045681119 0.014098478 0.035988025 0.041215636
0.045298234 0.014427094 0.021100266 0.024836170 0.012343477 0.013709571 0.011264483 0.013680395 0.011966817 0.018864511 0.011725079 0.017379778 0.002152639 0.011696517 0.036368471 0.030765496 0.019889861 0.021119885 0.016092986 0.014951222 0.025555771 0.015032084 0.029662224 0.011686057 0.018018717 0.015217097 0.011701823 0.014649024 0.020275770 0.015461961 0.039284486 0.015820906 0.022001745 0.023512021
0.048656292 0.018912999 0.019907372 0.032440599 0.015280831 0.011784998 0.004871211 0.017345097 0.013651222 0.021842621 0.013825897 0.025724653 0.011696517 0.006951930 0.035553385 0.026441887 0.015426518 0.024009267 0.012714664 0.017538086 0.018307280 0.013933791 0.026137762 0.009430000 0.019269316 0.014526824 0.012232053 0.012681416 0.021183681 0.015929587 0.046843618 0.021040952 0.032571096 0.021866241
0.026259555 0.024224732 0.017789073 0.051968284 0.037937339 0.028461289 0.027990675 0.036119290 0.029440241 0.042244531 0.037449185 0.054681286 0.036368471 0.035553385 0.006175749 0.023397507 0.023381321 0.045473803 0.027834119 0.042383268 0.019161141 0.031700455 0.020641740 0.029644240 0.041797973 0.034022950 0.029139038 0.020519163 0.023127466 0.030203115 0.054140408 0.055542022 0.052865893 0.024944890
0.030318305 0.022081869 0.014100746 0.050603859 0.025758203 0.018401161 0.021792291 0.032160245 0.022894124 0.041348964 0.031869825 0.047435116 0.030765496 0.026441887 0.023397507 0.004760794 0.017425405 0.039877184 0.022745399 0.034017250 0.011662214 0.025634058 0.014117245 0.022646885 0.034314305 0.033682864 0.023037627 0.019521896 0.008488263 0.026829971 0.050045747 0.041535921 0.039718822 0.014183073
0.034676883 0.021060627 0.015221841 0.033475939 0.017816555 0.013046638 0.012526454 0.018216427 0.013725474 0.027302183 0.020576701 0.031482164 0.019889861 0.015426518 0.023381321 0.017425405 0.000768557 0.026655652 0.011151889 0.023177406 0.012613999 0.016153224 0.016848935 0.012928021 0.022522833 0.022534668 0.012230333 0.012941480 0.014573175 0.016949210 0.038215041 0.028869964 0.032077260 0.015009223
0.055411279 0.023656076 0.030223392 0.019577403 0.026004000 0.023688916 0.017534621 0.020521095 0.022388194 0.013138238 0.011587892 0.022825800 0.021119885 0.024009267 0.045473803 0.039877184 0.026655652 0.003621895 0.020993695 0.029349860 0.026969146 0.016241388 0.037500836 0.021602172 0.017551236 0.008626930 0.022093486 0.017950412 0.034662768 0.021820914 0.026538145 0.018552409 0.036896706 0.033638924
0.039591305 0.017453212 0.015177748 0.029505342 0.017283633 0.011286192 0.006452608 0.014948578 0.014170088 0.022241443 0.015692346 0.024474597 0.016092986 0.012714664 0.027834119 0.022745399 0.011151889 0.020993695 -0.001387036 0.019548554 0.016844623 0.011338584 0.020576430 0.011166563 0.018356338 0.016718131 0.011622477 0.011563516 0.017008811 0.015031331 0.037336268 0.021074593 0.027106067 0.016109325
0.054510728 0.037907682 0.027749989 0.024654238 0.016857170 0.019658787 0.015506567 0.023866609 0.023276277 0.019646034 0.017295118 0.026073663 0.014951222 0.017538086 0.042383268 0.034017250 0.023177406 0.029349860 0.019548554 0.005469297 0.022542760 0.017244909 0.034157403 0.016202614 0.027577966 0.017596710 0.022559425 0.018667655 0.027089918 0.024675619 0.047631450 0.017040189 0.038947873 0.031306606
0.025552247 0.024887335 0.005638880 0.036965065 0.022528233 0.010955669 0.015345133 0.020817511 0.013999728 0.028413516 0.023476256 0.037581690 0.025555771 0.018307280 0.019161141 0.011662214 0.012613999 0.026969146 0.016844623 0.022542760 -0.003133415 0.018730566 0.010141704 0.016539838 0.032185346 0.026212629 0.015522923 0.008215557 0.012307856 0.016985197 0.036126114 0.032829102 0.027523719 0.011939363
0.042906869 0.018746370 0.018309381 0.023969892 0.015673637 0.012916717 0.005430231 0.014530100 0.011791805 0.017978642 0.011341535 0.016260920 0.015032084 0.013933791 0.031700455 0.025634058 0.016153224 0.016241388 0.011338584 0.017244909 0.018730566 -0.000899862 0.024740253 0.009697548 0.016669419 0.012750037 0.011107577 0.011317121 0.021392507 0.014561161 0.032758683 0.016899750 0.019117566 0.021490160
0.025687670 0.024465607 0.012271087 0.045393802 0.028879050 0.022550963 0.022485301 0.031282596 0.022900062 0.036982156 0.031267196 0.044874035 0.029662224 0.026137762 0.020641740 0.014117245 0.016848935 0.037500836 0.020576430 0.034157403 0.010141704 0.024740253 0.004050072 0.023798376 0.033866584 0.030523079 0.022639824 0.018680930 0.013386223 0.025930770 0.045484185 0.044404790 0.039555505 0.017151289
0.041612413 0.017384553 0.014836196 0.026448902 0.013681729 0.009677585 0.001245208 0.008963672 0.007663868 0.019875554 0.012277969 0.017910033 0.011686057 0.009430000 0.029644240 0.022646885 0.012928021 0.021602172 0.011166563 0.016202614 0.016539838 0.009697548 0.023798376 -0.001996547 0.018855091 0.015604201 0.006885756 0.009445774 0.018251982 0.010369569 0.037744299 0.017343348 0.018496767 0.019116471
0.050823741 0.016126625 0.027102290 0.027935168 0.017514776 0.018891538 0.013222087 0.016218260 0.020887135 0.019837309 0.014876114 0.025417190 0.018018717 0.019269316 0.041797973 0.034314305 0.022522833 0.017551236 0.018356338 0.027577966 0.032185346 0.016669419 0.033866584 0.018855091 -0.014804310 0.013216186 0.019090038 0.017573910 0.027059924 0.019381685 0.027547922 0.023039326 0.029913079 0.028896887
0.045720857 0.022031328 0.024953825 0.015506240 0.015199418 0.016319986 0.005943306 0.012287827 0.015634367 0.008495213 0.006902749 0.009801798 0.015217097 0.014526824 0.034022950 0.033682864 0.022534668 0.008626930 0.016718131 0.017596710 0.026212629 0.012750037 0.030523079 0.015604201 0.013216186 -0.000426508 0.015259864 0.017363727 0.028007690 0.014669097 0.029174991 0.009122800 0.015978355 0.026061956
0.038996689 0.018810119 0.016467253 0.029202994 0.014326110 0.010355414 0.005321490 0.013162805 0.013728097 0.021474443 0.014899321 0.025283789 0.011701823 0.012232053 0.029139038 0.023037627 0.012230333 0.022093486 0.011622477 0.022559425 0.015522923 0.011107577 0.022639824 0.006885756 0.019090038 0.015259864 0.005499721 0.007140115 0.019079614 0.012127831 0.037850190 0.023478437 0.024033843 0.018573510
0.032434516 0.018814590 0.009400351 0.029063808 0.016959760 0.005879651 0.006731228 0.009814306 0.009907624 0.019832522 0.015619839 0.028798636 0.014649024 0.012681416 0.020519163 0.019521896 0.012941480 0.017950412 0.011563516 0.018667655 0.008215557 0.011317121 0.018680930 0.009445774 0.017573910 0.017363727 0.007140115 -0.002407435 0.015039226 0.007959377 0.029245634 0.023835050 0.023090925 0.012448277
0.025767092 0.022630215 0.012753364 0.036850546 0.025350204 0.019376967 0.017427012 0.023425024 0.015568340 0.031488378 0.027770732 0.033613715 0.020275770 0.021183681 0.023127466 0.008488263 0.014573175 0.034662768 0.017008811 0.027089918 0.012307856 0.021392507 0.013386223 0.018251982 0.027059924 0.028007690 0.019079614 0.015039226 0.008502610 0.020393193 0.040388986 0.038001869 0.030292597 0.013808546
0.041832831 0.018846473 0.017817136 0.029475534 0.015360704 0.011562587 0.008477312 0.011786916 0.013096169 0.020959657 0.015545911 0.027034212 0.015461961 0.015929587 0.030203115 0.026829971 0.016949210 0.021820914 0.015031331 0.024675619 0.016985197 0.014561161 0.025930770 0.010369569 0.019381685 0.014669097 0.012127831 0.007959377 0.020393193 0.006800300 0.039896429 0.022971058 0.025042079 0.019625846
0.068282425 0.041139603 0.042654026 0.034560002 0.046314668 0.038619090 0.035872143 0.039843582 0.042755920 0.030812105 0.031766199 0.045681119 0.039284486 0.046843618 0.054140408 0.050045747 0.038215041 0.026538145 0.037336268 0.047631450 0.036126114 0.032758683 0.045484185 0.037744299 0.027547922 0.029174991 0.037850190 0.029245634 0.040388986 0.039896429 -0.020339232 0.036473438 0.063014179 0.041740898
0.062519029 0.027893502 0.032488264 0.017150935 0.020664791 0.029799445 0.013638707 0.023137746 0.023235857 0.011607032 0.009811635 0.014098478 0.015820906 0.021040952 0.055542022 0.041535921 0.028869964 0.018552409 0.021074593 0.017040189 0.032829102 0.016899750 0.044404790 0.017343348 0.023039326 0.009122800 0.023478437 0.023835050 0.038001869 0.022971058 0.036473438 0.003516122 0.036725439 0.043181974
0.063836977 0.025204964 0.027826056 0.043891609 0.025658827 0.026265405 0.020146059 0.026827328 0.017726688 0.029606260 0.020213582 0.035988025 0.022001745 0.032571096 0.052865893 0.039718822 0.032077260 0.036896706 0.027106067 0.038947873 0.027523719 0.019117566 0.039555505 0.018496767 0.029913079 0.015978355 0.024033843 0.023090925 0.030292597 0.025042079 0.063014179 0.036725439 0.018131837 0.037933476
0.030031038 0.024344370 0.010525603 0.038076404 0.027851947 0.020156864 0.016611835 0.024773140 0.015246106 0.031935260 0.027737236 0.041215636 0.023512021 0.021866241 0.024944890 0.014183073 0.015009223 0.033638924 0.016109325 0.031306606 0.011939363 0.021490160 0.017151289 0.019116471 0.028896887 0.026061956 0.018573510 0.012448277 0.013808546 0.019625846 0.041740898 0.043181974 0.037933476 0.009961929
