0.000000000 0.210727975 0.023696683 0.222641513 0.059360731 0.134453788 0.108225107 0.162601620 0.138075307 0.155737698 0.155737698 0.219696969 0.222641513 0.130801693 0.050691243 0.059360731 0.080357142 0.256317675 0.100436680 0.155737698 0.067873307 0.159183666 0.096491225 0.130801693 0.138075307 0.201550394 0.108225107 0.076233186 0.104347825 0.112068966 0.328990221 0.165991902 0.108225107 0.100436680
0.210727975 0.000000000 0.187969923 0.012500000 0.153284669 0.078498296 0.104895107 0.049833886 0.074829929 0.056856189 0.056856189 0.009404388 0.012500000 0.082191780 0.161764711 0.153284669 0.132616490 0.048192769 0.112676054 0.056856189 0.144927531 0.053333335 0.116607770 0.082191780 0.074829929 0.009584664 0.104895107 0.136690646 0.108771928 0.101045296 0.127071828 0.046357617 0.104895107 0.112676054
0.023696683 0.187969923 0.000000000 0.200000003 0.035714287 0.111111112 0.084745765 0.139442235 0.114754096 0.132530123 0.132530123 0.197026029 0.200000003 0.107438013 0.027027028 0.035714287 0.056768559 0.234042555 0.076923080 0.132530123 0.044247787 0.136000007 0.072961375 0.107438013 0.114754096 0.178707227 0.084745765 0.052631579 0.080851063 0.088607594 0.307692319 0.142857149 0.084745765 0.076923080
0.222641513 0.012500000 0.200000003 0.000000000 0.165467620 0.090909094 0.117241383 0.062295083 0.087248325 0.069306932 0.069306932 0.003095975 0.000000000 0.094594598 0.173913047 0.165467620 0.144876331 0.035714287 0.125000000 0.069306932 0.157142863 0.065789476 0.128919855 0.094594598 0.087248325 0.022082020 0.117241383 0.148936167 0.121107265 0.113402061 0.114754096 0.058823530 0.117241383 0.125000000
0.059360731 0.153284669 0.035714287 0.165467620 0.000000000 0.075697213 0.049180329 0.104247101 0.079365082 0.097276263 0.097276263 0.162454873 0.165467620 0.071999997 0.008695652 0.000000000 0.021097047 0.200000003 0.041322313 0.097276263 0.008547009 0.100775197 0.037344400 0.071999997 0.079365082 0.143911436 0.049180329 0.016949153 0.045267489 0.053061225 0.275000006 0.107692309 0.049180329 0.041322313
0.134453788 0.078498296 0.111111112 0.090909094 0.075697213 0.000000000 0.026615970 0.028776979 0.003690037 0.021739131 0.021739131 0.087837838 0.090909094 0.003717472 0.084337346 0.075697213 0.054687500 0.126213595 0.034482758 0.021739131 0.067193680 0.025270758 0.038461540 0.003717472 0.003690037 0.068965517 0.026615970 0.058823530 0.030534351 0.022727273 0.203539819 0.032258064 0.026615970 0.034482758
0.108225107 0.104895107 0.084745765 0.117241383 0.049180329 0.026615970 0.000000000 0.055350553 0.030303031 0.048327137 0.048327137 0.114186853 0.117241383 0.022900764 0.057851240 0.049180329 0.028112451 0.152317882 0.007874016 0.048327137 0.040650405 0.051851850 0.011857707 0.022900764 0.030303031 0.095406361 0.000000000 0.032258064 0.003921569 0.003891051 0.228915662 0.058823530 0.000000000 0.007874016
0.162601620 0.049833886 0.139442235 0.062295083 0.104247101 0.028776979 0.055350553 0.000000000 0.025089607 0.007042253 0.007042253 0.059210528 0.062295083 0.032490976 0.112840466 0.104247101 0.083333336 0.097791798 0.063197024 0.007042253 0.095785439 0.003508772 0.067164183 0.032490976 0.025089607 0.040268455 0.055350553 0.087452471 0.059259258 0.051470589 0.175792500 0.003484321 0.055350553 0.063197024
0.138075307 0.074829929 0.114754096 0.087248325 0.079365082 0.003690037 0.030303031 0.025089607 0.000000000 0.018050542 0.018050542 0.084175088 0.087248325 0.007407407 0.088000000 0.079365082 0.058365759 0.122580647 0.038167939 0.018050542 0.070866145 0.021582734 0.042145595 0.007407407 0.000000000 0.065292098 0.030303031 0.062500000 0.034220532 0.026415095 0.200000003 0.028571429 0.030303031 0.038167939
0.155737698 0.056856189 0.132530123 0.069306932 0.097276263 0.021739131 0.048327137 0.007042253 0.018050542 0.000000000 0.000000000 0.066225164 0.069306932 0.025454545 0.105882354 0.097276263 0.076335877 0.104761906 0.056179777 0.000000000 0.088803090 0.003533569 0.060150377 0.025454545 0.018050542 0.047297299 0.048327137 0.080459774 0.052238807 0.044444446 0.182608694 0.010526316 0.048327137 0.056179777
0.155737698 0.056856189 0.132530123 0.069306932 0.097276263 0.021739131 0.048327137 0.007042253 0.018050542 0.000000000 0.000000000 0.066225164 0.069306932 0.025454545 0.105882354 0.097276263 0.076335877 0.104761906 0.056179777 0.000000000 0.088803090 0.003533569 0.060150377 0.025454545 0.018050542 0.047297299 0.048327137 0.080459774 0.052238807 0.044444446 0.182608694 0.010526316 0.048327137 0.056179777
0.219696969 0.009404388 0.197026029 0.003095975 0.162454873 0.087837838 0.114186853 0.059210528 0.084175088 0.066225164 0.066225164 0.000000000 0.003095975 0.091525421 0.170909092 0.162454873 0.141843975 0.038805969 0.121951222 0.066225164 0.154121861 0.062706269 0.125874132 0.091525421 0.084175088 0.018987341 0.114186853 0.145907477 0.118055552 0.110344827 0.117808223 0.055737704 0.114186853 0.121951222
0.222641513 0.012500000 0.200000003 0.000000000 0.165467620 0.090909094 0.117241383 0.062295083 0.087248325 0.069306932 0.069306932 0.003095975 0.000000000 0.094594598 0.173913047 0.165467620 0.144876331 0.035714287 0.125000000 0.069306932 0.157142863 0.065789476 0.128919855 0.094594598 0.087248325 0.022082020 0.117241383 0.148936167 0.121107265 0.113402061 0.114754096 0.058823530 0.117241383 0.125000000
0.130801693 0.082191780 0.107438013 0.094594598 0.071999997 0.003717472 0.022900764 0.032490976 0.007407407 0.025454545 0.025454545 0.091525421 0.094594598 0.000000000 0.080645159 0.071999997 0.050980393 0.129870132 0.030769231 0.025454545 0.063492067 0.028985508 0.034749035 0.000000000 0.007407407 0.072664358 0.022900764 0.055118110 0.026819924 0.019011406 0.207100585 0.035971224 0.022900764 0.030769231
0.050691243 0.161764711 0.027027028 0.173913047 0.008695652 0.084337346 0.057851240 0.112840466 0.088000000 0.105882354 0.105882354 0.170909092 0.173913047 0.080645159 0.000000000 0.008695652 0.029787235 0.208333328 0.050000001 0.105882354 0.017241379 0.109375000 0.046025105 0.080645159 0.088000000 0.152416363 0.057851240 0.025641026 0.053941909 0.061728396 0.283018857 0.116279073 0.057851240 0.050000001
0.059360731 0.153284669 0.035714287 0.165467620 0.000000000 0.075697213 0.049180329 0.104247101 0.079365082 0.097276263 0.097276263 0.162454873 0.165467620 0.071999997 0.008695652 0.000000000 0.021097047 0.200000003 0.041322313 0.097276263 0.008547009 0.100775197 0.037344400 0.071999997 0.079365082 0.143911436 0.049180329 0.016949153 0.045267489 0.053061225 0.275000006 0.107692309 0.049180329 0.041322313
0.080357142 0.132616490 0.056768559 0.144876331 0.021097047 0.054687500 0.028112451 0.083333336 0.058365759 0.076335877 0.076335877 0.141843975 0.144876331 0.050980393 0.029787235 0.021097047 0.000000000 0.179661021 0.020242915 0.076335877 0.012552301 0.079847910 0.016260162 0.050980393 0.058365759 0.123188406 0.028112451 0.004149378 0.024193548 0.032000002 0.255384624 0.086792454 0.028112451 0.020242915
0.256317675 0.048192769 0.234042555 0.035714287 0.200000003 0.126213595 0.152317882 0.097791798 0.122580647 0.104761906 0.104761906 0.038805969 0.035714287 0.129870132 0.208333328 0.200000003 0.179661021 0.000000000 0.159999996 0.104761906 0.191780820 0.101265825 0.163879603 0.129870132 0.122580647 0.057750762 0.152317882 0.183673471 0.156146184 0.148514852 0.079365082 0.094339624 0.152317882 0.159999996
0.100436680 0.112676054 0.076923080 0.125000000 0.041322313 0.034482758 0.007874016 0.063197024 0.038167939 0.056179777 0.056179777 0.121951222 0.125000000 0.030769231 0.050000001 0.041322313 0.020242915 0.159999996 0.000000000 0.056179777 0.032786883 0.059701491 0.003984064 0.030769231 0.038167939 0.103202850 0.007874016 0.024390243 0.003952569 0.011764706 0.236363634 0.066666670 0.007874016 0.000000000
0.155737698 0.056856189 0.132530123 0.069306932 0.097276263 0.021739131 0.048327137 0.007042253 0.018050542 0.000000000 0.000000000 0.066225164 0.069306932 0.025454545 0.105882354 0.097276263 0.076335877 0.104761906 0.056179777 0.000000000 0.088803090 0.003533569 0.060150377 0.025454545 0.018050542 0.047297299 0.048327137 0.080459774 0.052238807 0.044444446 0.182608694 0.010526316 0.048327137 0.056179777
0.067873307 0.144927531 0.044247787 0.157142863 0.008547009 0.067193680 0.040650405 0.095785439 0.070866145 0.088803090 0.088803090 0.154121861 0.157142863 0.063492067 0.017241379 0.008547009 0.012552301 0.191780820 0.032786883 0.088803090 0.000000000 0.092307694 0.028806584 0.063492067 0.070866145 0.135531142 0.040650405 0.008403362 0.036734693 0.044534411 0.267080754 0.099236645 0.040650405 0.032786883
0.159183666 0.053333335 0.136000007 0.065789476 0.100775197 0.025270758 0.051851850 0.003508772 0.021582734 0.003533569 0.003533569 0.062706269 0.065789476 0.028985508 0.109375000 0.100775197 0.079847910 0.101265825 0.059701491 0.003533569 0.092307694 0.000000000 0.063670412 0.028985508 0.021582734 0.043771043 0.051851850 0.083969466 0.055762082 0.047970481 0.179190755 0.006993007 0.051851850 0.059701491
0.096491225 0.116607770 0.072961375 0.128919855 0.037344400 0.038461540 0.011857707 0.067164183 0.042145595 0.060150377 0.060150377 0.125874132 0.128919855 0.034749035 0.046025105 0.037344400 0.016260162 0.163879603 0.003984064 0.060150377 0.028806584 0.063670412 0.000000000 0.034749035 0.042145595 0.107142858 0.011857707 0.020408163 0.007936508 0.015748031 0.240121573 0.070631973 0.011857707 0.003984064
0.130801693 0.082191780 0.107438013 0.094594598 0.071999997 0.003717472 0.022900764 0.032490976 0.007407407 0.025454545 0.025454545 0.091525421 0.094594598 0.000000000 0.080645159 0.071999997 0.050980393 0.129870132 0.030769231 0.025454545 0.063492067 0.028985508 0.034749035 0.000000000 0.007407407 0.072664358 0.022900764 0.055118110 0.026819924 0.019011406 0.207100585 0.035971224 0.022900764 0.030769231
0.138075307 0.074829929 0.114754096 0.087248325 0.079365082 0.003690037 0.030303031 0.025089607 0.000000000 0.018050542 0.018050542 0.084175088 0.087248325 0.007407407 0.088000000 0.079365082 0.058365759 0.122580647 0.038167939 0.018050542 0.070866145 0.021582734 0.042145595 0.007407407 0.000000000 0.065292098 0.030303031 0.062500000 0.034220532 0.026415095 0.200000003 0.028571429 0.030303031 0.038167939
0.201550394 0.009584664 0.178707227 0.022082020 0.143911436 0.068965517 0.095406361 0.040268455 0.065292098 0.047297299 0.047297299 0.018987341 0.022082020 0.072664358 0.152416363 0.143911436 0.123188406 0.057750762 0.103202850 0.047297299 0.135531142 0.043771043 0.107142858 0.072664358 0.065292098 0.000000000 0.095406361 0.127272725 0.099290781 0.091549292 0.136490256 0.036789298 0.095406361 0.103202850
0.108225107 0.104895107 0.084745765 0.117241383 0.049180329 0.026615970 0.000000000 0.055350553 0.030303031 0.048327137 0.048327137 0.114186853 0.117241383 0.022900764 0.057851240 0.049180329 0.028112451 0.152317882 0.007874016 0.048327137 0.040650405 0.051851850 0.011857707 0.022900764 0.030303031 0.095406361 0.000000000 0.032258064 0.003921569 0.003891051 0.228915662 0.058823530 0.000000000 0.007874016
0.076233186 0.136690646 0.052631579 0.148936167 0.016949153 0.058823530 0.032258064 0.087452471 0.062500000 0.080459774 0.080459774 0.145907477 0.148936167 0.055118110 0.025641026 0.016949153 0.004149378 0.183673471 0.024390243 0.080459774 0.008403362 0.083969466 0.020408163 0.055118110 0.062500000 0.127272725 0.032258064 0.000000000 0.028340081 0.036144577 0.259259254 0.090909094 0.032258064 0.024390243
0.104347825 0.108771928 0.080851063 0.121107265 0.045267489 0.030534351 0.003921569 0.059259258 0.034220532 0.052238807 0.052238807 0.118055552 0.121107265 0.026819924 0.053941909 0.045267489 0.024193548 0.156146184 0.003952569 0.052238807 0.036734693 0.055762082 0.007936508 0.026819924 0.034220532 0.099290781 0.003921569 0.028340081 0.000000000 0.007812500 0.232628405 0.062730625 0.003921569 0.003952569
0.112068966 0.101045296 0.088607594 0.113402061 0.053061225 0.022727273 0.003891051 0.051470589 0.026415095 0.044444446 0.044444446 0.110344827 0.113402061 0.019011406 0.061728396 0.053061225 0.032000002 0.148514852 0.011764706 0.044444446 0.044534411 0.047970481 0.015748031 0.019011406 0.026415095 0.091549292 0.003891051 0.036144577 0.007812500 0.000000000 0.225225225 0.054945055 0.003891051 0.011764706
0.328990221 0.127071828 0.307692319 0.114754096 0.275000006 0.203539819 0.228915662 0.175792500 0.200000003 0.182608694 0.182608694 0.117808223 0.114754096 0.207100585 0.283018857 0.275000006 0.255384624 0.079365082 0.236363634 0.182608694 0.267080754 0.179190755 0.240121573 0.207100585 0.200000003 0.136490256 0.228915662 0.259259254 0.232628405 0.225225225 0.000000000 0.172413796 0.228915662 0.236363634
0.165991902 0.046357617 0.142857149 0.058823530 0.107692309 0.032258064 0.058823530 0.003484321 0.028571429 0.010526316 0.010526316 0.055737704 0.058823530 0.035971224 0.116279073 0.107692309 0.086792454 0.094339624 0.066666670 0.010526316 0.099236645 0.006993007 0.070631973 0.035971224 0.028571429 0.036789298 0.058823530 0.090909094 0.062730625 0.054945055 0.172413796 0.000000000 0.058823530 0.066666670
0.108225107 0.104895107 0.084745765 0.117241383 0.049180329 0.026615970 0.000000000 0.055350553 0.030303031 0.048327137 0.048327137 0.114186853 0.117241383 0.022900764 0.057851240 0.049180329 0.028112451 0.152317882 0.007874016 0.048327137 0.040650405 0.051851850 0.011857707 0.022900764 0.030303031 0.095406361 0.000000000 0.032258064 0.003921569 0.003891051 0.228915662 0.058823530 0.000000000 0.007874016
0.100436680 0.112676054 0.076923080 0.125000000 0.041322313 0.034482758 0.007874016 0.063197024 0.038167939 0.056179777 0.056179777 0.121951222 0.125000000 0.030769231 0.050000001 0.041322313 0.020242915 0.159999996 0.000000000 0.056179777 0.032786883 0.059701491 0.003984064 0.030769231 0.038167939 0.103202850 0.007874016 0.024390243 0.003952569 0.011764706 0.236363634 0.066666670 0.007874016 0.000000000
