0.000000000 0.062992126 0.018867925 0.126213595 0.156250000 0.075342469 0.042553190 0.084745765 0.117647059 0.108910888 0.090909094 0.111842103 0.084745765 0.068965517 0.026615970 0.003690037 0.007462686 0.068965517 0.014598540 0.081632651 0.045936394 0.035714287 0.003717472 0.081632651 0.129707113 0.090909094 0.042553190 0.093959734 0.028776979 0.055944055 0.169230774 0.262295067 0.032258064 0.018181818
0.062992126 0.000000000 0.044176705 0.187713310 0.217105269 0.137681156 0.105263159 0.146953404 0.179310352 0.170731708 0.153024912 0.173611104 0.146953404 0.131386861 0.036437247 0.066666670 0.055555556 0.131386861 0.077519380 0.143884897 0.108614229 0.098484851 0.059288539 0.143884897 0.067264572 0.153024912 0.105263159 0.156028375 0.091603056 0.118518516 0.229773462 0.319999993 0.095057033 0.081081077
0.018867925 0.044176705 0.000000000 0.144736841 0.174603179 0.094076656 0.061371841 0.103448279 0.136212617 0.127516776 0.109589040 0.130434781 0.103448279 0.087719299 0.007751938 0.022556391 0.011406844 0.087719299 0.033457249 0.100346021 0.064748198 0.054545455 0.015151516 0.100346021 0.111111112 0.109589040 0.061371841 0.112627983 0.047619049 0.074733093 0.187500000 0.279778391 0.051094890 0.037037037
0.126213595 0.187713310 0.144736841 0.000000000 0.030640669 0.051359516 0.084112152 0.041916169 0.008695652 0.017543860 0.035714287 0.014577259 0.041916169 0.057750762 0.152317882 0.122580647 0.133550495 0.057750762 0.111821085 0.045045044 0.080745339 0.090909094 0.129870132 0.045045044 0.251798570 0.035714287 0.084112152 0.032640949 0.097791798 0.070769228 0.043956045 0.140740737 0.094339624 0.108280256
0.156250000 0.217105269 0.174603179 0.030640669 0.000000000 0.081871346 0.114457831 0.072463766 0.039325844 0.048158642 0.066282421 0.045197740 0.072463766 0.088235296 0.182108626 0.152647972 0.163522020 0.088235296 0.141975313 0.075581394 0.111111112 0.121212125 0.159874603 0.075581394 0.280276805 0.066282421 0.114457831 0.063218392 0.128048778 0.101190478 0.013333334 0.110576920 0.124620058 0.138461545
0.075342469 0.137681156 0.094076656 0.051359516 0.081871346 0.000000000 0.032894738 0.009463723 0.042682927 0.033846155 0.015673982 0.036809817 0.009463723 0.006410256 0.101754382 0.071672358 0.082758620 0.006410256 0.060810812 0.006329114 0.029508196 0.039735101 0.079037800 0.006329114 0.203065127 0.015673982 0.032894738 0.018750001 0.046666667 0.019480519 0.095100865 0.190721646 0.043189369 0.057239056
0.042553190 0.105263159 0.061371841 0.084112152 0.114457831 0.032894738 0.000000000 0.042345278 0.075471699 0.066666670 0.048543688 0.069620252 0.042345278 0.026490066 0.069090910 0.038869258 0.050000001 0.026490066 0.027972028 0.039215688 0.003389830 0.006849315 0.046263345 0.039215688 0.171314746 0.048543688 0.000000000 0.051612902 0.013793103 0.013422819 0.127596438 0.222222224 0.010309278 0.024390243
0.084745765 0.146953404 0.103448279 0.041916169 0.072463766 0.009463723 0.042345278 0.000000000 0.033232629 0.024390243 0.006211180 0.027355623 0.000000000 0.015873017 0.111111112 0.081081077 0.092150174 0.015873017 0.070234112 0.003134796 0.038961038 0.049180329 0.088435374 0.003134796 0.212121218 0.006211180 0.042345278 0.009287925 0.056105610 0.028938906 0.085714288 0.181585684 0.052631579 0.066666670
0.117647059 0.179310352 0.136212617 0.008695652 0.039325844 0.042682927 0.075471699 0.033232629 0.000000000 0.008849557 0.027027028 0.005882353 0.033232629 0.049079753 0.143812716 0.114006512 0.125000000 0.049079753 0.103225805 0.036363635 0.072100312 0.082278483 0.121311478 0.036363635 0.243636370 0.027027028 0.075471699 0.023952097 0.089171976 0.062111802 0.052631579 0.149253726 0.085714288 0.099678457
0.108910888 0.170731708 0.127516776 0.017543860 0.048158642 0.033846155 0.066666670 0.024390243 0.008849557 0.000000000 0.018181818 0.002967359 0.024390243 0.040247679 0.135135129 0.105263159 0.116279073 0.040247679 0.094462544 0.027522936 0.063291140 0.073482431 0.112582780 0.027522936 0.235294119 0.018181818 0.066666670 0.015105740 0.080385849 0.053291537 0.061452515 0.157894731 0.076923080 0.090909094
0.090909094 0.153024912 0.109589040 0.035714287 0.066282421 0.015673982 0.048543688 0.006211180 0.027027028 0.018181818 0.000000000 0.021148037 0.006211180 0.022082020 0.117241383 0.087248325 0.098305084 0.022082020 0.076411963 0.009345794 0.045161292 0.055374593 0.094594598 0.009345794 0.218045115 0.000000000 0.048543688 0.003076923 0.062295083 0.035143770 0.079545453 0.175572515 0.058823530 0.072847679
0.111842103 0.173611104 0.130434781 0.014577259 0.045197740 0.036809817 0.069620252 0.027355623 0.005882353 0.002967359 0.021148037 0.000000000 0.027355623 0.043209877 0.138047144 0.108196720 0.119205296 0.043209877 0.097402595 0.030487806 0.066246055 0.076433122 0.115511551 0.030487806 0.238095239 0.021148037 0.069620252 0.018072288 0.083333336 0.056249999 0.058495823 0.155000001 0.079872206 0.093851134
0.084745765 0.146953404 0.103448279 0.041916169 0.072463766 0.009463723 0.042345278 0.000000000 0.033232629 0.024390243 0.006211180 0.027355623 0.000000000 0.015873017 0.111111112 0.081081077 0.092150174 0.015873017 0.070234112 0.003134796 0.038961038 0.049180329 0.088435374 0.003134796 0.212121218 0.006211180 0.042345278 0.009287925 0.056105610 0.028938906 0.085714288 0.181585684 0.052631579 0.066666670
0.068965517 0.131386861 0.087719299 0.057750762 0.088235296 0.006410256 0.026490066 0.015873017 0.049079753 0.040247679 0.022082020 0.043209877 0.015873017 0.000000000 0.095406361 0.065292098 0.076388888 0.000000000 0.054421768 0.012738854 0.023102310 0.033333335 0.072664358 0.012738854 0.196911201 0.022082020 0.026490066 0.025157232 0.040268455 0.013071896 0.101449274 0.196891189 0.036789298 0.050847456
0.026615970 0.036437247 0.007751938 0.152317882 0.182108626 0.101754382 0.069090910 0.111111112 0.143812716 0.135135129 0.117241383 0.138047144 0.111111112 0.095406361 0.000000000 0.030303031 0.019157087 0.095406361 0.041198503 0.108013935 0.072463766 0.062271062 0.022900764 0.108013935 0.103448279 0.117241383 0.069090910 0.120274916 0.055350553 0.082437277 0.194968551 0.286908090 0.058823530 0.044776119
0.003690037 0.066666670 0.022556391 0.122580647 0.152647972 0.071672358 0.038869258 0.081081077 0.114006512 0.105263159 0.087248325 0.108196720 0.081081077 0.065292098 0.030303031 0.000000000 0.011152416 0.065292098 0.010909091 0.077966101 0.042253520 0.032028470 0.007407407 0.077966101 0.133333340 0.087248325 0.038869258 0.090301007 0.025089607 0.052264810 0.165644169 0.258855581 0.028571429 0.014492754
0.007462686 0.055555556 0.011406844 0.133550495 0.163522020 0.082758620 0.050000001 0.092150174 0.125000000 0.116279073 0.098305084 0.119205296 0.092150174 0.076388888 0.019157087 0.011152416 0.000000000 0.076388888 0.022058824 0.089041099 0.053380784 0.043165468 0.003745318 0.089041099 0.122362867 0.098305084 0.050000001 0.101351351 0.036231883 0.063380279 0.176470593 0.269230783 0.039711192 0.025641026
0.068965517 0.131386861 0.087719299 0.057750762 0.088235296 0.006410256 0.026490066 0.015873017 0.049079753 0.040247679 0.022082020 0.043209877 0.015873017 0.000000000 0.095406361 0.065292098 0.076388888 0.000000000 0.054421768 0.012738854 0.023102310 0.033333335 0.072664358 0.012738854 0.196911201 0.022082020 0.026490066 0.025157232 0.040268455 0.013071896 0.101449274 0.196891189 0.036789298 0.050847456
0.014598540 0.077519380 0.033457249 0.111821085 0.141975313 0.060810812 0.027972028 0.070234112 0.103225805 0.094462544 0.076411963 0.097402595 0.070234112 0.054421768 0.041198503 0.010909091 0.022058824 0.054421768 0.000000000 0.067114092 0.031358887 0.021126760 0.018315019 0.067114092 0.144032925 0.076411963 0.027972028 0.079470202 0.014184397 0.041379310 0.155015200 0.248648643 0.017667845 0.003584229
0.081632651 0.143884897 0.100346021 0.045045044 0.075581394 0.006329114 0.039215688 0.003134796 0.036363635 0.027522936 0.009345794 0.030487806 0.003134796 0.012738854 0.108013935 0.077966101 0.089041099 0.012738854 0.067114092 0.000000000 0.035830621 0.046052631 0.085324235 0.000000000 0.209125474 0.009345794 0.039215688 0.012422360 0.052980132 0.025806451 0.088825218 0.184615389 0.049504951 0.063545153
0.045936394 0.108614229 0.064748198 0.080745339 0.111111112 0.029508196 0.003389830 0.038961038 0.072100312 0.063291140 0.045161292 0.066246055 0.038961038 0.023102310 0.072463766 0.042253520 0.053380784 0.023102310 0.031358887 0.035830621 0.000000000 0.010238908 0.049645390 0.035830621 0.174603179 0.045161292 0.003389830 0.048231512 0.017182130 0.010033445 0.124260359 0.218997359 0.013698630 0.027777778
0.035714287 0.098484851 0.054545455 0.090909094 0.121212125 0.039735101 0.006849315 0.049180329 0.082278483 0.073482431 0.055374593 0.076433122 0.049180329 0.033333335 0.062271062 0.032028470 0.043165468 0.033333335 0.021126760 0.046052631 0.010238908 0.000000000 0.039426524 0.046052631 0.164658636 0.055374593 0.006849315 0.058441557 0.006944444 0.020270269 0.134328365 0.228723407 0.003460208 0.017543860
0.003717472 0.059288539 0.015151516 0.129870132 0.159874603 0.079037800 0.046263345 0.088435374 0.121311478 0.112582780 0.094594598 0.115511551 0.088435374 0.072664358 0.022900764 0.007407407 0.003745318 0.072664358 0.018315019 0.085324235 0.049645390 0.039426524 0.000000000 0.085324235 0.126050428 0.094594598 0.046263345 0.097643100 0.032490976 0.059649121 0.172839507 0.265753418 0.035971224 0.021897810
0.081632651 0.143884897 0.100346021 0.045045044 0.075581394 0.006329114 0.039215688 0.003134796 0.036363635 0.027522936 0.009345794 0.030487806 0.003134796 0.012738854 0.108013935 0.077966101 0.089041099 0.012738854 0.067114092 0.000000000 0.035830621 0.046052631 0.085324235 0.000000000 0.209125474 0.009345794 0.039215688 0.012422360 0.052980132 0.025806451 0.088825218 0.184615389 0.049504951 0.063545153
0.129707113 0.067264572 0.111111112 0.251798570 0.280276805 0.203065127 0.171314746 0.212121218 0.243636370 0.235294119 0.218045115 0.238095239 0.212121218 0.196911201 0.103448279 0.133333340 0.122362867 0.196911201 0.144032925 0.209125474 0.174603179 0.164658636 0.126050428 0.209125474 0.000000000 0.218045115 0.171314746 0.220973790 0.157894731 0.184313729 0.292517006 0.379104465 0.161290318 0.147540987
0.090909094 0.153024912 0.109589040 0.035714287 0.066282421 0.015673982 0.048543688 0.006211180 0.027027028 0.018181818 0.000000000 0.021148037 0.006211180 0.022082020 0.117241383 0.087248325 0.098305084 0.022082020 0.076411963 0.009345794 0.045161292 0.055374593 0.094594598 0.009345794 0.218045115 0.000000000 0.048543688 0.003076923 0.062295083 0.035143770 0.079545453 0.175572515 0.058823530 0.072847679
0.042553190 0.105263159 0.061371841 0.084112152 0.114457831 0.032894738 0.000000000 0.042345278 0.075471699 0.066666670 0.048543688 0.069620252 0.042345278 0.026490066 0.069090910 0.038869258 0.050000001 0.026490066 0.027972028 0.039215688 0.003389830 0.006849315 0.046263345 0.039215688 0.171314746 0.048543688 0.000000000 0.051612902 0.013793103 0.013422819 0.127596438 0.222222224 0.010309278 0.024390243
0.093959734 0.156028375 0.112627983 0.032640949 0.063218392 0.018750001 0.051612902 0.009287925 0.023952097 0.015105740 0.003076923 0.018072288 0.009287925 0.025157232 0.120274916 0.090301007 0.101351351 0.025157232 0.079470202 0.012422360 0.048231512 0.058441557 0.097643100 0.012422360 0.220973790 0.003076923 0.051612902 0.000000000 0.065359481 0.038216561 0.076487251 0.172588825 0.061889250 0.075907588
0.028776979 0.091603056 0.047619049 0.097791798 0.128048778 0.046666667 0.013793103 0.056105610 0.089171976 0.080385849 0.062295083 0.083333336 0.056105610 0.040268455 0.055350553 0.025089607 0.036231883 0.040268455 0.014184397 0.052980132 0.017182130 0.006944444 0.032490976 0.052980132 0.157894731 0.062295083 0.013793103 0.065359481 0.000000000 0.027210884 0.141141146 0.235294119 0.003484321 0.010600707
0.055944055 0.118518516 0.074733093 0.070769228 0.101190478 0.019480519 0.013422819 0.028938906 0.062111802 0.053291537 0.035143770 0.056249999 0.028938906 0.013071896 0.082437277 0.052264810 0.063380279 0.013071896 0.041379310 0.025806451 0.010033445 0.020270269 0.059649121 0.025806451 0.184313729 0.035143770 0.013422819 0.038216561 0.027210884 0.000000000 0.114369504 0.209424078 0.023728814 0.037800688
0.169230774 0.229773462 0.187500000 0.043956045 0.013333334 0.095100865 0.127596438 0.085714288 0.052631579 0.061452515 0.079545453 0.058495823 0.085714288 0.101449274 0.194968551 0.165644169 0.176470593 0.101449274 0.155015200 0.088825218 0.124260359 0.134328365 0.172839507 0.088825218 0.292517006 0.079545453 0.127596438 0.076487251 0.141141146 0.114369504 0.000000000 0.097387172 0.137724549 0.151515156
0.262295067 0.319999993 0.279778391 0.140740737 0.110576920 0.190721646 0.222222224 0.181585684 0.149253726 0.157894731 0.175572515 0.155000001 0.181585684 0.196891189 0.286908090 0.258855581 0.269230783 0.196891189 0.248648643 0.184615389 0.218997359 0.228723407 0.265753418 0.184615389 0.379104465 0.175572515 0.222222224 0.172588825 0.235294119 0.209424078 0.097387172 0.000000000 0.231999993 0.245283023
0.032258064 0.095057033 0.051094890 0.094339624 0.124620058 0.043189369 0.010309278 0.052631579 0.085714288 0.076923080 0.058823530 0.079872206 0.052631579 0.036789298 0.058823530 0.028571429 0.039711192 0.036789298 0.017667845 0.049504951 0.013698630 0.003460208 0.035971224 0.049504951 0.161290318 0.058823530 0.010309278 0.061889250 0.003484321 0.023728814 0.137724549 0.231999993 0.000000000 0.014084507
0.018181818 0.081081077 0.037037037 0.108280256 0.138461545 0.057239056 0.024390243 0.066666670 0.099678457 0.090909094 0.072847679 0.093851134 0.066666670 0.050847456 0.044776119 0.014492754 0.025641026 0.050847456 0.003584229 0.063545153 0.027777778 0.017543860 0.021897810 0.063545153 0.147540987 0.072847679 0.024390243 0.075907588 0.010600707 0.037800688 0.151515156 0.245283023 0.014084507 0.000000000
