0.011307018 0.040897794 0.030499151 0.052905202 0.039146021 0.033424050 0.039254796 0.038108125 0.041413933 0.046734817 0.044862226 0.055013061 0.034882031 0.038114272 0.024151297 0.029729672 0.029326826 0.055264585 0.037700381 0.038512781 0.030266814 0.045282491 0.024070006 0.041862253 0.045263249 0.049510352 0.039605409 0.038619272 0.022447491 0.039013982 0.069301203 0.047844999 0.046560477 0.029639289
0.040897794 -0.000774171 0.023063717 0.026238682 0.026038466 0.019498009 0.013225841 0.018382274 0.018549684 0.018514058 0.020518776 0.020219831 0.018957153 0.019248407 0.038611315 0.024690717 0.023730580 0.034558538 0.015936293 0.020715663 0.027560815 0.012699203 0.029292613 0.014631638 0.015326228 0.017301520 0.015821148 0.015773136 0.025332492 0.014522630 0.046912000 0.028583430 0.024687542 0.034412712
0.030499151 0.023063717 0.004669949 0.036125340 0.020517953 0.016366787 0.015394526 0.020144029 0.019122386 0.029776532 0.026020963 0.036338240 0.019961908 0.019018091 0.024166992 0.018432572 0.016555507 0.038499247 0.017109796 0.019948686 0.012935100 0.021968465 0.016502598 0.017854318 0.027878860 0.030003343 0.019800454 0.015387400 0.014552416 0.018440047 0.051771507 0.030929197 0.023392223 0.016345305
0.052905202 0.026238682 0.036125340 0.000268122 0.029363213 0.027756726 0.027656762 0.020673323 0.028501596 0.009364072 0.017939379 0.011458829 0.024494562 0.029562024 0.050410669 0.048290990 0.033474363 0.023855887 0.029242868 0.020573800 0.040093496 0.024250420 0.043419544 0.029713193 0.019563537 0.015869604 0.028242968 0.031361967 0.038254648 0.023374442 0.033179220 0.014942927 0.026027780 0.042572618
0.039146021 0.026038466 0.020517953 0.029363213 -0.002309349 0.016160060 0.012019254 0.013914691 0.021986064 0.020558983 0.017736122 0.024684809 0.014563819 0.016444478 0.029135212 0.027721975 0.017336998 0.037821222 0.019501233 0.016835993 0.017803790 0.016296741 0.025424713 0.015642285 0.021758687 0.016094914 0.020027433 0.016500942 0.023201101 0.016333759 0.060621172 0.016986588 0.022953633 0.024682736
0.033424050 0.019498009 0.016366787 0.027756726 0.016160060 0.006086498 0.007333870 0.010605001 0.014479760 0.021422079 0.017158408 0.026205909 0.013604999 0.010166623 0.026579946 0.020910308 0.012751725 0.029370043 0.013359306 0.014219436 0.015638988 0.015071382 0.019933758 0.012417804 0.019649735 0.019829318 0.013278663 0.010168586 0.018267319 0.012001452 0.044958405 0.023314893 0.022069853 0.019344758
0.039254796 0.013225841 0.015394526 0.027656762 0.012019254 0.007333870 -0.004651850 0.004612132 0.011608062 0.017438477 0.002306545 0.020879269 0.009209367 0.005456643 0.028993223 0.023204075 0.011684263 0.023730423 0.007447626 0.014103046 0.014902241 0.004549998 0.024018859 0.001875714 0.011924892 0.005599664 0.007955186 0.005379529 0.019443713 0.006529927 0.044424720 0.014806384 0.017530255 0.018825278
0.038108125 0.018382274 0.020144029 0.020673323 0.013914691 0.010605001 0.004612132 0.002738471 0.014561188 0.014220769 0.010534374 0.020584838 0.009344649 0.011105141 0.029913548 0.027777931 0.016749270 0.025781129 0.013018334 0.011686519 0.020473858 0.013340052 0.024694154 0.009993190 0.015163621 0.011794465 0.012734376 0.013746181 0.020787569 0.009059362 0.042975958 0.017580375 0.014666328 0.023942763
0.041413933 0.018549684 0.019122386 0.028501596 0.021986064 0.014479760 0.011608062 0.014561188 0.004678264 0.021650441 0.019539660 0.024930773 0.017717972 0.015970841 0.035792075 0.025891358 0.019788064 0.034261484 0.017583046 0.016814178 0.024084810 0.013388903 0.026381943 0.010610530 0.021522641 0.018254820 0.017036151 0.015396796 0.022653259 0.012773694 0.051661938 0.029590052 0.016932111 0.029514754
0.046734817 0.018514058 0.029776532 0.009364072 0.020558983 0.021422079 0.017438477 0.014220769 0.021650441 0.000391576 0.010123517 0.006174816 0.017227277 0.020123120 0.042406291 0.039794251 0.026595030 0.018788483 0.021060709 0.012527654 0.032354895 0.016987873 0.036393791 0.020372720 0.012994507 0.008369903 0.021054987 0.022922883 0.032077521 0.016831782 0.033324204 0.009093362 0.018017542 0.035446331
0.044862226 0.020518776 0.026020963 0.017939379 0.017736122 0.017158408 0.002306545 0.010534374 0.019539660 0.010123517 0.000617144 0.013206637 0.012286263 0.013940042 0.036139525 0.034328997 0.019997962 0.018181162 0.016948443 0.014438929 0.024228871 0.011595627 0.032241456 0.013284175 0.012922964 0.007686764 0.018043073 0.016509235 0.029483700 0.014400353 0.038233232 0.010109243 0.016341196 0.030407699
0.055013061 0.020219831 0.036338240 0.011458829 0.024684809 0.026205909 0.020879269 0.020584838 0.024930773 0.006174816 0.013206637 0.003229956 0.019540759 0.024321517 0.050533399 0.044377401 0.031536058 0.024252076 0.024561923 0.017300103 0.034959771 0.016614178 0.041766040 0.020420944 0.018970801 0.009827929 0.024016988 0.025012851 0.035391640 0.020055488 0.040748887 0.011822475 0.023139214 0.041303195
0.034882031 0.018957153 0.019961908 0.024494562 0.014563819 0.013604999 0.009209367 0.009344649 0.017717972 0.017227277 0.012286263 0.019540759 0.001557849 0.012893684 0.029053142 0.025649216 0.016862858 0.025335725 0.014877308 0.014346754 0.020627288 0.014423147 0.022944713 0.012254206 0.016641360 0.015148362 0.016226687 0.013352973 0.023804082 0.012900285 0.044790424 0.018069800 0.015346212 0.023843275
0.038114272 0.019248407 0.019018091 0.029562024 0.016444478 0.010166623 0.005456643 0.011105141 0.015970841 0.020123120 0.013940042 0.024321517 0.012893684 0.006232139 0.028352395 0.025373407 0.014341375 0.027579913 0.013495914 0.014942005 0.016448077 0.015477031 0.022727046 0.012980798 0.018699814 0.017407348 0.015088275 0.011377780 0.020889446 0.012242887 0.050066672 0.023559373 0.022813192 0.020966854
0.024151297 0.038611315 0.024166992 0.050410669 0.029135212 0.026579946 0.028993223 0.029913548 0.035792075 0.042406291 0.036139525 0.050533399 0.029053142 0.028352395 0.007162435 0.027033515 0.021312099 0.048119314 0.031454165 0.031655308 0.023755012 0.039065741 0.019226294 0.033960715 0.039891288 0.043007828 0.034785077 0.029701822 0.017542817 0.033491962 0.062176839 0.035826951 0.038331032 0.018183650
0.029729672 0.024690717 0.018432572 0.048290990 0.027721975 0.020910308 0.023204075 0.027777931 0.025891358 0.039794251 0.034328997 0.044377401 0.025649216 0.025373407 0.027033515 0.005960885 0.018694729 0.046891004 0.025024613 0.028999902 0.016638368 0.028356664 0.016140979 0.024785122 0.033956327 0.036970340 0.025776835 0.023036433 0.010922241 0.026940918 0.059744563 0.041342478 0.032832984 0.018965337
0.029326826 0.023730580 0.016555507 0.033474363 0.017336998 0.012751725 0.011684263 0.016749270 0.019788064 0.026595030 0.019997962 0.031536058 0.016862858 0.014341375 0.021312099 0.018694729 0.003537762 0.032628670 0.012721354 0.018562818 0.011998957 0.016315296 0.014238246 0.013770184 0.023197230 0.023454731 0.014929567 0.014308681 0.014861357 0.016363870 0.045517463 0.025175434 0.027607720 0.014670649
0.055264585 0.034558538 0.038499247 0.023855887 0.037821222 0.029370043 0.023730423 0.025781129 0.034261484 0.018788483 0.018181162 0.024252076 0.025335725 0.027579913 0.048119314 0.046891004 0.032628670 0.016186487 0.028433423 0.027455237 0.041651204 0.027128993 0.040986281 0.030577209 0.024107404 0.020898568 0.031480879 0.031884532 0.039894246 0.028204009 0.035486456 0.022948593 0.033492915 0.042525131
0.037700381 0.015936293 0.017109796 0.029242868 0.019501233 0.013359306 0.007447626 0.013018334 0.017583046 0.021060709 0.016948443 0.024561923 0.014877308 0.013495914 0.031454165 0.025024613 0.012721354 0.028433423 0.002390631 0.017522901 0.017949942 0.013305293 0.022526439 0.012540983 0.018584084 0.017171538 0.014365310 0.012430532 0.019817883 0.014029318 0.044872884 0.022631016 0.025112268 0.020407133
0.038512781 0.020715663 0.019948686 0.020573800 0.016835993 0.014219436 0.014103046 0.011686519 0.016814178 0.012527654 0.014438929 0.017300103 0.014346754 0.014942005 0.031655308 0.028999902 0.018562818 0.027455237 0.017522901 0.000292305 0.021788929 0.015573217 0.027445100 0.016274415 0.018560322 0.016419301 0.017802930 0.013657785 0.024168268 0.011427895 0.043876082 0.016336329 0.019168574 0.027359899
0.030266814 0.027560815 0.012935100 0.040093496 0.017803790 0.015638988 0.014902241 0.020473858 0.024084810 0.032354895 0.024228871 0.034959771 0.020627288 0.016448077 0.023755012 0.016638368 0.011998957 0.041651204 0.017949942 0.021788929 0.005045951 0.020866564 0.013870946 0.015663279 0.031900071 0.028167829 0.020073576 0.017134698 0.010495874 0.021598501 0.060005628 0.026849562 0.029959865 0.015612462
0.045282491 0.012699203 0.021968465 0.024250420 0.016296741 0.015071382 0.004549998 0.013340052 0.013388903 0.016987873 0.011595627 0.016614178 0.014423147 0.015477031 0.039065741 0.028356664 0.016315296 0.027128993 0.013305293 0.015573217 0.020866564 -0.000787992 0.029345199 0.008208639 0.016129361 0.009695933 0.012510620 0.010780899 0.023744980 0.013574116 0.044707615 0.019764140 0.020672580 0.027744494
0.024070006 0.029292613 0.016502598 0.043419544 0.025424713 0.019933758 0.024018859 0.024694154 0.026381943 0.036393791 0.032241456 0.041766040 0.022944713 0.022727046 0.019226294 0.016140979 0.014238246 0.040986281 0.022526439 0.027445100 0.013870946 0.029345199 0.005820338 0.027335152 0.031823445 0.036624372 0.027189951 0.023441814 0.012141106 0.026442513 0.054046936 0.034953456 0.029818410 0.015917692
0.041862253 0.014631638 0.017854318 0.029713193 0.015642285 0.012417804 0.001875714 0.009993190 0.010610530 0.020372720 0.013284175 0.020420944 0.012254206 0.012980798 0.033960715 0.024785122 0.013770184 0.030577209 0.012540983 0.016274415 0.015663279 0.008208639 0.027335152 -0.001926252 0.017253315 0.014509904 0.009954120 0.008446067 0.020535789 0.009150187 0.052215982 0.023765849 0.018468695 0.022742039
0.045263249 0.015326228 0.027878860 0.019563537 0.021758687 0.019649735 0.011924892 0.015163621 0.021522641 0.012994507 0.012922964 0.018970801 0.016641360 0.018699814 0.039891288 0.033956327 0.023197230 0.024107404 0.018584084 0.018560322 0.031900071 0.016129361 0.031823445 0.017253315 -0.016545117 0.013890258 0.018697238 0.018875148 0.028454373 0.016579509 0.033064794 0.021624479 0.022238718 0.032281339
0.049510352 0.017301520 0.030003343 0.015869604 0.016094914 0.019829318 0.005599664 0.011794465 0.018254820 0.008369903 0.007686764 0.009827929 0.015148362 0.017407348 0.043007828 0.036970340 0.023454731 0.020898568 0.017171538 0.016419301 0.028167829 0.009695933 0.036624372 0.014509904 0.013890258 -0.000394563 0.017983345 0.018137783 0.031923085 0.014562039 0.043655369 0.011006788 0.016937140 0.034452945
0.039605409 0.015821148 0.019800454 0.028242968 0.020027433 0.013278663 0.007955186 0.012734376 0.017036151 0.021054987 0.018043073 0.024016988 0.016226687 0.015088275 0.034785077 0.025776835 0.014929567 0.031480879 0.014365310 0.017802930 0.020073576 0.012510620 0.027189951 0.009954120 0.018697238 0.017983345 0.009038396 0.008657712 0.023072969 0.011693099 0.047193665 0.027692821 0.023460150 0.026717488
0.038619272 0.015773136 0.015387400 0.031361967 0.016500942 0.010168586 0.005379529 0.013746181 0.015396796 0.022922883 0.016509235 0.025012851 0.013352973 0.011377780 0.029701822 0.023036433 0.014308681 0.031884532 0.012430532 0.013657785 0.017134698 0.010780899 0.023441814 0.008446067 0.018875148 0.018137783 0.008657712 0.005850691 0.015692838 0.010718671 0.051457476 0.022167247 0.023046471 0.020338684
0.022447491 0.025332492 0.014552416 0.038254648 0.023201101 0.018267319 0.019443713 0.020787569 0.022653259 0.032077521 0.029483700 0.035391640 0.023804082 0.020889446 0.017542817 0.010922241 0.014861357 0.039894246 0.019817883 0.024168268 0.010495874 0.023744980 0.012141106 0.020535789 0.028454373 0.031923085 0.023072969 0.015692838 0.008042824 0.020694453 0.047328830 0.033304289 0.027671091 0.011934035
0.039013982 0.014522630 0.018440047 0.023374442 0.016333759 0.012001452 0.006529927 0.009059362 0.012773694 0.016831782 0.014400353 0.020055488 0.012900285 0.012242887 0.033491962 0.026940918 0.016363870 0.028204009 0.014029318 0.011427895 0.021598501 0.013574116 0.026442513 0.009150187 0.016579509 0.014562039 0.011693099 0.010718671 0.020694453 0.003435140 0.045225073 0.019039601 0.016368192 0.024300581
0.069301203 0.046912000 0.051771507 0.033179220 0.060621172 0.044958405 0.044424720 0.042975958 0.051661938 0.033324204 0.038233232 0.040748887 0.044790424 0.050066672 0.062176839 0.059744563 0.045517463 0.035486456 0.044872884 0.043876082 0.060005628 0.044707615 0.054046936 0.052215982 0.033064794 0.043655369 0.047193665 0.051457476 0.047328830 0.045225073 -0.012915745 0.039506145 0.053917907 0.055668116
0.047844999 0.028583430 0.030929197 0.014942927 0.016986588 0.023314893 0.014806384 0.017580375 0.029590052 0.009093362 0.010109243 0.011822475 0.018069800 0.023559373 0.035826951 0.041342478 0.025175434 0.022948593 0.022631016 0.016336329 0.026849562 0.019764140 0.034953456 0.023765849 0.021624479 0.011006788 0.027692821 0.022167247 0.033304289 0.019039601 0.039506145 0.003049645 0.022758015 0.036506504
0.046560477 0.024687542 0.023392223 0.026027780 0.022953633 0.022069853 0.017530255 0.014666328 0.016932111 0.018017542 0.016341196 0.023139214 0.015346212 0.022813192 0.038331032 0.032832984 0.027607720 0.033492915 0.025112268 0.019168574 0.029959865 0.020672580 0.029818410 0.018468695 0.022238718 0.016937140 0.023460150 0.023046471 0.027671091 0.016368192 0.053917907 0.022758015 -0.005176064 0.032599859
0.029639289 0.034412712 0.016345305 0.042572618 0.024682736 0.019344758 0.018825278 0.023942763 0.029514754 0.035446331 0.030407699 0.041303195 0.023843275 0.020966854 0.018183650 0.018965337 0.014670649 0.042525131 0.020407133 0.027359899 0.015612462 0.027744494 0.015917692 0.022742039 0.032281339 0.034452945 0.026717488 0.020338684 0.011934035 0.024300581 0.055668116 0.036506504 0.032599859 0.009187229
