0.013142120 0.044946752 0.028244112 0.062084503 0.040585805 0.035890575 0.043651156 0.048868239 0.043284569 0.053572606 0.047120482 0.060321189 0.040190745 0.046122327 0.024009235 0.028926369 0.035093389 0.058668554 0.040543161 0.052314457 0.028917694 0.042359781 0.024688309 0.040166385 0.051929828 0.045583189 0.038924724 0.032047294 0.025159556 0.042552631 0.072484188 0.058392357 0.057905130 0.025086593
0.044946752 0.005528416 0.024644751 0.035492297 0.015016529 0.015686607 0.015049918 0.023397494 0.019039115 0.027004953 0.021081829 0.024602778 0.017093763 0.022053413 0.033898853 0.026991796 0.022056391 0.033956707 0.022184765 0.035732474 0.029314145 0.018832333 0.031748846 0.018301670 0.023432475 0.023812030 0.019428799 0.019762561 0.022840712 0.023829276 0.046881303 0.029867429 0.028542196 0.026467485
0.028244112 0.024644751 -0.002556626 0.036089692 0.015239477 0.011453712 0.012513721 0.020618986 0.016484408 0.029375961 0.021519363 0.035996296 0.017445751 0.017457590 0.014194442 0.011210047 0.014035345 0.030563226 0.015540636 0.022239026 0.004228396 0.016757073 0.010678380 0.012644173 0.027302040 0.024102498 0.014995920 0.006901112 0.010794069 0.017183229 0.043336831 0.026936922 0.021855956 0.006839313
0.062084503 0.035492297 0.036089692 0.015098881 0.016555063 0.026926743 0.028961983 0.032752130 0.032804288 0.021237060 0.019062335 0.018681016 0.022635706 0.032674581 0.052624308 0.048812538 0.034712307 0.025131121 0.031533632 0.027450737 0.037821472 0.024142906 0.049312625 0.024826150 0.032517053 0.015484226 0.029085752 0.029188110 0.036849529 0.032057963 0.041209448 0.017044328 0.043178555 0.036889825
0.040585805 0.015016529 0.015239477 0.016555063 -0.001797557 0.013262138 0.012024931 0.007350354 0.014243690 0.012365198 0.014552514 0.010301895 0.011712678 0.013991080 0.032324120 0.025192678 0.016496245 0.013638062 0.016049542 0.012884313 0.019519074 0.015922043 0.026717704 0.015233952 0.010328701 0.015892031 0.010805105 0.013102230 0.023114748 0.011424297 0.037270978 0.019272393 0.015307156 0.025097348
0.035890575 0.015686607 0.011453712 0.026926743 0.013262138 0.004378044 0.006383943 0.012198180 0.008001252 0.021265948 0.015740497 0.022802105 0.012710457 0.009942957 0.025000628 0.016981306 0.012461023 0.024219628 0.012288701 0.019501802 0.011764992 0.012730897 0.021713592 0.009070462 0.019781206 0.017192908 0.009235084 0.004834323 0.017926306 0.012070257 0.039109465 0.026859317 0.022635292 0.017189870
0.043651156 0.015049918 0.012513721 0.028961983 0.012024931 0.006383943 -0.004639625 0.010235145 0.008795292 0.021229107 0.002574659 0.020635361 0.011630996 0.005659747 0.031389527 0.022387166 0.013708335 0.019164929 0.005757312 0.016138356 0.015371697 0.005193818 0.025881682 0.000163260 0.016206061 0.006726752 0.004353342 0.007270663 0.016863981 0.010669918 0.038113046 0.014146242 0.022091098 0.017738663
0.048868239 0.023397494 0.020618986 0.032752130 0.007350354 0.012198180 0.010235145 0.007767268 0.018424835 0.022699669 0.014346754 0.027778873 0.010857484 0.015119612 0.033025481 0.030529171 0.019334171 0.022779334 0.018084826 0.026600804 0.023077751 0.015695222 0.031131703 0.011263098 0.019971628 0.013013606 0.014418294 0.011240885 0.023947645 0.014651015 0.044610716 0.020549480 0.023279225 0.022566309
0.043284569 0.019039115 0.016484408 0.032804288 0.014243690 0.008001252 0.008795292 0.018424835 -0.000666566 0.023891520 0.016763978 0.024940656 0.012966359 0.015859975 0.030637816 0.023508390 0.015196237 0.031180967 0.018012464 0.022340631 0.016861130 0.012511161 0.025416451 0.007212901 0.026546255 0.017082976 0.015340935 0.010524098 0.016977884 0.017327491 0.050010607 0.024057951 0.018313887 0.013493501
0.053572606 0.027004953 0.029375961 0.021237060 0.012365198 0.021265948 0.021229107 0.022699669 0.023891520 0.009828776 0.012777729 0.013484711 0.019059632 0.022771431 0.045745466 0.041671954 0.029323079 0.018734921 0.024671072 0.022307020 0.032737955 0.018909587 0.041486070 0.019423736 0.026129525 0.009455761 0.022003435 0.021155674 0.031888425 0.023713484 0.037184279 0.011611306 0.030254398 0.032030594
0.047120482 0.021081829 0.021519363 0.019062335 0.014552514 0.015740497 0.002574659 0.014346754 0.016763978 0.012777729 0.000514906 0.012375686 0.011784659 0.013817750 0.038143378 0.032201003 0.021189250 0.011500737 0.013928789 0.017499115 0.023501897 0.011588631 0.032278337 0.012309156 0.017292205 0.008041954 0.014419069 0.015366929 0.026933730 0.016810063 0.032434348 0.009551169 0.019124985 0.027353248
0.060321189 0.024602778 0.035996296 0.018681016 0.010301895 0.022802105 0.020635361 0.027778873 0.024940656 0.013484711 0.012375686 0.008098613 0.016807172 0.025775421 0.049188405 0.044659775 0.030616648 0.022007452 0.027136613 0.024227707 0.035401832 0.016894983 0.044597521 0.018382588 0.026643226 0.009576437 0.024600012 0.025551718 0.032962002 0.026340524 0.045551069 0.012650927 0.029556355 0.037151657
0.040190745 0.017093763 0.017445751 0.022635706 0.011712678 0.012710457 0.011630996 0.010857484 0.012966359 0.019059632 0.011784659 0.016807172 0.001708541 0.010361677 0.033799201 0.028680775 0.020707060 0.016640969 0.013556462 0.016763004 0.022114106 0.016372567 0.028053444 0.012786802 0.017797437 0.017078783 0.010560654 0.013442841 0.018912222 0.014582728 0.035592921 0.014104064 0.017254408 0.020570984
0.046122327 0.022053413 0.017457590 0.032674581 0.013991080 0.009942957 0.005659747 0.015119612 0.015859975 0.022771431 0.013817750 0.025775421 0.010361677 0.006223642 0.032908265 0.025118422 0.015840553 0.020183560 0.012679053 0.019289302 0.017397681 0.014936693 0.026714690 0.009878512 0.019933432 0.015924284 0.011851156 0.011689557 0.021129530 0.016186869 0.047104686 0.020715915 0.027956391 0.022317301
0.024009235 0.033898853 0.014194442 0.052624308 0.032324120 0.025000628 0.031389527 0.033025481 0.030637816 0.045745466 0.038143378 0.049188405 0.033799201 0.032908265 0.007033814 0.019523989 0.023558002 0.044210196 0.025375124 0.041155655 0.024168337 0.030437125 0.022524627 0.029069692 0.041269794 0.033434689 0.026444977 0.021004518 0.019619158 0.028338503 0.051909514 0.051290307 0.048776593 0.021789551
0.028926369 0.026991796 0.011210047 0.048812538 0.025192678 0.016981306 0.022387166 0.030529171 0.023508390 0.041671954 0.032201003 0.044659775 0.028680775 0.025118422 0.019523989 0.002471340 0.017369539 0.040133253 0.022588518 0.031911567 0.011160393 0.025064493 0.013235621 0.021305133 0.035391819 0.033733513 0.022178255 0.018035145 0.007464675 0.026588386 0.050368354 0.038114183 0.036526822 0.011240726
0.035093389 0.022056391 0.014035345 0.034712307 0.016496245 0.012461023 0.013708335 0.019334171 0.015196237 0.029323079 0.021189250 0.030616648 0.020707060 0.015840553 0.023558002 0.017369539 0.002116452 0.027570914 0.012330216 0.024245501 0.013842488 0.017132608 0.018097788 0.013559885 0.025101393 0.024591692 0.012428890 0.013251823 0.014493008 0.018648636 0.039620869 0.029123979 0.030834693 0.014613837
0.058668554 0.033956707 0.030563226 0.025131121 0.013638062 0.024219628 0.019164929 0.022779334 0.031180967 0.018734921 0.011500737 0.022007452 0.016640969 0.020183560 0.044210196 0.040133253 0.027570914 0.006020065 0.022519402 0.031170718 0.031626720 0.016803805 0.038685419 0.019346811 0.020179203 0.008282523 0.022657018 0.019722383 0.034073897 0.025097132 0.033687815 0.012020916 0.036761984 0.031946089
0.040543161 0.022184765 0.015540636 0.031533632 0.016049542 0.012288701 0.005757312 0.018084826 0.018012464 0.024671072 0.013928789 0.027136613 0.013556462 0.012679053 0.025375124 0.022588518 0.012330216 0.022519402 0.008774072 0.021711085 0.014279200 0.013362939 0.020398170 0.010836976 0.020956825 0.018443041 0.014812900 0.011722841 0.019035004 0.018646035 0.042190220 0.020148948 0.024594175 0.016207095
0.052314457 0.035732474 0.022239026 0.027450737 0.012884313 0.019501802 0.016138356 0.026600804 0.022340631 0.022307020 0.017499115 0.024227707 0.016763004 0.019289302 0.041155655 0.031911567 0.024245501 0.031170718 0.021711085 0.011648072 0.022734156 0.019288523 0.038577169 0.017388079 0.031399980 0.018660923 0.021257684 0.018063009 0.027470935 0.026309408 0.052370951 0.019001843 0.036734976 0.031671125
0.028917694 0.029314145 0.004228396 0.037821472 0.019519074 0.011764992 0.015371697 0.023077751 0.016861130 0.032737955 0.023501897 0.035401832 0.022114106 0.017397681 0.024168337 0.011160393 0.013842488 0.031626720 0.014279200 0.022734156 0.000971120 0.017472910 0.014706466 0.013048857 0.036563899 0.024962205 0.013685606 0.010725738 0.009964298 0.021158444 0.042206921 0.028299741 0.034093920 0.012160596
0.042359781 0.018832333 0.016757073 0.024142906 0.015922043 0.012730897 0.005193818 0.015695222 0.012511161 0.018909587 0.011588631 0.016894983 0.016372567 0.014936693 0.030437125 0.025064493 0.017132608 0.016803805 0.013362939 0.019288523 0.017472910 -0.000934964 0.025102459 0.009969705 0.019433269 0.014685949 0.011787613 0.010794695 0.021945281 0.016366441 0.034181990 0.018516157 0.018232701 0.021948986
0.024688309 0.031748846 0.010678380 0.049312625 0.026717704 0.021713592 0.025881682 0.031131703 0.025416451 0.041486070 0.032278337 0.044597521 0.028053444 0.026714690 0.022524627 0.013235621 0.018097788 0.038685419 0.020398170 0.038577169 0.014706466 0.025102459 0.005698024 0.024198664 0.035931058 0.031361729 0.022180799 0.019961691 0.013070816 0.026763018 0.047189914 0.046843030 0.038921203 0.016494993
0.040166385 0.018301670 0.012644173 0.024826150 0.015233952 0.009070462 0.000163260 0.011263098 0.007212901 0.019423736 0.012309156 0.018382588 0.012786802 0.009878512 0.029069692 0.021305133 0.013559885 0.019346811 0.010836976 0.017388079 0.013048857 0.009969705 0.024198664 -0.002032446 0.020792576 0.016645577 0.006161358 0.008185201 0.017534563 0.011175496 0.036407556 0.018193351 0.017567813 0.018640010
0.051929828 0.023432475 0.027302040 0.032517053 0.010328701 0.019781206 0.016206061 0.019971628 0.026546255 0.026129525 0.017292205 0.026643226 0.017797437 0.019933432 0.041269794 0.035391819 0.025101393 0.020179203 0.020956825 0.031399980 0.036563899 0.019433269 0.035931058 0.020792576 -0.013631296 0.016239561 0.021076322 0.019419799 0.028391203 0.022695724 0.030908132 0.024014359 0.028458517 0.029027101
0.045583189 0.023812030 0.024102498 0.015484226 0.015892031 0.017192908 0.006726752 0.013013606 0.017082976 0.009455761 0.008041954 0.009576437 0.017078783 0.015924284 0.033434689 0.033733513 0.024591692 0.008282523 0.018443041 0.018660923 0.024962205 0.014685949 0.031361729 0.016645577 0.016239561 -0.000153910 0.015876649 0.017687062 0.028933614 0.017198384 0.030111548 0.008994382 0.014027439 0.027056530
0.038924724 0.019428799 0.014995920 0.029085752 0.010805105 0.009235084 0.004353342 0.014418294 0.015340935 0.022003435 0.014419069 0.024600012 0.010560654 0.011851156 0.026444977 0.022178255 0.012428890 0.022657018 0.014812900 0.021257684 0.013685606 0.011787613 0.022180799 0.006161358 0.021076322 0.015876649 0.005664647 0.005833589 0.019408079 0.014367615 0.038700834 0.021774299 0.020154940 0.017297246
0.032047294 0.019762561 0.006901112 0.029188110 0.013102230 0.004834323 0.007270663 0.011240885 0.010524098 0.021155674 0.015366929 0.025551718 0.013442841 0.011689557 0.021004518 0.018035145 0.013251823 0.019722383 0.011722841 0.018063009 0.010725738 0.010794695 0.019961691 0.008185201 0.019419799 0.017687062 0.005833589 -0.002997164 0.013760011 0.008655416 0.030590078 0.021643713 0.021449052 0.009310838
0.025159556 0.022840712 0.010794069 0.036849529 0.023114748 0.017926306 0.016863981 0.023947645 0.016977884 0.031888425 0.026933730 0.032962002 0.018912222 0.021129530 0.019619158 0.007464675 0.014493008 0.034073897 0.019035004 0.027470935 0.009964298 0.021945281 0.013070816 0.017534563 0.028391203 0.028933614 0.019408079 0.013760011 0.009103090 0.021623068 0.042736713 0.037755147 0.026273360 0.014121036
0.042552631 0.023829276 0.017183229 0.032057963 0.011424297 0.012070257 0.010669918 0.014651015 0.017327491 0.023713484 0.016810063 0.026340524 0.014582728 0.016186869 0.028338503 0.026588386 0.018648636 0.025097132 0.018646035 0.026309408 0.021158444 0.016366441 0.026763018 0.011175496 0.022695724 0.017198384 0.014367615 0.008655416 0.021623068 0.009131223 0.044903040 0.022151237 0.021963701 0.017777724
0.072484188 0.046881303 0.043336831 0.041209448 0.037270978 0.039109465 0.038113046 0.044610716 0.050010607 0.037184279 0.032434348 0.045551069 0.035592921 0.047104686 0.051909514 0.050368354 0.039620869 0.033687815 0.042190220 0.052370951 0.042206921 0.034181990 0.047189914 0.036407556 0.030908132 0.030111548 0.038700834 0.030590078 0.042736713 0.044903040 -0.013588839 0.036769599 0.061154760 0.040333267
0.058392357 0.029867429 0.026936922 0.017044328 0.019272393 0.026859317 0.014146242 0.020549480 0.024057951 0.011611306 0.009551169 0.012650927 0.014104064 0.020715915 0.051290307 0.038114183 0.029123979 0.012020916 0.020148948 0.019001843 0.028299741 0.018516157 0.046843030 0.018193351 0.024014359 0.008994382 0.021774299 0.021643713 0.037755147 0.022151237 0.036769599 0.003151721 0.028386293 0.044491071
0.057905130 0.028542196 0.021855956 0.043178555 0.015307156 0.022635292 0.022091098 0.023279225 0.018313887 0.030254398 0.019124985 0.029556355 0.017254408 0.027956391 0.048776593 0.036526822 0.030834693 0.036761984 0.024594175 0.036734976 0.034093920 0.018232701 0.038921203 0.017567813 0.028458517 0.014027439 0.020154940 0.021449052 0.026273360 0.021963701 0.061154760 0.028386293 0.012101699 0.029589588
0.025086593 0.026467485 0.006839313 0.036889825 0.025097348 0.017189870 0.017738663 0.022566309 0.013493501 0.032030594 0.027353248 0.037151657 0.020570984 0.022317301 0.021789551 0.011240726 0.014613837 0.031946089 0.016207095 0.031671125 0.012160596 0.021948986 0.016494993 0.018640010 0.029027101 0.027056530 0.017297246 0.009310838 0.014121036 0.017777724 0.040333267 0.044491071 0.029589588 0.009061459
