0.019293563 0.043052711 0.029896172 0.070573278 0.044716854 0.038582545 0.038694084 0.047149338 0.044280626 0.053025149 0.046703335 0.063753158 0.036545321 0.044895861 0.024676844 0.030537456 0.033046097 0.058792382 0.040898770 0.048943710 0.025465313 0.043491192 0.025281101 0.037863851 0.048816681 0.044075474 0.039813761 0.032188635 0.023798134 0.041681513 0.070350356 0.052072410 0.056706332 0.027230488
0.043052711 0.008393954 0.024542946 0.035821021 0.023203069 0.017471593 0.018341316 0.019166352 0.021185741 0.024596654 0.020478236 0.024858080 0.017500274 0.020001009 0.028026652 0.027456302 0.020339716 0.022703920 0.017461263 0.029144751 0.026138585 0.017913956 0.028226307 0.018650379 0.015698049 0.022665102 0.019292332 0.018388040 0.022410933 0.020721551 0.043021165 0.025265791 0.023864485 0.025672810
0.029896172 0.024542946 0.000531938 0.045934923 0.018677890 0.015137326 0.013347380 0.020927370 0.018656857 0.031689174 0.024398992 0.041393459 0.018181715 0.019416442 0.017136663 0.013689755 0.014349355 0.031698056 0.016453184 0.024684157 0.005784236 0.019459911 0.012636928 0.014405417 0.026181001 0.025191911 0.017402049 0.009460215 0.011957789 0.017840862 0.044103146 0.028936977 0.024364276 0.010667760
0.070573278 0.035821021 0.045934923 0.024130177 0.029480675 0.032885142 0.028899994 0.035931699 0.041136116 0.024220139 0.020336706 0.023536002 0.023699371 0.035789661 0.059144869 0.053637851 0.035361342 0.029862534 0.031233894 0.021527003 0.039715983 0.024036519 0.053553984 0.024829406 0.032088906 0.016191829 0.032474913 0.032172680 0.040279813 0.036576409 0.046930339 0.017620627 0.052736603 0.044929072
0.044716854 0.023203069 0.018677890 0.029480675 -0.002546321 0.018349007 0.011219903 0.015447066 0.017862730 0.021415532 0.016678022 0.019837530 0.011555751 0.014312064 0.036557425 0.026957437 0.016951023 0.034770161 0.018966489 0.014630607 0.020850960 0.014717412 0.029730197 0.011820864 0.020553427 0.015345331 0.015691632 0.017164074 0.023034541 0.016897377 0.053851213 0.017557682 0.026659418 0.030187786
0.038582545 0.017471593 0.015137326 0.032885142 0.018349007 0.008632004 0.007617874 0.013222294 0.010888238 0.022157587 0.016828055 0.025989706 0.012403433 0.012694376 0.028144803 0.020343764 0.012489226 0.025521200 0.013373854 0.017369494 0.011859551 0.013203214 0.022297394 0.009659655 0.018621933 0.016760224 0.012221719 0.006527092 0.019283066 0.012960801 0.042526368 0.027308648 0.024194285 0.020650659
0.038694084 0.018341316 0.013347380 0.028899994 0.011219903 0.007617874 -0.004346614 0.006577013 0.012055081 0.019250657 0.002155862 0.021832488 0.009633806 0.004690898 0.025032548 0.021001358 0.011782329 0.019264694 0.008178336 0.016372833 0.014090499 0.005904543 0.020993570 0.001654834 0.011967010 0.006360356 0.007166313 0.006031875 0.017604398 0.008239996 0.037661005 0.013111847 0.018336352 0.017363908
0.047149338 0.019166352 0.020927370 0.035931699 0.015447066 0.013222294 0.006577013 0.005851353 0.016244158 0.020651015 0.012756074 0.028225359 0.009665119 0.014644627 0.032324292 0.028509976 0.016429020 0.023301190 0.015703738 0.020651927 0.019112907 0.014169390 0.028872343 0.009198607 0.015749272 0.010626305 0.013586291 0.010247248 0.021717155 0.012035310 0.043151140 0.018552404 0.021523483 0.023421893
0.044280626 0.021185741 0.018656857 0.041136116 0.017862730 0.010888238 0.012055081 0.016244158 0.003453128 0.025191911 0.017541723 0.030859761 0.014248146 0.016021740 0.031436346 0.026485210 0.014820320 0.024631631 0.016216200 0.020583920 0.016580818 0.013272358 0.025729714 0.009443979 0.022465095 0.017501697 0.016776595 0.011826204 0.017911334 0.016708605 0.047792524 0.023052603 0.018859373 0.016001858
0.053025149 0.024596654 0.031689174 0.024220139 0.021415532 0.022157587 0.019250657 0.020651015 0.025191911 0.007421506 0.011536751 0.016001165 0.017352760 0.022755189 0.044189334 0.042048834 0.026791858 0.016253345 0.022673037 0.016463125 0.029040877 0.018069549 0.039816443 0.018933102 0.020673659 0.008261478 0.022700412 0.020097941 0.032529481 0.022304110 0.034858685 0.010100737 0.027904822 0.033782136
0.046703335 0.020478236 0.024398992 0.020336706 0.016678022 0.016828055 0.002155862 0.012756074 0.017541723 0.011536751 0.000468936 0.012405080 0.011362105 0.014182944 0.038679060 0.034238238 0.019992772 0.014113028 0.016551550 0.015885046 0.023443963 0.011362783 0.032797869 0.012961183 0.013705431 0.006910726 0.015819397 0.015453154 0.027555797 0.015665108 0.033908784 0.009495329 0.019460289 0.029430958
0.063753158 0.024858080 0.041393459 0.023536002 0.019837530 0.025989706 0.021832488 0.028225359 0.030859761 0.016001165 0.012405080 0.015534852 0.016046826 0.024917949 0.052812222 0.048433498 0.029828658 0.023789294 0.024374709 0.020668637 0.037174545 0.016386781 0.046338968 0.017631875 0.023652783 0.009349119 0.024538314 0.028044058 0.033245079 0.027282465 0.046629198 0.010964506 0.033810183 0.041068785
0.036545321 0.017500274 0.018181715 0.023699371 0.011555751 0.012403433 0.009633806 0.009665119 0.014248146 0.017352760 0.011362105 0.016046826 0.001444397 0.011119509 0.030113742 0.027097261 0.017709335 0.020485399 0.016140150 0.015026120 0.021063300 0.014407688 0.025490819 0.011545070 0.015139279 0.014846853 0.012969913 0.012746850 0.020212710 0.013474625 0.038701188 0.015026374 0.017620035 0.022754163
0.044895861 0.020001009 0.019416442 0.035789661 0.014312064 0.012694376 0.004690898 0.014644627 0.016021740 0.022755189 0.014182944 0.024917949 0.011119509 0.007598338 0.033110630 0.026288981 0.014367380 0.027342826 0.014505984 0.018063005 0.017812230 0.014580114 0.025908817 0.009532745 0.018280650 0.015249042 0.013252002 0.012239859 0.020236630 0.015094737 0.049399283 0.022104386 0.029694587 0.023949739
0.024676844 0.028026652 0.017136663 0.059144869 0.036557425 0.028144803 0.025032548 0.032324292 0.031436346 0.044189334 0.038679060 0.052812222 0.030113742 0.033110630 0.004716794 0.018609103 0.022289306 0.048854224 0.029619936 0.038224664 0.018916246 0.034168869 0.020603448 0.027918799 0.039431203 0.033968322 0.029254504 0.021021353 0.020612005 0.027982321 0.053163856 0.048398264 0.044971079 0.023781482
0.030537456 0.027456302 0.013689755 0.053637851 0.026957437 0.020343764 0.021001358 0.028509976 0.026485210 0.042048834 0.034238238 0.048433498 0.027097261 0.026288981 0.018609103 0.003380583 0.017066218 0.043041103 0.025221014 0.033509988 0.009854970 0.027857326 0.011977114 0.022684362 0.033263449 0.034797002 0.025007874 0.019136768 0.009454712 0.025614876 0.050874215 0.039301541 0.035157107 0.013906734
0.033046097 0.020339716 0.014349355 0.035361342 0.016951023 0.012489226 0.011782329 0.016429020 0.014820320 0.026791858 0.019992772 0.029828658 0.017709335 0.014367380 0.022289306 0.017066218 -0.001175768 0.027783900 0.011563117 0.020205647 0.011787074 0.015622845 0.016568769 0.012231481 0.020819854 0.021901768 0.012345637 0.012011272 0.013180766 0.016192183 0.039386258 0.025906401 0.029435733 0.015017976
0.058792382 0.022703920 0.031698056 0.029862534 0.034770161 0.025521200 0.019264694 0.023301190 0.024631631 0.016253345 0.014113028 0.023789294 0.020485399 0.027342826 0.048854224 0.043041103 0.027783900 0.007319354 0.023271505 0.028186684 0.030614484 0.020122759 0.041994460 0.023203962 0.017844429 0.011034500 0.024304427 0.020409666 0.036273345 0.023614643 0.029144980 0.020309135 0.034956269 0.036481567
0.040898770 0.017461263 0.016453184 0.031233894 0.018966489 0.013373854 0.008178336 0.015703738 0.016216200 0.022673037 0.016551550 0.024374709 0.016140150 0.014505984 0.029619936 0.025221014 0.011563117 0.023271505 0.000979204 0.019242611 0.017551331 0.013614468 0.022597346 0.012173943 0.018658955 0.017476857 0.014025290 0.012125301 0.018295962 0.016823951 0.041012861 0.022185627 0.027309168 0.018934850
0.048943710 0.029144751 0.024684157 0.021527003 0.014630607 0.017369494 0.016372833 0.020651927 0.020583920 0.016463125 0.015885046 0.020668637 0.015026120 0.018063005 0.038224664 0.033509988 0.020205647 0.028186684 0.019242611 -0.005373992 0.019599805 0.015789118 0.035262603 0.016396835 0.023799684 0.016806085 0.020288981 0.014368673 0.026406467 0.021048529 0.045490164 0.011979446 0.031680107 0.030017179
0.025465313 0.026138585 0.005784236 0.039715983 0.020850960 0.011859551 0.014090499 0.019112907 0.016580818 0.029040877 0.023443963 0.037174545 0.021063300 0.017812230 0.018916246 0.009854970 0.011787074 0.030614484 0.017551331 0.019599805 -0.001547786 0.019356763 0.011406627 0.015349289 0.030852605 0.025515147 0.015523279 0.008656358 0.011818748 0.016958542 0.038893458 0.028888762 0.026749887 0.012551103
0.043491192 0.017913956 0.019459911 0.024036519 0.014717412 0.013203214 0.005904543 0.014169390 0.013272358 0.018069549 0.011362783 0.016386781 0.014407688 0.014580114 0.034168869 0.027857326 0.015622845 0.020122759 0.013614468 0.015789118 0.019356763 -0.000845960 0.027318420 0.009461096 0.017019941 0.012437019 0.011831800 0.011539430 0.021420516 0.015803663 0.036503423 0.016603459 0.021307757 0.024285886
0.025281101 0.028226307 0.012636928 0.053553984 0.029730197 0.022297394 0.020993570 0.028872343 0.025729714 0.039816443 0.032797869 0.046338968 0.025490819 0.025908817 0.020603448 0.011977114 0.016568769 0.041994460 0.022597346 0.035262603 0.011406627 0.027318420 0.004291176 0.023415264 0.032970089 0.031270027 0.023552164 0.019941753 0.012630407 0.025219375 0.047377247 0.042791151 0.036904275 0.017798573
0.037863851 0.018650379 0.014405417 0.024829406 0.011820864 0.009659655 0.001654834 0.009198607 0.009443979 0.018933102 0.012961183 0.017631875 0.011545070 0.009532745 0.027918799 0.022684362 0.012231481 0.023203962 0.012173943 0.016396835 0.015349289 0.009461096 0.023415264 -0.001857655 0.017378211 0.015907800 0.007951887 0.008121503 0.018286876 0.009913083 0.039659675 0.018100685 0.017054375 0.019736459
0.048816681 0.015698049 0.026181001 0.032088906 0.020553427 0.018621933 0.011967010 0.015749272 0.022465095 0.020673659 0.013705431 0.023652783 0.015139279 0.018280650 0.039431203 0.033263449 0.020819854 0.017844429 0.018658955 0.023799684 0.030852605 0.017019941 0.032970089 0.017378211 -0.015699616 0.011936871 0.018685676 0.016818814 0.025720846 0.018190790 0.028928755 0.019720869 0.025449175 0.028538641
0.044075474 0.022665102 0.025191911 0.016191829 0.015345331 0.016760224 0.006360356 0.010626305 0.017501697 0.008261478 0.006910726 0.009349119 0.014846853 0.015249042 0.033968322 0.034797002 0.021901768 0.011034500 0.017476857 0.016806085 0.025515147 0.012437019 0.031270027 0.015907800 0.011936871 -0.000393944 0.016178695 0.016864005 0.028497286 0.015034154 0.031731311 0.008784352 0.015133251 0.028329246
0.039813761 0.019292332 0.017402049 0.032474913 0.015691632 0.012221719 0.007166313 0.013586291 0.016776595 0.022700412 0.015819397 0.024538314 0.012969913 0.013252002 0.029254504 0.025007874 0.012345637 0.024304427 0.014025290 0.020288981 0.015523279 0.011831800 0.023552164 0.007951887 0.018685676 0.016178695 0.007872641 0.007187981 0.019313853 0.013513326 0.041105859 0.022144234 0.022654876 0.020199902
0.032188635 0.018388040 0.009460215 0.032172680 0.017164074 0.006527092 0.006031875 0.010247248 0.011826204 0.020097941 0.015453154 0.028044058 0.012746850 0.012239859 0.021021353 0.019136768 0.012011272 0.020409666 0.012125301 0.014368673 0.008656358 0.011539430 0.019941753 0.008121503 0.016818814 0.016864005 0.007187981 -0.002740227 0.014854348 0.008192800 0.032184880 0.020616459 0.021008395 0.011772523
0.023798134 0.022410933 0.011957789 0.040279813 0.023034541 0.019283066 0.017604398 0.021717155 0.017911334 0.032529481 0.027555797 0.033245079 0.020212710 0.020236630 0.020612005 0.009454712 0.013180766 0.036273345 0.018295962 0.026406467 0.011818748 0.021420516 0.012630407 0.018286876 0.025720846 0.028497286 0.019313853 0.014854348 0.006740578 0.020000378 0.042422064 0.035594530 0.028600320 0.014465751
0.041681513 0.020721551 0.017840862 0.036576409 0.016897377 0.012960801 0.008239996 0.012035310 0.016708605 0.022304110 0.015665108 0.027282465 0.013474625 0.015094737 0.027982321 0.025614876 0.016192183 0.023614643 0.016823951 0.021048529 0.016958542 0.015803663 0.025219375 0.009913083 0.018190790 0.015034154 0.013513326 0.008192800 0.020000378 0.006941989 0.041485611 0.019227263 0.020676121 0.018470915
0.070350356 0.043021165 0.044103146 0.046930339 0.053851213 0.042526368 0.037661005 0.043151140 0.047792524 0.034858685 0.033908784 0.046629198 0.038701188 0.049399283 0.053163856 0.050874215 0.039386258 0.029144980 0.041012861 0.045490164 0.038893458 0.036503423 0.047377247 0.039659675 0.028928755 0.031731311 0.041105859 0.032184880 0.042422064 0.041485611 -0.017833734 0.035321042 0.056651637 0.043238930
0.052072410 0.025265791 0.028936977 0.017620627 0.017557682 0.027308648 0.013111847 0.018552404 0.023052603 0.010100737 0.009495329 0.010964506 0.015026374 0.022104386 0.048398264 0.039301541 0.025906401 0.020309135 0.022185627 0.011979446 0.028888762 0.016603459 0.042791151 0.018100685 0.019720869 0.008784352 0.022144234 0.020616459 0.035594530 0.019227263 0.035321042 0.003073291 0.029354487 0.043910995
0.056706332 0.023864485 0.024364276 0.052736603 0.026659418 0.024194285 0.018336352 0.021523483 0.018859373 0.027904822 0.019460289 0.033810183 0.017620035 0.029694587 0.044971079 0.035157107 0.029435733 0.034956269 0.027309168 0.031680107 0.026749887 0.021307757 0.036904275 0.017054375 0.025449175 0.015133251 0.022654876 0.021008395 0.028600320 0.020676121 0.056651637 0.029354487 0.008131791 0.032113075
0.027230488 0.025672810 0.010667760 0.044929072 0.030187786 0.020650659 0.017363908 0.023421893 0.016001858 0.033782136 0.029430958 0.041068785 0.022754163 0.023949739 0.023781482 0.013906734 0.015017976 0.036481567 0.018934850 0.030017179 0.012551103 0.024285886 0.017798573 0.019736459 0.028538641 0.028329246 0.020199902 0.011772523 0.014465751 0.018470915 0.043238930 0.043910995 0.032113075 0.012425039
