0.015593784 0.036841728 0.027971253 0.066967346 0.042492017 0.035116769 0.039906569 0.047078431 0.041231126 0.055295676 0.046814278 0.062546462 0.042365219 0.044363994 0.025900787 0.030840471 0.034318417 0.055530071 0.039915159 0.051192921 0.025534095 0.041623674 0.025660288 0.037641283 0.050633229 0.044050701 0.038811594 0.030806495 0.024602080 0.041583277 0.069528431 0.054643381 0.059041142 0.027309662
0.036841728 0.015756268 0.025052117 0.036065768 0.019423760 0.015745359 0.017876538 0.017959401 0.022975363 0.027214855 0.022054041 0.025976878 0.016348392 0.019841010 0.024883389 0.023759726 0.024730109 0.026928060 0.025154226 0.036279291 0.024293356 0.020501737 0.027887430 0.020411247 0.018016327 0.028123798 0.022362541 0.018718097 0.025602646 0.022782981 0.043635134 0.027313754 0.021976311 0.026657313
0.027971253 0.025052117 -0.001867350 0.041678190 0.016450930 0.012300501 0.012139573 0.019689314 0.017939650 0.032248944 0.022422129 0.039958321 0.018222060 0.016562128 0.014789388 0.013352138 0.014527972 0.028376730 0.016788535 0.025520006 0.003448664 0.017292764 0.010991308 0.012564013 0.025966316 0.024476595 0.015906937 0.007258303 0.011477000 0.017223325 0.042269483 0.025576992 0.022985533 0.009078886
0.066967346 0.036065768 0.041678190 0.024229705 0.020684272 0.027851228 0.028931234 0.034119148 0.039890416 0.026609249 0.020820344 0.023677487 0.024710100 0.031448200 0.059110224 0.056485750 0.037385013 0.026259258 0.033134554 0.025329459 0.036337208 0.024262954 0.054738354 0.024780158 0.035880726 0.017244961 0.032751694 0.030898342 0.039056741 0.036599144 0.043739982 0.016268715 0.051080436 0.043240033
0.042492017 0.019423760 0.016450930 0.020684272 -0.001473478 0.015646458 0.011721005 0.010738432 0.015858147 0.015004285 0.015023373 0.012638278 0.011209853 0.014704681 0.034497116 0.025993239 0.016686777 0.017751422 0.017794114 0.015318885 0.019662429 0.015335660 0.027956653 0.013896855 0.012373699 0.015297662 0.012389377 0.013865115 0.024547173 0.012815160 0.041338589 0.019530293 0.018506369 0.029205151
0.035116769 0.015745359 0.012300501 0.027851228 0.015646458 0.004912820 0.006464013 0.011560858 0.007270492 0.021118021 0.016132277 0.022073638 0.012765131 0.010099171 0.026758585 0.017464364 0.013269623 0.022960797 0.013454664 0.018043479 0.008813003 0.012340853 0.022841595 0.009172982 0.018907789 0.017826714 0.010385428 0.003933314 0.018964771 0.012123089 0.038387328 0.025907019 0.022268631 0.019911079
0.039906569 0.017876538 0.012139573 0.028931234 0.011721005 0.006464013 -0.004290025 0.009004412 0.011185950 0.020477379 0.002273136 0.021425169 0.010704197 0.004828154 0.026273180 0.021738142 0.012895360 0.016092166 0.007809657 0.016936438 0.013730690 0.005807668 0.022499522 0.001261124 0.014045657 0.007041915 0.005258108 0.005930422 0.017478041 0.009063437 0.035125598 0.013210276 0.018622415 0.017213333
0.047078431 0.017959401 0.019689314 0.034119148 0.010738432 0.011560858 0.009004412 0.004951042 0.016316369 0.024686068 0.014557891 0.027809635 0.013293197 0.014294435 0.034071818 0.033623375 0.018954420 0.020076696 0.017767364 0.025115423 0.020839598 0.015284529 0.031401794 0.008248707 0.016654493 0.013065990 0.014317198 0.009764734 0.023464650 0.012672180 0.040369429 0.019850018 0.023528524 0.023987444
0.041231126 0.022975363 0.017939650 0.039890416 0.015858147 0.007270492 0.011185950 0.016316369 0.003880292 0.027951166 0.018137921 0.030268304 0.014237444 0.013986534 0.032363907 0.026656099 0.017303390 0.026920127 0.019226611 0.024921767 0.015807759 0.013624601 0.026714556 0.009631974 0.025645385 0.019280728 0.017529879 0.012010377 0.017971672 0.018354453 0.047260944 0.021686271 0.019322252 0.015288750
0.055295676 0.027214855 0.032248944 0.026609249 0.015004285 0.021118021 0.020477379 0.024686068 0.027951166 0.013314094 0.013195052 0.018852415 0.019264778 0.021697246 0.047079585 0.046780817 0.030195674 0.017954588 0.025266055 0.020057617 0.029433284 0.018600911 0.043973416 0.017841153 0.027287425 0.010017221 0.024540868 0.021544036 0.032939985 0.025511332 0.037621826 0.010166233 0.032456264 0.035943117
0.046814278 0.022054041 0.022422129 0.020820344 0.015023373 0.016132277 0.002273136 0.014557891 0.018137921 0.013195052 0.000470851 0.012909763 0.011413727 0.013313614 0.036555812 0.032305367 0.020707848 0.010524818 0.015408991 0.018152555 0.022037549 0.011413701 0.031970367 0.012599740 0.016126245 0.007819090 0.014837770 0.015134324 0.027576679 0.016301546 0.031971067 0.008895932 0.018911446 0.028703254
0.062546462 0.025976878 0.039958321 0.023677487 0.012638278 0.022073638 0.021425169 0.027809635 0.030268304 0.018852415 0.012909763 0.014563496 0.016739979 0.023830432 0.054754809 0.049848236 0.032518506 0.022987001 0.027208919 0.022734936 0.034289993 0.015938660 0.048851971 0.017925935 0.027512899 0.010589436 0.025858851 0.027003519 0.033649150 0.029021665 0.046451893 0.010919553 0.033264887 0.041684471
0.042365219 0.016348392 0.018222060 0.024710100 0.011209853 0.012765131 0.010704197 0.013293197 0.014237444 0.019264778 0.011413727 0.016739979 0.002031408 0.010989117 0.033516046 0.030119181 0.018557087 0.018675912 0.013598690 0.015870975 0.022518743 0.014750329 0.029072121 0.011211666 0.018411733 0.015281240 0.010718798 0.013577469 0.019447753 0.015325209 0.036715042 0.014528869 0.020007122 0.023242058
0.044363994 0.019841010 0.016562128 0.031448200 0.014704681 0.010099171 0.004828154 0.014294435 0.013986534 0.021697246 0.013313614 0.023830432 0.010989117 0.006204698 0.032245103 0.025276858 0.014493485 0.019000478 0.013134016 0.018234758 0.016092302 0.014030628 0.025611755 0.009370639 0.017860532 0.015202598 0.010975930 0.009809555 0.020639125 0.013733467 0.043633170 0.020862741 0.026522812 0.023261100
0.025900787 0.024883389 0.014789388 0.059110224 0.034497116 0.026758585 0.026273180 0.034071818 0.032363907 0.047079585 0.036555812 0.054754809 0.033516046 0.032245103 0.004863550 0.024373733 0.022033773 0.042807214 0.027872007 0.044748317 0.019049102 0.031256516 0.019437850 0.025632609 0.040279813 0.031114303 0.028633006 0.019240508 0.021879286 0.027694594 0.053449683 0.049861118 0.047210589 0.024192888
0.030840471 0.023759726 0.013352138 0.056485750 0.025993239 0.017464364 0.021738142 0.033623375 0.026656099 0.046780817 0.032305367 0.049848236 0.030119181 0.025276858 0.024373733 0.006896615 0.018882036 0.040866017 0.024102496 0.036253788 0.011493635 0.026183706 0.016624609 0.020910397 0.036825910 0.033459432 0.024199294 0.019908449 0.008751068 0.027982805 0.051540207 0.037961796 0.040747393 0.014228763
0.034318417 0.024730109 0.014527972 0.037385013 0.016686777 0.013269623 0.012895360 0.018954420 0.017303390 0.030195674 0.020707848 0.032518506 0.018557087 0.014493485 0.022033773 0.018882036 0.002583873 0.025782155 0.013694163 0.025428940 0.012437645 0.016796902 0.016949920 0.012810432 0.023146281 0.023907814 0.012901207 0.013018553 0.014887118 0.018175464 0.039247762 0.026340701 0.030454542 0.015772549
0.055530071 0.026928060 0.028376730 0.026259258 0.017751422 0.022960797 0.016092166 0.020076696 0.026920127 0.017954588 0.010524818 0.022987001 0.018675912 0.019000478 0.042807214 0.040866017 0.025782155 0.001443040 0.022340931 0.030527383 0.026296820 0.015808210 0.036486521 0.018154483 0.016684268 0.006971551 0.021246981 0.017159581 0.033097062 0.021661770 0.027987724 0.009875005 0.033893026 0.032332942
0.039915159 0.025154226 0.016788535 0.033134554 0.017794114 0.013454664 0.007809657 0.017767364 0.019226611 0.025266055 0.015408991 0.027208919 0.013598690 0.013134016 0.027872007 0.024102496 0.013694163 0.022340931 0.008475212 0.023175266 0.015525211 0.013726671 0.022005986 0.011875709 0.019919731 0.019105520 0.015634988 0.012733316 0.019640490 0.018858850 0.041609854 0.020476662 0.026601709 0.019031797
0.051192921 0.036279291 0.025520006 0.025329459 0.015318885 0.018043479 0.016936438 0.025115423 0.024921767 0.020057617 0.018152555 0.022734936 0.015870975 0.018234758 0.044748317 0.036253788 0.025428940 0.030527383 0.023175266 0.003240359 0.018973313 0.017997146 0.041895036 0.017875902 0.031977814 0.020157341 0.023586480 0.017118100 0.029308822 0.027816508 0.049531605 0.016410075 0.036762916 0.036387999
0.025534095 0.024293356 0.003448664 0.036337208 0.019662429 0.008813003 0.013730690 0.020839598 0.015807759 0.029433284 0.022037549 0.034289993 0.022518743 0.016092302 0.019049102 0.011493635 0.012437645 0.026296820 0.015525211 0.018973313 -0.002837977 0.017041983 0.011640231 0.013399532 0.033578232 0.024558848 0.014214514 0.006749198 0.010903327 0.017564740 0.035194032 0.027161436 0.026381189 0.011482924
0.041623674 0.020501737 0.017292764 0.024262954 0.015335660 0.012340853 0.005807668 0.015284529 0.013624601 0.018600911 0.011413701 0.015938660 0.014750329 0.014030628 0.031256516 0.026183706 0.016796902 0.015808210 0.013726671 0.017997146 0.017041983 -0.000959215 0.025779558 0.009976270 0.018572433 0.014533404 0.011298545 0.010711215 0.021520954 0.015990648 0.032818984 0.016504791 0.018528398 0.022839595
0.025660288 0.027887430 0.010991308 0.054738354 0.027956653 0.022841595 0.022499522 0.031401794 0.026714556 0.043973416 0.031970367 0.048851971 0.029072121 0.025611755 0.019437850 0.016624609 0.016949920 0.036486521 0.022005986 0.041895036 0.011640231 0.025779558 0.003825879 0.022227542 0.034509510 0.029844582 0.022907421 0.019201815 0.013939529 0.025767751 0.046499755 0.044936530 0.038455267 0.017989725
0.037641283 0.020411247 0.012564013 0.024780158 0.013896855 0.009172982 0.001261124 0.008248707 0.009631974 0.017841153 0.012599740 0.017925935 0.011211666 0.009370639 0.025632609 0.020910397 0.012810432 0.018154483 0.011875709 0.017875902 0.013399532 0.009976270 0.022227542 -0.001979594 0.019075911 0.016793109 0.006325030 0.007689458 0.018192861 0.010091499 0.034281731 0.017779717 0.015732888 0.018659629
0.050633229 0.018016327 0.025966316 0.035880726 0.012373699 0.018907789 0.014045657 0.016654493 0.025645385 0.027287425 0.016126245 0.027512899 0.018411733 0.017860532 0.040279813 0.036825910 0.023146281 0.016684268 0.019919731 0.031977814 0.033578232 0.018572433 0.034509510 0.019075911 -0.014788881 0.014338089 0.019734025 0.018446617 0.026980456 0.020297561 0.027990237 0.020584216 0.028629070 0.029086448
0.044050701 0.028123798 0.024476595 0.017244961 0.015297662 0.017826714 0.007041915 0.013065990 0.019280728 0.010017221 0.007819090 0.010589436 0.015281240 0.015202598 0.031114303 0.033459432 0.023907814 0.006971551 0.019105520 0.020157341 0.024558848 0.014533404 0.029844582 0.016793109 0.014338089 -0.000243215 0.015924070 0.017787945 0.029212911 0.016327117 0.029530652 0.008012020 0.013386471 0.027526885
0.038811594 0.022362541 0.015906937 0.032751694 0.012389377 0.010385428 0.005258108 0.014317198 0.017529879 0.024540868 0.014837770 0.025858851 0.010718798 0.010975930 0.028633006 0.024199294 0.012901207 0.021246981 0.015634988 0.023586480 0.014214514 0.011298545 0.022907421 0.006325030 0.019734025 0.015924070 0.006018993 0.007167703 0.019413007 0.014449047 0.039261017 0.019781375 0.022662470 0.019686520
0.030806495 0.018718097 0.007258303 0.030898342 0.013865115 0.003933314 0.005930422 0.009764734 0.012010377 0.021544036 0.015134324 0.027003519 0.013577469 0.009809555 0.019240508 0.019908449 0.013018553 0.017159581 0.012733316 0.017118100 0.006749198 0.010711215 0.019201815 0.007689458 0.018446617 0.017787945 0.007167703 -0.004117187 0.014400992 0.008355242 0.028366294 0.019198989 0.020008110 0.010352192
0.024602080 0.025602646 0.011477000 0.039056741 0.024547173 0.018964771 0.017478041 0.023464650 0.017971672 0.032939985 0.027576679 0.033649150 0.019447753 0.020639125 0.021879286 0.008751068 0.014887118 0.033097062 0.019640490 0.029308822 0.010903327 0.021520954 0.013939529 0.018192861 0.026980456 0.029212911 0.019413007 0.014400992 0.008968644 0.021426465 0.041456275 0.036425661 0.028341670 0.016599080
0.041583277 0.022782981 0.017223325 0.036599144 0.012815160 0.012123089 0.009063437 0.012672180 0.018354453 0.025511332 0.016301546 0.029021665 0.015325209 0.013733467 0.027694594 0.027982805 0.018175464 0.021661770 0.018858850 0.027816508 0.017564740 0.015990648 0.025767751 0.010091499 0.020297561 0.016327117 0.014449047 0.008355242 0.021426465 0.008232152 0.042506143 0.018888261 0.022408415 0.018964970
0.069528431 0.043635134 0.042269483 0.043739982 0.041338589 0.038387328 0.035125598 0.040369429 0.047260944 0.037621826 0.031971067 0.046451893 0.036715042 0.043633170 0.053449683 0.051540207 0.039247762 0.027987724 0.041609854 0.049531605 0.035194032 0.032818984 0.046499755 0.034281731 0.027990237 0.029530652 0.039261017 0.028366294 0.041456275 0.042506143 -0.017642956 0.030991122 0.059360832 0.042293273
0.054643381 0.027313754 0.025576992 0.016268715 0.019530293 0.025907019 0.013210276 0.019850018 0.021686271 0.010166233 0.008895932 0.010919553 0.014528869 0.020862741 0.049861118 0.037961796 0.026340701 0.009875005 0.020476662 0.016410075 0.027161436 0.016504791 0.044936530 0.017779717 0.020584216 0.008012020 0.019781375 0.019198989 0.036425661 0.018888261 0.030991122 0.002682575 0.027101280 0.044772286
0.059041142 0.021976311 0.022985533 0.051080436 0.018506369 0.022268631 0.018622415 0.023528524 0.019322252 0.032456264 0.018911446 0.033264887 0.020007122 0.026522812 0.047210589 0.040747393 0.030454542 0.033893026 0.026601709 0.036762916 0.026381189 0.018528398 0.038455267 0.015732888 0.028629070 0.013386471 0.022662470 0.020008110 0.028341670 0.022408415 0.059360832 0.027101280 0.010938291 0.032466646
0.027309662 0.026657313 0.009078886 0.043240033 0.029205151 0.019911079 0.017213333 0.023987444 0.015288750 0.035943117 0.028703254 0.041684471 0.023242058 0.023261100 0.024192888 0.014228763 0.015772549 0.032332942 0.019031797 0.036387999 0.011482924 0.022839595 0.017989725 0.018659629 0.029086448 0.027526885 0.019686520 0.010352192 0.016599080 0.018964970 0.042293273 0.044772286 0.032466646 0.013992772
