0.012050230 0.043581206 0.026375802 0.064431772 0.041964509 0.035071693 0.036342155 0.042534735 0.041307829 0.053449243 0.043119624 0.064021513 0.036335628 0.042276859 0.021381618 0.031248452 0.032894865 0.051287398 0.039748404 0.055823673 0.020550445 0.040220454 0.022709871 0.038978547 0.046594277 0.043403171 0.036999874 0.030328114 0.028011058 0.037722271 0.064739481 0.034751043 0.046032541 0.025392359
0.043581206 0.010689523 0.026360728 0.035480015 0.024744159 0.019902769 0.020564018 0.019818749 0.025048573 0.028431719 0.025238302 0.025037352 0.019878911 0.023636933 0.029940201 0.029097693 0.029714897 0.028086344 0.028546009 0.038152542 0.026357252 0.018806988 0.030955022 0.019175982 0.022497209 0.025430549 0.023168983 0.019863036 0.030501336 0.026528141 0.047538139 0.021144843 0.029793721 0.027975146
0.026375802 0.026360728 -0.000653211 0.043280065 0.018730085 0.013931187 0.012734633 0.019292213 0.018831378 0.033525743 0.023347694 0.042566977 0.018201191 0.018367890 0.015942544 0.016309407 0.016436009 0.029399965 0.018247103 0.030495303 0.003530371 0.017643705 0.012261216 0.015255055 0.027004804 0.025662966 0.016901864 0.008871285 0.014274147 0.017542606 0.042768434 0.017475789 0.020619050 0.010102008
0.064431772 0.035480015 0.043280065 0.014282676 0.026263310 0.030893633 0.028647520 0.030973729 0.039436109 0.023220344 0.020723242 0.017433595 0.024810947 0.034296535 0.058238849 0.057913695 0.040281877 0.024042176 0.036341358 0.016961152 0.035532482 0.022845775 0.052534610 0.024012789 0.033387639 0.016158823 0.030306574 0.028861079 0.039645165 0.036243018 0.042207293 0.003604940 0.043747623 0.043674480
0.041964509 0.024744159 0.018730085 0.026263310 0.000025867 0.018834297 0.012641002 0.014203263 0.020321559 0.020179087 0.016843688 0.017299764 0.013570511 0.016624110 0.036812320 0.030719224 0.017217893 0.024462944 0.019561291 0.016833248 0.021190742 0.015350971 0.029023271 0.013547452 0.016389918 0.016449466 0.015203194 0.017524078 0.024687037 0.014784099 0.049354978 0.020422386 0.019924210 0.034633584
0.035071693 0.019902769 0.013931187 0.030893633 0.018834297 0.008521793 0.008095071 0.011978796 0.012336688 0.023771688 0.017831784 0.026645191 0.013458494 0.012402087 0.025556903 0.020851277 0.015647881 0.024315581 0.016414378 0.023718050 0.009705240 0.013337785 0.022306774 0.010476451 0.020109214 0.018517286 0.012977636 0.006618352 0.022718616 0.013164067 0.041014235 0.019100584 0.022180129 0.021350995
0.036342155 0.020564018 0.012734633 0.028647520 0.012641002 0.008095071 -0.004310454 0.007402703 0.013966460 0.019636098 0.002165964 0.021811135 0.010123630 0.004888243 0.024521591 0.022234675 0.012037609 0.017515663 0.008174114 0.015620492 0.012744605 0.005100408 0.020947650 0.001142123 0.012837939 0.007011902 0.007345331 0.005954400 0.017733129 0.007827151 0.037506714 0.012462785 0.016705213 0.018849529
0.042534735 0.019818749 0.019292213 0.030973729 0.014203263 0.011978796 0.007402703 0.002917975 0.014998594 0.021769505 0.013125167 0.026671590 0.011135340 0.015309623 0.032192465 0.033571612 0.020557720 0.019585297 0.019089241 0.023049604 0.017018659 0.013530985 0.029621527 0.008625483 0.015509732 0.012399186 0.013889868 0.009031324 0.027116667 0.011458213 0.040239789 0.013128657 0.016389323 0.024201468
0.041307829 0.025048573 0.018831378 0.039436109 0.020321559 0.012336688 0.013966460 0.014998594 0.007753618 0.029033642 0.020609442 0.032205906 0.016491175 0.017457902 0.029261686 0.027759312 0.022565104 0.025616251 0.023755308 0.032627143 0.016242754 0.014617930 0.025977213 0.011721789 0.025276069 0.019901726 0.019277845 0.012656648 0.025289182 0.019434858 0.047403321 0.014683776 0.018953310 0.015178630
0.053449243 0.028431719 0.033525743 0.023220344 0.020179087 0.023771688 0.019636098 0.021769505 0.029033642 0.012373773 0.012639984 0.017526522 0.018616980 0.022681426 0.047139857 0.047977582 0.031916454 0.016497090 0.026610667 0.018198177 0.028199708 0.016406283 0.042436697 0.017975438 0.025686795 0.009246379 0.023388471 0.021023199 0.033522587 0.025280897 0.037582517 -0.000678518 0.027057450 0.036495052
0.043119624 0.025238302 0.023347694 0.020723242 0.016843688 0.017831784 0.002165964 0.013125167 0.020609442 0.012639984 0.000402400 0.013622846 0.011665659 0.013791408 0.035155274 0.033417460 0.020492047 0.012036007 0.015989127 0.017624851 0.020234659 0.010899844 0.030340230 0.012129657 0.014321540 0.008012475 0.016752386 0.015483027 0.028732659 0.015331756 0.033674464 0.006880750 0.016090021 0.030111421
0.064021513 0.025037352 0.042566977 0.017433595 0.017299764 0.026645191 0.021811135 0.026671590 0.032205906 0.017526522 0.013622846 0.010214640 0.017223686 0.024790650 0.055626042 0.051440507 0.034525074 0.023414847 0.029351419 0.014156700 0.033788502 0.014652543 0.048365451 0.016086921 0.027562104 0.009480467 0.024253795 0.025963198 0.033100590 0.030180868 0.048324868 0.004102401 0.031951964 0.043382928
0.036335628 0.019878911 0.018201191 0.024810947 0.013570511 0.013458494 0.010123630 0.011135340 0.016491175 0.018616980 0.011665659 0.017223686 0.001548308 0.011935132 0.031141888 0.027580217 0.016250055 0.019280901 0.013064881 0.015518368 0.020059526 0.013727649 0.026054641 0.010679494 0.016579414 0.015735731 0.013483191 0.013198672 0.021050114 0.013748314 0.039390057 0.015665967 0.016217079 0.024882160
0.042276859 0.023636933 0.018367890 0.034296535 0.016624110 0.012402087 0.004888243 0.015309623 0.017457902 0.022681426 0.013791408 0.024790650 0.011935132 0.008430528 0.032492470 0.028340790 0.014511103 0.022603590 0.014547907 0.020202674 0.015551522 0.013725467 0.025465248 0.009372617 0.018411689 0.016021308 0.013283836 0.012081306 0.020907599 0.014116472 0.048386071 0.021137096 0.024459690 0.027375080
0.021381618 0.029940201 0.015942544 0.058238849 0.036812320 0.025556903 0.024521591 0.032192465 0.029261686 0.047139857 0.035155274 0.055626042 0.031141888 0.032492470 0.006918895 0.024496775 0.023437517 0.042125627 0.028674304 0.048882719 0.016306093 0.031224335 0.021528343 0.030956624 0.038529411 0.034376975 0.027501455 0.020322546 0.022942487 0.026098024 0.051124699 0.038326956 0.034350537 0.024383457
0.031248452 0.029097693 0.016309407 0.057913695 0.030719224 0.020851277 0.022234675 0.033571612 0.027759312 0.047977582 0.033417460 0.051440507 0.027580217 0.028340790 0.024496775 0.008523136 0.021904372 0.044148453 0.027687667 0.039471313 0.011350349 0.026509212 0.017337464 0.024578856 0.037686244 0.036386866 0.025392758 0.021338357 0.012769020 0.029377500 0.055142947 0.033037540 0.035623282 0.015954264
0.032894865 0.029714897 0.016436009 0.040281877 0.017217893 0.015647881 0.012037609 0.020557720 0.022565104 0.031916454 0.020492047 0.034525074 0.016250055 0.014511103 0.023437517 0.021904372 0.004117359 0.028506057 0.015134241 0.026535269 0.011480962 0.015647754 0.016133804 0.011290748 0.023409417 0.023209430 0.014092066 0.015895758 0.015490036 0.018989751 0.044288963 0.019919146 0.029684123 0.018309373
0.051287398 0.028086344 0.029399965 0.024042176 0.024462944 0.024315581 0.017515663 0.019585297 0.025616251 0.016497090 0.012036007 0.023414847 0.019280901 0.022603590 0.042125627 0.044148453 0.028506057 0.003269363 0.024589036 0.032041203 0.024190046 0.017205447 0.037601352 0.022503134 0.016818695 0.010600267 0.023517659 0.017998461 0.037161991 0.021675695 0.026103934 0.004097490 0.026752725 0.033167824
0.039748404 0.028546009 0.018247103 0.036341358 0.019561291 0.016414378 0.008174114 0.019089241 0.023755308 0.026610667 0.015989127 0.029351419 0.013064881 0.014547907 0.028674304 0.027687667 0.015134241 0.024589036 0.014060120 0.025355540 0.015880257 0.013465899 0.021331664 0.010968486 0.020830587 0.018787093 0.016842471 0.015375461 0.021094080 0.019985050 0.045480967 0.018637873 0.027949683 0.021462258
0.055823673 0.038152542 0.030495303 0.016961152 0.016833248 0.023718050 0.015620492 0.023049604 0.032627143 0.018198177 0.017624851 0.014156700 0.015518368 0.020202674 0.048882719 0.039471313 0.026535269 0.032041203 0.025355540 -0.007866916 0.019393692 0.015728503 0.041109093 0.013914103 0.030524617 0.017268371 0.021438323 0.016659198 0.026633773 0.030552953 0.054677550 0.007606194 0.039113458 0.043051418
0.020550445 0.026357252 0.003530371 0.035532482 0.021190742 0.009705240 0.012744605 0.017018659 0.016242754 0.028199708 0.020234659 0.033788502 0.020059526 0.015551522 0.016306093 0.011350349 0.011480962 0.024190046 0.015880257 0.019393692 -0.005904568 0.015969265 0.009681823 0.015161227 0.029660674 0.024866791 0.013540111 0.006335215 0.010791893 0.014939300 0.035288282 0.022246223 0.019338736 0.011601837
0.040220454 0.018806988 0.017643705 0.022845775 0.015350971 0.013337785 0.005100408 0.013530985 0.014617930 0.016406283 0.010899844 0.014652543 0.013727649 0.013725467 0.031224335 0.026509212 0.015647754 0.017205447 0.013465899 0.015728503 0.015969265 -0.001151728 0.025501531 0.007290498 0.016717715 0.012353491 0.011557674 0.009352976 0.020376062 0.014965544 0.034781456 0.015657462 0.018901091 0.024295079
0.022709871 0.030955022 0.012261216 0.052534610 0.029023271 0.022306774 0.020947650 0.029621527 0.025977213 0.042436697 0.030340230 0.048365451 0.026054641 0.025465248 0.021528343 0.017337464 0.016133804 0.037601352 0.021331664 0.041109093 0.009681823 0.025501531 0.005144573 0.025856750 0.033112966 0.032183882 0.023017649 0.019753974 0.014563033 0.024050463 0.046766873 0.034010395 0.029698510 0.018802965
0.038978547 0.019175982 0.015255055 0.024012789 0.013547452 0.010476451 0.001142123 0.008625483 0.011721789 0.017975438 0.012129657 0.016086921 0.010679494 0.009372617 0.030956624 0.024578856 0.011290748 0.022503134 0.010968486 0.013914103 0.015161227 0.007290498 0.025856750 -0.001999867 0.019957155 0.016123332 0.007170931 0.008532828 0.018403715 0.010670314 0.041133445 0.022409320 0.018631656 0.023249799
0.046594277 0.022497209 0.027004804 0.033387639 0.016389918 0.020109214 0.012837939 0.015509732 0.025276069 0.025686795 0.014321540 0.027562104 0.016579414 0.018411689 0.038529411 0.037686244 0.023409417 0.016818695 0.020830587 0.030524617 0.029660674 0.016717715 0.033112966 0.019957155 -0.014939955 0.014065887 0.019918587 0.018410407 0.029186282 0.019551136 0.030034276 0.012559929 0.022532374 0.030662227
0.043403171 0.025430549 0.025662966 0.016158823 0.016449466 0.018517286 0.007011902 0.012399186 0.019901726 0.009246379 0.008012475 0.009480467 0.015735731 0.016021308 0.034376975 0.036386866 0.023209430 0.010600267 0.018787093 0.017268371 0.024866791 0.012353491 0.032183882 0.016123332 0.014065887 -0.000293439 0.016979437 0.017739089 0.028849166 0.016055647 0.032560330 0.009338677 0.014806886 0.030810349
0.036999874 0.023168983 0.016901864 0.030306574 0.015203194 0.012977636 0.007345331 0.013889868 0.019277845 0.023388471 0.016752386 0.024253795 0.013483191 0.013283836 0.027501455 0.025392758 0.014092066 0.023517659 0.016842471 0.021438323 0.013540111 0.011557674 0.023017649 0.007170931 0.019918587 0.016979437 0.008917734 0.007354021 0.020956881 0.013925446 0.041497707 0.017089901 0.022033822 0.021500973
0.030328114 0.019863036 0.008871285 0.028861079 0.017524078 0.006618352 0.005954400 0.009031324 0.012656648 0.021023199 0.015483027 0.025963198 0.013198672 0.012081306 0.020322546 0.021338357 0.015895758 0.017998461 0.015375461 0.016659198 0.006335215 0.009352976 0.019753974 0.008532828 0.018410407 0.017739089 0.007354021 -0.003861457 0.018641379 0.009293778 0.031815194 0.013888764 0.017828394 0.011319347
0.028011058 0.030501336 0.014274147 0.039645165 0.024687037 0.022718616 0.017733129 0.027116667 0.025289182 0.033522587 0.028732659 0.033100590 0.021050114 0.020907599 0.022942487 0.012769020 0.015490036 0.037161991 0.021094080 0.026633773 0.010791893 0.020376062 0.014563033 0.018403715 0.029186282 0.028849166 0.020956881 0.018641379 0.007198732 0.024561487 0.048349552 0.030109562 0.031713795 0.021074789
0.037722271 0.026528141 0.017542606 0.036243018 0.014784099 0.013164067 0.007827151 0.011458213 0.019434858 0.025280897 0.015331756 0.030180868 0.013748314 0.014116472 0.026098024 0.029377500 0.018989751 0.021675695 0.019985050 0.030552953 0.014939300 0.014965544 0.024050463 0.010670314 0.019551136 0.016055647 0.013925446 0.009293778 0.024561487 0.007167256 0.041605342 0.008054228 0.016632874 0.018362485
0.064739481 0.047538139 0.042768434 0.042207293 0.049354978 0.041014235 0.037506714 0.040239789 0.047403321 0.037582517 0.033674464 0.048324868 0.039390057 0.048386071 0.051124699 0.055142947 0.044288963 0.026103934 0.045480967 0.054677550 0.035288282 0.034781456 0.046766873 0.041133445 0.030034276 0.032560330 0.041497707 0.031815194 0.048349552 0.041605342 -0.019525623 0.017349007 0.049342737 0.041968837
0.034751043 0.021144843 0.017475789 0.003604940 0.020422386 0.019100584 0.012462785 0.013128657 0.014683776 -0.000678518 0.006880750 0.004102401 0.015665967 0.021137096 0.038326956 0.033037540 0.019919146 0.004097490 0.018637873 0.007606194 0.022246223 0.015657462 0.034010395 0.022409320 0.012559929 0.009338677 0.017089901 0.013888764 0.030109562 0.008054228 0.017349007 0.000931592 0.010728185 0.034270905
0.046032541 0.029793721 0.020619050 0.043747623 0.019924210 0.022180129 0.016705213 0.016389323 0.018953310 0.027057450 0.016090021 0.031951964 0.016217079 0.024459690 0.034350537 0.035623282 0.029684123 0.026752725 0.027949683 0.039113458 0.019338736 0.018901091 0.029698510 0.018631656 0.022532374 0.014806886 0.022033822 0.017828394 0.031713795 0.016632874 0.049342737 0.010728185 -0.005166296 0.026403042
0.025392359 0.027975146 0.010102008 0.043674480 0.034633584 0.021350995 0.018849529 0.024201468 0.015178630 0.036495052 0.030111421 0.043382928 0.024882160 0.027375080 0.024383457 0.015954264 0.018309373 0.033167824 0.021462258 0.043051418 0.011601837 0.024295079 0.018802965 0.023249799 0.030662227 0.030810349 0.021500973 0.011319347 0.021074789 0.018362485 0.041968837 0.034270905 0.026403042 0.015506785
