0.000000000 0.048000000 0.039301310 0.105263159 0.000000000 0.084615387 0.004184100 0.055555556 0.070312500 0.088122606 0.081081077 0.070312500 0.108614229 0.008474576 0.076923080 0.004184100 0.025862070 0.062992126 0.040322579 0.062992126 0.043859649 0.028571429 0.008474576 0.004219409 0.016528925 0.059288539 0.036437247 0.012448133 0.057777777 0.028571429 0.128205135 0.091603056 0.088122606 0.012765957
0.048000000 0.000000000 0.087136932 0.057553958 0.048000000 0.036764707 0.043824703 0.007575758 0.022388060 0.040293042 0.033210333 0.022388060 0.060931899 0.056451611 0.124463521 0.043824703 0.073770493 0.015037594 0.007692308 0.015037594 0.091666669 0.019455252 0.056451611 0.052208837 0.031496063 0.011320755 0.011583012 0.035573121 0.105485231 0.019455252 0.080701753 0.043795619 0.040293042 0.060728744
0.039301310 0.087136932 0.000000000 0.143968865 0.039301310 0.123505980 0.043478262 0.094650209 0.109311745 0.126984134 0.119999997 0.109311745 0.147286817 0.030837005 0.037735850 0.043478262 0.013452915 0.102040820 0.079497911 0.102040820 0.004566210 0.067796610 0.030837005 0.035087720 0.055793993 0.098360658 0.075630255 0.051724140 0.018518519 0.067796610 0.166666672 0.130434781 0.126984134 0.026548672
0.105263159 0.057553958 0.143968865 0.000000000 0.105263159 0.020833334 0.101123594 0.050000001 0.035211269 0.017301038 0.024390243 0.035211269 0.003389830 0.113636367 0.180722892 0.101123594 0.130769238 0.042553190 0.065217391 0.042553190 0.148437500 0.076923080 0.113636367 0.109433964 0.088888891 0.046263345 0.069090910 0.092936806 0.162055343 0.076923080 0.023255814 0.013793103 0.017301038 0.117870726
0.000000000 0.048000000 0.039301310 0.105263159 0.000000000 0.084615387 0.004184100 0.055555556 0.070312500 0.088122606 0.081081077 0.070312500 0.108614229 0.008474576 0.076923080 0.004184100 0.025862070 0.062992126 0.040322579 0.062992126 0.043859649 0.028571429 0.008474576 0.004219409 0.016528925 0.059288539 0.036437247 0.012448133 0.057777777 0.028571429 0.128205135 0.091603056 0.088122606 0.012765957
0.084615387 0.036764707 0.123505980 0.020833334 0.084615387 0.000000000 0.080459774 0.029197080 0.014388490 0.003533569 0.003558719 0.014388490 0.024221454 0.093023255 0.160493821 0.080459774 0.110236220 0.021739131 0.044444446 0.021739131 0.128000006 0.056179777 0.093023255 0.088803090 0.068181820 0.025454545 0.048327137 0.072243348 0.141700402 0.056179777 0.044067796 0.007042253 0.003533569 0.097276263
0.004184100 0.043824703 0.043478262 0.101123594 0.004184100 0.080459774 0.000000000 0.051383398 0.066147856 0.083969466 0.076923080 0.066147856 0.104477614 0.012658228 0.081081077 0.000000000 0.030042918 0.058823530 0.036144577 0.058823530 0.048034936 0.024390243 0.012658228 0.008403362 0.012345679 0.055118110 0.032258064 0.008264462 0.061946902 0.024390243 0.124087594 0.087452471 0.083969466 0.016949153
0.055555556 0.007575758 0.094650209 0.050000001 0.055555556 0.029197080 0.051383398 0.000000000 0.014814815 0.032727271 0.025641026 0.014814815 0.053380784 0.064000003 0.131914899 0.051383398 0.081300810 0.007462686 0.015267176 0.007462686 0.099173553 0.027027028 0.064000003 0.059760958 0.039062500 0.003745318 0.019157087 0.043137256 0.112970710 0.027027028 0.073170729 0.036231883 0.032727271 0.068273090
0.070312500 0.022388060 0.109311745 0.035211269 0.070312500 0.014388490 0.066147856 0.014814815 0.000000000 0.017921148 0.010830325 0.000000000 0.038596492 0.078740157 0.146443516 0.066147856 0.096000001 0.007352941 0.030075189 0.007352941 0.113821141 0.041825093 0.078740157 0.074509807 0.053846154 0.011070111 0.033962265 0.057915058 0.127572015 0.041825093 0.058419243 0.021428572 0.017921148 0.083003953
0.088122606 0.040293042 0.126984134 0.017301038 0.088122606 0.003533569 0.083969466 0.032727271 0.017921148 0.000000000 0.007092198 0.017921148 0.020689655 0.096525095 0.163934425 0.083969466 0.113725491 0.025270758 0.047970481 0.025270758 0.131474108 0.059701491 0.096525095 0.092307694 0.071698114 0.028985508 0.051851850 0.075757578 0.145161286 0.059701491 0.040540539 0.003508772 0.000000000 0.100775197
0.081081077 0.033210333 0.119999997 0.024390243 0.081081077 0.003558719 0.076923080 0.025641026 0.010830325 0.007092198 0.000000000 0.010830325 0.027777778 0.089494161 0.157024801 0.076923080 0.106719367 0.018181818 0.040892195 0.018181818 0.124497995 0.052631579 0.089494161 0.085271321 0.064638786 0.021897810 0.044776119 0.068702288 0.138211384 0.052631579 0.047619049 0.010600707 0.007092198 0.093750000
0.070312500 0.022388060 0.109311745 0.035211269 0.070312500 0.014388490 0.066147856 0.014814815 0.000000000 0.017921148 0.010830325 0.000000000 0.038596492 0.078740157 0.146443516 0.066147856 0.096000001 0.007352941 0.030075189 0.007352941 0.113821141 0.041825093 0.078740157 0.074509807 0.053846154 0.011070111 0.033962265 0.057915058 0.127572015 0.041825093 0.058419243 0.021428572 0.017921148 0.083003953
0.108614229 0.060931899 0.147286817 0.003389830 0.108614229 0.024221454 0.104477614 0.053380784 0.038596492 0.020689655 0.027777778 0.038596492 0.000000000 0.116981134 0.184000000 0.104477614 0.134099618 0.045936394 0.068592057 0.045936394 0.151750967 0.080291972 0.116981134 0.112781957 0.092250921 0.049645390 0.072463766 0.096296296 0.165354326 0.080291972 0.019867551 0.017182130 0.020689655 0.121212125
0.008474576 0.056451611 0.030837005 0.113636367 0.008474576 0.093023255 0.012658228 0.064000003 0.078740157 0.096525095 0.089494161 0.078740157 0.116981134 0.000000000 0.068493150 0.012658228 0.017391304 0.071428575 0.048780486 0.071428575 0.035398230 0.037037037 0.000000000 0.004255319 0.025000000 0.067729086 0.044897959 0.020920502 0.049327355 0.037037037 0.136531368 0.100000001 0.096525095 0.004291845
0.076923080 0.124463521 0.037735850 0.180722892 0.076923080 0.160493821 0.081081077 0.131914899 0.146443516 0.163934425 0.157024801 0.146443516 0.184000000 0.068493150 0.000000000 0.081081077 0.051162791 0.139240503 0.116883114 0.139240503 0.033175357 0.105263159 0.068493150 0.072727270 0.093333334 0.135593221 0.113043480 0.089285716 0.019230770 0.105263159 0.203125000 0.167346939 0.163934425 0.064220183
0.004184100 0.043824703 0.043478262 0.101123594 0.004184100 0.080459774 0.000000000 0.051383398 0.066147856 0.083969466 0.076923080 0.066147856 0.104477614 0.012658228 0.081081077 0.000000000 0.030042918 0.058823530 0.036144577 0.058823530 0.048034936 0.024390243 0.012658228 0.008403362 0.012345679 0.055118110 0.032258064 0.008264462 0.061946902 0.024390243 0.124087594 0.087452471 0.083969466 0.016949153
0.025862070 0.073770493 0.013452915 0.130769238 0.025862070 0.110236220 0.030042918 0.081300810 0.096000001 0.113725491 0.106719367 0.096000001 0.134099618 0.017391304 0.051162791 0.030042918 0.000000000 0.088709675 0.066115700 0.088709675 0.018018018 0.054393306 0.017391304 0.021645023 0.042372882 0.085020244 0.062240664 0.038297873 0.031963471 0.054393306 0.153558046 0.117187500 0.113725491 0.013100437
0.062992126 0.015037594 0.102040820 0.042553190 0.062992126 0.021739131 0.058823530 0.007462686 0.007352941 0.025270758 0.018181818 0.007352941 0.045936394 0.071428575 0.139240503 0.058823530 0.088709675 0.000000000 0.022727273 0.000000000 0.106557377 0.034482758 0.071428575 0.067193680 0.046511628 0.003717472 0.026615970 0.050583657 0.120331950 0.034482758 0.065743946 0.028776979 0.025270758 0.075697213
0.040322579 0.007692308 0.079497911 0.065217391 0.040322579 0.044444446 0.036144577 0.015267176 0.030075189 0.047970481 0.040892195 0.030075189 0.068592057 0.048780486 0.116883114 0.036144577 0.066115700 0.022727273 0.000000000 0.022727273 0.084033616 0.011764706 0.048780486 0.044534411 0.023809524 0.019011406 0.003891051 0.027888447 0.097872339 0.011764706 0.088339224 0.051470589 0.047970481 0.053061225
0.062992126 0.015037594 0.102040820 0.042553190 0.062992126 0.021739131 0.058823530 0.007462686 0.007352941 0.025270758 0.018181818 0.007352941 0.045936394 0.071428575 0.139240503 0.058823530 0.088709675 0.000000000 0.022727273 0.000000000 0.106557377 0.034482758 0.071428575 0.067193680 0.046511628 0.003717472 0.026615970 0.050583657 0.120331950 0.034482758 0.065743946 0.028776979 0.025270758 0.075697213
0.043859649 0.091666669 0.004566210 0.148437500 0.043859649 0.128000006 0.048034936 0.099173553 0.113821141 0.131474108 0.124497995 0.113821141 0.151750967 0.035398230 0.033175357 0.048034936 0.018018018 0.106557377 0.084033616 0.106557377 0.000000000 0.072340429 0.035398230 0.039647575 0.060344826 0.102880657 0.080168776 0.056277055 0.013953488 0.072340429 0.171102658 0.134920642 0.131474108 0.031111112
0.028571429 0.019455252 0.067796610 0.076923080 0.028571429 0.056179777 0.024390243 0.027027028 0.041825093 0.059701491 0.052631579 0.041825093 0.080291972 0.037037037 0.105263159 0.024390243 0.054393306 0.034482758 0.011764706 0.034482758 0.072340429 0.000000000 0.037037037 0.032786883 0.012048192 0.030769231 0.007874016 0.016129032 0.086206898 0.000000000 0.100000001 0.063197024 0.059701491 0.041322313
0.008474576 0.056451611 0.030837005 0.113636367 0.008474576 0.093023255 0.012658228 0.064000003 0.078740157 0.096525095 0.089494161 0.078740157 0.116981134 0.000000000 0.068493150 0.012658228 0.017391304 0.071428575 0.048780486 0.071428575 0.035398230 0.037037037 0.000000000 0.004255319 0.025000000 0.067729086 0.044897959 0.020920502 0.049327355 0.037037037 0.136531368 0.100000001 0.096525095 0.004291845
0.004219409 0.052208837 0.035087720 0.109433964 0.004219409 0.088803090 0.008403362 0.059760958 0.074509807 0.092307694 0.085271321 0.074509807 0.112781957 0.004255319 0.072727270 0.008403362 0.021645023 0.067193680 0.044534411 0.067193680 0.039647575 0.032786883 0.004255319 0.000000000 0.020746889 0.063492067 0.040650405 0.016666668 0.053571429 0.032786883 0.132352948 0.095785439 0.092307694 0.008547009
0.016528925 0.031496063 0.055793993 0.088888891 0.016528925 0.068181820 0.012345679 0.039062500 0.053846154 0.071698114 0.064638786 0.053846154 0.092250921 0.025000000 0.093333334 0.012345679 0.042372882 0.046511628 0.023809524 0.046511628 0.060344826 0.012048192 0.025000000 0.020746889 0.000000000 0.042801555 0.019920319 0.004081632 0.074235804 0.012048192 0.111913361 0.075187966 0.071698114 0.029288704
0.059288539 0.011320755 0.098360658 0.046263345 0.059288539 0.025454545 0.055118110 0.003745318 0.011070111 0.028985508 0.021897810 0.011070111 0.049645390 0.067729086 0.135593221 0.055118110 0.085020244 0.003717472 0.019011406 0.003717472 0.102880657 0.030769231 0.067729086 0.063492067 0.042801555 0.000000000 0.022900764 0.046875000 0.116666667 0.030769231 0.069444448 0.032490976 0.028985508 0.071999997
0.036437247 0.011583012 0.075630255 0.069090910 0.036437247 0.048327137 0.032258064 0.019157087 0.033962265 0.051851850 0.044776119 0.033962265 0.072463766 0.044897959 0.113043480 0.032258064 0.062240664 0.026615970 0.003891051 0.026615970 0.080168776 0.007874016 0.044897959 0.040650405 0.019920319 0.022900764 0.000000000 0.024000000 0.094017096 0.007874016 0.092198581 0.055350553 0.051851850 0.049180329
0.012448133 0.035573121 0.051724140 0.092936806 0.012448133 0.072243348 0.008264462 0.043137256 0.057915058 0.075757578 0.068702288 0.057915058 0.096296296 0.020920502 0.089285716 0.008264462 0.038297873 0.050583657 0.027888447 0.050583657 0.056277055 0.016129032 0.020920502 0.016666668 0.004081632 0.046875000 0.024000000 0.000000000 0.070175439 0.016129032 0.115942031 0.079245284 0.075757578 0.025210084
0.057777777 0.105485231 0.018518519 0.162055343 0.057777777 0.141700402 0.061946902 0.112970710 0.127572015 0.145161286 0.138211384 0.127572015 0.165354326 0.049327355 0.019230770 0.061946902 0.031963471 0.120331950 0.097872339 0.120331950 0.013953488 0.086206898 0.049327355 0.053571429 0.074235804 0.116666667 0.094017096 0.070175439 0.000000000 0.086206898 0.184615389 0.148594379 0.145161286 0.045045044
0.028571429 0.019455252 0.067796610 0.076923080 0.028571429 0.056179777 0.024390243 0.027027028 0.041825093 0.059701491 0.052631579 0.041825093 0.080291972 0.037037037 0.105263159 0.024390243 0.054393306 0.034482758 0.011764706 0.034482758 0.072340429 0.000000000 0.037037037 0.032786883 0.012048192 0.030769231 0.007874016 0.016129032 0.086206898 0.000000000 0.100000001 0.063197024 0.059701491 0.041322313
0.128205135 0.080701753 0.166666672 0.023255814 0.128205135 0.044067796 0.124087594 0.073170729 0.058419243 0.040540539 0.047619049 0.058419243 0.019867551 0.136531368 0.203125000 0.124087594 0.153558046 0.065743946 0.088339224 0.065743946 0.171102658 0.100000001 0.136531368 0.132352948 0.111913361 0.069444448 0.092198581 0.115942031 0.184615389 0.100000001 0.000000000 0.037037037 0.040540539 0.140740737
0.091603056 0.043795619 0.130434781 0.013793103 0.091603056 0.007042253 0.087452471 0.036231883 0.021428572 0.003508772 0.010600707 0.021428572 0.017182130 0.100000001 0.167346939 0.087452471 0.117187500 0.028776979 0.051470589 0.028776979 0.134920642 0.063197024 0.100000001 0.095785439 0.075187966 0.032490976 0.055350553 0.079245284 0.148594379 0.063197024 0.037037037 0.000000000 0.003508772 0.104247101
0.088122606 0.040293042 0.126984134 0.017301038 0.088122606 0.003533569 0.083969466 0.032727271 0.017921148 0.000000000 0.007092198 0.017921148 0.020689655 0.096525095 0.163934425 0.083969466 0.113725491 0.025270758 0.047970481 0.025270758 0.131474108 0.059701491 0.096525095 0.092307694 0.071698114 0.028985508 0.051851850 0.075757578 0.145161286 0.059701491 0.040540539 0.003508772 0.000000000 0.100775197
0.012765957 0.060728744 0.026548672 0.117870726 0.012765957 0.097276263 0.016949153 0.068273090 0.083003953 0.100775197 0.093750000 0.083003953 0.121212125 0.004291845 0.064220183 0.016949153 0.013100437 0.075697213 0.053061225 0.075697213 0.031111112 0.041322313 0.004291845 0.008547009 0.029288704 0.071999997 0.049180329 0.025210084 0.045045044 0.041322313 0.140740737 0.104247101 0.100775197 0.000000000
