0.016691875 0.031763982 0.033962559 0.066425018 0.041883685 0.038228769 0.034629572 0.036061734 0.049121931 0.042427424 0.043714419 0.057698525 0.033464685 0.038225200 0.031375870 0.034237720 0.029263616 0.055269152 0.039336316 0.043596879 0.026097285 0.032503642 0.031887639 0.037391312 0.043968879 0.036004744 0.044836700 0.036939144 0.030537516 0.033550575 0.072913148 0.051440299 0.041379817 0.028045172
0.031763982 0.001404125 0.024128964 0.027972784 0.017419076 0.011347362 0.011780921 0.009173604 0.022035975 0.021484755 0.017117999 0.024530724 0.015730228 0.011747001 0.027381206 0.028183328 0.018004976 0.026149387 0.021996804 0.016137162 0.022588523 0.014997005 0.023363074 0.015869338 0.006786178 0.018051969 0.023360973 0.016668752 0.025138194 0.007472650 0.043009665 0.016063603 0.014486829 0.020169824
0.033962559 0.024128964 0.010683164 0.051524382 0.027743706 0.021164520 0.018406810 0.021404156 0.029947858 0.033677813 0.031611644 0.046837442 0.023616150 0.022536773 0.027688006 0.025410464 0.019348731 0.040724061 0.026863554 0.027294395 0.012471690 0.021250512 0.021002527 0.021977728 0.029880160 0.028883109 0.030109957 0.019506447 0.024148069 0.019148454 0.057448667 0.035906747 0.022060893 0.015831562
0.066425018 0.027972784 0.051524382 0.009055934 0.019583844 0.027002428 0.027948013 0.025940260 0.050890539 0.020566087 0.019613206 0.018802425 0.025184669 0.027684206 0.057254747 0.064529255 0.030726232 0.026032031 0.038787074 0.012816968 0.040797517 0.023239519 0.050484687 0.028340230 0.016317951 0.015352944 0.037580017 0.036278650 0.048111096 0.024160977 0.047787398 0.007414014 0.033547871 0.037775405
0.041883685 0.017419076 0.027743706 0.019583844 0.004955119 0.020150624 0.015814839 0.010222978 0.021273796 0.023273820 0.020076428 0.025236852 0.017391896 0.017691012 0.041420542 0.038159754 0.017156566 0.027835065 0.026415154 0.005981344 0.025458548 0.017636672 0.032611348 0.020464450 0.002922502 0.018731913 0.023349285 0.020334646 0.035137188 0.011509921 0.057651903 0.022013813 0.015908675 0.031052150
0.038228769 0.011347362 0.021164520 0.027002428 0.020150624 0.009351127 0.008818285 0.008098569 0.012213625 0.022417566 0.018982776 0.026791802 0.015207887 0.008867256 0.034742285 0.025022205 0.013026491 0.029965905 0.017971406 0.006236475 0.013849843 0.012650243 0.027752588 0.013878709 0.013101202 0.017253002 0.017840046 0.010004297 0.026658501 0.007596225 0.049625918 0.023597794 0.019362014 0.021548102
0.034629572 0.011780921 0.018406810 0.027948013 0.015814839 0.008818285 -0.005074486 0.002276765 0.012665662 0.020786796 0.003560431 0.025350565 0.007925662 0.003034191 0.029592384 0.027368892 0.009748725 0.020949749 0.011942897 0.006508025 0.015149412 0.001765331 0.024615511 0.003476072 0.004205404 0.004695300 0.010375364 0.008953117 0.024691824 0.002085499 0.046320222 0.013277865 0.012594864 0.018147705
0.036061734 0.009173604 0.021404156 0.025940260 0.010222978 0.008098569 0.002276765 -0.004190063 0.016784491 0.011454839 0.007969706 0.022784784 0.006883656 0.007067326 0.031875294 0.031780314 0.012099978 0.020044385 0.015566203 0.007085163 0.015481566 0.006375390 0.026854567 0.006660850 0.007016263 0.004983248 0.017132903 0.009094072 0.022966014 0.002316352 0.041273367 0.012714143 0.007101735 0.017711375
0.049121931 0.022035975 0.029947858 0.050890539 0.021273796 0.012213625 0.012665662 0.016784491 0.021930315 0.031796351 0.020941155 0.037680052 0.018319311 0.015538448 0.041097503 0.039168753 0.018080786 0.036120478 0.027307358 0.024561487 0.024756541 0.014350603 0.030696729 0.012893704 0.022109736 0.020600498 0.031131327 0.027920613 0.027236711 0.014640076 0.066962563 0.024884209 0.019948024 0.014846113
0.042427424 0.021484755 0.033677813 0.020566087 0.023273820 0.022417566 0.020786796 0.011454839 0.031796351 0.004380245 0.012781611 0.014766311 0.020052582 0.019259863 0.039180778 0.046319067 0.028029315 0.017439727 0.030073769 0.010944674 0.028601363 0.018571906 0.037166446 0.024482105 0.010426510 0.009334900 0.030721545 0.024912085 0.040115654 0.015704704 0.034341924 0.010607864 0.013332700 0.029221371
0.043714419 0.017117999 0.031611644 0.019613206 0.020076428 0.018982776 0.003560431 0.007969706 0.020941155 0.012781611 0.000513589 0.016941000 0.011720621 0.011588885 0.040152308 0.041564487 0.018026259 0.015737498 0.019176634 0.007100547 0.025210306 0.008044638 0.035654474 0.016332086 0.004907339 0.005958804 0.021039423 0.018076379 0.034834858 0.010469150 0.040660258 0.008908326 0.011359039 0.028897375
0.057698525 0.024530724 0.046837442 0.018802425 0.025236852 0.026791802 0.025350565 0.022784784 0.037680052 0.014766311 0.016941000 0.014538480 0.024097951 0.027381878 0.055371478 0.056999698 0.034592785 0.026736163 0.037866618 0.012974888 0.039000168 0.021773733 0.046104327 0.026215175 0.018390238 0.013433984 0.037419960 0.032930594 0.047393136 0.021094359 0.049284674 0.014773306 0.024099775 0.041822847
0.033464685 0.015730228 0.023616150 0.025184669 0.017391896 0.015207887 0.007925662 0.006883656 0.018319311 0.020052582 0.011720621 0.024097951 0.001372699 0.010630840 0.031138618 0.029914174 0.014985138 0.022419019 0.016129654 0.006969300 0.021596696 0.011406015 0.024159135 0.013265036 0.008278586 0.012964965 0.019420722 0.016032930 0.028226005 0.008579224 0.046376552 0.016910451 0.009743544 0.022596695
0.038225200 0.011747001 0.022536773 0.027684206 0.017691012 0.008867256 0.003034191 0.007067326 0.015538448 0.019259863 0.011588885 0.027381878 0.010630840 0.003078879 0.032938659 0.028245613 0.009977944 0.021988373 0.016528092 0.007299643 0.016040266 0.010202657 0.024644494 0.011556327 0.006926280 0.012029219 0.016724220 0.011758896 0.025339674 0.006867771 0.050499484 0.020604350 0.015743149 0.019389467
0.031375870 0.027381206 0.027688006 0.057254747 0.041420542 0.034742285 0.029592384 0.031875294 0.041097503 0.039180778 0.040152308 0.055371478 0.031138618 0.032938659 0.009899843 0.029363180 0.023491427 0.049546160 0.036237240 0.034149393 0.020507276 0.029105429 0.027441010 0.033884600 0.036516406 0.033800732 0.038697809 0.027570542 0.029156126 0.031527914 0.065481380 0.049215861 0.033082001 0.023738550
0.034237720 0.028183328 0.025410464 0.064529255 0.038159754 0.025022205 0.027368892 0.031780314 0.039168753 0.046319067 0.041564487 0.056999698 0.029914174 0.028245613 0.029363180 0.010876103 0.020942928 0.050863884 0.034345940 0.036873456 0.016299238 0.028222125 0.020634091 0.030567344 0.036558349 0.038260959 0.037230011 0.030748434 0.020473765 0.027908605 0.066865250 0.048167370 0.032313868 0.018065937
0.029263616 0.018004976 0.019348731 0.030726232 0.017156566 0.013026491 0.009748725 0.012099978 0.018080786 0.028029315 0.018026259 0.034592785 0.014985138 0.009977944 0.023491427 0.020942928 0.000104841 0.027674932 0.016278362 0.009365777 0.011030098 0.012177910 0.015361789 0.013072603 0.013016645 0.018862657 0.016419636 0.014145494 0.017696526 0.011126753 0.046115160 0.018523553 0.020320568 0.010874959
0.055269152 0.026149387 0.040724061 0.026032031 0.027835065 0.029965905 0.020949749 0.020044385 0.036120478 0.017439727 0.015737498 0.026736163 0.022419019 0.021988373 0.049546160 0.050863884 0.027674932 0.010311846 0.031127822 0.020782644 0.030896528 0.017385144 0.043292224 0.028114989 0.015241999 0.012345581 0.032580510 0.025259806 0.042010896 0.022915527 0.035232939 0.012693876 0.025675077 0.032899018
0.039336316 0.021996804 0.026863554 0.038787074 0.026415154 0.017971406 0.011942897 0.015566203 0.027307358 0.030073769 0.019176634 0.037866618 0.016129654 0.016528092 0.036237240 0.034345940 0.016278362 0.031127822 0.023868660 0.021693844 0.022122832 0.017314978 0.025813397 0.018257225 0.017767467 0.019328494 0.028602084 0.021173168 0.028858894 0.016180366 0.050966445 0.026512967 0.023712480 0.020523738
0.043596879 0.016137162 0.027294395 0.012816968 0.005981344 0.006236475 0.006508025 0.007085163 0.024561487 0.010944674 0.007100547 0.012974888 0.006969300 0.007299643 0.034149393 0.036873456 0.009365777 0.020782644 0.021693844 -0.021520305 0.015483562 0.009149438 0.025560737 0.007798114 0.003646813 0.008947592 0.019387914 0.013246810 0.030904721 0.002427080 0.045290228 0.002663740 0.012878509 0.020225454
0.026097285 0.022588523 0.012471690 0.040797517 0.025458548 0.013849843 0.015149412 0.015481566 0.024756541 0.028601363 0.025210306 0.039000168 0.021596696 0.016040266 0.020507276 0.016299238 0.011030098 0.030896528 0.022122832 0.015483562 0.000030672 0.015971381 0.013809365 0.018279672 0.023660921 0.024209965 0.021383733 0.014310301 0.021348218 0.011717179 0.050812941 0.031196844 0.015782736 0.012910355
0.032503642 0.014997005 0.021250512 0.023239519 0.017636672 0.012650243 0.001765331 0.006375390 0.014350603 0.018571906 0.008044638 0.021773733 0.011406015 0.010202657 0.029105429 0.028222125 0.012177910 0.017385144 0.017314978 0.009149438 0.015971381 -0.001257695 0.022352993 0.009598495 0.003428937 0.008846721 0.015256186 0.011608130 0.026096279 0.005934264 0.037432220 0.014456056 0.009641624 0.019451644
0.031887639 0.023363074 0.021002527 0.050484687 0.032611348 0.027752588 0.024615511 0.026854567 0.030696729 0.037166446 0.035654474 0.046104327 0.024159135 0.024644494 0.027441010 0.020634091 0.015361789 0.043292224 0.025813397 0.025560737 0.013809365 0.022352993 0.013183352 0.027454721 0.028382933 0.030633284 0.028689779 0.025344547 0.021045182 0.024319701 0.061496787 0.041557115 0.028454952 0.020146174
0.037391312 0.015869338 0.021977728 0.028340230 0.020464450 0.013878709 0.003476072 0.006660850 0.012893704 0.024482105 0.016332086 0.026215175 0.013265036 0.011556327 0.033884600 0.030567344 0.013072603 0.028114989 0.018257225 0.007798114 0.018279672 0.009598495 0.027454721 0.001536192 0.009446824 0.016286658 0.014193479 0.013748823 0.027308106 0.005812530 0.055026062 0.022155963 0.014489006 0.022472586
0.043968879 0.006786178 0.029880160 0.016317951 0.002922502 0.013101202 0.004205404 0.007016263 0.022109736 0.010426510 0.004907339 0.018390238 0.008278586 0.006926280 0.036516406 0.036558349 0.013016645 0.015241999 0.017767467 0.003646813 0.023660921 0.003428937 0.028382933 0.009446824 -0.013598721 0.000188608 0.016907370 0.013366280 0.026707761 0.008672362 0.034986641 0.003062058 0.013383506 0.021199780
0.036004744 0.018051969 0.028883109 0.015352944 0.018731913 0.017253002 0.004695300 0.004983248 0.020600498 0.009334900 0.005958804 0.013433984 0.012964965 0.012029219 0.033800732 0.038260959 0.018862657 0.012345581 0.019328494 0.008947592 0.024209965 0.008846721 0.030633284 0.016286658 0.000188608 -0.001066098 0.020965993 0.018049538 0.034697555 0.007250722 0.037457224 0.008280587 0.007016828 0.026747312
0.044836700 0.023360973 0.030109957 0.037580017 0.023349285 0.017840046 0.010375364 0.017132903 0.031131327 0.030721545 0.021039423 0.037419960 0.019420722 0.016724220 0.038697809 0.037230011 0.016419636 0.032580510 0.028602084 0.019387914 0.021383733 0.015256186 0.028689779 0.014193479 0.016907370 0.020965993 0.019244000 0.017902350 0.031106248 0.014624171 0.056223869 0.025479697 0.023393173 0.023261847
0.036939144 0.016668752 0.019506447 0.036278650 0.020334646 0.010004297 0.008953117 0.009094072 0.027920613 0.024912085 0.018076379 0.032930594 0.016032930 0.011758896 0.027570542 0.030748434 0.014145494 0.025259806 0.021173168 0.013246810 0.014310301 0.011608130 0.025344547 0.013748823 0.013366280 0.018049538 0.017902350 0.007999338 0.026325798 0.006483565 0.047476571 0.022052340 0.016440179 0.014090331
0.030537516 0.025138194 0.024148069 0.048111096 0.035137188 0.026658501 0.024691824 0.022966014 0.027236711 0.040115654 0.034834858 0.047393136 0.028226005 0.025339674 0.029156126 0.020473765 0.017696526 0.042010896 0.028858894 0.030904721 0.021348218 0.026096279 0.021045182 0.027308106 0.026707761 0.034697555 0.031106248 0.026325798 0.019869149 0.021485761 0.053793229 0.043591078 0.026351649 0.018618979
0.033550575 0.007472650 0.019148454 0.024160977 0.011509921 0.007596225 0.002085499 0.002316352 0.014640076 0.015704704 0.010469150 0.021094359 0.008579224 0.006867771 0.031527914 0.027908605 0.011126753 0.022915527 0.016180366 0.002427080 0.011717179 0.005934264 0.024319701 0.005812530 0.008672362 0.007250722 0.014624171 0.006483565 0.021485761 -0.003710167 0.045094024 0.010221318 0.009322315 0.014216974
0.072913148 0.043009665 0.057448667 0.047787398 0.057651903 0.049625918 0.046320222 0.041273367 0.066962563 0.034341924 0.040660258 0.049284674 0.046376552 0.050499484 0.065481380 0.066865250 0.046115160 0.035232939 0.050966445 0.045290228 0.050812941 0.037432220 0.061496787 0.055026062 0.034986641 0.037457224 0.056223869 0.047476571 0.053793229 0.045094024 -0.009061482 0.035964396 0.050763343 0.047551833
0.051440299 0.016063603 0.035906747 0.007414014 0.022013813 0.023597794 0.013277865 0.012714143 0.024884209 0.010607864 0.008908326 0.014773306 0.016910451 0.020604350 0.049215861 0.048167370 0.018523553 0.012693876 0.026512967 0.002663740 0.031196844 0.014456056 0.041557115 0.022155963 0.003062058 0.008280587 0.025479697 0.022052340 0.043591078 0.010221318 0.035964396 0.002411311 0.013236015 0.037788428
0.041379817 0.014486829 0.022060893 0.033547871 0.015908675 0.019362014 0.012594864 0.007101735 0.019948024 0.013332700 0.011359039 0.024099775 0.009743544 0.015743149 0.033082001 0.032313868 0.020320568 0.025675077 0.023712480 0.012878509 0.015782736 0.009641624 0.028454952 0.014489006 0.013383506 0.007016828 0.023393173 0.016440179 0.026351649 0.009322315 0.050763343 0.013236015 -0.013782583 0.020081652
0.028045172 0.020169824 0.015831562 0.037775405 0.031052150 0.021548102 0.018147705 0.017711375 0.014846113 0.029221371 0.028897375 0.041822847 0.022596695 0.019389467 0.023738550 0.018065937 0.010874959 0.032899018 0.020523738 0.020225454 0.012910355 0.019451644 0.020146174 0.022472586 0.021199780 0.026747312 0.023261847 0.014090331 0.018618979 0.014216974 0.047551833 0.037788428 0.020081652 0.008417316
