0.000000000 0.105263159 0.051162791 0.167346939 0.221374050 0.153526977 0.085201792 0.167346939 0.072727270 0.200000003 0.193675891 0.146443516 0.153526977 0.097345136 0.090909094 0.023923445 0.101321585 0.263537914 0.113043480 0.116883114 0.072727270 0.128205135 0.089285716 0.113043480 0.142857149 0.170731708 0.085201792 0.089285716 0.068493150 0.093333334 0.266187042 0.244444445 0.124463521 0.105263159
0.105263159 0.000000000 0.054393306 0.063197024 0.118881121 0.049056605 0.020242915 0.063197024 0.032786883 0.096774191 0.090252705 0.041825093 0.049056605 0.008000000 0.194312796 0.081545062 0.003984064 0.162790701 0.007874016 0.011764706 0.032786883 0.023255814 0.016129032 0.007874016 0.038167939 0.066666670 0.020242915 0.016129032 0.037037037 0.012048192 0.165562913 0.142857149 0.019455252 0.000000000
0.051162791 0.054393306 0.000000000 0.117187500 0.172161177 0.103174604 0.034188036 0.117187500 0.021645023 0.150375932 0.143939391 0.096000001 0.103174604 0.046413504 0.141414136 0.027272727 0.050420169 0.215277776 0.062240664 0.066115700 0.021645023 0.077551022 0.038297873 0.062240664 0.092369474 0.120622568 0.034188036 0.038297873 0.017391304 0.042372882 0.217993081 0.195729539 0.073770493 0.054393306
0.167346939 0.063197024 0.117187500 0.000000000 0.056105610 0.014184397 0.083333336 0.000000000 0.095785439 0.033783782 0.027210884 0.021428572 0.014184397 0.071161047 0.254385978 0.143999994 0.067164183 0.100628927 0.055350553 0.051470589 0.095785439 0.039999999 0.079245284 0.055350553 0.025089607 0.003484321 0.083333336 0.079245284 0.100000001 0.075187966 0.103448279 0.080385849 0.043795619 0.063197024
0.221374050 0.118881121 0.172161177 0.056105610 0.000000000 0.070234112 0.138790041 0.056105610 0.151079133 0.022364218 0.028938906 0.077441074 0.070234112 0.126760557 0.306122452 0.198501870 0.122807018 0.044776119 0.111111112 0.107266434 0.151079133 0.095890410 0.134751767 0.111111112 0.081081077 0.052631579 0.138790041 0.134751767 0.155234650 0.130742043 0.047619049 0.024390243 0.099656358 0.118881121
0.153526977 0.049056605 0.103174604 0.014184397 0.070234112 0.000000000 0.069230773 0.014184397 0.081712060 0.047945205 0.041379310 0.007246377 0.000000000 0.057034221 0.241071433 0.130081296 0.053030305 0.114649683 0.041198503 0.037313432 0.081712060 0.025830258 0.065134101 0.041198503 0.010909091 0.017667845 0.069230773 0.065134101 0.085937500 0.061068702 0.117460318 0.094462544 0.029629629 0.049056605
0.085201792 0.020242915 0.034188036 0.083333336 0.138790041 0.069230773 0.000000000 0.083333336 0.012552301 0.116788320 0.110294119 0.062015504 0.069230773 0.012244898 0.174757287 0.061403509 0.016260162 0.182432428 0.028112451 0.032000002 0.012552301 0.043478262 0.004115226 0.028112451 0.058365759 0.086792454 0.000000000 0.004115226 0.016806724 0.008196721 0.185185179 0.162629753 0.039682541 0.020242915
0.167346939 0.063197024 0.117187500 0.000000000 0.056105610 0.014184397 0.083333336 0.000000000 0.095785439 0.033783782 0.027210884 0.021428572 0.014184397 0.071161047 0.254385978 0.143999994 0.067164183 0.100628927 0.055350553 0.051470589 0.095785439 0.039999999 0.079245284 0.055350553 0.025089607 0.003484321 0.083333336 0.079245284 0.100000001 0.075187966 0.103448279 0.080385849 0.043795619 0.063197024
0.072727270 0.032786883 0.021645023 0.095785439 0.151079133 0.081712060 0.012552301 0.095785439 0.000000000 0.129151285 0.122676581 0.074509807 0.081712060 0.024793388 0.162561581 0.048888888 0.028806584 0.194539249 0.040650405 0.044534411 0.000000000 0.056000002 0.016666668 0.040650405 0.070866145 0.099236645 0.012552301 0.016666668 0.004255319 0.020746889 0.197278917 0.174825177 0.052208837 0.032786883
0.200000003 0.096774191 0.150375932 0.033783782 0.022364218 0.047945205 0.116788320 0.033783782 0.129151285 0.000000000 0.006578947 0.055172414 0.047945205 0.104693137 0.285714298 0.176923081 0.100719422 0.067073174 0.088967972 0.085106380 0.129151285 0.073684208 0.112727270 0.088967972 0.058823530 0.030303031 0.116788320 0.112727270 0.133333340 0.108695649 0.069908813 0.046728972 0.077464789 0.096774191
0.193675891 0.090252705 0.143939391 0.027210884 0.028938906 0.041379310 0.110294119 0.027210884 0.122676581 0.006578947 0.000000000 0.048611112 0.041379310 0.098181821 0.279661030 0.170542642 0.094202898 0.073619634 0.082437277 0.078571431 0.122676581 0.067137808 0.106227107 0.082437277 0.052264810 0.023728814 0.110294119 0.106227107 0.126865670 0.102189779 0.076452598 0.053291537 0.070921987 0.090252705
0.146443516 0.041825093 0.096000001 0.021428572 0.077441074 0.007246377 0.062015504 0.021428572 0.074509807 0.055172414 0.048611112 0.000000000 0.007246377 0.049808428 0.234234229 0.122950822 0.045801528 0.121794872 0.033962265 0.030075189 0.074509807 0.018587360 0.057915058 0.033962265 0.003663004 0.024911031 0.062015504 0.057915058 0.078740157 0.053846154 0.124600641 0.101639345 0.022388060 0.041825093
0.153526977 0.049056605 0.103174604 0.014184397 0.070234112 0.000000000 0.069230773 0.014184397 0.081712060 0.047945205 0.041379310 0.007246377 0.000000000 0.057034221 0.241071433 0.130081296 0.053030305 0.114649683 0.041198503 0.037313432 0.081712060 0.025830258 0.065134101 0.041198503 0.010909091 0.017667845 0.069230773 0.065134101 0.085937500 0.061068702 0.117460318 0.094462544 0.029629629 0.049056605
0.097345136 0.008000000 0.046413504 0.071161047 0.126760557 0.057034221 0.012244898 0.071161047 0.024793388 0.104693137 0.098181821 0.049808428 0.057034221 0.000000000 0.186602876 0.073593073 0.004016064 0.170568556 0.015873017 0.019762846 0.024793388 0.031250000 0.008130081 0.015873017 0.046153847 0.074626863 0.012244898 0.008130081 0.029045643 0.004048583 0.173333332 0.150684938 0.027450981 0.008000000
0.090909094 0.194312796 0.141414136 0.254385978 0.306122452 0.241071433 0.174757287 0.254385978 0.162561581 0.285714298 0.279661030 0.234234229 0.241071433 0.186602876 0.000000000 0.114583336 0.190476194 0.346153855 0.201877937 0.205607474 0.162561581 0.216589868 0.178743958 0.201877937 0.230769232 0.257641912 0.174757287 0.178743958 0.158415839 0.182692304 0.348659009 0.328063250 0.212962970 0.194312796
0.023923445 0.081545062 0.027272727 0.143999994 0.198501870 0.130081296 0.061403509 0.143999994 0.048888888 0.176923081 0.170542642 0.122950822 0.130081296 0.073593073 0.114583336 0.000000000 0.077586204 0.241134748 0.089361705 0.093220338 0.048888888 0.104602508 0.065502182 0.089361705 0.119341567 0.147410363 0.061403509 0.065502182 0.044642858 0.069565214 0.243816257 0.221818179 0.100840338 0.081545062
0.101321585 0.003984064 0.050420169 0.067164183 0.122807018 0.053030305 0.016260162 0.067164183 0.028806584 0.100719422 0.094202898 0.045801528 0.053030305 0.004016064 0.190476194 0.077586204 0.000000000 0.166666672 0.011857707 0.015748031 0.028806584 0.027237354 0.012145749 0.011857707 0.042145595 0.070631973 0.016260162 0.012145749 0.033057850 0.008064516 0.169435218 0.146757677 0.023437500 0.003984064
0.263537914 0.162790701 0.215277776 0.100628927 0.044776119 0.114649683 0.182432428 0.100628927 0.194539249 0.067073174 0.073619634 0.121794872 0.114649683 0.170568556 0.346153855 0.241134748 0.166666672 0.000000000 0.155115515 0.151315793 0.194539249 0.140065148 0.178451180 0.155115515 0.125401929 0.097178683 0.182432428 0.178451180 0.198630139 0.174496651 0.002849003 0.020408163 0.143790856 0.162790701
0.113043480 0.007874016 0.062240664 0.055350553 0.111111112 0.041198503 0.028112451 0.055350553 0.040650405 0.088967972 0.082437277 0.033962265 0.041198503 0.015873017 0.201877937 0.089361705 0.011857707 0.155115515 0.000000000 0.003891051 0.040650405 0.015384615 0.024000000 0.000000000 0.030303031 0.058823530 0.028112451 0.024000000 0.044897959 0.019920319 0.157894731 0.135135129 0.011583012 0.007874016
0.116883114 0.011764706 0.066115700 0.051470589 0.107266434 0.037313432 0.032000002 0.051470589 0.044534411 0.085106380 0.078571431 0.030075189 0.037313432 0.019762846 0.205607474 0.093220338 0.015748031 0.151315793 0.003891051 0.000000000 0.044534411 0.011494253 0.027888447 0.003891051 0.026415095 0.054945055 0.032000002 0.027888447 0.048780486 0.023809524 0.154098362 0.131313130 0.007692308 0.011764706
0.072727270 0.032786883 0.021645023 0.095785439 0.151079133 0.081712060 0.012552301 0.095785439 0.000000000 0.129151285 0.122676581 0.074509807 0.081712060 0.024793388 0.162561581 0.048888888 0.028806584 0.194539249 0.040650405 0.044534411 0.000000000 0.056000002 0.016666668 0.040650405 0.070866145 0.099236645 0.012552301 0.016666668 0.004255319 0.020746889 0.197278917 0.174825177 0.052208837 0.032786883
0.128205135 0.023255814 0.077551022 0.039999999 0.095890410 0.025830258 0.043478262 0.039999999 0.056000002 0.073684208 0.067137808 0.018587360 0.025830258 0.031250000 0.216589868 0.104602508 0.027237354 0.140065148 0.015384615 0.011494253 0.056000002 0.000000000 0.039370079 0.015384615 0.014925373 0.043478262 0.043478262 0.039370079 0.060240965 0.035294119 0.142857149 0.119999997 0.003802281 0.023255814
0.089285716 0.016129032 0.038297873 0.079245284 0.134751767 0.065134101 0.004115226 0.079245284 0.016666668 0.112727270 0.106227107 0.057915058 0.065134101 0.008130081 0.178743958 0.065502182 0.012145749 0.178451180 0.024000000 0.027888447 0.016666668 0.039370079 0.000000000 0.024000000 0.054263566 0.082706764 0.004115226 0.000000000 0.020920502 0.004081632 0.181208059 0.158620685 0.035573121 0.016129032
0.113043480 0.007874016 0.062240664 0.055350553 0.111111112 0.041198503 0.028112451 0.055350553 0.040650405 0.088967972 0.082437277 0.033962265 0.041198503 0.015873017 0.201877937 0.089361705 0.011857707 0.155115515 0.000000000 0.003891051 0.040650405 0.015384615 0.024000000 0.000000000 0.030303031 0.058823530 0.028112451 0.024000000 0.044897959 0.019920319 0.157894731 0.135135129 0.011583012 0.007874016
0.142857149 0.038167939 0.092369474 0.025089607 0.081081077 0.010909091 0.058365759 0.025089607 0.070866145 0.058823530 0.052264810 0.003663004 0.010909091 0.046153847 0.230769232 0.119341567 0.042145595 0.125401929 0.030303031 0.026415095 0.070866145 0.014925373 0.054263566 0.030303031 0.000000000 0.028571429 0.058365759 0.054263566 0.075098813 0.050193049 0.128205135 0.105263159 0.018726591 0.038167939
0.170731708 0.066666670 0.120622568 0.003484321 0.052631579 0.017667845 0.086792454 0.003484321 0.099236645 0.030303031 0.023728814 0.024911031 0.017667845 0.074626863 0.257641912 0.147410363 0.070631973 0.097178683 0.058823530 0.054945055 0.099236645 0.043478262 0.082706764 0.058823530 0.028571429 0.000000000 0.086792454 0.082706764 0.103448279 0.078651689 0.100000001 0.076923080 0.047272727 0.066666670
0.085201792 0.020242915 0.034188036 0.083333336 0.138790041 0.069230773 0.000000000 0.083333336 0.012552301 0.116788320 0.110294119 0.062015504 0.069230773 0.012244898 0.174757287 0.061403509 0.016260162 0.182432428 0.028112451 0.032000002 0.012552301 0.043478262 0.004115226 0.028112451 0.058365759 0.086792454 0.000000000 0.004115226 0.016806724 0.008196721 0.185185179 0.162629753 0.039682541 0.020242915
0.089285716 0.016129032 0.038297873 0.079245284 0.134751767 0.065134101 0.004115226 0.079245284 0.016666668 0.112727270 0.106227107 0.057915058 0.065134101 0.008130081 0.178743958 0.065502182 0.012145749 0.178451180 0.024000000 0.027888447 0.016666668 0.039370079 0.000000000 0.024000000 0.054263566 0.082706764 0.004115226 0.000000000 0.020920502 0.004081632 0.181208059 0.158620685 0.035573121 0.016129032
0.068493150 0.037037037 0.017391304 0.100000001 0.155234650 0.085937500 0.016806724 0.100000001 0.004255319 0.133333340 0.126865670 0.078740157 0.085937500 0.029045643 0.158415839 0.044642858 0.033057850 0.198630139 0.044897959 0.048780486 0.004255319 0.060240965 0.020920502 0.044897959 0.075098813 0.103448279 0.016806724 0.020920502 0.000000000 0.025000000 0.201365188 0.178947374 0.056451611 0.037037037
0.093333334 0.012048192 0.042372882 0.075187966 0.130742043 0.061068702 0.008196721 0.075187966 0.020746889 0.108695649 0.102189779 0.053846154 0.061068702 0.004048583 0.182692304 0.069565214 0.008064516 0.174496651 0.019920319 0.023809524 0.020746889 0.035294119 0.004081632 0.019920319 0.050193049 0.078651689 0.008196721 0.004081632 0.025000000 0.000000000 0.177257523 0.154639170 0.031496063 0.012048192
0.266187042 0.165562913 0.217993081 0.103448279 0.047619049 0.117460318 0.185185179 0.103448279 0.197278917 0.069908813 0.076452598 0.124600641 0.117460318 0.173333332 0.348659009 0.243816257 0.169435218 0.002849003 0.157894731 0.154098362 0.197278917 0.142857149 0.181208059 0.157894731 0.128205135 0.100000001 0.185185179 0.181208059 0.201365188 0.177257523 0.000000000 0.023255814 0.146579802 0.165562913
0.244444445 0.142857149 0.195729539 0.080385849 0.024390243 0.094462544 0.162629753 0.080385849 0.174825177 0.046728972 0.053291537 0.101639345 0.094462544 0.150684938 0.328063250 0.221818179 0.146757677 0.020408163 0.135135129 0.131313130 0.174825177 0.119999997 0.158620685 0.135135129 0.105263159 0.076923080 0.162629753 0.158620685 0.178947374 0.154639170 0.023255814 0.000000000 0.123745821 0.142857149
0.124463521 0.019455252 0.073770493 0.043795619 0.099656358 0.029629629 0.039682541 0.043795619 0.052208837 0.077464789 0.070921987 0.022388060 0.029629629 0.027450981 0.212962970 0.100840338 0.023437500 0.143790856 0.011583012 0.007692308 0.052208837 0.003802281 0.035573121 0.011583012 0.018726591 0.047272727 0.039682541 0.035573121 0.056451611 0.031496063 0.146579802 0.123745821 0.000000000 0.019455252
0.105263159 0.000000000 0.054393306 0.063197024 0.118881121 0.049056605 0.020242915 0.063197024 0.032786883 0.096774191 0.090252705 0.041825093 0.049056605 0.008000000 0.194312796 0.081545062 0.003984064 0.162790701 0.007874016 0.011764706 0.032786883 0.023255814 0.016129032 0.007874016 0.038167939 0.066666670 0.020242915 0.016129032 0.037037037 0.012048192 0.165562913 0.142857149 0.019455252 0.000000000
