0.016493013 0.041429177 0.030074166 0.058611862 0.046946786 0.034874260 0.040005140 0.039565884 0.042768247 0.051539414 0.044718657 0.054269698 0.034114007 0.037105247 0.022854608 0.029109705 0.028828509 0.056870263 0.038723066 0.046844523 0.027269013 0.040887505 0.024410333 0.040361609 0.044756938 0.050294660 0.041174427 0.037326500 0.023066582 0.039899390 0.074243292 0.046727799 0.045262434 0.028964967
0.041429177 0.004638266 0.024972465 0.029489325 0.029078290 0.017638560 0.013793639 0.014028326 0.021627404 0.021827713 0.019706212 0.024234653 0.018901058 0.015603348 0.029467497 0.030364878 0.021425635 0.027244478 0.015962478 0.027905988 0.026513550 0.015949879 0.027464705 0.016754063 0.012927176 0.020525346 0.017034592 0.016898131 0.023215957 0.014083676 0.040582284 0.024371723 0.025968306 0.029419469
0.030074166 0.024972465 0.005725548 0.040937468 0.023485452 0.017134814 0.016823430 0.019723350 0.020720173 0.033904821 0.027293619 0.037471622 0.020190395 0.018650774 0.021416077 0.018232092 0.016458105 0.036953606 0.018327912 0.026751809 0.011568720 0.021123726 0.016223172 0.018916091 0.027389204 0.032701306 0.021555180 0.015646141 0.015316831 0.018950859 0.052783176 0.030436622 0.023248447 0.015832672
0.058611862 0.029489325 0.040937468 0.004564725 0.037315305 0.030256296 0.027514199 0.021899831 0.032545801 0.013136382 0.018354231 0.012656405 0.024233399 0.030068241 0.050369497 0.053633682 0.033768490 0.024536658 0.029961776 0.021728994 0.038796000 0.023314858 0.044903830 0.028438244 0.022073554 0.016645171 0.031193912 0.030572670 0.039034348 0.024724919 0.036406465 0.014794456 0.032369632 0.044035260
0.046946786 0.029078290 0.023485452 0.037315305 -0.002406469 0.019959500 0.012013224 0.021656189 0.025047768 0.024991866 0.019839287 0.026091333 0.014644435 0.018169606 0.034981750 0.032853555 0.018905099 0.049393021 0.020635115 0.018095355 0.021379538 0.015278328 0.028142953 0.013602046 0.025983939 0.017637827 0.023978708 0.020765107 0.024846209 0.020747565 0.070300132 0.020796023 0.030530520 0.029686961
0.034874260 0.017638560 0.017134814 0.030256296 0.019959500 0.007043956 0.008565637 0.010079285 0.013732605 0.023916241 0.017913152 0.025448941 0.013996656 0.008987180 0.025909046 0.021121358 0.012561358 0.028599206 0.013514534 0.018279031 0.014650218 0.013943328 0.021204470 0.012891566 0.018582627 0.021170115 0.014110350 0.010079531 0.018854143 0.011741520 0.044965461 0.023570240 0.022118902 0.020010810
0.040005140 0.013793639 0.016823430 0.027514199 0.012013224 0.008565637 -0.004810688 0.004648412 0.012059744 0.017300049 0.002278526 0.021157378 0.007837241 0.006032933 0.029722316 0.024992568 0.011353188 0.023401339 0.007405052 0.013268391 0.015634716 0.004341580 0.024513721 0.001559330 0.010808137 0.004979584 0.008735757 0.005536705 0.019922480 0.006088064 0.044709865 0.015393664 0.017752208 0.019586295
0.039565884 0.014028326 0.019723350 0.021899831 0.021656189 0.010079285 0.004648412 0.000178416 0.011805842 0.015753906 0.010356136 0.017312914 0.009481922 0.009162200 0.029461686 0.028183457 0.015402582 0.022617238 0.012014386 0.014129867 0.017184008 0.009936731 0.025670640 0.006889762 0.012633181 0.011602426 0.012187263 0.009782519 0.020748161 0.007147740 0.041130677 0.017408747 0.015164305 0.023806261
0.042768247 0.021627404 0.020720173 0.032545801 0.025047768 0.013732605 0.012059744 0.011805842 0.006883353 0.024777858 0.019157171 0.026667323 0.017759992 0.013618870 0.031000581 0.029500304 0.018149709 0.029062733 0.017732166 0.024707017 0.020192269 0.014671411 0.025827907 0.012065623 0.019838583 0.020183628 0.018247399 0.014474454 0.021903809 0.012535952 0.048488159 0.027353304 0.018216152 0.026370483
0.051539414 0.021827713 0.033904821 0.013136382 0.024991866 0.023916241 0.017300049 0.015753906 0.024777858 0.003351862 0.010309219 0.008292075 0.016699616 0.020731371 0.043940477 0.044150330 0.026744395 0.019157058 0.021616923 0.015677551 0.030316969 0.015620632 0.037699282 0.019183025 0.015009879 0.008858016 0.023929618 0.021593044 0.033033270 0.017713400 0.036733434 0.009524679 0.022298679 0.038037803
0.044718657 0.019706212 0.027293619 0.018354231 0.019839287 0.017913152 0.002278526 0.010356136 0.019157171 0.010309219 0.000576716 0.012785316 0.011761598 0.013740264 0.038380578 0.036241211 0.019426355 0.017290391 0.016671099 0.014089831 0.023919359 0.010477359 0.032906659 0.013281543 0.011699755 0.007198682 0.018284304 0.015968524 0.029764671 0.013838573 0.038385935 0.010267148 0.016498828 0.030799758
0.054269698 0.024234653 0.037471622 0.012656405 0.026091333 0.025448941 0.021157378 0.017312914 0.026667323 0.008292075 0.012785316 0.004074029 0.019041421 0.022390425 0.044809155 0.048319630 0.029670127 0.020248506 0.024654107 0.017962245 0.033814751 0.017541055 0.039997429 0.021874733 0.016436677 0.011309828 0.025467467 0.024921229 0.034433559 0.019637834 0.037352763 0.010336795 0.024245951 0.038037993
0.034114007 0.018901058 0.020190395 0.024233399 0.014644435 0.013996656 0.007837241 0.009481922 0.017759992 0.016699616 0.011761598 0.019041421 0.001548080 0.012227654 0.027130088 0.025309877 0.016271118 0.024056647 0.013821520 0.013831167 0.019124556 0.012942801 0.021632753 0.011413954 0.015866879 0.013972696 0.016383154 0.012321908 0.023190029 0.012394957 0.043163598 0.017095421 0.015296942 0.022944385
0.037105247 0.015603348 0.018650774 0.030068241 0.018169606 0.008987180 0.006032933 0.009162200 0.013618870 0.020731371 0.013740264 0.022390425 0.012227654 0.001414543 0.028945718 0.024000013 0.012869690 0.025476154 0.012130520 0.015965220 0.017489851 0.014039740 0.023400633 0.012825196 0.015338512 0.017788921 0.014611529 0.010640498 0.020589581 0.010476440 0.048508011 0.023727236 0.020834863 0.020948412
0.022854608 0.029467497 0.021416077 0.050369497 0.034981750 0.025909046 0.029722316 0.029461686 0.031000581 0.043940477 0.038380578 0.044809155 0.027130088 0.028945718 0.005061954 0.018927580 0.020081155 0.048348233 0.030163866 0.033208631 0.021424837 0.033010080 0.019674052 0.032133766 0.036369711 0.042703472 0.034385912 0.026387012 0.019142039 0.030700151 0.064886607 0.038452532 0.031570729 0.020623034
0.029109705 0.030364878 0.018232092 0.053633682 0.032853555 0.021121358 0.024992568 0.028183457 0.029500304 0.044150330 0.036241211 0.048319630 0.025309877 0.024000013 0.018927580 0.005689332 0.018493764 0.045845792 0.027019989 0.034069750 0.011990549 0.028881628 0.012545120 0.026960811 0.033465795 0.041202120 0.027771067 0.023790345 0.011401774 0.027430072 0.058743276 0.039282136 0.029128790 0.016220042
0.028828509 0.021425635 0.016458105 0.033768490 0.018905099 0.012561358 0.011353188 0.015402582 0.018149709 0.026744395 0.019426355 0.029670127 0.016271118 0.012869690 0.020081155 0.018493764 0.002345850 0.030920167 0.011693206 0.018738890 0.011313040 0.014589190 0.014178991 0.012919074 0.021363603 0.022960175 0.014634840 0.012985090 0.014222035 0.015173612 0.043770373 0.024319854 0.026845921 0.014213255
0.056870263 0.027244478 0.036953606 0.024536658 0.049393021 0.028599206 0.023401339 0.022617238 0.029062733 0.019157058 0.017290391 0.020248506 0.024056647 0.025476154 0.048348233 0.045845792 0.030920167 0.012975655 0.026497029 0.030437529 0.036056008 0.021795135 0.042583808 0.028664097 0.019633327 0.020667514 0.029800156 0.027969217 0.039803531 0.025544792 0.035539396 0.021488380 0.031846885 0.042287976
0.038723066 0.015962478 0.018327912 0.029961776 0.020635115 0.013514534 0.007405052 0.012014386 0.017732166 0.021616923 0.016671099 0.024654107 0.013821520 0.012130520 0.030163866 0.027019989 0.011693206 0.026497029 0.001730251 0.018236242 0.018419299 0.012357462 0.022773329 0.012634745 0.017370202 0.017145216 0.014591776 0.012660161 0.019513417 0.013573132 0.044044573 0.022474982 0.025696609 0.020098651
0.046844523 0.027905988 0.026751809 0.021728994 0.018095355 0.018279031 0.013268391 0.014129867 0.024707017 0.015677551 0.014089831 0.017962245 0.013831167 0.015965220 0.033208631 0.034069750 0.018738890 0.030437529 0.018236242 0.000686707 0.020854656 0.014849277 0.028406724 0.015174459 0.018367026 0.016187835 0.022454465 0.014341904 0.025210802 0.014376154 0.048280552 0.013171609 0.025358096 0.030004358
0.027269013 0.026513550 0.011568720 0.038796000 0.021379538 0.014650218 0.015634716 0.017184008 0.020192269 0.030316969 0.023919359 0.033814751 0.019124556 0.017489851 0.021424837 0.011990549 0.011313040 0.036056008 0.018419299 0.020854656 0.003112726 0.019232290 0.012260050 0.016662031 0.027749620 0.028825633 0.020637978 0.013368133 0.012473934 0.017015304 0.054290507 0.028463185 0.023153108 0.015154282
0.040887505 0.015949879 0.021123726 0.023314858 0.015278328 0.013943328 0.004341580 0.009936731 0.014671411 0.015620632 0.010477359 0.017541055 0.012942801 0.014039740 0.033010080 0.028881628 0.014589190 0.021795135 0.012357462 0.014849277 0.019232290 -0.001083339 0.026174355 0.009392544 0.011827551 0.010453865 0.013248638 0.009797198 0.022944117 0.011473597 0.039219119 0.017626649 0.017660428 0.023966946
0.024410333 0.027464705 0.016223172 0.044903830 0.028142953 0.021204470 0.024513721 0.025670640 0.025827907 0.037699282 0.032906659 0.039997429 0.021632753 0.023400633 0.019674052 0.012545120 0.014178991 0.042583808 0.022773329 0.028406724 0.012260050 0.026174355 0.005528162 0.026133334 0.030368142 0.036260635 0.027788660 0.022130352 0.012841817 0.025833532 0.057068452 0.035258815 0.027321506 0.016674832
0.040361609 0.016754063 0.018916091 0.028438244 0.013602046 0.012891566 0.001559330 0.006889762 0.012065623 0.019183025 0.013281543 0.021874733 0.011413954 0.012825196 0.032133766 0.026960811 0.012919074 0.028664097 0.012634745 0.015174459 0.016662031 0.009392544 0.026133334 -0.001624957 0.015829034 0.014069224 0.011154773 0.008065573 0.021045191 0.008352192 0.049647111 0.023574773 0.017733565 0.022474792
0.044756938 0.012927176 0.027389204 0.022073554 0.025983939 0.018582627 0.010808137 0.012633181 0.019838583 0.015009879 0.011699755 0.016436677 0.015866879 0.015338512 0.036369711 0.033465795 0.021363603 0.019633327 0.017370202 0.018367026 0.027749620 0.011827551 0.030368142 0.015829034 -0.016100056 0.013230275 0.017890781 0.016269993 0.027083725 0.015170856 0.031063858 0.019200739 0.022113847 0.030059434
0.050294660 0.020525346 0.032701306 0.016645171 0.017637827 0.021170115 0.004979584 0.011602426 0.020183628 0.008858016 0.007198682 0.011309828 0.013972696 0.017788921 0.042703472 0.041202120 0.022960175 0.020667514 0.017145216 0.016187835 0.028825633 0.010453865 0.036260635 0.014069224 0.013230275 -0.000449681 0.019921184 0.018028783 0.032059807 0.014320748 0.043707404 0.011296896 0.018012917 0.035117406
0.041174427 0.017034592 0.021555180 0.031193912 0.023978708 0.014110350 0.008735757 0.012187263 0.018247399 0.023929618 0.018284304 0.025467467 0.016383154 0.014611529 0.034385912 0.027771067 0.014634840 0.029800156 0.014591776 0.022454465 0.020637978 0.013248638 0.027788660 0.011154773 0.017890781 0.019921184 0.010237250 0.010003552 0.023388222 0.011841038 0.046667501 0.027717644 0.024542980 0.026609592
0.037326500 0.016898131 0.015646141 0.030572670 0.020765107 0.010079531 0.005536705 0.009782519 0.014474454 0.021593044 0.015968524 0.024921229 0.012321908 0.010640498 0.026387012 0.023790345 0.012985090 0.027969217 0.012660161 0.014341904 0.013368133 0.009797198 0.022130352 0.008065573 0.016269993 0.018028783 0.010003552 0.002426319 0.016274154 0.008107007 0.047269158 0.022475649 0.021544512 0.019109046
0.023066582 0.023215957 0.015316831 0.039034348 0.024846209 0.018854143 0.019922480 0.020748161 0.021903809 0.033033270 0.029764671 0.034433559 0.023190029 0.020589581 0.019142039 0.011401774 0.014222035 0.039803531 0.019513417 0.025210802 0.012473934 0.022944117 0.012841817 0.021045191 0.027083725 0.032059807 0.023388222 0.016274154 0.008243797 0.020363476 0.046794340 0.034534555 0.027089458 0.013168726
0.039899390 0.014083676 0.018950859 0.024724919 0.020747565 0.011741520 0.006088064 0.007147740 0.012535952 0.017713400 0.013838573 0.019637834 0.012394957 0.010476440 0.030700151 0.027430072 0.015173612 0.025544792 0.013573132 0.014376154 0.017015304 0.011473597 0.025833532 0.008352192 0.015170856 0.014320748 0.011841038 0.008107007 0.020363476 0.002568234 0.044268958 0.017558597 0.016788859 0.022688437
0.074243292 0.040582284 0.052783176 0.036406465 0.070300132 0.044965461 0.044709865 0.041130677 0.048488159 0.036733434 0.038385935 0.037352763 0.043163598 0.048508011 0.064886607 0.058743276 0.043770373 0.035539396 0.044044573 0.048280552 0.054290507 0.039219119 0.057068452 0.049647111 0.031063858 0.043707404 0.046667501 0.047269158 0.046794340 0.044268958 -0.008744808 0.037121251 0.055635713 0.055607878
0.046727799 0.024371723 0.030436622 0.014794456 0.020796023 0.023570240 0.015393664 0.017408747 0.027353304 0.009524679 0.010267148 0.010336795 0.017095421 0.023727236 0.038452532 0.039282136 0.024319854 0.021488380 0.022474982 0.013171609 0.028463185 0.017626649 0.035258815 0.023574773 0.019200739 0.011296896 0.027717644 0.022475649 0.034534555 0.017558597 0.037121251 0.003126568 0.021861440 0.037245609
0.045262434 0.025968306 0.023248447 0.032369632 0.030530520 0.022118902 0.017752208 0.015164305 0.018216152 0.022298679 0.016498828 0.024245951 0.015296942 0.020834863 0.031570729 0.029128790 0.026845921 0.031846885 0.025696609 0.025358096 0.023153108 0.017660428 0.027321506 0.017733565 0.022113847 0.018012917 0.024542980 0.021544512 0.027089458 0.016788859 0.055635713 0.021861440 -0.005796157 0.030359738
0.028964967 0.029419469 0.015832672 0.044035260 0.029686961 0.020010810 0.019586295 0.023806261 0.026370483 0.038037803 0.030799758 0.038037993 0.022944385 0.020948412 0.020623034 0.016220042 0.014213255 0.042287976 0.020098651 0.030004358 0.015154282 0.023966946 0.016674832 0.022474792 0.030059434 0.035117406 0.026609592 0.019109046 0.013168726 0.022688437 0.055607878 0.037245609 0.030359738 0.010618836
