0.014420297 0.041461736 0.035354599 0.054451872 0.038280729 0.036304880 0.039027378 0.035493929 0.045460239 0.047207966 0.044690114 0.052515216 0.035999559 0.036947742 0.024900705 0.029255386 0.028694596 0.059565715 0.039911404 0.043282270 0.030254588 0.036752865 0.024968904 0.039050531 0.043516949 0.053651620 0.043001086 0.041443914 0.028163893 0.039093148 0.075328104 0.033226866 0.041189294 0.025872808
0.041461736 0.005607549 0.024526188 0.027928293 0.026335340 0.023236502 0.014272026 0.014705284 0.023137428 0.021121148 0.019645683 0.025969831 0.017542606 0.021361586 0.035373330 0.029832950 0.024144877 0.025926793 0.018122826 0.025853844 0.029833585 0.017421054 0.028217094 0.017245462 0.017692948 0.022377834 0.019025106 0.018822677 0.035108417 0.012550765 0.046627745 0.023255073 0.031493016 0.033343516
0.035354599 0.024526188 0.011546828 0.038789995 0.022741774 0.020757798 0.016931789 0.019965915 0.024134956 0.032200594 0.027188107 0.036177624 0.021155715 0.021226507 0.031187939 0.023363205 0.017732225 0.042934343 0.021343343 0.023756240 0.017417271 0.019723019 0.020216167 0.018011943 0.028426735 0.034210313 0.024871146 0.020063631 0.019867737 0.020427480 0.063996732 0.024277858 0.026332662 0.019115312
0.054451872 0.027928293 0.038789995 -0.003932570 0.024423361 0.030244179 0.026268970 0.016811442 0.031064177 0.007597265 0.016316663 0.009760269 0.022533476 0.030662825 0.051405407 0.051708084 0.032724410 0.020096328 0.030322827 0.016849192 0.039123990 0.021689206 0.042160891 0.028257858 0.017877296 0.015711971 0.030332360 0.029711375 0.042297173 0.021044061 0.035886213 0.004097754 0.027837167 0.040077396
0.038280729 0.026335340 0.022741774 0.024423361 0.002736383 0.017941393 0.014738507 0.011534078 0.023259934 0.021642473 0.019336741 0.023529014 0.018340539 0.018902643 0.033549018 0.030605650 0.018393150 0.034405485 0.023581464 0.012248741 0.021678429 0.016735621 0.024204072 0.017714091 0.014098804 0.018198185 0.023507657 0.017974004 0.022513989 0.013893051 0.060880385 0.019795265 0.014425775 0.027321670
0.036304880 0.023236502 0.020757798 0.030244179 0.017941393 0.008478218 0.008868776 0.011167236 0.019171849 0.024700604 0.019051021 0.028425019 0.016344436 0.013114356 0.029617406 0.024339130 0.013567825 0.031735126 0.017999496 0.015731800 0.017678494 0.013342845 0.019319892 0.012838941 0.019554395 0.022915272 0.018089332 0.013114938 0.019085690 0.013226733 0.052174546 0.016928505 0.020188803 0.018216733
0.039027378 0.014272026 0.016931789 0.026268970 0.014738507 0.008868776 -0.005021697 0.002159762 0.012833063 0.017266359 0.002096387 0.021947591 0.008022307 0.005097291 0.032240704 0.025933558 0.011461803 0.024102695 0.009622382 0.010211398 0.016546452 0.003385140 0.024873137 0.002108655 0.007783001 0.004187038 0.010433416 0.005355827 0.020152520 0.004715286 0.048920203 0.014631446 0.015384370 0.020562813
0.035493929 0.014705284 0.019965915 0.016811442 0.011534078 0.011167236 0.002159762 -0.001500250 0.012660240 0.011303705 0.007963173 0.016335502 0.008032115 0.010795055 0.029763130 0.026577618 0.014660904 0.022170378 0.012327019 0.007855207 0.016416267 0.006826542 0.022364195 0.006111896 0.014471604 0.010889897 0.012468142 0.010924343 0.023876183 0.004726440 0.043118954 0.010565864 0.013096776 0.020410653
0.045460239 0.023137428 0.024134956 0.031064177 0.023259934 0.019171849 0.012833063 0.012660240 0.009785213 0.024642548 0.019905353 0.028351564 0.017283101 0.018779697 0.038442209 0.031457528 0.020743567 0.030886361 0.020503957 0.022543842 0.026259530 0.015370764 0.028033001 0.012747593 0.024403743 0.023432869 0.021753887 0.020318579 0.032550588 0.013384995 0.059029792 0.020877242 0.023361497 0.027214661
0.047207966 0.021121148 0.032200594 0.007597265 0.021642473 0.024700604 0.017266359 0.011303705 0.024642548 -0.000506248 0.009821520 0.005440570 0.016780790 0.021117441 0.043590277 0.042510033 0.027873140 0.016078146 0.023044489 0.011396651 0.031465452 0.015541155 0.035778631 0.020436160 0.012801158 0.010390799 0.024050198 0.023562960 0.036688432 0.015322044 0.035885539 0.002889219 0.021098956 0.035836466
0.044690114 0.019645683 0.027188107 0.016316663 0.019336741 0.019051021 0.002096387 0.007963173 0.019905353 0.009821520 0.000516342 0.012939012 0.011954576 0.013915917 0.042305455 0.038665742 0.019747389 0.019023720 0.018533301 0.010413129 0.026489699 0.009310000 0.034668647 0.014002571 0.008723823 0.006586168 0.020105144 0.016706590 0.031663593 0.012714579 0.042813849 0.008894529 0.014770444 0.032274112
0.052515216 0.025969831 0.036177624 0.009760269 0.023529014 0.028425019 0.021947591 0.016335502 0.028351564 0.005440570 0.012939012 0.003489037 0.018990234 0.024970274 0.047719151 0.048005626 0.031825233 0.019203875 0.027048938 0.013043826 0.033946063 0.018216997 0.040086418 0.023607749 0.015818024 0.011212404 0.027264278 0.024574671 0.039560921 0.018659882 0.039387301 0.009720243 0.025025539 0.038997207
0.035999559 0.017542606 0.021155715 0.022533476 0.018340539 0.016344436 0.008022307 0.008032115 0.017283101 0.016780790 0.011954576 0.018990234 0.001360232 0.014083719 0.034254193 0.027819201 0.017489439 0.025543489 0.013788909 0.009430061 0.022235461 0.012414809 0.024539035 0.011721969 0.014135830 0.013376636 0.018097507 0.013002899 0.026446305 0.010644208 0.048648380 0.019183280 0.014767236 0.027177125
0.036947742 0.021361586 0.021226507 0.030662825 0.018902643 0.013114356 0.005097291 0.010795055 0.018779697 0.021117441 0.013915917 0.024970274 0.014083719 0.009209713 0.029015865 0.026871074 0.013936842 0.028774876 0.016400093 0.014785202 0.017094700 0.012482068 0.020050678 0.011509904 0.017241959 0.018232893 0.017895374 0.013669292 0.018896747 0.011646710 0.055455811 0.021025462 0.018617991 0.020425934
0.024900705 0.035373330 0.031187939 0.051405407 0.033549018 0.029617406 0.032240704 0.029763130 0.038442209 0.043590277 0.042305455 0.047719151 0.034254193 0.029015865 0.007936813 0.025787748 0.022354912 0.058206201 0.035749227 0.036370758 0.026374612 0.032095738 0.021769777 0.034147523 0.034390025 0.049325563 0.040210202 0.033227175 0.019171417 0.035475004 0.070424065 0.033023223 0.027461587 0.019122815
0.029255386 0.029832950 0.023363205 0.051708084 0.030605650 0.024339130 0.025933558 0.026577618 0.031457528 0.042510033 0.038665742 0.048005626 0.027819201 0.026871074 0.025787748 0.004459434 0.019656708 0.051298883 0.029636038 0.032268643 0.015870187 0.027735917 0.014913487 0.027724223 0.034867935 0.042554736 0.030525180 0.026669199 0.018128268 0.028013092 0.065149918 0.035140991 0.029421091 0.018599868
0.028694596 0.024144877 0.017732225 0.032724410 0.018393150 0.013567825 0.011461803 0.014660904 0.020743567 0.027873140 0.019747389 0.031825233 0.017489439 0.013936842 0.022354912 0.019656708 0.002915002 0.032424733 0.015161108 0.015945297 0.011857601 0.014019307 0.013402857 0.013072737 0.021063879 0.023528125 0.017228166 0.014636271 0.014440169 0.014754369 0.049294610 0.019800013 0.023757488 0.013177633
0.059565715 0.025926793 0.042934343 0.020096328 0.034405485 0.031735126 0.024102695 0.022170378 0.030886361 0.016078146 0.019023720 0.019203875 0.025543489 0.028774876 0.058206201 0.051298883 0.032424733 0.017233722 0.028855085 0.026251994 0.041609574 0.021003699 0.047819730 0.028725959 0.020601470 0.024232494 0.032202933 0.030925799 0.048499513 0.025880588 0.040611189 0.014740614 0.032810047 0.043811098
0.039911404 0.018122826 0.021343343 0.030322827 0.023581464 0.017999496 0.009622382 0.012327019 0.020503957 0.023044489 0.018533301 0.027048938 0.013788909 0.016400093 0.035749227 0.029636038 0.015161108 0.028855085 0.006006460 0.018231478 0.022319373 0.013275579 0.025486441 0.014807524 0.018348128 0.018869143 0.018274218 0.016644832 0.025336135 0.014436203 0.050276265 0.023238465 0.027397938 0.024045613
0.043282270 0.025853844 0.023756240 0.016849192 0.012248741 0.015731800 0.010211398 0.007855207 0.022543842 0.011396651 0.010413129 0.013043826 0.009430061 0.014785202 0.036370758 0.032268643 0.015945297 0.026251994 0.018231478 -0.006388496 0.022065951 0.011125577 0.023401204 0.012205966 0.014177968 0.014447806 0.020450067 0.012100521 0.022455066 0.009019627 0.051438585 0.004893797 0.018847749 0.028060410
0.030254588 0.029833585 0.017417271 0.039123990 0.021678429 0.017678494 0.016546452 0.016416267 0.026259530 0.031465452 0.026489699 0.033946063 0.022235461 0.017094700 0.026374612 0.015870187 0.011857601 0.041609574 0.022319373 0.022065951 0.008005274 0.018218253 0.013481730 0.016677886 0.024321875 0.032804880 0.024063084 0.018302560 0.011725893 0.018874913 0.065042660 0.023488466 0.021497570 0.016213041
0.036752865 0.017421054 0.019723019 0.021689206 0.016735621 0.013342845 0.003385140 0.006826542 0.015370764 0.015541155 0.009310000 0.018216997 0.012414809 0.012482068 0.032095738 0.027735917 0.014019307 0.021003699 0.013275579 0.011125577 0.018218253 -0.001352435 0.024027554 0.009647490 0.007483912 0.009267060 0.014452969 0.009182097 0.022273423 0.009343661 0.040656075 0.015522601 0.013518821 0.022650950
0.024968904 0.028217094 0.020216167 0.042160891 0.024204072 0.019319892 0.024873137 0.022364195 0.028033001 0.035778631 0.034668647 0.040086418 0.024539035 0.020050678 0.021769777 0.014913487 0.013402857 0.047819730 0.025486441 0.023401204 0.013481730 0.024027554 0.007647377 0.026324365 0.024283130 0.036563091 0.030679304 0.022706989 0.010313893 0.026402194 0.061433867 0.028068393 0.021909595 0.014377680
0.039050531 0.017245462 0.018011943 0.028257858 0.017714091 0.012838941 0.002108655 0.006111896 0.012747593 0.020436160 0.014002571 0.023607749 0.011721969 0.011509904 0.034147523 0.027724223 0.013072737 0.028725959 0.014807524 0.012205966 0.016677886 0.009647490 0.026324365 -0.000339386 0.012919132 0.012859367 0.013158658 0.007900627 0.020720750 0.007107767 0.054943532 0.024436004 0.014574878 0.022841064
0.043516949 0.017692948 0.028426735 0.017877296 0.014098804 0.019554395 0.007783001 0.014471604 0.024403743 0.012801158 0.008723823 0.015818024 0.014135830 0.017241959 0.034390025 0.034867935 0.021063879 0.020601470 0.018348128 0.014177968 0.024321875 0.007483912 0.024283130 0.012919132 -0.010316535 0.010425746 0.017680215 0.015702588 0.024927452 0.014561660 0.038665667 0.012491233 0.019283734 0.027272491
0.053651620 0.022377834 0.034210313 0.015711971 0.018198185 0.022915272 0.004187038 0.010889897 0.023432869 0.010390799 0.006586168 0.011212404 0.013376636 0.018232893 0.049325563 0.042554736 0.023528125 0.024232494 0.018869143 0.014447806 0.032804880 0.009267060 0.036563091 0.012859367 0.010425746 -0.000443747 0.022440773 0.019882536 0.030902471 0.013537027 0.053751446 0.010298839 0.017367832 0.039804872
0.043001086 0.019025106 0.024871146 0.030332360 0.023507657 0.018089332 0.010433416 0.012468142 0.021753887 0.024050198 0.020105144 0.027264278 0.018097507 0.017895374 0.040210202 0.030525180 0.017228166 0.032202933 0.018274218 0.020450067 0.024063084 0.014452969 0.030679304 0.013158658 0.017680215 0.022440773 0.013802636 0.012559026 0.029577654 0.012366145 0.053802308 0.026242999 0.026274953 0.029684825
0.041443914 0.018822677 0.020063631 0.029711375 0.017974004 0.013114938 0.005355827 0.010924343 0.020318579 0.023562960 0.016706590 0.024574671 0.013002899 0.013669292 0.033227175 0.026669199 0.014636271 0.030925799 0.016644832 0.012100521 0.018302560 0.009182097 0.022706989 0.007900627 0.015702588 0.019882536 0.012559026 0.006993786 0.020555701 0.009503755 0.060255609 0.015697498 0.022821054 0.020154383
0.028163893 0.035108417 0.019867737 0.042297173 0.022513989 0.019085690 0.020152520 0.023876183 0.032550588 0.036688432 0.031663593 0.039560921 0.026446305 0.018896747 0.019171417 0.018128268 0.014440169 0.048499513 0.025336135 0.022455066 0.011725893 0.022273423 0.010313893 0.020720750 0.024927452 0.030902471 0.029577654 0.020555701 -0.000639595 0.024867818 0.062848642 0.025193676 0.023828339 0.009997735
0.039093148 0.012550765 0.020427480 0.021044061 0.013893051 0.013226733 0.004715286 0.004726440 0.013384995 0.015322044 0.012714579 0.018659882 0.010644208 0.011646710 0.035475004 0.028013092 0.014754369 0.025880588 0.014436203 0.009019627 0.018874913 0.009343661 0.026402194 0.007107767 0.014561660 0.013537027 0.012366145 0.009503755 0.024867818 0.000842536 0.049340278 0.010304341 0.017050531 0.021694293
0.075328104 0.046627745 0.063996732 0.035886213 0.060880385 0.052174546 0.048920203 0.043118954 0.059029792 0.035885539 0.042813849 0.039387301 0.048648380 0.055455811 0.070424065 0.065149918 0.049294610 0.040611189 0.050276265 0.051438585 0.065042660 0.040656075 0.061433867 0.054943532 0.038665667 0.053751446 0.053802308 0.060255609 0.062848642 0.049340278 -0.005329113 0.028037295 0.058760166 0.056529760
0.033226866 0.023255073 0.024277858 0.004097754 0.019795265 0.016928505 0.014631446 0.010565864 0.020877242 0.002889219 0.008894529 0.009720243 0.019183280 0.021025462 0.033023223 0.035140991 0.019800013 0.014740614 0.023238465 0.004893797 0.023488466 0.015522601 0.028068393 0.024436004 0.012491233 0.010298839 0.026242999 0.015697498 0.025193676 0.010304341 0.028037295 0.001315507 0.006712389 0.025834622
0.041189294 0.031493016 0.026332662 0.027837167 0.014425775 0.020188803 0.015384370 0.013096776 0.023361497 0.021098956 0.014770444 0.025025539 0.014767236 0.018617991 0.027461587 0.029421091 0.023757488 0.032810047 0.027397938 0.018847749 0.021497570 0.013518821 0.021909595 0.014574878 0.019283734 0.017367832 0.026274953 0.022821054 0.023828339 0.017050531 0.058760166 0.006712389 -0.014173280 0.019909954
0.025872808 0.033343516 0.019115312 0.040077396 0.027321670 0.018216733 0.020562813 0.020410653 0.027214661 0.035836466 0.032274112 0.038997207 0.027177125 0.020425934 0.019122815 0.018599868 0.013177633 0.043811098 0.024045613 0.028060410 0.016213041 0.022650950 0.014377680 0.022841064 0.027272491 0.039804872 0.029684825 0.020154383 0.009997735 0.021694293 0.056529760 0.025834622 0.019909954 0.005597029
