0.000000000 0.141552508 0.129629627 0.186147183 0.295880139 0.055276383 0.104761906 0.160714284 0.145454541 0.193133041 0.175438598 0.203389823 0.156950668 0.137614682 0.074285716 0.064676620 0.137614682 0.193133041 0.050505050 0.203389823 0.078431375 0.137614682 0.050505050 0.104761906 0.250996023 0.213389128 0.129629627 0.078431375 0.045685280 0.149321273 0.344947726 0.164444447 0.235772356 0.129629627
0.141552508 0.000000000 0.012145749 0.045801528 0.161073819 0.086956523 0.037344400 0.019607844 0.003984064 0.053030305 0.034749035 0.063670412 0.015748031 0.004016064 0.213592231 0.077586204 0.004016064 0.053030305 0.091703057 0.063670412 0.063829787 0.004016064 0.091703057 0.037344400 0.113475174 0.074074075 0.012145749 0.063829787 0.096491225 0.007936508 0.213836476 0.023437500 0.097472921 0.012145749
0.129629627 0.012145749 0.000000000 0.057915058 0.172881350 0.074889868 0.025210084 0.031746034 0.016129032 0.065134101 0.046875000 0.075757578 0.027888447 0.008130081 0.201970443 0.065502182 0.008130081 0.065134101 0.079646021 0.075757578 0.051724140 0.008130081 0.079646021 0.025210084 0.125448033 0.086142324 0.000000000 0.051724140 0.084444441 0.020080321 0.225396827 0.035573121 0.109489053 0.000000000
0.186147183 0.045801528 0.057915058 0.000000000 0.116129033 0.132231399 0.083003953 0.026217228 0.041825093 0.007246377 0.011070111 0.017921148 0.030075189 0.049808428 0.256880730 0.122950822 0.049808428 0.007246377 0.136929467 0.017921148 0.109311745 0.049808428 0.136929467 0.083003953 0.068027213 0.028368793 0.057915058 0.109311745 0.141666666 0.037878789 0.169696972 0.022388060 0.051903114 0.057915058
0.295880139 0.161073819 0.172881350 0.116129033 0.000000000 0.244604319 0.197231829 0.141914189 0.157190636 0.108974360 0.127035826 0.098412700 0.145695359 0.164983168 0.362204731 0.235714287 0.164983168 0.108974360 0.249097466 0.098412700 0.222614840 0.164983168 0.249097466 0.197231829 0.048484847 0.088050313 0.172881350 0.222614840 0.253623188 0.153333336 0.054644808 0.138157889 0.064615384 0.172881350
0.055276383 0.086956523 0.074889868 0.132231399 0.244604319 0.000000000 0.049773756 0.106382981 0.090909094 0.139344260 0.121338911 0.149797574 0.102564104 0.082969435 0.129032254 0.009433962 0.082969435 0.139344260 0.004784689 0.149797574 0.023255814 0.082969435 0.004784689 0.049773756 0.198473290 0.159999996 0.074889868 0.023255814 0.009615385 0.094827585 0.295302004 0.110169493 0.182879373 0.074889868
0.104761906 0.037344400 0.025210084 0.083003953 0.197231829 0.049773756 0.000000000 0.056910571 0.041322313 0.090196081 0.071999997 0.100775197 0.053061225 0.033333335 0.177664980 0.040358745 0.033333335 0.090196081 0.054545455 0.100775197 0.026548672 0.033333335 0.054545455 0.000000000 0.150183156 0.111111112 0.025210084 0.026548672 0.059360731 0.045267489 0.249190941 0.060728744 0.134328365 0.025210084
0.160714284 0.019607844 0.031746034 0.026217228 0.141914189 0.106382981 0.056910571 0.000000000 0.015625000 0.033457249 0.015151516 0.044117648 0.003861004 0.023622047 0.232227489 0.097046413 0.023622047 0.033457249 0.111111112 0.044117648 0.083333336 0.023622047 0.111111112 0.056910571 0.094076656 0.054545455 0.031746034 0.083333336 0.115879826 0.011673152 0.195046440 0.003831418 0.078014188 0.031746034
0.145454541 0.003984064 0.016129032 0.041825093 0.157190636 0.090909094 0.041322313 0.015625000 0.000000000 0.049056605 0.030769231 0.059701491 0.011764706 0.008000000 0.217391297 0.081545062 0.008000000 0.049056605 0.095652170 0.059701491 0.067796610 0.008000000 0.095652170 0.041322313 0.109540634 0.070110701 0.016129032 0.067796610 0.100436680 0.003952569 0.210031345 0.019455252 0.093525179 0.016129032
0.193133041 0.053030305 0.065134101 0.007246377 0.108974360 0.139344260 0.090196081 0.033457249 0.049056605 0.000000000 0.018315019 0.010676157 0.037313432 0.057034221 0.263636351 0.130081296 0.057034221 0.000000000 0.144032925 0.010676157 0.116465867 0.057034221 0.144032925 0.090196081 0.060810812 0.021126760 0.065134101 0.116465867 0.148760334 0.045112781 0.162650600 0.029629629 0.044673540 0.065134101
0.175438598 0.034749035 0.046875000 0.011070111 0.127035826 0.121338911 0.071999997 0.015151516 0.030769231 0.018315019 0.000000000 0.028985508 0.019011406 0.038759690 0.246511623 0.112033196 0.038759690 0.018315019 0.126050428 0.028985508 0.098360658 0.038759690 0.126050428 0.071999997 0.079037800 0.039426524 0.046875000 0.098360658 0.130801693 0.026819924 0.180428132 0.011320755 0.062937066 0.046875000
0.203389823 0.063670412 0.075757578 0.017921148 0.098412700 0.149797574 0.100775197 0.044117648 0.059701491 0.010676157 0.028985508 0.000000000 0.047970481 0.067669176 0.273542613 0.140562251 0.067669176 0.010676157 0.154471546 0.000000000 0.126984134 0.067669176 0.154471546 0.100775197 0.050167225 0.010452962 0.075757578 0.126984134 0.159183666 0.055762082 0.152238801 0.040293042 0.034013607 0.075757578
0.156950668 0.015748031 0.027888447 0.030075189 0.145695359 0.102564104 0.053061225 0.003861004 0.011764706 0.037313432 0.019011406 0.047970481 0.000000000 0.019762846 0.228571430 0.093220338 0.019762846 0.037313432 0.107296139 0.047970481 0.079497911 0.019762846 0.107296139 0.053061225 0.097902097 0.058394160 0.027888447 0.079497911 0.112068966 0.007812500 0.198757768 0.007692308 0.081850536 0.027888447
0.137614682 0.004016064 0.008130081 0.049808428 0.164983168 0.082969435 0.033333335 0.023622047 0.008000000 0.057034221 0.038759690 0.067669176 0.019762846 0.000000000 0.209756091 0.073593073 0.000000000 0.057034221 0.087719299 0.067669176 0.059829060 0.000000000 0.087719299 0.033333335 0.117437720 0.078066915 0.008130081 0.059829060 0.092511013 0.011952192 0.217665613 0.027450981 0.101449274 0.008130081
0.074285716 0.213592231 0.201970443 0.256880730 0.362204731 0.129032254 0.177664980 0.232227489 0.217391297 0.263636351 0.246511623 0.273542613 0.228571430 0.209756091 0.000000000 0.138297871 0.209756091 0.263636351 0.124324322 0.273542613 0.151832461 0.209756091 0.124324322 0.177664980 0.319327742 0.283185840 0.201970443 0.151832461 0.119565219 0.221153840 0.408759117 0.235849053 0.304721028 0.201970443
0.064676620 0.077586204 0.065502182 0.122950822 0.235714287 0.009433962 0.040358745 0.097046413 0.081545062 0.130081296 0.112033196 0.140562251 0.093220338 0.073593073 0.138297871 0.000000000 0.073593073 0.130081296 0.014218009 0.140562251 0.013824885 0.073593073 0.014218009 0.040358745 0.189393938 0.150793657 0.065502182 0.013824885 0.019047620 0.085470088 0.286666662 0.100840338 0.173745170 0.065502182
0.137614682 0.004016064 0.008130081 0.049808428 0.164983168 0.082969435 0.033333335 0.023622047 0.008000000 0.057034221 0.038759690 0.067669176 0.019762846 0.000000000 0.209756091 0.073593073 0.000000000 0.057034221 0.087719299 0.067669176 0.059829060 0.000000000 0.087719299 0.033333335 0.117437720 0.078066915 0.008130081 0.059829060 0.092511013 0.011952192 0.217665613 0.027450981 0.101449274 0.008130081
0.193133041 0.053030305 0.065134101 0.007246377 0.108974360 0.139344260 0.090196081 0.033457249 0.049056605 0.000000000 0.018315019 0.010676157 0.037313432 0.057034221 0.263636351 0.130081296 0.057034221 0.000000000 0.144032925 0.010676157 0.116465867 0.057034221 0.144032925 0.090196081 0.060810812 0.021126760 0.065134101 0.116465867 0.148760334 0.045112781 0.162650600 0.029629629 0.044673540 0.065134101
0.050505050 0.091703057 0.079646021 0.136929467 0.249097466 0.004784689 0.054545455 0.111111112 0.095652170 0.144032925 0.126050428 0.154471546 0.107296139 0.087719299 0.124324322 0.014218009 0.087719299 0.144032925 0.000000000 0.154471546 0.028037382 0.087719299 0.000000000 0.054545455 0.203065127 0.164658636 0.079646021 0.028037382 0.004830918 0.099567100 0.299663305 0.114893615 0.187500000 0.079646021
0.203389823 0.063670412 0.075757578 0.017921148 0.098412700 0.149797574 0.100775197 0.044117648 0.059701491 0.010676157 0.028985508 0.000000000 0.047970481 0.067669176 0.273542613 0.140562251 0.067669176 0.010676157 0.154471546 0.000000000 0.126984134 0.067669176 0.154471546 0.100775197 0.050167225 0.010452962 0.075757578 0.126984134 0.159183666 0.055762082 0.152238801 0.040293042 0.034013607 0.075757578
0.078431375 0.063829787 0.051724140 0.109311745 0.222614840 0.023255814 0.026548672 0.083333336 0.067796610 0.116465867 0.098360658 0.126984134 0.079497911 0.059829060 0.151832461 0.013824885 0.059829060 0.116465867 0.028037382 0.126984134 0.000000000 0.059829060 0.028037382 0.026548672 0.176029965 0.137254909 0.051724140 0.000000000 0.032863848 0.071729958 0.273927391 0.087136932 0.160305336 0.051724140
0.137614682 0.004016064 0.008130081 0.049808428 0.164983168 0.082969435 0.033333335 0.023622047 0.008000000 0.057034221 0.038759690 0.067669176 0.019762846 0.000000000 0.209756091 0.073593073 0.000000000 0.057034221 0.087719299 0.067669176 0.059829060 0.000000000 0.087719299 0.033333335 0.117437720 0.078066915 0.008130081 0.059829060 0.092511013 0.011952192 0.217665613 0.027450981 0.101449274 0.008130081
0.050505050 0.091703057 0.079646021 0.136929467 0.249097466 0.004784689 0.054545455 0.111111112 0.095652170 0.144032925 0.126050428 0.154471546 0.107296139 0.087719299 0.124324322 0.014218009 0.087719299 0.144032925 0.000000000 0.154471546 0.028037382 0.087719299 0.000000000 0.054545455 0.203065127 0.164658636 0.079646021 0.028037382 0.004830918 0.099567100 0.299663305 0.114893615 0.187500000 0.079646021
0.104761906 0.037344400 0.025210084 0.083003953 0.197231829 0.049773756 0.000000000 0.056910571 0.041322313 0.090196081 0.071999997 0.100775197 0.053061225 0.033333335 0.177664980 0.040358745 0.033333335 0.090196081 0.054545455 0.100775197 0.026548672 0.033333335 0.054545455 0.000000000 0.150183156 0.111111112 0.025210084 0.026548672 0.059360731 0.045267489 0.249190941 0.060728744 0.134328365 0.025210084
0.250996023 0.113475174 0.125448033 0.068027213 0.048484847 0.198473290 0.150183156 0.094076656 0.109540634 0.060810812 0.079037800 0.050167225 0.097902097 0.117437720 0.319327742 0.189393938 0.117437720 0.060810812 0.203065127 0.050167225 0.176029965 0.117437720 0.203065127 0.150183156 0.000000000 0.039735101 0.125448033 0.176029965 0.207692310 0.105633803 0.102857143 0.090277776 0.016181231 0.125448033
0.213389128 0.074074075 0.086142324 0.028368793 0.088050313 0.159999996 0.111111112 0.054545455 0.070110701 0.021126760 0.039426524 0.010452962 0.058394160 0.078066915 0.283185840 0.150793657 0.078066915 0.021126760 0.164658636 0.010452962 0.137254909 0.078066915 0.164658636 0.111111112 0.039735101 0.000000000 0.086142324 0.137254909 0.169354841 0.066176474 0.142011836 0.050724637 0.023569023 0.086142324
0.129629627 0.012145749 0.000000000 0.057915058 0.172881350 0.074889868 0.025210084 0.031746034 0.016129032 0.065134101 0.046875000 0.075757578 0.027888447 0.008130081 0.201970443 0.065502182 0.008130081 0.065134101 0.079646021 0.075757578 0.051724140 0.008130081 0.079646021 0.025210084 0.125448033 0.086142324 0.000000000 0.051724140 0.084444441 0.020080321 0.225396827 0.035573121 0.109489053 0.000000000
0.078431375 0.063829787 0.051724140 0.109311745 0.222614840 0.023255814 0.026548672 0.083333336 0.067796610 0.116465867 0.098360658 0.126984134 0.079497911 0.059829060 0.151832461 0.013824885 0.059829060 0.116465867 0.028037382 0.126984134 0.000000000 0.059829060 0.028037382 0.026548672 0.176029965 0.137254909 0.051724140 0.000000000 0.032863848 0.071729958 0.273927391 0.087136932 0.160305336 0.051724140
0.045685280 0.096491225 0.084444441 0.141666666 0.253623188 0.009615385 0.059360731 0.115879826 0.100436680 0.148760334 0.130801693 0.159183666 0.112068966 0.092511013 0.119565219 0.019047620 0.092511013 0.148760334 0.004830918 0.159183666 0.032863848 0.092511013 0.004830918 0.059360731 0.207692310 0.169354841 0.084444441 0.032863848 0.000000000 0.104347825 0.304054052 0.119658120 0.192156866 0.084444441
0.149321273 0.007936508 0.020080321 0.037878789 0.153333336 0.094827585 0.045267489 0.011673152 0.003952569 0.045112781 0.026819924 0.055762082 0.007812500 0.011952192 0.221153840 0.085470088 0.011952192 0.045112781 0.099567100 0.055762082 0.071729958 0.011952192 0.099567100 0.045267489 0.105633803 0.066176474 0.020080321 0.071729958 0.104347825 0.000000000 0.206249997 0.015503876 0.089605734 0.020080321
0.344947726 0.213836476 0.225396827 0.169696972 0.054644808 0.295302004 0.249190941 0.195046440 0.210031345 0.162650600 0.180428132 0.152238801 0.198757768 0.217665613 0.408759117 0.286666662 0.217665613 0.162650600 0.299663305 0.152238801 0.273927391 0.217665613 0.299663305 0.249190941 0.102857143 0.142011836 0.225396827 0.273927391 0.304054052 0.206249997 0.000000000 0.191358030 0.118840583 0.225396827
0.164444447 0.023437500 0.035573121 0.022388060 0.138157889 0.110169493 0.060728744 0.003831418 0.019455252 0.029629629 0.011320755 0.040293042 0.007692308 0.027450981 0.235849053 0.100840338 0.027450981 0.029629629 0.114893615 0.040293042 0.087136932 0.027450981 0.114893615 0.060728744 0.090277776 0.050724637 0.035573121 0.087136932 0.119658120 0.015503876 0.191358030 0.000000000 0.074204944 0.035573121
0.235772356 0.097472921 0.109489053 0.051903114 0.064615384 0.182879373 0.134328365 0.078014188 0.093525179 0.044673540 0.062937066 0.034013607 0.081850536 0.101449274 0.304721028 0.173745170 0.101449274 0.044673540 0.187500000 0.034013607 0.160305336 0.101449274 0.187500000 0.134328365 0.016181231 0.023569023 0.109489053 0.160305336 0.192156866 0.089605734 0.118840583 0.074204944 0.000000000 0.109489053
0.129629627 0.012145749 0.000000000 0.057915058 0.172881350 0.074889868 0.025210084 0.031746034 0.016129032 0.065134101 0.046875000 0.075757578 0.027888447 0.008130081 0.201970443 0.065502182 0.008130081 0.065134101 0.079646021 0.075757578 0.051724140 0.008130081 0.079646021 0.025210084 0.125448033 0.086142324 0.000000000 0.051724140 0.084444441 0.020080321 0.225396827 0.035573121 0.109489053 0.000000000
