0.013063781 0.039641827 0.028540051 0.064768031 0.041525826 0.037113063 0.040617369 0.049617410 0.041915737 0.051738683 0.047717702 0.066199958 0.044986982 0.045797043 0.026369652 0.027935736 0.037691966 0.054145366 0.040775027 0.055712074 0.026134722 0.042516451 0.024023246 0.040020563 0.052107483 0.045549449 0.038563050 0.032162312 0.029012309 0.043929756 0.070156068 0.060354345 0.055282913 0.029249759
0.039641827 0.014471710 0.022338912 0.033280239 0.008148268 0.015827227 0.018855685 0.018665431 0.021643488 0.024735805 0.021146288 0.025336577 0.015877835 0.018597692 0.025172837 0.024445049 0.025994506 0.023012154 0.022522820 0.037074342 0.023920834 0.020849399 0.027229173 0.018223099 0.015564026 0.026238801 0.018623577 0.018092852 0.025926670 0.023525551 0.041297913 0.027379721 0.021763761 0.025819322
0.028540051 0.022338912 -0.003600445 0.038310394 0.014533356 0.011290012 0.011340844 0.020101853 0.015797898 0.028587107 0.021470299 0.039624248 0.020478249 0.015956370 0.015123748 0.010999409 0.015079305 0.025422536 0.014060734 0.025292585 0.003063331 0.016251879 0.010532772 0.012383915 0.025858231 0.023357917 0.012890914 0.007090799 0.011655838 0.017202729 0.039263770 0.026236702 0.021563767 0.008418739
0.064768031 0.033280239 0.038310394 0.017050590 0.013563405 0.026864618 0.028928343 0.034373812 0.036196098 0.022196814 0.020124847 0.024093464 0.025984727 0.032732591 0.058144815 0.055748492 0.038286388 0.020263206 0.031086907 0.022404999 0.035279624 0.023993025 0.051915340 0.024288727 0.034700722 0.016556112 0.028502440 0.029703178 0.039577331 0.036490478 0.038006932 0.015977573 0.047520485 0.040003918
0.041525826 0.008148268 0.014533356 0.013563405 -0.001911434 0.012067720 0.011871891 0.009596046 0.010290778 0.010036234 0.014332319 0.004653766 0.013455925 0.016175829 0.037484951 0.028280761 0.016318396 0.013959855 0.014203817 0.008242846 0.019317079 0.014197759 0.029970814 0.014138290 0.011701815 0.014966171 0.007872021 0.012206993 0.022631377 0.011525335 0.033363897 0.020974535 0.018625712 0.027221963
0.037113063 0.015827227 0.011290012 0.026864618 0.012067720 0.005579137 0.007013824 0.013016982 0.007135032 0.019947821 0.016103411 0.023340192 0.013983687 0.009769076 0.027017325 0.017886657 0.014508536 0.020549554 0.012299497 0.020643070 0.009207681 0.012857844 0.022466399 0.008390214 0.018733827 0.017368196 0.008596696 0.004475532 0.019788124 0.013085105 0.036926012 0.027288187 0.022124818 0.019909464
0.040617369 0.018855685 0.011340844 0.028928343 0.011871891 0.007013824 -0.004261193 0.009950809 0.011401027 0.020221157 0.002169451 0.022145335 0.011980341 0.004304885 0.023942040 0.019891914 0.013324749 0.013811546 0.006582172 0.019173395 0.013177043 0.006528472 0.020754011 0.001005352 0.014161690 0.007013130 0.004392460 0.006299071 0.017661039 0.009059889 0.033505242 0.012659395 0.018364841 0.016284447
0.049617410 0.018665431 0.020101853 0.034373812 0.009596046 0.013016982 0.009950809 0.007200383 0.017658727 0.023237243 0.016015043 0.030573349 0.016361173 0.015217086 0.035669066 0.031735849 0.021492314 0.018818187 0.017636444 0.029193364 0.023135122 0.016502384 0.032492433 0.010463892 0.019368535 0.014227948 0.013258273 0.012346149 0.026112039 0.014779056 0.040289454 0.022547103 0.023178989 0.025320930
0.041915737 0.021643488 0.015797898 0.036196098 0.010290778 0.007135032 0.011401027 0.017658727 0.002805121 0.025640476 0.017577836 0.031246481 0.014576401 0.014139751 0.032895118 0.026756825 0.018442441 0.023384240 0.017313439 0.025688851 0.016806351 0.013525264 0.025990952 0.008918150 0.024571665 0.018137680 0.014039975 0.012108393 0.019032396 0.019214764 0.043913845 0.022977917 0.020098925 0.014670368
0.051738683 0.024735805 0.028587107 0.022196814 0.010036234 0.019947821 0.020221157 0.023237243 0.025640476 0.009645108 0.012790581 0.018828314 0.021662511 0.022135053 0.042937923 0.044166446 0.030463459 0.012261324 0.023946336 0.020340277 0.029691324 0.018979749 0.040030330 0.019676419 0.025619753 0.009709044 0.020752782 0.021727566 0.033001535 0.024551699 0.031229783 0.010643719 0.028724860 0.031669799
0.047717702 0.021146288 0.021470299 0.020124847 0.014332319 0.016103411 0.002169451 0.016015043 0.017577836 0.012790581 0.000440283 0.013006495 0.012915854 0.013234950 0.034209024 0.032249041 0.021338133 0.008624545 0.014635514 0.019385168 0.022329850 0.011536547 0.031059563 0.011806202 0.017307661 0.007694487 0.013351194 0.015661433 0.027847115 0.016661497 0.030165402 0.009076278 0.019358732 0.027809579
0.066199958 0.025336577 0.039624248 0.024093464 0.004653766 0.023340192 0.022145335 0.030573349 0.031246481 0.018828314 0.013006495 0.017030491 0.018365093 0.025430612 0.058176842 0.052608684 0.034781218 0.021378888 0.025828749 0.024927035 0.036421239 0.015680337 0.049690206 0.017270286 0.028714314 0.010204431 0.022946138 0.028652683 0.035253905 0.032037616 0.046092752 0.012394903 0.036963992 0.041916925
0.044986982 0.015877835 0.020478249 0.025984727 0.013455925 0.013983687 0.011980341 0.016361173 0.014576401 0.021662511 0.012915854 0.018365093 0.002378040 0.012246697 0.034841351 0.033122692 0.020144420 0.018278459 0.015686760 0.016207855 0.025062863 0.016245516 0.031218959 0.013095941 0.022218451 0.017005527 0.010687729 0.015753020 0.020431992 0.016684258 0.036578085 0.016296741 0.022826111 0.023015402
0.045797043 0.018597692 0.015956370 0.032732591 0.016175829 0.009769076 0.004304885 0.015217086 0.014139751 0.022135053 0.013234950 0.025430612 0.012246697 0.004924199 0.031728551 0.023957495 0.014562309 0.017011907 0.011535050 0.022128087 0.017589077 0.014039725 0.025314154 0.009658351 0.019216875 0.014973834 0.009593171 0.011270090 0.019981205 0.013683198 0.041604135 0.020577064 0.027266355 0.022896927
0.026369652 0.025172837 0.015123748 0.058144815 0.037484951 0.027017325 0.023942040 0.035669066 0.032895118 0.042937923 0.034209024 0.058176842 0.034841351 0.031728551 0.008892839 0.018615678 0.023639727 0.041465007 0.026436852 0.047508977 0.020882295 0.029417569 0.019406497 0.026906118 0.043349326 0.030478057 0.026584867 0.021841355 0.023099862 0.029124722 0.054361202 0.051532518 0.045428514 0.025575761
0.027935736 0.024445049 0.010999409 0.055748492 0.028280761 0.017886657 0.019891914 0.031735849 0.026756825 0.044166446 0.032249041 0.052608684 0.033122692 0.023957495 0.018615678 0.002258491 0.019309873 0.034954101 0.023286197 0.040528435 0.010292321 0.025456870 0.011465662 0.023099449 0.035874449 0.033154268 0.021873534 0.020027116 0.010032586 0.026275788 0.046699278 0.038125955 0.035565782 0.012501201
0.037691966 0.025994506 0.015079305 0.038286388 0.016318396 0.014508536 0.013324749 0.021492314 0.018442441 0.030463459 0.021338133 0.034781218 0.020144420 0.014562309 0.023639727 0.019309873 0.005529871 0.025131023 0.013310884 0.029022694 0.013533333 0.017524822 0.017471652 0.012572378 0.024698246 0.024115026 0.012467870 0.014856691 0.016101280 0.019884707 0.039665595 0.027630597 0.031768829 0.016918931
0.054145366 0.023012154 0.025422536 0.020263206 0.013959855 0.020549554 0.013811546 0.018818187 0.023384240 0.012261324 0.008624545 0.021378888 0.018278459 0.017011907 0.041465007 0.034954101 0.025131023 -0.002753828 0.018941797 0.028473044 0.026244380 0.013485583 0.034626499 0.017935367 0.016057923 0.005239027 0.017865673 0.016295167 0.031989753 0.020048607 0.023487508 0.008704163 0.029516328 0.030558560
0.040775027 0.022522820 0.014060734 0.031086907 0.014203817 0.012299497 0.006582172 0.017636444 0.017313439 0.023946336 0.014635514 0.025828749 0.015686760 0.011535050 0.026436852 0.023286197 0.013310884 0.018941797 0.003004341 0.022987936 0.014559263 0.012285380 0.020773808 0.010244261 0.019102678 0.018066917 0.011644410 0.011771229 0.018318873 0.017891485 0.037811827 0.019201333 0.025734328 0.017168330
0.055712074 0.037074342 0.025292585 0.022404999 0.008242846 0.020643070 0.019173395 0.029193364 0.025688851 0.020340277 0.019385168 0.024927035 0.016207855 0.022128087 0.047508977 0.040528435 0.029022694 0.028473044 0.022987936 0.004558861 0.019940693 0.019788764 0.042585559 0.017166574 0.033258881 0.020961311 0.022040527 0.018636569 0.032599021 0.032129049 0.049462974 0.019525075 0.041478228 0.036907066
0.026134722 0.023920834 0.003063331 0.035279624 0.019317079 0.009207681 0.013177043 0.023135122 0.016806351 0.029691324 0.022329850 0.036421239 0.025062863 0.017589077 0.020882295 0.010292321 0.013533333 0.026244380 0.014559263 0.019940693 -0.001381887 0.016605500 0.012118904 0.013817520 0.036502484 0.024237804 0.012808599 0.009443759 0.011576297 0.020111796 0.034870096 0.028491970 0.031040970 0.011123972
0.042516451 0.020849399 0.016251879 0.023993025 0.014197759 0.012857844 0.006528472 0.016502384 0.013525264 0.018979749 0.011536547 0.015680337 0.016245516 0.014039725 0.029417569 0.025456870 0.017524822 0.013485583 0.012285380 0.019788764 0.016605500 -0.000961410 0.024598654 0.009513473 0.018601786 0.014604789 0.010305602 0.010968365 0.022031166 0.016343851 0.031264216 0.016628994 0.019097950 0.021730861
0.024023246 0.027229173 0.010532772 0.051915340 0.029970814 0.022466399 0.020754011 0.032492433 0.025990952 0.040030330 0.031059563 0.049690206 0.031218959 0.025314154 0.019406497 0.011465662 0.017471652 0.034626499 0.020773808 0.042585559 0.012118904 0.024598654 0.003515530 0.023689358 0.036437918 0.029779570 0.021610960 0.019958718 0.014856229 0.026095457 0.044950686 0.046245411 0.035619188 0.018000577
0.040020563 0.018223099 0.012383915 0.024288727 0.014138290 0.008390214 0.001005352 0.010463892 0.008918150 0.019676419 0.011806202 0.017270286 0.013095941 0.009658351 0.026906118 0.023099449 0.012572378 0.017935367 0.010244261 0.017166574 0.013817520 0.009513473 0.023689358 -0.001992329 0.021288950 0.016277941 0.004611241 0.008947914 0.018488381 0.010846641 0.032867812 0.017264076 0.019078758 0.018947382
0.052107483 0.015564026 0.025858231 0.034700722 0.011701815 0.018733827 0.014161690 0.019368535 0.024571665 0.025619753 0.017307661 0.028714314 0.022218451 0.019216875 0.043349326 0.035874449 0.024698246 0.016057923 0.019102678 0.033258881 0.036502484 0.018601786 0.036437918 0.021288950 -0.013644125 0.015413530 0.018507693 0.020001372 0.028262436 0.021732131 0.026546545 0.024012463 0.029206112 0.029837139
0.045549449 0.026238801 0.023357917 0.016556112 0.014966171 0.017368196 0.007013130 0.014227948 0.018137680 0.009709044 0.007694487 0.010204431 0.017005527 0.014973834 0.030478057 0.033154268 0.024115026 0.005239027 0.018066917 0.020961311 0.024237804 0.014604789 0.029779570 0.016277941 0.015413530 -0.000257056 0.014552698 0.017870087 0.028770708 0.016269334 0.027598610 0.008133095 0.014162771 0.026501123
0.038563050 0.018623577 0.012890914 0.028502440 0.007872021 0.008596696 0.004392460 0.013258273 0.014039975 0.020752782 0.013351194 0.022946138 0.010687729 0.009593171 0.026584867 0.021873534 0.012467870 0.017865673 0.011644410 0.022040527 0.012808599 0.010305602 0.021610960 0.004611241 0.018507693 0.014552698 0.003306270 0.005295193 0.018506516 0.012730489 0.035314962 0.019137517 0.020663356 0.018321695
0.032162312 0.018092852 0.007090799 0.029703178 0.012206993 0.004475532 0.006299071 0.012346149 0.012108393 0.021727566 0.015661433 0.028652683 0.015753020 0.011270090 0.021841355 0.020027116 0.014856691 0.016295167 0.011771229 0.018636569 0.009443759 0.010968365 0.019958718 0.008947914 0.020001372 0.017870087 0.005295193 -0.002249952 0.016516395 0.010439734 0.027342681 0.021817256 0.021892862 0.010838274
0.029012309 0.025926670 0.011655838 0.039577331 0.022631377 0.019788124 0.017661039 0.026112039 0.019032396 0.033001535 0.027847115 0.035253905 0.020431992 0.019981205 0.023099862 0.010032586 0.016101280 0.031989753 0.018318873 0.032599021 0.011576297 0.022031166 0.014856229 0.018488381 0.028262436 0.028770708 0.018506516 0.016516395 0.008990217 0.023306634 0.041207597 0.036634065 0.031029692 0.017473560
0.043929756 0.023525551 0.017202729 0.036490478 0.011525335 0.013085105 0.009059889 0.014779056 0.019214764 0.024551699 0.016661497 0.032037616 0.016684258 0.013683198 0.029124722 0.026275788 0.019884707 0.020048607 0.017891485 0.032129049 0.020111796 0.016343851 0.026095457 0.010846641 0.021732131 0.016269334 0.012730489 0.010439734 0.023306634 0.009827057 0.041999832 0.021006174 0.021800283 0.020112477
0.070156068 0.041297913 0.039263770 0.038006932 0.033363897 0.036926012 0.033505242 0.040289454 0.043913845 0.031229783 0.030165402 0.046092752 0.036578085 0.041604135 0.054361202 0.046699278 0.039665595 0.023487508 0.037811827 0.049462974 0.034870096 0.031264216 0.044950686 0.032867812 0.026546545 0.027598610 0.035314962 0.027342681 0.041207597 0.041999832 -0.020263879 0.031694774 0.054456238 0.041862566
0.060354345 0.027379721 0.026236702 0.015977573 0.020974535 0.027288187 0.012659395 0.022547103 0.022977917 0.010643719 0.009076278 0.012394903 0.016296741 0.020577064 0.051532518 0.038125955 0.027630597 0.008704163 0.019201333 0.019525075 0.028491970 0.016628994 0.046245411 0.017264076 0.024012463 0.008133095 0.019137517 0.021817256 0.036634065 0.021006174 0.031694774 0.003039016 0.030864941 0.046292733
0.055282913 0.021763761 0.021563767 0.047520485 0.018625712 0.022124818 0.018364841 0.023178989 0.020098925 0.028724860 0.019358732 0.036963992 0.022826111 0.027266355 0.045428514 0.035565782 0.031768829 0.029516328 0.025734328 0.041478228 0.031040970 0.019097950 0.035619188 0.019078758 0.029206112 0.014162771 0.020663356 0.021892862 0.031029692 0.021800283 0.054456238 0.030864941 0.008016005 0.030973841
0.029249759 0.025819322 0.008418739 0.040003918 0.027221963 0.019909464 0.016284447 0.025320930 0.014670368 0.031669799 0.027809579 0.041916925 0.023015402 0.022896927 0.025575761 0.012501201 0.016918931 0.030558560 0.017168330 0.036907066 0.011123972 0.021730861 0.018000577 0.018947382 0.029837139 0.026501123 0.018321695 0.010838274 0.017473560 0.020112477 0.041862566 0.046292733 0.030973841 0.015109565
