0.013861325 0.036412328 0.027599385 0.067913145 0.040966511 0.036173083 0.041750126 0.045271538 0.043229684 0.050991900 0.045405023 0.067943841 0.041708097 0.042911738 0.023070442 0.028977085 0.033435173 0.052527629 0.037096754 0.054608405 0.023620509 0.040170934 0.024241621 0.044343077 0.051129989 0.043485261 0.037047461 0.033773575 0.022837022 0.041103572 0.068676502 0.055230439 0.065797955 0.025728889
0.036412328 0.016087763 0.026001651 0.038070805 0.017309831 0.015393070 0.016418794 0.018189041 0.023747941 0.026421588 0.023002256 0.029702574 0.017300319 0.017502965 0.021678774 0.022724455 0.021597220 0.022805402 0.020774351 0.039110608 0.025252737 0.021238361 0.025857989 0.018802851 0.020772036 0.024887210 0.019845024 0.019363858 0.021888848 0.020004362 0.034556802 0.025568156 0.026715780 0.022419088
0.027599385 0.026001651 -0.000718832 0.045929536 0.016697388 0.014786574 0.013500138 0.020945048 0.020701554 0.031770460 0.022182934 0.046870790 0.019196622 0.016390113 0.015250321 0.013816837 0.014932981 0.029119380 0.014877802 0.030346528 0.004177675 0.017460799 0.010627146 0.016133353 0.029116442 0.024494298 0.015771674 0.010934550 0.010615112 0.019146200 0.042628113 0.026740085 0.030405916 0.007196460
0.067913145 0.038070805 0.045929536 0.017636493 0.020735087 0.026431037 0.028541500 0.032746911 0.039850965 0.019372143 0.020962508 0.022983428 0.023767661 0.031875432 0.060087029 0.055878185 0.035178050 0.026044644 0.032147169 0.022269148 0.038360212 0.023496456 0.051450267 0.025303118 0.033803105 0.016177449 0.032222658 0.032356821 0.041795500 0.031183951 0.038718458 0.016780293 0.049865730 0.042828832
0.040966511 0.017309831 0.016697388 0.020735087 -0.000416502 0.016589217 0.011930166 0.012562014 0.014519409 0.015284520 0.015829831 0.013419691 0.012749859 0.015621301 0.034658138 0.023515280 0.017385092 0.020651694 0.016625751 0.015262458 0.020491667 0.015640832 0.027607391 0.014017464 0.014187945 0.015468696 0.012157026 0.014378313 0.024791256 0.014131064 0.040320676 0.019263163 0.020784359 0.027548160
0.036173083 0.015393070 0.014786574 0.026431037 0.016589217 0.005534171 0.006585820 0.012426881 0.006493759 0.018978996 0.017754922 0.022758020 0.013984153 0.011092757 0.028452087 0.017375158 0.012936309 0.023583831 0.012117950 0.016241897 0.009524186 0.013131189 0.023912346 0.009317311 0.021430325 0.016872708 0.010885545 0.004731212 0.019396877 0.011219015 0.035319977 0.027754974 0.024726233 0.019778142
0.041750126 0.016418794 0.013500138 0.028541500 0.011930166 0.006585820 -0.004549332 0.008848180 0.010625003 0.019302363 0.002267265 0.021480354 0.010453117 0.005002055 0.028905928 0.022517234 0.012742611 0.018680982 0.006960899 0.015251954 0.015177824 0.005228717 0.023280708 0.001116153 0.013030207 0.005940025 0.005681986 0.007044618 0.018709812 0.008264045 0.037662808 0.013279780 0.019786993 0.017528065
0.045271538 0.018189041 0.020945048 0.032746911 0.012562014 0.012426881 0.008848180 0.006139476 0.014816420 0.018380042 0.015092520 0.028974382 0.012157599 0.015833357 0.033782087 0.029439732 0.018708250 0.020332232 0.016314078 0.024315327 0.017983563 0.014648619 0.031229518 0.010313531 0.021598371 0.012560464 0.014757906 0.009769573 0.023416303 0.012766345 0.038457941 0.020939715 0.026939988 0.022820204
0.043229684 0.023747941 0.020701554 0.039850965 0.014519409 0.006493759 0.010625003 0.014816420 0.005117156 0.024573147 0.018293826 0.033080097 0.013816644 0.012721764 0.032992631 0.027587786 0.014715284 0.025121676 0.016822282 0.024943693 0.016568897 0.013080679 0.025940347 0.009772319 0.025397191 0.017583886 0.016616294 0.014390286 0.016942728 0.014363137 0.044275884 0.021747656 0.022351513 0.014133187
0.050991900 0.026421588 0.031770460 0.019372143 0.015284520 0.018978996 0.019302363 0.018380042 0.024573147 0.003607262 0.012624540 0.014381568 0.017656848 0.021028828 0.042826772 0.042760856 0.027238332 0.014493101 0.024077473 0.016323267 0.026708977 0.018069789 0.038445398 0.020024644 0.021766907 0.008544106 0.023266200 0.019921802 0.033851918 0.019526102 0.028749276 0.010112959 0.027455114 0.032060236
0.045405023 0.023002256 0.022182934 0.020962508 0.015829831 0.017754922 0.002267265 0.015092520 0.018293826 0.012624540 0.000477088 0.014855234 0.011582403 0.013243874 0.034503080 0.029371187 0.020992890 0.011362467 0.015503751 0.019395119 0.021800855 0.011674309 0.029379124 0.011786679 0.016310012 0.007476579 0.015286289 0.015587261 0.028121656 0.016568730 0.031786092 0.008620581 0.020133579 0.026995454
0.067943841 0.029702574 0.046870790 0.022983428 0.013419691 0.022758020 0.021480354 0.028974382 0.033080097 0.014381568 0.014855234 0.016134210 0.016741738 0.024816152 0.059246238 0.051854223 0.031930409 0.025971562 0.027559947 0.021083700 0.037929811 0.016547702 0.049241710 0.017614726 0.027887814 0.010414127 0.026734719 0.029805996 0.037341841 0.026190996 0.044443004 0.011979080 0.035042755 0.043997310
0.041708097 0.017300319 0.019196622 0.023767661 0.012749859 0.013984153 0.010453117 0.012157599 0.013816644 0.017656848 0.011582403 0.016741738 0.001690227 0.011728307 0.034349926 0.027789503 0.020183362 0.019737009 0.016618621 0.015574956 0.022647921 0.015457690 0.027914301 0.010442453 0.016378419 0.015583732 0.012599321 0.013530659 0.023031058 0.013837334 0.039666146 0.015726697 0.018209122 0.022840478
0.042911738 0.017502965 0.016390113 0.031875432 0.015621301 0.011092757 0.005002055 0.015833357 0.012721764 0.021028828 0.013243874 0.024816152 0.011728307 0.007512740 0.032376382 0.023880489 0.015140894 0.021169744 0.011608517 0.018790154 0.016147645 0.013549136 0.024832083 0.010193224 0.018884771 0.015185758 0.010683373 0.010557225 0.020709340 0.015332239 0.044274125 0.021370100 0.029727802 0.021494109
0.023070442 0.021678774 0.015250321 0.060087029 0.034658138 0.028452087 0.028905928 0.033782087 0.032992631 0.042826772 0.034503080 0.059246238 0.034349926 0.032376382 0.002967931 0.021294620 0.022970706 0.041941337 0.024799380 0.047112595 0.016867978 0.028968742 0.018564738 0.033865333 0.040917024 0.032668270 0.027451402 0.022720497 0.020747554 0.030680872 0.058326282 0.051905453 0.055545278 0.021870311
0.028977085 0.022724455 0.013816837 0.055878185 0.023515280 0.017375158 0.022517234 0.029439732 0.027587786 0.042760856 0.029371187 0.051854223 0.027789503 0.023880489 0.021294620 0.004540400 0.017026097 0.038641255 0.022070145 0.036082938 0.010819340 0.023711117 0.013697308 0.025779577 0.034263823 0.032109231 0.023324508 0.021720516 0.008535780 0.025834424 0.052896246 0.038383517 0.041310824 0.012523768
0.033435173 0.021597220 0.014932981 0.035178050 0.017385092 0.012936309 0.012742611 0.018708250 0.014715284 0.027238332 0.020992890 0.031930409 0.020183362 0.015140894 0.022970706 0.017026097 0.001303240 0.026691101 0.011604762 0.023117509 0.011989575 0.016363475 0.017282050 0.013270604 0.024142977 0.023144651 0.012624153 0.012809390 0.014778823 0.017290592 0.037434801 0.027743330 0.031831872 0.014712667
0.052527629 0.022805402 0.029119380 0.026044644 0.020651694 0.023583831 0.018680982 0.020332232 0.025121676 0.014493101 0.011362467 0.025971562 0.019737009 0.021169744 0.041941337 0.038641255 0.026691101 0.001417194 0.020441134 0.031917810 0.025013844 0.015926184 0.036760949 0.024237812 0.019781657 0.008948774 0.021260601 0.019133653 0.032571182 0.022553734 0.025698069 0.014456961 0.038332842 0.030414073
0.037096754 0.020774351 0.014877802 0.032147169 0.016625751 0.012117950 0.006960899 0.016314078 0.016822282 0.024077473 0.015503751 0.027559947 0.016618621 0.011608517 0.024799380 0.022070145 0.011604762 0.020441134 0.001488137 0.022708844 0.015910361 0.012239486 0.019867884 0.011534981 0.019559659 0.017773969 0.012705669 0.012055621 0.017105389 0.016426910 0.035690989 0.019274760 0.027754605 0.014460081
0.054608405 0.039110608 0.030346528 0.022269148 0.015262458 0.016241897 0.015251954 0.024315327 0.024943693 0.016323267 0.019395119 0.021083700 0.015574956 0.018790154 0.047112595 0.036082938 0.023117509 0.031917810 0.022708844 -0.002341062 0.022220666 0.018545914 0.038337361 0.015003229 0.030501498 0.018498795 0.023080546 0.017826958 0.033198778 0.021458875 0.044263884 0.016776459 0.033918582 0.036063001
0.023620509 0.025252737 0.004177675 0.038360212 0.020491667 0.009524186 0.015177824 0.017983563 0.016568897 0.026708977 0.021800855 0.037929811 0.022647921 0.016147645 0.016867978 0.010819340 0.011989575 0.025013844 0.015910361 0.022220666 -0.006642117 0.017280485 0.009001337 0.018032398 0.029885743 0.024700016 0.014716681 0.008827681 0.013076412 0.014522811 0.037209831 0.029784825 0.024299311 0.010612024
0.040170934 0.021238361 0.017460799 0.023496456 0.015640832 0.013131189 0.005228717 0.014648619 0.013080679 0.018069789 0.011674309 0.016547702 0.015457690 0.013549136 0.028968742 0.023711117 0.016363475 0.015926184 0.012239486 0.018545914 0.017280485 -0.000952405 0.023696641 0.009191196 0.016477898 0.013594823 0.011521310 0.010422519 0.022021931 0.014529369 0.031188937 0.015613167 0.017171124 0.020827545
0.024241621 0.025857989 0.010627146 0.051450267 0.027607391 0.023912346 0.023280708 0.031229518 0.025940347 0.038445398 0.029379124 0.049241710 0.027914301 0.024832083 0.018564738 0.013697308 0.017282050 0.036760949 0.019867884 0.038337361 0.009001337 0.023696641 0.003341597 0.026412709 0.034351178 0.029977363 0.022221621 0.019997999 0.012831626 0.027221575 0.048756130 0.042988412 0.041637659 0.015556479
0.044343077 0.018802851 0.016133353 0.025303118 0.014017464 0.009317311 0.001116153 0.010313531 0.009772319 0.020024644 0.011786679 0.017614726 0.010442453 0.010193224 0.033865333 0.025779577 0.013270604 0.024237812 0.011534981 0.015003229 0.018032398 0.009191196 0.026412709 -0.002112516 0.019140583 0.015239850 0.007216550 0.010720764 0.020813800 0.010367412 0.042674705 0.017429974 0.019538138 0.022178050
0.051129989 0.020772036 0.029116442 0.033803105 0.014187945 0.021430325 0.013030207 0.021598371 0.025397191 0.021766907 0.016310012 0.027887814 0.016378419 0.018884771 0.040917024 0.034263823 0.024142977 0.019781657 0.019559659 0.030501498 0.029885743 0.016477898 0.034351178 0.019140583 -0.009388631 0.013010504 0.020484794 0.018288257 0.028274663 0.023498800 0.030606152 0.022093985 0.032710377 0.030216713
0.043485261 0.024887210 0.024494298 0.016177449 0.015468696 0.016872708 0.005940025 0.012560464 0.017583886 0.008544106 0.007476579 0.010414127 0.015583732 0.015185758 0.032668270 0.032109231 0.023144651 0.008948774 0.017773969 0.018498795 0.024700016 0.013594823 0.029977363 0.015239850 0.013010504 -0.000365604 0.015725864 0.016552117 0.029597599 0.014744204 0.028774749 0.008342722 0.014628313 0.026563421
0.037047461 0.019845024 0.015771674 0.032222658 0.012157026 0.010885545 0.005681986 0.014757906 0.016616294 0.023266200 0.015286289 0.026734719 0.012599321 0.010683373 0.027451402 0.023324508 0.012624153 0.021260601 0.012705669 0.023080546 0.014716681 0.011521310 0.022221621 0.007216550 0.020484794 0.015725864 0.005022623 0.007675041 0.018119082 0.014370709 0.037875928 0.019443931 0.024885196 0.016872169
0.033773575 0.019363858 0.010934550 0.032356821 0.014378313 0.004731212 0.007044618 0.009769573 0.014390286 0.019921802 0.015587261 0.029805996 0.013530659 0.010557225 0.022720497 0.021720516 0.012809390 0.019133653 0.012055621 0.017826958 0.008827681 0.010422519 0.019997999 0.010720764 0.018288257 0.016552117 0.007675041 -0.000408702 0.016048837 0.007359244 0.032301139 0.021362159 0.024545867 0.011756891
0.022837022 0.021888848 0.010615112 0.041795500 0.024791256 0.019396877 0.018709812 0.023416303 0.016942728 0.033851918 0.028121656 0.037341841 0.023031058 0.020709340 0.020747554 0.008535780 0.014778823 0.032571182 0.017105389 0.033198778 0.013076412 0.022021931 0.012831626 0.020813800 0.028274663 0.029597599 0.018119082 0.016048837 0.007431153 0.021357384 0.038416818 0.037722997 0.032180909 0.012863034
0.041103572 0.020004362 0.019146200 0.031183951 0.014131064 0.011219015 0.008264045 0.012766345 0.014363137 0.019526102 0.016568730 0.026190996 0.013837334 0.015332239 0.030680872 0.025834424 0.017290592 0.022553734 0.016426910 0.021458875 0.014522811 0.014529369 0.027221575 0.010367412 0.023498800 0.014744204 0.014370709 0.007359244 0.021357384 0.006860688 0.037980821 0.021275446 0.023946242 0.019217014
0.068676502 0.034556802 0.042628113 0.038718458 0.040320676 0.035319977 0.037662808 0.038457941 0.044275884 0.028749276 0.031786092 0.044443004 0.039666146 0.044274125 0.058326282 0.052896246 0.037434801 0.025698069 0.035690989 0.044263884 0.037209831 0.031188937 0.048756130 0.042674705 0.030606152 0.028774749 0.037875928 0.032301139 0.038416818 0.037980821 -0.020182151 0.033392150 0.065706201 0.040898789
0.055230439 0.025568156 0.026740085 0.016780293 0.019263163 0.027754974 0.013279780 0.020939715 0.021747656 0.010112959 0.008620581 0.011979080 0.015726697 0.021370100 0.051905453 0.038383517 0.027743330 0.014456961 0.019274760 0.016776459 0.029784825 0.015613167 0.042988412 0.017429974 0.022093985 0.008342722 0.019443931 0.021362159 0.037722997 0.021275446 0.033392150 0.003127095 0.032880768 0.043492101
0.065797955 0.026715780 0.030405916 0.049865730 0.020784359 0.024726233 0.019786993 0.026939988 0.022351513 0.027455114 0.020133579 0.035042755 0.018209122 0.029727802 0.055545278 0.041310824 0.031831872 0.038332842 0.027754605 0.033918582 0.024299311 0.017171124 0.041637659 0.019538138 0.032710377 0.014628313 0.024885196 0.024545867 0.032180909 0.023946242 0.065706201 0.032880768 0.017813228 0.038053025
0.025728889 0.022419088 0.007196460 0.042828832 0.027548160 0.019778142 0.017528065 0.022820204 0.014133187 0.032060236 0.026995454 0.043997310 0.022840478 0.021494109 0.021870311 0.012523768 0.014712667 0.030414073 0.014460081 0.036063001 0.010612024 0.020827545 0.015556479 0.022178050 0.030216713 0.026563421 0.016872169 0.011756891 0.012863034 0.019217014 0.040898789 0.043492101 0.038053025 0.009017427
