0.020745581 0.044974312 0.029608876 0.073080227 0.041432034 0.039602328 0.041226178 0.052206822 0.043504849 0.059034601 0.048140485 0.070300363 0.041123118 0.048271447 0.025452441 0.032645278 0.035609674 0.055941232 0.041340828 0.065199472 0.025655368 0.047555156 0.026087629 0.041555941 0.053084422 0.045932978 0.039889120 0.036686182 0.030166749 0.044682268 0.077008113 0.060112793 0.061562374 0.028718643
0.044974312 0.010280441 0.022158081 0.037488610 0.013060090 0.014011016 0.017735623 0.020535272 0.021493608 0.028361112 0.021836376 0.027158909 0.019254837 0.019935921 0.026278570 0.025815297 0.022683837 0.023318581 0.021298641 0.041530978 0.025902502 0.018386452 0.029582741 0.018577984 0.019919818 0.024606720 0.017380830 0.019690912 0.024782211 0.022016156 0.041756198 0.027319733 0.024782583 0.024108378
0.029608876 0.022158081 -0.004474733 0.040072959 0.014567948 0.010930061 0.010928206 0.019819641 0.014270946 0.030822136 0.021094445 0.038868692 0.018914277 0.016499201 0.013203059 0.011342301 0.012683025 0.024725940 0.012747182 0.027262606 0.001327904 0.017534971 0.010258805 0.012592335 0.025543010 0.022853456 0.012384376 0.007854844 0.010754339 0.016038464 0.039556637 0.024882797 0.022749014 0.006519539
0.073080227 0.037488610 0.040072959 0.019366033 0.016142406 0.028283380 0.028727878 0.035436407 0.036845259 0.024904646 0.020574298 0.023067059 0.024191519 0.032182977 0.059752941 0.054726146 0.036897317 0.019127460 0.031703338 0.024219541 0.036351115 0.024709914 0.053559914 0.023923689 0.035409607 0.016678343 0.029593179 0.031085806 0.038841341 0.036282893 0.043111846 0.015141997 0.047328591 0.040405165
0.041432034 0.013060090 0.014567948 0.016142406 -0.000766558 0.013985595 0.012068919 0.008889237 0.013564091 0.011926392 0.014343405 0.007562560 0.012996761 0.014839390 0.032891750 0.026031688 0.015729489 0.010738340 0.015220530 0.013567971 0.019927004 0.015369652 0.026801523 0.014978971 0.009101962 0.015211543 0.009887493 0.013098372 0.022993144 0.010976888 0.032723904 0.020341055 0.016220853 0.026079450
0.039602328 0.014011016 0.010930061 0.028283380 0.013985595 0.005050865 0.006961699 0.013926728 0.006403741 0.021836663 0.016596032 0.022759017 0.015446424 0.011273963 0.026612412 0.017675024 0.012818019 0.020690519 0.011453945 0.021903660 0.009219749 0.012597846 0.023751864 0.009086633 0.020056872 0.016989209 0.008372945 0.005462158 0.019333359 0.012388275 0.036942795 0.026911967 0.023971200 0.018735504
0.041226178 0.017735623 0.010928206 0.028727878 0.012068919 0.006961699 -0.004285181 0.010325776 0.010505167 0.020638764 0.002154421 0.021665223 0.012475610 0.004498795 0.025533088 0.021078270 0.012640363 0.013310927 0.005484856 0.017960815 0.013946895 0.005956075 0.021599950 0.001157465 0.014010071 0.006725714 0.004698379 0.006441706 0.017057009 0.009154016 0.032510523 0.012945225 0.018919127 0.015775437
0.052206822 0.020535272 0.019819641 0.035436407 0.008889237 0.013926728 0.010325776 0.008427749 0.015998961 0.025291614 0.016014956 0.029936496 0.013947234 0.017148471 0.034158945 0.033469878 0.019779913 0.018728413 0.017764708 0.030182408 0.020198964 0.019030133 0.032590084 0.011376826 0.019673554 0.014453534 0.013801578 0.013648295 0.026406743 0.014572169 0.041616291 0.021059915 0.025149690 0.023890117
0.043504849 0.021493608 0.014270946 0.036845259 0.013564091 0.006403741 0.010505167 0.015998961 0.002496295 0.026166569 0.017106315 0.029157989 0.014675822 0.013661318 0.028037051 0.023707595 0.015097574 0.020637371 0.016995160 0.029208699 0.013544028 0.012913934 0.024385335 0.008797079 0.023614120 0.017130878 0.013114177 0.011290623 0.018600319 0.015609615 0.043824773 0.021053333 0.016325330 0.012195380
0.059034601 0.028361112 0.030822136 0.024904646 0.011926392 0.021836663 0.020638764 0.025291614 0.026166569 0.013757000 0.013625299 0.019688401 0.019649779 0.021871882 0.046187788 0.045103729 0.030118017 0.012896378 0.024496138 0.023243785 0.029336588 0.020734061 0.042679667 0.019034263 0.027082011 0.010300954 0.022227602 0.024390355 0.033182263 0.025347218 0.037219264 0.010732574 0.030988112 0.033372365
0.048140485 0.021836376 0.021094445 0.020574298 0.014343405 0.016596032 0.002154421 0.016014956 0.017106315 0.013625299 0.000356412 0.012974867 0.012330636 0.013243257 0.036023308 0.032170519 0.020318713 0.007618315 0.014467316 0.019570511 0.021603471 0.011919513 0.030758793 0.011724431 0.016596815 0.007483018 0.013903595 0.015898146 0.027384948 0.016284229 0.030025225 0.008678297 0.019161526 0.026904704
0.070300363 0.027158909 0.038868692 0.023067059 0.007562560 0.022759017 0.021665223 0.029936496 0.029157989 0.019688401 0.012974867 0.015903393 0.016616669 0.024180871 0.056039155 0.049536668 0.032266662 0.017934950 0.025966015 0.025754478 0.035668612 0.016343802 0.048736587 0.017345382 0.027916418 0.009775330 0.022760697 0.028813522 0.034119587 0.029160781 0.047340289 0.011377113 0.033245344 0.039970793
0.041123118 0.019254837 0.018914277 0.024191519 0.012996761 0.015446424 0.012475610 0.013947234 0.014675822 0.019649779 0.012330636 0.016616669 0.001666771 0.010348476 0.032605760 0.030270357 0.021151453 0.013486389 0.016528670 0.018974967 0.024904154 0.017058481 0.027917244 0.013493193 0.018598480 0.017537244 0.012351363 0.013856840 0.019340914 0.015447398 0.032934986 0.014232101 0.017822480 0.020558532
0.048271447 0.019935921 0.016499201 0.032182977 0.014839390 0.011273963 0.004498795 0.017148471 0.013661318 0.021871882 0.013243257 0.024180871 0.010348476 0.006481402 0.034522105 0.025453547 0.014488284 0.017282473 0.011528871 0.019677633 0.016233284 0.014709618 0.026597165 0.008926975 0.019106083 0.014797587 0.011140085 0.011809199 0.020381663 0.015354821 0.042625424 0.020468028 0.028641617 0.023253810
0.025452441 0.026278570 0.013203059 0.059752941 0.032891750 0.026612412 0.025533088 0.034158945 0.028037051 0.046187788 0.036023308 0.056039155 0.032605760 0.034522105 0.003492424 0.019211063 0.021111924 0.040503494 0.024833648 0.052004423 0.015299959 0.035618808 0.018860925 0.029699983 0.040624123 0.032207239 0.025948863 0.022960611 0.023298105 0.027543310 0.053513575 0.053677715 0.046782959 0.023455137
0.032645278 0.025815297 0.011342301 0.054726146 0.026031688 0.017675024 0.021078270 0.033469878 0.023707595 0.045103729 0.032170519 0.049536668 0.030270357 0.025453547 0.019211063 0.003891126 0.017647784 0.036219321 0.022545969 0.038521979 0.009514211 0.028024938 0.013711309 0.022940770 0.035635881 0.033990912 0.021678893 0.020759799 0.009547949 0.027025847 0.048238922 0.038064480 0.037765972 0.011940049
0.035609674 0.022683837 0.012683025 0.036897317 0.015729489 0.012818019 0.012640363 0.019779913 0.015097574 0.030118017 0.020318713 0.032266662 0.021151453 0.014488284 0.021111924 0.017647784 0.001005359 0.023013039 0.011112949 0.027196551 0.011703563 0.017087320 0.016840843 0.012983301 0.023339249 0.023295056 0.011198057 0.013758725 0.014262235 0.017757285 0.035939280 0.026315380 0.030908849 0.013869385
0.055941232 0.023318581 0.024725940 0.019127460 0.010738340 0.020690519 0.013310927 0.018728413 0.020637371 0.012896378 0.007618315 0.017934950 0.013486389 0.017282473 0.040503494 0.036219321 0.023013039 -0.003779281 0.017753813 0.026234735 0.020144392 0.015367353 0.034536235 0.016829459 0.015058083 0.004365663 0.017811993 0.015616705 0.031015219 0.019494213 0.024798332 0.005664058 0.030044399 0.028410809
0.041340828 0.021298641 0.012747182 0.031703338 0.015220530 0.011453945 0.005484856 0.017764708 0.016995160 0.024496138 0.014467316 0.025966015 0.016528670 0.011528871 0.024833648 0.022545969 0.011112949 0.017753813 0.000990721 0.022903778 0.014945686 0.013253614 0.020370509 0.010149607 0.019256748 0.017299097 0.010393682 0.011791864 0.017460003 0.016731218 0.036677867 0.018900858 0.025921103 0.015230147
0.065199472 0.041530978 0.027262606 0.024219541 0.013567971 0.021903660 0.017960815 0.030182408 0.029208699 0.023243785 0.019570511 0.025754478 0.018974967 0.019677633 0.052004423 0.038521979 0.027196551 0.026234735 0.022903778 0.007744124 0.023453351 0.018158149 0.044607140 0.017031729 0.034948882 0.020039115 0.023727778 0.021020040 0.031246485 0.032131422 0.052206356 0.017888889 0.040848099 0.038050942
0.025655368 0.025902502 0.001327904 0.036351115 0.019927004 0.009219749 0.013946895 0.020198964 0.013544028 0.029336588 0.021603471 0.035668612 0.024904154 0.016233284 0.015299959 0.009514211 0.011703563 0.020144392 0.014945686 0.023453351 -0.007385461 0.019064996 0.008837909 0.015873913 0.031587116 0.025155012 0.012962004 0.008270483 0.011402874 0.015855746 0.030614328 0.028435754 0.022615090 0.008806858
0.047555156 0.018386452 0.017534971 0.024709914 0.015369652 0.012597846 0.005956075 0.019030133 0.012913934 0.020734061 0.011919513 0.016343802 0.017058481 0.014709618 0.035618808 0.028024938 0.017087320 0.015367353 0.013253614 0.018158149 0.019064996 -0.000771049 0.028425917 0.008154891 0.021330390 0.013258986 0.010222871 0.012273831 0.021536125 0.017810857 0.032837875 0.017445982 0.021769460 0.023255635
0.026087629 0.029582741 0.010258805 0.053559914 0.026801523 0.023751864 0.021599950 0.032590084 0.024385335 0.042679667 0.030758793 0.048736587 0.027917244 0.026597165 0.018860925 0.013711309 0.016840843 0.034536235 0.020370509 0.044607140 0.008837909 0.028425917 0.003494991 0.024626348 0.034820929 0.030571707 0.022279479 0.021378294 0.014843676 0.026311632 0.045659341 0.045581952 0.037931185 0.017042456
0.041555941 0.018577984 0.012592335 0.023923689 0.014978971 0.009086633 0.001157465 0.011376826 0.008797079 0.019034263 0.011724431 0.017345382 0.013493193 0.008926975 0.029699983 0.022940770 0.012983301 0.016829459 0.010149607 0.017031729 0.015873913 0.008154891 0.024626348 -0.002015448 0.020781932 0.015989907 0.005462816 0.009096387 0.017888172 0.011435430 0.031176385 0.017583532 0.018569903 0.018923480
0.053084422 0.019919818 0.025543010 0.035409607 0.009101962 0.020056872 0.014010071 0.019673554 0.023614120 0.027082011 0.016596815 0.027916418 0.018598480 0.019106083 0.040624123 0.035635881 0.023339249 0.015058083 0.019256748 0.034948882 0.031587116 0.021330390 0.034820929 0.020781932 -0.013249937 0.015449027 0.019351669 0.020181522 0.028157048 0.021336455 0.027683122 0.021794474 0.028828021 0.028621100
0.045932978 0.024606720 0.022853456 0.016678343 0.015211543 0.016989209 0.006725714 0.014453534 0.017130878 0.010300954 0.007483018 0.009775330 0.017537244 0.014797587 0.032207239 0.033990912 0.023295056 0.004365663 0.017299097 0.020039115 0.025155012 0.013258986 0.030571707 0.015989907 0.015449027 -0.000348825 0.014695129 0.017572042 0.027838703 0.016196672 0.026776245 0.008217798 0.014758155 0.025914758
0.039889120 0.017380830 0.012384376 0.029593179 0.009887493 0.008372945 0.004698379 0.013801578 0.013114177 0.022227602 0.013903595 0.022760697 0.012351363 0.011140085 0.025948863 0.021678893 0.011198057 0.017811993 0.010393682 0.023727778 0.012962004 0.010222871 0.022279479 0.005462816 0.019351669 0.014695129 0.003834136 0.005392883 0.018709749 0.011943442 0.033248618 0.020478472 0.021032466 0.017056607
0.036686182 0.019690912 0.007854844 0.031085806 0.013098372 0.005462158 0.006441706 0.013648295 0.011290623 0.024390355 0.015898146 0.028813522 0.013856840 0.011809199 0.022960611 0.020759799 0.013758725 0.015616705 0.011791864 0.021020040 0.008270483 0.012273831 0.021378294 0.009096387 0.020181522 0.017572042 0.005392883 -0.000282891 0.016404485 0.010491685 0.029503521 0.020755608 0.022887729 0.010680610
0.030166749 0.024782211 0.010754339 0.038841341 0.022993144 0.019333359 0.017057009 0.026406743 0.018600319 0.033182263 0.027384948 0.034119587 0.019340914 0.020381663 0.023298105 0.009547949 0.014262235 0.031015219 0.017460003 0.031246485 0.011402874 0.021536125 0.014843676 0.017888172 0.028157048 0.027838703 0.018709749 0.016404485 0.008397326 0.022584414 0.040206008 0.035683613 0.030782931 0.015837375
0.044682268 0.022016156 0.016038464 0.036282893 0.010976888 0.012388275 0.009154016 0.014572169 0.015609615 0.025347218 0.016284229 0.029160781 0.015447398 0.015354821 0.027543310 0.027025847 0.017757285 0.019494213 0.016731218 0.032131422 0.015855746 0.017810857 0.026311632 0.011435430 0.021336455 0.016196672 0.011943442 0.010491685 0.022584414 0.008572657 0.042446651 0.019884413 0.022761215 0.017838325
0.077008113 0.041756198 0.039556637 0.043111846 0.032723904 0.036942795 0.032510523 0.041616291 0.043824773 0.037219264 0.030025225 0.047340289 0.032934986 0.042625424 0.053513575 0.048238922 0.035939280 0.024798332 0.036677867 0.052206356 0.030614328 0.032837875 0.045659341 0.031176385 0.027683122 0.026776245 0.033248618 0.029503521 0.040206008 0.042446651 -0.018288180 0.029252341 0.060877122 0.039009072
0.060112793 0.027319733 0.024882797 0.015141997 0.020341055 0.026911967 0.012945225 0.021059915 0.021053333 0.010732574 0.008678297 0.011377113 0.014232101 0.020468028 0.053677715 0.038064480 0.026315380 0.005664058 0.018900858 0.017888889 0.028435754 0.017445982 0.045581952 0.017583532 0.021794474 0.008217798 0.020478472 0.020755608 0.035683613 0.019884413 0.029252341 0.002766971 0.027910002 0.043540224
0.061562374 0.024782583 0.022749014 0.047328591 0.016220853 0.023971200 0.018919127 0.025149690 0.016325330 0.030988112 0.019161526 0.033245344 0.017822480 0.028641617 0.046782959 0.037765972 0.030908849 0.030044399 0.025921103 0.040848099 0.022615090 0.021769460 0.037931185 0.018569903 0.028828021 0.014758155 0.021032466 0.022887729 0.030782931 0.022761215 0.060877122 0.027910002 0.009523135 0.031142255
0.028718643 0.024108378 0.006519539 0.040405165 0.026079450 0.018735504 0.015775437 0.023890117 0.012195380 0.033372365 0.026904704 0.039970793 0.020558532 0.023253810 0.023455137 0.011940049 0.013869385 0.028410809 0.015230147 0.038050942 0.008806858 0.023255635 0.017042456 0.018923480 0.028621100 0.025914758 0.017056607 0.010680610 0.015837375 0.017838325 0.039009072 0.043540224 0.031142255 0.011500586
