0.000000000 0.132420093 0.090909094 0.296296299 0.054726370 0.201680675 0.205020919 0.166666672 0.136363640 0.243027896 0.159292042 0.230769232 0.140271500 0.140271500 0.005291005 0.086538464 0.095238097 0.214876026 0.136363640 0.162995592 0.116279073 0.173913047 0.068627454 0.208333328 0.177489176 0.211618260 0.151785716 0.151785716 0.064039409 0.181034476 0.274809152 0.095238097 0.099526070 0.068627454
0.132420093 0.000000000 0.042016808 0.170568556 0.078260869 0.071161047 0.074626863 0.035019454 0.004016064 0.114285715 0.027450981 0.101449274 0.008000000 0.008000000 0.137614682 0.046413504 0.037656903 0.084870845 0.004016064 0.031250000 0.016393442 0.042471044 0.064377680 0.078066915 0.046153847 0.081481479 0.019762846 0.019762846 0.068965517 0.049808428 0.147766322 0.037656903 0.033333335 0.064377680
0.090909094 0.042016808 0.000000000 0.211072668 0.036363635 0.112840466 0.116279073 0.076923080 0.046025105 0.155555561 0.069387756 0.142857149 0.050000001 0.050000001 0.096153848 0.004405286 0.004366812 0.126436785 0.046025105 0.073170729 0.025641026 0.084337346 0.022421524 0.119691119 0.088000000 0.123076923 0.061728396 0.061728396 0.027027028 0.091633469 0.188612103 0.004366812 0.008695652 0.022421524
0.296296299 0.170568556 0.211072668 0.000000000 0.245551601 0.100628927 0.097178683 0.136363640 0.166666672 0.057401814 0.143790856 0.070336394 0.162790701 0.162790701 0.301115245 0.215277776 0.206896558 0.086956523 0.166666672 0.140065148 0.186440676 0.129032254 0.232394367 0.093750000 0.125401929 0.090342678 0.151315793 0.151315793 0.236749113 0.121794872 0.023391813 0.206896558 0.202749148 0.232394367
0.054726370 0.078260869 0.036363635 0.245551601 0.000000000 0.148594379 0.151999995 0.112970710 0.082251079 0.190839693 0.105485231 0.178294569 0.086206898 0.086206898 0.059999999 0.031963471 0.040723983 0.162055343 0.082251079 0.109243698 0.061946902 0.120331950 0.013953488 0.155378491 0.123966940 0.158730164 0.097872339 0.097872339 0.009345794 0.127572015 0.223443225 0.040723983 0.045045044 0.013953488
0.201680675 0.071161047 0.112840466 0.100628927 0.148594379 0.000000000 0.003484321 0.036231883 0.067164183 0.043478262 0.043795619 0.030508475 0.063197024 0.063197024 0.206751049 0.117187500 0.108527131 0.013793103 0.067164183 0.039999999 0.087452471 0.028776979 0.134920642 0.006944444 0.025089607 0.010380623 0.051470589 0.051470589 0.139442235 0.021428572 0.077419356 0.108527131 0.104247101 0.134920642
0.205020919 0.074626863 0.116279073 0.097178683 0.151999995 0.003484321 0.000000000 0.039711192 0.070631973 0.039999999 0.047272727 0.027027028 0.066666670 0.066666670 0.210084036 0.120622568 0.111969113 0.010309278 0.070631973 0.043478262 0.090909094 0.032258064 0.138339922 0.003460208 0.028571429 0.006896552 0.054945055 0.054945055 0.142857149 0.024911031 0.073954985 0.111969113 0.107692309 0.138339922
0.166666672 0.035019454 0.076923080 0.136363640 0.112970710 0.036231883 0.039711192 0.000000000 0.031007752 0.079584777 0.007575758 0.066666670 0.027027028 0.027027028 0.171806172 0.081300810 0.072580643 0.050000001 0.031007752 0.003773585 0.051383398 0.007462686 0.099173553 0.043165468 0.011152416 0.046594981 0.015267176 0.015267176 0.103734441 0.014814815 0.113333337 0.072580643 0.068273090 0.099173553
0.136363640 0.004016064 0.046025105 0.166666672 0.082251079 0.067164183 0.070631973 0.031007752 0.000000000 0.110320285 0.023437500 0.097472921 0.003984064 0.003984064 0.141552508 0.050420169 0.041666668 0.080882356 0.000000000 0.027237354 0.020408163 0.038461540 0.068376072 0.074074075 0.042145595 0.077490777 0.015748031 0.015748031 0.072961375 0.045801528 0.143835619 0.041666668 0.037344400 0.068376072
0.243027896 0.114285715 0.155555561 0.057401814 0.190839693 0.043478262 0.039999999 0.079584777 0.110320285 0.000000000 0.087108016 0.012987013 0.106382981 0.106382981 0.247999996 0.159851298 0.151291519 0.029702971 0.110320285 0.083333336 0.130434781 0.072164945 0.177358493 0.036544852 0.068493150 0.033112582 0.094736844 0.094736844 0.181818187 0.064846419 0.034055728 0.151291519 0.147058830 0.177358493
0.159292042 0.027450981 0.069387756 0.143790856 0.105485231 0.043795619 0.047272727 0.007575758 0.023437500 0.087108016 0.000000000 0.074204944 0.019455252 0.019455252 0.164444447 0.073770493 0.065040648 0.057553958 0.023437500 0.003802281 0.043824703 0.015037594 0.091666669 0.050724637 0.018726591 0.054151624 0.007692308 0.007692308 0.096234307 0.022388060 0.120805368 0.065040648 0.060728744 0.091666669
0.230769232 0.101449274 0.142857149 0.070336394 0.178294569 0.030508475 0.027027028 0.066666670 0.097472921 0.012987013 0.074204944 0.000000000 0.093525179 0.093525179 0.235772356 0.147169814 0.138576776 0.016722407 0.097472921 0.070422538 0.117647059 0.059233449 0.164750963 0.023569023 0.055555556 0.020134227 0.081850536 0.081850536 0.169230774 0.051903114 0.047021944 0.138576776 0.134328365 0.164750963
0.140271500 0.008000000 0.050000001 0.162790701 0.086206898 0.063197024 0.066666670 0.027027028 0.003984064 0.106382981 0.019455252 0.093525179 0.000000000 0.000000000 0.145454541 0.054393306 0.045643155 0.076923080 0.003984064 0.023255814 0.024390243 0.034482758 0.072340429 0.070110701 0.038167939 0.073529415 0.011764706 0.011764706 0.076923080 0.041825093 0.139931738 0.045643155 0.041322313 0.072340429
0.140271500 0.008000000 0.050000001 0.162790701 0.086206898 0.063197024 0.066666670 0.027027028 0.003984064 0.106382981 0.019455252 0.093525179 0.000000000 0.000000000 0.145454541 0.054393306 0.045643155 0.076923080 0.003984064 0.023255814 0.024390243 0.034482758 0.072340429 0.070110701 0.038167939 0.073529415 0.011764706 0.011764706 0.076923080 0.041825093 0.139931738 0.045643155 0.041322313 0.072340429
0.005291005 0.137614682 0.096153848 0.301115245 0.059999999 0.206751049 0.210084036 0.171806172 0.141552508 0.247999996 0.164444447 0.235772356 0.145454541 0.145454541 0.000000000 0.091787443 0.100478470 0.219917014 0.141552508 0.168141589 0.121495329 0.179039299 0.073891625 0.213389128 0.182608694 0.216666669 0.156950668 0.156950668 0.069306932 0.186147183 0.279693484 0.100478470 0.104761906 0.073891625
0.086538464 0.046413504 0.004405286 0.215277776 0.031963471 0.117187500 0.120622568 0.081300810 0.050420169 0.159851298 0.073770493 0.147169814 0.054393306 0.054393306 0.091787443 0.000000000 0.008771930 0.130769238 0.050420169 0.077551022 0.030042918 0.088709675 0.018018018 0.124031007 0.092369474 0.127413124 0.066115700 0.066115700 0.022624435 0.096000001 0.192857146 0.008771930 0.013100437 0.018018018
0.095238097 0.037656903 0.004366812 0.206896558 0.040723983 0.108527131 0.111969113 0.072580643 0.041666668 0.151291519 0.065040648 0.138576776 0.045643155 0.045643155 0.100478470 0.008771930 0.000000000 0.122137405 0.041666668 0.068825908 0.021276595 0.079999998 0.026785715 0.115384616 0.083665341 0.118773945 0.057377048 0.057377048 0.031390134 0.087301590 0.184397161 0.000000000 0.004329004 0.026785715
0.214876026 0.084870845 0.126436785 0.086956523 0.162055343 0.013793103 0.010309278 0.050000001 0.080882356 0.029702971 0.057553958 0.016722407 0.076923080 0.076923080 0.219917014 0.130769238 0.122137405 0.000000000 0.080882356 0.053763442 0.101123594 0.042553190 0.148437500 0.006849315 0.038869258 0.003412969 0.065217391 0.065217391 0.152941182 0.035211269 0.063694268 0.122137405 0.117870726 0.148437500
0.136363640 0.004016064 0.046025105 0.166666672 0.082251079 0.067164183 0.070631973 0.031007752 0.000000000 0.110320285 0.023437500 0.097472921 0.003984064 0.003984064 0.141552508 0.050420169 0.041666668 0.080882356 0.000000000 0.027237354 0.020408163 0.038461540 0.068376072 0.074074075 0.042145595 0.077490777 0.015748031 0.015748031 0.072961375 0.045801528 0.143835619 0.041666668 0.037344400 0.068376072
0.162995592 0.031250000 0.073170729 0.140065148 0.109243698 0.039999999 0.043478262 0.003773585 0.027237354 0.083333336 0.003802281 0.070422538 0.023255814 0.023255814 0.168141589 0.077551022 0.068825908 0.053763442 0.027237354 0.000000000 0.047619049 0.011235955 0.095435686 0.046931408 0.014925373 0.050359711 0.011494253 0.011494253 0.100000001 0.018587360 0.117056854 0.068825908 0.064516127 0.095435686
0.116279073 0.016393442 0.025641026 0.186440676 0.061946902 0.087452471 0.090909094 0.051383398 0.020408163 0.130434781 0.043824703 0.117647059 0.024390243 0.024390243 0.121495329 0.030042918 0.021276595 0.101123594 0.020408163 0.047619049 0.000000000 0.058823530 0.048034936 0.094339624 0.062500000 0.097744361 0.036144577 0.036144577 0.052631579 0.066147856 0.163763061 0.021276595 0.016949153 0.048034936
0.173913047 0.042471044 0.084337346 0.129032254 0.120331950 0.028776979 0.032258064 0.007462686 0.038461540 0.072164945 0.015037594 0.059233449 0.034482758 0.034482758 0.179039299 0.088709675 0.079999998 0.042553190 0.038461540 0.011235955 0.058823530 0.000000000 0.106557377 0.035714287 0.003690037 0.039145909 0.022727273 0.022727273 0.111111112 0.007352941 0.105960265 0.079999998 0.075697213 0.106557377
0.068627454 0.064377680 0.022421524 0.232394367 0.013953488 0.134920642 0.138339922 0.099173553 0.068376072 0.177358493 0.091666669 0.164750963 0.072340429 0.072340429 0.073891625 0.018018018 0.026785715 0.148437500 0.068376072 0.095435686 0.048034936 0.106557377 0.000000000 0.141732290 0.110204078 0.145098045 0.084033616 0.084033616 0.004608295 0.113821141 0.210144922 0.026785715 0.031111112 0.000000000
0.208333328 0.078066915 0.119691119 0.093750000 0.155378491 0.006944444 0.003460208 0.043165468 0.074074075 0.036544852 0.050724637 0.023569023 0.070110701 0.070110701 0.213389128 0.124031007 0.115384616 0.006849315 0.074074075 0.046931408 0.094339624 0.035714287 0.141732290 0.000000000 0.032028470 0.003436426 0.058394160 0.058394160 0.146245062 0.028368793 0.070512824 0.115384616 0.111111112 0.141732290
0.177489176 0.046153847 0.088000000 0.125401929 0.123966940 0.025089607 0.028571429 0.011152416 0.042145595 0.068493150 0.018726591 0.055555556 0.038167939 0.038167939 0.182608694 0.092369474 0.083665341 0.038869258 0.042145595 0.014925373 0.062500000 0.003690037 0.110204078 0.032028470 0.000000000 0.035460994 0.026415095 0.026415095 0.114754096 0.003663004 0.102310233 0.083665341 0.079365082 0.110204078
0.211618260 0.081481479 0.123076923 0.090342678 0.158730164 0.010380623 0.006896552 0.046594981 0.077490777 0.033112582 0.054151624 0.020134227 0.073529415 0.073529415 0.216666669 0.127413124 0.118773945 0.003412969 0.077490777 0.050359711 0.097744361 0.039145909 0.145098045 0.003436426 0.035460994 0.000000000 0.061818182 0.061818182 0.149606302 0.031802122 0.067092650 0.118773945 0.114503816 0.145098045
0.151785716 0.019762846 0.061728396 0.151315793 0.097872339 0.051470589 0.054945055 0.015267176 0.015748031 0.094736844 0.007692308 0.081850536 0.011764706 0.011764706 0.156950668 0.066115700 0.057377048 0.065217391 0.015748031 0.011494253 0.036144577 0.022727273 0.084033616 0.058394160 0.026415095 0.061818182 0.000000000 0.000000000 0.088607594 0.030075189 0.128378376 0.057377048 0.053061225 0.084033616
0.151785716 0.019762846 0.061728396 0.151315793 0.097872339 0.051470589 0.054945055 0.015267176 0.015748031 0.094736844 0.007692308 0.081850536 0.011764706 0.011764706 0.156950668 0.066115700 0.057377048 0.065217391 0.015748031 0.011494253 0.036144577 0.022727273 0.084033616 0.058394160 0.026415095 0.061818182 0.000000000 0.000000000 0.088607594 0.030075189 0.128378376 0.057377048 0.053061225 0.084033616
0.064039409 0.068965517 0.027027028 0.236749113 0.009345794 0.139442235 0.142857149 0.103734441 0.072961375 0.181818187 0.096234307 0.169230774 0.076923080 0.076923080 0.069306932 0.022624435 0.031390134 0.152941182 0.072961375 0.100000001 0.052631579 0.111111112 0.004608295 0.146245062 0.114754096 0.149606302 0.088607594 0.088607594 0.000000000 0.118367344 0.214545459 0.031390134 0.035714287 0.004608295
0.181034476 0.049808428 0.091633469 0.121794872 0.127572015 0.021428572 0.024911031 0.014814815 0.045801528 0.064846419 0.022388060 0.051903114 0.041825093 0.041825093 0.186147183 0.096000001 0.087301590 0.035211269 0.045801528 0.018587360 0.066147856 0.007352941 0.113821141 0.028368793 0.003663004 0.031802122 0.030075189 0.030075189 0.118367344 0.000000000 0.098684214 0.087301590 0.083003953 0.113821141
0.274809152 0.147766322 0.188612103 0.023391813 0.223443225 0.077419356 0.073954985 0.113333337 0.143835619 0.034055728 0.120805368 0.047021944 0.139931738 0.139931738 0.279693484 0.192857146 0.184397161 0.063694268 0.143835619 0.117056854 0.163763061 0.105960265 0.210144922 0.070512824 0.102310233 0.067092650 0.128378376 0.128378376 0.214545459 0.098684214 0.000000000 0.184397161 0.180212021 0.210144922
0.095238097 0.037656903 0.004366812 0.206896558 0.040723983 0.108527131 0.111969113 0.072580643 0.041666668 0.151291519 0.065040648 0.138576776 0.045643155 0.045643155 0.100478470 0.008771930 0.000000000 0.122137405 0.041666668 0.068825908 0.021276595 0.079999998 0.026785715 0.115384616 0.083665341 0.118773945 0.057377048 0.057377048 0.031390134 0.087301590 0.184397161 0.000000000 0.004329004 0.026785715
0.099526070 0.033333335 0.008695652 0.202749148 0.045045044 0.104247101 0.107692309 0.068273090 0.037344400 0.147058830 0.060728744 0.134328365 0.041322313 0.041322313 0.104761906 0.013100437 0.004329004 0.117870726 0.037344400 0.064516127 0.016949153 0.075697213 0.031111112 0.111111112 0.079365082 0.114503816 0.053061225 0.053061225 0.035714287 0.083003953 0.180212021 0.004329004 0.000000000 0.031111112
0.068627454 0.064377680 0.022421524 0.232394367 0.013953488 0.134920642 0.138339922 0.099173553 0.068376072 0.177358493 0.091666669 0.164750963 0.072340429 0.072340429 0.073891625 0.018018018 0.026785715 0.148437500 0.068376072 0.095435686 0.048034936 0.106557377 0.000000000 0.141732290 0.110204078 0.145098045 0.084033616 0.084033616 0.004608295 0.113821141 0.210144922 0.026785715 0.031111112 0.000000000
