0.016275488 0.036780484 0.032949731 0.055591092 0.047007807 0.038700845 0.041501340 0.041174315 0.039183263 0.050935149 0.051776957 0.053460725 0.041810825 0.040146355 0.027494809 0.031465288 0.031786591 0.058167595 0.040935848 0.049304999 0.030976310 0.040985666 0.025931614 0.040120684 0.045688830 0.051692151 0.039559290 0.035500981 0.027144199 0.037380844 0.076253869 0.052762460 0.048557088 0.030598812
0.036780484 0.008880556 0.022053454 0.027852163 0.027314991 0.018297076 0.012552680 0.012342412 0.022499077 0.020497002 0.016792908 0.025785927 0.013257115 0.014790247 0.025393741 0.023277113 0.017744720 0.022853058 0.014686381 0.029155232 0.025739836 0.015893705 0.025274919 0.015851902 0.012781717 0.019757543 0.018655339 0.015710086 0.024305172 0.014008472 0.035520405 0.024193825 0.019893851 0.026045939
0.032949731 0.022053454 0.007215016 0.037966982 0.023691626 0.019378100 0.016927386 0.020188792 0.018608015 0.032724142 0.029561885 0.035635706 0.022805829 0.019968770 0.025249241 0.020985849 0.016652934 0.037246473 0.019036096 0.028370662 0.014570830 0.020799827 0.017110532 0.017824223 0.027605031 0.032217741 0.021812791 0.014875585 0.016850751 0.017952435 0.053996757 0.033092625 0.023909334 0.016801268
0.055591092 0.027852163 0.037966982 -0.000278189 0.034703944 0.030583577 0.027152836 0.017913386 0.028937761 0.009868558 0.017534092 0.011155201 0.022213176 0.028872527 0.049805172 0.051641770 0.029996414 0.019031741 0.029164333 0.022602405 0.039347589 0.023654411 0.042630501 0.028598197 0.018235553 0.016132720 0.032435231 0.027625449 0.038724419 0.022620922 0.031409599 0.014571100 0.025753375 0.039804436
0.047007807 0.027314991 0.023691626 0.034703944 -0.002438880 0.020697761 0.012315004 0.020127079 0.022676094 0.024734978 0.019301832 0.028691782 0.015474722 0.018394303 0.033831254 0.032634430 0.019274406 0.044851627 0.021102067 0.018512560 0.022478376 0.015948754 0.027208969 0.013427844 0.023250116 0.017493067 0.023337105 0.020998977 0.025216954 0.018298943 0.063025028 0.020803506 0.029556572 0.027550410
0.038700845 0.018297076 0.019378100 0.030583577 0.020697761 0.009812272 0.008461963 0.012817171 0.014272461 0.024980929 0.019446652 0.027059808 0.015772684 0.012527922 0.030930789 0.023711339 0.013657588 0.029904822 0.014807163 0.021445308 0.019944161 0.013686653 0.022185061 0.011708008 0.019688644 0.020597771 0.014580319 0.011533231 0.021078803 0.012296729 0.046835788 0.027088962 0.024671998 0.020903785
0.041501340 0.012552680 0.016927386 0.027152836 0.012315004 0.008461963 -0.004839846 0.004441548 0.010959752 0.017086670 0.002018664 0.021100923 0.007518081 0.005625851 0.029270820 0.025565226 0.011142087 0.022246011 0.007511442 0.013624855 0.015841549 0.004761922 0.023569116 0.001520109 0.009879350 0.004588994 0.009318215 0.006266624 0.019573987 0.005200571 0.043257095 0.014960572 0.017311966 0.019308191
0.041174315 0.012342412 0.020188792 0.017913386 0.020127079 0.012817171 0.004441548 -0.000513013 0.009779948 0.014460861 0.011039758 0.016374590 0.009346321 0.010661140 0.034222767 0.028859828 0.014228313 0.021676585 0.011910397 0.015359293 0.021083267 0.009635990 0.028270125 0.005193291 0.012394570 0.010737680 0.012331176 0.007806500 0.023427233 0.005948016 0.041318856 0.019561077 0.014088616 0.024736628
0.039183263 0.022499077 0.018608015 0.028937761 0.022676094 0.014272461 0.010959752 0.009779948 0.006266728 0.022915574 0.017659616 0.025967868 0.014431018 0.012668677 0.030402357 0.025688114 0.014518819 0.025270708 0.016719550 0.026077941 0.022176545 0.014219034 0.024902245 0.011153158 0.018711524 0.019271290 0.018645149 0.012197582 0.022606608 0.011348205 0.045058813 0.026154118 0.013660649 0.022897532
0.050935149 0.020497002 0.032724142 0.009868558 0.024734978 0.024980929 0.017086670 0.014460861 0.022915574 0.001627389 0.010221537 0.006685186 0.015671540 0.020534735 0.043492336 0.043549463 0.024433423 0.016099371 0.021338787 0.017238963 0.032214671 0.016044732 0.036568638 0.018826364 0.013527963 0.008743656 0.025444055 0.019636422 0.033394556 0.016725169 0.033842482 0.010364017 0.019036174 0.035846375
0.051776957 0.016792908 0.029561885 0.017534092 0.019301832 0.019446652 0.002018664 0.011039758 0.017659616 0.010221537 0.000587537 0.012423048 0.011046375 0.014677757 0.043038368 0.039508056 0.019896897 0.018742247 0.016136920 0.014624497 0.027952928 0.010326887 0.035478584 0.012444280 0.011516836 0.005472057 0.019469274 0.016694378 0.030272320 0.013606149 0.041013610 0.011213508 0.018461458 0.033839229
0.053460725 0.025785927 0.035635706 0.011155201 0.028691782 0.027059808 0.021100923 0.016374590 0.025967868 0.006685186 0.012423048 0.002914560 0.017123014 0.023149293 0.045725573 0.045925967 0.027941057 0.017273787 0.024335925 0.019699708 0.034467652 0.018287055 0.039862514 0.022355245 0.015806254 0.011333908 0.028129766 0.024375688 0.036570586 0.019808361 0.034361228 0.012833966 0.020439345 0.037938759
0.041810825 0.013257115 0.022805829 0.022213176 0.015474722 0.015772684 0.007518081 0.009346321 0.014431018 0.015671540 0.011046375 0.017123014 0.001626951 0.013640584 0.036345996 0.029789548 0.016118422 0.025502769 0.013014222 0.013420134 0.023382455 0.012667194 0.026831415 0.009962260 0.014417928 0.011299370 0.017053636 0.013246189 0.024486728 0.011642918 0.046376131 0.019936737 0.017320283 0.027908109
0.040146355 0.014790247 0.019968770 0.028872527 0.018394303 0.012527922 0.005625851 0.010661140 0.012668677 0.020534735 0.014677757 0.023149293 0.013640584 0.004423021 0.031093884 0.025918130 0.013825680 0.026284086 0.013205117 0.015862795 0.018688537 0.013575227 0.024197564 0.011623775 0.016140029 0.016656941 0.014406826 0.010795193 0.021997726 0.009515068 0.048830979 0.025168467 0.022861820 0.021587022
0.027494809 0.025393741 0.025249241 0.049805172 0.033831254 0.030930789 0.029270820 0.034222767 0.030402357 0.043492336 0.043038368 0.045725573 0.036345996 0.031093884 0.010084487 0.026455002 0.024106825 0.053643025 0.033358201 0.034168471 0.023248296 0.031527493 0.019109279 0.029170031 0.038747985 0.041567449 0.032025963 0.026108541 0.020311970 0.029351808 0.068903565 0.039867513 0.040463790 0.020421747
0.031465288 0.023277113 0.020985849 0.051641770 0.032634430 0.023711339 0.025565226 0.028859828 0.025688114 0.043549463 0.039508056 0.045925967 0.029789548 0.025918130 0.026455002 0.006522937 0.018005980 0.047667041 0.027970178 0.035672963 0.016236581 0.028568219 0.016332019 0.026158405 0.032846536 0.040698692 0.028195808 0.024082623 0.013288716 0.025162462 0.061904524 0.043141317 0.032414623 0.018870715
0.031786591 0.017744720 0.016652934 0.029996414 0.019274406 0.013657588 0.011142087 0.014228313 0.014518819 0.024433423 0.019896897 0.027941057 0.016118422 0.013825680 0.024106825 0.018005980 -0.001287302 0.029776167 0.010854861 0.017505407 0.012496321 0.014358714 0.016611991 0.012241213 0.019883258 0.021280270 0.014006735 0.011865119 0.016057398 0.013267911 0.043019995 0.026961947 0.026274178 0.016248509
0.058167595 0.022853058 0.037246473 0.019031741 0.044851627 0.029904822 0.022246011 0.021676585 0.025270708 0.016099371 0.018742247 0.017273787 0.025502769 0.026284086 0.053643025 0.047667041 0.029776167 0.012016743 0.025946524 0.029938282 0.039304286 0.019878851 0.044046488 0.026352605 0.018507510 0.019113004 0.028631922 0.024556972 0.041529924 0.023200095 0.035589814 0.022729881 0.031146042 0.042019892
0.040935848 0.014686381 0.019036096 0.029164333 0.021102067 0.014807163 0.007511442 0.011910397 0.016719550 0.021338787 0.016136920 0.024335925 0.013014222 0.013205117 0.033358201 0.027970178 0.010854861 0.025946524 0.001622531 0.018992562 0.020162361 0.011927376 0.024052978 0.012428235 0.016918719 0.016546344 0.015927913 0.013028312 0.020470340 0.013143506 0.044076122 0.023477610 0.025188485 0.021081148
0.049304999 0.029155232 0.028370662 0.022602405 0.018512560 0.021445308 0.013624855 0.015359293 0.026077941 0.017238963 0.014624497 0.019699708 0.013420134 0.015862795 0.034168471 0.035672963 0.017505407 0.029938282 0.018992562 0.005970176 0.024627086 0.016246881 0.027051125 0.015330655 0.018370869 0.017563343 0.026940392 0.016672879 0.024866406 0.015506359 0.048775941 0.014441581 0.025606504 0.029230418
0.030976310 0.025739836 0.014570830 0.039347589 0.022478376 0.019944161 0.015841549 0.021083267 0.022176545 0.032214671 0.027952928 0.034467652 0.023382455 0.018688537 0.023248296 0.016236581 0.012496321 0.039304286 0.020162361 0.024627086 0.004932893 0.019578870 0.012368334 0.015030643 0.029582005 0.029027514 0.023439307 0.015383322 0.012539217 0.018412976 0.057537980 0.030441968 0.028314874 0.016084012
0.040985666 0.015893705 0.020799827 0.023654411 0.015948754 0.013686653 0.004761922 0.009635990 0.014219034 0.016044732 0.010326887 0.018287055 0.012667194 0.013575227 0.031527493 0.028568219 0.014358714 0.019878851 0.011927376 0.016246881 0.019578870 -0.001076823 0.024816349 0.010116586 0.010851718 0.010999935 0.013883048 0.010905987 0.022986092 0.010715632 0.037394021 0.017452028 0.016625565 0.023044974
0.025931614 0.025274919 0.017110532 0.042630501 0.027208969 0.022185061 0.023569116 0.028270125 0.024902245 0.036568638 0.035478584 0.039862514 0.026831415 0.024197564 0.019109279 0.016332019 0.016611991 0.044046488 0.024052978 0.027051125 0.012368334 0.024816349 0.005117126 0.024076413 0.031105416 0.034524322 0.025999900 0.020461086 0.013640571 0.023868926 0.056032285 0.034788821 0.030346382 0.015584802
0.040120684 0.015851902 0.017824223 0.028598197 0.013427844 0.011708008 0.001520109 0.005193291 0.011153158 0.018826364 0.012444280 0.022355245 0.009962260 0.011623775 0.029170031 0.026158405 0.012241213 0.026352605 0.012428235 0.015330655 0.015030643 0.010116586 0.024076413 -0.001162129 0.014652215 0.013722740 0.011592759 0.008128402 0.020479772 0.007286643 0.045942083 0.021283496 0.016133856 0.020926686
0.045688830 0.012781717 0.027605031 0.018235553 0.023250116 0.019688644 0.009879350 0.012394570 0.018711524 0.013527963 0.011516836 0.015806254 0.014417928 0.016140029 0.038747985 0.032846536 0.019883258 0.018507510 0.016918719 0.018370869 0.029582005 0.010851718 0.031105416 0.014652215 -0.014719221 0.011605818 0.018135566 0.015167397 0.027935687 0.014542690 0.030722998 0.018578520 0.021419249 0.029084776
0.051692151 0.019757543 0.032217741 0.016132720 0.017493067 0.020597771 0.004588994 0.010737680 0.019271290 0.008743656 0.005472057 0.011333908 0.011299370 0.016656941 0.041567449 0.040698692 0.021280270 0.019113004 0.016546344 0.017563343 0.029027514 0.010999935 0.034524322 0.013722740 0.011605818 -0.000567485 0.021358170 0.018282738 0.030407462 0.013809328 0.042341482 0.010891013 0.017246919 0.033876825
0.039559290 0.018655339 0.021812791 0.032435231 0.023337105 0.014580319 0.009318215 0.012331176 0.018645149 0.025444055 0.019469274 0.028129766 0.017053636 0.014406826 0.032025963 0.028195808 0.014006735 0.028631922 0.015927913 0.026940392 0.023439307 0.013883048 0.025999900 0.011592759 0.018135566 0.021358170 0.010667507 0.011777114 0.023963690 0.011569819 0.045569740 0.028023869 0.023287201 0.024286287
0.035500981 0.015710086 0.014875585 0.027625449 0.020998977 0.011533231 0.006266624 0.007806500 0.012197582 0.019636422 0.016694378 0.024375688 0.013246189 0.010795193 0.026108541 0.024082623 0.011865119 0.024556972 0.013028312 0.016672879 0.015383322 0.010905987 0.020461086 0.008128402 0.015167397 0.018282738 0.011777114 0.000787511 0.017322611 0.006219653 0.041834064 0.023141516 0.018580638 0.017536519
0.027144199 0.024305172 0.016850751 0.038724419 0.025216954 0.021078803 0.019573987 0.023427233 0.022606608 0.033394556 0.030272320 0.036570586 0.024486728 0.021997726 0.020311970 0.013288716 0.016057398 0.041529924 0.020470340 0.024866406 0.012539217 0.022986092 0.013640571 0.020479772 0.027935687 0.030407462 0.023963690 0.017322611 0.009807505 0.020795487 0.046326075 0.035714973 0.030325983 0.013691347
0.037380844 0.014008472 0.017952435 0.022620922 0.018298943 0.012296729 0.005200571 0.005948016 0.011348205 0.016725169 0.013606149 0.019808361 0.011642918 0.009515068 0.029351808 0.025162462 0.013267911 0.023200095 0.013143506 0.015506359 0.018412976 0.010715632 0.023868926 0.007286643 0.014542690 0.013809328 0.011569819 0.006219653 0.020795487 0.001020016 0.041941255 0.016912099 0.014181133 0.019789424
0.076253869 0.035520405 0.053996757 0.031409599 0.063025028 0.046835788 0.043257095 0.041318856 0.045058813 0.033842482 0.041013610 0.034361228 0.046376131 0.048830979 0.068903565 0.061904524 0.043019995 0.035589814 0.044076122 0.048775941 0.057537980 0.037394021 0.056032285 0.045942083 0.030722998 0.042341482 0.045569740 0.041834064 0.046326075 0.041941255 -0.008185292 0.036181465 0.056797735 0.052945040
0.052762460 0.024193825 0.033092625 0.014571100 0.020803506 0.027088962 0.014960572 0.019561077 0.026154118 0.010364017 0.011213508 0.012833966 0.019936737 0.025168467 0.039867513 0.043141317 0.026961947 0.022729881 0.023477610 0.014441581 0.030441968 0.017452028 0.034788821 0.021283496 0.018578520 0.010891013 0.028023869 0.023141516 0.035714973 0.016912099 0.036181465 0.003290550 0.025124013 0.037382476
0.048557088 0.019893851 0.023909334 0.025753375 0.029556572 0.024671998 0.017311966 0.014088616 0.013660649 0.019036174 0.018461458 0.020439345 0.017320283 0.022861820 0.040463790 0.032414623 0.026274178 0.031146042 0.025188485 0.025606504 0.028314874 0.016625565 0.030346382 0.016133856 0.021419249 0.017246919 0.023287201 0.018580638 0.030325983 0.014181133 0.056797735 0.025124013 -0.005141322 0.032125369
0.030598812 0.026045939 0.016801268 0.039804436 0.027550410 0.020903785 0.019308191 0.024736628 0.022897532 0.035846375 0.033839229 0.037938759 0.027908109 0.021587022 0.020421747 0.018870715 0.016248509 0.042019892 0.021081148 0.029230418 0.016084012 0.023044974 0.015584802 0.020926686 0.029084776 0.033876825 0.024286287 0.017536519 0.013691347 0.019789424 0.052945040 0.037382476 0.032125369 0.008787945
