0.000000000 0.044897959 0.026315790 0.130111530 0.082352944 0.033057850 0.033057850 0.106870227 0.082352944 0.089494161 0.078740157 0.155234650 0.085937500 0.060240965 0.049327355 0.035398230 0.004291845 0.082352944 0.056451611 0.082352944 0.008474576 0.044897959 0.017391304 0.000000000 0.082352944 0.056451611 0.016806724 0.033057850 0.012987013 0.044897959 0.187500000 0.145985395 0.025000000 0.025000000
0.044897959 0.000000000 0.071129709 0.085714288 0.037593983 0.011857707 0.011857707 0.062271062 0.037593983 0.044776119 0.033962265 0.111111112 0.041198503 0.015384615 0.094017096 0.080168776 0.049180329 0.037593983 0.011583012 0.037593983 0.036437247 0.000000000 0.062240664 0.044897959 0.037593983 0.011583012 0.028112451 0.011857707 0.057851240 0.000000000 0.143812716 0.101754382 0.019920319 0.019920319
0.026315790 0.071129709 0.000000000 0.155893534 0.108433738 0.059322033 0.059322033 0.132812500 0.108433738 0.115537852 0.104838707 0.180811808 0.112000003 0.086419754 0.023041476 0.009090909 0.022026431 0.108433738 0.082644626 0.108433738 0.034782607 0.071129709 0.008928572 0.026315790 0.108433738 0.082644626 0.043103449 0.059322033 0.013333334 0.071129709 0.212765962 0.171641797 0.051282052 0.051282052
0.130111530 0.085714288 0.155893534 0.000000000 0.048275862 0.097472921 0.097472921 0.023569023 0.048275862 0.041095890 0.051903114 0.025641026 0.044673540 0.070422538 0.178294569 0.164750963 0.134328365 0.048275862 0.074204944 0.048275862 0.121771216 0.085714288 0.147169814 0.130111530 0.048275862 0.074204944 0.113553114 0.097472921 0.142857149 0.085714288 0.058823530 0.016181231 0.105454542 0.105454542
0.082352944 0.037593983 0.108433738 0.048275862 0.000000000 0.049429659 0.049429659 0.024734983 0.000000000 0.007194245 0.003636364 0.073825501 0.003610108 0.022222223 0.131147534 0.117408909 0.086614177 0.000000000 0.026022306 0.000000000 0.073929958 0.037593983 0.099601597 0.082352944 0.000000000 0.026022306 0.065637067 0.049429659 0.095238097 0.037593983 0.106796116 0.064406782 0.057471264 0.057471264
0.033057850 0.011857707 0.059322033 0.097472921 0.049429659 0.000000000 0.000000000 0.074074075 0.049429659 0.056603774 0.045801528 0.122807018 0.053030305 0.027237354 0.082251079 0.068376072 0.037344400 0.049429659 0.023437500 0.049429659 0.024590164 0.011857707 0.050420169 0.033057850 0.049429659 0.023437500 0.016260162 0.000000000 0.046025105 0.011857707 0.155405402 0.113475174 0.008064516 0.008064516
0.033057850 0.011857707 0.059322033 0.097472921 0.049429659 0.000000000 0.000000000 0.074074075 0.049429659 0.056603774 0.045801528 0.122807018 0.053030305 0.027237354 0.082251079 0.068376072 0.037344400 0.049429659 0.023437500 0.049429659 0.024590164 0.011857707 0.050420169 0.033057850 0.049429659 0.023437500 0.016260162 0.000000000 0.046025105 0.011857707 0.155405402 0.113475174 0.008064516 0.008064516
0.106870227 0.062271062 0.132812500 0.023569023 0.024734983 0.074074075 0.074074075 0.000000000 0.024734983 0.017543860 0.028368793 0.049180329 0.021126760 0.046931408 0.155378491 0.141732290 0.111111112 0.024734983 0.050724637 0.024734983 0.098484851 0.062271062 0.124031007 0.106870227 0.024734983 0.050724637 0.090225562 0.074074075 0.119691119 0.062271062 0.082278483 0.039735101 0.082089551 0.082089551
0.082352944 0.037593983 0.108433738 0.048275862 0.000000000 0.049429659 0.049429659 0.024734983 0.000000000 0.007194245 0.003636364 0.073825501 0.003610108 0.022222223 0.131147534 0.117408909 0.086614177 0.000000000 0.026022306 0.000000000 0.073929958 0.037593983 0.099601597 0.082352944 0.000000000 0.026022306 0.065637067 0.049429659 0.095238097 0.037593983 0.106796116 0.064406782 0.057471264 0.057471264
0.089494161 0.044776119 0.115537852 0.041095890 0.007194245 0.056603774 0.056603774 0.017543860 0.007194245 0.000000000 0.010830325 0.066666670 0.003584229 0.029411765 0.138211384 0.124497995 0.093750000 0.007194245 0.033210333 0.007194245 0.081081077 0.044776119 0.106719367 0.089494161 0.007194245 0.033210333 0.072796933 0.056603774 0.102362208 0.044776119 0.099678457 0.057239056 0.064638786 0.064638786
0.078740157 0.033962265 0.104838707 0.051903114 0.003636364 0.045801528 0.045801528 0.028368793 0.003636364 0.010830325 0.000000000 0.077441074 0.007246377 0.018587360 0.127572015 0.113821141 0.083003953 0.003636364 0.022388060 0.003636364 0.070312500 0.033962265 0.096000001 0.078740157 0.003636364 0.022388060 0.062015504 0.045801528 0.091633469 0.033962265 0.110389613 0.068027213 0.053846154 0.053846154
0.155234650 0.111111112 0.180811808 0.025641026 0.073825501 0.122807018 0.122807018 0.049180329 0.073825501 0.066666670 0.077441074 0.000000000 0.070234112 0.095890410 0.203007519 0.189591080 0.159420297 0.073825501 0.099656358 0.073825501 0.146953404 0.111111112 0.172161177 0.155234650 0.073825501 0.099656358 0.138790041 0.122807018 0.167883217 0.111111112 0.033232629 0.009463723 0.130742043 0.130742043
0.085937500 0.041198503 0.112000003 0.044673540 0.003610108 0.053030305 0.053030305 0.021126760 0.003610108 0.003584229 0.007246377 0.070234112 0.000000000 0.025830258 0.134693876 0.120967738 0.090196081 0.003610108 0.029629629 0.003610108 0.077519380 0.041198503 0.103174604 0.085937500 0.003610108 0.029629629 0.069230773 0.053030305 0.098814227 0.041198503 0.103225805 0.060810812 0.061068702 0.061068702
0.060240965 0.015384615 0.086419754 0.070422538 0.022222223 0.027237354 0.027237354 0.046931408 0.022222223 0.029411765 0.018587360 0.095890410 0.025830258 0.000000000 0.109243698 0.095435686 0.064516127 0.022222223 0.003802281 0.022222223 0.051792830 0.015384615 0.077551022 0.060240965 0.022222223 0.003802281 0.043478262 0.027237354 0.073170729 0.015384615 0.128712878 0.086505190 0.035294119 0.035294119
0.049327355 0.094017096 0.023041476 0.178294569 0.131147534 0.082251079 0.082251079 0.155378491 0.131147534 0.138211384 0.127572015 0.203007519 0.134693876 0.109243698 0.000000000 0.013953488 0.045045044 0.131147534 0.105485231 0.131147534 0.057777777 0.094017096 0.031963471 0.049327355 0.131147534 0.105485231 0.066079296 0.082251079 0.036363635 0.094017096 0.234657034 0.193916351 0.074235804 0.074235804
0.035398230 0.080168776 0.009090909 0.164750963 0.117408909 0.068376072 0.068376072 0.141732290 0.117408909 0.124497995 0.113821141 0.189591080 0.120967738 0.095435686 0.013953488 0.000000000 0.031111112 0.117408909 0.091666669 0.117408909 0.043859649 0.080168776 0.018018018 0.035398230 0.117408909 0.091666669 0.052173913 0.068376072 0.022421524 0.080168776 0.221428573 0.180451125 0.060344826 0.060344826
0.004291845 0.049180329 0.022026431 0.134328365 0.086614177 0.037344400 0.037344400 0.111111112 0.086614177 0.093750000 0.083003953 0.159420297 0.090196081 0.064516127 0.045045044 0.031111112 0.000000000 0.086614177 0.060728744 0.086614177 0.012765957 0.049180329 0.013100437 0.004291845 0.086614177 0.060728744 0.021097047 0.037344400 0.008695652 0.049180329 0.191637635 0.150183156 0.029288704 0.029288704
0.082352944 0.037593983 0.108433738 0.048275862 0.000000000 0.049429659 0.049429659 0.024734983 0.000000000 0.007194245 0.003636364 0.073825501 0.003610108 0.022222223 0.131147534 0.117408909 0.086614177 0.000000000 0.026022306 0.000000000 0.073929958 0.037593983 0.099601597 0.082352944 0.000000000 0.026022306 0.065637067 0.049429659 0.095238097 0.037593983 0.106796116 0.064406782 0.057471264 0.057471264
0.056451611 0.011583012 0.082644626 0.074204944 0.026022306 0.023437500 0.023437500 0.050724637 0.026022306 0.033210333 0.022388060 0.099656358 0.029629629 0.003802281 0.105485231 0.091666669 0.060728744 0.026022306 0.000000000 0.026022306 0.048000000 0.011583012 0.073770493 0.056451611 0.026022306 0.000000000 0.039682541 0.023437500 0.069387756 0.011583012 0.132450327 0.090277776 0.031496063 0.031496063
0.082352944 0.037593983 0.108433738 0.048275862 0.000000000 0.049429659 0.049429659 0.024734983 0.000000000 0.007194245 0.003636364 0.073825501 0.003610108 0.022222223 0.131147534 0.117408909 0.086614177 0.000000000 0.026022306 0.000000000 0.073929958 0.037593983 0.099601597 0.082352944 0.000000000 0.026022306 0.065637067 0.049429659 0.095238097 0.037593983 0.106796116 0.064406782 0.057471264 0.057471264
0.008474576 0.036437247 0.034782607 0.121771216 0.073929958 0.024590164 0.024590164 0.098484851 0.073929958 0.081081077 0.070312500 0.146953404 0.077519380 0.051792830 0.057777777 0.043859649 0.012765957 0.073929958 0.048000000 0.073929958 0.000000000 0.036437247 0.025862070 0.008474576 0.073929958 0.048000000 0.008333334 0.024590164 0.021459227 0.036437247 0.179310352 0.137681156 0.016528925 0.016528925
0.044897959 0.000000000 0.071129709 0.085714288 0.037593983 0.011857707 0.011857707 0.062271062 0.037593983 0.044776119 0.033962265 0.111111112 0.041198503 0.015384615 0.094017096 0.080168776 0.049180329 0.037593983 0.011583012 0.037593983 0.036437247 0.000000000 0.062240664 0.044897959 0.037593983 0.011583012 0.028112451 0.011857707 0.057851240 0.000000000 0.143812716 0.101754382 0.019920319 0.019920319
0.017391304 0.062240664 0.008928572 0.147169814 0.099601597 0.050420169 0.050420169 0.124031007 0.099601597 0.106719367 0.096000001 0.172161177 0.103174604 0.077551022 0.031963471 0.018018018 0.013100437 0.099601597 0.073770493 0.099601597 0.025862070 0.062240664 0.000000000 0.017391304 0.099601597 0.073770493 0.034188036 0.050420169 0.004405286 0.062240664 0.204225346 0.162962958 0.042372882 0.042372882
0.000000000 0.044897959 0.026315790 0.130111530 0.082352944 0.033057850 0.033057850 0.106870227 0.082352944 0.089494161 0.078740157 0.155234650 0.085937500 0.060240965 0.049327355 0.035398230 0.004291845 0.082352944 0.056451611 0.082352944 0.008474576 0.044897959 0.017391304 0.000000000 0.082352944 0.056451611 0.016806724 0.033057850 0.012987013 0.044897959 0.187500000 0.145985395 0.025000000 0.025000000
0.082352944 0.037593983 0.108433738 0.048275862 0.000000000 0.049429659 0.049429659 0.024734983 0.000000000 0.007194245 0.003636364 0.073825501 0.003610108 0.022222223 0.131147534 0.117408909 0.086614177 0.000000000 0.026022306 0.000000000 0.073929958 0.037593983 0.099601597 0.082352944 0.000000000 0.026022306 0.065637067 0.049429659 0.095238097 0.037593983 0.106796116 0.064406782 0.057471264 0.057471264
0.056451611 0.011583012 0.082644626 0.074204944 0.026022306 0.023437500 0.023437500 0.050724637 0.026022306 0.033210333 0.022388060 0.099656358 0.029629629 0.003802281 0.105485231 0.091666669 0.060728744 0.026022306 0.000000000 0.026022306 0.048000000 0.011583012 0.073770493 0.056451611 0.026022306 0.000000000 0.039682541 0.023437500 0.069387756 0.011583012 0.132450327 0.090277776 0.031496063 0.031496063
0.016806724 0.028112451 0.043103449 0.113553114 0.065637067 0.016260162 0.016260162 0.090225562 0.065637067 0.072796933 0.062015504 0.138790041 0.069230773 0.043478262 0.066079296 0.052173913 0.021097047 0.065637067 0.039682541 0.065637067 0.008333334 0.028112451 0.034188036 0.016806724 0.065637067 0.039682541 0.000000000 0.016260162 0.029787235 0.028112451 0.171232879 0.129496396 0.008196721 0.008196721
0.033057850 0.011857707 0.059322033 0.097472921 0.049429659 0.000000000 0.000000000 0.074074075 0.049429659 0.056603774 0.045801528 0.122807018 0.053030305 0.027237354 0.082251079 0.068376072 0.037344400 0.049429659 0.023437500 0.049429659 0.024590164 0.011857707 0.050420169 0.033057850 0.049429659 0.023437500 0.016260162 0.000000000 0.046025105 0.011857707 0.155405402 0.113475174 0.008064516 0.008064516
0.012987013 0.057851240 0.013333334 0.142857149 0.095238097 0.046025105 0.046025105 0.119691119 0.095238097 0.102362208 0.091633469 0.167883217 0.098814227 0.073170729 0.036363635 0.022421524 0.008695652 0.095238097 0.069387756 0.095238097 0.021459227 0.057851240 0.004405286 0.012987013 0.095238097 0.069387756 0.029787235 0.046025105 0.000000000 0.057851240 0.200000003 0.158671588 0.037974682 0.037974682
0.044897959 0.000000000 0.071129709 0.085714288 0.037593983 0.011857707 0.011857707 0.062271062 0.037593983 0.044776119 0.033962265 0.111111112 0.041198503 0.015384615 0.094017096 0.080168776 0.049180329 0.037593983 0.011583012 0.037593983 0.036437247 0.000000000 0.062240664 0.044897959 0.037593983 0.011583012 0.028112451 0.011857707 0.057851240 0.000000000 0.143812716 0.101754382 0.019920319 0.019920319
0.187500000 0.143812716 0.212765962 0.058823530 0.106796116 0.155405402 0.155405402 0.082278483 0.106796116 0.099678457 0.110389613 0.033232629 0.103225805 0.128712878 0.234657034 0.221428573 0.191637635 0.106796116 0.132450327 0.106796116 0.179310352 0.143812716 0.204225346 0.187500000 0.106796116 0.132450327 0.171232879 0.155405402 0.200000003 0.143812716 0.000000000 0.042682927 0.163265303 0.163265303
0.145985395 0.101754382 0.171641797 0.016181231 0.064406782 0.113475174 0.113475174 0.039735101 0.064406782 0.057239056 0.068027213 0.009463723 0.060810812 0.086505190 0.193916351 0.180451125 0.150183156 0.064406782 0.090277776 0.064406782 0.137681156 0.101754382 0.162962958 0.145985395 0.064406782 0.090277776 0.129496396 0.113475174 0.158671588 0.101754382 0.042682927 0.000000000 0.121428572 0.121428572
0.025000000 0.019920319 0.051282052 0.105454542 0.057471264 0.008064516 0.008064516 0.082089551 0.057471264 0.064638786 0.053846154 0.130742043 0.061068702 0.035294119 0.074235804 0.060344826 0.029288704 0.057471264 0.031496063 0.057471264 0.016528925 0.019920319 0.042372882 0.025000000 0.057471264 0.031496063 0.008196721 0.008064516 0.037974682 0.019920319 0.163265303 0.121428572 0.000000000 0.000000000
0.025000000 0.019920319 0.051282052 0.105454542 0.057471264 0.008064516 0.008064516 0.082089551 0.057471264 0.064638786 0.053846154 0.130742043 0.061068702 0.035294119 0.074235804 0.060344826 0.029288704 0.057471264 0.031496063 0.057471264 0.016528925 0.019920319 0.042372882 0.025000000 0.057471264 0.031496063 0.008196721 0.008064516 0.037974682 0.019920319 0.163265303 0.121428572 0.000000000 0.000000000
