0.000000000 0.152073726 0.079999998 0.226890758 0.140186921 0.182222217 0.115384616 0.152073726 0.167420819 0.206896558 0.192982450 0.230125517 0.155963302 0.098039217 0.005464481 0.119617224 0.115384616 0.144186050 0.119617224 0.213675216 0.144186050 0.210300431 0.152073726 0.148148149 0.155963302 0.182222217 0.119617224 0.140186921 0.093596056 0.132075474 0.236514524 0.281250000 0.230125517 0.123809524
0.152073726 0.000000000 0.072961375 0.077490777 0.012145749 0.031007752 0.037344400 0.000000000 0.015748031 0.056603774 0.042145595 0.080882356 0.003984064 0.054852322 0.157407403 0.033057850 0.037344400 0.008064516 0.033057850 0.063670412 0.008064516 0.060150377 0.000000000 0.004016064 0.003984064 0.031007752 0.033057850 0.012145749 0.059322033 0.020408163 0.087591238 0.134948090 0.080882356 0.028806584
0.079999998 0.072961375 0.000000000 0.149606302 0.060869563 0.103734441 0.035714287 0.072961375 0.088607594 0.129032254 0.114754096 0.152941182 0.076923080 0.018181818 0.085427135 0.039999999 0.035714287 0.064935066 0.039999999 0.136000007 0.064935066 0.132530123 0.072961375 0.068965517 0.076923080 0.103734441 0.039999999 0.060869563 0.013698630 0.052631579 0.159533069 0.205882356 0.152941182 0.044247787
0.226890758 0.077490777 0.149606302 0.000000000 0.089552239 0.046594981 0.114503816 0.077490777 0.061818182 0.020979021 0.035460994 0.003412969 0.073529415 0.131782949 0.232067510 0.110266156 0.114503816 0.085501857 0.110266156 0.013888889 0.085501857 0.017421603 0.077490777 0.081481479 0.073529415 0.046594981 0.110266156 0.089552239 0.136186764 0.097744361 0.010169491 0.058064517 0.003412969 0.106060609
0.140186921 0.012145749 0.060869563 0.089552239 0.000000000 0.043137256 0.025210084 0.012145749 0.027888447 0.068702288 0.054263566 0.092936806 0.016129032 0.042735044 0.145539910 0.020920502 0.025210084 0.004081632 0.020920502 0.075757578 0.004081632 0.072243348 0.012145749 0.008130081 0.016129032 0.043137256 0.020920502 0.000000000 0.047210302 0.008264462 0.099630997 0.146853149 0.092936806 0.016666668
0.182222217 0.031007752 0.103734441 0.046594981 0.043137256 0.000000000 0.068273090 0.031007752 0.015267176 0.025641026 0.011152416 0.050000001 0.027027028 0.085714288 0.187500000 0.064000003 0.068273090 0.039062500 0.064000003 0.032727271 0.039062500 0.029197080 0.031007752 0.035019454 0.027027028 0.000000000 0.064000003 0.043137256 0.090163931 0.051383398 0.056737587 0.104377106 0.050000001 0.059760958
0.115384616 0.037344400 0.035714287 0.114503816 0.025210084 0.068273090 0.000000000 0.037344400 0.053061225 0.093750000 0.079365082 0.117870726 0.041322313 0.017543860 0.120772950 0.004291845 0.000000000 0.029288704 0.004291845 0.100775197 0.029288704 0.097276263 0.037344400 0.033333335 0.041322313 0.068273090 0.004291845 0.025210084 0.022026431 0.016949153 0.124528304 0.171428576 0.117870726 0.008547009
0.152073726 0.000000000 0.072961375 0.077490777 0.012145749 0.031007752 0.037344400 0.000000000 0.015748031 0.056603774 0.042145595 0.080882356 0.003984064 0.054852322 0.157407403 0.033057850 0.037344400 0.008064516 0.033057850 0.063670412 0.008064516 0.060150377 0.000000000 0.004016064 0.003984064 0.031007752 0.033057850 0.012145749 0.059322033 0.020408163 0.087591238 0.134948090 0.080882356 0.028806584
0.167420819 0.015748031 0.088607594 0.061818182 0.027888447 0.015267176 0.053061225 0.015748031 0.000000000 0.040892195 0.026415095 0.065217391 0.011764706 0.070539422 0.172727272 0.048780486 0.053061225 0.023809524 0.048780486 0.047970481 0.023809524 0.044444446 0.015748031 0.019762846 0.011764706 0.015267176 0.048780486 0.027888447 0.075000003 0.036144577 0.071942449 0.119453922 0.065217391 0.044534411
0.206896558 0.056603774 0.129032254 0.020979021 0.068702288 0.025641026 0.093750000 0.056603774 0.040892195 0.000000000 0.014492754 0.024390243 0.052631579 0.111111112 0.212121218 0.089494161 0.093750000 0.064638786 0.089494161 0.007092198 0.064638786 0.003558719 0.056603774 0.060606062 0.052631579 0.025641026 0.089494161 0.068702288 0.115537852 0.076923080 0.031141868 0.078947365 0.024390243 0.085271321
0.192982450 0.042145595 0.114754096 0.035460994 0.054263566 0.011152416 0.079365082 0.042145595 0.026415095 0.014492754 0.000000000 0.038869258 0.038167939 0.096774191 0.198237881 0.075098813 0.079365082 0.050193049 0.075098813 0.021582734 0.050193049 0.018050542 0.042145595 0.046153847 0.038167939 0.011152416 0.075098813 0.054263566 0.101214573 0.062500000 0.045614034 0.093333334 0.038869258 0.070866145
0.230125517 0.080882356 0.152941182 0.003412969 0.092936806 0.050000001 0.117870726 0.080882356 0.065217391 0.024390243 0.038869258 0.000000000 0.076923080 0.135135129 0.235294119 0.113636367 0.117870726 0.088888891 0.113636367 0.017301038 0.088888891 0.020833334 0.080882356 0.084870845 0.076923080 0.050000001 0.113636367 0.092936806 0.139534891 0.101123594 0.006756757 0.054662380 0.000000000 0.109433964
0.155963302 0.003984064 0.076923080 0.073529415 0.016129032 0.027027028 0.041322313 0.003984064 0.011764706 0.052631579 0.038167939 0.076923080 0.000000000 0.058823530 0.161290318 0.037037037 0.041322313 0.012048192 0.037037037 0.059701491 0.012048192 0.056179777 0.003984064 0.008000000 0.000000000 0.027027028 0.037037037 0.016129032 0.063291140 0.024390243 0.083636366 0.131034479 0.076923080 0.032786883
0.098039217 0.054852322 0.018181818 0.131782949 0.042735044 0.085714288 0.017543860 0.054852322 0.070539422 0.111111112 0.096774191 0.135135129 0.058823530 0.000000000 0.103448279 0.021834061 0.017543860 0.046808511 0.021834061 0.118110240 0.046808511 0.114624508 0.054852322 0.050847456 0.058823530 0.085714288 0.021834061 0.042735044 0.004484305 0.034482758 0.141762450 0.188405797 0.135135129 0.026086956
0.005464481 0.157407403 0.085427135 0.232067510 0.145539910 0.187500000 0.120772950 0.157407403 0.172727272 0.212121218 0.198237881 0.235294119 0.161290318 0.103448279 0.000000000 0.125000000 0.120772950 0.149532706 0.125000000 0.218884125 0.149532706 0.215517238 0.157407403 0.153488368 0.161290318 0.187500000 0.125000000 0.145539910 0.099009901 0.137440756 0.241666660 0.286274523 0.235294119 0.129186600
0.119617224 0.033057850 0.039999999 0.110266156 0.020920502 0.064000003 0.004291845 0.033057850 0.048780486 0.089494161 0.075098813 0.113636367 0.037037037 0.021834061 0.125000000 0.000000000 0.004291845 0.025000000 0.000000000 0.096525095 0.025000000 0.093023255 0.033057850 0.029045643 0.037037037 0.064000003 0.000000000 0.020920502 0.026315790 0.012658228 0.120300755 0.167259783 0.113636367 0.004255319
0.115384616 0.037344400 0.035714287 0.114503816 0.025210084 0.068273090 0.000000000 0.037344400 0.053061225 0.093750000 0.079365082 0.117870726 0.041322313 0.017543860 0.120772950 0.004291845 0.000000000 0.029288704 0.004291845 0.100775197 0.029288704 0.097276263 0.037344400 0.033333335 0.041322313 0.068273090 0.004291845 0.025210084 0.022026431 0.016949153 0.124528304 0.171428576 0.117870726 0.008547009
0.144186050 0.008064516 0.064935066 0.085501857 0.004081632 0.039062500 0.029288704 0.008064516 0.023809524 0.064638786 0.050193049 0.088888891 0.012048192 0.046808511 0.149532706 0.025000000 0.029288704 0.000000000 0.025000000 0.071698114 0.000000000 0.068181820 0.008064516 0.004048583 0.012048192 0.039062500 0.025000000 0.004081632 0.051282052 0.012345679 0.095588237 0.142857149 0.088888891 0.020746889
0.119617224 0.033057850 0.039999999 0.110266156 0.020920502 0.064000003 0.004291845 0.033057850 0.048780486 0.089494161 0.075098813 0.113636367 0.037037037 0.021834061 0.125000000 0.000000000 0.004291845 0.025000000 0.000000000 0.096525095 0.025000000 0.093023255 0.033057850 0.029045643 0.037037037 0.064000003 0.000000000 0.020920502 0.026315790 0.012658228 0.120300755 0.167259783 0.113636367 0.004255319
0.213675216 0.063670412 0.136000007 0.013888889 0.075757578 0.032727271 0.100775197 0.063670412 0.047970481 0.007092198 0.021582734 0.017301038 0.059701491 0.118110240 0.218884125 0.096525095 0.100775197 0.071698114 0.096525095 0.000000000 0.071698114 0.003533569 0.063670412 0.067669176 0.059701491 0.032727271 0.096525095 0.075757578 0.122529641 0.083969466 0.024054984 0.071895428 0.017301038 0.092307694
0.144186050 0.008064516 0.064935066 0.085501857 0.004081632 0.039062500 0.029288704 0.008064516 0.023809524 0.064638786 0.050193049 0.088888891 0.012048192 0.046808511 0.149532706 0.025000000 0.029288704 0.000000000 0.025000000 0.071698114 0.000000000 0.068181820 0.008064516 0.004048583 0.012048192 0.039062500 0.025000000 0.004081632 0.051282052 0.012345679 0.095588237 0.142857149 0.088888891 0.020746889
0.210300431 0.060150377 0.132530123 0.017421603 0.072243348 0.029197080 0.097276263 0.060150377 0.044444446 0.003558719 0.018050542 0.020833334 0.056179777 0.114624508 0.215517238 0.093023255 0.097276263 0.068181820 0.093023255 0.003533569 0.068181820 0.000000000 0.060150377 0.064150944 0.056179777 0.029197080 0.093023255 0.072243348 0.119047619 0.080459774 0.027586207 0.075409837 0.020833334 0.088803090
0.152073726 0.000000000 0.072961375 0.077490777 0.012145749 0.031007752 0.037344400 0.000000000 0.015748031 0.056603774 0.042145595 0.080882356 0.003984064 0.054852322 0.157407403 0.033057850 0.037344400 0.008064516 0.033057850 0.063670412 0.008064516 0.060150377 0.000000000 0.004016064 0.003984064 0.031007752 0.033057850 0.012145749 0.059322033 0.020408163 0.087591238 0.134948090 0.080882356 0.028806584
0.148148149 0.004016064 0.068965517 0.081481479 0.008130081 0.035019454 0.033333335 0.004016064 0.019762846 0.060606062 0.046153847 0.084870845 0.008000000 0.050847456 0.153488368 0.029045643 0.033333335 0.004048583 0.029045643 0.067669176 0.004048583 0.064150944 0.004016064 0.000000000 0.008000000 0.035019454 0.029045643 0.008130081 0.055319149 0.016393442 0.091575094 0.138888896 0.084870845 0.024793388
0.155963302 0.003984064 0.076923080 0.073529415 0.016129032 0.027027028 0.041322313 0.003984064 0.011764706 0.052631579 0.038167939 0.076923080 0.000000000 0.058823530 0.161290318 0.037037037 0.041322313 0.012048192 0.037037037 0.059701491 0.012048192 0.056179777 0.003984064 0.008000000 0.000000000 0.027027028 0.037037037 0.016129032 0.063291140 0.024390243 0.083636366 0.131034479 0.076923080 0.032786883
0.182222217 0.031007752 0.103734441 0.046594981 0.043137256 0.000000000 0.068273090 0.031007752 0.015267176 0.025641026 0.011152416 0.050000001 0.027027028 0.085714288 0.187500000 0.064000003 0.068273090 0.039062500 0.064000003 0.032727271 0.039062500 0.029197080 0.031007752 0.035019454 0.027027028 0.000000000 0.064000003 0.043137256 0.090163931 0.051383398 0.056737587 0.104377106 0.050000001 0.059760958
0.119617224 0.033057850 0.039999999 0.110266156 0.020920502 0.064000003 0.004291845 0.033057850 0.048780486 0.089494161 0.075098813 0.113636367 0.037037037 0.021834061 0.125000000 0.000000000 0.004291845 0.025000000 0.000000000 0.096525095 0.025000000 0.093023255 0.033057850 0.029045643 0.037037037 0.064000003 0.000000000 0.020920502 0.026315790 0.012658228 0.120300755 0.167259783 0.113636367 0.004255319
0.140186921 0.012145749 0.060869563 0.089552239 0.000000000 0.043137256 0.025210084 0.012145749 0.027888447 0.068702288 0.054263566 0.092936806 0.016129032 0.042735044 0.145539910 0.020920502 0.025210084 0.004081632 0.020920502 0.075757578 0.004081632 0.072243348 0.012145749 0.008130081 0.016129032 0.043137256 0.020920502 0.000000000 0.047210302 0.008264462 0.099630997 0.146853149 0.092936806 0.016666668
0.093596056 0.059322033 0.013698630 0.136186764 0.047210302 0.090163931 0.022026431 0.059322033 0.075000003 0.115537852 0.101214573 0.139534891 0.063291140 0.004484305 0.099009901 0.026315790 0.022026431 0.051282052 0.026315790 0.122529641 0.051282052 0.119047619 0.059322033 0.055319149 0.063291140 0.090163931 0.026315790 0.047210302 0.000000000 0.038961038 0.146153852 0.192727268 0.139534891 0.030567685
0.132075474 0.020408163 0.052631579 0.097744361 0.008264462 0.051383398 0.016949153 0.020408163 0.036144577 0.076923080 0.062500000 0.101123594 0.024390243 0.034482758 0.137440756 0.012658228 0.016949153 0.012345679 0.012658228 0.083969466 0.012345679 0.080459774 0.020408163 0.016393442 0.024390243 0.051383398 0.012658228 0.008264462 0.038961038 0.000000000 0.107806690 0.154929578 0.101123594 0.008403362
0.236514524 0.087591238 0.159533069 0.010169491 0.099630997 0.056737587 0.124528304 0.087591238 0.071942449 0.031141868 0.045614034 0.006756757 0.083636366 0.141762450 0.241666660 0.120300755 0.124528304 0.095588237 0.120300755 0.024054984 0.095588237 0.027586207 0.087591238 0.091575094 0.083636366 0.056737587 0.120300755 0.099630997 0.146153852 0.107806690 0.000000000 0.047923323 0.006756757 0.116104871
0.281250000 0.134948090 0.205882356 0.058064517 0.146853149 0.104377106 0.171428576 0.134948090 0.119453922 0.078947365 0.093333334 0.054662380 0.131034479 0.188405797 0.286274523 0.167259783 0.171428576 0.142857149 0.167259783 0.071895428 0.142857149 0.075409837 0.134948090 0.138888896 0.131034479 0.104377106 0.167259783 0.146853149 0.192727268 0.154929578 0.047923323 0.000000000 0.054662380 0.163120568
0.230125517 0.080882356 0.152941182 0.003412969 0.092936806 0.050000001 0.117870726 0.080882356 0.065217391 0.024390243 0.038869258 0.000000000 0.076923080 0.135135129 0.235294119 0.113636367 0.117870726 0.088888891 0.113636367 0.017301038 0.088888891 0.020833334 0.080882356 0.084870845 0.076923080 0.050000001 0.113636367 0.092936806 0.139534891 0.101123594 0.006756757 0.054662380 0.000000000 0.109433964
0.123809524 0.028806584 0.044247787 0.106060609 0.016666668 0.059760958 0.008547009 0.028806584 0.044534411 0.085271321 0.070866145 0.109433964 0.032786883 0.026086956 0.129186600 0.004255319 0.008547009 0.020746889 0.004255319 0.092307694 0.020746889 0.088803090 0.028806584 0.024793388 0.032786883 0.059760958 0.004255319 0.016666668 0.030567685 0.008403362 0.116104871 0.163120568 0.109433964 0.000000000
