0.015290640 0.039561559 0.030829182 0.066787370 0.042550638 0.035712548 0.040303525 0.048665471 0.040364068 0.055054411 0.047016073 0.063335210 0.043360114 0.040595472 0.025406502 0.026875373 0.034398280 0.049908962 0.036815070 0.057320133 0.029670414 0.043892670 0.025027027 0.042039815 0.051373631 0.048762903 0.035364635 0.038960513 0.025953060 0.040212169 0.089246750 0.063385673 0.051678050 0.030577511
0.039561559 0.004405558 0.020340461 0.033527613 0.017168695 0.015755696 0.015330093 0.016137445 0.018545493 0.024049779 0.020540971 0.024738474 0.021703463 0.013973954 0.031317789 0.027621977 0.024009924 0.021207530 0.017520146 0.033914380 0.024722666 0.016693352 0.028980991 0.016932912 0.016091185 0.020749835 0.013859075 0.017693404 0.024585012 0.020024028 0.031659175 0.030557930 0.024073770 0.027745534
0.030829182 0.020340461 -0.000578783 0.040982418 0.016001357 0.011836319 0.012149623 0.021155683 0.014656609 0.031536460 0.022355860 0.038470257 0.020873940 0.014208395 0.018968200 0.013664952 0.014382941 0.025572099 0.011705940 0.027517086 0.007113351 0.017514138 0.012763283 0.014161151 0.027018178 0.025494222 0.012073414 0.011661127 0.011520126 0.016303603 0.050273411 0.030567132 0.022134442 0.009322502
0.066787370 0.033527613 0.040982418 0.012249853 0.024002507 0.030162765 0.029935917 0.029307112 0.034643941 0.018881034 0.021217356 0.019426569 0.026926829 0.028670751 0.057654612 0.055633530 0.038756706 0.019461637 0.032215379 0.027063493 0.037197389 0.026448064 0.049959779 0.027934130 0.029135931 0.017181166 0.031315349 0.030803978 0.042941719 0.031048831 0.047369104 0.018945994 0.035836972 0.042730220
0.042550638 0.017168695 0.016001357 0.024002507 -0.000857601 0.015593264 0.012273129 0.014334983 0.014152655 0.016795041 0.015965184 0.015573114 0.013232855 0.014260988 0.032794226 0.026273835 0.016927343 0.015230699 0.015734110 0.015277205 0.018939234 0.015732216 0.026855443 0.015251697 0.017992854 0.015957689 0.011068804 0.014081031 0.023129150 0.014462525 0.033753049 0.019094124 0.020823635 0.023590282
0.035712548 0.015755696 0.011836319 0.030162765 0.015593264 0.006172719 0.006615619 0.014307403 0.007809056 0.022423465 0.016634014 0.025432251 0.017038206 0.008194783 0.025696695 0.018590773 0.013569749 0.018409891 0.010413972 0.020652073 0.010638129 0.012814390 0.021209627 0.010001939 0.020797625 0.017720832 0.007178247 0.006801254 0.018509611 0.012883727 0.036429439 0.028018340 0.023646684 0.018329486
0.040303525 0.015330093 0.012149623 0.029935917 0.012273129 0.006615619 -0.004323935 0.010033324 0.009362129 0.020481564 0.002250120 0.022534469 0.012685475 0.004379149 0.024875175 0.021364681 0.012391528 0.013503167 0.005567956 0.016835457 0.013263395 0.005698721 0.021589642 0.002095722 0.014722383 0.006884975 0.004089218 0.005750037 0.018190993 0.008260113 0.032470256 0.013493211 0.018176531 0.014197218
0.048665471 0.016137445 0.021155683 0.029307112 0.014334983 0.014307403 0.010033324 0.007304090 0.013060139 0.020925349 0.016130487 0.023817241 0.017573483 0.013781227 0.037392177 0.033317946 0.022223949 0.018539535 0.016133487 0.023526190 0.021375913 0.015871761 0.033773247 0.010181501 0.019600384 0.014833632 0.011746163 0.012449110 0.027298674 0.013969315 0.044595890 0.025168050 0.020384874 0.026612766
0.040364068 0.018545493 0.014656609 0.034643941 0.014152655 0.007809056 0.009362129 0.013060139 0.001625158 0.024141548 0.016470017 0.027469140 0.015936440 0.008518758 0.030565068 0.024659779 0.016325220 0.019176710 0.014671030 0.026316108 0.015749766 0.012311540 0.023738870 0.008794901 0.020984069 0.016033858 0.011235908 0.012065157 0.018247247 0.013725911 0.045704070 0.025110161 0.015311863 0.018376783
0.055054411 0.024049779 0.031536460 0.018881034 0.016795041 0.022423465 0.020481564 0.020925349 0.024141548 0.007428868 0.013124277 0.012923990 0.019921355 0.019855730 0.044856045 0.044390157 0.030810997 0.012178625 0.023853261 0.020651881 0.029374037 0.019710258 0.040298782 0.020616338 0.021254694 0.009743243 0.021778688 0.022597786 0.035376109 0.021993758 0.040052071 0.012350366 0.023350358 0.033760883
0.047016073 0.020540971 0.022355860 0.021217356 0.015965184 0.016634014 0.002250120 0.016130487 0.016470017 0.013124277 0.000563313 0.013964267 0.013494185 0.012207866 0.032717623 0.032711238 0.020715993 0.007251913 0.015026809 0.018117921 0.021013588 0.011490654 0.030396469 0.013272448 0.017808652 0.008150721 0.013256735 0.015602567 0.028273076 0.016035305 0.030684294 0.009648500 0.017918548 0.025716666
0.063335210 0.024738474 0.038470257 0.019426569 0.015573114 0.025432251 0.022534469 0.023817241 0.027469140 0.012923990 0.013964267 0.009586073 0.020370129 0.021598332 0.054507934 0.050581507 0.033448339 0.016944509 0.025963260 0.025509391 0.035578400 0.018362202 0.045447990 0.021315966 0.023075892 0.010324236 0.023907047 0.027566565 0.037861824 0.025559340 0.047554493 0.014700857 0.026590519 0.040260810
0.043360114 0.021703463 0.020873940 0.026926829 0.013232855 0.017038206 0.012685475 0.017573483 0.015936440 0.019921355 0.013494185 0.020370129 0.002267346 0.012739604 0.029347109 0.029393498 0.021871936 0.016091423 0.019228274 0.020208778 0.018875096 0.017112434 0.027300563 0.013619116 0.022433922 0.017489577 0.014348425 0.013308397 0.023667537 0.018308286 0.033140235 0.014711358 0.019499129 0.019160030
0.040595472 0.013973954 0.014208395 0.028670751 0.014260988 0.008194783 0.004379149 0.013781227 0.008518758 0.019855730 0.012207866 0.021598332 0.012739604 0.000384065 0.028172517 0.021565013 0.012725092 0.013689823 0.007950484 0.014255210 0.014473934 0.013321828 0.022975668 0.010781110 0.018750757 0.015887596 0.007681900 0.008323997 0.018178411 0.011568292 0.037052944 0.018879374 0.023088878 0.016080007
0.025406502 0.031317789 0.018968200 0.057654612 0.032794226 0.025696695 0.024875175 0.037392177 0.030565068 0.044856045 0.032717623 0.054507934 0.029347109 0.028172517 0.007560189 0.017935704 0.021732232 0.037494320 0.023159118 0.046634510 0.021141542 0.032031350 0.017458901 0.028133690 0.043498699 0.036163595 0.024521906 0.027398389 0.019059230 0.028154928 0.074803546 0.050458431 0.041062605 0.021028655
0.026875373 0.027621977 0.013664952 0.055633530 0.026273835 0.018590773 0.021364681 0.033317946 0.024659779 0.044390157 0.032711238 0.050581507 0.029393498 0.021565013 0.017935704 0.002482162 0.018678386 0.034205403 0.021612991 0.039042048 0.009481558 0.027178999 0.011107307 0.023714842 0.035934467 0.036981635 0.020760186 0.022126211 0.009792405 0.025209388 0.053002372 0.041355893 0.031404920 0.012441563
0.034398280 0.024009924 0.014382941 0.038756706 0.016927343 0.013569749 0.012391528 0.022223949 0.016325220 0.030810997 0.020715993 0.033448339 0.021871936 0.012725092 0.021732232 0.018678386 0.004440572 0.022927660 0.010871610 0.025433188 0.011889758 0.016452091 0.015816856 0.013095735 0.025874140 0.023887664 0.010688842 0.014608897 0.014117964 0.019513946 0.037249494 0.027236793 0.031743746 0.012846230
0.049908962 0.021207530 0.025572099 0.019461637 0.015230699 0.018409891 0.013503167 0.018539535 0.019176710 0.012178625 0.007251913 0.016944509 0.016091423 0.013689823 0.037494320 0.034205403 0.022927660 -0.006794276 0.015629783 0.024406159 0.024002004 0.013370275 0.032296017 0.018836366 0.015691243 0.007076810 0.015787832 0.017490797 0.028585751 0.018123860 0.032338936 0.008063033 0.025989257 0.026730856
0.036815070 0.017520146 0.011705940 0.032215379 0.015734110 0.010413972 0.005567956 0.016133487 0.014671030 0.023853261 0.015026809 0.025963260 0.019228274 0.007950484 0.023159118 0.021612991 0.010871610 0.015629783 -0.001555184 0.021264730 0.014359416 0.011236064 0.018267363 0.011057693 0.019292254 0.017217996 0.007716045 0.011015205 0.016199725 0.015106787 0.032826323 0.019221349 0.024933146 0.012211554
0.057320133 0.033914380 0.027517086 0.027063493 0.015277205 0.020652073 0.016835457 0.023526190 0.026316108 0.020651881 0.018117921 0.025509391 0.020208778 0.014255210 0.046634510 0.039042048 0.025433188 0.024406159 0.021264730 0.011377432 0.022657296 0.019809693 0.037469696 0.017582107 0.026162699 0.018072218 0.023846500 0.018639416 0.034276735 0.022984872 0.051232889 0.023274165 0.032501429 0.034613758
0.029670414 0.024722666 0.007113351 0.037197389 0.018939234 0.010638129 0.013263395 0.021375913 0.015749766 0.029374037 0.021013588 0.035578400 0.018875096 0.014473934 0.021141542 0.009481558 0.011889758 0.024002004 0.014359416 0.022657296 -0.000449616 0.017883519 0.011193384 0.015001817 0.031790592 0.025027592 0.014629960 0.010788376 0.013169321 0.015784886 0.045084242 0.029855767 0.023197077 0.010632653
0.043892670 0.016693352 0.017514138 0.026448064 0.015732216 0.012814390 0.005698721 0.015871761 0.012311540 0.019710258 0.011490654 0.018362202 0.017112434 0.013321828 0.032031350 0.027178999 0.016452091 0.013370275 0.011236064 0.019809693 0.017883519 -0.000911863 0.025868090 0.010329256 0.018791711 0.013130104 0.009541641 0.011173528 0.022768257 0.014839571 0.030006221 0.018182160 0.019415038 0.020392476
0.025027027 0.028980991 0.012763283 0.049959779 0.026855443 0.021209627 0.021589642 0.033773247 0.023738870 0.040298782 0.030396469 0.045447990 0.027300563 0.022975668 0.017458901 0.011107307 0.015816856 0.032296017 0.018267363 0.037469696 0.011193384 0.025868090 0.002963854 0.024187690 0.036331631 0.033366546 0.021192394 0.022106133 0.012544330 0.025244655 0.053744808 0.043133534 0.031865131 0.014689445
0.042039815 0.016932912 0.014161151 0.027934130 0.015251697 0.010001939 0.002095722 0.010181501 0.008794901 0.020616338 0.013272448 0.021315966 0.013619116 0.010781110 0.028133690 0.023714842 0.013095735 0.018836366 0.011057693 0.017582107 0.015001817 0.010329256 0.024187690 -0.001219428 0.020075262 0.016443254 0.006419845 0.008336478 0.019614192 0.010314494 0.031505715 0.019202013 0.017934237 0.016843887
0.051373631 0.016091185 0.027018178 0.029135931 0.017992854 0.020797625 0.014722383 0.019600384 0.020984069 0.021254694 0.017808652 0.023075892 0.022433922 0.018750757 0.043498699 0.035934467 0.025874140 0.015691243 0.019292254 0.026162699 0.031790592 0.018791711 0.036331631 0.020075262 -0.013755286 0.016890537 0.018789748 0.018820640 0.030221304 0.021664107 0.028674498 0.027365126 0.025766145 0.031785600
0.048762903 0.020749835 0.025494222 0.017181166 0.015957689 0.017720832 0.006884975 0.014833632 0.016033858 0.009743243 0.008150721 0.010324236 0.017489577 0.015887596 0.036163595 0.036981635 0.023887664 0.007076810 0.017217996 0.018072218 0.025027592 0.013130104 0.033366546 0.016443254 0.016890537 -0.000317552 0.014947540 0.016877618 0.030844163 0.016324539 0.030163968 0.009646938 0.015910566 0.026051259
0.035364635 0.013859075 0.012073414 0.031315349 0.011068804 0.007178247 0.004089218 0.011746163 0.011235908 0.021778688 0.013256735 0.023907047 0.014348425 0.007681900 0.024521906 0.020760186 0.010688842 0.015787832 0.007716045 0.023846500 0.014629960 0.009541641 0.021192394 0.006419845 0.018789748 0.014947540 0.000982497 0.006112894 0.017486403 0.009828950 0.029500185 0.022960264 0.020255677 0.016637465
0.038960513 0.017693404 0.011661127 0.030803978 0.014081031 0.006801254 0.005750037 0.012449110 0.012065157 0.022597786 0.015602567 0.027566565 0.013308397 0.008323997 0.027398389 0.022126211 0.014608897 0.017490797 0.011015205 0.018639416 0.010788376 0.011173528 0.022106133 0.008336478 0.018820640 0.016877618 0.006112894 0.000715174 0.018541450 0.008947505 0.037226398 0.024053056 0.020317273 0.015363054
0.025953060 0.024585012 0.011520126 0.042941719 0.023129150 0.018509611 0.018190993 0.027298674 0.018247247 0.035376109 0.028273076 0.037861824 0.023667537 0.018178411 0.019059230 0.009792405 0.014117964 0.028585751 0.016199725 0.034276735 0.013169321 0.022768257 0.012544330 0.019614192 0.030221304 0.030844163 0.017486403 0.018541450 0.005409289 0.022684503 0.037136294 0.036004111 0.031880032 0.009874240
0.040212169 0.020024028 0.016303603 0.031048831 0.014462525 0.012883727 0.008260113 0.013969315 0.013725911 0.021993758 0.016035305 0.025559340 0.018308286 0.011568292 0.028154928 0.025209388 0.019513946 0.018123860 0.015106787 0.022984872 0.015784886 0.014839571 0.025244655 0.010314494 0.021664107 0.016324539 0.009828950 0.008947505 0.022684503 0.008313511 0.044727061 0.023750816 0.018744454 0.021200504
0.089246750 0.031659175 0.050273411 0.047369104 0.033753049 0.036429439 0.032470256 0.044595890 0.045704070 0.040052071 0.030684294 0.047554493 0.033140235 0.037052944 0.074803546 0.053002372 0.037249494 0.032338936 0.032826323 0.051232889 0.045084242 0.030006221 0.053744808 0.031505715 0.028674498 0.030163968 0.029500185 0.037226398 0.037136294 0.044727061 -0.001600563 0.032969486 0.069921404 0.044643234
0.063385673 0.030557930 0.030567132 0.018945994 0.019094124 0.028018340 0.013493211 0.025168050 0.025110161 0.012350366 0.009648500 0.014700857 0.014711358 0.018879374 0.050458431 0.041355893 0.027236793 0.008063033 0.019221349 0.023274165 0.029855767 0.018182160 0.043133534 0.019202013 0.027365126 0.009646938 0.022960264 0.024053056 0.036004111 0.023750816 0.032969486 0.003651177 0.033014685 0.039630175
0.051678050 0.024073770 0.022134442 0.035836972 0.020823635 0.023646684 0.018176531 0.020384874 0.015311863 0.023350358 0.017918548 0.026590519 0.019499129 0.023088878 0.041062605 0.031404920 0.031743746 0.025989257 0.024933146 0.032501429 0.023197077 0.019415038 0.031865131 0.017934237 0.025766145 0.015910566 0.020255677 0.020317273 0.031880032 0.018744454 0.069921404 0.033014685 -0.001766186 0.033763539
0.030577511 0.027745534 0.009322502 0.042730220 0.023590282 0.018329486 0.014197218 0.026612766 0.018376783 0.033760883 0.025716666 0.040260810 0.019160030 0.016080007 0.021028655 0.012441563 0.012846230 0.026730856 0.012211554 0.034613758 0.010632653 0.020392476 0.014689445 0.016843887 0.031785600 0.026051259 0.016637465 0.015363054 0.009874240 0.021200504 0.044643234 0.039630175 0.033763539 0.006903924
