0.009367050 0.036684424 0.025655225 0.060525335 0.045242894 0.033260409 0.035991512 0.040504657 0.038840942 0.049143158 0.043702614 0.053888097 0.036040198 0.040915605 0.021685146 0.023805985 0.030318933 0.057398453 0.036352266 0.047384582 0.019002888 0.037734192 0.022480862 0.035366561 0.046720363 0.042780258 0.036877513 0.027107919 0.022469586 0.038034543 0.067000151 0.040212788 0.051576320 0.026440021
0.036684424 0.015476830 0.027489563 0.040765896 0.030756157 0.017710876 0.019339498 0.015870742 0.025792388 0.029882731 0.024635812 0.027900759 0.018892007 0.020853423 0.027099574 0.029190630 0.022518223 0.036227539 0.023240384 0.040275760 0.026526671 0.021325774 0.028523168 0.020906754 0.016694248 0.027111854 0.023360709 0.019573016 0.026867192 0.021927554 0.046268322 0.024065247 0.023848228 0.028926088
0.025655225 0.027489563 0.000069253 0.044015855 0.018963935 0.013916841 0.012367172 0.018657528 0.021055166 0.033327036 0.022909259 0.039301939 0.016844381 0.017116161 0.016377758 0.012911292 0.013924852 0.035769247 0.016884077 0.026279701 0.003404822 0.017175678 0.011756609 0.013173802 0.026739178 0.025870394 0.018401679 0.008119162 0.012396683 0.017975505 0.046755735 0.020665560 0.023318216 0.011106791
0.060525335 0.040765896 0.044015855 0.022649538 0.033185907 0.029267557 0.028629284 0.030770883 0.041558400 0.025683368 0.021004524 0.020057924 0.023733826 0.034234148 0.057836719 0.056792807 0.035066526 0.034826431 0.032788444 0.020737924 0.035402037 0.023655375 0.052741636 0.024852717 0.033822548 0.016808541 0.033584971 0.029842496 0.036347110 0.035405330 0.047399573 0.008226019 0.047783837 0.044545569
0.045242894 0.030756157 0.018963935 0.033185907 -0.002549753 0.019721765 0.011412152 0.019220665 0.021142801 0.024331193 0.017680969 0.021919131 0.012220946 0.016136952 0.039374646 0.029008478 0.018095236 0.034409683 0.019506223 0.016482214 0.020084221 0.014574878 0.033639468 0.010929943 0.025497507 0.016269889 0.018171463 0.017775338 0.022993218 0.020821925 0.060044203 0.019185040 0.028123550 0.034198120
0.033260409 0.017710876 0.013916841 0.029267557 0.019721765 0.006578983 0.007076025 0.009748969 0.010003294 0.021769494 0.017103897 0.022127513 0.012072477 0.010332273 0.027236864 0.018732648 0.012329308 0.029194567 0.013355347 0.017985158 0.008954568 0.012536425 0.022951908 0.009670394 0.019170813 0.018390650 0.012333473 0.004074479 0.019066494 0.012388907 0.041753814 0.021340923 0.021967467 0.021184169
0.035991512 0.019339498 0.012367172 0.028629284 0.011412152 0.007076025 -0.004188804 0.006329697 0.012183128 0.019705098 0.002240863 0.020839760 0.009601112 0.005400749 0.025349518 0.021713339 0.012177925 0.018503090 0.007922204 0.015595810 0.013021325 0.005368715 0.022154631 0.001588813 0.014028257 0.007626224 0.007307187 0.004595393 0.016420977 0.009095592 0.037673675 0.013171792 0.017057210 0.017873079
0.040504657 0.015870742 0.018657528 0.030770883 0.019220665 0.009748969 0.006329697 0.000574294 0.013758544 0.020976420 0.012048245 0.021708973 0.010178663 0.012384845 0.033023391 0.029515352 0.015582478 0.023864264 0.014158863 0.019942127 0.017178776 0.011949682 0.029586911 0.006269231 0.013433771 0.011905923 0.012997654 0.006973614 0.021684472 0.010235772 0.040495366 0.014825322 0.019421905 0.023687053
0.038840942 0.025792388 0.021055166 0.041558400 0.021142801 0.010003294 0.012183128 0.013758544 0.005424023 0.028292539 0.020011786 0.029553840 0.014930949 0.016530637 0.033408411 0.028764665 0.016035676 0.036794357 0.019410554 0.025988586 0.016107544 0.014086473 0.026590325 0.010348774 0.024880785 0.019248396 0.019686097 0.011528682 0.020294767 0.017845253 0.052434631 0.018428914 0.018378014 0.019032348
0.049143158 0.029882731 0.033327036 0.025683368 0.024331193 0.021769494 0.019705098 0.020976420 0.028292539 0.011371716 0.012846176 0.015815340 0.018179052 0.023998842 0.045962036 0.045853388 0.027972002 0.023464169 0.024732690 0.017333211 0.027899461 0.017336091 0.041877612 0.018442541 0.025079582 0.009476415 0.025087411 0.020262565 0.031281352 0.023994328 0.040038075 0.003042942 0.029235033 0.036721095
0.043702614 0.024635812 0.022909259 0.021004524 0.017680969 0.017103897 0.002240863 0.012048245 0.020011786 0.012846176 0.000501312 0.012657197 0.011201843 0.013609458 0.035003148 0.033499740 0.020644041 0.013799457 0.017268853 0.017351052 0.020521615 0.011068108 0.031733964 0.012953725 0.015218191 0.008751984 0.017146546 0.014563758 0.027054014 0.016573401 0.034725092 0.007899272 0.017194534 0.029532397
0.053888097 0.027900759 0.039301939 0.020057924 0.021919131 0.022127513 0.020839760 0.021708973 0.029553840 0.015815340 0.012657197 0.010614490 0.016008079 0.024173638 0.050404213 0.049770769 0.028888498 0.024855558 0.025546312 0.017700013 0.032330807 0.015152304 0.044375785 0.017808503 0.023823502 0.009185049 0.025432121 0.024693478 0.030399978 0.025184017 0.046141081 0.007113603 0.028526854 0.039717652
0.036040198 0.018892007 0.016844381 0.023733826 0.012220946 0.012072477 0.009601112 0.010178663 0.014930949 0.018179052 0.011201843 0.016008079 0.001593015 0.011709141 0.030258290 0.027536593 0.017571930 0.019997815 0.013977665 0.014532836 0.019869912 0.013414990 0.026393935 0.010578883 0.017686326 0.015611475 0.013069987 0.011914559 0.018061154 0.014921426 0.038980648 0.014899747 0.017025815 0.023362104
0.040915605 0.020853423 0.017116161 0.034234148 0.016136952 0.010332273 0.005400749 0.012384845 0.016530637 0.023998842 0.013609458 0.024173638 0.011709141 0.006427466 0.031673081 0.024429608 0.014256921 0.023155725 0.013538358 0.020185580 0.016788479 0.014173542 0.026626002 0.010585617 0.019101556 0.017233323 0.013670936 0.010227880 0.019799573 0.014130203 0.046870753 0.021690547 0.026818153 0.023908429
0.021685146 0.027099574 0.016377758 0.057836719 0.039374646 0.027236864 0.025349518 0.033023391 0.033408411 0.045962036 0.035003148 0.050404213 0.030258290 0.031673081 0.007358362 0.018018417 0.021826416 0.048084043 0.027493510 0.040970363 0.017108899 0.029867930 0.020539936 0.026526591 0.041567095 0.034824725 0.029960807 0.019865002 0.020929523 0.028867865 0.055668093 0.040905371 0.045712437 0.024631955
0.023805985 0.029190630 0.012911292 0.056792807 0.029008478 0.018732648 0.021713339 0.029515352 0.028764665 0.045853388 0.033499740 0.049770769 0.027536593 0.024429608 0.018018417 0.002744270 0.016867217 0.042433381 0.024583180 0.038214151 0.008426254 0.026413022 0.011153195 0.023016926 0.035517544 0.037059978 0.025598772 0.018797003 0.009356411 0.026937693 0.051762216 0.032393560 0.035268586 0.013979892
0.030318933 0.022518223 0.013924852 0.035066526 0.018095236 0.012329308 0.012177925 0.015582478 0.016035676 0.027972002 0.020644041 0.028888498 0.017571930 0.014256921 0.021826416 0.016867217 -0.000394186 0.028871335 0.012122001 0.021421647 0.010581562 0.015364138 0.017004326 0.012524316 0.022764456 0.023914788 0.013413984 0.010931596 0.013054236 0.017099854 0.040176988 0.023316659 0.028059714 0.015802024
0.057398453 0.036227539 0.035769247 0.034826431 0.034409683 0.029194567 0.018503090 0.023864264 0.036794357 0.023464169 0.013799457 0.024855558 0.019997815 0.023155725 0.048084043 0.042433381 0.028871335 0.014439926 0.026015628 0.034570161 0.028295221 0.017376374 0.042090844 0.019789146 0.022369415 0.011740508 0.027928893 0.022207174 0.037558839 0.028530292 0.038582321 0.007775791 0.041428845 0.039837748
0.036352266 0.023240384 0.016884077 0.032788444 0.019506223 0.013355347 0.007922204 0.014158863 0.019410554 0.024732690 0.017268853 0.025546312 0.013977665 0.013538358 0.027493510 0.024583180 0.012122001 0.026015628 0.004849880 0.021625776 0.015571825 0.012975032 0.021662181 0.012350432 0.019803612 0.019346831 0.016611082 0.011710345 0.018445782 0.017694764 0.042562563 0.020176321 0.025330072 0.019229384
0.047384582 0.040275760 0.026279701 0.020737924 0.016482214 0.017985158 0.015595810 0.019942127 0.025988586 0.017333211 0.017351052 0.017700013 0.014532836 0.020185580 0.040970363 0.038214151 0.021421647 0.034570161 0.021625776 -0.005135620 0.016404323 0.016503662 0.038058471 0.015899850 0.027945049 0.017059049 0.023469122 0.013913723 0.023091618 0.025281094 0.051488429 0.008681200 0.031545512 0.034894686
0.019002888 0.026526671 0.003404822 0.035402037 0.020084221 0.008954568 0.013021325 0.017178776 0.016107544 0.027899461 0.020521615 0.032330807 0.019869912 0.016788479 0.017108899 0.008426254 0.010581562 0.028295221 0.015571825 0.016404323 -0.004295433 0.015965564 0.010078023 0.013600223 0.031971477 0.025254821 0.014928130 0.005715683 0.008520260 0.016579520 0.037837062 0.023472330 0.023181971 0.011433506
0.037734192 0.021325774 0.017175678 0.023655375 0.014574878 0.012536425 0.005368715 0.011949682 0.014086473 0.017336091 0.011068108 0.015152304 0.013414990 0.014173542 0.029867930 0.026413022 0.015364138 0.017376374 0.012975032 0.016503662 0.015965564 -0.001133241 0.024835030 0.009500260 0.016388522 0.013933649 0.012467895 0.008820046 0.019759811 0.015152924 0.034571443 0.016035516 0.016578881 0.022907456
0.022480862 0.028523168 0.011756609 0.052741636 0.033639468 0.022951908 0.022154631 0.029586911 0.026590325 0.041877612 0.031733964 0.044375785 0.026393935 0.026626002 0.020539936 0.011153195 0.017004326 0.042090844 0.021662181 0.038058471 0.010078023 0.024835030 0.004457637 0.023445968 0.035863742 0.033074446 0.024803992 0.018659879 0.013660351 0.026766226 0.049185880 0.039390873 0.036471251 0.019558854
0.035366561 0.020906754 0.013173802 0.024852717 0.010929943 0.009670394 0.001588813 0.006269231 0.010348774 0.018442541 0.012953725 0.017808503 0.010578883 0.010585617 0.026526591 0.023016926 0.012524316 0.019789146 0.012350432 0.015899850 0.013600223 0.009500260 0.023445968 -0.001899520 0.019748842 0.017156236 0.008442672 0.006603745 0.016814640 0.010795435 0.038957223 0.021200318 0.015433276 0.020140011
0.046720363 0.016694248 0.026739178 0.033822548 0.025497507 0.019170813 0.014028257 0.013433771 0.024880785 0.025079582 0.015218191 0.023823502 0.017686326 0.019101556 0.041567095 0.035517544 0.022764456 0.022369415 0.019803612 0.027945049 0.031971477 0.016388522 0.035863742 0.019748842 -0.016918173 0.015658818 0.020950330 0.017937351 0.026821643 0.019927923 0.030215975 0.016528457 0.026788384 0.030815169
0.042780258 0.027111854 0.025870394 0.016808541 0.016269889 0.018390650 0.007626224 0.011905923 0.019248396 0.009476415 0.008751984 0.009185049 0.015611475 0.017233323 0.034824725 0.037059978 0.023914788 0.011740508 0.019346831 0.017059049 0.025254821 0.013933649 0.033074446 0.017156236 0.015658818 -0.000177700 0.018067414 0.017464923 0.028254490 0.017763510 0.033536293 0.009727465 0.013949683 0.030211920
0.036877513 0.023360709 0.018401679 0.033584971 0.018171463 0.012333473 0.007307187 0.012997654 0.019686097 0.025087411 0.017146546 0.025432121 0.013069987 0.013670936 0.029960807 0.025598772 0.013413984 0.027928893 0.016611082 0.023469122 0.014928130 0.012467895 0.024803992 0.008442672 0.020950330 0.018067414 0.009535439 0.007148497 0.020574177 0.015556850 0.042557094 0.019935533 0.022557095 0.022287438
0.027107919 0.019573016 0.008119162 0.029842496 0.017775338 0.004074479 0.004595393 0.006973614 0.011528682 0.020262565 0.014563758 0.024693478 0.011914559 0.010227880 0.019865002 0.018797003 0.010931596 0.022207174 0.011710345 0.013913723 0.005715683 0.008820046 0.018659879 0.006603745 0.017937351 0.017464923 0.007148497 -0.005535644 0.013160052 0.007379934 0.032678697 0.015037669 0.018583935 0.011425635
0.022469586 0.026867192 0.012396683 0.036347110 0.022993218 0.019066494 0.016420977 0.021684472 0.020294767 0.031281352 0.027054014 0.030399978 0.018061154 0.019799573 0.020929523 0.009356411 0.013054236 0.037558839 0.018445782 0.023091618 0.008520260 0.019759811 0.013660351 0.016814640 0.026821643 0.028254490 0.020574177 0.013160052 0.006951172 0.021705795 0.045719206 0.031892814 0.027470244 0.016766043
0.038034543 0.021927554 0.017975505 0.035405330 0.020821925 0.012388907 0.009095592 0.010235772 0.017845253 0.023994328 0.016573401 0.025184017 0.014921426 0.014130203 0.028867865 0.026937693 0.017099854 0.028530292 0.017694764 0.025281094 0.016579520 0.015152924 0.026766226 0.010795435 0.019927923 0.017763510 0.015556850 0.007379934 0.021705795 0.007969402 0.044268310 0.013719911 0.020941485 0.020528536
0.067000151 0.046268322 0.046755735 0.047399573 0.060044203 0.041753814 0.037673675 0.040495366 0.052434631 0.040038075 0.034725092 0.046141081 0.038980648 0.046870753 0.055668093 0.051762216 0.040176988 0.038582321 0.042562563 0.051488429 0.037837062 0.034571443 0.049185880 0.038957223 0.030215975 0.033536293 0.042557094 0.032678697 0.045719206 0.044268310 -0.014049739 0.024352349 0.060961515 0.046136774
0.040212788 0.024065247 0.020665560 0.008226019 0.019185040 0.021340923 0.013171792 0.014825322 0.018428914 0.003042942 0.007899272 0.007113603 0.014899747 0.021690547 0.040905371 0.032393560 0.023316659 0.007775791 0.020176321 0.008681200 0.023472330 0.016035516 0.039390873 0.021200318 0.016528457 0.009727465 0.019935533 0.015037669 0.031892814 0.013719911 0.024352349 0.001649820 0.018008130 0.036234118
0.051576320 0.023848228 0.023318216 0.047783837 0.028123550 0.021967467 0.017057210 0.019421905 0.018378014 0.029235033 0.017194534 0.028526854 0.017025815 0.026818153 0.045712437 0.035268586 0.028059714 0.041428845 0.025330072 0.031545512 0.023181971 0.016578881 0.036471251 0.015433276 0.026788384 0.013949683 0.022557095 0.018583935 0.027470244 0.020941485 0.060961515 0.018008130 0.006953090 0.033016328
0.026440021 0.028926088 0.011106791 0.044545569 0.034198120 0.021184169 0.017873079 0.023687053 0.019032348 0.036721095 0.029532397 0.039717652 0.023362104 0.023908429 0.024631955 0.013979892 0.015802024 0.039837748 0.019229384 0.034894686 0.011433506 0.022907456 0.019558854 0.020140011 0.030815169 0.030211920 0.022287438 0.011425635 0.016766043 0.020528536 0.046136774 0.036234118 0.033016328 0.015457042
