0.000000000 0.171428576 0.159420297 0.246753246 0.125628144 0.129999995 0.147058830 0.147058830 0.171428576 0.205479458 0.194444448 0.250000000 0.155339807 0.138613865 0.064516127 0.059459459 0.107692309 0.275000006 0.171428576 0.142857149 0.089005239 0.233480170 0.084210530 0.175355449 0.194444448 0.223214284 0.155339807 0.163461536 0.112244897 0.155339807 0.265822798 0.219730943 0.175355449 0.121212125
0.171428576 0.000000000 0.012345679 0.078651689 0.046808511 0.042372882 0.025000000 0.025000000 0.000000000 0.035294119 0.023809524 0.082089551 0.016528925 0.033613447 0.108108111 0.113122173 0.064935066 0.108695649 0.000000000 0.029288704 0.083700441 0.064638786 0.088495575 0.004048583 0.023809524 0.053846154 0.016528925 0.008196721 0.060344826 0.016528925 0.098901100 0.050193049 0.004048583 0.051282052
0.159420297 0.012345679 0.000000000 0.090909094 0.034482758 0.030042918 0.012658228 0.012658228 0.012345679 0.047619049 0.036144577 0.094339624 0.004184100 0.021276595 0.095890410 0.100917429 0.052631579 0.120879121 0.012345679 0.016949153 0.071428575 0.076923080 0.076233186 0.016393442 0.036144577 0.066147856 0.004184100 0.004149378 0.048034936 0.004184100 0.111111112 0.062500000 0.016393442 0.038961038
0.246753246 0.078651689 0.090909094 0.000000000 0.125000000 0.120622568 0.103448279 0.103448279 0.078651689 0.043478262 0.054945055 0.003460208 0.095057033 0.111969113 0.185185179 0.190082639 0.142857149 0.030303031 0.078651689 0.107692309 0.161290318 0.014084507 0.165991902 0.074626863 0.054945055 0.024911031 0.095057033 0.086792454 0.138339922 0.095057033 0.020408163 0.028571429 0.074626863 0.129411772
0.125628144 0.046808511 0.034482758 0.125000000 0.000000000 0.004444445 0.021834061 0.021834061 0.046808511 0.081967212 0.070539422 0.128404662 0.030303031 0.013215859 0.061611373 0.066666670 0.018181818 0.154716983 0.046808511 0.017543860 0.037037037 0.111111112 0.041860465 0.050847456 0.070539422 0.100401610 0.030303031 0.038626611 0.013574661 0.030303031 0.145038173 0.096774191 0.050847456 0.004484305
0.129999995 0.042372882 0.030042918 0.120622568 0.004444445 0.000000000 0.017391304 0.017391304 0.042372882 0.077551022 0.066115700 0.124031007 0.025862070 0.008771930 0.066037737 0.071090050 0.022624435 0.150375932 0.042372882 0.013100437 0.041474655 0.106719367 0.046296295 0.046413504 0.066115700 0.096000001 0.025862070 0.034188036 0.018018018 0.025862070 0.140684411 0.092369474 0.046413504 0.008928572
0.147058830 0.025000000 0.012658228 0.103448279 0.021834061 0.017391304 0.000000000 0.000000000 0.025000000 0.060240965 0.048780486 0.106870227 0.008474576 0.008620690 0.083333336 0.088372096 0.039999999 0.133333340 0.025000000 0.004291845 0.058823530 0.089494161 0.063636363 0.029045643 0.048780486 0.078740157 0.008474576 0.016806724 0.035398230 0.008474576 0.123595506 0.075098813 0.029045643 0.026315790
0.147058830 0.025000000 0.012658228 0.103448279 0.021834061 0.017391304 0.000000000 0.000000000 0.025000000 0.060240965 0.048780486 0.106870227 0.008474576 0.008620690 0.083333336 0.088372096 0.039999999 0.133333340 0.025000000 0.004291845 0.058823530 0.089494161 0.063636363 0.029045643 0.048780486 0.078740157 0.008474576 0.016806724 0.035398230 0.008474576 0.123595506 0.075098813 0.029045643 0.026315790
0.171428576 0.000000000 0.012345679 0.078651689 0.046808511 0.042372882 0.025000000 0.025000000 0.000000000 0.035294119 0.023809524 0.082089551 0.016528925 0.033613447 0.108108111 0.113122173 0.064935066 0.108695649 0.000000000 0.029288704 0.083700441 0.064638786 0.088495575 0.004048583 0.023809524 0.053846154 0.016528925 0.008196721 0.060344826 0.016528925 0.098901100 0.050193049 0.004048583 0.051282052
0.205479458 0.035294119 0.047619049 0.043478262 0.081967212 0.077551022 0.060240965 0.060240965 0.035294119 0.000000000 0.011494253 0.046931408 0.051792830 0.068825908 0.142857149 0.147826090 0.100000001 0.073684208 0.035294119 0.064516127 0.118644066 0.029411765 0.123404257 0.031250000 0.011494253 0.018587360 0.051792830 0.043478262 0.095435686 0.051792830 0.063829787 0.014925373 0.031250000 0.086419754
0.194444448 0.023809524 0.036144577 0.054945055 0.070539422 0.066115700 0.048780486 0.048780486 0.023809524 0.011494253 0.000000000 0.058394160 0.040322579 0.057377048 0.131578952 0.136563882 0.088607594 0.085106380 0.023809524 0.053061225 0.107296139 0.040892195 0.112068966 0.019762846 0.000000000 0.030075189 0.040322579 0.032000002 0.084033616 0.040322579 0.075268820 0.026415095 0.019762846 0.075000003
0.250000000 0.082089551 0.094339624 0.003460208 0.128404662 0.124031007 0.106870227 0.106870227 0.082089551 0.046931408 0.058394160 0.000000000 0.098484851 0.115384616 0.188524589 0.193415642 0.146245062 0.026845638 0.082089551 0.111111112 0.164658636 0.017543860 0.169354841 0.078066915 0.058394160 0.028368793 0.098484851 0.090225562 0.141732290 0.098484851 0.016949153 0.032028470 0.078066915 0.132812500
0.155339807 0.016528925 0.004184100 0.095057033 0.030303031 0.025862070 0.008474576 0.008474576 0.016528925 0.051792830 0.040322579 0.098484851 0.000000000 0.017094018 0.091743119 0.096774191 0.048458152 0.125000000 0.016528925 0.012765957 0.067264572 0.081081077 0.072072074 0.020576132 0.040322579 0.070312500 0.000000000 0.008333334 0.043859649 0.000000000 0.115241639 0.066666670 0.020576132 0.034782607
0.138613865 0.033613447 0.021276595 0.111969113 0.013215859 0.008771930 0.008620690 0.008620690 0.033613447 0.068825908 0.057377048 0.115384616 0.017094018 0.000000000 0.074766353 0.079812206 0.031390134 0.141791046 0.033613447 0.004329004 0.050228309 0.098039217 0.055045873 0.037656903 0.057377048 0.087301590 0.017094018 0.025423728 0.026785715 0.017094018 0.132075474 0.083665341 0.037656903 0.017699115
0.064516127 0.108108111 0.095890410 0.185185179 0.061611373 0.066037737 0.083333336 0.083333336 0.108108111 0.142857149 0.131578952 0.188524589 0.091743119 0.074766353 0.000000000 0.005076142 0.043478262 0.214285716 0.108108111 0.079069771 0.024630541 0.171548113 0.019801980 0.112107620 0.131578952 0.161016956 0.091743119 0.100000001 0.048076924 0.091743119 0.204819277 0.157446802 0.112107620 0.057142857
0.059459459 0.113122173 0.100917429 0.190082639 0.066666670 0.071090050 0.088372096 0.088372096 0.113122173 0.147826090 0.136563882 0.193415642 0.096774191 0.079812206 0.005076142 0.000000000 0.048543688 0.219123513 0.113122173 0.084112152 0.029702971 0.176470593 0.024875622 0.117117114 0.136563882 0.165957451 0.096774191 0.105022833 0.053140096 0.096774191 0.209677413 0.162393168 0.117117114 0.062200956
0.107692309 0.064935066 0.052631579 0.142857149 0.018181818 0.022624435 0.039999999 0.039999999 0.064935066 0.100000001 0.088607594 0.146245062 0.048458152 0.031390134 0.043478262 0.048543688 0.000000000 0.172413796 0.064935066 0.035714287 0.018867925 0.129032254 0.023696683 0.068965517 0.088607594 0.118367344 0.048458152 0.056768559 0.004608295 0.048458152 0.162790701 0.114754096 0.068965517 0.013698630
0.275000006 0.108695649 0.120879121 0.030303031 0.154716983 0.150375932 0.133333340 0.133333340 0.108695649 0.073684208 0.085106380 0.026845638 0.125000000 0.141791046 0.214285716 0.219123513 0.172413796 0.000000000 0.108695649 0.137546465 0.190661475 0.044368602 0.195312500 0.104693137 0.085106380 0.055172414 0.125000000 0.116788320 0.167938933 0.125000000 0.009900990 0.058823530 0.104693137 0.159090906
0.171428576 0.000000000 0.012345679 0.078651689 0.046808511 0.042372882 0.025000000 0.025000000 0.000000000 0.035294119 0.023809524 0.082089551 0.016528925 0.033613447 0.108108111 0.113122173 0.064935066 0.108695649 0.000000000 0.029288704 0.083700441 0.064638786 0.088495575 0.004048583 0.023809524 0.053846154 0.016528925 0.008196721 0.060344826 0.016528925 0.098901100 0.050193049 0.004048583 0.051282052
0.142857149 0.029288704 0.016949153 0.107692309 0.017543860 0.013100437 0.004291845 0.004291845 0.029288704 0.064516127 0.053061225 0.111111112 0.012765957 0.004329004 0.079069771 0.084112152 0.035714287 0.137546465 0.029288704 0.000000000 0.054545455 0.093750000 0.059360731 0.033333335 0.053061225 0.083003953 0.012765957 0.021097047 0.031111112 0.012765957 0.127819553 0.079365082 0.033333335 0.022026431
0.089005239 0.083700441 0.071428575 0.161290318 0.037037037 0.041474655 0.058823530 0.058823530 0.083700441 0.118644066 0.107296139 0.164658636 0.067264572 0.050228309 0.024630541 0.029702971 0.018867925 0.190661475 0.083700441 0.054545455 0.000000000 0.147540987 0.004830918 0.087719299 0.107296139 0.136929467 0.067264572 0.075555556 0.023474179 0.067264572 0.181102365 0.133333340 0.087719299 0.032558139
0.233480170 0.064638786 0.076923080 0.014084507 0.111111112 0.106719367 0.089494161 0.089494161 0.064638786 0.029411765 0.040892195 0.017543860 0.081081077 0.098039217 0.171548113 0.176470593 0.129032254 0.044368602 0.064638786 0.093750000 0.147540987 0.000000000 0.152263373 0.060606062 0.040892195 0.010830325 0.081081077 0.072796933 0.124497995 0.081081077 0.034482758 0.014492754 0.060606062 0.115537852
0.084210530 0.088495575 0.076233186 0.165991902 0.041860465 0.046296295 0.063636363 0.063636363 0.088495575 0.123404257 0.112068966 0.169354841 0.072072074 0.055045873 0.019801980 0.024875622 0.023696683 0.195312500 0.088495575 0.059360731 0.004830918 0.152263373 0.000000000 0.092511013 0.112068966 0.141666666 0.072072074 0.080357142 0.028301887 0.072072074 0.185770750 0.138075307 0.092511013 0.037383176
0.175355449 0.004048583 0.016393442 0.074626863 0.050847456 0.046413504 0.029045643 0.029045643 0.004048583 0.031250000 0.019762846 0.078066915 0.020576132 0.037656903 0.112107620 0.117117114 0.068965517 0.104693137 0.004048583 0.033333335 0.087719299 0.060606062 0.092511013 0.000000000 0.019762846 0.049808428 0.020576132 0.012244898 0.064377680 0.020576132 0.094890513 0.046153847 0.000000000 0.055319149
0.194444448 0.023809524 0.036144577 0.054945055 0.070539422 0.066115700 0.048780486 0.048780486 0.023809524 0.011494253 0.000000000 0.058394160 0.040322579 0.057377048 0.131578952 0.136563882 0.088607594 0.085106380 0.023809524 0.053061225 0.107296139 0.040892195 0.112068966 0.019762846 0.000000000 0.030075189 0.040322579 0.032000002 0.084033616 0.040322579 0.075268820 0.026415095 0.019762846 0.075000003
0.223214284 0.053846154 0.066147856 0.024911031 0.100401610 0.096000001 0.078740157 0.078740157 0.053846154 0.018587360 0.030075189 0.028368793 0.070312500 0.087301590 0.161016956 0.165957451 0.118367344 0.055172414 0.053846154 0.083003953 0.136929467 0.010830325 0.141666666 0.049808428 0.030075189 0.000000000 0.070312500 0.062015504 0.113821141 0.070312500 0.045296166 0.003663004 0.049808428 0.104838707
0.155339807 0.016528925 0.004184100 0.095057033 0.030303031 0.025862070 0.008474576 0.008474576 0.016528925 0.051792830 0.040322579 0.098484851 0.000000000 0.017094018 0.091743119 0.096774191 0.048458152 0.125000000 0.016528925 0.012765957 0.067264572 0.081081077 0.072072074 0.020576132 0.040322579 0.070312500 0.000000000 0.008333334 0.043859649 0.000000000 0.115241639 0.066666670 0.020576132 0.034782607
0.163461536 0.008196721 0.004149378 0.086792454 0.038626611 0.034188036 0.016806724 0.016806724 0.008196721 0.043478262 0.032000002 0.090225562 0.008333334 0.025423728 0.100000001 0.105022833 0.056768559 0.116788320 0.008196721 0.021097047 0.075555556 0.072796933 0.080357142 0.012244898 0.032000002 0.062015504 0.008333334 0.000000000 0.052173913 0.008333334 0.107011072 0.058365759 0.012244898 0.043103449
0.112244897 0.060344826 0.048034936 0.138339922 0.013574661 0.018018018 0.035398230 0.035398230 0.060344826 0.095435686 0.084033616 0.141732290 0.043859649 0.026785715 0.048076924 0.053140096 0.004608295 0.167938933 0.060344826 0.031111112 0.023474179 0.124497995 0.028301887 0.064377680 0.084033616 0.113821141 0.043859649 0.052173913 0.000000000 0.043859649 0.158301160 0.110204078 0.064377680 0.009090909
0.155339807 0.016528925 0.004184100 0.095057033 0.030303031 0.025862070 0.008474576 0.008474576 0.016528925 0.051792830 0.040322579 0.098484851 0.000000000 0.017094018 0.091743119 0.096774191 0.048458152 0.125000000 0.016528925 0.012765957 0.067264572 0.081081077 0.072072074 0.020576132 0.040322579 0.070312500 0.000000000 0.008333334 0.043859649 0.000000000 0.115241639 0.066666670 0.020576132 0.034782607
0.265822798 0.098901100 0.111111112 0.020408163 0.145038173 0.140684411 0.123595506 0.123595506 0.098901100 0.063829787 0.075268820 0.016949153 0.115241639 0.132075474 0.204819277 0.209677413 0.162790701 0.009900990 0.098901100 0.127819553 0.181102365 0.034482758 0.185770750 0.094890513 0.075268820 0.045296166 0.115241639 0.107011072 0.158301160 0.115241639 0.000000000 0.048951048 0.094890513 0.149425283
0.219730943 0.050193049 0.062500000 0.028571429 0.096774191 0.092369474 0.075098813 0.075098813 0.050193049 0.014925373 0.026415095 0.032028470 0.066666670 0.083665341 0.157446802 0.162393168 0.114754096 0.058823530 0.050193049 0.079365082 0.133333340 0.014492754 0.138075307 0.046153847 0.026415095 0.003663004 0.066666670 0.058365759 0.110204078 0.066666670 0.048951048 0.000000000 0.046153847 0.101214573
0.175355449 0.004048583 0.016393442 0.074626863 0.050847456 0.046413504 0.029045643 0.029045643 0.004048583 0.031250000 0.019762846 0.078066915 0.020576132 0.037656903 0.112107620 0.117117114 0.068965517 0.104693137 0.004048583 0.033333335 0.087719299 0.060606062 0.092511013 0.000000000 0.019762846 0.049808428 0.020576132 0.012244898 0.064377680 0.020576132 0.094890513 0.046153847 0.000000000 0.055319149
0.121212125 0.051282052 0.038961038 0.129411772 0.004484305 0.008928572 0.026315790 0.026315790 0.051282052 0.086419754 0.075000003 0.132812500 0.034782607 0.017699115 0.057142857 0.062200956 0.013698630 0.159090906 0.051282052 0.022026431 0.032558139 0.115537852 0.037383176 0.055319149 0.075000003 0.104838707 0.034782607 0.043103449 0.009090909 0.034782607 0.149425283 0.101214573 0.055319149 0.000000000
