0.020176698 0.048414215 0.030721419 0.058054276 0.044889532 0.038610455 0.038699023 0.046017736 0.042457908 0.048121590 0.046657875 0.061917983 0.036303375 0.044228092 0.026238326 0.028769985 0.034174398 0.059619412 0.040044837 0.051633686 0.026648220 0.043023948 0.025232134 0.037248645 0.049793743 0.043310266 0.039782401 0.029523548 0.024062274 0.043264829 0.071906999 0.055121843 0.063367851 0.026813887
0.048414215 0.005045801 0.028708613 0.033188622 0.024827864 0.015803963 0.019932147 0.021368638 0.020639990 0.025532436 0.021288551 0.025582425 0.018053405 0.020841455 0.040896498 0.026583683 0.020980401 0.031599425 0.018352088 0.031110758 0.028963162 0.016128652 0.033564255 0.018657556 0.018572291 0.022768309 0.021124005 0.021698486 0.022344889 0.026623195 0.049344711 0.027526997 0.033677578 0.026638811
0.030721419 0.028708613 0.002053987 0.038529545 0.020412676 0.015328627 0.014336174 0.020295281 0.018241391 0.028848648 0.024961861 0.041798882 0.018432537 0.019968962 0.018286176 0.012965951 0.015694479 0.033649869 0.016972601 0.026995311 0.007158716 0.020167580 0.012771609 0.015051694 0.026941450 0.025620131 0.018492723 0.008726068 0.012684079 0.019500459 0.045827560 0.031999439 0.029502599 0.010837713
0.058054276 0.033188622 0.038529545 0.007405515 0.030883007 0.024644023 0.029568592 0.026130851 0.031684779 0.013754191 0.018422455 0.020558525 0.023453532 0.032309946 0.051460303 0.045601673 0.032396138 0.024063610 0.029625613 0.020600904 0.036779188 0.022548664 0.046467781 0.026227828 0.025664773 0.014831292 0.030141387 0.026660860 0.037489451 0.030910049 0.034716628 0.017340183 0.043845233 0.034925357
0.044889532 0.024827864 0.020412676 0.030883007 -0.002481876 0.019526761 0.011502584 0.015788855 0.016341416 0.022134013 0.017253414 0.023029257 0.012006019 0.015010418 0.039210051 0.025537904 0.018571591 0.038296551 0.019129300 0.016022971 0.022724222 0.015114339 0.029433070 0.011445702 0.021960558 0.015844014 0.015317318 0.018081045 0.022903815 0.018384375 0.059272602 0.020986022 0.029077865 0.031302236
0.038610455 0.015803963 0.015328627 0.024644023 0.019526761 0.007655164 0.008649054 0.011038582 0.007106693 0.019089149 0.016980110 0.022724982 0.013183928 0.011505437 0.028746776 0.017765373 0.013009150 0.026784230 0.012848157 0.016363654 0.010975715 0.013298133 0.023057528 0.010201624 0.018067110 0.017314028 0.012237141 0.005506606 0.019141864 0.013651526 0.041912366 0.029019328 0.025858868 0.020524001
0.038699023 0.019932147 0.014336174 0.029568592 0.011502584 0.008649054 -0.004561835 0.005984983 0.011345373 0.019389834 0.002204660 0.023272343 0.008784309 0.004492708 0.025021413 0.018411033 0.012725709 0.021068776 0.009151433 0.016822014 0.014430538 0.006256705 0.019780377 0.001304387 0.012538011 0.006504163 0.007113202 0.006311029 0.017096184 0.008919329 0.040084492 0.013453016 0.018687418 0.017291507
0.046017736 0.021368638 0.020295281 0.026130851 0.015788855 0.011038582 0.005984983 0.002849386 0.014001816 0.016744740 0.011839037 0.026747182 0.008878043 0.013351698 0.032582428 0.025587097 0.016286239 0.022857700 0.014011835 0.021236250 0.020169085 0.013719409 0.027491078 0.007626480 0.013866033 0.009657088 0.012532351 0.007224224 0.020793483 0.012010418 0.042210422 0.019521056 0.027395060 0.022378009
0.042457908 0.020639990 0.018241391 0.031684779 0.016341416 0.007106693 0.011345373 0.014001816 0.001701973 0.022273952 0.016349502 0.030050457 0.012968374 0.013240201 0.031625960 0.022750901 0.013551713 0.027565872 0.015193305 0.022006875 0.016871646 0.010840078 0.024942296 0.007422824 0.020969136 0.016533958 0.015698157 0.011310738 0.015398374 0.017499017 0.047776848 0.021355588 0.022536779 0.011356229
0.048121590 0.025532436 0.028848648 0.013754191 0.022134013 0.019089149 0.019389834 0.016744740 0.022273952 0.002133401 0.010711291 0.012916238 0.017238270 0.021730386 0.041001853 0.036224846 0.026029777 0.015060289 0.021836000 0.018004192 0.028213367 0.017374400 0.035631988 0.019985178 0.015147517 0.007517357 0.021734430 0.017185029 0.030927425 0.021116739 0.029580481 0.010178223 0.029295165 0.028341256
0.046657875 0.021288551 0.024961861 0.018422455 0.017253414 0.016980110 0.002204660 0.011839037 0.016349502 0.010711291 0.000499460 0.012780111 0.011558942 0.014129536 0.040007647 0.031847280 0.020727124 0.015997354 0.016354084 0.016044000 0.024494125 0.011203168 0.032060407 0.012667067 0.014042316 0.006976102 0.015784875 0.015123946 0.026884252 0.016242431 0.035206635 0.009994730 0.021058548 0.028989503
0.061917983 0.025582425 0.041798882 0.020558525 0.023029257 0.022724982 0.023272343 0.026747182 0.030050457 0.012916238 0.012780111 0.015990365 0.016837692 0.024727743 0.054197960 0.043611683 0.030299602 0.027070206 0.024728134 0.021827390 0.038111351 0.016100120 0.046028845 0.018086102 0.023172718 0.009638482 0.025555331 0.027662436 0.032799669 0.028674725 0.045835942 0.012631731 0.036678262 0.038236089
0.036303375 0.018053405 0.018432537 0.023453532 0.012006019 0.013183928 0.008784309 0.008878043 0.012968374 0.017238270 0.011558942 0.016837692 0.001422738 0.011198794 0.031039249 0.024984933 0.018545236 0.021978494 0.015473021 0.015403587 0.021824012 0.014434992 0.024191957 0.011363203 0.015949819 0.014932982 0.012760213 0.012618840 0.019537402 0.013746751 0.040585279 0.015457051 0.017985437 0.022532318
0.044228092 0.020841455 0.019968962 0.032309946 0.015010418 0.011505437 0.004492708 0.013351698 0.013240201 0.021730386 0.014129536 0.024727743 0.011198794 0.007314106 0.034640711 0.024106948 0.015434314 0.028146584 0.013896701 0.015785940 0.018251197 0.014456123 0.025060944 0.009265319 0.018946366 0.015205408 0.012257010 0.010954875 0.019304022 0.015312089 0.051454175 0.022268113 0.030562099 0.023775136
0.026238326 0.040896498 0.018286176 0.051460303 0.039210051 0.028746776 0.025021413 0.032582428 0.031625960 0.041001853 0.040007647 0.054197960 0.031039249 0.034640711 0.004864490 0.017599866 0.024825323 0.048463918 0.028536856 0.041246485 0.021527600 0.035313543 0.020658795 0.029312642 0.042993400 0.033928577 0.030481320 0.017159637 0.021623421 0.029206920 0.056063712 0.053209007 0.055390656 0.024764493
0.028769985 0.026583683 0.012965951 0.045601673 0.025537904 0.017765373 0.018411033 0.025587097 0.022750901 0.036224846 0.031847280 0.043611683 0.024984933 0.024106948 0.017599866 0.000510190 0.015995568 0.041361813 0.022124086 0.032149587 0.009654365 0.025202373 0.010558293 0.020403640 0.032700893 0.032106329 0.023516528 0.014375846 0.007425285 0.024777954 0.050554741 0.037592415 0.034014754 0.011670995
0.034174398 0.020980401 0.015694479 0.032396138 0.018571591 0.013009150 0.012725709 0.016286239 0.013551713 0.026029777 0.020727124 0.030299602 0.018545236 0.015434314 0.024825323 0.015995568 -0.000462523 0.030048419 0.011543619 0.021155328 0.013222064 0.016112570 0.017351417 0.012841927 0.022065099 0.022658855 0.012944566 0.012168440 0.013559552 0.017549891 0.041620053 0.028546851 0.032874931 0.015655212
0.059619412 0.031599425 0.033649869 0.024063610 0.038296551 0.026784230 0.021068776 0.022857700 0.027565872 0.015060289 0.015997354 0.027070206 0.021978494 0.028146584 0.048463918 0.041361813 0.030048419 0.010107741 0.025002591 0.035390697 0.034627050 0.022729898 0.041228797 0.025368566 0.018964471 0.012897337 0.026544606 0.020059392 0.037866794 0.025948558 0.029988527 0.025270259 0.044103786 0.036253009
0.040044837 0.018352088 0.016972601 0.029625613 0.019129300 0.012848157 0.009151433 0.014011835 0.015193305 0.021836000 0.016354084 0.024728134 0.015473021 0.013896701 0.028536856 0.022124086 0.011543619 0.025002591 0.001361991 0.019732065 0.017289696 0.013757061 0.021176316 0.011956203 0.018070577 0.017748969 0.014947621 0.011884287 0.017603274 0.017578686 0.041384436 0.022324435 0.027320165 0.017741088
0.051633686 0.031110758 0.026995311 0.020600904 0.016022971 0.016363654 0.016822014 0.021236250 0.022006875 0.018004192 0.016044000 0.021827390 0.015403587 0.015785940 0.041246485 0.032149587 0.021155328 0.035390697 0.019732065 -0.002870723 0.020159800 0.015095053 0.034462832 0.015963929 0.024055056 0.017302388 0.020654263 0.016698573 0.024527840 0.024351593 0.050625619 0.012356360 0.035207499 0.027744219
0.026648220 0.028963162 0.007158716 0.036779188 0.022724222 0.010975715 0.014430538 0.020169085 0.016871646 0.028213367 0.024494125 0.038111351 0.021824012 0.018251197 0.021527600 0.009654365 0.013222064 0.034627050 0.017289696 0.020159800 0.000680784 0.018754695 0.011962187 0.014971520 0.033719301 0.025736272 0.016002497 0.007382648 0.011606626 0.018637016 0.043988720 0.031002067 0.031959616 0.012070608
0.043023948 0.016128652 0.020167580 0.022548664 0.015114339 0.013298133 0.006256705 0.013719409 0.010840078 0.017374400 0.011203168 0.016100120 0.014434992 0.014456123 0.035313543 0.025202373 0.016112570 0.022729898 0.013757061 0.015095053 0.018754695 -0.000890418 0.026870651 0.008646517 0.016982395 0.012597611 0.012020851 0.011605443 0.020688780 0.016543116 0.038381185 0.016377915 0.019918002 0.023633465
0.025232134 0.033564255 0.012771609 0.046467781 0.029433070 0.023057528 0.019780377 0.027491078 0.024942296 0.035631988 0.032060407 0.046028845 0.024191957 0.025060944 0.020658795 0.010558293 0.017351417 0.041228797 0.021176316 0.034462832 0.011962187 0.026870651 0.002984484 0.022965033 0.034465015 0.029985823 0.022984814 0.016933434 0.012032952 0.024749268 0.049448803 0.042292580 0.041927591 0.017110983
0.037248645 0.018657556 0.015051694 0.026227828 0.011445702 0.010201624 0.001304387 0.007626480 0.007422824 0.019985178 0.012667067 0.018086102 0.011363203 0.009265319 0.029312642 0.020403640 0.012841927 0.025368566 0.011956203 0.015963929 0.014971520 0.008646517 0.022965033 -0.001968967 0.018249325 0.015987024 0.007522289 0.008892412 0.017474126 0.010022249 0.042712554 0.017033681 0.017571039 0.019417327
0.049793743 0.018572291 0.026941450 0.025664773 0.021960558 0.018067110 0.012538011 0.013866033 0.020969136 0.015147517 0.014042316 0.023172718 0.015949819 0.018946366 0.042993400 0.032700893 0.022065099 0.018964471 0.018070577 0.024055056 0.033719301 0.016982395 0.034465015 0.018249325 -0.017121928 0.011583412 0.019026339 0.016194388 0.025485152 0.019482128 0.029616049 0.021271594 0.031032376 0.028580466
0.043310266 0.022768309 0.025620131 0.014831292 0.015844014 0.017314028 0.006504163 0.009657088 0.016533958 0.007517357 0.006976102 0.009638482 0.014932982 0.015205408 0.033928577 0.032106329 0.022658855 0.012897337 0.017748969 0.017302388 0.025736272 0.012597611 0.029985823 0.015987024 0.011583412 -0.000374486 0.016312590 0.017261051 0.027644921 0.015311312 0.032934044 0.009069784 0.015358141 0.027695343
0.039782401 0.021124005 0.018492723 0.030141387 0.015317318 0.012237141 0.007113202 0.012532351 0.015698157 0.021734430 0.015784875 0.025555331 0.012760213 0.012257010 0.030481320 0.023516528 0.012944566 0.026544606 0.014947621 0.020654263 0.016002497 0.012020851 0.022984814 0.007522289 0.019026339 0.016312590 0.007306095 0.007904416 0.018357003 0.014894163 0.044621885 0.022077905 0.023827840 0.019407470
0.029523548 0.021698486 0.008726068 0.026660860 0.018081045 0.005506606 0.006311029 0.007224224 0.011310738 0.017185029 0.015123946 0.027662436 0.012618840 0.010954875 0.017159637 0.014375846 0.012168440 0.020059392 0.011884287 0.016698573 0.007382648 0.011605443 0.016933434 0.008892412 0.016194388 0.017261051 0.007904416 -0.004711974 0.014127604 0.007720604 0.030946804 0.021445595 0.022234365 0.009082632
0.024062274 0.022344889 0.012684079 0.037489451 0.022903815 0.019141864 0.017096184 0.020793483 0.015398374 0.030927425 0.026884252 0.032799669 0.019537402 0.019304022 0.021623421 0.007425285 0.013559552 0.037866794 0.017603274 0.024527840 0.011606626 0.020688780 0.012032952 0.017474126 0.025485152 0.027644921 0.018357003 0.014127604 0.005223993 0.021000501 0.045075700 0.035304572 0.029130081 0.014089624
0.043264829 0.026623195 0.019500459 0.030910049 0.018384375 0.013651526 0.008919329 0.012010418 0.017499017 0.021116739 0.016242431 0.028674725 0.013746751 0.015312089 0.029206920 0.024777954 0.017549891 0.025948558 0.017578686 0.024351593 0.018637016 0.016543116 0.024749268 0.010022249 0.019482128 0.015311312 0.014894163 0.007720604 0.021000501 0.009127315 0.044046406 0.021535160 0.027524335 0.018643280
0.071906999 0.049344711 0.045827560 0.034716628 0.059272602 0.041912366 0.040084492 0.042210422 0.047776848 0.029580481 0.035206635 0.045835942 0.040585279 0.051454175 0.056063712 0.050554741 0.041620053 0.029988527 0.041384436 0.050625619 0.043988720 0.038381185 0.049448803 0.042712554 0.029616049 0.032934044 0.044621885 0.030946804 0.045075700 0.044046406 -0.017435113 0.040352877 0.067941338 0.044691604
0.055121843 0.027526997 0.031999439 0.017340183 0.020986022 0.029019328 0.013453016 0.019521056 0.021355588 0.010178223 0.009994730 0.012631731 0.015457051 0.022268113 0.053209007 0.037592415 0.028546851 0.025270259 0.022324435 0.012356360 0.031002067 0.016377915 0.042292580 0.017033681 0.021271594 0.009069784 0.022077905 0.021445595 0.035304572 0.021535160 0.040352877 0.003535427 0.033098254 0.045758620
0.063367851 0.033677578 0.029502599 0.043845233 0.029077865 0.025858868 0.018687418 0.027395060 0.022536779 0.029295165 0.021058548 0.036678262 0.017985437 0.030562099 0.055390656 0.034014754 0.032874931 0.044103786 0.027320165 0.035207499 0.031959616 0.019918002 0.041927591 0.017571039 0.031032376 0.015358141 0.023827840 0.022234365 0.029130081 0.027524335 0.067941338 0.033098254 0.024675764 0.034323733
0.026813887 0.026638811 0.010837713 0.034925357 0.031302236 0.020524001 0.017291507 0.022378009 0.011356229 0.028341256 0.028989503 0.038236089 0.022532318 0.023775136 0.024764493 0.011670995 0.015655212 0.036253009 0.017741088 0.027744219 0.012070608 0.023633465 0.017110983 0.019417327 0.028580466 0.027695343 0.019407470 0.009082632 0.014089624 0.018643280 0.044691604 0.045758620 0.034323733 0.012306899
