0.021508178 0.053069316 0.031616397 0.070093751 0.042006381 0.036205564 0.037717555 0.040529348 0.047813240 0.054074887 0.048537578 0.056207500 0.035589695 0.037273638 0.023227176 0.031158313 0.030681152 0.065723240 0.039336286 0.041214839 0.028128276 0.040000033 0.023233760 0.035082016 0.054519147 0.049304523 0.039875768 0.037013389 0.020385388 0.041359190 0.084624596 0.039104886 0.046450630 0.025241014
0.053069316 0.007164963 0.029295918 0.038296737 0.030649224 0.025161956 0.017213892 0.019823041 0.023085602 0.023338936 0.020868436 0.025916643 0.017918475 0.023799870 0.045427471 0.033813123 0.021869032 0.031620145 0.020725003 0.028069513 0.033356577 0.019068073 0.034172673 0.020546757 0.010328890 0.021615854 0.022258369 0.020067293 0.028034637 0.021240354 0.047743998 0.027105872 0.034511894 0.036617197
0.031616397 0.029295918 0.005926222 0.046158012 0.020102292 0.017836273 0.015296339 0.018655311 0.021122595 0.032183424 0.028337970 0.035916179 0.019538606 0.019729828 0.025093138 0.018412868 0.015741169 0.041803725 0.018011138 0.022951400 0.013022617 0.020278528 0.016790457 0.016147111 0.029796183 0.029511170 0.020968888 0.014356556 0.013004404 0.018809870 0.058033295 0.025314078 0.024439020 0.014433440
0.070093751 0.038296737 0.046158012 0.013937007 0.035588432 0.038999382 0.027926350 0.028932236 0.038496297 0.014249260 0.018780205 0.012704104 0.022742994 0.035828877 0.060515091 0.053024560 0.034081213 0.033057664 0.033080600 0.024306808 0.042878769 0.023756377 0.049078409 0.026958402 0.022719109 0.015190533 0.034926154 0.031413581 0.039583713 0.030912537 0.049253445 0.014482288 0.043411583 0.049298756
0.042006381 0.030649224 0.020102292 0.035588432 -0.002384706 0.018013697 0.012165755 0.016850939 0.020609327 0.023597024 0.018349381 0.024955619 0.013542010 0.015104706 0.031892516 0.029275309 0.018051755 0.041689683 0.021654902 0.014094032 0.019922011 0.015055179 0.024597690 0.013082719 0.023963941 0.016535427 0.019288233 0.016020861 0.017627504 0.019468751 0.064714052 0.018032942 0.024239708 0.026815161
0.036205564 0.025161956 0.017836273 0.038999382 0.018013697 0.006688138 0.007927819 0.011710479 0.016486038 0.026068211 0.019064283 0.027305050 0.013751959 0.011353628 0.027963858 0.021942111 0.012901014 0.031317919 0.015653897 0.016757902 0.017339170 0.013658790 0.019151472 0.010794585 0.021886844 0.020805726 0.013096350 0.010998040 0.014985404 0.014449457 0.051025577 0.020173343 0.022645127 0.017780684
0.037717555 0.017213892 0.015296339 0.027926350 0.012165755 0.007927819 -0.004523215 0.003035555 0.011790846 0.017045964 0.002149524 0.021843255 0.007976575 0.005143888 0.028736651 0.022767473 0.011356029 0.023237027 0.008812523 0.013296017 0.015574803 0.005149873 0.022490140 0.002285177 0.011016337 0.005424988 0.008988971 0.003861912 0.016912412 0.007348625 0.042502850 0.013689011 0.017353671 0.018095927
0.040529348 0.019823041 0.018655311 0.028932236 0.016850939 0.011710479 0.003035555 0.003799362 0.012281235 0.013845511 0.009396401 0.017437758 0.007339658 0.011507446 0.027080521 0.024354994 0.014235583 0.023359740 0.013421101 0.007760065 0.014368737 0.008441877 0.022309408 0.006117970 0.013948326 0.008574380 0.010362473 0.007641436 0.018432464 0.009572305 0.045103069 0.013086876 0.014629140 0.020383587
0.047813240 0.023085602 0.021122595 0.038496297 0.020609327 0.016486038 0.011790846 0.012281235 0.005585894 0.022406772 0.018090494 0.025395740 0.014715386 0.016840851 0.035887443 0.028906317 0.015747711 0.030545825 0.018573906 0.017987462 0.021011744 0.014607557 0.027079079 0.011672340 0.016281117 0.018398283 0.019385200 0.013447486 0.022044724 0.014929995 0.053692807 0.021185476 0.021108076 0.024539536
0.054074887 0.023338936 0.032183424 0.014249260 0.023597024 0.026068211 0.017045964 0.013845511 0.022406772 -0.001622349 0.009333215 0.004662021 0.015146602 0.022575695 0.047557313 0.042344742 0.025276557 0.019168256 0.022686714 0.010652545 0.029395645 0.015841711 0.038248554 0.019418418 0.009393396 0.006234702 0.024042657 0.017705522 0.033066377 0.018245153 0.036816403 0.006072128 0.023623094 0.037555065
0.048537578 0.020868436 0.028337970 0.018780205 0.018349381 0.019064283 0.002149524 0.009396401 0.018090494 0.009333215 0.000567613 0.011696810 0.011070559 0.015042312 0.045997255 0.037893813 0.020004045 0.020760868 0.017400965 0.013049915 0.027319845 0.010624006 0.036261547 0.013860782 0.011459604 0.005615723 0.018802444 0.015122995 0.028251376 0.015247609 0.041696332 0.009522412 0.019358216 0.032918356
0.056207500 0.025916643 0.035916179 0.012704104 0.024955619 0.027305050 0.021843255 0.017437758 0.025395740 0.004662021 0.011696810 0.001792525 0.016886266 0.024758466 0.047393337 0.046533231 0.028377278 0.019866325 0.026179895 0.016613571 0.034425303 0.017813314 0.040289529 0.023191152 0.012363581 0.009082717 0.025921946 0.023244947 0.034411930 0.021407910 0.038365759 0.009913803 0.025461318 0.038095728
0.035589695 0.017918475 0.019538606 0.022742994 0.013542010 0.013751959 0.007976575 0.007339658 0.014715386 0.015146602 0.011070559 0.016886266 0.001299921 0.012153816 0.031607687 0.025264625 0.015689552 0.024250377 0.013181979 0.011517985 0.020841572 0.012985365 0.023412433 0.011233209 0.013756672 0.012766102 0.015701519 0.009976614 0.020333843 0.013033480 0.042814046 0.016471667 0.015621945 0.023752958
0.037273638 0.023799870 0.019729828 0.035828877 0.015104706 0.011353628 0.005143888 0.011507446 0.016840851 0.022575695 0.015042312 0.024758466 0.012153816 0.006266273 0.027713655 0.025649024 0.013808388 0.029490545 0.015006928 0.014217034 0.016831495 0.013646330 0.021046139 0.010379026 0.020486165 0.017659854 0.014298722 0.011047130 0.015358843 0.014249932 0.055054534 0.019892331 0.022584815 0.019314189
0.023227176 0.045427471 0.025093138 0.060515091 0.031892516 0.027963858 0.028736651 0.027080521 0.035887443 0.047557313 0.045997255 0.047393337 0.031607687 0.027713655 0.006014650 0.022842772 0.023501821 0.062765814 0.030692440 0.035888601 0.025498556 0.033708867 0.021644048 0.028226051 0.051414058 0.043991387 0.033937547 0.028934589 0.014996003 0.030415414 0.077364400 0.035423417 0.033814132 0.019132713
0.031158313 0.033813123 0.018412868 0.053024560 0.029275309 0.021942111 0.022767473 0.024354994 0.028906317 0.042344742 0.037893813 0.046533231 0.025264625 0.025649024 0.022842772 0.004153123 0.017623395 0.051614650 0.025334116 0.030806834 0.013078529 0.027512521 0.013117344 0.023118461 0.038026277 0.038810115 0.026891202 0.021593399 0.009800887 0.025903549 0.062170517 0.035482511 0.029027570 0.015740640
0.030681152 0.021869032 0.015741169 0.034081213 0.018051755 0.012901014 0.011356029 0.014235583 0.015747711 0.025276557 0.020004045 0.028377278 0.015689552 0.013808388 0.023501821 0.017623395 0.000152000 0.031007478 0.012477276 0.015540399 0.012348881 0.014584603 0.015377471 0.012395901 0.020461014 0.021627825 0.013650177 0.010735886 0.012215495 0.015699219 0.044656008 0.023510598 0.026929837 0.014842710
0.065723240 0.031620145 0.041803725 0.033057664 0.041689683 0.031317919 0.023237027 0.023359740 0.030545825 0.019168256 0.020760868 0.019866325 0.024250377 0.029490545 0.062765814 0.051614650 0.031007478 0.023145057 0.026785357 0.028699284 0.042793941 0.022551263 0.050101236 0.026076891 0.023245983 0.020233164 0.030702338 0.030052397 0.040669493 0.026833843 0.049460858 0.017808557 0.037218437 0.045124896
0.039336286 0.020725003 0.018011138 0.033080600 0.021654902 0.015653897 0.008812523 0.013421101 0.018573906 0.022686714 0.017400965 0.026179895 0.013181979 0.015006928 0.030692440 0.025334116 0.012477276 0.026785357 0.006404694 0.018420354 0.018782414 0.013338228 0.021997733 0.013860277 0.017594472 0.017773803 0.015933266 0.012297615 0.018766169 0.016575590 0.044358537 0.022179361 0.026805408 0.020256437
0.041214839 0.028069513 0.022951400 0.024306808 0.014094032 0.016757902 0.013296017 0.007760065 0.017987462 0.010652545 0.013049915 0.016613571 0.011517985 0.014217034 0.035888601 0.030806834 0.015540399 0.028699284 0.018420354 -0.002892660 0.021899914 0.015548127 0.028089104 0.015408725 0.013840146 0.014940443 0.020632552 0.010315288 0.020993304 0.012243772 0.047057882 0.007542626 0.022657203 0.025815668
0.028128276 0.033356577 0.013022617 0.042878769 0.019922011 0.017339170 0.015574803 0.014368737 0.021011744 0.029395645 0.027319845 0.034425303 0.020841572 0.016831495 0.025498556 0.013078529 0.012348881 0.042793941 0.018782414 0.021899914 0.005473550 0.020191878 0.013966289 0.015916266 0.032994386 0.028773449 0.021652635 0.012864861 0.010465115 0.016917398 0.058887742 0.024763439 0.024470082 0.014918672
0.040000033 0.019068073 0.020278528 0.023756377 0.015055179 0.013658790 0.005149873 0.008441877 0.014607557 0.015841711 0.010624006 0.017813314 0.012985365 0.013646330 0.033708867 0.027512521 0.014584603 0.022551263 0.013338228 0.015548127 0.020191878 -0.001169937 0.025441680 0.010623578 0.011371834 0.011437590 0.014000427 0.008864062 0.020195566 0.013218297 0.038502961 0.016171277 0.018037045 0.023075763
0.023233760 0.034172673 0.016790457 0.049078409 0.024597690 0.019151472 0.022490140 0.022309408 0.027079079 0.038248554 0.036261547 0.040289529 0.023412433 0.021046139 0.021644048 0.013117344 0.015377471 0.050101236 0.021997733 0.028089104 0.013966289 0.025441680 0.004988271 0.022370445 0.038562503 0.035729308 0.026624151 0.021911208 0.007863951 0.024961848 0.061361037 0.030550586 0.027786875 0.014166553
0.035082016 0.020546757 0.016147111 0.026958402 0.013082719 0.010794585 0.002285177 0.006117970 0.011672340 0.019418418 0.013860782 0.023191152 0.011233209 0.010379026 0.028226051 0.023118461 0.012395901 0.026076891 0.013860277 0.015408725 0.015916266 0.010623578 0.022370445 -0.000084803 0.016175689 0.015522595 0.011258734 0.005935609 0.017077314 0.009424651 0.043836512 0.020942781 0.015656330 0.019007195
0.054519147 0.010328890 0.029796183 0.022719109 0.023963941 0.021886844 0.011016337 0.013948326 0.016281117 0.009393396 0.011459604 0.012363581 0.013756672 0.020486165 0.051414058 0.038026277 0.020461014 0.023245983 0.017594472 0.013840146 0.032994386 0.011371834 0.038562503 0.016175689 -0.018785909 0.007839642 0.017940201 0.015077345 0.027787387 0.016359728 0.036763318 0.018090025 0.026619360 0.035714082
0.049304523 0.021615854 0.029511170 0.015190533 0.016535427 0.020805726 0.005424988 0.008574380 0.018398283 0.006234702 0.005615723 0.009082717 0.012766102 0.017659854 0.043991387 0.038810115 0.021627825 0.020233164 0.017773803 0.014940443 0.028773449 0.011437590 0.035729308 0.015522595 0.007839642 -0.000596379 0.019681422 0.015875136 0.030230211 0.014534505 0.041562900 0.009319743 0.017538203 0.034139246
0.039875768 0.022258369 0.020968888 0.034926154 0.019288233 0.013096350 0.008988971 0.010362473 0.019385200 0.024042657 0.018802444 0.025921946 0.015701519 0.014298722 0.033937547 0.026891202 0.013650177 0.030702338 0.015933266 0.020632552 0.021652635 0.014000427 0.026624151 0.011258734 0.017940201 0.019681422 0.010403492 0.009660555 0.019762665 0.013557578 0.046124563 0.022255015 0.023664415 0.023139307
0.037013389 0.020067293 0.014356556 0.031413581 0.016020861 0.010998040 0.003861912 0.007641436 0.013447486 0.017705522 0.015122995 0.023244947 0.009976614 0.011047130 0.028934589 0.021593399 0.010735886 0.030052397 0.012297615 0.010315288 0.012864861 0.008864062 0.021911208 0.005935609 0.015077345 0.015875136 0.009660555 -0.001099262 0.014459316 0.007435084 0.048779245 0.015519829 0.022083782 0.016756117
0.020385388 0.028034637 0.013004404 0.039583713 0.017627504 0.014985404 0.016912412 0.018432464 0.022044724 0.033066377 0.028251376 0.034411930 0.020333843 0.015358843 0.014996003 0.009800887 0.012215495 0.040669493 0.018766169 0.020993304 0.010465115 0.020195566 0.007863951 0.017077314 0.027787387 0.030230211 0.019762665 0.014459316 -0.002230246 0.020833608 0.048766531 0.024768379 0.024993494 0.006766941
0.041359190 0.021240354 0.018809870 0.030912537 0.019468751 0.014449457 0.007348625 0.009572305 0.014929995 0.018245153 0.015247609 0.021407910 0.013033480 0.014249932 0.030415414 0.025903549 0.015699219 0.026833843 0.016575590 0.012243772 0.016917398 0.013218297 0.024961848 0.009424651 0.016359728 0.014534505 0.013557578 0.007435084 0.020833608 0.005338680 0.046955597 0.015079079 0.017673008 0.021388818
0.084624596 0.047743998 0.058033295 0.049253445 0.064714052 0.051025577 0.042502850 0.045103069 0.053692807 0.036816403 0.041696332 0.038365759 0.042814046 0.055054534 0.077364400 0.062170517 0.044656008 0.049460858 0.044358537 0.047057882 0.058887742 0.038502961 0.061361037 0.043836512 0.036763318 0.041562900 0.046124563 0.048779245 0.048766531 0.046955597 0.002063539 0.032802615 0.066108063 0.057210222
0.039104886 0.027105872 0.025314078 0.014482288 0.018032942 0.020173343 0.013689011 0.013086876 0.021185476 0.006072128 0.009522412 0.009913803 0.016471667 0.019892331 0.035423417 0.035482511 0.023510598 0.017808557 0.022179361 0.007542626 0.024763439 0.016171277 0.030550586 0.020942781 0.018090025 0.009319743 0.022255015 0.015519829 0.024768379 0.015079079 0.032802615 0.002348645 0.016029552 0.031006156
0.046450630 0.034511894 0.024439020 0.043411583 0.024239708 0.022645127 0.017353671 0.014629140 0.021108076 0.023623094 0.019358216 0.025461318 0.015621945 0.022584815 0.033814132 0.029027570 0.026929837 0.037218437 0.026805408 0.022657203 0.024470082 0.018037045 0.027786875 0.015656330 0.026619360 0.017538203 0.023664415 0.022083782 0.024993494 0.017673008 0.066108063 0.016029552 -0.006099090 0.026993660
0.025241014 0.036617197 0.014433440 0.049298756 0.026815161 0.017780684 0.018095927 0.020383587 0.024539536 0.037555065 0.032918356 0.038095728 0.023752958 0.019314189 0.019132713 0.015740640 0.014842710 0.045124896 0.020256437 0.025815668 0.014918672 0.023075763 0.014166553 0.019007195 0.035714082 0.034139246 0.023139307 0.016756117 0.006766941 0.021388818 0.057210222 0.031006156 0.026993660 0.006354593
