0.000000000 0.086294413 0.104477614 0.207048461 0.262295067 0.166666672 0.166666672 0.170506909 0.196428567 0.207048461 0.207048461 0.280000001 0.185520366 0.158878505 0.081632651 0.174311921 0.095477387 0.207048461 0.154929578 0.274193555 0.100000001 0.200000003 0.181818187 0.166666672 0.104477614 0.181818187 0.117647059 0.130434781 0.138755977 0.150943398 0.282868534 0.291338593 0.265306115 0.142857149
0.086294413 0.000000000 0.018348623 0.122950822 0.180076629 0.081545062 0.081545062 0.085470088 0.112033196 0.122950822 0.122950822 0.198501870 0.100840338 0.073593073 0.004694836 0.089361705 0.009259259 0.122950822 0.069565214 0.192452833 0.013824885 0.115702480 0.097046413 0.081545062 0.018348623 0.097046413 0.031674210 0.044642858 0.053097345 0.065502182 0.201492533 0.210332111 0.183206111 0.057268724
0.104477614 0.018348623 0.000000000 0.104838707 0.162264153 0.063291140 0.063291140 0.067226894 0.093877554 0.104838707 0.104838707 0.180811808 0.082644626 0.055319149 0.023041476 0.071129709 0.009090909 0.104838707 0.051282052 0.174721196 0.004524887 0.097560972 0.078838177 0.063291140 0.000000000 0.078838177 0.013333334 0.026315790 0.034782607 0.047210302 0.183823526 0.192727268 0.165413529 0.038961038
0.207048461 0.122950822 0.104838707 0.000000000 0.058419243 0.041825093 0.041825093 0.037878789 0.011070111 0.000000000 0.000000000 0.077441074 0.022388060 0.049808428 0.127572015 0.033962265 0.113821141 0.000000000 0.053846154 0.071186438 0.109311745 0.007352941 0.026217228 0.041825093 0.104838707 0.026217228 0.091633469 0.078740157 0.070312500 0.057915058 0.080536909 0.089700997 0.061643835 0.066147856
0.262295067 0.180076629 0.162264153 0.058419243 0.000000000 0.100000001 0.100000001 0.096085407 0.069444448 0.058419243 0.058419243 0.019108281 0.080701753 0.107913665 0.184615389 0.092198581 0.171102658 0.058419243 0.111913361 0.012820513 0.166666672 0.065743946 0.084507041 0.100000001 0.162264153 0.084507041 0.149253726 0.136531368 0.128205135 0.115942031 0.022222223 0.031446543 0.003236246 0.124087594
0.166666672 0.081545062 0.063291140 0.041825093 0.100000001 0.000000000 0.000000000 0.003952569 0.030769231 0.041825093 0.041825093 0.118881121 0.019455252 0.008000000 0.086206898 0.007874016 0.072340429 0.041825093 0.012048192 0.112676054 0.067796610 0.034482758 0.015625000 0.000000000 0.063291140 0.015625000 0.050000001 0.037037037 0.028571429 0.016129032 0.121951222 0.131034479 0.103202850 0.024390243
0.166666672 0.081545062 0.063291140 0.041825093 0.100000001 0.000000000 0.000000000 0.003952569 0.030769231 0.041825093 0.041825093 0.118881121 0.019455252 0.008000000 0.086206898 0.007874016 0.072340429 0.041825093 0.012048192 0.112676054 0.067796610 0.034482758 0.015625000 0.000000000 0.063291140 0.015625000 0.050000001 0.037037037 0.028571429 0.016129032 0.121951222 0.131034479 0.103202850 0.024390243
0.170506909 0.085470088 0.067226894 0.037878789 0.096085407 0.003952569 0.003952569 0.000000000 0.026819924 0.037878789 0.037878789 0.114982575 0.015503876 0.011952192 0.090128757 0.003921569 0.076271184 0.037878789 0.016000001 0.108771928 0.071729958 0.030534351 0.011673152 0.003952569 0.067226894 0.011673152 0.053941909 0.040983606 0.032520324 0.020080321 0.118055552 0.127147764 0.099290781 0.028340081
0.196428567 0.112033196 0.093877554 0.011070111 0.069444448 0.030769231 0.030769231 0.026819924 0.000000000 0.011070111 0.011070111 0.088435374 0.011320755 0.038759690 0.116666667 0.022900764 0.102880657 0.011070111 0.042801555 0.082191780 0.098360658 0.003717472 0.015151516 0.030769231 0.093877554 0.015151516 0.080645159 0.067729086 0.059288539 0.046875000 0.091525421 0.100671142 0.072664358 0.055118110
0.207048461 0.122950822 0.104838707 0.000000000 0.058419243 0.041825093 0.041825093 0.037878789 0.011070111 0.000000000 0.000000000 0.077441074 0.022388060 0.049808428 0.127572015 0.033962265 0.113821141 0.000000000 0.053846154 0.071186438 0.109311745 0.007352941 0.026217228 0.041825093 0.104838707 0.026217228 0.091633469 0.078740157 0.070312500 0.057915058 0.080536909 0.089700997 0.061643835 0.066147856
0.207048461 0.122950822 0.104838707 0.000000000 0.058419243 0.041825093 0.041825093 0.037878789 0.011070111 0.000000000 0.000000000 0.077441074 0.022388060 0.049808428 0.127572015 0.033962265 0.113821141 0.000000000 0.053846154 0.071186438 0.109311745 0.007352941 0.026217228 0.041825093 0.104838707 0.026217228 0.091633469 0.078740157 0.070312500 0.057915058 0.080536909 0.089700997 0.061643835 0.066147856
0.280000001 0.198501870 0.180811808 0.077441074 0.019108281 0.118881121 0.118881121 0.114982575 0.088435374 0.077441074 0.077441074 0.000000000 0.099656358 0.126760557 0.203007519 0.111111112 0.189591080 0.077441074 0.130742043 0.006289308 0.185185179 0.084745765 0.103448279 0.118881121 0.180811808 0.103448279 0.167883217 0.155234650 0.146953404 0.134751767 0.003115265 0.012345679 0.015873017 0.142857149
0.185520366 0.100840338 0.082644626 0.022388060 0.080701753 0.019455252 0.019455252 0.015503876 0.011320755 0.022388060 0.022388060 0.099656358 0.000000000 0.027450981 0.105485231 0.011583012 0.091666669 0.022388060 0.031496063 0.093425609 0.087136932 0.015037594 0.003831418 0.019455252 0.082644626 0.003831418 0.069387756 0.056451611 0.048000000 0.035573121 0.102739729 0.111864410 0.083916083 0.043824703
0.158878505 0.073593073 0.055319149 0.049808428 0.107913665 0.008000000 0.008000000 0.011952192 0.038759690 0.049808428 0.049808428 0.126760557 0.027450981 0.000000000 0.078260869 0.015873017 0.064377680 0.049808428 0.004048583 0.120567374 0.059829060 0.042471044 0.023622047 0.008000000 0.055319149 0.023622047 0.042016808 0.029045643 0.020576132 0.008130081 0.129824564 0.138888896 0.111111112 0.016393442
0.081632651 0.004694836 0.023041476 0.127572015 0.184615389 0.086206898 0.086206898 0.090128757 0.116666667 0.127572015 0.127572015 0.203007519 0.105485231 0.078260869 0.000000000 0.094017096 0.013953488 0.127572015 0.074235804 0.196969703 0.018518519 0.120331950 0.101694912 0.086206898 0.023041476 0.101694912 0.036363635 0.049327355 0.057777777 0.070175439 0.205992505 0.214814812 0.187739462 0.061946902
0.174311921 0.089361705 0.071129709 0.033962265 0.092198581 0.007874016 0.007874016 0.003921569 0.022900764 0.033962265 0.033962265 0.111111112 0.011583012 0.015873017 0.094017096 0.000000000 0.080168776 0.033962265 0.019920319 0.104895107 0.075630255 0.026615970 0.007751938 0.007874016 0.071129709 0.007751938 0.057851240 0.044897959 0.036437247 0.024000000 0.114186853 0.123287670 0.095406361 0.032258064
0.095477387 0.009259259 0.009090909 0.113821141 0.171102658 0.072340429 0.072340429 0.076271184 0.102880657 0.113821141 0.113821141 0.189591080 0.091666669 0.064377680 0.013953488 0.080168776 0.000000000 0.113821141 0.060344826 0.183520600 0.004566210 0.106557377 0.087866105 0.072340429 0.009090909 0.087866105 0.022421524 0.035398230 0.043859649 0.056277055 0.192592591 0.201465204 0.174242422 0.048034936
0.207048461 0.122950822 0.104838707 0.000000000 0.058419243 0.041825093 0.041825093 0.037878789 0.011070111 0.000000000 0.000000000 0.077441074 0.022388060 0.049808428 0.127572015 0.033962265 0.113821141 0.000000000 0.053846154 0.071186438 0.109311745 0.007352941 0.026217228 0.041825093 0.104838707 0.026217228 0.091633469 0.078740157 0.070312500 0.057915058 0.080536909 0.089700997 0.061643835 0.066147856
0.154929578 0.069565214 0.051282052 0.053846154 0.111913361 0.012048192 0.012048192 0.016000001 0.042801555 0.053846154 0.053846154 0.130742043 0.031496063 0.004048583 0.074235804 0.019920319 0.060344826 0.053846154 0.000000000 0.124555163 0.055793993 0.046511628 0.027667984 0.012048192 0.051282052 0.027667984 0.037974682 0.025000000 0.016528925 0.004081632 0.133802816 0.142857149 0.115107916 0.012345679
0.274193555 0.192452833 0.174721196 0.071186438 0.012820513 0.112676054 0.112676054 0.108771928 0.082191780 0.071186438 0.071186438 0.006289308 0.093425609 0.120567374 0.196969703 0.104895107 0.183520600 0.071186438 0.124555163 0.000000000 0.179104477 0.078498296 0.097222224 0.112676054 0.174721196 0.097222224 0.161764711 0.149090916 0.140794218 0.128571436 0.009404388 0.018633541 0.009584664 0.136690646
0.100000001 0.013824885 0.004524887 0.109311745 0.166666672 0.067796610 0.067796610 0.071729958 0.098360658 0.109311745 0.109311745 0.185185179 0.087136932 0.059829060 0.018518519 0.075630255 0.004566210 0.109311745 0.055793993 0.179104477 0.000000000 0.102040820 0.083333336 0.067796610 0.004524887 0.083333336 0.017857144 0.030837005 0.039301310 0.051724140 0.188191876 0.197080299 0.169811323 0.043478262
0.200000003 0.115702480 0.097560972 0.007352941 0.065743946 0.034482758 0.034482758 0.030534351 0.003717472 0.007352941 0.007352941 0.084745765 0.015037594 0.042471044 0.120331950 0.026615970 0.106557377 0.007352941 0.046511628 0.078498296 0.102040820 0.000000000 0.018867925 0.034482758 0.097560972 0.018867925 0.084337346 0.071428575 0.062992126 0.050583657 0.087837838 0.096989967 0.068965517 0.058823530
0.181818187 0.097046413 0.078838177 0.026217228 0.084507041 0.015625000 0.015625000 0.011673152 0.015151516 0.026217228 0.026217228 0.103448279 0.003831418 0.023622047 0.101694912 0.007751938 0.087866105 0.026217228 0.027667984 0.097222224 0.083333336 0.018867925 0.000000000 0.015625000 0.078838177 0.000000000 0.065573767 0.052631579 0.044176705 0.031746034 0.106529206 0.115646258 0.087719299 0.039999999
0.166666672 0.081545062 0.063291140 0.041825093 0.100000001 0.000000000 0.000000000 0.003952569 0.030769231 0.041825093 0.041825093 0.118881121 0.019455252 0.008000000 0.086206898 0.007874016 0.072340429 0.041825093 0.012048192 0.112676054 0.067796610 0.034482758 0.015625000 0.000000000 0.063291140 0.015625000 0.050000001 0.037037037 0.028571429 0.016129032 0.121951222 0.131034479 0.103202850 0.024390243
0.104477614 0.018348623 0.000000000 0.104838707 0.162264153 0.063291140 0.063291140 0.067226894 0.093877554 0.104838707 0.104838707 0.180811808 0.082644626 0.055319149 0.023041476 0.071129709 0.009090909 0.104838707 0.051282052 0.174721196 0.004524887 0.097560972 0.078838177 0.063291140 0.000000000 0.078838177 0.013333334 0.026315790 0.034782607 0.047210302 0.183823526 0.192727268 0.165413529 0.038961038
0.181818187 0.097046413 0.078838177 0.026217228 0.084507041 0.015625000 0.015625000 0.011673152 0.015151516 0.026217228 0.026217228 0.103448279 0.003831418 0.023622047 0.101694912 0.007751938 0.087866105 0.026217228 0.027667984 0.097222224 0.083333336 0.018867925 0.000000000 0.015625000 0.078838177 0.000000000 0.065573767 0.052631579 0.044176705 0.031746034 0.106529206 0.115646258 0.087719299 0.039999999
0.117647059 0.031674210 0.013333334 0.091633469 0.149253726 0.050000001 0.050000001 0.053941909 0.080645159 0.091633469 0.091633469 0.167883217 0.069387756 0.042016808 0.036363635 0.057851240 0.022421524 0.091633469 0.037974682 0.161764711 0.017857144 0.084337346 0.065573767 0.050000001 0.013333334 0.065573767 0.000000000 0.012987013 0.021459227 0.033898305 0.170909092 0.179856122 0.152416363 0.025641026
0.130434781 0.044642858 0.026315790 0.078740157 0.136531368 0.037037037 0.037037037 0.040983606 0.067729086 0.078740157 0.078740157 0.155234650 0.056451611 0.029045643 0.049327355 0.044897959 0.035398230 0.078740157 0.025000000 0.149090916 0.030837005 0.071428575 0.052631579 0.037037037 0.026315790 0.052631579 0.012987013 0.000000000 0.008474576 0.020920502 0.158273384 0.167259783 0.139705881 0.012658228
0.138755977 0.053097345 0.034782607 0.070312500 0.128205135 0.028571429 0.028571429 0.032520324 0.059288539 0.070312500 0.070312500 0.146953404 0.048000000 0.020576132 0.057777777 0.036437247 0.043859649 0.070312500 0.016528925 0.140794218 0.039301310 0.062992126 0.044176705 0.028571429 0.034782607 0.044176705 0.021459227 0.008474576 0.000000000 0.012448133 0.150000006 0.159010604 0.131386861 0.004184100
0.150943398 0.065502182 0.047210302 0.057915058 0.115942031 0.016129032 0.016129032 0.020080321 0.046875000 0.057915058 0.057915058 0.134751767 0.035573121 0.008130081 0.070175439 0.024000000 0.056277055 0.057915058 0.004081632 0.128571436 0.051724140 0.050583657 0.031746034 0.016129032 0.047210302 0.031746034 0.033898305 0.020920502 0.012448133 0.000000000 0.137809187 0.146853149 0.119133577 0.008264462
0.282868534 0.201492533 0.183823526 0.080536909 0.022222223 0.121951222 0.121951222 0.118055552 0.091525421 0.080536909 0.080536909 0.003115265 0.102739729 0.129824564 0.205992505 0.114186853 0.192592591 0.080536909 0.133802816 0.009404388 0.188191876 0.087837838 0.106529206 0.121951222 0.183823526 0.106529206 0.170909092 0.158273384 0.150000006 0.137809187 0.000000000 0.009230769 0.018987341 0.145907477
0.291338593 0.210332111 0.192727268 0.089700997 0.031446543 0.131034479 0.131034479 0.127147764 0.100671142 0.089700997 0.089700997 0.012345679 0.111864410 0.138888896 0.214814812 0.123287670 0.201465204 0.089700997 0.142857149 0.018633541 0.197080299 0.096989967 0.115646258 0.131034479 0.192727268 0.115646258 0.179856122 0.167259783 0.159010604 0.146853149 0.009230769 0.000000000 0.028213166 0.154929578
0.265306115 0.183206111 0.165413529 0.061643835 0.003236246 0.103202850 0.103202850 0.099290781 0.072664358 0.061643835 0.061643835 0.015873017 0.083916083 0.111111112 0.187739462 0.095406361 0.174242422 0.061643835 0.115107916 0.009584664 0.169811323 0.068965517 0.087719299 0.103202850 0.165413529 0.087719299 0.152416363 0.139705881 0.131386861 0.119133577 0.018987341 0.028213166 0.000000000 0.127272725
0.142857149 0.057268724 0.038961038 0.066147856 0.124087594 0.024390243 0.024390243 0.028340081 0.055118110 0.066147856 0.066147856 0.142857149 0.043824703 0.016393442 0.061946902 0.032258064 0.048034936 0.066147856 0.012345679 0.136690646 0.043478262 0.058823530 0.039999999 0.024390243 0.038961038 0.039999999 0.025641026 0.012658228 0.004184100 0.008264462 0.145907477 0.154929578 0.127272725 0.000000000
