0.000000000 0.162790701 0.121951222 0.240506336 0.282868534 0.162790701 0.158878505 0.200000003 0.142857149 0.220779225 0.207048461 0.217391297 0.268292695 0.146919429 0.104477614 0.117647059 0.142857149 0.196428567 0.130434781 0.178082198 0.146919429 0.189189196 0.170506909 0.150943398 0.213973805 0.227467805 0.154929578 0.154929578 0.126213595 0.178082198 0.338235289 0.240506336 0.146919429 0.142857149
0.162790701 0.000000000 0.041666668 0.080882356 0.125874132 0.000000000 0.004016064 0.038461540 0.020408163 0.060150377 0.045801528 0.056603774 0.110320285 0.016260162 0.059322033 0.046025105 0.020408163 0.034749035 0.033057850 0.015748031 0.016260162 0.027237354 0.007936508 0.012145749 0.053030305 0.067164183 0.008064516 0.008064516 0.037344400 0.015748031 0.185667753 0.080882356 0.016260162 0.020408163
0.121951222 0.041666668 0.000000000 0.122137405 0.166666672 0.041666668 0.037656903 0.079999998 0.021276595 0.101562500 0.087301590 0.098039217 0.151291519 0.025423728 0.017699115 0.004366812 0.021276595 0.076305218 0.008620690 0.057377048 0.025423728 0.068825908 0.049586777 0.029535865 0.094488189 0.108527131 0.033613447 0.033613447 0.004329004 0.057377048 0.225589231 0.122137405 0.025423728 0.021276595
0.240506336 0.080882356 0.122137405 0.000000000 0.045454547 0.080882356 0.084870845 0.042553190 0.101123594 0.020833334 0.035211269 0.024390243 0.029702971 0.097014926 0.139534891 0.126436785 0.101123594 0.046263345 0.113636367 0.065217391 0.097014926 0.053763442 0.072992697 0.092936806 0.027972028 0.013793103 0.088888891 0.088888891 0.117870726 0.065217391 0.106382981 0.000000000 0.097014926 0.101123594
0.282868534 0.125874132 0.166666672 0.045454547 0.000000000 0.125874132 0.129824564 0.087837838 0.145907477 0.066225164 0.080536909 0.069767445 0.015772870 0.141843975 0.183823526 0.170909092 0.145907477 0.091525421 0.158273384 0.110344827 0.141843975 0.098976113 0.118055552 0.137809187 0.073333330 0.059210528 0.133802816 0.133802816 0.162454873 0.110344827 0.061224490 0.045454547 0.141843975 0.145907477
0.162790701 0.000000000 0.041666668 0.080882356 0.125874132 0.000000000 0.004016064 0.038461540 0.020408163 0.060150377 0.045801528 0.056603774 0.110320285 0.016260162 0.059322033 0.046025105 0.020408163 0.034749035 0.033057850 0.015748031 0.016260162 0.027237354 0.007936508 0.012145749 0.053030305 0.067164183 0.008064516 0.008064516 0.037344400 0.015748031 0.185667753 0.080882356 0.016260162 0.020408163
0.158878505 0.004016064 0.037656903 0.084870845 0.129824564 0.004016064 0.000000000 0.042471044 0.016393442 0.064150944 0.049808428 0.060606062 0.114285715 0.012244898 0.055319149 0.042016808 0.016393442 0.038759690 0.029045643 0.019762846 0.012244898 0.031250000 0.011952192 0.008130081 0.057034221 0.071161047 0.004048583 0.004048583 0.033333335 0.019762846 0.189542487 0.084870845 0.012244898 0.016393442
0.200000003 0.038461540 0.079999998 0.042553190 0.087837838 0.038461540 0.042471044 0.000000000 0.058823530 0.021739131 0.007352941 0.018181818 0.072164945 0.054687500 0.097560972 0.084337346 0.058823530 0.003717472 0.071428575 0.022727273 0.054687500 0.011235955 0.030534351 0.050583657 0.014598540 0.028776979 0.046511628 0.046511628 0.075697213 0.022727273 0.148264989 0.042553190 0.054687500 0.058823530
0.142857149 0.020408163 0.021276595 0.101123594 0.145907477 0.020408163 0.016393442 0.058823530 0.000000000 0.080459774 0.066147856 0.076923080 0.130434781 0.004149378 0.038961038 0.025641026 0.000000000 0.055118110 0.012658228 0.036144577 0.004149378 0.047619049 0.028340081 0.008264462 0.073359072 0.087452471 0.012345679 0.012345679 0.016949153 0.036144577 0.205298007 0.101123594 0.004149378 0.000000000
0.220779225 0.060150377 0.101562500 0.020833334 0.066225164 0.060150377 0.064150944 0.021739131 0.080459774 0.000000000 0.014388490 0.003558719 0.050505050 0.076335877 0.119047619 0.105882354 0.080459774 0.025454545 0.093023255 0.044444446 0.076335877 0.032967035 0.052238807 0.072243348 0.007142857 0.007042253 0.068181820 0.068181820 0.097276263 0.044444446 0.126934990 0.020833334 0.076335877 0.080459774
0.207048461 0.045801528 0.087301590 0.035211269 0.080536909 0.045801528 0.049808428 0.007352941 0.066147856 0.014388490 0.000000000 0.010830325 0.064846419 0.062015504 0.104838707 0.091633469 0.066147856 0.011070111 0.078740157 0.030075189 0.062015504 0.018587360 0.037878789 0.057915058 0.007246377 0.021428572 0.053846154 0.053846154 0.083003953 0.030075189 0.141065836 0.035211269 0.062015504 0.066147856
0.217391297 0.056603774 0.098039217 0.024390243 0.069767445 0.056603774 0.060606062 0.018181818 0.076923080 0.003558719 0.010830325 0.000000000 0.054054055 0.072796933 0.115537852 0.102362208 0.076923080 0.021897810 0.089494161 0.040892195 0.072796933 0.029411765 0.048689138 0.068702288 0.003584229 0.010600707 0.064638786 0.064638786 0.093750000 0.040892195 0.130434781 0.024390243 0.072796933 0.076923080
0.268292695 0.110320285 0.151291519 0.029702971 0.015772870 0.110320285 0.114285715 0.072164945 0.130434781 0.050505050 0.064846419 0.054054055 0.000000000 0.126353785 0.168539330 0.155555561 0.130434781 0.075862072 0.142857149 0.094736844 0.126353785 0.083333336 0.102473497 0.122302160 0.057627119 0.043478262 0.118279569 0.118279569 0.147058830 0.094736844 0.076923080 0.029702971 0.126353785 0.130434781
0.146919429 0.016260162 0.025423728 0.097014926 0.141843975 0.016260162 0.012244898 0.054687500 0.004149378 0.076335877 0.062015504 0.072796933 0.126353785 0.000000000 0.043103449 0.029787235 0.004149378 0.050980393 0.016806724 0.032000002 0.000000000 0.043478262 0.024193548 0.004115226 0.069230773 0.083333336 0.008196721 0.008196721 0.021097047 0.032000002 0.201320127 0.097014926 0.000000000 0.004149378
0.104477614 0.059322033 0.017699115 0.139534891 0.183823526 0.059322033 0.055319149 0.097560972 0.038961038 0.119047619 0.104838707 0.115537852 0.168539330 0.043103449 0.000000000 0.013333334 0.038961038 0.093877554 0.026315790 0.075000003 0.043103449 0.086419754 0.067226894 0.047210302 0.112000003 0.125984251 0.051282052 0.051282052 0.022026431 0.075000003 0.242320821 0.139534891 0.043103449 0.038961038
0.117647059 0.046025105 0.004366812 0.126436785 0.170909092 0.046025105 0.042016808 0.084337346 0.025641026 0.105882354 0.091633469 0.102362208 0.155555561 0.029787235 0.013333334 0.000000000 0.025641026 0.080645159 0.012987013 0.061728396 0.029787235 0.073170729 0.053941909 0.033898305 0.098814227 0.112840466 0.037974682 0.037974682 0.008695652 0.061728396 0.229729727 0.126436785 0.029787235 0.025641026
0.142857149 0.020408163 0.021276595 0.101123594 0.145907477 0.020408163 0.016393442 0.058823530 0.000000000 0.080459774 0.066147856 0.076923080 0.130434781 0.004149378 0.038961038 0.025641026 0.000000000 0.055118110 0.012658228 0.036144577 0.004149378 0.047619049 0.028340081 0.008264462 0.073359072 0.087452471 0.012345679 0.012345679 0.016949153 0.036144577 0.205298007 0.101123594 0.004149378 0.000000000
0.196428567 0.034749035 0.076305218 0.046263345 0.091525421 0.034749035 0.038759690 0.003717472 0.055118110 0.025454545 0.011070111 0.021897810 0.075862072 0.050980393 0.093877554 0.080645159 0.055118110 0.000000000 0.067729086 0.019011406 0.050980393 0.007518797 0.026819924 0.046875000 0.018315019 0.032490976 0.042801555 0.042801555 0.071999997 0.019011406 0.151898727 0.046263345 0.050980393 0.055118110
0.130434781 0.033057850 0.008620690 0.113636367 0.158273384 0.033057850 0.029045643 0.071428575 0.012658228 0.093023255 0.078740157 0.089494161 0.142857149 0.016806724 0.026315790 0.012987013 0.012658228 0.067729086 0.000000000 0.048780486 0.016806724 0.060240965 0.040983606 0.020920502 0.085937500 0.100000001 0.025000000 0.025000000 0.004291845 0.048780486 0.217391297 0.113636367 0.016806724 0.012658228
0.178082198 0.015748031 0.057377048 0.065217391 0.110344827 0.015748031 0.019762846 0.022727273 0.036144577 0.044444446 0.030075189 0.040892195 0.094736844 0.032000002 0.075000003 0.061728396 0.036144577 0.019011406 0.048780486 0.000000000 0.032000002 0.011494253 0.007812500 0.027888447 0.037313432 0.051470589 0.023809524 0.023809524 0.053061225 0.000000000 0.170418009 0.065217391 0.032000002 0.036144577
0.146919429 0.016260162 0.025423728 0.097014926 0.141843975 0.016260162 0.012244898 0.054687500 0.004149378 0.076335877 0.062015504 0.072796933 0.126353785 0.000000000 0.043103449 0.029787235 0.004149378 0.050980393 0.016806724 0.032000002 0.000000000 0.043478262 0.024193548 0.004115226 0.069230773 0.083333336 0.008196721 0.008196721 0.021097047 0.032000002 0.201320127 0.097014926 0.000000000 0.004149378
0.189189196 0.027237354 0.068825908 0.053763442 0.098976113 0.027237354 0.031250000 0.011235955 0.047619049 0.032967035 0.018587360 0.029411765 0.083333336 0.043478262 0.086419754 0.073170729 0.047619049 0.007518797 0.060240965 0.011494253 0.043478262 0.000000000 0.019305019 0.039370079 0.025830258 0.039999999 0.035294119 0.035294119 0.064516127 0.011494253 0.159235671 0.053763442 0.043478262 0.047619049
0.170506909 0.007936508 0.049586777 0.072992697 0.118055552 0.007936508 0.011952192 0.030534351 0.028340081 0.052238807 0.037878789 0.048689138 0.102473497 0.024193548 0.067226894 0.053941909 0.028340081 0.026819924 0.040983606 0.007812500 0.024193548 0.019305019 0.000000000 0.020080321 0.045112781 0.059259258 0.016000001 0.016000001 0.045267489 0.007812500 0.177993521 0.072992697 0.024193548 0.028340081
0.150943398 0.012145749 0.029535865 0.092936806 0.137809187 0.012145749 0.008130081 0.050583657 0.008264462 0.072243348 0.057915058 0.068702288 0.122302160 0.004115226 0.047210302 0.033898305 0.008264462 0.046875000 0.020920502 0.027888447 0.004115226 0.039370079 0.020080321 0.000000000 0.065134101 0.079245284 0.004081632 0.004081632 0.025210084 0.027888447 0.197368428 0.092936806 0.004115226 0.008264462
0.213973805 0.053030305 0.094488189 0.027972028 0.073333330 0.053030305 0.057034221 0.014598540 0.073359072 0.007142857 0.007246377 0.003584229 0.057627119 0.069230773 0.112000003 0.098814227 0.073359072 0.018315019 0.085937500 0.037313432 0.069230773 0.025830258 0.045112781 0.065134101 0.000000000 0.014184397 0.061068702 0.061068702 0.090196081 0.037313432 0.133956388 0.027972028 0.069230773 0.073359072
0.227467805 0.067164183 0.108527131 0.013793103 0.059210528 0.067164183 0.071161047 0.028776979 0.087452471 0.007042253 0.021428572 0.010600707 0.043478262 0.083333336 0.125984251 0.112840466 0.087452471 0.032490976 0.100000001 0.051470589 0.083333336 0.039999999 0.059259258 0.079245284 0.014184397 0.000000000 0.075187966 0.075187966 0.104247101 0.051470589 0.119999997 0.013793103 0.083333336 0.087452471
0.154929578 0.008064516 0.033613447 0.088888891 0.133802816 0.008064516 0.004048583 0.046511628 0.012345679 0.068181820 0.053846154 0.064638786 0.118279569 0.008196721 0.051282052 0.037974682 0.012345679 0.042801555 0.025000000 0.023809524 0.008196721 0.035294119 0.016000001 0.004081632 0.061068702 0.075187966 0.000000000 0.000000000 0.029288704 0.023809524 0.193442628 0.088888891 0.008196721 0.012345679
0.154929578 0.008064516 0.033613447 0.088888891 0.133802816 0.008064516 0.004048583 0.046511628 0.012345679 0.068181820 0.053846154 0.064638786 0.118279569 0.008196721 0.051282052 0.037974682 0.012345679 0.042801555 0.025000000 0.023809524 0.008196721 0.035294119 0.016000001 0.004081632 0.061068702 0.075187966 0.000000000 0.000000000 0.029288704 0.023809524 0.193442628 0.088888891 0.008196721 0.012345679
0.126213595 0.037344400 0.004329004 0.117870726 0.162454873 0.037344400 0.033333335 0.075697213 0.016949153 0.097276263 0.083003953 0.093750000 0.147058830 0.021097047 0.022026431 0.008695652 0.016949153 0.071999997 0.004291845 0.053061225 0.021097047 0.064516127 0.045267489 0.025210084 0.090196081 0.104247101 0.029288704 0.029288704 0.000000000 0.053061225 0.221476510 0.117870726 0.021097047 0.016949153
0.178082198 0.015748031 0.057377048 0.065217391 0.110344827 0.015748031 0.019762846 0.022727273 0.036144577 0.044444446 0.030075189 0.040892195 0.094736844 0.032000002 0.075000003 0.061728396 0.036144577 0.019011406 0.048780486 0.000000000 0.032000002 0.011494253 0.007812500 0.027888447 0.037313432 0.051470589 0.023809524 0.023809524 0.053061225 0.000000000 0.170418009 0.065217391 0.032000002 0.036144577
0.338235289 0.185667753 0.225589231 0.106382981 0.061224490 0.185667753 0.189542487 0.148264989 0.205298007 0.126934990 0.141065836 0.130434781 0.076923080 0.201320127 0.242320821 0.229729727 0.205298007 0.151898727 0.217391297 0.170418009 0.201320127 0.159235671 0.177993521 0.197368428 0.133956388 0.119999997 0.193442628 0.193442628 0.221476510 0.170418009 0.000000000 0.106382981 0.201320127 0.205298007
0.240506336 0.080882356 0.122137405 0.000000000 0.045454547 0.080882356 0.084870845 0.042553190 0.101123594 0.020833334 0.035211269 0.024390243 0.029702971 0.097014926 0.139534891 0.126436785 0.101123594 0.046263345 0.113636367 0.065217391 0.097014926 0.053763442 0.072992697 0.092936806 0.027972028 0.013793103 0.088888891 0.088888891 0.117870726 0.065217391 0.106382981 0.000000000 0.097014926 0.101123594
0.146919429 0.016260162 0.025423728 0.097014926 0.141843975 0.016260162 0.012244898 0.054687500 0.004149378 0.076335877 0.062015504 0.072796933 0.126353785 0.000000000 0.043103449 0.029787235 0.004149378 0.050980393 0.016806724 0.032000002 0.000000000 0.043478262 0.024193548 0.004115226 0.069230773 0.083333336 0.008196721 0.008196721 0.021097047 0.032000002 0.201320127 0.097014926 0.000000000 0.004149378
0.142857149 0.020408163 0.021276595 0.101123594 0.145907477 0.020408163 0.016393442 0.058823530 0.000000000 0.080459774 0.066147856 0.076923080 0.130434781 0.004149378 0.038961038 0.025641026 0.000000000 0.055118110 0.012658228 0.036144577 0.004149378 0.047619049 0.028340081 0.008264462 0.073359072 0.087452471 0.012345679 0.012345679 0.016949153 0.036144577 0.205298007 0.101123594 0.004149378 0.000000000
