0.000000000 0.175925925 0.152380958 0.273469388 0.229437232 0.140096620 0.183486238 0.190909088 0.118811883 0.242553189 0.205357149 0.229437232 0.215859026 0.123152710 0.082474224 0.096446700 0.148325354 0.248945147 0.135922328 0.164319247 0.156398103 0.172093019 0.127450988 0.168224305 0.252100855 0.252100855 0.187214613 0.168224305 0.091836736 0.183486238 0.364285707 0.236051500 0.215859026 0.105527639
0.175925925 0.000000000 0.024193548 0.102473497 0.055762082 0.036734693 0.007812500 0.015503876 0.058333334 0.069597073 0.030534351 0.055762082 0.041509435 0.053941909 0.094827585 0.080851063 0.028340081 0.076363638 0.040983606 0.011952192 0.020080321 0.003952569 0.049586777 0.007936508 0.079710148 0.079710148 0.011673152 0.007936508 0.085470088 0.007812500 0.201257855 0.062730625 0.041509435 0.071729958
0.152380958 0.024193548 0.000000000 0.126353785 0.079847910 0.012552301 0.032000002 0.039682541 0.034188036 0.093632959 0.054687500 0.079847910 0.065637067 0.029787235 0.070796460 0.056768559 0.004149378 0.100371748 0.016806724 0.012244898 0.004115226 0.020242915 0.025423728 0.016260162 0.103703700 0.103703700 0.035856575 0.016260162 0.061403509 0.032000002 0.224358976 0.086792454 0.065637067 0.047619049
0.273469388 0.102473497 0.126353785 0.000000000 0.046979867 0.138686135 0.094736844 0.087108016 0.159851298 0.033112582 0.072164945 0.046979867 0.061224490 0.155555561 0.195402294 0.181818187 0.130434781 0.026315790 0.142857149 0.114285715 0.122302160 0.106382981 0.151291519 0.110320285 0.022950819 0.022950819 0.090909094 0.110320285 0.186311781 0.094736844 0.100864552 0.039999999 0.061224490 0.172932327
0.229437232 0.055762082 0.079847910 0.046979867 0.000000000 0.092307694 0.047970481 0.040293042 0.113725491 0.013888889 0.025270758 0.000000000 0.014285714 0.109375000 0.149797574 0.136000007 0.083969466 0.020689655 0.096525095 0.067669176 0.075757578 0.059701491 0.105058365 0.063670412 0.024054984 0.024054984 0.044117648 0.063670412 0.140562251 0.047970481 0.147147149 0.006993007 0.014285714 0.126984134
0.140096620 0.036734693 0.012552301 0.138686135 0.092307694 0.000000000 0.044534411 0.052208837 0.021645023 0.106060609 0.067193680 0.092307694 0.078125000 0.017241379 0.058295965 0.044247787 0.008403362 0.112781957 0.004255319 0.024793388 0.016666668 0.032786883 0.012875536 0.028806584 0.116104871 0.116104871 0.048387095 0.028806584 0.048888888 0.044534411 0.236245960 0.099236645 0.078125000 0.035087720
0.183486238 0.007812500 0.032000002 0.094736844 0.047970481 0.044534411 0.000000000 0.007692308 0.066115700 0.061818182 0.022727273 0.047970481 0.033707865 0.061728396 0.102564104 0.088607594 0.036144577 0.068592057 0.048780486 0.019762846 0.027888447 0.011764706 0.057377048 0.015748031 0.071942449 0.071942449 0.003861004 0.015748031 0.093220338 0.000000000 0.193749994 0.054945055 0.033707865 0.079497911
0.190909088 0.015503876 0.039682541 0.087108016 0.040293042 0.052208837 0.007692308 0.000000000 0.073770493 0.054151624 0.015037594 0.040293042 0.026022306 0.069387756 0.110169493 0.096234307 0.043824703 0.060931899 0.056451611 0.027450981 0.035573121 0.019455252 0.065040648 0.023437500 0.064285718 0.064285718 0.003831418 0.023437500 0.100840338 0.007692308 0.186335400 0.047272727 0.026022306 0.087136932
0.118811883 0.058333334 0.034188036 0.159851298 0.113725491 0.021645023 0.066115700 0.073770493 0.000000000 0.127413124 0.088709675 0.113725491 0.099601597 0.004405286 0.036697246 0.022624435 0.030042918 0.134099618 0.017391304 0.046413504 0.038297873 0.054393306 0.008771930 0.050420169 0.137404576 0.137404576 0.069958851 0.050420169 0.027272727 0.066115700 0.256578952 0.120622568 0.099601597 0.013452915
0.242553189 0.069597073 0.093632959 0.033112582 0.013888889 0.106060609 0.061818182 0.054151624 0.127413124 0.000000000 0.039145909 0.013888889 0.028169014 0.123076923 0.163346618 0.149606302 0.097744361 0.006802721 0.110266156 0.081481479 0.089552239 0.073529415 0.118773945 0.077490777 0.010169491 0.010169491 0.057971016 0.077490777 0.154150203 0.061818182 0.133531153 0.006896552 0.028169014 0.140625000
0.205357149 0.030534351 0.054687500 0.072164945 0.025270758 0.067193680 0.022727273 0.015037594 0.088709675 0.039145909 0.000000000 0.025270758 0.010989011 0.084337346 0.125000000 0.111111112 0.058823530 0.045936394 0.071428575 0.042471044 0.050583657 0.034482758 0.079999998 0.038461540 0.049295776 0.049295776 0.018867925 0.038461540 0.115702480 0.022727273 0.171779141 0.032258064 0.010989011 0.102040820
0.229437232 0.055762082 0.079847910 0.046979867 0.000000000 0.092307694 0.047970481 0.040293042 0.113725491 0.013888889 0.025270758 0.000000000 0.014285714 0.109375000 0.149797574 0.136000007 0.083969466 0.020689655 0.096525095 0.067669176 0.075757578 0.059701491 0.105058365 0.063670412 0.024054984 0.024054984 0.044117648 0.063670412 0.140562251 0.047970481 0.147147149 0.006993007 0.014285714 0.126984134
0.215859026 0.041509435 0.065637067 0.061224490 0.014285714 0.078125000 0.033707865 0.026022306 0.099601597 0.028169014 0.010989011 0.014285714 0.000000000 0.095238097 0.135802463 0.121951222 0.069767445 0.034965035 0.082352944 0.053435113 0.061538462 0.045454547 0.090909094 0.049429659 0.038327526 0.038327526 0.029850746 0.049429659 0.126530617 0.033707865 0.161094218 0.021276595 0.000000000 0.112903222
0.123152710 0.053941909 0.029787235 0.155555561 0.109375000 0.017241379 0.061728396 0.069387756 0.004405286 0.123076923 0.084337346 0.109375000 0.095238097 0.000000000 0.041095890 0.027027028 0.025641026 0.129770994 0.012987013 0.042016808 0.033898305 0.050000001 0.004366812 0.046025105 0.133079842 0.133079842 0.065573767 0.046025105 0.031674210 0.061728396 0.252459019 0.116279073 0.095238097 0.017857144
0.082474224 0.094827585 0.070796460 0.195402294 0.149797574 0.058295965 0.102564104 0.110169493 0.036697246 0.163346618 0.125000000 0.149797574 0.135802463 0.041095890 0.000000000 0.014084507 0.066666670 0.169960469 0.054054055 0.082969435 0.074889868 0.090909094 0.045454547 0.086956523 0.173228353 0.173228353 0.106382981 0.086956523 0.009433962 0.102564104 0.290540546 0.156626508 0.135802463 0.023255814
0.096446700 0.080851063 0.056768559 0.181818187 0.136000007 0.044247787 0.088607594 0.096234307 0.022624435 0.149606302 0.111111112 0.136000007 0.121951222 0.027027028 0.014084507 0.000000000 0.052631579 0.156250000 0.039999999 0.068965517 0.060869563 0.076923080 0.031390134 0.072961375 0.159533069 0.159533069 0.092436977 0.072961375 0.004651163 0.088607594 0.277591974 0.142857149 0.121951222 0.009174312
0.148325354 0.028340081 0.004149378 0.130434781 0.083969466 0.008403362 0.036144577 0.043824703 0.030042918 0.097744361 0.058823530 0.083969466 0.069767445 0.025641026 0.066666670 0.052631579 0.000000000 0.104477614 0.012658228 0.016393442 0.008264462 0.024390243 0.021276595 0.020408163 0.107806690 0.107806690 0.039999999 0.020408163 0.057268724 0.036144577 0.228295818 0.090909094 0.069767445 0.043478262
0.248945147 0.076363638 0.100371748 0.026315790 0.020689655 0.112781957 0.068592057 0.060931899 0.134099618 0.006802721 0.045936394 0.020689655 0.034965035 0.129770994 0.169960469 0.156250000 0.104477614 0.000000000 0.116981134 0.088235296 0.096296296 0.080291972 0.125475287 0.084249087 0.003367003 0.003367003 0.064748198 0.084249087 0.160784319 0.068592057 0.126843661 0.013698630 0.034965035 0.147286817
0.135922328 0.040983606 0.016806724 0.142857149 0.096525095 0.004255319 0.048780486 0.056451611 0.017391304 0.110266156 0.071428575 0.096525095 0.082352944 0.012987013 0.054054055 0.039999999 0.012658228 0.116981134 0.000000000 0.029045643 0.020920502 0.037037037 0.008620690 0.033057850 0.120300755 0.120300755 0.052631579 0.033057850 0.044642858 0.048780486 0.240259737 0.103448279 0.082352944 0.030837005
0.164319247 0.011952192 0.012244898 0.114285715 0.067669176 0.024793388 0.019762846 0.027450981 0.046413504 0.081481479 0.042471044 0.067669176 0.053435113 0.042016808 0.082969435 0.068965517 0.016393442 0.088235296 0.029045643 0.000000000 0.008130081 0.008000000 0.037656903 0.004016064 0.091575094 0.091575094 0.023622047 0.004016064 0.073593073 0.019762846 0.212698415 0.074626863 0.053435113 0.059829060
0.156398103 0.020080321 0.004115226 0.122302160 0.075757578 0.016666668 0.027888447 0.035573121 0.038297873 0.089552239 0.050583657 0.075757578 0.061538462 0.033898305 0.074889868 0.060869563 0.008264462 0.096296296 0.020920502 0.008130081 0.000000000 0.016129032 0.029535865 0.012145749 0.099630997 0.099630997 0.031746034 0.012145749 0.065502182 0.027888447 0.220447287 0.082706764 0.061538462 0.051724140
0.172093019 0.003952569 0.020242915 0.106382981 0.059701491 0.032786883 0.011764706 0.019455252 0.054393306 0.073529415 0.034482758 0.059701491 0.045454547 0.050000001 0.090909094 0.076923080 0.024390243 0.080291972 0.037037037 0.008000000 0.016129032 0.000000000 0.045643155 0.003984064 0.083636366 0.083636366 0.015625000 0.003984064 0.081545062 0.011764706 0.205047324 0.066666670 0.045454547 0.067796610
0.127450988 0.049586777 0.025423728 0.151291519 0.105058365 0.012875536 0.057377048 0.065040648 0.008771930 0.118773945 0.079999998 0.105058365 0.090909094 0.004366812 0.045454547 0.031390134 0.021276595 0.125475287 0.008620690 0.037656903 0.029535865 0.045643155 0.000000000 0.041666668 0.128787875 0.128787875 0.061224490 0.041666668 0.036036037 0.057377048 0.248366013 0.111969113 0.090909094 0.022222223
0.168224305 0.007936508 0.016260162 0.110320285 0.063670412 0.028806584 0.015748031 0.023437500 0.050420169 0.077490777 0.038461540 0.063670412 0.049429659 0.046025105 0.086956523 0.072961375 0.020408163 0.084249087 0.033057850 0.004016064 0.012145749 0.003984064 0.041666668 0.000000000 0.087591238 0.087591238 0.019607844 0.000000000 0.077586204 0.015748031 0.208860755 0.070631973 0.049429659 0.063829787
0.252100855 0.079710148 0.103703700 0.022950819 0.024054984 0.116104871 0.071942449 0.064285718 0.137404576 0.010169491 0.049295776 0.024054984 0.038327526 0.133079842 0.173228353 0.159533069 0.107806690 0.003367003 0.120300755 0.091575094 0.099630997 0.083636366 0.128787875 0.087591238 0.000000000 0.000000000 0.068100356 0.087591238 0.164062500 0.071942449 0.123529412 0.017064847 0.038327526 0.150579154
0.252100855 0.079710148 0.103703700 0.022950819 0.024054984 0.116104871 0.071942449 0.064285718 0.137404576 0.010169491 0.049295776 0.024054984 0.038327526 0.133079842 0.173228353 0.159533069 0.107806690 0.003367003 0.120300755 0.091575094 0.099630997 0.083636366 0.128787875 0.087591238 0.000000000 0.000000000 0.068100356 0.087591238 0.164062500 0.071942449 0.123529412 0.017064847 0.038327526 0.150579154
0.187214613 0.011673152 0.035856575 0.090909094 0.044117648 0.048387095 0.003861004 0.003831418 0.069958851 0.057971016 0.018867925 0.044117648 0.029850746 0.065573767 0.106382981 0.092436977 0.039999999 0.064748198 0.052631579 0.023622047 0.031746034 0.015625000 0.061224490 0.019607844 0.068100356 0.068100356 0.000000000 0.019607844 0.097046413 0.003861004 0.190031156 0.051094890 0.029850746 0.083333336
0.168224305 0.007936508 0.016260162 0.110320285 0.063670412 0.028806584 0.015748031 0.023437500 0.050420169 0.077490777 0.038461540 0.063670412 0.049429659 0.046025105 0.086956523 0.072961375 0.020408163 0.084249087 0.033057850 0.004016064 0.012145749 0.003984064 0.041666668 0.000000000 0.087591238 0.087591238 0.019607844 0.000000000 0.077586204 0.015748031 0.208860755 0.070631973 0.049429659 0.063829787
0.091836736 0.085470088 0.061403509 0.186311781 0.140562251 0.048888888 0.093220338 0.100840338 0.027272727 0.154150203 0.115702480 0.140562251 0.126530617 0.031674210 0.009433962 0.004651163 0.057268724 0.160784319 0.044642858 0.073593073 0.065502182 0.081545062 0.036036037 0.077586204 0.164062500 0.164062500 0.097046413 0.077586204 0.000000000 0.093220338 0.281879187 0.147410363 0.126530617 0.013824885
0.183486238 0.007812500 0.032000002 0.094736844 0.047970481 0.044534411 0.000000000 0.007692308 0.066115700 0.061818182 0.022727273 0.047970481 0.033707865 0.061728396 0.102564104 0.088607594 0.036144577 0.068592057 0.048780486 0.019762846 0.027888447 0.011764706 0.057377048 0.015748031 0.071942449 0.071942449 0.003861004 0.015748031 0.093220338 0.000000000 0.193749994 0.054945055 0.033707865 0.079497911
0.364285707 0.201257855 0.224358976 0.100864552 0.147147149 0.236245960 0.193749994 0.186335400 0.256578952 0.133531153 0.171779141 0.147147149 0.161094218 0.252459019 0.290540546 0.277591974 0.228295818 0.126843661 0.240259737 0.212698415 0.220447287 0.205047324 0.248366013 0.208860755 0.123529412 0.123529412 0.190031156 0.208860755 0.281879187 0.193749994 0.000000000 0.140298501 0.161094218 0.269102991
0.236051500 0.062730625 0.086792454 0.039999999 0.006993007 0.099236645 0.054945055 0.047272727 0.120622568 0.006896552 0.032258064 0.006993007 0.021276595 0.116279073 0.156626508 0.142857149 0.090909094 0.013698630 0.103448279 0.074626863 0.082706764 0.066666670 0.111969113 0.070631973 0.017064847 0.017064847 0.051094890 0.070631973 0.147410363 0.054945055 0.140298501 0.000000000 0.021276595 0.133858263
0.215859026 0.041509435 0.065637067 0.061224490 0.014285714 0.078125000 0.033707865 0.026022306 0.099601597 0.028169014 0.010989011 0.014285714 0.000000000 0.095238097 0.135802463 0.121951222 0.069767445 0.034965035 0.082352944 0.053435113 0.061538462 0.045454547 0.090909094 0.049429659 0.038327526 0.038327526 0.029850746 0.049429659 0.126530617 0.033707865 0.161094218 0.021276595 0.000000000 0.112903222
0.105527639 0.071729958 0.047619049 0.172932327 0.126984134 0.035087720 0.079497911 0.087136932 0.013452915 0.140625000 0.102040820 0.126984134 0.112903222 0.017857144 0.023255814 0.009174312 0.043478262 0.147286817 0.030837005 0.059829060 0.051724140 0.067796610 0.022222223 0.063829787 0.150579154 0.150579154 0.083333336 0.063829787 0.013824885 0.079497911 0.269102991 0.133858263 0.112903222 0.000000000
