0.019404389 0.044554152 0.028405612 0.068051562 0.039968289 0.037512876 0.037647028 0.045081697 0.043177180 0.054347325 0.043702602 0.064441115 0.040193204 0.041670311 0.022734899 0.036517832 0.033579390 0.053520255 0.039567478 0.058372181 0.027555797 0.039507944 0.024392702 0.037122555 0.046280913 0.043669354 0.038473353 0.033097401 0.028338287 0.039434664 0.068407938 0.033746272 0.055147395 0.033305198
0.044554152 0.018700670 0.026638491 0.035681233 0.021812987 0.019109230 0.019951791 0.020347476 0.028285043 0.026338715 0.025637142 0.026501741 0.018123213 0.022187481 0.025562380 0.025946787 0.029283546 0.026878279 0.025171561 0.039992388 0.025722075 0.021570619 0.029397972 0.020519722 0.018954463 0.025939863 0.024074839 0.019439146 0.031384192 0.023747776 0.043665856 0.020342518 0.021728557 0.033677645
0.028405612 0.026638491 0.000493869 0.044728529 0.018446110 0.014527502 0.013536187 0.019957304 0.019421721 0.032743409 0.024052421 0.042250149 0.020458991 0.018286247 0.016195033 0.017567385 0.016921401 0.030043725 0.017889015 0.032310691 0.007048933 0.018006522 0.012395063 0.015162121 0.026105251 0.026149180 0.017851172 0.010364599 0.015106146 0.017361354 0.043191675 0.017656066 0.023387240 0.014509467
0.068051562 0.035681233 0.044728529 0.014206482 0.021621611 0.028578561 0.027577654 0.030872202 0.040084131 0.020711726 0.019928584 0.016195554 0.025278641 0.032475613 0.060135320 0.061657079 0.038664885 0.025138475 0.032977104 0.017432116 0.037913561 0.022467969 0.051947437 0.024214093 0.030586649 0.015534453 0.033723868 0.029685332 0.036039725 0.034059335 0.040704779 0.002793870 0.042637244 0.049664650
0.039968289 0.021812987 0.018446110 0.021621611 0.000616556 0.017616181 0.012835658 0.010743606 0.018946297 0.016974296 0.016057523 0.014693032 0.014557932 0.016595639 0.033998813 0.029129857 0.017018236 0.020739498 0.019832741 0.016891073 0.022094166 0.015268588 0.027489848 0.015068447 0.010642720 0.016248032 0.015195835 0.016398054 0.023549097 0.012427654 0.046582840 0.020032721 0.018190850 0.032826010
0.037512876 0.019109230 0.014527502 0.028578561 0.017616181 0.007978127 0.007903250 0.012138383 0.011559399 0.021306258 0.018004548 0.023804646 0.013477176 0.011809235 0.026893824 0.020258641 0.015787980 0.024469916 0.015026896 0.021427130 0.010685679 0.013066210 0.023351613 0.010353330 0.018746365 0.017756859 0.012943055 0.005842305 0.022298813 0.012450674 0.040219128 0.019208385 0.021823017 0.025249101
0.037647028 0.019951791 0.013536187 0.027577654 0.012835658 0.007903250 -0.004438967 0.007070083 0.013759913 0.019514864 0.002117014 0.021735927 0.009541720 0.005017657 0.025654240 0.022741368 0.012174745 0.017910410 0.009231206 0.015581062 0.013825347 0.004812190 0.021485606 0.001278012 0.011598560 0.006418622 0.007776457 0.006214488 0.017036617 0.007498931 0.038748398 0.012260755 0.017056277 0.018903391
0.045081697 0.020347476 0.019957304 0.030872202 0.010743606 0.012138383 0.007070083 0.004142942 0.014999337 0.019363951 0.012874036 0.025892779 0.012318580 0.014096937 0.031337813 0.032417323 0.020467188 0.019746957 0.016590156 0.023151971 0.019174926 0.012563003 0.028843347 0.007875711 0.014599135 0.011531640 0.014061724 0.009386878 0.026173493 0.011103979 0.040440615 0.012003455 0.018580593 0.027697852
0.043177180 0.028285043 0.019421721 0.040084131 0.018946297 0.011559399 0.013759913 0.014999337 0.009563539 0.027089834 0.020682165 0.031363141 0.016777990 0.016013259 0.029117433 0.028123502 0.021787774 0.025175201 0.021370389 0.033154104 0.018626418 0.016023058 0.025887273 0.012568992 0.022265404 0.019911664 0.020092217 0.013138901 0.025589343 0.017350841 0.044525255 0.013625740 0.015680153 0.024283849
0.054347325 0.026338715 0.032743409 0.020711726 0.016974296 0.021306258 0.019514864 0.019363951 0.027089834 0.007569244 0.012388222 0.013873903 0.019631863 0.022091232 0.045502443 0.049368154 0.031069502 0.015808731 0.025280364 0.016901053 0.030029114 0.015985366 0.040450126 0.018195599 0.021794710 0.008887772 0.025289718 0.020473354 0.032288961 0.022563111 0.033429548 -0.000564567 0.024592036 0.039319571
0.043702602 0.025637142 0.024052421 0.019928584 0.016057523 0.018004548 0.002117014 0.012874036 0.020682165 0.012388222 0.000332620 0.013665400 0.012231242 0.013562478 0.034663320 0.031657789 0.020626435 0.012068199 0.018282691 0.018228555 0.021887017 0.010720897 0.029888427 0.012184193 0.012733722 0.007481562 0.017202642 0.015657207 0.028243162 0.014904165 0.034307986 0.006490605 0.016564136 0.031166924
0.064441115 0.026501741 0.042250149 0.016195554 0.014693032 0.023804646 0.021735927 0.025892779 0.031363141 0.013873903 0.013665400 0.010068359 0.018100757 0.024419714 0.055403203 0.053481981 0.033552535 0.022658959 0.027749158 0.015255975 0.034952722 0.015253280 0.047089219 0.017271876 0.024761789 0.009681621 0.027064525 0.026038686 0.031535462 0.027545411 0.043590177 0.004206135 0.027885374 0.045133442
0.040193204 0.018123213 0.020458991 0.025278641 0.014557932 0.013477176 0.009541720 0.012318580 0.016777990 0.019631863 0.012231242 0.018100757 0.001972948 0.013204375 0.035255130 0.030682830 0.017166788 0.022700846 0.015862212 0.013951341 0.023394056 0.012120046 0.027657021 0.010022679 0.016754866 0.014173755 0.014995718 0.014673242 0.021074532 0.015010035 0.043221202 0.016464254 0.019227915 0.027973622
0.041670311 0.022187481 0.018286247 0.032475613 0.016595639 0.011809235 0.005017657 0.014096937 0.016013259 0.022091232 0.013562478 0.024419714 0.013204375 0.008541028 0.031399902 0.028065853 0.014740189 0.022117754 0.015218483 0.020536629 0.017023541 0.013230208 0.024825118 0.009760703 0.016670685 0.015718203 0.013723928 0.011461699 0.019618480 0.013135327 0.048737332 0.020933498 0.025149534 0.027043935
0.022734899 0.025562380 0.016195033 0.060135320 0.033998813 0.026893824 0.025654240 0.031337813 0.029117433 0.045502443 0.034663320 0.055403203 0.035255130 0.031399902 0.003420521 0.027461568 0.023178827 0.042043485 0.027156316 0.050730199 0.021416195 0.029935192 0.018280849 0.028641049 0.037019156 0.034476440 0.028174121 0.022245798 0.022803608 0.025520138 0.053495921 0.036854610 0.043589387 0.026955508
0.036517832 0.025946787 0.017567385 0.061657079 0.029129857 0.020258641 0.022741368 0.032417323 0.028123502 0.049368154 0.031657789 0.053481981 0.030682830 0.028065853 0.027461568 0.013479526 0.021792423 0.044814304 0.026381880 0.042759709 0.016758278 0.026023405 0.018299900 0.024097316 0.035951301 0.036152579 0.027366728 0.024637397 0.012406664 0.028753318 0.056516975 0.031428616 0.041705407 0.021054205
0.033579390 0.029283546 0.016921401 0.038664885 0.017018236 0.015787980 0.012174745 0.020467188 0.021787774 0.031069502 0.020626435 0.033552535 0.017166788 0.014740189 0.023178827 0.021792423 0.004571542 0.028585110 0.015854830 0.026471732 0.012558224 0.015238306 0.016176898 0.011452969 0.022156164 0.022847645 0.014771865 0.015542993 0.014708621 0.018734150 0.045303773 0.019770809 0.030564941 0.020001221
0.053520255 0.026878279 0.030043725 0.025138475 0.020739498 0.024469916 0.017910410 0.019746957 0.025175201 0.015808731 0.012068199 0.022658959 0.022700846 0.022117754 0.042043485 0.044814304 0.028585110 0.003324464 0.024029743 0.033792756 0.029109620 0.016596962 0.037437595 0.022135500 0.015432251 0.010721246 0.023627952 0.019002300 0.037256505 0.021213325 0.025494041 0.003823421 0.030312628 0.037548080
0.039567478 0.025171561 0.017889015 0.032977104 0.019832741 0.015026896 0.009231206 0.016590156 0.021370389 0.025280364 0.018282691 0.027749158 0.015862212 0.015218483 0.027156316 0.026381880 0.015854830 0.024029743 0.005642144 0.024693508 0.017780773 0.013925315 0.022394326 0.013538554 0.019244641 0.019214651 0.016117103 0.014139865 0.021149583 0.018039942 0.041770201 0.019826801 0.025899548 0.022849338
0.058372181 0.039992388 0.032310691 0.017432116 0.016891073 0.021427130 0.015581062 0.023151971 0.033154104 0.016901053 0.018228555 0.015255975 0.013951341 0.020536629 0.050730199 0.042759709 0.026471732 0.033792756 0.024693508 -0.007051626 0.021116855 0.016948866 0.040787153 0.014991765 0.028437862 0.017488353 0.027966449 0.017020501 0.023883322 0.028202685 0.054629587 0.008490855 0.033067666 0.046202470
0.027555797 0.025722075 0.007048933 0.037913561 0.022094166 0.010685679 0.013825347 0.019174926 0.018626418 0.030029114 0.021887017 0.034952722 0.023394056 0.017023541 0.021416195 0.016758278 0.012558224 0.029109620 0.017780773 0.021116855 0.000425433 0.015992559 0.011823419 0.014038980 0.030767690 0.025006570 0.017285349 0.009773741 0.010232113 0.017073330 0.042270400 0.022775874 0.025888816 0.015832268
0.039507944 0.021570619 0.018006522 0.022467969 0.015268588 0.013066210 0.004812190 0.012563003 0.016023058 0.015985366 0.010720897 0.015253280 0.012120046 0.013230208 0.029935192 0.026023405 0.015238306 0.016596962 0.013925315 0.016948866 0.015992559 -0.001167816 0.024210926 0.008492256 0.013955507 0.012005853 0.012706097 0.009476695 0.019514112 0.013555905 0.034702435 0.014673294 0.015884753 0.022986142
0.024392702 0.029397972 0.012395063 0.051947437 0.027489848 0.023351613 0.021485606 0.028843347 0.025887273 0.040450126 0.029888427 0.047089219 0.027657021 0.024825118 0.018280849 0.018299900 0.016176898 0.037437595 0.022394326 0.040787153 0.011823419 0.024210926 0.002888162 0.023563702 0.031527907 0.031531323 0.024047621 0.020211611 0.014634292 0.023601297 0.048567414 0.033232473 0.034616955 0.020490387
0.037122555 0.020519722 0.015162121 0.024214093 0.015068447 0.010353330 0.001278012 0.007875711 0.012568992 0.018195599 0.012184193 0.017271876 0.010022679 0.009760703 0.028641049 0.024097316 0.011452969 0.022135500 0.013538554 0.014991765 0.014038980 0.008492256 0.023563702 -0.001990865 0.017327437 0.015730174 0.009245852 0.008283776 0.017636303 0.009340037 0.042167950 0.021840833 0.015767977 0.021810766
0.046280913 0.018954463 0.026105251 0.030586649 0.010642720 0.018746365 0.011598560 0.014599135 0.022265404 0.021794710 0.012733722 0.024761789 0.016754866 0.016670685 0.037019156 0.035951301 0.022156164 0.015432251 0.019244641 0.028437862 0.030767690 0.013955507 0.031527907 0.017327437 -0.015044258 0.012096087 0.018385530 0.017231066 0.026927834 0.017647456 0.029640561 0.011095019 0.023802109 0.031907044
0.043669354 0.025939863 0.026149180 0.015534453 0.016248032 0.017756859 0.006418622 0.011531640 0.019911664 0.008887772 0.007481562 0.009681621 0.014173755 0.015718203 0.034476440 0.036152579 0.022847645 0.010721246 0.019214651 0.017488353 0.025006570 0.012005853 0.031531323 0.015730174 0.012096087 -0.000334262 0.017738791 0.017296590 0.027606947 0.015048699 0.033292118 0.008487284 0.013513686 0.030066432
0.038473353 0.024074839 0.017851172 0.033723868 0.015195835 0.012943055 0.007776457 0.014061724 0.020092217 0.025289718 0.017202642 0.027064525 0.014995718 0.013723928 0.028174121 0.027366728 0.014771865 0.023627952 0.016117103 0.027966449 0.017285349 0.012706097 0.024047621 0.009245852 0.018385530 0.017738791 0.009216771 0.009063777 0.021599451 0.013436669 0.042807318 0.017454419 0.022471737 0.024554187
0.033097401 0.019439146 0.010364599 0.029685332 0.016398054 0.005842305 0.006214488 0.009386878 0.013138901 0.020473354 0.015657207 0.026038686 0.014673242 0.011461699 0.022245798 0.024637397 0.015542993 0.019002300 0.014139865 0.017020501 0.009773741 0.009476695 0.020211611 0.008283776 0.017231066 0.017296590 0.009063777 -0.002452169 0.018162349 0.008301233 0.033052146 0.013412107 0.018733555 0.017383676
0.028338287 0.031384192 0.015106146 0.036039725 0.023549097 0.022298813 0.017036617 0.026173493 0.025589343 0.032288961 0.028243162 0.031535462 0.021074532 0.019618480 0.022803608 0.012406664 0.014708621 0.037256505 0.021149583 0.023883322 0.010232113 0.019514112 0.014634292 0.017636303 0.026927834 0.027606947 0.021599451 0.018162349 0.003047213 0.023939230 0.050669152 0.027526781 0.030700510 0.019820785
0.039434664 0.023747776 0.017361354 0.034059335 0.012427654 0.012450674 0.007498931 0.011103979 0.017350841 0.022563111 0.014904165 0.027545411 0.015010035 0.013135327 0.025520138 0.028753318 0.018734150 0.021213325 0.018039942 0.028202685 0.017073330 0.013555905 0.023601297 0.009340037 0.017647456 0.015048699 0.013436669 0.008301233 0.023939230 0.006164415 0.040089183 0.007741180 0.018568087 0.023103671
0.068407938 0.043665856 0.043191675 0.040704779 0.046582840 0.040219128 0.038748398 0.040440615 0.044525255 0.033429548 0.034307986 0.043590177 0.043221202 0.048737332 0.053495921 0.056516975 0.045303773 0.025494041 0.041770201 0.054629587 0.042270400 0.034702435 0.048567414 0.042167950 0.029640561 0.033292118 0.042807318 0.033052146 0.050669152 0.040089183 -0.021204555 0.018404426 0.052682914 0.051956952
0.033746272 0.020342518 0.017656066 0.002793870 0.020032721 0.019208385 0.012260755 0.012003455 0.013625740 -0.000564567 0.006490605 0.004206135 0.016464254 0.020933498 0.036854610 0.031428616 0.019770809 0.003823421 0.019826801 0.008490855 0.022775874 0.014673294 0.033232473 0.021840833 0.011095019 0.008487284 0.017454419 0.013412107 0.027526781 0.007741180 0.018404426 0.000889130 0.011913250 0.031948231
0.055147395 0.021728557 0.023387240 0.042637244 0.018190850 0.021823017 0.017056277 0.018580593 0.015680153 0.024592036 0.016564136 0.027885374 0.019227915 0.025149534 0.043589387 0.041705407 0.030564941 0.030312628 0.025899548 0.033067666 0.025888816 0.015884753 0.034616955 0.015767977 0.023802109 0.013513686 0.022471737 0.018733555 0.030700510 0.018568087 0.052682914 0.011913250 0.002979435 0.035773940
0.033305198 0.033677645 0.014509467 0.049664650 0.032826010 0.025249101 0.018903391 0.027697852 0.024283849 0.039319571 0.031166924 0.045133442 0.027973622 0.027043935 0.026955508 0.021054205 0.020001221 0.037548080 0.022849338 0.046202470 0.015832268 0.022986142 0.020490387 0.021810766 0.031907044 0.030066432 0.024554187 0.017383676 0.019820785 0.023103671 0.051956952 0.031948231 0.035773940 0.023399912
