0.009686936 0.039874002 0.031031752 0.054495804 0.046416115 0.032842565 0.043069191 0.036200941 0.033537649 0.050354812 0.040906273 0.056257628 0.032418791 0.034867048 0.021103745 0.024554692 0.026797913 0.052960373 0.033676479 0.042582974 0.021871250 0.033559829 0.023451865 0.038222354 0.045444932 0.045887571 0.033791967 0.037386481 0.020704828 0.038807508 0.074302107 0.043109730 0.042036861 0.027246684
0.039874002 0.005339421 0.026334139 0.032848291 0.029596897 0.018018838 0.014683484 0.013835292 0.027275337 0.024651606 0.021680180 0.023696592 0.018306741 0.015554422 0.035059735 0.031704575 0.019710220 0.027833248 0.017037747 0.029458733 0.026951145 0.019497313 0.028465446 0.018006690 0.017848356 0.020966111 0.020423293 0.019979645 0.022054348 0.016249999 0.042913832 0.023290604 0.024406197 0.031328972
0.031031752 0.026334139 0.008827507 0.041573554 0.022829380 0.016771045 0.018956492 0.019422710 0.018803217 0.035609320 0.025199752 0.039481908 0.018393621 0.017951678 0.024638403 0.019757839 0.015220691 0.038249664 0.016496370 0.026065838 0.011324871 0.018441638 0.017944120 0.017424520 0.030027155 0.029266939 0.019581210 0.018218169 0.014204727 0.020286039 0.058964524 0.028302344 0.023122102 0.017035823
0.054495804 0.032848291 0.041573554 0.005710503 0.040902093 0.029909441 0.031140298 0.019188069 0.034724899 0.014410547 0.019611998 0.014838459 0.024136983 0.029404571 0.050443128 0.053562019 0.032082114 0.022780107 0.030784693 0.023861906 0.036915183 0.025788238 0.044474185 0.030223690 0.025373466 0.016723786 0.032133382 0.033331979 0.039800100 0.025322624 0.038867451 0.014466625 0.026643740 0.045263056
0.046416115 0.029596897 0.022829380 0.040902093 -0.002370850 0.020328550 0.012308253 0.022917740 0.025020681 0.025179166 0.019782653 0.025890118 0.015015136 0.018322172 0.034607105 0.032613933 0.018475870 0.050190981 0.018593717 0.019948648 0.021219488 0.014654648 0.029960671 0.014325188 0.028444119 0.018641192 0.020931140 0.020932192 0.025956064 0.022884663 0.067901015 0.019160256 0.031954274 0.025995906
0.032842565 0.018018838 0.016771045 0.029909441 0.020328550 0.006932232 0.009622701 0.010966506 0.013086768 0.024570357 0.017481321 0.027187012 0.014339516 0.009308739 0.025155487 0.020227354 0.012210320 0.027593460 0.011660313 0.017909802 0.012401232 0.012536788 0.021648832 0.012765456 0.022008613 0.020258991 0.012276567 0.010825171 0.018503970 0.012998248 0.043531273 0.022975571 0.022175156 0.018664576
0.043069191 0.014683484 0.018956492 0.031140298 0.012308253 0.009622701 -0.005194131 0.006377951 0.013529978 0.018284012 0.002744725 0.019860988 0.006901176 0.006680400 0.033351723 0.027156908 0.011756602 0.026043687 0.007136269 0.013916184 0.015993515 0.004744100 0.026320955 0.000899049 0.012847391 0.005302731 0.008792028 0.006273018 0.021221079 0.007806512 0.048671678 0.016197296 0.018918606 0.021737186
0.036200941 0.013835292 0.019422710 0.019188069 0.022917740 0.010966506 0.006377951 0.000454213 0.013321238 0.015865436 0.011575387 0.018587593 0.010857888 0.010319205 0.030637005 0.028279891 0.014892714 0.021444101 0.011558020 0.012807681 0.014532410 0.010575240 0.027059734 0.006595354 0.018429326 0.010384854 0.012494665 0.010893194 0.020613998 0.008205226 0.040750030 0.017621325 0.014552895 0.023608932
0.033537649 0.027275337 0.018803217 0.034724899 0.025020681 0.013086768 0.013529978 0.013321238 0.013574272 0.028129671 0.020436877 0.032317284 0.019061856 0.012734016 0.024653761 0.026735483 0.016563462 0.026606698 0.018212479 0.026418280 0.015745360 0.016683390 0.022381622 0.013766390 0.028194904 0.020763744 0.020364154 0.017587207 0.019419722 0.015089300 0.044513267 0.022838235 0.015667120 0.022079546
0.050354812 0.024651606 0.035609320 0.014410547 0.025179166 0.024570357 0.018284012 0.015865436 0.028129671 0.003821161 0.010946214 0.008664699 0.015727796 0.020390932 0.045388035 0.044783939 0.025540126 0.019699242 0.021661196 0.015841480 0.027481180 0.016878430 0.037843566 0.018830149 0.020123944 0.007411256 0.024879433 0.023315459 0.033705227 0.018509161 0.039880063 0.007486265 0.020151719 0.039619055
0.040906273 0.021680180 0.025199752 0.019611998 0.019782653 0.017481321 0.002744725 0.011575387 0.020436877 0.010946214 0.000713462 0.014089700 0.012675407 0.013355920 0.033304960 0.033964619 0.020249223 0.015941072 0.016234118 0.014333120 0.020082694 0.010456756 0.030395275 0.014597052 0.015233304 0.008362354 0.017722834 0.015925551 0.029109646 0.015053862 0.035740431 0.009066012 0.015630124 0.027424496
0.056257628 0.023696592 0.039481908 0.014838459 0.025890118 0.027187012 0.019860988 0.018587593 0.032317284 0.008664699 0.014089700 0.004447502 0.018285990 0.023107361 0.050106961 0.050345916 0.029185202 0.022873813 0.025094215 0.017207570 0.032474041 0.019295886 0.041411448 0.020644851 0.021537635 0.009361229 0.027770076 0.024558917 0.035527341 0.020278575 0.042543642 0.010044308 0.023367852 0.041865274
0.032418791 0.018306741 0.018393621 0.024136983 0.015015136 0.014339516 0.006901176 0.010857888 0.019061856 0.015727796 0.012675407 0.018285990 0.001841176 0.012824907 0.026353018 0.025356105 0.018088825 0.023276007 0.014118150 0.013241919 0.016771659 0.014163023 0.021651665 0.011726482 0.018784009 0.014523004 0.016124332 0.011025519 0.023855492 0.013177230 0.039893012 0.017612694 0.015544449 0.021585288
0.034867048 0.015554422 0.017951678 0.029404571 0.018322172 0.009308739 0.006680400 0.010319205 0.012734016 0.020390932 0.013355920 0.023107361 0.012824907 0.002055145 0.028362621 0.023409184 0.012960317 0.024785306 0.010434020 0.014814932 0.015301726 0.012708753 0.024064707 0.012693133 0.018051334 0.017324246 0.013010943 0.010010236 0.020932000 0.012032936 0.046596996 0.024127338 0.021443278 0.019470032
0.021103745 0.035059735 0.024638403 0.050443128 0.034607105 0.025155487 0.033351723 0.030637005 0.024653761 0.045388035 0.033304960 0.050106961 0.026353018 0.028362621 0.005372781 0.019153718 0.019791722 0.048791762 0.026076481 0.033661891 0.018846728 0.025213940 0.020685887 0.030140366 0.038041271 0.039097108 0.027499145 0.028425829 0.018426239 0.033102546 0.067907311 0.036911502 0.033675727 0.017941918
0.024554692 0.031704575 0.019757839 0.053562019 0.032613933 0.020227354 0.027156908 0.028279891 0.026735483 0.044783939 0.033964619 0.050345916 0.025356105 0.023409184 0.019153718 0.003976120 0.017038630 0.045394205 0.024233900 0.033843275 0.010172155 0.024930483 0.012499858 0.026058502 0.036003247 0.039742302 0.025925882 0.024242137 0.010080715 0.028428741 0.059669681 0.037179150 0.028984575 0.015258543
0.026797913 0.019710220 0.015220691 0.032082114 0.018475870 0.012210320 0.011756602 0.014892714 0.016563462 0.025540126 0.020249223 0.029185202 0.018088825 0.012960317 0.019791722 0.017038630 -0.000637852 0.029167958 0.009769743 0.017184941 0.009499446 0.014319614 0.015148526 0.013163477 0.023240071 0.022804113 0.013176783 0.012035098 0.014123543 0.015118999 0.041130990 0.023852093 0.025757642 0.013100179
0.052960373 0.027833248 0.038249664 0.022780107 0.050190981 0.027593460 0.026043687 0.021444101 0.026606698 0.019699242 0.015941072 0.022873813 0.023276007 0.024785306 0.048791762 0.045394205 0.029167958 0.011522621 0.024051171 0.028917879 0.032183200 0.018910794 0.043265969 0.027558632 0.023261666 0.017276138 0.027201865 0.029645327 0.037892319 0.026076376 0.038372606 0.018903434 0.029915448 0.041478507
0.033676479 0.017037747 0.016496370 0.030784693 0.018593717 0.011660313 0.007136269 0.011558020 0.018212479 0.021661196 0.016234118 0.025094215 0.014118150 0.010434020 0.026076481 0.024233900 0.009769743 0.024051171 0.000055567 0.017583106 0.015727028 0.011153271 0.019970527 0.012576051 0.018876757 0.017686190 0.013906209 0.012040421 0.017668916 0.013831358 0.041315902 0.019869588 0.023084754 0.016038582
0.042582974 0.029458733 0.026065838 0.023861906 0.019948648 0.017909802 0.013916184 0.012807681 0.026418280 0.015841480 0.014333120 0.017207570 0.013241919 0.014814932 0.033661891 0.033843275 0.017184941 0.028917879 0.017583106 0.001766849 0.018135097 0.016813137 0.027659927 0.015327753 0.021656679 0.015525419 0.021511605 0.014643592 0.026954105 0.014082379 0.048375897 0.012386024 0.021313230 0.030431170
0.021871250 0.026951145 0.011324871 0.036915183 0.021219488 0.012401232 0.015993515 0.014532410 0.015745360 0.027481180 0.020082694 0.032474041 0.016771659 0.015301726 0.018846728 0.010172155 0.009499446 0.032183200 0.015727028 0.018135097 -0.001652482 0.015437709 0.010687964 0.015398369 0.027354479 0.025847876 0.016344234 0.010781366 0.013171184 0.015008903 0.051469106 0.025437973 0.017822616 0.013508702
0.033559829 0.019497313 0.018441638 0.025788238 0.014654648 0.012536788 0.004744100 0.010575240 0.016683390 0.016878430 0.010456756 0.019295886 0.014163023 0.012708753 0.025213940 0.024930483 0.014319614 0.018910794 0.011153271 0.016813137 0.015437709 -0.001234924 0.021939727 0.011232305 0.014016859 0.013391495 0.012722500 0.009315467 0.021859717 0.012670018 0.034501866 0.015204881 0.015456187 0.018468233
0.023451865 0.028465446 0.017944120 0.044474185 0.029960671 0.021648832 0.026320955 0.027059734 0.022381622 0.037843566 0.030395275 0.041411448 0.021651665 0.024064707 0.020685887 0.012499858 0.015148526 0.043265969 0.019970527 0.027659927 0.010687964 0.021939727 0.006677970 0.024506731 0.032672193 0.033759031 0.023921978 0.022386124 0.013610266 0.026779367 0.058335632 0.036543496 0.028385170 0.017307667
0.038222354 0.018006690 0.017424520 0.030223690 0.014325188 0.012765456 0.000899049 0.006595354 0.013766390 0.018830149 0.014597052 0.020644851 0.011726482 0.012693133 0.030140366 0.026058502 0.013163477 0.027558632 0.012576051 0.015327753 0.015398369 0.011232305 0.024506731 -0.000704309 0.017785717 0.016027125 0.011407101 0.007222250 0.021461776 0.008803036 0.046240408 0.023964934 0.016506014 0.020938514
0.045444932 0.017848356 0.030027155 0.025373466 0.028444119 0.022008613 0.012847391 0.018429326 0.028194904 0.020123944 0.015233304 0.021537635 0.018784009 0.018051334 0.038041271 0.036003247 0.023240071 0.023261666 0.018876757 0.021656679 0.027354479 0.014016859 0.032672193 0.017785717 -0.011210327 0.012678728 0.021210371 0.019755896 0.028984012 0.021106042 0.034115657 0.021035699 0.026577698 0.031849258
0.045887571 0.020966111 0.029266939 0.016723786 0.018641192 0.020258991 0.005302731 0.010384854 0.020763744 0.007411256 0.008362354 0.009361229 0.014523004 0.017324246 0.039097108 0.039742302 0.022804113 0.017276138 0.017686190 0.015525419 0.025847876 0.013391495 0.033759031 0.016027125 0.012678728 -0.000391221 0.019317353 0.016774969 0.033346515 0.013701927 0.039004035 0.010358473 0.014254970 0.032384239
0.033791967 0.020423293 0.019581210 0.032133382 0.020931140 0.012276567 0.008792028 0.012494665 0.020364154 0.024879433 0.017722834 0.027770076 0.016124332 0.013010943 0.027499145 0.025925882 0.013176783 0.027201865 0.013906209 0.021511605 0.016344234 0.012722500 0.023921978 0.011407101 0.021210371 0.019317353 0.009348411 0.009561663 0.020878948 0.013360715 0.041137129 0.022506848 0.022270601 0.020749409
0.037386481 0.019979645 0.018218169 0.033331979 0.020932192 0.010825171 0.006273018 0.010893194 0.017587207 0.023315459 0.015925551 0.024558917 0.011025519 0.010010236 0.028425829 0.024242137 0.012035098 0.029645327 0.012040421 0.014643592 0.010781366 0.009315467 0.022386124 0.007222250 0.019755896 0.016774969 0.009561663 0.004677705 0.016819282 0.010053859 0.051959738 0.020408358 0.021048304 0.020682430
0.020704828 0.022054348 0.014204727 0.039800100 0.025956064 0.018503970 0.021221079 0.020613998 0.019419722 0.033705227 0.029109646 0.035527341 0.023855492 0.020932000 0.018426239 0.010080715 0.014123543 0.037892319 0.017668916 0.026954105 0.013171184 0.021859717 0.013610266 0.021461776 0.028984012 0.033346515 0.020878948 0.016819282 0.008665189 0.020660814 0.042981368 0.035871726 0.026285417 0.011674523
0.038807508 0.016249999 0.020286039 0.025322624 0.022884663 0.012998248 0.007806512 0.008205226 0.015089300 0.018509161 0.015053862 0.020278575 0.013177230 0.012032936 0.033102546 0.028428741 0.015118999 0.026076376 0.013831358 0.014082379 0.015008903 0.012670018 0.026779367 0.008803036 0.021106042 0.013701927 0.013360715 0.010053859 0.020660814 0.004312020 0.046925694 0.017236633 0.016460998 0.024476213
0.074302107 0.042913832 0.058964524 0.038867451 0.067901015 0.043531273 0.048671678 0.040750030 0.044513267 0.039880063 0.035740431 0.042543642 0.039893012 0.046596996 0.067907311 0.059669681 0.041130990 0.038372606 0.041315902 0.048375897 0.051469106 0.034501866 0.058335632 0.046240408 0.034115657 0.039004035 0.041137129 0.051959738 0.042981368 0.046925694 -0.002379417 0.032070018 0.056013487 0.054968536
0.043109730 0.023290604 0.028302344 0.014466625 0.019160256 0.022975571 0.016197296 0.017621325 0.022838235 0.007486265 0.009066012 0.010044308 0.017612694 0.024127338 0.036911502 0.037179150 0.023852093 0.018903434 0.019869588 0.012386024 0.025437973 0.015204881 0.036543496 0.023964934 0.021035699 0.010358473 0.022506848 0.020408358 0.035871726 0.017236633 0.032070018 0.002797172 0.020788198 0.032710586
0.042036861 0.024406197 0.023122102 0.026643740 0.031954274 0.022175156 0.018918606 0.014552895 0.015667120 0.020151719 0.015630124 0.023367852 0.015544449 0.021443278 0.033675727 0.028984575 0.025757642 0.029915448 0.023084754 0.021313230 0.017822616 0.015456187 0.028385170 0.016506014 0.026577698 0.014254970 0.022270601 0.021048304 0.026285417 0.016460998 0.056013487 0.020788198 -0.006380081 0.030669224
0.027246684 0.031328972 0.017035823 0.045263056 0.025995906 0.018664576 0.021737186 0.023608932 0.022079546 0.039619055 0.027424496 0.041865274 0.021585288 0.019470032 0.017941918 0.015258543 0.013100179 0.041478507 0.016038582 0.030431170 0.013508702 0.018468233 0.017307667 0.020938514 0.031849258 0.032384239 0.020749409 0.020682430 0.011674523 0.024476213 0.054968536 0.032710586 0.030669224 0.006176464
