0.024646027 0.046617113 0.034136750 0.060856741 0.039907232 0.042273469 0.041273993 0.043788485 0.046690978 0.050876513 0.047894731 0.058373578 0.038083043 0.040391900 0.026384618 0.035533559 0.032123920 0.060771771 0.044788025 0.050459795 0.030725095 0.041911896 0.025130203 0.038866214 0.050104003 0.052127801 0.045845389 0.040217385 0.023430804 0.041940041 0.075380012 0.039906241 0.046593621 0.028703725
0.046617113 0.006420471 0.023852527 0.029587086 0.023502426 0.027137905 0.013986042 0.016753376 0.021167506 0.020909410 0.018978156 0.025542498 0.018829769 0.021617070 0.030818222 0.027536385 0.023138426 0.025806595 0.015817570 0.033020660 0.030342177 0.015956622 0.026587805 0.017265335 0.006241009 0.021909308 0.017512053 0.018505948 0.028340843 0.015330421 0.045363039 0.025030391 0.030669440 0.034067821
0.034136750 0.023852527 0.006908741 0.038636759 0.021814778 0.023607589 0.016705833 0.020360891 0.019145530 0.030158265 0.027625717 0.036808066 0.021583386 0.021769507 0.027211219 0.021063372 0.017919442 0.038539872 0.020337492 0.027820958 0.014380910 0.020890331 0.018599404 0.017690692 0.026765687 0.031820692 0.022955161 0.015737392 0.016017800 0.019507613 0.053478226 0.027384812 0.025940379 0.018309694
0.060856741 0.029587086 0.038636759 -0.000086265 0.023839969 0.037343062 0.026127860 0.021324225 0.029040147 0.009248990 0.016456746 0.011789977 0.024021331 0.033032089 0.051308766 0.050796553 0.033532828 0.020736778 0.029494017 0.022224374 0.040767811 0.021431189 0.042082153 0.026981989 0.014624897 0.015591103 0.030397218 0.029060638 0.037079118 0.024386266 0.035941184 0.008421753 0.032596756 0.043433592
0.039907232 0.023502426 0.021814778 0.023839969 0.002145795 0.015644249 0.013872250 0.011653848 0.020401914 0.019284463 0.018179050 0.021596069 0.016370855 0.016815841 0.032551348 0.029142668 0.018067062 0.028725170 0.021176364 0.011419977 0.021937151 0.015947394 0.023631316 0.016755607 0.014360357 0.016844578 0.020721087 0.017399281 0.021185592 0.013207209 0.054790065 0.020450523 0.016040474 0.025531191
0.042273469 0.027137905 0.023607589 0.037343062 0.015644249 0.007927092 0.009336283 0.016836990 0.022495460 0.026363790 0.020058386 0.031721547 0.015792338 0.011414885 0.030772250 0.028806929 0.014368852 0.031587284 0.019520948 0.022233978 0.020260099 0.014174446 0.018857583 0.011411976 0.022097770 0.021665361 0.019230166 0.017666360 0.013110683 0.017395657 0.055327266 0.018018667 0.024201056 0.017486362
0.041273993 0.013986042 0.016705833 0.026127860 0.013872250 0.009336283 -0.005092147 0.003496607 0.010654879 0.017281987 0.001994557 0.021540366 0.008590528 0.005957639 0.032934833 0.025432333 0.011744737 0.023119746 0.008051957 0.012674215 0.017706912 0.003782507 0.025059704 0.001503333 0.009192351 0.003818738 0.009572814 0.005314169 0.018283527 0.006642229 0.045038693 0.014583064 0.018246228 0.020277258
0.043788485 0.016753376 0.020360891 0.021324225 0.011653848 0.016836990 0.003496607 0.003543334 0.012374882 0.012737107 0.009419234 0.018835232 0.009110181 0.012485879 0.029615190 0.027246233 0.016352313 0.022242710 0.013521871 0.014158075 0.017905436 0.008315817 0.022751998 0.006662931 0.011145417 0.010601088 0.013101066 0.011417183 0.020302765 0.007413039 0.044776104 0.013547715 0.015868407 0.022491982
0.046690978 0.021167506 0.019145530 0.029040147 0.020401914 0.022495460 0.010654879 0.012374882 0.004888650 0.021176647 0.017478494 0.025062671 0.016816046 0.017718401 0.032883026 0.027022300 0.018872166 0.027298905 0.016974794 0.025176667 0.021304745 0.013136816 0.024888910 0.010914930 0.013582704 0.019483149 0.017852925 0.013684623 0.024664234 0.012705365 0.051113211 0.022237167 0.021082163 0.028740901
0.050876513 0.020909410 0.030158265 0.009248990 0.019284463 0.026363790 0.017281987 0.012737107 0.021176647 -0.000678483 0.009664207 0.005760157 0.017775439 0.021836478 0.042896289 0.041297510 0.027508900 0.014894146 0.022178151 0.016218029 0.031425953 0.015674643 0.035039186 0.019999886 0.007067766 0.009468386 0.022943053 0.021054888 0.032693278 0.016827395 0.032924075 0.005472516 0.021838443 0.035517678
0.047894731 0.018978156 0.027625717 0.016456746 0.018179050 0.020058386 0.001994557 0.009419234 0.017478494 0.009664207 0.000382188 0.012291417 0.012233891 0.014868354 0.044360597 0.037590478 0.019944556 0.017882911 0.016313625 0.013217203 0.027924471 0.009798137 0.034782186 0.013272732 0.009201506 0.005656907 0.019029450 0.016110092 0.029086011 0.014049808 0.039682798 0.009517784 0.017740684 0.032689434
0.058373578 0.025542498 0.036808066 0.011789977 0.021596069 0.031721547 0.021540366 0.018835232 0.025062671 0.005760157 0.012291417 0.003687681 0.019734148 0.026279911 0.048040222 0.047345806 0.031522498 0.019487569 0.025190843 0.019174471 0.037539408 0.017074572 0.039928265 0.022452721 0.011882612 0.011954063 0.025947660 0.025982978 0.036225382 0.021004600 0.040033944 0.010781172 0.027607281 0.041051369
0.038083043 0.018829769 0.021583386 0.024021331 0.016370855 0.015792338 0.008590528 0.009110181 0.016816046 0.017775439 0.012233891 0.019734148 0.001518382 0.013380047 0.032766853 0.027474955 0.016959306 0.024836792 0.014507441 0.012783705 0.023807952 0.013022088 0.023858244 0.011670889 0.013788629 0.013819144 0.017811634 0.013873788 0.022940759 0.012700753 0.046365973 0.018248407 0.016118899 0.025617424
0.040391900 0.021617070 0.021769507 0.033032089 0.016815841 0.011414885 0.005957639 0.012485879 0.017718401 0.021836478 0.014868354 0.026279911 0.013380047 0.007051993 0.029809566 0.028719500 0.014094368 0.026990172 0.016501229 0.016196404 0.018896766 0.013817880 0.021095099 0.011380580 0.018100904 0.017548986 0.018041063 0.014359778 0.015977163 0.012622928 0.053681061 0.020367468 0.020746315 0.019114373
0.026384618 0.030818222 0.027211219 0.051308766 0.032551348 0.030772250 0.032934833 0.029615190 0.032883026 0.042896289 0.044360597 0.048040222 0.032766853 0.029809566 0.008738166 0.026601546 0.023851659 0.054823488 0.037777331 0.038147964 0.027130961 0.036339894 0.025839806 0.033314787 0.045744274 0.045415901 0.039967194 0.030003471 0.017985916 0.032770600 0.063051984 0.037659004 0.032513469 0.022069506
0.035533559 0.027536385 0.021063372 0.050796553 0.029142668 0.028806929 0.025432333 0.027246233 0.027022300 0.041297510 0.037590478 0.047345806 0.027474955 0.028719500 0.026601546 0.004950692 0.019996617 0.049571488 0.029445002 0.035156224 0.016158096 0.029030597 0.015926640 0.026070975 0.035531763 0.039126806 0.029427303 0.023942249 0.013393567 0.028141916 0.059718836 0.038863614 0.032397609 0.021204690
0.032123920 0.023138426 0.017919442 0.033532828 0.018067062 0.014368852 0.011744737 0.016352313 0.018872166 0.027508900 0.019944556 0.031522498 0.016959306 0.014094368 0.023851659 0.019996617 0.003342810 0.031029310 0.013890592 0.018435409 0.013667217 0.014504606 0.014435887 0.012707558 0.020229883 0.022629039 0.016341370 0.014798129 0.012885806 0.015694033 0.047186613 0.022551298 0.027027028 0.014608017
0.060771771 0.025806595 0.038539872 0.020736778 0.028725170 0.031587284 0.023119746 0.022242710 0.027298905 0.014894146 0.017882911 0.019487569 0.024836792 0.026990172 0.054823488 0.049571488 0.031029310 0.014287744 0.028342117 0.029563759 0.038732976 0.021432573 0.045466810 0.026895970 0.017722096 0.020555822 0.031034980 0.027158841 0.039263587 0.025293972 0.035701297 0.014352721 0.032236926 0.041766413
0.044788025 0.015817570 0.020337492 0.029494017 0.021176364 0.019520948 0.008051957 0.013521871 0.016974794 0.022178151 0.016313625 0.025190843 0.014507441 0.016501229 0.037777331 0.029445002 0.013890592 0.028342117 0.003699516 0.019647505 0.023193534 0.011705114 0.026196126 0.012770774 0.015715523 0.016281690 0.015670691 0.014427159 0.020898156 0.015559343 0.048767842 0.023409888 0.030331027 0.025282219
0.050459795 0.033020660 0.027820958 0.022224374 0.011419977 0.022233978 0.012674215 0.014158075 0.025176667 0.016218029 0.013217203 0.019174471 0.012783705 0.016196404 0.038147964 0.035156224 0.018435409 0.029563759 0.019647505 0.003300901 0.027406391 0.013524843 0.025268620 0.014325595 0.013807958 0.017157055 0.024215249 0.015987296 0.016754627 0.016953105 0.052214172 0.007324367 0.025954641 0.030390922
0.030725095 0.030342177 0.014380910 0.040767811 0.021937151 0.020260099 0.017706912 0.017905436 0.021304745 0.031425953 0.027924471 0.037539408 0.023807952 0.018896766 0.027130961 0.016158096 0.013667217 0.038732976 0.023193534 0.027406391 0.008067159 0.021431979 0.014091274 0.017365005 0.031409584 0.032045748 0.024567757 0.016402509 0.009439521 0.019958448 0.054648124 0.026763014 0.024869261 0.016521759
0.041911896 0.015956622 0.020890331 0.021431189 0.015947394 0.014174446 0.003782507 0.008315817 0.013136816 0.015674643 0.009798137 0.017074572 0.013022088 0.013817880 0.036339894 0.029030597 0.014504606 0.021432573 0.011705114 0.013524843 0.021431979 -0.001172507 0.026544860 0.009142198 0.008936495 0.008556260 0.013748979 0.009140294 0.020816844 0.011887088 0.039779361 0.016229926 0.017917171 0.024139576
0.025130203 0.026587805 0.018599404 0.042082153 0.023631316 0.018857583 0.025059704 0.022751998 0.024888910 0.035039186 0.034782186 0.039928265 0.023858244 0.021095099 0.025839806 0.015926640 0.014435887 0.045466810 0.026196126 0.025268620 0.014091274 0.026544860 0.008669179 0.025414048 0.034362551 0.034634329 0.030195329 0.021608906 0.008709176 0.026133850 0.054979347 0.029314153 0.026510503 0.015033033
0.038866214 0.017265335 0.017690692 0.026981989 0.016755607 0.011411976 0.001503333 0.006662931 0.010914930 0.019999886 0.013272732 0.022452721 0.011670889 0.011380580 0.033314787 0.026070975 0.012707558 0.026895970 0.012770774 0.014325595 0.017365005 0.009142198 0.025414048 -0.000866724 0.014017789 0.012875744 0.011806533 0.007384502 0.018772159 0.008569168 0.048709664 0.022384953 0.016399138 0.021675644
0.050104003 0.006241009 0.026765687 0.014624897 0.014360357 0.022097770 0.009192351 0.011145417 0.013582704 0.007067766 0.009201506 0.011882612 0.013788629 0.018100904 0.045744274 0.035531763 0.020229883 0.017722096 0.015715523 0.013807958 0.031409584 0.008936495 0.034362551 0.014017789 -0.019840518 0.009579320 0.015908170 0.014662224 0.026642378 0.012783088 0.032774281 0.014569461 0.023250099 0.032666486
0.052127801 0.021909308 0.031820692 0.015591103 0.016844578 0.021665361 0.003818738 0.010601088 0.019483149 0.009468386 0.005656907 0.011954063 0.013819144 0.017548986 0.045415901 0.039126806 0.022629039 0.020555822 0.016281690 0.017157055 0.032045748 0.008556260 0.034634329 0.012875744 0.009579320 -0.000607621 0.021051496 0.018363196 0.028092410 0.014799762 0.045356557 0.009288663 0.018745776 0.035692278
0.045845389 0.017512053 0.022955161 0.030397218 0.020721087 0.019230166 0.009572814 0.013101066 0.017852925 0.022943053 0.019029450 0.025947660 0.017811634 0.018041063 0.039967194 0.029427303 0.016341370 0.031034980 0.015670691 0.024215249 0.024567757 0.013748979 0.030195329 0.011806533 0.015908170 0.021051496 0.012178186 0.011356666 0.024684966 0.013601841 0.049690299 0.026932914 0.027489269 0.030042427
0.040217385 0.018505948 0.015737392 0.029060638 0.017399281 0.017666360 0.005314169 0.011417183 0.013684623 0.021054888 0.016110092 0.025982978 0.013873788 0.014359778 0.030003471 0.023942249 0.014798129 0.027158841 0.014427159 0.015987296 0.016402509 0.009140294 0.021608906 0.007384502 0.014662224 0.018363196 0.011356666 0.002766050 0.015488178 0.009702235 0.048339784 0.018156184 0.023669714 0.020921830
0.023430804 0.028340843 0.016017800 0.037079118 0.021185592 0.013110683 0.018283527 0.020302765 0.024664234 0.032693278 0.029086011 0.036225382 0.022940759 0.015977163 0.017985916 0.013393567 0.012885806 0.039263587 0.020898156 0.016754627 0.009439521 0.020816844 0.008709176 0.018772159 0.026642378 0.028092410 0.024684966 0.015488178 -0.001563057 0.020500381 0.050051115 0.023319252 0.022872059 0.005444793
0.041940041 0.015330421 0.019507613 0.024386266 0.013207209 0.017395657 0.006642229 0.007413039 0.012705365 0.016827395 0.014049808 0.021004600 0.012700753 0.012622928 0.032770600 0.028141916 0.015694033 0.025293972 0.015559343 0.016953105 0.019958448 0.011887088 0.026133850 0.008569168 0.012783088 0.014799762 0.013601841 0.009702235 0.020500381 0.003465284 0.044996083 0.012935540 0.018017456 0.022628684
0.075380012 0.045363039 0.053478226 0.035941184 0.054790065 0.055327266 0.045038693 0.044776104 0.051113211 0.032924075 0.039682798 0.040033944 0.046365973 0.053681061 0.063051984 0.059718836 0.047186613 0.035701297 0.048767842 0.052214172 0.054648124 0.039779361 0.054979347 0.048709664 0.032774281 0.045356557 0.049690299 0.048339784 0.050051115 0.044996083 -0.011503190 0.030806696 0.056949470 0.055182151
0.039906241 0.025030391 0.027384812 0.008421753 0.020450523 0.018018667 0.014583064 0.013547715 0.022237167 0.005472516 0.009517784 0.010781172 0.018248407 0.020367468 0.037659004 0.038863614 0.022551298 0.014352721 0.023409888 0.007324367 0.026763014 0.016229926 0.029314153 0.022384953 0.014569461 0.009288663 0.026932914 0.018156184 0.023319252 0.012935540 0.030806696 0.002020048 0.012227715 0.028394125
0.046593621 0.030669440 0.025940379 0.032596756 0.016040474 0.024201056 0.018246228 0.015868407 0.021082163 0.021838443 0.017740684 0.027607281 0.016118899 0.020746315 0.032513469 0.032397609 0.027027028 0.032236926 0.030331027 0.025954641 0.024869261 0.017917171 0.026510503 0.016399138 0.023250099 0.018745776 0.027489269 0.023669714 0.022872059 0.018017456 0.056949470 0.012227715 -0.009026013 0.024997672
0.028703725 0.034067821 0.018309694 0.043433592 0.025531191 0.017486362 0.020277258 0.022491982 0.028740901 0.035517678 0.032689434 0.041051369 0.025617424 0.019114373 0.022069506 0.021204690 0.014608017 0.041766413 0.025282219 0.030390922 0.016521759 0.024139576 0.015033033 0.021675644 0.032666486 0.035692278 0.030042427 0.020921830 0.005444793 0.022628684 0.055182151 0.028394125 0.024997672 0.005177595
