0.000000000 0.107438013 0.013698630 0.175572515 0.048543688 0.096234307 0.052631579 0.107438013 0.080851063 0.129032254 0.118367344 0.072961375 0.076923080 0.027027028 0.074626863 0.023696683 0.009345794 0.084745765 0.072961375 0.064935066 0.043478262 0.052631579 0.028571429 0.022624435 0.107438013 0.107438013 0.088607594 0.035714287 0.033492822 0.056768559 0.239436626 0.121951222 0.080851063 0.013698630
0.107438013 0.000000000 0.093877554 0.069444448 0.155172408 0.011320755 0.055118110 0.000000000 0.026819924 0.021897810 0.011070111 0.034749035 0.030769231 0.080645159 0.180616736 0.130801693 0.116666667 0.022900764 0.034749035 0.042801555 0.150214598 0.055118110 0.135593221 0.085020244 0.000000000 0.000000000 0.019011406 0.071999997 0.140425533 0.050980393 0.135483876 0.014705882 0.026819924 0.093877554
0.013698630 0.093877554 0.000000000 0.162264153 0.062200956 0.082644626 0.038961038 0.093877554 0.067226894 0.115537852 0.104838707 0.059322033 0.063291140 0.013333334 0.088235296 0.037383176 0.023041476 0.071129709 0.059322033 0.051282052 0.057142857 0.038961038 0.042253520 0.008928572 0.093877554 0.093877554 0.075000003 0.022026431 0.047169812 0.043103449 0.226480842 0.108433738 0.067226894 0.000000000
0.175572515 0.069444448 0.162264153 0.000000000 0.222222224 0.080701753 0.124087594 0.069444448 0.096085407 0.047619049 0.058419243 0.103942655 0.100000001 0.149253726 0.246963561 0.198443577 0.184615389 0.092198581 0.103942655 0.111913361 0.217391297 0.124087594 0.203125000 0.153558046 0.069444448 0.069444448 0.088339224 0.140740737 0.207843140 0.119999997 0.066666670 0.054794520 0.096085407 0.162264153
0.048543688 0.155172408 0.062200956 0.222222224 0.000000000 0.144104809 0.100917429 0.155172408 0.128888890 0.176470593 0.165957451 0.121076234 0.125000000 0.075471699 0.026178010 0.024875622 0.039215688 0.132743359 0.121076234 0.113122173 0.005076142 0.100917429 0.020000000 0.071090050 0.155172408 0.155172408 0.136563882 0.084112152 0.015075377 0.105022833 0.284671545 0.169491529 0.128888890 0.062200956
0.096234307 0.011320755 0.082644626 0.080701753 0.144104809 0.000000000 0.043824703 0.011320755 0.015503876 0.033210333 0.022388060 0.023437500 0.019455252 0.069387756 0.169642851 0.119658120 0.105485231 0.011583012 0.023437500 0.031496063 0.139130428 0.043824703 0.124463521 0.073770493 0.011320755 0.011320755 0.007692308 0.060728744 0.129310340 0.039682541 0.146579802 0.026022306 0.015503876 0.082644626
0.052631579 0.055118110 0.038961038 0.124087594 0.100917429 0.043824703 0.000000000 0.055118110 0.028340081 0.076923080 0.066147856 0.020408163 0.024390243 0.025641026 0.126760557 0.076233186 0.061946902 0.032258064 0.020408163 0.012345679 0.095890410 0.000000000 0.081081077 0.030042918 0.055118110 0.055118110 0.036144577 0.016949153 0.085972853 0.004149378 0.189189196 0.069767445 0.028340081 0.038961038
0.107438013 0.000000000 0.093877554 0.069444448 0.155172408 0.011320755 0.055118110 0.000000000 0.026819924 0.021897810 0.011070111 0.034749035 0.030769231 0.080645159 0.180616736 0.130801693 0.116666667 0.022900764 0.034749035 0.042801555 0.150214598 0.055118110 0.135593221 0.085020244 0.000000000 0.000000000 0.019011406 0.071999997 0.140425533 0.050980393 0.135483876 0.014705882 0.026819924 0.093877554
0.080851063 0.026819924 0.067226894 0.096085407 0.128888890 0.015503876 0.028340081 0.026819924 0.000000000 0.048689138 0.037878789 0.007936508 0.003952569 0.053941909 0.154545456 0.104347825 0.090128757 0.003921569 0.007936508 0.016000001 0.123893805 0.028340081 0.109170303 0.058333334 0.026819924 0.026819924 0.007812500 0.045267489 0.114035085 0.024193548 0.161716178 0.041509435 0.000000000 0.067226894
0.129032254 0.021897810 0.115537852 0.047619049 0.176470593 0.033210333 0.076923080 0.021897810 0.048689138 0.000000000 0.010830325 0.056603774 0.052631579 0.102362208 0.201716736 0.152263373 0.138211384 0.044776119 0.056603774 0.064638786 0.171548113 0.076923080 0.157024801 0.106719367 0.021897810 0.021897810 0.040892195 0.093750000 0.161825731 0.072796933 0.113924049 0.007194245 0.048689138 0.115537852
0.118367344 0.011070111 0.104838707 0.058419243 0.165957451 0.022388060 0.066147856 0.011070111 0.037878789 0.010830325 0.000000000 0.045801528 0.041825093 0.091633469 0.191304341 0.141666666 0.127572015 0.033962265 0.045801528 0.053846154 0.161016956 0.066147856 0.146443516 0.096000001 0.011070111 0.011070111 0.030075189 0.083003953 0.151260510 0.062015504 0.124600641 0.003636364 0.037878789 0.104838707
0.072961375 0.034749035 0.059322033 0.103942655 0.121076234 0.023437500 0.020408163 0.034749035 0.007936508 0.056603774 0.045801528 0.000000000 0.003984064 0.046025105 0.146788985 0.096491225 0.082251079 0.011857707 0.000000000 0.008064516 0.116071425 0.020408163 0.101321585 0.050420169 0.034749035 0.034749035 0.015748031 0.037344400 0.106194690 0.016260162 0.169435218 0.049429659 0.007936508 0.059322033
0.076923080 0.030769231 0.063291140 0.100000001 0.125000000 0.019455252 0.024390243 0.030769231 0.003952569 0.052631579 0.041825093 0.003984064 0.000000000 0.050000001 0.150684938 0.100436680 0.086206898 0.007874016 0.003984064 0.012048192 0.119999997 0.024390243 0.105263159 0.054393306 0.030769231 0.030769231 0.011764706 0.041322313 0.110132158 0.020242915 0.165562913 0.045454547 0.003952569 0.063291140
0.027027028 0.080645159 0.013333334 0.149253726 0.075471699 0.069387756 0.025641026 0.080645159 0.053941909 0.102362208 0.091633469 0.046025105 0.050000001 0.000000000 0.101449274 0.050691243 0.036363635 0.057851240 0.046025105 0.037974682 0.070422538 0.025641026 0.055555556 0.004405286 0.080645159 0.080645159 0.061728396 0.008695652 0.060465116 0.029787235 0.213793099 0.095238097 0.053941909 0.013333334
0.074626863 0.180616736 0.088235296 0.246963561 0.026178010 0.169642851 0.126760557 0.180616736 0.154545456 0.201716736 0.191304341 0.146788985 0.150684938 0.101449274 0.000000000 0.051020410 0.065326631 0.158371046 0.146788985 0.138888896 0.031250000 0.126760557 0.046153847 0.097087376 0.180616736 0.180616736 0.162162155 0.110047847 0.041237112 0.130841121 0.308550179 0.194805190 0.154545456 0.088235296
0.023696683 0.130801693 0.037383176 0.198443577 0.024875622 0.119658120 0.076233186 0.130801693 0.104347825 0.152263373 0.141666666 0.096491225 0.100436680 0.050691243 0.051020410 0.000000000 0.014354067 0.108225107 0.096491225 0.088495575 0.019801980 0.076233186 0.004878049 0.046296295 0.130801693 0.130801693 0.112068966 0.059360731 0.009803922 0.080357142 0.261648744 0.145228222 0.104347825 0.037383176
0.009345794 0.116666667 0.023041476 0.184615389 0.039215688 0.105485231 0.061946902 0.116666667 0.090128757 0.138211384 0.127572015 0.082251079 0.086206898 0.036363635 0.065326631 0.014354067 0.000000000 0.094017096 0.082251079 0.074235804 0.034146342 0.061946902 0.019230770 0.031963471 0.116666667 0.116666667 0.097872339 0.045045044 0.024154589 0.066079296 0.248226956 0.131147534 0.090128757 0.023041476
0.084745765 0.022900764 0.071129709 0.092198581 0.132743359 0.011583012 0.032258064 0.022900764 0.003921569 0.044776119 0.033962265 0.011857707 0.007874016 0.057851240 0.158371046 0.108225107 0.094017096 0.000000000 0.011857707 0.019920319 0.127753302 0.032258064 0.113043480 0.062240664 0.022900764 0.022900764 0.003891051 0.049180329 0.117903933 0.028112451 0.157894731 0.037593983 0.003921569 0.071129709
0.072961375 0.034749035 0.059322033 0.103942655 0.121076234 0.023437500 0.020408163 0.034749035 0.007936508 0.056603774 0.045801528 0.000000000 0.003984064 0.046025105 0.146788985 0.096491225 0.082251079 0.011857707 0.000000000 0.008064516 0.116071425 0.020408163 0.101321585 0.050420169 0.034749035 0.034749035 0.015748031 0.037344400 0.106194690 0.016260162 0.169435218 0.049429659 0.007936508 0.059322033
0.064935066 0.042801555 0.051282052 0.111913361 0.113122173 0.031496063 0.012345679 0.042801555 0.016000001 0.064638786 0.053846154 0.008064516 0.012048192 0.037974682 0.138888896 0.088495575 0.074235804 0.019920319 0.008064516 0.000000000 0.108108111 0.012345679 0.093333334 0.042372882 0.042801555 0.042801555 0.023809524 0.029288704 0.098214284 0.008196721 0.177257523 0.057471264 0.016000001 0.051282052
0.043478262 0.150214598 0.057142857 0.217391297 0.005076142 0.139130428 0.095890410 0.150214598 0.123893805 0.171548113 0.161016956 0.116071425 0.119999997 0.070422538 0.031250000 0.019801980 0.034146342 0.127753302 0.116071425 0.108108111 0.000000000 0.095890410 0.014925373 0.066037737 0.150214598 0.150214598 0.131578952 0.079069771 0.010000000 0.100000001 0.280000001 0.164556965 0.123893805 0.057142857
0.052631579 0.055118110 0.038961038 0.124087594 0.100917429 0.043824703 0.000000000 0.055118110 0.028340081 0.076923080 0.066147856 0.020408163 0.024390243 0.025641026 0.126760557 0.076233186 0.061946902 0.032258064 0.020408163 0.012345679 0.095890410 0.000000000 0.081081077 0.030042918 0.055118110 0.055118110 0.036144577 0.016949153 0.085972853 0.004149378 0.189189196 0.069767445 0.028340081 0.038961038
0.028571429 0.135593221 0.042253520 0.203125000 0.020000000 0.124463521 0.081081077 0.135593221 0.109170303 0.157024801 0.146443516 0.101321585 0.105263159 0.055555556 0.046153847 0.004878049 0.019230770 0.113043480 0.101321585 0.093333334 0.014925373 0.081081077 0.000000000 0.051162791 0.135593221 0.135593221 0.116883114 0.064220183 0.004926108 0.085201792 0.266187042 0.150000006 0.109170303 0.042253520
0.022624435 0.085020244 0.008928572 0.153558046 0.071090050 0.073770493 0.030042918 0.085020244 0.058333334 0.106719367 0.096000001 0.050420169 0.054393306 0.004405286 0.097087376 0.046296295 0.031963471 0.062240664 0.050420169 0.042372882 0.066037737 0.030042918 0.051162791 0.000000000 0.085020244 0.085020244 0.066115700 0.013100437 0.056074765 0.034188036 0.217993081 0.099601597 0.058333334 0.008928572
0.107438013 0.000000000 0.093877554 0.069444448 0.155172408 0.011320755 0.055118110 0.000000000 0.026819924 0.021897810 0.011070111 0.034749035 0.030769231 0.080645159 0.180616736 0.130801693 0.116666667 0.022900764 0.034749035 0.042801555 0.150214598 0.055118110 0.135593221 0.085020244 0.000000000 0.000000000 0.019011406 0.071999997 0.140425533 0.050980393 0.135483876 0.014705882 0.026819924 0.093877554
0.107438013 0.000000000 0.093877554 0.069444448 0.155172408 0.011320755 0.055118110 0.000000000 0.026819924 0.021897810 0.011070111 0.034749035 0.030769231 0.080645159 0.180616736 0.130801693 0.116666667 0.022900764 0.034749035 0.042801555 0.150214598 0.055118110 0.135593221 0.085020244 0.000000000 0.000000000 0.019011406 0.071999997 0.140425533 0.050980393 0.135483876 0.014705882 0.026819924 0.093877554
0.088607594 0.019011406 0.075000003 0.088339224 0.136563882 0.007692308 0.036144577 0.019011406 0.007812500 0.040892195 0.030075189 0.015748031 0.011764706 0.061728396 0.162162155 0.112068966 0.097872339 0.003891051 0.015748031 0.023809524 0.131578952 0.036144577 0.116883114 0.066115700 0.019011406 0.019011406 0.000000000 0.053061225 0.121739127 0.032000002 0.154098362 0.033707865 0.007812500 0.075000003
0.035714287 0.071999997 0.022026431 0.140740737 0.084112152 0.060728744 0.016949153 0.071999997 0.045267489 0.093750000 0.083003953 0.037344400 0.041322313 0.008695652 0.110047847 0.059360731 0.045045044 0.049180329 0.037344400 0.029288704 0.079069771 0.016949153 0.064220183 0.013100437 0.071999997 0.071999997 0.053061225 0.000000000 0.069124423 0.021097047 0.205479458 0.086614177 0.045267489 0.022026431
0.033492822 0.140425533 0.047169812 0.207843140 0.015075377 0.129310340 0.085972853 0.140425533 0.114035085 0.161825731 0.151260510 0.106194690 0.110132158 0.060465116 0.041237112 0.009803922 0.024154589 0.117903933 0.106194690 0.098214284 0.010000000 0.085972853 0.004926108 0.056074765 0.140425533 0.140425533 0.121739127 0.069124423 0.000000000 0.090090089 0.270758122 0.154811710 0.114035085 0.047169812
0.056768559 0.050980393 0.043103449 0.119999997 0.105022833 0.039682541 0.004149378 0.050980393 0.024193548 0.072796933 0.062015504 0.016260162 0.020242915 0.029787235 0.130841121 0.080357142 0.066079296 0.028112451 0.016260162 0.008196721 0.100000001 0.004149378 0.085201792 0.034188036 0.050980393 0.050980393 0.032000002 0.021097047 0.090090089 0.000000000 0.185185179 0.065637067 0.024193548 0.043103449
0.239436626 0.135483876 0.226480842 0.066666670 0.284671545 0.146579802 0.189189196 0.135483876 0.161716178 0.113924049 0.124600641 0.169435218 0.165562913 0.213793099 0.308550179 0.261648744 0.248226956 0.157894731 0.169435218 0.177257523 0.280000001 0.189189196 0.266187042 0.217993081 0.135483876 0.135483876 0.154098362 0.205479458 0.270758122 0.185185179 0.000000000 0.121019110 0.161716178 0.226480842
0.121951222 0.014705882 0.108433738 0.054794520 0.169491529 0.026022306 0.069767445 0.014705882 0.041509435 0.007194245 0.003636364 0.049429659 0.045454547 0.095238097 0.194805190 0.145228222 0.131147534 0.037593983 0.049429659 0.057471264 0.164556965 0.069767445 0.150000006 0.099601597 0.014705882 0.014705882 0.033707865 0.086614177 0.154811710 0.065637067 0.121019110 0.000000000 0.041509435 0.108433738
0.080851063 0.026819924 0.067226894 0.096085407 0.128888890 0.015503876 0.028340081 0.026819924 0.000000000 0.048689138 0.037878789 0.007936508 0.003952569 0.053941909 0.154545456 0.104347825 0.090128757 0.003921569 0.007936508 0.016000001 0.123893805 0.028340081 0.109170303 0.058333334 0.026819924 0.026819924 0.007812500 0.045267489 0.114035085 0.024193548 0.161716178 0.041509435 0.000000000 0.067226894
0.013698630 0.093877554 0.000000000 0.162264153 0.062200956 0.082644626 0.038961038 0.093877554 0.067226894 0.115537852 0.104838707 0.059322033 0.063291140 0.013333334 0.088235296 0.037383176 0.023041476 0.071129709 0.059322033 0.051282052 0.057142857 0.038961038 0.042253520 0.008928572 0.093877554 0.093877554 0.075000003 0.022026431 0.047169812 0.043103449 0.226480842 0.108433738 0.067226894 0.000000000
