0.010078527 0.041096993 0.025536887 0.061720777 0.040070631 0.033660531 0.038026568 0.043370046 0.040810697 0.051683463 0.044257473 0.061316267 0.038971100 0.041604318 0.022463914 0.030106813 0.033000495 0.053921290 0.036918409 0.047816992 0.025594069 0.041392863 0.021807559 0.039230462 0.049327821 0.044191539 0.035653062 0.031904377 0.020461570 0.041205175 0.064662129 0.044955038 0.060303371 0.023033531
0.041096993 0.011504386 0.025671966 0.033514336 0.023690028 0.018034928 0.019505588 0.021786442 0.023861179 0.024871370 0.025327878 0.023444209 0.018222352 0.024231076 0.035535205 0.024952263 0.029789828 0.033848479 0.025376756 0.032612808 0.024887616 0.020280614 0.032167736 0.019169219 0.025809314 0.027146213 0.022600370 0.017418770 0.026969537 0.022841789 0.047850858 0.029173572 0.024334589 0.029422456
0.025536887 0.025671966 -0.003081877 0.039214827 0.015490001 0.011616817 0.011778466 0.018656041 0.017901666 0.030318523 0.022007041 0.039175142 0.017352372 0.016545273 0.015380792 0.012923132 0.015092219 0.030372359 0.015101681 0.023527967 0.004271593 0.017311804 0.010321210 0.013523325 0.027940523 0.024907699 0.014684305 0.007608091 0.009322261 0.017280478 0.041790284 0.022003958 0.024687558 0.007614462
0.061720777 0.033514336 0.039214827 0.017571636 0.022149360 0.025749233 0.028526612 0.031929031 0.035410263 0.021169916 0.020118585 0.018498983 0.023842845 0.032415956 0.059966601 0.054378156 0.037642431 0.028404286 0.031161744 0.022932203 0.036834251 0.023073096 0.051893368 0.024955690 0.036147494 0.016057009 0.029890545 0.029273756 0.036452536 0.033314288 0.040781286 0.012733310 0.046645336 0.041264962
0.040070631 0.023690028 0.015490001 0.022149360 -0.002291603 0.015983421 0.011485059 0.011036024 0.018162310 0.015680488 0.015229512 0.014173754 0.011986258 0.015235794 0.031631544 0.023917118 0.016820952 0.023378203 0.017432984 0.017342886 0.018206883 0.015800763 0.025930900 0.013464478 0.015608195 0.016291475 0.013236245 0.013905332 0.021956861 0.014832730 0.045587584 0.017597780 0.019554395 0.028456081
0.033660531 0.018034928 0.011616817 0.025749233 0.015983421 0.005858712 0.006385140 0.011677709 0.009605974 0.019345731 0.016589357 0.022018146 0.011806922 0.011383936 0.027467255 0.016352134 0.014890322 0.025957275 0.013509887 0.016589792 0.007953703 0.012610441 0.021448482 0.008515569 0.021718282 0.017925967 0.010460316 0.003110436 0.018357053 0.012350064 0.040238492 0.023834299 0.022272479 0.019408215
0.038026568 0.019505588 0.011778466 0.028526612 0.011485059 0.006385140 -0.004216624 0.007782002 0.012823894 0.019475816 0.002356775 0.021240881 0.010434418 0.005306933 0.025492698 0.020401606 0.013130601 0.019000297 0.007904649 0.017138707 0.013021917 0.006234176 0.021783434 0.001232384 0.014932969 0.007600483 0.006059739 0.005040932 0.016930344 0.009981591 0.037807543 0.013134412 0.018409472 0.017387850
0.043370046 0.021786442 0.018656041 0.031929031 0.011036024 0.011677709 0.007782002 0.004322955 0.016214974 0.021079458 0.013453177 0.027657453 0.011642997 0.014719307 0.032756910 0.031189065 0.019950407 0.022451824 0.016563823 0.023948662 0.019992042 0.015227741 0.028802667 0.009451284 0.018647742 0.013108634 0.013082813 0.010160577 0.021779858 0.013282098 0.040809806 0.017107598 0.024725515 0.022765703
0.040810697 0.023861179 0.017901666 0.035410263 0.018162310 0.009605974 0.012823894 0.016214974 0.005264983 0.024798205 0.020179514 0.027622741 0.015055698 0.016736597 0.034395341 0.025041828 0.021273604 0.030447930 0.020210356 0.023158811 0.016668797 0.014787172 0.026983302 0.010258156 0.028711291 0.019932747 0.017925266 0.010426801 0.019610353 0.017275523 0.048168994 0.022256967 0.017017325 0.016537242
0.051683463 0.024871370 0.030318523 0.021169916 0.015680488 0.019345731 0.019475816 0.021079458 0.024798205 0.007727031 0.012322129 0.013021793 0.018069496 0.022018511 0.047333330 0.044782974 0.030098256 0.019646280 0.023552442 0.017086240 0.029982418 0.017100001 0.042034894 0.018291140 0.027346052 0.008789456 0.022316907 0.020172257 0.030956347 0.023261633 0.035583891 0.006542462 0.030395238 0.034320377
0.044257473 0.025327878 0.022007041 0.020118585 0.015229512 0.016589357 0.002356775 0.013453177 0.020179514 0.012322129 0.000556623 0.013294675 0.011706838 0.014096091 0.033112448 0.029602438 0.021423262 0.013556790 0.016130205 0.018995732 0.021163948 0.012266878 0.030044135 0.012121946 0.016826335 0.008758055 0.015860595 0.014986570 0.027007081 0.017407799 0.033881940 0.008339958 0.018858334 0.028614771
0.061316267 0.023444209 0.039175142 0.018498983 0.014173754 0.022018146 0.021240881 0.027657453 0.027622741 0.013021793 0.013294675 0.008265272 0.015829045 0.024742873 0.057882905 0.047103547 0.033918928 0.027080372 0.026261486 0.017217364 0.032568801 0.014475673 0.048706032 0.016235370 0.030194484 0.009369730 0.024376115 0.024028733 0.032049242 0.026847865 0.047140963 0.009400003 0.029530983 0.042372532
0.038971100 0.018222352 0.017352372 0.023842845 0.011986258 0.011806922 0.010434418 0.011642997 0.015055698 0.018069496 0.011706838 0.015829045 0.001832660 0.011911725 0.031478405 0.026653212 0.017170940 0.021449851 0.014163628 0.015718879 0.020516248 0.014809953 0.027047956 0.010902486 0.018705789 0.016247366 0.012152293 0.012451718 0.019723611 0.015986130 0.040005002 0.015669052 0.018568154 0.023710554
0.041604318 0.024231076 0.016545273 0.032415956 0.015235794 0.011383936 0.005306933 0.014719307 0.016736597 0.022018511 0.014096091 0.024742873 0.011911725 0.009230608 0.030644896 0.024965234 0.016070118 0.024458842 0.014147887 0.020349994 0.015380095 0.015153015 0.024374448 0.010211751 0.020793235 0.017155584 0.013007354 0.010371052 0.020084299 0.016483473 0.048106693 0.022084638 0.027914124 0.024061292
0.022463914 0.035535205 0.015380792 0.059966601 0.031631544 0.027467255 0.025492698 0.032756910 0.034395341 0.047333330 0.033112448 0.057882905 0.031478405 0.030644896 0.008084428 0.027517885 0.022350311 0.045101985 0.026842499 0.044585422 0.022433840 0.032853298 0.017705310 0.029069597 0.040303946 0.034114186 0.026811123 0.024703246 0.018312071 0.032083645 0.054524768 0.041135095 0.055475220 0.021948870
0.030106813 0.024952263 0.012923132 0.054378156 0.023917118 0.016352134 0.020401606 0.031189065 0.025041828 0.044782974 0.029602438 0.047103547 0.026653212 0.024965234 0.027517885 0.007651539 0.018853541 0.044261564 0.021860082 0.032431029 0.013091723 0.025177417 0.016956789 0.021792414 0.037171394 0.033589877 0.022600792 0.020719197 0.006279670 0.029543985 0.054683380 0.034358162 0.043084934 0.013770849
0.033000495 0.029789828 0.015092219 0.037642431 0.016820952 0.014890322 0.013130601 0.019950407 0.021273604 0.030098256 0.021423262 0.033918928 0.017170940 0.016070118 0.022350311 0.018853541 0.005606345 0.030251164 0.014825733 0.026657145 0.011661336 0.017834973 0.015808782 0.012986476 0.026056845 0.025181130 0.014394003 0.013769092 0.014734906 0.020519117 0.043462705 0.024808029 0.032150779 0.016112059
0.053921290 0.033848479 0.030372359 0.028404286 0.023378203 0.025957275 0.019000297 0.022451824 0.030447930 0.019646280 0.013556790 0.027080372 0.021449851 0.024458842 0.045101985 0.044261564 0.030251164 0.008054048 0.024868976 0.035034817 0.032091655 0.020218428 0.037368812 0.023545172 0.022552703 0.012343178 0.024391899 0.022069633 0.034793176 0.025956135 0.029784495 0.012529831 0.039621547 0.034067228
0.036918409 0.025376756 0.015101681 0.031161744 0.017432984 0.013509887 0.007904649 0.016563823 0.020210356 0.023552442 0.016130205 0.026261486 0.014163628 0.014147887 0.026842499 0.021860082 0.014825733 0.024868976 0.006592590 0.022351373 0.013615700 0.014218533 0.020505920 0.011440830 0.021703755 0.019422607 0.014763012 0.010945344 0.018234789 0.018238768 0.041868437 0.019541543 0.025112342 0.017844019
0.047816992 0.032612808 0.023527967 0.022932203 0.017342886 0.016589792 0.017138707 0.023948662 0.023158811 0.017086240 0.018995732 0.017217364 0.015718879 0.020349994 0.044585422 0.032431029 0.026657145 0.035034817 0.022351373 0.000401702 0.017383127 0.016800232 0.038970627 0.016584553 0.034572780 0.018691668 0.022096019 0.013397621 0.027190775 0.024511050 0.051965374 0.015850982 0.030883655 0.035778236
0.025594069 0.024887616 0.004271593 0.036834251 0.018206883 0.007953703 0.013021917 0.019992042 0.016668797 0.029982418 0.021163948 0.032568801 0.020516248 0.015380095 0.022433840 0.013091723 0.011661336 0.032091655 0.013615700 0.017383127 -0.000365089 0.016239304 0.013253444 0.012758704 0.034728296 0.024232164 0.013490462 0.008977586 0.008082098 0.020042036 0.041945152 0.023678727 0.031465374 0.012843339
0.041392863 0.020280614 0.017311804 0.023073096 0.015800763 0.012610441 0.006234176 0.015227741 0.014787172 0.017100001 0.012266878 0.014475673 0.014809953 0.015153015 0.032853298 0.025177417 0.017834973 0.020218428 0.014218533 0.016800232 0.016239304 -0.000961746 0.026439339 0.008987673 0.020368021 0.014657323 0.012272902 0.009173587 0.021461595 0.016755758 0.036623243 0.017136190 0.017845798 0.024130058
0.021807559 0.032167736 0.010321210 0.051893368 0.025930900 0.021448482 0.021783434 0.028802667 0.026983302 0.042034894 0.030044135 0.048706032 0.027047956 0.024374448 0.017705310 0.016956789 0.015808782 0.037368812 0.020505920 0.038970627 0.013253444 0.026439339 0.002989590 0.025115954 0.033810701 0.031931814 0.022060797 0.021048542 0.011068756 0.027966913 0.046286821 0.038306609 0.041328527 0.015779631
0.039230462 0.019169219 0.013523325 0.024955690 0.013464478 0.008515569 0.001232384 0.009451284 0.010258156 0.018291140 0.012121946 0.016235370 0.010902486 0.010211751 0.029069597 0.021792414 0.012986476 0.023545172 0.011440830 0.016584553 0.012758704 0.008987673 0.025115954 -0.002003333 0.021652117 0.016707258 0.007201120 0.007362630 0.017663244 0.011786568 0.041582637 0.019499000 0.017863259 0.021155935
0.049327821 0.025809314 0.027940523 0.036147494 0.015608195 0.021718282 0.014932969 0.018647742 0.028711291 0.027346052 0.016826335 0.030194484 0.018705789 0.020793235 0.040303946 0.037171394 0.026056845 0.022552703 0.021703755 0.034572780 0.034728296 0.020368021 0.033810701 0.021652117 -0.013516520 0.016714120 0.021297703 0.020795438 0.028155178 0.024085440 0.032558259 0.021524543 0.032135665 0.031085927
0.044191539 0.027146213 0.024907699 0.016057009 0.016291475 0.017925967 0.007600483 0.013108634 0.019932747 0.008789456 0.008758055 0.009369730 0.016247366 0.017155584 0.034114186 0.033589877 0.025181130 0.012343178 0.019422607 0.018691668 0.024232164 0.014657323 0.031931814 0.016707258 0.016714120 -0.000071070 0.017243605 0.017071530 0.029459503 0.017976828 0.033312131 0.009078958 0.014514743 0.029638091
0.035653062 0.022600370 0.014684305 0.029890545 0.013236245 0.010460316 0.006059739 0.013082813 0.017925266 0.022316907 0.015860595 0.024376115 0.012152293 0.013007354 0.026811123 0.022600792 0.014394003 0.024391899 0.014763012 0.022096019 0.013490462 0.012272902 0.022060797 0.007201120 0.021297703 0.017243605 0.006562084 0.005299799 0.018529724 0.014170805 0.040435281 0.019453403 0.021381037 0.018974865
0.031904377 0.017418770 0.007608091 0.029273756 0.013905332 0.003110436 0.005040932 0.010160577 0.010426801 0.020172257 0.014986570 0.024028733 0.012451718 0.010371052 0.024703246 0.020719197 0.013769092 0.022069633 0.010945344 0.013397621 0.008977586 0.009173587 0.021048542 0.007362630 0.020795438 0.017071530 0.005299799 -0.003736313 0.012542797 0.009197798 0.033868998 0.017295133 0.022785502 0.011104440
0.020461570 0.026969537 0.009322261 0.036452536 0.021956861 0.018357053 0.016930344 0.021779858 0.019610353 0.030956347 0.027007081 0.032049242 0.019723611 0.020084299 0.018312071 0.006279670 0.014734906 0.034793176 0.018234789 0.027190775 0.008082098 0.021461595 0.011068756 0.017663244 0.028155178 0.029459503 0.018529724 0.012542797 0.005679570 0.021177270 0.041632377 0.031493843 0.026221849 0.014090822
0.041205175 0.022841789 0.017280478 0.033314288 0.014832730 0.012350064 0.009981591 0.013282098 0.017275523 0.023261633 0.017407799 0.026847865 0.015986130 0.016483473 0.032083645 0.029543985 0.020519117 0.025956135 0.018238768 0.024511050 0.020042036 0.016755758 0.027966913 0.011786568 0.024085440 0.017976828 0.014170805 0.009197798 0.021177270 0.009700965 0.042922292 0.018610287 0.025420789 0.019519687
0.064662129 0.047850858 0.041790284 0.040781286 0.045587584 0.040238492 0.037807543 0.040809806 0.048168994 0.035583891 0.033881940 0.047140963 0.040005002 0.048106693 0.054524768 0.054683380 0.043462705 0.029784495 0.041868437 0.051965374 0.041945152 0.036623243 0.046286821 0.041582637 0.032558259 0.033312131 0.040435281 0.033868998 0.041632377 0.042922292 -0.019105343 0.030255076 0.062220030 0.041449234
0.044955038 0.029173572 0.022003958 0.012733310 0.017597780 0.023834299 0.013134412 0.017107598 0.022256967 0.006542462 0.008339958 0.009400003 0.015669052 0.022084638 0.041135095 0.034358162 0.024808029 0.012529831 0.019541543 0.015850982 0.023678727 0.017136190 0.038306609 0.019499000 0.021524543 0.009078958 0.019453403 0.017295133 0.031493843 0.018610287 0.030255076 0.002289753 0.023437461 0.040284205
0.060303371 0.024334589 0.024687558 0.046645336 0.019554395 0.022272479 0.018409472 0.024725515 0.017017325 0.030395238 0.018858334 0.029530983 0.018568154 0.027914124 0.055475220 0.043084934 0.032150779 0.039621547 0.025112342 0.030883655 0.031465374 0.017845798 0.041328527 0.017863259 0.032135665 0.014514743 0.021381037 0.022785502 0.026221849 0.025420789 0.062220030 0.023437461 0.015464418 0.034434490
0.023033531 0.029422456 0.007614462 0.041264962 0.028456081 0.019408215 0.017387850 0.022765703 0.016537242 0.034320377 0.028614771 0.042372532 0.023710554 0.024061292 0.021948870 0.013770849 0.016112059 0.034067228 0.017844019 0.035778236 0.012843339 0.024130058 0.015779631 0.021155935 0.031085927 0.029638091 0.018974865 0.011104440 0.014090822 0.019519687 0.041449234 0.040284205 0.034434490 0.011688687
