0.028543632 0.049820460 0.028978318 0.067512810 0.044012859 0.039148577 0.039418004 0.052375846 0.040433530 0.060058162 0.047975250 0.056732260 0.041770104 0.042428982 0.029814208 0.034360535 0.034564868 0.067842387 0.040110543 0.064662091 0.033840150 0.043093439 0.026877970 0.035461847 0.056459580 0.060422149 0.039193109 0.036998235 0.019444814 0.048264913 0.111444198 0.058958381 0.062032372 0.025353363
0.049820460 0.005601969 0.022614069 0.033322129 0.020488610 0.016490240 0.016548337 0.018507455 0.023161152 0.024803586 0.019957090 0.026990155 0.014748127 0.016678486 0.032769591 0.025152730 0.020764131 0.017489353 0.014482705 0.037452690 0.026262835 0.017906072 0.028682001 0.020439632 0.019946828 0.023951739 0.012654705 0.017847124 0.018775716 0.022164579 0.036301389 0.028756496 0.022714887 0.023609754
0.028978318 0.022614069 -0.003937125 0.037505068 0.015659442 0.011366153 0.011345821 0.019185981 0.011663362 0.030796012 0.022664582 0.032074496 0.021418497 0.014196783 0.014418703 0.010949560 0.012513652 0.029878726 0.011537725 0.028645709 0.005174215 0.016366361 0.010142620 0.012052451 0.027796917 0.031917620 0.011827562 0.007657941 0.006550937 0.016746219 0.054717913 0.025968881 0.022098960 0.004204795
0.067512810 0.033322129 0.037505068 0.006032743 0.030921953 0.030068975 0.031397171 0.025740944 0.032517664 0.015255651 0.021215418 0.015400041 0.023395300 0.032125529 0.052542768 0.051884335 0.035217695 0.015098874 0.030894108 0.025683314 0.034996938 0.027846539 0.046424933 0.029954027 0.029586185 0.019983275 0.030496620 0.027391814 0.037567493 0.031048251 0.048472665 0.018120309 0.029321944 0.036023669
0.044012859 0.020488610 0.015659442 0.030921953 -0.002182672 0.015858024 0.012077587 0.015317036 0.013558525 0.022207623 0.016526736 0.017998241 0.012173926 0.014321377 0.033972703 0.024266124 0.017060731 0.022248222 0.015986644 0.018376393 0.020030929 0.016108571 0.027528744 0.013741244 0.023375491 0.017453728 0.010931764 0.015078635 0.020410964 0.016960334 0.041916668 0.018877273 0.022561666 0.023262154
0.039148577 0.016490240 0.011366153 0.030068975 0.015858024 0.006213969 0.007057011 0.013878863 0.007156158 0.023353701 0.016875800 0.022896845 0.015946442 0.009408443 0.026305733 0.017504362 0.012568868 0.022054294 0.010120014 0.021093629 0.011407698 0.012995522 0.021445625 0.010240072 0.022961635 0.021560438 0.006662682 0.005596033 0.015262700 0.014268585 0.042503938 0.025991106 0.023934087 0.016037170
0.039418004 0.016548337 0.011345821 0.031397171 0.012077587 0.007057011 -0.004257573 0.009006673 0.008800337 0.021456754 0.002329571 0.022783725 0.012855168 0.004301720 0.024423756 0.019506140 0.012233152 0.014579278 0.005339673 0.017204698 0.012735753 0.005815014 0.021119555 0.002008449 0.016222086 0.007523159 0.003955220 0.004947270 0.016567972 0.009791538 0.033114832 0.013548610 0.017949108 0.013614493
0.052375846 0.018507455 0.019185981 0.025740944 0.015317036 0.013878863 0.009006673 0.008128153 0.012438849 0.020117912 0.014925444 0.020213064 0.013795899 0.014927411 0.034295343 0.028954726 0.019008812 0.020238820 0.014608672 0.022784520 0.019262724 0.014684511 0.030768022 0.010320331 0.022689080 0.017886037 0.010271109 0.009020568 0.020398013 0.015709257 0.048848495 0.021747623 0.020251693 0.022032935
0.040433530 0.023161152 0.011663362 0.032517664 0.013558525 0.007156158 0.008800337 0.012438849 0.003047951 0.024100948 0.015069785 0.024966454 0.012699481 0.008528654 0.022295235 0.019650169 0.012701355 0.016976507 0.013104024 0.028816108 0.013211068 0.012081036 0.019086862 0.009296204 0.023335895 0.019860698 0.008658189 0.008142225 0.011183028 0.014606505 0.049502883 0.018939357 0.011849390 0.009095002
0.060058162 0.024803586 0.030796012 0.015255651 0.022207623 0.023353701 0.021456754 0.020117912 0.024100948 0.006125111 0.013366353 0.009707661 0.017616104 0.021336373 0.045114197 0.042701639 0.028781548 0.011216080 0.022863895 0.022236777 0.028762858 0.020514216 0.039366975 0.021406215 0.023373157 0.012466555 0.022050742 0.019585902 0.032222949 0.023657691 0.045695268 0.013605887 0.022640588 0.031031223
0.047975250 0.019957090 0.022664582 0.021215418 0.016526736 0.016875800 0.002329571 0.014925444 0.015069785 0.013366353 0.000656564 0.012916309 0.012877745 0.012965016 0.035861921 0.031684455 0.020876989 0.009268652 0.014474336 0.017554406 0.021237120 0.011231259 0.032115389 0.013819596 0.019256102 0.009195181 0.013150573 0.014475746 0.026207218 0.017213881 0.033685237 0.009883356 0.018042805 0.025248831
0.056732260 0.026990155 0.032074496 0.015400041 0.017998241 0.022896845 0.022783725 0.020213064 0.024966454 0.009707661 0.012916309 0.003763383 0.019083571 0.021354333 0.042445399 0.042798162 0.028792396 0.009723843 0.023502748 0.024500322 0.031792331 0.019085545 0.038030595 0.023867637 0.021908797 0.013568263 0.021594502 0.024089457 0.030011961 0.023789421 0.043161862 0.010579578 0.021470059 0.029385179
0.041770104 0.014748127 0.021418497 0.023395300 0.012173926 0.015946442 0.012855168 0.013795899 0.012699481 0.017616104 0.012877745 0.019083571 0.001784291 0.012449722 0.034735553 0.030216783 0.022054229 0.014750942 0.017102782 0.016125083 0.018852649 0.016572921 0.030921662 0.014328022 0.022104820 0.012555039 0.012794390 0.010914611 0.024457898 0.016987551 0.035463169 0.014760509 0.016083006 0.020203944
0.042428982 0.016678486 0.014196783 0.032125529 0.014321377 0.009408443 0.004301720 0.014927411 0.008528654 0.021336373 0.012965016 0.021354333 0.012449722 0.005363385 0.029659731 0.021818720 0.013785965 0.019290322 0.010076346 0.015895043 0.013830445 0.013206603 0.023696627 0.009520336 0.021692475 0.017273277 0.007935930 0.008110167 0.017140776 0.015051018 0.042172376 0.020973904 0.025233520 0.017487558
0.029814208 0.032769591 0.014418703 0.052542768 0.033972703 0.026305733 0.024423756 0.034295343 0.022295235 0.045114197 0.035861921 0.042445399 0.034735553 0.029659731 0.009708975 0.021075746 0.021451052 0.057059683 0.027115246 0.049027156 0.021195404 0.030729769 0.018638283 0.022298073 0.043658495 0.047219664 0.027720187 0.022125749 0.016354494 0.029583909 0.088036083 0.049509481 0.046223532 0.018704060
0.034360535 0.025152730 0.010949560 0.051884335 0.024266124 0.017504362 0.019506140 0.028954726 0.019650169 0.042701639 0.031684455 0.042798162 0.030216783 0.021818720 0.021075746 0.001950989 0.016174342 0.043105148 0.021007977 0.037774704 0.010048184 0.025087673 0.012338378 0.018723920 0.034337133 0.040806610 0.020175327 0.018395059 0.005342828 0.025128843 0.057502981 0.038008116 0.034201294 0.009329377
0.034564868 0.020764131 0.012513652 0.035217695 0.017060731 0.012568868 0.012233152 0.019008812 0.012701355 0.028781548 0.020876989 0.028792396 0.022054229 0.013785965 0.021451052 0.016174342 0.001637812 0.024242396 0.009352067 0.021964423 0.010762585 0.015652904 0.016134527 0.012910471 0.025897250 0.025050636 0.009227844 0.011142937 0.011863198 0.018510072 0.038720664 0.026655219 0.028893307 0.011601407
0.067842387 0.017489353 0.029878726 0.015098874 0.022248222 0.022054294 0.014579278 0.020238820 0.016976507 0.011216080 0.009268652 0.009723843 0.014750942 0.019290322 0.057059683 0.043105148 0.024242396 0.004568901 0.016106397 0.024625447 0.027756579 0.012672158 0.042212747 0.016486708 0.019060563 0.011511786 0.019896986 0.015609628 0.029365391 0.022183422 0.047748134 0.012938216 0.032294758 0.032065138
0.040110543 0.014482705 0.011537725 0.030894108 0.015986644 0.010120014 0.005339673 0.014608672 0.013104024 0.022863895 0.014474336 0.023502748 0.017102782 0.010076346 0.027115246 0.021007977 0.009352067 0.016106397 -0.003262804 0.020160910 0.014547434 0.010188097 0.019655779 0.010785149 0.020228699 0.017220870 0.007343591 0.009206732 0.014039401 0.015437741 0.036342975 0.019758206 0.024082616 0.011948901
0.064662091 0.037452690 0.028645709 0.025683314 0.018376393 0.021093629 0.017204698 0.022784520 0.028816108 0.022236777 0.017554406 0.024500322 0.016125083 0.015895043 0.049027156 0.037774704 0.021964423 0.024625447 0.020160910 0.013909505 0.023967437 0.021520218 0.035808597 0.018717669 0.028196748 0.020500364 0.026601698 0.017810309 0.027138013 0.024644341 0.062551089 0.022685770 0.030356599 0.029325334
0.033840150 0.026262835 0.005174215 0.034996938 0.020030929 0.011407698 0.012735753 0.019262724 0.013211068 0.028762858 0.021237120 0.031792331 0.018852649 0.013830445 0.021195404 0.010048184 0.010762585 0.027756579 0.014547434 0.023967437 -0.000859160 0.017318383 0.010649321 0.012062028 0.032516081 0.028725322 0.016795896 0.007741114 0.009794731 0.017285870 0.048339739 0.028605334 0.024023624 0.007508705
0.043093439 0.017906072 0.016366361 0.027846539 0.016108571 0.012995522 0.005815014 0.014684511 0.012081036 0.020514216 0.011231259 0.019085545 0.016572921 0.013206603 0.030729769 0.025087673 0.015652904 0.012672158 0.010188097 0.021520218 0.017318383 -0.001045548 0.024808152 0.010758711 0.019978423 0.014255339 0.009151090 0.010232416 0.020307409 0.015911752 0.030845409 0.018176716 0.018429685 0.018853754
0.026877970 0.028682001 0.010142620 0.046424933 0.027528744 0.021445625 0.021119555 0.030768022 0.019086862 0.039366975 0.032115389 0.038030595 0.030921662 0.023696627 0.018638283 0.012338378 0.016134527 0.042212747 0.019655779 0.035808597 0.010649321 0.024808152 0.003462539 0.020522064 0.036554407 0.038871508 0.022674888 0.018343056 0.010510109 0.026223222 0.057923004 0.041421503 0.034466658 0.013217947
0.035461847 0.020439632 0.012052451 0.029954027 0.013741244 0.010240072 0.002008449 0.010320331 0.009296204 0.021406215 0.013819596 0.023867637 0.014328022 0.009520336 0.022298073 0.018723920 0.012910471 0.016486708 0.010785149 0.018717669 0.012062028 0.010758711 0.020522064 -0.000762709 0.021843508 0.016040685 0.005662406 0.007102449 0.016908096 0.011603978 0.028982533 0.017571274 0.015897425 0.014484506
0.056459580 0.019946828 0.027796917 0.029586185 0.023375491 0.022961635 0.016222086 0.022689080 0.023335895 0.023373157 0.019256102 0.021908797 0.022104820 0.021692475 0.043658495 0.034337133 0.025897250 0.019060563 0.020228699 0.028196748 0.032516081 0.019978423 0.036554407 0.021843508 -0.011929847 0.022438822 0.019694772 0.018530510 0.027532637 0.025379574 0.034455821 0.027816704 0.027551666 0.030608904
0.060422149 0.023951739 0.031917620 0.019983275 0.017453728 0.021560438 0.007523159 0.017886037 0.019860698 0.012466555 0.009195181 0.013568263 0.012555039 0.017273277 0.047219664 0.040806610 0.025050636 0.011511786 0.017220870 0.020500364 0.028725322 0.014255339 0.038871508 0.016040685 0.022438822 -0.000122655 0.018760612 0.019384900 0.031474773 0.021618167 0.038950637 0.010779145 0.019990476 0.031255975
0.039193109 0.012654705 0.011827562 0.030496620 0.010931764 0.006662682 0.003955220 0.010271109 0.008658189 0.022050742 0.013150573 0.021594502 0.012794390 0.007935930 0.027720187 0.020175327 0.009227844 0.019896986 0.007343591 0.026601698 0.016795896 0.009151090 0.022674888 0.005662406 0.019694772 0.018760612 0.001095168 0.005360436 0.013809276 0.010616622 0.033152658 0.020835500 0.021499209 0.013705440
0.036998235 0.017847124 0.007657941 0.027391814 0.015078635 0.005596033 0.004947270 0.009020568 0.008142225 0.019585902 0.014475746 0.024089457 0.010914611 0.008110167 0.022125749 0.018395059 0.011142937 0.015609628 0.009206732 0.017810309 0.007741114 0.010232416 0.018343056 0.007102449 0.018530510 0.019384900 0.005360436 -0.004368711 0.011678521 0.007813615 0.035014190 0.020567954 0.017206386 0.007813361
0.019444814 0.018775716 0.006550937 0.037567493 0.020410964 0.015262700 0.016567972 0.020398013 0.011183028 0.032222949 0.026207218 0.030011961 0.024457898 0.017140776 0.016354494 0.005342828 0.011863198 0.029365391 0.014039401 0.027138013 0.009794731 0.020307409 0.010510109 0.016908096 0.027532637 0.031474773 0.013809276 0.011678521 0.001869457 0.018992120 0.032394320 0.031373676 0.025913775 0.006295310
0.048264913 0.022164579 0.016746219 0.031048251 0.016960334 0.014268585 0.009791538 0.015709257 0.014606505 0.023657691 0.017213881 0.023789421 0.016987551 0.015051018 0.029583909 0.025128843 0.018510072 0.022183422 0.015437741 0.024644341 0.017285870 0.015911752 0.026223222 0.011603978 0.025379574 0.021618167 0.010616622 0.007813615 0.018992120 0.010962175 0.056467310 0.022843016 0.020216219 0.018505123
0.111444198 0.036301389 0.054717913 0.048472665 0.041916668 0.042503938 0.033114832 0.048848495 0.049502883 0.045695268 0.033685237 0.043161862 0.035463169 0.042172376 0.088036083 0.057502981 0.038720664 0.047748134 0.036342975 0.062551089 0.048339739 0.030845409 0.057923004 0.028982533 0.034455821 0.038950637 0.033152658 0.035014190 0.032394320 0.056467310 0.013683489 0.034530204 0.084281728 0.042560097
0.058958381 0.028756496 0.025968881 0.018120309 0.018877273 0.025991106 0.013548610 0.021747623 0.018939357 0.013605887 0.009883356 0.010579578 0.014760509 0.020973904 0.049509481 0.038008116 0.026655219 0.012938216 0.019758206 0.022685770 0.028605334 0.018176716 0.041421503 0.017571274 0.027816704 0.010779145 0.020835500 0.020567954 0.031373676 0.022843016 0.034530204 0.003329278 0.028660877 0.036625989
0.062032372 0.022714887 0.022098960 0.029321944 0.022561666 0.023934087 0.017949108 0.020251693 0.011849390 0.022640588 0.018042805 0.021470059 0.016083006 0.025233520 0.046223532 0.034201294 0.028893307 0.032294758 0.024082616 0.030356599 0.024023624 0.018429685 0.034466658 0.015897425 0.027551666 0.019990476 0.021499209 0.017206386 0.025913775 0.020216219 0.084281728 0.028660877 0.001055427 0.029044837
0.025353363 0.023609754 0.004204795 0.036023669 0.023262154 0.016037170 0.013614493 0.022032935 0.009095002 0.031031223 0.025248831 0.029385179 0.020203944 0.017487558 0.018704060 0.009329377 0.011601407 0.032065138 0.011948901 0.029325334 0.007508705 0.018853754 0.013217947 0.014484506 0.030608904 0.031255975 0.013705440 0.007813361 0.006295310 0.018505123 0.042560097 0.036625989 0.029044837 0.003400978
