0.000000000 0.073593073 0.031674210 0.150793657 0.238434166 0.150793657 0.097046413 0.119341567 0.115702480 0.183206111 0.216117218 0.150793657 0.164062500 0.108333334 0.069565214 0.119341567 0.040358745 0.218978107 0.160784319 0.112033196 0.065502182 0.130081296 0.077586204 0.081545062 0.100840338 0.150793657 0.069565214 0.073593073 0.022831051 0.073593073 0.284280926 0.150793657 0.073593073 0.147410363
0.073593073 0.000000000 0.042016808 0.078066915 0.167785242 0.078066915 0.023622047 0.046153847 0.042471044 0.111111112 0.144827589 0.078066915 0.091575094 0.035019454 0.004048583 0.046153847 0.033333335 0.147766322 0.088235296 0.038759690 0.008130081 0.057034221 0.004016064 0.008000000 0.027450981 0.078066915 0.004048583 0.000000000 0.050847456 0.000000000 0.215189874 0.078066915 0.000000000 0.074626863
0.031674210 0.042016808 0.000000000 0.119691119 0.208333328 0.119691119 0.065573767 0.088000000 0.084337346 0.152416363 0.185714290 0.119691119 0.133079842 0.076923080 0.037974682 0.088000000 0.008695652 0.188612103 0.129770994 0.080645159 0.033898305 0.098814227 0.046025105 0.050000001 0.069387756 0.119691119 0.037974682 0.042016808 0.008849557 0.042016808 0.254901975 0.119691119 0.042016808 0.116279073
0.150793657 0.078066915 0.119691119 0.000000000 0.090909094 0.000000000 0.054545455 0.032028470 0.035714287 0.033333335 0.067524113 0.000000000 0.013605442 0.043165468 0.082089551 0.032028470 0.111111112 0.070512824 0.010238908 0.039426524 0.086142324 0.021126760 0.074074075 0.070110701 0.050724637 0.000000000 0.082089551 0.078066915 0.128404662 0.078066915 0.139465868 0.000000000 0.078066915 0.003460208
0.238434166 0.167785242 0.208333328 0.090909094 0.000000000 0.090909094 0.144736841 0.122580647 0.126213595 0.057750762 0.023529412 0.090909094 0.077399381 0.133550495 0.171717167 0.122580647 0.200000003 0.020527860 0.080745339 0.129870132 0.175675675 0.111821085 0.163879603 0.159999996 0.140983611 0.090909094 0.171717167 0.167785242 0.216783211 0.167785242 0.049180329 0.090909094 0.167785242 0.094339624
0.150793657 0.078066915 0.119691119 0.000000000 0.090909094 0.000000000 0.054545455 0.032028470 0.035714287 0.033333335 0.067524113 0.000000000 0.013605442 0.043165468 0.082089551 0.032028470 0.111111112 0.070512824 0.010238908 0.039426524 0.086142324 0.021126760 0.074074075 0.070110701 0.050724637 0.000000000 0.082089551 0.078066915 0.128404662 0.078066915 0.139465868 0.000000000 0.078066915 0.003460208
0.097046413 0.023622047 0.065573767 0.054545455 0.144736841 0.054545455 0.000000000 0.022556391 0.018867925 0.087719299 0.121621624 0.054545455 0.068100356 0.011406844 0.027667984 0.022556391 0.056910571 0.124579124 0.064748198 0.015151516 0.031746034 0.033457249 0.019607844 0.015625000 0.003831418 0.054545455 0.027667984 0.023622047 0.074380167 0.023622047 0.192546591 0.054545455 0.023622047 0.051094890
0.119341567 0.046153847 0.088000000 0.032028470 0.122580647 0.032028470 0.022556391 0.000000000 0.003690037 0.065292098 0.099337749 0.032028470 0.045614034 0.011152416 0.050193049 0.000000000 0.079365082 0.102310233 0.042253520 0.007407407 0.054263566 0.010909091 0.042145595 0.038167939 0.018726591 0.032028470 0.050193049 0.046153847 0.096774191 0.046153847 0.170731708 0.032028470 0.046153847 0.028571429
0.115702480 0.042471044 0.084337346 0.035714287 0.126213595 0.035714287 0.018867925 0.003690037 0.000000000 0.068965517 0.102990031 0.035714287 0.049295776 0.007462686 0.046511628 0.003690037 0.075697213 0.105960265 0.045936394 0.003717472 0.050583657 0.014598540 0.038461540 0.034482758 0.015037594 0.035714287 0.046511628 0.042471044 0.093117408 0.042471044 0.174311921 0.035714287 0.042471044 0.032258064
0.183206111 0.111111112 0.152416363 0.033333335 0.057750762 0.033333335 0.087719299 0.065292098 0.068965517 0.000000000 0.034267914 0.033333335 0.019736841 0.076388888 0.115107916 0.065292098 0.143911436 0.037267081 0.023102310 0.072664358 0.119133577 0.054421768 0.107142858 0.103202850 0.083916083 0.033333335 0.115107916 0.111111112 0.161048695 0.111111112 0.106628239 0.033333335 0.111111112 0.036789298
0.216117218 0.144827589 0.185714290 0.067524113 0.023529412 0.067524113 0.121621624 0.099337749 0.102990031 0.034267914 0.000000000 0.067524113 0.053968254 0.110367894 0.148788929 0.099337749 0.177304968 0.003003003 0.057324842 0.106666669 0.152777776 0.088524587 0.140893474 0.136986300 0.117845118 0.067524113 0.148788929 0.144827589 0.194244608 0.144827589 0.072625697 0.067524113 0.144827589 0.070967741
0.150793657 0.078066915 0.119691119 0.000000000 0.090909094 0.000000000 0.054545455 0.032028470 0.035714287 0.033333335 0.067524113 0.000000000 0.013605442 0.043165468 0.082089551 0.032028470 0.111111112 0.070512824 0.010238908 0.039426524 0.086142324 0.021126760 0.074074075 0.070110701 0.050724637 0.000000000 0.082089551 0.078066915 0.128404662 0.078066915 0.139465868 0.000000000 0.078066915 0.003460208
0.164062500 0.091575094 0.133079842 0.013605442 0.077399381 0.013605442 0.068100356 0.045614034 0.049295776 0.019736841 0.053968254 0.013605442 0.000000000 0.056737587 0.095588237 0.045614034 0.124528304 0.056962024 0.003367003 0.053003535 0.099630997 0.034722224 0.087591238 0.083636366 0.064285718 0.013605442 0.095588237 0.091575094 0.141762450 0.091575094 0.126099706 0.013605442 0.091575094 0.017064847
0.108333334 0.035019454 0.076923080 0.043165468 0.133550495 0.043165468 0.011406844 0.011152416 0.007462686 0.076388888 0.110367894 0.043165468 0.056737587 0.000000000 0.039062500 0.011152416 0.068273090 0.113333337 0.053380784 0.003745318 0.043137256 0.022058824 0.031007752 0.027027028 0.007575758 0.043165468 0.039062500 0.035019454 0.085714288 0.035019454 0.181538463 0.043165468 0.035019454 0.039711192
0.069565214 0.004048583 0.037974682 0.082089551 0.171717167 0.082089551 0.027667984 0.050193049 0.046511628 0.115107916 0.148788929 0.082089551 0.095588237 0.039062500 0.000000000 0.050193049 0.029288704 0.151724145 0.092250921 0.042801555 0.004081632 0.061068702 0.008064516 0.012048192 0.031496063 0.082089551 0.000000000 0.004048583 0.046808511 0.004048583 0.219047621 0.082089551 0.004048583 0.078651689
0.119341567 0.046153847 0.088000000 0.032028470 0.122580647 0.032028470 0.022556391 0.000000000 0.003690037 0.065292098 0.099337749 0.032028470 0.045614034 0.011152416 0.050193049 0.000000000 0.079365082 0.102310233 0.042253520 0.007407407 0.054263566 0.010909091 0.042145595 0.038167939 0.018726591 0.032028470 0.050193049 0.046153847 0.096774191 0.046153847 0.170731708 0.032028470 0.046153847 0.028571429
0.040358745 0.033333335 0.008695652 0.111111112 0.200000003 0.111111112 0.056910571 0.079365082 0.075697213 0.143911436 0.177304968 0.111111112 0.124528304 0.068273090 0.029288704 0.079365082 0.000000000 0.180212021 0.121212125 0.071999997 0.025210084 0.090196081 0.037344400 0.041322313 0.060728744 0.111111112 0.029288704 0.033333335 0.017543860 0.033333335 0.246753246 0.111111112 0.033333335 0.107692309
0.218978107 0.147766322 0.188612103 0.070512824 0.020527860 0.070512824 0.124579124 0.102310233 0.105960265 0.037267081 0.003003003 0.070512824 0.056962024 0.113333337 0.151724145 0.102310233 0.180212021 0.000000000 0.060317460 0.109634548 0.155709341 0.091503270 0.143835619 0.139931738 0.120805368 0.070512824 0.151724145 0.147766322 0.197132617 0.147766322 0.069637880 0.070512824 0.147766322 0.073954985
0.160784319 0.088235296 0.129770994 0.010238908 0.080745339 0.010238908 0.064748198 0.042253520 0.045936394 0.023102310 0.057324842 0.010238908 0.003367003 0.053380784 0.092250921 0.042253520 0.121212125 0.060317460 0.000000000 0.049645390 0.096296296 0.031358887 0.084249087 0.080291972 0.060931899 0.010238908 0.092250921 0.088235296 0.138461545 0.088235296 0.129411772 0.010238908 0.088235296 0.013698630
0.112033196 0.038759690 0.080645159 0.039426524 0.129870132 0.039426524 0.015151516 0.007407407 0.003717472 0.072664358 0.106666669 0.039426524 0.053003535 0.003745318 0.042801555 0.007407407 0.071999997 0.109634548 0.049645390 0.000000000 0.046875000 0.018315019 0.034749035 0.030769231 0.011320755 0.039426524 0.042801555 0.038759690 0.089430891 0.038759690 0.177914113 0.039426524 0.038759690 0.035971224
0.065502182 0.008130081 0.033898305 0.086142324 0.175675675 0.086142324 0.031746034 0.054263566 0.050583657 0.119133577 0.152777776 0.086142324 0.099630997 0.043137256 0.004081632 0.054263566 0.025210084 0.155709341 0.096296296 0.046875000 0.000000000 0.065134101 0.012145749 0.016129032 0.035573121 0.086142324 0.004081632 0.008130081 0.042735044 0.008130081 0.222929940 0.086142324 0.008130081 0.082706764
0.130081296 0.057034221 0.098814227 0.021126760 0.111821085 0.021126760 0.033457249 0.010909091 0.014598540 0.054421768 0.088524587 0.021126760 0.034722224 0.022058824 0.061068702 0.010909091 0.090196081 0.091503270 0.031358887 0.018315019 0.065134101 0.000000000 0.053030305 0.049056605 0.029629629 0.021126760 0.061068702 0.057034221 0.107569724 0.057034221 0.160120845 0.021126760 0.057034221 0.017667845
0.077586204 0.004016064 0.046025105 0.074074075 0.163879603 0.074074075 0.019607844 0.042145595 0.038461540 0.107142858 0.140893474 0.074074075 0.087591238 0.031007752 0.008064516 0.042145595 0.037344400 0.143835619 0.084249087 0.034749035 0.012145749 0.053030305 0.000000000 0.003984064 0.023437500 0.074074075 0.008064516 0.004016064 0.054852322 0.004016064 0.211356461 0.074074075 0.004016064 0.070631973
0.081545062 0.008000000 0.050000001 0.070110701 0.159999996 0.070110701 0.015625000 0.038167939 0.034482758 0.103202850 0.136986300 0.070110701 0.083636366 0.027027028 0.012048192 0.038167939 0.041322313 0.139931738 0.080291972 0.030769231 0.016129032 0.049056605 0.003984064 0.000000000 0.019455252 0.070110701 0.012048192 0.008000000 0.058823530 0.008000000 0.207547173 0.070110701 0.008000000 0.066666670
0.100840338 0.027450981 0.069387756 0.050724637 0.140983611 0.050724637 0.003831418 0.018726591 0.015037594 0.083916083 0.117845118 0.050724637 0.064285718 0.007575758 0.031496063 0.018726591 0.060728744 0.120805368 0.060931899 0.011320755 0.035573121 0.029629629 0.023437500 0.019455252 0.000000000 0.050724637 0.031496063 0.027450981 0.078189299 0.027450981 0.188854486 0.050724637 0.027450981 0.047272727
0.150793657 0.078066915 0.119691119 0.000000000 0.090909094 0.000000000 0.054545455 0.032028470 0.035714287 0.033333335 0.067524113 0.000000000 0.013605442 0.043165468 0.082089551 0.032028470 0.111111112 0.070512824 0.010238908 0.039426524 0.086142324 0.021126760 0.074074075 0.070110701 0.050724637 0.000000000 0.082089551 0.078066915 0.128404662 0.078066915 0.139465868 0.000000000 0.078066915 0.003460208
0.069565214 0.004048583 0.037974682 0.082089551 0.171717167 0.082089551 0.027667984 0.050193049 0.046511628 0.115107916 0.148788929 0.082089551 0.095588237 0.039062500 0.000000000 0.050193049 0.029288704 0.151724145 0.092250921 0.042801555 0.004081632 0.061068702 0.008064516 0.012048192 0.031496063 0.082089551 0.000000000 0.004048583 0.046808511 0.004048583 0.219047621 0.082089551 0.004048583 0.078651689
0.073593073 0.000000000 0.042016808 0.078066915 0.167785242 0.078066915 0.023622047 0.046153847 0.042471044 0.111111112 0.144827589 0.078066915 0.091575094 0.035019454 0.004048583 0.046153847 0.033333335 0.147766322 0.088235296 0.038759690 0.008130081 0.057034221 0.004016064 0.008000000 0.027450981 0.078066915 0.004048583 0.000000000 0.050847456 0.000000000 0.215189874 0.078066915 0.000000000 0.074626863
0.022831051 0.050847456 0.008849557 0.128404662 0.216783211 0.128404662 0.074380167 0.096774191 0.093117408 0.161048695 0.194244608 0.128404662 0.141762450 0.085714288 0.046808511 0.096774191 0.017543860 0.197132617 0.138461545 0.089430891 0.042735044 0.107569724 0.054852322 0.058823530 0.078189299 0.128404662 0.046808511 0.050847456 0.000000000 0.050847456 0.263157904 0.128404662 0.050847456 0.125000000
0.073593073 0.000000000 0.042016808 0.078066915 0.167785242 0.078066915 0.023622047 0.046153847 0.042471044 0.111111112 0.144827589 0.078066915 0.091575094 0.035019454 0.004048583 0.046153847 0.033333335 0.147766322 0.088235296 0.038759690 0.008130081 0.057034221 0.004016064 0.008000000 0.027450981 0.078066915 0.004048583 0.000000000 0.050847456 0.000000000 0.215189874 0.078066915 0.000000000 0.074626863
0.284280926 0.215189874 0.254901975 0.139465868 0.049180329 0.139465868 0.192546591 0.170731708 0.174311921 0.106628239 0.072625697 0.139465868 0.126099706 0.181538463 0.219047621 0.170731708 0.246753246 0.069637880 0.129411772 0.177914113 0.222929940 0.160120845 0.211356461 0.207547173 0.188854486 0.139465868 0.219047621 0.215189874 0.263157904 0.215189874 0.000000000 0.139465868 0.215189874 0.142857149
0.150793657 0.078066915 0.119691119 0.000000000 0.090909094 0.000000000 0.054545455 0.032028470 0.035714287 0.033333335 0.067524113 0.000000000 0.013605442 0.043165468 0.082089551 0.032028470 0.111111112 0.070512824 0.010238908 0.039426524 0.086142324 0.021126760 0.074074075 0.070110701 0.050724637 0.000000000 0.082089551 0.078066915 0.128404662 0.078066915 0.139465868 0.000000000 0.078066915 0.003460208
0.073593073 0.000000000 0.042016808 0.078066915 0.167785242 0.078066915 0.023622047 0.046153847 0.042471044 0.111111112 0.144827589 0.078066915 0.091575094 0.035019454 0.004048583 0.046153847 0.033333335 0.147766322 0.088235296 0.038759690 0.008130081 0.057034221 0.004016064 0.008000000 0.027450981 0.078066915 0.004048583 0.000000000 0.050847456 0.000000000 0.215189874 0.078066915 0.000000000 0.074626863
0.147410363 0.074626863 0.116279073 0.003460208 0.094339624 0.003460208 0.051094890 0.028571429 0.032258064 0.036789298 0.070967741 0.003460208 0.017064847 0.039711192 0.078651689 0.028571429 0.107692309 0.073954985 0.013698630 0.035971224 0.082706764 0.017667845 0.070631973 0.066666670 0.047272727 0.003460208 0.078651689 0.074626863 0.125000000 0.074626863 0.142857149 0.003460208 0.074626863 0.000000000
