0.012232034 0.044317678 0.027524808 0.061995357 0.042246662 0.035334248 0.038541820 0.042975657 0.037862755 0.051884495 0.045150533 0.060214326 0.036899313 0.042775206 0.023743311 0.026959989 0.032221820 0.054988563 0.037962303 0.048071764 0.020967521 0.041680712 0.023485690 0.037115619 0.047502551 0.043008585 0.040049154 0.028721392 0.021167535 0.039167982 0.065174133 0.049746145 0.063450590 0.029097371
0.044317678 0.010201272 0.031011606 0.039779641 0.024787636 0.019598588 0.018801844 0.021789107 0.025303915 0.030551940 0.026275843 0.027528903 0.019181525 0.022111636 0.042887520 0.030113060 0.026909241 0.034078144 0.022827132 0.033185840 0.029626649 0.019158842 0.035836030 0.021011086 0.021899927 0.025293078 0.026887048 0.022413522 0.023236807 0.026668722 0.049111906 0.029000405 0.034477800 0.032463290
0.027524808 0.031011606 0.000487547 0.044654764 0.017936703 0.015009741 0.013238060 0.019293629 0.018275421 0.034175530 0.023858570 0.043321729 0.017577328 0.018015321 0.016143609 0.013546503 0.015148073 0.032157585 0.017219068 0.027661625 0.004256966 0.019199025 0.011479556 0.014081276 0.025702447 0.025237227 0.019762095 0.008414283 0.010542860 0.017806239 0.043294847 0.026960310 0.030049728 0.011786440
0.061995357 0.039779641 0.044654764 0.021293506 0.027901025 0.027664512 0.028856298 0.031673305 0.039266728 0.024797747 0.021085043 0.024287965 0.023469038 0.031458810 0.060626850 0.052940466 0.037176572 0.030186825 0.032317270 0.022102047 0.037171975 0.024133701 0.053008288 0.025462598 0.031951260 0.016489262 0.036258470 0.030647276 0.036471877 0.034427602 0.039556965 0.015639115 0.054494955 0.043951619
0.042246662 0.024787636 0.017936703 0.027901025 -0.002376640 0.017049327 0.011804515 0.013004459 0.017581277 0.019718044 0.015847316 0.018833648 0.012006987 0.014809317 0.035811730 0.025515253 0.016148565 0.028484896 0.018512279 0.019558828 0.022138692 0.015278838 0.028222468 0.013117722 0.015478978 0.015033502 0.015116643 0.016507981 0.022058394 0.015078253 0.049446344 0.019270711 0.025777541 0.030804384
0.035334248 0.019598588 0.015009741 0.027664512 0.017049327 0.008231596 0.007030315 0.011348984 0.010044521 0.021074604 0.017620280 0.023523144 0.012327806 0.011328085 0.027567629 0.018772652 0.013567673 0.026370520 0.014114744 0.016434906 0.010100653 0.012992517 0.022088032 0.009885240 0.017633080 0.017134251 0.014134269 0.005247782 0.017886531 0.012713399 0.040792484 0.024859173 0.025491020 0.022089031
0.038541820 0.018801844 0.013238060 0.028856298 0.011804515 0.007030315 -0.004391994 0.007048253 0.011548887 0.019106265 0.002140659 0.021832393 0.009246256 0.004829211 0.026626064 0.020747565 0.011955096 0.019646591 0.008118764 0.016738519 0.014398126 0.005600149 0.021822130 0.001489239 0.012600128 0.006549670 0.007016755 0.005736648 0.016803619 0.008535208 0.038076807 0.013083374 0.018584937 0.017773703
0.042975657 0.021789107 0.019293629 0.031673305 0.013004459 0.011348984 0.007048253 0.001988750 0.012574536 0.022239247 0.012514918 0.026398044 0.010321688 0.013455444 0.032394506 0.029109012 0.017042885 0.021197302 0.014719220 0.021396885 0.017620523 0.014271780 0.028589007 0.006800573 0.012701837 0.011087742 0.016201690 0.007720659 0.019616675 0.010423661 0.038349748 0.017324671 0.027354095 0.023931978
0.037862755 0.025303915 0.018275421 0.039266728 0.017581277 0.010044521 0.011548887 0.012574536 0.005505435 0.027448127 0.019125579 0.031238914 0.014376007 0.013564600 0.029407294 0.024059331 0.017099157 0.026075676 0.018461065 0.025440753 0.015224367 0.014515286 0.024549559 0.010820100 0.019890778 0.018350270 0.019996427 0.011087724 0.016081663 0.015704853 0.043207854 0.021308001 0.020088701 0.017095350
0.051884495 0.030551940 0.034175530 0.024797747 0.019718044 0.021074604 0.019106265 0.022239247 0.027448127 0.010814653 0.012499666 0.018970339 0.016730580 0.021281658 0.048538454 0.042542040 0.029327387 0.020610033 0.023882706 0.016843235 0.027804147 0.016743751 0.042244248 0.016851921 0.023899473 0.008589467 0.026871018 0.020286178 0.030755743 0.023782279 0.035224400 0.008642674 0.036287077 0.036571782
0.045150533 0.026275843 0.023858570 0.021085043 0.015847316 0.017620280 0.002140659 0.012514918 0.019125579 0.012499666 0.000371376 0.013951153 0.011180948 0.013309660 0.034480326 0.030979626 0.019837843 0.014041158 0.017590920 0.019229755 0.021893717 0.011868661 0.029506326 0.013026714 0.013262369 0.007442189 0.017374711 0.015081380 0.026663864 0.015781838 0.034087647 0.008392389 0.019767232 0.029612925
0.060214326 0.027528903 0.043321729 0.024287965 0.018833648 0.023523144 0.021832393 0.026398044 0.031238914 0.018970339 0.013951153 0.017204067 0.015773792 0.023559036 0.057256881 0.048489064 0.032691944 0.027527921 0.026287468 0.021173978 0.036013767 0.016042788 0.048387438 0.018140087 0.025106039 0.009945914 0.028329428 0.028156653 0.031737052 0.027732134 0.043987557 0.010983737 0.036046386 0.042394303
0.036899313 0.019181525 0.017577328 0.023469038 0.012006987 0.012327806 0.009246256 0.010321688 0.014376007 0.016730580 0.011180948 0.015773792 0.001410609 0.011186430 0.030216880 0.025197737 0.015704470 0.020882025 0.014614506 0.016225161 0.020610476 0.013448110 0.023991439 0.010578012 0.015783362 0.014333010 0.013223399 0.012299487 0.019587021 0.013835678 0.039319415 0.014755988 0.016614679 0.023044964
0.042775206 0.022111636 0.018015321 0.031458810 0.014809317 0.011328085 0.004829211 0.013455444 0.013564600 0.021281658 0.013309660 0.023559036 0.011186430 0.007375310 0.032747254 0.024644166 0.013715197 0.024552699 0.013792818 0.017098272 0.016368888 0.013845644 0.024749557 0.009552817 0.017333813 0.015132612 0.013135564 0.009871434 0.018933963 0.013908102 0.047354273 0.020829797 0.028488662 0.024233196
0.023743311 0.042887520 0.016143609 0.060626850 0.035811730 0.027567629 0.026626064 0.032394506 0.029407294 0.048538454 0.034480326 0.057256881 0.030216880 0.032747254 0.003866871 0.021258142 0.021583546 0.045736954 0.027261324 0.044168655 0.016759673 0.033654001 0.018501937 0.026721206 0.040700842 0.033168629 0.032156087 0.019170381 0.019870929 0.027853396 0.054406762 0.048372533 0.059041932 0.025763430
0.026959989 0.030113060 0.013546503 0.052940466 0.025515253 0.018772652 0.020747565 0.029109012 0.024059331 0.042542040 0.030979626 0.048489064 0.025197737 0.024644166 0.021258142 0.003567216 0.018042449 0.041019201 0.023598177 0.033527948 0.009468617 0.026056673 0.012864482 0.020777443 0.033733621 0.033394001 0.026363807 0.017072737 0.007205822 0.025389118 0.050384372 0.037275560 0.038935810 0.014493765
0.032221820 0.026909241 0.015148073 0.037176572 0.016148565 0.013567673 0.011955096 0.017042885 0.017099157 0.029327387 0.019837843 0.032691944 0.015704470 0.013715197 0.021583546 0.018042449 0.001819453 0.028754424 0.013213295 0.024244845 0.012372060 0.016163515 0.015390057 0.012216212 0.021176128 0.022472326 0.014261671 0.012694266 0.012456248 0.017292164 0.040933762 0.024084521 0.033200558 0.016047895
0.054988563 0.034078144 0.032157585 0.030186825 0.028484896 0.026370520 0.019646591 0.021197302 0.026075676 0.020610033 0.014041158 0.027527921 0.020882025 0.024552699 0.045736954 0.041019201 0.028754424 0.007938761 0.024863012 0.034025837 0.027550193 0.020664886 0.038852993 0.023007825 0.017920505 0.011609905 0.027439917 0.019656125 0.034122109 0.023855027 0.027808439 0.016965248 0.043675438 0.037730791
0.037962303 0.022827132 0.017219068 0.032317270 0.018512279 0.014114744 0.008118764 0.014719220 0.018461065 0.023882706 0.017590920 0.026287468 0.014614506 0.013792818 0.027261324 0.023598177 0.013213295 0.024863012 0.003393842 0.022630811 0.017057948 0.014560824 0.020992873 0.012989644 0.018299352 0.018554341 0.017360745 0.012376965 0.017574744 0.017268561 0.040546298 0.021265248 0.027618451 0.019412503
0.048071764 0.033185840 0.027661625 0.022102047 0.019558828 0.016434906 0.016738519 0.021396885 0.025440753 0.016843235 0.019229755 0.021173978 0.016225161 0.017098272 0.044168655 0.033527948 0.024244845 0.034025837 0.022630811 -0.003924290 0.019717343 0.016494937 0.038372923 0.017554183 0.026937084 0.018461311 0.025156749 0.015889145 0.026038170 0.023780650 0.046711702 0.014712661 0.031631902 0.033490151
0.020967521 0.029626649 0.004256966 0.037171975 0.022138692 0.010100653 0.014398126 0.017620523 0.015224367 0.027804147 0.021893717 0.036013767 0.020610476 0.016368888 0.016759673 0.009468617 0.012372060 0.027550193 0.017057948 0.019717343 -0.007207226 0.018345427 0.008959123 0.015109072 0.030739579 0.025661251 0.016474418 0.005553260 0.010775639 0.015547816 0.035956472 0.028468212 0.024251411 0.011372006
0.041680712 0.019158842 0.019199025 0.024133701 0.015278838 0.012992517 0.005600149 0.014271780 0.014515286 0.016743751 0.011868661 0.016042788 0.013448110 0.013845644 0.033654001 0.026056673 0.016163515 0.020664886 0.014560824 0.016494937 0.018345427 -0.000922317 0.026488330 0.009460259 0.017118353 0.013233980 0.012399793 0.010927967 0.020413043 0.016013728 0.036271658 0.015687121 0.018331619 0.023546033
0.023485690 0.035836030 0.011479556 0.053008288 0.028222468 0.022088032 0.021822130 0.028589007 0.024549559 0.042244248 0.029506326 0.048387438 0.023991439 0.024749557 0.018501937 0.012864482 0.015390057 0.038852993 0.020992873 0.038372923 0.008959123 0.026488330 0.002175360 0.022225386 0.033242512 0.030395404 0.024277700 0.017990509 0.011530143 0.024742160 0.047503136 0.041209452 0.044126924 0.018415138
0.037115619 0.021011086 0.014081276 0.025462598 0.013117722 0.009885240 0.001489239 0.006800573 0.010820100 0.016851921 0.013026714 0.018140087 0.010578012 0.009552817 0.026721206 0.020777443 0.012216212 0.023007825 0.012989644 0.017554183 0.015109072 0.009460259 0.022225386 -0.001766115 0.017712371 0.016425198 0.007953594 0.007754013 0.017523298 0.010102453 0.040523112 0.017854873 0.015703883 0.019426998
0.047502551 0.021899927 0.025702447 0.031951260 0.015478978 0.017633080 0.012600128 0.012701837 0.019890778 0.023899473 0.013262369 0.025106039 0.015783362 0.017333813 0.040700842 0.033733621 0.021176128 0.017920505 0.018299352 0.026937084 0.030739579 0.017118353 0.033242512 0.017712371 -0.016867159 0.012139086 0.020679863 0.016717721 0.024113681 0.017799478 0.027902089 0.018423272 0.032024294 0.029546287
0.043008585 0.025293078 0.025237227 0.016489262 0.015033502 0.017134251 0.006549670 0.011087742 0.018350270 0.008589467 0.007442189 0.009945914 0.014333010 0.015132612 0.033168629 0.033394001 0.022472326 0.011609905 0.018554341 0.018461311 0.025661251 0.013233980 0.030395404 0.016425198 0.012139086 -0.000356879 0.017198440 0.017316304 0.027826127 0.015528200 0.032073364 0.008256052 0.014846831 0.028093806
0.040049154 0.026887048 0.019762095 0.036258470 0.015116643 0.014134269 0.007016755 0.016201690 0.019996427 0.026871018 0.017374711 0.028329428 0.013223399 0.013135564 0.032156087 0.026363807 0.014261671 0.027439917 0.017360745 0.025156749 0.016474418 0.012399793 0.024277700 0.007953594 0.020679863 0.017198440 0.009843539 0.009829054 0.018644046 0.017190456 0.046679884 0.020993968 0.027582627 0.022969967
0.028721392 0.022413522 0.008414283 0.030647276 0.016507981 0.005247782 0.005736648 0.007720659 0.011087724 0.020286178 0.015081380 0.028156653 0.012299487 0.009871434 0.019170381 0.017072737 0.012694266 0.019656125 0.012376965 0.015889145 0.005553260 0.010927967 0.017990509 0.007754013 0.016717721 0.017316304 0.009829054 -0.004457787 0.012486045 0.007272849 0.029984701 0.019216161 0.022921335 0.011583794
0.021167535 0.023236807 0.010542860 0.036471877 0.022058394 0.017886531 0.016803619 0.019616675 0.016081663 0.030755743 0.026663864 0.031737052 0.019587021 0.018933963 0.019870929 0.007205822 0.012456248 0.034122109 0.017574744 0.026038170 0.010775639 0.020413043 0.011530143 0.017523298 0.024113681 0.027826127 0.018644046 0.012486045 0.004452767 0.018771611 0.040065654 0.032395091 0.026493313 0.014014654
0.039167982 0.026668722 0.017806239 0.034427602 0.015078253 0.012713399 0.008535208 0.010423661 0.015704853 0.023782279 0.015781838 0.027732134 0.013835678 0.013908102 0.027853396 0.025389118 0.017292164 0.023855027 0.017268561 0.023780650 0.015547816 0.016013728 0.024742160 0.010102453 0.017799478 0.015528200 0.017190456 0.007272849 0.018771611 0.007041944 0.040021058 0.018004058 0.027962795 0.020610297
0.065174133 0.049111906 0.043294847 0.039556965 0.049446344 0.040792484 0.038076807 0.038349748 0.043207854 0.035224400 0.034087647 0.043987557 0.039319415 0.047354273 0.054406762 0.050384372 0.040933762 0.027808439 0.040546298 0.046711702 0.035956472 0.036271658 0.047503136 0.040523112 0.027902089 0.032073364 0.046679884 0.029984701 0.040065654 0.040021058 -0.021121036 0.032769952 0.065848380 0.046175472
0.049746145 0.029000405 0.026960310 0.015639115 0.019270711 0.024859173 0.013083374 0.017324671 0.021308001 0.008642674 0.008392389 0.010983737 0.014755988 0.020829797 0.048372533 0.037275560 0.024084521 0.016965248 0.021265248 0.014712661 0.028468212 0.015687121 0.041209452 0.017854873 0.018423272 0.008256052 0.020993968 0.019216161 0.032395091 0.018004058 0.032769952 0.002700820 0.028749933 0.043243773
0.063450590 0.034477800 0.030049728 0.054494955 0.025777541 0.025491020 0.018584937 0.027354095 0.020088701 0.036287077 0.019767232 0.036046386 0.016614679 0.028488662 0.059041932 0.038935810 0.033200558 0.043675438 0.027618451 0.031631902 0.024251411 0.018331619 0.044126924 0.015703883 0.032024294 0.014846831 0.027582627 0.022921335 0.026493313 0.027962795 0.065848380 0.028749933 0.024339013 0.040100709
0.029097371 0.032463290 0.011786440 0.043951619 0.030804384 0.022089031 0.017773703 0.023931978 0.017095350 0.036571782 0.029612925 0.042394303 0.023044964 0.024233196 0.025763430 0.014493765 0.016047895 0.037730791 0.019412503 0.033490151 0.011372006 0.023546033 0.018415138 0.019426998 0.029546287 0.028093806 0.022969967 0.011583794 0.014014654 0.020610297 0.046175472 0.043243773 0.040100709 0.016065862
