0.000000000 0.164948449 0.156250000 0.280000001 0.228571430 0.224880382 0.198019803 0.213592231 0.189999998 0.260273963 0.242990658 0.292576432 0.228571430 0.217391297 0.094972067 0.205882356 0.133689836 0.273542613 0.239436626 0.286343604 0.160621762 0.228571430 0.260273963 0.164948449 0.239436626 0.224880382 0.164948449 0.201970443 0.185929641 0.217391297 0.354581684 0.301724136 0.292576432 0.213592231
0.164948449 0.000000000 0.008928572 0.120622568 0.066115700 0.062240664 0.034188036 0.050420169 0.025862070 0.099601597 0.081300810 0.134099618 0.066115700 0.054393306 0.071090050 0.042372882 0.031963471 0.113725491 0.077551022 0.127413124 0.004444445 0.066115700 0.099601597 0.000000000 0.077551022 0.062240664 0.000000000 0.038297873 0.021645023 0.054393306 0.201413423 0.143939391 0.134099618 0.050420169
0.156250000 0.008928572 0.000000000 0.129411772 0.075000003 0.071129709 0.043103449 0.059322033 0.034782607 0.108433738 0.090163931 0.142857149 0.075000003 0.063291140 0.062200956 0.051282052 0.023041476 0.122529641 0.086419754 0.136186764 0.004484305 0.075000003 0.108433738 0.008928572 0.086419754 0.071129709 0.008928572 0.047210302 0.030567685 0.063291140 0.209964409 0.152671754 0.142857149 0.059322033
0.280000001 0.120622568 0.129411772 0.000000000 0.054945055 0.058823530 0.086792454 0.070631973 0.095057033 0.021276595 0.039711192 0.013698630 0.054945055 0.066666670 0.190082639 0.078651689 0.151999995 0.006993007 0.043478262 0.006896552 0.125000000 0.054945055 0.021276595 0.120622568 0.043478262 0.058823530 0.120622568 0.082706764 0.099236645 0.066666670 0.082802549 0.023728814 0.013698630 0.070631973
0.228571430 0.066115700 0.075000003 0.054945055 0.000000000 0.003891051 0.032000002 0.015748031 0.040322579 0.033707865 0.015267176 0.068592057 0.000000000 0.011764706 0.136563882 0.023809524 0.097872339 0.047970481 0.011494253 0.061818182 0.070539422 0.000000000 0.033707865 0.066115700 0.011494253 0.003891051 0.066115700 0.027888447 0.044534411 0.011764706 0.137123749 0.078571431 0.068592057 0.015748031
0.224880382 0.062240664 0.071129709 0.058823530 0.003891051 0.000000000 0.028112451 0.011857707 0.036437247 0.037593983 0.019157087 0.072463766 0.003891051 0.007874016 0.132743359 0.019920319 0.094017096 0.051851850 0.015384615 0.065693431 0.066666670 0.003891051 0.037593983 0.062240664 0.015384615 0.000000000 0.062240664 0.024000000 0.040650405 0.007874016 0.140939593 0.082437277 0.072463766 0.011857707
0.198019803 0.034188036 0.043103449 0.086792454 0.032000002 0.028112451 0.000000000 0.016260162 0.008333334 0.065637067 0.047244094 0.100371748 0.032000002 0.020242915 0.105022833 0.008196721 0.066079296 0.079847910 0.043478262 0.093632959 0.038626611 0.032000002 0.065637067 0.034188036 0.043478262 0.028112451 0.034188036 0.004115226 0.012552301 0.020242915 0.168384880 0.110294119 0.100371748 0.016260162
0.213592231 0.050420169 0.059322033 0.070631973 0.015748031 0.011857707 0.016260162 0.000000000 0.024590164 0.049429659 0.031007752 0.084249087 0.015748031 0.003984064 0.121076234 0.008064516 0.082251079 0.063670412 0.027237354 0.077490777 0.054852322 0.015748031 0.049429659 0.050420169 0.027237354 0.011857707 0.050420169 0.012145749 0.028806584 0.003984064 0.152542368 0.094202898 0.084249087 0.000000000
0.189999998 0.025862070 0.034782607 0.095057033 0.040322579 0.036437247 0.008333334 0.024590164 0.000000000 0.073929958 0.055555556 0.108614229 0.040322579 0.028571429 0.096774191 0.016528925 0.057777777 0.088122606 0.051792830 0.101886794 0.030303031 0.040322579 0.073929958 0.025862070 0.051792830 0.036437247 0.025862070 0.012448133 0.004219409 0.028571429 0.176470593 0.118518516 0.108614229 0.024590164
0.260273963 0.099601597 0.108433738 0.021276595 0.033707865 0.037593983 0.065637067 0.049429659 0.073929958 0.000000000 0.018450184 0.034965035 0.033707865 0.045454547 0.169491529 0.057471264 0.131147534 0.014285714 0.022222223 0.028169014 0.104000002 0.033707865 0.000000000 0.099601597 0.022222223 0.037593983 0.099601597 0.061538462 0.078125000 0.045454547 0.103896104 0.044982698 0.034965035 0.049429659
0.242990658 0.081300810 0.090163931 0.039711192 0.015267176 0.019157087 0.047244094 0.031007752 0.055555556 0.018450184 0.000000000 0.053380784 0.015267176 0.027027028 0.151515156 0.039062500 0.112970710 0.032727271 0.003773585 0.046594981 0.085714288 0.015267176 0.018450184 0.081300810 0.003773585 0.019157087 0.081300810 0.043137256 0.059760958 0.027027028 0.122112215 0.063380279 0.053380784 0.031007752
0.292576432 0.134099618 0.142857149 0.013698630 0.068592057 0.072463766 0.100371748 0.084249087 0.108614229 0.034965035 0.053380784 0.000000000 0.068592057 0.080291972 0.203252032 0.092250921 0.165354326 0.020689655 0.057142857 0.006802721 0.138461545 0.068592057 0.034965035 0.134099618 0.057142857 0.072463766 0.134099618 0.096296296 0.112781957 0.080291972 0.069182388 0.010033445 0.000000000 0.084249087
0.228571430 0.066115700 0.075000003 0.054945055 0.000000000 0.003891051 0.032000002 0.015748031 0.040322579 0.033707865 0.015267176 0.068592057 0.000000000 0.011764706 0.136563882 0.023809524 0.097872339 0.047970481 0.011494253 0.061818182 0.070539422 0.000000000 0.033707865 0.066115700 0.011494253 0.003891051 0.066115700 0.027888447 0.044534411 0.011764706 0.137123749 0.078571431 0.068592057 0.015748031
0.217391297 0.054393306 0.063291140 0.066666670 0.011764706 0.007874016 0.020242915 0.003984064 0.028571429 0.045454547 0.027027028 0.080291972 0.011764706 0.000000000 0.125000000 0.012048192 0.086206898 0.059701491 0.023255814 0.073529415 0.058823530 0.011764706 0.045454547 0.054393306 0.023255814 0.007874016 0.054393306 0.016129032 0.032786883 0.000000000 0.148648649 0.090252705 0.080291972 0.003984064
0.094972067 0.071090050 0.062200956 0.190082639 0.136563882 0.132743359 0.105022833 0.121076234 0.096774191 0.169491529 0.151515156 0.203252032 0.136563882 0.125000000 0.000000000 0.113122173 0.039215688 0.183333337 0.147826090 0.196721315 0.066666670 0.136563882 0.169491529 0.071090050 0.147826090 0.132743359 0.071090050 0.109090909 0.092592590 0.125000000 0.268656731 0.212851405 0.203252032 0.121076234
0.205882356 0.042372882 0.051282052 0.078651689 0.023809524 0.019920319 0.008196721 0.008064516 0.016528925 0.057471264 0.039062500 0.092250921 0.023809524 0.012048192 0.113122173 0.000000000 0.074235804 0.071698114 0.035294119 0.085501857 0.046808511 0.023809524 0.057471264 0.042372882 0.035294119 0.019920319 0.042372882 0.004081632 0.020746889 0.012048192 0.160409555 0.102189779 0.092250921 0.008064516
0.133689836 0.031963471 0.023041476 0.151999995 0.097872339 0.094017096 0.066079296 0.082251079 0.057777777 0.131147534 0.112970710 0.165354326 0.097872339 0.086206898 0.039215688 0.074235804 0.000000000 0.145161286 0.109243698 0.158730164 0.027522936 0.097872339 0.131147534 0.031963471 0.109243698 0.094017096 0.031963471 0.070175439 0.053571429 0.086206898 0.231884062 0.175097272 0.165354326 0.082251079
0.273542613 0.113725491 0.122529641 0.006993007 0.047970481 0.051851850 0.079847910 0.063670412 0.088122606 0.014285714 0.032727271 0.020689655 0.047970481 0.059701491 0.183333337 0.071698114 0.145161286 0.000000000 0.036496349 0.013888889 0.118110240 0.047970481 0.014285714 0.113725491 0.036496349 0.051851850 0.113725491 0.075757578 0.092307694 0.059701491 0.089743592 0.030716723 0.020689655 0.063670412
0.239436626 0.077551022 0.086419754 0.043478262 0.011494253 0.015384615 0.043478262 0.027237354 0.051792830 0.022222223 0.003773585 0.057142857 0.011494253 0.023255814 0.147826090 0.035294119 0.109243698 0.036496349 0.000000000 0.050359711 0.081967212 0.011494253 0.022222223 0.077551022 0.000000000 0.015384615 0.077551022 0.039370079 0.056000002 0.023255814 0.125827819 0.067137808 0.057142857 0.027237354
0.286343604 0.127413124 0.136186764 0.006896552 0.061818182 0.065693431 0.093632959 0.077490777 0.101886794 0.028169014 0.046594981 0.006802721 0.061818182 0.073529415 0.196721315 0.085501857 0.158730164 0.013888889 0.050359711 0.000000000 0.131782949 0.061818182 0.028169014 0.127413124 0.050359711 0.065693431 0.127413124 0.089552239 0.106060609 0.073529415 0.075949363 0.016835017 0.006802721 0.077490777
0.160621762 0.004444445 0.004484305 0.125000000 0.070539422 0.066666670 0.038626611 0.054852322 0.030303031 0.104000002 0.085714288 0.138461545 0.070539422 0.058823530 0.066666670 0.046808511 0.027522936 0.118110240 0.081967212 0.131782949 0.000000000 0.070539422 0.104000002 0.004444445 0.081967212 0.066666670 0.004444445 0.042735044 0.026086956 0.058823530 0.205673754 0.148288980 0.138461545 0.054852322
0.228571430 0.066115700 0.075000003 0.054945055 0.000000000 0.003891051 0.032000002 0.015748031 0.040322579 0.033707865 0.015267176 0.068592057 0.000000000 0.011764706 0.136563882 0.023809524 0.097872339 0.047970481 0.011494253 0.061818182 0.070539422 0.000000000 0.033707865 0.066115700 0.011494253 0.003891051 0.066115700 0.027888447 0.044534411 0.011764706 0.137123749 0.078571431 0.068592057 0.015748031
0.260273963 0.099601597 0.108433738 0.021276595 0.033707865 0.037593983 0.065637067 0.049429659 0.073929958 0.000000000 0.018450184 0.034965035 0.033707865 0.045454547 0.169491529 0.057471264 0.131147534 0.014285714 0.022222223 0.028169014 0.104000002 0.033707865 0.000000000 0.099601597 0.022222223 0.037593983 0.099601597 0.061538462 0.078125000 0.045454547 0.103896104 0.044982698 0.034965035 0.049429659
0.164948449 0.000000000 0.008928572 0.120622568 0.066115700 0.062240664 0.034188036 0.050420169 0.025862070 0.099601597 0.081300810 0.134099618 0.066115700 0.054393306 0.071090050 0.042372882 0.031963471 0.113725491 0.077551022 0.127413124 0.004444445 0.066115700 0.099601597 0.000000000 0.077551022 0.062240664 0.000000000 0.038297873 0.021645023 0.054393306 0.201413423 0.143939391 0.134099618 0.050420169
0.239436626 0.077551022 0.086419754 0.043478262 0.011494253 0.015384615 0.043478262 0.027237354 0.051792830 0.022222223 0.003773585 0.057142857 0.011494253 0.023255814 0.147826090 0.035294119 0.109243698 0.036496349 0.000000000 0.050359711 0.081967212 0.011494253 0.022222223 0.077551022 0.000000000 0.015384615 0.077551022 0.039370079 0.056000002 0.023255814 0.125827819 0.067137808 0.057142857 0.027237354
0.224880382 0.062240664 0.071129709 0.058823530 0.003891051 0.000000000 0.028112451 0.011857707 0.036437247 0.037593983 0.019157087 0.072463766 0.003891051 0.007874016 0.132743359 0.019920319 0.094017096 0.051851850 0.015384615 0.065693431 0.066666670 0.003891051 0.037593983 0.062240664 0.015384615 0.000000000 0.062240664 0.024000000 0.040650405 0.007874016 0.140939593 0.082437277 0.072463766 0.011857707
0.164948449 0.000000000 0.008928572 0.120622568 0.066115700 0.062240664 0.034188036 0.050420169 0.025862070 0.099601597 0.081300810 0.134099618 0.066115700 0.054393306 0.071090050 0.042372882 0.031963471 0.113725491 0.077551022 0.127413124 0.004444445 0.066115700 0.099601597 0.000000000 0.077551022 0.062240664 0.000000000 0.038297873 0.021645023 0.054393306 0.201413423 0.143939391 0.134099618 0.050420169
0.201970443 0.038297873 0.047210302 0.082706764 0.027888447 0.024000000 0.004115226 0.012145749 0.012448133 0.061538462 0.043137256 0.096296296 0.027888447 0.016129032 0.109090909 0.004081632 0.070175439 0.075757578 0.039370079 0.089552239 0.042735044 0.027888447 0.061538462 0.038297873 0.039370079 0.024000000 0.038297873 0.000000000 0.016666668 0.016129032 0.164383560 0.106227107 0.096296296 0.012145749
0.185929641 0.021645023 0.030567685 0.099236645 0.044534411 0.040650405 0.012552301 0.028806584 0.004219409 0.078125000 0.059760958 0.112781957 0.044534411 0.032786883 0.092592590 0.020746889 0.053571429 0.092307694 0.056000002 0.106060609 0.026086956 0.044534411 0.078125000 0.021645023 0.056000002 0.040650405 0.021645023 0.016666668 0.000000000 0.032786883 0.180555552 0.122676581 0.112781957 0.028806584
0.217391297 0.054393306 0.063291140 0.066666670 0.011764706 0.007874016 0.020242915 0.003984064 0.028571429 0.045454547 0.027027028 0.080291972 0.011764706 0.000000000 0.125000000 0.012048192 0.086206898 0.059701491 0.023255814 0.073529415 0.058823530 0.011764706 0.045454547 0.054393306 0.023255814 0.007874016 0.054393306 0.016129032 0.032786883 0.000000000 0.148648649 0.090252705 0.080291972 0.003984064
0.354581684 0.201413423 0.209964409 0.082802549 0.137123749 0.140939593 0.168384880 0.152542368 0.176470593 0.103896104 0.122112215 0.069182388 0.137123749 0.148648649 0.268656731 0.160409555 0.231884062 0.089743592 0.125827819 0.075949363 0.205673754 0.137123749 0.103896104 0.201413423 0.125827819 0.140939593 0.201413423 0.164383560 0.180555552 0.148648649 0.000000000 0.059190031 0.069182388 0.152542368
0.301724136 0.143939391 0.152671754 0.023728814 0.078571431 0.082437277 0.110294119 0.094202898 0.118518516 0.044982698 0.063380279 0.010033445 0.078571431 0.090252705 0.212851405 0.102189779 0.175097272 0.030716723 0.067137808 0.016835017 0.148288980 0.078571431 0.044982698 0.143939391 0.067137808 0.082437277 0.143939391 0.106227107 0.122676581 0.090252705 0.059190031 0.000000000 0.010033445 0.094202898
0.292576432 0.134099618 0.142857149 0.013698630 0.068592057 0.072463766 0.100371748 0.084249087 0.108614229 0.034965035 0.053380784 0.000000000 0.068592057 0.080291972 0.203252032 0.092250921 0.165354326 0.020689655 0.057142857 0.006802721 0.138461545 0.068592057 0.034965035 0.134099618 0.057142857 0.072463766 0.134099618 0.096296296 0.112781957 0.080291972 0.069182388 0.010033445 0.000000000 0.084249087
0.213592231 0.050420169 0.059322033 0.070631973 0.015748031 0.011857707 0.016260162 0.000000000 0.024590164 0.049429659 0.031007752 0.084249087 0.015748031 0.003984064 0.121076234 0.008064516 0.082251079 0.063670412 0.027237354 0.077490777 0.054852322 0.015748031 0.049429659 0.050420169 0.027237354 0.011857707 0.050420169 0.012145749 0.028806584 0.003984064 0.152542368 0.094202898 0.084249087 0.000000000
