0.000000000000000000e+00 4.778157174587249756e-02 5.599082633852958679e-02 1.312180161476135254e-01 3.945767506957054138e-02 6.557377055287361145e-03 8.331699669361114502e-02 1.514881476759910583e-02 4.382319748401641846e-02 1.063063070178031921e-01 3.891709074378013611e-02 8.140899986028671265e-02 1.134699862450361252e-02 3.120617195963859558e-02 1.955719478428363800e-02 4.342900216579437256e-02 2.401978150010108948e-02 4.461247473955154419e-02 4.224820807576179504e-02 1.795090734958648682e-01 1.319131553173065186e-01 7.051530480384826660e-02 3.930788114666938782e-02 9.209486097097396851e-02 4.045841470360755920e-02 1.076368018984794617e-01 2.314386144280433655e-02 1.476635485887527466e-01 4.773392900824546814e-02 6.823893636465072632e-02 1.074113883078098297e-02 8.555353432893753052e-02 9.677419438958168030e-03 6.544901430606842041e-02
4.778157174587249756e-02 0.000000000000000000e+00 8.231278508901596069e-03 8.396287262439727783e-02 8.707507699728012085e-02 4.123711213469505310e-02 3.567745909094810486e-02 6.288486719131469727e-02 3.966679796576499939e-03 5.882352963089942932e-02 8.880994282662868500e-03 3.375874832272529602e-02 3.645433485507965088e-02 7.887014001607894897e-02 2.825077436864376068e-02 4.361617844551801682e-03 7.171903550624847412e-02 3.175863530486822128e-03 5.544554442167282104e-03 1.328671276569366455e-01 8.466522395610809326e-02 2.281059138476848602e-02 8.489634841680526733e-03 4.450915008783340454e-02 8.806972950696945190e-02 6.016466021537780762e-02 2.466498315334320068e-02 1.005917191505432129e-01 9.529814124107360840e-02 2.052428387105464935e-02 5.849268659949302673e-02 1.327922642230987549e-01 5.743243172764778137e-02 1.128775849938392639e-01
5.599082633852958679e-02 8.231278508901596069e-03 0.000000000000000000e+00 7.578397542238235474e-02 9.523809701204299927e-02 4.945160821080207825e-02 2.745424211025238037e-02 7.107935100793838501e-02 1.219756063073873520e-02 5.061675980687141418e-02 1.711102202534675598e-02 2.553456462919712067e-02 4.467220976948738098e-02 8.704490959644317627e-02 3.647357225418090820e-02 1.259244419634342194e-02 7.990314811468124390e-02 1.140684448182582855e-02 1.377520430833101273e-02 1.247723102569580078e-01 7.648725062608718872e-02 1.458205003291368484e-02 1.671974547207355499e-02 3.629116714000701904e-02 9.623124450445175171e-02 5.195911228656768799e-02 3.288958594202995300e-02 9.243697673082351685e-02 1.034482792019844055e-01 1.229508221149444580e-02 6.669186055660247803e-02 1.408695578575134277e-01 6.563268601894378662e-02 1.209964379668235779e-01
1.312180161476135254e-01 8.396287262439727783e-02 7.578397542238235474e-02 0.000000000000000000e+00 1.697965562343597412e-01 1.247679963707923889e-01 4.843049496412277222e-02 1.460764557123184204e-01 8.790028095245361328e-02 2.526412531733512878e-02 9.277468919754028320e-02 5.034683272242546082e-02 1.200497597455978394e-01 1.617618054151535034e-01 1.119481027126312256e-01 8.829215914011001587e-02 1.547500491142272949e-01 8.711551129817962646e-02 8.946578204631805420e-02 4.945598542690277100e-02 7.073803571984171867e-04 6.126962974667549133e-02 9.238665550947189331e-02 3.960172086954116821e-02 1.707698255777359009e-01 2.391904406249523163e-02 1.084033623337745667e-01 1.677048392593860626e-02 1.778380423784255981e-01 6.354810297489166260e-02 1.417593508958816528e-01 2.143650501966476440e-01 1.407167464494705200e-01 1.949924081563949585e-01
3.945767506957054138e-02 8.707507699728012085e-02 9.523809701204299927e-02 1.697965562343597412e-01 0.000000000000000000e+00 4.600314795970916748e-02 1.223723739385604858e-01 2.432339824736118317e-02 8.313710987567901611e-02 1.451551169157028198e-01 7.825459539890289307e-02 1.204796731472015381e-01 5.078193545341491699e-02 8.261675946414470673e-03 5.896936357021331787e-02 8.274488151073455811e-02 1.545253861695528030e-02 8.392242342233657837e-02 8.156990259885787964e-02 2.174267172813415527e-01 1.704834550619125366e-01 1.096678450703620911e-01 7.864357531070709229e-02 1.310762315988540649e-01 1.002338831312954426e-03 1.464723944664001465e-01 6.254442036151885986e-02 1.860372871160507202e-01 8.291874080896377563e-03 1.074074059724807739e-01 2.872871235013008118e-02 4.625199362635612488e-02 2.979163080453872681e-02 2.605863101780414581e-02
6.557377055287361145e-03 4.123711213469505310e-02 4.945160821080207825e-02 1.247679963707923889e-01 4.600314795970916748e-02 0.000000000000000000e+00 7.680158317089080811e-02 2.170403674244880676e-02 3.727653250098228455e-02 9.981851279735565186e-02 3.236797451972961426e-02 7.489160448312759399e-02 4.789977800101041794e-03 3.775582090020179749e-02 1.300148572772741318e-02 3.688212856650352478e-02 3.057234361767768860e-02 3.806623443961143494e-02 3.570071980357170105e-02 1.731555163860321045e-01 1.254643052816390991e-01 6.398751586675643921e-02 3.275894746184349060e-02 8.558917045593261719e-02 4.700332134962081909e-02 1.011508181691169739e-01 1.658900268375873566e-02 1.412429362535476685e-01 5.427432060241699219e-02 6.170916929841041565e-02 1.729729771614074707e-02 9.205926209688186646e-02 1.623376645147800446e-02 7.197549939155578613e-02
8.331699669361114502e-02 3.567745909094810486e-02 2.745424211025238037e-02 4.843049496412277222e-02 1.223723739385604858e-01 7.680158317089080811e-02 0.000000000000000000e+00 9.834168851375579834e-02 3.963853046298027039e-02 2.319474890828132629e-02 4.454433917999267578e-02 1.921024522744119167e-03 7.203809916973114014e-02 1.142261773347854614e-01 6.386386603116989136e-02 4.003284871578216553e-02 1.071223989129066467e-01 3.884892165660858154e-02 4.121386259794235229e-02 9.765258431434631348e-02 4.913619160652160645e-02 1.287734881043434143e-02 4.415372014045715332e-02 8.845739066600799561e-03 1.233595833182334900e-01 2.453987672924995422e-02 6.028939038515090942e-02 6.514806300401687622e-02 1.305318027734756470e-01 1.516427937895059586e-02 9.397403895854949951e-02 1.676753312349319458e-01 9.291949868202209473e-02 1.479591876268386841e-01
1.514881476759910583e-02 6.288486719131469727e-02 7.107935100793838501e-02 1.460764557123184204e-01 2.432339824736118317e-02 2.170403674244880676e-02 9.834168851375579834e-02 0.000000000000000000e+00 5.893288552761077881e-02 1.212598457932472229e-01 5.403405055403709412e-02 9.643888473510742188e-02 2.649126015603542328e-02 1.606495119631290436e-02 3.469572961330413818e-02 5.853930488228797913e-02 8.874195627868175507e-03 5.972092971205711365e-02 5.736031010746955872e-02 1.941299736499786377e-01 1.467686742544174194e-01 8.557270467281341553e-02 5.442428588867187500e-02 1.070942655205726624e-01 2.532511949539184570e-02 1.225857287645339966e-01 3.827925771474838257e-02 1.624489724636077881e-01 3.260869532823562622e-02 8.330163359642028809e-02 4.408393520861864090e-03 7.049608230590820312e-02 5.472197663038969040e-03 5.035011842846870422e-02
4.382319748401641846e-02 3.966679796576499939e-03 1.219756063073873520e-02 8.790028095245361328e-02 8.313710987567901611e-02 3.727653250098228455e-02 3.963853046298027039e-02 5.893288552761077881e-02 0.000000000000000000e+00 6.277555972337722778e-02 4.914487712085247040e-03 3.772037848830223083e-02 3.249235451221466064e-02 7.492689788341522217e-02 2.428681589663028717e-02 3.949447127524763346e-04 6.777163594961166382e-02 7.908263942226767540e-04 1.577909220941364765e-03 1.367617398500442505e-01 8.860214799642562866e-02 2.677484788000583649e-02 4.523107316344976425e-03 4.846727475523948669e-02 8.413244038820266724e-02 6.411603838205337524e-02 2.070032805204391479e-02 1.045166924595832825e-01 9.136600047349929810e-02 2.448897063732147217e-02 5.453866347670555115e-02 1.288934797048568726e-01 5.347793549299240112e-02 1.089596897363662720e-01
1.063063070178031921e-01 5.882352963089942932e-02 5.061675980687141418e-02 2.526412531733512878e-02 1.451551169157028198e-01 9.981851279735565186e-02 2.319474890828132629e-02 1.212598457932472229e-01 6.277555972337722778e-02 0.000000000000000000e+00 6.766917556524276733e-02 2.511465363204479218e-02 9.507399052381515503e-02 1.370577961206436157e-01 8.692984282970428467e-02 6.316894292831420898e-02 1.299941539764404297e-01 6.198781356215476990e-02 6.434709578752517700e-02 7.462686300277709961e-02 2.597104199230670929e-02 3.606132417917251587e-02 6.727956235408782959e-02 1.435195375233888626e-02 1.461361944675445557e-01 1.345894997939467430e-03 8.336755633354187012e-02 4.201680794358253479e-02 1.532625257968902588e-01 3.834554180502891541e-02 1.169139444828033447e-01 1.901306211948394775e-01 1.158645302057266235e-01 1.705685555934906006e-01
3.891709074378013611e-02 8.880994282662868500e-03 1.711102202534675598e-02 9.277468919754028320e-02 7.825459539890289307e-02 3.236797451972961426e-02 4.454433917999267578e-02 5.403405055403709412e-02 4.914487712085247040e-03 6.766917556524276733e-02 0.000000000000000000e+00 4.262696206569671631e-02 2.758227102458477020e-02 7.003819942474365234e-02 1.937464065849781036e-02 4.519551992416381836e-03 6.287809461355209351e-02 5.705292336642742157e-03 3.336604451760649681e-03 1.415810585021972656e-01 9.347593784332275391e-02 3.168516606092453003e-02 3.913894470315426588e-04 5.336904898285865784e-02 7.925072312355041504e-02 6.900878250598907471e-02 1.578744687139987946e-02 1.093750000000000000e-01 8.649034798145294189e-02 2.939992025494575500e-02 4.963747784495353699e-02 1.240575760602951050e-01 4.857621341943740845e-02 1.041009500622749329e-01
8.140899986028671265e-02 3.375874832272529602e-02 2.553456462919712067e-02 5.034683272242546082e-02 1.204796731472015381e-01 7.489160448312759399e-02 1.921024522744119167e-03 9.643888473510742188e-02 3.772037848830223083e-02 2.511465363204479218e-02 4.262696206569671631e-02 0.000000000000000000e+00 7.012677937746047974e-02 1.123298034071922302e-01 6.195044144988059998e-02 3.811475262045860291e-02 1.052230298519134521e-01 3.693065419793128967e-02 3.929594904184341431e-02 9.955493360757827759e-02 5.105239525437355042e-02 1.095659472048282623e-02 4.223627969622612000e-02 1.076658070087432861e-02 1.214673370122909546e-01 2.645965479314327240e-02 5.837512388825416565e-02 6.706069409847259521e-02 1.286430358886718750e-01 1.324364077299833298e-02 9.206963330507278442e-02 1.658077090978622437e-01 9.101472049951553345e-02 1.460796743631362915e-01
1.134699862450361252e-02 3.645433485507965088e-02 4.467220976948738098e-02 1.200497597455978394e-01 5.078193545341491699e-02 4.789977800101041794e-03 7.203809916973114014e-02 2.649126015603542328e-02 3.249235451221466064e-02 9.507399052381515503e-02 2.758227102458477020e-02 7.012677937746047974e-02 0.000000000000000000e+00 4.253810644149780273e-02 8.212019689381122589e-03 3.209782019257545471e-02 3.535714372992515564e-02 3.328232467174530029e-02 3.091603145003318787e-02 1.685052961111068726e-01 1.207468882203102112e-01 5.921568721532821655e-02 2.797335945069789886e-02 8.083233237266540527e-02 5.178163945674896240e-02 9.640754759311676025e-02 1.179996225982904434e-02 1.365453451871871948e-01 5.904894694685935974e-02 5.693602189421653748e-02 2.208544500172138214e-02 9.680655598640441895e-02 2.102210931479930878e-02 7.673902064561843872e-02
3.120617195963859558e-02 7.887014001607894897e-02 8.704490959644317627e-02 1.617618054151535034e-01 8.261675946414470673e-03 3.775582090020179749e-02 1.142261773347854614e-01 1.606495119631290436e-02 7.492689788341522217e-02 1.370577961206436157e-01 7.003819942474365234e-02 1.123298034071922302e-01 4.253810644149780273e-02 0.000000000000000000e+00 5.073240399360656738e-02 7.453416287899017334e-02 7.191780954599380493e-03 7.571323961019515991e-02 7.335766404867172241e-02 2.095414400100708008e-01 1.624505966901779175e-01 1.014981269836425781e-01 7.042766362428665161e-02 1.229476928710937500e-01 9.263938292860984802e-03 1.383781731128692627e-01 5.431080982089042664e-02 1.780492663383483887e-01 1.655241660773754120e-02 9.923379123210906982e-02 2.047189511358737946e-02 5.449284613132476807e-02 2.153525501489639282e-02 3.431292250752449036e-02
1.955719478428363800e-02 2.825077436864376068e-02 3.647357225418090820e-02 1.119481027126312256e-01 5.896936357021331787e-02 1.300148572772741318e-02 6.386386603116989136e-02 3.469572961330413818e-02 2.428681589663028717e-02 8.692984282970428467e-02 1.937464065849781036e-02 6.195044144988059998e-02 8.212019689381122589e-03 5.073240399360656738e-02 0.000000000000000000e+00 2.389210090041160583e-02 4.355651512742042542e-02 2.507716044783592224e-02 2.270977757871150970e-02 1.605153977870941162e-01 1.126465648412704468e-01 5.102848261594772339e-02 1.976587995886802673e-02 7.266855239868164062e-02 5.996815860271453857e-02 8.826541155576705933e-02 3.588290885090827942e-03 1.284773796796798706e-01 6.722836941480636597e-02 4.874679446220397949e-02 3.029197081923484802e-02 1.049351543188095093e-01 2.922908216714859009e-02 8.489754050970077515e-02
4.342900216579437256e-02 4.361617844551801682e-03 1.259244419634342194e-02 8.829215914011001587e-02 8.274488151073455811e-02 3.688212856650352478e-02 4.003284871578216553e-02 5.853930488228797913e-02 3.949447127524763346e-04 6.316894292831420898e-02 4.519551992416381836e-03 3.811475262045860291e-02 3.209782019257545471e-02 7.453416287899017334e-02 2.389210090041160583e-02 0.000000000000000000e+00 6.737849861383438110e-02 1.185770728625357151e-03 1.182965352199971676e-03 1.371492743492126465e-01 8.899398148059844971e-02 2.716950513422489166e-02 4.128169734030961990e-03 4.886128380894660950e-02 8.374027907848358154e-02 6.450934708118438721e-02 2.030554972589015961e-02 1.049073040485382080e-01 9.097433835268020630e-02 2.488367445766925812e-02 5.414488539099693298e-02 1.285050809383392334e-01 5.308411270380020142e-02 1.085694208741188049e-01
2.401978150010108948e-02 7.171903550624847412e-02 7.990314811468124390e-02 1.547500491142272949e-01 1.545253861695528030e-02 3.057234361767768860e-02 1.071223989129066467e-01 8.874195627868175507e-03 6.777163594961166382e-02 1.299941539764404297e-01 6.287809461355209351e-02 1.052230298519134521e-01 3.535714372992515564e-02 7.191780954599380493e-03 4.355651512742042542e-02 6.737849861383438110e-02 0.000000000000000000e+00 6.855878978967666626e-02 6.620080769062042236e-02 2.026550471782684326e-01 1.554404199123382568e-01 9.437523782253265381e-02 6.326792389154434204e-02 1.158583536744117737e-01 1.645462214946746826e-02 1.313170790672302246e-01 4.713743925094604492e-02 1.710765510797500610e-01 2.374137006700038910e-02 9.210774302482604980e-02 1.328206900507211685e-02 6.166046112775802612e-02 1.434569619596004486e-02 4.149446263909339905e-02
4.461247473955154419e-02 3.175863530486822128e-03 1.140684448182582855e-02 8.711551129817962646e-02 8.392242342233657837e-02 3.806623443961143494e-02 3.884892165660858154e-02 5.972092971205711365e-02 7.908263942226767540e-04 6.198781356215476990e-02 5.705292336642742157e-03 3.693065419793128967e-02 3.328232467174530029e-02 7.571323961019515991e-02 2.507716044783592224e-02 1.185770728625357151e-03 6.855878978967666626e-02 0.000000000000000000e+00 2.368732821196317673e-03 1.359856128692626953e-01 8.781747519969940186e-02 2.598457224667072296e-02 5.313914734870195389e-03 4.767827689647674561e-02 8.491761982440948486e-02 6.332842260599136353e-02 2.149080298840999603e-02 1.037344411015510559e-01 9.215017408132553101e-02 2.369860187172889709e-02 5.532710254192352295e-02 1.296710819005966187e-01 5.426646769046783447e-02 1.097410619258880615e-01
4.224820807576179504e-02 5.544554442167282104e-03 1.377520430833101273e-02 8.946578204631805420e-02 8.156990259885787964e-02 3.570071980357170105e-02 4.121386259794235229e-02 5.736031010746955872e-02 1.577909220941364765e-03 6.434709578752517700e-02 3.336604451760649681e-03 3.929594904184341431e-02 3.091603145003318787e-02 7.335766404867172241e-02 2.270977757871150970e-02 1.182965352199971676e-03 6.620080769062042236e-02 2.368732821196317673e-03 0.000000000000000000e+00 1.383097916841506958e-01 9.016745537519454956e-02 2.835156023502349854e-02 2.945218933746218681e-03 5.004135519266128540e-02 8.256549388170242310e-02 6.568730622529983521e-02 1.912304386496543884e-02 1.060771048069000244e-01 8.980104327201843262e-02 2.606587111949920654e-02 5.296531319618225098e-02 1.273414641618728638e-01 5.190440639853477478e-02 1.074002459645271301e-01
1.795090734958648682e-01 1.328671276569366455e-01 1.247723102569580078e-01 4.945598542690277100e-02 2.174267172813415527e-01 1.731555163860321045e-01 9.765258431434631348e-02 1.941299736499786377e-01 1.367617398500442505e-01 7.462686300277709961e-02 1.415810585021972656e-01 9.955493360757827759e-02 1.685052961111068726e-01 2.095414400100708008e-01 1.605153977870941162e-01 1.371492743492126465e-01 2.026550471782684326e-01 1.359856128692626953e-01 1.383097916841506958e-01 0.000000000000000000e+00 4.875031113624572754e-02 1.103911101818084717e-01 1.411975026130676270e-01 8.888362348079681396e-02 2.183814495801925659e-01 7.328832894563674927e-02 1.570175439119338989e-01 3.271263092756271362e-02 2.253123670816421509e-01 1.126500442624092102e-01 1.898840814828872681e-01 2.610534429550170898e-01 1.888584047555923462e-01 2.421135604381561279e-01
1.319131553173065186e-01 8.466522395610809326e-02 7.648725062608718872e-02 7.073803571984171867e-04 1.704834550619125366e-01 1.254643052816390991e-01 4.913619160652160645e-02 1.467686742544174194e-01 8.860214799642562866e-02 2.597104199230670929e-02 9.347593784332275391e-02 5.105239525437355042e-02 1.207468882203102112e-01 1.624505966901779175e-01 1.126465648412704468e-01 8.899398148059844971e-02 1.554404199123382568e-01 8.781747519969940186e-02 9.016745537519454956e-02 4.875031113624572754e-02 0.000000000000000000e+00 6.197432428598403931e-02 9.308794885873794556e-02 4.030797258019447327e-02 1.714565008878707886e-01 2.462600730359554291e-02 1.091023758053779602e-01 1.606329344213008881e-02 1.785229742527008057e-01 6.425259262323379517e-02 1.424524486064910889e-01 2.150398194789886475e-01 1.414100527763366699e-01 1.956728100776672363e-01
7.051530480384826660e-02 2.281059138476848602e-02 1.458205003291368484e-02 6.126962974667549133e-02 1.096678450703620911e-01 6.398751586675643921e-02 1.287734881043434143e-02 8.557270467281341553e-02 2.677484788000583649e-02 3.606132417917251587e-02 3.168516606092453003e-02 1.095659472048282623e-02 5.921568721532821655e-02 1.014981269836425781e-01 5.102848261594772339e-02 2.716950513422489166e-02 9.437523782253265381e-02 2.598457224667072296e-02 2.835156023502349854e-02 1.103911101818084717e-01 6.197432428598403931e-02 0.000000000000000000e+00 3.129416331648826599e-02 2.172061242163181305e-02 1.106580197811126709e-01 3.740540519356727600e-02 4.744887724518775940e-02 7.796000689268112183e-02 1.178525462746620178e-01 2.287377836182713509e-03 8.119494467973709106e-02 1.551329493522644043e-01 8.013803511857986450e-02 1.353397071361541748e-01
3.930788114666938782e-02 8.489634841680526733e-03 1.671974547207355499e-02 9.238665550947189331e-02 7.864357531070709229e-02 3.275894746184349060e-02 4.415372014045715332e-02 5.442428588867187500e-02 4.523107316344976425e-03 6.727956235408782959e-02 3.913894470315426588e-04 4.223627969622612000e-02 2.797335945069789886e-02 7.042766362428665161e-02 1.976587995886802673e-02 4.128169734030961990e-03 6.326792389154434204e-02 5.313914734870195389e-03 2.945218933746218681e-03 1.411975026130676270e-01 9.308794885873794556e-02 3.129416331648826599e-02 0.000000000000000000e+00 5.297876894474029541e-02 7.963963598012924194e-02 6.861924380064010620e-02 1.617873646318912506e-02 1.089882776141166687e-01 8.687879890203475952e-02 2.900886349380016327e-02 5.002789571881294250e-02 1.244429200887680054e-01 4.896667227149009705e-02 1.044880822300910950e-01
9.209486097097396851e-02 4.450915008783340454e-02 3.629116714000701904e-02 3.960172086954116821e-02 1.310762315988540649e-01 8.558917045593261719e-02 8.845739066600799561e-03 1.070942655205726624e-01 4.846727475523948669e-02 1.435195375233888626e-02 5.336904898285865784e-02 1.076658070087432861e-02 8.083233237266540527e-02 1.229476928710937500e-01 7.266855239868164062e-02 4.886128380894660950e-02 1.158583536744117737e-01 4.767827689647674561e-02 5.004135519266128540e-02 8.888362348079681396e-02 4.030797258019447327e-02 2.172061242163181305e-02 5.297876894474029541e-02 0.000000000000000000e+00 1.320612132549285889e-01 1.569754630327224731e-02 6.909827888011932373e-02 5.633478984236717224e-02 1.392167955636978149e-01 2.400679886341094971e-02 1.027343720197677612e-01 1.762596368789672852e-01 1.016816571354866028e-01 1.565999686717987061e-01
4.045841470360755920e-02 8.806972950696945190e-02 9.623124450445175171e-02 1.707698255777359009e-01 1.002338831312954426e-03 4.700332134962081909e-02 1.233595833182334900e-01 2.532511949539184570e-02 8.413244038820266724e-02 1.461361944675445557e-01 7.925072312355041504e-02 1.214673370122909546e-01 5.178163945674896240e-02 9.263938292860984802e-03 5.996815860271453857e-02 8.374027907848358154e-02 1.645462214946746826e-02 8.491761982440948486e-02 8.256549388170242310e-02 2.183814495801925659e-01 1.714565008878707886e-01 1.106580197811126709e-01 7.963963598012924194e-02 1.320612132549285889e-01 0.000000000000000000e+00 1.474530845880508423e-01 6.354277580976486206e-02 1.870047599077224731e-01 7.289595901966094971e-03 1.083980798721313477e-01 2.973019331693649292e-02 4.525175318121910095e-02 3.079305030405521393e-02 2.505694702267646790e-02
1.076368018984794617e-01 6.016466021537780762e-02 5.195911228656768799e-02 2.391904406249523163e-02 1.464723944664001465e-01 1.011508181691169739e-01 2.453987672924995422e-02 1.225857287645339966e-01 6.411603838205337524e-02 1.345894997939467430e-03 6.900878250598907471e-02 2.645965479314327240e-02 9.640754759311676025e-02 1.383781731128692627e-01 8.826541155576705933e-02 6.450934708118438721e-02 1.313170790672302246e-01 6.332842260599136353e-02 6.568730622529983521e-02 7.328832894563674927e-02 2.462600730359554291e-02 3.740540519356727600e-02 6.861924380064010620e-02 1.569754630327224731e-02 1.474530845880508423e-01 0.000000000000000000e+00 8.470394462347030640e-02 4.067321121692657471e-02 1.545765250921249390e-01 3.968938812613487244e-02 1.182412356138229370e-01 1.914275288581848145e-01 1.171921491622924805e-01 1.718750000000000000e-01
2.314386144280433655e-02 2.466498315334320068e-02 3.288958594202995300e-02 1.084033623337745667e-01 6.254442036151885986e-02 1.658900268375873566e-02 6.028939038515090942e-02 3.827925771474838257e-02 2.070032805204391479e-02 8.336755633354187012e-02 1.578744687139987946e-02 5.837512388825416565e-02 1.179996225982904434e-02 5.431080982089042664e-02 3.588290885090827942e-03 2.030554972589015961e-02 4.713743925094604492e-02 2.149080298840999603e-02 1.912304386496543884e-02 1.570175439119338989e-01 1.091023758053779602e-01 4.744887724518775940e-02 1.617873646318912506e-02 6.909827888011932373e-02 6.354277580976486206e-02 8.470394462347030640e-02 0.000000000000000000e+00 1.249466985464096069e-01 7.079957425594329834e-02 4.516640305519104004e-02 3.387657925486564636e-02 1.084825918078422546e-01 3.281393274664878845e-02 8.845888078212738037e-02
1.476635485887527466e-01 1.005917191505432129e-01 9.243697673082351685e-02 1.677048392593860626e-02 1.860372871160507202e-01 1.412429362535476685e-01 6.514806300401687622e-02 1.624489724636077881e-01 1.045166924595832825e-01 4.201680794358253479e-02 1.093750000000000000e-01 6.706069409847259521e-02 1.365453451871871948e-01 1.780492663383483887e-01 1.284773796796798706e-01 1.049073040485382080e-01 1.710765510797500610e-01 1.037344411015510559e-01 1.060771048069000244e-01 3.271263092756271362e-02 1.606329344213008881e-02 7.796000689268112183e-02 1.089882776141166687e-01 5.633478984236717224e-02 1.870047599077224731e-01 4.067321121692657471e-02 1.249466985464096069e-01 0.000000000000000000e+00 1.940298527479171753e-01 8.023308217525482178e-02 1.581538468599319458e-01 2.303075790405273438e-01 1.571164578199386597e-01 2.110726684331893921e-01
4.773392900824546814e-02 9.529814124107360840e-02 1.034482792019844055e-01 1.778380423784255981e-01 8.291874080896377563e-03 5.427432060241699219e-02 1.305318027734756470e-01 3.260869532823562622e-02 9.136600047349929810e-02 1.532625257968902588e-01 8.649034798145294189e-02 1.286430358886718750e-01 5.904894694685935974e-02 1.655241660773754120e-02 6.722836941480636597e-02 9.097433835268020630e-02 2.374137006700038910e-02 9.215017408132553101e-02 8.980104327201843262e-02 2.253123670816421509e-01 1.785229742527008057e-01 1.178525462746620178e-01 8.687879890203475952e-02 1.392167955636978149e-01 7.289595901966094971e-03 1.545765250921249390e-01 7.079957425594329834e-02 1.940298527479171753e-01 0.000000000000000000e+00 1.155963316559791565e-01 3.701176866888999939e-02 3.797468170523643494e-02 3.807409852743148804e-02 1.777059771120548248e-02
6.823893636465072632e-02 2.052428387105464935e-02 1.229508221149444580e-02 6.354810297489166260e-02 1.074074059724807739e-01 6.170916929841041565e-02 1.516427937895059586e-02 8.330163359642028809e-02 2.448897063732147217e-02 3.834554180502891541e-02 2.939992025494575500e-02 1.324364077299833298e-02 5.693602189421653748e-02 9.923379123210906982e-02 4.874679446220397949e-02 2.488367445766925812e-02 9.210774302482604980e-02 2.369860187172889709e-02 2.606587111949920654e-02 1.126500442624092102e-01 6.425259262323379517e-02 2.287377836182713509e-03 2.900886349380016327e-02 2.400679886341094971e-02 1.083980798721313477e-01 3.968938812613487244e-02 4.516640305519104004e-02 8.023308217525482178e-02 1.155963316559791565e-01 0.000000000000000000e+00 7.892222702503204346e-02 1.528998315334320068e-01 7.786493003368377686e-02 1.330935209989547729e-01
1.074113883078098297e-02 5.849268659949302673e-02 6.669186055660247803e-02 1.417593508958816528e-01 2.872871235013008118e-02 1.729729771614074707e-02 9.397403895854949951e-02 4.408393520861864090e-03 5.453866347670555115e-02 1.169139444828033447e-01 4.963747784495353699e-02 9.206963330507278442e-02 2.208544500172138214e-02 2.047189511358737946e-02 3.029197081923484802e-02 5.414488539099693298e-02 1.328206900507211685e-02 5.532710254192352295e-02 5.296531319618225098e-02 1.898840814828872681e-01 1.424524486064910889e-01 8.119494467973709106e-02 5.002789571881294250e-02 1.027343720197677612e-01 2.973019331693649292e-02 1.182412356138229370e-01 3.387657925486564636e-02 1.581538468599319458e-01 3.701176866888999939e-02 7.892222702503204346e-02 0.000000000000000000e+00 7.488120347261428833e-02 1.063829753547906876e-03 5.474635958671569824e-02
8.555353432893753052e-02 1.327922642230987549e-01 1.408695578575134277e-01 2.143650501966476440e-01 4.625199362635612488e-02 9.205926209688186646e-02 1.676753312349319458e-01 7.049608230590820312e-02 1.288934797048568726e-01 1.901306211948394775e-01 1.240575760602951050e-01 1.658077090978622437e-01 9.680655598640441895e-02 5.449284613132476807e-02 1.049351543188095093e-01 1.285050809383392334e-01 6.166046112775802612e-02 1.296710819005966187e-01 1.273414641618728638e-01 2.610534429550170898e-01 2.150398194789886475e-01 1.551329493522644043e-01 1.244429200887680054e-01 1.762596368789672852e-01 4.525175318121910095e-02 1.914275288581848145e-01 1.084825918078422546e-01 2.303075790405273438e-01 3.797468170523643494e-02 1.528998315334320068e-01 7.488120347261428833e-02 0.000000000000000000e+00 7.593898475170135498e-02 2.021772973239421844e-02
9.677419438958168030e-03 5.743243172764778137e-02 6.563268601894378662e-02 1.407167464494705200e-01 2.979163080453872681e-02 1.623376645147800446e-02 9.291949868202209473e-02 5.472197663038969040e-03 5.347793549299240112e-02 1.158645302057266235e-01 4.857621341943740845e-02 9.101472049951553345e-02 2.102210931479930878e-02 2.153525501489639282e-02 2.922908216714859009e-02 5.308411270380020142e-02 1.434569619596004486e-02 5.426646769046783447e-02 5.190440639853477478e-02 1.888584047555923462e-01 1.414100527763366699e-01 8.013803511857986450e-02 4.896667227149009705e-02 1.016816571354866028e-01 3.079305030405521393e-02 1.171921491622924805e-01 3.281393274664878845e-02 1.571164578199386597e-01 3.807409852743148804e-02 7.786493003368377686e-02 1.063829753547906876e-03 7.593898475170135498e-02 0.000000000000000000e+00 5.580693855881690979e-02
6.544901430606842041e-02 1.128775849938392639e-01 1.209964379668235779e-01 1.949924081563949585e-01 2.605863101780414581e-02 7.197549939155578613e-02 1.479591876268386841e-01 5.035011842846870422e-02 1.089596897363662720e-01 1.705685555934906006e-01 1.041009500622749329e-01 1.460796743631362915e-01 7.673902064561843872e-02 3.431292250752449036e-02 8.489754050970077515e-02 1.085694208741188049e-01 4.149446263909339905e-02 1.097410619258880615e-01 1.074002459645271301e-01 2.421135604381561279e-01 1.956728100776672363e-01 1.353397071361541748e-01 1.044880822300910950e-01 1.565999686717987061e-01 2.505694702267646790e-02 1.718750000000000000e-01 8.845888078212738037e-02 2.110726684331893921e-01 1.777059771120548248e-02 1.330935209989547729e-01 5.474635958671569824e-02 2.021772973239421844e-02 5.580693855881690979e-02 0.000000000000000000e+00
