0.000000000000000000e+00 7.274569571018218994e-02 6.326571851968765259e-02 1.119512692093849182e-01 1.823938190937042236e-01 2.540500648319721222e-02 8.040816336870193481e-02 7.312957197427749634e-03 2.234533615410327911e-02 1.133543625473976135e-01 7.561436505056917667e-04 1.001662537455558777e-01 1.378539483994245529e-02 2.468680962920188904e-02 3.040293045341968536e-02 1.709894277155399323e-02 1.885369536466896534e-03 1.748991012573242188e-02 1.827274449169635773e-02 1.848701834678649902e-01 9.879618138074874878e-02 1.513431663624942303e-03 2.896015532314777374e-02 4.893996566534042358e-02 5.615974217653274536e-02 6.412060558795928955e-02 1.139122340828180313e-02 1.453915983438491821e-01 2.986989170312881470e-02 4.831683263182640076e-02 9.448005259037017822e-02 1.446114033460617065e-01 7.550019072368741035e-04 9.473324567079544067e-02
7.274569571018218994e-02 0.000000000000000000e+00 9.523809887468814850e-03 3.952748700976371765e-02 2.517985701560974121e-01 9.796964377164840698e-02 7.707553450018167496e-03 8.001608401536941528e-02 9.493670612573623657e-02 4.094631597399711609e-02 7.199350744485855103e-02 2.762182801961898804e-02 8.644440025091171265e-02 9.725784510374069214e-02 1.029209941625595093e-01 5.571605265140533447e-02 7.462082803249359131e-02 5.532617494463920593e-02 5.454545468091964722e-02 1.136529594659805298e-01 2.623906731605529785e-02 7.124010473489761353e-02 4.387797787785530090e-02 2.389078587293624878e-02 1.283809542655944824e-01 8.665511384606361389e-03 8.406725525856018066e-02 7.342246919870376587e-02 1.023930981755256653e-01 2.451502904295921326e-02 2.188476920127868652e-02 2.150943428277969360e-01 7.349666208028793335e-02 1.663326621055603027e-01
6.326571851968765259e-02 9.523809887468814850e-03 0.000000000000000000e+00 4.903283715248107910e-02 2.428571432828903198e-01 8.852843195199966431e-02 1.723009906709194183e-02 7.054603099822998047e-02 8.549019694328308105e-02 5.045045167207717896e-02 6.251256167888641357e-02 3.713586926460266113e-02 7.698397338390350342e-02 8.781537413597106934e-02 9.348882734775543213e-02 4.621676728129386902e-02 6.514331698417663574e-02 4.582651332020759583e-02 4.504504427313804626e-02 1.230435818433761597e-01 3.575394302606582642e-02 6.175819784402847290e-02 3.436852991580963135e-02 1.437024492770433426e-02 1.190026476979255676e-01 8.583691087551414967e-04 7.460317760705947876e-02 8.288832008838653564e-02 9.295994043350219727e-02 1.499471999704837799e-02 3.140203282237052917e-02 2.059925049543380737e-01 6.401766091585159302e-02 1.570576578378677368e-01
1.119512692093849182e-01 3.952748700976371765e-02 4.903283715248107910e-02 0.000000000000000000e+00 2.884550690650939941e-01 1.369667351245880127e-01 3.182963281869888306e-02 1.191666647791862488e-01 1.339614838361740112e-01 1.421127468347549438e-03 1.112045422196388245e-01 1.191867236047983170e-02 1.255429089069366455e-01 1.362614929676055908e-01 1.418713182210922241e-01 9.503424912691116333e-02 1.138126179575920105e-01 9.464667737483978271e-02 9.387055039405822754e-02 7.445997744798660278e-02 1.330221723765134811e-02 1.104565560817718506e-01 8.326105773448944092e-02 6.335844099521636963e-02 1.670606732368469238e-01 4.817649722099304199e-02 1.231854036450386047e-01 3.399364277720451355e-02 1.413484960794448853e-01 6.398051977157592773e-02 1.765799336135387421e-02 2.524752616882324219e-01 1.126967445015907288e-01 2.045155167579650879e-01
1.823938190937042236e-01 2.517985701560974121e-01 2.428571432828903198e-01 2.884550690650939941e-01 0.000000000000000000e+00 1.577196419239044189e-01 2.590034604072570801e-01 1.753147095441818237e-01 1.607034504413604736e-01 2.897574007511138916e-01 1.831247061491012573e-01 2.774904072284698486e-01 1.690334379673004150e-01 1.584203392267227173e-01 1.528384238481521606e-01 1.988725364208221436e-01 1.805705428123474121e-01 1.992481201887130737e-01 2.000000029802322388e-01 3.552841246128082275e-01 2.762126922607421875e-01 1.838565021753311157e-01 2.102434337139129639e-01 2.292870879173278809e-01 1.275404989719390869e-01 2.436647117137908936e-01 1.713586300611495972e-01 3.193176090717315674e-01 1.533594429492950439e-01 2.286952286958694458e-01 2.721834480762481689e-01 3.880596905946731567e-02 1.816638410091400146e-01 8.920187503099441528e-02
2.540500648319721222e-02 9.796964377164840698e-02 8.852843195199966431e-02 1.369667351245880127e-01 1.577196419239044189e-01 0.000000000000000000e+00 1.055974587798118591e-01 1.809541136026382446e-02 3.061408177018165588e-03 1.383609175682067871e-01 2.616064809262752533e-02 1.252525299787521362e-01 1.162368338555097580e-02 7.186489528976380825e-04 5.001786164939403534e-03 4.248549416661262512e-02 2.352076396346092224e-02 4.287586733698844910e-02 4.365748539566993713e-02 2.092922329902648926e-01 1.238902360200881958e-01 2.691740356385707855e-02 5.432519316673278809e-02 7.425265014171600342e-02 3.079867735505104065e-02 8.938001096248626709e-02 1.401784084737300873e-02 1.701680719852447510e-01 4.468275234103202820e-03 7.363145798444747925e-02 1.195979863405227661e-01 1.196459606289863586e-01 2.465047873556613922e-02 6.949549168348312378e-02
8.040816336870193481e-02 7.707553450018167496e-03 1.723009906709194183e-02 3.182963281869888306e-02 2.590034604072570801e-01 1.055974587798118591e-01 0.000000000000000000e+00 8.766956627368927002e-02 1.025692075490951538e-01 3.324925526976585388e-02 7.965686172246932983e-02 1.991851441562175751e-02 9.408926218748092651e-02 1.048867702484130859e-01 1.105408594012260437e-01 6.339638680219650269e-02 8.228106051683425903e-02 6.300686299800872803e-02 6.222684681415557861e-02 1.060382947325706482e-01 1.853526197373867035e-02 7.890433073043823242e-02 5.156809091567993164e-02 3.159252181649208069e-02 1.359539777040481567e-01 1.637197099626064301e-02 9.171538054943084717e-02 6.575212627649307251e-02 1.100138276815414429e-01 3.221649304032325745e-02 1.417960878461599350e-02 2.224331349134445190e-01 8.115823566913604736e-02 1.738173812627792358e-01
7.312957197427749634e-03 8.001608401536941528e-02 7.054603099822998047e-02 1.191666647791862488e-01 1.753147095441818237e-01 1.809541136026382446e-02 8.766956627368927002e-02 0.000000000000000000e+00 1.503483671694993973e-02 1.205673739314079285e-01 8.069056086242198944e-03 1.074005365371704102e-01 6.473090499639511108e-03 1.737698912620544434e-02 2.309510856866836548e-02 2.440884895622730255e-02 5.427662283182144165e-03 2.479969523847103119e-02 2.558228373527526855e-02 1.919236779212951660e-01 1.060325279831886292e-01 8.826291188597679138e-03 3.626543283462524414e-02 5.623279511928558350e-02 4.886685684323310852e-02 7.140007615089416504e-02 4.078605677932500839e-03 1.525423675775527954e-01 2.256186306476593018e-02 5.561013892292976379e-02 1.017227247357368469e-01 1.374437958002090454e-01 6.557991262525320053e-03 8.748088777065277100e-02
2.234533615410327911e-02 9.493670612573623657e-02 8.549019694328308105e-02 1.339614838361740112e-01 1.607034504413604736e-01 3.061408177018165588e-03 1.025692075490951538e-01 1.503483671694993973e-02 0.000000000000000000e+00 1.353568434715270996e-01 2.310108952224254608e-02 1.222379878163337708e-01 8.562579751014709473e-03 2.342764521017670631e-03 8.063071407377719879e-03 3.942921385169029236e-02 2.046082913875579834e-02 3.981968387961387634e-02 4.060150310397148132e-02 2.063630372285842896e-01 1.208746731281280518e-01 2.385796234011650085e-02 5.127231404185295105e-02 7.120743393898010254e-02 3.385689482092857361e-02 8.634223043918609619e-02 1.095690298825502396e-02 1.671937555074691772e-01 7.529580499976873398e-03 7.058595865964889526e-02 1.165792644023895264e-01 1.226624399423599243e-01 2.159069851040840149e-02 7.254146784543991089e-02
1.133543625473976135e-01 4.094631597399711609e-02 5.045045167207717896e-02 1.421127468347549438e-03 2.897574007511138916e-01 1.383609175682067871e-01 3.324925526976585388e-02 1.205673739314079285e-01 1.353568434715270996e-01 0.000000000000000000e+00 1.126078739762306213e-01 1.333957444876432419e-02 1.269413977861404419e-01 1.376559585332870483e-01 1.432635635137557983e-01 9.644234925508499146e-02 1.152151077985763550e-01 9.605488926172256470e-02 9.527897089719772339e-02 7.304657995700836182e-02 1.472306624054908752e-02 1.118601188063621521e-01 8.467216789722442627e-02 6.477373838424682617e-02 1.684418171644210815e-01 4.959422722458839417e-02 1.245847195386886597e-01 3.257408738136291504e-02 1.427409499883651733e-01 6.539569795131683350e-02 1.907864212989807129e-02 2.538053095340728760e-01 1.140995994210243225e-01 2.058768123388290405e-01
7.561436505056917667e-04 7.199350744485855103e-02 6.251256167888641357e-02 1.112045422196388245e-01 1.831247061491012573e-01 2.616064809262752533e-02 7.965686172246932983e-02 8.069056086242198944e-03 2.310108952224254608e-02 1.126078739762306213e-01 0.000000000000000000e+00 9.941763430833816528e-02 1.454138662666082382e-02 2.544247731566429138e-02 3.115835785865783691e-02 1.634301058948040009e-02 2.641509519889950752e-03 1.673398725688457489e-02 1.751684397459030151e-02 1.841397881507873535e-01 9.804736077785491943e-02 7.572888862341642380e-04 2.820462919771671295e-02 4.818560555577278137e-02 5.691346898674964905e-02 6.336753070354461670e-02 1.214726176112890244e-02 1.446513682603836060e-01 3.062534332275390625e-02 4.756242409348487854e-02 9.373059868812561035e-02 1.453516632318496704e-01 1.511144684627652168e-03 9.548254311084747314e-02
1.001662537455558777e-01 2.762182801961898804e-02 3.713586926460266113e-02 1.191867236047983170e-02 2.774904072284698486e-01 1.252525299787521362e-01 1.991851441562175751e-02 1.074005365371704102e-01 1.222379878163337708e-01 1.333957444876432419e-02 9.941763430833816528e-02 0.000000000000000000e+00 1.137945130467414856e-01 1.245450899004936218e-01 1.301727592945098877e-01 8.320982754230499268e-02 1.020323485136032104e-01 8.282143622636795044e-02 8.204367011785507202e-02 8.630205690860748291e-02 1.383763854391872883e-03 9.866777807474136353e-02 7.141325622797012329e-02 5.147864297032356262e-02 1.554515361785888672e-01 3.627865388989448547e-02 1.114303320646286011e-01 4.589372128248214722e-02 1.296482384204864502e-01 5.210157483816146851e-02 5.740527994930744171e-03 2.412826418876647949e-01 1.009136214852333069e-01 1.930674612522125244e-01
1.378539483994245529e-02 8.644440025091171265e-02 7.698397338390350342e-02 1.255429089069366455e-01 1.690334379673004150e-01 1.162368338555097580e-02 9.408926218748092651e-02 6.473090499639511108e-03 8.562579751014709473e-03 1.269413977861404419e-01 1.454138662666082382e-02 1.137945130467414856e-01 0.000000000000000000e+00 1.090512517839670181e-02 1.662450283765792847e-02 3.087705932557582855e-02 1.190033461898565292e-02 3.126776590943336487e-02 3.205006569623947144e-02 1.981505900621414185e-01 1.124284565448760986e-01 1.529850717633962631e-02 4.272849112749099731e-02 6.268306821584701538e-02 4.240718111395835876e-02 7.783719897270202637e-02 2.394547685980796814e-03 1.588585972785949707e-01 1.609112322330474854e-02 6.206088885664939880e-02 1.081246212124824524e-01 1.310873329639434814e-01 1.303052902221679688e-02 8.105369657278060913e-02
2.468680962920188904e-02 9.725784510374069214e-02 8.781537413597106934e-02 1.362614929676055908e-01 1.584203392267227173e-01 7.186489528976380825e-04 1.048867702484130859e-01 1.737698912620544434e-02 2.342764521017670631e-03 1.376559585332870483e-01 2.544247731566429138e-02 1.245450899004936218e-01 1.090512517839670181e-02 0.000000000000000000e+00 5.720414686948060989e-03 4.176812246441841125e-02 2.280250005424022675e-02 4.215851426124572754e-02 4.294018447399139404e-02 2.086049616336822510e-01 1.231825500726699829e-01 2.619926258921623230e-02 5.360863730311393738e-02 7.353792339563369751e-02 3.151663020253181458e-02 8.866705745458602905e-02 1.329932548105716705e-02 1.694701462984085083e-01 5.186907481402158737e-03 7.291666418313980103e-02 1.188895627856254578e-01 1.203542649745941162e-01 2.393225394189357758e-02 7.021062821149826050e-02
3.040293045341968536e-02 1.029209941625595093e-01 9.348882734775543213e-02 1.418713182210922241e-01 1.528384238481521606e-01 5.001786164939403534e-03 1.105408594012260437e-01 2.309510856866836548e-02 8.063071407377719879e-03 1.432635635137557983e-01 3.115835785865783691e-02 1.301727592945098877e-01 1.662450283765792847e-02 5.720414686948060989e-03 0.000000000000000000e+00 4.747719317674636841e-02 2.851919643580913544e-02 4.786738753318786621e-02 4.864864796400070190e-02 2.140699177980422974e-01 1.288121938705444336e-01 3.191489353775978088e-02 5.931086465716362000e-02 7.922501116991043091e-02 2.580086514353752136e-02 9.433962404727935791e-02 1.901829428970813751e-02 1.750208884477615356e-01 5.335230380296707153e-04 7.860429584980010986e-02 1.245252862572669983e-01 1.147128269076347351e-01 2.964860945940017700e-02 6.451612710952758789e-02
1.709894277155399323e-02 5.571605265140533447e-02 4.621676728129386902e-02 9.503424912691116333e-02 1.988725364208221436e-01 4.248549416661262512e-02 6.339638680219650269e-02 2.440884895622730255e-02 3.942921385169029236e-02 9.644234925508499146e-02 1.634301058948040009e-02 8.320982754230499268e-02 3.087705932557582855e-02 4.176812246441841125e-02 4.747719317674636841e-02 0.000000000000000000e+00 1.898370124399662018e-02 3.910833038389682770e-04 1.174168311990797520e-03 1.683032661676406860e-01 8.183548599481582642e-02 1.558591518551111221e-02 1.186708826571702957e-02 3.186769038438796997e-02 7.318840920925140381e-02 4.707327112555503845e-02 2.848461829125881195e-02 1.286123991012573242e-01 4.694485664367675781e-02 3.124370053410530090e-02 7.750631868839263916e-02 1.613114774227142334e-01 1.785371452569961548e-02 1.116513311862945557e-01
1.885369536466896534e-03 7.462082803249359131e-02 6.514331698417663574e-02 1.138126179575920105e-01 1.805705428123474121e-01 2.352076396346092224e-02 8.228106051683425903e-02 5.427662283182144165e-03 2.046082913875579834e-02 1.152151077985763550e-01 2.641509519889950752e-03 1.020323485136032104e-01 1.190033461898565292e-02 2.280250005424022675e-02 2.851919643580913544e-02 1.898370124399662018e-02 0.000000000000000000e+00 1.937464065849781036e-02 2.015741914510726929e-02 1.866904795169830322e-01 1.006627976894378662e-01 3.398791654035449028e-03 3.084384091198444366e-02 5.082064494490623474e-02 5.428012087941169739e-02 6.599799543619155884e-02 9.506057947874069214e-03 1.472366154193878174e-01 2.798609808087348938e-02 5.019762739539146423e-02 9.634825587272644043e-02 1.427649557590484619e-01 1.130369259044528008e-03 9.286446124315261841e-02
1.748991012573242188e-02 5.532617494463920593e-02 4.582651332020759583e-02 9.464667737483978271e-02 1.992481201887130737e-01 4.287586733698844910e-02 6.300686299800872803e-02 2.479969523847103119e-02 3.981968387961387634e-02 9.605488926172256470e-02 1.673398725688457489e-02 8.282143622636795044e-02 3.126776590943336487e-02 4.215851426124572754e-02 4.786738753318786621e-02 3.910833038389682770e-04 1.937464065849781036e-02 0.000000000000000000e+00 7.830853573977947235e-04 1.679232418537139893e-01 8.144700527191162109e-02 1.597690023481845856e-02 1.147605851292610168e-02 3.147699683904647827e-02 7.357738167047500610e-02 4.668304696679115295e-02 2.887538075447082520e-02 1.282277703285217285e-01 4.733507335186004639e-02 3.085299395024776459e-02 7.711756974458694458e-02 1.616923511028289795e-01 1.824467070400714874e-02 1.120375171303749084e-01
1.827274449169635773e-02 5.454545468091964722e-02 4.504504427313804626e-02 9.387055039405822754e-02 2.000000029802322388e-01 4.365748539566993713e-02 6.222684681415557861e-02 2.558228373527526855e-02 4.060150310397148132e-02 9.527897089719772339e-02 1.751684397459030151e-02 8.204367011785507202e-02 3.205006569623947144e-02 4.294018447399139404e-02 4.864864796400070190e-02 1.174168311990797520e-03 2.015741914510726929e-02 7.830853573977947235e-04 0.000000000000000000e+00 1.671621352434158325e-01 8.066906780004501343e-02 1.675977744162082672e-02 1.069306954741477966e-02 3.069466911256313324e-02 7.435618340969085693e-02 4.590163752436637878e-02 2.965779416263103485e-02 1.274574846029281616e-01 4.811637476086616516e-02 3.007063642144203186e-02 7.633909583091735840e-02 1.624548733234405518e-01 1.902748458087444305e-02 1.128107085824012756e-01
1.848701834678649902e-01 1.136529594659805298e-01 1.230435818433761597e-01 7.445997744798660278e-02 3.552841246128082275e-01 2.092922329902648926e-01 1.060382947325706482e-01 1.919236779212951660e-01 2.063630372285842896e-01 7.304657995700836182e-02 1.841397881507873535e-01 8.630205690860748291e-02 1.981505900621414185e-01 2.086049616336822510e-01 2.140699177980422974e-01 1.683032661676406860e-01 1.866904795169830322e-01 1.679232418537139893e-01 1.671621352434158325e-01 0.000000000000000000e+00 8.767534792423248291e-02 1.834080666303634644e-01 1.567492485046386719e-01 1.371712833642959595e-01 2.385532110929489136e-01 1.221981197595596313e-01 1.958489716053009033e-01 4.056901857256889343e-02 2.135607898235321045e-01 1.377840936183929443e-01 9.199700504541397095e-02 3.209024667739868164e-01 1.855992823839187622e-01 2.747909128665924072e-01
9.879618138074874878e-02 2.623906731605529785e-02 3.575394302606582642e-02 1.330221723765134811e-02 2.762126922607421875e-01 1.238902360200881958e-01 1.853526197373867035e-02 1.060325279831886292e-01 1.208746731281280518e-01 1.472306624054908752e-02 9.804736077785491943e-02 1.383763854391872883e-03 1.124284565448760986e-01 1.231825500726699829e-01 1.288121938705444336e-01 8.183548599481582642e-02 1.006627976894378662e-01 8.144700527191162109e-02 8.066906780004501343e-02 8.767534792423248291e-02 0.000000000000000000e+00 9.729729592800140381e-02 7.003641128540039062e-02 5.009844526648521423e-02 1.541009098291397095e-01 3.489664196968078613e-02 1.100635379552841187e-01 4.727448150515556335e-02 1.282874941825866699e-01 5.072147026658058167e-02 4.356798715889453888e-03 2.399789988994598389e-01 9.954375773668289185e-02 1.917349249124526978e-01
1.513431663624942303e-03 7.124010473489761353e-02 6.175819784402847290e-02 1.104565560817718506e-01 1.838565021753311157e-01 2.691740356385707855e-02 7.890433073043823242e-02 8.826291188597679138e-03 2.385796234011650085e-02 1.118601188063621521e-01 7.572888862341642380e-04 9.866777807474136353e-02 1.529850717633962631e-02 2.619926258921623230e-02 3.191489353775978088e-02 1.558591518551111221e-02 3.398791654035449028e-03 1.597690023481845856e-02 1.675977744162082672e-02 1.834080666303634644e-01 9.729729592800140381e-02 0.000000000000000000e+00 2.744792588055133820e-02 4.743004590272903442e-02 5.766827240586280823e-02 6.261324882507324219e-02 1.290443260222673416e-02 1.439098417758941650e-01 3.138190507888793945e-02 4.680682346224784851e-02 9.297991544008255005e-02 1.460928618907928467e-01 2.268431009724736214e-03 9.623287618160247803e-02
2.896015532314777374e-02 4.387797787785530090e-02 3.436852991580963135e-02 8.326105773448944092e-02 2.102434337139129639e-01 5.432519316673278809e-02 5.156809091567993164e-02 3.626543283462524414e-02 5.127231404185295105e-02 8.467216789722442627e-02 2.820462919771671295e-02 7.141325622797012329e-02 4.272849112749099731e-02 5.360863730311393738e-02 5.931086465716362000e-02 1.186708826571702957e-02 3.084384091198444366e-02 1.147605851292610168e-02 1.069306954741477966e-02 1.567492485046386719e-01 7.003641128540039062e-02 2.744792588055133820e-02 0.000000000000000000e+00 2.000816725194454193e-02 8.498168736696243286e-02 3.522586077451705933e-02 4.033807292580604553e-02 1.169237643480300903e-01 5.877920240163803101e-02 1.938379928469657898e-02 6.569965928792953491e-02 1.728476881980895996e-01 2.971450798213481903e-02 1.233549714088439941e-01
4.893996566534042358e-02 2.389078587293624878e-02 1.437024492770433426e-02 6.335844099521636963e-02 2.292870879173278809e-01 7.425265014171600342e-02 3.159252181649208069e-02 5.623279511928558350e-02 7.120743393898010254e-02 6.477373838424682617e-02 4.818560555577278137e-02 5.147864297032356262e-02 6.268306821584701538e-02 7.353792339563369751e-02 7.922501116991043091e-02 3.186769038438796997e-02 5.082064494490623474e-02 3.147699683904647827e-02 3.069466911256313324e-02 1.371712833642959595e-01 5.009844526648521423e-02 4.743004590272903442e-02 2.000816725194454193e-02 0.000000000000000000e+00 1.048116385936737061e-01 1.522842608392238617e-02 6.029757112264633179e-02 9.714286029338836670e-02 7.869482040405273438e-02 6.246096454560756683e-04 4.575163498520851135e-02 1.921911835670471191e-01 4.969312995672225952e-02 1.430101841688156128e-01
5.615974217653274536e-02 1.283809542655944824e-01 1.190026476979255676e-01 1.670606732368469238e-01 1.275404989719390869e-01 3.079867735505104065e-02 1.359539777040481567e-01 4.886685684323310852e-02 3.385689482092857361e-02 1.684418171644210815e-01 5.691346898674964905e-02 1.554515361785888672e-01 4.240718111395835876e-02 3.151663020253181458e-02 2.580086514353752136e-02 7.318840920925140381e-02 5.428012087941169739e-02 7.357738167047500610e-02 7.435618340969085693e-02 2.385532110929489136e-01 1.541009098291397095e-01 5.766827240586280823e-02 8.498168736696243286e-02 1.048116385936737061e-01 0.000000000000000000e+00 1.198487728834152222e-01 4.479717835783958435e-02 1.999189853668212891e-01 2.633402682840824127e-02 1.041938513517379761e-01 1.498447209596633911e-01 8.917589485645294189e-02 5.540709197521209717e-02 3.877981379628181458e-02
6.412060558795928955e-02 8.665511384606361389e-03 8.583691087551414967e-04 4.817649722099304199e-02 2.436647117137908936e-01 8.938001096248626709e-02 1.637197099626064301e-02 7.140007615089416504e-02 8.634223043918609619e-02 4.959422722458839417e-02 6.336753070354461670e-02 3.627865388989448547e-02 7.783719897270202637e-02 8.866705745458602905e-02 9.433962404727935791e-02 4.707327112555503845e-02 6.599799543619155884e-02 4.668304696679115295e-02 4.590163752436637878e-02 1.221981197595596313e-01 3.489664196968078613e-02 6.261324882507324219e-02 3.522586077451705933e-02 1.522842608392238617e-02 1.198487728834152222e-01 0.000000000000000000e+00 7.545670866966247559e-02 8.203578740358352661e-02 9.381081908941268921e-02 1.585288532078266144e-02 3.054448962211608887e-02 2.068143039941787720e-01 6.487246602773666382e-02 1.578947305679321289e-01
1.139122340828180313e-02 8.406725525856018066e-02 7.460317760705947876e-02 1.231854036450386047e-01 1.713586300611495972e-01 1.401784084737300873e-02 9.171538054943084717e-02 4.078605677932500839e-03 1.095690298825502396e-02 1.245847195386886597e-01 1.214726176112890244e-02 1.114303320646286011e-01 2.394547685980796814e-03 1.329932548105716705e-02 1.901829428970813751e-02 2.848461829125881195e-02 9.506057947874069214e-03 2.887538075447082520e-02 2.965779416263103485e-02 1.958489716053009033e-01 1.100635379552841187e-01 1.290443260222673416e-02 4.033807292580604553e-02 6.029757112264633179e-02 4.479717835783958435e-02 7.545670866966247559e-02 0.000000000000000000e+00 1.565236002206802368e-01 1.848495751619338989e-02 5.967520922422409058e-02 1.057574525475502014e-01 1.334400027990341187e-01 1.063631288707256317e-02 8.343205600976943970e-02
1.453915983438491821e-01 7.342246919870376587e-02 8.288832008838653564e-02 3.399364277720451355e-02 3.193176090717315674e-01 1.701680719852447510e-01 6.575212627649307251e-02 1.525423675775527954e-01 1.671937555074691772e-01 3.257408738136291504e-02 1.446513682603836060e-01 4.589372128248214722e-02 1.588585972785949707e-01 1.694701462984085083e-01 1.750208884477615356e-01 1.286123991012573242e-01 1.472366154193878174e-01 1.282277703285217285e-01 1.274574846029281616e-01 4.056901857256889343e-02 4.727448150515556335e-02 1.439098417758941650e-01 1.169237643480300903e-01 9.714286029338836670e-02 1.999189853668212891e-01 8.203578740358352661e-02 1.565236002206802368e-01 0.000000000000000000e+00 1.745036542415618896e-01 9.776153415441513062e-02 5.162064731121063232e-02 2.840311825275421143e-01 1.461305618286132812e-01 2.368624359369277954e-01
2.986989170312881470e-02 1.023930981755256653e-01 9.295994043350219727e-02 1.413484960794448853e-01 1.533594429492950439e-01 4.468275234103202820e-03 1.100138276815414429e-01 2.256186306476593018e-02 7.529580499976873398e-03 1.427409499883651733e-01 3.062534332275390625e-02 1.296482384204864502e-01 1.609112322330474854e-02 5.186907481402158737e-03 5.335230380296707153e-04 4.694485664367675781e-02 2.798609808087348938e-02 4.733507335186004639e-02 4.811637476086616516e-02 2.135607898235321045e-01 1.282874941825866699e-01 3.138190507888793945e-02 5.877920240163803101e-02 7.869482040405273438e-02 2.633402682840824127e-02 9.381081908941268921e-02 1.848495751619338989e-02 1.745036542415618896e-01 0.000000000000000000e+00 7.807404547929763794e-02 1.239999979734420776e-01 1.152392923831939697e-01 2.911554649472236633e-02 6.504741311073303223e-02
4.831683263182640076e-02 2.451502904295921326e-02 1.499471999704837799e-02 6.398051977157592773e-02 2.286952286958694458e-01 7.363145798444747925e-02 3.221649304032325745e-02 5.561013892292976379e-02 7.058595865964889526e-02 6.539569795131683350e-02 4.756242409348487854e-02 5.210157483816146851e-02 6.206088885664939880e-02 7.291666418313980103e-02 7.860429584980010986e-02 3.124370053410530090e-02 5.019762739539146423e-02 3.085299395024776459e-02 3.007063642144203186e-02 1.377840936183929443e-01 5.072147026658058167e-02 4.680682346224784851e-02 1.938379928469657898e-02 6.246096454560756683e-04 1.041938513517379761e-01 1.585288532078266144e-02 5.967520922422409058e-02 9.776153415441513062e-02 7.807404547929763794e-02 0.000000000000000000e+00 4.637491703033447266e-02 1.915895640850067139e-01 4.907004535198211670e-02 1.423982828855514526e-01
9.448005259037017822e-02 2.188476920127868652e-02 3.140203282237052917e-02 1.765799336135387421e-02 2.721834480762481689e-01 1.195979863405227661e-01 1.417960878461599350e-02 1.017227247357368469e-01 1.165792644023895264e-01 1.907864212989807129e-02 9.373059868812561035e-02 5.740527994930744171e-03 1.081246212124824524e-01 1.188895627856254578e-01 1.245252862572669983e-01 7.750631868839263916e-02 9.634825587272644043e-02 7.711756974458694458e-02 7.633909583091735840e-02 9.199700504541397095e-02 4.356798715889453888e-03 9.297991544008255005e-02 6.569965928792953491e-02 4.575163498520851135e-02 1.498447209596633911e-01 3.054448962211608887e-02 1.057574525475502014e-01 5.162064731121063232e-02 1.239999979734420776e-01 4.637491703033447266e-02 0.000000000000000000e+00 2.358688116073608398e-01 9.522826224565505981e-02 1.875347793102264404e-01
1.446114033460617065e-01 2.150943428277969360e-01 2.059925049543380737e-01 2.524752616882324219e-01 3.880596905946731567e-02 1.196459606289863586e-01 2.224331349134445190e-01 1.374437958002090454e-01 1.226624399423599243e-01 2.538053095340728760e-01 1.453516632318496704e-01 2.412826418876647949e-01 1.310873329639434814e-01 1.203542649745941162e-01 1.147128269076347351e-01 1.613114774227142334e-01 1.427649557590484619e-01 1.616923511028289795e-01 1.624548733234405518e-01 3.209024667739868164e-01 2.399789988994598389e-01 1.460928618907928467e-01 1.728476881980895996e-01 1.921911835670471191e-01 8.917589485645294189e-02 2.068143039941787720e-01 1.334400027990341187e-01 2.840311825275421143e-01 1.152392923831939697e-01 1.915895640850067139e-01 2.358688116073608398e-01 0.000000000000000000e+00 1.438721120357513428e-01 5.057096108794212341e-02
7.550019072368741035e-04 7.349666208028793335e-02 6.401766091585159302e-02 1.126967445015907288e-01 1.816638410091400146e-01 2.465047873556613922e-02 8.115823566913604736e-02 6.557991262525320053e-03 2.159069851040840149e-02 1.140995994210243225e-01 1.511144684627652168e-03 1.009136214852333069e-01 1.303052902221679688e-02 2.393225394189357758e-02 2.964860945940017700e-02 1.785371452569961548e-02 1.130369259044528008e-03 1.824467070400714874e-02 1.902748458087444305e-02 1.855992823839187622e-01 9.954375773668289185e-02 2.268431009724736214e-03 2.971450798213481903e-02 4.969312995672225952e-02 5.540709197521209717e-02 6.487246602773666382e-02 1.063631288707256317e-02 1.461305618286132812e-01 2.911554649472236633e-02 4.907004535198211670e-02 9.522826224565505981e-02 1.438721120357513428e-01 0.000000000000000000e+00 9.398496150970458984e-02
9.473324567079544067e-02 1.663326621055603027e-01 1.570576578378677368e-01 2.045155167579650879e-01 8.920187503099441528e-02 6.949549168348312378e-02 1.738173812627792358e-01 8.748088777065277100e-02 7.254146784543991089e-02 2.058768123388290405e-01 9.548254311084747314e-02 1.930674612522125244e-01 8.105369657278060913e-02 7.021062821149826050e-02 6.451612710952758789e-02 1.116513311862945557e-01 9.286446124315261841e-02 1.120375171303749084e-01 1.128107085824012756e-01 2.747909128665924072e-01 1.917349249124526978e-01 9.623287618160247803e-02 1.233549714088439941e-01 1.430101841688156128e-01 3.877981379628181458e-02 1.578947305679321289e-01 8.343205600976943970e-02 2.368624359369277954e-01 6.504741311073303223e-02 1.423982828855514526e-01 1.875347793102264404e-01 5.057096108794212341e-02 9.398496150970458984e-02 0.000000000000000000e+00
