0.000000000000000000e+00 1.877934299409389496e-02 5.596106871962547302e-02 1.199999973177909851e-01 1.506849378347396851e-01 3.179029375314712524e-02 6.524851918220520020e-02 6.182380020618438721e-03 3.683057799935340881e-02 1.090289577841758728e-01 7.982583343982696533e-02 6.242350116372108459e-02 7.982583343982696533e-02 1.957831345498561859e-02 4.457897692918777466e-02 6.134094297885894775e-02 2.519685029983520508e-02 3.312834724783897400e-02 5.660377442836761475e-02 2.216748744249343872e-01 1.550232917070388794e-01 5.105953663587570190e-02 1.538461539894342422e-03 6.285714358091354370e-02 1.531480439007282257e-02 1.137724518775939941e-01 1.362397801131010056e-02 1.180764287710189819e-01 4.754937812685966492e-02 2.843601815402507782e-02 8.817384392023086548e-02 1.660528481006622314e-01 2.904564328491687775e-02 7.264957576990127563e-02
1.877934299409389496e-02 0.000000000000000000e+00 3.722084313631057739e-02 1.014492735266685486e-01 1.689860820770263672e-01 5.053946748375892639e-02 4.652618244290351868e-02 1.259842514991760254e-02 1.806372962892055511e-02 9.043478220701217651e-02 6.113814190030097961e-02 4.369537904858589172e-02 6.113814190030097961e-02 3.834355995059013367e-02 6.330532580614089966e-02 4.261068254709243774e-02 6.420545745640993118e-03 1.435793749988079071e-02 3.786468133330345154e-02 2.037436962127685547e-01 1.366417407989501953e-01 3.231117501854896545e-02 1.724137924611568451e-02 4.412989318370819092e-02 3.408434614539146423e-02 9.519650787115097046e-02 5.156683735549449921e-03 9.951775521039962769e-02 6.626954674720764160e-02 9.661835618317127228e-03 6.950959563255310059e-02 1.842575967311859131e-01 1.027190312743186951e-02 9.130434691905975342e-02
5.596106871962547302e-02 3.722084313631057739e-02 0.000000000000000000e+00 6.447187811136245728e-02 2.049180269241333008e-01 8.759552985429763794e-02 9.321482852101325989e-03 4.979591816663742065e-02 1.917000301182270050e-02 5.339366570115089417e-02 2.397185005247592926e-02 6.485084537416696548e-03 2.397185005247592926e-02 7.545670866966247559e-02 1.002898514270782471e-01 5.398401990532875061e-03 3.080766089260578156e-02 2.287513203918933868e-02 6.447453051805496216e-04 1.677953302860260010e-01 9.992913156747817993e-02 4.915580153465270996e-03 5.442729592323303223e-02 6.920415442436933517e-03 7.121483981609344482e-02 5.818181857466697693e-02 4.236939549446105957e-02 6.252852827310562134e-02 1.032357439398765564e-01 2.756892144680023193e-02 3.237250447273254395e-02 2.199698388576507568e-01 2.695924788713455200e-02 1.280898898839950562e-01
1.199999973177909851e-01 1.014492735266685486e-01 6.447187811136245728e-02 0.000000000000000000e+00 2.658772766590118408e-01 1.512134373188018799e-01 5.518355965614318848e-02 1.139021217823028564e-01 8.353863656520843506e-02 1.111648138612508774e-02 4.056271910667419434e-02 5.801105126738548279e-02 4.056271910667419434e-02 1.392511576414108276e-01 1.637032479047775269e-01 5.909404531121253967e-02 9.509066492319107056e-02 8.721838146448135376e-02 6.382978707551956177e-02 1.044534444808959961e-01 3.568716719746589661e-02 6.936547905206680298e-02 1.184834092855453491e-01 5.757715180516242981e-02 1.350665837526321411e-01 6.313744466751813889e-03 1.065502166748046875e-01 1.951219514012336731e-03 1.665987819433212280e-01 9.187749773263931274e-02 3.216651082038879395e-02 2.804642021656036377e-01 9.127248823642730713e-02 1.909845769405364990e-01
1.506849378347396851e-01 1.689860820770263672e-01 2.049180269241333008e-01 2.658772766590118408e-01 0.000000000000000000e+00 1.194669231772422791e-01 2.138310670852661133e-01 1.567213088274002075e-01 1.864805817604064941e-01 2.555160224437713623e-01 2.277710139751434326e-01 2.111225575208663940e-01 2.277710139751434326e-01 1.314945518970489502e-01 1.068235263228416443e-01 2.100840359926223755e-01 1.752165257930755615e-01 1.829002499580383301e-01 2.055356204509735107e-01 3.603238761425018311e-01 2.987299859523773193e-01 2.002041190862655640e-01 1.521881073713302612e-01 2.115384638309478760e-01 1.356832385063171387e-01 2.599999904632568359e-01 1.639722883701324463e-01 2.640630602836608887e-01 1.038798466324806213e-01 1.783567070960998535e-01 2.357267886400222778e-01 1.576231047511100769e-02 1.789473742246627808e-01 7.889908552169799805e-02
3.179029375314712524e-02 5.053946748375892639e-02 8.759552985429763794e-02 1.512134373188018799e-01 1.194669231772422791e-01 0.000000000000000000e+00 9.683794528245925903e-02 3.796521574258804321e-02 6.854062527418136597e-02 1.403328478336334229e-01 1.113336011767387390e-01 9.402720630168914795e-02 1.113336011767387390e-01 1.221958827227354050e-02 1.280682999640703201e-02 9.294997900724411011e-02 5.694153532385826111e-02 6.485034525394439697e-02 8.823529630899429321e-02 2.516914606094360352e-01 1.858974397182464600e-01 8.271557092666625977e-02 3.332712873816490173e-02 9.445868432521820068e-02 1.648351736366748810e-02 1.450381726026535034e-01 4.539461433887481689e-02 1.493062674999237061e-01 1.578294113278388977e-02 6.017192080616950989e-02 1.196288093924522400e-01 1.349750608205795288e-01 6.077981740236282349e-02 4.095386341214179993e-02
6.524851918220520020e-02 4.652618244290351868e-02 9.321482852101325989e-03 5.518355965614318848e-02 2.138310670852661133e-01 9.683794528245925903e-02 0.000000000000000000e+00 5.908997356891632080e-02 2.848639525473117828e-02 4.409412667155265808e-02 1.465364079922437668e-02 2.836569910869002342e-03 1.465364079922437668e-02 8.471860736608505249e-02 1.095089614391326904e-01 3.923278301954269409e-03 4.011762142181396484e-02 3.218974918127059937e-02 8.676789700984954834e-03 1.587221026420593262e-01 9.069212526082992554e-02 1.423641107976436615e-02 6.371644884347915649e-02 2.401222474873065948e-03 8.048290014266967773e-02 4.888685047626495361e-02 5.167046934366226196e-02 5.323807150125503540e-02 1.124490201473236084e-01 3.688092902302742004e-02 2.305798046290874481e-02 2.288221418857574463e-01 3.627161681652069092e-02 1.372475028038024902e-01
6.182380020618438721e-03 1.259842514991760254e-02 4.979591816663742065e-02 1.139021217823028564e-01 1.567213088274002075e-01 3.796521574258804321e-02 5.908997356891632080e-02 0.000000000000000000e+00 3.065517917275428772e-02 1.029159501194953918e-01 7.367981970310211182e-02 5.626283213496208191e-02 7.367981970310211182e-02 2.575757540762424469e-02 5.074737221002578735e-02 5.517948791384696960e-02 1.901743188500404358e-02 2.695148810744285583e-02 5.043904483318328857e-02 2.157882302999496460e-01 1.489836871623992920e-01 4.489132761955261230e-02 4.643962718546390533e-03 5.669679492712020874e-02 2.149514853954315186e-02 1.076658070087432861e-01 7.442224770784378052e-03 1.119757890701293945e-01 5.371596664190292358e-02 2.225755155086517334e-02 8.203618228435516357e-02 1.720585823059082031e-01 2.286736853420734406e-02 7.879655808210372925e-02
3.683057799935340881e-02 1.806372962892055511e-02 1.917000301182270050e-02 8.353863656520843506e-02 1.864805817604064941e-01 6.854062527418136597e-02 2.848639525473117828e-02 3.065517917275428772e-02 0.000000000000000000e+00 7.248947024345397949e-02 4.312203451991081238e-02 2.565189823508262634e-02 4.312203451991081238e-02 5.636824667453765869e-02 8.127611130475997925e-02 2.456586249172687531e-02 1.164453569799661636e-02 3.706754418089985847e-03 1.981450244784355164e-02 1.863658726215362549e-01 1.188714131712913513e-01 1.425576489418745041e-02 3.529411926865577698e-02 2.608695626258850098e-02 5.211598798632621765e-02 7.726564258337020874e-02 2.321825176477432251e-02 8.160071820020675659e-02 8.423244208097457886e-02 8.403361774981021881e-03 5.151054263114929199e-02 2.016501575708389282e-01 7.793273311108350754e-03 1.091879978775978088e-01
1.090289577841758728e-01 9.043478220701217651e-02 5.339366570115089417e-02 1.111648138612508774e-02 2.555160224437713623e-01 1.403328478336334229e-01 4.409412667155265808e-02 1.029159501194953918e-01 7.248947024345397949e-02 0.000000000000000000e+00 2.945952303707599640e-02 4.692482948303222656e-02 2.945952303707599640e-02 1.283333301544189453e-01 1.528649479150772095e-01 4.800910130143165588e-02 8.406304568052291870e-02 7.617575675249099731e-02 5.275073647499084473e-02 1.154358834028244019e-01 4.678509011864662170e-02 5.829394608736038208e-02 1.075085327029228210e-01 4.649042710661888123e-02 1.241364851593971252e-01 4.803074058145284653e-03 9.554690867662429810e-02 9.165460243821144104e-03 1.557707786560058594e-01 8.084358274936676025e-02 2.105755731463432312e-02 2.701901197433471680e-01 8.023741841316223145e-02 1.802507787942886353e-01
7.982583343982696533e-02 6.113814190030097961e-02 2.397185005247592926e-02 4.056271910667419434e-02 2.277710139751434326e-01 1.113336011767387390e-01 1.465364079922437668e-02 7.367981970310211182e-02 4.312203451991081238e-02 2.945952303707599640e-02 0.000000000000000000e+00 1.748948357999324799e-02 0.000000000000000000e+00 9.924903512001037598e-02 1.239636763930320740e-01 1.857585087418556213e-02 5.473908409476280212e-02 4.682130739092826843e-02 2.332746423780918121e-02 1.444043368101119995e-01 7.613967359066009521e-02 2.888402715325355530e-02 7.829698920249938965e-02 1.705426350235939026e-02 9.502446651458740234e-02 3.425774723291397095e-02 6.627393513917922974e-02 3.861455619335174561e-02 1.268935650587081909e-01 5.150673165917396545e-02 8.407180197536945343e-03 2.426621168851852417e-01 5.089820176362991333e-02 1.515962481498718262e-01
6.242350116372108459e-02 4.369537904858589172e-02 6.485084537416696548e-03 5.801105126738548279e-02 2.111225575208663940e-01 9.402720630168914795e-02 2.836569910869002342e-03 5.626283213496208191e-02 2.565189823508262634e-02 4.692482948303222656e-02 1.748948357999324799e-02 0.000000000000000000e+00 1.748948357999324799e-02 8.190172165632247925e-02 1.067055389285087585e-01 1.086720265448093414e-03 3.728529438376426697e-02 2.935586124658584595e-02 5.840363446623086929e-03 1.614859700202941895e-01 9.350463747978210449e-02 1.140030100941658020e-02 6.089088693261146545e-02 4.353504627943038940e-04 7.766405493021011353e-02 5.171624571084976196e-02 4.884105920791625977e-02 5.606617778539657593e-02 1.096474230289459229e-01 3.404792025685310364e-02 2.589285746216773987e-02 2.261323481798171997e-01 3.343848511576652527e-02 1.344632804393768311e-01
7.982583343982696533e-02 6.113814190030097961e-02 2.397185005247592926e-02 4.056271910667419434e-02 2.277710139751434326e-01 1.113336011767387390e-01 1.465364079922437668e-02 7.367981970310211182e-02 4.312203451991081238e-02 2.945952303707599640e-02 0.000000000000000000e+00 1.748948357999324799e-02 0.000000000000000000e+00 9.924903512001037598e-02 1.239636763930320740e-01 1.857585087418556213e-02 5.473908409476280212e-02 4.682130739092826843e-02 2.332746423780918121e-02 1.444043368101119995e-01 7.613967359066009521e-02 2.888402715325355530e-02 7.829698920249938965e-02 1.705426350235939026e-02 9.502446651458740234e-02 3.425774723291397095e-02 6.627393513917922974e-02 3.861455619335174561e-02 1.268935650587081909e-01 5.150673165917396545e-02 8.407180197536945343e-03 2.426621168851852417e-01 5.089820176362991333e-02 1.515962481498718262e-01
1.957831345498561859e-02 3.834355995059013367e-02 7.545670866966247559e-02 1.392511576414108276e-01 1.314945518970489502e-01 1.221958827227354050e-02 8.471860736608505249e-02 2.575757540762424469e-02 5.636824667453765869e-02 1.283333301544189453e-01 9.924903512001037598e-02 8.190172165632247925e-02 9.924903512001037598e-02 0.000000000000000000e+00 2.502250298857688904e-02 8.082219213247299194e-02 4.475308582186698914e-02 5.267249792814254761e-02 7.609775662422180176e-02 2.402106672525405884e-01 1.740732640027999878e-01 7.056730240583419800e-02 2.111613936722278595e-02 8.233413100242614746e-02 4.264787770807743073e-03 1.330543905496597290e-01 3.319343924522399902e-02 1.373372524976730347e-01 2.799712866544723511e-02 4.798761755228042603e-02 1.075664609670639038e-01 1.469522714614868164e-01 4.859632253646850586e-02 5.314685404300689697e-02
4.457897692918777466e-02 6.330532580614089966e-02 1.002898514270782471e-01 1.637032479047775269e-01 1.068235263228416443e-01 1.280682999640703201e-02 1.095089614391326904e-01 5.074737221002578735e-02 8.127611130475997925e-02 1.528649479150772095e-01 1.239636763930320740e-01 1.067055389285087585e-01 1.239636763930320740e-01 2.502250298857688904e-02 0.000000000000000000e+00 1.056310683488845825e-01 6.969753652811050415e-02 7.759273052215576172e-02 1.009280756115913391e-01 2.636484801769256592e-01 1.982323229312896729e-01 9.542131423950195312e-02 4.611427336931228638e-02 1.071359142661094666e-01 2.928416430950164795e-02 1.575523465871810913e-01 5.816762521862983704e-02 1.618037074804306030e-01 2.976711606606841087e-03 7.292255759239196777e-02 1.322330534458160400e-01 1.223797798156738281e-01 7.352941483259201050e-02 2.816180326044559479e-02
6.134094297885894775e-02 4.261068254709243774e-02 5.398401990532875061e-03 5.909404531121253967e-02 2.100840359926223755e-01 9.294997900724411011e-02 3.923278301954269409e-03 5.517948791384696960e-02 2.456586249172687531e-02 4.800910130143165588e-02 1.857585087418556213e-02 1.086720265448093414e-03 1.857585087418556213e-02 8.082219213247299194e-02 1.056310683488845825e-01 0.000000000000000000e+00 3.620004281401634216e-02 2.827004157006740570e-02 4.753673449158668518e-03 1.625441759824752808e-01 9.458174556493759155e-02 1.031370833516120911e-02 5.980812385678291321e-02 1.522070029750466347e-03 7.658380270004272461e-02 5.279999971389770508e-02 4.775687307119369507e-02 5.714941397309303284e-02 1.085736379027366638e-01 3.296241909265518188e-02 2.697881869971752167e-02 2.251009494066238403e-01 3.235294297337532043e-02 1.333960443735122681e-01
2.519685029983520508e-02 6.420545745640993118e-03 3.080766089260578156e-02 9.509066492319107056e-02 1.752165257930755615e-01 5.694153532385826111e-02 4.011762142181396484e-02 1.901743188500404358e-02 1.164453569799661636e-02 8.406304568052291870e-02 5.473908409476280212e-02 3.728529438376426697e-02 5.473908409476280212e-02 4.475308582186698914e-02 6.969753652811050415e-02 3.620004281401634216e-02 0.000000000000000000e+00 7.938123308122158051e-03 3.145178034901618958e-02 1.975816190242767334e-01 1.303355395793914795e-01 2.589600160717964172e-02 2.365930564701557159e-02 3.772003203630447388e-02 4.049602895975112915e-02 8.883025497198104858e-02 1.157684624195098877e-02 9.315673261880874634e-02 7.265917956829071045e-02 3.241491038352251053e-03 6.311722099781036377e-02 1.904528290033340454e-01 3.851611632853746414e-03 9.766764193773269653e-02
3.312834724783897400e-02 1.435793749988079071e-02 2.287513203918933868e-02 8.721838146448135376e-02 1.829002499580383301e-01 6.485034525394439697e-02 3.218974918127059937e-02 2.695148810744285583e-02 3.706754418089985847e-03 7.617575675249099731e-02 4.682130739092826843e-02 2.935586124658584595e-02 4.682130739092826843e-02 5.267249792814254761e-02 7.759273052215576172e-02 2.827004157006740570e-02 7.938123308122158051e-03 0.000000000000000000e+00 2.351952902972698212e-02 1.899414062500000000e-01 1.225241795182228088e-01 1.796157099306583405e-02 3.159149736166000366e-02 2.979082986712455750e-02 4.841858521103858948e-02 8.094920963048934937e-02 1.951317675411701202e-02 8.528167754411697388e-02 8.055084198713302612e-02 4.696753341704607010e-03 5.520675331354141235e-02 1.980914771556854248e-01 4.086636472493410110e-03 1.055239513516426086e-01
5.660377442836761475e-02 3.786468133330345154e-02 6.447453051805496216e-04 6.382978707551956177e-02 2.055356204509735107e-01 8.823529630899429321e-02 8.676789700984954834e-03 5.043904483318328857e-02 1.981450244784355164e-02 5.275073647499084473e-02 2.332746423780918121e-02 5.840363446623086929e-03 2.332746423780918121e-02 7.609775662422180176e-02 1.009280756115913391e-01 4.753673449158668518e-03 3.145178034901618958e-02 2.351952902972698212e-02 0.000000000000000000e+00 1.671686768531799316e-01 9.929078072309494019e-02 5.560307763516902924e-03 5.507010594010353088e-02 6.275698076933622360e-03 7.185629010200500488e-02 5.753923207521438599e-02 4.301296547055244446e-02 6.188627704977989197e-02 1.038735806941986084e-01 2.821316570043563843e-02 3.172842413187026978e-02 2.205833047628402710e-01 2.760351262986660004e-02 1.287240087985992432e-01
2.216748744249343872e-01 2.037436962127685547e-01 1.677953302860260010e-01 1.044534444808959961e-01 3.603238761425018311e-01 2.516914606094360352e-01 1.587221026420593262e-01 2.157882302999496460e-01 1.863658726215362549e-01 1.154358834028244019e-01 1.444043368101119995e-01 1.614859700202941895e-01 1.444043368101119995e-01 2.402106672525405884e-01 2.636484801769256592e-01 1.625441759824752808e-01 1.975816190242767334e-01 1.899414062500000000e-01 1.671686768531799316e-01 0.000000000000000000e+00 6.902357190847396851e-02 1.725685745477676392e-01 2.202115207910537720e-01 1.610619425773620605e-01 2.361878454685211182e-01 1.106941848993301392e-01 2.086811363697052002e-01 1.063829809427261353e-01 2.664161026477813721e-01 1.944646686315536499e-01 1.361624598503112793e-01 3.739622533321380615e-01 1.938775479793548584e-01 2.896595895290374756e-01
1.550232917070388794e-01 1.366417407989501953e-01 9.992913156747817993e-02 3.568716719746589661e-02 2.987299859523773193e-01 1.858974397182464600e-01 9.069212526082992554e-02 1.489836871623992920e-01 1.188714131712913513e-01 4.678509011864662170e-02 7.613967359066009521e-02 9.350463747978210449e-02 7.613967359066009521e-02 1.740732640027999878e-01 1.982323229312896729e-01 9.458174556493759155e-02 1.303355395793914795e-01 1.225241795182228088e-01 9.929078072309494019e-02 6.902357190847396851e-02 0.000000000000000000e+00 1.047932356595993042e-01 1.535214334726333618e-01 9.307307749986648560e-02 1.699346452951431274e-01 4.199144989252090454e-02 1.416985839605331421e-01 3.763576596975326538e-02 2.010903805494308472e-01 1.271477639675140381e-01 6.777587532997131348e-02 3.130183815956115723e-01 1.265474557876586914e-01 2.251372784376144409e-01
5.105953663587570190e-02 3.231117501854896545e-02 4.915580153465270996e-03 6.936547905206680298e-02 2.002041190862655640e-01 8.271557092666625977e-02 1.423641107976436615e-02 4.489132761955261230e-02 1.425576489418745041e-02 5.829394608736038208e-02 2.888402715325355530e-02 1.140030100941658020e-02 2.888402715325355530e-02 7.056730240583419800e-02 9.542131423950195312e-02 1.031370833516120911e-02 2.589600160717964172e-02 1.796157099306583405e-02 5.560307763516902924e-03 1.725685745477676392e-01 1.047932356595993042e-01 0.000000000000000000e+00 4.952496290206909180e-02 1.183559279888868332e-02 6.632247567176818848e-02 6.307935714721679688e-02 3.746161609888076782e-02 6.742338091135025024e-02 9.837008267641067505e-02 2.265641279518604279e-02 3.728215396404266357e-02 2.152870446443557739e-01 2.204658836126327515e-02 1.232519075274467468e-01
1.538461539894342422e-03 1.724137924611568451e-02 5.442729592323303223e-02 1.184834092855453491e-01 1.521881073713302612e-01 3.332712873816490173e-02 6.371644884347915649e-02 4.643962718546390533e-03 3.529411926865577698e-02 1.075085327029228210e-01 7.829698920249938965e-02 6.089088693261146545e-02 7.829698920249938965e-02 2.111613936722278595e-02 4.611427336931228638e-02 5.980812385678291321e-02 2.365930564701557159e-02 3.159149736166000366e-02 5.507010594010353088e-02 2.202115207910537720e-01 1.535214334726333618e-01 4.952496290206909180e-02 0.000000000000000000e+00 6.132461130619049072e-02 1.685286872088909149e-02 1.122536435723304749e-01 1.208577025681734085e-02 1.165591403841972351e-01 4.908424988389015198e-02 2.689873427152633667e-02 8.664713054895401001e-02 1.675485074520111084e-01 2.750841155648231506e-02 7.417974621057510376e-02
6.285714358091354370e-02 4.412989318370819092e-02 6.920415442436933517e-03 5.757715180516242981e-02 2.115384638309478760e-01 9.445868432521820068e-02 2.401222474873065948e-03 5.669679492712020874e-02 2.608695626258850098e-02 4.649042710661888123e-02 1.705426350235939026e-02 4.353504627943038940e-04 1.705426350235939026e-02 8.233413100242614746e-02 1.071359142661094666e-01 1.522070029750466347e-03 3.772003203630447388e-02 2.979082986712455750e-02 6.275698076933622360e-03 1.610619425773620605e-01 9.307307749986648560e-02 1.183559279888868332e-02 6.132461130619049072e-02 0.000000000000000000e+00 7.809676975011825562e-02 5.128205195069313049e-02 4.927536100149154663e-02 5.563218519091606140e-02 1.100775226950645447e-01 3.448275849223136902e-02 2.545779384672641754e-02 2.265453934669494629e-01 3.387334197759628296e-02 1.348907351493835449e-01
1.531480439007282257e-02 3.408434614539146423e-02 7.121483981609344482e-02 1.350665837526321411e-01 1.356832385063171387e-01 1.648351736366748810e-02 8.048290014266967773e-02 2.149514853954315186e-02 5.211598798632621765e-02 1.241364851593971252e-01 9.502446651458740234e-02 7.766405493021011353e-02 9.502446651458740234e-02 4.264787770807743073e-03 2.928416430950164795e-02 7.658380270004272461e-02 4.049602895975112915e-02 4.841858521103858948e-02 7.185629010200500488e-02 2.361878454685211182e-01 1.699346452951431274e-01 6.632247567176818848e-02 1.685286872088909149e-02 7.809676975011825562e-02 0.000000000000000000e+00 1.288627237081527710e-01 2.893274649977684021e-02 1.331504583358764648e-01 3.225806355476379395e-02 4.373177886009216309e-02 1.033490821719169617e-01 1.511223465204238892e-01 4.434072226285934448e-02 5.739863216876983643e-02
1.137724518775939941e-01 9.519650787115097046e-02 5.818181857466697693e-02 6.313744466751813889e-03 2.599999904632568359e-01 1.450381726026535034e-01 4.888685047626495361e-02 1.076658070087432861e-01 7.726564258337020874e-02 4.803074058145284653e-03 3.425774723291397095e-02 5.171624571084976196e-02 3.425774723291397095e-02 1.330543905496597290e-01 1.575523465871810913e-01 5.279999971389770508e-02 8.883025497198104858e-02 8.094920963048934937e-02 5.753923207521438599e-02 1.106941848993301392e-01 4.199144989252090454e-02 6.307935714721679688e-02 1.122536435723304749e-01 5.128205195069313049e-02 1.288627237081527710e-01 0.000000000000000000e+00 1.003039479255676270e-01 4.362578969448804855e-03 1.604538112878799438e-01 8.561341464519500732e-02 2.585801668465137482e-02 2.746368050575256348e-01 8.500772714614868164e-02 1.848937869071960449e-01
1.362397801131010056e-02 5.156683735549449921e-03 4.236939549446105957e-02 1.065502166748046875e-01 1.639722883701324463e-01 4.539461433887481689e-02 5.167046934366226196e-02 7.442224770784378052e-03 2.321825176477432251e-02 9.554690867662429810e-02 6.627393513917922974e-02 4.884105920791625977e-02 6.627393513917922974e-02 3.319343924522399902e-02 5.816762521862983704e-02 4.775687307119369507e-02 1.157684624195098877e-02 1.951317675411701202e-02 4.301296547055244446e-02 2.086811363697052002e-01 1.416985839605331421e-01 3.746161609888076782e-02 1.208577025681734085e-02 4.927536100149154663e-02 2.893274649977684021e-02 1.003039479255676270e-01 0.000000000000000000e+00 1.046207472681999207e-01 6.113375350832939148e-02 1.481778174638748169e-02 7.463952153921127319e-02 1.792712509632110596e-01 1.542777009308338165e-02 8.618824183940887451e-02
1.180764287710189819e-01 9.951775521039962769e-02 6.252852827310562134e-02 1.951219514012336731e-03 2.640630602836608887e-01 1.493062674999237061e-01 5.323807150125503540e-02 1.119757890701293945e-01 8.160071820020675659e-02 9.165460243821144104e-03 3.861455619335174561e-02 5.606617778539657593e-02 3.861455619335174561e-02 1.373372524976730347e-01 1.618037074804306030e-01 5.714941397309303284e-02 9.315673261880874634e-02 8.528167754411697388e-02 6.188627704977989197e-02 1.063829809427261353e-01 3.763576596975326538e-02 6.742338091135025024e-02 1.165591403841972351e-01 5.563218519091606140e-02 1.331504583358764648e-01 4.362578969448804855e-03 1.046207472681999207e-01 0.000000000000000000e+00 1.647011041641235352e-01 8.994240313768386841e-02 3.021718561649322510e-02 2.786654829978942871e-01 8.933717757463455200e-02 1.891038268804550171e-01
4.754937812685966492e-02 6.626954674720764160e-02 1.032357439398765564e-01 1.665987819433212280e-01 1.038798466324806213e-01 1.578294113278388977e-02 1.124490201473236084e-01 5.371596664190292358e-02 8.423244208097457886e-02 1.557707786560058594e-01 1.268935650587081909e-01 1.096474230289459229e-01 1.268935650587081909e-01 2.799712866544723511e-02 2.976711606606841087e-03 1.085736379027366638e-01 7.265917956829071045e-02 8.055084198713302612e-02 1.038735806941986084e-01 2.664161026477813721e-01 2.010903805494308472e-01 9.837008267641067505e-02 4.908424988389015198e-02 1.100775226950645447e-01 3.225806355476379395e-02 1.604538112878799438e-01 6.113375350832939148e-02 1.647011041641235352e-01 0.000000000000000000e+00 7.588279247283935547e-02 1.351565569639205933e-01 1.194465830922126770e-01 7.648938149213790894e-02 2.518720179796218872e-02
2.843601815402507782e-02 9.661835618317127228e-03 2.756892144680023193e-02 9.187749773263931274e-02 1.783567070960998535e-01 6.017192080616950989e-02 3.688092902302742004e-02 2.225755155086517334e-02 8.403361774981021881e-03 8.084358274936676025e-02 5.150673165917396545e-02 3.404792025685310364e-02 5.150673165917396545e-02 4.798761755228042603e-02 7.292255759239196777e-02 3.296241909265518188e-02 3.241491038352251053e-03 4.696753341704607010e-03 2.821316570043563843e-02 1.944646686315536499e-01 1.271477639675140381e-01 2.265641279518604279e-02 2.689873427152633667e-02 3.448275849223136902e-02 4.373177886009216309e-02 8.561341464519500732e-02 1.481778174638748169e-02 8.994240313768386841e-02 7.588279247283935547e-02 0.000000000000000000e+00 5.988797917962074280e-02 1.935748308897018433e-01 6.101281032897531986e-04 1.008771955966949463e-01
8.817384392023086548e-02 6.950959563255310059e-02 3.237250447273254395e-02 3.216651082038879395e-02 2.357267886400222778e-01 1.196288093924522400e-01 2.305798046290874481e-02 8.203618228435516357e-02 5.151054263114929199e-02 2.105755731463432312e-02 8.407180197536945343e-03 2.589285746216773987e-02 8.407180197536945343e-03 1.075664609670639038e-01 1.322330534458160400e-01 2.697881869971752167e-02 6.311722099781036377e-02 5.520675331354141235e-02 3.172842413187026978e-02 1.361624598503112793e-01 6.777587532997131348e-02 3.728215396404266357e-02 8.664713054895401001e-02 2.545779384672641754e-02 1.033490821719169617e-01 2.585801668465137482e-02 7.463952153921127319e-02 3.021718561649322510e-02 1.351565569639205933e-01 5.988797917962074280e-02 0.000000000000000000e+00 2.505581378936767578e-01 5.928001552820205688e-02 1.597997695207595825e-01
1.660528481006622314e-01 1.842575967311859131e-01 2.199698388576507568e-01 2.804642021656036377e-01 1.576231047511100769e-02 1.349750608205795288e-01 2.288221418857574463e-01 1.720585823059082031e-01 2.016501575708389282e-01 2.701901197433471680e-01 2.426621168851852417e-01 2.261323481798171997e-01 2.426621168851852417e-01 1.469522714614868164e-01 1.223797798156738281e-01 2.251009494066238403e-01 1.904528290033340454e-01 1.980914771556854248e-01 2.205833047628402710e-01 3.739622533321380615e-01 3.130183815956115723e-01 2.152870446443557739e-01 1.675485074520111084e-01 2.265453934669494629e-01 1.511223465204238892e-01 2.746368050575256348e-01 1.792712509632110596e-01 2.786654829978942871e-01 1.194465830922126770e-01 1.935748308897018433e-01 2.505581378936767578e-01 0.000000000000000000e+00 1.941620260477066040e-01 9.454381465911865234e-02
2.904564328491687775e-02 1.027190312743186951e-02 2.695924788713455200e-02 9.127248823642730713e-02 1.789473742246627808e-01 6.077981740236282349e-02 3.627161681652069092e-02 2.286736853420734406e-02 7.793273311108350754e-03 8.023741841316223145e-02 5.089820176362991333e-02 3.343848511576652527e-02 5.089820176362991333e-02 4.859632253646850586e-02 7.352941483259201050e-02 3.235294297337532043e-02 3.851611632853746414e-03 4.086636472493410110e-03 2.760351262986660004e-02 1.938775479793548584e-01 1.265474557876586914e-01 2.204658836126327515e-02 2.750841155648231506e-02 3.387334197759628296e-02 4.434072226285934448e-02 8.500772714614868164e-02 1.542777009308338165e-02 8.933717757463455200e-02 7.648938149213790894e-02 6.101281032897531986e-04 5.928001552820205688e-02 1.941620260477066040e-01 0.000000000000000000e+00 1.014810726046562195e-01
7.264957576990127563e-02 9.130434691905975342e-02 1.280898898839950562e-01 1.909845769405364990e-01 7.889908552169799805e-02 4.095386341214179993e-02 1.372475028038024902e-01 7.879655808210372925e-02 1.091879978775978088e-01 1.802507787942886353e-01 1.515962481498718262e-01 1.344632804393768311e-01 1.515962481498718262e-01 5.314685404300689697e-02 2.816180326044559479e-02 1.333960443735122681e-01 9.766764193773269653e-02 1.055239513516426086e-01 1.287240087985992432e-01 2.896595895290374756e-01 2.251372784376144409e-01 1.232519075274467468e-01 7.417974621057510376e-02 1.348907351493835449e-01 5.739863216876983643e-02 1.848937869071960449e-01 8.618824183940887451e-02 1.891038268804550171e-01 2.518720179796218872e-02 1.008771955966949463e-01 1.597997695207595825e-01 9.454381465911865234e-02 1.014810726046562195e-01 0.000000000000000000e+00
