0.000000000000000000e+00 7.375834137201309204e-02 6.272591650485992432e-02 1.450171768665313721e-01 1.071811392903327942e-01 5.376751348376274109e-02 5.000000074505805969e-02 2.649006620049476624e-02 4.836252704262733459e-02 9.870301187038421631e-02 2.210917696356773376e-02 4.779874160885810852e-02 3.030303120613098145e-02 4.854368790984153748e-02 8.994901925325393677e-02 7.348560262471437454e-03 9.512485004961490631e-03 3.401623666286468506e-02 1.215066853910684586e-02 1.596287637948989868e-01 8.983863890171051025e-02 2.743724547326564789e-02 1.482233498245477676e-02 2.166802994906902313e-02 9.028030931949615479e-02 6.794872134923934937e-02 1.803968683816492558e-03 1.077127680182456970e-01 8.895370364189147949e-02 2.406738931313157082e-03 4.714016243815422058e-02 2.219800800085067749e-01 6.369426846504211426e-02 6.944703310728073120e-02
7.375834137201309204e-02 0.000000000000000000e+00 1.358557194471359253e-01 2.164602130651473999e-01 3.368912637233734131e-02 2.007042244076728821e-02 1.233036071062088013e-01 4.736081138253211975e-02 2.548672631382942200e-02 1.712148785591125488e-01 5.173352733254432678e-02 1.211300343275070190e-01 1.038293018937110901e-01 2.530525624752044678e-02 1.629881188273429871e-02 6.644579768180847168e-02 6.429096311330795288e-02 3.984206914901733398e-02 8.583208173513412476e-02 2.306711971759796143e-01 1.625200659036636353e-01 4.641502723097801208e-02 8.848393708467483521e-02 9.527410566806793213e-02 1.663272269070148468e-02 1.410003900527954102e-01 7.555225491523742676e-02 1.800407320261001587e-01 1.529571693390607834e-02 7.615155726671218872e-02 1.204795986413955688e-01 1.506889462471008301e-01 1.011157594621181488e-02 4.333506803959608078e-03
6.272591650485992432e-02 1.358557194471359253e-01 0.000000000000000000e+00 8.304668217897415161e-02 1.687723994255065918e-01 1.161018684506416321e-01 1.276595704257488251e-02 8.906798809766769409e-02 1.107524707913398743e-01 3.620122373104095459e-02 8.471760898828506470e-02 1.497206743806600571e-02 3.248463571071624756e-02 1.109318286180496216e-01 1.518183499574661255e-01 7.004219293594360352e-02 7.219532877206802368e-02 9.653617441654205322e-02 5.061382800340652466e-02 9.788294136524200439e-02 2.726637199521064758e-02 9.000825881958007812e-02 4.794816300272941589e-02 4.111377149820327759e-02 1.521446406841278076e-01 5.245153792202472687e-03 6.092884391546249390e-02 4.529286175966262817e-02 1.508379876613616943e-01 6.032828986644744873e-02 1.563197933137416840e-02 2.807962000370025635e-01 1.259171068668365479e-01 1.315996795892715454e-01
1.450171768665313721e-01 2.164602130651473999e-01 8.304668217897415161e-02 0.000000000000000000e+00 2.483383715152740479e-01 1.972467154264450073e-01 9.571117162704467773e-02 1.708509176969528198e-01 1.920329034328460693e-01 4.698672145605087280e-02 1.665922254323959351e-01 9.789703041315078735e-02 1.152204871177673340e-01 1.922077983617782593e-01 2.319407314062118530e-01 1.522035449743270874e-01 1.543167978525161743e-01 1.781545877456665039e-01 1.331010460853576660e-01 1.495784614235162735e-02 5.590690672397613525e-02 1.717709749937057495e-01 1.304752975702285767e-01 1.237379685044288635e-01 2.322567403316497803e-01 7.783543318510055542e-02 1.432506889104843140e-01 3.789636492729187012e-02 2.309911400079727173e-01 1.426602303981781006e-01 9.855072200298309326e-02 3.555517196655273438e-01 2.068012803792953491e-01 2.123258709907531738e-01
1.071811392903327942e-01 3.368912637233734131e-02 1.687723994255065918e-01 2.483383715152740479e-01 0.000000000000000000e+00 5.372322350740432739e-02 1.563432812690734863e-01 8.092082291841506958e-02 5.912508442997932434e-02 2.037288844585418701e-01 8.527403324842453003e-02 1.541899442672729492e-01 1.370390802621841431e-01 5.894413217902183533e-02 1.739986799657344818e-02 9.991127252578735352e-02 9.776832908391952515e-02 7.343263179063796997e-02 1.191765964031219482e-01 2.623217999935150146e-01 1.951407641172409058e-01 7.997909188270568848e-02 1.218099519610404968e-01 1.285506188869476318e-01 1.706596650183200836e-02 1.738636344671249390e-01 1.089640334248542786e-01 2.124413102865219116e-01 1.840289123356342316e-02 1.095596104860305786e-01 1.535454988479614258e-01 1.175968125462532043e-01 4.378578811883926392e-02 3.801708295941352844e-02
5.376751348376274109e-02 2.007042244076728821e-02 1.161018684506416321e-01 1.972467154264450073e-01 5.372322350740432739e-02 0.000000000000000000e+00 1.034892946481704712e-01 2.731635235249996185e-02 5.419075023382902145e-03 1.516656279563903809e-01 3.169601410627365112e-02 1.013058945536613464e-01 8.393378555774688721e-02 5.237493198364973068e-03 3.635733947157859802e-02 4.643730074167251587e-02 4.427767172455787659e-02 1.978746801614761353e-02 6.587514281272888184e-02 2.115803211927413940e-01 1.429158151149749756e-01 2.636916749179363251e-02 6.853523105382919312e-02 7.534775882959365845e-02 3.669089823961257935e-02 1.212731674313545227e-01 5.556609109044075012e-02 1.605504602193832397e-01 3.535528481006622314e-02 5.616698414087295532e-02 1.006525605916976929e-01 1.702444851398468018e-01 9.960868395864963531e-03 1.573828421533107758e-02
5.000000074505805969e-02 1.233036071062088013e-01 1.276595704257488251e-02 9.571117162704467773e-02 1.563432812690734863e-01 1.034892946481704712e-01 0.000000000000000000e+00 7.638888806104660034e-02 9.812524914741516113e-02 4.894455894827842712e-02 7.202955335378646851e-02 2.206531353294849396e-03 1.972685940563678741e-02 9.830508381128311157e-02 1.393224149942398071e-01 5.732749775052070618e-02 5.948419123888015747e-02 8.387358486652374268e-02 3.787234053015708923e-02 1.105108037590980530e-01 4.001839831471443176e-02 7.733115553855895996e-02 3.520375490188598633e-02 2.836269885301589966e-02 1.396499276161193848e-01 1.800990477204322815e-02 4.820038005709648132e-02 5.802527070045471191e-02 1.383384168148040771e-01 4.759898781776428223e-02 2.866593189537525177e-03 2.689945101737976074e-01 1.133333370089530945e-01 1.190337017178535461e-01
2.649006620049476624e-02 4.736081138253211975e-02 8.906798809766769409e-02 1.708509176969528198e-01 8.092082291841506958e-02 2.731635235249996185e-02 7.638888806104660034e-02 0.000000000000000000e+00 2.190051972866058350e-02 1.248665973544120789e-01 4.383457358926534653e-03 7.419486343860626221e-02 5.674754455685615540e-02 2.208201959729194641e-02 6.361051648855209351e-02 1.914523355662822723e-02 1.698186062276363373e-02 7.532956544309854507e-03 3.862830251455307007e-02 1.853351294994354248e-01 1.160525232553482056e-01 9.478672873228788376e-04 4.129618778824806213e-02 4.813046753406524658e-02 6.394316256046295166e-02 9.426910430192947388e-02 2.829268202185630798e-02 1.338209956884384155e-01 6.261117011308670044e-02 2.889496274292469025e-02 7.353840023279190063e-02 1.966463476419448853e-01 3.726708143949508667e-02 4.303613677620887756e-02
4.836252704262733459e-02 2.548672631382942200e-02 1.107524707913398743e-01 1.920329034328460693e-01 5.912508442997932434e-02 5.419075023382902145e-03 9.812524914741516113e-02 2.190051972866058350e-02 0.000000000000000000e+00 1.463668495416641235e-01 2.628145366907119751e-02 9.593948721885681152e-02 7.855044305324554443e-02 1.815870782593265176e-04 4.176818579435348511e-02 4.102854803204536438e-02 3.886792436242103577e-02 1.436993386596441269e-02 6.047765910625457764e-02 2.063978910446166992e-01 1.376033127307891846e-01 2.095308713614940643e-02 6.313960254192352295e-02 6.995724886655807495e-02 4.210159927606582642e-02 1.159302815794944763e-01 5.016212165355682373e-02 1.552664637565612793e-01 4.076655209064483643e-02 5.076335743069648743e-02 9.528546035289764404e-02 1.755016446113586426e-01 1.537911314517259598e-02 2.115555480122566223e-02
9.870301187038421631e-02 1.712148785591125488e-01 3.620122373104095459e-02 4.698672145605087280e-02 2.037288844585418701e-01 1.516656279563903809e-01 4.894455894827842712e-02 1.248665973544120789e-01 1.463668495416641235e-01 0.000000000000000000e+00 1.205491200089454651e-01 5.114556849002838135e-02 6.860517710447311401e-02 1.465445458889007568e-01 1.869918704032897949e-01 1.059747040271759033e-01 1.081139892339706421e-01 1.322751343250274658e-01 8.665627241134643555e-02 6.190106272697448730e-02 8.943678811192512512e-03 1.257995665073394775e-01 8.400357514619827271e-02 7.720009237527847290e-02 1.873141676187515259e-01 3.096194751560688019e-02 9.691630303859710693e-02 9.106571786105632782e-03 1.860234290361404419e-01 9.631915390491485596e-02 5.180388689041137695e-02 3.138075172901153564e-01 1.613826900720596313e-01 1.670052856206893921e-01
2.210917696356773376e-02 5.173352733254432678e-02 8.471760898828506470e-02 1.665922254323959351e-01 8.527403324842453003e-02 3.169601410627365112e-02 7.202955335378646851e-02 4.383457358926534653e-03 2.628145366907119751e-02 1.205491200089454651e-01 0.000000000000000000e+00 6.983412057161331177e-02 5.237711593508720398e-02 2.646291442215442657e-02 6.797502189874649048e-02 1.476301439106464386e-02 1.259934064000844955e-02 1.191602088510990143e-02 3.425064310431480408e-02 1.810988038778305054e-01 1.117258965969085693e-01 5.331302527338266373e-03 3.691941127181053162e-02 4.375624284148216248e-02 6.830747425556182861e-02 8.992280066013336182e-02 2.391219139099121094e-02 1.295135170221328735e-01 6.697624921798706055e-02 2.451460994780063629e-02 6.917724013328552246e-02 2.008566558361053467e-01 4.164373502135276794e-02 4.741064831614494324e-02
4.779874160885810852e-02 1.211300343275070190e-01 1.497206743806600571e-02 9.789703041315078735e-02 1.541899442672729492e-01 1.013058945536613464e-01 2.206531353294849396e-03 7.419486343860626221e-02 9.593948721885681152e-02 5.114556849002838135e-02 6.983412057161331177e-02 0.000000000000000000e+00 1.752109080553054810e-02 9.611940383911132812e-02 1.371580511331558228e-01 5.512793734669685364e-02 5.728518217802047729e-02 8.168216794729232788e-02 3.566879034042358398e-02 1.126898601651191711e-01 4.222120344638824463e-02 7.513744384050369263e-02 3.299978747963905334e-02 2.615780383348464966e-02 1.374857574701309204e-01 2.021563425660133362e-02 4.599874094128608704e-02 6.022408977150917053e-02 1.361734569072723389e-01 4.539722576737403870e-02 6.600660271942615509e-04 2.669464051723480225e-01 1.111546009778976440e-01 1.168578639626502991e-01
3.030303120613098145e-02 1.038293018937110901e-01 3.248463571071624756e-02 1.152204871177673340e-01 1.370390802621841431e-01 8.393378555774688721e-02 1.972685940563678741e-02 5.674754455685615540e-02 7.855044305324554443e-02 6.860517710447311401e-02 5.237711593508720398e-02 1.752109080553054810e-02 0.000000000000000000e+00 7.873090356588363647e-02 1.199251636862754822e-01 3.764320909976959229e-02 3.980404138565063477e-02 6.425303220748901367e-02 1.815904863178730011e-02 1.299543529748916626e-01 5.969813093543052673e-02 5.769230797886848450e-02 1.548765134066343307e-02 8.640673942863941193e-03 1.202543452382087708e-01 3.772336244583129883e-02 2.850062027573585510e-02 7.766322791576385498e-02 1.189361289143562317e-01 2.789832651615142822e-02 1.686121895909309387e-02 2.505974173545837402e-01 9.381622076034545898e-02 9.954058378934860229e-02
4.854368790984153748e-02 2.530525624752044678e-02 1.109318286180496216e-01 1.922077983617782593e-01 5.894413217902183533e-02 5.237493198364973068e-03 9.830508381128311157e-02 2.208201959729194641e-02 1.815870782593265176e-04 1.465445458889007568e-01 2.646291442215442657e-02 9.611940383911132812e-02 7.873090356588363647e-02 0.000000000000000000e+00 4.158691316843032837e-02 4.120982810854911804e-02 3.904923424124717712e-02 1.455148309469223022e-02 6.065857782959938049e-02 2.065717428922653198e-01 1.377814561128616333e-01 2.113459445536136627e-02 6.332046538591384888e-02 7.013794779777526855e-02 4.192033410072326660e-02 1.161094233393669128e-01 5.034324899315834045e-02 1.554436683654785156e-01 4.058526456356048584e-02 5.094447731971740723e-02 9.546539187431335449e-02 1.753256469964981079e-01 1.519756857305765152e-02 2.097404934465885162e-02
8.994901925325393677e-02 1.629881188273429871e-02 1.518183499574661255e-01 2.319407314062118530e-01 1.739986799657344818e-02 3.635733947157859802e-02 1.393224149942398071e-01 6.361051648855209351e-02 4.176818579435348511e-02 1.869918704032897949e-01 6.797502189874649048e-02 1.371580511331558228e-01 1.199251636862754822e-01 4.158691316843032837e-02 0.000000000000000000e+00 8.265509456396102905e-02 8.050541579723358154e-02 5.610444769263267517e-02 1.019882187247276306e-01 2.460449635982513428e-01 1.783464550971984863e-01 6.266643106937408447e-02 1.046318486332893372e-01 1.113999262452125549e-01 3.340013499837368727e-04 1.569385379552841187e-01 9.173809736967086792e-02 1.957650780677795410e-01 1.003344426862895489e-03 9.233576804399490356e-02 1.365103423595428467e-01 1.347210109233856201e-01 2.640603482723236084e-02 2.063086070120334625e-02
7.348560262471437454e-03 6.644579768180847168e-02 7.004219293594360352e-02 1.522035449743270874e-01 9.991127252578735352e-02 4.643730074167251587e-02 5.732749775052070618e-02 1.914523355662822723e-02 4.102854803204536438e-02 1.059747040271759033e-01 1.476301439106464386e-02 5.512793734669685364e-02 3.764320909976959229e-02 4.120982810854911804e-02 8.265509456396102905e-02 0.000000000000000000e+00 2.164076315239071846e-03 2.667434327304363251e-02 1.949748769402503967e-02 1.667816936969757080e-01 9.712307900190353394e-02 2.009273506700992584e-02 2.216847985982894897e-02 2.901197038590908051e-02 8.298680186271667480e-02 7.525970041751861572e-02 9.152407757937908173e-03 1.149703264236450195e-01 8.165851980447769165e-02 9.755126200616359711e-03 5.446985363960266113e-02 2.149821966886520386e-01 5.637209117412567139e-02 6.213017925620079041e-02
9.512485004961490631e-03 6.429096311330795288e-02 7.219532877206802368e-02 1.543167978525161743e-01 9.776832908391952515e-02 4.427767172455787659e-02 5.948419123888015747e-02 1.698186062276363373e-02 3.886792436242103577e-02 1.081139892339706421e-01 1.259934064000844955e-02 5.728518217802047729e-02 3.980404138565063477e-02 3.904923424124717712e-02 8.050541579723358154e-02 2.164076315239071846e-03 0.000000000000000000e+00 2.451168186962604523e-02 2.166065014898777008e-02 1.688848137855529785e-01 9.926629066467285156e-02 1.792943850159645081e-02 2.433138899505138397e-02 3.117408975958824158e-02 8.083724230527877808e-02 7.741116732358932495e-02 1.131625939160585403e-02 1.171052604913711548e-01 7.950849086046218872e-02 1.191895082592964172e-02 5.662725493311882019e-02 2.129171788692474365e-01 5.421463027596473694e-02 5.997416377067565918e-02
3.401623666286468506e-02 3.984206914901733398e-02 9.653617441654205322e-02 1.781545877456665039e-01 7.343263179063796997e-02 1.978746801614761353e-02 8.387358486652374268e-02 7.532956544309854507e-03 1.436993386596441269e-02 1.322751343250274658e-01 1.191602088510990143e-02 8.168216794729232788e-02 6.425303220748901367e-02 1.455148309469223022e-02 5.610444769263267517e-02 2.667434327304363251e-02 2.451168186962604523e-02 0.000000000000000000e+00 4.614783078432083130e-02 1.925991922616958618e-01 1.234775334596633911e-01 6.585136521607637405e-03 4.881395772099494934e-02 5.564325302839279175e-02 5.643738806247711182e-02 1.017298176884651184e-01 3.581800684332847595e-02 1.412115991115570068e-01 5.510420352220535278e-02 3.641999140381813049e-02 8.102647215127944946e-02 1.893939375877380371e-01 2.974247373640537262e-02 3.551469370722770691e-02
1.215066853910684586e-02 8.583208173513412476e-02 5.061382800340652466e-02 1.331010460853576660e-01 1.191765964031219482e-01 6.587514281272888184e-02 3.787234053015708923e-02 3.862830251455307007e-02 6.047765910625457764e-02 8.665627241134643555e-02 3.425064310431480408e-02 3.566879034042358398e-02 1.815904863178730011e-02 6.065857782959938049e-02 1.019882187247276306e-01 1.949748769402503967e-02 2.166065014898777008e-02 4.614783078432083130e-02 0.000000000000000000e+00 1.477647125720977783e-01 7.777287065982818604e-02 3.957471996545791626e-02 2.672147937119007111e-03 9.519867599010467529e-03 1.023187339305877686e-01 5.584415420889854431e-02 1.034692674875259399e-02 9.568732976913452148e-02 1.009952053427696228e-01 9.744214825332164764e-03 3.500954806804656982e-02 2.335009425878524780e-01 7.578628510236740112e-02 8.152890205383300781e-02
1.596287637948989868e-01 2.306711971759796143e-01 9.788294136524200439e-02 1.495784614235162735e-02 2.623217999935150146e-01 2.115803211927413940e-01 1.105108037590980530e-01 1.853351294994354248e-01 2.063978910446166992e-01 6.190106272697448730e-02 1.810988038778305054e-01 1.126898601651191711e-01 1.299543529748916626e-01 2.065717428922653198e-01 2.460449635982513428e-01 1.667816936969757080e-01 1.688848137855529785e-01 1.925991922616958618e-01 1.477647125720977783e-01 0.000000000000000000e+00 7.080554217100143433e-02 1.862502843141555786e-01 1.451498717069625854e-01 1.384395807981491089e-01 2.463587224483489990e-01 9.268537163734436035e-02 1.578702628612518311e-01 5.282426625490188599e-02 2.451021224260330200e-01 1.572824567556381226e-01 1.133414953947067261e-01 3.685495257377624512e-01 2.210752665996551514e-01 2.265641689300537109e-01
8.983863890171051025e-02 1.625200659036636353e-01 2.726637199521064758e-02 5.590690672397613525e-02 1.951407641172409058e-01 1.429158151149749756e-01 4.001839831471443176e-02 1.160525232553482056e-01 1.376033127307891846e-01 8.943678811192512512e-03 1.117258965969085693e-01 4.222120344638824463e-02 5.969813093543052673e-02 1.377814561128616333e-01 1.783464550971984863e-01 9.712307900190353394e-02 9.926629066467285156e-02 1.234775334596633911e-01 7.777287065982818604e-02 7.080554217100143433e-02 0.000000000000000000e+00 1.169875189661979675e-01 7.511632889509201050e-02 6.830357015132904053e-02 1.786698102951049805e-01 2.202436700463294983e-02 8.804894238710403442e-02 1.804878003895282745e-02 1.773748546838760376e-01 8.745080977678298950e-02 4.288007318973541260e-02 3.057218790054321289e-01 1.526593565940856934e-01 1.582980453968048096e-01
2.743724547326564789e-02 4.641502723097801208e-02 9.000825881958007812e-02 1.717709749937057495e-01 7.997909188270568848e-02 2.636916749179363251e-02 7.733115553855895996e-02 9.478672873228788376e-04 2.095308713614940643e-02 1.257995665073394775e-01 5.331302527338266373e-03 7.513744384050369263e-02 5.769230797886848450e-02 2.113459445536136627e-02 6.266643106937408447e-02 2.009273506700992584e-02 1.792943850159645081e-02 6.585136521607637405e-03 3.957471996545791626e-02 1.862502843141555786e-01 1.169875189661979675e-01 0.000000000000000000e+00 4.224240034818649292e-02 4.907609894871711731e-02 6.299911439418792725e-02 9.520846605300903320e-02 2.923976629972457886e-02 1.347517669200897217e-01 6.166696175932884216e-02 2.984201349318027496e-02 7.448107749223709106e-02 1.957349628210067749e-01 3.632049635052680969e-02 4.208998382091522217e-02
1.482233498245477676e-02 8.848393708467483521e-02 4.794816300272941589e-02 1.304752975702285767e-01 1.218099519610404968e-01 6.853523105382919312e-02 3.520375490188598633e-02 4.129618778824806213e-02 6.313960254192352295e-02 8.400357514619827271e-02 3.691941127181053162e-02 3.299978747963905334e-02 1.548765134066343307e-02 6.332046538591384888e-02 1.046318486332893372e-01 2.216847985982894897e-02 2.433138899505138397e-02 4.881395772099494934e-02 2.672147937119007111e-03 1.451498717069625854e-01 7.511632889509201050e-02 4.224240034818649292e-02 0.000000000000000000e+00 6.847893819212913513e-03 1.049621850252151489e-01 5.317994207143783569e-02 1.301871426403522491e-02 9.303897619247436523e-02 1.036393865942955017e-01 1.241603866219520569e-02 3.234042599797248840e-02 2.360258251428604126e-01 7.844254374504089355e-02 8.418270945549011230e-02
2.166802994906902313e-02 9.527410566806793213e-02 4.111377149820327759e-02 1.237379685044288635e-01 1.285506188869476318e-01 7.534775882959365845e-02 2.836269885301589966e-02 4.813046753406524658e-02 6.995724886655807495e-02 7.720009237527847290e-02 4.375624284148216248e-02 2.615780383348464966e-02 8.640673942863941193e-03 7.013794779777526855e-02 1.113999262452125549e-01 2.901197038590908051e-02 3.117408975958824158e-02 5.564325302839279175e-02 9.519867599010467529e-03 1.384395807981491089e-01 6.830357015132904053e-02 4.907609894871711731e-02 6.847893819212913513e-03 0.000000000000000000e+00 1.117297708988189697e-01 4.634892940521240234e-02 1.986483670771121979e-02 8.624602854251861572e-02 1.104089245200157166e-01 1.926229521632194519e-02 2.549817785620689392e-02 2.424817979335784912e-01 8.524464815855026245e-02 9.097816050052642822e-02
9.028030931949615479e-02 1.663272269070148468e-02 1.521446406841278076e-01 2.322567403316497803e-01 1.706596650183200836e-02 3.669089823961257935e-02 1.396499276161193848e-01 6.394316256046295166e-02 4.210159927606582642e-02 1.873141676187515259e-01 6.830747425556182861e-02 1.374857574701309204e-01 1.202543452382087708e-01 4.192033410072326660e-02 3.340013499837368727e-04 8.298680186271667480e-02 8.083724230527877808e-02 5.643738806247711182e-02 1.023187339305877686e-01 2.463587224483489990e-01 1.786698102951049805e-01 6.299911439418792725e-02 1.049621850252151489e-01 1.117297708988189697e-01 0.000000000000000000e+00 1.572642922401428223e-01 9.206928312778472900e-02 1.960862576961517334e-01 1.337345340289175510e-03 9.266690909862518311e-02 1.368381083011627197e-01 1.343930661678314209e-01 2.673980034887790680e-02 2.096471749246120453e-02
6.794872134923934937e-02 1.410003900527954102e-01 5.245153792202472687e-03 7.783543318510055542e-02 1.738636344671249390e-01 1.212731674313545227e-01 1.800990477204322815e-02 9.426910430192947388e-02 1.159302815794944763e-01 3.096194751560688019e-02 8.992280066013336182e-02 2.021563425660133362e-02 3.772336244583129883e-02 1.161094233393669128e-01 1.569385379552841187e-01 7.525970041751861572e-02 7.741116732358932495e-02 1.017298176884651184e-01 5.584415420889854431e-02 9.268537163734436035e-02 2.202436700463294983e-02 9.520846605300903320e-02 5.317994207143783569e-02 4.634892940521240234e-02 1.572642922401428223e-01 0.000000000000000000e+00 6.615285575389862061e-02 4.005722329020500183e-02 1.559597551822662354e-01 6.555269658565521240e-02 2.087542042136192322e-02 2.856206893920898438e-01 1.310756951570510864e-01 1.367504447698593140e-01
1.803968683816492558e-03 7.555225491523742676e-02 6.092884391546249390e-02 1.432506889104843140e-01 1.089640334248542786e-01 5.556609109044075012e-02 4.820038005709648132e-02 2.829268202185630798e-02 5.016212165355682373e-02 9.691630303859710693e-02 2.391219139099121094e-02 4.599874094128608704e-02 2.850062027573585510e-02 5.034324899315834045e-02 9.173809736967086792e-02 9.152407757937908173e-03 1.131625939160585403e-02 3.581800684332847595e-02 1.034692674875259399e-02 1.578702628612518311e-01 8.804894238710403442e-02 2.923976629972457886e-02 1.301871426403522491e-02 1.986483670771121979e-02 9.206928312778472900e-02 6.615285575389862061e-02 0.000000000000000000e+00 1.059293821454048157e-01 9.074310958385467529e-02 6.027727504260838032e-04 4.534005001187324524e-02 2.236944735050201416e-01 6.549070775508880615e-02 7.124207168817520142e-02
1.077127680182456970e-01 1.800407320261001587e-01 4.529286175966262817e-02 3.789636492729187012e-02 2.124413102865219116e-01 1.605504602193832397e-01 5.802527070045471191e-02 1.338209956884384155e-01 1.552664637565612793e-01 9.106571786105632782e-03 1.295135170221328735e-01 6.022408977150917053e-02 7.766322791576385498e-02 1.554436683654785156e-01 1.957650780677795410e-01 1.149703264236450195e-01 1.171052604913711548e-01 1.412115991115570068e-01 9.568732976913452148e-02 5.282426625490188599e-02 1.804878003895282745e-02 1.347517669200897217e-01 9.303897619247436523e-02 8.624602854251861572e-02 1.960862576961517334e-01 4.005722329020500183e-02 1.059293821454048157e-01 0.000000000000000000e+00 1.948000043630599976e-01 1.053333356976509094e-01 6.088173389434814453e-02 3.219939470291137695e-01 1.702390760183334351e-01 1.758444160223007202e-01
8.895370364189147949e-02 1.529571693390607834e-02 1.508379876613616943e-01 2.309911400079727173e-01 1.840289123356342316e-02 3.535528481006622314e-02 1.383384168148040771e-01 6.261117011308670044e-02 4.076655209064483643e-02 1.860234290361404419e-01 6.697624921798706055e-02 1.361734569072723389e-01 1.189361289143562317e-01 4.058526456356048584e-02 1.003344426862895489e-03 8.165851980447769165e-02 7.950849086046218872e-02 5.510420352220535278e-02 1.009952053427696228e-01 2.451021224260330200e-01 1.773748546838760376e-01 6.166696175932884216e-02 1.036393865942955017e-01 1.104089245200157166e-01 1.337345340289175510e-03 1.559597551822662354e-01 9.074310958385467529e-02 1.948000043630599976e-01 0.000000000000000000e+00 9.134088456630706787e-02 1.355255693197250366e-01 1.357060223817825317e-01 2.540336363017559052e-02 1.962792314589023590e-02
2.406738931313157082e-03 7.615155726671218872e-02 6.032828986644744873e-02 1.426602303981781006e-01 1.095596104860305786e-01 5.616698414087295532e-02 4.759898781776428223e-02 2.889496274292469025e-02 5.076335743069648743e-02 9.631915390491485596e-02 2.451460994780063629e-02 4.539722576737403870e-02 2.789832651615142822e-02 5.094447731971740723e-02 9.233576804399490356e-02 9.755126200616359711e-03 1.191895082592964172e-02 3.641999140381813049e-02 9.744214825332164764e-03 1.572824567556381226e-01 8.745080977678298950e-02 2.984201349318027496e-02 1.241603866219520569e-02 1.926229521632194519e-02 9.266690909862518311e-02 6.555269658565521240e-02 6.027727504260838032e-04 1.053333356976509094e-01 9.134088456630706787e-02 0.000000000000000000e+00 4.473850131034851074e-02 2.242670059204101562e-01 6.609087437391281128e-02 7.184176146984100342e-02
4.714016243815422058e-02 1.204795986413955688e-01 1.563197933137416840e-02 9.855072200298309326e-02 1.535454988479614258e-01 1.006525605916976929e-01 2.866593189537525177e-03 7.353840023279190063e-02 9.528546035289764404e-02 5.180388689041137695e-02 6.917724013328552246e-02 6.600660271942615509e-04 1.686121895909309387e-02 9.546539187431335449e-02 1.365103423595428467e-01 5.446985363960266113e-02 5.662725493311882019e-02 8.102647215127944946e-02 3.500954806804656982e-02 1.133414953947067261e-01 4.288007318973541260e-02 7.448107749223709106e-02 3.234042599797248840e-02 2.549817785620689392e-02 1.368381083011627197e-01 2.087542042136192322e-02 4.534005001187324524e-02 6.088173389434814453e-02 1.355255693197250366e-01 4.473850131034851074e-02 0.000000000000000000e+00 2.663332819938659668e-01 1.105026379227638245e-01 1.162067651748657227e-01
2.219800800085067749e-01 1.506889462471008301e-01 2.807962000370025635e-01 3.555517196655273438e-01 1.175968125462532043e-01 1.702444851398468018e-01 2.689945101737976074e-01 1.966463476419448853e-01 1.755016446113586426e-01 3.138075172901153564e-01 2.008566558361053467e-01 2.669464051723480225e-01 2.505974173545837402e-01 1.753256469964981079e-01 1.347210109233856201e-01 2.149821966886520386e-01 2.129171788692474365e-01 1.893939375877380371e-01 2.335009425878524780e-01 3.685495257377624512e-01 3.057218790054321289e-01 1.957349628210067749e-01 2.360258251428604126e-01 2.424817979335784912e-01 1.343930661678314209e-01 2.856206893920898438e-01 2.236944735050201416e-01 3.219939470291137695e-01 1.357060223817825317e-01 2.242670059204101562e-01 2.663332819938659668e-01 0.000000000000000000e+00 1.605558842420578003e-01 1.549212932586669922e-01
6.369426846504211426e-02 1.011157594621181488e-02 1.259171068668365479e-01 2.068012803792953491e-01 4.378578811883926392e-02 9.960868395864963531e-03 1.133333370089530945e-01 3.726708143949508667e-02 1.537911314517259598e-02 1.613826900720596313e-01 4.164373502135276794e-02 1.111546009778976440e-01 9.381622076034545898e-02 1.519756857305765152e-02 2.640603482723236084e-02 5.637209117412567139e-02 5.421463027596473694e-02 2.974247373640537262e-02 7.578628510236740112e-02 2.210752665996551514e-01 1.526593565940856934e-01 3.632049635052680969e-02 7.844254374504089355e-02 8.524464815855026245e-02 2.673980034887790680e-02 1.310756951570510864e-01 6.549070775508880615e-02 1.702390760183334351e-01 2.540336363017559052e-02 6.609087437391281128e-02 1.105026379227638245e-01 1.605558842420578003e-01 0.000000000000000000e+00 5.778322461992502213e-03
6.944703310728073120e-02 4.333506803959608078e-03 1.315996795892715454e-01 2.123258709907531738e-01 3.801708295941352844e-02 1.573828421533107758e-02 1.190337017178535461e-01 4.303613677620887756e-02 2.115555480122566223e-02 1.670052856206893921e-01 4.741064831614494324e-02 1.168578639626502991e-01 9.954058378934860229e-02 2.097404934465885162e-02 2.063086070120334625e-02 6.213017925620079041e-02 5.997416377067565918e-02 3.551469370722770691e-02 8.152890205383300781e-02 2.265641689300537109e-01 1.582980453968048096e-01 4.208998382091522217e-02 8.418270945549011230e-02 9.097816050052642822e-02 2.096471749246120453e-02 1.367504447698593140e-01 7.124207168817520142e-02 1.758444160223007202e-01 1.962792314589023590e-02 7.184176146984100342e-02 1.162067651748657227e-01 1.549212932586669922e-01 5.778322461992502213e-03 0.000000000000000000e+00
