0.000000000000000000e+00 3.082935325801372528e-02 2.715140394866466522e-02 5.060014128684997559e-02 2.048450261354446411e-01 1.068427339196205139e-01 4.574604704976081848e-02 5.243048071861267090e-02 2.872062660753726959e-02 7.117437664419412613e-03 9.599027782678604126e-02 1.871291734278202057e-02 7.768595218658447266e-02 1.093375906348228455e-01 1.561436653137207031e-01 1.129568088799715042e-02 4.370179772377014160e-02 5.902192369103431702e-02 3.348961938172578812e-03 1.402298808097839355e-01 4.421052709221839905e-02 2.468866109848022461e-02 1.652346365153789520e-02 4.676489531993865967e-02 1.077353581786155701e-01 2.479338832199573517e-02 3.439325094223022461e-02 3.822801867499947548e-03 9.818182140588760376e-02 4.123711213469505310e-02 4.696840420365333557e-02 2.649431824684143066e-01 8.916547894477844238e-02 1.253918558359146118e-01
3.082935325801372528e-02 0.000000000000000000e+00 5.793226510286331177e-02 8.130266517400741577e-02 1.751216053962707520e-01 7.626459002494812012e-02 1.493775937706232071e-02 2.163610048592090607e-02 2.110595116391777992e-03 2.371712028980255127e-02 6.535433232784271240e-02 4.951370507478713989e-02 4.696908965706825256e-02 7.877376675605773926e-02 1.259204745292663574e-01 1.954047754406929016e-02 1.288981270045042038e-02 2.824396267533302307e-02 2.748322859406471252e-02 1.703228950500488281e-01 7.493773847818374634e-02 6.145369727164506912e-03 1.431318093091249466e-02 1.595854945480823517e-02 7.716229557991027832e-02 5.558025836944580078e-02 3.567680949345231056e-03 3.464807197451591492e-02 6.755695492029190063e-02 1.042100880295038223e-02 1.616245321929454803e-02 2.360418289899826050e-01 5.849692597985267639e-02 9.492947161197662354e-02
2.715140394866466522e-02 5.793226510286331177e-02 0.000000000000000000e+00 2.348099648952484131e-02 2.307132482528686523e-01 1.336065530776977539e-01 7.280701398849487305e-02 7.946875691413879395e-02 5.582849308848381042e-02 3.426222130656242371e-02 1.228215768933296204e-01 8.442776277661323547e-03 1.046166867017745972e-01 1.360850036144256592e-01 1.825212687253952026e-01 3.843529522418975830e-02 7.076922804117202759e-02 8.603545278310775757e-02 3.049759194254875183e-02 1.135106682777404785e-01 1.707962527871131897e-02 5.180533602833747864e-02 4.365528002381324768e-02 7.382256537675857544e-02 1.344933509826660156e-01 2.359603531658649445e-03 6.148723512887954712e-02 2.333102375268936157e-02 1.250000000000000000e-01 6.831203401088714600e-02 7.402540743350982666e-02 2.900083959102630615e-01 1.160359606146812439e-01 1.520256698131561279e-01
5.060014128684997559e-02 8.130266517400741577e-02 2.348099648952484131e-02 0.000000000000000000e+00 2.528246045112609863e-01 1.565962731838226318e-01 9.612368047237396240e-02 1.027580052614212036e-01 7.920566201210021973e-02 5.769680067896842957e-02 1.458818614482879639e-01 3.191744536161422729e-02 1.277837902307510376e-01 1.590577512979507446e-01 2.051231563091278076e-01 6.186046451330184937e-02 9.409386664628982544e-02 1.092956513166427612e-01 5.393996089696884155e-02 9.027027338743209839e-02 6.403940729796886444e-03 7.519486546516418457e-02 6.706753373146057129e-02 9.713518619537353516e-02 1.574770212173461914e-01 2.583916857838630676e-02 8.484573662281036377e-02 4.678639024496078491e-02 1.480464637279510498e-01 9.164602309465408325e-02 9.733720868825912476e-02 3.113690614700317383e-01 1.391378641128540039e-01 1.748823821544647217e-01
2.048450261354446411e-01 1.751216053962707520e-01 2.307132482528686523e-01 2.528246045112609863e-01 0.000000000000000000e+00 1.001951843500137329e-01 1.606039851903915405e-01 1.540692746639251709e-01 1.771667301654815674e-01 1.980163007974624634e-01 1.110381111502647400e-01 2.227042615413665771e-01 1.292153596878051758e-01 9.769555181264877319e-02 5.031055957078933716e-02 1.939982324838638306e-01 1.625988334417343140e-01 1.476077437400817871e-01 2.016343921422958374e-01 3.354392945766448975e-01 2.468202710151672363e-01 1.810721158981323242e-01 1.889611482620239258e-01 1.596091240644454956e-01 9.930115193128585815e-02 2.284780293703079224e-01 1.716611832380294800e-01 2.085045576095581055e-01 1.088524609804153442e-01 1.650017201900482178e-01 1.594103574752807617e-01 6.354700028896331787e-02 1.178317666053771973e-01 8.154781162738800049e-02
1.068427339196205139e-01 7.626459002494812012e-02 1.336065530776977539e-01 1.565962731838226318e-01 1.001951843500137329e-01 0.000000000000000000e+00 6.139677762985229492e-02 5.471878126263618469e-02 7.836257666349411011e-02 9.980119019746780396e-02 1.096491236239671707e-02 1.253051310777664185e-01 2.940081804990768433e-02 2.524341922253370285e-03 5.013736337423324585e-02 9.566250443458557129e-02 6.343714147806167603e-02 4.812429100275039673e-02 1.035308167338371277e-01 2.434254884719848633e-01 1.503431051969528198e-01 8.237135410308837891e-02 9.047900885343551636e-02 6.037952750921249390e-02 9.030160726979374886e-04 1.312883496284484863e-01 7.271669805049896240e-02 1.106203570961952209e-01 8.752735331654548645e-03 6.589595228433609009e-02 6.017631292343139648e-02 1.627062261104583740e-01 1.784728653728961945e-02 1.880099251866340637e-02
4.574604704976081848e-02 1.493775937706232071e-02 7.280701398849487305e-02 9.612368047237396240e-02 1.606039851903915405e-01 6.139677762985229492e-02 0.000000000000000000e+00 6.700507830828428268e-03 1.704781688749790192e-02 3.864118829369544983e-02 5.046583712100982666e-02 6.440383195877075195e-02 3.205381706357002258e-02 6.391121447086334229e-02 1.111918613314628601e-01 3.446817398071289062e-02 2.048340858891606331e-03 1.331181917339563370e-02 4.240357875823974609e-02 1.847905069589614868e-01 8.977500349283218384e-02 2.108119428157806396e-02 2.924468740820884705e-02 1.021033269353210926e-03 6.229633837938308716e-02 7.045952230691909790e-02 1.137068402022123337e-02 4.956018179655075073e-02 5.267234519124031067e-02 4.517453722655773163e-03 1.224989769980311394e-03 2.218864262104034424e-01 4.359726235270500183e-02 8.010530471801757812e-02
5.243048071861267090e-02 2.163610048592090607e-02 7.946875691413879395e-02 1.027580052614212036e-01 1.540692746639251709e-01 5.471878126263618469e-02 6.700507830828428268e-03 0.000000000000000000e+00 2.374561131000518799e-02 4.532995820045471191e-02 4.378013685345649719e-02 7.107366621494293213e-02 2.535875700414180756e-02 5.723521485924720764e-02 1.045692637562751770e-01 4.115917533636093140e-02 8.748728781938552856e-03 6.611901335418224335e-03 4.909013956785202026e-02 1.912541985511779785e-01 9.641751646995544434e-02 2.777777798473834991e-02 3.593815118074417114e-02 5.679513327777385712e-03 5.561904609203338623e-02 7.712361216545104980e-02 1.806981489062309265e-02 5.624201148748397827e-02 4.598807170987129211e-02 1.121762208640575409e-02 5.475562997162342072e-03 2.155063301324844360e-01 3.690753504633903503e-02 7.344421744346618652e-02
2.872062660753726959e-02 2.110595116391777992e-03 5.582849308848381042e-02 7.920566201210021973e-02 1.771667301654815674e-01 7.836257666349411011e-02 1.704781688749790192e-02 2.374561131000518799e-02 0.000000000000000000e+00 2.160760574042797089e-02 6.745561957359313965e-02 4.740806296467781067e-02 4.907481744885444641e-02 8.087091892957687378e-02 1.279970556497573853e-01 1.743059977889060974e-02 1.499999966472387314e-02 3.035274893045425415e-02 2.537410520017147064e-02 1.682727932929992676e-01 7.283866405487060547e-02 4.034826997667551041e-03 1.220295485109090805e-02 1.806853525340557098e-02 7.925998419523239136e-02 5.347593501210212708e-02 5.678233224898576736e-03 3.253985568881034851e-02 6.965761631727218628e-02 1.253132801502943039e-02 1.827242597937583923e-02 2.380338460206985474e-01 6.060003861784934998e-02 9.702062606811523438e-02
7.117437664419412613e-03 2.371712028980255127e-02 3.426222130656242371e-02 5.769680067896842957e-02 1.980163007974624634e-01 9.980119019746780396e-02 3.864118829369544983e-02 4.532995820045471191e-02 2.160760574042797089e-02 0.000000000000000000e+00 8.893360197544097900e-02 2.582691423594951630e-02 7.060755044221878052e-02 1.022997647523880005e-01 1.491920351982116699e-01 4.178579431027173996e-03 3.659574314951896667e-02 5.192629992961883545e-02 3.768565831705927849e-03 1.472004055976867676e-01 5.131181702017784119e-02 1.757431030273437500e-02 9.407131932675838470e-03 3.966065868735313416e-02 1.006951332092285156e-01 3.190519660711288452e-02 2.728249132633209229e-02 1.093994174152612686e-02 9.112805873155593872e-02 3.412969410419464111e-02 3.986429050564765930e-02 2.583128511905670166e-01 8.210014551877975464e-02 1.183800622820854187e-01
9.599027782678604126e-02 6.535433232784271240e-02 1.228215768933296204e-01 1.458818614482879639e-01 1.110381111502647400e-01 1.096491236239671707e-02 5.046583712100982666e-02 4.378013685345649719e-02 6.745561957359313965e-02 8.893360197544097900e-02 0.000000000000000000e+00 1.144975274801254272e-01 1.844185218214988708e-02 1.348888035863637924e-02 6.106870248913764954e-02 8.478652685880661011e-02 5.250875279307365417e-02 3.717899695038795471e-02 9.267111122608184814e-02 2.330827116966247559e-01 1.396083384752273560e-01 7.147099822759628296e-02 7.959305495023727417e-02 4.944735392928123474e-02 1.186781097203493118e-02 1.204968914389610291e-01 6.180106103420257568e-02 9.977646917104721069e-02 2.212389372289180756e-03 5.497075989842414856e-02 4.924389347434043884e-02 1.733618378639221191e-01 6.883720867335796356e-03 2.975977025926113129e-02
1.871291734278202057e-02 4.951370507478713989e-02 8.442776277661323547e-03 3.191744536161422729e-02 2.227042615413665771e-01 1.253051310777664185e-01 6.440383195877075195e-02 7.107366621494293213e-02 4.740806296467781067e-02 2.582691423594951630e-02 1.144975274801254272e-01 0.000000000000000000e+00 9.625893086194992065e-02 1.277890503406524658e-01 1.743471622467041016e-01 3.000225499272346497e-02 6.236371397972106934e-02 7.764907926321029663e-02 2.206049486994743347e-02 1.218366846442222595e-01 2.551872096955776215e-02 4.338153451681137085e-02 3.522548824548721313e-02 6.542056053876876831e-02 1.261938661336898804e-01 6.083294283598661423e-03 5.307200923562049866e-02 1.489118020981550217e-02 1.166803613305091858e-01 5.990380421280860901e-02 6.562364101409912109e-02 2.822567224502563477e-01 1.076986938714981079e-01 1.437674164772033691e-01
7.768595218658447266e-02 4.696908965706825256e-02 1.046166867017745972e-01 1.277837902307510376e-01 1.292153596878051758e-01 2.940081804990768433e-02 3.205381706357002258e-02 2.535875700414180756e-02 4.907481744885444641e-02 7.060755044221878052e-02 1.844185218214988708e-02 9.625893086194992065e-02 0.000000000000000000e+00 3.192279115319252014e-02 7.942111045122146606e-02 6.644857674837112427e-02 3.409992158412933350e-02 1.875000074505805969e-02 7.435633242130279541e-02 2.155674695968627930e-01 1.214792504906654358e-01 5.309913307428359985e-02 6.124109774827957153e-02 3.103380091488361359e-02 3.030303120613098145e-02 1.022823303937911987e-01 4.340868070721626282e-02 8.148455619812011719e-02 2.065339870750904083e-02 3.656597808003425598e-02 3.083003871142864227e-02 1.911924332380294800e-01 1.155959814786911011e-02 4.817518219351768494e-02
1.093375906348228455e-01 7.877376675605773926e-02 1.360850036144256592e-01 1.590577512979507446e-01 9.769555181264877319e-02 2.524341922253370285e-03 6.391121447086334229e-02 5.723521485924720764e-02 8.087091892957687378e-02 1.022997647523880005e-01 1.348888035863637924e-02 1.277890503406524658e-01 3.192279115319252014e-02 0.000000000000000000e+00 4.761904850602149963e-02 9.816314280033111572e-02 6.595092266798019409e-02 5.064247921109199524e-02 1.060274541378021240e-01 2.457987964153289795e-01 1.528094559907913208e-01 8.487804979085922241e-02 9.298211336135864258e-02 6.289428472518920898e-02 1.621329458430409431e-03 1.337683498859405518e-01 7.522723078727722168e-02 1.131131127476692200e-01 1.127682812511920929e-02 6.840891391038894653e-02 6.269112974405288696e-02 1.602476984262466431e-01 2.037071064114570618e-02 1.627742312848567963e-02
1.561436653137207031e-01 1.259204745292663574e-01 1.825212687253952026e-01 2.051231563091278076e-01 5.031055957078933716e-02 5.013736337423324585e-02 1.111918613314628601e-01 1.045692637562751770e-01 1.279970556497573853e-01 1.491920351982116699e-01 6.106870248913764954e-02 1.743471622467041016e-01 7.942111045122146606e-02 4.761904850602149963e-02 0.000000000000000000e+00 1.451039165258407593e-01 1.132144182920455933e-01 9.802513569593429565e-02 1.528746485710144043e-01 2.900232076644897461e-01 1.989805847406387329e-01 1.319637298583984375e-01 1.399813592433929443e-01 1.101833358407020569e-01 4.923657700419425964e-02 1.802392899990081787e-01 1.224077790975570679e-01 1.598710417747497559e-01 5.886426568031311035e-02 1.156512200832366943e-01 1.099818497896194458e-01 1.134947091341018677e-01 6.792386621236801147e-02 3.136593475937843323e-02
1.129568088799715042e-02 1.954047754406929016e-02 3.843529522418975830e-02 6.186046451330184937e-02 1.939982324838638306e-01 9.566250443458557129e-02 3.446817398071289062e-02 4.115917533636093140e-02 1.743059977889060974e-02 4.178579431027173996e-03 8.478652685880661011e-02 3.000225499272346497e-02 6.644857674837112427e-02 9.816314280033111572e-02 1.451039165258407593e-01 0.000000000000000000e+00 3.242212161421775818e-02 4.775808006525039673e-02 7.947020232677459717e-03 1.512859314680099487e-01 5.547850206494331360e-02 1.339671574532985687e-02 5.228758323937654495e-03 3.548796102404594421e-02 9.655718505382537842e-02 3.607896342873573303e-02 2.310654707252979279e-02 1.511783059686422348e-02 8.698260039091110229e-02 2.995538525283336639e-02 3.569165617227554321e-02 2.544088959693908691e-01 7.794830203056335449e-02 1.142579987645149231e-01
4.370179772377014160e-02 1.288981270045042038e-02 7.076922804117202759e-02 9.409386664628982544e-02 1.625988334417343140e-01 6.343714147806167603e-02 2.048340858891606331e-03 8.748728781938552856e-03 1.499999966472387314e-02 3.659574314951896667e-02 5.250875279307365417e-02 6.236371397972106934e-02 3.409992158412933350e-02 6.595092266798019409e-02 1.132144182920455933e-01 3.242212161421775818e-02 0.000000000000000000e+00 1.535974163562059402e-02 4.035874456167221069e-02 1.828113645315170288e-01 8.774279803037643433e-02 1.903367415070533752e-02 2.719797566533088684e-02 3.069367725402116776e-03 6.433647125959396362e-02 6.842105090618133545e-02 9.322560392320156097e-03 4.751666262745857239e-02 5.471478402614593506e-02 2.469135913997888565e-03 3.273322479799389839e-03 2.238330394029617310e-01 4.564152657985687256e-02 8.214016258716583252e-02
5.902192369103431702e-02 2.824396267533302307e-02 8.603545278310775757e-02 1.092956513166427612e-01 1.476077437400817871e-01 4.812429100275039673e-02 1.331181917339563370e-02 6.611901335418224335e-03 3.035274893045425415e-02 5.192629992961883545e-02 3.717899695038795471e-02 7.764907926321029663e-02 1.875000074505805969e-02 5.064247921109199524e-02 9.802513569593429565e-02 4.775808006525039673e-02 1.535974163562059402e-02 0.000000000000000000e+00 5.568396672606468201e-02 1.976162046194076538e-01 1.029637753963470459e-01 3.438336402177810669e-02 4.253994673490524292e-02 1.229095272719860077e-02 4.902517423033714294e-02 8.369284123182296753e-02 2.467876859009265900e-02 6.283054500818252563e-02 3.938814625144004822e-02 1.782820187509059906e-02 1.208702661097049713e-02 2.091925144195556641e-01 3.030303120613098145e-02 6.686478108167648315e-02
3.348961938172578812e-03 2.748322859406471252e-02 3.049759194254875183e-02 5.393996089696884155e-02 2.016343921422958374e-01 1.035308167338371277e-01 4.240357875823974609e-02 4.909013956785202026e-02 2.537410520017147064e-02 3.768565831705927849e-03 9.267111122608184814e-02 2.206049486994743347e-02 7.435633242130279541e-02 1.060274541378021240e-01 1.528746485710144043e-01 7.947020232677459717e-03 4.035874456167221069e-02 5.568396672606468201e-02 0.000000000000000000e+00 1.435114443302154541e-01 4.755244776606559753e-02 2.134146355092525482e-02 1.317523047327995300e-02 4.342273250222206116e-02 1.044240742921829224e-01 2.814001403748989105e-02 3.104786574840545654e-02 7.171671837568283081e-03 9.486404806375503540e-02 3.789338469505310059e-02 4.362630471587181091e-02 2.618265450000762939e-01 8.584214746952056885e-02 1.220941618084907532e-01
1.402298808097839355e-01 1.703228950500488281e-01 1.135106682777404785e-01 9.027027338743209839e-02 3.354392945766448975e-01 2.434254884719848633e-01 1.847905069589614868e-01 1.912541985511779785e-01 1.682727932929992676e-01 1.472004055976867676e-01 2.330827116966247559e-01 1.218366846442222595e-01 2.155674695968627930e-01 2.457987964153289795e-01 2.900232076644897461e-01 1.512859314680099487e-01 1.828113645315170288e-01 1.976162046194076538e-01 1.435114443302154541e-01 0.000000000000000000e+00 9.661835432052612305e-02 1.643495559692382812e-01 1.563909798860549927e-01 1.857764869928359985e-01 2.442748099565505981e-01 1.158392429351806641e-01 1.737849712371826172e-01 1.364802420139312744e-01 2.351738214492797852e-01 1.804236620664596558e-01 1.859733909368515015e-01 3.906589448451995850e-01 2.265625000000000000e-01 2.610318362712860107e-01
4.421052709221839905e-02 7.493773847818374634e-02 1.707962527871131897e-02 6.403940729796886444e-03 2.468202710151672363e-01 1.503431051969528198e-01 8.977500349283218384e-02 9.641751646995544434e-02 7.283866405487060547e-02 5.131181702017784119e-02 1.396083384752273560e-01 2.551872096955776215e-02 1.214792504906654358e-01 1.528094559907913208e-01 1.989805847406387329e-01 5.547850206494331360e-02 8.774279803037643433e-02 1.029637753963470459e-01 4.755244776606559753e-02 9.661835432052612305e-02 0.000000000000000000e+00 6.882406771183013916e-02 6.068965420126914978e-02 9.078771620988845825e-02 1.512255966663360596e-01 1.943844556808471680e-02 7.848443835973739624e-02 4.039455205202102661e-02 1.417769342660903931e-01 8.529214560985565186e-02 9.098999202251434326e-02 3.055744469165802002e-01 1.328522861003875732e-01 1.686673462390899658e-01
2.468866109848022461e-02 6.145369727164506912e-03 5.180533602833747864e-02 7.519486546516418457e-02 1.810721158981323242e-01 8.237135410308837891e-02 2.108119428157806396e-02 2.777777798473834991e-02 4.034826997667551041e-03 1.757431030273437500e-02 7.147099822759628296e-02 4.338153451681137085e-02 5.309913307428359985e-02 8.487804979085922241e-02 1.319637298583984375e-01 1.339671574532985687e-02 1.903367415070533752e-02 3.438336402177810669e-02 2.134146355092525482e-02 1.643495559692382812e-01 6.882406771183013916e-02 0.000000000000000000e+00 8.168529719114303589e-03 2.210175059735774994e-02 8.326818048954010010e-02 4.945177957415580750e-02 9.712837636470794678e-03 2.850877121090888977e-02 7.367173582315444946e-02 1.656531728804111481e-02 2.230560779571533203e-02 2.418363988399505615e-01 6.461906433105468750e-02 1.010159105062484741e-01
1.652346365153789520e-02 1.431318093091249466e-02 4.365528002381324768e-02 6.706753373146057129e-02 1.889611482620239258e-01 9.047900885343551636e-02 2.924468740820884705e-02 3.593815118074417114e-02 1.220295485109090805e-02 9.407131932675838470e-03 7.959305495023727417e-02 3.522548824548721313e-02 6.124109774827957153e-02 9.298211336135864258e-02 1.399813592433929443e-01 5.228758323937654495e-03 2.719797566533088684e-02 4.253994673490524292e-02 1.317523047327995300e-02 1.563909798860549927e-01 6.068965420126914978e-02 8.168529719114303589e-03 0.000000000000000000e+00 3.026481717824935913e-02 9.137455374002456665e-02 4.129993170499801636e-02 1.787994801998138428e-02 2.034498006105422974e-02 8.179104328155517578e-02 2.473050169646739960e-02 3.046858496963977814e-02 2.495120316743850708e-01 7.274919748306274414e-02 1.090944185853004456e-01
4.676489531993865967e-02 1.595854945480823517e-02 7.382256537675857544e-02 9.713518619537353516e-02 1.596091240644454956e-01 6.037952750921249390e-02 1.021033269353210926e-03 5.679513327777385712e-03 1.806853525340557098e-02 3.966065868735313416e-02 4.944735392928123474e-02 6.542056053876876831e-02 3.103380091488361359e-02 6.289428472518920898e-02 1.101833358407020569e-01 3.548796102404594421e-02 3.069367725402116776e-03 1.229095272719860077e-02 4.342273250222206116e-02 1.857764869928359985e-01 9.078771620988845825e-02 2.210175059735774994e-02 3.026481717824935913e-02 0.000000000000000000e+00 6.127920374274253845e-02 7.147540897130966187e-02 1.239157374948263168e-02 5.057865381240844727e-02 5.165409296751022339e-02 5.538461729884147644e-03 2.039567625615745783e-04 2.209154516458511353e-01 4.257812350988388062e-02 7.909073680639266968e-02
1.077353581786155701e-01 7.716229557991027832e-02 1.344933509826660156e-01 1.574770212173461914e-01 9.930115193128585815e-02 9.030160726979374886e-04 6.229633837938308716e-02 5.561904609203338623e-02 7.925998419523239136e-02 1.006951332092285156e-01 1.186781097203493118e-02 1.261938661336898804e-01 3.030303120613098145e-02 1.621329458430409431e-03 4.923657700419425964e-02 9.655718505382537842e-02 6.433647125959396362e-02 4.902517423033714294e-02 1.044240742921829224e-01 2.442748099565505981e-01 1.512255966663360596e-01 8.326818048954010010e-02 9.137455374002456665e-02 6.127920374274253845e-02 0.000000000000000000e+00 1.321756839752197266e-01 7.361488044261932373e-02 1.115122362971305847e-01 9.655674919486045837e-03 6.679499149322509766e-02 6.107601150870323181e-02 1.618269830942153931e-01 1.875000074505805969e-02 1.789828017354011536e-02
2.479338832199573517e-02 5.558025836944580078e-02 2.359603531658649445e-03 2.583916857838630676e-02 2.284780293703079224e-01 1.312883496284484863e-01 7.045952230691909790e-02 7.712361216545104980e-02 5.347593501210212708e-02 3.190519660711288452e-02 1.204968914389610291e-01 6.083294283598661423e-03 1.022823303937911987e-01 1.337683498859405518e-01 1.802392899990081787e-01 3.607896342873573303e-02 6.842105090618133545e-02 8.369284123182296753e-02 2.814001403748989105e-02 1.158392429351806641e-01 1.943844556808471680e-02 4.945177957415580750e-02 4.129993170499801636e-02 7.147540897130966187e-02 1.321756839752197266e-01 0.000000000000000000e+00 5.913621187210083008e-02 2.097257412970066071e-02 1.226765811443328857e-01 6.596305966377258301e-02 7.167831808328628540e-02 2.878457605838775635e-01 1.137074902653694153e-01 1.497197747230529785e-01
3.439325094223022461e-02 3.567680949345231056e-03 6.148723512887954712e-02 8.484573662281036377e-02 1.716611832380294800e-01 7.271669805049896240e-02 1.137068402022123337e-02 1.806981489062309265e-02 5.678233224898576736e-03 2.728249132633209229e-02 6.180106103420257568e-02 5.307200923562049866e-02 4.340868070721626282e-02 7.522723078727722168e-02 1.224077790975570679e-01 2.310654707252979279e-02 9.322560392320156097e-03 2.467876859009265900e-02 3.104786574840545654e-02 1.737849712371826172e-01 7.848443835973739624e-02 9.712837636470794678e-03 1.787994801998138428e-02 1.239157374948263168e-02 7.361488044261932373e-02 5.913621187210083008e-02 0.000000000000000000e+00 3.821102902293205261e-02 6.400469690561294556e-02 6.853582337498664856e-03 1.259549893438816071e-02 2.326700836420059204e-01 5.494071170687675476e-02 9.139274060726165771e-02
3.822801867499947548e-03 3.464807197451591492e-02 2.333102375268936157e-02 4.678639024496078491e-02 2.085045576095581055e-01 1.106203570961952209e-01 4.956018179655075073e-02 5.624201148748397827e-02 3.253985568881034851e-02 1.093994174152612686e-02 9.977646917104721069e-02 1.489118020981550217e-02 8.148455619812011719e-02 1.131131127476692200e-01 1.598710417747497559e-01 1.511783059686422348e-02 4.751666262745857239e-02 6.283054500818252563e-02 7.171671837568283081e-03 1.364802420139312744e-01 4.039455205202102661e-02 2.850877121090888977e-02 2.034498006105422974e-02 5.057865381240844727e-02 1.115122362971305847e-01 2.097257412970066071e-02 3.821102902293205261e-02 0.000000000000000000e+00 1.019663512706756592e-01 4.505281150341033936e-02 5.078208819031715393e-02 2.684940695762634277e-01 9.295659512281417847e-02 1.291527450084686279e-01
9.818182140588760376e-02 6.755695492029190063e-02 1.250000000000000000e-01 1.480464637279510498e-01 1.088524609804153442e-01 8.752735331654548645e-03 5.267234519124031067e-02 4.598807170987129211e-02 6.965761631727218628e-02 9.112805873155593872e-02 2.212389372289180756e-03 1.166803613305091858e-01 2.065339870750904083e-02 1.127682812511920929e-02 5.886426568031311035e-02 8.698260039091110229e-02 5.471478402614593506e-02 3.938814625144004822e-02 9.486404806375503540e-02 2.351738214492797852e-01 1.417769342660903931e-01 7.367173582315444946e-02 8.179104328155517578e-02 5.165409296751022339e-02 9.655674919486045837e-03 1.226765811443328857e-01 6.400469690561294556e-02 1.019663512706756592e-01 0.000000000000000000e+00 5.717619508504867554e-02 5.145067721605300903e-02 1.712151169776916504e-01 9.095971472561359406e-03 2.754919417202472687e-02
4.123711213469505310e-02 1.042100880295038223e-02 6.831203401088714600e-02 9.164602309465408325e-02 1.650017201900482178e-01 6.589595228433609009e-02 4.517453722655773163e-03 1.121762208640575409e-02 1.253132801502943039e-02 3.412969410419464111e-02 5.497075989842414856e-02 5.990380421280860901e-02 3.656597808003425598e-02 6.840891391038894653e-02 1.156512200832366943e-01 2.995538525283336639e-02 2.469135913997888565e-03 1.782820187509059906e-02 3.789338469505310059e-02 1.804236620664596558e-01 8.529214560985565186e-02 1.656531728804111481e-02 2.473050169646739960e-02 5.538461729884147644e-03 6.679499149322509766e-02 6.596305966377258301e-02 6.853582337498664856e-03 4.505281150341033936e-02 5.717619508504867554e-02 0.000000000000000000e+00 5.742411594837903976e-03 2.261771708726882935e-01 4.810524359345436096e-02 8.459214866161346436e-02
4.696840420365333557e-02 1.616245321929454803e-02 7.402540743350982666e-02 9.733720868825912476e-02 1.594103574752807617e-01 6.017631292343139648e-02 1.224989769980311394e-03 5.475562997162342072e-03 1.827242597937583923e-02 3.986429050564765930e-02 4.924389347434043884e-02 6.562364101409912109e-02 3.083003871142864227e-02 6.269112974405288696e-02 1.099818497896194458e-01 3.569165617227554321e-02 3.273322479799389839e-03 1.208702661097049713e-02 4.362630471587181091e-02 1.859733909368515015e-01 9.098999202251434326e-02 2.230560779571533203e-02 3.046858496963977814e-02 2.039567625615745783e-04 6.107601150870323181e-02 7.167831808328628540e-02 1.259549893438816071e-02 5.078208819031715393e-02 5.145067721605300903e-02 5.742411594837903976e-03 0.000000000000000000e+00 2.207214385271072388e-01 4.237453639507293701e-02 7.888805121183395386e-02
2.649431824684143066e-01 2.360418289899826050e-01 2.900083959102630615e-01 3.113690614700317383e-01 6.354700028896331787e-02 1.627062261104583740e-01 2.218864262104034424e-01 2.155063301324844360e-01 2.380338460206985474e-01 2.583128511905670166e-01 1.733618378639221191e-01 2.822567224502563477e-01 1.911924332380294800e-01 1.602476984262466431e-01 1.134947091341018677e-01 2.544088959693908691e-01 2.238330394029617310e-01 2.091925144195556641e-01 2.618265450000762939e-01 3.906589448451995850e-01 3.055744469165802002e-01 2.418363988399505615e-01 2.495120316743850708e-01 2.209154516458511353e-01 1.618269830942153931e-01 2.878457605838775635e-01 2.326700836420059204e-01 2.684940695762634277e-01 1.712151169776916504e-01 2.261771708726882935e-01 2.207214385271072388e-01 0.000000000000000000e+00 1.800307184457778931e-01 1.443467885255813599e-01
8.916547894477844238e-02 5.849692597985267639e-02 1.160359606146812439e-01 1.391378641128540039e-01 1.178317666053771973e-01 1.784728653728961945e-02 4.359726235270500183e-02 3.690753504633903503e-02 6.060003861784934998e-02 8.210014551877975464e-02 6.883720867335796356e-03 1.076986938714981079e-01 1.155959814786911011e-02 2.037071064114570618e-02 6.792386621236801147e-02 7.794830203056335449e-02 4.564152657985687256e-02 3.030303120613098145e-02 8.584214746952056885e-02 2.265625000000000000e-01 1.328522861003875732e-01 6.461906433105468750e-02 7.274919748306274414e-02 4.257812350988388062e-02 1.875000074505805969e-02 1.137074902653694153e-01 5.494071170687675476e-02 9.295659512281417847e-02 9.095971472561359406e-03 4.810524359345436096e-02 4.237453639507293701e-02 1.800307184457778931e-01 0.000000000000000000e+00 3.663598746061325073e-02
1.253918558359146118e-01 9.492947161197662354e-02 1.520256698131561279e-01 1.748823821544647217e-01 8.154781162738800049e-02 1.880099251866340637e-02 8.010530471801757812e-02 7.344421744346618652e-02 9.702062606811523438e-02 1.183800622820854187e-01 2.975977025926113129e-02 1.437674164772033691e-01 4.817518219351768494e-02 1.627742312848567963e-02 3.136593475937843323e-02 1.142579987645149231e-01 8.214016258716583252e-02 6.686478108167648315e-02 1.220941618084907532e-01 2.610318362712860107e-01 1.686673462390899658e-01 1.010159105062484741e-01 1.090944185853004456e-01 7.909073680639266968e-02 1.789828017354011536e-02 1.497197747230529785e-01 9.139274060726165771e-02 1.291527450084686279e-01 2.754919417202472687e-02 8.459214866161346436e-02 7.888805121183395386e-02 1.443467885255813599e-01 3.663598746061325073e-02 0.000000000000000000e+00
