0.000000000000000000e+00 1.938515715301036835e-02 8.053134381771087646e-02 1.416666656732559204e-01 1.746987998485565186e-01 5.414244160056114197e-02 4.349569231271743774e-02 4.529616609215736389e-02 6.462167948484420776e-02 8.322929590940475464e-02 3.216211125254631042e-02 9.163346886634826660e-02 2.078431285917758942e-02 4.301470518112182617e-02 1.062660962343215942e-01 3.478433564305305481e-02 1.532059814780950546e-02 7.352941203862428665e-03 2.178606390953063965e-02 2.160710096359252930e-01 1.469486653804779053e-01 4.475215822458267212e-02 1.639984361827373505e-02 3.974435850977897644e-02 1.195672806352376938e-02 1.050732359290122986e-01 4.099180176854133606e-02 1.287944465875625610e-01 5.379861965775489807e-02 4.643215984106063843e-02 1.041357368230819702e-01 1.850344389677047729e-01 3.725841641426086426e-02 1.061126366257667542e-01
1.938515715301036835e-02 0.000000000000000000e+00 6.124178692698478699e-02 1.226182505488395691e-01 1.934288889169692993e-01 7.345050573348999023e-02 2.413087897002696991e-02 6.462457776069641113e-02 4.529325664043426514e-02 6.394731253385543823e-02 5.151515081524848938e-02 7.237687706947326660e-02 1.399720087647438049e-03 6.234787404537200928e-02 1.253929436206817627e-01 1.540957018733024597e-02 3.469545021653175354e-02 1.203393191099166870e-02 2.401921432465314865e-03 1.975131481885910034e-01 1.279279291629791260e-01 2.538902498781681061e-02 2.986263250932097435e-03 2.037489786744117737e-02 3.133462369441986084e-02 8.586296439170837402e-02 2.162382751703262329e-02 1.096831411123275757e-01 7.310753315687179565e-02 2.707136981189250946e-02 8.492200821638107300e-02 2.036889791488647461e-01 1.788617856800556183e-02 1.252401769161224365e-01
8.053134381771087646e-02 6.124178692698478699e-02 0.000000000000000000e+00 6.184084340929985046e-02 2.516891956329345703e-01 1.340891271829605103e-01 3.716583177447319031e-02 1.253701895475387573e-01 1.599289290606975555e-02 2.716161077842116356e-03 1.124023273587226868e-01 1.118466071784496307e-02 5.984719842672348022e-02 1.231195554137229919e-01 1.852124333381652832e-01 4.587551206350326538e-02 9.573382139205932617e-02 7.322175800800323486e-02 5.884852260351181030e-02 1.379398852586746216e-01 6.721272319555282593e-02 3.590859472751617432e-02 6.421630829572677612e-02 4.091794788837432861e-02 9.239909797906875610e-02 2.475132979452610016e-02 3.967049717903137207e-02 4.876893758773803711e-02 1.337504833936691284e-01 3.422716259956359863e-02 2.380402199923992157e-02 2.616666555404663086e-01 4.340315237641334534e-02 1.850625425577163696e-01
1.416666656732559204e-01 1.226182505488395691e-01 6.184084340929985046e-02 0.000000000000000000e+00 3.087248206138610840e-01 1.943186521530151367e-01 9.877964854240417480e-02 1.857707500457763672e-01 7.775682955980300903e-02 5.913461372256278992e-02 1.730403602123260498e-01 5.069124326109886169e-02 1.212393343448638916e-01 1.835627853870391846e-01 2.442556470632553101e-01 1.074116304516792297e-01 1.566472798585891724e-01 1.344537883996963501e-01 1.202517449855804443e-01 7.675378024578094482e-02 5.394297651946544647e-03 9.753285348415374756e-02 1.255585402250289917e-01 1.024994254112243652e-01 1.533636152744293213e-01 3.714637085795402527e-02 1.012629196047782898e-01 1.311144698411226273e-02 1.939868181943893433e-01 9.586509317159652710e-02 3.809289634227752686e-02 3.183559775352478027e-01 1.049622669816017151e-01 2.441096901893615723e-01
1.746987998485565186e-01 1.934288889169692993e-01 2.516891956329345703e-01 3.087248206138610840e-01 0.000000000000000000e+00 1.217075362801551819e-01 2.165490090847015381e-01 1.304347813129425049e-01 2.366488724946975708e-01 2.542315423488616943e-01 1.433420777320861816e-01 2.621359229087829590e-01 1.947758793830871582e-01 1.326811313629150391e-01 6.972715258598327637e-02 2.082178443670272827e-01 1.598059237003326416e-01 1.818181872367858887e-01 1.957398802042007446e-01 3.765558302402496338e-01 3.135968744754791260e-01 2.177485674619674683e-01 1.905526965856552124e-01 2.129644751548767090e-01 1.630827188491821289e-01 2.747290432453155518e-01 2.141569703817367554e-01 2.968148291110992432e-01 1.220472455024719238e-01 2.193516492843627930e-01 2.738524973392486572e-01 1.068090833723545074e-02 2.105865031480789185e-01 6.988160312175750732e-02
5.414244160056114197e-02 7.345050573348999023e-02 1.340891271829605103e-01 1.943186521530151367e-01 1.217075362801551819e-01 0.000000000000000000e+00 9.740874171257019043e-02 8.868022821843624115e-03 1.183500364422798157e-01 1.367554813623428345e-01 2.201867103576660156e-02 1.450562477111816406e-01 7.484253495931625366e-02 1.115371193736791611e-02 5.242528021335601807e-02 8.875961601734161377e-02 3.885407373309135437e-02 6.147091090679168701e-02 7.583905011415481567e-02 2.670888900756835938e-01 1.995038241147994995e-01 9.865555912256240845e-02 7.047970592975616455e-02 9.368520230054855347e-02 4.221304133534431458e-02 1.583150327205657959e-01 9.492357075214385986e-02 1.816700547933578491e-01 3.448275965638458729e-04 1.003223955631256104e-01 1.573907881975173950e-01 1.322165727615356445e-01 9.121685475111007690e-02 5.227049812674522400e-02
4.349569231271743774e-02 2.413087897002696991e-02 3.716583177447319031e-02 9.877964854240417480e-02 2.165490090847015381e-01 9.740874171257019043e-02 0.000000000000000000e+00 8.861726522445678711e-02 2.118553407490253448e-02 3.987796977162361145e-02 7.555211335420608521e-02 4.833040386438369751e-02 2.273192629218101501e-02 8.634883910417556763e-02 1.490727514028549194e-01 8.724553510546684265e-03 5.877711996436119080e-02 3.615431115031242371e-02 2.173021808266639709e-02 1.742126047611236572e-01 1.041184663772583008e-01 1.258917385712265968e-03 2.711518853902816772e-02 3.757828846573829651e-03 5.542359501123428345e-02 6.186025962233543396e-02 2.508361125364899635e-03 8.577929437160491943e-02 9.706716984510421753e-02 2.942412858828902245e-03 6.091596186161041260e-02 2.267055511474609375e-01 6.247397046536207199e-03 1.489209979772567749e-01
4.529616609215736389e-02 6.462457776069641113e-02 1.253701895475387573e-01 1.857707500457763672e-01 1.304347813129425049e-01 8.868022821843624115e-03 8.861726522445678711e-02 0.000000000000000000e+00 1.095970422029495239e-01 1.280427426099777222e-01 1.315321680158376694e-02 1.363636404275894165e-01 6.601832807064056396e-02 2.285915194079279900e-03 6.126482039690017700e-02 7.995452731847763062e-02 2.999638579785823822e-02 5.263157933950424194e-02 6.701610237360000610e-02 2.588339149951934814e-01 1.909736692905426025e-01 8.986615389585494995e-02 6.165021285414695740e-02 8.488770574331283569e-02 3.335750475525856018e-02 1.496571153402328491e-01 8.612804859876632690e-02 1.730808764696121216e-01 8.523221127688884735e-03 9.153580665588378906e-02 1.487303525209426880e-01 1.409193724393844604e-01 8.241549879312515259e-02 6.111019477248191833e-02
6.462167948484420776e-02 4.529325664043426514e-02 1.599289290606975555e-02 7.775682955980300903e-02 2.366488724946975708e-01 1.183500364422798157e-01 2.118553407490253448e-02 1.095970422029495239e-01 0.000000000000000000e+00 1.870824024081230164e-02 9.658305346965789795e-02 2.717269212007522583e-02 4.389632120728492737e-02 1.073380187153816223e-01 1.697222739458084106e-01 2.990455925464630127e-02 7.986320555210113525e-02 5.729595944285392761e-02 4.289600253105163574e-02 1.535939425230026245e-01 8.311627060174942017e-02 1.992714777588844299e-02 4.827299341559410095e-02 2.494137734174728394e-02 7.651928067207336426e-02 4.072809964418411255e-02 2.369263581931591034e-02 6.471136212348937988e-02 1.180100291967391968e-01 1.824425905942916870e-02 3.978176787495613098e-02 2.467061877250671387e-01 2.742930129170417786e-02 1.695715337991714478e-01
8.322929590940475464e-02 6.394731253385543823e-02 2.716161077842116356e-03 5.913461372256278992e-02 2.542315423488616943e-01 1.367554813623428345e-01 3.987796977162361145e-02 1.280427426099777222e-01 1.870824024081230164e-02 0.000000000000000000e+00 1.150833517313003540e-01 8.468757383525371552e-03 6.255318969488143921e-02 1.257936507463455200e-01 1.878340989351272583e-01 4.858561977744102478e-02 9.842438995838165283e-02 7.592281699180603027e-02 6.155484542250633240e-02 1.352744102478027344e-01 6.450833380222320557e-02 3.862098976969718933e-02 6.692079454660415649e-02 4.362925887107849121e-02 9.509139508008956909e-02 2.203665114939212799e-02 4.238209128379821777e-02 4.605887830257415771e-02 1.364170908927917480e-01 3.693988919258117676e-02 2.108922414481639862e-02 2.641950547695159912e-01 4.611387848854064941e-02 1.876843720674514771e-01
3.216211125254631042e-02 5.151515081524848938e-02 1.124023273587226868e-01 1.730403602123260498e-01 1.433420777320861816e-01 2.201867103576660156e-02 7.555211335420608521e-02 1.315321680158376694e-02 9.658305346965789795e-02 1.150833517313003540e-01 0.000000000000000000e+00 1.234318092465400696e-01 5.291105806827545166e-02 1.086762826889753342e-02 7.435812056064605713e-02 6.687163561582565308e-02 1.684981770813465118e-02 3.950570896267890930e-02 5.391040071845054626e-02 2.465199828147888184e-01 1.782682538032531738e-01 7.680372148752212524e-02 4.853635653853416443e-02 7.181467115879058838e-02 2.021315693855285645e-02 1.367731392383575439e-01 7.305759936571121216e-02 1.602925807237625122e-01 2.167400903999805450e-02 7.847707718610763550e-02 1.358428746461868286e-01 1.537875384092330933e-01 6.933744251728057861e-02 7.420376688241958618e-02
9.163346886634826660e-02 7.237687706947326660e-02 1.118466071784496307e-02 5.069124326109886169e-02 2.621359229087829590e-01 1.450562477111816406e-01 4.833040386438369751e-02 1.363636404275894165e-01 2.717269212007522583e-02 8.468757383525371552e-03 1.234318092465400696e-01 0.000000000000000000e+00 7.098434120416641235e-02 1.341195255517959595e-01 1.959910839796066284e-01 5.703090876340866089e-02 1.068041250109672546e-01 8.433734625577926636e-02 6.998711824417114258e-02 1.269510984420776367e-01 5.607020854949951172e-02 4.707435145974159241e-02 7.534684985876083374e-02 5.207877606153488159e-02 1.034768223762512207e-01 1.357042603194713593e-02 5.083260312676429749e-02 3.760479018092155457e-02 1.447186619043350220e-01 4.539444670081138611e-02 1.262272056192159653e-02 2.720551192760467529e-01 5.456132814288139343e-02 1.958418488502502441e-01
2.078431285917758942e-02 1.399720087647438049e-03 5.984719842672348022e-02 1.212393343448638916e-01 1.947758793830871582e-01 7.484253495931625366e-02 2.273192629218101501e-02 6.601832807064056396e-02 4.389632120728492737e-02 6.255318969488143921e-02 5.291105806827545166e-02 7.098434120416641235e-02 0.000000000000000000e+00 6.374203413724899292e-02 1.267704069614410400e-01 1.401015184819698334e-02 3.609341755509376526e-02 1.343342568725347519e-02 1.002204837277531624e-03 1.961676627397537231e-01 1.265508681535720825e-01 2.399015799164772034e-02 4.385964944958686829e-03 1.897571980953216553e-02 3.273290768265724182e-02 8.447340130805969238e-02 2.022471837699413300e-02 1.083000451326370239e-01 7.449962943792343140e-02 2.567262202501296997e-02 8.353222161531448364e-02 2.050302475690841675e-01 1.648687198758125305e-02 1.266176998615264893e-01
4.301470518112182617e-02 6.234787404537200928e-02 1.231195554137229919e-01 1.835627853870391846e-01 1.326811313629150391e-01 1.115371193736791611e-02 8.634883910417556763e-02 2.285915194079279900e-03 1.073380187153816223e-01 1.257936507463455200e-01 1.086762826889753342e-02 1.341195255517959595e-01 6.374203413724899292e-02 0.000000000000000000e+00 6.354183703660964966e-02 7.768280804157257080e-02 2.771237120032310486e-02 5.035172030329704285e-02 6.474009901285171509e-02 2.566998898983001709e-01 1.887701600790023804e-01 8.759823441505432129e-02 5.937266722321510315e-02 8.261781930923461914e-02 3.107395954430103302e-02 1.474216431379318237e-01 8.385864645242691040e-02 1.708625704050064087e-01 1.080892607569694519e-02 8.926857262849807739e-02 1.464942395687103271e-01 1.431591659784317017e-01 8.014468103647232056e-02 6.338725984096527100e-02
1.062660962343215942e-01 1.253929436206817627e-01 1.852124333381652832e-01 2.442556470632553101e-01 6.972715258598327637e-02 5.242528021335601807e-02 1.490727514028549194e-01 6.126482039690017700e-02 1.697222739458084106e-01 1.878340989351272583e-01 7.435812056064605713e-02 1.959910839796066284e-01 1.267704069614410400e-01 6.354183703660964966e-02 0.000000000000000000e+00 1.405309736728668213e-01 9.109380096197128296e-02 1.135303229093551636e-01 1.277563869953155518e-01 3.151020407676696777e-01 2.493214458227157593e-01 1.503034681081771851e-01 1.224525347352027893e-01 1.453963667154312134e-01 9.442935138940811157e-02 2.090056240558624268e-01 1.466192156076431274e-01 2.318868339061737061e-01 5.276915431022644043e-02 1.519485116004943848e-01 2.080989927053451538e-01 8.034822344779968262e-02 1.429584920406341553e-01 1.552072062622755766e-04
3.478433564305305481e-02 1.540957018733024597e-02 4.587551206350326538e-02 1.074116304516792297e-01 2.082178443670272827e-01 8.875961601734161377e-02 8.724553510546684265e-03 7.995452731847763062e-02 2.990455925464630127e-02 4.858561977744102478e-02 6.687163561582565308e-02 5.703090876340866089e-02 1.401015184819698334e-02 7.768280804157257080e-02 1.405309736728668213e-01 0.000000000000000000e+00 5.007824674248695374e-02 2.743841335177421570e-02 1.300812978297472000e-02 1.826595216989517212e-01 1.127406060695648193e-01 9.983360767364501953e-03 1.839498616755008698e-02 4.966887645423412323e-03 4.672163352370262146e-02 7.054673880338668823e-02 6.216328125447034836e-03 9.443317353725433350e-02 8.841749280691146851e-02 1.166666671633720398e-02 6.960352510213851929e-02 2.184130102396011353e-01 2.477291505783796310e-03 1.403788328170776367e-01
1.532059814780950546e-02 3.469545021653175354e-02 9.573382139205932617e-02 1.566472798585891724e-01 1.598059237003326416e-01 3.885407373309135437e-02 5.877711996436119080e-02 2.999638579785823822e-02 7.986320555210113525e-02 9.842438995838165283e-02 1.684981770813465118e-02 1.068041250109672546e-01 3.609341755509376526e-02 2.771237120032310486e-02 9.109380096197128296e-02 5.007824674248695374e-02 0.000000000000000000e+00 2.267098426818847656e-02 3.709428012371063232e-02 2.306281477212905884e-01 1.619047671556472778e-01 6.003159657120704651e-02 3.171247243881225586e-02 5.503144487738609314e-02 3.364485921338200569e-03 1.202003359794616699e-01 5.627705529332160950e-02 1.438312381505966187e-01 3.850976005196571350e-02 6.170886009931564331e-02 1.192660555243492126e-01 1.701963245868682861e-01 5.254901945590972900e-02 9.093987941741943359e-02
7.352941203862428665e-03 1.203393191099166870e-02 7.322175800800323486e-02 1.344537883996963501e-01 1.818181872367858887e-01 6.147091090679168701e-02 3.615431115031242371e-02 5.263157933950424194e-02 5.729595944285392761e-02 7.592281699180603027e-02 3.950570896267890930e-02 8.433734625577926636e-02 1.343342568725347519e-02 5.035172030329704285e-02 1.135303229093551636e-01 2.743841335177421570e-02 2.267098426818847656e-02 0.000000000000000000e+00 1.443543564528226852e-02 2.090501934289932251e-01 1.397467255592346191e-01 3.741152584552764893e-02 9.047993458807468414e-03 3.240088373422622681e-02 1.930797100067138672e-02 9.779585152864456177e-02 3.364900127053260803e-02 1.215566247701644897e-01 6.112737953662872314e-02 3.909256681799888611e-02 9.685695916414260864e-02 1.921259909868240356e-01 2.991367131471633911e-02 1.133771166205406189e-01
2.178606390953063965e-02 2.401921432465314865e-03 5.884852260351181030e-02 1.202517449855804443e-01 1.957398802042007446e-01 7.583905011415481567e-02 2.173021808266639709e-02 6.701610237360000610e-02 4.289600253105163574e-02 6.155484542250633240e-02 5.391040071845054626e-02 6.998711824417114258e-02 1.002204837277531624e-03 6.474009901285171509e-02 1.277563869953155518e-01 1.300812978297472000e-02 3.709428012371063232e-02 1.443543564528226852e-02 0.000000000000000000e+00 1.952038407325744629e-01 1.255645900964736938e-01 2.298850566148757935e-02 5.388146266341209412e-03 1.797385700047016144e-02 3.373400494456291199e-02 8.347826451063156128e-02 1.922290399670600891e-02 1.073094904422760010e-01 7.549619674682617188e-02 2.467105351388454437e-02 8.253692090511322021e-02 2.059901207685470581e-01 1.548492256551980972e-02 1.276037096977233887e-01
2.160710096359252930e-01 1.975131481885910034e-01 1.379398852586746216e-01 7.675378024578094482e-02 3.765558302402496338e-01 2.670888900756835938e-01 1.742126047611236572e-01 2.588339149951934814e-01 1.535939425230026245e-01 1.352744102478027344e-01 2.465199828147888184e-01 1.269510984420776367e-01 1.961676627397537231e-01 2.566998898983001709e-01 3.151020407676696777e-01 1.826595216989517212e-01 2.306281477212905884e-01 2.090501934289932251e-01 1.952038407325744629e-01 0.000000000000000000e+00 7.138904184103012085e-02 1.729916185140609741e-01 2.003812193870544434e-01 1.778539866209030151e-01 2.274401485919952393e-01 1.135763302445411682e-01 1.766437739133834839e-01 8.977488428354263306e-02 2.667686343193054199e-01 1.713580191135406494e-01 1.145118698477745056e-01 3.856855332851409912e-01 1.802638024091720581e-01 3.149622380733489990e-01
1.469486653804779053e-01 1.279279291629791260e-01 6.721272319555282593e-02 5.394297651946544647e-03 3.135968744754791260e-01 1.995038241147994995e-01 1.041184663772583008e-01 1.909736692905426025e-01 8.311627060174942017e-02 6.450833380222320557e-02 1.782682538032531738e-01 5.607020854949951172e-02 1.265508681535720825e-01 1.887701600790023804e-01 2.493214458227157593e-01 1.127406060695648193e-01 1.619047671556472778e-01 1.397467255592346191e-01 1.255645900964736938e-01 7.138904184103012085e-02 0.000000000000000000e+00 1.028730273246765137e-01 1.308642029762268066e-01 1.078341007232666016e-01 1.586266905069351196e-01 4.253214597702026367e-02 1.065989881753921509e-01 1.850443519651889801e-02 1.991727054119110107e-01 1.012070551514625549e-01 4.347826167941093445e-02 3.231952488422393799e-01 1.102941185235977173e-01 2.491758763790130615e-01
4.475215822458267212e-02 2.538902498781681061e-02 3.590859472751617432e-02 9.753285348415374756e-02 2.177485674619674683e-01 9.865555912256240845e-02 1.258917385712265968e-03 8.986615389585494995e-02 1.992714777588844299e-02 3.862098976969718933e-02 7.680372148752212524e-02 4.707435145974159241e-02 2.399015799164772034e-02 8.759823441505432129e-02 1.503034681081771851e-01 9.983360767364501953e-03 6.003159657120704651e-02 3.741152584552764893e-02 2.298850566148757935e-02 1.729916185140609741e-01 1.028730273246765137e-01 0.000000000000000000e+00 2.837313711643218994e-02 5.016722250729799271e-03 5.667855590581893921e-02 6.060606241226196289e-02 3.767266636714339256e-03 8.452950417995452881e-02 9.831407666206359863e-02 1.683501643128693104e-03 5.966161936521530151e-02 2.278994321823120117e-01 7.506255060434341431e-03 1.501517593860626221e-01
1.639984361827373505e-02 2.986263250932097435e-03 6.421630829572677612e-02 1.255585402250289917e-01 1.905526965856552124e-01 7.047970592975616455e-02 2.711518853902816772e-02 6.165021285414695740e-02 4.827299341559410095e-02 6.692079454660415649e-02 4.853635653853416443e-02 7.534684985876083374e-02 4.385964944958686829e-03 5.937266722321510315e-02 1.224525347352027893e-01 1.839498616755008698e-02 3.171247243881225586e-02 9.047993458807468414e-03 5.388146266341209412e-03 2.003812193870544434e-01 1.308642029762268066e-01 2.837313711643218994e-02 0.000000000000000000e+00 2.335974015295505524e-02 2.835101261734962463e-02 8.882645517587661743e-02 2.460850030183792114e-02 1.126325055956840515e-01 7.013658434152603149e-02 3.005520254373550415e-02 8.788598328828811646e-02 2.008248716592788696e-01 2.087132632732391357e-02 1.222996488213539124e-01
3.974435850977897644e-02 2.037489786744117737e-02 4.091794788837432861e-02 1.024994254112243652e-01 2.129644751548767090e-01 9.368520230054855347e-02 3.757828846573829651e-03 8.488770574331283569e-02 2.494137734174728394e-02 4.362925887107849121e-02 7.181467115879058838e-02 5.207877606153488159e-02 1.897571980953216553e-02 8.261781930923461914e-02 1.453963667154312134e-01 4.966887645423412323e-03 5.503144487738609314e-02 3.240088373422622681e-02 1.797385700047016144e-02 1.778539866209030151e-01 1.078341007232666016e-01 5.016722250729799271e-03 2.335974015295505524e-02 0.000000000000000000e+00 5.167653039097785950e-02 6.560283899307250977e-02 1.249479362741112709e-03 8.950827270746231079e-02 9.334339201450347900e-02 6.700167432427406311e-03 6.465899199247360229e-02 2.231378257274627686e-01 2.489626640453934669e-03 1.452444493770599365e-01
1.195672806352376938e-02 3.133462369441986084e-02 9.239909797906875610e-02 1.533636152744293213e-01 1.630827188491821289e-01 4.221304133534431458e-02 5.542359501123428345e-02 3.335750475525856018e-02 7.651928067207336426e-02 9.509139508008956909e-02 2.021315693855285645e-02 1.034768223762512207e-01 3.273290768265724182e-02 3.107395954430103302e-02 9.442935138940811157e-02 4.672163352370262146e-02 3.364485921338200569e-03 1.930797100067138672e-02 3.373400494456291199e-02 2.274401485919952393e-01 1.586266905069351196e-01 5.667855590581893921e-02 2.835101261734962463e-02 5.167653039097785950e-02 0.000000000000000000e+00 1.168831139802932739e-01 5.292259156703948975e-02 1.405347585678100586e-01 4.186882451176643372e-02 5.835648998618125916e-02 1.159480959177017212e-01 1.734614819288253784e-01 4.919322952628135681e-02 9.427551925182342529e-02
1.050732359290122986e-01 8.586296439170837402e-02 2.475132979452610016e-02 3.714637085795402527e-02 2.747290432453155518e-01 1.583150327205657959e-01 6.186025962233543396e-02 1.496571153402328491e-01 4.072809964418411255e-02 2.203665114939212799e-02 1.367731392383575439e-01 1.357042603194713593e-02 8.447340130805969238e-02 1.474216431379318237e-01 2.090056240558624268e-01 7.054673880338668823e-02 1.202003359794616699e-01 9.779585152864456177e-02 8.347826451063156128e-02 1.135763302445411682e-01 4.253214597702026367e-02 6.060606241226196289e-02 8.882645517587661743e-02 6.560283899307250977e-02 1.168831139802932739e-01 0.000000000000000000e+00 6.435862928628921509e-02 2.404663525521755219e-02 1.579788327217102051e-01 5.892857164144515991e-02 9.478672873228788376e-04 2.845749258995056152e-01 6.808134168386459351e-02 2.088571935892105103e-01
4.099180176854133606e-02 2.162382751703262329e-02 3.967049717903137207e-02 1.012629196047782898e-01 2.141569703817367554e-01 9.492357075214385986e-02 2.508361125364899635e-03 8.612804859876632690e-02 2.369263581931591034e-02 4.238209128379821777e-02 7.305759936571121216e-02 5.083260312676429749e-02 2.022471837699413300e-02 8.385864645242691040e-02 1.466192156076431274e-01 6.216328125447034836e-03 5.627705529332160950e-02 3.364900127053260803e-02 1.922290399670600891e-02 1.766437739133834839e-01 1.065989881753921509e-01 3.767266636714339256e-03 2.460850030183792114e-02 1.249479362741112709e-03 5.292259156703948975e-02 6.435862928628921509e-02 0.000000000000000000e+00 8.826866000890731812e-02 9.458184242248535156e-02 5.450733937323093414e-03 6.341463327407836914e-02 2.243247628211975098e-01 3.739094361662864685e-03 1.464673429727554321e-01
1.287944465875625610e-01 1.096831411123275757e-01 4.876893758773803711e-02 1.311144698411226273e-02 2.968148291110992432e-01 1.816700547933578491e-01 8.577929437160491943e-02 1.730808764696121216e-01 6.471136212348937988e-02 4.605887830257415771e-02 1.602925807237625122e-01 3.760479018092155457e-02 1.083000451326370239e-01 1.708625704050064087e-01 2.318868339061737061e-01 9.443317353725433350e-02 1.438312381505966187e-01 1.215566247701644897e-01 1.073094904422760010e-01 8.977488428354263306e-02 1.850443519651889801e-02 8.452950417995452881e-02 1.126325055956840515e-01 8.950827270746231079e-02 1.405347585678100586e-01 2.404663525521755219e-02 8.826866000890731812e-02 0.000000000000000000e+00 1.813365966081619263e-01 8.285779505968093872e-02 2.499393373727798462e-02 3.065239787101745605e-01 9.197740256786346436e-02 2.317399680614471436e-01
5.379861965775489807e-02 7.310753315687179565e-02 1.337504833936691284e-01 1.939868181943893433e-01 1.220472455024719238e-01 3.448275965638458729e-04 9.706716984510421753e-02 8.523221127688884735e-03 1.180100291967391968e-01 1.364170908927917480e-01 2.167400903999805450e-02 1.447186619043350220e-01 7.449962943792343140e-02 1.080892607569694519e-02 5.276915431022644043e-02 8.841749280691146851e-02 3.850976005196571350e-02 6.112737953662872314e-02 7.549619674682617188e-02 2.667686343193054199e-01 1.991727054119110107e-01 9.831407666206359863e-02 7.013658434152603149e-02 9.334339201450347900e-02 4.186882451176643372e-02 1.579788327217102051e-01 9.458184242248535156e-02 1.813365966081619263e-01 0.000000000000000000e+00 9.998102486133575439e-02 1.570544838905334473e-01 1.325553506612777710e-01 9.087488055229187012e-02 5.261437967419624329e-02
4.643215984106063843e-02 2.707136981189250946e-02 3.422716259956359863e-02 9.586509317159652710e-02 2.193516492843627930e-01 1.003223955631256104e-01 2.942412858828902245e-03 9.153580665588378906e-02 1.824425905942916870e-02 3.693988919258117676e-02 7.847707718610763550e-02 4.539444670081138611e-02 2.567262202501296997e-02 8.926857262849807739e-02 1.519485116004943848e-01 1.166666671633720398e-02 6.170886009931564331e-02 3.909256681799888611e-02 2.467105351388454437e-02 1.713580191135406494e-01 1.012070551514625549e-01 1.683501643128693104e-03 3.005520254373550415e-02 6.700167432427406311e-03 5.835648998618125916e-02 5.892857164144515991e-02 5.450733937323093414e-03 8.285779505968093872e-02 9.998102486133575439e-02 0.000000000000000000e+00 5.798394232988357544e-02 2.294948846101760864e-01 9.189641103148460388e-03 1.517968922853469849e-01
1.041357368230819702e-01 8.492200821638107300e-02 2.380402199923992157e-02 3.809289634227752686e-02 2.738524973392486572e-01 1.573907881975173950e-01 6.091596186161041260e-02 1.487303525209426880e-01 3.978176787495613098e-02 2.108922414481639862e-02 1.358428746461868286e-01 1.262272056192159653e-02 8.353222161531448364e-02 1.464942395687103271e-01 2.080989927053451538e-01 6.960352510213851929e-02 1.192660555243492126e-01 9.685695916414260864e-02 8.253692090511322021e-02 1.145118698477745056e-01 4.347826167941093445e-02 5.966161936521530151e-02 8.788598328828811646e-02 6.465899199247360229e-02 1.159480959177017212e-01 9.478672873228788376e-04 6.341463327407836914e-02 2.499393373727798462e-02 1.570544838905334473e-01 5.798394232988357544e-02 0.000000000000000000e+00 2.837035655975341797e-01 6.713780760765075684e-02 2.079505026340484619e-01
1.850344389677047729e-01 2.036889791488647461e-01 2.616666555404663086e-01 3.183559775352478027e-01 1.068090833723545074e-02 1.322165727615356445e-01 2.267055511474609375e-01 1.409193724393844604e-01 2.467061877250671387e-01 2.641950547695159912e-01 1.537875384092330933e-01 2.720551192760467529e-01 2.050302475690841675e-01 1.431591659784317017e-01 8.034822344779968262e-02 2.184130102396011353e-01 1.701963245868682861e-01 1.921259909868240356e-01 2.059901207685470581e-01 3.856855332851409912e-01 3.231952488422393799e-01 2.278994321823120117e-01 2.008248716592788696e-01 2.231378257274627686e-01 1.734614819288253784e-01 2.845749258995056152e-01 2.243247628211975098e-01 3.065239787101745605e-01 1.325553506612777710e-01 2.294948846101760864e-01 2.837035655975341797e-01 0.000000000000000000e+00 2.207708507776260376e-01 8.050242811441421509e-02
3.725841641426086426e-02 1.788617856800556183e-02 4.340315237641334534e-02 1.049622669816017151e-01 2.105865031480789185e-01 9.121685475111007690e-02 6.247397046536207199e-03 8.241549879312515259e-02 2.742930129170417786e-02 4.611387848854064941e-02 6.933744251728057861e-02 5.456132814288139343e-02 1.648687198758125305e-02 8.014468103647232056e-02 1.429584920406341553e-01 2.477291505783796310e-03 5.254901945590972900e-02 2.991367131471633911e-02 1.548492256551980972e-02 1.802638024091720581e-01 1.102941185235977173e-01 7.506255060434341431e-03 2.087132632732391357e-02 2.489626640453934669e-03 4.919322952628135681e-02 6.808134168386459351e-02 3.739094361662864685e-03 9.197740256786346436e-02 9.087488055229187012e-02 9.189641103148460388e-03 6.713780760765075684e-02 2.207708507776260376e-01 0.000000000000000000e+00 1.428064554929733276e-01
1.061126366257667542e-01 1.252401769161224365e-01 1.850625425577163696e-01 2.441096901893615723e-01 6.988160312175750732e-02 5.227049812674522400e-02 1.489209979772567749e-01 6.111019477248191833e-02 1.695715337991714478e-01 1.876843720674514771e-01 7.420376688241958618e-02 1.958418488502502441e-01 1.266176998615264893e-01 6.338725984096527100e-02 1.552072062622755766e-04 1.403788328170776367e-01 9.093987941741943359e-02 1.133771166205406189e-01 1.276037096977233887e-01 3.149622380733489990e-01 2.491758763790130615e-01 1.501517593860626221e-01 1.222996488213539124e-01 1.452444493770599365e-01 9.427551925182342529e-02 2.088571935892105103e-01 1.464673429727554321e-01 2.317399680614471436e-01 5.261437967419624329e-02 1.517968922853469849e-01 2.079505026340484619e-01 8.050242811441421509e-02 1.428064554929733276e-01 0.000000000000000000e+00
