0.000000000000000000e+00 1.143812686204910278e-01 3.499689325690269470e-02 1.104199066758155823e-01 1.153982281684875488e-01 2.382812462747097015e-02 4.168403521180152893e-02 7.151370868086814880e-03 8.333333767950534821e-03 8.604954183101654053e-02 2.230046875774860382e-02 7.553260028362274170e-02 1.585365831851959229e-02 5.966586992144584656e-03 6.158467754721641541e-02 2.924217469990253448e-02 4.017677623778581619e-03 8.474576286971569061e-03 7.761966437101364136e-02 1.548059135675430298e-01 1.084497645497322083e-01 3.588516730815172195e-03 8.726695552468299866e-03 2.754934132099151611e-02 2.395209623500704765e-03 9.245901554822921753e-02 1.133144460618495941e-02 9.461235255002975464e-02 4.105909541249275208e-02 0.000000000000000000e+00 6.849315017461776733e-03 1.023706868290901184e-01 3.139534965157508850e-02 8.928571641445159912e-02
1.143812686204910278e-01 0.000000000000000000e+00 7.970342785120010376e-02 4.012036137282848358e-03 2.267860621213912964e-01 1.378337293863296509e-01 7.304550707340240479e-02 1.214333102107048035e-01 1.225977465510368347e-01 2.861335314810276031e-02 1.363339871168136597e-01 3.918722644448280334e-02 9.870660305023193359e-02 1.202657818794250488e-01 1.747350990772247314e-01 8.542481809854507446e-02 1.104143336415290833e-01 1.060094535350799561e-01 3.709090873599052429e-02 4.115334153175354004e-02 6.006006151437759399e-03 1.179213821887969971e-01 1.229852065443992615e-01 8.710641413927078247e-02 1.167444959282875061e-01 2.215657383203506470e-02 1.031835600733757019e-01 1.998519524931907654e-02 1.547137647867202759e-01 1.143812686204910278e-01 1.076162680983543396e-01 2.142433226108551025e-01 1.452549993991851807e-01 2.016080468893051147e-01
3.499689325690269470e-02 7.970342785120010376e-02 0.000000000000000000e+00 7.571560144424438477e-02 1.497901827096939087e-01 5.877600610256195068e-02 6.696910597383975983e-03 4.213771969079971313e-02 4.331759363412857056e-02 5.120685696601867676e-02 5.725267902016639709e-02 4.064314439892768860e-02 1.915386319160461426e-02 4.095492884516716003e-02 9.637386351823806763e-02 5.760614294558763504e-03 3.098357282578945160e-02 2.653018571436405182e-02 4.273886606097221375e-02 1.204616501927375793e-01 7.373271882534027100e-02 3.858056664466857910e-02 4.371023923158645630e-02 7.454738952219486237e-03 3.738896921277046204e-02 5.764866247773170471e-02 2.367483824491500854e-02 5.981351062655448914e-02 7.594686001539230347e-02 3.499689325690269470e-02 2.815432660281658173e-02 1.368771940469741821e-01 6.631937623023986816e-02 1.238954663276672363e-01
1.104199066758155823e-01 4.012036137282848358e-03 7.571560144424438477e-02 0.000000000000000000e+00 2.229769080877304077e-01 1.338957399129867554e-01 6.905370950698852539e-02 1.174785122275352478e-01 1.186440661549568176e-01 2.460414171218872070e-02 1.323943734169006348e-01 3.518072143197059631e-02 9.473208338022232056e-02 1.163098663091659546e-01 1.708428263664245605e-01 8.144069463014602661e-02 1.064494550228118896e-01 1.020408198237419128e-01 3.308379650115966797e-02 4.515792056918144226e-02 1.994017977267503738e-03 1.139632686972618103e-01 1.190319061279296875e-01 8.312342315912246704e-02 1.127852872014045715e-01 1.814614981412887573e-02 9.921260178089141846e-02 1.597444154322147369e-02 1.507953405380249023e-01 1.104199066758155823e-01 1.036489829421043396e-01 2.104121446609497070e-01 1.413253247737884521e-01 1.977559626102447510e-01
1.153982281684875488e-01 2.267860621213912964e-01 1.497901827096939087e-01 2.229769080877304077e-01 0.000000000000000000e+00 9.182259440422058105e-02 1.563302725553512573e-01 1.083362624049186707e-01 1.071679517626762390e-01 1.994670778512954712e-01 9.333796054124832153e-02 1.892810016870498657e-01 1.310122013092041016e-01 1.095070391893386841e-01 5.419872701168060303e-02 1.441539525985717773e-01 1.193605661392211914e-01 1.237517818808555603e-01 1.913043409585952759e-01 2.654618620872497559e-01 2.210811823606491089e-01 1.118560358881950378e-01 1.067790687084197998e-01 1.424945592880249023e-01 1.130342632532119751e-01 2.056629061698913574e-01 1.265641748905181885e-01 2.077424228191375732e-01 7.469303905963897705e-02 1.153982281684875488e-01 1.221509948372840881e-01 1.318327989429235458e-02 8.430832624435424805e-02 2.638436481356620789e-02
2.382812462747097015e-02 1.378337293863296509e-01 5.877600610256195068e-02 1.338957399129867554e-01 9.182259440422058105e-02 0.000000000000000000e+00 6.544715166091918945e-02 1.667959615588188171e-02 1.549786888062953949e-02 1.096528396010398865e-01 1.528467750176787376e-03 9.918221831321716309e-02 3.966679796576499939e-02 1.786407828330993652e-02 3.781203925609588623e-02 5.303334817290306091e-02 2.784313634037971497e-02 3.229618072509765625e-02 1.012605056166648865e-01 1.779775321483612061e-01 1.319369524717330933e-01 2.024133875966072083e-02 1.510457042604684830e-02 5.134376138448715210e-02 2.143413946032524109e-02 1.160315126180648804e-01 3.515007719397544861e-02 1.181740611791610718e-01 1.724784448742866516e-02 2.382812462747097015e-02 3.067243471741676331e-02 7.873462140560150146e-02 7.572888862341642380e-03 6.559714674949645996e-02
4.168403521180152893e-02 7.304550707340240479e-02 6.696910597383975983e-03 6.905370950698852539e-02 1.563302725553512573e-01 6.544715166091918945e-02 0.000000000000000000e+00 4.882085323333740234e-02 5.000000074505805969e-02 4.452521726489067078e-02 6.392508000135421753e-02 3.395547717809677124e-02 2.584745734930038452e-02 4.763877391815185547e-02 1.030042916536331177e-01 1.245704479515552521e-02 3.767266497015953064e-02 3.322119265794754028e-02 3.605227544903755188e-02 1.138565912842750549e-01 6.706892699003219604e-02 4.526577889919281006e-02 5.039240047335624695e-02 1.415094360709190369e-02 4.407484456896781921e-02 5.097142979502677917e-02 3.036693297326564789e-02 5.313788354396820068e-02 8.260175585746765137e-02 4.168403521180152893e-02 3.484466671943664551e-02 1.434426158666610718e-01 7.298386842012405396e-02 1.304841190576553345e-01
7.151370868086814880e-03 1.214333102107048035e-01 4.213771969079971313e-02 1.174785122275352478e-01 1.083362624049186707e-01 1.667959615588188171e-02 4.882085323333740234e-02 0.000000000000000000e+00 1.182033098302781582e-03 9.314359724521636963e-02 1.515151560306549072e-02 8.263933658599853516e-02 2.300242148339748383e-02 1.184834167361259460e-03 5.445729196071624756e-02 3.638593479990959167e-02 1.116872765123844147e-02 1.562500000000000000e-02 8.472400158643722534e-02 1.617781817913055420e-01 1.155115514993667603e-01 3.562945406883955002e-03 1.575423404574394226e-03 3.469387814402580261e-02 4.756242502480745316e-03 9.954456984996795654e-02 1.848131790757179260e-02 1.016949117183685303e-01 3.391768410801887512e-02 7.151370868086814880e-03 1.400000043213367462e-02 9.528908133506774902e-02 2.424942329525947571e-02 8.218681812286376953e-02
8.333333767950534821e-03 1.225977465510368347e-01 4.331759363412857056e-02 1.186440661549568176e-01 1.071679517626762390e-01 1.549786888062953949e-02 5.000000074505805969e-02 1.182033098302781582e-03 0.000000000000000000e+00 9.431524574756622314e-02 1.396973244845867157e-02 8.381318300962448120e-02 2.418379671871662140e-02 2.366863889619708061e-03 5.327868834137916565e-02 3.756635263562202454e-02 1.235059741884469986e-02 1.680672354996204376e-02 8.589743822813034058e-02 1.629290580749511719e-01 1.166776567697525024e-01 4.744958598166704178e-03 3.933910338673740625e-04 3.587444126605987549e-02 5.938242189586162567e-03 1.007147505879402161e-01 1.966292224824428558e-02 1.028645858168601990e-01 3.273696079850196838e-02 8.333333767950534821e-03 1.518178172409534454e-02 9.411764889955520630e-02 2.306804992258548737e-02 8.101265877485275269e-02
8.604954183101654053e-02 2.861335314810276031e-02 5.120685696601867676e-02 2.460414171218872070e-02 1.994670778512954712e-01 1.096528396010398865e-01 4.452521726489067078e-02 9.314359724521636963e-02 9.431524574756622314e-02 0.000000000000000000e+00 1.081424951553344727e-01 1.058574486523866653e-02 7.029177993535995483e-02 9.196890890598297119e-02 1.468559801578521729e-01 5.695067346096038818e-02 8.206023275852203369e-02 7.763157784938812256e-02 8.486563339829444885e-03 6.968463957309722900e-02 2.261123247444629669e-02 8.961039036512374878e-02 9.470511972904205322e-02 5.863921344280242920e-02 8.842653036117553711e-02 6.460875738412141800e-03 7.479102164506912231e-02 8.633093908429145813e-03 1.266611367464065552e-01 8.604954183101654053e-02 7.924693822860717773e-02 1.867749392986297607e-01 1.171284615993499756e-01 1.739984303712844849e-01
2.230046875774860382e-02 1.363339871168136597e-01 5.725267902016639709e-02 1.323943734169006348e-01 9.333796054124832153e-02 1.528467750176787376e-03 6.392508000135421753e-02 1.515151560306549072e-02 1.396973244845867157e-02 1.081424951553344727e-01 0.000000000000000000e+00 9.766855835914611816e-02 3.814064338803291321e-02 1.633605547249317169e-02 3.933823481202125549e-02 5.150905251502990723e-02 2.631578966975212097e-02 3.076923079788684845e-02 9.974747151136398315e-02 1.764970719814300537e-01 1.304347813129425049e-01 1.871345005929470062e-02 1.357641536742448807e-02 4.981920495629310608e-02 1.990632340312004089e-02 1.145233511924743652e-01 3.362341597676277161e-02 1.166666671633720398e-01 1.877581700682640076e-02 2.230046875774860382e-02 2.914533205330371857e-02 8.025342971086502075e-02 9.101251140236854553e-03 6.711888313293457031e-02
7.553260028362274170e-02 3.918722644448280334e-02 4.064314439892768860e-02 3.518072143197059631e-02 1.892810016870498657e-01 9.918221831321716309e-02 3.395547717809677124e-02 8.263933658599853516e-02 8.381318300962448120e-02 1.058574486523866653e-02 9.766855835914611816e-02 0.000000000000000000e+00 5.975049361586570740e-02 8.146247267723083496e-02 1.364824175834655762e-01 4.639289528131484985e-02 7.153663039207458496e-02 6.710097938776016235e-02 2.099370118230581284e-03 8.021121472120285034e-02 3.318903222680091858e-02 7.909967750310897827e-02 8.420379459857940674e-02 4.808331653475761414e-02 7.791371643543243408e-02 1.704545505344867706e-02 6.425615400075912476e-02 1.921708136796951294e-02 1.162312254309654236e-01 7.553260028362274170e-02 6.871883571147918701e-02 1.765382438898086548e-01 1.066749840974807739e-01 1.637142300605773926e-01
1.585365831851959229e-02 9.870660305023193359e-02 1.915386319160461426e-02 9.473208338022232056e-02 1.310122013092041016e-01 3.966679796576499939e-02 2.584745734930038452e-02 2.300242148339748383e-02 2.418379671871662140e-02 7.029177993535995483e-02 3.814064338803291321e-02 5.975049361586570740e-02 0.000000000000000000e+00 2.181818149983882904e-02 7.736280560493469238e-02 1.339472550898790359e-02 1.183673460036516190e-02 7.380073890089988708e-03 6.184210628271102905e-02 1.392941176891326904e-01 9.275558590888977051e-02 1.944107003509998322e-02 2.457695454359054565e-02 1.170079410076141357e-02 1.824817433953285217e-02 7.671780884265899658e-02 4.523026291280984879e-03 7.887700200080871582e-02 5.687573179602622986e-02 1.585365831851959229e-02 9.005321189761161804e-03 1.180327832698822021e-01 4.722550138831138611e-02 1.049907580018043518e-01
5.966586992144584656e-03 1.202657818794250488e-01 4.095492884516716003e-02 1.163098663091659546e-01 1.095070391893386841e-01 1.786407828330993652e-02 4.763877391815185547e-02 1.184834167361259460e-03 2.366863889619708061e-03 9.196890890598297119e-02 1.633605547249317169e-02 8.146247267723083496e-02 2.181818149983882904e-02 0.000000000000000000e+00 5.563853681087493896e-02 3.520261868834495544e-02 9.984025731682777405e-03 1.444043312221765518e-02 8.354755491018295288e-02 1.606241464614868164e-01 1.143423691391944885e-01 2.378121251240372658e-03 2.760252449661493301e-03 3.351042047142982483e-02 3.571428591385483742e-03 9.837133437395095825e-02 1.729686185717582703e-02 1.005221903324127197e-01 3.510110825300216675e-02 5.966586992144584656e-03 1.281537860631942749e-02 9.646302461624145508e-02 2.543352544307708740e-02 8.336354047060012817e-02
6.158467754721641541e-02 1.747350990772247314e-01 9.637386351823806763e-02 1.708428263664245605e-01 5.419872701168060303e-02 3.781203925609588623e-02 1.030042916536331177e-01 5.445729196071624756e-02 5.327868834137916565e-02 1.468559801578521729e-01 3.933823481202125549e-02 1.364824175834655762e-01 7.736280560493469238e-02 5.563853681087493896e-02 0.000000000000000000e+00 9.066358208656311035e-02 6.558612734079360962e-02 7.002270966768264771e-02 1.385420858860015869e-01 2.143470793962478638e-01 1.689063459634780884e-01 5.800898373126983643e-02 5.288640409708023071e-02 8.898305147886276245e-02 5.919820070266723633e-02 1.531715244054794312e-01 7.286527752876281738e-02 1.552921980619430542e-01 2.057761698961257935e-02 6.158467754721641541e-02 6.840513646602630615e-02 4.104477539658546448e-02 3.024781309068202972e-02 2.785419486463069916e-02
2.924217469990253448e-02 8.542481809854507446e-02 5.760614294558763504e-03 8.144069463014602661e-02 1.441539525985717773e-01 5.303334817290306091e-02 1.245704479515552521e-02 3.638593479990959167e-02 3.756635263562202454e-02 5.695067346096038818e-02 5.150905251502990723e-02 4.639289528131484985e-02 1.339472550898790359e-02 3.520261868834495544e-02 9.066358208656311035e-02 0.000000000000000000e+00 2.522746101021766663e-02 2.077274583280086517e-02 4.848754405975341797e-02 1.261347383260726929e-01 7.945958524942398071e-02 3.282724693417549133e-02 3.795918449759483337e-02 1.694197417236864567e-03 3.163516893982887268e-02 6.338822096586227417e-02 1.791666634380817413e-02 6.555153429508209229e-02 7.021696120500564575e-02 2.924217469990253448e-02 2.239734493196010590e-02 1.312200576066970825e-01 6.058190390467643738e-02 1.182192265987396240e-01
4.017677623778581619e-03 1.104143336415290833e-01 3.098357282578945160e-02 1.064494550228118896e-01 1.193605661392211914e-01 2.784313634037971497e-02 3.767266497015953064e-02 1.116872765123844147e-02 1.235059741884469986e-02 8.206023275852203369e-02 2.631578966975212097e-02 7.153663039207458496e-02 1.183673460036516190e-02 9.984025731682777405e-03 6.558612734079360962e-02 2.522746101021766663e-02 0.000000000000000000e+00 4.457050468772649765e-03 7.362494617700576782e-02 1.508820801973342896e-01 1.044776141643524170e-01 7.606084924191236496e-03 1.274392660707235336e-02 2.353427000343799591e-02 6.412825547158718109e-03 8.847420662641525269e-02 7.314099930226802826e-03 9.062912315130233765e-02 4.506933689117431641e-02 4.017677623778581619e-03 2.831715159118175507e-03 1.063446253538131714e-01 3.540856018662452698e-02 9.326993674039840698e-02
8.474576286971569061e-03 1.060094535350799561e-01 2.653018571436405182e-02 1.020408198237419128e-01 1.237517818808555603e-01 3.229618072509765625e-02 3.322119265794754028e-02 1.562500000000000000e-02 1.680672354996204376e-02 7.763157784938812256e-02 3.076923079788684845e-02 6.710097938776016235e-02 7.380073890089988708e-03 1.444043312221765518e-02 7.002270966768264771e-02 2.077274583280086517e-02 4.457050468772649765e-03 0.000000000000000000e+00 6.919059902429580688e-02 1.465235650539398193e-01 1.000671610236167908e-01 1.206272654235363007e-02 1.720000058412551880e-02 1.907921954989433289e-02 1.086956541985273361e-02 8.405029773712158203e-02 2.857142826542258263e-03 8.620689809322357178e-02 4.951643943786621094e-02 8.474576286971569061e-03 1.625355565920472145e-03 1.107491850852966309e-01 3.985932096838951111e-02 9.768637269735336304e-02
7.761966437101364136e-02 3.709090873599052429e-02 4.273886606097221375e-02 3.308379650115966797e-02 1.913043409585952759e-01 1.012605056166648865e-01 3.605227544903755188e-02 8.472400158643722534e-02 8.589743822813034058e-02 8.486563339829444885e-03 9.974747151136398315e-02 2.099370118230581284e-03 6.184210628271102905e-02 8.354755491018295288e-02 1.385420858860015869e-01 4.848754405975341797e-02 7.362494617700576782e-02 6.919059902429580688e-02 0.000000000000000000e+00 7.812500000000000000e-02 3.109182976186275482e-02 8.118556439876556396e-02 8.628790825605392456e-02 5.017761886119842529e-02 7.999999821186065674e-02 1.494661904871463776e-02 6.634657084941864014e-02 1.711840182542800903e-02 1.183017343282699585e-01 7.761966437101364136e-02 7.080799341201782227e-02 1.785714328289031982e-01 1.087500005960464478e-01 1.657566279172897339e-01
1.548059135675430298e-01 4.115334153175354004e-02 1.204616501927375793e-01 4.515792056918144226e-02 2.654618620872497559e-01 1.779775321483612061e-01 1.138565912842750549e-01 1.617781817913055420e-01 1.629290580749511719e-01 6.968463957309722900e-02 1.764970719814300537e-01 8.021121472120285034e-02 1.392941176891326904e-01 1.606241464614868164e-01 2.143470793962478638e-01 1.261347383260726929e-01 1.508820801973342896e-01 1.465235650539398193e-01 7.812500000000000000e-02 0.000000000000000000e+00 4.714769497513771057e-02 1.583064943552017212e-01 1.633119881153106689e-01 1.278016269207000732e-01 1.571428626775741577e-01 6.325224041938781738e-02 1.437265872955322266e-01 6.108829751610755920e-02 1.946279108524322510e-01 1.548059135675430298e-01 1.481136530637741089e-01 2.531645596027374268e-01 1.853006631135940552e-01 2.407637983560562134e-01
1.084497645497322083e-01 6.006006151437759399e-03 7.373271882534027100e-02 1.994017977267503738e-03 2.210811823606491089e-01 1.319369524717330933e-01 6.706892699003219604e-02 1.155115514993667603e-01 1.166776567697525024e-01 2.261123247444629669e-02 1.304347813129425049e-01 3.318903222680091858e-02 9.275558590888977051e-02 1.143423691391944885e-01 1.689063459634780884e-01 7.945958524942398071e-02 1.044776141643524170e-01 1.000671610236167908e-01 3.109182976186275482e-02 4.714769497513771057e-02 0.000000000000000000e+00 1.119946986436843872e-01 1.170656681060791016e-01 8.114285767078399658e-02 1.108161881566047668e-01 1.615271717309951782e-02 9.723781794309616089e-02 1.398086827248334885e-02 1.488460749387741089e-01 1.084497645497322083e-01 1.016759797930717468e-01 2.085056155920028687e-01 1.393705904483795166e-01 1.958391666412353516e-01
3.588516730815172195e-03 1.179213821887969971e-01 3.858056664466857910e-02 1.139632686972618103e-01 1.118560358881950378e-01 2.024133875966072083e-02 4.526577889919281006e-02 3.562945406883955002e-03 4.744958598166704178e-03 8.961039036512374878e-02 1.871345005929470062e-02 7.909967750310897827e-02 1.944107003509998322e-02 2.378121251240372658e-03 5.800898373126983643e-02 3.282724693417549133e-02 7.606084924191236496e-03 1.206272654235363007e-02 8.118556439876556396e-02 1.583064943552017212e-01 1.119946986436843872e-01 0.000000000000000000e+00 5.138339940458536148e-03 3.113478049635887146e-02 1.193317468278110027e-03 9.601567685604095459e-02 1.491935458034276962e-02 9.816753864288330078e-02 3.747610002756118774e-02 3.588516730815172195e-03 1.043757516890764236e-02 9.881847351789474487e-02 2.780996449291706085e-02 8.572466671466827393e-02
8.726695552468299866e-03 1.229852065443992615e-01 4.371023923158645630e-02 1.190319061279296875e-01 1.067790687084197998e-01 1.510457042604684830e-02 5.039240047335624695e-02 1.575423404574394226e-03 3.933910338673740625e-04 9.470511972904205322e-02 1.357641536742448807e-02 8.420379459857940674e-02 2.457695454359054565e-02 2.760252449661493301e-03 5.288640409708023071e-02 3.795918449759483337e-02 1.274392660707235336e-02 1.720000058412551880e-02 8.628790825605392456e-02 1.633119881153106689e-01 1.170656681060791016e-01 5.138339940458536148e-03 0.000000000000000000e+00 3.626731783151626587e-02 6.331618409603834152e-03 1.011041328310966492e-01 2.005615644156932831e-02 1.032537966966629028e-01 3.234398737549781799e-02 8.726695552468299866e-03 1.557508017867803574e-02 9.372772276401519775e-02 2.267486602067947388e-02 8.062183856964111328e-02
2.754934132099151611e-02 8.710641413927078247e-02 7.454738952219486237e-03 8.312342315912246704e-02 1.424945592880249023e-01 5.134376138448715210e-02 1.415094360709190369e-02 3.469387814402580261e-02 3.587444126605987549e-02 5.863921344280242920e-02 4.981920495629310608e-02 4.808331653475761414e-02 1.170079410076141357e-02 3.351042047142982483e-02 8.898305147886276245e-02 1.694197417236864567e-03 2.353427000343799591e-02 1.907921954989433289e-02 5.017761886119842529e-02 1.278016269207000732e-01 8.114285767078399658e-02 3.113478049635887146e-02 3.626731783151626587e-02 0.000000000000000000e+00 2.994257584214210510e-02 6.507543474435806274e-02 1.622296124696731567e-02 6.723826378583908081e-02 6.853091716766357422e-02 2.754934132099151611e-02 2.070393413305282593e-02 1.295546591281890869e-01 5.889375135302543640e-02 1.165483742952346802e-01
2.395209623500704765e-03 1.167444959282875061e-01 3.738896921277046204e-02 1.127852872014045715e-01 1.130342632532119751e-01 2.143413946032524109e-02 4.407484456896781921e-02 4.756242502480745316e-03 5.938242189586162567e-03 8.842653036117553711e-02 1.990632340312004089e-02 7.791371643543243408e-02 1.824817433953285217e-02 3.571428591385483742e-03 5.919820070266723633e-02 3.163516893982887268e-02 6.412825547158718109e-03 1.086956541985273361e-02 7.999999821186065674e-02 1.571428626775741577e-01 1.108161881566047668e-01 1.193317468278110027e-03 6.331618409603834152e-03 2.994257584214210510e-02 0.000000000000000000e+00 9.483322501182556152e-02 1.372628193348646164e-02 9.698558598756790161e-02 3.866768628358840942e-02 2.395209623500704765e-03 9.244373068213462830e-03 1.000000014901161194e-01 2.900232002139091492e-02 8.690909296274185181e-02
9.245901554822921753e-02 2.215657383203506470e-02 5.764866247773170471e-02 1.814614981412887573e-02 2.056629061698913574e-01 1.160315126180648804e-01 5.097142979502677917e-02 9.954456984996795654e-02 1.007147505879402161e-01 6.460875738412141800e-03 1.145233511924743652e-01 1.704545505344867706e-02 7.671780884265899658e-02 9.837133437395095825e-02 1.531715244054794312e-01 6.338822096586227417e-02 8.847420662641525269e-02 8.405029773712158203e-02 1.494661904871463776e-02 6.325224041938781738e-02 1.615271717309951782e-02 9.601567685604095459e-02 1.011041328310966492e-01 6.507543474435806274e-02 9.483322501182556152e-02 0.000000000000000000e+00 8.121265470981597900e-02 2.172338776290416718e-03 1.330131590366363525e-01 9.245901554822921753e-02 8.566395193338394165e-02 1.930029094219207764e-01 1.234958842396736145e-01 1.802566647529602051e-01
1.133144460618495941e-02 1.031835600733757019e-01 2.367483824491500854e-02 9.921260178089141846e-02 1.265641748905181885e-01 3.515007719397544861e-02 3.036693297326564789e-02 1.848131790757179260e-02 1.966292224824428558e-02 7.479102164506912231e-02 3.362341597676277161e-02 6.425615400075912476e-02 4.523026291280984879e-03 1.729686185717582703e-02 7.286527752876281738e-02 1.791666634380817413e-02 7.314099930226802826e-03 2.857142826542258263e-03 6.634657084941864014e-02 1.437265872955322266e-01 9.723781794309616089e-02 1.491935458034276962e-02 2.005615644156932831e-02 1.622296124696731567e-02 1.372628193348646164e-02 8.121265470981597900e-02 0.000000000000000000e+00 8.337029069662094116e-02 5.236617475748062134e-02 1.133144460618495941e-02 4.482477437704801559e-03 1.135703921318054199e-01 4.271159693598747253e-02 1.005154624581336975e-01
9.461235255002975464e-02 1.998519524931907654e-02 5.981351062655448914e-02 1.597444154322147369e-02 2.077424228191375732e-01 1.181740611791610718e-01 5.313788354396820068e-02 1.016949117183685303e-01 1.028645858168601990e-01 8.633093908429145813e-03 1.166666671633720398e-01 1.921708136796951294e-02 7.887700200080871582e-02 1.005221903324127197e-01 1.552921980619430542e-01 6.555153429508209229e-02 9.062912315130233765e-02 8.620689809322357178e-02 1.711840182542800903e-02 6.108829751610755920e-02 1.398086827248334885e-02 9.816753864288330078e-02 1.032537966966629028e-01 6.723826378583908081e-02 9.698558598756790161e-02 2.172338776290416718e-03 8.337029069662094116e-02 0.000000000000000000e+00 1.351464390754699707e-01 9.461235255002975464e-02 8.781994879245758057e-02 1.950934529304504395e-01 1.256345212459564209e-01 1.823575943708419800e-01
4.105909541249275208e-02 1.547137647867202759e-01 7.594686001539230347e-02 1.507953405380249023e-01 7.469303905963897705e-02 1.724784448742866516e-02 8.260175585746765137e-02 3.391768410801887512e-02 3.273696079850196838e-02 1.266611367464065552e-01 1.877581700682640076e-02 1.162312254309654236e-01 5.687573179602622986e-02 3.510110825300216675e-02 2.057761698961257935e-02 7.021696120500564575e-02 4.506933689117431641e-02 4.951643943786621094e-02 1.183017343282699585e-01 1.946279108524322510e-01 1.488460749387741089e-01 3.747610002756118774e-02 3.234398737549781799e-02 6.853091716766357422e-02 3.866768628358840942e-02 1.330131590366363525e-01 5.236617475748062134e-02 1.351464390754699707e-01 0.000000000000000000e+00 4.105909541249275208e-02 4.789493978023529053e-02 6.157039105892181396e-02 9.676218964159488678e-03 4.840406775474548340e-02
0.000000000000000000e+00 1.143812686204910278e-01 3.499689325690269470e-02 1.104199066758155823e-01 1.153982281684875488e-01 2.382812462747097015e-02 4.168403521180152893e-02 7.151370868086814880e-03 8.333333767950534821e-03 8.604954183101654053e-02 2.230046875774860382e-02 7.553260028362274170e-02 1.585365831851959229e-02 5.966586992144584656e-03 6.158467754721641541e-02 2.924217469990253448e-02 4.017677623778581619e-03 8.474576286971569061e-03 7.761966437101364136e-02 1.548059135675430298e-01 1.084497645497322083e-01 3.588516730815172195e-03 8.726695552468299866e-03 2.754934132099151611e-02 2.395209623500704765e-03 9.245901554822921753e-02 1.133144460618495941e-02 9.461235255002975464e-02 4.105909541249275208e-02 0.000000000000000000e+00 6.849315017461776733e-03 1.023706868290901184e-01 3.139534965157508850e-02 8.928571641445159912e-02
6.849315017461776733e-03 1.076162680983543396e-01 2.815432660281658173e-02 1.036489829421043396e-01 1.221509948372840881e-01 3.067243471741676331e-02 3.484466671943664551e-02 1.400000043213367462e-02 1.518178172409534454e-02 7.924693822860717773e-02 2.914533205330371857e-02 6.871883571147918701e-02 9.005321189761161804e-03 1.281537860631942749e-02 6.840513646602630615e-02 2.239734493196010590e-02 2.831715159118175507e-03 1.625355565920472145e-03 7.080799341201782227e-02 1.481136530637741089e-01 1.016759797930717468e-01 1.043757516890764236e-02 1.557508017867803574e-02 2.070393413305282593e-02 9.244373068213462830e-03 8.566395193338394165e-02 4.482477437704801559e-03 8.781994879245758057e-02 4.789493978023529053e-02 6.849315017461776733e-03 0.000000000000000000e+00 1.091434732079505920e-01 3.823644295334815979e-02 9.607627242803573608e-02
1.023706868290901184e-01 2.142433226108551025e-01 1.368771940469741821e-01 2.104121446609497070e-01 1.318327989429235458e-02 7.873462140560150146e-02 1.434426158666610718e-01 9.528908133506774902e-02 9.411764889955520630e-02 1.867749392986297607e-01 8.025342971086502075e-02 1.765382438898086548e-01 1.180327832698822021e-01 9.646302461624145508e-02 4.104477539658546448e-02 1.312200576066970825e-01 1.063446253538131714e-01 1.107491850852966309e-01 1.785714328289031982e-01 2.531645596027374268e-01 2.085056155920028687e-01 9.881847351789474487e-02 9.372772276401519775e-02 1.295546591281890869e-01 1.000000014901161194e-01 1.930029094219207764e-01 1.135703921318054199e-01 1.950934529304504395e-01 6.157039105892181396e-02 1.023706868290901184e-01 1.091434732079505920e-01 0.000000000000000000e+00 7.120418548583984375e-02 1.320567820221185684e-02
3.139534965157508850e-02 1.452549993991851807e-01 6.631937623023986816e-02 1.413253247737884521e-01 8.430832624435424805e-02 7.572888862341642380e-03 7.298386842012405396e-02 2.424942329525947571e-02 2.306804992258548737e-02 1.171284615993499756e-01 9.101251140236854553e-03 1.066749840974807739e-01 4.722550138831138611e-02 2.543352544307708740e-02 3.024781309068202972e-02 6.058190390467643738e-02 3.540856018662452698e-02 3.985932096838951111e-02 1.087500005960464478e-01 1.853006631135940552e-01 1.393705904483795166e-01 2.780996449291706085e-02 2.267486602067947388e-02 5.889375135302543640e-02 2.900232002139091492e-02 1.234958842396736145e-01 4.271159693598747253e-02 1.256345212459564209e-01 9.676218964159488678e-03 3.139534965157508850e-02 3.823644295334815979e-02 7.120418548583984375e-02 0.000000000000000000e+00 5.805309861898422241e-02
8.928571641445159912e-02 2.016080468893051147e-01 1.238954663276672363e-01 1.977559626102447510e-01 2.638436481356620789e-02 6.559714674949645996e-02 1.304841190576553345e-01 8.218681812286376953e-02 8.101265877485275269e-02 1.739984303712844849e-01 6.711888313293457031e-02 1.637142300605773926e-01 1.049907580018043518e-01 8.336354047060012817e-02 2.785419486463069916e-02 1.182192265987396240e-01 9.326993674039840698e-02 9.768637269735336304e-02 1.657566279172897339e-01 2.407637983560562134e-01 1.958391666412353516e-01 8.572466671466827393e-02 8.062183856964111328e-02 1.165483742952346802e-01 8.690909296274185181e-02 1.802566647529602051e-01 1.005154624581336975e-01 1.823575943708419800e-01 4.840406775474548340e-02 8.928571641445159912e-02 9.607627242803573608e-02 1.320567820221185684e-02 5.805309861898422241e-02 0.000000000000000000e+00
