0.000000000000000000e+00 5.394360423088073730e-02 6.438299268484115601e-02 1.860197782516479492e-01 1.250212043523788452e-01 3.606802597641944885e-02 1.047333478927612305e-01 3.045112825930118561e-02 6.990250945091247559e-02 1.306444555521011353e-01 1.176932174712419510e-02 7.435950636863708496e-02 2.439947053790092468e-02 6.739842239767313004e-03 4.162021726369857788e-02 7.705157995223999023e-02 2.605740167200565338e-02 8.202223479747772217e-02 4.075867682695388794e-02 2.407986521720886230e-01 1.157257184386253357e-01 2.361579611897468567e-02 5.222358182072639465e-02 8.726812899112701416e-02 3.285024082288146019e-03 1.133175045251846313e-01 3.511940687894821167e-02 1.688193976879119873e-01 7.046314328908920288e-02 7.817725837230682373e-02 2.525497674942016602e-01 2.301492542028427124e-01 9.410409256815910339e-03 9.998255223035812378e-02
5.394360423088073730e-02 0.000000000000000000e+00 1.047577522695064545e-02 1.334149390459060669e-01 1.777659356594085693e-01 8.983683586120605469e-02 5.107831954956054688e-02 8.425632864236831665e-02 1.601931080222129822e-02 7.724522799253463745e-02 4.220107570290565491e-02 2.049812674522399902e-02 7.824009656906127930e-02 6.066139042377471924e-02 9.534974396228790283e-02 2.320441976189613342e-02 7.988870888948440552e-02 2.820342034101486206e-02 1.321398094296455383e-02 1.893141567707061768e-01 6.217022240161895752e-02 3.036649152636528015e-02 1.724881469272077084e-03 3.348214179277420044e-02 5.721848830580711365e-02 5.973907187581062317e-02 1.885992847383022308e-02 1.159315481781959534e-01 1.239356696605682373e-01 2.433628402650356293e-02 2.013492435216903687e-01 2.806090712547302246e-01 6.332186609506607056e-02 1.531004160642623901e-01
6.438299268484115601e-02 1.047577522695064545e-02 0.000000000000000000e+00 1.231112182140350342e-01 1.878918111324310303e-01 1.002182960510253906e-01 4.062428325414657593e-02 9.464856237173080444e-02 5.544466432183980942e-03 6.682352721691131592e-02 5.265357345342636108e-02 1.002450473606586456e-02 8.864321559667587280e-02 7.109198719263076782e-02 1.057199239730834961e-01 1.273174025118350983e-02 9.028892219066619873e-02 1.773288473486900330e-02 2.368647791445255280e-02 1.791937649250030518e-01 5.172813683748245239e-02 4.082927852869033813e-02 1.220043562352657318e-02 2.301444113254547119e-02 6.765370815992355347e-02 4.929414391517639160e-02 2.932990714907646179e-02 1.055840030312538147e-01 1.342371553182601929e-01 1.386404316872358322e-02 1.912769377231597900e-01 2.902316749095916748e-01 7.374872267246246338e-02 1.633142679929733276e-01
1.860197782516479492e-01 1.334149390459060669e-01 1.231112182140350342e-01 0.000000000000000000e+00 3.039716780185699463e-01 2.206076681613922119e-01 8.290155231952667236e-02 2.152516096830368042e-01 1.176470592617988586e-01 5.675459653139114380e-02 1.746327877044677734e-01 1.132264509797096252e-01 2.094685137271881104e-01 1.925182491540908813e-01 2.258910983800888062e-01 1.105527654290199280e-01 2.110541611909866333e-01 1.056088954210281372e-01 1.463708728551864624e-01 5.734767019748687744e-02 7.184058427810668945e-02 1.631205677986145020e-01 1.351087242364883423e-01 1.003811955451965332e-01 1.891891956329345703e-01 7.426778227090835571e-02 1.518926620483398438e-01 1.775804720818996429e-02 2.531645596027374268e-01 1.094339638948440552e-01 6.980960816144943237e-02 3.990833461284637451e-01 1.950886696577072144e-01 2.807801663875579834e-01
1.250212043523788452e-01 1.777659356594085693e-01 1.878918111324310303e-01 3.039716780185699463e-01 0.000000000000000000e+00 8.935610949993133545e-02 2.267850488424301147e-01 9.493148326873779297e-02 1.932349801063537598e-01 2.515569031238555908e-01 1.365895420312881470e-01 1.975442469120025635e-01 1.009296178817749023e-01 1.183811128139495850e-01 8.383722603321075439e-02 2.001447677612304688e-01 9.928725659847259521e-02 2.049418538808822632e-01 1.649394035339355469e-01 3.551287353038787842e-01 2.373134344816207886e-01 1.481994390487670898e-01 1.760950535535812378e-01 2.099981755018234253e-01 1.217861995100975037e-01 2.350093126296997070e-01 1.594405621290206909e-01 2.877669930458068848e-01 5.504295229911804199e-02 2.012316584587097168e-01 3.660144209861755371e-01 1.082425713539123535e-01 1.157469749450683594e-01 2.535559609532356262e-02
3.606802597641944885e-02 8.983683586120605469e-02 1.002182960510253906e-01 2.206076681613922119e-01 8.935610949993133545e-02 0.000000000000000000e+00 1.402714997529983521e-01 5.623072851449251175e-03 1.057040318846702576e-01 1.659305989742279053e-01 4.781704768538475037e-02 1.101321578025817871e-01 1.167883165180683136e-02 2.933531440794467926e-02 5.560538265854120255e-03 1.128061041235923767e-01 1.002003997564315796e-02 1.177419349551200867e-01 7.671392709016799927e-02 2.744827568531036377e-01 1.511627882719039917e-01 5.963302776217460632e-02 8.812561631202697754e-02 1.229491606354713440e-01 3.278688341379165649e-02 1.487774550914764404e-01 7.109737396240234375e-02 2.036474198102951050e-01 3.448275849223136902e-02 1.139240488409996033e-01 2.860125303268432617e-01 1.957057863473892212e-01 2.666666731238365173e-02 6.414584815502166748e-02
1.047333478927612305e-01 5.107831954956054688e-02 4.062428325414657593e-02 8.290155231952667236e-02 2.267850488424301147e-01 1.402714997529983521e-01 0.000000000000000000e+00 1.347547024488449097e-01 3.508771955966949463e-02 2.627056278288364410e-02 9.307876229286193848e-02 3.061224520206451416e-02 1.288036704063415527e-01 1.113945543766021729e-01 1.457183659076690674e-01 2.790697664022445679e-02 1.304347813129425049e-01 2.290790155529975891e-02 6.424893438816070557e-02 1.395855993032455444e-01 1.112723723053932190e-02 8.131868392229080200e-02 5.279855057597160339e-02 1.762632280588150024e-02 1.079812198877334595e-01 8.687258698046207428e-03 6.987094134092330933e-02 6.523954868316650391e-02 1.739130467176437378e-01 2.677532099187374115e-02 1.518324613571166992e-01 3.270004689693450928e-01 1.140313670039176941e-01 2.025944292545318604e-01
3.045112825930118561e-02 8.425632864236831665e-02 9.464856237173080444e-02 2.152516096830368042e-01 9.493148326873779297e-02 5.623072851449251175e-03 1.347547024488449097e-01 0.000000000000000000e+00 1.001404747366905212e-01 1.604572385549545288e-01 4.220532253384590149e-02 1.045738458633422852e-01 6.056156940758228302e-03 2.371615357697010040e-02 1.118326094001531601e-02 1.072510629892349243e-01 4.397215321660041809e-03 1.121931448578834534e-01 7.112152874469757080e-02 2.692753076553344727e-01 1.456635296344757080e-01 5.402807146310806274e-02 8.254344761371612549e-02 1.174072548747062683e-01 2.716882154345512390e-02 1.432742476463317871e-01 6.550048291683197021e-02 1.982513666152954102e-01 4.009805619716644287e-02 1.083704009652137756e-01 2.808411121368408203e-01 2.011075466871261597e-01 2.104675024747848511e-02 6.974376738071441650e-02
6.990250945091247559e-02 1.601931080222129822e-02 5.544466432183980942e-03 1.176470592617988586e-01 1.932349801063537598e-01 1.057040318846702576e-01 3.508771955966949463e-02 1.001404747366905212e-01 0.000000000000000000e+00 6.130177527666091919e-02 5.818105489015579224e-02 4.480286967009305954e-03 9.414141625165939331e-02 7.660625874996185303e-02 1.111992076039314270e-01 7.187780924141407013e-03 9.578543901443481445e-02 1.218961644917726517e-02 2.922710590064525604e-02 1.738219857215881348e-01 4.619691893458366394e-02 4.636324942111968994e-02 1.774370297789573669e-02 1.747220382094383240e-02 7.317072898149490356e-02 4.376163706183433533e-02 3.486870601773262024e-02 1.000981330871582031e-01 1.396776735782623291e-01 8.320216089487075806e-03 1.859296411275863647e-01 2.953009605407714844e-01 7.926078140735626221e-02 1.687059700489044189e-01
1.306444555521011353e-01 7.724522799253463745e-02 6.682352721691131592e-02 5.675459653139114380e-02 2.515569031238555908e-01 1.659305989742279053e-01 2.627056278288364410e-02 1.604572385549545288e-01 6.130177527666091919e-02 0.000000000000000000e+00 1.190581992268562317e-01 5.683710053563117981e-02 1.545512676239013672e-01 1.372634321451187134e-01 1.713330596685409546e-01 5.413784831762313843e-02 1.561702191829681396e-01 4.914888367056846619e-02 9.036697447299957275e-02 1.137320995330810547e-01 1.514775305986404419e-02 1.073598936200141907e-01 7.895959168672561646e-02 4.387656599283218384e-02 1.338720172643661499e-01 1.758731715381145477e-02 9.596535563468933105e-02 3.903589025139808655e-02 1.992731690406799316e-01 5.300859734416007996e-02 1.260647326707839966e-01 3.502621352672576904e-01 1.398828923702239990e-01 2.276533544063568115e-01
1.176932174712419510e-02 4.220107570290565491e-02 5.265357345342636108e-02 1.746327877044677734e-01 1.365895420312881470e-01 4.781704768538475037e-02 9.307876229286193848e-02 4.220532253384590149e-02 5.818105489015579224e-02 1.190581992268562317e-01 0.000000000000000000e+00 6.264501065015792847e-02 3.615840896964073181e-02 1.850769482553005219e-02 5.336339771747589111e-02 6.534150987863540649e-02 3.781512752175331116e-02 7.032079994678497314e-02 2.900326810777187347e-02 2.296802550554275513e-01 1.040981784462928772e-01 1.184976939111948013e-02 4.047914221882820129e-02 7.557643204927444458e-02 1.505376305431127548e-02 1.016837954521179199e-01 2.335974015295505524e-02 1.573627442121505737e-01 8.216433227062225342e-02 6.646909564733505249e-02 2.414982765913009644e-01 2.412650585174560547e-01 2.117738500237464905e-02 1.116205230355262756e-01
7.435950636863708496e-02 2.049812674522399902e-02 1.002450473606586456e-02 1.132264509797096252e-01 1.975442469120025635e-01 1.101321578025817871e-01 3.061224520206451416e-02 1.045738458633422852e-01 4.480286967009305954e-03 5.683710053563117981e-02 6.264501065015792847e-02 0.000000000000000000e+00 9.858012199401855469e-02 8.105872571468353271e-02 1.156218871474266052e-01 2.707581268623471260e-03 1.002227142453193665e-01 7.709750439971685410e-03 3.370298072695732117e-02 1.694736778736114502e-01 4.172527045011520386e-02 5.083297565579414368e-02 2.222222276031970978e-02 1.299293339252471924e-02 7.762557268142700195e-02 3.928905352950096130e-02 3.934284299612045288e-02 9.566074609756469727e-02 1.440677940845489502e-01 3.840072313323616982e-03 1.816006451845169067e-01 2.993851602077484131e-01 8.371134102344512939e-02 1.730554550886154175e-01
2.439947053790092468e-02 7.824009656906127930e-02 8.864321559667587280e-02 2.094685137271881104e-01 1.009296178817749023e-01 1.167883165180683136e-02 1.288036704063415527e-01 6.056156940758228302e-03 9.414141625165939331e-02 1.545512676239013672e-01 3.615840896964073181e-02 9.858012199401855469e-02 0.000000000000000000e+00 1.766253262758255005e-02 1.723825000226497650e-02 1.012606769800186157e-01 1.658986206166446209e-03 1.062091514468193054e-01 6.509341299533843994e-02 2.636490762233734131e-01 1.397306323051452637e-01 4.798761755228042603e-02 7.652553915977478027e-02 1.114303320646286011e-01 2.111613936722278595e-02 1.373372524976730347e-01 5.946791917085647583e-02 1.924262493848800659e-01 4.614300653338432312e-02 1.023814380168914795e-01 2.752531170845031738e-01 2.069116979837417603e-01 1.499250344932079315e-02 7.576791942119598389e-02
6.739842239767313004e-03 6.066139042377471924e-02 7.109198719263076782e-02 1.925182491540908813e-01 1.183811128139495850e-01 2.933531440794467926e-02 1.113945543766021729e-01 2.371615357697010040e-02 7.660625874996185303e-02 1.372634321451187134e-01 1.850769482553005219e-02 8.105872571468353271e-02 1.766253262758255005e-02 0.000000000000000000e+00 3.489015996456146240e-02 8.374792337417602539e-02 1.932095363736152649e-02 8.871303498744964600e-02 4.748547449707984924e-02 2.471373975276947021e-01 1.223701164126396179e-01 3.035080805420875549e-02 5.894267931580543518e-02 9.395270794630050659e-02 3.454894525930285454e-03 1.199657246470451355e-01 4.184934124350547791e-02 1.753597110509872437e-01 6.375358253717422485e-02 8.487237989902496338e-02 2.588490247726440430e-01 2.237564921379089355e-01 2.670736284926533699e-03 9.330558776855468750e-02
4.162021726369857788e-02 9.534974396228790283e-02 1.057199239730834961e-01 2.258910983800888062e-01 8.383722603321075439e-02 5.560538265854120255e-03 1.457183659076690674e-01 1.118326094001531601e-02 1.111992076039314270e-01 1.713330596685409546e-01 5.336339771747589111e-02 1.156218871474266052e-01 1.723825000226497650e-02 3.489015996456146240e-02 0.000000000000000000e+00 1.182924360036849976e-01 1.557970978319644928e-02 1.232217997312545776e-01 8.223938196897506714e-02 2.796165347099304199e-01 1.565917134284973145e-01 6.517195701599121094e-02 9.364026784896850586e-02 1.284219026565551758e-01 3.834043443202972412e-02 1.542104184627532959e-01 7.662761956453323364e-02 2.089713215827941895e-01 2.892776764929294586e-02 1.194089427590370178e-01 2.911100983619689941e-01 1.903523951768875122e-01 3.222242742776870728e-02 5.860621482133865356e-02
7.705157995223999023e-02 2.320441976189613342e-02 1.273174025118350983e-02 1.105527654290199280e-01 2.001447677612304688e-01 1.128061041235923767e-01 2.790697664022445679e-02 1.072510629892349243e-01 7.187780924141407013e-03 5.413784831762313843e-02 6.534150987863540649e-02 2.707581268623471260e-03 1.012606769800186157e-01 8.374792337417602539e-02 1.182924360036849976e-01 0.000000000000000000e+00 1.029023751616477966e-01 5.002273712307214737e-03 3.640723600983619690e-02 1.668426543474197388e-01 3.902209550142288208e-02 5.353318899869918823e-02 2.492830343544483185e-02 1.028571464121341705e-02 8.031626790761947632e-02 3.658536449074745178e-02 4.204594716429710388e-02 9.297724813222885132e-02 1.467181444168090820e-01 1.132502802647650242e-03 1.789810657501220703e-01 3.018480539321899414e-01 8.639933913946151733e-02 1.756807118654251099e-01
2.605740167200565338e-02 7.988870888948440552e-02 9.028892219066619873e-02 2.110541611909866333e-01 9.928725659847259521e-02 1.002003997564315796e-02 1.304347813129425049e-01 4.397215321660041809e-03 9.578543901443481445e-02 1.561702191829681396e-01 3.781512752175331116e-02 1.002227142453193665e-01 1.658986206166446209e-03 1.932095363736152649e-02 1.557970978319644928e-02 1.029023751616477966e-01 0.000000000000000000e+00 1.078491359949111938e-01 6.674519181251525879e-02 2.651920914649963379e-01 1.413568556308746338e-01 4.964264854788780212e-02 7.817460596561431885e-02 1.130684167146682739e-01 2.277432754635810852e-02 1.389645785093307495e-01 6.112087517976760864e-02 1.940232962369918823e-01 4.448742792010307312e-02 1.040227562189102173e-01 2.767857015132904053e-01 2.053231894969940186e-01 1.665107533335685730e-02 7.411824911832809448e-02
8.202223479747772217e-02 2.820342034101486206e-02 1.773288473486900330e-02 1.056088954210281372e-01 2.049418538808822632e-01 1.177419349551200867e-01 2.290790155529975891e-02 1.121931448578834534e-01 1.218961644917726517e-02 4.914888367056846619e-02 7.032079994678497314e-02 7.709750439971685410e-03 1.062091514468193054e-01 8.871303498744964600e-02 1.232217997312545776e-01 5.002273712307214737e-03 1.078491359949111938e-01 0.000000000000000000e+00 4.140197113156318665e-02 1.619755774736404419e-01 3.402646631002426147e-02 5.851979181170463562e-02 2.992684580385684967e-02 5.283712409436702728e-03 8.528427779674530029e-02 3.158887475728988647e-02 4.703832790255546570e-02 8.801591396331787109e-02 1.516091525554656982e-01 3.869792912155389786e-03 1.741346865892410278e-01 3.063876926898956299e-01 9.136212617158889771e-02 1.805243492126464844e-01
4.075867682695388794e-02 1.321398094296455383e-02 2.368647791445255280e-02 1.463708728551864624e-01 1.649394035339355469e-01 7.671392709016799927e-02 6.424893438816070557e-02 7.112152874469757080e-02 2.922710590064525604e-02 9.036697447299957275e-02 2.900326810777187347e-02 3.370298072695732117e-02 6.509341299533843994e-02 4.748547449707984924e-02 8.223938196897506714e-02 3.640723600983619690e-02 6.674519181251525879e-02 4.140197113156318665e-02 0.000000000000000000e+00 2.020227611064910889e-01 7.532232254743576050e-02 1.715939678251743317e-02 1.148936152458190918e-02 4.667547345161437988e-02 4.403780400753021240e-02 7.289551198482513428e-02 5.647354293614625931e-03 1.289479881525039673e-01 1.109033077955245972e-01 3.753819316625595093e-02 2.139938771724700928e-01 2.683902680873870850e-01 5.014985054731369019e-02 1.401700079441070557e-01
2.407986521720886230e-01 1.893141567707061768e-01 1.791937649250030518e-01 5.734767019748687744e-02 3.551287353038787842e-01 2.744827568531036377e-01 1.395855993032455444e-01 2.692753076553344727e-01 1.738219857215881348e-01 1.137320995330810547e-01 2.296802550554275513e-01 1.694736778736114502e-01 2.636490762233734131e-01 2.471373975276947021e-01 2.796165347099304199e-01 1.668426543474197388e-01 2.651920914649963379e-01 1.619755774736404419e-01 2.020227611064910889e-01 0.000000000000000000e+00 1.286582052707672119e-01 2.184249609708786011e-01 1.909766793251037598e-01 1.568260788917541504e-01 2.438907474279403687e-01 1.310572624206542969e-01 2.074334472417831421e-01 7.502930611371994019e-02 3.060685992240905762e-01 1.657414734363555908e-01 1.251203101128339767e-02 4.462186396121978760e-01 2.496433705091476440e-01 3.327695429325103760e-01
1.157257184386253357e-01 6.217022240161895752e-02 5.172813683748245239e-02 7.184058427810668945e-02 2.373134344816207886e-01 1.511627882719039917e-01 1.112723723053932190e-02 1.456635296344757080e-01 4.619691893458366394e-02 1.514775305986404419e-02 1.040981784462928772e-01 4.172527045011520386e-02 1.397306323051452637e-01 1.223701164126396179e-01 1.565917134284973145e-01 3.902209550142288208e-02 1.413568556308746338e-01 3.402646631002426147e-02 7.532232254743576050e-02 1.286582052707672119e-01 0.000000000000000000e+00 9.236234426498413086e-02 6.388825178146362305e-02 2.874792180955410004e-02 1.189655140042304993e-01 2.440214622765779495e-03 8.093525469303131104e-02 5.415162444114685059e-02 1.846828907728195190e-01 3.789126873016357422e-02 1.409433484077453613e-01 3.369018733501434326e-01 1.250000000000000000e-01 2.132409512996673584e-01
2.361579611897468567e-02 3.036649152636528015e-02 4.082927852869033813e-02 1.631205677986145020e-01 1.481994390487670898e-01 5.963302776217460632e-02 8.131868392229080200e-02 5.402807146310806274e-02 4.636324942111968994e-02 1.073598936200141907e-01 1.184976939111948013e-02 5.083297565579414368e-02 4.798761755228042603e-02 3.035080805420875549e-02 6.517195701599121094e-02 5.353318899869918823e-02 4.964264854788780212e-02 5.851979181170463562e-02 1.715939678251743317e-02 2.184249609708786011e-01 9.236234426498413086e-02 0.000000000000000000e+00 2.864311076700687408e-02 6.378378719091415405e-02 2.689873427152633667e-02 8.994240313768386841e-02 1.151315774768590927e-02 1.457848101854324341e-01 9.392265230417251587e-02 5.466238036751747131e-02 2.303075790405273438e-01 2.523932456970214844e-01 3.301886841654777527e-02 1.233071982860565186e-01
5.222358182072639465e-02 1.724881469272077084e-03 1.220043562352657318e-02 1.351087242364883423e-01 1.760950535535812378e-01 8.812561631202697754e-02 5.279855057597160339e-02 8.254344761371612549e-02 1.774370297789573669e-02 7.895959168672561646e-02 4.047914221882820129e-02 2.222222276031970978e-02 7.652553915977478027e-02 5.894267931580543518e-02 9.364026784896850586e-02 2.492830343544483185e-02 7.817460596561431885e-02 2.992684580385684967e-02 1.148936152458190918e-02 1.909766793251037598e-01 6.388825178146362305e-02 2.864311076700687408e-02 0.000000000000000000e+00 3.520499169826507568e-02 5.549908429384231567e-02 6.145761907100677490e-02 1.713560335338115692e-02 1.176329106092453003e-01 1.222369149327278137e-01 2.606007084250450134e-02 2.030036300420761108e-01 2.790192365646362305e-01 6.160371750593185425e-02 1.514155268669128418e-01
8.726812899112701416e-02 3.348214179277420044e-02 2.301444113254547119e-02 1.003811955451965332e-01 2.099981755018234253e-01 1.229491606354713440e-01 1.762632280588150024e-02 1.174072548747062683e-01 1.747220382094383240e-02 4.387656599283218384e-02 7.557643204927444458e-02 1.299293339252471924e-02 1.114303320646286011e-01 9.395270794630050659e-02 1.284219026565551758e-01 1.028571464121341705e-02 1.130684167146682739e-01 5.283712409436702728e-03 4.667547345161437988e-02 1.568260788917541504e-01 2.874792180955410004e-02 6.378378719091415405e-02 3.520499169826507568e-02 0.000000000000000000e+00 9.052719920873641968e-02 2.630955167114734650e-02 5.230903998017311096e-02 8.277069032192230225e-02 1.567672789096832275e-01 9.153317660093307495e-03 1.690064817667007446e-01 3.111676871776580811e-01 9.659920632839202881e-02 1.856309920549392700e-01
3.285024082288146019e-03 5.721848830580711365e-02 6.765370815992355347e-02 1.891891956329345703e-01 1.217861995100975037e-01 3.278688341379165649e-02 1.079812198877334595e-01 2.716882154345512390e-02 7.317072898149490356e-02 1.338720172643661499e-01 1.505376305431127548e-02 7.762557268142700195e-02 2.111613936722278595e-02 3.454894525930285454e-03 3.834043443202972412e-02 8.031626790761947632e-02 2.277432754635810852e-02 8.528427779674530029e-02 4.403780400753021240e-02 2.438907474279403687e-01 1.189655140042304993e-01 2.689873427152633667e-02 5.549908429384231567e-02 9.052719920873641968e-02 0.000000000000000000e+00 1.165591403841972351e-01 3.840000182390213013e-02 1.720090359449386597e-01 6.719367951154708862e-02 8.144136518239974976e-02 2.556227445602416992e-01 2.270358800888061523e-01 6.125574465841054916e-03 9.672929346561431885e-02
1.133175045251846313e-01 5.973907187581062317e-02 4.929414391517639160e-02 7.426778227090835571e-02 2.350093126296997070e-01 1.487774550914764404e-01 8.687258698046207428e-03 1.432742476463317871e-01 4.376163706183433533e-02 1.758731715381145477e-02 1.016837954521179199e-01 3.928905352950096130e-02 1.373372524976730347e-01 1.199657246470451355e-01 1.542104184627532959e-01 3.658536449074745178e-02 1.389645785093307495e-01 3.158887475728988647e-02 7.289551198482513428e-02 1.310572624206542969e-01 2.440214622765779495e-03 8.994240313768386841e-02 6.145761907100677490e-02 2.630955167114734650e-02 1.165591403841972351e-01 0.000000000000000000e+00 7.851054519414901733e-02 5.658436194062232971e-02 1.823248416185379028e-01 3.545433282852172852e-02 1.433342546224594116e-01 3.347368538379669189e-01 1.225971803069114685e-01 2.109104841947555542e-01
3.511940687894821167e-02 1.885992847383022308e-02 2.932990714907646179e-02 1.518926620483398438e-01 1.594405621290206909e-01 7.109737396240234375e-02 6.987094134092330933e-02 6.550048291683197021e-02 3.486870601773262024e-02 9.596535563468933105e-02 2.335974015295505524e-02 3.934284299612045288e-02 5.946791917085647583e-02 4.184934124350547791e-02 7.662761956453323364e-02 4.204594716429710388e-02 6.112087517976760864e-02 4.703832790255546570e-02 5.647354293614625931e-03 2.074334472417831421e-01 8.093525469303131104e-02 1.151315774768590927e-02 1.713560335338115692e-02 5.230903998017311096e-02 3.840000182390213013e-02 7.851054519414901733e-02 0.000000000000000000e+00 1.344974040985107422e-01 1.053219214081764221e-01 4.317639395594596863e-02 2.193761169910430908e-01 2.631417512893676758e-01 4.451510310173034668e-02 1.346292346715927124e-01
1.688193976879119873e-01 1.159315481781959534e-01 1.055840030312538147e-01 1.775804720818996429e-02 2.877669930458068848e-01 2.036474198102951050e-01 6.523954868316650391e-02 1.982513666152954102e-01 1.000981330871582031e-01 3.903589025139808655e-02 1.573627442121505737e-01 9.566074609756469727e-02 1.924262493848800659e-01 1.753597110509872437e-01 2.089713215827941895e-01 9.297724813222885132e-02 1.940232962369918823e-01 8.801591396331787109e-02 1.289479881525039673e-01 7.502930611371994019e-02 5.415162444114685059e-02 1.457848101854324341e-01 1.176329106092453003e-01 8.277069032192230225e-02 1.720090359449386597e-01 5.658436194062232971e-02 1.344974040985107422e-01 0.000000000000000000e+00 2.364696115255355835e-01 9.185441583395004272e-02 8.745923638343811035e-02 3.840470314025878906e-01 1.779471039772033691e-01 2.643401622772216797e-01
7.046314328908920288e-02 1.239356696605682373e-01 1.342371553182601929e-01 2.531645596027374268e-01 5.504295229911804199e-02 3.448275849223136902e-02 1.739130467176437378e-01 4.009805619716644287e-02 1.396776735782623291e-01 1.992731690406799316e-01 8.216433227062225342e-02 1.440677940845489502e-01 4.614300653338432312e-02 6.375358253717422485e-02 2.892776764929294586e-02 1.467181444168090820e-01 4.448742792010307312e-02 1.516091525554656982e-01 1.109033077955245972e-01 3.060685992240905762e-01 1.846828907728195190e-01 9.392265230417251587e-02 1.222369149327278137e-01 1.567672789096832275e-01 6.719367951154708862e-02 1.823248416185379028e-01 1.053219214081764221e-01 2.364696115255355835e-01 0.000000000000000000e+00 1.478260904550552368e-01 3.173652589321136475e-01 1.623184382915496826e-01 6.109324842691421509e-02 2.972884662449359894e-02
7.817725837230682373e-02 2.433628402650356293e-02 1.386404316872358322e-02 1.094339638948440552e-01 2.012316584587097168e-01 1.139240488409996033e-01 2.677532099187374115e-02 1.083704009652137756e-01 8.320216089487075806e-03 5.300859734416007996e-02 6.646909564733505249e-02 3.840072313323616982e-03 1.023814380168914795e-01 8.487237989902496338e-02 1.194089427590370178e-01 1.132502802647650242e-03 1.040227562189102173e-01 3.869792912155389786e-03 3.753819316625595093e-02 1.657414734363555908e-01 3.789126873016357422e-02 5.466238036751747131e-02 2.606007084250450134e-02 9.153317660093307495e-03 8.144136518239974976e-02 3.545433282852172852e-02 4.317639395594596863e-02 9.185441583395004272e-02 1.478260904550552368e-01 0.000000000000000000e+00 1.778846085071563721e-01 3.028770089149475098e-01 8.752327412366867065e-02 1.767780482769012451e-01
2.525497674942016602e-01 2.013492435216903687e-01 1.912769377231597900e-01 6.980960816144943237e-02 3.660144209861755371e-01 2.860125303268432617e-01 1.518324613571166992e-01 2.808411121368408203e-01 1.859296411275863647e-01 1.260647326707839966e-01 2.414982765913009644e-01 1.816006451845169067e-01 2.752531170845031738e-01 2.588490247726440430e-01 2.911100983619689941e-01 1.789810657501220703e-01 2.767857015132904053e-01 1.741346865892410278e-01 2.139938771724700928e-01 1.251203101128339767e-02 1.409433484077453613e-01 2.303075790405273438e-01 2.030036300420761108e-01 1.690064817667007446e-01 2.556227445602416992e-01 1.433342546224594116e-01 2.193761169910430908e-01 8.745923638343811035e-02 3.173652589321136475e-01 1.778846085071563721e-01 0.000000000000000000e+00 4.561837315559387207e-01 2.613390982151031494e-01 3.438499271869659424e-01
2.301492542028427124e-01 2.806090712547302246e-01 2.902316749095916748e-01 3.990833461284637451e-01 1.082425713539123535e-01 1.957057863473892212e-01 3.270004689693450928e-01 2.011075466871261597e-01 2.953009605407714844e-01 3.502621352672576904e-01 2.412650585174560547e-01 2.993851602077484131e-01 2.069116979837417603e-01 2.237564921379089355e-01 1.903523951768875122e-01 3.018480539321899414e-01 2.053231894969940186e-01 3.063876926898956299e-01 2.683902680873870850e-01 4.462186396121978760e-01 3.369018733501434326e-01 2.523932456970214844e-01 2.790192365646362305e-01 3.111676871776580811e-01 2.270358800888061523e-01 3.347368538379669189e-01 2.631417512893676758e-01 3.840470314025878906e-01 1.623184382915496826e-01 3.028770089149475098e-01 4.561837315559387207e-01 0.000000000000000000e+00 2.212179601192474365e-01 1.332325041294097900e-01
9.410409256815910339e-03 6.332186609506607056e-02 7.374872267246246338e-02 1.950886696577072144e-01 1.157469749450683594e-01 2.666666731238365173e-02 1.140313670039176941e-01 2.104675024747848511e-02 7.926078140735626221e-02 1.398828923702239990e-01 2.117738500237464905e-02 8.371134102344512939e-02 1.499250344932079315e-02 2.670736284926533699e-03 3.222242742776870728e-02 8.639933913946151733e-02 1.665107533335685730e-02 9.136212617158889771e-02 5.014985054731369019e-02 2.496433705091476440e-01 1.250000000000000000e-01 3.301886841654777527e-02 6.160371750593185425e-02 9.659920632839202881e-02 6.125574465841054916e-03 1.225971803069114685e-01 4.451510310173034668e-02 1.779471039772033691e-01 6.109324842691421509e-02 8.752327412366867065e-02 2.613390982151031494e-01 2.212179601192474365e-01 0.000000000000000000e+00 9.065744280815124512e-02
9.998255223035812378e-02 1.531004160642623901e-01 1.633142679929733276e-01 2.807801663875579834e-01 2.535559609532356262e-02 6.414584815502166748e-02 2.025944292545318604e-01 6.974376738071441650e-02 1.687059700489044189e-01 2.276533544063568115e-01 1.116205230355262756e-01 1.730554550886154175e-01 7.576791942119598389e-02 9.330558776855468750e-02 5.860621482133865356e-02 1.756807118654251099e-01 7.411824911832809448e-02 1.805243492126464844e-01 1.401700079441070557e-01 3.327695429325103760e-01 2.132409512996673584e-01 1.233071982860565186e-01 1.514155268669128418e-01 1.856309920549392700e-01 9.672929346561431885e-02 2.109104841947555542e-01 1.346292346715927124e-01 2.643401622772216797e-01 2.972884662449359894e-02 1.767780482769012451e-01 3.438499271869659424e-01 1.332325041294097900e-01 9.065744280815124512e-02 0.000000000000000000e+00
