0.000000000000000000e+00 1.831069029867649078e-02 1.110670343041419983e-02 1.512352824211120605e-01 1.511746644973754883e-01 7.012309134006500244e-02 1.609944924712181091e-02 2.996108867228031158e-02 2.025782689452171326e-02 8.179648220539093018e-02 3.446940332651138306e-02 4.091858118772506714e-02 9.925055317580699921e-03 6.960253417491912842e-02 9.477124363183975220e-02 2.788067795336246490e-02 5.995475128293037415e-02 6.803738325834274292e-02 3.596287593245506287e-02 1.737288087606430054e-01 8.132725954055786133e-02 1.204819302074611187e-03 3.071539662778377533e-02 4.591735079884529114e-03 7.392273098230361938e-02 3.293971344828605652e-02 4.244286566972732544e-02 6.288637965917587280e-02 9.163782000541687012e-02 2.158555760979652405e-02 2.719406597316265106e-02 2.141844034194946289e-01 4.756446927785873413e-02 1.393060535192489624e-01
1.831069029867649078e-02 0.000000000000000000e+00 7.205452769994735718e-03 1.690777540206909180e-01 1.332327872514724731e-01 5.187901109457015991e-02 3.440000116825103760e-02 1.165679376572370529e-02 3.855421766638755798e-02 9.995746612548828125e-02 1.616891846060752869e-02 5.918492749333381653e-02 2.823061682283878326e-02 5.135729908943176270e-02 7.659346610307693481e-02 9.574875235557556152e-03 4.168982803821563721e-02 4.978872090578079224e-02 1.766381785273551941e-02 1.914305388927459717e-01 9.948979318141937256e-02 1.951508037745952606e-02 1.241168566048145294e-02 1.372011005878448486e-02 5.568742007017135620e-02 5.121951177716255188e-02 2.415094338357448578e-02 8.110368251800537109e-02 7.345037907361984253e-02 3.276161151006817818e-03 4.548211023211479187e-02 1.966449171304702759e-01 2.927927859127521515e-02 1.213047876954078674e-01
1.110670343041419983e-02 7.205452769994735718e-03 0.000000000000000000e+00 1.620697528123855591e-01 1.403035372495651245e-01 5.906238406896591187e-02 2.720128931105136871e-02 1.886066235601902008e-02 3.135747462511062622e-02 9.281886368989944458e-02 2.337164804339408875e-02 5.200165137648582458e-02 2.102944068610668182e-02 5.854108929634094238e-02 8.375269919633865356e-02 1.677917130291461945e-02 4.888059571385383606e-02 5.697373300790786743e-02 2.486610598862171173e-02 1.844795495271682739e-01 9.235054999589920044e-02 1.231135800480842590e-02 1.961538381874561310e-02 6.515301298350095749e-03 6.286764889955520630e-02 4.403030872344970703e-02 3.135094046592712402e-02 7.394143939018249512e-02 8.061316609382629395e-02 1.048136688768863678e-02 3.828920423984527588e-02 2.035619467496871948e-01 3.647703677415847778e-02 1.283980160951614380e-01
1.512352824211120605e-01 1.690777540206909180e-01 1.620697528123855591e-01 0.000000000000000000e+00 2.956505119800567627e-01 2.190354764461517334e-01 1.354656666517257690e-01 1.803790479898452759e-01 1.313799619674682617e-01 7.030855119228363037e-02 1.847416311502456665e-01 1.110036298632621765e-01 1.415226459503173828e-01 2.185374200344085693e-01 2.425303906202316284e-01 1.783638745546340942e-01 2.092923223972320557e-01 2.170394062995910645e-01 1.861855238676071167e-01 2.310047298669815063e-02 7.077856361865997314e-02 1.500578075647354126e-01 1.811093837022781372e-01 1.557188779115676880e-01 2.226686328649520874e-01 1.188878268003463745e-01 1.924428790807723999e-01 8.919722586870193481e-02 2.395531684160232544e-01 1.722584962844848633e-01 1.245534643530845642e-01 3.539543151855468750e-01 1.973799169063568115e-01 2.845465242862701416e-01
1.511746644973754883e-01 1.332327872514724731e-01 1.403035372495651245e-01 2.956505119800567627e-01 0.000000000000000000e+00 8.191999793052673340e-02 1.668679863214492798e-01 1.217650994658470154e-01 1.709090918302536011e-01 2.301255166530609131e-01 1.173165887594223022e-01 1.909122914075851440e-01 1.608583629131317139e-01 8.243957161903381348e-02 5.722326412796974182e-02 1.238158568739891052e-01 9.205426275730133057e-02 8.400128036737442017e-02 1.158415824174880981e-01 3.165887892246246338e-01 2.296781241893768311e-01 1.523517370223999023e-01 1.210212185978889465e-01 1.466847509145736694e-01 7.812500000000000000e-02 1.832021027803421021e-01 1.094339638948440552e-01 2.120451629161834717e-01 6.037321686744689941e-02 1.300133615732192993e-01 1.776384562253952026e-01 6.511820852756500244e-02 1.043606102466583252e-01 1.212393399327993393e-02
7.012309134006500244e-02 5.187901109457015991e-02 5.906238406896591187e-02 2.190354764461517334e-01 8.191999793052673340e-02 0.000000000000000000e+00 8.612530678510665894e-02 4.024655371904373169e-02 9.025270491838455200e-02 1.510531604290008545e-01 3.574007377028465271e-02 1.107239648699760437e-01 7.999247312545776367e-02 5.231037503108382225e-04 2.481305226683616638e-02 4.232515767216682434e-02 1.021126750856637955e-02 2.095703734084963799e-03 3.424657508730888367e-02 2.409169524908065796e-01 1.505915373563766479e-01 7.132188230752944946e-02 3.949275240302085876e-02 6.555245816707611084e-02 3.819444449618458748e-03 1.028252914547920227e-01 2.776285074651241302e-02 1.324255019426345825e-01 2.165387943387031555e-02 4.861111193895339966e-02 9.713193029165267944e-02 1.462579965591430664e-01 2.263411134481430054e-02 6.986545771360397339e-02
1.609944924712181091e-02 3.440000116825103760e-02 2.720128931105136871e-02 1.354656666517257690e-01 1.668679863214492798e-01 8.612530678510665894e-02 0.000000000000000000e+00 4.603833332657814026e-02 4.159733653068542480e-03 6.578366458415985107e-02 5.054080486297607422e-02 2.483549155294895172e-02 6.175380665808916092e-03 8.560606092214584351e-02 1.107017844915390015e-01 4.396039620041847229e-02 7.598086446523666382e-02 8.404477685689926147e-02 5.203220248222351074e-02 1.580714732408523560e-01 6.531332433223724365e-02 1.489491946995258331e-02 4.679170623421669006e-02 2.068965509533882141e-02 8.991517126560211182e-02 1.684919930994510651e-02 5.850233882665634155e-02 4.683434590697288513e-02 1.075785607099533081e-01 3.767191618680953979e-02 1.109947636723518372e-02 2.294925004243850708e-01 6.361520290374755859e-02 1.550577580928802490e-01
2.996108867228031158e-02 1.165679376572370529e-02 1.886066235601902008e-02 1.803790479898452759e-01 1.217650994658470154e-01 4.024655371904373169e-02 4.603833332657814026e-02 0.000000000000000000e+00 5.018845573067665100e-02 1.114843562245368958e-01 4.512974992394447327e-03 7.079288363456726074e-02 3.987428918480873108e-02 3.972428664565086365e-02 6.499470025300979614e-02 2.082150196656584740e-03 3.004763647913932800e-02 3.815406933426856995e-02 6.008261349052190781e-03 2.026351690292358398e-01 1.110178381204605103e-01 3.116478398442268372e-02 7.550019072368741035e-04 2.537284605205059052e-02 4.405922815203666687e-02 6.283878535032272339e-02 1.249766815453767776e-02 9.267286211252212524e-02 6.184653565287590027e-02 8.380952291190624237e-03 5.710862576961517334e-02 1.854131370782852173e-01 1.762850210070610046e-02 1.098032593727111816e-01
2.025782689452171326e-02 3.855421766638755798e-02 3.135747462511062622e-02 1.313799619674682617e-01 1.709090918302536011e-01 9.025270491838455200e-02 4.159733653068542480e-03 5.018845573067665100e-02 0.000000000000000000e+00 6.164079904556274414e-02 5.468904227018356323e-02 2.067789435386657715e-02 1.033484935760498047e-02 8.973383903503417969e-02 1.148086488246917725e-01 4.811133071780204773e-02 8.011527359485626221e-02 8.817368000745773315e-02 5.617977678775787354e-02 1.540130078792572021e-01 6.117021292448043823e-02 1.905347220599651337e-02 5.094152688980102539e-02 2.484725043177604675e-02 9.403973817825317383e-02 1.269035506993532181e-02 6.264682859182357788e-02 4.268292710185050964e-02 1.116883084177970886e-01 4.182509332895278931e-02 6.940063089132308960e-03 2.334294021129608154e-01 6.775701045989990234e-02 1.591148525476455688e-01
8.179648220539093018e-02 9.995746612548828125e-02 9.281886368989944458e-02 7.030855119228363037e-02 2.301255166530609131e-01 1.510531604290008545e-01 6.578366458415985107e-02 1.114843562245368958e-01 6.164079904556274414e-02 0.000000000000000000e+00 1.159389987587928772e-01 4.101518169045448303e-02 7.192982733249664307e-02 1.505419462919235229e-01 1.752095073461532593e-01 1.094276085495948792e-01 1.410594731569290161e-01 1.490046232938766479e-01 1.174139752984046936e-01 9.325755387544631958e-02 4.723665479104965925e-04 8.059960603713989258e-02 1.122299134731292725e-01 8.635578304529190063e-02 1.547833085060119629e-01 4.898876324295997620e-02 1.238095238804817200e-01 1.900788210332393646e-02 1.721439808607101440e-01 1.031998321413993835e-01 5.472414568066596985e-02 2.908847332000732422e-01 1.288596093654632568e-01 2.186115235090255737e-01
3.446940332651138306e-02 1.616891846060752869e-02 2.337164804339408875e-02 1.847416311502456665e-01 1.173165887594223022e-01 3.574007377028465271e-02 5.054080486297607422e-02 4.512974992394447327e-03 5.468904227018356323e-02 1.159389987587928772e-01 0.000000000000000000e+00 7.528180629014968872e-02 4.437927529215812683e-02 3.521762788295745850e-02 6.049947068095207214e-02 6.595063023269176483e-03 2.553812414407730103e-02 3.364688903093338013e-02 1.495327102020382881e-03 2.069588750600814819e-01 1.154729574918746948e-01 3.567274287343025208e-02 3.757985774427652359e-03 2.988239750266075134e-02 3.955411538481712341e-02 6.733267009258270264e-02 7.985143922269344330e-03 9.714520722627639771e-02 5.734956637024879456e-02 1.289343927055597305e-02 6.160572171211242676e-02 1.810516566038131714e-01 1.311657112091779709e-02 1.053424850106239319e-01
4.091858118772506714e-02 5.918492749333381653e-02 5.200165137648582458e-02 1.110036298632621765e-01 1.909122914075851440e-01 1.107239648699760437e-01 2.483549155294895172e-02 7.079288363456726074e-02 2.067789435386657715e-02 4.101518169045448303e-02 7.528180629014968872e-02 0.000000000000000000e+00 3.100611642003059387e-02 1.102072447538375854e-01 1.351656615734100342e-01 6.872086226940155029e-02 1.006264686584472656e-01 1.086534708738327026e-01 7.676848769187927246e-02 1.337611079216003418e-01 4.054360091686248779e-02 3.971571847796440125e-02 7.154405862092971802e-02 4.550176486372947693e-02 1.144949868321418762e-01 7.989634759724140167e-03 8.321692049503326416e-02 2.202447131276130676e-02 1.320612132549285889e-01 6.244897842407226562e-02 1.373980287462472916e-02 2.528866529464721680e-01 8.831117302179336548e-02 1.792031377553939819e-01
9.925055317580699921e-03 2.823061682283878326e-02 2.102944068610668182e-02 1.415226459503173828e-01 1.608583629131317139e-01 7.999247312545776367e-02 6.175380665808916092e-03 3.987428918480873108e-02 1.033484935760498047e-02 7.192982733249664307e-02 4.437927529215812683e-02 3.100611642003059387e-02 0.000000000000000000e+00 7.947269082069396973e-02 1.045979112386703491e-01 3.779527544975280762e-02 6.983824819326400757e-02 7.790982723236083984e-02 4.587155953049659729e-02 1.640866845846176147e-01 7.145988941192626953e-02 8.720341138541698456e-03 4.062806814908981323e-02 1.451612915843725204e-02 8.378631621599197388e-02 2.302218414843082428e-02 5.234587192535400391e-02 5.299440026283264160e-02 1.014705896377563477e-01 3.150386363267898560e-02 1.727367378771305084e-02 2.236340492963790894e-01 5.746239796280860901e-02 1.490250676870346069e-01
6.960253417491912842e-02 5.135729908943176270e-02 5.854108929634094238e-02 2.185374200344085693e-01 8.243957161903381348e-02 5.231037503108382225e-04 8.560606092214584351e-02 3.972428664565086365e-02 8.973383903503417969e-02 1.505419462919235229e-01 3.521762788295745850e-02 1.102072447538375854e-01 7.947269082069396973e-02 0.000000000000000000e+00 2.533582784235477448e-02 4.180298000574111938e-02 9.688215330243110657e-03 1.572601730003952980e-03 3.372407704591751099e-02 2.404241561889648438e-01 1.500802636146545410e-01 7.080142199993133545e-02 3.897045552730560303e-02 6.503158807754516602e-02 4.342539701610803604e-03 1.023076921701431274e-01 2.724014408886432648e-02 1.319115310907363892e-01 2.217673137784004211e-02 4.808922857046127319e-02 9.661373496055603027e-02 1.467698663473129272e-01 2.211126871407032013e-02 7.038598507642745972e-02
9.477124363183975220e-02 7.659346610307693481e-02 8.375269919633865356e-02 2.425303906202316284e-01 5.722326412796974182e-02 2.481305226683616638e-02 1.107017844915390015e-01 6.499470025300979614e-02 1.148086488246917725e-01 1.752095073461532593e-01 6.049947068095207214e-02 1.351656615734100342e-01 1.045979112386703491e-01 2.533582784235477448e-02 0.000000000000000000e+00 6.706777215003967285e-02 3.501544892787933350e-02 2.690735645592212677e-02 5.900948494672775269e-02 2.641509473323822021e-01 1.747516095638275146e-01 9.596510231494903564e-02 6.424285471439361572e-02 9.021876752376556396e-02 2.099559828639030457e-02 1.273135095834732056e-01 5.253970995545387268e-02 1.567235738039016724e-01 3.160871798172593117e-03 7.333570718765258789e-02 1.216517835855484009e-01 1.218872889876365662e-01 4.742053151130676270e-02 4.513064026832580566e-02
2.788067795336246490e-02 9.574875235557556152e-03 1.677917130291461945e-02 1.783638745546340942e-01 1.238158568739891052e-01 4.232515767216682434e-02 4.396039620041847229e-02 2.082150196656584740e-03 4.811133071780204773e-02 1.094276085495948792e-01 6.595063023269176483e-03 6.872086226940155029e-02 3.779527544975280762e-02 4.180298000574111938e-02 6.706777215003967285e-02 0.000000000000000000e+00 3.212777525186538696e-02 4.023302346467971802e-02 8.090310730040073395e-03 2.006376683712005615e-01 1.089608743786811829e-01 2.908452041447162628e-02 2.837147796526551247e-03 2.329192496836185455e-02 4.613714665174484253e-02 6.076458841562271118e-02 1.457943953573703766e-02 9.060819447040557861e-02 6.392045319080352783e-02 6.298912223428487778e-03 5.503302067518234253e-02 1.874229311943054199e-01 1.970992982387542725e-02 1.118598356842994690e-01
5.995475128293037415e-02 4.168982803821563721e-02 4.888059571385383606e-02 2.092923223972320557e-01 9.205426275730133057e-02 1.021126750856637955e-02 7.598086446523666382e-02 3.004763647913932800e-02 8.011527359485626221e-02 1.410594731569290161e-01 2.553812414407730103e-02 1.006264686584472656e-01 6.983824819326400757e-02 9.688215330243110657e-03 3.501544892787933350e-02 3.212777525186538696e-02 0.000000000000000000e+00 8.115737698972225189e-03 2.404371649026870728e-02 2.312746345996856689e-01 1.405964642763137817e-01 6.115515157580375671e-02 2.929329872131347656e-02 5.537826195359230042e-02 1.403016503900289536e-02 9.271136671304702759e-02 1.755656115710735321e-02 1.223797202110290527e-01 3.185810148715972900e-02 3.841891512274742126e-02 8.700696378946304321e-02 1.562359333038330078e-01 1.242571603506803513e-02 8.001963794231414795e-02
6.803738325834274292e-02 4.978872090578079224e-02 5.697373300790786743e-02 2.170394062995910645e-01 8.400128036737442017e-02 2.095703734084963799e-03 8.404477685689926147e-02 3.815406933426856995e-02 8.817368000745773315e-02 1.490046232938766479e-01 3.364688903093338013e-02 1.086534708738327026e-01 7.790982723236083984e-02 1.572601730003952980e-03 2.690735645592212677e-02 4.023302346467971802e-02 8.115737698972225189e-03 0.000000000000000000e+00 3.215317800641059875e-02 2.389418929815292358e-01 1.485427170991897583e-01 6.923652440309524536e-02 3.740014508366584778e-02 6.346547603607177734e-02 5.915100686252117157e-03 1.007513031363487244e-01 2.566864155232906342e-02 1.303659677505493164e-01 2.374850586056709290e-02 4.652014747262001038e-02 9.505558013916015625e-02 1.483082473278045654e-01 2.053938247263431549e-02 7.195062190294265747e-02
3.596287593245506287e-02 1.766381785273551941e-02 2.486610598862171173e-02 1.861855238676071167e-01 1.158415824174880981e-01 3.424657508730888367e-02 5.203220248222351074e-02 6.008261349052190781e-03 5.617977678775787354e-02 1.174139752984046936e-01 1.495327102020382881e-03 7.676848769187927246e-02 4.587155953049659729e-02 3.372407704591751099e-02 5.900948494672775269e-02 8.090310730040073395e-03 2.404371649026870728e-02 3.215317800641059875e-02 0.000000000000000000e+00 2.083897143602371216e-01 1.169480904936790466e-01 3.716608509421348572e-02 5.253283306956291199e-03 3.137632459402084351e-02 3.806104138493537903e-02 6.882106512784957886e-02 6.489894352853298187e-03 9.862620383501052856e-02 5.585902929306030273e-02 1.438848953694105148e-02 6.309524178504943848e-02 1.796049624681472778e-01 1.162147242575883865e-02 1.038635224103927612e-01
1.737288087606430054e-01 1.914305388927459717e-01 1.844795495271682739e-01 2.310047298669815063e-02 3.165887892246246338e-01 2.409169524908065796e-01 1.580714732408523560e-01 2.026351690292358398e-01 1.540130078792572021e-01 9.325755387544631958e-02 2.069588750600814819e-01 1.337611079216003418e-01 1.640866845846176147e-01 2.404241561889648438e-01 2.641509473323822021e-01 2.006376683712005615e-01 2.312746345996856689e-01 2.389418929815292358e-01 2.083897143602371216e-01 0.000000000000000000e+00 9.372579306364059448e-02 1.725601106882095337e-01 2.033590525388717651e-01 1.781784147024154663e-01 2.445114105939865112e-01 1.415994167327880859e-01 2.145893871784210205e-01 1.120667830109596252e-01 2.612081766128540039e-01 1.945846676826477051e-01 1.472303271293640137e-01 3.739967942237854004e-01 2.194796502590179443e-01 3.056379854679107666e-01
8.132725954055786133e-02 9.948979318141937256e-02 9.235054999589920044e-02 7.077856361865997314e-02 2.296781241893768311e-01 1.505915373563766479e-01 6.531332433223724365e-02 1.110178381204605103e-01 6.117021292448043823e-02 4.723665479104965925e-04 1.154729574918746948e-01 4.054360091686248779e-02 7.145988941192626953e-02 1.500802636146545410e-01 1.747516095638275146e-01 1.089608743786811829e-01 1.405964642763137817e-01 1.485427170991897583e-01 1.169480904936790466e-01 9.372579306364059448e-02 0.000000000000000000e+00 8.013029396533966064e-02 1.117634698748588562e-01 8.588692545890808105e-02 1.543222218751907349e-01 4.851752147078514099e-02 1.233443692326545715e-01 1.853568106889724731e-02 1.716855764389038086e-01 1.027324721217155457e-01 5.425318330526351929e-02 2.904522716999053955e-01 1.283950656652450562e-01 2.181616872549057007e-01
1.204819302074611187e-03 1.951508037745952606e-02 1.231135800480842590e-02 1.500578075647354126e-01 1.523517370223999023e-01 7.132188230752944946e-02 1.489491946995258331e-02 3.116478398442268372e-02 1.905347220599651337e-02 8.059960603713989258e-02 3.567274287343025208e-02 3.971571847796440125e-02 8.720341138541698456e-03 7.080142199993133545e-02 9.596510231494903564e-02 2.908452041447162628e-02 6.115515157580375671e-02 6.923652440309524536e-02 3.716608509421348572e-02 1.725601106882095337e-01 8.013029396533966064e-02 0.000000000000000000e+00 3.191903606057167053e-02 5.796521902084350586e-03 7.512086629867553711e-02 3.173615410923957825e-02 4.364545270800590515e-02 6.168623268604278564e-02 9.283239394426345825e-02 2.278978377580642700e-02 2.599009871482849121e-02 2.153336554765701294e-01 4.876649379730224609e-02 1.404872983694076538e-01
3.071539662778377533e-02 1.241168566048145294e-02 1.961538381874561310e-02 1.811093837022781372e-01 1.210212185978889465e-01 3.949275240302085876e-02 4.679170623421669006e-02 7.550019072368741035e-04 5.094152688980102539e-02 1.122299134731292725e-01 3.757985774427652359e-03 7.154405862092971802e-02 4.062806814908981323e-02 3.897045552730560303e-02 6.424285471439361572e-02 2.837147796526551247e-03 2.929329872131347656e-02 3.740014508366584778e-02 5.253283306956291199e-03 2.033590525388717651e-01 1.117634698748588562e-01 3.191903606057167053e-02 0.000000000000000000e+00 2.612734586000442505e-02 4.330566525459289551e-02 6.359077244997024536e-02 1.174277719110250473e-02 9.342132508754730225e-02 6.109438464045524597e-02 9.135896340012550354e-03 5.786113440990447998e-02 1.846839934587478638e-01 1.687372475862503052e-02 1.090572997927665710e-01
4.591735079884529114e-03 1.372011005878448486e-02 6.515301298350095749e-03 1.557188779115676880e-01 1.466847509145736694e-01 6.555245816707611084e-02 2.068965509533882141e-02 2.537284605205059052e-02 2.484725043177604675e-02 8.635578304529190063e-02 2.988239750266075134e-02 4.550176486372947693e-02 1.451612915843725204e-02 6.503158807754516602e-02 9.021876752376556396e-02 2.329192496836185455e-02 5.537826195359230042e-02 6.346547603607177734e-02 3.137632459402084351e-02 1.781784147024154663e-01 8.588692545890808105e-02 5.796521902084350586e-03 2.612734586000442505e-02 0.000000000000000000e+00 6.935454159975051880e-02 3.752577304840087891e-02 3.785850852727890015e-02 6.745863705873489380e-02 8.708272874355316162e-02 1.699550636112689972e-02 3.178183361887931824e-02 2.097989916801452637e-01 4.298212379217147827e-02 1.348005533218383789e-01
7.392273098230361938e-02 5.568742007017135620e-02 6.286764889955520630e-02 2.226686328649520874e-01 7.812500000000000000e-02 3.819444449618458748e-03 8.991517126560211182e-02 4.405922815203666687e-02 9.403973817825317383e-02 1.547833085060119629e-01 3.955411538481712341e-02 1.144949868321418762e-01 8.378631621599197388e-02 4.342539701610803604e-03 2.099559828639030457e-02 4.613714665174484253e-02 1.403016503900289536e-02 5.915100686252117157e-03 3.806104138493537903e-02 2.445114105939865112e-01 1.543222218751907349e-01 7.512086629867553711e-02 4.330566525459289551e-02 6.935454159975051880e-02 0.000000000000000000e+00 1.066028699278831482e-01 3.157894685864448547e-02 1.361760646104812622e-01 1.783590950071811676e-02 5.242082104086875916e-02 1.009139344096183777e-01 1.425181627273559570e-01 2.645126916468143463e-02 6.606364250183105469e-02
3.293971344828605652e-02 5.121951177716255188e-02 4.403030872344970703e-02 1.188878268003463745e-01 1.832021027803421021e-01 1.028252914547920227e-01 1.684919930994510651e-02 6.283878535032272339e-02 1.269035506993532181e-02 4.898876324295997620e-02 6.733267009258270264e-02 7.989634759724140167e-03 2.302218414843082428e-02 1.023076921701431274e-01 1.273135095834732056e-01 6.076458841562271118e-02 9.271136671304702759e-02 1.007513031363487244e-01 6.882106512784957886e-02 1.415994167327880859e-01 4.851752147078514099e-02 3.173615410923957825e-02 6.359077244997024536e-02 3.752577304840087891e-02 1.066028699278831482e-01 0.000000000000000000e+00 7.527733594179153442e-02 3.000882640480995178e-02 1.242026239633560181e-01 5.448653176426887512e-02 5.750798620283603668e-03 2.453928291797637939e-01 8.037824928760528564e-02 1.714590042829513550e-01
4.244286566972732544e-02 2.415094338357448578e-02 3.135094046592712402e-02 1.924428790807723999e-01 1.094339638948440552e-01 2.776285074651241302e-02 5.850233882665634155e-02 1.249766815453767776e-02 6.264682859182357788e-02 1.238095238804817200e-01 7.985143922269344330e-03 8.321692049503326416e-02 5.234587192535400391e-02 2.724014408886432648e-02 5.253970995545387268e-02 1.457943953573703766e-02 1.755656115710735321e-02 2.566864155232906342e-02 6.489894352853298187e-03 2.145893871784210205e-01 1.233443692326545715e-01 4.364545270800590515e-02 1.174277719110250473e-02 3.785850852727890015e-02 3.157894685864448547e-02 7.527733594179153442e-02 0.000000000000000000e+00 1.050488576292991638e-01 4.938704147934913635e-02 2.087643370032310486e-02 6.955665349960327148e-02 1.733170896768569946e-01 5.131965037435293198e-03 9.743931144475936890e-02
6.288637965917587280e-02 8.110368251800537109e-02 7.394143939018249512e-02 8.919722586870193481e-02 2.120451629161834717e-01 1.324255019426345825e-01 4.683434590697288513e-02 9.267286211252212524e-02 4.268292710185050964e-02 1.900788210332393646e-02 9.714520722627639771e-02 2.202447131276130676e-02 5.299440026283264160e-02 1.319115310907363892e-01 1.567235738039016724e-01 9.060819447040557861e-02 1.223797202110290527e-01 1.303659677505493164e-01 9.862620383501052856e-02 1.120667830109596252e-01 1.853568106889724731e-02 6.168623268604278564e-02 9.342132508754730225e-02 6.745863705873489380e-02 1.361760646104812622e-01 3.000882640480995178e-02 1.050488576292991638e-01 0.000000000000000000e+00 1.536388099193572998e-01 8.435742557048797607e-02 3.575345501303672791e-02 2.733884155750274658e-01 1.101214587688446045e-01 2.004365175962448120e-01
9.163782000541687012e-02 7.345037907361984253e-02 8.061316609382629395e-02 2.395531684160232544e-01 6.037321686744689941e-02 2.165387943387031555e-02 1.075785607099533081e-01 6.184653565287590027e-02 1.116883084177970886e-01 1.721439808607101440e-01 5.734956637024879456e-02 1.320612132549285889e-01 1.014705896377563477e-01 2.217673137784004211e-02 3.160871798172593117e-03 6.392045319080352783e-02 3.185810148715972900e-02 2.374850586056709290e-02 5.585902929306030273e-02 2.612081766128540039e-01 1.716855764389038086e-01 9.283239394426345825e-02 6.109438464045524597e-02 8.708272874355316162e-02 1.783590950071811676e-02 1.242026239633560181e-01 4.938704147934913635e-02 1.536388099193572998e-01 0.000000000000000000e+00 7.019110769033432007e-02 1.185364946722984314e-01 1.250000000000000000e-01 4.426629468798637390e-02 4.828462377190589905e-02
2.158555760979652405e-02 3.276161151006817818e-03 1.048136688768863678e-02 1.722584962844848633e-01 1.300133615732192993e-01 4.861111193895339966e-02 3.767191618680953979e-02 8.380952291190624237e-03 4.182509332895278931e-02 1.031998321413993835e-01 1.289343927055597305e-02 6.244897842407226562e-02 3.150386363267898560e-02 4.808922857046127319e-02 7.333570718765258789e-02 6.298912223428487778e-03 3.841891512274742126e-02 4.652014747262001038e-02 1.438848953694105148e-02 1.945846676826477051e-01 1.027324721217155457e-01 2.278978377580642700e-02 9.135896340012550354e-03 1.699550636112689972e-02 5.242082104086875916e-02 5.448653176426887512e-02 2.087643370032310486e-02 8.435742557048797607e-02 7.019110769033432007e-02 0.000000000000000000e+00 4.875100776553153992e-02 1.934934109449386597e-01 2.600561268627643585e-02 1.180755570530891418e-01
2.719406597316265106e-02 4.548211023211479187e-02 3.828920423984527588e-02 1.245534643530845642e-01 1.776384562253952026e-01 9.713193029165267944e-02 1.109947636723518372e-02 5.710862576961517334e-02 6.940063089132308960e-03 5.472414568066596985e-02 6.160572171211242676e-02 1.373980287462472916e-02 1.727367378771305084e-02 9.661373496055603027e-02 1.216517835855484009e-01 5.503302067518234253e-02 8.700696378946304321e-02 9.505558013916015625e-02 6.309524178504943848e-02 1.472303271293640137e-01 5.425318330526351929e-02 2.599009871482849121e-02 5.786113440990447998e-02 3.178183361887931824e-02 1.009139344096183777e-01 5.750798620283603668e-03 6.955665349960327148e-02 3.575345501303672791e-02 1.185364946722984314e-01 4.875100776553153992e-02 0.000000000000000000e+00 2.399806827306747437e-01 7.466196268796920776e-02 1.658717542886734009e-01
2.141844034194946289e-01 1.966449171304702759e-01 2.035619467496871948e-01 3.539543151855468750e-01 6.511820852756500244e-02 1.462579965591430664e-01 2.294925004243850708e-01 1.854131370782852173e-01 2.334294021129608154e-01 2.908847332000732422e-01 1.810516566038131714e-01 2.528866529464721680e-01 2.236340492963790894e-01 1.467698663473129272e-01 1.218872889876365662e-01 1.874229311943054199e-01 1.562359333038330078e-01 1.483082473278045654e-01 1.796049624681472778e-01 3.739967942237854004e-01 2.904522716999053955e-01 2.153336554765701294e-01 1.846839934587478638e-01 2.097989916801452637e-01 1.425181627273559570e-01 2.453928291797637939e-01 1.733170896768569946e-01 2.733884155750274658e-01 1.250000000000000000e-01 1.934934109449386597e-01 2.399806827306747437e-01 0.000000000000000000e+00 1.683348566293716431e-01 7.718120515346527100e-02
4.756446927785873413e-02 2.927927859127521515e-02 3.647703677415847778e-02 1.973799169063568115e-01 1.043606102466583252e-01 2.263411134481430054e-02 6.361520290374755859e-02 1.762850210070610046e-02 6.775701045989990234e-02 1.288596093654632568e-01 1.311657112091779709e-02 8.831117302179336548e-02 5.746239796280860901e-02 2.211126871407032013e-02 4.742053151130676270e-02 1.970992982387542725e-02 1.242571603506803513e-02 2.053938247263431549e-02 1.162147242575883865e-02 2.194796502590179443e-01 1.283950656652450562e-01 4.876649379730224609e-02 1.687372475862503052e-02 4.298212379217147827e-02 2.645126916468143463e-02 8.037824928760528564e-02 5.131965037435293198e-03 1.101214587688446045e-01 4.426629468798637390e-02 2.600561268627643585e-02 7.466196268796920776e-02 1.683348566293716431e-01 0.000000000000000000e+00 9.235352277755737305e-02
1.393060535192489624e-01 1.213047876954078674e-01 1.283980160951614380e-01 2.845465242862701416e-01 1.212393399327993393e-02 6.986545771360397339e-02 1.550577580928802490e-01 1.098032593727111816e-01 1.591148525476455688e-01 2.186115235090255737e-01 1.053424850106239319e-01 1.792031377553939819e-01 1.490250676870346069e-01 7.038598507642745972e-02 4.513064026832580566e-02 1.118598356842994690e-01 8.001963794231414795e-02 7.195062190294265747e-02 1.038635224103927612e-01 3.056379854679107666e-01 2.181616872549057007e-01 1.404872983694076538e-01 1.090572997927665710e-01 1.348005533218383789e-01 6.606364250183105469e-02 1.714590042829513550e-01 9.743931144475936890e-02 2.004365175962448120e-01 4.828462377190589905e-02 1.180755570530891418e-01 1.658717542886734009e-01 7.718120515346527100e-02 9.235352277755737305e-02 0.000000000000000000e+00
