0.000000000000000000e+00 1.406187266111373901e-01 1.012412756681442261e-01 2.011846899986267090e-01 1.139201000332832336e-01 1.938958652317523956e-02 7.476812601089477539e-02 2.862318791449069977e-02 1.225780919194221497e-01 1.342389136552810669e-01 3.613138571381568909e-02 1.261404156684875488e-01 6.071361899375915527e-02 1.337966974824666977e-02 1.679653674364089966e-02 1.012412756681442261e-01 3.462099283933639526e-02 8.920007944107055664e-02 8.669856190681457520e-02 2.319375127553939819e-01 2.080851048231124878e-01 1.205841749906539917e-01 6.230121478438377380e-02 1.096345484256744385e-01 1.934369653463363647e-02 1.406187266111373901e-01 8.836495876312255859e-02 1.809484213590621948e-01 1.917429640889167786e-02 9.613899886608123779e-02 4.798818752169609070e-02 9.844394773244857788e-02 9.613899886608123779e-02 9.958769381046295166e-02
1.406187266111373901e-01 0.000000000000000000e+00 3.994613885879516602e-02 6.232927739620208740e-02 2.505255639553070068e-01 1.215605735778808594e-01 6.655029207468032837e-02 1.124481335282325745e-01 1.835704408586025238e-02 6.502554751932621002e-03 1.050209179520606995e-01 1.473975088447332382e-02 8.059316873550415039e-02 1.537092030048370361e-01 1.570443361997604370e-01 3.994613885879516602e-02 1.065162941813468933e-01 5.207179114222526550e-02 5.458563566207885742e-02 9.439754486083984375e-02 6.949999928474426270e-02 2.038012444972991943e-02 7.900968939065933228e-02 3.146932274103164673e-02 1.595284938812255859e-01 0.000000000000000000e+00 5.291122570633888245e-02 4.138266667723655701e-02 1.593633294105529785e-01 4.508928582072257996e-02 9.325985610485076904e-02 2.357984930276870728e-01 4.508928582072257996e-02 2.368890494108200073e-01
1.012412756681442261e-01 3.994613885879516602e-02 0.000000000000000000e+00 1.020214036107063293e-01 2.127081155776977539e-01 8.201267570257186890e-02 2.667506784200668335e-02 7.282913476228713989e-02 2.160493843257427216e-02 3.345227614045143127e-02 6.534893065690994263e-02 2.522123977541923523e-02 4.077830538153648376e-02 1.144658923149108887e-01 1.178374290466308594e-01 0.000000000000000000e+00 6.685461103916168213e-02 1.215092744678258896e-02 1.467148587107658386e-02 1.338389962911605835e-01 1.091431304812431335e-01 1.958195865154266357e-02 3.918722644448280334e-02 8.487486280500888824e-03 1.203492805361747742e-01 3.994613885879516602e-02 1.299254503101110458e-02 8.119458705186843872e-02 1.201822683215141296e-01 5.152425728738307953e-03 5.351307243108749390e-02 1.977146863937377930e-01 5.152425728738307953e-03 1.988243460655212402e-01
2.011846899986267090e-01 6.232927739620208740e-02 1.020214036107063293e-01 0.000000000000000000e+00 3.080447018146514893e-01 1.825070381164550781e-01 1.283471882343292236e-01 1.735609471797943115e-01 8.059410750865936279e-02 6.880394369363784790e-02 1.662618666887283325e-01 7.699828594923019409e-02 1.422080844640731812e-01 2.139883488416671753e-01 2.172470986843109131e-01 1.020214036107063293e-01 1.677319854497909546e-01 1.140309721231460571e-01 1.165184825658798218e-01 3.225806355476379395e-02 7.201920729130506516e-03 8.260446786880493164e-02 1.406463384628295898e-01 9.361498057842254639e-02 2.196734845638275146e-01 6.232927739620208740e-02 1.148616969585418701e-01 2.100077830255031586e-02 2.195121943950653076e-01 1.071175187826156616e-01 1.546899527311325073e-01 2.938096225261688232e-01 1.071175187826156616e-01 2.948646247386932373e-01
1.139201000332832336e-01 2.505255639553070068e-01 2.127081155776977539e-01 3.080447018146514893e-01 0.000000000000000000e+00 1.330158710479736328e-01 1.870946288108825684e-01 1.420799940824508667e-01 2.332411855459213257e-01 2.444211989641189575e-01 1.494363993406295776e-01 2.366597354412078857e-01 1.734341681003570557e-01 1.006939113140106201e-01 9.730976074934005737e-02 2.127081155776977539e-01 1.479575484991073608e-01 2.010768949985504150e-01 1.986565887928009033e-01 3.369544744491577148e-01 3.145487904548645020e-01 2.313265502452850342e-01 1.749794185161590576e-01 2.207969874143600464e-01 9.478527307510375977e-02 2.505255639553070068e-01 2.002690434455871582e-01 2.889129519462585449e-01 9.495321661233901978e-02 2.077834159135818481e-01 1.610279828310012817e-01 1.565167866647243500e-02 2.077834159135818481e-01 1.449687313288450241e-02
1.938958652317523956e-02 1.215605735778808594e-01 8.201267570257186890e-02 1.825070381164550781e-01 1.330158710479736328e-01 0.000000000000000000e+00 5.545893684029579163e-02 9.238728322088718414e-03 1.034343466162681580e-01 1.151490435004234314e-01 1.675353758037090302e-02 1.070125624537467957e-01 4.137273505330085754e-02 3.276075795292854309e-02 3.617434203624725342e-02 8.201267570257186890e-02 1.524163596332073212e-02 6.993144005537033081e-02 6.742231547832489014e-02 2.135081142187118530e-01 1.894599348306655884e-01 1.014317423105239868e-01 4.296352714300155640e-02 9.043721109628677368e-02 3.871876001358032227e-02 1.215605735778808594e-01 6.909375637769699097e-02 1.621276587247848511e-01 3.854954987764358521e-02 7.689274102449417114e-02 2.862523496150970459e-02 1.176090463995933533e-01 7.689274102449417114e-02 1.187479868531227112e-01
7.476812601089477539e-02 6.655029207468032837e-02 2.667506784200668335e-02 1.283471882343292236e-01 1.870946288108825684e-01 5.545893684029579163e-02 0.000000000000000000e+00 4.624390229582786560e-02 4.825219884514808655e-02 6.007373705506324768e-02 3.874139487743377686e-02 5.186141654849052429e-02 1.411859598010778427e-02 8.805970102548599243e-02 9.144981205463409424e-02 2.667506784200668335e-02 4.025132581591606140e-02 1.452885009348392487e-02 1.200828142464160919e-02 1.599430441856384277e-01 1.354239284992218018e-01 4.623287543654441833e-02 1.252525206655263901e-02 3.515459597110748291e-02 9.397590160369873047e-02 6.655029207468032837e-02 1.368726696819067001e-02 1.076365262269973755e-01 9.380793571472167969e-02 2.152560092508792877e-02 2.687636949121952057e-02 1.719464659690856934e-01 2.152560092508792877e-02 1.730671674013137817e-01
2.862318791449069977e-02 1.124481335282325745e-01 7.282913476228713989e-02 1.735609471797943115e-01 1.420799940824508667e-01 9.238728322088718414e-03 4.624390229582786560e-02 0.000000000000000000e+00 9.428571164608001709e-02 1.060231029987335205e-01 7.515971548855304718e-03 9.787059575319290161e-02 3.214629366993904114e-02 4.198677837848663330e-02 4.539790004491806030e-02 7.282913476228713989e-02 6.003752350807189941e-03 6.073194742202758789e-02 5.821985378861427307e-02 2.046731114387512207e-01 1.805372089147567749e-01 9.227948635816574097e-02 3.373819217085838318e-02 8.126638084650039673e-02 4.794033989310264587e-02 1.124481335282325745e-01 5.989325791597366333e-02 1.531182825565338135e-01 4.777126759290695190e-02 6.770210713148117065e-02 1.939163543283939362e-02 1.267101019620895386e-01 6.770210713148117065e-02 1.278464496135711670e-01
1.225780919194221497e-01 1.835704408586025238e-02 2.160493843257427216e-02 8.059410750865936279e-02 2.332411855459213257e-01 1.034343466162681580e-01 4.825219884514808655e-02 9.428571164608001709e-02 0.000000000000000000e+00 1.185590494424104691e-02 8.683127909898757935e-02 3.618272254243493080e-03 6.232833117246627808e-02 1.357351541519165039e-01 1.390882581472396851e-01 2.160493843257427216e-02 8.833196014165878296e-02 3.374700620770454407e-02 3.626492992043495178e-02 1.125595420598983765e-01 8.774510025978088379e-02 2.023836364969611168e-03 6.074073910713195801e-02 1.311985775828361511e-02 1.415860801935195923e-01 1.835704408586025238e-02 3.458777442574501038e-02 5.969436466693878174e-02 1.414200067520141602e-01 2.675438672304153442e-02 7.503126561641693115e-02 2.183867543935775757e-01 2.675438672304153442e-02 2.194864600896835327e-01
1.342389136552810669e-01 6.502554751932621002e-03 3.345227614045143127e-02 6.880394369363784790e-02 2.444211989641189575e-01 1.151490435004234314e-01 6.007373705506324768e-02 1.060231029987335205e-01 1.185590494424104691e-02 0.000000000000000000e+00 9.858568757772445679e-02 8.237985894083976746e-03 7.412946224212646484e-02 1.473539322614669800e-01 1.506956666707992554e-01 3.345227614045143127e-02 1.000830531120300293e-01 4.558467119932174683e-02 4.810015484690666199e-02 1.008381992578506470e-01 7.596822082996368408e-02 1.387940812855958939e-02 7.254440337419509888e-02 2.497187815606594086e-02 1.531848311424255371e-01 6.502554751932621002e-03 4.642464220523834229e-02 4.787234216928482056e-02 1.530193537473678589e-01 3.859804943203926086e-02 8.680994808673858643e-02 2.296480685472488403e-01 3.859804943203926086e-02 2.307419180870056152e-01
3.613138571381568909e-02 1.050209179520606995e-01 6.534893065690994263e-02 1.662618666887283325e-01 1.494363993406295776e-01 1.675353758037090302e-02 3.874139487743377686e-02 7.515971548855304718e-03 8.683127909898757935e-02 9.858568757772445679e-02 0.000000000000000000e+00 9.042114019393920898e-02 2.463627606630325317e-02 4.948713257908821106e-02 5.289582163095474243e-02 6.534893065690994263e-02 1.512287301011383533e-03 5.324028059840202332e-02 5.072607845067977905e-02 1.974608898162841797e-01 1.732563376426696777e-01 8.482234179973602295e-02 2.622887119650840759e-02 7.379548996686935425e-02 5.543633922934532166e-02 1.050209179520606995e-01 5.240087583661079407e-02 1.457700580358505249e-01 5.526739358901977539e-02 6.021678075194358826e-02 1.187739428132772446e-02 1.340983659029006958e-01 6.021678075194358826e-02 1.352324783802032471e-01
1.261404156684875488e-01 1.473975088447332382e-02 2.522123977541923523e-02 7.699828594923019409e-02 2.366597354412078857e-01 1.070125624537467957e-01 5.186141654849052429e-02 9.787059575319290161e-02 3.618272254243493080e-03 8.237985894083976746e-03 9.042114019393920898e-02 0.000000000000000000e+00 6.593173742294311523e-02 1.392850130796432495e-01 1.426347494125366211e-01 2.522123977541923523e-02 9.192086011171340942e-02 3.736071661114692688e-02 3.987796977162361145e-02 1.089856550097465515e-01 8.415354043245315552e-02 5.642067175358533859e-03 6.434486806392669678e-02 1.673733629286289215e-02 1.451299935579299927e-01 1.473975088447332382e-02 3.820126503705978394e-02 5.608820542693138123e-02 1.449640989303588867e-01 3.036971762776374817e-02 7.862818986177444458e-02 2.218297421932220459e-01 3.036971762776374817e-02 2.229276895523071289e-01
6.071361899375915527e-02 8.059316873550415039e-02 4.077830538153648376e-02 1.422080844640731812e-01 1.734341681003570557e-01 4.137273505330085754e-02 1.411859598010778427e-02 3.214629366993904114e-02 6.232833117246627808e-02 7.412946224212646484e-02 2.463627606630325317e-02 6.593173742294311523e-02 0.000000000000000000e+00 7.403314858675003052e-02 7.743119448423385620e-02 4.077830538153648376e-02 2.614758908748626709e-02 2.864157035946846008e-02 2.612244896590709686e-02 1.736694723367691040e-01 1.492571383714675903e-01 6.031210348010063171e-02 1.593625522218644619e-03 4.924874752759933472e-02 7.996340095996856689e-02 8.059316873550415039e-02 2.780049107968807220e-02 1.215703785419464111e-01 7.979502528905868530e-02 3.563336655497550964e-02 1.276261545717716217e-02 1.582119464874267578e-01 3.563336655497550964e-02 1.593379080295562744e-01
1.337966974824666977e-02 1.537092030048370361e-01 1.144658923149108887e-01 2.139883488416671753e-01 1.006939113140106201e-01 3.276075795292854309e-02 8.805970102548599243e-02 4.198677837848663330e-02 1.357351541519165039e-01 1.473539322614669800e-01 4.948713257908821106e-02 1.392850130796432495e-01 7.403314858675003052e-02 0.000000000000000000e+00 3.417635103687644005e-03 1.144658923149108887e-01 4.797843843698501587e-02 1.024574637413024902e-01 9.996227920055389404e-02 2.445582598447799683e-01 2.208499014377593994e-01 1.337480545043945312e-01 7.561784982681274414e-02 1.228340417146682739e-01 5.965569987893104553e-03 1.537092030048370361e-01 1.016244813799858093e-01 1.938587576150894165e-01 5.796113051474094391e-03 1.093779727816581726e-01 6.132848188281059265e-02 8.517646789550781250e-02 1.093779727816581726e-01 8.632304519414901733e-02
1.679653674364089966e-02 1.570443361997604370e-01 1.178374290466308594e-01 2.172470986843109131e-01 9.730976074934005737e-02 3.617434203624725342e-02 9.144981205463409424e-02 4.539790004491806030e-02 1.390882581472396851e-01 1.506956666707992554e-01 5.289582163095474243e-02 1.426347494125366211e-01 7.743119448423385620e-02 3.417635103687644005e-03 0.000000000000000000e+00 1.178374290466308594e-01 5.138764530420303345e-02 1.058380380272865295e-01 1.033446043729782104e-01 2.477688044309616089e-01 2.240983992815017700e-01 1.371030211448669434e-01 7.901506870985031128e-02 1.261986941099166870e-01 2.547987038269639015e-03 1.570443361997604370e-01 1.050056442618370056e-01 1.971457749605178833e-01 2.378525212407112122e-03 1.127534583210945129e-01 6.473254412412643433e-02 8.178263902664184570e-02 1.127534583210945129e-01 8.292987942695617676e-02
1.012412756681442261e-01 3.994613885879516602e-02 0.000000000000000000e+00 1.020214036107063293e-01 2.127081155776977539e-01 8.201267570257186890e-02 2.667506784200668335e-02 7.282913476228713989e-02 2.160493843257427216e-02 3.345227614045143127e-02 6.534893065690994263e-02 2.522123977541923523e-02 4.077830538153648376e-02 1.144658923149108887e-01 1.178374290466308594e-01 0.000000000000000000e+00 6.685461103916168213e-02 1.215092744678258896e-02 1.467148587107658386e-02 1.338389962911605835e-01 1.091431304812431335e-01 1.958195865154266357e-02 3.918722644448280334e-02 8.487486280500888824e-03 1.203492805361747742e-01 3.994613885879516602e-02 1.299254503101110458e-02 8.119458705186843872e-02 1.201822683215141296e-01 5.152425728738307953e-03 5.351307243108749390e-02 1.977146863937377930e-01 5.152425728738307953e-03 1.988243460655212402e-01
3.462099283933639526e-02 1.065162941813468933e-01 6.685461103916168213e-02 1.677319854497909546e-01 1.479575484991073608e-01 1.524163596332073212e-02 4.025132581591606140e-02 6.003752350807189941e-03 8.833196014165878296e-02 1.000830531120300293e-01 1.512287301011383533e-03 9.192086011171340942e-02 2.614758908748626709e-02 4.797843843698501587e-02 5.138764530420303345e-02 6.685461103916168213e-02 0.000000000000000000e+00 5.474815890192985535e-02 5.223435908555984497e-02 1.989137828350067139e-01 1.747228354215621948e-01 8.632355928421020508e-02 2.774005755782127380e-02 7.529936730861663818e-02 5.392857268452644348e-02 1.065162941813468933e-01 5.390889197587966919e-02 1.472498923540115356e-01 5.375960096716880798e-02 6.172344833612442017e-02 1.338944118469953537e-02 1.326129734516143799e-01 6.172344833612442017e-02 1.337475478649139404e-01
8.920007944107055664e-02 5.207179114222526550e-02 1.215092744678258896e-02 1.140309721231460571e-01 2.010768949985504150e-01 6.993144005537033081e-02 1.452885009348392487e-02 6.073194742202758789e-02 3.374700620770454407e-02 4.558467119932174683e-02 5.324028059840202332e-02 3.736071661114692688e-02 2.864157035946846008e-02 1.024574637413024902e-01 1.058380380272865295e-01 1.215092744678258896e-02 5.474815890192985535e-02 0.000000000000000000e+00 2.521008485928177834e-03 1.457528918981552124e-01 1.211334094405174255e-01 3.172533586621284485e-02 2.704918012022972107e-02 2.063628472387790680e-02 1.083568111062049866e-01 5.207179114222526550e-02 8.417508215643465519e-04 9.325350821018218994e-02 1.081893295049667358e-01 6.998939439654350281e-03 4.138905555009841919e-02 1.860106289386749268e-01 6.998939439654350281e-03 1.871254891157150269e-01
8.669856190681457520e-02 5.458563566207885742e-02 1.467148587107658386e-02 1.165184825658798218e-01 1.986565887928009033e-01 6.742231547832489014e-02 1.200828142464160919e-02 5.821985378861427307e-02 3.626492992043495178e-02 4.810015484690666199e-02 5.072607845067977905e-02 3.987796977162361145e-02 2.612244896590709686e-02 9.996227920055389404e-02 1.033446043729782104e-01 1.467148587107658386e-02 5.223435908555984497e-02 2.521008485928177834e-03 0.000000000000000000e+00 1.482194364070892334e-01 1.236166730523109436e-01 3.424360603094100952e-02 2.452984452247619629e-02 2.315608970820903778e-02 1.058647185564041138e-01 5.458563566207885742e-02 1.679261098615825176e-03 9.575200825929641724e-02 1.056971549987792969e-01 9.519780054688453674e-03 3.887210413813591003e-02 1.835757046937942505e-01 9.519780054688453674e-03 1.846916079521179199e-01
2.319375127553939819e-01 9.439754486083984375e-02 1.338389962911605835e-01 3.225806355476379395e-02 3.369544744491577148e-01 2.135081142187118530e-01 1.599430441856384277e-01 2.046731114387512207e-01 1.125595420598983765e-01 1.008381992578506470e-01 1.974608898162841797e-01 1.089856550097465515e-01 1.736694723367691040e-01 2.445582598447799683e-01 2.477688044309616089e-01 1.338389962911605835e-01 1.989137828350067139e-01 1.457528918981552124e-01 1.482194364070892334e-01 0.000000000000000000e+00 2.506196685135364532e-02 1.145572811365127563e-01 1.721234768629074097e-01 1.254940778017044067e-01 2.501588761806488037e-01 9.439754486083984375e-02 1.465766578912734985e-01 5.322278663516044617e-02 2.500000000000000000e-01 1.388956457376480103e-01 1.860197782516479492e-01 3.230063021183013916e-01 1.388956457376480103e-01 3.240404725074768066e-01
2.080851048231124878e-01 6.949999928474426270e-02 1.091431304812431335e-01 7.201920729130506516e-03 3.145487904548645020e-01 1.894599348306655884e-01 1.354239284992218018e-01 1.805372089147567749e-01 8.774510025978088379e-02 7.596822082996368408e-02 1.732563376426696777e-01 8.415354043245315552e-02 1.492571383714675903e-01 2.208499014377593994e-01 2.240983992815017700e-01 1.091431304812431335e-01 1.747228354215621948e-01 1.211334094405174255e-01 1.236166730523109436e-01 2.506196685135364532e-02 0.000000000000000000e+00 8.975299447774887085e-02 1.476986557245254517e-01 1.007489711046218872e-01 2.265170365571975708e-01 6.949999928474426270e-02 1.219627261161804199e-01 2.819843403995037079e-02 2.263562679290771484e-01 1.142313182353973389e-01 1.617117077112197876e-01 3.003759384155273438e-01 1.142313182353973389e-01 3.014264404773712158e-01
1.205841749906539917e-01 2.038012444972991943e-02 1.958195865154266357e-02 8.260446786880493164e-02 2.313265502452850342e-01 1.014317423105239868e-01 4.623287543654441833e-02 9.227948635816574097e-02 2.023836364969611168e-03 1.387940812855958939e-02 8.482234179973602295e-02 5.642067175358533859e-03 6.031210348010063171e-02 1.337480545043945312e-01 1.371030211448669434e-01 1.958195865154266357e-02 8.632355928421020508e-02 3.172533586621284485e-02 3.424360603094100952e-02 1.145572811365127563e-01 8.975299447774887085e-02 0.000000000000000000e+00 5.872412398457527161e-02 1.109631638973951340e-02 1.396022439002990723e-01 2.038012444972991943e-02 3.256621956825256348e-02 6.171074509620666504e-02 1.394360810518264771e-01 2.473188936710357666e-02 7.301851361989974976e-02 2.164585888385772705e-01 2.473188936710357666e-02 2.175592631101608276e-01
6.230121478438377380e-02 7.900968939065933228e-02 3.918722644448280334e-02 1.406463384628295898e-01 1.749794185161590576e-01 4.296352714300155640e-02 1.252525206655263901e-02 3.373819217085838318e-02 6.074073910713195801e-02 7.254440337419509888e-02 2.622887119650840759e-02 6.434486806392669678e-02 1.593625522218644619e-03 7.561784982681274414e-02 7.901506870985031128e-02 3.918722644448280334e-02 2.774005755782127380e-02 2.704918012022972107e-02 2.452984452247619629e-02 1.721234768629074097e-01 1.476986557245254517e-01 5.872412398457527161e-02 0.000000000000000000e+00 4.765886440873146057e-02 8.154663443565368652e-02 7.900968939065933228e-02 2.620802633464336395e-02 1.199999973177909851e-01 8.137829601764678955e-02 3.404167667031288147e-02 1.435594912618398666e-02 1.597653031349182129e-01 3.404167667031288147e-02 1.608906686305999756e-01
1.096345484256744385e-01 3.146932274103164673e-02 8.487486280500888824e-03 9.361498057842254639e-02 2.207969874143600464e-01 9.043721109628677368e-02 3.515459597110748291e-02 8.126638084650039673e-02 1.311985775828361511e-02 2.497187815606594086e-02 7.379548996686935425e-02 1.673733629286289215e-02 4.924874752759933472e-02 1.228340417146682739e-01 1.261986941099166870e-01 8.487486280500888824e-03 7.529936730861663818e-02 2.063628472387790680e-02 2.315608970820903778e-02 1.254940778017044067e-01 1.007489711046218872e-01 1.109631638973951340e-02 4.765886440873146057e-02 0.000000000000000000e+00 1.287052929401397705e-01 3.146932274103164673e-02 2.147766388952732086e-02 7.275724411010742188e-02 1.285386383533477783e-01 1.363931596279144287e-02 6.197240948677062988e-02 2.058567255735397339e-01 1.363931596279144287e-02 2.069625705480575562e-01
1.934369653463363647e-02 1.595284938812255859e-01 1.203492805361747742e-01 2.196734845638275146e-01 9.478527307510375977e-02 3.871876001358032227e-02 9.397590160369873047e-02 4.794033989310264587e-02 1.415860801935195923e-01 1.531848311424255371e-01 5.543633922934532166e-02 1.451299935579299927e-01 7.996340095996856689e-02 5.965569987893104553e-03 2.547987038269639015e-03 1.203492805361747742e-01 5.392857268452644348e-02 1.083568111062049866e-01 1.058647185564041138e-01 2.501588761806488037e-01 2.265170365571975708e-01 1.396022439002990723e-01 8.154663443565368652e-02 1.287052929401397705e-01 0.000000000000000000e+00 1.595284938812255859e-01 1.075248643755912781e-01 1.995934993028640747e-01 1.694628008408471942e-04 1.152683272957801819e-01 6.726943701505661011e-02 7.925117015838623047e-02 1.152683272957801819e-01 8.039887994527816772e-02
1.406187266111373901e-01 0.000000000000000000e+00 3.994613885879516602e-02 6.232927739620208740e-02 2.505255639553070068e-01 1.215605735778808594e-01 6.655029207468032837e-02 1.124481335282325745e-01 1.835704408586025238e-02 6.502554751932621002e-03 1.050209179520606995e-01 1.473975088447332382e-02 8.059316873550415039e-02 1.537092030048370361e-01 1.570443361997604370e-01 3.994613885879516602e-02 1.065162941813468933e-01 5.207179114222526550e-02 5.458563566207885742e-02 9.439754486083984375e-02 6.949999928474426270e-02 2.038012444972991943e-02 7.900968939065933228e-02 3.146932274103164673e-02 1.595284938812255859e-01 0.000000000000000000e+00 5.291122570633888245e-02 4.138266667723655701e-02 1.593633294105529785e-01 4.508928582072257996e-02 9.325985610485076904e-02 2.357984930276870728e-01 4.508928582072257996e-02 2.368890494108200073e-01
8.836495876312255859e-02 5.291122570633888245e-02 1.299254503101110458e-02 1.148616969585418701e-01 2.002690434455871582e-01 6.909375637769699097e-02 1.368726696819067001e-02 5.989325791597366333e-02 3.458777442574501038e-02 4.642464220523834229e-02 5.240087583661079407e-02 3.820126503705978394e-02 2.780049107968807220e-02 1.016244813799858093e-01 1.050056442618370056e-01 1.299254503101110458e-02 5.390889197587966919e-02 8.417508215643465519e-04 1.679261098615825176e-03 1.465766578912734985e-01 1.219627261161804199e-01 3.256621956825256348e-02 2.620802633464336395e-02 2.147766388952732086e-02 1.075248643755912781e-01 5.291122570633888245e-02 0.000000000000000000e+00 9.408787637948989868e-02 1.073573604226112366e-01 7.840644568204879761e-03 4.054871946573257446e-02 1.851978749036788940e-01 7.840644568204879761e-03 1.863130927085876465e-01
1.809484213590621948e-01 4.138266667723655701e-02 8.119458705186843872e-02 2.100077830255031586e-02 2.889129519462585449e-01 1.621276587247848511e-01 1.076365262269973755e-01 1.531182825565338135e-01 5.969436466693878174e-02 4.787234216928482056e-02 1.457700580358505249e-01 5.608820542693138123e-02 1.215703785419464111e-01 1.938587576150894165e-01 1.971457749605178833e-01 8.119458705186843872e-02 1.472498923540115356e-01 9.325350821018218994e-02 9.575200825929641724e-02 5.322278663516044617e-02 2.819843403995037079e-02 6.171074509620666504e-02 1.199999973177909851e-01 7.275724411010742188e-02 1.995934993028640747e-01 4.138266667723655701e-02 9.408787637948989868e-02 0.000000000000000000e+00 1.994307786226272583e-01 8.631090819835662842e-02 1.341248899698257446e-01 2.745025753974914551e-01 8.631090819835662842e-02 2.755702733993530273e-01
1.917429640889167786e-02 1.593633294105529785e-01 1.201822683215141296e-01 2.195121943950653076e-01 9.495321661233901978e-02 3.854954987764358521e-02 9.380793571472167969e-02 4.777126759290695190e-02 1.414200067520141602e-01 1.530193537473678589e-01 5.526739358901977539e-02 1.449640989303588867e-01 7.979502528905868530e-02 5.796113051474094391e-03 2.378525212407112122e-03 1.201822683215141296e-01 5.375960096716880798e-02 1.081893295049667358e-01 1.056971549987792969e-01 2.500000000000000000e-01 2.263562679290771484e-01 1.394360810518264771e-01 8.137829601764678955e-02 1.285386383533477783e-01 1.694628008408471942e-04 1.593633294105529785e-01 1.073573604226112366e-01 1.994307786226272583e-01 0.000000000000000000e+00 1.151011139154434204e-01 6.710074096918106079e-02 7.941956818103790283e-02 1.151011139154434204e-01 8.056724071502685547e-02
9.613899886608123779e-02 4.508928582072257996e-02 5.152425728738307953e-03 1.071175187826156616e-01 2.077834159135818481e-01 7.689274102449417114e-02 2.152560092508792877e-02 6.770210713148117065e-02 2.675438672304153442e-02 3.859804943203926086e-02 6.021678075194358826e-02 3.036971762776374817e-02 3.563336655497550964e-02 1.093779727816581726e-01 1.127534583210945129e-01 5.152425728738307953e-03 6.172344833612442017e-02 6.998939439654350281e-03 9.519780054688453674e-03 1.388956457376480103e-01 1.142313182353973389e-01 2.473188936710357666e-02 3.404167667031288147e-02 1.363931596279144287e-02 1.152683272957801819e-01 4.508928582072257996e-02 7.840644568204879761e-03 8.631090819835662842e-02 1.151011139154434204e-01 0.000000000000000000e+00 4.837398231029510498e-02 1.927586197853088379e-01 0.000000000000000000e+00 1.938705295324325562e-01
4.798818752169609070e-02 9.325985610485076904e-02 5.351307243108749390e-02 1.546899527311325073e-01 1.610279828310012817e-01 2.862523496150970459e-02 2.687636949121952057e-02 1.939163543283939362e-02 7.503126561641693115e-02 8.680994808673858643e-02 1.187739428132772446e-02 7.862818986177444458e-02 1.276261545717716217e-02 6.132848188281059265e-02 6.473254412412643433e-02 5.351307243108749390e-02 1.338944118469953537e-02 4.138905555009841919e-02 3.887210413813591003e-02 1.860197782516479492e-01 1.617117077112197876e-01 7.301851361989974976e-02 1.435594912618398666e-02 6.197240948677062988e-02 6.726943701505661011e-02 9.325985610485076904e-02 4.054871946573257446e-02 1.341248899698257446e-01 6.710074096918106079e-02 4.837398231029510498e-02 0.000000000000000000e+00 1.457436233758926392e-01 4.837398231029510498e-02 1.468739658594131470e-01
9.844394773244857788e-02 2.357984930276870728e-01 1.977146863937377930e-01 2.938096225261688232e-01 1.565167866647243500e-02 1.176090463995933533e-01 1.719464659690856934e-01 1.267101019620895386e-01 2.183867543935775757e-01 2.296480685472488403e-01 1.340983659029006958e-01 2.218297421932220459e-01 1.582119464874267578e-01 8.517646789550781250e-02 8.178263902664184570e-02 1.977146863937377930e-01 1.326129734516143799e-01 1.860106289386749268e-01 1.835757046937942505e-01 3.230063021183013916e-01 3.003759384155273438e-01 2.164585888385772705e-01 1.597653031349182129e-01 2.058567255735397339e-01 7.925117015838623047e-02 2.357984930276870728e-01 1.851978749036788940e-01 2.745025753974914551e-01 7.941956818103790283e-02 1.927586197853088379e-01 1.457436233758926392e-01 0.000000000000000000e+00 1.927586197853088379e-01 1.155067817308008671e-03
9.613899886608123779e-02 4.508928582072257996e-02 5.152425728738307953e-03 1.071175187826156616e-01 2.077834159135818481e-01 7.689274102449417114e-02 2.152560092508792877e-02 6.770210713148117065e-02 2.675438672304153442e-02 3.859804943203926086e-02 6.021678075194358826e-02 3.036971762776374817e-02 3.563336655497550964e-02 1.093779727816581726e-01 1.127534583210945129e-01 5.152425728738307953e-03 6.172344833612442017e-02 6.998939439654350281e-03 9.519780054688453674e-03 1.388956457376480103e-01 1.142313182353973389e-01 2.473188936710357666e-02 3.404167667031288147e-02 1.363931596279144287e-02 1.152683272957801819e-01 4.508928582072257996e-02 7.840644568204879761e-03 8.631090819835662842e-02 1.151011139154434204e-01 0.000000000000000000e+00 4.837398231029510498e-02 1.927586197853088379e-01 0.000000000000000000e+00 1.938705295324325562e-01
9.958769381046295166e-02 2.368890494108200073e-01 1.988243460655212402e-01 2.948646247386932373e-01 1.449687313288450241e-02 1.187479868531227112e-01 1.730671674013137817e-01 1.278464496135711670e-01 2.194864600896835327e-01 2.307419180870056152e-01 1.352324783802032471e-01 2.229276895523071289e-01 1.593379080295562744e-01 8.632304519414901733e-02 8.292987942695617676e-02 1.988243460655212402e-01 1.337475478649139404e-01 1.871254891157150269e-01 1.846916079521179199e-01 3.240404725074768066e-01 3.014264404773712158e-01 2.175592631101608276e-01 1.608906686305999756e-01 2.069625705480575562e-01 8.039887994527816772e-02 2.368890494108200073e-01 1.863130927085876465e-01 2.755702733993530273e-01 8.056724071502685547e-02 1.938705295324325562e-01 1.468739658594131470e-01 1.155067817308008671e-03 1.938705295324325562e-01 0.000000000000000000e+00
