0.000000000000000000e+00 7.544469088315963745e-02 6.585612893104553223e-02 1.777877360582351685e-01 1.016225442290306091e-01 3.291046246886253357e-02 1.001882478594779968e-01 3.680644556879997253e-02 4.261645302176475525e-02 1.395147293806076050e-01 5.792437493801116943e-02 9.492089599370956421e-02 1.114955823868513107e-02 1.865671575069427490e-02 4.067116603255271912e-02 4.365079477429389954e-02 3.803727740887552500e-04 5.771164223551750183e-02 8.230452984571456909e-02 1.474694609642028809e-01 1.297250837087631226e-01 2.314724773168563843e-02 5.771164223551750183e-02 6.867127120494842529e-02 2.394393645226955414e-02 1.022632047533988953e-01 2.354543656110763550e-02 1.665557771921157837e-01 8.122270554304122925e-02 1.839303039014339447e-02 3.433803794905543327e-03 1.522965282201766968e-01 9.975532069802284241e-03 7.050715386867523193e-02
7.544469088315963745e-02 0.000000000000000000e+00 9.636443108320236206e-03 1.037344411015510559e-01 1.757200211286544800e-01 1.080867871642112732e-01 2.493200451135635376e-02 1.119403019547462463e-01 3.293413296341896057e-02 6.475158780813217163e-02 1.759721897542476654e-02 1.961668580770492554e-02 6.434926390647888184e-02 9.396914392709732056e-02 1.157606542110443115e-01 3.189894929528236389e-02 7.506647706031799316e-02 1.781059987843036652e-02 6.902694236487150192e-03 7.283511012792587280e-02 5.481688678264617920e-02 5.238893628120422363e-02 1.781059987843036652e-02 6.808697711676359177e-03 5.159395933151245117e-02 2.702702768146991730e-02 5.199161544442176819e-02 9.227053076028823853e-02 1.557132154703140259e-01 5.713094398379325867e-02 7.202955335378646851e-02 2.251542210578918457e-01 8.535598963499069214e-02 1.451795846223831177e-01
6.585612893104553223e-02 9.636443108320236206e-03 0.000000000000000000e+00 1.132576689124107361e-01 1.663652807474136353e-01 9.855299443006515503e-02 3.456014394760131836e-02 1.024143323302268982e-01 2.330508455634117126e-02 7.434164732694625854e-02 7.962126284837722778e-03 2.924760058522224426e-02 5.474676936864852905e-02 8.440913259983062744e-02 1.062427312135696411e-01 2.226935327053070068e-02 6.547739356756210327e-02 8.175559341907501221e-03 1.653803698718547821e-02 8.241371065378189087e-02 6.441929936408996582e-02 4.277408495545387268e-02 8.175559341907501221e-03 2.827931195497512817e-03 4.197838902473449707e-02 3.665392473340034485e-02 4.237640276551246643e-02 1.018164455890655518e-01 1.462962925434112549e-01 4.752065986394882202e-02 6.243644654750823975e-02 2.159864008426666260e-01 7.578187435865402222e-02 1.357330381870269775e-01
1.777877360582351685e-01 1.037344411015510559e-01 1.132576689124107361e-01 0.000000000000000000e+00 2.744517028331756592e-01 2.094725519418716431e-01 7.900676876306533813e-02 2.131990641355514526e-01 1.362032443284988403e-01 3.924646601080894470e-02 1.211105808615684509e-01 8.428927510976791382e-02 1.669691503047943115e-01 1.957949995994567871e-01 2.168905884027481079e-01 1.351860612630844116e-01 1.774193495512008667e-01 1.213208884000778198e-01 9.690113365650177002e-02 3.113456442952156067e-02 4.919730871915817261e-02 1.552795022726058960e-01 1.213208884000778198e-01 1.104651167988777161e-01 1.545014977455139160e-01 7.692307978868484497e-02 1.548906862735748291e-01 1.157469674944877625e-02 2.553234696388244629e-01 1.599176377058029175e-01 1.744604259729385376e-01 3.213823735713958740e-01 1.874308437108993530e-01 2.452209591865539551e-01
1.016225442290306091e-01 1.757200211286544800e-01 1.663652807474136353e-01 2.744517028331756592e-01 0.000000000000000000e+00 6.894265860319137573e-02 1.997767835855484009e-01 6.505944579839706421e-02 1.436170190572738647e-01 2.377662658691406250e-01 1.586132496595382690e-01 1.946656852960586548e-01 1.126444712281227112e-01 8.312342315912246704e-02 6.120434403419494629e-02 1.446317583322525024e-01 1.019989773631095886e-01 1.584051698446273804e-01 1.824014633893966675e-01 2.454141676425933838e-01 2.283374667167663574e-01 1.244769841432571411e-01 1.584051698446273804e-01 1.691136509180068970e-01 1.252616941928863525e-01 2.017887085676193237e-01 1.248691976070404053e-01 2.637147307395935059e-01 2.056962065398693085e-02 1.197916641831398010e-01 1.050197035074234009e-01 5.147058889269828796e-02 9.174001216888427734e-02 3.133994340896606445e-02
3.291046246886253357e-02 1.080867871642112732e-01 9.855299443006515503e-02 2.094725519418716431e-01 6.894265860319137573e-02 0.000000000000000000e+00 1.326612830162048340e-01 3.900709329172968864e-03 7.542113214731216431e-02 1.716371178627014160e-01 9.066201001405715942e-02 1.274332702159881592e-01 4.404385760426521301e-02 1.426250208169221878e-02 7.771105505526065826e-03 7.645142823457717896e-02 3.329041600227355957e-02 9.045030921697616577e-02 1.149037480354309082e-01 1.795087158679962158e-01 1.619441509246826172e-01 5.601503700017929077e-02 9.045030921697616577e-02 1.013526767492294312e-01 5.680963024497032166e-02 1.347202658653259277e-01 5.641218647360801697e-02 1.983788460493087769e-01 4.844173416495323181e-02 5.127245560288429260e-02 3.634015843272209167e-02 1.199874654412269592e-01 2.294246107339859009e-02 3.768413886427879333e-02
1.001882478594779968e-01 2.493200451135635376e-02 3.456014394760131836e-02 7.900676876306533813e-02 1.997767835855484009e-01 1.326612830162048340e-01 0.000000000000000000e+00 1.364913731813430786e-01 5.781865864992141724e-02 3.988397493958473206e-02 4.251057282090187073e-02 5.317918956279754639e-03 8.913826197385787964e-02 1.186232343316078186e-01 1.402877718210220337e-01 5.678579211235046387e-02 9.981167316436767578e-02 4.272363334894180298e-02 1.803241297602653503e-02 4.799025505781173706e-02 2.992578409612178802e-02 7.722007483243942261e-02 4.272363334894180298e-02 3.173531219363212585e-02 7.642765343189239502e-02 2.096435986459255219e-03 7.682403177022933960e-02 6.749379634857177734e-02 1.799466311931610107e-01 8.194622397422790527e-02 9.678773581981658936e-02 2.486901879310607910e-01 1.100537851452827454e-01 1.694980710744857788e-01
3.680644556879997253e-02 1.119403019547462463e-01 1.024143323302268982e-01 2.131990641355514526e-01 6.505944579839706421e-02 3.900709329172968864e-03 1.364913731813430786e-01 0.000000000000000000e+00 7.929851114749908447e-02 1.754203885793685913e-01 9.452928602695465088e-02 1.312687247991561890e-01 4.793633148074150085e-02 1.816220022737979889e-02 3.870513755828142166e-03 8.032818138599395752e-02 3.718629851937294006e-02 9.431774169206619263e-02 1.187512353062629700e-01 1.832810938358306885e-01 1.657401621341705322e-01 5.990265682339668274e-02 9.431774169206619263e-02 1.052117869257926941e-01 6.069688871502876282e-02 1.385481655597686768e-01 6.029962375760078430e-02 2.021231353282928467e-01 4.454944282770156860e-02 5.516213178634643555e-02 4.023516550660133362e-02 1.161411181092262268e-01 2.684076875448226929e-02 3.378839418292045593e-02
4.261645302176475525e-02 3.293413296341896057e-02 2.330508455634117126e-02 1.362032443284988403e-01 1.436170190572738647e-01 7.542113214731216431e-02 5.781865864992141724e-02 7.929851114749908447e-02 0.000000000000000000e+00 9.747784584760665894e-02 1.534580625593662262e-02 5.251688882708549500e-02 3.148185461759567261e-02 6.122449040412902832e-02 8.314350992441177368e-02 1.036269473843276501e-03 4.223676398396492004e-02 1.513240858912467957e-02 3.982777148485183716e-02 1.055161356925964355e-01 8.759288489818572998e-02 1.948842965066432953e-02 1.513240858912467957e-02 2.613129466772079468e-02 1.869158819317817688e-02 5.990783497691154480e-02 1.909017004072666168e-02 1.248253360390663147e-01 1.234119758009910583e-01 2.424242347478866577e-02 3.918838128447532654e-02 1.936560869216918945e-01 5.256963521242141724e-02 1.127847135066986084e-01
1.395147293806076050e-01 6.475158780813217163e-02 7.434164732694625854e-02 3.924646601080894470e-02 2.377662658691406250e-01 1.716371178627014160e-01 3.988397493958473206e-02 1.754203885793685913e-01 9.747784584760665894e-02 0.000000000000000000e+00 8.225508034229278564e-02 4.519230872392654419e-02 1.285651624202728271e-01 1.577608138322830200e-01 1.791692525148391724e-01 9.645131975412368774e-02 1.391417384147644043e-01 8.246707916259765625e-02 5.787476152181625366e-02 8.121827617287635803e-03 9.970089420676231384e-03 1.167444959282875061e-01 8.246707916259765625e-02 7.152875512838363647e-02 1.159581542015075684e-01 3.779069706797599792e-02 1.163515001535415649e-01 2.768434584140777588e-02 2.182641178369522095e-01 1.214333102107048035e-01 1.361461430788040161e-01 2.857399880886077881e-01 1.492825001478195190e-01 2.079760730266571045e-01
5.792437493801116943e-02 1.759721897542476654e-02 7.962126284837722778e-03 1.211105808615684509e-01 1.586132496595382690e-01 9.066201001405715942e-02 4.251057282090187073e-02 9.452928602695465088e-02 1.534580625593662262e-02 8.225508034229278564e-02 0.000000000000000000e+00 3.720106184482574463e-02 4.680504649877548218e-02 7.649841904640197754e-02 9.836380928754806519e-02 1.430976390838623047e-02 5.754527077078819275e-02 2.134471724275499582e-04 2.449693717062473297e-02 9.031657129526138306e-02 7.234432548284530640e-02 3.482381999492645264e-02 2.134471724275499582e-04 1.078981440514326096e-02 3.402763605117797852e-02 4.460303485393524170e-02 3.442589193582534790e-02 1.096896454691886902e-01 1.384954899549484253e-01 3.957350924611091614e-02 5.450141429901123047e-02 2.083826214075088501e-01 6.786070019006729126e-02 1.279091387987136841e-01
9.492089599370956421e-02 1.961668580770492554e-02 2.924760058522224426e-02 8.428927510976791382e-02 1.946656852960586548e-01 1.274332702159881592e-01 5.317918956279754639e-03 1.312687247991561890e-01 5.251688882708549500e-02 4.519230872392654419e-02 3.720106184482574463e-02 0.000000000000000000e+00 8.386009186506271362e-02 1.133768334984779358e-01 1.350706219673156738e-01 5.148341879248619080e-02 9.454394131898880005e-02 3.741421177983283997e-02 1.271571312099695206e-02 5.329457297921180725e-02 3.523809462785720825e-02 7.193169742822647095e-02 3.741421177983283997e-02 2.642185427248477936e-02 7.113864272832870483e-02 7.414272520691156387e-03 7.153534144163131714e-02 7.278559356927871704e-02 1.747959703207015991e-01 7.666171342134475708e-02 9.151692688465118408e-02 2.436945587396621704e-01 1.047971993684768677e-01 1.643282771110534668e-01
1.114955823868513107e-02 6.434926390647888184e-02 5.474676936864852905e-02 1.669691503047943115e-01 1.126444712281227112e-01 4.404385760426521301e-02 8.913826197385787964e-02 4.793633148074150085e-02 3.148185461759567261e-02 1.285651624202728271e-01 4.680504649877548218e-02 8.386009186506271362e-02 0.000000000000000000e+00 2.980007603764533997e-02 5.179723352193832397e-02 3.251706063747406006e-02 1.076923031359910965e-02 4.659206420183181763e-02 7.122032344341278076e-02 1.365444064140319824e-01 1.187472790479660034e-01 1.200078707188367844e-02 4.659206420183181763e-02 5.756578966975212097e-02 1.279779523611068726e-02 9.121765196323394775e-02 1.239913422614336014e-02 1.556953489780426025e-01 9.228868782520294189e-02 7.244958076626062393e-03 7.716049440205097198e-03 1.631690263748168945e-01 2.112274058163166046e-02 8.159257471561431885e-02
1.865671575069427490e-02 9.396914392709732056e-02 8.440913259983062744e-02 1.957949995994567871e-01 8.312342315912246704e-02 1.426250208169221878e-02 1.186232343316078186e-01 1.816220022737979889e-02 6.122449040412902832e-02 1.577608138322830200e-01 7.649841904640197754e-02 1.133768334984779358e-01 2.980007603764533997e-02 0.000000000000000000e+00 2.203116565942764282e-02 6.225680932402610779e-02 1.903695426881313324e-02 7.628621906042098999e-02 1.008064523339271545e-01 1.656703650951385498e-01 1.480235457420349121e-01 4.178591817617416382e-02 7.628621906042098999e-02 8.721625059843063354e-02 4.258162900805473328e-02 1.206896528601646423e-01 4.218362271785736084e-02 1.846387535333633423e-01 6.266094744205474854e-02 3.703703731298446655e-02 2.208910509943962097e-02 1.340206116437911987e-01 8.682800456881523132e-03 5.191873759031295776e-02
4.067116603255271912e-02 1.157606542110443115e-01 1.062427312135696411e-01 2.168905884027481079e-01 6.120434403419494629e-02 7.771105505526065826e-03 1.402877718210220337e-01 3.870513755828142166e-03 8.314350992441177368e-02 1.791692525148391724e-01 9.836380928754806519e-02 1.350706219673156738e-01 5.179723352193832397e-02 2.203116565942764282e-02 0.000000000000000000e+00 8.417252451181411743e-02 4.105090349912643433e-02 9.815242141485214233e-02 1.225654110312461853e-01 1.870189309120178223e-01 1.695019453763961792e-01 6.375838816165924072e-02 9.815242141485214233e-02 1.090378984808921814e-01 6.455224007368087769e-02 1.423423439264297485e-01 6.415516883134841919e-02 2.058326303958892822e-01 4.068594425916671753e-02 5.902004614472389221e-02 4.409880936145782471e-02 1.123210936784744263e-01 3.070809319615364075e-02 2.992179617285728455e-02
4.365079477429389954e-02 3.189894929528236389e-02 2.226935327053070068e-02 1.351860612630844116e-01 1.446317583322525024e-01 7.645142823457717896e-02 5.678579211235046387e-02 8.032818138599395752e-02 1.036269473843276501e-03 9.645131975412368774e-02 1.430976390838623047e-02 5.148341879248619080e-02 3.251706063747406006e-02 6.225680932402610779e-02 8.417252451181411743e-02 0.000000000000000000e+00 4.327113926410675049e-02 1.409636065363883972e-02 3.879310190677642822e-02 1.044912934303283691e-01 8.656447380781173706e-02 2.052428387105464935e-02 1.409636065363883972e-02 2.509570308029651642e-02 1.972747594118118286e-02 5.887521803379058838e-02 2.012604102492332458e-02 1.238050833344459534e-01 1.244323328137397766e-01 2.527805790305137634e-02 4.022301733493804932e-02 1.946533024311065674e-01 5.360298603773117065e-02 1.138076856732368469e-01
3.803727740887552500e-04 7.506647706031799316e-02 6.547739356756210327e-02 1.774193495512008667e-01 1.019989773631095886e-01 3.329041600227355957e-02 9.981167316436767578e-02 3.718629851937294006e-02 4.223676398396492004e-02 1.391417384147644043e-01 5.754527077078819275e-02 9.454394131898880005e-02 1.076923031359910965e-02 1.903695426881313324e-02 4.105090349912643433e-02 4.327113926410675049e-02 0.000000000000000000e+00 5.733252689242362976e-02 8.192671835422515869e-02 1.470973342657089233e-01 1.293510943651199341e-01 2.276707440614700317e-02 5.733252689242362976e-02 6.829268485307693481e-02 2.356377802789211273e-02 1.018867939710617065e-01 2.316527068614959717e-02 1.661859303712844849e-01 8.160056173801422119e-02 1.801278255879878998e-02 3.053435124456882477e-03 1.526680588722229004e-01 1.035586558282375336e-02 7.088562846183776855e-02
5.771164223551750183e-02 1.781059987843036652e-02 8.175559341907501221e-03 1.213208884000778198e-01 1.584051698446273804e-01 9.045030921697616577e-02 4.272363334894180298e-02 9.431774169206619263e-02 1.513240858912467957e-02 8.246707916259765625e-02 2.134471724275499582e-04 3.741421177983283997e-02 4.659206420183181763e-02 7.628621906042098999e-02 9.815242141485214233e-02 1.409636065363883972e-02 5.733252689242362976e-02 0.000000000000000000e+00 2.471025660634040833e-02 9.052827209234237671e-02 7.255665212869644165e-02 3.461062908172607422e-02 0.000000000000000000e+00 1.100323628634214401e-02 3.381443396210670471e-02 4.481605440378189087e-02 3.421269729733467102e-02 1.099005192518234253e-01 1.382861286401748657e-01 3.936039283871650696e-02 5.428859591484069824e-02 2.081784456968307495e-01 6.764823198318481445e-02 1.276991814374923706e-01
8.230452984571456909e-02 6.902694236487150192e-03 1.653803698718547821e-02 9.690113365650177002e-02 1.824014633893966675e-01 1.149037480354309082e-01 1.803241297602653503e-02 1.187512353062629700e-01 3.982777148485183716e-02 5.787476152181625366e-02 2.449693717062473297e-02 1.271571312099695206e-02 7.122032344341278076e-02 1.008064523339271545e-01 1.225654110312461853e-01 3.879310190677642822e-02 8.192671835422515869e-02 2.471025660634040833e-02 0.000000000000000000e+00 6.596558541059494019e-02 4.793233051896095276e-02 5.927019566297531128e-02 2.471025660634040833e-02 1.371074747294187546e-02 5.847582966089248657e-02 2.012808807194232941e-02 5.887318029999732971e-02 8.542224019765853882e-02 1.624413132667541504e-01 6.400839239358901978e-02 7.889302074909210205e-02 2.316968142986297607e-01 9.220435470342636108e-02 1.519300192594528198e-01
1.474694609642028809e-01 7.283511012792587280e-02 8.241371065378189087e-02 3.113456442952156067e-02 2.454141676425933838e-01 1.795087158679962158e-01 4.799025505781173706e-02 1.832810938358306885e-01 1.055161356925964355e-01 8.121827617287635803e-03 9.031657129526138306e-02 5.329457297921180725e-02 1.365444064140319824e-01 1.656703650951385498e-01 1.870189309120178223e-01 1.044912934303283691e-01 1.470973342657089233e-01 9.052827209234237671e-02 6.596558541059494019e-02 0.000000000000000000e+00 1.809045299887657166e-02 1.247480437159538269e-01 9.052827209234237671e-02 7.960433512926101685e-02 1.239632368087768555e-01 4.589843750000000000e-02 1.243558153510093689e-01 1.956691965460777283e-02 2.259853482246398926e-01 1.294274926185607910e-01 1.441086232662200928e-01 2.931814193725585938e-01 1.572137176990509033e-01 2.157334983348846436e-01
1.297250837087631226e-01 5.481688678264617920e-02 6.441929936408996582e-02 4.919730871915817261e-02 2.283374667167663574e-01 1.619441509246826172e-01 2.992578409612178802e-02 1.657401621341705322e-01 8.759288489818572998e-02 9.970089420676231384e-03 7.234432548284530640e-02 3.523809462785720825e-02 1.187472790479660034e-01 1.480235457420349121e-01 1.695019453763961792e-01 8.656447380781173706e-02 1.293510943651199341e-01 7.255665212869644165e-02 4.793233051896095276e-02 1.809045299887657166e-02 0.000000000000000000e+00 1.068988293409347534e-01 7.255665212869644165e-02 6.160259246826171875e-02 1.061107441782951355e-01 2.783109433948993683e-02 1.065049618482589722e-01 3.764404729008674622e-02 2.087482959032058716e-01 1.115983352065086365e-01 1.263475567102432251e-01 2.765577435493469238e-01 1.395200639963150024e-01 1.984174102544784546e-01
2.314724773168563843e-02 5.238893628120422363e-02 4.277408495545387268e-02 1.552795022726058960e-01 1.244769841432571411e-01 5.601503700017929077e-02 7.722007483243942261e-02 5.990265682339668274e-02 1.948842965066432953e-02 1.167444959282875061e-01 3.482381999492645264e-02 7.193169742822647095e-02 1.200078707188367844e-02 4.178591817617416382e-02 6.375838816165924072e-02 2.052428387105464935e-02 2.276707440614700317e-02 3.461062908172607422e-02 5.927019566297531128e-02 1.247480437159538269e-01 1.068988293409347534e-01 0.000000000000000000e+00 3.461062908172607422e-02 4.559650272130966187e-02 7.971303421072661877e-04 7.930367439985275269e-02 3.984063805546611547e-04 1.439635604619979858e-01 1.041740998625755310e-01 4.756242502480745316e-03 1.971501111984252930e-02 1.748274713754653931e-01 3.311513364315032959e-02 9.350180625915527344e-02
5.771164223551750183e-02 1.781059987843036652e-02 8.175559341907501221e-03 1.213208884000778198e-01 1.584051698446273804e-01 9.045030921697616577e-02 4.272363334894180298e-02 9.431774169206619263e-02 1.513240858912467957e-02 8.246707916259765625e-02 2.134471724275499582e-04 3.741421177983283997e-02 4.659206420183181763e-02 7.628621906042098999e-02 9.815242141485214233e-02 1.409636065363883972e-02 5.733252689242362976e-02 0.000000000000000000e+00 2.471025660634040833e-02 9.052827209234237671e-02 7.255665212869644165e-02 3.461062908172607422e-02 0.000000000000000000e+00 1.100323628634214401e-02 3.381443396210670471e-02 4.481605440378189087e-02 3.421269729733467102e-02 1.099005192518234253e-01 1.382861286401748657e-01 3.936039283871650696e-02 5.428859591484069824e-02 2.081784456968307495e-01 6.764823198318481445e-02 1.276991814374923706e-01
6.867127120494842529e-02 6.808697711676359177e-03 2.827931195497512817e-03 1.104651167988777161e-01 1.691136509180068970e-01 1.013526767492294312e-01 3.173531219363212585e-02 1.052117869257926941e-01 2.613129466772079468e-02 7.152875512838363647e-02 1.078981440514326096e-02 2.642185427248477936e-02 5.756578966975212097e-02 8.721625059843063354e-02 1.090378984808921814e-01 2.509570308029651642e-02 6.829268485307693481e-02 1.100323628634214401e-02 1.371074747294187546e-02 7.960433512926101685e-02 6.160259246826171875e-02 4.559650272130966187e-02 1.100323628634214401e-02 0.000000000000000000e+00 4.480100050568580627e-02 3.382949903607368469e-02 4.519891738891601562e-02 9.901702404022216797e-02 1.490625590085983276e-01 5.034182593226432800e-02 6.525285542011260986e-02 2.186807543039321899e-01 7.859296351671218872e-02 1.385077983140945435e-01
2.394393645226955414e-02 5.159395933151245117e-02 4.197838902473449707e-02 1.545014977455139160e-01 1.252616941928863525e-01 5.680963024497032166e-02 7.642765343189239502e-02 6.069688871502876282e-02 1.869158819317817688e-02 1.159581542015075684e-01 3.402763605117797852e-02 7.113864272832870483e-02 1.279779523611068726e-02 4.258162900805473328e-02 6.455224007368087769e-02 1.972747594118118286e-02 2.356377802789211273e-02 3.381443396210670471e-02 5.847582966089248657e-02 1.239632368087768555e-01 1.061107441782951355e-01 7.971303421072661877e-04 3.381443396210670471e-02 4.480100050568580627e-02 0.000000000000000000e+00 7.851150631904602051e-02 3.987240779679268599e-04 1.431828588247299194e-01 1.049625128507614136e-01 5.553351715207099915e-03 2.051181904971599579e-02 1.756001263856887817e-01 3.391136974096298218e-02 9.429191052913665771e-02
1.022632047533988953e-01 2.702702768146991730e-02 3.665392473340034485e-02 7.692307978868484497e-02 2.017887085676193237e-01 1.347202658653259277e-01 2.096435986459255219e-03 1.385481655597686768e-01 5.990783497691154480e-02 3.779069706797599792e-02 4.460303485393524170e-02 7.414272520691156387e-03 9.121765196323394775e-02 1.206896528601646423e-01 1.423423439264297485e-01 5.887521803379058838e-02 1.018867939710617065e-01 4.481605440378189087e-02 2.012808807194232941e-02 4.589843750000000000e-02 2.783109433948993683e-02 7.930367439985275269e-02 4.481605440378189087e-02 3.382949903607368469e-02 7.851150631904602051e-02 0.000000000000000000e+00 7.890776544809341431e-02 6.540661305189132690e-02 1.819744110107421875e-01 8.402822166681289673e-02 9.886411577463150024e-02 2.506559491157531738e-01 1.121243536472320557e-01 1.715335547924041748e-01
2.354543656110763550e-02 5.199161544442176819e-02 4.237640276551246643e-02 1.548906862735748291e-01 1.248691976070404053e-01 5.641218647360801697e-02 7.682403177022933960e-02 6.029962375760078430e-02 1.909017004072666168e-02 1.163515001535415649e-01 3.442589193582534790e-02 7.153534144163131714e-02 1.239913422614336014e-02 4.218362271785736084e-02 6.415516883134841919e-02 2.012604102492332458e-02 2.316527068614959717e-02 3.421269729733467102e-02 5.887318029999732971e-02 1.243558153510093689e-01 1.065049618482589722e-01 3.984063805546611547e-04 3.421269729733467102e-02 4.519891738891601562e-02 3.987240779679268599e-04 7.890776544809341431e-02 0.000000000000000000e+00 1.435733884572982788e-01 1.045681685209274292e-01 5.154639016836881638e-03 2.011325955390930176e-02 1.752136796712875366e-01 3.351309522986412048e-02 9.389671683311462402e-02
1.665557771921157837e-01 9.227053076028823853e-02 1.018164455890655518e-01 1.157469674944877625e-02 2.637147307395935059e-01 1.983788460493087769e-01 6.749379634857177734e-02 2.021231353282928467e-01 1.248253360390663147e-01 2.768434584140777588e-02 1.096896454691886902e-01 7.278559356927871704e-02 1.556953489780426025e-01 1.846387535333633423e-01 2.058326303958892822e-01 1.238050833344459534e-01 1.661859303712844849e-01 1.099005192518234253e-01 8.542224019765853882e-02 1.956691965460777283e-02 3.764404729008674622e-02 1.439635604619979858e-01 1.099005192518234253e-01 9.901702404022216797e-02 1.431828588247299194e-01 6.540661305189132690e-02 1.435733884572982788e-01 0.000000000000000000e+00 2.444712519645690918e-01 1.486180275678634644e-01 1.632153242826461792e-01 3.109644353389739990e-01 1.762384921312332153e-01 2.343113273382186890e-01
8.122270554304122925e-02 1.557132154703140259e-01 1.462962925434112549e-01 2.553234696388244629e-01 2.056962065398693085e-02 4.844173416495323181e-02 1.799466311931610107e-01 4.454944282770156860e-02 1.234119758009910583e-01 2.182641178369522095e-01 1.384954899549484253e-01 1.747959703207015991e-01 9.228868782520294189e-02 6.266094744205474854e-02 4.068594425916671753e-02 1.244323328137397766e-01 8.160056173801422119e-02 1.382861286401748657e-01 1.624413132667541504e-01 2.259853482246398926e-01 2.087482959032058716e-01 1.041740998625755310e-01 1.382861286401748657e-01 1.490625590085983276e-01 1.049625128507614136e-01 1.819744110107421875e-01 1.045681685209274292e-01 2.444712519645690918e-01 0.000000000000000000e+00 9.946714341640472412e-02 8.463290333747863770e-02 7.196401804685592651e-02 7.130494713783264160e-02 1.077726949006319046e-02
1.839303039014339447e-02 5.713094398379325867e-02 4.752065986394882202e-02 1.599176377058029175e-01 1.197916641831398010e-01 5.127245560288429260e-02 8.194622397422790527e-02 5.516213178634643555e-02 2.424242347478866577e-02 1.214333102107048035e-01 3.957350924611091614e-02 7.666171342134475708e-02 7.244958076626062393e-03 3.703703731298446655e-02 5.902004614472389221e-02 2.527805790305137634e-02 1.801278255879878998e-02 3.936039283871650696e-02 6.400839239358901978e-02 1.294274926185607910e-01 1.115983352065086365e-01 4.756242502480745316e-03 3.936039283871650696e-02 5.034182593226432800e-02 5.553351715207099915e-03 8.402822166681289673e-02 5.154639016836881638e-03 1.486180275678634644e-01 9.946714341640472412e-02 0.000000000000000000e+00 1.496017072349786758e-02 1.702127605676651001e-01 2.836335822939872742e-02 8.878504484891891479e-02
3.433803794905543327e-03 7.202955335378646851e-02 6.243644654750823975e-02 1.744604259729385376e-01 1.050197035074234009e-01 3.634015843272209167e-02 9.678773581981658936e-02 4.023516550660133362e-02 3.918838128447532654e-02 1.361461430788040161e-01 5.450141429901123047e-02 9.151692688465118408e-02 7.716049440205097198e-03 2.208910509943962097e-02 4.409880936145782471e-02 4.022301733493804932e-02 3.053435124456882477e-03 5.428859591484069824e-02 7.889302074909210205e-02 1.441086232662200928e-01 1.263475567102432251e-01 1.971501111984252930e-02 5.428859591484069824e-02 6.525285542011260986e-02 2.051181904971599579e-02 9.886411577463150024e-02 2.011325955390930176e-02 1.632153242826461792e-01 8.463290333747863770e-02 1.496017072349786758e-02 0.000000000000000000e+00 1.556489467620849609e-01 1.340887602418661118e-02 7.392306625843048096e-02
1.522965282201766968e-01 2.251542210578918457e-01 2.159864008426666260e-01 3.213823735713958740e-01 5.147058889269828796e-02 1.199874654412269592e-01 2.486901879310607910e-01 1.161411181092262268e-01 1.936560869216918945e-01 2.857399880886077881e-01 2.083826214075088501e-01 2.436945587396621704e-01 1.631690263748168945e-01 1.340206116437911987e-01 1.123210936784744263e-01 1.946533024311065674e-01 1.526680588722229004e-01 2.081784456968307495e-01 2.316968142986297607e-01 2.931814193725585938e-01 2.765577435493469238e-01 1.748274713754653931e-01 2.081784456968307495e-01 2.186807543039321899e-01 1.756001263856887817e-01 2.506559491157531738e-01 1.752136796712875366e-01 3.109644353389739990e-01 7.196401804685592651e-02 1.702127605676651001e-01 1.556489467620849609e-01 0.000000000000000000e+00 1.425375491380691528e-01 8.267716318368911743e-02
9.975532069802284241e-03 8.535598963499069214e-02 7.578187435865402222e-02 1.874308437108993530e-01 9.174001216888427734e-02 2.294246107339859009e-02 1.100537851452827454e-01 2.684076875448226929e-02 5.256963521242141724e-02 1.492825001478195190e-01 6.786070019006729126e-02 1.047971993684768677e-01 2.112274058163166046e-02 8.682800456881523132e-03 3.070809319615364075e-02 5.360298603773117065e-02 1.035586558282375336e-02 6.764823198318481445e-02 9.220435470342636108e-02 1.572137176990509033e-01 1.395200639963150024e-01 3.311513364315032959e-02 6.764823198318481445e-02 7.859296351671218872e-02 3.391136974096298218e-02 1.121243536472320557e-01 3.351309522986412048e-02 1.762384921312332153e-01 7.130494713783264160e-02 2.836335822939872742e-02 1.340887602418661118e-02 1.425375491380691528e-01 0.000000000000000000e+00 6.057422980666160583e-02
7.050715386867523193e-02 1.451795846223831177e-01 1.357330381870269775e-01 2.452209591865539551e-01 3.133994340896606445e-02 3.768413886427879333e-02 1.694980710744857788e-01 3.378839418292045593e-02 1.127847135066986084e-01 2.079760730266571045e-01 1.279091387987136841e-01 1.643282771110534668e-01 8.159257471561431885e-02 5.191873759031295776e-02 2.992179617285728455e-02 1.138076856732368469e-01 7.088562846183776855e-02 1.276991814374923706e-01 1.519300192594528198e-01 2.157334983348846436e-01 1.984174102544784546e-01 9.350180625915527344e-02 1.276991814374923706e-01 1.385077983140945435e-01 9.429191052913665771e-02 1.715335547924041748e-01 9.389671683311462402e-02 2.343113273382186890e-01 1.077726949006319046e-02 8.878504484891891479e-02 7.392306625843048096e-02 8.267716318368911743e-02 6.057422980666160583e-02 0.000000000000000000e+00
