0.000000000000000000e+00 1.631051301956176758e-01 1.488724946975708008e-01 1.810244321823120117e-01 1.788607835769653320e-01 1.393678784370422363e-01 1.664833426475524902e-01 1.688907146453857422e-01 1.204042434692382812e-01 1.804341673851013184e-01 1.730744242668151855e-01 1.788608431816101074e-01 1.760382652282714844e-01 1.246187686920166016e-01 8.230733871459960938e-02 9.766840934753417969e-02 1.458293795585632324e-01 1.810112595558166504e-01 1.359139084815979004e-01 1.568893194198608398e-01 1.516498327255249023e-01 1.613351106643676758e-01 1.285277605056762695e-01 1.593615412712097168e-01 1.811883449554443359e-01 1.811883449554443359e-01 1.677910089492797852e-01 1.593616008758544922e-01 9.269940853118896484e-02 1.664833426475524902e-01 2.039346694946289062e-01 1.797227859497070312e-01 1.760382652282714844e-01 1.070507764816284180e-01
1.631051301956176758e-01 0.000000000000000000e+00 1.423263549804687500e-02 1.791930198669433594e-02 1.575565338134765625e-02 2.373725175857543945e-02 3.378212451934814453e-03 5.785584449768066406e-03 4.270088672637939453e-02 1.732903718948364258e-02 9.969294071197509766e-03 1.575571298599243164e-02 1.293313503265380859e-02 3.848636150360107422e-02 8.079779148101806641e-02 6.543672084808349609e-02 1.727575063705444336e-02 1.790612936019897461e-02 2.719122171401977539e-02 6.215810775756835938e-03 1.145529747009277344e-02 1.770019531250000000e-03 3.457736968994140625e-02 3.743588924407958984e-03 1.808321475982666016e-02 1.808321475982666016e-02 4.685878753662109375e-03 3.743529319763183594e-03 7.040572166442871094e-02 3.378212451934814453e-03 4.082953929901123047e-02 1.661765575408935547e-02 1.293313503265380859e-02 5.605435371398925781e-02
1.488724946975708008e-01 1.423263549804687500e-02 0.000000000000000000e+00 3.215193748474121094e-02 2.998828887939453125e-02 9.504616260528564453e-03 1.761084794998168945e-02 2.001821994781494141e-02 2.846825122833251953e-02 3.156167268753051758e-02 2.420192956924438477e-02 2.998834848403930664e-02 2.716577053070068359e-02 2.425372600555419922e-02 6.656515598297119141e-02 5.120408535003662109e-02 3.043115139007568359e-03 3.213876485824584961e-02 1.295858621597290039e-02 8.016824722290039062e-03 2.777338027954101562e-03 1.246261596679687500e-02 2.034473419189453125e-02 1.048904657363891602e-02 3.231585025787353516e-02 3.231585025787353516e-02 1.891851425170898438e-02 1.048910617828369141e-02 5.617308616638183594e-02 1.761084794998168945e-02 5.506217479705810547e-02 3.085029125213623047e-02 2.716577053070068359e-02 4.182171821594238281e-02
1.810244321823120117e-01 1.791930198669433594e-02 3.215193748474121094e-02 0.000000000000000000e+00 2.163648605346679688e-03 4.165655374526977539e-02 1.454108953475952148e-02 1.213371753692626953e-02 6.062018871307373047e-02 5.902647972106933594e-04 7.950007915496826172e-03 2.163589000701904297e-03 4.986166954040527344e-03 5.640566349029541016e-02 9.871709346771240234e-02 8.335602283477783203e-02 3.519505262374877930e-02 1.317262649536132812e-05 4.511052370071411133e-02 2.413511276245117188e-02 2.937459945678710938e-02 1.968932151794433594e-02 5.249667167663574219e-02 2.166289091110229492e-02 1.639127731323242188e-04 1.639127731323242188e-04 1.323342323303222656e-02 2.166283130645751953e-02 8.832502365112304688e-02 1.454108953475952148e-02 2.291023731231689453e-02 1.301646232604980469e-03 4.986166954040527344e-03 7.397365570068359375e-02
1.788607835769653320e-01 1.575565338134765625e-02 2.998828887939453125e-02 2.163648605346679688e-03 0.000000000000000000e+00 3.949290513992309570e-02 1.237744092941284180e-02 9.970068931579589844e-03 5.845654010772705078e-02 1.573383808135986328e-03 5.786359310150146484e-03 5.960464477539062500e-08 2.822518348693847656e-03 5.424201488494873047e-02 9.655344486236572266e-02 8.119237422943115234e-02 3.303140401840209961e-02 2.150475978851318359e-03 4.294687509536743164e-02 2.197146415710449219e-02 2.721095085144042969e-02 1.752567291259765625e-02 5.033302307128906250e-02 1.949924230575561523e-02 2.327561378479003906e-03 2.327561378479003906e-03 1.106977462768554688e-02 1.949918270111083984e-02 8.616137504577636719e-02 1.237744092941284180e-02 2.507388591766357422e-02 8.620023727416992188e-04 2.822518348693847656e-03 7.181000709533691406e-02
1.393678784370422363e-01 2.373725175857543945e-02 9.504616260528564453e-03 4.165655374526977539e-02 3.949290513992309570e-02 0.000000000000000000e+00 2.711546421051025391e-02 2.952283620834350586e-02 1.896363496780395508e-02 4.106628894805908203e-02 3.370654582977294922e-02 3.949296474456787109e-02 3.667038679122924805e-02 1.474910974502563477e-02 5.706053972244262695e-02 4.169946908950805664e-02 6.461501121520996094e-03 4.164338111877441406e-02 3.453969955444335938e-03 1.752144098281860352e-02 1.228195428848266602e-02 2.196723222732543945e-02 1.084011793136596680e-02 1.999366283416748047e-02 4.182046651840209961e-02 4.182046651840209961e-02 2.842313051223754883e-02 1.999372243881225586e-02 4.666846990585327148e-02 2.711546421051025391e-02 6.456679105758666992e-02 4.035490751266479492e-02 3.667038679122924805e-02 3.231710195541381836e-02
1.664833426475524902e-01 3.378212451934814453e-03 1.761084794998168945e-02 1.454108953475952148e-02 1.237744092941284180e-02 2.711546421051025391e-02 0.000000000000000000e+00 2.407371997833251953e-03 4.607909917831420898e-02 1.395082473754882812e-02 6.591081619262695312e-03 1.237750053405761719e-02 9.554922580718994141e-03 4.186457395553588867e-02 8.417600393295288086e-02 6.881493330001831055e-02 2.065396308898925781e-02 1.452791690826416016e-02 3.056943416595458984e-02 9.594023227691650391e-03 1.483350992202758789e-02 5.148231983184814453e-03 3.795558214187622070e-02 7.121801376342773438e-03 1.470500230789184570e-02 1.470500230789184570e-02 1.307666301727294922e-03 7.121741771697998047e-03 7.378393411636352539e-02 0.000000000000000000e+00 3.745132684707641602e-02 1.323944330215454102e-02 9.554922580718994141e-03 5.943256616592407227e-02
1.688907146453857422e-01 5.785584449768066406e-03 2.001821994781494141e-02 1.213371753692626953e-02 9.970068931579589844e-03 2.952283620834350586e-02 2.407371997833251953e-03 0.000000000000000000e+00 4.848647117614746094e-02 1.154345273971557617e-02 4.183709621429443359e-03 9.970128536224365234e-03 7.147550582885742188e-03 4.427194595336914062e-02 8.658337593078613281e-02 7.122230529785156250e-02 2.306133508682250977e-02 1.212054491043090820e-02 3.297680616378784180e-02 1.200139522552490234e-02 1.724088191986083984e-02 7.555603981018066406e-03 4.036295413970947266e-02 9.529173374176025391e-03 1.229763031005859375e-02 1.229763031005859375e-02 1.099705696105957031e-03 9.529113769531250000e-03 7.619130611419677734e-02 2.407371997833251953e-03 3.504395484924316406e-02 1.083207130432128906e-02 7.147550582885742188e-03 6.183993816375732422e-02
1.204042434692382812e-01 4.270088672637939453e-02 2.846825122833251953e-02 6.062018871307373047e-02 5.845654010772705078e-02 1.896363496780395508e-02 4.607909917831420898e-02 4.848647117614746094e-02 0.000000000000000000e+00 6.002992391586303711e-02 5.267018079757690430e-02 5.845659971237182617e-02 5.563402175903320312e-02 4.214525222778320312e-03 3.809690475463867188e-02 2.273583412170410156e-02 2.542513608932495117e-02 6.060701608657836914e-02 1.550966501235961914e-02 3.648507595062255859e-02 3.124558925628662109e-02 4.093086719512939453e-02 8.123517036437988281e-03 3.895729780197143555e-02 6.078410148620605469e-02 6.078410148620605469e-02 4.738676548004150391e-02 3.895735740661621094e-02 2.770483493804931641e-02 4.607909917831420898e-02 8.353042602539062500e-02 5.931854248046875000e-02 5.563402175903320312e-02 1.335346698760986328e-02
1.804341673851013184e-01 1.732903718948364258e-02 3.156167268753051758e-02 5.902647972106933594e-04 1.573383808135986328e-03 4.106628894805908203e-02 1.395082473754882812e-02 1.154345273971557617e-02 6.002992391586303711e-02 0.000000000000000000e+00 7.359743118286132812e-03 1.573324203491210938e-03 4.395902156829833984e-03 5.581539869308471680e-02 9.812682867050170898e-02 8.276575803756713867e-02 3.460478782653808594e-02 5.770921707153320312e-04 4.452025890350341797e-02 2.354484796524047852e-02 2.878433465957641602e-02 1.909905672073364258e-02 5.190640687942504883e-02 2.107262611389160156e-02 7.541775703430175781e-04 7.541775703430175781e-04 1.264315843582153320e-02 2.107256650924682617e-02 8.773475885391235352e-02 1.395082473754882812e-02 2.350050210952758789e-02 7.113814353942871094e-04 4.395902156829833984e-03 7.338339090347290039e-02
1.730744242668151855e-01 9.969294071197509766e-03 2.420192956924438477e-02 7.950007915496826172e-03 5.786359310150146484e-03 3.370654582977294922e-02 6.591081619262695312e-03 4.183709621429443359e-03 5.267018079757690430e-02 7.359743118286132812e-03 0.000000000000000000e+00 5.786418914794921875e-03 2.963840961456298828e-03 4.845565557479858398e-02 9.076708555221557617e-02 7.540601491928100586e-02 2.724504470825195312e-02 7.936835289001464844e-03 3.716051578521728516e-02 1.618510484695434570e-02 2.142459154129028320e-02 1.173931360244750977e-02 4.454666376113891602e-02 1.371288299560546875e-02 8.113920688629150391e-03 8.113920688629150391e-03 5.283415317535400391e-03 1.371282339096069336e-02 8.037501573562622070e-02 6.591081619262695312e-03 3.086024522781372070e-02 6.648361682891845703e-03 2.963840961456298828e-03 6.602364778518676758e-02
1.788608431816101074e-01 1.575571298599243164e-02 2.998834848403930664e-02 2.163589000701904297e-03 5.960464477539062500e-08 3.949296474456787109e-02 1.237750053405761719e-02 9.970128536224365234e-03 5.845659971237182617e-02 1.573324203491210938e-03 5.786418914794921875e-03 0.000000000000000000e+00 2.822577953338623047e-03 5.424207448959350586e-02 9.655350446701049805e-02 8.119243383407592773e-02 3.303146362304687500e-02 2.150416374206542969e-03 4.294693470001220703e-02 2.197152376174926758e-02 2.721101045608520508e-02 1.752573251724243164e-02 5.033308267593383789e-02 1.949930191040039062e-02 2.327501773834228516e-03 2.327501773834228516e-03 1.106983423233032227e-02 1.949924230575561523e-02 8.616143465042114258e-02 1.237750053405761719e-02 2.507382631301879883e-02 8.619427680969238281e-04 2.822577953338623047e-03 7.181006669998168945e-02
1.760382652282714844e-01 1.293313503265380859e-02 2.716577053070068359e-02 4.986166954040527344e-03 2.822518348693847656e-03 3.667038679122924805e-02 9.554922580718994141e-03 7.147550582885742188e-03 5.563402175903320312e-02 4.395902156829833984e-03 2.963840961456298828e-03 2.822577953338623047e-03 0.000000000000000000e+00 5.141949653625488281e-02 9.373092651367187500e-02 7.836985588073730469e-02 3.020888566970825195e-02 4.972994327545166016e-03 4.012435674667358398e-02 1.914894580841064453e-02 2.438843250274658203e-02 1.470315456390380859e-02 4.751050472259521484e-02 1.667672395706176758e-02 5.150079727172851562e-03 5.150079727172851562e-03 8.247256278991699219e-03 1.667666435241699219e-02 8.333885669708251953e-02 9.554922580718994141e-03 2.789640426635742188e-02 3.684520721435546875e-03 0.000000000000000000e+00 6.898748874664306641e-02
1.246187686920166016e-01 3.848636150360107422e-02 2.425372600555419922e-02 5.640566349029541016e-02 5.424201488494873047e-02 1.474910974502563477e-02 4.186457395553588867e-02 4.427194595336914062e-02 4.214525222778320312e-03 5.581539869308471680e-02 4.845565557479858398e-02 5.424207448959350586e-02 5.141949653625488281e-02 0.000000000000000000e+00 4.231142997741699219e-02 2.695035934448242188e-02 2.121061086654663086e-02 5.639249086380004883e-02 1.129513978958129883e-02 3.227055072784423828e-02 2.703106403350830078e-02 3.671634197235107422e-02 3.908991813659667969e-03 3.474277257919311523e-02 5.656957626342773438e-02 5.656957626342773438e-02 4.317224025726318359e-02 3.474283218383789062e-02 3.191936016082763672e-02 4.186457395553588867e-02 7.931590080261230469e-02 5.510401725769042969e-02 5.141949653625488281e-02 1.756799221038818359e-02
8.230733871459960938e-02 8.079779148101806641e-02 6.656515598297119141e-02 9.871709346771240234e-02 9.655344486236572266e-02 5.706053972244262695e-02 8.417600393295288086e-02 8.658337593078613281e-02 3.809690475463867188e-02 9.812682867050170898e-02 9.076708555221557617e-02 9.655350446701049805e-02 9.373092651367187500e-02 4.231142997741699219e-02 0.000000000000000000e+00 1.536107063293457031e-02 6.352204084396362305e-02 9.870392084121704102e-02 5.360656976699829102e-02 7.458198070526123047e-02 6.934249401092529297e-02 7.902777194976806641e-02 4.622042179107666016e-02 7.705420255661010742e-02 9.888100624084472656e-02 9.888100624084472656e-02 8.548367023468017578e-02 7.705426216125488281e-02 1.039206981658935547e-02 8.417600393295288086e-02 1.216273307800292969e-01 9.741544723510742188e-02 9.373092651367187500e-02 2.474343776702880859e-02
9.766840934753417969e-02 6.543672084808349609e-02 5.120408535003662109e-02 8.335602283477783203e-02 8.119237422943115234e-02 4.169946908950805664e-02 6.881493330001831055e-02 7.122230529785156250e-02 2.273583412170410156e-02 8.276575803756713867e-02 7.540601491928100586e-02 8.119243383407592773e-02 7.836985588073730469e-02 2.695035934448242188e-02 1.536107063293457031e-02 0.000000000000000000e+00 4.816097021102905273e-02 8.334285020828247070e-02 3.824549913406372070e-02 5.922091007232666016e-02 5.398142337799072266e-02 6.366670131683349609e-02 3.085935115814208984e-02 6.169313192367553711e-02 8.351993560791015625e-02 8.351993560791015625e-02 7.012259960174560547e-02 6.169319152832031250e-02 4.969000816345214844e-03 6.881493330001831055e-02 1.062662601470947266e-01 8.205437660217285156e-02 7.836985588073730469e-02 9.382367134094238281e-03
1.458293795585632324e-01 1.727575063705444336e-02 3.043115139007568359e-03 3.519505262374877930e-02 3.303140401840209961e-02 6.461501121520996094e-03 2.065396308898925781e-02 2.306133508682250977e-02 2.542513608932495117e-02 3.460478782653808594e-02 2.724504470825195312e-02 3.303146362304687500e-02 3.020888566970825195e-02 2.121061086654663086e-02 6.352204084396362305e-02 4.816097021102905273e-02 0.000000000000000000e+00 3.518187999725341797e-02 9.915471076965332031e-03 1.105993986129760742e-02 5.820453166961669922e-03 1.550573110580444336e-02 1.730161905288696289e-02 1.353216171264648438e-02 3.535896539688110352e-02 3.535896539688110352e-02 2.196162939071655273e-02 1.353222131729125977e-02 5.312997102737426758e-02 2.065396308898925781e-02 5.810528993606567383e-02 3.389340639114379883e-02 3.020888566970825195e-02 3.877860307693481445e-02
1.810112595558166504e-01 1.790612936019897461e-02 3.213876485824584961e-02 1.317262649536132812e-05 2.150475978851318359e-03 4.164338111877441406e-02 1.452791690826416016e-02 1.212054491043090820e-02 6.060701608657836914e-02 5.770921707153320312e-04 7.936835289001464844e-03 2.150416374206542969e-03 4.972994327545166016e-03 5.639249086380004883e-02 9.870392084121704102e-02 8.334285020828247070e-02 3.518187999725341797e-02 0.000000000000000000e+00 4.509735107421875000e-02 2.412194013595581055e-02 2.936142683029174805e-02 1.967614889144897461e-02 5.248349905014038086e-02 2.164971828460693359e-02 1.770853996276855469e-04 1.770853996276855469e-04 1.322025060653686523e-02 2.164965867996215820e-02 8.831185102462768555e-02 1.452791690826416016e-02 2.292340993881225586e-02 1.288473606109619141e-03 4.972994327545166016e-03 7.396048307418823242e-02
1.359139084815979004e-01 2.719122171401977539e-02 1.295858621597290039e-02 4.511052370071411133e-02 4.294687509536743164e-02 3.453969955444335938e-03 3.056943416595458984e-02 3.297680616378784180e-02 1.550966501235961914e-02 4.452025890350341797e-02 3.716051578521728516e-02 4.294693470001220703e-02 4.012435674667358398e-02 1.129513978958129883e-02 5.360656976699829102e-02 3.824549913406372070e-02 9.915471076965332031e-03 4.509735107421875000e-02 0.000000000000000000e+00 2.097541093826293945e-02 1.573592424392700195e-02 2.542120218276977539e-02 7.386147975921630859e-03 2.344763278961181641e-02 4.527443647384643555e-02 4.527443647384643555e-02 3.187710046768188477e-02 2.344769239425659180e-02 4.321449995040893555e-02 3.056943416595458984e-02 6.802076101303100586e-02 4.380887746810913086e-02 4.012435674667358398e-02 2.886313199996948242e-02
1.568893194198608398e-01 6.215810775756835938e-03 8.016824722290039062e-03 2.413511276245117188e-02 2.197146415710449219e-02 1.752144098281860352e-02 9.594023227691650391e-03 1.200139522552490234e-02 3.648507595062255859e-02 2.354484796524047852e-02 1.618510484695434570e-02 2.197152376174926758e-02 1.914894580841064453e-02 3.227055072784423828e-02 7.458198070526123047e-02 5.922091007232666016e-02 1.105993986129760742e-02 2.412194013595581055e-02 2.097541093826293945e-02 0.000000000000000000e+00 5.239486694335937500e-03 4.445791244506835938e-03 2.836155891418457031e-02 2.472221851348876953e-03 2.429902553558349609e-02 2.429902553558349609e-02 1.090168952941894531e-02 2.472281455993652344e-03 6.418991088867187500e-02 9.594023227691650391e-03 4.704535007476806641e-02 2.283346652984619141e-02 1.914894580841064453e-02 4.983854293823242188e-02
1.516498327255249023e-01 1.145529747009277344e-02 2.777338027954101562e-03 2.937459945678710938e-02 2.721095085144042969e-02 1.228195428848266602e-02 1.483350992202758789e-02 1.724088191986083984e-02 3.124558925628662109e-02 2.878433465957641602e-02 2.142459154129028320e-02 2.721101045608520508e-02 2.438843250274658203e-02 2.703106403350830078e-02 6.934249401092529297e-02 5.398142337799072266e-02 5.820453166961669922e-03 2.936142683029174805e-02 1.573592424392700195e-02 5.239486694335937500e-03 0.000000000000000000e+00 9.685277938842773438e-03 2.312207221984863281e-02 7.711708545684814453e-03 2.953851222991943359e-02 2.953851222991943359e-02 1.614117622375488281e-02 7.711768150329589844e-03 5.895042419433593750e-02 1.483350992202758789e-02 5.228483676910400391e-02 2.807295322418212891e-02 2.438843250274658203e-02 4.459905624389648438e-02
1.613351106643676758e-01 1.770019531250000000e-03 1.246261596679687500e-02 1.968932151794433594e-02 1.752567291259765625e-02 2.196723222732543945e-02 5.148231983184814453e-03 7.555603981018066406e-03 4.093086719512939453e-02 1.909905672073364258e-02 1.173931360244750977e-02 1.752573251724243164e-02 1.470315456390380859e-02 3.671634197235107422e-02 7.902777194976806641e-02 6.366670131683349609e-02 1.550573110580444336e-02 1.967614889144897461e-02 2.542120218276977539e-02 4.445791244506835938e-03 9.685277938842773438e-03 0.000000000000000000e+00 3.280735015869140625e-02 1.973569393157958984e-03 1.985323429107666016e-02 1.985323429107666016e-02 6.455898284912109375e-03 1.973509788513183594e-03 6.863570213317871094e-02 5.148231983184814453e-03 4.259955883026123047e-02 1.838767528533935547e-02 1.470315456390380859e-02 5.428433418273925781e-02
1.285277605056762695e-01 3.457736968994140625e-02 2.034473419189453125e-02 5.249667167663574219e-02 5.033302307128906250e-02 1.084011793136596680e-02 3.795558214187622070e-02 4.036295413970947266e-02 8.123517036437988281e-03 5.190640687942504883e-02 4.454666376113891602e-02 5.033308267593383789e-02 4.751050472259521484e-02 3.908991813659667969e-03 4.622042179107666016e-02 3.085935115814208984e-02 1.730161905288696289e-02 5.248349905014038086e-02 7.386147975921630859e-03 2.836155891418457031e-02 2.312207221984863281e-02 3.280735015869140625e-02 0.000000000000000000e+00 3.083378076553344727e-02 5.266058444976806641e-02 5.266058444976806641e-02 3.926324844360351562e-02 3.083384037017822266e-02 3.582835197448730469e-02 3.795558214187622070e-02 7.540690898895263672e-02 5.119502544403076172e-02 4.751050472259521484e-02 2.147698402404785156e-02
1.593615412712097168e-01 3.743588924407958984e-03 1.048904657363891602e-02 2.166289091110229492e-02 1.949924230575561523e-02 1.999366283416748047e-02 7.121801376342773438e-03 9.529173374176025391e-03 3.895729780197143555e-02 2.107262611389160156e-02 1.371288299560546875e-02 1.949930191040039062e-02 1.667672395706176758e-02 3.474277257919311523e-02 7.705420255661010742e-02 6.169313192367553711e-02 1.353216171264648438e-02 2.164971828460693359e-02 2.344763278961181641e-02 2.472221851348876953e-03 7.711708545684814453e-03 1.973569393157958984e-03 3.083378076553344727e-02 0.000000000000000000e+00 2.182680368423461914e-02 2.182680368423461914e-02 8.429467678070068359e-03 5.960464477539062500e-08 6.666213274002075195e-02 7.121801376342773438e-03 4.457312822341918945e-02 2.036124467849731445e-02 1.667672395706176758e-02 5.231076478958129883e-02
1.811883449554443359e-01 1.808321475982666016e-02 3.231585025787353516e-02 1.639127731323242188e-04 2.327561378479003906e-03 4.182046651840209961e-02 1.470500230789184570e-02 1.229763031005859375e-02 6.078410148620605469e-02 7.541775703430175781e-04 8.113920688629150391e-03 2.327501773834228516e-03 5.150079727172851562e-03 5.656957626342773438e-02 9.888100624084472656e-02 8.351993560791015625e-02 3.535896539688110352e-02 1.770853996276855469e-04 4.527443647384643555e-02 2.429902553558349609e-02 2.953851222991943359e-02 1.985323429107666016e-02 5.266058444976806641e-02 2.182680368423461914e-02 0.000000000000000000e+00 0.000000000000000000e+00 1.339733600616455078e-02 2.182674407958984375e-02 8.848893642425537109e-02 1.470500230789184570e-02 2.274632453918457031e-02 1.465559005737304688e-03 5.150079727172851562e-03 7.413756847381591797e-02
1.811883449554443359e-01 1.808321475982666016e-02 3.231585025787353516e-02 1.639127731323242188e-04 2.327561378479003906e-03 4.182046651840209961e-02 1.470500230789184570e-02 1.229763031005859375e-02 6.078410148620605469e-02 7.541775703430175781e-04 8.113920688629150391e-03 2.327501773834228516e-03 5.150079727172851562e-03 5.656957626342773438e-02 9.888100624084472656e-02 8.351993560791015625e-02 3.535896539688110352e-02 1.770853996276855469e-04 4.527443647384643555e-02 2.429902553558349609e-02 2.953851222991943359e-02 1.985323429107666016e-02 5.266058444976806641e-02 2.182680368423461914e-02 0.000000000000000000e+00 0.000000000000000000e+00 1.339733600616455078e-02 2.182674407958984375e-02 8.848893642425537109e-02 1.470500230789184570e-02 2.274632453918457031e-02 1.465559005737304688e-03 5.150079727172851562e-03 7.413756847381591797e-02
1.677910089492797852e-01 4.685878753662109375e-03 1.891851425170898438e-02 1.323342323303222656e-02 1.106977462768554688e-02 2.842313051223754883e-02 1.307666301727294922e-03 1.099705696105957031e-03 4.738676548004150391e-02 1.264315843582153320e-02 5.283415317535400391e-03 1.106983423233032227e-02 8.247256278991699219e-03 4.317224025726318359e-02 8.548367023468017578e-02 7.012259960174560547e-02 2.196162939071655273e-02 1.322025060653686523e-02 3.187710046768188477e-02 1.090168952941894531e-02 1.614117622375488281e-02 6.455898284912109375e-03 3.926324844360351562e-02 8.429467678070068359e-03 1.339733600616455078e-02 1.339733600616455078e-02 0.000000000000000000e+00 8.429408073425292969e-03 7.509160041809082031e-02 1.307666301727294922e-03 3.614366054534912109e-02 1.193177700042724609e-02 8.247256278991699219e-03 6.074023246765136719e-02
1.593616008758544922e-01 3.743529319763183594e-03 1.048910617828369141e-02 2.166283130645751953e-02 1.949918270111083984e-02 1.999372243881225586e-02 7.121741771697998047e-03 9.529113769531250000e-03 3.895735740661621094e-02 2.107256650924682617e-02 1.371282339096069336e-02 1.949924230575561523e-02 1.667666435241699219e-02 3.474283218383789062e-02 7.705426216125488281e-02 6.169319152832031250e-02 1.353222131729125977e-02 2.164965867996215820e-02 2.344769239425659180e-02 2.472281455993652344e-03 7.711768150329589844e-03 1.973509788513183594e-03 3.083384037017822266e-02 5.960464477539062500e-08 2.182674407958984375e-02 2.182674407958984375e-02 8.429408073425292969e-03 0.000000000000000000e+00 6.666219234466552734e-02 7.121741771697998047e-03 4.457306861877441406e-02 2.036118507385253906e-02 1.667666435241699219e-02 5.231082439422607422e-02
9.269940853118896484e-02 7.040572166442871094e-02 5.617308616638183594e-02 8.832502365112304688e-02 8.616137504577636719e-02 4.666846990585327148e-02 7.378393411636352539e-02 7.619130611419677734e-02 2.770483493804931641e-02 8.773475885391235352e-02 8.037501573562622070e-02 8.616143465042114258e-02 8.333885669708251953e-02 3.191936016082763672e-02 1.039206981658935547e-02 4.969000816345214844e-03 5.312997102737426758e-02 8.831185102462768555e-02 4.321449995040893555e-02 6.418991088867187500e-02 5.895042419433593750e-02 6.863570213317871094e-02 3.582835197448730469e-02 6.666213274002075195e-02 8.848893642425537109e-02 8.848893642425537109e-02 7.509160041809082031e-02 6.666219234466552734e-02 0.000000000000000000e+00 7.378393411636352539e-02 1.112352609634399414e-01 8.702337741851806641e-02 8.333885669708251953e-02 1.435136795043945312e-02
1.664833426475524902e-01 3.378212451934814453e-03 1.761084794998168945e-02 1.454108953475952148e-02 1.237744092941284180e-02 2.711546421051025391e-02 0.000000000000000000e+00 2.407371997833251953e-03 4.607909917831420898e-02 1.395082473754882812e-02 6.591081619262695312e-03 1.237750053405761719e-02 9.554922580718994141e-03 4.186457395553588867e-02 8.417600393295288086e-02 6.881493330001831055e-02 2.065396308898925781e-02 1.452791690826416016e-02 3.056943416595458984e-02 9.594023227691650391e-03 1.483350992202758789e-02 5.148231983184814453e-03 3.795558214187622070e-02 7.121801376342773438e-03 1.470500230789184570e-02 1.470500230789184570e-02 1.307666301727294922e-03 7.121741771697998047e-03 7.378393411636352539e-02 0.000000000000000000e+00 3.745132684707641602e-02 1.323944330215454102e-02 9.554922580718994141e-03 5.943256616592407227e-02
2.039346694946289062e-01 4.082953929901123047e-02 5.506217479705810547e-02 2.291023731231689453e-02 2.507388591766357422e-02 6.456679105758666992e-02 3.745132684707641602e-02 3.504395484924316406e-02 8.353042602539062500e-02 2.350050210952758789e-02 3.086024522781372070e-02 2.507382631301879883e-02 2.789640426635742188e-02 7.931590080261230469e-02 1.216273307800292969e-01 1.062662601470947266e-01 5.810528993606567383e-02 2.292340993881225586e-02 6.802076101303100586e-02 4.704535007476806641e-02 5.228483676910400391e-02 4.259955883026123047e-02 7.540690898895263672e-02 4.457312822341918945e-02 2.274632453918457031e-02 2.274632453918457031e-02 3.614366054534912109e-02 4.457306861877441406e-02 1.112352609634399414e-01 3.745132684707641602e-02 0.000000000000000000e+00 2.421188354492187500e-02 2.789640426635742188e-02 9.688389301300048828e-02
1.797227859497070312e-01 1.661765575408935547e-02 3.085029125213623047e-02 1.301646232604980469e-03 8.620023727416992188e-04 4.035490751266479492e-02 1.323944330215454102e-02 1.083207130432128906e-02 5.931854248046875000e-02 7.113814353942871094e-04 6.648361682891845703e-03 8.619427680969238281e-04 3.684520721435546875e-03 5.510401725769042969e-02 9.741544723510742188e-02 8.205437660217285156e-02 3.389340639114379883e-02 1.288473606109619141e-03 4.380887746810913086e-02 2.283346652984619141e-02 2.807295322418212891e-02 1.838767528533935547e-02 5.119502544403076172e-02 2.036124467849731445e-02 1.465559005737304688e-03 1.465559005737304688e-03 1.193177700042724609e-02 2.036118507385253906e-02 8.702337741851806641e-02 1.323944330215454102e-02 2.421188354492187500e-02 0.000000000000000000e+00 3.684520721435546875e-03 7.267200946807861328e-02
1.760382652282714844e-01 1.293313503265380859e-02 2.716577053070068359e-02 4.986166954040527344e-03 2.822518348693847656e-03 3.667038679122924805e-02 9.554922580718994141e-03 7.147550582885742188e-03 5.563402175903320312e-02 4.395902156829833984e-03 2.963840961456298828e-03 2.822577953338623047e-03 0.000000000000000000e+00 5.141949653625488281e-02 9.373092651367187500e-02 7.836985588073730469e-02 3.020888566970825195e-02 4.972994327545166016e-03 4.012435674667358398e-02 1.914894580841064453e-02 2.438843250274658203e-02 1.470315456390380859e-02 4.751050472259521484e-02 1.667672395706176758e-02 5.150079727172851562e-03 5.150079727172851562e-03 8.247256278991699219e-03 1.667666435241699219e-02 8.333885669708251953e-02 9.554922580718994141e-03 2.789640426635742188e-02 3.684520721435546875e-03 0.000000000000000000e+00 6.898748874664306641e-02
1.070507764816284180e-01 5.605435371398925781e-02 4.182171821594238281e-02 7.397365570068359375e-02 7.181000709533691406e-02 3.231710195541381836e-02 5.943256616592407227e-02 6.183993816375732422e-02 1.335346698760986328e-02 7.338339090347290039e-02 6.602364778518676758e-02 7.181006669998168945e-02 6.898748874664306641e-02 1.756799221038818359e-02 2.474343776702880859e-02 9.382367134094238281e-03 3.877860307693481445e-02 7.396048307418823242e-02 2.886313199996948242e-02 4.983854293823242188e-02 4.459905624389648438e-02 5.428433418273925781e-02 2.147698402404785156e-02 5.231076478958129883e-02 7.413756847381591797e-02 7.413756847381591797e-02 6.074023246765136719e-02 5.231082439422607422e-02 1.435136795043945312e-02 5.943256616592407227e-02 9.688389301300048828e-02 7.267200946807861328e-02 6.898748874664306641e-02 0.000000000000000000e+00
