0.000000000000000000e+00 1.466962695121765137e-01 1.183166503906250000e-01 1.668548583984375000e-01 5.165922641754150391e-02 1.503700613975524902e-01 1.351901292800903320e-01 1.431410312652587891e-01 1.446025371551513672e-01 1.548608541488647461e-01 1.582141518592834473e-01 1.601253151893615723e-01 1.351901888847351074e-01 1.183167099952697754e-01 5.669587850570678711e-02 9.285622835159301758e-02 1.376837491989135742e-01 1.486769318580627441e-01 1.044441461563110352e-01 1.582141518592834473e-01 1.007534861564636230e-01 1.567627191543579102e-01 7.111650705337524414e-02 1.431409716606140137e-01 1.601253151893615723e-01 1.562293171882629395e-01 1.376838088035583496e-01 1.376838088035583496e-01 7.571649551391601562e-02 1.446025371551513672e-01 1.689148545265197754e-01 1.594312787055969238e-01 8.451294898986816406e-02 1.183167099952697754e-01
1.466962695121765137e-01 0.000000000000000000e+00 2.837961912155151367e-02 2.015858888626098633e-02 9.503704309463500977e-02 3.673791885375976562e-03 1.150614023208618164e-02 3.555238246917724609e-03 2.093732357025146484e-03 8.164584636688232422e-03 1.151788234710693359e-02 1.342904567718505859e-02 1.150608062744140625e-02 2.837955951690673828e-02 9.000039100646972656e-02 5.384004116058349609e-02 9.012520313262939453e-03 1.980662345886230469e-03 4.225212335586547852e-02 1.151788234710693359e-02 4.594278335571289062e-02 1.006644964218139648e-02 7.557976245880126953e-02 3.555297851562500000e-03 1.342904567718505859e-02 9.533047676086425781e-03 9.012460708618164062e-03 9.012460708618164062e-03 7.097977399826049805e-02 2.093732357025146484e-03 2.221858501434326172e-02 1.273500919342041016e-02 6.218332052230834961e-02 2.837955951690673828e-02
1.183166503906250000e-01 2.837961912155151367e-02 0.000000000000000000e+00 4.853820800781250000e-02 6.665742397308349609e-02 3.205341100692749023e-02 1.687347888946533203e-02 2.482438087463378906e-02 2.628588676452636719e-02 3.654420375823974609e-02 3.989750146865844727e-02 4.180866479873657227e-02 1.687353849411010742e-02 5.960464477539062500e-08 6.162077188491821289e-02 2.546042203903198242e-02 1.936709880828857422e-02 3.036028146743774414e-02 1.387250423431396484e-02 3.989750146865844727e-02 1.756316423416137695e-02 3.844606876373291016e-02 4.720014333724975586e-02 2.482432126998901367e-02 4.180866479873657227e-02 3.791266679763793945e-02 1.936715841293334961e-02 1.936715841293334961e-02 4.260015487670898438e-02 2.628588676452636719e-02 5.059820413589477539e-02 4.111462831497192383e-02 3.380370140075683594e-02 5.960464477539062500e-08
1.668548583984375000e-01 2.015858888626098633e-02 4.853820800781250000e-02 0.000000000000000000e+00 1.151956319808959961e-01 1.648479700088500977e-02 3.166472911834716797e-02 2.371382713317871094e-02 2.225232124328613281e-02 1.199400424957275391e-02 8.640706539154052734e-03 6.729543209075927734e-03 3.166466951370239258e-02 4.853814840316772461e-02 1.101589798927307129e-01 7.399863004684448242e-02 2.917110919952392578e-02 1.817792654037475586e-02 6.241071224212646484e-02 8.640706539154052734e-03 6.610137224197387695e-02 1.009213924407958984e-02 9.573835134506225586e-02 2.371388673782348633e-02 6.729543209075927734e-03 1.062554121017456055e-02 2.917104959487915039e-02 2.917104959487915039e-02 9.113836288452148438e-02 2.225232124328613281e-02 2.059996128082275391e-03 7.423579692840576172e-03 8.234190940856933594e-02 4.853814840316772461e-02
5.165922641754150391e-02 9.503704309463500977e-02 6.665742397308349609e-02 1.151956319808959961e-01 0.000000000000000000e+00 9.871083498001098633e-02 8.353090286254882812e-02 9.148180484771728516e-02 9.294331073760986328e-02 1.032016277313232422e-01 1.065549254417419434e-01 1.084660887718200684e-01 8.353096246719360352e-02 6.665748357772827148e-02 5.036652553826570511e-03 4.119700193405151367e-02 8.602452278137207031e-02 9.701770544052124023e-02 5.278491973876953125e-02 1.065549254417419434e-01 4.909425973892211914e-02 1.051034927368164062e-01 1.945728063583374023e-02 9.148174524307250977e-02 1.084660887718200684e-01 1.045700907707214355e-01 8.602458238601684570e-02 8.602458238601684570e-02 2.405726909637451172e-02 9.294331073760986328e-02 1.172556281089782715e-01 1.077720522880554199e-01 3.285372257232666016e-02 6.665748357772827148e-02
1.503700613975524902e-01 3.673791885375976562e-03 3.205341100692749023e-02 1.648479700088500977e-02 9.871083498001098633e-02 0.000000000000000000e+00 1.517993211746215820e-02 7.229030132293701172e-03 5.767524242401123047e-03 4.490792751312255859e-03 7.844090461730957031e-03 9.755253791809082031e-03 1.517987251281738281e-02 3.205335140228271484e-02 9.367418289184570312e-02 5.751383304595947266e-02 1.268631219863891602e-02 1.693129539489746094e-03 4.592591524124145508e-02 7.844090461730957031e-03 4.961657524108886719e-02 6.392657756805419922e-03 7.925355434417724609e-02 7.229089736938476562e-03 9.755253791809082031e-03 5.859255790710449219e-03 1.268625259399414062e-02 1.268625259399414062e-02 7.465356588363647461e-02 5.767524242401123047e-03 1.854479312896728516e-02 9.061217308044433594e-03 6.585711240768432617e-02 3.205335140228271484e-02
1.351901292800903320e-01 1.150614023208618164e-02 1.687347888946533203e-02 3.166472911834716797e-02 8.353090286254882812e-02 1.517993211746215820e-02 0.000000000000000000e+00 7.950901985168457031e-03 9.412407875061035156e-03 1.967072486877441406e-02 2.302402257919311523e-02 2.493518590927124023e-02 5.960464477539062500e-08 1.687341928482055664e-02 7.849425077438354492e-02 4.233390092849731445e-02 2.493619918823242188e-03 1.348680257797241211e-02 3.074598312377929688e-02 2.302402257919311523e-02 3.443664312362670898e-02 2.157258987426757812e-02 6.407362222671508789e-02 7.950842380523681641e-03 2.493518590927124023e-02 2.103918790817260742e-02 2.493679523468017578e-03 2.493679523468017578e-03 5.947363376617431641e-02 9.412407875061035156e-03 3.372472524642944336e-02 2.424114942550659180e-02 5.067718029022216797e-02 1.687341928482055664e-02
1.431410312652587891e-01 3.555238246917724609e-03 2.482438087463378906e-02 2.371382713317871094e-02 9.148180484771728516e-02 7.229030132293701172e-03 7.950901985168457031e-03 0.000000000000000000e+00 1.461505889892578125e-03 1.171982288360595703e-02 1.507312059402465820e-02 1.698428392410278320e-02 7.950842380523681641e-03 2.482432126998901367e-02 8.644515275955200195e-02 5.028480291366577148e-02 5.457282066345214844e-03 5.535900592803955078e-03 3.869688510894775391e-02 1.507312059402465820e-02 4.238754510879516602e-02 1.362168788909912109e-02 7.202452421188354492e-02 5.960464477539062500e-08 1.698428392410278320e-02 1.308828592300415039e-02 5.457222461700439453e-03 5.457222461700439453e-03 6.742453575134277344e-02 1.461505889892578125e-03 2.577382326126098633e-02 1.629024744033813477e-02 5.862808227539062500e-02 2.482432126998901367e-02
1.446025371551513672e-01 2.093732357025146484e-03 2.628588676452636719e-02 2.225232124328613281e-02 9.294331073760986328e-02 5.767524242401123047e-03 9.412407875061035156e-03 1.461505889892578125e-03 0.000000000000000000e+00 1.025831699371337891e-02 1.361161470413208008e-02 1.552277803421020508e-02 9.412348270416259766e-03 2.628582715988159180e-02 8.790665864944458008e-02 5.174630880355834961e-02 6.918787956237792969e-03 4.074394702911376953e-03 4.015839099884033203e-02 1.361161470413208008e-02 4.384905099868774414e-02 1.216018199920654297e-02 7.348603010177612305e-02 1.461565494537353516e-03 1.552277803421020508e-02 1.162678003311157227e-02 6.918728351593017578e-03 6.918728351593017578e-03 6.888604164123535156e-02 0.000000000000000000e+00 2.431231737136840820e-02 1.482874155044555664e-02 6.008958816528320312e-02 2.628582715988159180e-02
1.548608541488647461e-01 8.164584636688232422e-03 3.654420375823974609e-02 1.199400424957275391e-02 1.032016277313232422e-01 4.490792751312255859e-03 1.967072486877441406e-02 1.171982288360595703e-02 1.025831699371337891e-02 0.000000000000000000e+00 3.353297710418701172e-03 5.264461040496826172e-03 1.967066526412963867e-02 3.654414415359497070e-02 9.816497564315795898e-02 6.200462579727172852e-02 1.717710494995117188e-02 6.183922290802001953e-03 5.041670799255371094e-02 3.353297710418701172e-03 5.410736799240112305e-02 1.901865005493164062e-03 8.374434709548950195e-02 1.171988248825073242e-02 5.264461040496826172e-03 1.368463039398193359e-03 1.717704534530639648e-02 1.717704534530639648e-02 7.914435863494873047e-02 1.025831699371337891e-02 1.405400037765502930e-02 4.570424556732177734e-03 7.034790515899658203e-02 3.654414415359497070e-02
1.582141518592834473e-01 1.151788234710693359e-02 3.989750146865844727e-02 8.640706539154052734e-03 1.065549254417419434e-01 7.844090461730957031e-03 2.302402257919311523e-02 1.507312059402465820e-02 1.361161470413208008e-02 3.353297710418701172e-03 0.000000000000000000e+00 1.911163330078125000e-03 2.302396297454833984e-02 3.989744186401367188e-02 1.015182733535766602e-01 6.535792350769042969e-02 2.053040266036987305e-02 9.537220001220703125e-03 5.377000570297241211e-02 0.000000000000000000e+00 5.746066570281982422e-02 1.451432704925537109e-03 8.709764480590820312e-02 1.507318019866943359e-02 1.911163330078125000e-03 1.984834671020507812e-03 2.053034305572509766e-02 2.053034305572509766e-02 8.249765634536743164e-02 1.361161470413208008e-02 1.070070266723632812e-02 1.217126846313476562e-03 7.370120286941528320e-02 3.989744186401367188e-02
1.601253151893615723e-01 1.342904567718505859e-02 4.180866479873657227e-02 6.729543209075927734e-03 1.084660887718200684e-01 9.755253791809082031e-03 2.493518590927124023e-02 1.698428392410278320e-02 1.552277803421020508e-02 5.264461040496826172e-03 1.911163330078125000e-03 0.000000000000000000e+00 2.493512630462646484e-02 4.180860519409179688e-02 1.034294366836547852e-01 6.726908683776855469e-02 2.244156599044799805e-02 1.144838333129882812e-02 5.568116903305053711e-02 1.911163330078125000e-03 5.937182903289794922e-02 3.362596035003662109e-03 8.900880813598632812e-02 1.698434352874755859e-02 0.000000000000000000e+00 3.895998001098632812e-03 2.244150638580322266e-02 2.244150638580322266e-02 8.440881967544555664e-02 1.552277803421020508e-02 8.789539337158203125e-03 6.940364837646484375e-04 7.561236619949340820e-02 4.180860519409179688e-02
1.351901888847351074e-01 1.150608062744140625e-02 1.687353849411010742e-02 3.166466951370239258e-02 8.353096246719360352e-02 1.517987251281738281e-02 5.960464477539062500e-08 7.950842380523681641e-03 9.412348270416259766e-03 1.967066526412963867e-02 2.302396297454833984e-02 2.493512630462646484e-02 0.000000000000000000e+00 1.687347888946533203e-02 7.849431037902832031e-02 4.233396053314208984e-02 2.493560314178466797e-03 1.348674297332763672e-02 3.074604272842407227e-02 2.302396297454833984e-02 3.443670272827148438e-02 2.157253026962280273e-02 6.407368183135986328e-02 7.950782775878906250e-03 2.493512630462646484e-02 2.103912830352783203e-02 2.493619918823242188e-03 2.493619918823242188e-03 5.947369337081909180e-02 9.412348270416259766e-03 3.372466564178466797e-02 2.424108982086181641e-02 5.067723989486694336e-02 1.687347888946533203e-02
1.183167099952697754e-01 2.837955951690673828e-02 5.960464477539062500e-08 4.853814840316772461e-02 6.665748357772827148e-02 3.205335140228271484e-02 1.687341928482055664e-02 2.482432126998901367e-02 2.628582715988159180e-02 3.654414415359497070e-02 3.989744186401367188e-02 4.180860519409179688e-02 1.687347888946533203e-02 0.000000000000000000e+00 6.162083148956298828e-02 2.546048164367675781e-02 1.936703920364379883e-02 3.036022186279296875e-02 1.387256383895874023e-02 3.989744186401367188e-02 1.756322383880615234e-02 3.844600915908813477e-02 4.720020294189453125e-02 2.482426166534423828e-02 4.180860519409179688e-02 3.791260719299316406e-02 1.936709880828857422e-02 1.936709880828857422e-02 4.260021448135375977e-02 2.628582715988159180e-02 5.059814453125000000e-02 4.111456871032714844e-02 3.380376100540161133e-02 0.000000000000000000e+00
5.669587850570678711e-02 9.000039100646972656e-02 6.162077188491821289e-02 1.101589798927307129e-01 5.036652553826570511e-03 9.367418289184570312e-02 7.849425077438354492e-02 8.644515275955200195e-02 8.790665864944458008e-02 9.816497564315795898e-02 1.015182733535766602e-01 1.034294366836547852e-01 7.849431037902832031e-02 6.162083148956298828e-02 0.000000000000000000e+00 3.616034984588623047e-02 8.098787069320678711e-02 9.198105335235595703e-02 4.774826765060424805e-02 1.015182733535766602e-01 4.405760765075683594e-02 1.000668406486511230e-01 1.442062854766845703e-02 8.644509315490722656e-02 1.034294366836547852e-01 9.953343868255615234e-02 8.098793029785156250e-02 8.098793029785156250e-02 1.902061700820922852e-02 8.790665864944458008e-02 1.122189760208129883e-01 1.027354001998901367e-01 2.781707048416137695e-02 6.162083148956298828e-02
9.285622835159301758e-02 5.384004116058349609e-02 2.546042203903198242e-02 7.399863004684448242e-02 4.119700193405151367e-02 5.751383304595947266e-02 4.233390092849731445e-02 5.028480291366577148e-02 5.174630880355834961e-02 6.200462579727172852e-02 6.535792350769042969e-02 6.726908683776855469e-02 4.233396053314208984e-02 2.546048164367675781e-02 3.616034984588623047e-02 0.000000000000000000e+00 4.482752084732055664e-02 5.582070350646972656e-02 1.158791780471801758e-02 6.535792350769042969e-02 7.897257804870605469e-03 6.390649080276489258e-02 2.173972129821777344e-02 5.028474330902099609e-02 6.726908683776855469e-02 6.337308883666992188e-02 4.482758045196533203e-02 4.482758045196533203e-02 1.713973283767700195e-02 5.174630880355834961e-02 7.605862617492675781e-02 6.657505035400390625e-02 8.343279361724853516e-03 2.546048164367675781e-02
1.376837491989135742e-01 9.012520313262939453e-03 1.936709880828857422e-02 2.917110919952392578e-02 8.602452278137207031e-02 1.268631219863891602e-02 2.493619918823242188e-03 5.457282066345214844e-03 6.918787956237792969e-03 1.717710494995117188e-02 2.053040266036987305e-02 2.244156599044799805e-02 2.493560314178466797e-03 1.936703920364379883e-02 8.098787069320678711e-02 4.482752084732055664e-02 0.000000000000000000e+00 1.099318265914916992e-02 3.323960304260253906e-02 2.053040266036987305e-02 3.693026304244995117e-02 1.907896995544433594e-02 6.656724214553833008e-02 5.457222461700439453e-03 2.244156599044799805e-02 1.854556798934936523e-02 5.960464477539062500e-08 5.960464477539062500e-08 6.196725368499755859e-02 6.918787956237792969e-03 3.123110532760620117e-02 2.174752950668334961e-02 5.317080020904541016e-02 1.936703920364379883e-02
1.486769318580627441e-01 1.980662345886230469e-03 3.036028146743774414e-02 1.817792654037475586e-02 9.701770544052124023e-02 1.693129539489746094e-03 1.348680257797241211e-02 5.535900592803955078e-03 4.074394702911376953e-03 6.183922290802001953e-03 9.537220001220703125e-03 1.144838333129882812e-02 1.348674297332763672e-02 3.036022186279296875e-02 9.198105335235595703e-02 5.582070350646972656e-02 1.099318265914916992e-02 0.000000000000000000e+00 4.423278570175170898e-02 9.537220001220703125e-03 4.792344570159912109e-02 8.085787296295166016e-03 7.756042480468750000e-02 5.535960197448730469e-03 1.144838333129882812e-02 7.552385330200195312e-03 1.099312305450439453e-02 1.099312305450439453e-02 7.296043634414672852e-02 4.074394702911376953e-03 2.023792266845703125e-02 1.075434684753417969e-02 6.416398286819458008e-02 3.036022186279296875e-02
1.044441461563110352e-01 4.225212335586547852e-02 1.387250423431396484e-02 6.241071224212646484e-02 5.278491973876953125e-02 4.592591524124145508e-02 3.074598312377929688e-02 3.869688510894775391e-02 4.015839099884033203e-02 5.041670799255371094e-02 5.377000570297241211e-02 5.568116903305053711e-02 3.074604272842407227e-02 1.387256383895874023e-02 4.774826765060424805e-02 1.158791780471801758e-02 3.323960304260253906e-02 4.423278570175170898e-02 0.000000000000000000e+00 5.377000570297241211e-02 3.690659999847412109e-03 5.231857299804687500e-02 3.332763910293579102e-02 3.869682550430297852e-02 5.568116903305053711e-02 5.178517103195190430e-02 3.323966264724731445e-02 3.323966264724731445e-02 2.872765064239501953e-02 4.015839099884033203e-02 6.447070837020874023e-02 5.498713254928588867e-02 1.993119716644287109e-02 1.387256383895874023e-02
1.582141518592834473e-01 1.151788234710693359e-02 3.989750146865844727e-02 8.640706539154052734e-03 1.065549254417419434e-01 7.844090461730957031e-03 2.302402257919311523e-02 1.507312059402465820e-02 1.361161470413208008e-02 3.353297710418701172e-03 0.000000000000000000e+00 1.911163330078125000e-03 2.302396297454833984e-02 3.989744186401367188e-02 1.015182733535766602e-01 6.535792350769042969e-02 2.053040266036987305e-02 9.537220001220703125e-03 5.377000570297241211e-02 0.000000000000000000e+00 5.746066570281982422e-02 1.451432704925537109e-03 8.709764480590820312e-02 1.507318019866943359e-02 1.911163330078125000e-03 1.984834671020507812e-03 2.053034305572509766e-02 2.053034305572509766e-02 8.249765634536743164e-02 1.361161470413208008e-02 1.070070266723632812e-02 1.217126846313476562e-03 7.370120286941528320e-02 3.989744186401367188e-02
1.007534861564636230e-01 4.594278335571289062e-02 1.756316423416137695e-02 6.610137224197387695e-02 4.909425973892211914e-02 4.961657524108886719e-02 3.443664312362670898e-02 4.238754510879516602e-02 4.384905099868774414e-02 5.410736799240112305e-02 5.746066570281982422e-02 5.937182903289794922e-02 3.443670272827148438e-02 1.756322383880615234e-02 4.405760765075683594e-02 7.897257804870605469e-03 3.693026304244995117e-02 4.792344570159912109e-02 3.690659999847412109e-03 5.746066570281982422e-02 0.000000000000000000e+00 5.600923299789428711e-02 2.963697910308837891e-02 4.238748550415039062e-02 5.937182903289794922e-02 5.547583103179931641e-02 3.693032264709472656e-02 3.693032264709472656e-02 2.503699064254760742e-02 4.384905099868774414e-02 6.816136837005615234e-02 5.867779254913330078e-02 1.624053716659545898e-02 1.756322383880615234e-02
1.567627191543579102e-01 1.006644964218139648e-02 3.844606876373291016e-02 1.009213924407958984e-02 1.051034927368164062e-01 6.392657756805419922e-03 2.157258987426757812e-02 1.362168788909912109e-02 1.216018199920654297e-02 1.901865005493164062e-03 1.451432704925537109e-03 3.362596035003662109e-03 2.157253026962280273e-02 3.844600915908813477e-02 1.000668406486511230e-01 6.390649080276489258e-02 1.907896995544433594e-02 8.085787296295166016e-03 5.231857299804687500e-02 1.451432704925537109e-03 5.600923299789428711e-02 0.000000000000000000e+00 8.564621210098266602e-02 1.362174749374389648e-02 3.362596035003662109e-03 5.334019660949707031e-04 1.907891035079956055e-02 1.907891035079956055e-02 8.104622364044189453e-02 1.216018199920654297e-02 1.215213537216186523e-02 2.668559551239013672e-03 7.224977016448974609e-02 3.844600915908813477e-02
7.111650705337524414e-02 7.557976245880126953e-02 4.720014333724975586e-02 9.573835134506225586e-02 1.945728063583374023e-02 7.925355434417724609e-02 6.407362222671508789e-02 7.202452421188354492e-02 7.348603010177612305e-02 8.374434709548950195e-02 8.709764480590820312e-02 8.900880813598632812e-02 6.407368183135986328e-02 4.720020294189453125e-02 1.442062854766845703e-02 2.173972129821777344e-02 6.656724214553833008e-02 7.756042480468750000e-02 3.332763910293579102e-02 8.709764480590820312e-02 2.963697910308837891e-02 8.564621210098266602e-02 0.000000000000000000e+00 7.202446460723876953e-02 8.900880813598632812e-02 8.511281013488769531e-02 6.656730175018310547e-02 6.656730175018310547e-02 4.599988460540771484e-03 7.348603010177612305e-02 9.779834747314453125e-02 8.831477165222167969e-02 1.339644193649291992e-02 4.720020294189453125e-02
1.431409716606140137e-01 3.555297851562500000e-03 2.482432126998901367e-02 2.371388673782348633e-02 9.148174524307250977e-02 7.229089736938476562e-03 7.950842380523681641e-03 5.960464477539062500e-08 1.461565494537353516e-03 1.171988248825073242e-02 1.507318019866943359e-02 1.698434352874755859e-02 7.950782775878906250e-03 2.482426166534423828e-02 8.644509315490722656e-02 5.028474330902099609e-02 5.457222461700439453e-03 5.535960197448730469e-03 3.869682550430297852e-02 1.507318019866943359e-02 4.238748550415039062e-02 1.362174749374389648e-02 7.202446460723876953e-02 0.000000000000000000e+00 1.698434352874755859e-02 1.308834552764892578e-02 5.457162857055664062e-03 5.457162857055664062e-03 6.742447614669799805e-02 1.461565494537353516e-03 2.577388286590576172e-02 1.629030704498291016e-02 5.862802267074584961e-02 2.482426166534423828e-02
1.601253151893615723e-01 1.342904567718505859e-02 4.180866479873657227e-02 6.729543209075927734e-03 1.084660887718200684e-01 9.755253791809082031e-03 2.493518590927124023e-02 1.698428392410278320e-02 1.552277803421020508e-02 5.264461040496826172e-03 1.911163330078125000e-03 0.000000000000000000e+00 2.493512630462646484e-02 4.180860519409179688e-02 1.034294366836547852e-01 6.726908683776855469e-02 2.244156599044799805e-02 1.144838333129882812e-02 5.568116903305053711e-02 1.911163330078125000e-03 5.937182903289794922e-02 3.362596035003662109e-03 8.900880813598632812e-02 1.698434352874755859e-02 0.000000000000000000e+00 3.895998001098632812e-03 2.244150638580322266e-02 2.244150638580322266e-02 8.440881967544555664e-02 1.552277803421020508e-02 8.789539337158203125e-03 6.940364837646484375e-04 7.561236619949340820e-02 4.180860519409179688e-02
1.562293171882629395e-01 9.533047676086425781e-03 3.791266679763793945e-02 1.062554121017456055e-02 1.045700907707214355e-01 5.859255790710449219e-03 2.103918790817260742e-02 1.308828592300415039e-02 1.162678003311157227e-02 1.368463039398193359e-03 1.984834671020507812e-03 3.895998001098632812e-03 2.103912830352783203e-02 3.791260719299316406e-02 9.953343868255615234e-02 6.337308883666992188e-02 1.854556798934936523e-02 7.552385330200195312e-03 5.178517103195190430e-02 1.984834671020507812e-03 5.547583103179931641e-02 5.334019660949707031e-04 8.511281013488769531e-02 1.308834552764892578e-02 3.895998001098632812e-03 0.000000000000000000e+00 1.854550838470458984e-02 1.854550838470458984e-02 8.051282167434692383e-02 1.162678003311157227e-02 1.268553733825683594e-02 3.201961517333984375e-03 7.171636819839477539e-02 3.791260719299316406e-02
1.376838088035583496e-01 9.012460708618164062e-03 1.936715841293334961e-02 2.917104959487915039e-02 8.602458238601684570e-02 1.268625259399414062e-02 2.493679523468017578e-03 5.457222461700439453e-03 6.918728351593017578e-03 1.717704534530639648e-02 2.053034305572509766e-02 2.244150638580322266e-02 2.493619918823242188e-03 1.936709880828857422e-02 8.098793029785156250e-02 4.482758045196533203e-02 5.960464477539062500e-08 1.099312305450439453e-02 3.323966264724731445e-02 2.053034305572509766e-02 3.693032264709472656e-02 1.907891035079956055e-02 6.656730175018310547e-02 5.457162857055664062e-03 2.244150638580322266e-02 1.854550838470458984e-02 0.000000000000000000e+00 0.000000000000000000e+00 6.196731328964233398e-02 6.918728351593017578e-03 3.123104572296142578e-02 2.174746990203857422e-02 5.317085981369018555e-02 1.936709880828857422e-02
1.376838088035583496e-01 9.012460708618164062e-03 1.936715841293334961e-02 2.917104959487915039e-02 8.602458238601684570e-02 1.268625259399414062e-02 2.493679523468017578e-03 5.457222461700439453e-03 6.918728351593017578e-03 1.717704534530639648e-02 2.053034305572509766e-02 2.244150638580322266e-02 2.493619918823242188e-03 1.936709880828857422e-02 8.098793029785156250e-02 4.482758045196533203e-02 5.960464477539062500e-08 1.099312305450439453e-02 3.323966264724731445e-02 2.053034305572509766e-02 3.693032264709472656e-02 1.907891035079956055e-02 6.656730175018310547e-02 5.457162857055664062e-03 2.244150638580322266e-02 1.854550838470458984e-02 0.000000000000000000e+00 0.000000000000000000e+00 6.196731328964233398e-02 6.918728351593017578e-03 3.123104572296142578e-02 2.174746990203857422e-02 5.317085981369018555e-02 1.936709880828857422e-02
7.571649551391601562e-02 7.097977399826049805e-02 4.260015487670898438e-02 9.113836288452148438e-02 2.405726909637451172e-02 7.465356588363647461e-02 5.947363376617431641e-02 6.742453575134277344e-02 6.888604164123535156e-02 7.914435863494873047e-02 8.249765634536743164e-02 8.440881967544555664e-02 5.947369337081909180e-02 4.260021448135375977e-02 1.902061700820922852e-02 1.713973283767700195e-02 6.196725368499755859e-02 7.296043634414672852e-02 2.872765064239501953e-02 8.249765634536743164e-02 2.503699064254760742e-02 8.104622364044189453e-02 4.599988460540771484e-03 6.742447614669799805e-02 8.440881967544555664e-02 8.051282167434692383e-02 6.196731328964233398e-02 6.196731328964233398e-02 0.000000000000000000e+00 6.888604164123535156e-02 9.319835901260375977e-02 8.371478319168090820e-02 8.796453475952148438e-03 4.260021448135375977e-02
1.446025371551513672e-01 2.093732357025146484e-03 2.628588676452636719e-02 2.225232124328613281e-02 9.294331073760986328e-02 5.767524242401123047e-03 9.412407875061035156e-03 1.461505889892578125e-03 0.000000000000000000e+00 1.025831699371337891e-02 1.361161470413208008e-02 1.552277803421020508e-02 9.412348270416259766e-03 2.628582715988159180e-02 8.790665864944458008e-02 5.174630880355834961e-02 6.918787956237792969e-03 4.074394702911376953e-03 4.015839099884033203e-02 1.361161470413208008e-02 4.384905099868774414e-02 1.216018199920654297e-02 7.348603010177612305e-02 1.461565494537353516e-03 1.552277803421020508e-02 1.162678003311157227e-02 6.918728351593017578e-03 6.918728351593017578e-03 6.888604164123535156e-02 0.000000000000000000e+00 2.431231737136840820e-02 1.482874155044555664e-02 6.008958816528320312e-02 2.628582715988159180e-02
1.689148545265197754e-01 2.221858501434326172e-02 5.059820413589477539e-02 2.059996128082275391e-03 1.172556281089782715e-01 1.854479312896728516e-02 3.372472524642944336e-02 2.577382326126098633e-02 2.431231737136840820e-02 1.405400037765502930e-02 1.070070266723632812e-02 8.789539337158203125e-03 3.372466564178466797e-02 5.059814453125000000e-02 1.122189760208129883e-01 7.605862617492675781e-02 3.123110532760620117e-02 2.023792266845703125e-02 6.447070837020874023e-02 1.070070266723632812e-02 6.816136837005615234e-02 1.215213537216186523e-02 9.779834747314453125e-02 2.577388286590576172e-02 8.789539337158203125e-03 1.268553733825683594e-02 3.123104572296142578e-02 3.123104572296142578e-02 9.319835901260375977e-02 2.431231737136840820e-02 0.000000000000000000e+00 9.483575820922851562e-03 8.440190553665161133e-02 5.059814453125000000e-02
1.594312787055969238e-01 1.273500919342041016e-02 4.111462831497192383e-02 7.423579692840576172e-03 1.077720522880554199e-01 9.061217308044433594e-03 2.424114942550659180e-02 1.629024744033813477e-02 1.482874155044555664e-02 4.570424556732177734e-03 1.217126846313476562e-03 6.940364837646484375e-04 2.424108982086181641e-02 4.111456871032714844e-02 1.027354001998901367e-01 6.657505035400390625e-02 2.174752950668334961e-02 1.075434684753417969e-02 5.498713254928588867e-02 1.217126846313476562e-03 5.867779254913330078e-02 2.668559551239013672e-03 8.831477165222167969e-02 1.629030704498291016e-02 6.940364837646484375e-04 3.201961517333984375e-03 2.174746990203857422e-02 2.174746990203857422e-02 8.371478319168090820e-02 1.482874155044555664e-02 9.483575820922851562e-03 0.000000000000000000e+00 7.491832971572875977e-02 4.111456871032714844e-02
8.451294898986816406e-02 6.218332052230834961e-02 3.380370140075683594e-02 8.234190940856933594e-02 3.285372257232666016e-02 6.585711240768432617e-02 5.067718029022216797e-02 5.862808227539062500e-02 6.008958816528320312e-02 7.034790515899658203e-02 7.370120286941528320e-02 7.561236619949340820e-02 5.067723989486694336e-02 3.380376100540161133e-02 2.781707048416137695e-02 8.343279361724853516e-03 5.317080020904541016e-02 6.416398286819458008e-02 1.993119716644287109e-02 7.370120286941528320e-02 1.624053716659545898e-02 7.224977016448974609e-02 1.339644193649291992e-02 5.862802267074584961e-02 7.561236619949340820e-02 7.171636819839477539e-02 5.317085981369018555e-02 5.317085981369018555e-02 8.796453475952148438e-03 6.008958816528320312e-02 8.440190553665161133e-02 7.491832971572875977e-02 0.000000000000000000e+00 3.380376100540161133e-02
1.183167099952697754e-01 2.837955951690673828e-02 5.960464477539062500e-08 4.853814840316772461e-02 6.665748357772827148e-02 3.205335140228271484e-02 1.687341928482055664e-02 2.482432126998901367e-02 2.628582715988159180e-02 3.654414415359497070e-02 3.989744186401367188e-02 4.180860519409179688e-02 1.687347888946533203e-02 0.000000000000000000e+00 6.162083148956298828e-02 2.546048164367675781e-02 1.936703920364379883e-02 3.036022186279296875e-02 1.387256383895874023e-02 3.989744186401367188e-02 1.756322383880615234e-02 3.844600915908813477e-02 4.720020294189453125e-02 2.482426166534423828e-02 4.180860519409179688e-02 3.791260719299316406e-02 1.936709880828857422e-02 1.936709880828857422e-02 4.260021448135375977e-02 2.628582715988159180e-02 5.059814453125000000e-02 4.111456871032714844e-02 3.380376100540161133e-02 0.000000000000000000e+00
