0.000000000000000000e+00 1.618760824203491211e-01 1.215695142745971680e-01 1.944965124130249023e-01 1.841207742691040039e-01 1.814846992492675781e-01 1.550577878952026367e-01 1.693630814552307129e-01 1.493437290191650391e-01 1.772587299346923828e-01 1.734164953231811523e-01 1.858290433883666992e-01 1.872352957725524902e-01 1.431207656860351562e-01 4.234552383422851562e-03 1.398121118545532227e-01 1.575951576232910156e-01 1.822310686111450195e-01 1.754181981086730957e-01 1.874648332595825195e-01 1.575951576232910156e-01 1.734164953231811523e-01 1.048368215560913086e-01 1.523022651672363281e-01 1.652896404266357422e-02 1.707655191421508789e-01 1.675127744674682617e-01 1.618763208389282227e-01 1.292409896850585938e-01 1.255495548248291016e-01 2.145422697067260742e-01 1.693629026412963867e-01 1.868360638618469238e-01 9.155237674713134766e-02
1.618760824203491211e-01 0.000000000000000000e+00 4.030656814575195312e-02 3.262042999267578125e-02 2.224469184875488281e-02 1.960861682891845703e-02 6.818294525146484375e-03 7.486999034881591797e-03 1.253235340118408203e-02 1.538264751434326172e-02 1.154041290283203125e-02 2.395296096801757812e-02 2.535921335220336914e-02 1.875531673431396484e-02 1.576415300369262695e-01 2.206397056579589844e-02 4.280924797058105469e-03 2.035498619079589844e-02 1.354211568832397461e-02 2.558875083923339844e-02 4.280924797058105469e-03 1.154041290283203125e-02 5.703926086425781250e-02 9.573817253112792969e-03 1.453471183776855469e-01 8.889436721801757812e-03 5.636692047119140625e-03 2.384185791015625000e-07 3.263509273529052734e-02 3.632652759552001953e-02 5.266618728637695312e-02 7.486820220947265625e-03 2.495998144149780273e-02 7.032370567321777344e-02
1.215695142745971680e-01 4.030656814575195312e-02 0.000000000000000000e+00 7.292699813842773438e-02 6.255125999450683594e-02 5.991518497467041016e-02 3.348827362060546875e-02 4.779356718063354492e-02 2.777421474456787109e-02 5.568921566009521484e-02 5.184698104858398438e-02 6.425952911376953125e-02 6.566578149795532227e-02 2.155125141143798828e-02 1.173349618911743164e-01 1.824259757995605469e-02 3.602564334869384766e-02 6.066155433654785156e-02 5.384868383407592773e-02 6.589531898498535156e-02 3.602564334869384766e-02 5.184698104858398438e-02 1.673269271850585938e-02 3.073275089263916016e-02 1.050405502319335938e-01 4.919600486755371094e-02 4.594326019287109375e-02 4.030680656433105469e-02 7.671475410461425781e-03 3.980040550231933594e-03 9.297275543212890625e-02 4.779338836669921875e-02 6.526654958724975586e-02 3.001713752746582031e-02
1.944965124130249023e-01 3.262042999267578125e-02 7.292699813842773438e-02 0.000000000000000000e+00 1.037573814392089844e-02 1.301181316375732422e-02 3.943872451782226562e-02 2.513343095779418945e-02 4.515278339385986328e-02 1.723778247833251953e-02 2.108001708984375000e-02 8.667469024658203125e-03 7.261216640472412109e-03 5.137574672698974609e-02 1.902619600296020508e-01 5.468440055847167969e-02 3.690135478973388672e-02 1.226544380187988281e-02 1.907831430435180664e-02 7.031679153442382812e-03 3.690135478973388672e-02 2.108001708984375000e-02 8.965969085693359375e-02 4.219424724578857422e-02 1.779675483703613281e-01 2.373099327087402344e-02 2.698373794555664062e-02 3.262019157409667969e-02 6.525552272796630859e-02 6.894695758819580078e-02 2.004575729370117188e-02 2.513360977172851562e-02 7.660448551177978516e-03 1.029441356658935547e-01
1.841207742691040039e-01 2.224469184875488281e-02 6.255125999450683594e-02 1.037573814392089844e-02 0.000000000000000000e+00 2.636075019836425781e-03 2.906298637390136719e-02 1.475769281387329102e-02 3.477704524993896484e-02 6.862044334411621094e-03 1.070427894592285156e-02 1.708269119262695312e-03 3.114521503448486328e-03 4.100000858306884766e-02 1.798862218856811523e-01 4.430866241455078125e-02 2.652561664581298828e-02 1.889705657958984375e-03 8.702576160430908203e-03 3.344058990478515625e-03 2.652561664581298828e-02 1.070427894592285156e-02 7.928395271301269531e-02 3.181850910186767578e-02 1.675918102264404297e-01 1.335525512695312500e-02 1.660799980163574219e-02 2.224445343017578125e-02 5.487978458404541016e-02 5.857121944427490234e-02 3.042149543762207031e-02 1.475787162780761719e-02 2.715289592742919922e-03 9.256839752197265625e-02
1.814846992492675781e-01 1.960861682891845703e-02 5.991518497467041016e-02 1.301181316375732422e-02 2.636075019836425781e-03 0.000000000000000000e+00 2.642691135406494141e-02 1.212161779403686523e-02 3.214097023010253906e-02 4.225969314575195312e-03 8.068203926086425781e-03 4.344344139099121094e-03 5.750596523284912109e-03 3.836393356323242188e-02 1.772501468658447266e-01 4.167258739471435547e-02 2.388954162597656250e-02 7.463693618774414062e-04 6.066501140594482422e-03 5.980134010314941406e-03 2.388954162597656250e-02 8.068203926086425781e-03 7.664787769317626953e-02 2.918243408203125000e-02 1.649557352066040039e-01 1.071918010711669922e-02 1.397192478179931641e-02 1.960837841033935547e-02 5.224370956420898438e-02 5.593514442443847656e-02 3.305757045745849609e-02 1.212179660797119141e-02 5.351364612579345703e-03 8.993232250213623047e-02
1.550577878952026367e-01 6.818294525146484375e-03 3.348827362060546875e-02 3.943872451782226562e-02 2.906298637390136719e-02 2.642691135406494141e-02 0.000000000000000000e+00 1.430529356002807617e-02 5.714058876037597656e-03 2.220094203948974609e-02 1.835870742797851562e-02 3.077125549316406250e-02 3.217750787734985352e-02 1.193702220916748047e-02 1.508232355117797852e-01 1.524567604064941406e-02 2.537369728088378906e-03 2.717328071594238281e-02 2.036041021347045898e-02 3.240704536437988281e-02 2.537369728088378906e-03 1.835870742797851562e-02 5.022096633911132812e-02 2.755522727966308594e-03 1.385288238525390625e-01 1.570773124694824219e-02 1.245498657226562500e-02 6.818532943725585938e-03 2.581679821014404297e-02 2.950823307037353516e-02 5.948448181152343750e-02 1.430511474609375000e-02 3.177827596664428711e-02 6.350541114807128906e-02
1.693630814552307129e-01 7.486999034881591797e-03 4.779356718063354492e-02 2.513343095779418945e-02 1.475769281387329102e-02 1.212161779403686523e-02 1.430529356002807617e-02 0.000000000000000000e+00 2.001935243606567383e-02 7.895648479461669922e-03 4.053413867950439453e-03 1.646596193313598633e-02 1.787221431732177734e-02 2.624231576919555664e-02 1.651285290718078613e-01 2.955096960067749023e-02 1.176792383193969727e-02 1.286798715591430664e-02 6.055116653442382812e-03 1.810175180435180664e-02 1.176792383193969727e-02 4.053413867950439453e-03 6.452625989913940430e-02 1.706081628799438477e-02 1.528341174125671387e-01 1.402437686920166016e-03 1.850306987762451172e-03 7.486760616302490234e-03 4.012209177017211914e-02 4.381352663040161133e-02 4.517918825149536133e-02 1.788139343261718750e-07 1.747298240661621094e-02 7.781070470809936523e-02
1.493437290191650391e-01 1.253235340118408203e-02 2.777421474456787109e-02 4.515278339385986328e-02 3.477704524993896484e-02 3.214097023010253906e-02 5.714058876037597656e-03 2.001935243606567383e-02 0.000000000000000000e+00 2.791500091552734375e-02 2.407276630401611328e-02 3.648531436920166016e-02 3.789156675338745117e-02 6.222963333129882812e-03 1.451091766357421875e-01 9.531617164611816406e-03 8.251428604125976562e-03 3.288733959197998047e-02 2.607446908950805664e-02 3.812110424041748047e-02 8.251428604125976562e-03 2.407276630401611328e-02 4.450690746307373047e-02 2.958536148071289062e-03 1.328147649765014648e-01 2.142179012298583984e-02 1.816904544830322266e-02 1.253259181976318359e-02 2.010273933410644531e-02 2.379417419433593750e-02 6.519854068756103516e-02 2.001917362213134766e-02 3.749233484268188477e-02 5.779135227203369141e-02
1.772587299346923828e-01 1.538264751434326172e-02 5.568921566009521484e-02 1.723778247833251953e-02 6.862044334411621094e-03 4.225969314575195312e-03 2.220094203948974609e-02 7.895648479461669922e-03 2.791500091552734375e-02 0.000000000000000000e+00 3.842234611511230469e-03 8.570313453674316406e-03 9.976565837860107422e-03 3.413796424865722656e-02 1.730241775512695312e-01 3.744661808013916016e-02 1.966357231140136719e-02 4.972338676452636719e-03 1.840531826019287109e-03 1.020610332489013672e-02 1.966357231140136719e-02 3.842234611511230469e-03 7.242190837860107422e-02 2.495646476745605469e-02 1.607297658920288086e-01 6.493210792541503906e-03 9.745955467224121094e-03 1.538240909576416016e-02 4.801774024963378906e-02 5.170917510986328125e-02 3.728353977203369141e-02 7.895827293395996094e-03 9.577333927154541016e-03 8.570635318756103516e-02
1.734164953231811523e-01 1.154041290283203125e-02 5.184698104858398438e-02 2.108001708984375000e-02 1.070427894592285156e-02 8.068203926086425781e-03 1.835870742797851562e-02 4.053413867950439453e-03 2.407276630401611328e-02 3.842234611511230469e-03 0.000000000000000000e+00 1.241254806518554688e-02 1.381880044937133789e-02 3.029572963714599609e-02 1.691819429397583008e-01 3.360438346862792969e-02 1.582133769989013672e-02 8.814573287963867188e-03 2.001702785491943359e-03 1.404833793640136719e-02 1.582133769989013672e-02 0.000000000000000000e+00 6.857967376708984375e-02 2.111423015594482422e-02 1.568875312805175781e-01 2.650976181030273438e-03 5.903720855712890625e-03 1.154017448425292969e-02 4.417550563812255859e-02 4.786694049835205078e-02 4.112577438354492188e-02 4.053592681884765625e-03 1.341956853866577148e-02 8.186411857604980469e-02
1.858290433883666992e-01 2.395296096801757812e-02 6.425952911376953125e-02 8.667469024658203125e-03 1.708269119262695312e-03 4.344344139099121094e-03 3.077125549316406250e-02 1.646596193313598633e-02 3.648531436920166016e-02 8.570313453674316406e-03 1.241254806518554688e-02 0.000000000000000000e+00 1.406252384185791016e-03 4.270827770233154297e-02 1.815944910049438477e-01 4.601693153381347656e-02 2.823388576507568359e-02 3.597974777221679688e-03 1.041084527969360352e-02 1.635789871215820312e-03 2.823388576507568359e-02 1.241254806518554688e-02 8.099222183227539062e-02 3.352677822113037109e-02 1.693000793457031250e-01 1.506352424621582031e-02 1.831626892089843750e-02 2.395272254943847656e-02 5.658805370330810547e-02 6.027948856353759766e-02 2.871322631835937500e-02 1.646614074707031250e-02 1.007020473480224609e-03 9.427666664123535156e-02
1.872352957725524902e-01 2.535921335220336914e-02 6.566578149795532227e-02 7.261216640472412109e-03 3.114521503448486328e-03 5.750596523284912109e-03 3.217750787734985352e-02 1.787221431732177734e-02 3.789156675338745117e-02 9.976565837860107422e-03 1.381880044937133789e-02 1.406252384185791016e-03 0.000000000000000000e+00 4.411453008651733398e-02 1.830007433891296387e-01 4.742318391799926758e-02 2.964013814926147461e-02 5.004227161407470703e-03 1.181709766387939453e-02 2.295374870300292969e-04 2.964013814926147461e-02 1.381880044937133789e-02 8.239847421646118164e-02 3.493303060531616211e-02 1.707063317298889160e-01 1.646977663040161133e-02 1.972252130508422852e-02 2.535897493362426758e-02 5.799430608749389648e-02 6.168574094772338867e-02 2.730697393417358398e-02 1.787239313125610352e-02 3.992319107055664062e-04 9.568291902542114258e-02
1.431207656860351562e-01 1.875531673431396484e-02 2.155125141143798828e-02 5.137574672698974609e-02 4.100000858306884766e-02 3.836393356323242188e-02 1.193702220916748047e-02 2.624231576919555664e-02 6.222963333129882812e-03 3.413796424865722656e-02 3.029572963714599609e-02 4.270827770233154297e-02 4.411453008651733398e-02 0.000000000000000000e+00 1.388862133026123047e-01 3.308653831481933594e-03 1.447439193725585938e-02 3.911030292510986328e-02 3.229743242263793945e-02 4.434406757354736328e-02 1.447439193725585938e-02 3.029572963714599609e-02 3.828394412994384766e-02 9.181499481201171875e-03 1.265918016433715820e-01 2.764475345611572266e-02 2.439200878143310547e-02 1.875555515289306641e-02 1.387977600097656250e-02 1.757121086120605469e-02 7.142150402069091797e-02 2.624213695526123047e-02 4.371529817581176758e-02 5.156838893890380859e-02
4.234552383422851562e-03 1.576415300369262695e-01 1.173349618911743164e-01 1.902619600296020508e-01 1.798862218856811523e-01 1.772501468658447266e-01 1.508232355117797852e-01 1.651285290718078613e-01 1.451091766357421875e-01 1.730241775512695312e-01 1.691819429397583008e-01 1.815944910049438477e-01 1.830007433891296387e-01 1.388862133026123047e-01 0.000000000000000000e+00 1.355775594711303711e-01 1.533606052398681641e-01 1.779965162277221680e-01 1.711836457252502441e-01 1.832302808761596680e-01 1.533606052398681641e-01 1.691819429397583008e-01 1.006022691726684570e-01 1.480677127838134766e-01 1.229441165924072266e-02 1.665309667587280273e-01 1.632782220840454102e-01 1.576417684555053711e-01 1.250064373016357422e-01 1.213150024414062500e-01 2.103077173233032227e-01 1.651283502578735352e-01 1.826015114784240723e-01 8.731782436370849609e-02
1.398121118545532227e-01 2.206397056579589844e-02 1.824259757995605469e-02 5.468440055847167969e-02 4.430866241455078125e-02 4.167258739471435547e-02 1.524567604064941406e-02 2.955096960067749023e-02 9.531617164611816406e-03 3.744661808013916016e-02 3.360438346862792969e-02 4.601693153381347656e-02 4.742318391799926758e-02 3.308653831481933594e-03 1.355775594711303711e-01 0.000000000000000000e+00 1.778304576873779297e-02 4.241895675659179688e-02 3.560608625411987305e-02 4.765272140502929688e-02 1.778304576873779297e-02 3.360438346862792969e-02 3.497529029846191406e-02 1.249015331268310547e-02 1.232831478118896484e-01 3.095340728759765625e-02 2.770066261291503906e-02 2.206420898437500000e-02 1.057112216949462891e-02 1.426255702972412109e-02 7.473015785217285156e-02 2.955079078674316406e-02 4.702395200729370117e-02 4.825973510742187500e-02
1.575951576232910156e-01 4.280924797058105469e-03 3.602564334869384766e-02 3.690135478973388672e-02 2.652561664581298828e-02 2.388954162597656250e-02 2.537369728088378906e-03 1.176792383193969727e-02 8.251428604125976562e-03 1.966357231140136719e-02 1.582133769989013672e-02 2.823388576507568359e-02 2.964013814926147461e-02 1.447439193725585938e-02 1.533606052398681641e-01 1.778304576873779297e-02 0.000000000000000000e+00 2.463591098785400391e-02 1.782304048538208008e-02 2.986967563629150391e-02 0.000000000000000000e+00 1.582133769989013672e-02 5.275833606719970703e-02 5.292892456054687500e-03 1.410661935806274414e-01 1.317036151885986328e-02 9.917616844177246094e-03 4.281163215637207031e-03 2.835416793823242188e-02 3.204560279846191406e-02 5.694711208343505859e-02 1.176774501800537109e-02 2.924090623855590820e-02 6.604278087615966797e-02
1.822310686111450195e-01 2.035498619079589844e-02 6.066155433654785156e-02 1.226544380187988281e-02 1.889705657958984375e-03 7.463693618774414062e-04 2.717328071594238281e-02 1.286798715591430664e-02 3.288733959197998047e-02 4.972338676452636719e-03 8.814573287963867188e-03 3.597974777221679688e-03 5.004227161407470703e-03 3.911030292510986328e-02 1.779965162277221680e-01 4.241895675659179688e-02 2.463591098785400391e-02 0.000000000000000000e+00 6.812870502471923828e-03 5.233764648437500000e-03 2.463591098785400391e-02 8.814573287963867188e-03 7.739424705505371094e-02 2.992880344390869141e-02 1.657021045684814453e-01 1.146554946899414062e-02 1.471829414367675781e-02 2.035474777221679688e-02 5.299007892608642578e-02 5.668151378631591797e-02 3.231120109558105469e-02 1.286816596984863281e-02 4.604995250701904297e-03 9.067869186401367188e-02
1.754181981086730957e-01 1.354211568832397461e-02 5.384868383407592773e-02 1.907831430435180664e-02 8.702576160430908203e-03 6.066501140594482422e-03 2.036041021347045898e-02 6.055116653442382812e-03 2.607446908950805664e-02 1.840531826019287109e-03 2.001702785491943359e-03 1.041084527969360352e-02 1.181709766387939453e-02 3.229743242263793945e-02 1.711836457252502441e-01 3.560608625411987305e-02 1.782304048538208008e-02 6.812870502471923828e-03 0.000000000000000000e+00 1.204663515090942383e-02 1.782304048538208008e-02 2.001702785491943359e-03 7.058137655258178711e-02 2.311593294143676758e-02 1.588892340660095215e-01 4.652678966522216797e-03 7.905423641204833984e-03 1.354187726974487305e-02 4.617720842361450195e-02 4.986864328384399414e-02 3.912407159805297852e-02 6.055295467376708984e-03 1.141786575317382812e-02 8.386582136154174805e-02
1.874648332595825195e-01 2.558875083923339844e-02 6.589531898498535156e-02 7.031679153442382812e-03 3.344058990478515625e-03 5.980134010314941406e-03 3.240704536437988281e-02 1.810175180435180664e-02 3.812110424041748047e-02 1.020610332489013672e-02 1.404833793640136719e-02 1.635789871215820312e-03 2.295374870300292969e-04 4.434406757354736328e-02 1.832302808761596680e-01 4.765272140502929688e-02 2.986967563629150391e-02 5.233764648437500000e-03 1.204663515090942383e-02 0.000000000000000000e+00 2.986967563629150391e-02 1.404833793640136719e-02 8.262801170349121094e-02 3.516256809234619141e-02 1.709358692169189453e-01 1.669931411743164062e-02 1.995205879211425781e-02 2.558851242065429688e-02 5.822384357452392578e-02 6.191527843475341797e-02 2.707743644714355469e-02 1.810193061828613281e-02 6.287693977355957031e-04 9.591245651245117188e-02
1.575951576232910156e-01 4.280924797058105469e-03 3.602564334869384766e-02 3.690135478973388672e-02 2.652561664581298828e-02 2.388954162597656250e-02 2.537369728088378906e-03 1.176792383193969727e-02 8.251428604125976562e-03 1.966357231140136719e-02 1.582133769989013672e-02 2.823388576507568359e-02 2.964013814926147461e-02 1.447439193725585938e-02 1.533606052398681641e-01 1.778304576873779297e-02 0.000000000000000000e+00 2.463591098785400391e-02 1.782304048538208008e-02 2.986967563629150391e-02 0.000000000000000000e+00 1.582133769989013672e-02 5.275833606719970703e-02 5.292892456054687500e-03 1.410661935806274414e-01 1.317036151885986328e-02 9.917616844177246094e-03 4.281163215637207031e-03 2.835416793823242188e-02 3.204560279846191406e-02 5.694711208343505859e-02 1.176774501800537109e-02 2.924090623855590820e-02 6.604278087615966797e-02
1.734164953231811523e-01 1.154041290283203125e-02 5.184698104858398438e-02 2.108001708984375000e-02 1.070427894592285156e-02 8.068203926086425781e-03 1.835870742797851562e-02 4.053413867950439453e-03 2.407276630401611328e-02 3.842234611511230469e-03 0.000000000000000000e+00 1.241254806518554688e-02 1.381880044937133789e-02 3.029572963714599609e-02 1.691819429397583008e-01 3.360438346862792969e-02 1.582133769989013672e-02 8.814573287963867188e-03 2.001702785491943359e-03 1.404833793640136719e-02 1.582133769989013672e-02 0.000000000000000000e+00 6.857967376708984375e-02 2.111423015594482422e-02 1.568875312805175781e-01 2.650976181030273438e-03 5.903720855712890625e-03 1.154017448425292969e-02 4.417550563812255859e-02 4.786694049835205078e-02 4.112577438354492188e-02 4.053592681884765625e-03 1.341956853866577148e-02 8.186411857604980469e-02
1.048368215560913086e-01 5.703926086425781250e-02 1.673269271850585938e-02 8.965969085693359375e-02 7.928395271301269531e-02 7.664787769317626953e-02 5.022096633911132812e-02 6.452625989913940430e-02 4.450690746307373047e-02 7.242190837860107422e-02 6.857967376708984375e-02 8.099222183227539062e-02 8.239847421646118164e-02 3.828394412994384766e-02 1.006022691726684570e-01 3.497529029846191406e-02 5.275833606719970703e-02 7.739424705505371094e-02 7.058137655258178711e-02 8.262801170349121094e-02 5.275833606719970703e-02 6.857967376708984375e-02 0.000000000000000000e+00 4.746544361114501953e-02 8.830785751342773438e-02 6.592869758605957031e-02 6.267595291137695312e-02 5.703949928283691406e-02 2.440416812896728516e-02 2.071273326873779297e-02 1.097054481506347656e-01 6.452608108520507812e-02 8.199924230575561523e-02 1.328444480895996094e-02
1.523022651672363281e-01 9.573817253112792969e-03 3.073275089263916016e-02 4.219424724578857422e-02 3.181850910186767578e-02 2.918243408203125000e-02 2.755522727966308594e-03 1.706081628799438477e-02 2.958536148071289062e-03 2.495646476745605469e-02 2.111423015594482422e-02 3.352677822113037109e-02 3.493303060531616211e-02 9.181499481201171875e-03 1.480677127838134766e-01 1.249015331268310547e-02 5.292892456054687500e-03 2.992880344390869141e-02 2.311593294143676758e-02 3.516256809234619141e-02 5.292892456054687500e-03 2.111423015594482422e-02 4.746544361114501953e-02 0.000000000000000000e+00 1.357733011245727539e-01 1.846325397491455078e-02 1.521050930023193359e-02 9.574055671691894531e-03 2.306127548217773438e-02 2.675271034240722656e-02 6.224000453948974609e-02 1.706063747406005859e-02 3.453379869461059570e-02 6.074988842010498047e-02
1.652896404266357422e-02 1.453471183776855469e-01 1.050405502319335938e-01 1.779675483703613281e-01 1.675918102264404297e-01 1.649557352066040039e-01 1.385288238525390625e-01 1.528341174125671387e-01 1.328147649765014648e-01 1.607297658920288086e-01 1.568875312805175781e-01 1.693000793457031250e-01 1.707063317298889160e-01 1.265918016433715820e-01 1.229441165924072266e-02 1.232831478118896484e-01 1.410661935806274414e-01 1.657021045684814453e-01 1.588892340660095215e-01 1.709358692169189453e-01 1.410661935806274414e-01 1.568875312805175781e-01 8.830785751342773438e-02 1.357733011245727539e-01 0.000000000000000000e+00 1.542365550994873047e-01 1.509838104248046875e-01 1.453473567962646484e-01 1.127120256423950195e-01 1.090205907821655273e-01 1.980133056640625000e-01 1.528339385986328125e-01 1.703070998191833496e-01 7.502341270446777344e-02
1.707655191421508789e-01 8.889436721801757812e-03 4.919600486755371094e-02 2.373099327087402344e-02 1.335525512695312500e-02 1.071918010711669922e-02 1.570773124694824219e-02 1.402437686920166016e-03 2.142179012298583984e-02 6.493210792541503906e-03 2.650976181030273438e-03 1.506352424621582031e-02 1.646977663040161133e-02 2.764475345611572266e-02 1.665309667587280273e-01 3.095340728759765625e-02 1.317036151885986328e-02 1.146554946899414062e-02 4.652678966522216797e-03 1.669931411743164062e-02 1.317036151885986328e-02 2.650976181030273438e-03 6.592869758605957031e-02 1.846325397491455078e-02 1.542365550994873047e-01 0.000000000000000000e+00 3.252744674682617188e-03 8.889198303222656250e-03 4.152452945709228516e-02 4.521596431732177734e-02 4.377675056457519531e-02 1.402616500854492188e-03 1.607054471969604492e-02 7.921314239501953125e-02
1.675127744674682617e-01 5.636692047119140625e-03 4.594326019287109375e-02 2.698373794555664062e-02 1.660799980163574219e-02 1.397192478179931641e-02 1.245498657226562500e-02 1.850306987762451172e-03 1.816904544830322266e-02 9.745955467224121094e-03 5.903720855712890625e-03 1.831626892089843750e-02 1.972252130508422852e-02 2.439200878143310547e-02 1.632782220840454102e-01 2.770066261291503906e-02 9.917616844177246094e-03 1.471829414367675781e-02 7.905423641204833984e-03 1.995205879211425781e-02 9.917616844177246094e-03 5.903720855712890625e-03 6.267595291137695312e-02 1.521050930023193359e-02 1.509838104248046875e-01 3.252744674682617188e-03 0.000000000000000000e+00 5.636453628540039062e-03 3.827178478240966797e-02 4.196321964263916016e-02 4.702949523925781250e-02 1.850128173828125000e-03 1.932328939437866211e-02 7.596039772033691406e-02
1.618763208389282227e-01 2.384185791015625000e-07 4.030680656433105469e-02 3.262019157409667969e-02 2.224445343017578125e-02 1.960837841033935547e-02 6.818532943725585938e-03 7.486760616302490234e-03 1.253259181976318359e-02 1.538240909576416016e-02 1.154017448425292969e-02 2.395272254943847656e-02 2.535897493362426758e-02 1.875555515289306641e-02 1.576417684555053711e-01 2.206420898437500000e-02 4.281163215637207031e-03 2.035474777221679688e-02 1.354187726974487305e-02 2.558851242065429688e-02 4.281163215637207031e-03 1.154017448425292969e-02 5.703949928283691406e-02 9.574055671691894531e-03 1.453473567962646484e-01 8.889198303222656250e-03 5.636453628540039062e-03 0.000000000000000000e+00 3.263533115386962891e-02 3.632676601409912109e-02 5.266594886779785156e-02 7.486581802368164062e-03 2.495974302291870117e-02 7.032394409179687500e-02
1.292409896850585938e-01 3.263509273529052734e-02 7.671475410461425781e-03 6.525552272796630859e-02 5.487978458404541016e-02 5.224370956420898438e-02 2.581679821014404297e-02 4.012209177017211914e-02 2.010273933410644531e-02 4.801774024963378906e-02 4.417550563812255859e-02 5.658805370330810547e-02 5.799430608749389648e-02 1.387977600097656250e-02 1.250064373016357422e-01 1.057112216949462891e-02 2.835416793823242188e-02 5.299007892608642578e-02 4.617720842361450195e-02 5.822384357452392578e-02 2.835416793823242188e-02 4.417550563812255859e-02 2.440416812896728516e-02 2.306127548217773438e-02 1.127120256423950195e-01 4.152452945709228516e-02 3.827178478240966797e-02 3.263533115386962891e-02 0.000000000000000000e+00 3.691434860229492188e-03 8.530128002166748047e-02 4.012191295623779297e-02 5.759507417678833008e-02 3.768861293792724609e-02
1.255495548248291016e-01 3.632652759552001953e-02 3.980040550231933594e-03 6.894695758819580078e-02 5.857121944427490234e-02 5.593514442443847656e-02 2.950823307037353516e-02 4.381352663040161133e-02 2.379417419433593750e-02 5.170917510986328125e-02 4.786694049835205078e-02 6.027948856353759766e-02 6.168574094772338867e-02 1.757121086120605469e-02 1.213150024414062500e-01 1.426255702972412109e-02 3.204560279846191406e-02 5.668151378631591797e-02 4.986864328384399414e-02 6.191527843475341797e-02 3.204560279846191406e-02 4.786694049835205078e-02 2.071273326873779297e-02 2.675271034240722656e-02 1.090205907821655273e-01 4.521596431732177734e-02 4.196321964263916016e-02 3.632676601409912109e-02 3.691434860229492188e-03 0.000000000000000000e+00 8.899271488189697266e-02 4.381334781646728516e-02 6.128650903701782227e-02 3.399717807769775391e-02
2.145422697067260742e-01 5.266618728637695312e-02 9.297275543212890625e-02 2.004575729370117188e-02 3.042149543762207031e-02 3.305757045745849609e-02 5.948448181152343750e-02 4.517918825149536133e-02 6.519854068756103516e-02 3.728353977203369141e-02 4.112577438354492188e-02 2.871322631835937500e-02 2.730697393417358398e-02 7.142150402069091797e-02 2.103077173233032227e-01 7.473015785217285156e-02 5.694711208343505859e-02 3.231120109558105469e-02 3.912407159805297852e-02 2.707743644714355469e-02 5.694711208343505859e-02 4.112577438354492188e-02 1.097054481506347656e-01 6.224000453948974609e-02 1.980133056640625000e-01 4.377675056457519531e-02 4.702949523925781250e-02 5.266594886779785156e-02 8.530128002166748047e-02 8.899271488189697266e-02 0.000000000000000000e+00 4.517936706542968750e-02 2.770620584487915039e-02 1.229898929595947266e-01
1.693629026412963867e-01 7.486820220947265625e-03 4.779338836669921875e-02 2.513360977172851562e-02 1.475787162780761719e-02 1.212179660797119141e-02 1.430511474609375000e-02 1.788139343261718750e-07 2.001917362213134766e-02 7.895827293395996094e-03 4.053592681884765625e-03 1.646614074707031250e-02 1.787239313125610352e-02 2.624213695526123047e-02 1.651283502578735352e-01 2.955079078674316406e-02 1.176774501800537109e-02 1.286816596984863281e-02 6.055295467376708984e-03 1.810193061828613281e-02 1.176774501800537109e-02 4.053592681884765625e-03 6.452608108520507812e-02 1.706063747406005859e-02 1.528339385986328125e-01 1.402616500854492188e-03 1.850128173828125000e-03 7.486581802368164062e-03 4.012191295623779297e-02 4.381334781646728516e-02 4.517936706542968750e-02 0.000000000000000000e+00 1.747316122055053711e-02 7.781052589416503906e-02
1.868360638618469238e-01 2.495998144149780273e-02 6.526654958724975586e-02 7.660448551177978516e-03 2.715289592742919922e-03 5.351364612579345703e-03 3.177827596664428711e-02 1.747298240661621094e-02 3.749233484268188477e-02 9.577333927154541016e-03 1.341956853866577148e-02 1.007020473480224609e-03 3.992319107055664062e-04 4.371529817581176758e-02 1.826015114784240723e-01 4.702395200729370117e-02 2.924090623855590820e-02 4.604995250701904297e-03 1.141786575317382812e-02 6.287693977355957031e-04 2.924090623855590820e-02 1.341956853866577148e-02 8.199924230575561523e-02 3.453379869461059570e-02 1.703070998191833496e-01 1.607054471969604492e-02 1.932328939437866211e-02 2.495974302291870117e-02 5.759507417678833008e-02 6.128650903701782227e-02 2.770620584487915039e-02 1.747316122055053711e-02 0.000000000000000000e+00 9.528368711471557617e-02
9.155237674713134766e-02 7.032370567321777344e-02 3.001713752746582031e-02 1.029441356658935547e-01 9.256839752197265625e-02 8.993232250213623047e-02 6.350541114807128906e-02 7.781070470809936523e-02 5.779135227203369141e-02 8.570635318756103516e-02 8.186411857604980469e-02 9.427666664123535156e-02 9.568291902542114258e-02 5.156838893890380859e-02 8.731782436370849609e-02 4.825973510742187500e-02 6.604278087615966797e-02 9.067869186401367188e-02 8.386582136154174805e-02 9.591245651245117188e-02 6.604278087615966797e-02 8.186411857604980469e-02 1.328444480895996094e-02 6.074988842010498047e-02 7.502341270446777344e-02 7.921314239501953125e-02 7.596039772033691406e-02 7.032394409179687500e-02 3.768861293792724609e-02 3.399717807769775391e-02 1.229898929595947266e-01 7.781052589416503906e-02 9.528368711471557617e-02 0.000000000000000000e+00
