0.000000000000000000e+00 9.881782531738281250e-02 6.959599256515502930e-02 1.553541421890258789e-01 1.173198819160461426e-01 1.118250489234924316e-01 1.239151954650878906e-01 1.148412227630615234e-01 1.269091367721557617e-01 1.376183032989501953e-01 1.351327896118164062e-01 1.447308063507080078e-01 1.281505823135375977e-01 1.303896903991699219e-01 1.933765411376953125e-02 4.764157533645629883e-02 1.148413419723510742e-01 1.451968550682067871e-01 1.324443817138671875e-01 1.054643988609313965e-01 6.538820266723632812e-02 1.383143663406372070e-01 5.220496654510498047e-02 1.221700906753540039e-01 1.526744365692138672e-01 1.412634253501892090e-01 1.221702098846435547e-01 1.221701502799987793e-01 8.831512928009033203e-02 1.254701614379882812e-01 1.619198322296142578e-01 1.423215270042419434e-01 1.467750072479248047e-01 7.351481914520263672e-02
9.881782531738281250e-02 0.000000000000000000e+00 2.922183275222778320e-02 5.653631687164306641e-02 1.850205659866333008e-02 1.300722360610961914e-02 2.509737014770507812e-02 1.602339744567871094e-02 2.809131145477294922e-02 3.880047798156738281e-02 3.631496429443359375e-02 4.591298103332519531e-02 2.933275699615478516e-02 3.157186508178710938e-02 1.181554794311523438e-01 5.117624998092651367e-02 1.602351665496826172e-02 4.637902975082397461e-02 3.362655639648437500e-02 6.646573543548583984e-03 3.342962265014648438e-02 3.949654102325439453e-02 4.661285877227783203e-02 2.335226535797119141e-02 5.385661125183105469e-02 4.244560003280639648e-02 2.335238456726074219e-02 2.335232496261596680e-02 1.050269603729248047e-02 2.665233612060546875e-02 6.310200691223144531e-02 4.350370168685913086e-02 4.795718193054199219e-02 2.530300617218017578e-02
6.959599256515502930e-02 2.922183275222778320e-02 0.000000000000000000e+00 8.575814962387084961e-02 4.772388935089111328e-02 4.222905635833740234e-02 5.431920289993286133e-02 4.524523019790649414e-02 5.731314420700073242e-02 6.802231073379516602e-02 6.553679704666137695e-02 7.513481378555297852e-02 5.855458974838256836e-02 6.079369783401489258e-02 8.893364667892456055e-02 2.195441722869873047e-02 4.524534940719604492e-02 7.560086250305175781e-02 6.284838914871215820e-02 3.586840629577636719e-02 4.207789897918701172e-03 6.871837377548217773e-02 1.739102602005004883e-02 5.257409811019897461e-02 8.307844400405883789e-02 7.166743278503417969e-02 5.257421731948852539e-02 5.257415771484375000e-02 1.871913671493530273e-02 5.587416887283325195e-02 9.232383966445922852e-02 7.272553443908691406e-02 7.717901468276977539e-02 3.918826580047607422e-03
1.553541421890258789e-01 5.653631687164306641e-02 8.575814962387084961e-02 0.000000000000000000e+00 3.803426027297973633e-02 4.352909326553344727e-02 3.143894672393798828e-02 4.051291942596435547e-02 2.844500541687011719e-02 1.773583889007568359e-02 2.022135257720947266e-02 1.062333583831787109e-02 2.720355987548828125e-02 2.496445178985595703e-02 1.746917963027954102e-01 1.077125668525695801e-01 4.051280021667480469e-02 1.015728712081909180e-02 2.290976047515869141e-02 4.988974332809448242e-02 8.996593952178955078e-02 1.703977584838867188e-02 1.031491756439208984e-01 3.318405151367187500e-02 2.679705619812011719e-03 1.409071683883666992e-02 3.318393230438232422e-02 3.318399190902709961e-02 6.703901290893554688e-02 2.988398075103759766e-02 6.565690040588378906e-03 1.303261518478393555e-02 8.579134941101074219e-03 8.183932304382324219e-02
1.173198819160461426e-01 1.850205659866333008e-02 4.772388935089111328e-02 3.803426027297973633e-02 0.000000000000000000e+00 5.494832992553710938e-03 6.595313549041748047e-03 2.478659152984619141e-03 9.589254856109619141e-03 2.029842138290405273e-02 1.781290769577026367e-02 2.741092443466186523e-02 1.083070039749145508e-02 1.306980848312377930e-02 1.366575360298156738e-01 6.967830657958984375e-02 2.478539943695068359e-03 2.787697315216064453e-02 1.512449979782104492e-02 1.185548305511474609e-02 5.193167924880981445e-02 2.099448442459106445e-02 6.511491537094116211e-02 4.850208759307861328e-03 3.535455465316772461e-02 2.394354343414306641e-02 4.850327968597412109e-03 4.850268363952636719e-03 2.900475263595581055e-02 8.150279521942138672e-03 4.459995031356811523e-02 2.500164508819580078e-02 2.945512533187866211e-02 4.380506277084350586e-02
1.118250489234924316e-01 1.300722360610961914e-02 4.222905635833740234e-02 4.352909326553344727e-02 5.494832992553710938e-03 0.000000000000000000e+00 1.209014654159545898e-02 3.016173839569091797e-03 1.508408784866333008e-02 2.579325437545776367e-02 2.330774068832397461e-02 3.290575742721557617e-02 1.632553339004516602e-02 1.856464147567749023e-02 1.311627030372619629e-01 6.418347358703613281e-02 3.016293048858642578e-03 3.337180614471435547e-02 2.061933279037475586e-02 6.360650062561035156e-03 4.643684625625610352e-02 2.648931741714477539e-02 5.962008237838745117e-02 1.034504175186157227e-02 4.084938764572143555e-02 2.943837642669677734e-02 1.034516096115112305e-02 1.034510135650634766e-02 2.350991964340209961e-02 1.364511251449584961e-02 5.009478330612182617e-02 3.049647808074951172e-02 3.494995832443237305e-02 3.831022977828979492e-02
1.239151954650878906e-01 2.509737014770507812e-02 5.431920289993286133e-02 3.143894672393798828e-02 6.595313549041748047e-03 1.209014654159545898e-02 0.000000000000000000e+00 9.073972702026367188e-03 2.993941307067871094e-03 1.370310783386230469e-02 1.121759414672851562e-02 2.081561088562011719e-02 4.235386848449707031e-03 6.474494934082031250e-03 1.432528495788574219e-01 7.627362012863159180e-02 9.073853492736816406e-03 2.128165960311889648e-02 8.529186248779296875e-03 1.845079660415649414e-02 5.852699279785156250e-02 1.439917087554931641e-02 7.171022891998291016e-02 1.745104789733886719e-03 2.875924110412597656e-02 1.734822988510131836e-02 1.744985580444335938e-03 1.745045185089111328e-03 3.560006618499755859e-02 1.554965972900390625e-03 3.800463676452636719e-02 1.840633153915405273e-02 2.285981178283691406e-02 5.040037631988525391e-02
1.148412227630615234e-01 1.602339744567871094e-02 4.524523019790649414e-02 4.051291942596435547e-02 2.478659152984619141e-03 3.016173839569091797e-03 9.073972702026367188e-03 0.000000000000000000e+00 1.206791400909423828e-02 2.277708053588867188e-02 2.029156684875488281e-02 2.988958358764648438e-02 1.330935955047607422e-02 1.554846763610839844e-02 1.341788768768310547e-01 6.719964742660522461e-02 1.192092895507812500e-07 3.035563230514526367e-02 1.760315895080566406e-02 9.376823902130126953e-03 4.945302009582519531e-02 2.347314357757568359e-02 6.263625621795654297e-02 7.328867912292480469e-03 3.783321380615234375e-02 2.642220258712768555e-02 7.328987121582031250e-03 7.328927516937255859e-03 2.652609348297119141e-02 1.062893867492675781e-02 4.707860946655273438e-02 2.748030424118041992e-02 3.193378448486328125e-02 4.132640361785888672e-02
1.269091367721557617e-01 2.809131145477294922e-02 5.731314420700073242e-02 2.844500541687011719e-02 9.589254856109619141e-03 1.508408784866333008e-02 2.993941307067871094e-03 1.206791400909423828e-02 0.000000000000000000e+00 1.070916652679443359e-02 8.223652839660644531e-03 1.782166957855224609e-02 1.241445541381835938e-03 3.480553627014160156e-03 1.462467908859252930e-01 7.926756143569946289e-02 1.206779479980468750e-02 1.828771829605102539e-02 5.535244941711425781e-03 2.144473791122436523e-02 6.152093410491943359e-02 1.140522956848144531e-02 7.470417022705078125e-02 4.739046096801757812e-03 2.576529979705810547e-02 1.435428857803344727e-02 4.738926887512207031e-03 4.738986492156982422e-03 3.859400749206542969e-02 1.438975334167480469e-03 3.501069545745849609e-02 1.541239023208618164e-02 1.986587047576904297e-02 5.339431762695312500e-02
1.376183032989501953e-01 3.880047798156738281e-02 6.802231073379516602e-02 1.773583889007568359e-02 2.029842138290405273e-02 2.579325437545776367e-02 1.370310783386230469e-02 2.277708053588867188e-02 1.070916652679443359e-02 0.000000000000000000e+00 2.485513687133789062e-03 7.112503051757812500e-03 9.467720985412597656e-03 7.228612899780273438e-03 1.569559574127197266e-01 8.997672796249389648e-02 2.277696132659912109e-02 7.578551769256591797e-03 5.173921585083007812e-03 3.215390443801879883e-02 7.223010063171386719e-02 6.960630416870117188e-04 8.541333675384521484e-02 1.544821262359619141e-02 1.505613327026367188e-02 3.645122051239013672e-03 1.544809341430664062e-02 1.544815301895141602e-02 4.930317401885986328e-02 1.214814186096191406e-02 2.430152893066406250e-02 4.703223705291748047e-03 9.156703948974609375e-03 6.410348415374755859e-02
1.351327896118164062e-01 3.631496429443359375e-02 6.553679704666137695e-02 2.022135257720947266e-02 1.781290769577026367e-02 2.330774068832397461e-02 1.121759414672851562e-02 2.029156684875488281e-02 8.223652839660644531e-03 2.485513687133789062e-03 0.000000000000000000e+00 9.598016738891601562e-03 6.982207298278808594e-03 4.743099212646484375e-03 1.544704437255859375e-01 8.749121427536010742e-02 2.029144763946533203e-02 1.006406545639038086e-02 2.688407897949218750e-03 2.966839075088500977e-02 6.974458694458007812e-02 3.181576728820800781e-03 8.292782306671142578e-02 1.296269893646240234e-02 1.754164695739746094e-02 6.130635738372802734e-03 1.296257972717285156e-02 1.296263933181762695e-02 4.681766033172607422e-02 9.662628173828125000e-03 2.678704261779785156e-02 7.188737392425537109e-03 1.164221763610839844e-02 6.161797046661376953e-02
1.447308063507080078e-01 4.591298103332519531e-02 7.513481378555297852e-02 1.062333583831787109e-02 2.741092443466186523e-02 3.290575742721557617e-02 2.081561088562011719e-02 2.988958358764648438e-02 1.782166957855224609e-02 7.112503051757812500e-03 9.598016738891601562e-03 0.000000000000000000e+00 1.658022403717041016e-02 1.434111595153808594e-02 1.640684604644775391e-01 9.708923101425170898e-02 2.988946437835693359e-02 4.660487174987792969e-04 1.228642463684082031e-02 3.926640748977661133e-02 7.934260368347167969e-02 6.416440010070800781e-03 9.252583980560302734e-02 2.256071567535400391e-02 7.943630218505859375e-03 3.467381000518798828e-03 2.256059646606445312e-02 2.256065607070922852e-02 5.641567707061767578e-02 1.926064491271972656e-02 1.718902587890625000e-02 2.409279346466064453e-03 2.044200897216796875e-03 7.121598720550537109e-02
1.281505823135375977e-01 2.933275699615478516e-02 5.855458974838256836e-02 2.720355987548828125e-02 1.083070039749145508e-02 1.632553339004516602e-02 4.235386848449707031e-03 1.330935955047607422e-02 1.241445541381835938e-03 9.467720985412597656e-03 6.982207298278808594e-03 1.658022403717041016e-02 0.000000000000000000e+00 2.239108085632324219e-03 1.474882364273071289e-01 8.050900697708129883e-02 1.330924034118652344e-02 1.704627275466918945e-02 4.293799400329589844e-03 2.268618345260620117e-02 6.276237964630126953e-02 1.016378402709960938e-02 7.594561576843261719e-02 5.980491638183593750e-03 2.452385425567626953e-02 1.311284303665161133e-02 5.980372428894042969e-03 5.980432033538818359e-03 3.983545303344726562e-02 2.680420875549316406e-03 3.376924991607666016e-02 1.417094469070434570e-02 1.862442493438720703e-02 5.463576316833496094e-02
1.303896903991699219e-01 3.157186508178710938e-02 6.079369783401489258e-02 2.496445178985595703e-02 1.306980848312377930e-02 1.856464147567749023e-02 6.474494934082031250e-03 1.554846763610839844e-02 3.480553627014160156e-03 7.228612899780273438e-03 4.743099212646484375e-03 1.434111595153808594e-02 2.239108085632324219e-03 0.000000000000000000e+00 1.497273445129394531e-01 8.274811506271362305e-02 1.554834842681884766e-02 1.480716466903686523e-02 2.054691314697265625e-03 2.492529153823852539e-02 6.500148773193359375e-02 7.924675941467285156e-03 7.818472385406494141e-02 8.219599723815917969e-03 2.228474617004394531e-02 1.087373495101928711e-02 8.219480514526367188e-03 8.219540119171142578e-03 4.207456111907958984e-02 4.919528961181640625e-03 3.153014183044433594e-02 1.193183660507202148e-02 1.638531684875488281e-02 5.687487125396728516e-02
1.933765411376953125e-02 1.181554794311523438e-01 8.893364667892456055e-02 1.746917963027954102e-01 1.366575360298156738e-01 1.311627030372619629e-01 1.432528495788574219e-01 1.341788768768310547e-01 1.462467908859252930e-01 1.569559574127197266e-01 1.544704437255859375e-01 1.640684604644775391e-01 1.474882364273071289e-01 1.497273445129394531e-01 0.000000000000000000e+00 6.697922945022583008e-02 1.341789960861206055e-01 1.645345091819763184e-01 1.517820358276367188e-01 1.248020529747009277e-01 8.472585678100585938e-02 1.576520204544067383e-01 7.154262065887451172e-02 1.415077447891235352e-01 1.720120906829833984e-01 1.606010794639587402e-01 1.415078639984130859e-01 1.415078043937683105e-01 1.076527833938598633e-01 1.448078155517578125e-01 1.812574863433837891e-01 1.616591811180114746e-01 1.661126613616943359e-01 9.285247325897216797e-02
4.764157533645629883e-02 5.117624998092651367e-02 2.195441722869873047e-02 1.077125668525695801e-01 6.967830657958984375e-02 6.418347358703613281e-02 7.627362012863159180e-02 6.719964742660522461e-02 7.926756143569946289e-02 8.997672796249389648e-02 8.749121427536010742e-02 9.708923101425170898e-02 8.050900697708129883e-02 8.274811506271362305e-02 6.697922945022583008e-02 0.000000000000000000e+00 6.719976663589477539e-02 9.755527973175048828e-02 8.480280637741088867e-02 5.782282352447509766e-02 1.774662733078002930e-02 9.067279100418090820e-02 4.563391208648681641e-03 7.452851533889770508e-02 1.050328612327575684e-01 9.362185001373291016e-02 7.452863454818725586e-02 7.452857494354248047e-02 4.067355394363403320e-02 7.782858610153198242e-02 1.142782568931579590e-01 9.467995166778564453e-02 9.913343191146850586e-02 2.587324380874633789e-02
1.148413419723510742e-01 1.602351665496826172e-02 4.524534940719604492e-02 4.051280021667480469e-02 2.478539943695068359e-03 3.016293048858642578e-03 9.073853492736816406e-03 1.192092895507812500e-07 1.206779479980468750e-02 2.277696132659912109e-02 2.029144763946533203e-02 2.988946437835693359e-02 1.330924034118652344e-02 1.554834842681884766e-02 1.341789960861206055e-01 6.719976663589477539e-02 0.000000000000000000e+00 3.035551309585571289e-02 1.760303974151611328e-02 9.376943111419677734e-03 4.945313930511474609e-02 2.347302436828613281e-02 6.263637542724609375e-02 7.328748703002929688e-03 3.783309459686279297e-02 2.642208337783813477e-02 7.328867912292480469e-03 7.328808307647705078e-03 2.652621269226074219e-02 1.062881946563720703e-02 4.707849025726318359e-02 2.748018503189086914e-02 3.193366527557373047e-02 4.132652282714843750e-02
1.451968550682067871e-01 4.637902975082397461e-02 7.560086250305175781e-02 1.015728712081909180e-02 2.787697315216064453e-02 3.337180614471435547e-02 2.128165960311889648e-02 3.035563230514526367e-02 1.828771829605102539e-02 7.578551769256591797e-03 1.006406545639038086e-02 4.660487174987792969e-04 1.704627275466918945e-02 1.480716466903686523e-02 1.645345091819763184e-01 9.755527973175048828e-02 3.035551309585571289e-02 0.000000000000000000e+00 1.275247335433959961e-02 3.973245620727539062e-02 7.980865240097045898e-02 6.882488727569580078e-03 9.299188852310180664e-02 2.302676439285278320e-02 7.477581501007080078e-03 3.933429718017578125e-03 2.302664518356323242e-02 2.302670478820800781e-02 5.688172578811645508e-02 1.972669363021850586e-02 1.672297716140747070e-02 2.875328063964843750e-03 1.578152179718017578e-03 7.168203592300415039e-02
1.324443817138671875e-01 3.362655639648437500e-02 6.284838914871215820e-02 2.290976047515869141e-02 1.512449979782104492e-02 2.061933279037475586e-02 8.529186248779296875e-03 1.760315895080566406e-02 5.535244941711425781e-03 5.173921585083007812e-03 2.688407897949218750e-03 1.228642463684082031e-02 4.293799400329589844e-03 2.054691314697265625e-03 1.517820358276367188e-01 8.480280637741088867e-02 1.760303974151611328e-02 1.275247335433959961e-02 0.000000000000000000e+00 2.697998285293579102e-02 6.705617904663085938e-02 5.869984626770019531e-03 8.023941516876220703e-02 1.027429103851318359e-02 2.023005485534667969e-02 8.819043636322021484e-03 1.027417182922363281e-02 1.027423143386840820e-02 4.412925243377685547e-02 6.974220275878906250e-03 2.947545051574707031e-02 9.877145290374755859e-03 1.433062553405761719e-02 5.892956256866455078e-02
1.054643988609313965e-01 6.646573543548583984e-03 3.586840629577636719e-02 4.988974332809448242e-02 1.185548305511474609e-02 6.360650062561035156e-03 1.845079660415649414e-02 9.376823902130126953e-03 2.144473791122436523e-02 3.215390443801879883e-02 2.966839075088500977e-02 3.926640748977661133e-02 2.268618345260620117e-02 2.492529153823852539e-02 1.248020529747009277e-01 5.782282352447509766e-02 9.376943111419677734e-03 3.973245620727539062e-02 2.697998285293579102e-02 0.000000000000000000e+00 4.007619619369506836e-02 3.284996747970581055e-02 5.325943231582641602e-02 1.670569181442260742e-02 4.721003770828247070e-02 3.579902648925781250e-02 1.670581102371215820e-02 1.670575141906738281e-02 1.714926958084106445e-02 2.000576257705688477e-02 5.645543336868286133e-02 3.685712814331054688e-02 4.131060838699340820e-02 3.194957971572875977e-02
6.538820266723632812e-02 3.342962265014648438e-02 4.207789897918701172e-03 8.996593952178955078e-02 5.193167924880981445e-02 4.643684625625610352e-02 5.852699279785156250e-02 4.945302009582519531e-02 6.152093410491943359e-02 7.223010063171386719e-02 6.974458694458007812e-02 7.934260368347167969e-02 6.276237964630126953e-02 6.500148773193359375e-02 8.472585678100585938e-02 1.774662733078002930e-02 4.945313930511474609e-02 7.980865240097045898e-02 6.705617904663085938e-02 4.007619619369506836e-02 0.000000000000000000e+00 7.292616367340087891e-02 1.318323612213134766e-02 5.678188800811767578e-02 8.728623390197753906e-02 7.587522268295288086e-02 5.678200721740722656e-02 5.678194761276245117e-02 2.292692661285400391e-02 6.008195877075195312e-02 9.653162956237792969e-02 7.693332433700561523e-02 8.138680458068847656e-02 8.126616477966308594e-03
1.383143663406372070e-01 3.949654102325439453e-02 6.871837377548217773e-02 1.703977584838867188e-02 2.099448442459106445e-02 2.648931741714477539e-02 1.439917087554931641e-02 2.347314357757568359e-02 1.140522956848144531e-02 6.960630416870117188e-04 3.181576728820800781e-03 6.416440010070800781e-03 1.016378402709960938e-02 7.924675941467285156e-03 1.576520204544067383e-01 9.067279100418090820e-02 2.347302436828613281e-02 6.882488727569580078e-03 5.869984626770019531e-03 3.284996747970581055e-02 7.292616367340087891e-02 0.000000000000000000e+00 8.610939979553222656e-02 1.614427566528320312e-02 1.436007022857666016e-02 2.949059009552001953e-03 1.614415645599365234e-02 1.614421606063842773e-02 4.999923706054687500e-02 1.284420490264892578e-02 2.360546588897705078e-02 4.007160663604736328e-03 8.460640907287597656e-03 6.479954719543457031e-02
5.220496654510498047e-02 4.661285877227783203e-02 1.739102602005004883e-02 1.031491756439208984e-01 6.511491537094116211e-02 5.962008237838745117e-02 7.171022891998291016e-02 6.263625621795654297e-02 7.470417022705078125e-02 8.541333675384521484e-02 8.292782306671142578e-02 9.252583980560302734e-02 7.594561576843261719e-02 7.818472385406494141e-02 7.154262065887451172e-02 4.563391208648681641e-03 6.263637542724609375e-02 9.299188852310180664e-02 8.023941516876220703e-02 5.325943231582641602e-02 1.318323612213134766e-02 8.610939979553222656e-02 0.000000000000000000e+00 6.996512413024902344e-02 1.004694700241088867e-01 8.905845880508422852e-02 6.996524333953857422e-02 6.996518373489379883e-02 3.611016273498535156e-02 7.326519489288330078e-02 1.097148656845092773e-01 9.011656045913696289e-02 9.457004070281982422e-02 2.130985260009765625e-02
1.221700906753540039e-01 2.335226535797119141e-02 5.257409811019897461e-02 3.318405151367187500e-02 4.850208759307861328e-03 1.034504175186157227e-02 1.745104789733886719e-03 7.328867912292480469e-03 4.739046096801757812e-03 1.544821262359619141e-02 1.296269893646240234e-02 2.256071567535400391e-02 5.980491638183593750e-03 8.219599723815917969e-03 1.415077447891235352e-01 7.452851533889770508e-02 7.328748703002929688e-03 2.302676439285278320e-02 1.027429103851318359e-02 1.670569181442260742e-02 5.678188800811767578e-02 1.614427566528320312e-02 6.996512413024902344e-02 0.000000000000000000e+00 3.050434589385986328e-02 1.909333467483520508e-02 1.192092895507812500e-07 5.960464477539062500e-08 3.385496139526367188e-02 3.300070762634277344e-03 3.974974155426025391e-02 2.015143632888793945e-02 2.460491657257080078e-02 4.865527153015136719e-02
1.526744365692138672e-01 5.385661125183105469e-02 8.307844400405883789e-02 2.679705619812011719e-03 3.535455465316772461e-02 4.084938764572143555e-02 2.875924110412597656e-02 3.783321380615234375e-02 2.576529979705810547e-02 1.505613327026367188e-02 1.754164695739746094e-02 7.943630218505859375e-03 2.452385425567626953e-02 2.228474617004394531e-02 1.720120906829833984e-01 1.050328612327575684e-01 3.783309459686279297e-02 7.477581501007080078e-03 2.023005485534667969e-02 4.721003770828247070e-02 8.728623390197753906e-02 1.436007022857666016e-02 1.004694700241088867e-01 3.050434589385986328e-02 0.000000000000000000e+00 1.141101121902465820e-02 3.050422668457031250e-02 3.050428628921508789e-02 6.435930728912353516e-02 2.720427513122558594e-02 9.245395660400390625e-03 1.035290956497192383e-02 5.899429321289062500e-03 7.915961742401123047e-02
1.412634253501892090e-01 4.244560003280639648e-02 7.166743278503417969e-02 1.409071683883666992e-02 2.394354343414306641e-02 2.943837642669677734e-02 1.734822988510131836e-02 2.642220258712768555e-02 1.435428857803344727e-02 3.645122051239013672e-03 6.130635738372802734e-03 3.467381000518798828e-03 1.311284303665161133e-02 1.087373495101928711e-02 1.606010794639587402e-01 9.362185001373291016e-02 2.642208337783813477e-02 3.933429718017578125e-03 8.819043636322021484e-03 3.579902648925781250e-02 7.587522268295288086e-02 2.949059009552001953e-03 8.905845880508422852e-02 1.909333467483520508e-02 1.141101121902465820e-02 0.000000000000000000e+00 1.909321546554565430e-02 1.909327507019042969e-02 5.294829607009887695e-02 1.579326391220092773e-02 2.065640687942504883e-02 1.058101654052734375e-03 5.511581897735595703e-03 6.774860620498657227e-02
1.221702098846435547e-01 2.335238456726074219e-02 5.257421731948852539e-02 3.318393230438232422e-02 4.850327968597412109e-03 1.034516096115112305e-02 1.744985580444335938e-03 7.328987121582031250e-03 4.738926887512207031e-03 1.544809341430664062e-02 1.296257972717285156e-02 2.256059646606445312e-02 5.980372428894042969e-03 8.219480514526367188e-03 1.415078639984130859e-01 7.452863454818725586e-02 7.328867912292480469e-03 2.302664518356323242e-02 1.027417182922363281e-02 1.670581102371215820e-02 5.678200721740722656e-02 1.614415645599365234e-02 6.996524333953857422e-02 1.192092895507812500e-07 3.050422668457031250e-02 1.909321546554565430e-02 0.000000000000000000e+00 5.960464477539062500e-08 3.385508060455322266e-02 3.299951553344726562e-03 3.974962234497070312e-02 2.015131711959838867e-02 2.460479736328125000e-02 4.865539073944091797e-02
1.221701502799987793e-01 2.335232496261596680e-02 5.257415771484375000e-02 3.318399190902709961e-02 4.850268363952636719e-03 1.034510135650634766e-02 1.745045185089111328e-03 7.328927516937255859e-03 4.738986492156982422e-03 1.544815301895141602e-02 1.296263933181762695e-02 2.256065607070922852e-02 5.980432033538818359e-03 8.219540119171142578e-03 1.415078043937683105e-01 7.452857494354248047e-02 7.328808307647705078e-03 2.302670478820800781e-02 1.027423143386840820e-02 1.670575141906738281e-02 5.678194761276245117e-02 1.614421606063842773e-02 6.996518373489379883e-02 5.960464477539062500e-08 3.050428628921508789e-02 1.909327507019042969e-02 5.960464477539062500e-08 0.000000000000000000e+00 3.385502099990844727e-02 3.300011157989501953e-03 3.974968194961547852e-02 2.015137672424316406e-02 2.460485696792602539e-02 4.865533113479614258e-02
8.831512928009033203e-02 1.050269603729248047e-02 1.871913671493530273e-02 6.703901290893554688e-02 2.900475263595581055e-02 2.350991964340209961e-02 3.560006618499755859e-02 2.652609348297119141e-02 3.859400749206542969e-02 4.930317401885986328e-02 4.681766033172607422e-02 5.641567707061767578e-02 3.983545303344726562e-02 4.207456111907958984e-02 1.076527833938598633e-01 4.067355394363403320e-02 2.652621269226074219e-02 5.688172578811645508e-02 4.412925243377685547e-02 1.714926958084106445e-02 2.292692661285400391e-02 4.999923706054687500e-02 3.611016273498535156e-02 3.385496139526367188e-02 6.435930728912353516e-02 5.294829607009887695e-02 3.385508060455322266e-02 3.385502099990844727e-02 0.000000000000000000e+00 3.715503215789794922e-02 7.360470294952392578e-02 5.400639772415161133e-02 5.845987796783447266e-02 1.480031013488769531e-02
1.254701614379882812e-01 2.665233612060546875e-02 5.587416887283325195e-02 2.988398075103759766e-02 8.150279521942138672e-03 1.364511251449584961e-02 1.554965972900390625e-03 1.062893867492675781e-02 1.438975334167480469e-03 1.214814186096191406e-02 9.662628173828125000e-03 1.926064491271972656e-02 2.680420875549316406e-03 4.919528961181640625e-03 1.448078155517578125e-01 7.782858610153198242e-02 1.062881946563720703e-02 1.972669363021850586e-02 6.974220275878906250e-03 2.000576257705688477e-02 6.008195877075195312e-02 1.284420490264892578e-02 7.326519489288330078e-02 3.300070762634277344e-03 2.720427513122558594e-02 1.579326391220092773e-02 3.299951553344726562e-03 3.300011157989501953e-03 3.715503215789794922e-02 0.000000000000000000e+00 3.644967079162597656e-02 1.685136556625366211e-02 2.130484580993652344e-02 5.195534229278564453e-02
1.619198322296142578e-01 6.310200691223144531e-02 9.232383966445922852e-02 6.565690040588378906e-03 4.459995031356811523e-02 5.009478330612182617e-02 3.800463676452636719e-02 4.707860946655273438e-02 3.501069545745849609e-02 2.430152893066406250e-02 2.678704261779785156e-02 1.718902587890625000e-02 3.376924991607666016e-02 3.153014183044433594e-02 1.812574863433837891e-01 1.142782568931579590e-01 4.707849025726318359e-02 1.672297716140747070e-02 2.947545051574707031e-02 5.645543336868286133e-02 9.653162956237792969e-02 2.360546588897705078e-02 1.097148656845092773e-01 3.974974155426025391e-02 9.245395660400390625e-03 2.065640687942504883e-02 3.974962234497070312e-02 3.974968194961547852e-02 7.360470294952392578e-02 3.644967079162597656e-02 0.000000000000000000e+00 1.959830522537231445e-02 1.514482498168945312e-02 8.840501308441162109e-02
1.423215270042419434e-01 4.350370168685913086e-02 7.272553443908691406e-02 1.303261518478393555e-02 2.500164508819580078e-02 3.049647808074951172e-02 1.840633153915405273e-02 2.748030424118041992e-02 1.541239023208618164e-02 4.703223705291748047e-03 7.188737392425537109e-03 2.409279346466064453e-03 1.417094469070434570e-02 1.193183660507202148e-02 1.616591811180114746e-01 9.467995166778564453e-02 2.748018503189086914e-02 2.875328063964843750e-03 9.877145290374755859e-03 3.685712814331054688e-02 7.693332433700561523e-02 4.007160663604736328e-03 9.011656045913696289e-02 2.015143632888793945e-02 1.035290956497192383e-02 1.058101654052734375e-03 2.015131711959838867e-02 2.015137672424316406e-02 5.400639772415161133e-02 1.685136556625366211e-02 1.959830522537231445e-02 0.000000000000000000e+00 4.453480243682861328e-03 6.880670785903930664e-02
1.467750072479248047e-01 4.795718193054199219e-02 7.717901468276977539e-02 8.579134941101074219e-03 2.945512533187866211e-02 3.494995832443237305e-02 2.285981178283691406e-02 3.193378448486328125e-02 1.986587047576904297e-02 9.156703948974609375e-03 1.164221763610839844e-02 2.044200897216796875e-03 1.862442493438720703e-02 1.638531684875488281e-02 1.661126613616943359e-01 9.913343191146850586e-02 3.193366527557373047e-02 1.578152179718017578e-03 1.433062553405761719e-02 4.131060838699340820e-02 8.138680458068847656e-02 8.460640907287597656e-03 9.457004070281982422e-02 2.460491657257080078e-02 5.899429321289062500e-03 5.511581897735595703e-03 2.460479736328125000e-02 2.460485696792602539e-02 5.845987796783447266e-02 2.130484580993652344e-02 1.514482498168945312e-02 4.453480243682861328e-03 0.000000000000000000e+00 7.326018810272216797e-02
7.351481914520263672e-02 2.530300617218017578e-02 3.918826580047607422e-03 8.183932304382324219e-02 4.380506277084350586e-02 3.831022977828979492e-02 5.040037631988525391e-02 4.132640361785888672e-02 5.339431762695312500e-02 6.410348415374755859e-02 6.161797046661376953e-02 7.121598720550537109e-02 5.463576316833496094e-02 5.687487125396728516e-02 9.285247325897216797e-02 2.587324380874633789e-02 4.132652282714843750e-02 7.168203592300415039e-02 5.892956256866455078e-02 3.194957971572875977e-02 8.126616477966308594e-03 6.479954719543457031e-02 2.130985260009765625e-02 4.865527153015136719e-02 7.915961742401123047e-02 6.774860620498657227e-02 4.865539073944091797e-02 4.865533113479614258e-02 1.480031013488769531e-02 5.195534229278564453e-02 8.840501308441162109e-02 6.880670785903930664e-02 7.326018810272216797e-02 0.000000000000000000e+00
