0.000000000000000000e+00 1.879572868347167969e-02 4.519283771514892578e-03 5.929499864578247070e-02 5.266535282135009766e-02 3.914672136306762695e-02 4.133200645446777344e-02 5.538558959960937500e-02 4.546713829040527344e-02 5.900150537490844727e-02 5.049872398376464844e-02 6.060886383056640625e-02 3.914666175842285156e-02 8.402466773986816406e-03 8.251154422760009766e-02 4.489016532897949219e-02 2.988719940185546875e-02 5.166804790496826172e-02 4.918932914733886719e-02 6.044101715087890625e-02 1.574927568435668945e-02 4.742598533630371094e-02 4.519224166870117188e-03 3.326660394668579102e-02 4.918938875198364258e-02 5.816054344177246094e-02 5.266541242599487305e-02 5.384886264801025391e-02 1.879560947418212891e-02 3.645098209381103516e-02 6.596958637237548828e-02 6.442034244537353516e-02 6.044101715087890625e-02 3.645098209381103516e-02
1.879572868347167969e-02 0.000000000000000000e+00 2.331501245498657227e-02 7.809072732925415039e-02 7.146108150482177734e-02 5.794245004653930664e-02 6.012773513793945312e-02 7.418131828308105469e-02 6.426286697387695312e-02 7.779723405838012695e-02 6.929445266723632812e-02 7.940459251403808594e-02 5.794239044189453125e-02 2.719819545745849609e-02 6.371581554412841797e-02 2.609443664550781250e-02 4.868292808532714844e-02 7.046377658843994141e-02 6.798505783081054688e-02 7.923674583435058594e-02 3.454500436782836914e-02 6.622171401977539062e-02 2.331495285034179688e-02 5.206233263015747070e-02 6.798511743545532227e-02 7.695627212524414062e-02 7.146114110946655273e-02 7.264459133148193359e-02 1.192092895507812500e-07 5.524671077728271484e-02 8.476531505584716797e-02 8.321607112884521484e-02 7.923674583435058594e-02 5.524671077728271484e-02
4.519283771514892578e-03 2.331501245498657227e-02 0.000000000000000000e+00 5.477571487426757812e-02 4.814606904983520508e-02 3.462743759155273438e-02 3.681272268295288086e-02 5.086630582809448242e-02 4.094785451889038086e-02 5.448222160339355469e-02 4.597944021224975586e-02 5.608958005905151367e-02 3.462737798690795898e-02 3.883183002471923828e-03 8.703082799911499023e-02 4.940944910049438477e-02 2.536791563034057617e-02 4.714876413345336914e-02 4.467004537582397461e-02 5.592173337936401367e-02 1.122999191284179688e-02 4.290670156478881836e-02 5.960464477539062500e-08 2.874732017517089844e-02 4.467010498046875000e-02 5.364125967025756836e-02 4.814612865447998047e-02 4.932957887649536133e-02 2.331489324569702148e-02 3.193169832229614258e-02 6.145030260086059570e-02 5.990105867385864258e-02 5.592173337936401367e-02 3.193169832229614258e-02
5.929499864578247070e-02 7.809072732925415039e-02 5.477571487426757812e-02 0.000000000000000000e+00 6.629645824432373047e-03 2.014827728271484375e-02 1.796299219131469727e-02 3.909409046173095703e-03 1.382786035537719727e-02 2.934932708740234375e-04 8.796274662017822266e-03 1.313865184783935547e-03 2.014833688735961914e-02 5.089253187179565430e-02 1.418065428733825684e-01 1.041851639747619629e-01 2.940779924392700195e-02 7.626950740814208984e-03 1.010566949844360352e-02 1.146018505096435547e-03 4.354572296142578125e-02 1.186901330947875977e-02 5.477577447891235352e-02 2.602839469909667969e-02 1.010560989379882812e-02 1.134455204010009766e-03 6.629586219787597656e-03 5.446135997772216797e-03 7.809060811996459961e-02 2.284401655197143555e-02 6.674587726593017578e-03 5.125343799591064453e-03 1.146018505096435547e-03 2.284401655197143555e-02
5.266535282135009766e-02 7.146108150482177734e-02 4.814606904983520508e-02 6.629645824432373047e-03 0.000000000000000000e+00 1.351863145828247070e-02 1.133334636688232422e-02 2.720236778259277344e-03 7.198214530944824219e-03 6.336152553558349609e-03 2.166628837585449219e-03 7.943511009216308594e-03 1.351869106292724609e-02 4.426288604736328125e-02 1.351768970489501953e-01 9.755551815032958984e-02 2.277815341949462891e-02 9.973049163818359375e-04 3.476023674011230469e-03 7.775664329528808594e-03 3.691607713699340820e-02 5.239367485046386719e-03 4.814612865447998047e-02 1.939874887466430664e-02 3.475964069366455078e-03 5.495190620422363281e-03 5.960464477539062500e-08 1.183509826660156250e-03 7.146096229553222656e-02 1.621437072753906250e-02 1.330423355102539062e-02 1.175498962402343750e-02 7.775664329528808594e-03 1.621437072753906250e-02
3.914672136306762695e-02 5.794245004653930664e-02 3.462743759155273438e-02 2.014827728271484375e-02 1.351863145828247070e-02 0.000000000000000000e+00 2.185285091400146484e-03 1.623886823654174805e-02 6.320416927337646484e-03 1.985478401184082031e-02 1.135200262069702148e-02 2.146214246749877930e-02 5.960464477539062500e-08 3.074425458908081055e-02 1.216582655906677246e-01 8.403688669204711914e-02 9.259521961212158203e-03 1.252132654190063477e-02 1.004260778427124023e-02 2.129429578781127930e-02 2.339744567871093750e-02 8.279263973236083984e-03 3.462749719619750977e-02 5.880117416381835938e-03 1.004266738891601562e-02 1.901382207870483398e-02 1.351869106292724609e-02 1.470214128494262695e-02 5.794233083724975586e-02 2.695739269256591797e-03 2.682286500930786133e-02 2.527362108230590820e-02 2.129429578781127930e-02 2.695739269256591797e-03
4.133200645446777344e-02 6.012773513793945312e-02 3.681272268295288086e-02 1.796299219131469727e-02 1.133334636688232422e-02 2.185285091400146484e-03 0.000000000000000000e+00 1.405358314514160156e-02 4.135131835937500000e-03 1.766949892044067383e-02 9.166717529296875000e-03 1.927685737609863281e-02 2.185344696044921875e-03 3.292953968048095703e-02 1.238435506820678711e-01 8.622217178344726562e-02 1.144480705261230469e-02 1.033604145050048828e-02 7.857322692871093750e-03 1.910901069641113281e-02 2.558273077011108398e-02 6.093978881835937500e-03 3.681278228759765625e-02 8.065402507781982422e-03 7.857382297515869141e-03 1.682853698730468750e-02 1.133340597152709961e-02 1.251685619354248047e-02 6.012761592864990234e-02 4.881024360656738281e-03 2.463757991790771484e-02 2.308833599090576172e-02 1.910901069641113281e-02 4.881024360656738281e-03
5.538558959960937500e-02 7.418131828308105469e-02 5.086630582809448242e-02 3.909409046173095703e-03 2.720236778259277344e-03 1.623886823654174805e-02 1.405358314514160156e-02 0.000000000000000000e+00 9.918451309204101562e-03 3.615915775299072266e-03 4.886865615844726562e-03 5.223274230957031250e-03 1.623892784118652344e-02 4.698312282562255859e-02 1.378971338272094727e-01 1.002757549285888672e-01 2.549839019775390625e-02 3.717541694641113281e-03 6.196260452270507812e-03 5.055427551269531250e-03 3.963631391525268555e-02 7.959604263305664062e-03 5.086636543273925781e-02 2.211898565292358398e-02 6.196200847625732422e-03 2.774953842163085938e-03 2.720177173614501953e-03 1.536726951599121094e-03 7.418119907379150391e-02 1.893460750579833984e-02 1.058399677276611328e-02 9.034752845764160156e-03 5.055427551269531250e-03 1.893460750579833984e-02
4.546713829040527344e-02 6.426286697387695312e-02 4.094785451889038086e-02 1.382786035537719727e-02 7.198214530944824219e-03 6.320416927337646484e-03 4.135131835937500000e-03 9.918451309204101562e-03 0.000000000000000000e+00 1.353436708450317383e-02 5.031585693359375000e-03 1.514172554016113281e-02 6.320476531982421875e-03 3.706467151641845703e-02 1.279786825180053711e-01 9.035730361938476562e-02 1.557993888854980469e-02 6.200909614562988281e-03 3.722190856933593750e-03 1.497387886047363281e-02 2.971786260604858398e-02 1.958847045898437500e-03 4.094791412353515625e-02 1.220053434371948242e-02 3.722250461578369141e-03 1.269340515136718750e-02 7.198274135589599609e-03 8.381724357604980469e-03 6.426274776458740234e-02 9.016156196594238281e-03 2.050244808197021484e-02 1.895320415496826172e-02 1.497387886047363281e-02 9.016156196594238281e-03
5.900150537490844727e-02 7.779723405838012695e-02 5.448222160339355469e-02 2.934932708740234375e-04 6.336152553558349609e-03 1.985478401184082031e-02 1.766949892044067383e-02 3.615915775299072266e-03 1.353436708450317383e-02 0.000000000000000000e+00 8.502781391143798828e-03 1.607358455657958984e-03 1.985484361648559570e-02 5.059903860092163086e-02 1.415130496025085449e-01 1.038916707038879395e-01 2.911430597305297852e-02 7.333457469940185547e-03 9.812176227569580078e-03 1.439511775970458984e-03 4.325222969055175781e-02 1.157552003860473633e-02 5.448228120803833008e-02 2.573490142822265625e-02 9.812116622924804688e-03 8.409619331359863281e-04 6.336092948913574219e-03 5.152642726898193359e-03 7.779711484909057617e-02 2.255052328109741211e-02 6.968080997467041016e-03 5.418837070465087891e-03 1.439511775970458984e-03 2.255052328109741211e-02
5.049872398376464844e-02 6.929445266723632812e-02 4.597944021224975586e-02 8.796274662017822266e-03 2.166628837585449219e-03 1.135200262069702148e-02 9.166717529296875000e-03 4.886865615844726562e-03 5.031585693359375000e-03 8.502781391143798828e-03 0.000000000000000000e+00 1.011013984680175781e-02 1.135206222534179688e-02 4.209625720977783203e-02 1.330102682113647461e-01 9.538888931274414062e-02 2.061152458190917969e-02 1.169323921203613281e-03 1.309394836425781250e-03 9.942293167114257812e-03 3.474944829940795898e-02 3.072738647460937500e-03 4.597949981689453125e-02 1.723212003707885742e-02 1.309335231781005859e-03 7.661819458007812500e-03 2.166688442230224609e-03 3.350138664245605469e-03 6.929433345794677734e-02 1.404774188995361328e-02 1.547086238861083984e-02 1.392161846160888672e-02 9.942293167114257812e-03 1.404774188995361328e-02
6.060886383056640625e-02 7.940459251403808594e-02 5.608958005905151367e-02 1.313865184783935547e-03 7.943511009216308594e-03 2.146214246749877930e-02 1.927685737609863281e-02 5.223274230957031250e-03 1.514172554016113281e-02 1.607358455657958984e-03 1.011013984680175781e-02 0.000000000000000000e+00 2.146220207214355469e-02 5.220639705657958984e-02 1.431204080581665039e-01 1.054990291595458984e-01 3.072166442871093750e-02 8.940815925598144531e-03 1.141953468322753906e-02 1.678466796875000000e-04 4.485958814620971680e-02 1.318287849426269531e-02 5.608963966369628906e-02 2.734225988388061523e-02 1.141947507858276367e-02 2.448320388793945312e-03 7.943451404571533203e-03 6.760001182556152344e-03 7.940447330474853516e-02 2.415788173675537109e-02 5.360722541809082031e-03 3.811478614807128906e-03 1.678466796875000000e-04 2.415788173675537109e-02
3.914666175842285156e-02 5.794239044189453125e-02 3.462737798690795898e-02 2.014833688735961914e-02 1.351869106292724609e-02 5.960464477539062500e-08 2.185344696044921875e-03 1.623892784118652344e-02 6.320476531982421875e-03 1.985484361648559570e-02 1.135206222534179688e-02 2.146220207214355469e-02 0.000000000000000000e+00 3.074419498443603516e-02 1.216582059860229492e-01 8.403682708740234375e-02 9.259462356567382812e-03 1.252138614654541016e-02 1.004266738891601562e-02 2.129435539245605469e-02 2.339738607406616211e-02 8.279323577880859375e-03 3.462743759155273438e-02 5.880057811737060547e-03 1.004272699356079102e-02 1.901388168334960938e-02 1.351875066757202148e-02 1.470220088958740234e-02 5.794227123260498047e-02 2.695679664611816406e-03 2.682292461395263672e-02 2.527368068695068359e-02 2.129435539245605469e-02 2.695679664611816406e-03
8.402466773986816406e-03 2.719819545745849609e-02 3.883183002471923828e-03 5.089253187179565430e-02 4.426288604736328125e-02 3.074425458908081055e-02 3.292953968048095703e-02 4.698312282562255859e-02 3.706467151641845703e-02 5.059903860092163086e-02 4.209625720977783203e-02 5.220639705657958984e-02 3.074419498443603516e-02 0.000000000000000000e+00 9.091401100158691406e-02 5.329263210296630859e-02 2.148473262786865234e-02 4.326558113098144531e-02 4.078686237335205078e-02 5.203855037689208984e-02 7.346808910369873047e-03 3.902351856231689453e-02 3.883242607116699219e-03 2.486413717269897461e-02 4.078692197799682617e-02 4.975807666778564453e-02 4.426294565200805664e-02 4.544639587402343750e-02 2.719807624816894531e-02 2.804851531982421875e-02 5.756711959838867188e-02 5.601787567138671875e-02 5.203855037689208984e-02 2.804851531982421875e-02
8.251154422760009766e-02 6.371581554412841797e-02 8.703082799911499023e-02 1.418065428733825684e-01 1.351768970489501953e-01 1.216582655906677246e-01 1.238435506820678711e-01 1.378971338272094727e-01 1.279786825180053711e-01 1.415130496025085449e-01 1.330102682113647461e-01 1.431204080581665039e-01 1.216582059860229492e-01 9.091401100158691406e-02 0.000000000000000000e+00 3.762137889862060547e-02 1.123987436294555664e-01 1.341795921325683594e-01 1.317008733749389648e-01 1.429525613784790039e-01 9.826081991195678711e-02 1.299375295639038086e-01 8.703076839447021484e-02 1.157781481742858887e-01 1.317009329795837402e-01 1.406720876693725586e-01 1.351769566535949707e-01 1.363604068756103516e-01 6.371593475341796875e-02 1.189625263214111328e-01 1.484811305999755859e-01 1.469318866729736328e-01 1.429525613784790039e-01 1.189625263214111328e-01
4.489016532897949219e-02 2.609443664550781250e-02 4.940944910049438477e-02 1.041851639747619629e-01 9.755551815032958984e-02 8.403688669204711914e-02 8.622217178344726562e-02 1.002757549285888672e-01 9.035730361938476562e-02 1.038916707038879395e-01 9.538888931274414062e-02 1.054990291595458984e-01 8.403682708740234375e-02 5.329263210296630859e-02 3.762137889862060547e-02 0.000000000000000000e+00 7.477736473083496094e-02 9.655821323394775391e-02 9.407949447631835938e-02 1.053311824798583984e-01 6.063944101333618164e-02 9.231615066528320312e-02 4.940938949584960938e-02 7.815676927566528320e-02 9.407955408096313477e-02 1.030507087707519531e-01 9.755557775497436523e-02 9.873902797698974609e-02 2.609455585479736328e-02 8.134114742279052734e-02 1.108597517013549805e-01 1.093105077743530273e-01 1.053311824798583984e-01 8.134114742279052734e-02
2.988719940185546875e-02 4.868292808532714844e-02 2.536791563034057617e-02 2.940779924392700195e-02 2.277815341949462891e-02 9.259521961212158203e-03 1.144480705261230469e-02 2.549839019775390625e-02 1.557993888854980469e-02 2.911430597305297852e-02 2.061152458190917969e-02 3.072166442871093750e-02 9.259462356567382812e-03 2.148473262786865234e-02 1.123987436294555664e-01 7.477736473083496094e-02 0.000000000000000000e+00 2.178084850311279297e-02 1.930212974548339844e-02 3.055381774902343750e-02 1.413792371749877930e-02 1.753878593444824219e-02 2.536797523498535156e-02 3.379404544830322266e-03 1.930218935012817383e-02 2.827334403991699219e-02 2.277821302413940430e-02 2.396166324615478516e-02 4.868280887603759766e-02 6.563782691955566406e-03 3.608238697052001953e-02 3.453314304351806641e-02 3.055381774902343750e-02 6.563782691955566406e-03
5.166804790496826172e-02 7.046377658843994141e-02 4.714876413345336914e-02 7.626950740814208984e-03 9.973049163818359375e-04 1.252132654190063477e-02 1.033604145050048828e-02 3.717541694641113281e-03 6.200909614562988281e-03 7.333457469940185547e-03 1.169323921203613281e-03 8.940815925598144531e-03 1.252138614654541016e-02 4.326558113098144531e-02 1.341795921325683594e-01 9.655821323394775391e-02 2.178084850311279297e-02 0.000000000000000000e+00 2.478718757629394531e-03 8.772969245910644531e-03 3.591877222061157227e-02 4.242062568664550781e-03 4.714882373809814453e-02 1.840144395828247070e-02 2.478659152984619141e-03 6.492495536804199219e-03 9.973645210266113281e-04 2.180814743041992188e-03 7.046365737915039062e-02 1.521706581115722656e-02 1.430153846740722656e-02 1.275229454040527344e-02 8.772969245910644531e-03 1.521706581115722656e-02
4.918932914733886719e-02 6.798505783081054688e-02 4.467004537582397461e-02 1.010566949844360352e-02 3.476023674011230469e-03 1.004260778427124023e-02 7.857322692871093750e-03 6.196260452270507812e-03 3.722190856933593750e-03 9.812176227569580078e-03 1.309394836425781250e-03 1.141953468322753906e-02 1.004266738891601562e-02 4.078686237335205078e-02 1.317008733749389648e-01 9.407949447631835938e-02 1.930212974548339844e-02 2.478718757629394531e-03 0.000000000000000000e+00 1.125168800354003906e-02 3.344005346298217773e-02 1.763343811035156250e-03 4.467010498046875000e-02 1.592272520065307617e-02 5.960464477539062500e-08 8.971214294433593750e-03 3.476083278656005859e-03 4.659533500671386719e-03 6.798493862152099609e-02 1.273834705352783203e-02 1.678025722503662109e-02 1.523101329803466797e-02 1.125168800354003906e-02 1.273834705352783203e-02
6.044101715087890625e-02 7.923674583435058594e-02 5.592173337936401367e-02 1.146018505096435547e-03 7.775664329528808594e-03 2.129429578781127930e-02 1.910901069641113281e-02 5.055427551269531250e-03 1.497387886047363281e-02 1.439511775970458984e-03 9.942293167114257812e-03 1.678466796875000000e-04 2.129435539245605469e-02 5.203855037689208984e-02 1.429525613784790039e-01 1.053311824798583984e-01 3.055381774902343750e-02 8.772969245910644531e-03 1.125168800354003906e-02 0.000000000000000000e+00 4.469174146652221680e-02 1.301503181457519531e-02 5.592179298400878906e-02 2.717441320419311523e-02 1.125162839889526367e-02 2.280473709106445312e-03 7.775604724884033203e-03 6.592154502868652344e-03 7.923662662506103516e-02 2.399003505706787109e-02 5.528569221496582031e-03 3.979325294494628906e-03 0.000000000000000000e+00 2.399003505706787109e-02
1.574927568435668945e-02 3.454500436782836914e-02 1.122999191284179688e-02 4.354572296142578125e-02 3.691607713699340820e-02 2.339744567871093750e-02 2.558273077011108398e-02 3.963631391525268555e-02 2.971786260604858398e-02 4.325222969055175781e-02 3.474944829940795898e-02 4.485958814620971680e-02 2.339738607406616211e-02 7.346808910369873047e-03 9.826081991195678711e-02 6.063944101333618164e-02 1.413792371749877930e-02 3.591877222061157227e-02 3.344005346298217773e-02 4.469174146652221680e-02 0.000000000000000000e+00 3.167670965194702148e-02 1.123005151748657227e-02 1.751732826232910156e-02 3.344011306762695312e-02 4.241126775741577148e-02 3.691613674163818359e-02 3.809958696365356445e-02 3.454488515853881836e-02 2.070170640945434570e-02 5.022031068801879883e-02 4.867106676101684570e-02 4.469174146652221680e-02 2.070170640945434570e-02
4.742598533630371094e-02 6.622171401977539062e-02 4.290670156478881836e-02 1.186901330947875977e-02 5.239367485046386719e-03 8.279263973236083984e-03 6.093978881835937500e-03 7.959604263305664062e-03 1.958847045898437500e-03 1.157552003860473633e-02 3.072738647460937500e-03 1.318287849426269531e-02 8.279323577880859375e-03 3.902351856231689453e-02 1.299375295639038086e-01 9.231615066528320312e-02 1.753878593444824219e-02 4.242062568664550781e-03 1.763343811035156250e-03 1.301503181457519531e-02 3.167670965194702148e-02 0.000000000000000000e+00 4.290676116943359375e-02 1.415938138961791992e-02 1.763403415679931641e-03 1.073455810546875000e-02 5.239427089691162109e-03 6.422877311706542969e-03 6.622159481048583984e-02 1.097500324249267578e-02 1.854360103607177734e-02 1.699435710906982422e-02 1.301503181457519531e-02 1.097500324249267578e-02
4.519224166870117188e-03 2.331495285034179688e-02 5.960464477539062500e-08 5.477577447891235352e-02 4.814612865447998047e-02 3.462749719619750977e-02 3.681278228759765625e-02 5.086636543273925781e-02 4.094791412353515625e-02 5.448228120803833008e-02 4.597949981689453125e-02 5.608963966369628906e-02 3.462743759155273438e-02 3.883242607116699219e-03 8.703076839447021484e-02 4.940938949584960938e-02 2.536797523498535156e-02 4.714882373809814453e-02 4.467010498046875000e-02 5.592179298400878906e-02 1.123005151748657227e-02 4.290676116943359375e-02 0.000000000000000000e+00 2.874737977981567383e-02 4.467016458511352539e-02 5.364131927490234375e-02 4.814618825912475586e-02 4.932963848114013672e-02 2.331483364105224609e-02 3.193175792694091797e-02 6.145036220550537109e-02 5.990111827850341797e-02 5.592179298400878906e-02 3.193175792694091797e-02
3.326660394668579102e-02 5.206233263015747070e-02 2.874732017517089844e-02 2.602839469909667969e-02 1.939874887466430664e-02 5.880117416381835938e-03 8.065402507781982422e-03 2.211898565292358398e-02 1.220053434371948242e-02 2.573490142822265625e-02 1.723212003707885742e-02 2.734225988388061523e-02 5.880057811737060547e-03 2.486413717269897461e-02 1.157781481742858887e-01 7.815676927566528320e-02 3.379404544830322266e-03 1.840144395828247070e-02 1.592272520065307617e-02 2.717441320419311523e-02 1.751732826232910156e-02 1.415938138961791992e-02 2.874737977981567383e-02 0.000000000000000000e+00 1.592278480529785156e-02 2.489393949508666992e-02 1.939880847930908203e-02 2.058225870132446289e-02 5.206221342086791992e-02 3.184378147125244141e-03 3.270298242568969727e-02 3.115373849868774414e-02 2.717441320419311523e-02 3.184378147125244141e-03
4.918938875198364258e-02 6.798511743545532227e-02 4.467010498046875000e-02 1.010560989379882812e-02 3.475964069366455078e-03 1.004266738891601562e-02 7.857382297515869141e-03 6.196200847625732422e-03 3.722250461578369141e-03 9.812116622924804688e-03 1.309335231781005859e-03 1.141947507858276367e-02 1.004272699356079102e-02 4.078692197799682617e-02 1.317009329795837402e-01 9.407955408096313477e-02 1.930218935012817383e-02 2.478659152984619141e-03 5.960464477539062500e-08 1.125162839889526367e-02 3.344011306762695312e-02 1.763403415679931641e-03 4.467016458511352539e-02 1.592278480529785156e-02 0.000000000000000000e+00 8.971154689788818359e-03 3.476023674011230469e-03 4.659473896026611328e-03 6.798499822616577148e-02 1.273840665817260742e-02 1.678019762039184570e-02 1.523095369338989258e-02 1.125162839889526367e-02 1.273840665817260742e-02
5.816054344177246094e-02 7.695627212524414062e-02 5.364125967025756836e-02 1.134455204010009766e-03 5.495190620422363281e-03 1.901382207870483398e-02 1.682853698730468750e-02 2.774953842163085938e-03 1.269340515136718750e-02 8.409619331359863281e-04 7.661819458007812500e-03 2.448320388793945312e-03 1.901388168334960938e-02 4.975807666778564453e-02 1.406720876693725586e-01 1.030507087707519531e-01 2.827334403991699219e-02 6.492495536804199219e-03 8.971214294433593750e-03 2.280473709106445312e-03 4.241126775741577148e-02 1.073455810546875000e-02 5.364131927490234375e-02 2.489393949508666992e-02 8.971154689788818359e-03 0.000000000000000000e+00 5.495131015777587891e-03 4.311680793762207031e-03 7.695615291595458984e-02 2.170956134796142578e-02 7.809042930603027344e-03 6.259799003601074219e-03 2.280473709106445312e-03 2.170956134796142578e-02
5.266541242599487305e-02 7.146114110946655273e-02 4.814612865447998047e-02 6.629586219787597656e-03 5.960464477539062500e-08 1.351869106292724609e-02 1.133340597152709961e-02 2.720177173614501953e-03 7.198274135589599609e-03 6.336092948913574219e-03 2.166688442230224609e-03 7.943451404571533203e-03 1.351875066757202148e-02 4.426294565200805664e-02 1.351769566535949707e-01 9.755557775497436523e-02 2.277821302413940430e-02 9.973645210266113281e-04 3.476083278656005859e-03 7.775604724884033203e-03 3.691613674163818359e-02 5.239427089691162109e-03 4.814618825912475586e-02 1.939880847930908203e-02 3.476023674011230469e-03 5.495131015777587891e-03 0.000000000000000000e+00 1.183450222015380859e-03 7.146102190017700195e-02 1.621443033218383789e-02 1.330417394638061523e-02 1.175493001937866211e-02 7.775604724884033203e-03 1.621443033218383789e-02
5.384886264801025391e-02 7.264459133148193359e-02 4.932957887649536133e-02 5.446135997772216797e-03 1.183509826660156250e-03 1.470214128494262695e-02 1.251685619354248047e-02 1.536726951599121094e-03 8.381724357604980469e-03 5.152642726898193359e-03 3.350138664245605469e-03 6.760001182556152344e-03 1.470220088958740234e-02 4.544639587402343750e-02 1.363604068756103516e-01 9.873902797698974609e-02 2.396166324615478516e-02 2.180814743041992188e-03 4.659533500671386719e-03 6.592154502868652344e-03 3.809958696365356445e-02 6.422877311706542969e-03 4.932963848114013672e-02 2.058225870132446289e-02 4.659473896026611328e-03 4.311680793762207031e-03 1.183450222015380859e-03 0.000000000000000000e+00 7.264447212219238281e-02 1.739788055419921875e-02 1.212072372436523438e-02 1.057147979736328125e-02 6.592154502868652344e-03 1.739788055419921875e-02
1.879560947418212891e-02 1.192092895507812500e-07 2.331489324569702148e-02 7.809060811996459961e-02 7.146096229553222656e-02 5.794233083724975586e-02 6.012761592864990234e-02 7.418119907379150391e-02 6.426274776458740234e-02 7.779711484909057617e-02 6.929433345794677734e-02 7.940447330474853516e-02 5.794227123260498047e-02 2.719807624816894531e-02 6.371593475341796875e-02 2.609455585479736328e-02 4.868280887603759766e-02 7.046365737915039062e-02 6.798493862152099609e-02 7.923662662506103516e-02 3.454488515853881836e-02 6.622159481048583984e-02 2.331483364105224609e-02 5.206221342086791992e-02 6.798499822616577148e-02 7.695615291595458984e-02 7.146102190017700195e-02 7.264447212219238281e-02 0.000000000000000000e+00 5.524659156799316406e-02 8.476519584655761719e-02 8.321595191955566406e-02 7.923662662506103516e-02 5.524659156799316406e-02
3.645098209381103516e-02 5.524671077728271484e-02 3.193169832229614258e-02 2.284401655197143555e-02 1.621437072753906250e-02 2.695739269256591797e-03 4.881024360656738281e-03 1.893460750579833984e-02 9.016156196594238281e-03 2.255052328109741211e-02 1.404774188995361328e-02 2.415788173675537109e-02 2.695679664611816406e-03 2.804851531982421875e-02 1.189625263214111328e-01 8.134114742279052734e-02 6.563782691955566406e-03 1.521706581115722656e-02 1.273834705352783203e-02 2.399003505706787109e-02 2.070170640945434570e-02 1.097500324249267578e-02 3.193175792694091797e-02 3.184378147125244141e-03 1.273840665817260742e-02 2.170956134796142578e-02 1.621443033218383789e-02 1.739788055419921875e-02 5.524659156799316406e-02 0.000000000000000000e+00 2.951860427856445312e-02 2.796936035156250000e-02 2.399003505706787109e-02 0.000000000000000000e+00
6.596958637237548828e-02 8.476531505584716797e-02 6.145030260086059570e-02 6.674587726593017578e-03 1.330423355102539062e-02 2.682286500930786133e-02 2.463757991790771484e-02 1.058399677276611328e-02 2.050244808197021484e-02 6.968080997467041016e-03 1.547086238861083984e-02 5.360722541809082031e-03 2.682292461395263672e-02 5.756711959838867188e-02 1.484811305999755859e-01 1.108597517013549805e-01 3.608238697052001953e-02 1.430153846740722656e-02 1.678025722503662109e-02 5.528569221496582031e-03 5.022031068801879883e-02 1.854360103607177734e-02 6.145036220550537109e-02 3.270298242568969727e-02 1.678019762039184570e-02 7.809042930603027344e-03 1.330417394638061523e-02 1.212072372436523438e-02 8.476519584655761719e-02 2.951860427856445312e-02 0.000000000000000000e+00 1.549243927001953125e-03 5.528569221496582031e-03 2.951860427856445312e-02
6.442034244537353516e-02 8.321607112884521484e-02 5.990105867385864258e-02 5.125343799591064453e-03 1.175498962402343750e-02 2.527362108230590820e-02 2.308833599090576172e-02 9.034752845764160156e-03 1.895320415496826172e-02 5.418837070465087891e-03 1.392161846160888672e-02 3.811478614807128906e-03 2.527368068695068359e-02 5.601787567138671875e-02 1.469318866729736328e-01 1.093105077743530273e-01 3.453314304351806641e-02 1.275229454040527344e-02 1.523101329803466797e-02 3.979325294494628906e-03 4.867106676101684570e-02 1.699435710906982422e-02 5.990111827850341797e-02 3.115373849868774414e-02 1.523095369338989258e-02 6.259799003601074219e-03 1.175493001937866211e-02 1.057147979736328125e-02 8.321595191955566406e-02 2.796936035156250000e-02 1.549243927001953125e-03 0.000000000000000000e+00 3.979325294494628906e-03 2.796936035156250000e-02
6.044101715087890625e-02 7.923674583435058594e-02 5.592173337936401367e-02 1.146018505096435547e-03 7.775664329528808594e-03 2.129429578781127930e-02 1.910901069641113281e-02 5.055427551269531250e-03 1.497387886047363281e-02 1.439511775970458984e-03 9.942293167114257812e-03 1.678466796875000000e-04 2.129435539245605469e-02 5.203855037689208984e-02 1.429525613784790039e-01 1.053311824798583984e-01 3.055381774902343750e-02 8.772969245910644531e-03 1.125168800354003906e-02 0.000000000000000000e+00 4.469174146652221680e-02 1.301503181457519531e-02 5.592179298400878906e-02 2.717441320419311523e-02 1.125162839889526367e-02 2.280473709106445312e-03 7.775604724884033203e-03 6.592154502868652344e-03 7.923662662506103516e-02 2.399003505706787109e-02 5.528569221496582031e-03 3.979325294494628906e-03 0.000000000000000000e+00 2.399003505706787109e-02
3.645098209381103516e-02 5.524671077728271484e-02 3.193169832229614258e-02 2.284401655197143555e-02 1.621437072753906250e-02 2.695739269256591797e-03 4.881024360656738281e-03 1.893460750579833984e-02 9.016156196594238281e-03 2.255052328109741211e-02 1.404774188995361328e-02 2.415788173675537109e-02 2.695679664611816406e-03 2.804851531982421875e-02 1.189625263214111328e-01 8.134114742279052734e-02 6.563782691955566406e-03 1.521706581115722656e-02 1.273834705352783203e-02 2.399003505706787109e-02 2.070170640945434570e-02 1.097500324249267578e-02 3.193175792694091797e-02 3.184378147125244141e-03 1.273840665817260742e-02 2.170956134796142578e-02 1.621443033218383789e-02 1.739788055419921875e-02 5.524659156799316406e-02 0.000000000000000000e+00 2.951860427856445312e-02 2.796936035156250000e-02 2.399003505706787109e-02 0.000000000000000000e+00
