0.000000000000000000e+00 1.140496134757995605e-01 3.651028871536254883e-02 1.226343512535095215e-01 8.071327209472656250e-02 9.378677606582641602e-02 9.766912460327148438e-02 9.378677606582641602e-02 6.123542785644531250e-02 1.119266152381896973e-01 1.011094450950622559e-01 1.140497326850891113e-01 1.038559079170227051e-01 8.640700578689575195e-02 2.635186910629272461e-02 1.929581165313720703e-02 8.383691310882568359e-02 1.136939525604248047e-01 1.085039973258972168e-01 1.038559079170227051e-01 3.263378143310546875e-02 1.071479916572570801e-01 1.470631361007690430e-02 9.583818912506103516e-02 1.128162145614624023e-01 1.104453802108764648e-01 1.011093854904174805e-01 1.038557887077331543e-01 3.263378143310546875e-02 8.383709192276000977e-02 1.214730143547058105e-01 1.079272627830505371e-01 5.089283455163240433e-03 4.748773574829101562e-02
1.140496134757995605e-01 0.000000000000000000e+00 7.753932476043701172e-02 8.584737777709960938e-03 3.333634138107299805e-02 2.026283740997314453e-02 1.638048887252807617e-02 2.026283740997314453e-02 5.281418561935424805e-02 2.122998237609863281e-03 1.294016838073730469e-02 1.192092895507812500e-07 1.019370555877685547e-02 2.764260768890380859e-02 1.404014825820922852e-01 9.475380182266235352e-02 3.021270036697387695e-02 3.556609153747558594e-04 5.545616149902343750e-03 1.019370555877685547e-02 8.141583204269409180e-02 6.901621818542480469e-03 9.934329986572265625e-02 1.821142435073852539e-02 1.233398914337158203e-03 3.604233264923095703e-03 1.294022798538208008e-02 1.019382476806640625e-02 8.141583204269409180e-02 3.021252155303955078e-02 7.423400878906250000e-03 6.122350692749023438e-03 1.089603304862976074e-01 6.656187772750854492e-02
3.651028871536254883e-02 7.753932476043701172e-02 0.000000000000000000e+00 8.612406253814697266e-02 4.420298337936401367e-02 5.727648735046386719e-02 6.115883588790893555e-02 5.727648735046386719e-02 2.472513914108276367e-02 7.541632652282714844e-02 6.459915637969970703e-02 7.753944396972656250e-02 6.734561920166015625e-02 4.989671707153320312e-02 6.286215782165527344e-02 1.721447706222534180e-02 4.732662439346313477e-02 7.718366384506225586e-02 7.199370861053466797e-02 6.734561920166015625e-02 3.876507282257080078e-03 7.063770294189453125e-02 2.180397510528564453e-02 5.932790040969848633e-02 7.630592584609985352e-02 7.393509149551391602e-02 6.459909677505493164e-02 6.734549999237060547e-02 3.876507282257080078e-03 4.732680320739746094e-02 8.496272563934326172e-02 7.141697406768798828e-02 3.142100572586059570e-02 1.097744703292846680e-02
1.226343512535095215e-01 8.584737777709960938e-03 8.612406253814697266e-02 0.000000000000000000e+00 4.192107915878295898e-02 2.884757518768310547e-02 2.496522665023803711e-02 2.884757518768310547e-02 6.139892339706420898e-02 1.070773601531982422e-02 2.152490615844726562e-02 8.584618568420410156e-03 1.877844333648681641e-02 3.622734546661376953e-02 1.489862203598022461e-01 1.033385396003723145e-01 3.879743814468383789e-02 8.940398693084716797e-03 1.413035392761230469e-02 1.877844333648681641e-02 9.000056982040405273e-02 1.548635959625244141e-02 1.079280376434326172e-01 2.679616212844848633e-02 9.818136692047119141e-03 1.218897104263305664e-02 2.152496576309204102e-02 1.877856254577636719e-02 9.000056982040405273e-02 3.879725933074951172e-02 1.161336898803710938e-03 1.470708847045898438e-02 1.175450682640075684e-01 7.514661550521850586e-02
8.071327209472656250e-02 3.333634138107299805e-02 4.420298337936401367e-02 4.192107915878295898e-02 0.000000000000000000e+00 1.307350397109985352e-02 1.695585250854492188e-02 1.307350397109985352e-02 1.947784423828125000e-02 3.121334314346313477e-02 2.039617300033569336e-02 3.333646059036254883e-02 2.314263582229614258e-02 5.693733692169189453e-03 1.070651412010192871e-01 6.141746044158935547e-02 3.123641014099121094e-03 3.298068046569824219e-02 2.779072523117065430e-02 2.314263582229614258e-02 4.807949066162109375e-02 2.643471956253051758e-02 6.600695848464965820e-02 1.512491703033447266e-02 3.210294246673583984e-02 2.973210811614990234e-02 2.039611339569091797e-02 2.314251661300659180e-02 4.807949066162109375e-02 3.123819828033447266e-03 4.075974225997924805e-02 2.721399068832397461e-02 7.562398910522460938e-02 3.322553634643554688e-02
9.378677606582641602e-02 2.026283740997314453e-02 5.727648735046386719e-02 2.884757518768310547e-02 1.307350397109985352e-02 0.000000000000000000e+00 3.882348537445068359e-03 0.000000000000000000e+00 3.255134820938110352e-02 1.813983917236328125e-02 7.322669029235839844e-03 2.026295661926269531e-02 1.006913185119628906e-02 7.379770278930664062e-03 1.201386451721191406e-01 7.449096441268920898e-02 9.949862957000732422e-03 1.990717649459838867e-02 1.471722126007080078e-02 1.006913185119628906e-02 6.115299463272094727e-02 1.336121559143066406e-02 7.908046245574951172e-02 2.051413059234619141e-03 1.902943849563598633e-02 1.665860414505004883e-02 7.322609424591064453e-03 1.006901264190673828e-02 6.115299463272094727e-02 9.949684143066406250e-03 2.768623828887939453e-02 1.414048671722412109e-02 8.869749307632446289e-02 4.629904031753540039e-02
9.766912460327148438e-02 1.638048887252807617e-02 6.115883588790893555e-02 2.496522665023803711e-02 1.695585250854492188e-02 3.882348537445068359e-03 0.000000000000000000e+00 3.882348537445068359e-03 3.643369674682617188e-02 1.425749063491821289e-02 3.440320491790771484e-03 1.638060808181762695e-02 6.186783313751220703e-03 1.126211881637573242e-02 1.240209937095642090e-01 7.837331295013427734e-02 1.383221149444580078e-02 1.602482795715332031e-02 1.083487272262573242e-02 6.186783313751220703e-03 6.503534317016601562e-02 9.478867053985595703e-03 8.296281099319458008e-02 1.830935478210449219e-03 1.514708995819091797e-02 1.277625560760498047e-02 3.440260887145996094e-03 6.186664104461669922e-03 6.503534317016601562e-02 1.383203268051147461e-02 2.380388975143432617e-02 1.025813817977905273e-02 9.257984161376953125e-02 5.018138885498046875e-02
9.378677606582641602e-02 2.026283740997314453e-02 5.727648735046386719e-02 2.884757518768310547e-02 1.307350397109985352e-02 0.000000000000000000e+00 3.882348537445068359e-03 0.000000000000000000e+00 3.255134820938110352e-02 1.813983917236328125e-02 7.322669029235839844e-03 2.026295661926269531e-02 1.006913185119628906e-02 7.379770278930664062e-03 1.201386451721191406e-01 7.449096441268920898e-02 9.949862957000732422e-03 1.990717649459838867e-02 1.471722126007080078e-02 1.006913185119628906e-02 6.115299463272094727e-02 1.336121559143066406e-02 7.908046245574951172e-02 2.051413059234619141e-03 1.902943849563598633e-02 1.665860414505004883e-02 7.322609424591064453e-03 1.006901264190673828e-02 6.115299463272094727e-02 9.949684143066406250e-03 2.768623828887939453e-02 1.414048671722412109e-02 8.869749307632446289e-02 4.629904031753540039e-02
6.123542785644531250e-02 5.281418561935424805e-02 2.472513914108276367e-02 6.139892339706420898e-02 1.947784423828125000e-02 3.255134820938110352e-02 3.643369674682617188e-02 3.255134820938110352e-02 0.000000000000000000e+00 5.069118738174438477e-02 3.987401723861694336e-02 5.281430482864379883e-02 4.262048006057739258e-02 2.517157793045043945e-02 8.758729696273803711e-02 4.193961620330810547e-02 2.260148525238037109e-02 5.245852470397949219e-02 4.726856946945190430e-02 4.262048006057739258e-02 2.860164642333984375e-02 4.591256380081176758e-02 4.652911424636840820e-02 3.460276126861572266e-02 5.158078670501708984e-02 4.920995235443115234e-02 3.987395763397216797e-02 4.262036085128784180e-02 2.860164642333984375e-02 2.260166406631469727e-02 6.023758649826049805e-02 4.669183492660522461e-02 5.614614486694335938e-02 1.374769210815429688e-02
1.119266152381896973e-01 2.122998237609863281e-03 7.541632652282714844e-02 1.070773601531982422e-02 3.121334314346313477e-02 1.813983917236328125e-02 1.425749063491821289e-02 1.813983917236328125e-02 5.069118738174438477e-02 0.000000000000000000e+00 1.081717014312744141e-02 2.123117446899414062e-03 8.070707321166992188e-03 2.551960945129394531e-02 1.382784843444824219e-01 9.263080358505249023e-02 2.808970212936401367e-02 1.767337322235107422e-03 3.422617912292480469e-03 8.070707321166992188e-03 7.929283380508422852e-02 4.778623580932617188e-03 9.722030162811279297e-02 1.608842611312866211e-02 8.895993232727050781e-04 1.481235027313232422e-03 1.081722974777221680e-02 8.070826530456542969e-03 7.929283380508422852e-02 2.808952331542968750e-02 9.546399116516113281e-03 3.999352455139160156e-03 1.068373322486877441e-01 6.443887948989868164e-02
1.011094450950622559e-01 1.294016838073730469e-02 6.459915637969970703e-02 2.152490615844726562e-02 2.039617300033569336e-02 7.322669029235839844e-03 3.440320491790771484e-03 7.322669029235839844e-03 3.987401723861694336e-02 1.081717014312744141e-02 0.000000000000000000e+00 1.294028759002685547e-02 2.746462821960449219e-03 1.470243930816650391e-02 1.274613142013549805e-01 8.181363344192504883e-02 1.727253198623657227e-02 1.258450746536254883e-02 7.394552230834960938e-03 2.746462821960449219e-03 6.847566366195678711e-02 6.038546562194824219e-03 8.640313148498535156e-02 5.271255970001220703e-03 1.170676946640014648e-02 9.335935115814208984e-03 5.960464477539062500e-08 2.746343612670898438e-03 6.847566366195678711e-02 1.727235317230224609e-02 2.036356925964355469e-02 6.817817687988281250e-03 9.602016210556030273e-02 5.362170934677124023e-02
1.140497326850891113e-01 1.192092895507812500e-07 7.753944396972656250e-02 8.584618568420410156e-03 3.333646059036254883e-02 2.026295661926269531e-02 1.638060808181762695e-02 2.026295661926269531e-02 5.281430482864379883e-02 2.123117446899414062e-03 1.294028759002685547e-02 0.000000000000000000e+00 1.019382476806640625e-02 2.764272689819335938e-02 1.404016017913818359e-01 9.475392103195190430e-02 3.021281957626342773e-02 3.557801246643066406e-04 5.545735359191894531e-03 1.019382476806640625e-02 8.141595125198364258e-02 6.901741027832031250e-03 9.934341907501220703e-02 1.821154356002807617e-02 1.233518123626708984e-03 3.604352474212646484e-03 1.294034719467163086e-02 1.019394397735595703e-02 8.141595125198364258e-02 3.021264076232910156e-02 7.423281669616699219e-03 6.122469902038574219e-03 1.089604496955871582e-01 6.656199693679809570e-02
1.038559079170227051e-01 1.019370555877685547e-02 6.734561920166015625e-02 1.877844333648681641e-02 2.314263582229614258e-02 1.006913185119628906e-02 6.186783313751220703e-03 1.006913185119628906e-02 4.262048006057739258e-02 8.070707321166992188e-03 2.746462821960449219e-03 1.019382476806640625e-02 0.000000000000000000e+00 1.744890213012695312e-02 1.302077770233154297e-01 8.456009626388549805e-02 2.001899480819702148e-02 9.838044643402099609e-03 4.648089408874511719e-03 0.000000000000000000e+00 7.122212648391723633e-02 3.292083740234375000e-03 8.914959430694580078e-02 8.017718791961669922e-03 8.960306644439697266e-03 6.589472293853759766e-03 2.746522426605224609e-03 1.192092895507812500e-07 7.122212648391723633e-02 2.001881599426269531e-02 1.761710643768310547e-02 4.071354866027832031e-03 9.876662492752075195e-02 5.636817216873168945e-02
8.640700578689575195e-02 2.764260768890380859e-02 4.989671707153320312e-02 3.622734546661376953e-02 5.693733692169189453e-03 7.379770278930664062e-03 1.126211881637573242e-02 7.379770278930664062e-03 2.517157793045043945e-02 2.551960945129394531e-02 1.470243930816650391e-02 2.764272689819335938e-02 1.744890213012695312e-02 0.000000000000000000e+00 1.127588748931884766e-01 6.711119413375854492e-02 2.570092678070068359e-03 2.728694677352905273e-02 2.209699153900146484e-02 1.744890213012695312e-02 5.377322435379028320e-02 2.074098587036132812e-02 7.170069217681884766e-02 9.431183338165283203e-03 2.640920877456665039e-02 2.403837442398071289e-02 1.470237970352172852e-02 1.744878292083740234e-02 5.377322435379028320e-02 2.569913864135742188e-03 3.506600856781005859e-02 2.152025699615478516e-02 8.131772279739379883e-02 3.891927003860473633e-02
2.635186910629272461e-02 1.404014825820922852e-01 6.286215782165527344e-02 1.489862203598022461e-01 1.070651412010192871e-01 1.201386451721191406e-01 1.240209937095642090e-01 1.201386451721191406e-01 8.758729696273803711e-02 1.382784843444824219e-01 1.274613142013549805e-01 1.404016017913818359e-01 1.302077770233154297e-01 1.127588748931884766e-01 0.000000000000000000e+00 4.564768075942993164e-02 1.101887822151184082e-01 1.400458216667175293e-01 1.348558664321899414e-01 1.302077770233154297e-01 5.898565053939819336e-02 1.334998607635498047e-01 4.105818271636962891e-02 1.221900582313537598e-01 1.391680836677551270e-01 1.367972493171691895e-01 1.274612545967102051e-01 1.302076578140258789e-01 5.898565053939819336e-02 1.101889610290527344e-01 1.478248834609985352e-01 1.342791318893432617e-01 3.144115209579467773e-02 7.383960485458374023e-02
1.929581165313720703e-02 9.475380182266235352e-02 1.721447706222534180e-02 1.033385396003723145e-01 6.141746044158935547e-02 7.449096441268920898e-02 7.837331295013427734e-02 7.449096441268920898e-02 4.193961620330810547e-02 9.263080358505249023e-02 8.181363344192504883e-02 9.475392103195190430e-02 8.456009626388549805e-02 6.711119413375854492e-02 4.564768075942993164e-02 0.000000000000000000e+00 6.454110145568847656e-02 9.439814090728759766e-02 8.920818567276000977e-02 8.456009626388549805e-02 1.333796977996826172e-02 8.785218000411987305e-02 4.589498043060302734e-03 7.654237747192382812e-02 9.352040290832519531e-02 9.114956855773925781e-02 8.181357383728027344e-02 8.455997705459594727e-02 1.333796977996826172e-02 6.454128026962280273e-02 1.021772027015686035e-01 8.863145112991333008e-02 1.420652866363525391e-02 2.819192409515380859e-02
8.383691310882568359e-02 3.021270036697387695e-02 4.732662439346313477e-02 3.879743814468383789e-02 3.123641014099121094e-03 9.949862957000732422e-03 1.383221149444580078e-02 9.949862957000732422e-03 2.260148525238037109e-02 2.808970212936401367e-02 1.727253198623657227e-02 3.021281957626342773e-02 2.001899480819702148e-02 2.570092678070068359e-03 1.101887822151184082e-01 6.454110145568847656e-02 0.000000000000000000e+00 2.985703945159912109e-02 2.466708421707153320e-02 2.001899480819702148e-02 5.120313167572021484e-02 2.331107854843139648e-02 6.913059949874877930e-02 1.200127601623535156e-02 2.897930145263671875e-02 2.660846710205078125e-02 1.727247238159179688e-02 2.001887559890747070e-02 5.120313167572021484e-02 1.788139343261718750e-07 3.763610124588012695e-02 2.409034967422485352e-02 7.874763011932373047e-02 3.634917736053466797e-02
1.136939525604248047e-01 3.556609153747558594e-04 7.718366384506225586e-02 8.940398693084716797e-03 3.298068046569824219e-02 1.990717649459838867e-02 1.602482795715332031e-02 1.990717649459838867e-02 5.245852470397949219e-02 1.767337322235107422e-03 1.258450746536254883e-02 3.557801246643066406e-04 9.838044643402099609e-03 2.728694677352905273e-02 1.400458216667175293e-01 9.439814090728759766e-02 2.985703945159912109e-02 0.000000000000000000e+00 5.189955234527587891e-03 9.838044643402099609e-03 8.106017112731933594e-02 6.545960903167724609e-03 9.898763895034790039e-02 1.785576343536376953e-02 8.777379989624023438e-04 3.248572349548339844e-03 1.258456707000732422e-02 9.838163852691650391e-03 8.106017112731933594e-02 2.985686063766479492e-02 7.779061794281005859e-03 5.766689777374267578e-03 1.086046695709228516e-01 6.620621681213378906e-02
1.085039973258972168e-01 5.545616149902343750e-03 7.199370861053466797e-02 1.413035392761230469e-02 2.779072523117065430e-02 1.471722126007080078e-02 1.083487272262573242e-02 1.471722126007080078e-02 4.726856946945190430e-02 3.422617912292480469e-03 7.394552230834960938e-03 5.545735359191894531e-03 4.648089408874511719e-03 2.209699153900146484e-02 1.348558664321899414e-01 8.920818567276000977e-02 2.466708421707153320e-02 5.189955234527587891e-03 0.000000000000000000e+00 4.648089408874511719e-03 7.587021589279174805e-02 1.356005668640136719e-03 9.379768371582031250e-02 1.266580820083618164e-02 4.312217235565185547e-03 1.941382884979248047e-03 7.394611835479736328e-03 4.648208618164062500e-03 7.587021589279174805e-02 2.466690540313720703e-02 1.296901702880859375e-02 5.767345428466796875e-04 1.034147143363952637e-01 6.101626157760620117e-02
1.038559079170227051e-01 1.019370555877685547e-02 6.734561920166015625e-02 1.877844333648681641e-02 2.314263582229614258e-02 1.006913185119628906e-02 6.186783313751220703e-03 1.006913185119628906e-02 4.262048006057739258e-02 8.070707321166992188e-03 2.746462821960449219e-03 1.019382476806640625e-02 0.000000000000000000e+00 1.744890213012695312e-02 1.302077770233154297e-01 8.456009626388549805e-02 2.001899480819702148e-02 9.838044643402099609e-03 4.648089408874511719e-03 0.000000000000000000e+00 7.122212648391723633e-02 3.292083740234375000e-03 8.914959430694580078e-02 8.017718791961669922e-03 8.960306644439697266e-03 6.589472293853759766e-03 2.746522426605224609e-03 1.192092895507812500e-07 7.122212648391723633e-02 2.001881599426269531e-02 1.761710643768310547e-02 4.071354866027832031e-03 9.876662492752075195e-02 5.636817216873168945e-02
3.263378143310546875e-02 8.141583204269409180e-02 3.876507282257080078e-03 9.000056982040405273e-02 4.807949066162109375e-02 6.115299463272094727e-02 6.503534317016601562e-02 6.115299463272094727e-02 2.860164642333984375e-02 7.929283380508422852e-02 6.847566366195678711e-02 8.141595125198364258e-02 7.122212648391723633e-02 5.377322435379028320e-02 5.898565053939819336e-02 1.333796977996826172e-02 5.120313167572021484e-02 8.106017112731933594e-02 7.587021589279174805e-02 7.122212648391723633e-02 0.000000000000000000e+00 7.451421022415161133e-02 1.792746782302856445e-02 6.320440769195556641e-02 8.018243312835693359e-02 7.781159877777099609e-02 6.847560405731201172e-02 7.122200727462768555e-02 0.000000000000000000e+00 5.120331048965454102e-02 8.883923292160034180e-02 7.529348134994506836e-02 2.754449844360351562e-02 1.485395431518554688e-02
1.071479916572570801e-01 6.901621818542480469e-03 7.063770294189453125e-02 1.548635959625244141e-02 2.643471956253051758e-02 1.336121559143066406e-02 9.478867053985595703e-03 1.336121559143066406e-02 4.591256380081176758e-02 4.778623580932617188e-03 6.038546562194824219e-03 6.901741027832031250e-03 3.292083740234375000e-03 2.074098587036132812e-02 1.334998607635498047e-01 8.785218000411987305e-02 2.331107854843139648e-02 6.545960903167724609e-03 1.356005668640136719e-03 3.292083740234375000e-03 7.451421022415161133e-02 0.000000000000000000e+00 9.244167804718017578e-02 1.130980253219604492e-02 5.668222904205322266e-03 3.297388553619384766e-03 6.038606166839599609e-03 3.292202949523925781e-03 7.451421022415161133e-02 2.331089973449707031e-02 1.432502269744873047e-02 7.792711257934570312e-04 1.020587086677551270e-01 5.966025590896606445e-02
1.470631361007690430e-02 9.934329986572265625e-02 2.180397510528564453e-02 1.079280376434326172e-01 6.600695848464965820e-02 7.908046245574951172e-02 8.296281099319458008e-02 7.908046245574951172e-02 4.652911424636840820e-02 9.722030162811279297e-02 8.640313148498535156e-02 9.934341907501220703e-02 8.914959430694580078e-02 7.170069217681884766e-02 4.105818271636962891e-02 4.589498043060302734e-03 6.913059949874877930e-02 9.898763895034790039e-02 9.379768371582031250e-02 8.914959430694580078e-02 1.792746782302856445e-02 9.244167804718017578e-02 0.000000000000000000e+00 8.113187551498413086e-02 9.810990095138549805e-02 9.573906660079956055e-02 8.640307188034057617e-02 8.914947509765625000e-02 1.792746782302856445e-02 6.913077831268310547e-02 1.067667007446289062e-01 9.322094917297363281e-02 9.617030620574951172e-03 3.278142213821411133e-02
9.583818912506103516e-02 1.821142435073852539e-02 5.932790040969848633e-02 2.679616212844848633e-02 1.512491703033447266e-02 2.051413059234619141e-03 1.830935478210449219e-03 2.051413059234619141e-03 3.460276126861572266e-02 1.608842611312866211e-02 5.271255970001220703e-03 1.821154356002807617e-02 8.017718791961669922e-03 9.431183338165283203e-03 1.221900582313537598e-01 7.654237747192382812e-02 1.200127601623535156e-02 1.785576343536376953e-02 1.266580820083618164e-02 8.017718791961669922e-03 6.320440769195556641e-02 1.130980253219604492e-02 8.113187551498413086e-02 0.000000000000000000e+00 1.697802543640136719e-02 1.460719108581542969e-02 5.271196365356445312e-03 8.017599582672119141e-03 6.320440769195556641e-02 1.200109720230102539e-02 2.563482522964477539e-02 1.208907365798950195e-02 9.074890613555908203e-02 4.835045337677001953e-02
1.128162145614624023e-01 1.233398914337158203e-03 7.630592584609985352e-02 9.818136692047119141e-03 3.210294246673583984e-02 1.902943849563598633e-02 1.514708995819091797e-02 1.902943849563598633e-02 5.158078670501708984e-02 8.895993232727050781e-04 1.170676946640014648e-02 1.233518123626708984e-03 8.960306644439697266e-03 2.640920877456665039e-02 1.391680836677551270e-01 9.352040290832519531e-02 2.897930145263671875e-02 8.777379989624023438e-04 4.312217235565185547e-03 8.960306644439697266e-03 8.018243312835693359e-02 5.668222904205322266e-03 9.810990095138549805e-02 1.697802543640136719e-02 0.000000000000000000e+00 2.370834350585937500e-03 1.170682907104492188e-02 8.960425853729248047e-03 8.018243312835693359e-02 2.897912263870239258e-02 8.656799793243408203e-03 4.888951778411865234e-03 1.077269315719604492e-01 6.532847881317138672e-02
1.104453802108764648e-01 3.604233264923095703e-03 7.393509149551391602e-02 1.218897104263305664e-02 2.973210811614990234e-02 1.665860414505004883e-02 1.277625560760498047e-02 1.665860414505004883e-02 4.920995235443115234e-02 1.481235027313232422e-03 9.335935115814208984e-03 3.604352474212646484e-03 6.589472293853759766e-03 2.403837442398071289e-02 1.367972493171691895e-01 9.114956855773925781e-02 2.660846710205078125e-02 3.248572349548339844e-03 1.941382884979248047e-03 6.589472293853759766e-03 7.781159877777099609e-02 3.297388553619384766e-03 9.573906660079956055e-02 1.460719108581542969e-02 2.370834350585937500e-03 0.000000000000000000e+00 9.335994720458984375e-03 6.589591503143310547e-03 7.781159877777099609e-02 2.660828828811645508e-02 1.102763414382934570e-02 2.518117427825927734e-03 1.053560972213745117e-01 6.295764446258544922e-02
1.011093854904174805e-01 1.294022798538208008e-02 6.459909677505493164e-02 2.152496576309204102e-02 2.039611339569091797e-02 7.322609424591064453e-03 3.440260887145996094e-03 7.322609424591064453e-03 3.987395763397216797e-02 1.081722974777221680e-02 5.960464477539062500e-08 1.294034719467163086e-02 2.746522426605224609e-03 1.470237970352172852e-02 1.274612545967102051e-01 8.181357383728027344e-02 1.727247238159179688e-02 1.258456707000732422e-02 7.394611835479736328e-03 2.746522426605224609e-03 6.847560405731201172e-02 6.038606166839599609e-03 8.640307188034057617e-02 5.271196365356445312e-03 1.170682907104492188e-02 9.335994720458984375e-03 0.000000000000000000e+00 2.746403217315673828e-03 6.847560405731201172e-02 1.727229356765747070e-02 2.036362886428833008e-02 6.817877292633056641e-03 9.602010250091552734e-02 5.362164974212646484e-02
1.038557887077331543e-01 1.019382476806640625e-02 6.734549999237060547e-02 1.877856254577636719e-02 2.314251661300659180e-02 1.006901264190673828e-02 6.186664104461669922e-03 1.006901264190673828e-02 4.262036085128784180e-02 8.070826530456542969e-03 2.746343612670898438e-03 1.019394397735595703e-02 1.192092895507812500e-07 1.744878292083740234e-02 1.302076578140258789e-01 8.455997705459594727e-02 2.001887559890747070e-02 9.838163852691650391e-03 4.648208618164062500e-03 1.192092895507812500e-07 7.122200727462768555e-02 3.292202949523925781e-03 8.914947509765625000e-02 8.017599582672119141e-03 8.960425853729248047e-03 6.589591503143310547e-03 2.746403217315673828e-03 0.000000000000000000e+00 7.122200727462768555e-02 2.001869678497314453e-02 1.761722564697265625e-02 4.071474075317382812e-03 9.876650571823120117e-02 5.636805295944213867e-02
3.263378143310546875e-02 8.141583204269409180e-02 3.876507282257080078e-03 9.000056982040405273e-02 4.807949066162109375e-02 6.115299463272094727e-02 6.503534317016601562e-02 6.115299463272094727e-02 2.860164642333984375e-02 7.929283380508422852e-02 6.847566366195678711e-02 8.141595125198364258e-02 7.122212648391723633e-02 5.377322435379028320e-02 5.898565053939819336e-02 1.333796977996826172e-02 5.120313167572021484e-02 8.106017112731933594e-02 7.587021589279174805e-02 7.122212648391723633e-02 0.000000000000000000e+00 7.451421022415161133e-02 1.792746782302856445e-02 6.320440769195556641e-02 8.018243312835693359e-02 7.781159877777099609e-02 6.847560405731201172e-02 7.122200727462768555e-02 0.000000000000000000e+00 5.120331048965454102e-02 8.883923292160034180e-02 7.529348134994506836e-02 2.754449844360351562e-02 1.485395431518554688e-02
8.383709192276000977e-02 3.021252155303955078e-02 4.732680320739746094e-02 3.879725933074951172e-02 3.123819828033447266e-03 9.949684143066406250e-03 1.383203268051147461e-02 9.949684143066406250e-03 2.260166406631469727e-02 2.808952331542968750e-02 1.727235317230224609e-02 3.021264076232910156e-02 2.001881599426269531e-02 2.569913864135742188e-03 1.101889610290527344e-01 6.454128026962280273e-02 1.788139343261718750e-07 2.985686063766479492e-02 2.466690540313720703e-02 2.001881599426269531e-02 5.120331048965454102e-02 2.331089973449707031e-02 6.913077831268310547e-02 1.200109720230102539e-02 2.897912263870239258e-02 2.660828828811645508e-02 1.727229356765747070e-02 2.001869678497314453e-02 5.120331048965454102e-02 0.000000000000000000e+00 3.763592243194580078e-02 2.409017086029052734e-02 7.874780893325805664e-02 3.634935617446899414e-02
1.214730143547058105e-01 7.423400878906250000e-03 8.496272563934326172e-02 1.161336898803710938e-03 4.075974225997924805e-02 2.768623828887939453e-02 2.380388975143432617e-02 2.768623828887939453e-02 6.023758649826049805e-02 9.546399116516113281e-03 2.036356925964355469e-02 7.423281669616699219e-03 1.761710643768310547e-02 3.506600856781005859e-02 1.478248834609985352e-01 1.021772027015686035e-01 3.763610124588012695e-02 7.779061794281005859e-03 1.296901702880859375e-02 1.761710643768310547e-02 8.883923292160034180e-02 1.432502269744873047e-02 1.067667007446289062e-01 2.563482522964477539e-02 8.656799793243408203e-03 1.102763414382934570e-02 2.036362886428833008e-02 1.761722564697265625e-02 8.883923292160034180e-02 3.763592243194580078e-02 0.000000000000000000e+00 1.354575157165527344e-02 1.163837313652038574e-01 7.398527860641479492e-02
1.079272627830505371e-01 6.122350692749023438e-03 7.141697406768798828e-02 1.470708847045898438e-02 2.721399068832397461e-02 1.414048671722412109e-02 1.025813817977905273e-02 1.414048671722412109e-02 4.669183492660522461e-02 3.999352455139160156e-03 6.817817687988281250e-03 6.122469902038574219e-03 4.071354866027832031e-03 2.152025699615478516e-02 1.342791318893432617e-01 8.863145112991333008e-02 2.409034967422485352e-02 5.766689777374267578e-03 5.767345428466796875e-04 4.071354866027832031e-03 7.529348134994506836e-02 7.792711257934570312e-04 9.322094917297363281e-02 1.208907365798950195e-02 4.888951778411865234e-03 2.518117427825927734e-03 6.817877292633056641e-03 4.071474075317382812e-03 7.529348134994506836e-02 2.409017086029052734e-02 1.354575157165527344e-02 0.000000000000000000e+00 1.028379797935485840e-01 6.043952703475952148e-02
5.089283455163240433e-03 1.089603304862976074e-01 3.142100572586059570e-02 1.175450682640075684e-01 7.562398910522460938e-02 8.869749307632446289e-02 9.257984161376953125e-02 8.869749307632446289e-02 5.614614486694335938e-02 1.068373322486877441e-01 9.602016210556030273e-02 1.089604496955871582e-01 9.876662492752075195e-02 8.131772279739379883e-02 3.144115209579467773e-02 1.420652866363525391e-02 7.874763011932373047e-02 1.086046695709228516e-01 1.034147143363952637e-01 9.876662492752075195e-02 2.754449844360351562e-02 1.020587086677551270e-01 9.617030620574951172e-03 9.074890613555908203e-02 1.077269315719604492e-01 1.053560972213745117e-01 9.602010250091552734e-02 9.876650571823120117e-02 2.754449844360351562e-02 7.874780893325805664e-02 1.163837313652038574e-01 1.028379797935485840e-01 0.000000000000000000e+00 4.239845275878906250e-02
4.748773574829101562e-02 6.656187772750854492e-02 1.097744703292846680e-02 7.514661550521850586e-02 3.322553634643554688e-02 4.629904031753540039e-02 5.018138885498046875e-02 4.629904031753540039e-02 1.374769210815429688e-02 6.443887948989868164e-02 5.362170934677124023e-02 6.656199693679809570e-02 5.636817216873168945e-02 3.891927003860473633e-02 7.383960485458374023e-02 2.819192409515380859e-02 3.634917736053466797e-02 6.620621681213378906e-02 6.101626157760620117e-02 5.636817216873168945e-02 1.485395431518554688e-02 5.966025590896606445e-02 3.278142213821411133e-02 4.835045337677001953e-02 6.532847881317138672e-02 6.295764446258544922e-02 5.362164974212646484e-02 5.636805295944213867e-02 1.485395431518554688e-02 3.634935617446899414e-02 7.398527860641479492e-02 6.043952703475952148e-02 4.239845275878906250e-02 0.000000000000000000e+00
