0.000000000000000000e+00 1.719735860824584961e-01 1.220178604125976562e-01 1.820780634880065918e-01 1.258064508438110352e-01 1.631380915641784668e-01 1.664640307426452637e-01 1.772862076759338379e-01 1.365582942962646484e-01 1.810650825500488281e-01 1.751765012741088867e-01 1.794874668121337891e-01 1.688632965087890625e-01 1.631379723548889160e-01 1.331213116645812988e-01 1.495293378829956055e-01 1.220180988311767578e-01 1.801207661628723145e-01 1.772861480712890625e-01 1.526037454605102539e-01 1.172666549682617188e-01 1.651848554611206055e-01 1.025384068489074707e-01 1.651848554611206055e-01 1.710437536239624023e-01 1.766822934150695801e-01 1.631379127502441406e-01 1.651848554611206055e-01 9.233808517456054688e-02 1.526036262512207031e-01 2.129251360893249512e-01 1.825591325759887695e-01 1.803311109542846680e-01 1.220178604125976562e-01
1.719735860824584961e-01 0.000000000000000000e+00 4.995572566986083984e-02 1.010447740554809570e-02 4.616713523864746094e-02 8.835494518280029297e-03 5.509555339813232422e-03 5.312621593475341797e-03 3.541529178619384766e-02 9.091496467590332031e-03 3.202915191650390625e-03 7.513880729675292969e-03 3.110289573669433594e-03 8.835613727569580078e-03 3.885227441787719727e-02 2.244424819946289062e-02 4.995548725128173828e-02 8.147180080413818359e-03 5.312561988830566406e-03 1.936984062194824219e-02 5.470693111419677734e-02 6.788730621337890625e-03 6.943517923355102539e-02 6.788730621337890625e-03 9.298324584960937500e-04 4.708707332611083984e-03 8.835673332214355469e-03 6.788730621337890625e-03 7.963550090789794922e-02 1.936995983123779297e-02 4.095155000686645508e-02 1.058554649353027344e-02 8.357524871826171875e-03 4.995572566986083984e-02
1.220178604125976562e-01 4.995572566986083984e-02 0.000000000000000000e+00 6.006020307540893555e-02 3.788590431213378906e-03 4.112023115158081055e-02 4.444617033004760742e-02 5.526834726333618164e-02 1.454043388366699219e-02 5.904722213745117188e-02 5.315864086151123047e-02 5.746960639953613281e-02 4.684543609619140625e-02 4.112011194229125977e-02 1.110345125198364258e-02 2.751147747039794922e-02 2.384185791015625000e-07 5.810290575027465820e-02 5.526828765869140625e-02 3.058588504791259766e-02 4.751205444335937500e-03 4.316699504852294922e-02 1.947945356369018555e-02 4.316699504852294922e-02 4.902589321136474609e-02 5.466443300247192383e-02 4.112005233764648438e-02 4.316699504852294922e-02 2.967977523803710938e-02 3.058576583862304688e-02 9.090727567672729492e-02 6.054127216339111328e-02 5.831325054168701172e-02 0.000000000000000000e+00
1.820780634880065918e-01 1.010447740554809570e-02 6.006020307540893555e-02 0.000000000000000000e+00 5.627161264419555664e-02 1.893997192382812500e-02 1.561403274536132812e-02 4.791855812072753906e-03 4.551976919174194336e-02 1.012980937957763672e-03 6.901562213897705078e-03 2.590596675872802734e-03 1.321476697921752930e-02 1.894009113311767578e-02 4.895675182342529297e-02 3.254872560501098633e-02 6.005996465682983398e-02 1.957297325134277344e-03 4.791915416717529297e-03 2.947431802749633789e-02 6.481140851974487305e-02 1.689320802688598633e-02 7.953965663909912109e-02 1.689320802688598633e-02 1.103430986404418945e-02 5.395770072937011719e-03 1.894015073776245117e-02 1.689320802688598633e-02 8.973997831344604492e-02 2.947443723678588867e-02 3.084707260131835938e-02 4.810690879821777344e-04 1.746952533721923828e-03 6.006020307540893555e-02
1.258064508438110352e-01 4.616713523864746094e-02 3.788590431213378906e-03 5.627161264419555664e-02 0.000000000000000000e+00 3.733164072036743164e-02 4.065757989883422852e-02 5.147975683212280273e-02 1.075184345245361328e-02 5.525863170623779297e-02 4.937005043029785156e-02 5.368101596832275391e-02 4.305684566497802734e-02 3.733152151107788086e-02 7.314860820770263672e-03 2.372288703918457031e-02 3.788352012634277344e-03 5.431431531906127930e-02 5.147969722747802734e-02 2.679729461669921875e-02 8.539795875549316406e-03 3.937840461730957031e-02 2.326804399490356445e-02 3.937840461730957031e-02 4.523730278015136719e-02 5.087584257125854492e-02 3.733146190643310547e-02 3.937840461730957031e-02 3.346836566925048828e-02 2.679717540740966797e-02 8.711868524551391602e-02 5.675268173217773438e-02 5.452466011047363281e-02 3.788590431213378906e-03
1.631380915641784668e-01 8.835494518280029297e-03 4.112023115158081055e-02 1.893997192382812500e-02 3.733164072036743164e-02 0.000000000000000000e+00 3.325939178466796875e-03 1.414811611175537109e-02 2.657979726791381836e-02 1.792699098587036133e-02 1.203840970993041992e-02 1.634937524795532227e-02 5.725204944610595703e-03 1.192092895507812500e-07 3.001677989959716797e-02 1.360875368118286133e-02 4.111999273300170898e-02 1.698267459869384766e-02 1.414805650711059570e-02 1.053434610366821289e-02 4.587143659591674805e-02 2.046763896942138672e-03 6.059968471527099609e-02 2.046763896942138672e-03 7.905662059783935547e-03 1.354420185089111328e-02 1.788139343261718750e-07 2.046763896942138672e-03 7.080000638961791992e-02 1.053446531295776367e-02 4.978704452514648438e-02 1.942104101181030273e-02 1.719301939010620117e-02 4.112023115158081055e-02
1.664640307426452637e-01 5.509555339813232422e-03 4.444617033004760742e-02 1.561403274536132812e-02 4.065757989883422852e-02 3.325939178466796875e-03 0.000000000000000000e+00 1.082217693328857422e-02 2.990573644638061523e-02 1.460105180740356445e-02 8.712470531463623047e-03 1.302343606948852539e-02 2.399265766143798828e-03 3.326058387756347656e-03 3.334271907806396484e-02 1.693469285964965820e-02 4.444593191146850586e-02 1.365673542022705078e-02 1.082211732864379883e-02 1.386028528213500977e-02 4.919737577438354492e-02 1.279175281524658203e-03 6.392562389373779297e-02 1.279175281524658203e-03 4.579722881317138672e-03 1.021826267242431641e-02 3.326117992401123047e-03 1.279175281524658203e-03 7.412594556808471680e-02 1.386040449142456055e-02 4.646110534667968750e-02 1.609510183334350586e-02 1.386708021163940430e-02 4.444617033004760742e-02
1.772862076759338379e-01 5.312621593475341797e-03 5.526834726333618164e-02 4.791855812072753906e-03 5.147975683212280273e-02 1.414811611175537109e-02 1.082217693328857422e-02 0.000000000000000000e+00 4.072791337966918945e-02 3.778874874114990234e-03 2.109706401824951172e-03 2.201259136199951172e-03 8.422911167144775391e-03 1.414823532104492188e-02 4.416489601135253906e-02 2.775686979293823242e-02 5.526810884475708008e-02 2.834558486938476562e-03 5.960464477539062500e-08 2.468246221542358398e-02 6.001955270767211914e-02 1.210135221481323242e-02 7.474780082702636719e-02 1.210135221481323242e-02 6.242454051971435547e-03 6.039142608642578125e-04 1.414829492568969727e-02 1.210135221481323242e-02 8.494812250137329102e-02 2.468258142471313477e-02 3.563892841339111328e-02 5.272924900054931641e-03 3.044903278350830078e-03 5.526834726333618164e-02
1.365582942962646484e-01 3.541529178619384766e-02 1.454043388366699219e-02 4.551976919174194336e-02 1.075184345245361328e-02 2.657979726791381836e-02 2.990573644638061523e-02 4.072791337966918945e-02 0.000000000000000000e+00 4.450678825378417969e-02 3.861820697784423828e-02 4.292917251586914062e-02 3.230500221252441406e-02 2.657967805862426758e-02 3.436982631683349609e-03 1.297104358673095703e-02 1.454019546508789062e-02 4.356247186660766602e-02 4.072785377502441406e-02 1.604545116424560547e-02 1.929163932800292969e-02 2.862656116485595703e-02 3.401988744735717773e-02 2.862656116485595703e-02 3.448545932769775391e-02 4.012399911880493164e-02 2.657961845397949219e-02 2.862656116485595703e-02 4.422020912170410156e-02 1.604533195495605469e-02 7.636684179306030273e-02 4.600083827972412109e-02 4.377281665802001953e-02 1.454043388366699219e-02
1.810650825500488281e-01 9.091496467590332031e-03 5.904722213745117188e-02 1.012980937957763672e-03 5.525863170623779297e-02 1.792699098587036133e-02 1.460105180740356445e-02 3.778874874114990234e-03 4.450678825378417969e-02 0.000000000000000000e+00 5.888581275939941406e-03 1.577615737915039062e-03 1.220178604125976562e-02 1.792711019515991211e-02 4.794377088546752930e-02 3.153574466705322266e-02 5.904698371887207031e-02 9.443163871765136719e-04 3.778934478759765625e-03 2.846133708953857422e-02 6.379842758178710938e-02 1.588022708892822266e-02 7.852667570114135742e-02 1.588022708892822266e-02 1.002132892608642578e-02 4.382789134979248047e-03 1.792716979980468750e-02 1.588022708892822266e-02 8.872699737548828125e-02 2.846145629882812500e-02 3.186005353927612305e-02 1.494050025939941406e-03 7.339715957641601562e-04 5.904722213745117188e-02
1.751765012741088867e-01 3.202915191650390625e-03 5.315864086151123047e-02 6.901562213897705078e-03 4.937005043029785156e-02 1.203840970993041992e-02 8.712470531463623047e-03 2.109706401824951172e-03 3.861820697784423828e-02 5.888581275939941406e-03 0.000000000000000000e+00 4.310965538024902344e-03 6.313204765319824219e-03 1.203852891921997070e-02 4.205518960952758789e-02 2.564716339111328125e-02 5.315840244293212891e-02 4.944264888763427734e-03 2.109646797180175781e-03 2.257275581359863281e-02 5.790984630584716797e-02 9.991645812988281250e-03 7.263809442520141602e-02 9.991645812988281250e-03 4.132747650146484375e-03 1.505792140960693359e-03 1.203858852386474609e-02 9.991645812988281250e-03 8.283841609954833984e-02 2.257287502288818359e-02 3.774863481521606445e-02 7.382631301879882812e-03 5.154609680175781250e-03 5.315864086151123047e-02
1.794874668121337891e-01 7.513880729675292969e-03 5.746960639953613281e-02 2.590596675872802734e-03 5.368101596832275391e-02 1.634937524795532227e-02 1.302343606948852539e-02 2.201259136199951172e-03 4.292917251586914062e-02 1.577615737915039062e-03 4.310965538024902344e-03 0.000000000000000000e+00 1.062417030334472656e-02 1.634949445724487305e-02 4.636615514755249023e-02 2.995812892913818359e-02 5.746936798095703125e-02 6.332993507385253906e-04 2.201318740844726562e-03 2.688372135162353516e-02 6.222081184387207031e-02 1.430261135101318359e-02 7.694905996322631836e-02 1.430261135101318359e-02 8.443713188171386719e-03 2.805173397064208984e-03 1.634955406188964844e-02 1.430261135101318359e-02 8.714938163757324219e-02 2.688384056091308594e-02 3.343766927719116211e-02 3.071665763854980469e-03 8.436441421508789062e-04 5.746960639953613281e-02
1.688632965087890625e-01 3.110289573669433594e-03 4.684543609619140625e-02 1.321476697921752930e-02 4.305684566497802734e-02 5.725204944610595703e-03 2.399265766143798828e-03 8.422911167144775391e-03 3.230500221252441406e-02 1.220178604125976562e-02 6.313204765319824219e-03 1.062417030334472656e-02 0.000000000000000000e+00 5.725324153900146484e-03 3.574198484420776367e-02 1.933395862579345703e-02 4.684519767761230469e-02 1.125746965408325195e-02 8.422851562500000000e-03 1.625955104827880859e-02 5.159664154052734375e-02 3.678441047668457031e-03 6.632488965988159180e-02 3.678441047668457031e-03 2.180457115173339844e-03 7.818996906280517578e-03 5.725383758544921875e-03 3.678441047668457031e-03 7.652521133422851562e-02 1.625967025756835938e-02 4.406183958053588867e-02 1.369583606719970703e-02 1.146781444549560547e-02 4.684543609619140625e-02
1.631379723548889160e-01 8.835613727569580078e-03 4.112011194229125977e-02 1.894009113311767578e-02 3.733152151107788086e-02 1.192092895507812500e-07 3.326058387756347656e-03 1.414823532104492188e-02 2.657967805862426758e-02 1.792711019515991211e-02 1.203852891921997070e-02 1.634949445724487305e-02 5.725324153900146484e-03 0.000000000000000000e+00 3.001666069030761719e-02 1.360863447189331055e-02 4.111987352371215820e-02 1.698279380798339844e-02 1.414817571640014648e-02 1.053422689437866211e-02 4.587131738662719727e-02 2.046883106231689453e-03 6.059956550598144531e-02 2.046883106231689453e-03 7.905781269073486328e-03 1.354432106018066406e-02 5.960464477539062500e-08 2.046883106231689453e-03 7.079988718032836914e-02 1.053434610366821289e-02 4.978716373443603516e-02 1.942116022109985352e-02 1.719313859939575195e-02 4.112011194229125977e-02
1.331213116645812988e-01 3.885227441787719727e-02 1.110345125198364258e-02 4.895675182342529297e-02 7.314860820770263672e-03 3.001677989959716797e-02 3.334271907806396484e-02 4.416489601135253906e-02 3.436982631683349609e-03 4.794377088546752930e-02 4.205518960952758789e-02 4.636615514755249023e-02 3.574198484420776367e-02 3.001666069030761719e-02 0.000000000000000000e+00 1.640802621841430664e-02 1.110321283340454102e-02 4.699945449829101562e-02 4.416483640670776367e-02 1.948243379592895508e-02 1.585465669631958008e-02 3.206354379653930664e-02 3.058290481567382812e-02 3.206354379653930664e-02 3.792244195938110352e-02 4.356098175048828125e-02 3.001660108566284180e-02 3.206354379653930664e-02 4.078322649002075195e-02 1.948231458663940430e-02 7.980382442474365234e-02 4.943782091140747070e-02 4.720979928970336914e-02 1.110345125198364258e-02
1.495293378829956055e-01 2.244424819946289062e-02 2.751147747039794922e-02 3.254872560501098633e-02 2.372288703918457031e-02 1.360875368118286133e-02 1.693469285964965820e-02 2.775686979293823242e-02 1.297104358673095703e-02 3.153574466705322266e-02 2.564716339111328125e-02 2.995812892913818359e-02 1.933395862579345703e-02 1.360863447189331055e-02 1.640802621841430664e-02 0.000000000000000000e+00 2.751123905181884766e-02 3.059142827987670898e-02 2.775681018829345703e-02 3.074407577514648438e-03 3.226268291473388672e-02 1.565551757812500000e-02 4.699093103408813477e-02 1.565551757812500000e-02 2.151441574096679688e-02 2.715295553207397461e-02 1.360857486724853516e-02 1.565551757812500000e-02 5.719125270843505859e-02 3.074288368225097656e-03 6.339579820632934570e-02 3.302979469299316406e-02 3.080177307128906250e-02 2.751147747039794922e-02
1.220180988311767578e-01 4.995548725128173828e-02 2.384185791015625000e-07 6.005996465682983398e-02 3.788352012634277344e-03 4.111999273300170898e-02 4.444593191146850586e-02 5.526810884475708008e-02 1.454019546508789062e-02 5.904698371887207031e-02 5.315840244293212891e-02 5.746936798095703125e-02 4.684519767761230469e-02 4.111987352371215820e-02 1.110321283340454102e-02 2.751123905181884766e-02 0.000000000000000000e+00 5.810266733169555664e-02 5.526804924011230469e-02 3.058564662933349609e-02 4.751443862915039062e-03 4.316675662994384766e-02 1.947969198226928711e-02 4.316675662994384766e-02 4.902565479278564453e-02 5.466419458389282227e-02 4.111981391906738281e-02 4.316675662994384766e-02 2.968001365661621094e-02 3.058552742004394531e-02 9.090703725814819336e-02 6.054103374481201172e-02 5.831301212310791016e-02 2.384185791015625000e-07
1.801207661628723145e-01 8.147180080413818359e-03 5.810290575027465820e-02 1.957297325134277344e-03 5.431431531906127930e-02 1.698267459869384766e-02 1.365673542022705078e-02 2.834558486938476562e-03 4.356247186660766602e-02 9.443163871765136719e-04 4.944264888763427734e-03 6.332993507385253906e-04 1.125746965408325195e-02 1.698279380798339844e-02 4.699945449829101562e-02 3.059142827987670898e-02 5.810266733169555664e-02 0.000000000000000000e+00 2.834618091583251953e-03 2.751702070236206055e-02 6.285411119461059570e-02 1.493591070175170898e-02 7.758235931396484375e-02 1.493591070175170898e-02 9.077012538909912109e-03 3.438472747802734375e-03 1.698285341262817383e-02 1.493591070175170898e-02 8.778268098831176758e-02 2.751713991165161133e-02 3.280436992645263672e-02 2.438366413116455078e-03 2.103447914123535156e-04 5.810290575027465820e-02
1.772861480712890625e-01 5.312561988830566406e-03 5.526828765869140625e-02 4.791915416717529297e-03 5.147969722747802734e-02 1.414805650711059570e-02 1.082211732864379883e-02 5.960464477539062500e-08 4.072785377502441406e-02 3.778934478759765625e-03 2.109646797180175781e-03 2.201318740844726562e-03 8.422851562500000000e-03 1.414817571640014648e-02 4.416483640670776367e-02 2.775681018829345703e-02 5.526804924011230469e-02 2.834618091583251953e-03 0.000000000000000000e+00 2.468240261077880859e-02 6.001949310302734375e-02 1.210129261016845703e-02 7.474774122238159180e-02 1.210129261016845703e-02 6.242394447326660156e-03 6.038546562194824219e-04 1.414823532104492188e-02 1.210129261016845703e-02 8.494806289672851562e-02 2.468252182006835938e-02 3.563898801803588867e-02 5.272984504699707031e-03 3.044962882995605469e-03 5.526828765869140625e-02
1.526037454605102539e-01 1.936984062194824219e-02 3.058588504791259766e-02 2.947431802749633789e-02 2.679729461669921875e-02 1.053434610366821289e-02 1.386028528213500977e-02 2.468246221542358398e-02 1.604545116424560547e-02 2.846133708953857422e-02 2.257275581359863281e-02 2.688372135162353516e-02 1.625955104827880859e-02 1.053422689437866211e-02 1.948243379592895508e-02 3.074407577514648438e-03 3.058564662933349609e-02 2.751702070236206055e-02 2.468240261077880859e-02 0.000000000000000000e+00 3.533709049224853516e-02 1.258111000061035156e-02 5.006533861160278320e-02 1.258111000061035156e-02 1.844000816345214844e-02 2.407854795455932617e-02 1.053416728973388672e-02 1.258111000061035156e-02 6.026566028594970703e-02 1.192092895507812500e-07 6.032139062881469727e-02 2.995538711547851562e-02 2.772736549377441406e-02 3.058588504791259766e-02
1.172666549682617188e-01 5.470693111419677734e-02 4.751205444335937500e-03 6.481140851974487305e-02 8.539795875549316406e-03 4.587143659591674805e-02 4.919737577438354492e-02 6.001955270767211914e-02 1.929163932800292969e-02 6.379842758178710938e-02 5.790984630584716797e-02 6.222081184387207031e-02 5.159664154052734375e-02 4.587131738662719727e-02 1.585465669631958008e-02 3.226268291473388672e-02 4.751443862915039062e-03 6.285411119461059570e-02 6.001949310302734375e-02 3.533709049224853516e-02 0.000000000000000000e+00 4.791820049285888672e-02 1.472824811935424805e-02 4.791820049285888672e-02 5.377709865570068359e-02 5.941563844680786133e-02 4.587125778198242188e-02 4.791820049285888672e-02 2.492856979370117188e-02 3.533697128295898438e-02 9.565848112106323242e-02 6.529247760772705078e-02 6.306445598602294922e-02 4.751205444335937500e-03
1.651848554611206055e-01 6.788730621337890625e-03 4.316699504852294922e-02 1.689320802688598633e-02 3.937840461730957031e-02 2.046763896942138672e-03 1.279175281524658203e-03 1.210135221481323242e-02 2.862656116485595703e-02 1.588022708892822266e-02 9.991645812988281250e-03 1.430261135101318359e-02 3.678441047668457031e-03 2.046883106231689453e-03 3.206354379653930664e-02 1.565551757812500000e-02 4.316675662994384766e-02 1.493591070175170898e-02 1.210129261016845703e-02 1.258111000061035156e-02 4.791820049285888672e-02 0.000000000000000000e+00 6.264644861221313477e-02 0.000000000000000000e+00 5.858898162841796875e-03 1.149743795394897461e-02 2.046942710876464844e-03 0.000000000000000000e+00 7.284677028656005859e-02 1.258122920989990234e-02 4.774028062820434570e-02 1.737427711486816406e-02 1.514625549316406250e-02 4.316699504852294922e-02
1.025384068489074707e-01 6.943517923355102539e-02 1.947945356369018555e-02 7.953965663909912109e-02 2.326804399490356445e-02 6.059968471527099609e-02 6.392562389373779297e-02 7.474780082702636719e-02 3.401988744735717773e-02 7.852667570114135742e-02 7.263809442520141602e-02 7.694905996322631836e-02 6.632488965988159180e-02 6.059956550598144531e-02 3.058290481567382812e-02 4.699093103408813477e-02 1.947969198226928711e-02 7.758235931396484375e-02 7.474774122238159180e-02 5.006533861160278320e-02 1.472824811935424805e-02 6.264644861221313477e-02 0.000000000000000000e+00 6.264644861221313477e-02 6.850534677505493164e-02 7.414388656616210938e-02 6.059950590133666992e-02 6.264644861221313477e-02 1.020032167434692383e-02 5.006521940231323242e-02 1.103867292404174805e-01 8.002072572708129883e-02 7.779270410537719727e-02 1.947945356369018555e-02
1.651848554611206055e-01 6.788730621337890625e-03 4.316699504852294922e-02 1.689320802688598633e-02 3.937840461730957031e-02 2.046763896942138672e-03 1.279175281524658203e-03 1.210135221481323242e-02 2.862656116485595703e-02 1.588022708892822266e-02 9.991645812988281250e-03 1.430261135101318359e-02 3.678441047668457031e-03 2.046883106231689453e-03 3.206354379653930664e-02 1.565551757812500000e-02 4.316675662994384766e-02 1.493591070175170898e-02 1.210129261016845703e-02 1.258111000061035156e-02 4.791820049285888672e-02 0.000000000000000000e+00 6.264644861221313477e-02 0.000000000000000000e+00 5.858898162841796875e-03 1.149743795394897461e-02 2.046942710876464844e-03 0.000000000000000000e+00 7.284677028656005859e-02 1.258122920989990234e-02 4.774028062820434570e-02 1.737427711486816406e-02 1.514625549316406250e-02 4.316699504852294922e-02
1.710437536239624023e-01 9.298324584960937500e-04 4.902589321136474609e-02 1.103430986404418945e-02 4.523730278015136719e-02 7.905662059783935547e-03 4.579722881317138672e-03 6.242454051971435547e-03 3.448545932769775391e-02 1.002132892608642578e-02 4.132747650146484375e-03 8.443713188171386719e-03 2.180457115173339844e-03 7.905781269073486328e-03 3.792244195938110352e-02 2.151441574096679688e-02 4.902565479278564453e-02 9.077012538909912109e-03 6.242394447326660156e-03 1.844000816345214844e-02 5.377709865570068359e-02 5.858898162841796875e-03 6.850534677505493164e-02 5.858898162841796875e-03 0.000000000000000000e+00 5.638539791107177734e-03 7.905840873718261719e-03 5.858898162841796875e-03 7.870566844940185547e-02 1.844012737274169922e-02 4.188138246536254883e-02 1.151537895202636719e-02 9.287357330322265625e-03 4.902589321136474609e-02
1.766822934150695801e-01 4.708707332611083984e-03 5.466443300247192383e-02 5.395770072937011719e-03 5.087584257125854492e-02 1.354420185089111328e-02 1.021826267242431641e-02 6.039142608642578125e-04 4.012399911880493164e-02 4.382789134979248047e-03 1.505792140960693359e-03 2.805173397064208984e-03 7.818996906280517578e-03 1.354432106018066406e-02 4.356098175048828125e-02 2.715295553207397461e-02 5.466419458389282227e-02 3.438472747802734375e-03 6.038546562194824219e-04 2.407854795455932617e-02 5.941563844680786133e-02 1.149743795394897461e-02 7.414388656616210938e-02 1.149743795394897461e-02 5.638539791107177734e-03 0.000000000000000000e+00 1.354438066482543945e-02 1.149743795394897461e-02 8.434420824050903320e-02 2.407866716384887695e-02 3.624284267425537109e-02 5.876839160919189453e-03 3.648817539215087891e-03 5.466443300247192383e-02
1.631379127502441406e-01 8.835673332214355469e-03 4.112005233764648438e-02 1.894015073776245117e-02 3.733146190643310547e-02 1.788139343261718750e-07 3.326117992401123047e-03 1.414829492568969727e-02 2.657961845397949219e-02 1.792716979980468750e-02 1.203858852386474609e-02 1.634955406188964844e-02 5.725383758544921875e-03 5.960464477539062500e-08 3.001660108566284180e-02 1.360857486724853516e-02 4.111981391906738281e-02 1.698285341262817383e-02 1.414823532104492188e-02 1.053416728973388672e-02 4.587125778198242188e-02 2.046942710876464844e-03 6.059950590133666992e-02 2.046942710876464844e-03 7.905840873718261719e-03 1.354438066482543945e-02 0.000000000000000000e+00 2.046942710876464844e-03 7.079982757568359375e-02 1.053428649902343750e-02 4.978722333908081055e-02 1.942121982574462891e-02 1.719319820404052734e-02 4.112005233764648438e-02
1.651848554611206055e-01 6.788730621337890625e-03 4.316699504852294922e-02 1.689320802688598633e-02 3.937840461730957031e-02 2.046763896942138672e-03 1.279175281524658203e-03 1.210135221481323242e-02 2.862656116485595703e-02 1.588022708892822266e-02 9.991645812988281250e-03 1.430261135101318359e-02 3.678441047668457031e-03 2.046883106231689453e-03 3.206354379653930664e-02 1.565551757812500000e-02 4.316675662994384766e-02 1.493591070175170898e-02 1.210129261016845703e-02 1.258111000061035156e-02 4.791820049285888672e-02 0.000000000000000000e+00 6.264644861221313477e-02 0.000000000000000000e+00 5.858898162841796875e-03 1.149743795394897461e-02 2.046942710876464844e-03 0.000000000000000000e+00 7.284677028656005859e-02 1.258122920989990234e-02 4.774028062820434570e-02 1.737427711486816406e-02 1.514625549316406250e-02 4.316699504852294922e-02
9.233808517456054688e-02 7.963550090789794922e-02 2.967977523803710938e-02 8.973997831344604492e-02 3.346836566925048828e-02 7.080000638961791992e-02 7.412594556808471680e-02 8.494812250137329102e-02 4.422020912170410156e-02 8.872699737548828125e-02 8.283841609954833984e-02 8.714938163757324219e-02 7.652521133422851562e-02 7.079988718032836914e-02 4.078322649002075195e-02 5.719125270843505859e-02 2.968001365661621094e-02 8.778268098831176758e-02 8.494806289672851562e-02 6.026566028594970703e-02 2.492856979370117188e-02 7.284677028656005859e-02 1.020032167434692383e-02 7.284677028656005859e-02 7.870566844940185547e-02 8.434420824050903320e-02 7.079982757568359375e-02 7.284677028656005859e-02 0.000000000000000000e+00 6.026554107666015625e-02 1.205870509147644043e-01 9.022104740142822266e-02 8.799302577972412109e-02 2.967977523803710938e-02
1.526036262512207031e-01 1.936995983123779297e-02 3.058576583862304688e-02 2.947443723678588867e-02 2.679717540740966797e-02 1.053446531295776367e-02 1.386040449142456055e-02 2.468258142471313477e-02 1.604533195495605469e-02 2.846145629882812500e-02 2.257287502288818359e-02 2.688384056091308594e-02 1.625967025756835938e-02 1.053434610366821289e-02 1.948231458663940430e-02 3.074288368225097656e-03 3.058552742004394531e-02 2.751713991165161133e-02 2.468252182006835938e-02 1.192092895507812500e-07 3.533697128295898438e-02 1.258122920989990234e-02 5.006521940231323242e-02 1.258122920989990234e-02 1.844012737274169922e-02 2.407866716384887695e-02 1.053428649902343750e-02 1.258122920989990234e-02 6.026554107666015625e-02 0.000000000000000000e+00 6.032150983810424805e-02 2.995550632476806641e-02 2.772748470306396484e-02 3.058576583862304688e-02
2.129251360893249512e-01 4.095155000686645508e-02 9.090727567672729492e-02 3.084707260131835938e-02 8.711868524551391602e-02 4.978704452514648438e-02 4.646110534667968750e-02 3.563892841339111328e-02 7.636684179306030273e-02 3.186005353927612305e-02 3.774863481521606445e-02 3.343766927719116211e-02 4.406183958053588867e-02 4.978716373443603516e-02 7.980382442474365234e-02 6.339579820632934570e-02 9.090703725814819336e-02 3.280436992645263672e-02 3.563898801803588867e-02 6.032139062881469727e-02 9.565848112106323242e-02 4.774028062820434570e-02 1.103867292404174805e-01 4.774028062820434570e-02 4.188138246536254883e-02 3.624284267425537109e-02 4.978722333908081055e-02 4.774028062820434570e-02 1.205870509147644043e-01 6.032150983810424805e-02 0.000000000000000000e+00 3.036600351333618164e-02 3.259402513504028320e-02 9.090727567672729492e-02
1.825591325759887695e-01 1.058554649353027344e-02 6.054127216339111328e-02 4.810690879821777344e-04 5.675268173217773438e-02 1.942104101181030273e-02 1.609510183334350586e-02 5.272924900054931641e-03 4.600083827972412109e-02 1.494050025939941406e-03 7.382631301879882812e-03 3.071665763854980469e-03 1.369583606719970703e-02 1.942116022109985352e-02 4.943782091140747070e-02 3.302979469299316406e-02 6.054103374481201172e-02 2.438366413116455078e-03 5.272984504699707031e-03 2.995538711547851562e-02 6.529247760772705078e-02 1.737427711486816406e-02 8.002072572708129883e-02 1.737427711486816406e-02 1.151537895202636719e-02 5.876839160919189453e-03 1.942121982574462891e-02 1.737427711486816406e-02 9.022104740142822266e-02 2.995550632476806641e-02 3.036600351333618164e-02 0.000000000000000000e+00 2.228021621704101562e-03 6.054127216339111328e-02
1.803311109542846680e-01 8.357524871826171875e-03 5.831325054168701172e-02 1.746952533721923828e-03 5.452466011047363281e-02 1.719301939010620117e-02 1.386708021163940430e-02 3.044903278350830078e-03 4.377281665802001953e-02 7.339715957641601562e-04 5.154609680175781250e-03 8.436441421508789062e-04 1.146781444549560547e-02 1.719313859939575195e-02 4.720979928970336914e-02 3.080177307128906250e-02 5.831301212310791016e-02 2.103447914123535156e-04 3.044962882995605469e-03 2.772736549377441406e-02 6.306445598602294922e-02 1.514625549316406250e-02 7.779270410537719727e-02 1.514625549316406250e-02 9.287357330322265625e-03 3.648817539215087891e-03 1.719319820404052734e-02 1.514625549316406250e-02 8.799302577972412109e-02 2.772748470306396484e-02 3.259402513504028320e-02 2.228021621704101562e-03 0.000000000000000000e+00 5.831325054168701172e-02
1.220178604125976562e-01 4.995572566986083984e-02 0.000000000000000000e+00 6.006020307540893555e-02 3.788590431213378906e-03 4.112023115158081055e-02 4.444617033004760742e-02 5.526834726333618164e-02 1.454043388366699219e-02 5.904722213745117188e-02 5.315864086151123047e-02 5.746960639953613281e-02 4.684543609619140625e-02 4.112011194229125977e-02 1.110345125198364258e-02 2.751147747039794922e-02 2.384185791015625000e-07 5.810290575027465820e-02 5.526828765869140625e-02 3.058588504791259766e-02 4.751205444335937500e-03 4.316699504852294922e-02 1.947945356369018555e-02 4.316699504852294922e-02 4.902589321136474609e-02 5.466443300247192383e-02 4.112005233764648438e-02 4.316699504852294922e-02 2.967977523803710938e-02 3.058576583862304688e-02 9.090727567672729492e-02 6.054127216339111328e-02 5.831325054168701172e-02 0.000000000000000000e+00
