0.000000000000000000e+00 1.198552846908569336e-01 6.845015287399291992e-02 1.198551654815673828e-01 1.170635223388671875e-01 1.018807291984558105e-01 1.090804338455200195e-01 1.161985397338867188e-01 1.113486886024475098e-01 1.196433901786804199e-01 1.190193295478820801e-01 1.192527413368225098e-01 1.131465435028076172e-01 9.299665689468383789e-02 6.845021247863769531e-02 2.829313278198242188e-02 1.043846011161804199e-01 1.142176389694213867e-01 1.131466627120971680e-01 8.680260181427001953e-02 4.055678844451904297e-02 1.192755103111267090e-01 1.106125116348266602e-02 1.113486289978027344e-01 1.131465435028076172e-01 1.185851693153381348e-01 1.018809676170349121e-01 6.845021247863769531e-02 1.106131076812744141e-02 8.680236339569091797e-02 1.255124807357788086e-01 1.185853481292724609e-01 1.191421151161193848e-01 7.598721981048583984e-02
1.198552846908569336e-01 0.000000000000000000e+00 5.140513181686401367e-02 1.192092895507812500e-07 2.791762351989746094e-03 1.797455549240112305e-02 1.077485084533691406e-02 3.656744956970214844e-03 8.506596088409423828e-03 2.118945121765136719e-04 8.359551429748535156e-04 6.025433540344238281e-04 6.708741188049316406e-03 2.685862779617309570e-02 5.140507221221923828e-02 1.481484174728393555e-01 1.547068357467651367e-02 5.637645721435546875e-03 6.708621978759765625e-03 3.305268287658691406e-02 7.929849624633789062e-02 5.797743797302246094e-04 1.087940335273742676e-01 8.506655693054199219e-03 6.708741188049316406e-03 1.270115375518798828e-03 1.797431707382202148e-02 5.140507221221923828e-02 1.087939739227294922e-01 3.305292129516601562e-02 5.657196044921875000e-03 1.269936561584472656e-03 7.131695747375488281e-04 4.386806488037109375e-02
6.845015287399291992e-02 5.140513181686401367e-02 0.000000000000000000e+00 5.140501260757446289e-02 4.861336946487426758e-02 3.343057632446289062e-02 4.063028097152709961e-02 4.774838685989379883e-02 4.289853572845458984e-02 5.119323730468750000e-02 5.056917667388916016e-02 5.080258846282958984e-02 4.469639062881469727e-02 2.454650402069091797e-02 5.960464477539062500e-08 9.674328565597534180e-02 3.593444824218750000e-02 4.576748609542846680e-02 4.469650983810424805e-02 1.835244894027709961e-02 2.789336442947387695e-02 5.082535743713378906e-02 5.738890171051025391e-02 4.289847612380981445e-02 4.469639062881469727e-02 5.013501644134521484e-02 3.343081474304199219e-02 5.960464477539062500e-08 5.738884210586547852e-02 1.835221052169799805e-02 5.706232786178588867e-02 5.013519525527954102e-02 5.069196224212646484e-02 7.537066936492919922e-03
1.198551654815673828e-01 1.192092895507812500e-07 5.140501260757446289e-02 0.000000000000000000e+00 2.791643142700195312e-03 1.797443628311157227e-02 1.077473163604736328e-02 3.656625747680664062e-03 8.506476879119873047e-03 2.117753028869628906e-04 8.358359336853027344e-04 6.024241447448730469e-04 6.708621978759765625e-03 2.685850858688354492e-02 5.140495300292968750e-02 1.481482982635498047e-01 1.547056436538696289e-02 5.637526512145996094e-03 6.708502769470214844e-03 3.305256366729736328e-02 7.929837703704833984e-02 5.796551704406738281e-04 1.087939143180847168e-01 8.506536483764648438e-03 6.708621978759765625e-03 1.269996166229248047e-03 1.797419786453247070e-02 5.140495300292968750e-02 1.087938547134399414e-01 3.305280208587646484e-02 5.657315254211425781e-03 1.269817352294921875e-03 7.130503654479980469e-04 4.386794567108154297e-02
1.170635223388671875e-01 2.791762351989746094e-03 4.861336946487426758e-02 2.791643142700195312e-03 0.000000000000000000e+00 1.518279314041137695e-02 7.983088493347167969e-03 8.649826049804687500e-04 5.714833736419677734e-03 2.579867839813232422e-03 1.955807209014892578e-03 2.189218997955322266e-03 3.916978836059570312e-03 2.406686544418334961e-02 4.861330986022949219e-02 1.453566551208496094e-01 1.267892122268676758e-02 2.845883369445800781e-03 3.916859626770019531e-03 3.026092052459716797e-02 7.650673389434814453e-02 2.211987972259521484e-03 1.060022711753845215e-01 5.714893341064453125e-03 3.916978836059570312e-03 1.521646976470947266e-03 1.518255472183227539e-02 4.861330986022949219e-02 1.060022115707397461e-01 3.026115894317626953e-02 8.448958396911621094e-03 1.521825790405273438e-03 2.078592777252197266e-03 4.107630252838134766e-02
1.018807291984558105e-01 1.797455549240112305e-02 3.343057632446289062e-02 1.797443628311157227e-02 1.518279314041137695e-02 0.000000000000000000e+00 7.199704647064208984e-03 1.431781053543090820e-02 9.467959403991699219e-03 1.776266098022460938e-02 1.713860034942626953e-02 1.737201213836669922e-02 1.126581430435180664e-02 8.884072303771972656e-03 3.343051671981811523e-02 1.301738619804382324e-01 2.503871917724609375e-03 1.233690977096557617e-02 1.126593351364135742e-02 1.507812738418579102e-02 6.132394075393676758e-02 1.739478111267089844e-02 9.081947803497314453e-02 9.467899799346923828e-03 1.126581430435180664e-02 1.670444011688232422e-02 2.384185791015625000e-07 3.343051671981811523e-02 9.081941843032836914e-02 1.507836580276489258e-02 2.363175153732299805e-02 1.670461893081665039e-02 1.726138591766357422e-02 2.589350938796997070e-02
1.090804338455200195e-01 1.077485084533691406e-02 4.063028097152709961e-02 1.077473163604736328e-02 7.983088493347167969e-03 7.199704647064208984e-03 0.000000000000000000e+00 7.118105888366699219e-03 2.268254756927490234e-03 1.056295633316040039e-02 9.938895702362060547e-03 1.017230749130249023e-02 4.066109657287597656e-03 1.608377695083618164e-02 4.063022136688232422e-02 1.373735666275024414e-01 4.695832729339599609e-03 5.137205123901367188e-03 4.066228866577148438e-03 2.227783203125000000e-02 6.852364540100097656e-02 1.019507646560668945e-02 9.801918268203735352e-02 2.268195152282714844e-03 4.066109657287597656e-03 9.504735469818115234e-03 7.199466228485107422e-03 4.063022136688232422e-02 9.801912307739257812e-02 2.227807044982910156e-02 1.643204689025878906e-02 9.504914283752441406e-03 1.006168127059936523e-02 3.309321403503417969e-02
1.161985397338867188e-01 3.656744956970214844e-03 4.774838685989379883e-02 3.656625747680664062e-03 8.649826049804687500e-04 1.431781053543090820e-02 7.118105888366699219e-03 0.000000000000000000e+00 4.849851131439208984e-03 3.444850444793701172e-03 2.820789813995361328e-03 3.054201602935791016e-03 3.051996231079101562e-03 2.320188283920288086e-02 4.774832725524902344e-02 1.444916725158691406e-01 1.181393861770629883e-02 1.980900764465332031e-03 3.051877021789550781e-03 2.939593791961669922e-02 7.564175128936767578e-02 3.076970577239990234e-03 1.051372885704040527e-01 4.849910736083984375e-03 3.051996231079101562e-03 2.386629581451416016e-03 1.431757211685180664e-02 4.774832725524902344e-02 1.051372289657592773e-01 2.939617633819580078e-02 9.313941001892089844e-03 2.386808395385742188e-03 2.943575382232666016e-03 4.021131992340087891e-02
1.113486886024475098e-01 8.506596088409423828e-03 4.289853572845458984e-02 8.506476879119873047e-03 5.714833736419677734e-03 9.467959403991699219e-03 2.268254756927490234e-03 4.849851131439208984e-03 0.000000000000000000e+00 8.294701576232910156e-03 7.670640945434570312e-03 7.904052734375000000e-03 1.797854900360107422e-03 1.835203170776367188e-02 4.289847612380981445e-02 1.396418213844299316e-01 6.964087486267089844e-03 2.868950366973876953e-03 1.797974109649658203e-03 2.454608678817749023e-02 7.079190015792846680e-02 7.926821708679199219e-03 1.002874374389648438e-01 5.960464477539062500e-08 1.797854900360107422e-03 7.236480712890625000e-03 9.467720985412597656e-03 4.289847612380981445e-02 1.002873778343200684e-01 2.454632520675659180e-02 1.416379213333129883e-02 7.236659526824951172e-03 7.793426513671875000e-03 3.536146879196166992e-02
1.196433901786804199e-01 2.118945121765136719e-04 5.119323730468750000e-02 2.117753028869628906e-04 2.579867839813232422e-03 1.776266098022460938e-02 1.056295633316040039e-02 3.444850444793701172e-03 8.294701576232910156e-03 0.000000000000000000e+00 6.240606307983398438e-04 3.906488418579101562e-04 6.496846675872802734e-03 2.664673328399658203e-02 5.119317770004272461e-02 1.479365229606628418e-01 1.525878906250000000e-02 5.425751209259033203e-03 6.496727466583251953e-03 3.284078836441040039e-02 7.908660173416137695e-02 3.678798675537109375e-04 1.085821390151977539e-01 8.294761180877685547e-03 6.496846675872802734e-03 1.058220863342285156e-03 1.776242256164550781e-02 5.119317770004272461e-02 1.085820794105529785e-01 3.284102678298950195e-02 5.869090557098388672e-03 1.058042049407958984e-03 5.012750625610351562e-04 4.365617036819458008e-02
1.190193295478820801e-01 8.359551429748535156e-04 5.056917667388916016e-02 8.358359336853027344e-04 1.955807209014892578e-03 1.713860034942626953e-02 9.938895702362060547e-03 2.820789813995361328e-03 7.670640945434570312e-03 6.240606307983398438e-04 0.000000000000000000e+00 2.334117889404296875e-04 5.872786045074462891e-03 2.602267265319824219e-02 5.056911706924438477e-02 1.473124623298645020e-01 1.463472843170166016e-02 4.801690578460693359e-03 5.872666835784912109e-03 3.221672773361206055e-02 7.846254110336303711e-02 2.561807632446289062e-04 1.079580783843994141e-01 7.670700550079345703e-03 5.872786045074462891e-03 4.341602325439453125e-04 1.713836193084716797e-02 5.056911706924438477e-02 1.079580187797546387e-01 3.221696615219116211e-02 6.493151187896728516e-03 4.339814186096191406e-04 1.227855682373046875e-04 4.303210973739624023e-02
1.192527413368225098e-01 6.025433540344238281e-04 5.080258846282958984e-02 6.024241447448730469e-04 2.189218997955322266e-03 1.737201213836669922e-02 1.017230749130249023e-02 3.054201602935791016e-03 7.904052734375000000e-03 3.906488418579101562e-04 2.334117889404296875e-04 0.000000000000000000e+00 6.106197834014892578e-03 2.625608444213867188e-02 5.080252885818481445e-02 1.475458741188049316e-01 1.486814022064208984e-02 5.035102367401123047e-03 6.106078624725341797e-03 3.245013952255249023e-02 7.869595289230346680e-02 2.276897430419921875e-05 1.081914901733398438e-01 7.904112339019775391e-03 6.106197834014892578e-03 6.675720214843750000e-04 1.737177371978759766e-02 5.080252885818481445e-02 1.081914305686950684e-01 3.245037794113159180e-02 6.259739398956298828e-03 6.673932075500488281e-04 1.106262207031250000e-04 4.326552152633666992e-02
1.131465435028076172e-01 6.708741188049316406e-03 4.469639062881469727e-02 6.708621978759765625e-03 3.916978836059570312e-03 1.126581430435180664e-02 4.066109657287597656e-03 3.051996231079101562e-03 1.797854900360107422e-03 6.496846675872802734e-03 5.872786045074462891e-03 6.106197834014892578e-03 0.000000000000000000e+00 2.014988660812377930e-02 4.469633102416992188e-02 1.414396762847900391e-01 8.761942386627197266e-03 1.071095466613769531e-03 1.192092895507812500e-07 2.634394168853759766e-02 7.258975505828857422e-02 6.128966808319091797e-03 1.020852923393249512e-01 1.797914505004882812e-03 0.000000000000000000e+00 5.438625812530517578e-03 1.126557588577270508e-02 4.469633102416992188e-02 1.020852327346801758e-01 2.634418010711669922e-02 1.236593723297119141e-02 5.438804626464843750e-03 5.995571613311767578e-03 3.715932369232177734e-02
9.299665689468383789e-02 2.685862779617309570e-02 2.454650402069091797e-02 2.685850858688354492e-02 2.406686544418334961e-02 8.884072303771972656e-03 1.608377695083618164e-02 2.320188283920288086e-02 1.835203170776367188e-02 2.664673328399658203e-02 2.602267265319824219e-02 2.625608444213867188e-02 2.014988660812377930e-02 0.000000000000000000e+00 2.454644441604614258e-02 1.212897896766662598e-01 1.138794422149658203e-02 2.122098207473754883e-02 2.015000581741333008e-02 6.194055080413818359e-03 5.243986845016479492e-02 2.627885341644287109e-02 8.193540573120117188e-02 1.835197210311889648e-02 2.014988660812377930e-02 2.558851242065429688e-02 8.884310722351074219e-03 2.454644441604614258e-02 8.193534612655639648e-02 6.194293498992919922e-03 3.251582384109497070e-02 2.558869123458862305e-02 2.614545822143554688e-02 1.700943708419799805e-02
6.845021247863769531e-02 5.140507221221923828e-02 5.960464477539062500e-08 5.140495300292968750e-02 4.861330986022949219e-02 3.343051671981811523e-02 4.063022136688232422e-02 4.774832725524902344e-02 4.289847612380981445e-02 5.119317770004272461e-02 5.056911706924438477e-02 5.080252885818481445e-02 4.469633102416992188e-02 2.454644441604614258e-02 0.000000000000000000e+00 9.674334526062011719e-02 3.593438863754272461e-02 4.576742649078369141e-02 4.469645023345947266e-02 1.835238933563232422e-02 2.789342403411865234e-02 5.082529783248901367e-02 5.738896131515502930e-02 4.289841651916503906e-02 4.469633102416992188e-02 5.013495683670043945e-02 3.343075513839721680e-02 0.000000000000000000e+00 5.738890171051025391e-02 1.835215091705322266e-02 5.706226825714111328e-02 5.013513565063476562e-02 5.069190263748168945e-02 7.537007331848144531e-03
2.829313278198242188e-02 1.481484174728393555e-01 9.674328565597534180e-02 1.481482982635498047e-01 1.453566551208496094e-01 1.301738619804382324e-01 1.373735666275024414e-01 1.444916725158691406e-01 1.396418213844299316e-01 1.479365229606628418e-01 1.473124623298645020e-01 1.475458741188049316e-01 1.414396762847900391e-01 1.212897896766662598e-01 9.674334526062011719e-02 0.000000000000000000e+00 1.326777338981628418e-01 1.425107717514038086e-01 1.414397954940795898e-01 1.150957345962524414e-01 6.884992122650146484e-02 1.475686430931091309e-01 3.935438394546508789e-02 1.396417617797851562e-01 1.414396762847900391e-01 1.468783020973205566e-01 1.301741003990173340e-01 9.674334526062011719e-02 3.935444355010986328e-02 1.150954961776733398e-01 1.538056135177612305e-01 1.468784809112548828e-01 1.474352478981018066e-01 1.042803525924682617e-01
1.043846011161804199e-01 1.547068357467651367e-02 3.593444824218750000e-02 1.547056436538696289e-02 1.267892122268676758e-02 2.503871917724609375e-03 4.695832729339599609e-03 1.181393861770629883e-02 6.964087486267089844e-03 1.525878906250000000e-02 1.463472843170166016e-02 1.486814022064208984e-02 8.761942386627197266e-03 1.138794422149658203e-02 3.593438863754272461e-02 1.326777338981628418e-01 0.000000000000000000e+00 9.833037853240966797e-03 8.762061595916748047e-03 1.758199930191040039e-02 6.382781267166137695e-02 1.489090919494628906e-02 9.332334995269775391e-02 6.964027881622314453e-03 8.761942386627197266e-03 1.420056819915771484e-02 2.503633499145507812e-03 3.593438863754272461e-02 9.332329034805297852e-02 1.758223772048950195e-02 2.112787961959838867e-02 1.420074701309204102e-02 1.475751399993896484e-02 2.839738130569458008e-02
1.142176389694213867e-01 5.637645721435546875e-03 4.576748609542846680e-02 5.637526512145996094e-03 2.845883369445800781e-03 1.233690977096557617e-02 5.137205123901367188e-03 1.980900764465332031e-03 2.868950366973876953e-03 5.425751209259033203e-03 4.801690578460693359e-03 5.035102367401123047e-03 1.071095466613769531e-03 2.122098207473754883e-02 4.576742649078369141e-02 1.425107717514038086e-01 9.833037853240966797e-03 0.000000000000000000e+00 1.070976257324218750e-03 2.741503715515136719e-02 7.366085052490234375e-02 5.057871341705322266e-03 1.031563878059387207e-01 2.869009971618652344e-03 1.071095466613769531e-03 4.367530345916748047e-03 1.233667135238647461e-02 4.576742649078369141e-02 1.031563282012939453e-01 2.741527557373046875e-02 1.129484176635742188e-02 4.367709159851074219e-03 4.924476146697998047e-03 3.823041915893554688e-02
1.131466627120971680e-01 6.708621978759765625e-03 4.469650983810424805e-02 6.708502769470214844e-03 3.916859626770019531e-03 1.126593351364135742e-02 4.066228866577148438e-03 3.051877021789550781e-03 1.797974109649658203e-03 6.496727466583251953e-03 5.872666835784912109e-03 6.106078624725341797e-03 1.192092895507812500e-07 2.015000581741333008e-02 4.469645023345947266e-02 1.414397954940795898e-01 8.762061595916748047e-03 1.070976257324218750e-03 0.000000000000000000e+00 2.634406089782714844e-02 7.258987426757812500e-02 6.128847599029541016e-03 1.020854115486145020e-01 1.798033714294433594e-03 1.192092895507812500e-07 5.438506603240966797e-03 1.126569509506225586e-02 4.469645023345947266e-02 1.020853519439697266e-01 2.634429931640625000e-02 1.236581802368164062e-02 5.438685417175292969e-03 5.995452404022216797e-03 3.715944290161132812e-02
8.680260181427001953e-02 3.305268287658691406e-02 1.835244894027709961e-02 3.305256366729736328e-02 3.026092052459716797e-02 1.507812738418579102e-02 2.227783203125000000e-02 2.939593791961669922e-02 2.454608678817749023e-02 3.284078836441040039e-02 3.221672773361206055e-02 3.245013952255249023e-02 2.634394168853759766e-02 6.194055080413818359e-03 1.835238933563232422e-02 1.150957345962524414e-01 1.758199930191040039e-02 2.741503715515136719e-02 2.634406089782714844e-02 0.000000000000000000e+00 4.624581336975097656e-02 3.247290849685668945e-02 7.574135065078735352e-02 2.454602718353271484e-02 2.634394168853759766e-02 3.178256750106811523e-02 1.507836580276489258e-02 1.835238933563232422e-02 7.574129104614257812e-02 2.384185791015625000e-07 3.870987892150878906e-02 3.178274631500244141e-02 3.233951330184936523e-02 1.081538200378417969e-02
4.055678844451904297e-02 7.929849624633789062e-02 2.789336442947387695e-02 7.929837703704833984e-02 7.650673389434814453e-02 6.132394075393676758e-02 6.852364540100097656e-02 7.564175128936767578e-02 7.079190015792846680e-02 7.908660173416137695e-02 7.846254110336303711e-02 7.869595289230346680e-02 7.258975505828857422e-02 5.243986845016479492e-02 2.789342403411865234e-02 6.884992122650146484e-02 6.382781267166137695e-02 7.366085052490234375e-02 7.258987426757812500e-02 4.624581336975097656e-02 0.000000000000000000e+00 7.871872186660766602e-02 2.949553728103637695e-02 7.079184055328369141e-02 7.258975505828857422e-02 7.802838087081909180e-02 6.132417917251586914e-02 2.789342403411865234e-02 2.949547767639160156e-02 4.624557495117187500e-02 8.495569229125976562e-02 7.802855968475341797e-02 7.858532667160034180e-02 3.543043136596679688e-02
1.192755103111267090e-01 5.797743797302246094e-04 5.082535743713378906e-02 5.796551704406738281e-04 2.211987972259521484e-03 1.739478111267089844e-02 1.019507646560668945e-02 3.076970577239990234e-03 7.926821708679199219e-03 3.678798675537109375e-04 2.561807632446289062e-04 2.276897430419921875e-05 6.128966808319091797e-03 2.627885341644287109e-02 5.082529783248901367e-02 1.475686430931091309e-01 1.489090919494628906e-02 5.057871341705322266e-03 6.128847599029541016e-03 3.247290849685668945e-02 7.871872186660766602e-02 0.000000000000000000e+00 1.082142591476440430e-01 7.926881313323974609e-03 6.128966808319091797e-03 6.903409957885742188e-04 1.739454269409179688e-02 5.082529783248901367e-02 1.082141995429992676e-01 3.247314691543579102e-02 6.236970424652099609e-03 6.901621818542480469e-04 1.333951950073242188e-04 4.328829050064086914e-02
1.106125116348266602e-02 1.087940335273742676e-01 5.738890171051025391e-02 1.087939143180847168e-01 1.060022711753845215e-01 9.081947803497314453e-02 9.801918268203735352e-02 1.051372885704040527e-01 1.002874374389648438e-01 1.085821390151977539e-01 1.079580783843994141e-01 1.081914901733398438e-01 1.020852923393249512e-01 8.193540573120117188e-02 5.738896131515502930e-02 3.935438394546508789e-02 9.332334995269775391e-02 1.031563878059387207e-01 1.020854115486145020e-01 7.574135065078735352e-02 2.949553728103637695e-02 1.082142591476440430e-01 0.000000000000000000e+00 1.002873778343200684e-01 1.020852923393249512e-01 1.075239181518554688e-01 9.081971645355224609e-02 5.738896131515502930e-02 5.960464477539062500e-08 7.574111223220825195e-02 1.144512295722961426e-01 1.075240969657897949e-01 1.080808639526367188e-01 6.492596864700317383e-02
1.113486289978027344e-01 8.506655693054199219e-03 4.289847612380981445e-02 8.506536483764648438e-03 5.714893341064453125e-03 9.467899799346923828e-03 2.268195152282714844e-03 4.849910736083984375e-03 5.960464477539062500e-08 8.294761180877685547e-03 7.670700550079345703e-03 7.904112339019775391e-03 1.797914505004882812e-03 1.835197210311889648e-02 4.289841651916503906e-02 1.396417617797851562e-01 6.964027881622314453e-03 2.869009971618652344e-03 1.798033714294433594e-03 2.454602718353271484e-02 7.079184055328369141e-02 7.926881313323974609e-03 1.002873778343200684e-01 0.000000000000000000e+00 1.797914505004882812e-03 7.236540317535400391e-03 9.467661380767822266e-03 4.289841651916503906e-02 1.002873182296752930e-01 2.454626560211181641e-02 1.416385173797607422e-02 7.236719131469726562e-03 7.793486118316650391e-03 3.536140918731689453e-02
1.131465435028076172e-01 6.708741188049316406e-03 4.469639062881469727e-02 6.708621978759765625e-03 3.916978836059570312e-03 1.126581430435180664e-02 4.066109657287597656e-03 3.051996231079101562e-03 1.797854900360107422e-03 6.496846675872802734e-03 5.872786045074462891e-03 6.106197834014892578e-03 0.000000000000000000e+00 2.014988660812377930e-02 4.469633102416992188e-02 1.414396762847900391e-01 8.761942386627197266e-03 1.071095466613769531e-03 1.192092895507812500e-07 2.634394168853759766e-02 7.258975505828857422e-02 6.128966808319091797e-03 1.020852923393249512e-01 1.797914505004882812e-03 0.000000000000000000e+00 5.438625812530517578e-03 1.126557588577270508e-02 4.469633102416992188e-02 1.020852327346801758e-01 2.634418010711669922e-02 1.236593723297119141e-02 5.438804626464843750e-03 5.995571613311767578e-03 3.715932369232177734e-02
1.185851693153381348e-01 1.270115375518798828e-03 5.013501644134521484e-02 1.269996166229248047e-03 1.521646976470947266e-03 1.670444011688232422e-02 9.504735469818115234e-03 2.386629581451416016e-03 7.236480712890625000e-03 1.058220863342285156e-03 4.341602325439453125e-04 6.675720214843750000e-04 5.438625812530517578e-03 2.558851242065429688e-02 5.013495683670043945e-02 1.468783020973205566e-01 1.420056819915771484e-02 4.367530345916748047e-03 5.438506603240966797e-03 3.178256750106811523e-02 7.802838087081909180e-02 6.903409957885742188e-04 1.075239181518554688e-01 7.236540317535400391e-03 5.438625812530517578e-03 0.000000000000000000e+00 1.670420169830322266e-02 5.013495683670043945e-02 1.075238585472106934e-01 3.178280591964721680e-02 6.927311420440673828e-03 1.788139343261718750e-07 5.569458007812500000e-04 4.259794950485229492e-02
1.018809676170349121e-01 1.797431707382202148e-02 3.343081474304199219e-02 1.797419786453247070e-02 1.518255472183227539e-02 2.384185791015625000e-07 7.199466228485107422e-03 1.431757211685180664e-02 9.467720985412597656e-03 1.776242256164550781e-02 1.713836193084716797e-02 1.737177371978759766e-02 1.126557588577270508e-02 8.884310722351074219e-03 3.343075513839721680e-02 1.301741003990173340e-01 2.503633499145507812e-03 1.233667135238647461e-02 1.126569509506225586e-02 1.507836580276489258e-02 6.132417917251586914e-02 1.739454269409179688e-02 9.081971645355224609e-02 9.467661380767822266e-03 1.126557588577270508e-02 1.670420169830322266e-02 0.000000000000000000e+00 3.343075513839721680e-02 9.081965684890747070e-02 1.507860422134399414e-02 2.363151311874389648e-02 1.670438051223754883e-02 1.726114749908447266e-02 2.589374780654907227e-02
6.845021247863769531e-02 5.140507221221923828e-02 5.960464477539062500e-08 5.140495300292968750e-02 4.861330986022949219e-02 3.343051671981811523e-02 4.063022136688232422e-02 4.774832725524902344e-02 4.289847612380981445e-02 5.119317770004272461e-02 5.056911706924438477e-02 5.080252885818481445e-02 4.469633102416992188e-02 2.454644441604614258e-02 0.000000000000000000e+00 9.674334526062011719e-02 3.593438863754272461e-02 4.576742649078369141e-02 4.469645023345947266e-02 1.835238933563232422e-02 2.789342403411865234e-02 5.082529783248901367e-02 5.738896131515502930e-02 4.289841651916503906e-02 4.469633102416992188e-02 5.013495683670043945e-02 3.343075513839721680e-02 0.000000000000000000e+00 5.738890171051025391e-02 1.835215091705322266e-02 5.706226825714111328e-02 5.013513565063476562e-02 5.069190263748168945e-02 7.537007331848144531e-03
1.106131076812744141e-02 1.087939739227294922e-01 5.738884210586547852e-02 1.087938547134399414e-01 1.060022115707397461e-01 9.081941843032836914e-02 9.801912307739257812e-02 1.051372289657592773e-01 1.002873778343200684e-01 1.085820794105529785e-01 1.079580187797546387e-01 1.081914305686950684e-01 1.020852327346801758e-01 8.193534612655639648e-02 5.738890171051025391e-02 3.935444355010986328e-02 9.332329034805297852e-02 1.031563282012939453e-01 1.020853519439697266e-01 7.574129104614257812e-02 2.949547767639160156e-02 1.082141995429992676e-01 5.960464477539062500e-08 1.002873182296752930e-01 1.020852327346801758e-01 1.075238585472106934e-01 9.081965684890747070e-02 5.738890171051025391e-02 0.000000000000000000e+00 7.574105262756347656e-02 1.144511699676513672e-01 1.075240373611450195e-01 1.080808043479919434e-01 6.492590904235839844e-02
8.680236339569091797e-02 3.305292129516601562e-02 1.835221052169799805e-02 3.305280208587646484e-02 3.026115894317626953e-02 1.507836580276489258e-02 2.227807044982910156e-02 2.939617633819580078e-02 2.454632520675659180e-02 3.284102678298950195e-02 3.221696615219116211e-02 3.245037794113159180e-02 2.634418010711669922e-02 6.194293498992919922e-03 1.835215091705322266e-02 1.150954961776733398e-01 1.758223772048950195e-02 2.741527557373046875e-02 2.634429931640625000e-02 2.384185791015625000e-07 4.624557495117187500e-02 3.247314691543579102e-02 7.574111223220825195e-02 2.454626560211181641e-02 2.634418010711669922e-02 3.178280591964721680e-02 1.507860422134399414e-02 1.835215091705322266e-02 7.574105262756347656e-02 0.000000000000000000e+00 3.871011734008789062e-02 3.178298473358154297e-02 3.233975172042846680e-02 1.081514358520507812e-02
1.255124807357788086e-01 5.657196044921875000e-03 5.706232786178588867e-02 5.657315254211425781e-03 8.448958396911621094e-03 2.363175153732299805e-02 1.643204689025878906e-02 9.313941001892089844e-03 1.416379213333129883e-02 5.869090557098388672e-03 6.493151187896728516e-03 6.259739398956298828e-03 1.236593723297119141e-02 3.251582384109497070e-02 5.706226825714111328e-02 1.538056135177612305e-01 2.112787961959838867e-02 1.129484176635742188e-02 1.236581802368164062e-02 3.870987892150878906e-02 8.495569229125976562e-02 6.236970424652099609e-03 1.144512295722961426e-01 1.416385173797607422e-02 1.236593723297119141e-02 6.927311420440673828e-03 2.363151311874389648e-02 5.706226825714111328e-02 1.144511699676513672e-01 3.871011734008789062e-02 0.000000000000000000e+00 6.927132606506347656e-03 6.370365619659423828e-03 4.952526092529296875e-02
1.185853481292724609e-01 1.269936561584472656e-03 5.013519525527954102e-02 1.269817352294921875e-03 1.521825790405273438e-03 1.670461893081665039e-02 9.504914283752441406e-03 2.386808395385742188e-03 7.236659526824951172e-03 1.058042049407958984e-03 4.339814186096191406e-04 6.673932075500488281e-04 5.438804626464843750e-03 2.558869123458862305e-02 5.013513565063476562e-02 1.468784809112548828e-01 1.420074701309204102e-02 4.367709159851074219e-03 5.438685417175292969e-03 3.178274631500244141e-02 7.802855968475341797e-02 6.901621818542480469e-04 1.075240969657897949e-01 7.236719131469726562e-03 5.438804626464843750e-03 1.788139343261718750e-07 1.670438051223754883e-02 5.013513565063476562e-02 1.075240373611450195e-01 3.178298473358154297e-02 6.927132606506347656e-03 0.000000000000000000e+00 5.567669868469238281e-04 4.259812831878662109e-02
1.191421151161193848e-01 7.131695747375488281e-04 5.069196224212646484e-02 7.130503654479980469e-04 2.078592777252197266e-03 1.726138591766357422e-02 1.006168127059936523e-02 2.943575382232666016e-03 7.793426513671875000e-03 5.012750625610351562e-04 1.227855682373046875e-04 1.106262207031250000e-04 5.995571613311767578e-03 2.614545822143554688e-02 5.069190263748168945e-02 1.474352478981018066e-01 1.475751399993896484e-02 4.924476146697998047e-03 5.995452404022216797e-03 3.233951330184936523e-02 7.858532667160034180e-02 1.333951950073242188e-04 1.080808639526367188e-01 7.793486118316650391e-03 5.995571613311767578e-03 5.569458007812500000e-04 1.726114749908447266e-02 5.069190263748168945e-02 1.080808043479919434e-01 3.233975172042846680e-02 6.370365619659423828e-03 5.567669868469238281e-04 0.000000000000000000e+00 4.315489530563354492e-02
7.598721981048583984e-02 4.386806488037109375e-02 7.537066936492919922e-03 4.386794567108154297e-02 4.107630252838134766e-02 2.589350938796997070e-02 3.309321403503417969e-02 4.021131992340087891e-02 3.536146879196166992e-02 4.365617036819458008e-02 4.303210973739624023e-02 4.326552152633666992e-02 3.715932369232177734e-02 1.700943708419799805e-02 7.537007331848144531e-03 1.042803525924682617e-01 2.839738130569458008e-02 3.823041915893554688e-02 3.715944290161132812e-02 1.081538200378417969e-02 3.543043136596679688e-02 4.328829050064086914e-02 6.492596864700317383e-02 3.536140918731689453e-02 3.715932369232177734e-02 4.259794950485229492e-02 2.589374780654907227e-02 7.537007331848144531e-03 6.492590904235839844e-02 1.081514358520507812e-02 4.952526092529296875e-02 4.259812831878662109e-02 4.315489530563354492e-02 0.000000000000000000e+00
