0.000000000000000000e+00 4.482901096343994141e-02 8.209645748138427734e-03 6.725436449050903320e-02 1.248770952224731445e-02 5.092853307723999023e-02 5.994623899459838867e-02 4.482924938201904297e-02 6.411486864089965820e-02 6.502449512481689453e-02 6.209909915924072266e-02 6.716543436050415039e-02 6.411510705947875977e-02 2.251249551773071289e-02 1.937383413314819336e-02 1.739567518234252930e-02 2.255958318710327148e-02 6.786847114562988281e-02 2.812558412551879883e-02 6.638073921203613281e-02 1.564478874206542969e-02 6.695687770843505859e-02 1.248759031295776367e-02 5.320072174072265625e-02 5.092847347259521484e-02 6.411492824554443359e-02 5.092847347259521484e-02 5.092841386795043945e-02 8.391350507736206055e-02 2.543443441390991211e-02 1.191992163658142090e-01 6.675863265991210938e-02 3.310412168502807617e-02 1.937383413314819336e-02
4.482901096343994141e-02 0.000000000000000000e+00 5.303865671157836914e-02 2.242535352706909180e-02 5.731672048568725586e-02 6.099522113800048828e-03 1.511722803115844727e-02 2.384185791015625000e-07 1.928585767745971680e-02 2.019548416137695312e-02 1.727008819580078125e-02 2.233642339706420898e-02 1.928609609603881836e-02 2.231651544570922852e-02 2.545517683029174805e-02 6.222468614578247070e-02 6.738859415054321289e-02 2.303946018218994141e-02 1.670342683792114258e-02 2.155172824859619141e-02 2.918422222137451172e-02 2.212786674499511719e-02 5.731660127639770508e-02 8.371710777282714844e-03 6.099462509155273438e-03 1.928591728210449219e-02 6.099462509155273438e-03 6.099402904510498047e-03 1.287425160408020020e-01 1.939457654953002930e-02 7.437020540237426758e-02 2.192962169647216797e-02 1.172488927841186523e-02 2.545517683029174805e-02
8.209645748138427734e-03 5.303865671157836914e-02 0.000000000000000000e+00 7.546401023864746094e-02 4.278063774108886719e-03 5.913817882537841797e-02 6.815588474273681641e-02 5.303889513015747070e-02 7.232451438903808594e-02 7.323414087295532227e-02 7.030874490737915039e-02 7.537508010864257812e-02 7.232475280761718750e-02 3.072214126586914062e-02 2.758347988128662109e-02 9.186029434204101562e-03 1.434993743896484375e-02 7.607811689376831055e-02 3.633522987365722656e-02 7.459038496017456055e-02 2.385443449020385742e-02 7.516652345657348633e-02 4.277944564819335938e-03 6.141036748886108398e-02 5.913811922073364258e-02 7.232457399368286133e-02 5.913811922073364258e-02 5.913805961608886719e-02 7.570385932922363281e-02 3.364408016204833984e-02 1.274088621139526367e-01 7.496827840805053711e-02 4.131376743316650391e-02 2.758347988128662109e-02
6.725436449050903320e-02 2.242535352706909180e-02 7.546401023864746094e-02 0.000000000000000000e+00 7.974207401275634766e-02 1.632583141326904297e-02 7.308125495910644531e-03 2.242511510848999023e-02 3.139495849609375000e-03 2.229869365692138672e-03 5.155265331268310547e-03 8.893013000488281250e-05 3.139257431030273438e-03 4.474186897277832031e-02 4.788053035736083984e-02 8.465003967285156250e-02 8.981394767761230469e-02 6.141066551208496094e-04 3.912878036499023438e-02 8.736252784729003906e-04 5.160957574844360352e-02 2.974867820739746094e-04 7.974195480346679688e-02 1.405364274978637695e-02 1.632589101791381836e-02 3.139436244964599609e-03 1.632589101791381836e-02 1.632595062255859375e-02 1.511678695678710938e-01 4.181993007659912109e-02 5.194485187530517578e-02 4.957318305969238281e-04 3.415024280548095703e-02 4.788053035736083984e-02
1.248770952224731445e-02 5.731672048568725586e-02 4.278063774108886719e-03 7.974207401275634766e-02 0.000000000000000000e+00 6.341624259948730469e-02 7.243394851684570312e-02 5.731695890426635742e-02 7.660257816314697266e-02 7.751220464706420898e-02 7.458680868148803711e-02 7.965314388275146484e-02 7.660281658172607422e-02 3.500020503997802734e-02 3.186154365539550781e-02 4.907965660095214844e-03 1.007187366485595703e-02 8.035618066787719727e-02 4.061329364776611328e-02 7.886844873428344727e-02 2.813249826431274414e-02 7.944458723068237305e-02 1.192092895507812500e-07 6.568843126296997070e-02 6.341618299484252930e-02 7.660263776779174805e-02 6.341618299484252930e-02 6.341612339019775391e-02 7.142579555511474609e-02 3.792214393615722656e-02 1.316869258880615234e-01 7.924634218215942383e-02 4.559183120727539062e-02 3.186154365539550781e-02
5.092853307723999023e-02 6.099522113800048828e-03 5.913817882537841797e-02 1.632583141326904297e-02 6.341624259948730469e-02 0.000000000000000000e+00 9.017705917358398438e-03 6.099283695220947266e-03 1.318633556365966797e-02 1.409596204757690430e-02 1.117056608200073242e-02 1.623690128326416016e-02 1.318657398223876953e-02 2.841603755950927734e-02 3.155469894409179688e-02 6.832420825958251953e-02 7.348811626434326172e-02 1.693993806838989258e-02 2.280294895172119141e-02 1.545220613479614258e-02 3.528374433517456055e-02 1.602834463119506836e-02 6.341612339019775391e-02 2.272188663482666016e-03 5.960464477539062500e-08 1.318639516830444336e-02 5.960464477539062500e-08 1.192092895507812500e-07 1.348420381546020508e-01 2.549409866333007812e-02 6.827068328857421875e-02 1.583009958267211914e-02 1.782441139221191406e-02 3.155469894409179688e-02
5.994623899459838867e-02 1.511722803115844727e-02 6.815588474273681641e-02 7.308125495910644531e-03 7.243394851684570312e-02 9.017705917358398438e-03 0.000000000000000000e+00 1.511698961257934570e-02 4.168629646301269531e-03 5.078256130218505859e-03 2.152860164642333984e-03 7.219195365905761719e-03 4.168868064880371094e-03 3.743374347686767578e-02 4.057240486145019531e-02 7.734191417694091797e-02 8.250582218170166016e-02 7.922232151031494141e-03 3.182065486907958984e-02 6.434500217437744141e-03 4.430145025253295898e-02 7.010638713836669922e-03 7.243382930755615234e-02 6.745517253875732422e-03 9.017765522003173828e-03 4.168689250946044922e-03 9.017765522003173828e-03 9.017825126647949219e-03 1.438597440719604492e-01 3.451180458068847656e-02 5.925297737121582031e-02 6.812393665313720703e-03 2.684211730957031250e-02 4.057240486145019531e-02
4.482924938201904297e-02 2.384185791015625000e-07 5.303889513015747070e-02 2.242511510848999023e-02 5.731695890426635742e-02 6.099283695220947266e-03 1.511698961257934570e-02 0.000000000000000000e+00 1.928561925888061523e-02 2.019524574279785156e-02 1.726984977722167969e-02 2.233618497848510742e-02 1.928585767745971680e-02 2.231675386428833008e-02 2.545541524887084961e-02 6.222492456436157227e-02 6.738883256912231445e-02 2.303922176361083984e-02 1.670366525650024414e-02 2.155148983001708984e-02 2.918446063995361328e-02 2.212762832641601562e-02 5.731683969497680664e-02 8.371472358703613281e-03 6.099224090576171875e-03 1.928567886352539062e-02 6.099224090576171875e-03 6.099164485931396484e-03 1.287427544593811035e-01 1.939481496810913086e-02 7.436996698379516602e-02 2.192938327789306641e-02 1.172512769699096680e-02 2.545541524887084961e-02
6.411486864089965820e-02 1.928585767745971680e-02 7.232451438903808594e-02 3.139495849609375000e-03 7.660257816314697266e-02 1.318633556365966797e-02 4.168629646301269531e-03 1.928561925888061523e-02 0.000000000000000000e+00 9.096264839172363281e-04 2.015769481658935547e-03 3.050565719604492188e-03 2.384185791015625000e-07 4.160237312316894531e-02 4.474103450775146484e-02 8.151054382324218750e-02 8.667445182800292969e-02 3.753602504730224609e-03 3.598928451538085938e-02 2.265870571136474609e-03 4.847007989883422852e-02 2.842009067535400391e-03 7.660245895385742188e-02 1.091414690017700195e-02 1.318639516830444336e-02 5.960464477539062500e-08 1.318639516830444336e-02 1.318645477294921875e-02 1.480283737182617188e-01 3.868043422698974609e-02 5.508434772491455078e-02 2.643764019012451172e-03 3.101074695587158203e-02 4.474103450775146484e-02
6.502449512481689453e-02 2.019548416137695312e-02 7.323414087295532227e-02 2.229869365692138672e-03 7.751220464706420898e-02 1.409596204757690430e-02 5.078256130218505859e-03 2.019524574279785156e-02 9.096264839172363281e-04 0.000000000000000000e+00 2.925395965576171875e-03 2.140939235687255859e-03 9.093880653381347656e-04 4.251199960708618164e-02 4.565066099166870117e-02 8.242017030715942383e-02 8.758407831192016602e-02 2.843976020812988281e-03 3.689891099929809570e-02 1.356244087219238281e-03 4.937970638275146484e-02 1.932382583618164062e-03 7.751208543777465820e-02 1.182377338409423828e-02 1.409602165222167969e-02 9.095668792724609375e-04 1.409602165222167969e-02 1.409608125686645508e-02 1.489380002021789551e-01 3.959006071090698242e-02 5.417472124099731445e-02 1.734137535095214844e-03 3.192037343978881836e-02 4.565066099166870117e-02
6.209909915924072266e-02 1.727008819580078125e-02 7.030874490737915039e-02 5.155265331268310547e-03 7.458680868148803711e-02 1.117056608200073242e-02 2.152860164642333984e-03 1.726984977722167969e-02 2.015769481658935547e-03 2.925395965576171875e-03 0.000000000000000000e+00 5.066335201263427734e-03 2.016007900238037109e-03 3.958660364151000977e-02 4.272526502609252930e-02 7.949477434158325195e-02 8.465868234634399414e-02 5.769371986389160156e-03 3.397351503372192383e-02 4.281640052795410156e-03 4.645431041717529297e-02 4.857778549194335938e-03 7.458668947219848633e-02 8.898377418518066406e-03 1.117062568664550781e-02 2.015829086303710938e-03 1.117062568664550781e-02 1.117068529129028320e-02 1.460126042366027832e-01 3.666466474533081055e-02 5.710011720657348633e-02 4.659533500671386719e-03 2.899497747421264648e-02 4.272526502609252930e-02
6.716543436050415039e-02 2.233642339706420898e-02 7.537508010864257812e-02 8.893013000488281250e-05 7.965314388275146484e-02 1.623690128326416016e-02 7.219195365905761719e-03 2.233618497848510742e-02 3.050565719604492188e-03 2.140939235687255859e-03 5.066335201263427734e-03 0.000000000000000000e+00 3.050327301025390625e-03 4.465293884277343750e-02 4.779160022735595703e-02 8.456110954284667969e-02 8.972501754760742188e-02 7.030367851257324219e-04 3.903985023498535156e-02 7.846951484680175781e-04 5.152064561843872070e-02 2.085566520690917969e-04 7.965302467346191406e-02 1.396471261978149414e-02 1.623696088790893555e-02 3.050506114959716797e-03 1.623696088790893555e-02 1.623702049255371094e-02 1.510789394378662109e-01 4.173099994659423828e-02 5.203378200531005859e-02 4.068017005920410156e-04 3.406131267547607422e-02 4.779160022735595703e-02
6.411510705947875977e-02 1.928609609603881836e-02 7.232475280761718750e-02 3.139257431030273438e-03 7.660281658172607422e-02 1.318657398223876953e-02 4.168868064880371094e-03 1.928585767745971680e-02 2.384185791015625000e-07 9.093880653381347656e-04 2.016007900238037109e-03 3.050327301025390625e-03 0.000000000000000000e+00 4.160261154174804688e-02 4.474127292633056641e-02 8.151078224182128906e-02 8.667469024658203125e-02 3.753364086151123047e-03 3.598952293395996094e-02 2.265632152557373047e-03 4.847031831741333008e-02 2.841770648956298828e-03 7.660269737243652344e-02 1.091438531875610352e-02 1.318663358688354492e-02 1.788139343261718750e-07 1.318663358688354492e-02 1.318669319152832031e-02 1.480286121368408203e-01 3.868067264556884766e-02 5.508410930633544922e-02 2.643525600433349609e-03 3.101098537445068359e-02 4.474127292633056641e-02
2.251249551773071289e-02 2.231651544570922852e-02 3.072214126586914062e-02 4.474186897277832031e-02 3.500020503997802734e-02 2.841603755950927734e-02 3.743374347686767578e-02 2.231675386428833008e-02 4.160237312316894531e-02 4.251199960708618164e-02 3.958660364151000977e-02 4.465293884277343750e-02 4.160261154174804688e-02 0.000000000000000000e+00 3.138661384582519531e-03 3.990817070007324219e-02 4.507207870483398438e-02 4.535597562789916992e-02 5.613088607788085938e-03 4.386824369430541992e-02 6.867706775665283203e-03 4.444438219070434570e-02 3.500008583068847656e-02 3.068822622299194336e-02 2.841597795486450195e-02 4.160243272781372070e-02 2.841597795486450195e-02 2.841591835021972656e-02 1.064260005950927734e-01 2.921938896179199219e-03 9.668672084808349609e-02 4.424613714218139648e-02 1.059162616729736328e-02 3.138661384582519531e-03
1.937383413314819336e-02 2.545517683029174805e-02 2.758347988128662109e-02 4.788053035736083984e-02 3.186154365539550781e-02 3.155469894409179688e-02 4.057240486145019531e-02 2.545541524887084961e-02 4.474103450775146484e-02 4.565066099166870117e-02 4.272526502609252930e-02 4.779160022735595703e-02 4.474127292633056641e-02 3.138661384582519531e-03 0.000000000000000000e+00 3.676950931549072266e-02 4.193341732025146484e-02 4.849463701248168945e-02 8.751749992370605469e-03 4.700690507888793945e-02 3.729045391082763672e-03 4.758304357528686523e-02 3.186142444610595703e-02 3.382688760757446289e-02 3.155463933944702148e-02 4.474109411239624023e-02 3.155463933944702148e-02 3.155457973480224609e-02 1.032873392105102539e-01 6.060600280761718750e-03 9.982538223266601562e-02 4.738479852676391602e-02 1.373028755187988281e-02 0.000000000000000000e+00
1.739567518234252930e-02 6.222468614578247070e-02 9.186029434204101562e-03 8.465003967285156250e-02 4.907965660095214844e-03 6.832420825958251953e-02 7.734191417694091797e-02 6.222492456436157227e-02 8.151054382324218750e-02 8.242017030715942383e-02 7.949477434158325195e-02 8.456110954284667969e-02 8.151078224182128906e-02 3.990817070007324219e-02 3.676950931549072266e-02 0.000000000000000000e+00 5.163908004760742188e-03 8.526414632797241211e-02 4.552125930786132812e-02 8.377641439437866211e-02 3.304046392440795898e-02 8.435255289077758789e-02 4.908084869384765625e-03 7.059639692306518555e-02 6.832414865493774414e-02 8.151060342788696289e-02 6.832414865493774414e-02 6.832408905029296875e-02 6.651782989501953125e-02 4.283010959625244141e-02 1.365948915481567383e-01 8.415430784225463867e-02 5.049979686737060547e-02 3.676950931549072266e-02
2.255958318710327148e-02 6.738859415054321289e-02 1.434993743896484375e-02 8.981394767761230469e-02 1.007187366485595703e-02 7.348811626434326172e-02 8.250582218170166016e-02 6.738883256912231445e-02 8.667445182800292969e-02 8.758407831192016602e-02 8.465868234634399414e-02 8.972501754760742188e-02 8.667469024658203125e-02 4.507207870483398438e-02 4.193341732025146484e-02 5.163908004760742188e-03 0.000000000000000000e+00 9.042805433273315430e-02 5.068516731262207031e-02 8.894032239913940430e-02 3.820437192916870117e-02 8.951646089553833008e-02 1.007199287414550781e-02 7.576030492782592773e-02 7.348805665969848633e-02 8.667451143264770508e-02 7.348805665969848633e-02 7.348799705505371094e-02 6.135392189025878906e-02 4.799401760101318359e-02 1.417587995529174805e-01 8.931821584701538086e-02 5.566370487213134766e-02 4.193341732025146484e-02
6.786847114562988281e-02 2.303946018218994141e-02 7.607811689376831055e-02 6.141066551208496094e-04 8.035618066787719727e-02 1.693993806838989258e-02 7.922232151031494141e-03 2.303922176361083984e-02 3.753602504730224609e-03 2.843976020812988281e-03 5.769371986389160156e-03 7.030367851257324219e-04 3.753364086151123047e-03 4.535597562789916992e-02 4.849463701248168945e-02 8.526414632797241211e-02 9.042805433273315430e-02 0.000000000000000000e+00 3.974288702011108398e-02 1.487731933593750000e-03 5.222368240356445312e-02 9.115934371948242188e-04 8.035606145858764648e-02 1.466774940490722656e-02 1.693999767303466797e-02 3.753542900085449219e-03 1.693999767303466797e-02 1.694005727767944336e-02 1.517819762229919434e-01 4.243403673171997070e-02 5.133074522018432617e-02 1.109838485717773438e-03 3.476434946060180664e-02 4.849463701248168945e-02
2.812558412551879883e-02 1.670342683792114258e-02 3.633522987365722656e-02 3.912878036499023438e-02 4.061329364776611328e-02 2.280294895172119141e-02 3.182065486907958984e-02 1.670366525650024414e-02 3.598928451538085938e-02 3.689891099929809570e-02 3.397351503372192383e-02 3.903985023498535156e-02 3.598952293395996094e-02 5.613088607788085938e-03 8.751749992370605469e-03 4.552125930786132812e-02 5.068516731262207031e-02 3.974288702011108398e-02 0.000000000000000000e+00 3.825515508651733398e-02 1.248079538345336914e-02 3.883129358291625977e-02 4.061317443847656250e-02 2.507513761520385742e-02 2.280288934707641602e-02 3.598934412002563477e-02 2.280288934707641602e-02 2.280282974243164062e-02 1.120390892028808594e-01 2.691149711608886719e-03 9.107363224029541016e-02 3.863304853439331055e-02 4.978537559509277344e-03 8.751749992370605469e-03
6.638073921203613281e-02 2.155172824859619141e-02 7.459038496017456055e-02 8.736252784729003906e-04 7.886844873428344727e-02 1.545220613479614258e-02 6.434500217437744141e-03 2.155148983001708984e-02 2.265870571136474609e-03 1.356244087219238281e-03 4.281640052795410156e-03 7.846951484680175781e-04 2.265632152557373047e-03 4.386824369430541992e-02 4.700690507888793945e-02 8.377641439437866211e-02 8.894032239913940430e-02 1.487731933593750000e-03 3.825515508651733398e-02 0.000000000000000000e+00 5.073595046997070312e-02 5.761384963989257812e-04 7.886832952499389648e-02 1.318001747131347656e-02 1.545226573944091797e-02 2.265810966491699219e-03 1.545226573944091797e-02 1.545232534408569336e-02 1.502942442893981934e-01 4.094630479812622070e-02 5.281847715377807617e-02 3.778934478759765625e-04 3.327661752700805664e-02 4.700690507888793945e-02
1.564478874206542969e-02 2.918422222137451172e-02 2.385443449020385742e-02 5.160957574844360352e-02 2.813249826431274414e-02 3.528374433517456055e-02 4.430145025253295898e-02 2.918446063995361328e-02 4.847007989883422852e-02 4.937970638275146484e-02 4.645431041717529297e-02 5.152064561843872070e-02 4.847031831741333008e-02 6.867706775665283203e-03 3.729045391082763672e-03 3.304046392440795898e-02 3.820437192916870117e-02 5.222368240356445312e-02 1.248079538345336914e-02 5.073595046997070312e-02 0.000000000000000000e+00 5.131208896636962891e-02 2.813237905502319336e-02 3.755593299865722656e-02 3.528368473052978516e-02 4.847013950347900391e-02 3.528368473052978516e-02 3.528362512588500977e-02 9.955829381942749023e-02 9.789645671844482422e-03 1.035544276237487793e-01 5.111384391784667969e-02 1.745933294296264648e-02 3.729045391082763672e-03
6.695687770843505859e-02 2.212786674499511719e-02 7.516652345657348633e-02 2.974867820739746094e-04 7.944458723068237305e-02 1.602834463119506836e-02 7.010638713836669922e-03 2.212762832641601562e-02 2.842009067535400391e-03 1.932382583618164062e-03 4.857778549194335938e-03 2.085566520690917969e-04 2.841770648956298828e-03 4.444438219070434570e-02 4.758304357528686523e-02 8.435255289077758789e-02 8.951646089553833008e-02 9.115934371948242188e-04 3.883129358291625977e-02 5.761384963989257812e-04 5.131208896636962891e-02 0.000000000000000000e+00 7.944446802139282227e-02 1.375615596771240234e-02 1.602840423583984375e-02 2.841949462890625000e-03 1.602840423583984375e-02 1.602846384048461914e-02 1.508703827857971191e-01 4.152244329452514648e-02 5.224233865737915039e-02 1.982450485229492188e-04 3.385275602340698242e-02 4.758304357528686523e-02
1.248759031295776367e-02 5.731660127639770508e-02 4.277944564819335938e-03 7.974195480346679688e-02 1.192092895507812500e-07 6.341612339019775391e-02 7.243382930755615234e-02 5.731683969497680664e-02 7.660245895385742188e-02 7.751208543777465820e-02 7.458668947219848633e-02 7.965302467346191406e-02 7.660269737243652344e-02 3.500008583068847656e-02 3.186142444610595703e-02 4.908084869384765625e-03 1.007199287414550781e-02 8.035606145858764648e-02 4.061317443847656250e-02 7.886832952499389648e-02 2.813237905502319336e-02 7.944446802139282227e-02 0.000000000000000000e+00 6.568831205368041992e-02 6.341606378555297852e-02 7.660251855850219727e-02 6.341606378555297852e-02 6.341600418090820312e-02 7.142591476440429688e-02 3.792202472686767578e-02 1.316868066787719727e-01 7.924622297286987305e-02 4.559171199798583984e-02 3.186142444610595703e-02
5.320072174072265625e-02 8.371710777282714844e-03 6.141036748886108398e-02 1.405364274978637695e-02 6.568843126296997070e-02 2.272188663482666016e-03 6.745517253875732422e-03 8.371472358703613281e-03 1.091414690017700195e-02 1.182377338409423828e-02 8.898377418518066406e-03 1.396471261978149414e-02 1.091438531875610352e-02 3.068822622299194336e-02 3.382688760757446289e-02 7.059639692306518555e-02 7.576030492782592773e-02 1.466774940490722656e-02 2.507513761520385742e-02 1.318001747131347656e-02 3.755593299865722656e-02 1.375615596771240234e-02 6.568831205368041992e-02 0.000000000000000000e+00 2.272248268127441406e-03 1.091420650482177734e-02 2.272248268127441406e-03 2.272307872772216797e-03 1.371142268180847168e-01 2.776628732681274414e-02 6.599849462509155273e-02 1.355791091918945312e-02 2.009660005569458008e-02 3.382688760757446289e-02
5.092847347259521484e-02 6.099462509155273438e-03 5.913811922073364258e-02 1.632589101791381836e-02 6.341618299484252930e-02 5.960464477539062500e-08 9.017765522003173828e-03 6.099224090576171875e-03 1.318639516830444336e-02 1.409602165222167969e-02 1.117062568664550781e-02 1.623696088790893555e-02 1.318663358688354492e-02 2.841597795486450195e-02 3.155463933944702148e-02 6.832414865493774414e-02 7.348805665969848633e-02 1.693999767303466797e-02 2.280288934707641602e-02 1.545226573944091797e-02 3.528368473052978516e-02 1.602840423583984375e-02 6.341606378555297852e-02 2.272248268127441406e-03 0.000000000000000000e+00 1.318645477294921875e-02 0.000000000000000000e+00 5.960464477539062500e-08 1.348419785499572754e-01 2.549403905868530273e-02 6.827074289321899414e-02 1.583015918731689453e-02 1.782435178756713867e-02 3.155463933944702148e-02
6.411492824554443359e-02 1.928591728210449219e-02 7.232457399368286133e-02 3.139436244964599609e-03 7.660263776779174805e-02 1.318639516830444336e-02 4.168689250946044922e-03 1.928567886352539062e-02 5.960464477539062500e-08 9.095668792724609375e-04 2.015829086303710938e-03 3.050506114959716797e-03 1.788139343261718750e-07 4.160243272781372070e-02 4.474109411239624023e-02 8.151060342788696289e-02 8.667451143264770508e-02 3.753542900085449219e-03 3.598934412002563477e-02 2.265810966491699219e-03 4.847013950347900391e-02 2.841949462890625000e-03 7.660251855850219727e-02 1.091420650482177734e-02 1.318645477294921875e-02 0.000000000000000000e+00 1.318645477294921875e-02 1.318651437759399414e-02 1.480284333229064941e-01 3.868049383163452148e-02 5.508428812026977539e-02 2.643704414367675781e-03 3.101080656051635742e-02 4.474109411239624023e-02
5.092847347259521484e-02 6.099462509155273438e-03 5.913811922073364258e-02 1.632589101791381836e-02 6.341618299484252930e-02 5.960464477539062500e-08 9.017765522003173828e-03 6.099224090576171875e-03 1.318639516830444336e-02 1.409602165222167969e-02 1.117062568664550781e-02 1.623696088790893555e-02 1.318663358688354492e-02 2.841597795486450195e-02 3.155463933944702148e-02 6.832414865493774414e-02 7.348805665969848633e-02 1.693999767303466797e-02 2.280288934707641602e-02 1.545226573944091797e-02 3.528368473052978516e-02 1.602840423583984375e-02 6.341606378555297852e-02 2.272248268127441406e-03 0.000000000000000000e+00 1.318645477294921875e-02 0.000000000000000000e+00 5.960464477539062500e-08 1.348419785499572754e-01 2.549403905868530273e-02 6.827074289321899414e-02 1.583015918731689453e-02 1.782435178756713867e-02 3.155463933944702148e-02
5.092841386795043945e-02 6.099402904510498047e-03 5.913805961608886719e-02 1.632595062255859375e-02 6.341612339019775391e-02 1.192092895507812500e-07 9.017825126647949219e-03 6.099164485931396484e-03 1.318645477294921875e-02 1.409608125686645508e-02 1.117068529129028320e-02 1.623702049255371094e-02 1.318669319152832031e-02 2.841591835021972656e-02 3.155457973480224609e-02 6.832408905029296875e-02 7.348799705505371094e-02 1.694005727767944336e-02 2.280282974243164062e-02 1.545232534408569336e-02 3.528362512588500977e-02 1.602846384048461914e-02 6.341600418090820312e-02 2.272307872772216797e-03 5.960464477539062500e-08 1.318651437759399414e-02 5.960464477539062500e-08 0.000000000000000000e+00 1.348419189453125000e-01 2.549397945404052734e-02 6.827080249786376953e-02 1.583021879196166992e-02 1.782429218292236328e-02 3.155457973480224609e-02
8.391350507736206055e-02 1.287425160408020020e-01 7.570385932922363281e-02 1.511678695678710938e-01 7.142579555511474609e-02 1.348420381546020508e-01 1.438597440719604492e-01 1.287427544593811035e-01 1.480283737182617188e-01 1.489380002021789551e-01 1.460126042366027832e-01 1.510789394378662109e-01 1.480286121368408203e-01 1.064260005950927734e-01 1.032873392105102539e-01 6.651782989501953125e-02 6.135392189025878906e-02 1.517819762229919434e-01 1.120390892028808594e-01 1.502942442893981934e-01 9.955829381942749023e-02 1.508703827857971191e-01 7.142591476440429688e-02 1.371142268180847168e-01 1.348419785499572754e-01 1.480284333229064941e-01 1.348419785499572754e-01 1.348419189453125000e-01 0.000000000000000000e+00 1.093479394912719727e-01 2.031127214431762695e-01 1.506721377372741699e-01 1.170176267623901367e-01 1.032873392105102539e-01
2.543443441390991211e-02 1.939457654953002930e-02 3.364408016204833984e-02 4.181993007659912109e-02 3.792214393615722656e-02 2.549409866333007812e-02 3.451180458068847656e-02 1.939481496810913086e-02 3.868043422698974609e-02 3.959006071090698242e-02 3.666466474533081055e-02 4.173099994659423828e-02 3.868067264556884766e-02 2.921938896179199219e-03 6.060600280761718750e-03 4.283010959625244141e-02 4.799401760101318359e-02 4.243403673171997070e-02 2.691149711608886719e-03 4.094630479812622070e-02 9.789645671844482422e-03 4.152244329452514648e-02 3.792202472686767578e-02 2.776628732681274414e-02 2.549403905868530273e-02 3.868049383163452148e-02 2.549403905868530273e-02 2.549397945404052734e-02 1.093479394912719727e-01 0.000000000000000000e+00 9.376478195190429688e-02 4.132419824600219727e-02 7.669687271118164062e-03 6.060600280761718750e-03
1.191992163658142090e-01 7.437020540237426758e-02 1.274088621139526367e-01 5.194485187530517578e-02 1.316869258880615234e-01 6.827068328857421875e-02 5.925297737121582031e-02 7.436996698379516602e-02 5.508434772491455078e-02 5.417472124099731445e-02 5.710011720657348633e-02 5.203378200531005859e-02 5.508410930633544922e-02 9.668672084808349609e-02 9.982538223266601562e-02 1.365948915481567383e-01 1.417587995529174805e-01 5.133074522018432617e-02 9.107363224029541016e-02 5.281847715377807617e-02 1.035544276237487793e-01 5.224233865737915039e-02 1.316868066787719727e-01 6.599849462509155273e-02 6.827074289321899414e-02 5.508428812026977539e-02 6.827074289321899414e-02 6.827080249786376953e-02 2.031127214431762695e-01 9.376478195190429688e-02 0.000000000000000000e+00 5.244058370590209961e-02 8.609509468078613281e-02 9.982538223266601562e-02
6.675863265991210938e-02 2.192962169647216797e-02 7.496827840805053711e-02 4.957318305969238281e-04 7.924634218215942383e-02 1.583009958267211914e-02 6.812393665313720703e-03 2.192938327789306641e-02 2.643764019012451172e-03 1.734137535095214844e-03 4.659533500671386719e-03 4.068017005920410156e-04 2.643525600433349609e-03 4.424613714218139648e-02 4.738479852676391602e-02 8.415430784225463867e-02 8.931821584701538086e-02 1.109838485717773438e-03 3.863304853439331055e-02 3.778934478759765625e-04 5.111384391784667969e-02 1.982450485229492188e-04 7.924622297286987305e-02 1.355791091918945312e-02 1.583015918731689453e-02 2.643704414367675781e-03 1.583015918731689453e-02 1.583021879196166992e-02 1.506721377372741699e-01 4.132419824600219727e-02 5.244058370590209961e-02 0.000000000000000000e+00 3.365451097488403320e-02 4.738479852676391602e-02
3.310412168502807617e-02 1.172488927841186523e-02 4.131376743316650391e-02 3.415024280548095703e-02 4.559183120727539062e-02 1.782441139221191406e-02 2.684211730957031250e-02 1.172512769699096680e-02 3.101074695587158203e-02 3.192037343978881836e-02 2.899497747421264648e-02 3.406131267547607422e-02 3.101098537445068359e-02 1.059162616729736328e-02 1.373028755187988281e-02 5.049979686737060547e-02 5.566370487213134766e-02 3.476434946060180664e-02 4.978537559509277344e-03 3.327661752700805664e-02 1.745933294296264648e-02 3.385275602340698242e-02 4.559171199798583984e-02 2.009660005569458008e-02 1.782435178756713867e-02 3.101080656051635742e-02 1.782435178756713867e-02 1.782429218292236328e-02 1.170176267623901367e-01 7.669687271118164062e-03 8.609509468078613281e-02 3.365451097488403320e-02 0.000000000000000000e+00 1.373028755187988281e-02
1.937383413314819336e-02 2.545517683029174805e-02 2.758347988128662109e-02 4.788053035736083984e-02 3.186154365539550781e-02 3.155469894409179688e-02 4.057240486145019531e-02 2.545541524887084961e-02 4.474103450775146484e-02 4.565066099166870117e-02 4.272526502609252930e-02 4.779160022735595703e-02 4.474127292633056641e-02 3.138661384582519531e-03 0.000000000000000000e+00 3.676950931549072266e-02 4.193341732025146484e-02 4.849463701248168945e-02 8.751749992370605469e-03 4.700690507888793945e-02 3.729045391082763672e-03 4.758304357528686523e-02 3.186142444610595703e-02 3.382688760757446289e-02 3.155463933944702148e-02 4.474109411239624023e-02 3.155463933944702148e-02 3.155457973480224609e-02 1.032873392105102539e-01 6.060600280761718750e-03 9.982538223266601562e-02 4.738479852676391602e-02 1.373028755187988281e-02 0.000000000000000000e+00
