0.000000000000000000e+00 8.460365980863571167e-02 5.348880216479301453e-02 1.917922943830490112e-01 9.564664959907531738e-02 1.155144814401865005e-02 8.584509789943695068e-02 1.753770629875361919e-03 1.273519545793533325e-01 1.377173662185668945e-01 1.988890953361988068e-02 1.642462611198425293e-01 5.270944908261299133e-02 1.642857119441032410e-02 2.283261716365814209e-02 3.603931516408920288e-02 5.831419024616479874e-03 1.936278771609067917e-03 5.583379790186882019e-02 2.554036080837249756e-01 1.091192513704299927e-01 1.003286316990852356e-01 4.588775336742401123e-03 8.605228364467620850e-02 1.505450811237096786e-02 9.651319682598114014e-02 4.020467773079872131e-02 1.432014405727386475e-01 3.639749437570571899e-02 4.593899473547935486e-02 1.842905767261981964e-02 1.795906573534011841e-01 8.130699396133422852e-02 4.320053756237030029e-02
8.460365980863571167e-02 0.000000000000000000e+00 3.125630319118499756e-02 1.089566051959991455e-01 1.788034141063690186e-01 7.312367111444473267e-02 1.250521047040820122e-03 8.634461462497711182e-02 4.321389645338058472e-02 5.373985692858695984e-02 6.482382863759994507e-02 8.076490461826324463e-02 3.203707560896873474e-02 6.826997548341751099e-02 1.072291359305381775e-01 4.871287196874618530e-02 7.881112396717071533e-02 8.268092572689056396e-02 2.890640869736671448e-02 1.745721250772476196e-01 2.474402822554111481e-02 1.585958898067474365e-02 8.004596084356307983e-02 1.459245337173342705e-03 9.953139722347259521e-02 1.200758386403322220e-02 4.455051571130752563e-02 5.931642651557922363e-02 1.206296905875205994e-01 3.881552442908287048e-02 6.627793610095977783e-02 2.602402269840240479e-01 3.319502109661698341e-03 1.273387819528579712e-01
5.348880216479301453e-02 3.125630319118499756e-02 0.000000000000000000e+00 1.397370249032974243e-01 1.483763456344604492e-01 4.196328297257423401e-02 3.250555321574211121e-02 5.523739010095596313e-02 7.436975091695785522e-02 8.485362678766250610e-02 3.363567590713500977e-02 1.117391288280487061e-01 7.815553108230233192e-04 3.709282726049423218e-02 7.622832059860229492e-02 1.748318970203399658e-02 4.767225310206413269e-02 5.155786499381065369e-02 2.352018840610980988e-03 2.047114223241806030e-01 5.595705285668373108e-02 4.709254577755928040e-02 4.891203343868255615e-02 3.271405398845672607e-02 6.848815828561782837e-02 4.324765503406524658e-02 1.331275328993797302e-02 9.040511399507522583e-02 8.971164375543594360e-02 7.568406872451305389e-03 3.509433940052986145e-02 2.308617830276489258e-01 2.793969772756099701e-02 9.646642953157424927e-02
1.917922943830490112e-01 1.089566051959991455e-01 1.397370249032974243e-01 0.000000000000000000e+00 2.822610735893249512e-01 1.806410551071166992e-01 1.077207550406455994e-01 1.934809833765029907e-01 6.605371087789535522e-02 5.554196238517761230e-02 1.725616306066513062e-01 2.844198420643806458e-02 1.405032277107238770e-01 1.759180128574371338e-01 2.136891484260559082e-01 1.568370461463928223e-01 1.861690878868103027e-01 1.899265497922897339e-01 1.374301612377166748e-01 6.688778102397918701e-02 8.444023132324218750e-02 9.325816482305526733e-02 1.873684227466583252e-01 1.075144484639167786e-01 2.062512785196304321e-01 9.707602113485336304e-02 1.527655869722366333e-01 4.996308311820030212e-02 2.266078889369964600e-01 1.471498012542724609e-01 1.739781796932220459e-01 3.590169250965118408e-01 1.122355088591575623e-01 2.330617904663085938e-01
9.564664959907531738e-02 1.788034141063690186e-01 1.483763456344604492e-01 2.822610735893249512e-01 0.000000000000000000e+00 1.070797890424728394e-01 1.800136864185333252e-01 9.390863031148910522e-02 2.203149944543838501e-01 2.303300648927688599e-01 1.153161898255348206e-01 2.558732330799102783e-01 1.476119160652160645e-01 1.118993908166885376e-01 7.297339290380477905e-02 1.312336027622222900e-01 1.014214977622032166e-01 9.756486117839813232e-02 1.506757885217666626e-01 3.426791131496429443e-01 2.026508599519729614e-01 1.941125541925430298e-01 1.001914516091346741e-01 1.802156418561935425e-01 8.070835471153259277e-02 1.904022097587585449e-01 1.353309154510498047e-01 2.356208562850952148e-01 5.945613607764244080e-02 1.409662514925003052e-01 1.138749793171882629e-01 8.541113883256912231e-02 1.755881309509277344e-01 5.266371369361877441e-02
1.155144814401865005e-02 7.312367111444473267e-02 4.196328297257423401e-02 1.806410551071166992e-01 1.070797890424728394e-01 0.000000000000000000e+00 7.436739653348922729e-02 1.330494973808526993e-02 1.159711107611656189e-01 1.263669431209564209e-01 8.339376188814640045e-03 1.529850810766220093e-01 4.118307679891586304e-02 4.878048785030841827e-03 3.437500074505805969e-02 2.449806593358516693e-02 5.720414686948060989e-03 9.615384973585605621e-03 4.431092739105224609e-02 2.445737272500991821e-01 9.769093990325927734e-02 8.888018876314163208e-02 6.963042542338371277e-03 7.457496225833892822e-02 2.660132944583892822e-02 8.505657315254211426e-02 2.866654284298419952e-02 1.318681389093399048e-01 4.792879149317741394e-02 3.440580144524574280e-02 6.879073102027177811e-03 1.907463967800140381e-01 6.982111930847167969e-02 5.472467839717864990e-02
8.584509789943695068e-02 1.250521047040820122e-03 3.250555321574211121e-02 1.077207550406455994e-01 1.800136864185333252e-01 7.436739653348922729e-02 0.000000000000000000e+00 8.758568018674850464e-02 4.196564480662345886e-02 5.249286070466041565e-02 6.606899201869964600e-02 7.952241599559783936e-02 3.328626230359077454e-02 6.951456516981124878e-02 1.084651127457618713e-01 4.996034875512123108e-02 8.005375415086746216e-02 8.392276614904403687e-02 3.015583939850330353e-02 1.733594536781311035e-01 2.349423244595527649e-02 1.460935827344655991e-02 8.128834515810012817e-02 2.087246975861489773e-04 1.007693782448768616e-01 1.075722463428974152e-02 4.579848796129226685e-02 5.807021260261535645e-02 1.218618303537368774e-01 4.006410390138626099e-02 6.752286106348037720e-02 2.614056766033172607e-01 4.570004064589738846e-03 1.285688281059265137e-01
1.753770629875361919e-03 8.634461462497711182e-02 5.523739010095596313e-02 1.934809833765029907e-01 9.390863031148910522e-02 1.330494973808526993e-02 8.758568018674850464e-02 0.000000000000000000e+00 1.290768980979919434e-01 1.394374668598175049e-01 2.164192497730255127e-02 1.659522354602813721e-01 5.445818603038787842e-02 1.818181760609149933e-02 2.107969112694263458e-02 3.779069706797599792e-02 7.585112005472183228e-03 3.690036945044994354e-03 5.758192762732505798e-02 2.570422589778900146e-01 1.108518093824386597e-01 1.020644381642341614e-01 6.342494860291481018e-03 8.779279887676239014e-02 1.330108847469091415e-02 9.825033694505691528e-02 4.195548966526985168e-02 1.449188143014907837e-01 3.464593365788459778e-02 4.768892005085945129e-02 2.018217556178569794e-02 1.778929233551025391e-01 8.304891735315322876e-02 4.144990816712379456e-02
1.273519545793533325e-01 4.321389645338058472e-02 7.436975091695785522e-02 6.605371087789535522e-02 2.203149944543838501e-01 1.159711107611656189e-01 4.196564480662345886e-02 1.290768980979919434e-01 0.000000000000000000e+00 1.055045891553163528e-02 1.077359244227409363e-01 3.768252581357955933e-02 7.514693588018417358e-02 1.111559420824050903e-01 1.497491300106048584e-01 9.173366427421569824e-02 1.216108426451683044e-01 1.254466027021408081e-01 7.203032821416854858e-02 1.323567181825637817e-01 1.848964206874370575e-02 2.737306803464889526e-02 1.228349581360816956e-01 4.175728559494018555e-02 1.421339511871337891e-01 3.122251480817794800e-02 8.759577572345733643e-02 1.614391058683395386e-02 1.629939228296279907e-01 8.189205825328826904e-02 1.091791316866874695e-01 3.000794351100921631e-01 4.652672633528709412e-02 1.696192920207977295e-01
1.377173662185668945e-01 5.373985692858695984e-02 8.485362678766250610e-02 5.554196238517761230e-02 2.303300648927688599e-01 1.263669431209564209e-01 5.249286070466041565e-02 1.394374668598175049e-01 1.055045891553163528e-02 0.000000000000000000e+00 1.181520819664001465e-01 2.714285627007484436e-02 8.562950044870376587e-02 1.215638369321823120e-01 1.600467264652252197e-01 1.021852269768714905e-01 1.319919526576995850e-01 1.358173042535781860e-01 8.251807838678359985e-02 1.219765916466712952e-01 2.903443574905395508e-02 3.791257739067077637e-02 1.332127749919891357e-01 5.228471010923385620e-02 1.524557918310165405e-01 4.175921902060508728e-02 9.805561602115631104e-02 5.594405811280012131e-03 1.732464581727981567e-01 9.236271679401397705e-02 1.195918396115303040e-01 3.096495568752288818e-01 5.704918131232261658e-02 1.798479110002517700e-01
1.988890953361988068e-02 6.482382863759994507e-02 3.363567590713500977e-02 1.725616306066513062e-01 1.153161898255348206e-01 8.339376188814640045e-03 6.606899201869964600e-02 2.164192497730255127e-02 1.077359244227409363e-01 1.181520819664001465e-01 0.000000000000000000e+00 1.448304802179336548e-01 3.285498544573783875e-02 3.461468499153852463e-03 4.270213469862937927e-02 1.616199128329753876e-02 1.405912078917026520e-02 1.795332133769989014e-02 3.598484769463539124e-02 2.367171645164489746e-01 8.942441642284393311e-02 8.060055226087570190e-02 1.530153024941682816e-02 6.627680361270904541e-02 3.493295609951019287e-02 7.677165418863296509e-02 2.033202722668647766e-02 1.236647516489028931e-01 5.624568834900856018e-02 2.607390657067298889e-02 1.460387022234499454e-03 1.987695842981338501e-01 6.151756271719932556e-02 6.303528696298599243e-02
1.642462611198425293e-01 8.076490461826324463e-02 1.117391288280487061e-01 2.844198420643806458e-02 2.558732330799102783e-01 1.529850810766220093e-01 7.952241599559783936e-02 1.659522354602813721e-01 3.768252581357955933e-02 2.714285627007484436e-02 1.448304802179336548e-01 0.000000000000000000e+00 1.125108599662780762e-01 1.482176333665847778e-01 1.863799244165420532e-01 1.289703696966171265e-01 1.585667282342910767e-01 1.623616218566894531e-01 1.094158664345741272e-01 9.514875710010528564e-02 5.613305792212486267e-02 6.498856097459793091e-02 1.597779095172882080e-01 7.931500673294067383e-02 1.788585186004638672e-01 6.882406771183013916e-02 1.248661354184150696e-01 2.155172452330589294e-02 1.994514167308807373e-01 1.192067265510559082e-01 1.462599188089370728e-01 3.339853286743164062e-01 8.406186848878860474e-02 2.059852331876754761e-01
5.270944908261299133e-02 3.203707560896873474e-02 7.815553108230233192e-04 1.405032277107238770e-01 1.476119160652160645e-01 4.118307679891586304e-02 3.328626230359077454e-02 5.445818603038787842e-02 7.514693588018417358e-02 8.562950044870376587e-02 3.285498544573783875e-02 1.125108599662780762e-01 0.000000000000000000e+00 3.631232306361198425e-02 7.545126229524612427e-02 1.670186221599578857e-02 4.689244553446769714e-02 5.077835544943809509e-02 3.133568447083234787e-03 2.054601013660430908e-01 5.673612654209136963e-02 4.787234216928482056e-02 4.813231900334358215e-02 3.349475562572479248e-02 6.771022826433181763e-02 4.402771964669227600e-02 1.253132801502943039e-02 9.118022769689559937e-02 8.893632143735885620e-02 6.786891724914312363e-03 3.431372717022895813e-02 2.301217466592788696e-01 2.872062660753726959e-02 9.569209069013595581e-02
1.642857119441032410e-02 6.826997548341751099e-02 3.709282726049423218e-02 1.759180128574371338e-01 1.118993908166885376e-01 4.878048785030841827e-03 6.951456516981124878e-02 1.818181760609149933e-02 1.111559420824050903e-01 1.215638369321823120e-01 3.461468499153852463e-03 1.482176333665847778e-01 3.631232306361198425e-02 0.000000000000000000e+00 3.924646601080894470e-02 1.962236128747463226e-02 1.059816777706146240e-02 1.449275389313697815e-02 3.944140300154685974e-02 2.399819940328598022e-01 9.285714477300643921e-02 8.403857797384262085e-02 1.184068899601697922e-02 6.972227245569229126e-02 3.147529438138008118e-02 8.021180331707000732e-02 2.379182167351245880e-02 1.270718276500701904e-01 5.279449746012687683e-02 2.953271009027957916e-02 2.001091605052351952e-03 1.954425871372222900e-01 6.496519595384597778e-02 5.958681926131248474e-02
2.283261716365814209e-02 1.072291359305381775e-01 7.622832059860229492e-02 2.136891484260559082e-01 7.297339290380477905e-02 3.437500074505805969e-02 1.084651127457618713e-01 2.107969112694263458e-02 1.497491300106048584e-01 1.600467264652252197e-01 4.270213469862937927e-02 1.863799244165420532e-01 7.545126229524612427e-02 3.924646601080894470e-02 0.000000000000000000e+00 5.882352963089942932e-02 2.866022102534770966e-02 2.476780116558074951e-02 7.856625318527221680e-02 2.766231000423431396e-01 1.316239386796951294e-01 1.228797584772109985e-01 2.741852030158042908e-02 1.086713820695877075e-01 7.780784741044044495e-03 1.190833970904350281e-01 6.297948211431503296e-02 1.654929518699645996e-01 1.357615925371646881e-02 6.869955360889434814e-02 4.124432057142257690e-02 1.574034839868545532e-01 1.039466336369514465e-01 2.038802951574325562e-02
3.603931516408920288e-02 4.871287196874618530e-02 1.748318970203399658e-02 1.568370461463928223e-01 1.312336027622222900e-01 2.449806593358516693e-02 4.996034875512123108e-02 3.779069706797599792e-02 9.173366427421569824e-02 1.021852269768714905e-01 1.616199128329753876e-02 1.289703696966171265e-01 1.670186221599578857e-02 1.962236128747463226e-02 5.882352963089942932e-02 0.000000000000000000e+00 3.021424636244773865e-02 3.410541638731956482e-02 1.983439177274703979e-02 2.214022129774093628e-01 7.336846739053726196e-02 6.452261656522750854e-02 3.145574405789375305e-02 5.016855150461196899e-02 5.106611549854278564e-02 6.068496033549308777e-02 4.171406850218772888e-03 1.077180504798889160e-01 7.234191894531250000e-02 9.916094131767749786e-03 1.762196235358715057e-02 2.142433226108551025e-01 4.540070891380310059e-02 7.911667227745056152e-02
5.831419024616479874e-03 7.881112396717071533e-02 4.767225310206413269e-02 1.861690878868103027e-01 1.014214977622032166e-01 5.720414686948060989e-03 8.005375415086746216e-02 7.585112005472183228e-03 1.216108426451683044e-01 1.319919526576995850e-01 1.405912078917026520e-02 1.585667282342910767e-01 4.689244553446769714e-02 1.059816777706146240e-02 2.866022102534770966e-02 3.021424636244773865e-02 0.000000000000000000e+00 3.895184025168418884e-03 5.001866444945335388e-02 2.499444633722305298e-01 1.033535972237586975e-01 9.455253183841705322e-02 1.242677099071443081e-03 8.026113361120223999e-02 2.088409289717674255e-02 9.073284268379211426e-02 3.438131883740425110e-02 1.374848335981369019e-01 4.221995174884796143e-02 4.011832177639007568e-02 1.259899232536554337e-02 1.852280944585800171e-01 7.551137357950210571e-02 4.901960864663124084e-02
1.936278771609067917e-03 8.268092572689056396e-02 5.155786499381065369e-02 1.899265497922897339e-01 9.756486117839813232e-02 9.615384973585605621e-03 8.392276614904403687e-02 3.690036945044994354e-03 1.254466027021408081e-01 1.358173042535781860e-01 1.795332133769989014e-02 1.623616218566894531e-01 5.077835544943809509e-02 1.449275389313697815e-02 2.476780116558074951e-02 3.410541638731956482e-02 3.895184025168418884e-03 0.000000000000000000e+00 5.390334501862525940e-02 2.535927593708038330e-01 1.072056218981742859e-01 9.841147065162658691e-02 2.652519848197698593e-03 8.413001894950866699e-02 1.699029095470905304e-02 9.459459781646728516e-02 3.827137872576713562e-02 1.413043439388275146e-01 3.833107277750968933e-02 4.400662705302238464e-02 1.649336703121662140e-02 1.814638376235961914e-01 7.938320934772491455e-02 4.513304308056831360e-02
5.583379790186882019e-02 2.890640869736671448e-02 2.352018840610980988e-03 1.374301612377166748e-01 1.506757885217666626e-01 4.431092739105224609e-02 3.015583939850330353e-02 5.758192762732505798e-02 7.203032821416854858e-02 8.251807838678359985e-02 3.598484769463539124e-02 1.094158664345741272e-01 3.133568447083234787e-03 3.944140300154685974e-02 7.856625318527221680e-02 1.983439177274703979e-02 5.001866444945335388e-02 5.390334501862525940e-02 0.000000000000000000e+00 2.024568915367126465e-01 5.361208692193031311e-02 4.474548622965812683e-02 5.125815421342849731e-02 3.036437183618545532e-02 7.082877308130264282e-02 4.089979454874992371e-02 1.566428132355213165e-02 8.807182312011718750e-02 9.204424172639846802e-02 9.920248761773109436e-03 3.744326904416084290e-02 2.330872416496276855e-01 2.558936178684234619e-02 9.879603236913681030e-02
2.554036080837249756e-01 1.745721250772476196e-01 2.047114223241806030e-01 6.688778102397918701e-02 3.426791131496429443e-01 2.445737272500991821e-01 1.733594536781311035e-01 2.570422589778900146e-01 1.323567181825637817e-01 1.219765916466712952e-01 2.367171645164489746e-01 9.514875710010528564e-02 2.054601013660430908e-01 2.399819940328598022e-01 2.766231000423431396e-01 2.214022129774093628e-01 2.499444633722305298e-01 2.535927593708038330e-01 2.024568915367126465e-01 0.000000000000000000e+00 1.504781097173690796e-01 1.591531783342361450e-01 2.511091530323028564e-01 1.731569916009902954e-01 2.694222033023834229e-01 1.629060208797454834e-01 2.174316197633743286e-01 1.164616569876670837e-01 2.891134917736053467e-01 2.119514495134353638e-01 2.380952388048171997e-01 4.159169495105743408e-01 1.777886003255844116e-01 2.953454256057739258e-01
1.091192513704299927e-01 2.474402822554111481e-02 5.595705285668373108e-02 8.444023132324218750e-02 2.026508599519729614e-01 9.769093990325927734e-02 2.349423244595527649e-02 1.108518093824386597e-01 1.848964206874370575e-02 2.903443574905395508e-02 8.942441642284393311e-02 5.613305792212486267e-02 5.673612654209136963e-02 9.285714477300643921e-02 1.316239386796951294e-01 7.336846739053726196e-02 1.033535972237586975e-01 1.072056218981742859e-01 5.361208692193031311e-02 1.504781097173690796e-01 0.000000000000000000e+00 8.887925185263156891e-03 1.045828461647033691e-01 2.328562363982200623e-02 1.239701062440872192e-01 1.274022925645112991e-02 6.921824067831039429e-02 3.462321683764457703e-02 1.449410915374755859e-01 6.349856406450271606e-02 9.087293595075607300e-02 2.831608653068542480e-01 2.806122414767742157e-02 1.516051143407821655e-01
1.003286316990852356e-01 1.585958898067474365e-02 4.709254577755928040e-02 9.325816482305526733e-02 1.941125541925430298e-01 8.888018876314163208e-02 1.460935827344655991e-02 1.020644381642341614e-01 2.737306803464889526e-02 3.791257739067077637e-02 8.060055226087570190e-02 6.498856097459793091e-02 4.787234216928482056e-02 8.403857797384262085e-02 1.228797584772109985e-01 6.452261656522750854e-02 9.455253183841705322e-02 9.841147065162658691e-02 4.474548622965812683e-02 1.591531783342361450e-01 8.887925185263156891e-03 0.000000000000000000e+00 9.578394889831542969e-02 1.440067775547504425e-02 1.152091249823570251e-01 3.852739697322249413e-03 6.036745384335517883e-02 4.349775612354278564e-02 1.362286508083343506e-01 5.464147776365280151e-02 8.205128461122512817e-02 2.749649584293365479e-01 1.917808130383491516e-02 1.429097652435302734e-01
4.588775336742401123e-03 8.004596084356307983e-02 4.891203343868255615e-02 1.873684227466583252e-01 1.001914516091346741e-01 6.963042542338371277e-03 8.128834515810012817e-02 6.342494860291481018e-03 1.228349581360816956e-01 1.332127749919891357e-01 1.530153024941682816e-02 1.597779095172882080e-01 4.813231900334358215e-02 1.184068899601697922e-02 2.741852030158042908e-02 3.145574405789375305e-02 1.242677099071443081e-03 2.652519848197698593e-03 5.125815421342849731e-02 2.511091530323028564e-01 1.045828461647033691e-01 9.578394889831542969e-02 0.000000000000000000e+00 8.149568736553192139e-02 1.964192651212215424e-02 9.196514636278152466e-02 3.562247380614280701e-02 1.387038230895996094e-01 4.097942635416984558e-02 4.135893657803535461e-02 1.384145207703113556e-02 1.840277761220932007e-01 7.674685120582580566e-02 4.777983948588371277e-02
8.605228364467620850e-02 1.459245337173342705e-03 3.271405398845672607e-02 1.075144484639167786e-01 1.802156418561935425e-01 7.457496225833892822e-02 2.087246975861489773e-04 8.779279887676239014e-02 4.175728559494018555e-02 5.228471010923385620e-02 6.627680361270904541e-02 7.931500673294067383e-02 3.349475562572479248e-02 6.972227245569229126e-02 1.086713820695877075e-01 5.016855150461196899e-02 8.026113361120223999e-02 8.413001894950866699e-02 3.036437183618545532e-02 1.731569916009902954e-01 2.328562363982200623e-02 1.440067775547504425e-02 8.149568736553192139e-02 0.000000000000000000e+00 1.009759753942489624e-01 1.054852362722158432e-02 4.600677266716957092e-02 5.786219239234924316e-02 1.220674514770507812e-01 4.027248919010162354e-02 6.773063540458679199e-02 2.616001367568969727e-01 4.778724163770675659e-03 1.287741065025329590e-01
1.505450811237096786e-02 9.953139722347259521e-02 6.848815828561782837e-02 2.062512785196304321e-01 8.070835471153259277e-02 2.660132944583892822e-02 1.007693782448768616e-01 1.330108847469091415e-02 1.421339511871337891e-01 1.524557918310165405e-01 3.493295609951019287e-02 1.788585186004638672e-01 6.771022826433181763e-02 3.147529438138008118e-02 7.780784741044044495e-03 5.106611549854278564e-02 2.088409289717674255e-02 1.699029095470905304e-02 7.082877308130264282e-02 2.694222033023834229e-01 1.239701062440872192e-01 1.152091249823570251e-01 1.964192651212215424e-02 1.009759753942489624e-01 0.000000000000000000e+00 1.114058345556259155e-01 5.522575974464416504e-02 1.579155176877975464e-01 2.135468833148479462e-02 6.095134839415550232e-02 3.347427770495414734e-02 1.649821996688842773e-01 9.624369442462921143e-02 2.816434763371944427e-02
9.651319682598114014e-02 1.200758386403322220e-02 4.324765503406524658e-02 9.707602113485336304e-02 1.904022097587585449e-01 8.505657315254211426e-02 1.075722463428974152e-02 9.825033694505691528e-02 3.122251480817794800e-02 4.175921902060508728e-02 7.677165418863296509e-02 6.882406771183013916e-02 4.402771964669227600e-02 8.021180331707000732e-02 1.190833970904350281e-01 6.068496033549308777e-02 9.073284268379211426e-02 9.459459781646728516e-02 4.089979454874992371e-02 1.629060208797454834e-01 1.274022925645112991e-02 3.852739697322249413e-03 9.196514636278152466e-02 1.054852362722158432e-02 1.114058345556259155e-01 0.000000000000000000e+00 5.652786046266555786e-02 4.734256491065025330e-02 1.324454247951507568e-01 5.079943314194679260e-02 7.822327315807342529e-02 2.713997066020965576e-01 1.532647479325532913e-02 1.391336321830749512e-01
4.020467773079872131e-02 4.455051571130752563e-02 1.331275328993797302e-02 1.527655869722366333e-01 1.353309154510498047e-01 2.866654284298419952e-02 4.579848796129226685e-02 4.195548966526985168e-02 8.759577572345733643e-02 9.805561602115631104e-02 2.033202722668647766e-02 1.248661354184150696e-01 1.253132801502943039e-02 2.379182167351245880e-02 6.297948211431503296e-02 4.171406850218772888e-03 3.438131883740425110e-02 3.827137872576713562e-02 1.566428132355213165e-02 2.174316197633743286e-01 6.921824067831039429e-02 6.036745384335517883e-02 3.562247380614280701e-02 4.600677266716957092e-02 5.522575974464416504e-02 5.652786046266555786e-02 0.000000000000000000e+00 1.035931929945945740e-01 7.649023830890655518e-02 5.744925234466791153e-03 2.179176732897758484e-02 2.182197123765945435e-01 4.123711213469505310e-02 8.326060324907302856e-02
1.432014405727386475e-01 5.931642651557922363e-02 9.040511399507522583e-02 4.996308311820030212e-02 2.356208562850952148e-01 1.318681389093399048e-01 5.807021260261535645e-02 1.449188143014907837e-01 1.614391058683395386e-02 5.594405811280012131e-03 1.236647516489028931e-01 2.155172452330589294e-02 9.118022769689559937e-02 1.270718276500701904e-01 1.654929518699645996e-01 1.077180504798889160e-01 1.374848335981369019e-01 1.413043439388275146e-01 8.807182312011718750e-02 1.164616569876670837e-01 3.462321683764457703e-02 4.349775612354278564e-02 1.387038230895996094e-01 5.786219239234924316e-02 1.579155176877975464e-01 4.734256491065025330e-02 1.035931929945945740e-01 0.000000000000000000e+00 1.786676943302154541e-01 9.790653735399246216e-02 1.251025497913360596e-01 3.146987855434417725e-01 6.262359768152236938e-02 1.852559149265289307e-01
3.639749437570571899e-02 1.206296905875205994e-01 8.971164375543594360e-02 2.266078889369964600e-01 5.945613607764244080e-02 4.792879149317741394e-02 1.218618303537368774e-01 3.464593365788459778e-02 1.629939228296279907e-01 1.732464581727981567e-01 5.624568834900856018e-02 1.994514167308807373e-01 8.893632143735885620e-02 5.279449746012687683e-02 1.357615925371646881e-02 7.234191894531250000e-02 4.221995174884796143e-02 3.833107277750968933e-02 9.204424172639846802e-02 2.891134917736053467e-01 1.449410915374755859e-01 1.362286508083343506e-01 4.097942635416984558e-02 1.220674514770507812e-01 2.135468833148479462e-02 1.324454247951507568e-01 7.649023830890655518e-02 1.786676943302154541e-01 0.000000000000000000e+00 8.219904452562332153e-02 5.478980019688606262e-02 1.441353261470794678e-01 1.173571795225143433e-01 6.813757121562957764e-03
4.593899473547935486e-02 3.881552442908287048e-02 7.568406872451305389e-03 1.471498012542724609e-01 1.409662514925003052e-01 3.440580144524574280e-02 4.006410390138626099e-02 4.768892005085945129e-02 8.189205825328826904e-02 9.236271679401397705e-02 2.607390657067298889e-02 1.192067265510559082e-01 6.786891724914312363e-03 2.953271009027957916e-02 6.869955360889434814e-02 9.916094131767749786e-03 4.011832177639007568e-02 4.400662705302238464e-02 9.920248761773109436e-03 2.119514495134353638e-01 6.349856406450271606e-02 5.464147776365280151e-02 4.135893657803535461e-02 4.027248919010162354e-02 6.095134839415550232e-02 5.079943314194679260e-02 5.744925234466791153e-03 9.790653735399246216e-02 8.219904452562332153e-02 0.000000000000000000e+00 2.753324620425701141e-02 2.236842066049575806e-01 3.550059720873832703e-02 8.896297961473464966e-02
1.842905767261981964e-02 6.627793610095977783e-02 3.509433940052986145e-02 1.739781796932220459e-01 1.138749793171882629e-01 6.879073102027177811e-03 6.752286106348037720e-02 2.018217556178569794e-02 1.091791316866874695e-01 1.195918396115303040e-01 1.460387022234499454e-03 1.462599188089370728e-01 3.431372717022895813e-02 2.001091605052351952e-03 4.124432057142257690e-02 1.762196235358715057e-02 1.259899232536554337e-02 1.649336703121662140e-02 3.744326904416084290e-02 2.380952388048171997e-01 9.087293595075607300e-02 8.205128461122512817e-02 1.384145207703113556e-02 6.773063540458679199e-02 3.347427770495414734e-02 7.822327315807342529e-02 2.179176732897758484e-02 1.251025497913360596e-01 5.478980019688606262e-02 2.753324620425701141e-02 0.000000000000000000e+00 1.973664909601211548e-01 6.297229230403900146e-02 6.158056855201721191e-02
1.795906573534011841e-01 2.602402269840240479e-01 2.308617830276489258e-01 3.590169250965118408e-01 8.541113883256912231e-02 1.907463967800140381e-01 2.614056766033172607e-01 1.778929233551025391e-01 3.000794351100921631e-01 3.096495568752288818e-01 1.987695842981338501e-01 3.339853286743164062e-01 2.301217466592788696e-01 1.954425871372222900e-01 1.574034839868545532e-01 2.142433226108551025e-01 1.852280944585800171e-01 1.814638376235961914e-01 2.330872416496276855e-01 4.159169495105743408e-01 2.831608653068542480e-01 2.749649584293365479e-01 1.840277761220932007e-01 2.616001367568969727e-01 1.649821996688842773e-01 2.713997066020965576e-01 2.182197123765945435e-01 3.146987855434417725e-01 1.441353261470794678e-01 2.236842066049575806e-01 1.973664909601211548e-01 0.000000000000000000e+00 2.571428716182708740e-01 1.374565660953521729e-01
8.130699396133422852e-02 3.319502109661698341e-03 2.793969772756099701e-02 1.122355088591575623e-01 1.755881309509277344e-01 6.982111930847167969e-02 4.570004064589738846e-03 8.304891735315322876e-02 4.652672633528709412e-02 5.704918131232261658e-02 6.151756271719932556e-02 8.406186848878860474e-02 2.872062660753726959e-02 6.496519595384597778e-02 1.039466336369514465e-01 4.540070891380310059e-02 7.551137357950210571e-02 7.938320934772491455e-02 2.558936178684234619e-02 1.777886003255844116e-01 2.806122414767742157e-02 1.917808130383491516e-02 7.674685120582580566e-02 4.778724163770675659e-03 9.624369442462921143e-02 1.532647479325532913e-02 4.123711213469505310e-02 6.262359768152236938e-02 1.173571795225143433e-01 3.550059720873832703e-02 6.297229230403900146e-02 2.571428716182708740e-01 0.000000000000000000e+00 1.240717247128486633e-01
4.320053756237030029e-02 1.273387819528579712e-01 9.646642953157424927e-02 2.330617904663085938e-01 5.266371369361877441e-02 5.472467839717864990e-02 1.285688281059265137e-01 4.144990816712379456e-02 1.696192920207977295e-01 1.798479110002517700e-01 6.303528696298599243e-02 2.059852331876754761e-01 9.569209069013595581e-02 5.958681926131248474e-02 2.038802951574325562e-02 7.911667227745056152e-02 4.901960864663124084e-02 4.513304308056831360e-02 9.879603236913681030e-02 2.953454256057739258e-01 1.516051143407821655e-01 1.429097652435302734e-01 4.777983948588371277e-02 1.287741065025329590e-01 2.816434763371944427e-02 1.391336321830749512e-01 8.326060324907302856e-02 1.852559149265289307e-01 6.813757121562957764e-03 8.896297961473464966e-02 6.158056855201721191e-02 1.374565660953521729e-01 1.240717247128486633e-01 0.000000000000000000e+00
