0.000000000000000000e+00 1.188008859753608704e-01 9.094189852476119995e-02 1.758070737123489380e-01 1.321440329775214195e-03 1.990553364157676697e-02 8.819294720888137817e-02 2.214708365499973297e-02 8.897694200277328491e-02 1.424792110919952393e-01 6.275267899036407471e-02 1.394647508859634399e-01 6.237919628620147705e-02 1.459976471960544586e-02 6.660006474703550339e-03 6.181946024298667908e-02 2.928157895803451538e-02 5.478018149733543396e-02 5.810290575027465820e-02 2.585345506668090820e-01 1.405395269393920898e-01 1.071232408285140991e-01 5.717782676219940186e-02 7.714235037565231323e-02 5.822658538818359375e-03 1.200444623827934265e-01 8.002857863903045654e-02 1.538167893886566162e-01 3.077909536659717560e-02 4.421416297554969788e-02 2.298616766929626465e-01 1.553506553173065186e-01 5.977213010191917419e-02 5.249960720539093018e-02
1.188008859753608704e-01 0.000000000000000000e+00 2.816326543688774109e-02 5.822222307324409485e-02 1.201034709811210632e-01 9.912977367639541626e-02 3.093203157186508179e-02 9.690877795219421387e-02 3.014256618916988373e-02 2.408602088689804077e-02 5.646919086575508118e-02 2.101200632750988007e-02 5.684293806552886963e-02 1.043821722269058228e-01 1.122296825051307678e-01 5.740300938487052917e-02 8.983180671930313110e-02 6.444007903337478638e-02 6.111987307667732239e-02 1.441614627838134766e-01 2.210774831473827362e-02 1.182818040251731873e-02 6.204451620578765869e-02 4.204385355114936829e-02 1.130564361810684204e-01 1.261564320884644985e-03 3.914447128772735596e-02 3.566768020391464233e-02 1.490350216627120972e-01 7.498057186603546143e-02 1.141787543892860413e-01 2.691835463047027588e-01 5.945091694593429565e-02 1.702387183904647827e-01
9.094189852476119995e-02 2.816326543688774109e-02 0.000000000000000000e+00 8.624406903982162476e-02 9.225225448608398438e-02 7.116518914699554443e-02 2.771179657429456711e-03 6.893365085124969482e-02 1.980982488021254539e-03 5.221386626362800598e-02 2.835101261734962463e-02 4.914619028568267822e-02 2.872565947473049164e-02 7.644362747669219971e-02 8.433297276496887207e-02 2.928709052503108978e-02 6.182495504617691040e-02 3.634276986122131348e-02 3.301343694329261780e-02 1.716279089450836182e-01 5.023973435163497925e-02 1.634052768349647522e-02 3.394055739045143127e-02 1.389704458415508270e-02 8.516433835029602051e-02 2.942378446459770203e-02 1.099332515150308609e-02 6.376688927412033081e-02 1.213812381029129028e-01 4.691638424992561340e-02 1.418857723474502563e-01 2.428614348173141479e-01 3.134012594819068909e-02 1.427599042654037476e-01
1.758070737123489380e-01 5.822222307324409485e-02 8.624406903982162476e-02 0.000000000000000000e+00 1.770873814821243286e-01 1.564490497112274170e-01 8.899398148059844971e-02 1.542606204748153687e-01 8.820997923612594604e-02 3.418413922190666199e-02 1.143155694007873535e-01 3.725579380989074707e-02 1.146856099367141724e-01 1.616221517324447632e-01 1.693453490734100342e-01 1.152400821447372437e-01 1.472837030887603760e-01 1.222038120031356812e-01 1.189189180731773376e-01 8.666666597127914429e-02 3.616102039813995361e-02 7.000219076871871948e-02 1.198338493704795837e-01 1.000212356448173523e-01 1.701586097478866577e-01 5.696484073996543884e-02 9.714528918266296387e-02 2.260147593915462494e-02 2.054743170738220215e-01 1.326238214969635010e-01 5.633100867271423340e-02 3.223536908626556396e-01 1.172672361135482788e-01 2.262187302112579346e-01
1.321440329775214195e-03 1.201034709811210632e-01 9.225225448608398438e-02 1.770873814821243286e-01 0.000000000000000000e+00 2.122641541063785553e-02 8.950395137071609497e-02 2.346783690154552460e-02 9.028776735067367554e-02 1.437735855579376221e-01 6.406880915164947510e-02 1.407602578401565552e-01 6.369538605213165283e-02 1.592089794576168060e-02 7.981376722455024719e-03 6.313574314117431641e-02 3.060183674097061157e-02 5.609755963087081909e-02 5.941978469491004944e-02 2.597672343254089355e-01 1.418346166610717773e-01 1.084293276071548462e-01 5.849484726786613464e-02 7.845579087734222412e-02 7.144043687731027603e-03 1.213466525077819824e-01 8.134142309427261353e-02 1.551067084074020386e-01 2.945885434746742249e-02 4.553294181823730469e-02 2.311129122972488403e-01 1.540608406066894531e-01 6.108874455094337463e-02 5.118171870708465576e-02
1.990553364157676697e-02 9.912977367639541626e-02 7.116518914699554443e-02 1.564490497112274170e-01 2.122641541063785553e-02 0.000000000000000000e+00 6.840750575065612793e-02 2.242539310827851295e-03 6.919396668672561646e-02 1.229223012924194336e-01 4.290073737502098083e-02 1.198920607566833496e-01 4.252646863460540771e-02 5.307310260832309723e-03 1.324728224426507950e-02 4.196556657552719116e-02 9.381514973938465118e-03 3.491271659731864929e-02 3.824160248041152954e-02 2.398634254932403564e-01 1.209724098443984985e-01 8.740407973527908325e-02 3.731476515531539917e-02 5.732484161853790283e-02 1.408450677990913391e-02 1.003787890076637268e-01 6.021897867321968079e-02 1.343225240707397461e-01 5.065359547734260559e-02 2.433004230260848999e-02 2.109212130308151245e-01 1.747159063816070557e-01 3.991408646106719971e-02 7.232955098152160645e-02
8.819294720888137817e-02 3.093203157186508179e-02 2.771179657429456711e-03 8.899398148059844971e-02 8.950395137071609497e-02 6.840750575065612793e-02 0.000000000000000000e+00 6.617511808872222900e-02 7.902014767751097679e-04 5.497709289193153381e-02 2.558184228837490082e-02 5.191029980778694153e-02 2.595654688775539398e-02 7.368806004524230957e-02 8.158085495233535767e-02 2.651806361973285675e-02 5.906389281153678894e-02 3.357497230172157288e-02 3.024502284824848175e-02 1.743161827325820923e-01 5.300353467464447021e-02 1.911084353923797607e-02 3.117230907082557678e-02 1.112629286944866180e-02 8.241260796785354614e-02 3.219233825802803040e-02 8.222396485507488251e-03 6.652631610631942749e-02 1.186499670147895813e-01 4.415094479918479919e-02 1.446000933647155762e-01 2.402519434690475464e-01 2.857142873108386993e-02 1.400441378355026245e-01
2.214708365499973297e-02 9.690877795219421387e-02 6.893365085124969482e-02 1.542606204748153687e-01 2.346783690154552460e-02 2.242539310827851295e-03 6.617511808872222900e-02 0.000000000000000000e+00 6.696181744337081909e-02 1.207130402326583862e-01 4.066210985183715820e-02 1.176811605691909790e-01 4.028777033090591431e-02 7.549759931862354279e-03 1.548936124891042709e-02 3.972676768898963928e-02 7.139125838875770569e-03 3.267273679375648499e-02 3.600214794278144836e-02 2.377487719058990479e-01 1.187620908021926880e-01 8.517823368310928345e-02 3.507516160607337952e-02 5.508938431739807129e-02 1.632652990520000458e-02 9.815834462642669678e-02 5.798427015542984009e-02 1.321197897195816040e-01 5.289012566208839417e-02 2.208870835602283478e-02 2.087774276733398438e-01 1.768891364336013794e-01 3.767491877079010010e-02 7.456000149250030518e-02
8.897694200277328491e-02 3.014256618916988373e-02 1.980982488021254539e-03 8.820997923612594604e-02 9.028776735067367554e-02 6.919396668672561646e-02 7.902014767751097679e-04 6.696181744337081909e-02 0.000000000000000000e+00 5.418924614787101746e-02 2.637151069939136505e-02 5.112219601869583130e-02 2.674620039761066437e-02 7.447392493486404419e-02 8.236574381589889526e-02 2.730769291520118713e-02 5.985129997134208679e-02 3.436426073312759399e-02 3.103448264300823212e-02 1.735498905181884766e-01 5.221552029252052307e-02 1.832091808319091797e-02 3.196172416210174561e-02 1.191638968884944916e-02 8.319739252328872681e-02 3.140293806791305542e-02 9.012538939714431763e-03 6.573957204818725586e-02 1.194289699196815491e-01 4.493957757949829102e-02 1.438263207674026489e-01 2.409964054822921753e-01 2.936096675693988800e-02 1.408187597990036011e-01
1.424792110919952393e-01 2.408602088689804077e-02 5.221386626362800598e-02 3.418413922190666199e-02 1.437735855579376221e-01 1.229223012924194336e-01 5.497709289193153381e-02 1.207130402326583862e-01 5.418924614787101746e-02 0.000000000000000000e+00 8.044579625129699707e-02 3.075571265071630478e-03 8.081831037998199463e-02 1.281460076570510864e-01 1.359482109546661377e-01 8.137651532888412476e-02 1.136718764901161194e-01 8.838891237974166870e-02 8.508064597845077515e-02 1.204938292503356934e-01 1.979327062144875526e-03 3.590397164225578308e-02 8.600201457738876343e-02 6.606297940015792847e-02 1.367700248956680298e-01 2.282514981925487518e-02 6.317093223333358765e-02 1.159161794930696487e-02 1.725018173456192017e-01 9.888800978660583496e-02 9.034118056297302246e-02 2.913803756237030029e-01 8.341749012470245361e-02 1.935311853885650635e-01
6.275267899036407471e-02 5.646919086575508118e-02 2.835101261734962463e-02 1.143155694007873535e-01 6.406880915164947510e-02 4.290073737502098083e-02 2.558184228837490082e-02 4.066210985183715820e-02 2.637151069939136505e-02 8.044579625129699707e-02 0.000000000000000000e+00 7.738937437534332275e-02 3.749531169887632132e-04 4.819707199931144714e-02 5.611612647771835327e-02 9.368559112772345543e-04 3.353271633386611938e-02 8.000000379979610443e-03 4.666791297495365143e-03 1.990105658769607544e-01 7.847896218299865723e-02 4.467084631323814392e-02 5.594927351921796799e-03 1.445966493338346481e-02 5.695082992315292358e-02 5.772664025425910950e-02 1.736309938132762909e-02 9.195166826248168945e-02 9.335146844387054443e-02 1.859009824693202972e-02 1.695547252893447876e-01 2.159976512193679810e-01 2.991772722452878952e-03 1.148738414049148560e-01
1.394647508859634399e-01 2.101200632750988007e-02 4.914619028568267822e-02 3.725579380989074707e-02 1.407602578401565552e-01 1.198920607566833496e-01 5.191029980778694153e-02 1.176811605691909790e-01 5.112219601869583130e-02 3.075571265071630478e-03 7.738937437534332275e-02 0.000000000000000000e+00 7.776206731796264648e-02 1.251197606325149536e-01 1.329282224178314209e-01 7.832054793834686279e-02 1.106349825859069824e-01 8.533653616905212402e-02 8.202654123306274414e-02 1.235236227512359619e-01 1.096250838600099087e-03 3.283202648162841797e-02 8.294838666915893555e-02 6.300020217895507812e-02 1.337507069110870361e-01 1.975096575915813446e-02 6.010704115033149719e-02 1.466666627675294876e-02 1.695161908864974976e-01 9.584158658981323242e-02 9.339080750942230225e-02 2.885634005069732666e-01 8.036253601312637329e-02 1.905690431594848633e-01
6.237919628620147705e-02 5.684293806552886963e-02 2.872565947473049164e-02 1.146856099367141724e-01 6.369538605213165283e-02 4.252646863460540771e-02 2.595654688775539398e-02 4.028777033090591431e-02 2.674620039761066437e-02 8.081831037998199463e-02 3.749531169887632132e-04 7.776206731796264648e-02 0.000000000000000000e+00 4.782298207283020020e-02 5.574234575033187866e-02 5.619029980152845383e-04 3.315817937254905701e-02 7.625069934874773026e-03 4.291845485568046570e-03 1.993706524372100830e-01 7.885159552097320557e-02 4.504504427313804626e-02 5.219985265284776688e-03 1.483453810214996338e-02 5.657708644866943359e-02 5.810033529996871948e-02 1.773793622851371765e-02 9.232343733310699463e-02 9.297977387905120850e-02 1.821527071297168732e-02 1.699188798666000366e-01 2.156401574611663818e-01 2.616822486743330956e-03 1.145038157701492310e-01
1.459976471960544586e-02 1.043821722269058228e-01 7.644362747669219971e-02 1.616221517324447632e-01 1.592089794576168060e-02 5.307310260832309723e-03 7.368806004524230957e-02 7.549759931862354279e-03 7.447392493486404419e-02 1.281460076570510864e-01 4.819707199931144714e-02 1.251197606325149536e-01 4.782298207283020020e-02 0.000000000000000000e+00 7.940530776977539062e-03 4.726235195994377136e-02 1.468809414654970169e-02 4.021257907152175903e-02 4.354007542133331299e-02 2.448590248823165894e-01 1.261986941099166870e-01 9.266840666532516479e-02 4.261363670229911804e-02 6.261309981346130371e-02 8.777853101491928101e-03 1.056298241019248962e-01 6.550535559654235840e-02 1.395303755998611450e-01 4.535847902297973633e-02 2.963352575898170471e-02 2.159867435693740845e-01 1.695658266544342041e-01 4.521181806921958923e-02 6.704798340797424316e-02
6.660006474703550339e-03 1.122296825051307678e-01 8.433297276496887207e-02 1.693453490734100342e-01 7.981376722455024719e-03 1.324728224426507950e-02 8.158085495233535767e-02 1.548936124891042709e-02 8.236574381589889526e-02 1.359482109546661377e-01 5.611612647771835327e-02 1.329282224178314209e-01 5.574234575033187866e-02 7.940530776977539062e-03 0.000000000000000000e+00 5.518217012286186218e-02 2.262598648667335510e-02 4.813773557543754578e-02 5.146281421184539795e-02 2.523089945316314697e-01 1.340049356222152710e-01 1.005349531769752502e-01 5.053706467151641846e-02 7.051856815814971924e-02 8.373806485906243324e-04 1.134751737117767334e-01 7.340770214796066284e-02 1.473076939582824707e-01 3.743143007159233093e-02 3.756521642208099365e-02 2.235438823699951172e-01 1.618432104587554932e-01 5.313327535986900330e-02 5.913893878459930420e-02
6.181946024298667908e-02 5.740300938487052917e-02 2.928709052503108978e-02 1.152400821447372437e-01 6.313574314117431641e-02 4.196556657552719116e-02 2.651806361973285675e-02 3.972676768898963928e-02 2.730769291520118713e-02 8.137651532888412476e-02 9.368559112772345543e-04 7.832054793834686279e-02 5.619029980152845383e-04 4.726235195994377136e-02 5.518217012286186218e-02 0.000000000000000000e+00 3.259688615798950195e-02 7.063196972012519836e-03 3.729951567947864532e-03 1.999101489782333374e-01 7.940997928380966187e-02 4.560579359531402588e-02 4.658095538616180420e-03 1.539631281048059464e-02 5.601696297526359558e-02 5.866032466292381287e-02 1.829965598881244659e-02 9.288052469491958618e-02 9.242270141839981079e-02 1.765354909002780914e-02 1.704645007848739624e-01 2.151043266057968140e-01 2.054922515526413918e-03 1.139492467045783997e-01
2.928157895803451538e-02 8.983180671930313110e-02 6.182495504617691040e-02 1.472837030887603760e-01 3.060183674097061157e-02 9.381514973938465118e-03 5.906389281153678894e-02 7.139125838875770569e-03 5.985129997134208679e-02 1.136718764901161194e-01 3.353271633386611938e-02 1.106349825859069824e-01 3.315817937254905701e-02 1.468809414654970169e-02 2.262598648667335510e-02 3.259688615798950195e-02 0.000000000000000000e+00 2.553956769406795502e-02 2.887044474482536316e-02 2.310017198324203491e-01 1.117176860570907593e-01 7.808659225702285767e-02 2.794303186237812042e-02 4.796912148594856262e-02 2.346292138099670410e-02 9.108304977416992188e-02 5.086620151996612549e-02 1.250986605882644653e-01 6.000659242272377014e-02 1.495194062590599060e-02 2.019392848014831543e-01 1.837961673736572266e-01 3.054400905966758728e-02 8.165565878152847290e-02
5.478018149733543396e-02 6.444007903337478638e-02 3.634276986122131348e-02 1.222038120031356812e-01 5.609755963087081909e-02 3.491271659731864929e-02 3.357497230172157288e-02 3.267273679375648499e-02 3.436426073312759399e-02 8.838891237974166870e-02 8.000000379979610443e-03 8.533653616905212402e-02 7.625069934874773026e-03 4.021257907152175903e-02 4.813773557543754578e-02 7.063196972012519836e-03 2.553956769406795502e-02 0.000000000000000000e+00 3.333333414047956467e-03 2.066815197467803955e-01 8.642470091581344604e-02 5.265203118324279785e-02 2.405180362984538078e-03 2.245706692337989807e-02 4.897314310073852539e-02 6.569629907608032227e-02 2.535957656800746918e-02 9.987819939851760864e-02 8.541525900363922119e-02 1.059167273342609406e-02 1.773142069578170776e-01 2.083576917648315430e-01 5.008347332477569580e-03 1.069721430540084839e-01
5.810290575027465820e-02 6.111987307667732239e-02 3.301343694329261780e-02 1.189189180731773376e-01 5.941978469491004944e-02 3.824160248041152954e-02 3.024502284824848175e-02 3.600214794278144836e-02 3.103448264300823212e-02 8.508064597845077515e-02 4.666791297495365143e-03 8.202654123306274414e-02 4.291845485568046570e-03 4.354007542133331299e-02 5.146281421184539795e-02 3.729951567947864532e-03 2.887044474482536316e-02 3.333333414047956467e-03 0.000000000000000000e+00 2.034883648157119751e-01 8.311531692743301392e-02 4.932735487818717957e-02 9.281603852286934853e-04 1.912516541779041290e-02 5.229793861508369446e-02 6.237662956118583679e-02 2.202810533344745636e-02 9.657701849937438965e-02 8.872333168983459473e-02 1.392451487481594086e-02 1.740837693214416504e-01 2.115440964698791504e-01 1.675041858106851578e-03 1.102661564946174622e-01
2.585345506668090820e-01 1.441614627838134766e-01 1.716279089450836182e-01 8.666666597127914429e-02 2.597672343254089355e-01 2.398634254932403564e-01 1.743161827325820923e-01 2.377487719058990479e-01 1.735498905181884766e-01 1.204938292503356934e-01 1.990105658769607544e-01 1.235236227512359619e-01 1.993706524372100830e-01 2.448590248823165894e-01 2.523089945316314697e-01 1.999101489782333374e-01 2.310017198324203491e-01 2.066815197467803955e-01 2.034883648157119751e-01 0.000000000000000000e+00 1.224439516663551331e-01 1.557241082191467285e-01 2.043779343366622925e-01 1.850835084915161133e-01 2.530928850173950195e-01 1.429258882999420166e-01 1.822773218154907227e-01 1.090545281767845154e-01 2.870296239852905273e-01 2.167985886335372925e-01 3.048448637127876282e-02 3.979039788246154785e-01 2.018821388483047485e-01 3.068690299987792969e-01
1.405395269393920898e-01 2.210774831473827362e-02 5.023973435163497925e-02 3.616102039813995361e-02 1.418346166610717773e-01 1.209724098443984985e-01 5.300353467464447021e-02 1.187620908021926880e-01 5.221552029252052307e-02 1.979327062144875526e-03 7.847896218299865723e-02 1.096250838600099087e-03 7.885159552097320557e-02 1.261986941099166870e-01 1.340049356222152710e-01 7.940997928380966187e-02 1.117176860570907593e-01 8.642470091581344604e-02 8.311531692743301392e-02 1.224439516663551331e-01 0.000000000000000000e+00 3.392705693840980530e-02 8.403699100017547607e-02 6.409203261137008667e-02 1.348271965980529785e-01 2.084676548838615417e-02 6.119925901293754578e-02 1.357063371688127518e-02 1.705807447433471680e-01 9.692765027284622192e-02 9.230400621891021729e-02 2.895680665969848633e-01 8.145160973072052002e-02 1.916252672672271729e-01
1.071232408285140991e-01 1.182818040251731873e-02 1.634052768349647522e-02 7.000219076871871948e-02 1.084293276071548462e-01 8.740407973527908325e-02 1.911084353923797607e-02 8.517823368310928345e-02 1.832091808319091797e-02 3.590397164225578308e-02 4.467084631323814392e-02 3.283202648162841797e-02 4.504504427313804626e-02 9.266840666532516479e-02 1.005349531769752502e-01 4.560579359531402588e-02 7.808659225702285767e-02 5.265203118324279785e-02 4.932735487818717957e-02 1.557241082191467285e-01 3.392705693840980530e-02 0.000000000000000000e+00 5.025321245193481445e-02 3.023070842027664185e-02 1.013638004660606384e-01 1.308954879641532898e-02 2.732894383370876312e-02 4.747583344578742981e-02 1.374491453170776367e-01 6.320845335721969604e-02 1.258369833230972290e-01 2.581773996353149414e-01 4.765624925494194031e-02 1.587301641702651978e-01
5.717782676219940186e-02 6.204451620578765869e-02 3.394055739045143127e-02 1.198338493704795837e-01 5.849484726786613464e-02 3.731476515531539917e-02 3.117230907082557678e-02 3.507516160607337952e-02 3.196172416210174561e-02 8.600201457738876343e-02 5.594927351921796799e-03 8.294838666915893555e-02 5.219985265284776688e-03 4.261363670229911804e-02 5.053706467151641846e-02 4.658095538616180420e-03 2.794303186237812042e-02 2.405180362984538078e-03 9.281603852286934853e-04 2.043779343366622925e-01 8.403699100017547607e-02 5.025321245193481445e-02 0.000000000000000000e+00 2.005296945571899414e-02 5.137227475643157959e-02 6.330112367868423462e-02 2.295579575002193451e-02 9.749643504619598389e-02 8.780240267515182495e-02 1.299652177840471268e-02 1.749836504459381104e-01 2.106572985649108887e-01 2.603198168799281120e-03 1.093491911888122559e-01
7.714235037565231323e-02 4.204385355114936829e-02 1.389704458415508270e-02 1.000212356448173523e-01 7.845579087734222412e-02 5.732484161853790283e-02 1.112629286944866180e-02 5.508938431739807129e-02 1.191638968884944916e-02 6.606297940015792847e-02 1.445966493338346481e-02 6.300020217895507812e-02 1.483453810214996338e-02 6.261309981346130371e-02 7.051856815814971924e-02 1.539631281048059464e-02 4.796912148594856262e-02 2.245706692337989807e-02 1.912516541779041290e-02 1.850835084915161133e-01 6.409203261137008667e-02 3.023070842027664185e-02 2.005296945571899414e-02 0.000000000000000000e+00 7.135173678398132324e-02 4.330312088131904602e-02 2.904162742197513580e-03 7.759517431259155273e-02 1.076658070087432861e-01 3.304088115692138672e-02 1.554762423038482666e-01 2.297397702932357788e-01 1.745068281888961792e-02 1.291190385818481445e-01
5.822658538818359375e-03 1.130564361810684204e-01 8.516433835029602051e-02 1.701586097478866577e-01 7.144043687731027603e-03 1.408450677990913391e-02 8.241260796785354614e-02 1.632652990520000458e-02 8.319739252328872681e-02 1.367700248956680298e-01 5.695082992315292358e-02 1.337507069110870361e-01 5.657708644866943359e-02 8.777853101491928101e-03 8.373806485906243324e-04 5.601696297526359558e-02 2.346292138099670410e-02 4.897314310073852539e-02 5.229793861508369446e-02 2.530928850173950195e-01 1.348271965980529785e-01 1.013638004660606384e-01 5.137227475643157959e-02 7.135173678398132324e-02 0.000000000000000000e+00 1.143016964197158813e-01 7.424052059650421143e-02 1.481267958879470825e-01 3.659519553184509277e-02 3.840139135718345642e-02 2.243392765522003174e-01 1.610276550054550171e-01 5.396825447678565979e-02 5.830444395542144775e-02
1.200444623827934265e-01 1.261564320884644985e-03 2.942378446459770203e-02 5.696484073996543884e-02 1.213466525077819824e-01 1.003787890076637268e-01 3.219233825802803040e-02 9.815834462642669678e-02 3.140293806791305542e-02 2.282514981925487518e-02 5.772664025425910950e-02 1.975096575915813446e-02 5.810033529996871948e-02 1.056298241019248962e-01 1.134751737117767334e-01 5.866032466292381287e-02 9.108304977416992188e-02 6.569629907608032227e-02 6.237662956118583679e-02 1.429258882999420166e-01 2.084676548838615417e-02 1.308954879641532898e-02 6.330112367868423462e-02 4.330312088131904602e-02 1.143016964197158813e-01 0.000000000000000000e+00 4.040404036641120911e-02 3.440766409039497375e-02 1.502683311700820923e-01 7.623492926359176636e-02 1.129334568977355957e-01 2.703533172607421875e-01 6.070793047547340393e-02 1.714634597301483154e-01
8.002857863903045654e-02 3.914447128772735596e-02 1.099332515150308609e-02 9.714528918266296387e-02 8.134142309427261353e-02 6.021897867321968079e-02 8.222396485507488251e-03 5.798427015542984009e-02 9.012538939714431763e-03 6.317093223333358765e-02 1.736309938132762909e-02 6.010704115033149719e-02 1.773793622851371765e-02 6.550535559654235840e-02 7.340770214796066284e-02 1.829965598881244659e-02 5.086620151996612549e-02 2.535957656800746918e-02 2.202810533344745636e-02 1.822773218154907227e-01 6.119925901293754578e-02 2.732894383370876312e-02 2.295579575002193451e-02 2.904162742197513580e-03 7.424052059650421143e-02 4.040404036641120911e-02 0.000000000000000000e+00 7.470784336328506470e-02 1.105354055762290955e-01 3.594159334897994995e-02 1.526409983634948730e-01 2.324888259172439575e-01 2.035381458699703217e-02 1.319737136363983154e-01
1.538167893886566162e-01 3.566768020391464233e-02 6.376688927412033081e-02 2.260147593915462494e-02 1.551067084074020386e-01 1.343225240707397461e-01 6.652631610631942749e-02 1.321197897195816040e-01 6.573957204818725586e-02 1.159161794930696487e-02 9.195166826248168945e-02 1.466666627675294876e-02 9.232343733310699463e-02 1.395303755998611450e-01 1.473076939582824707e-01 9.288052469491958618e-02 1.250986605882644653e-01 9.987819939851760864e-02 9.657701849937438965e-02 1.090545281767845154e-01 1.357063371688127518e-02 4.747583344578742981e-02 9.749643504619598389e-02 7.759517431259155273e-02 1.481267958879470825e-01 3.440766409039497375e-02 7.470784336328506470e-02 0.000000000000000000e+00 1.837260723114013672e-01 1.103531271219253540e-01 7.883211970329284668e-02 3.019521534442901611e-01 9.491732716560363770e-02 2.046636790037155151e-01
3.077909536659717560e-02 1.490350216627120972e-01 1.213812381029129028e-01 2.054743170738220215e-01 2.945885434746742249e-02 5.065359547734260559e-02 1.186499670147895813e-01 5.289012566208839417e-02 1.194289699196815491e-01 1.725018173456192017e-01 9.335146844387054443e-02 1.695161908864974976e-01 9.297977387905120850e-02 4.535847902297973633e-02 3.743143007159233093e-02 9.242270141839981079e-02 6.000659242272377014e-02 8.541525900363922119e-02 8.872333168983459473e-02 2.870296239852905273e-01 1.705807447433471680e-01 1.374491453170776367e-01 8.780240267515182495e-02 1.076658070087432861e-01 3.659519553184509277e-02 1.502683311700820923e-01 1.105354055762290955e-01 1.837260723114013672e-01 0.000000000000000000e+00 7.489134371280670166e-02 2.588097155094146729e-01 1.251700669527053833e-01 9.038493782281875610e-02 2.175566740334033966e-02
4.421416297554969788e-02 7.498057186603546143e-02 4.691638424992561340e-02 1.326238214969635010e-01 4.553294181823730469e-02 2.433004230260848999e-02 4.415094479918479919e-02 2.208870835602283478e-02 4.493957757949829102e-02 9.888800978660583496e-02 1.859009824693202972e-02 9.584158658981323242e-02 1.821527071297168732e-02 2.963352575898170471e-02 3.756521642208099365e-02 1.765354909002780914e-02 1.495194062590599060e-02 1.059167273342609406e-02 1.392451487481594086e-02 2.167985886335372925e-01 9.692765027284622192e-02 6.320845335721969604e-02 1.299652177840471268e-02 3.304088115692138672e-02 3.840139135718345642e-02 7.623492926359176636e-02 3.594159334897994995e-02 1.103531271219253540e-01 7.489134371280670166e-02 0.000000000000000000e+00 1.875536441802978516e-01 1.982034146785736084e-01 1.559919212013483047e-02 9.648979455232620239e-02
2.298616766929626465e-01 1.141787543892860413e-01 1.418857723474502563e-01 5.633100867271423340e-02 2.311129122972488403e-01 2.109212130308151245e-01 1.446000933647155762e-01 2.087774276733398438e-01 1.438263207674026489e-01 9.034118056297302246e-02 1.695547252893447876e-01 9.339080750942230225e-02 1.699188798666000366e-01 2.159867435693740845e-01 2.235438823699951172e-01 1.704645007848739624e-01 2.019392848014831543e-01 1.773142069578170776e-01 1.740837693214416504e-01 3.048448637127876282e-02 9.230400621891021729e-02 1.258369833230972290e-01 1.749836504459381104e-01 1.554762423038482666e-01 2.243392765522003174e-01 1.129334568977355957e-01 1.526409983634948730e-01 7.883211970329284668e-02 2.588097155094146729e-01 1.875536441802978516e-01 0.000000000000000000e+00 3.719309866428375244e-01 1.724590212106704712e-01 2.789944708347320557e-01
1.553506553173065186e-01 2.691835463047027588e-01 2.428614348173141479e-01 3.223536908626556396e-01 1.540608406066894531e-01 1.747159063816070557e-01 2.402519434690475464e-01 1.768891364336013794e-01 2.409964054822921753e-01 2.913803756237030029e-01 2.159976512193679810e-01 2.885634005069732666e-01 2.156401574611663818e-01 1.695658266544342041e-01 1.618432104587554932e-01 2.151043266057968140e-01 1.837961673736572266e-01 2.083576917648315430e-01 2.115440964698791504e-01 3.979039788246154785e-01 2.895680665969848633e-01 2.581773996353149414e-01 2.106572985649108887e-01 2.297397702932357788e-01 1.610276550054550171e-01 2.703533172607421875e-01 2.324888259172439575e-01 3.019521534442901611e-01 1.251700669527053833e-01 1.982034146785736084e-01 3.719309866428375244e-01 0.000000000000000000e+00 2.131436169147491455e-01 1.036967858672142029e-01
5.977213010191917419e-02 5.945091694593429565e-02 3.134012594819068909e-02 1.172672361135482788e-01 6.108874455094337463e-02 3.991408646106719971e-02 2.857142873108386993e-02 3.767491877079010010e-02 2.936096675693988800e-02 8.341749012470245361e-02 2.991772722452878952e-03 8.036253601312637329e-02 2.616822486743330956e-03 4.521181806921958923e-02 5.313327535986900330e-02 2.054922515526413918e-03 3.054400905966758728e-02 5.008347332477569580e-03 1.675041858106851578e-03 2.018821388483047485e-01 8.145160973072052002e-02 4.765624925494194031e-02 2.603198168799281120e-03 1.745068281888961792e-02 5.396825447678565979e-02 6.070793047547340393e-02 2.035381458699703217e-02 9.491732716560363770e-02 9.038493782281875610e-02 1.559919212013483047e-02 1.724590212106704712e-01 2.131436169147491455e-01 0.000000000000000000e+00 1.119205281138420105e-01
5.249960720539093018e-02 1.702387183904647827e-01 1.427599042654037476e-01 2.262187302112579346e-01 5.118171870708465576e-02 7.232955098152160645e-02 1.400441378355026245e-01 7.456000149250030518e-02 1.408187597990036011e-01 1.935311853885650635e-01 1.148738414049148560e-01 1.905690431594848633e-01 1.145038157701492310e-01 6.704798340797424316e-02 5.913893878459930420e-02 1.139492467045783997e-01 8.165565878152847290e-02 1.069721430540084839e-01 1.102661564946174622e-01 3.068690299987792969e-01 1.916252672672271729e-01 1.587301641702651978e-01 1.093491911888122559e-01 1.291190385818481445e-01 5.830444395542144775e-02 1.714634597301483154e-01 1.319737136363983154e-01 2.046636790037155151e-01 2.175566740334033966e-02 9.648979455232620239e-02 2.789944708347320557e-01 1.036967858672142029e-01 1.119205281138420105e-01 0.000000000000000000e+00
