0.000000000000000000e+00 8.228905498981475830e-02 7.176835834980010986e-02 1.122558489441871643e-01 1.820047348737716675e-01 3.698197379708290100e-02 3.826888278126716614e-02 4.125809296965599060e-02 5.090245231986045837e-02 7.088241726160049438e-02 5.389465019106864929e-02 5.111561715602874756e-02 5.346615239977836609e-02 3.912479057908058167e-02 3.769730776548385620e-02 1.587923988699913025e-02 1.159196253865957260e-03 6.384725868701934814e-02 7.868442684412002563e-02 1.319353431463241577e-01 8.523560315370559692e-02 6.779311597347259521e-02 1.576448231935501099e-02 3.557154163718223572e-02 2.899126335978507996e-02 1.598030477762222290e-01 7.599667459726333618e-02 7.666736096143722534e-02 8.879901468753814697e-02 1.131928153336048126e-02 7.376709580421447754e-02 2.241353541612625122e-01 8.461402356624603271e-02 1.073212772607803345e-01
8.228905498981475830e-02 0.000000000000000000e+00 1.058320235460996628e-02 3.024619072675704956e-02 2.603938877582550049e-01 1.189091652631759644e-01 4.415923357009887695e-02 1.231291145086288452e-01 3.151862323284149170e-02 1.147356536239385605e-02 2.852089330554008484e-02 3.130511566996574402e-02 2.895027585327625275e-02 1.210242062807083130e-01 1.196153089404106140e-01 6.649670749902725220e-02 8.113759756088256836e-02 1.853919960558414459e-02 3.628117963671684265e-03 5.019120499491691589e-02 2.967359032481908798e-03 1.457725930958986282e-02 9.792650490999221802e-02 4.685466364026069641e-02 5.342524871230125427e-02 7.854688167572021484e-02 6.331976503133773804e-03 5.657388363033533096e-03 1.698469668626785278e-01 7.103594392538070679e-02 8.574007079005241394e-03 3.008750975131988525e-01 1.657489985227584839e-01 1.879504770040512085e-01
7.176835834980010986e-02 1.058320235460996628e-02 0.000000000000000000e+00 4.081632569432258606e-02 2.505010068416595459e-01 1.084624528884887695e-01 3.359173238277435303e-02 1.126927658915519714e-01 2.094240859150886536e-02 8.904719725251197815e-04 1.794310659170150757e-02 2.072877995669841766e-02 1.837270334362983704e-02 1.105826422572135925e-01 1.091703027486801147e-01 5.595288053154945374e-02 7.061503082513809204e-02 7.957560010254383087e-03 6.955351214855909348e-03 6.074213981628417969e-02 1.355013530701398849e-02 3.994673956185579300e-03 8.743391931056976318e-02 3.628945723176002502e-02 4.286628216505050659e-02 8.905605226755142212e-02 4.251510370522737503e-03 4.926108289510011673e-03 1.595505625009536743e-01 6.049821898341178894e-02 2.009377116337418556e-03 2.912192046642303467e-01 1.554384678602218628e-01 1.777207702398300171e-01
1.122558489441871643e-01 3.024619072675704956e-02 4.081632569432258606e-02 0.000000000000000000e+00 2.883688807487487793e-01 1.486208289861679077e-01 7.430617511272430420e-02 1.528062224388122559e-01 6.170598790049552917e-02 4.170528426766395569e-02 5.871643126010894775e-02 6.149308010935783386e-02 5.914467573165893555e-02 1.507186889648437500e-01 1.493212729692459106e-01 9.654871374368667603e-02 1.111111119389533997e-01 4.875804856419563293e-02 3.387059271335601807e-02 1.997533999383449554e-02 2.728127874433994293e-02 4.480369389057159424e-02 1.277941763401031494e-01 7.699174433946609497e-02 8.353645354509353638e-02 4.841571673750877380e-02 3.657116368412971497e-02 3.589743748307228088e-02 1.990704834461212158e-01 1.010649874806404114e-01 3.881013393402099609e-02 3.281351625919342041e-01 1.950175166130065918e-01 2.169632762670516968e-01
1.820047348737716675e-01 2.603938877582550049e-01 2.505010068416595459e-01 2.883688807487487793e-01 0.000000000000000000e+00 1.460055112838745117e-01 2.187500000000000000e-01 1.418115347623825073e-01 2.307692319154739380e-01 2.496662288904190063e-01 2.336079031229019165e-01 2.309715598821640015e-01 2.332015782594680786e-01 1.439046710729598999e-01 1.453043818473815918e-01 1.973137259483337402e-01 1.831253021955490112e-01 2.430278956890106201e-01 2.570085525512695312e-01 3.065782487392425537e-01 2.631579041481018066e-01 2.467532455921173096e-01 1.667186021804809570e-01 2.161767035722732544e-01 2.098885178565979004e-01 3.321473002433776855e-01 2.544814944267272949e-01 2.551122903823852539e-01 9.473684430122375488e-02 1.929265558719635010e-01 2.523833513259887695e-01 4.392236843705177307e-02 9.891399741172790527e-02 7.617131620645523071e-02
3.698197379708290100e-02 1.189091652631759644e-01 1.084624528884887695e-01 1.486208289861679077e-01 1.460055112838745117e-01 0.000000000000000000e+00 7.514450699090957642e-02 4.282655194401741028e-03 8.771929889917373657e-02 1.075823754072189331e-01 9.069585800170898438e-02 8.793137222528457642e-02 9.026964008808135986e-02 2.145922742784023285e-03 7.163324044086039066e-04 5.283018946647644043e-02 3.813953325152397156e-02 1.005917191505432129e-01 1.153308004140853882e-01 1.680971384048461914e-01 1.218335330486297607e-01 1.045130640268325806e-01 2.122986875474452972e-02 7.245820015668869019e-02 6.590257585048675537e-02 1.956288814544677734e-01 1.126620173454284668e-01 1.133280098438262939e-01 5.198776721954345703e-02 4.828104376792907715e-02 1.104477643966674805e-01 1.887176483869552612e-01 4.778157174587249756e-02 7.061959058046340942e-02
3.826888278126716614e-02 4.415923357009887695e-02 3.359173238277435303e-02 7.430617511272430420e-02 2.187500000000000000e-01 7.514450699090957642e-02 0.000000000000000000e+00 7.940161228179931641e-02 1.265822816640138626e-02 3.270223736763000488e-02 1.565806195139884949e-02 1.287191361188888550e-02 1.522842608392238617e-02 7.727797329425811768e-02 7.585676014423370361e-02 2.240325883030891418e-02 3.711133450269699097e-02 2.564102597534656525e-02 4.053761065006256104e-02 9.414178133010864258e-02 4.712041839957237244e-02 2.960103005170822144e-02 5.400078743696212769e-02 2.701018005609512329e-03 9.287925437092781067e-03 1.222819760441780090e-01 3.783783689141273499e-02 3.851146623492240906e-02 1.266375482082366943e-01 2.696128189563751221e-02 3.559870645403862000e-02 2.601726353168487549e-01 1.224862858653068542e-01 1.449946612119674683e-01
4.125809296965599060e-02 1.231291145086288452e-01 1.126927658915519714e-01 1.528062224388122559e-01 1.418115347623825073e-01 4.282655194401741028e-03 7.940161228179931641e-02 0.000000000000000000e+00 9.196740388870239258e-02 1.118135154247283936e-01 9.494163095951080322e-02 9.217931330204010010e-02 9.451575577259063721e-02 2.136752242222428322e-03 3.566333791241049767e-03 5.709992349147796631e-02 4.241526126861572266e-02 1.048292145133018494e-01 1.195544078946113586e-01 1.722557842731475830e-01 1.260504275560379028e-01 1.087470427155494690e-01 2.551020495593547821e-02 7.671704888343811035e-02 7.016543298959732056e-02 1.997441947460174561e-01 1.168882697820663452e-01 1.175536140799522400e-01 4.771573469042778015e-02 5.255283415317535400e-02 1.146761700510978699e-01 1.845841854810714722e-01 4.350781813263893127e-02 6.635700166225433350e-02
5.090245231986045837e-02 3.151862323284149170e-02 2.094240859150886536e-02 6.170598790049552917e-02 2.307692319154739380e-01 8.771929889917373657e-02 1.265822816640138626e-02 9.196740388870239258e-02 0.000000000000000000e+00 2.005231007933616638e-02 3.000428667291998863e-03 2.137208794010803103e-04 2.570694079622626305e-03 8.984830975532531738e-02 8.843007683753967285e-02 3.505154699087142944e-02 4.974619299173355103e-02 1.298701297491788864e-02 2.789369598031044006e-02 8.158077299594879150e-02 3.448275849223136902e-02 1.694915257394313812e-02 6.661348044872283936e-02 1.535872090607881546e-02 2.194357290863990784e-02 1.097936928272247314e-01 2.519167587161064148e-02 2.586584910750389099e-02 1.390728503465652466e-01 3.960599377751350403e-02 2.295081876218318939e-02 2.719352841377258301e-01 1.349353045225143433e-01 1.573640555143356323e-01
7.088241726160049438e-02 1.147356536239385605e-02 8.904719725251197815e-04 4.170528426766395569e-02 2.496662288904190063e-01 1.075823754072189331e-01 3.270223736763000488e-02 1.118135154247283936e-01 2.005231007933616638e-02 0.000000000000000000e+00 1.705290749669075012e-02 1.983867399394512177e-02 1.748251728713512421e-02 1.097029671072959900e-01 1.082903593778610229e-01 5.506515502929687500e-02 6.972894817590713501e-02 7.067137863487005234e-03 7.845774292945861816e-03 6.162928044795989990e-02 1.444043312221765518e-02 3.104212926700711250e-03 8.655018359422683716e-02 3.540012985467910767e-02 4.197741299867630005e-02 8.993939310312271118e-02 5.141962785273790359e-03 5.816554650664329529e-03 1.586826294660568237e-01 5.961095914244651794e-02 2.899843966588377953e-03 2.904040515422821045e-01 1.545693874359130859e-01 1.768582910299301147e-01
5.389465019106864929e-02 2.852089330554008484e-02 1.794310659170150757e-02 5.871643126010894775e-02 2.336079031229019165e-01 9.069585800170898438e-02 1.565806195139884949e-02 9.494163095951080322e-02 3.000428667291998863e-03 1.705290749669075012e-02 0.000000000000000000e+00 2.786709461361169815e-03 4.297378472983837128e-04 9.282371401786804199e-02 9.140624850988388062e-02 3.804797306656837463e-02 5.273874849081039429e-02 9.986973367631435394e-03 2.489535138010978699e-02 7.859957963228225708e-02 3.148558735847473145e-02 1.394943334162235260e-02 6.960000097751617432e-02 1.835830323398113251e-02 2.494236081838607788e-02 1.068284586071968079e-01 2.219292521476745605e-02 2.286719344556331635e-02 1.420140117406845093e-01 4.260135814547538757e-02 1.995176449418067932e-02 2.747115790843963623e-01 1.378799080848693848e-01 1.602888107299804688e-01
5.111561715602874756e-02 3.130511566996574402e-02 2.072877995669841766e-02 6.149308010935783386e-02 2.309715598821640015e-01 8.793137222528457642e-02 1.287191361188888550e-02 9.217931330204010010e-02 2.137208794010803103e-04 1.983867399394512177e-02 2.786709461361169815e-03 0.000000000000000000e+00 2.356974408030509949e-03 9.006030112504959106e-02 8.864212036132812500e-02 3.526500239968299866e-02 4.995938390493392944e-02 1.277332752943038940e-02 2.768013998866081238e-02 8.136846870183944702e-02 3.426929190754890442e-02 1.673549227416515350e-02 6.682625412940979004e-02 1.557239051908254623e-02 2.215719036757946014e-02 1.095825433731079102e-01 2.497809007763862610e-02 2.565226890146732330e-02 1.392824351787567139e-01 3.981937468051910400e-02 2.273721061646938324e-02 2.721332013607025146e-01 1.351451277732849121e-01 1.575724780559539795e-01
5.346615239977836609e-02 2.895027585327625275e-02 1.837270334362983704e-02 5.914467573165893555e-02 2.332015782594680786e-01 9.026964008808135986e-02 1.522842608392238617e-02 9.451575577259063721e-02 2.570694079622626305e-03 1.748251728713512421e-02 4.297378472983837128e-04 2.356974408030509949e-03 0.000000000000000000e+00 9.239766001701354980e-02 9.098008275032043457e-02 3.761884942650794983e-02 5.231019854545593262e-02 1.041666697710752487e-02 2.532481774687767029e-02 7.902665436267852783e-02 3.191489353775978088e-02 1.437908504158258438e-02 6.917233020067214966e-02 1.792870648205280304e-02 2.451288513839244843e-02 1.072532683610916138e-01 2.262244746088981628e-02 2.329670265316963196e-02 1.415929198265075684e-01 4.217239096760749817e-02 2.038132771849632263e-02 2.743142247200012207e-01 1.374583244323730469e-01 1.598700881004333496e-01
3.912479057908058167e-02 1.210242062807083130e-01 1.105826422572135925e-01 1.507186889648437500e-01 1.439046710729598999e-01 2.145922742784023285e-03 7.727797329425811768e-02 2.136752242222428322e-03 8.984830975532531738e-02 1.097029671072959900e-01 9.282371401786804199e-02 9.006030112504959106e-02 9.239766001701354980e-02 0.000000000000000000e+00 1.429592608474195004e-03 5.496988072991371155e-02 4.028216004371643066e-02 1.027154698967933655e-01 1.174476593732833862e-01 1.701816618442535400e-01 1.239470541477203369e-01 1.066350713372230530e-01 2.337472699582576752e-02 7.459252327680587769e-02 6.803888082504272461e-02 1.976918131113052368e-01 1.147801876068115234e-01 1.154458597302436829e-01 4.984740540385246277e-02 5.042174458503723145e-02 1.125670075416564941e-01 1.866473108530044556e-01 4.564032703638076782e-02 6.848404556512832642e-02
3.769730776548385620e-02 1.196153089404106140e-01 1.091703027486801147e-01 1.493212729692459106e-01 1.453043818473815918e-01 7.163324044086039066e-04 7.585676014423370361e-02 3.566333791241049767e-03 8.843007683753967285e-02 1.082903593778610229e-01 9.140624850988388062e-02 8.864212036132812500e-02 9.098008275032043457e-02 1.429592608474195004e-03 0.000000000000000000e+00 5.354449525475502014e-02 3.885480388998985291e-02 1.013007462024688721e-01 1.160375475883483887e-01 1.687931418418884277e-01 1.225391700863838196e-01 1.052215173840522766e-01 2.194586768746376038e-02 7.317072898149490356e-02 6.661576777696609497e-02 1.963177025318145752e-01 1.133691966533660889e-01 1.140350848436355591e-01 5.127334594726562500e-02 4.899568110704421997e-02 1.111553013324737549e-01 1.880267411470413208e-01 4.706684872508049011e-02 6.990679353475570679e-02
1.587923988699913025e-02 6.649670749902725220e-02 5.595288053154945374e-02 9.654871374368667603e-02 1.973137259483337402e-01 5.283018946647644043e-02 2.240325883030891418e-02 5.709992349147796631e-02 3.505154699087142944e-02 5.506515502929687500e-02 3.804797306656837463e-02 3.526500239968299866e-02 3.761884942650794983e-02 5.496988072991371155e-02 5.354449525475502014e-02 0.000000000000000000e+00 1.472031418234109879e-02 4.801670089364051819e-02 6.288375705480575562e-02 1.162997558712959290e-01 6.945036351680755615e-02 5.196982249617576599e-02 3.163580223917961121e-02 1.970343291759490967e-02 1.311806216835975647e-02 1.442899405956268311e-01 6.019007414579391479e-02 6.086221337318420410e-02 1.045308634638786316e-01 4.560777451843023300e-03 5.795574188232421875e-02 2.391633838415145874e-01 1.003584265708923340e-01 1.229909136891365051e-01
1.159196253865957260e-03 8.113759756088256836e-02 7.061503082513809204e-02 1.111111119389533997e-01 1.831253021955490112e-01 3.813953325152397156e-02 3.711133450269699097e-02 4.241526126861572266e-02 4.974619299173355103e-02 6.972894817590713501e-02 5.273874849081039429e-02 4.995938390493392944e-02 5.231019854545593262e-02 4.028216004371643066e-02 3.885480388998985291e-02 1.472031418234109879e-02 0.000000000000000000e+00 6.269270181655883789e-02 7.753230631351470947e-02 1.307961493730545044e-01 8.408471196889877319e-02 6.663915514945983887e-02 1.692336983978748322e-02 3.441376611590385437e-02 2.783300168812274933e-02 1.586732417345046997e-01 7.484407722949981689e-02 7.551487535238265991e-02 8.994895219802856445e-02 1.016021892428398132e-02 7.261411100625991821e-02 2.252360284328460693e-01 8.576481044292449951e-02 1.084669753909111023e-01
6.384725868701934814e-02 1.853919960558414459e-02 7.957560010254383087e-03 4.875804856419563293e-02 2.430278956890106201e-01 1.005917191505432129e-01 2.564102597534656525e-02 1.048292145133018494e-01 1.298701297491788864e-02 7.067137863487005234e-03 9.986973367631435394e-03 1.277332752943038940e-02 1.041666697710752487e-02 1.027154698967933655e-01 1.013007462024688721e-01 4.801670089364051819e-02 6.269270181655883789e-02 0.000000000000000000e+00 1.491208560764789581e-02 6.866651028394699097e-02 2.150537632405757904e-02 3.963011782616376877e-03 7.953169196844100952e-02 2.834008075296878815e-02 3.492063656449317932e-02 9.694491326808929443e-02 1.220865733921527863e-02 1.288316305726766586e-02 1.517857164144515991e-01 5.256596580147743225e-02 9.966777637600898743e-03 2.839196026325225830e-01 1.476635485887527466e-01 1.700036376714706421e-01
7.868442684412002563e-02 3.628117963671684265e-03 6.955351214855909348e-03 3.387059271335601807e-02 2.570085525512695312e-01 1.153308004140853882e-01 4.053761065006256104e-02 1.195544078946113586e-01 2.789369598031044006e-02 7.845774292945861816e-03 2.489535138010978699e-02 2.768013998866081238e-02 2.532481774687767029e-02 1.174476593732833862e-01 1.160375475883483887e-01 6.288375705480575562e-02 7.753230631351470947e-02 1.491208560764789581e-02 0.000000000000000000e+00 5.380952358245849609e-02 6.595405749976634979e-03 1.094972062855958939e-02 9.433189779520034790e-02 4.323389381170272827e-02 4.980678483843803406e-02 8.215159177780151367e-02 2.703920705243945122e-03 2.029312308877706528e-03 1.663213372230529785e-01 6.742519885301589966e-02 4.946043249219655991e-03 2.975718080997467041e-01 1.622184365987777710e-01 1.844481229782104492e-01
1.319353431463241577e-01 5.019120499491691589e-02 6.074213981628417969e-02 1.997533999383449554e-02 3.065782487392425537e-01 1.680971384048461914e-01 9.414178133010864258e-02 1.722557842731475830e-01 8.158077299594879150e-02 6.162928044795989990e-02 7.859957963228225708e-02 8.136846870183944702e-02 7.902665436267852783e-02 1.701816618442535400e-01 1.687931418418884277e-01 1.162997558712959290e-01 1.307961493730545044e-01 6.866651028394699097e-02 5.380952358245849609e-02 0.000000000000000000e+00 4.723088070750236511e-02 6.472110748291015625e-02 1.473932564258575439e-01 9.681817889213562012e-02 1.033393517136573792e-01 2.846790850162506104e-02 5.650522187352180481e-02 5.583273991942405701e-02 2.181782424449920654e-01 1.207964569330215454e-01 5.873993411660194397e-02 3.458436131477355957e-01 2.141585946083068848e-01 2.359161674976348877e-01
8.523560315370559692e-02 2.967359032481908798e-03 1.355013530701398849e-02 2.728127874433994293e-02 2.631579041481018066e-01 1.218335330486297607e-01 4.712041839957237244e-02 1.260504275560379028e-01 3.448275849223136902e-02 1.444043312221765518e-02 3.148558735847473145e-02 3.426929190754890442e-02 3.191489353775978088e-02 1.239470541477203369e-01 1.225391700863838196e-01 6.945036351680755615e-02 8.408471196889877319e-02 2.150537632405757904e-02 6.595405749976634979e-03 4.723088070750236511e-02 0.000000000000000000e+00 1.754385977983474731e-02 1.008645519614219666e-01 4.981509596109390259e-02 5.638366937637329102e-02 7.559714466333389282e-02 9.299160912632942200e-03 8.624603040516376495e-03 1.727272719144821167e-01 7.398770749568939209e-02 1.154107227921485901e-02 3.035714328289031982e-01 1.686334162950515747e-01 1.908114105463027954e-01
6.779311597347259521e-02 1.457725930958986282e-02 3.994673956185579300e-03 4.480369389057159424e-02 2.467532455921173096e-01 1.045130640268325806e-01 2.960103005170822144e-02 1.087470427155494690e-01 1.694915257394313812e-02 3.104212926700711250e-03 1.394943334162235260e-02 1.673549227416515350e-02 1.437908504158258438e-02 1.066350713372230530e-01 1.052215173840522766e-01 5.196982249617576599e-02 6.663915514945983887e-02 3.963011782616376877e-03 1.094972062855958939e-02 6.472110748291015625e-02 1.754385977983474731e-02 0.000000000000000000e+00 8.346839249134063721e-02 3.229946643114089966e-02 3.887826576828956604e-02 9.301763772964477539e-02 8.246043696999549866e-03 8.920606225728988647e-03 1.556551009416580200e-01 5.651720613241195679e-02 6.004002876579761505e-03 2.875590622425079346e-01 1.515378803014755249e-01 1.738495230674743652e-01
1.576448231935501099e-02 9.792650490999221802e-02 8.743391931056976318e-02 1.277941763401031494e-01 1.667186021804809570e-01 2.122986875474452972e-02 5.400078743696212769e-02 2.551020495593547821e-02 6.661348044872283936e-02 8.655018359422683716e-02 6.960000097751617432e-02 6.682625412940979004e-02 6.917233020067214966e-02 2.337472699582576752e-02 2.194586768746376038e-02 3.163580223917961121e-02 1.692336983978748322e-02 7.953169196844100952e-02 9.433189779520034790e-02 1.473932564258575439e-01 1.008645519614219666e-01 8.346839249134063721e-02 0.000000000000000000e+00 5.130725353956222534e-02 4.473530128598213196e-02 1.751263439655303955e-01 9.165135771036148071e-02 9.232026338577270508e-02 7.313691824674606323e-02 2.707893215119838715e-02 8.942758291959762573e-02 2.091097235679626465e-01 6.894150376319885254e-02 9.171195328235626221e-02
3.557154163718223572e-02 4.685466364026069641e-02 3.628945723176002502e-02 7.699174433946609497e-02 2.161767035722732544e-01 7.245820015668869019e-02 2.701018005609512329e-03 7.671704888343811035e-02 1.535872090607881546e-02 3.540012985467910767e-02 1.835830323398113251e-02 1.557239051908254623e-02 1.792870648205280304e-02 7.459252327680587769e-02 7.317072898149490356e-02 1.970343291759490967e-02 3.441376611590385437e-02 2.834008075296878815e-02 4.323389381170272827e-02 9.681817889213562012e-02 4.981509596109390259e-02 3.229946643114089966e-02 5.130725353956222534e-02 0.000000000000000000e+00 6.587072741240262985e-03 1.249417215585708618e-01 4.053471237421035767e-02 4.120820015668869019e-02 1.239789426326751709e-01 2.426202967762947083e-02 3.829604014754295349e-02 2.576526701450347900e-01 1.198249161243438721e-01 1.423493921756744385e-01
2.899126335978507996e-02 5.342524871230125427e-02 4.286628216505050659e-02 8.353645354509353638e-02 2.098885178565979004e-01 6.590257585048675537e-02 9.287925437092781067e-03 7.016543298959732056e-02 2.194357290863990784e-02 4.197741299867630005e-02 2.494236081838607788e-02 2.215719036757946014e-02 2.451288513839244843e-02 6.803888082504272461e-02 6.661576777696609497e-02 1.311806216835975647e-02 2.783300168812274933e-02 3.492063656449317932e-02 4.980678483843803406e-02 1.033393517136573792e-01 5.638366937637329102e-02 3.887826576828956604e-02 4.473530128598213196e-02 6.587072741240262985e-03 0.000000000000000000e+00 1.314206421375274658e-01 4.710920900106430054e-02 4.778230190277099609e-02 1.174878180027008057e-01 1.767778210341930389e-02 4.487179592251777649e-02 2.514924108982086182e-01 1.133272871375083923e-01 1.358897387981414795e-01
1.598030477762222290e-01 7.854688167572021484e-02 8.905605226755142212e-02 4.841571673750877380e-02 3.321473002433776855e-01 1.956288814544677734e-01 1.222819760441780090e-01 1.997441947460174561e-01 1.097936928272247314e-01 8.993939310312271118e-02 1.068284586071968079e-01 1.095825433731079102e-01 1.072532683610916138e-01 1.976918131113052368e-01 1.963177025318145752e-01 1.442899405956268311e-01 1.586732417345046997e-01 9.694491326808929443e-02 8.215159177780151367e-02 2.846790850162506104e-02 7.559714466333389282e-02 9.301763772964477539e-02 1.751263439655303955e-01 1.249417215585708618e-01 1.314206421375274658e-01 0.000000000000000000e+00 8.483666181564331055e-02 8.416686952114105225e-02 2.451236695051193237e-01 1.487528383731842041e-01 8.706225454807281494e-02 3.706621825695037842e-01 2.411562502384185791e-01 2.626203000545501709e-01
7.599667459726333618e-02 6.331976503133773804e-03 4.251510370522737503e-03 3.657116368412971497e-02 2.544814944267272949e-01 1.126620173454284668e-01 3.783783689141273499e-02 1.168882697820663452e-01 2.519167587161064148e-02 5.141962785273790359e-03 2.219292521476745605e-02 2.497809007763862610e-02 2.262244746088981628e-02 1.147801876068115234e-01 1.133691966533660889e-01 6.019007414579391479e-02 7.484407722949981689e-02 1.220865733921527863e-02 2.703920705243945122e-03 5.650522187352180481e-02 9.299160912632942200e-03 8.246043696999549866e-03 9.165135771036148071e-02 4.053471237421035767e-02 4.710920900106430054e-02 8.483666181564331055e-02 0.000000000000000000e+00 6.746121216565370560e-04 1.636910289525985718e-01 6.473308056592941284e-02 2.242152579128742218e-03 2.951053380966186523e-01 1.595845073461532593e-01 1.818348914384841919e-01
7.666736096143722534e-02 5.657388363033533096e-03 4.926108289510011673e-03 3.589743748307228088e-02 2.551122903823852539e-01 1.133280098438262939e-01 3.851146623492240906e-02 1.175536140799522400e-01 2.586584910750389099e-02 5.816554650664329529e-03 2.286719344556331635e-02 2.565226890146732330e-02 2.329670265316963196e-02 1.154458597302436829e-01 1.140350848436355591e-01 6.086221337318420410e-02 7.551487535238265991e-02 1.288316305726766586e-02 2.029312308877706528e-03 5.583273991942405701e-02 8.624603040516376495e-03 8.920606225728988647e-03 9.232026338577270508e-02 4.120820015668869019e-02 4.778230190277099609e-02 8.416686952114105225e-02 6.746121216565370560e-04 0.000000000000000000e+00 1.643474996089935303e-01 6.540483981370925903e-02 2.916760044172406197e-03 2.957210838794708252e-01 1.602418720722198486e-01 1.824871301651000977e-01
8.879901468753814697e-02 1.698469668626785278e-01 1.595505625009536743e-01 1.990704834461212158e-01 9.473684430122375488e-02 5.198776721954345703e-02 1.266375482082366943e-01 4.771573469042778015e-02 1.390728503465652466e-01 1.586826294660568237e-01 1.420140117406845093e-01 1.392824351787567139e-01 1.415929198265075684e-01 4.984740540385246277e-02 5.127334594726562500e-02 1.045308634638786316e-01 8.994895219802856445e-02 1.517857164144515991e-01 1.663213372230529785e-01 2.181782424449920654e-01 1.727272719144821167e-01 1.556551009416580200e-01 7.313691824674606323e-02 1.239789426326751709e-01 1.174878180027008057e-01 2.451236695051193237e-01 1.636910289525985718e-01 1.643474996089935303e-01 0.000000000000000000e+00 1.000177636742591858e-01 1.615081578493118286e-01 1.380846351385116577e-01 4.216671921312808990e-03 1.870047487318515778e-02
1.131928153336048126e-02 7.103594392538070679e-02 6.049821898341178894e-02 1.010649874806404114e-01 1.929265558719635010e-01 4.828104376792907715e-02 2.696128189563751221e-02 5.255283415317535400e-02 3.960599377751350403e-02 5.961095914244651794e-02 4.260135814547538757e-02 3.981937468051910400e-02 4.217239096760749817e-02 5.042174458503723145e-02 4.899568110704421997e-02 4.560777451843023300e-03 1.016021892428398132e-02 5.256596580147743225e-02 6.742519885301589966e-02 1.207964569330215454e-01 7.398770749568939209e-02 5.651720613241195679e-02 2.707893215119838715e-02 2.426202967762947083e-02 1.767778210341930389e-02 1.487528383731842041e-01 6.473308056592941284e-02 6.540483981370925903e-02 1.000177636742591858e-01 0.000000000000000000e+00 6.250000000000000000e-02 2.348587810993194580e-01 9.584151208400726318e-02 1.184966042637825012e-01
7.376709580421447754e-02 8.574007079005241394e-03 2.009377116337418556e-03 3.881013393402099609e-02 2.523833513259887695e-01 1.104477643966674805e-01 3.559870645403862000e-02 1.146761700510978699e-01 2.295081876218318939e-02 2.899843966588377953e-03 1.995176449418067932e-02 2.273721061646938324e-02 2.038132771849632263e-02 1.125670075416564941e-01 1.111553013324737549e-01 5.795574188232421875e-02 7.261411100625991821e-02 9.966777637600898743e-03 4.946043249219655991e-03 5.873993411660194397e-02 1.154107227921485901e-02 6.004002876579761505e-03 8.942758291959762573e-02 3.829604014754295349e-02 4.487179592251777649e-02 8.706225454807281494e-02 2.242152579128742218e-03 2.916760044172406197e-03 1.615081578493118286e-01 6.250000000000000000e-02 0.000000000000000000e+00 2.930570840835571289e-01 1.573986858129501343e-01 1.796659976243972778e-01
2.241353541612625122e-01 3.008750975131988525e-01 2.912192046642303467e-01 3.281351625919342041e-01 4.392236843705177307e-02 1.887176483869552612e-01 2.601726353168487549e-01 1.845841854810714722e-01 2.719352841377258301e-01 2.904040515422821045e-01 2.747115790843963623e-01 2.721332013607025146e-01 2.743142247200012207e-01 1.866473108530044556e-01 1.880267411470413208e-01 2.391633838415145874e-01 2.252360284328460693e-01 2.839196026325225830e-01 2.975718080997467041e-01 3.458436131477355957e-01 3.035714328289031982e-01 2.875590622425079346e-01 2.091097235679626465e-01 2.576526701450347900e-01 2.514924108982086182e-01 3.706621825695037842e-01 2.951053380966186523e-01 2.957210838794708252e-01 1.380846351385116577e-01 2.348587810993194580e-01 2.930570840835571289e-01 0.000000000000000000e+00 1.422185003757476807e-01 1.196932345628738403e-01
8.461402356624603271e-02 1.657489985227584839e-01 1.554384678602218628e-01 1.950175166130065918e-01 9.891399741172790527e-02 4.778157174587249756e-02 1.224862858653068542e-01 4.350781813263893127e-02 1.349353045225143433e-01 1.545693874359130859e-01 1.378799080848693848e-01 1.351451277732849121e-01 1.374583244323730469e-01 4.564032703638076782e-02 4.706684872508049011e-02 1.003584265708923340e-01 8.576481044292449951e-02 1.476635485887527466e-01 1.622184365987777710e-01 2.141585946083068848e-01 1.686334162950515747e-01 1.515378803014755249e-01 6.894150376319885254e-02 1.198249161243438721e-01 1.133272871375083923e-01 2.411562502384185791e-01 1.595845073461532593e-01 1.602418720722198486e-01 4.216671921312808990e-03 9.584151208400726318e-02 1.573986858129501343e-01 1.422185003757476807e-01 0.000000000000000000e+00 2.291534096002578735e-02
1.073212772607803345e-01 1.879504770040512085e-01 1.777207702398300171e-01 2.169632762670516968e-01 7.617131620645523071e-02 7.061959058046340942e-02 1.449946612119674683e-01 6.635700166225433350e-02 1.573640555143356323e-01 1.768582910299301147e-01 1.602888107299804688e-01 1.575724780559539795e-01 1.598700881004333496e-01 6.848404556512832642e-02 6.990679353475570679e-02 1.229909136891365051e-01 1.084669753909111023e-01 1.700036376714706421e-01 1.844481229782104492e-01 2.359161674976348877e-01 1.908114105463027954e-01 1.738495230674743652e-01 9.171195328235626221e-02 1.423493921756744385e-01 1.358897387981414795e-01 2.626203000545501709e-01 1.818348914384841919e-01 1.824871301651000977e-01 1.870047487318515778e-02 1.184966042637825012e-01 1.796659976243972778e-01 1.196932345628738403e-01 2.291534096002578735e-02 0.000000000000000000e+00
