0.000000000000000000e+00 1.527672410011291504e-01 1.030105203390121460e-01 2.346731573343276978e-01 9.413166344165802002e-02 1.976935658603906631e-03 8.723632246255874634e-02 1.481969375163316727e-03 1.372475624084472656e-01 1.553951352834701538e-01 1.110705137252807617e-01 1.221402212977409363e-01 7.760453224182128906e-02 1.346309855580329895e-02 4.537641629576683044e-02 8.548991382122039795e-02 5.884401127696037292e-02 1.296433806419372559e-01 6.664328277111053467e-02 2.267043143510818481e-01 1.711919903755187988e-01 9.625089913606643677e-02 7.398904860019683838e-02 7.970885932445526123e-02 1.269223690032958984e-01 1.368224322795867920e-01 7.913413643836975098e-02 1.844206452369689941e-01 2.703567408025264740e-02 7.190694659948348999e-02 1.691657006740570068e-01 8.099123835563659668e-02 3.788395971059799194e-02 3.029336780309677124e-02
1.527672410011291504e-01 0.000000000000000000e+00 5.055225268006324768e-02 8.495145291090011597e-02 2.433987855911254883e-01 1.508358716964721680e-01 6.641604006290435791e-02 1.513195335865020752e-01 1.585204713046550751e-02 2.691789995878934860e-03 4.241645336151123047e-02 3.120936267077922821e-02 7.606448978185653687e-02 1.658891588449478149e-01 1.081404611468315125e-01 6.816760450601577759e-02 9.477521479129791260e-02 2.359108813107013702e-02 8.700980246067047119e-02 7.658959180116653442e-02 1.891953498125076294e-02 5.735976248979568481e-02 7.967881113290786743e-02 7.395897805690765381e-02 2.635591290891170502e-02 1.628521084785461426e-02 7.453416287899017334e-02 3.257103264331817627e-02 1.790633648633956909e-01 8.175842463970184326e-02 1.683348417282104492e-02 2.309015840291976929e-01 1.155520379543304443e-01 1.822173446416854858e-01
1.030105203390121460e-01 5.055225268006324768e-02 0.000000000000000000e+00 1.349242776632308960e-01 1.952489465475082397e-01 1.010541617870330811e-01 1.591723039746284485e-02 1.015440523624420166e-01 3.472803533077239990e-02 5.323679745197296143e-02 8.153282105922698975e-03 1.937345415353775024e-02 2.561071701347827911e-02 1.163123100996017456e-01 5.790476128458976746e-02 1.767626591026782990e-02 4.443585872650146484e-02 2.699335478246212006e-02 3.661862015724182129e-02 1.266514807939529419e-01 6.940540671348571777e-02 6.827309262007474899e-03 2.924435772001743317e-02 2.349457144737243652e-02 2.422861941158771515e-02 3.429527208209037781e-02 2.407261170446872711e-02 8.298664540052413940e-02 1.296850293874740601e-01 3.133568167686462402e-02 6.732844561338424683e-02 1.824793368577957153e-01 6.538170576095581055e-02 1.328891962766647339e-01
2.346731573343276978e-01 8.495145291090011597e-02 1.349242776632308960e-01 0.000000000000000000e+00 3.216984570026397705e-01 2.328042387962341309e-01 1.505182534456253052e-01 2.332723140716552734e-01 1.006679385900497437e-01 8.227848261594772339e-02 1.269106119871139526e-01 1.158536598086357117e-01 1.599821746349334717e-01 2.473547607660293579e-01 1.913341879844665527e-01 1.522374600172042847e-01 1.782912015914916992e-01 1.083254516124725342e-01 1.706995218992233276e-01 8.416622877120971680e-03 6.613822281360626221e-02 1.416211277246475220e-01 1.635234057903289795e-01 1.579182446002960205e-01 1.110587120056152344e-01 1.010968014597892761e-01 1.584821492433547974e-01 5.252575874328613281e-02 2.600588798522949219e-01 1.655599772930145264e-01 6.821551918983459473e-02 3.097766339778900146e-01 1.985544264316558838e-01 2.630961835384368896e-01
9.413166344165802002e-02 2.433987855911254883e-01 1.952489465475082397e-01 3.216984570026397705e-01 0.000000000000000000e+00 9.609071910381317139e-02 1.798907816410064697e-01 9.560029953718185425e-02 2.284280955791473389e-01 2.459294497966766357e-01 2.030789405107498169e-01 2.138136178255081177e-01 1.704907566308975220e-01 8.077092468738555908e-02 1.389147341251373291e-01 1.781876534223556519e-01 1.521330028772354126e-01 2.210771292448043823e-01 1.597726494073867798e-01 3.141323924064636230e-01 2.611158788204193115e-01 1.886731386184692383e-01 1.669578999280929565e-01 1.725458949804306030e-01 2.184441834688186646e-01 2.280173897743225098e-01 1.719846874475479126e-01 2.737992107868194580e-01 6.726717948913574219e-02 1.649222970008850098e-01 2.591703832149505615e-01 1.324137952178716660e-02 1.315465122461318970e-01 6.402085721492767334e-02
1.976935658603906631e-03 1.508358716964721680e-01 1.010541617870330811e-01 2.328042387962341309e-01 9.609071910381317139e-02 0.000000000000000000e+00 8.527409285306930542e-02 4.949678550474345684e-04 1.353073418140411377e-01 1.534653455018997192e-01 1.091175377368927002e-01 1.201923042535781860e-01 7.563920319080352783e-02 1.543962303549051285e-02 4.340337589383125305e-02 8.352709561586380005e-02 5.687369033694267273e-02 1.276991814374923706e-01 6.467486917972564697e-02 2.248281389474868774e-01 1.692723482847213745e-01 9.429191052913665771e-02 7.202265411615371704e-02 7.774417102336883545e-02 1.249767839908599854e-01 1.348819732666015625e-01 7.716927677392959595e-02 1.825102418661117554e-01 2.901105955243110657e-02 6.993994861841201782e-02 1.672447025775909424e-01 8.295489102602005005e-02 3.590971231460571289e-02 3.226837143301963806e-02
8.723632246255874634e-02 6.641604006290435791e-02 1.591723039746284485e-02 1.505182534456253052e-01 1.798907816410064697e-01 8.527409285306930542e-02 0.000000000000000000e+00 8.576544374227523804e-02 5.061728507280349731e-02 6.909547746181488037e-02 2.406738884747028351e-02 3.527980670332908630e-02 9.697440080344676971e-03 1.005812957882881165e-01 4.202626645565032959e-02 1.759530743584036827e-03 2.853881195187568665e-02 4.289215803146362305e-02 2.071346342563629150e-02 1.422818750143051147e-01 8.522848039865493774e-02 9.090908803045749664e-03 1.333333365619182587e-02 7.580175064504146576e-03 4.013037309050559998e-02 5.018511041998863220e-02 8.158507756888866425e-03 9.877340495586395264e-02 1.140031218528747559e-01 1.542614772915840149e-02 8.315655589103698730e-02 1.670473068952560425e-01 4.951600730419158936e-02 1.172199174761772156e-01
1.481969375163316727e-03 1.513195335865020752e-01 1.015440523624420166e-01 2.332723140716552734e-01 9.560029953718185425e-02 4.949678550474345684e-04 8.576544374227523804e-02 0.000000000000000000e+00 1.357932239770889282e-01 1.539486199617385864e-01 1.096065863966941833e-01 1.206800937652587891e-01 7.613132148981094360e-02 1.494476944208145142e-02 4.389740154147148132e-02 8.401858806610107422e-02 5.736704543232917786e-02 1.281860470771789551e-01 6.516774743795394897e-02 2.252980470657348633e-01 1.697530895471572876e-01 9.478244930505752563e-02 7.251503318548202515e-02 7.823613286018371582e-02 1.254639923572540283e-01 1.353679150342941284e-01 7.766127586364746094e-02 1.829886883497238159e-01 2.851650118827819824e-02 7.043247669935226440e-02 1.677257865667343140e-01 8.246330916881561279e-02 3.640403226017951965e-02 3.177390992641448975e-02
1.372475624084472656e-01 1.585204713046550751e-02 3.472803533077239990e-02 1.006679385900497437e-01 2.284280955791473389e-01 1.353073418140411377e-01 5.061728507280349731e-02 1.357932239770889282e-01 0.000000000000000000e+00 1.854304596781730652e-02 2.658227831125259399e-02 1.536491699516773224e-02 6.028513237833976746e-02 1.504327058792114258e-01 9.244689345359802246e-02 5.237215012311935425e-02 7.904191315174102783e-02 7.741935551166534424e-03 7.125604152679443359e-02 9.232954680919647217e-02 3.476115688681602478e-02 4.154549166560173035e-02 6.390748918056488037e-02 5.817513912916183472e-02 1.050825603306293488e-02 4.332755634095519781e-04 5.875153094530105591e-02 4.839809238910675049e-02 1.636759042739868164e-01 6.599190086126327515e-02 3.267681226134300232e-02 2.158395648002624512e-01 9.988295286893844604e-02 1.668472439050674438e-01
1.553951352834701538e-01 2.691789995878934860e-03 5.323679745197296143e-02 8.227848261594772339e-02 2.459294497966766357e-01 1.534653455018997192e-01 6.909547746181488037e-02 1.539486199617385864e-01 1.854304596781730652e-02 0.000000000000000000e+00 4.510309174656867981e-02 3.389830514788627625e-02 7.874015718698501587e-02 1.685056984424591064e-01 1.107999980449676514e-01 7.084639370441436768e-02 9.744214266538619995e-02 2.628120966255664825e-02 8.968058973550796509e-02 7.391304522752761841e-02 1.622857153415679932e-02 6.004228442907333374e-02 8.235294371843338013e-02 7.663551717996597290e-02 2.904564328491687775e-02 1.897616870701313019e-02 7.721046358346939087e-02 2.988186292350292206e-02 1.816675812005996704e-01 8.443163335323333740e-02 1.414233539253473282e-02 2.334482818841934204e-01 1.182070598006248474e-01 1.848184764385223389e-01
1.110705137252807617e-01 4.241645336151123047e-02 8.153282105922698975e-03 1.269106119871139526e-01 2.030789405107498169e-01 1.091175377368927002e-01 2.406738884747028351e-02 1.096065863966941833e-01 2.658227831125259399e-02 4.510309174656867981e-02 0.000000000000000000e+00 1.122194528579711914e-02 3.375694900751113892e-02 1.243476718664169312e-01 6.602687388658523560e-02 2.582582645118236542e-02 5.257009342312812805e-02 1.884422078728675842e-02 4.475853964686393738e-02 1.186206862330436707e-01 6.128680333495140076e-02 1.497975736856460571e-02 3.738872334361076355e-02 3.164179250597953796e-02 1.607851311564445496e-02 2.614930458366870880e-02 3.221957013010978699e-02 7.488402724266052246e-02 1.376927196979522705e-01 3.947887942194938660e-02 5.920766294002532959e-02 1.903494149446487427e-01 7.349581271409988403e-02 1.408898234367370605e-01
1.221402212977409363e-01 3.120936267077922821e-02 1.937345415353775024e-02 1.158536598086357117e-01 2.138136178255081177e-01 1.201923042535781860e-01 3.527980670332908630e-02 1.206800937652587891e-01 1.536491699516773224e-02 3.389830514788627625e-02 1.122194528579711914e-02 0.000000000000000000e+00 4.496186226606369019e-02 1.353807002305984497e-01 7.719162106513977051e-02 3.703703731298446655e-02 6.375442445278167725e-02 7.623888086527585983e-03 5.595238134264945984e-02 1.075418964028358459e-01 5.009931698441505432e-02 2.619729749858379364e-02 4.859028011560440063e-02 4.284851998090744019e-02 4.857444670051336288e-03 1.493174023926258087e-02 4.342581331729888916e-02 6.371562927961349487e-02 1.486849188804626465e-01 5.067837238311767578e-02 4.801762104034423828e-02 2.011417001485824585e-01 8.464793860912322998e-02 1.518716514110565186e-01
7.760453224182128906e-02 7.606448978185653687e-02 2.561071701347827911e-02 1.599821746349334717e-01 1.704907566308975220e-01 7.563920319080352783e-02 9.697440080344676971e-03 7.613132148981094360e-02 6.028513237833976746e-02 7.874015718698501587e-02 3.375694900751113892e-02 4.496186226606369019e-02 0.000000000000000000e+00 9.097258746623992920e-02 3.234200924634933472e-02 7.938044145703315735e-03 1.884658820927143097e-02 5.256773158907890320e-02 1.101823709905147552e-02 1.517699062824249268e-01 9.484753012657165527e-02 1.878669299185276031e-02 3.636363660916686058e-03 2.117420546710491180e-03 4.980842769145965576e-02 5.985341966152191162e-02 1.539053511805832386e-03 1.083670407533645630e-01 1.044211238622665405e-01 5.729564465582370758e-03 9.277917444705963135e-02 1.576051712036132812e-01 3.983769938349723816e-02 1.076448410749435425e-01
1.346309855580329895e-02 1.658891588449478149e-01 1.163123100996017456e-01 2.473547607660293579e-01 8.077092468738555908e-02 1.543962303549051285e-02 1.005812957882881165e-01 1.494476944208145142e-02 1.504327058792114258e-01 1.685056984424591064e-01 1.243476718664169312e-01 1.353807002305984497e-01 9.097258746623992920e-02 0.000000000000000000e+00 5.880359187722206116e-02 9.883925318717956543e-02 7.224987447261810303e-02 1.428571492433547974e-01 8.003456890583038330e-02 2.394366264343261719e-01 1.842304766178131104e-01 1.095720157027244568e-01 8.736512064933776855e-02 9.307207912206649780e-02 1.401459872722625732e-01 1.500091999769210815e-01 9.249868988990783691e-02 1.973936408758163452e-01 1.357751805335283279e-02 8.528747409582138062e-02 1.822138130664825439e-01 6.760185211896896362e-02 5.132088065147399902e-02 1.683713681995868683e-02
4.537641629576683044e-02 1.081404611468315125e-01 5.790476128458976746e-02 1.913341879844665527e-01 1.389147341251373291e-01 4.340337589383125305e-02 4.202626645565032959e-02 4.389740154147148132e-02 9.244689345359802246e-02 1.107999980449676514e-01 6.602687388658523560e-02 7.719162106513977051e-02 3.234200924634933472e-02 5.880359187722206116e-02 0.000000000000000000e+00 4.026971384882926941e-02 1.350364927202463150e-02 8.476562798023223877e-02 2.133137173950672150e-02 1.832126080989837646e-01 1.268005669116973877e-01 5.109765380620956421e-02 2.870902046561241150e-02 3.445706889033317566e-02 8.201831579208374023e-02 9.201730042695999146e-02 3.387937322258949280e-02 1.402176171541213989e-01 7.232336699962615967e-02 2.661737613379955292e-02 1.247468590736389160e-01 1.259049475193023682e-01 7.505360990762710571e-03 7.556591182947158813e-02
8.548991382122039795e-02 6.816760450601577759e-02 1.767626591026782990e-02 1.522374600172042847e-01 1.781876534223556519e-01 8.352709561586380005e-02 1.759530743584036827e-03 8.401858806610107422e-02 5.237215012311935425e-02 7.084639370441436768e-02 2.582582645118236542e-02 3.703703731298446655e-02 7.938044145703315735e-03 9.883925318717956543e-02 4.026971384882926941e-02 0.000000000000000000e+00 2.678062766790390015e-02 4.464831948280334473e-02 1.895462349057197571e-02 1.440053582191467285e-01 8.697497099637985229e-02 1.085026655346155167e-02 1.157407369464635849e-02 5.820721853524446487e-03 4.188694432377815247e-02 5.194005370140075684e-02 6.399069447070360184e-03 1.005154624581336975e-01 1.122661158442497253e-01 1.366698741912841797e-02 8.490366488695144653e-02 1.653363704681396484e-01 4.776063933968544006e-02 1.154842078685760498e-01
5.884401127696037292e-02 9.477521479129791260e-02 4.443585872650146484e-02 1.782912015914916992e-01 1.521330028772354126e-01 5.687369033694267273e-02 2.853881195187568665e-02 5.736704543232917786e-02 7.904191315174102783e-02 9.744214266538619995e-02 5.257009342312812805e-02 6.375442445278167725e-02 1.884658820927143097e-02 7.224987447261810303e-02 1.350364927202463150e-02 2.678062766790390015e-02 0.000000000000000000e+00 7.134363800287246704e-02 7.829977199435234070e-03 1.701298654079437256e-01 1.134912446141242981e-01 3.761996328830718994e-02 1.521126739680767059e-02 2.096317335963249207e-02 6.859063357114791870e-02 7.861132919788360596e-02 2.038505114614963531e-02 1.269543468952178955e-01 8.574327826499938965e-02 1.311844121664762497e-02 1.114309206604957581e-01 1.391719728708267212e-01 2.100688219070434570e-02 8.897876739501953125e-02
1.296433806419372559e-01 2.359108813107013702e-02 2.699335478246212006e-02 1.083254516124725342e-01 2.210771292448043823e-01 1.276991814374923706e-01 4.289215803146362305e-02 1.281860470771789551e-01 7.741935551166534424e-03 2.628120966255664825e-02 1.884422078728675842e-02 7.623888086527585983e-03 5.256773158907890320e-02 1.428571492433547974e-01 8.476562798023223877e-02 4.464831948280334473e-02 7.134363800287246704e-02 0.000000000000000000e+00 6.354916095733642578e-02 1.000000014901161194e-01 4.249165579676628113e-02 3.381443396210670471e-02 5.619335174560546875e-02 5.045592784881591797e-02 2.766546094790101051e-03 7.308684289455413818e-03 5.103280767798423767e-02 5.611899867653846741e-02 1.561318188905715942e-01 5.827974155545234680e-02 4.040852561593055725e-02 2.084459513425827026e-01 9.221231937408447266e-02 1.593110859394073486e-01
6.664328277111053467e-02 8.700980246067047119e-02 3.661862015724182129e-02 1.706995218992233276e-01 1.597726494073867798e-01 6.467486917972564697e-02 2.071346342563629150e-02 6.516774743795394897e-02 7.125604152679443359e-02 8.968058973550796509e-02 4.475853964686393738e-02 5.595238134264945984e-02 1.101823709905147552e-02 8.003456890583038330e-02 2.133137173950672150e-02 1.895462349057197571e-02 7.829977199435234070e-03 6.354916095733642578e-02 0.000000000000000000e+00 1.625163853168487549e-01 1.057552471756935120e-01 2.979876101016998291e-02 7.382169365882873535e-03 1.313535124063491821e-02 6.079330295324325562e-02 7.082495093345642090e-02 1.255707722157239914e-02 1.192428991198539734e-01 9.351047873497009277e-02 5.289006512612104416e-03 1.036914139986038208e-01 1.468419432640075684e-01 2.883211709558963776e-02 9.674134105443954468e-02
2.267043143510818481e-01 7.658959180116653442e-02 1.266514807939529419e-01 8.416622877120971680e-03 3.141323924064636230e-01 2.248281389474868774e-01 1.422818750143051147e-01 2.252980470657348633e-01 9.232954680919647217e-02 7.391304522752761841e-02 1.186206862330436707e-01 1.075418964028358459e-01 1.517699062824249268e-01 2.394366264343261719e-01 1.832126080989837646e-01 1.440053582191467285e-01 1.701298654079437256e-01 1.000000014901161194e-01 1.625163853168487549e-01 0.000000000000000000e+00 5.775374919176101685e-02 1.333634704351425171e-01 1.553205549716949463e-01 1.497005969285964966e-01 1.027381196618080139e-01 9.275911003351211548e-02 1.502659618854522705e-01 4.412864521145820618e-02 2.521942555904388428e-01 1.573626399040222168e-01 5.983325093984603882e-02 3.021478056907653809e-01 1.904560774564743042e-01 2.552447617053985596e-01
1.711919903755187988e-01 1.891953498125076294e-02 6.940540671348571777e-02 6.613822281360626221e-02 2.611158788204193115e-01 1.692723482847213745e-01 8.522848039865493774e-02 1.697530895471572876e-01 3.476115688681602478e-02 1.622857153415679932e-02 6.128680333495140076e-02 5.009931698441505432e-02 9.484753012657165527e-02 1.842304766178131104e-01 1.268005669116973877e-01 8.697497099637985229e-02 1.134912446141242981e-01 4.249165579676628113e-02 1.057552471756935120e-01 5.775374919176101685e-02 0.000000000000000000e+00 7.619661092758178711e-02 9.844993799924850464e-02 9.274873882532119751e-02 4.525288194417953491e-02 3.519390150904655457e-02 9.332209825515747070e-02 1.365991495549678802e-02 1.973144412040710449e-01 1.005224660038948059e-01 2.086714608594775200e-03 2.487345039844512939e-01 1.341782361268997192e-01 2.004458457231521606e-01
9.625089913606643677e-02 5.735976248979568481e-02 6.827309262007474899e-03 1.416211277246475220e-01 1.886731386184692383e-01 9.429191052913665771e-02 9.090908803045749664e-03 9.478244930505752563e-02 4.154549166560173035e-02 6.004228442907333374e-02 1.497975736856460571e-02 2.619729749858379364e-02 1.878669299185276031e-02 1.095720157027244568e-01 5.109765380620956421e-02 1.085026655346155167e-02 3.761996328830718994e-02 3.381443396210670471e-02 2.979876101016998291e-02 1.333634704351425171e-01 7.619661092758178711e-02 0.000000000000000000e+00 2.242152392864227295e-02 1.666993461549282074e-02 3.105079196393489838e-02 4.111295565962791443e-02 1.724813878536224365e-02 8.976309746503829956e-02 1.229665875434875488e-01 2.451361902058124542e-02 7.412167638540267944e-02 1.758711338043212891e-01 5.858054757118225098e-02 1.261763721704483032e-01
7.398904860019683838e-02 7.967881113290786743e-02 2.924435772001743317e-02 1.635234057903289795e-01 1.669578999280929565e-01 7.202265411615371704e-02 1.333333365619182587e-02 7.251503318548202515e-02 6.390748918056488037e-02 8.235294371843338013e-02 3.738872334361076355e-02 4.859028011560440063e-02 3.636363660916686058e-03 8.736512064933776855e-02 2.870902046561241150e-02 1.157407369464635849e-02 1.521126739680767059e-02 5.619335174560546875e-02 7.382169365882873535e-03 1.553205549716949463e-01 9.844993799924850464e-02 2.242152392864227295e-02 0.000000000000000000e+00 5.753739736974239349e-03 5.343511328101158142e-02 6.347596645355224609e-02 5.175387952476739883e-03 1.119592860341072083e-01 1.008230447769165039e-01 2.093244576826691628e-03 9.638302028179168701e-02 1.540571004152297974e-01 3.620658069849014282e-02 1.040492057800292969e-01
7.970885932445526123e-02 7.395897805690765381e-02 2.349457144737243652e-02 1.579182446002960205e-01 1.725458949804306030e-01 7.774417102336883545e-02 7.580175064504146576e-03 7.823613286018371582e-02 5.817513912916183472e-02 7.663551717996597290e-02 3.164179250597953796e-02 4.284851998090744019e-02 2.117420546710491180e-03 9.307207912206649780e-02 3.445706889033317566e-02 5.820721853524446487e-03 2.096317335963249207e-02 5.045592784881591797e-02 1.313535124063491821e-02 1.497005969285964966e-01 9.274873882532119751e-02 1.666993461549282074e-02 5.753739736974239349e-03 0.000000000000000000e+00 4.769603908061981201e-02 5.774331837892532349e-02 5.783690139651298523e-04 1.062740087509155273e-01 1.065149977803230286e-01 7.846890017390251160e-03 9.067957103252410889e-02 1.596693098545074463e-01 4.195158183574676514e-02 1.097372472286224365e-01
1.269223690032958984e-01 2.635591290891170502e-02 2.422861941158771515e-02 1.110587120056152344e-01 2.184441834688186646e-01 1.249767839908599854e-01 4.013037309050559998e-02 1.254639923572540283e-01 1.050825603306293488e-02 2.904564328491687775e-02 1.607851311564445496e-02 4.857444670051336288e-03 4.980842769145965576e-02 1.401459872722625732e-01 8.201831579208374023e-02 4.188694432377815247e-02 6.859063357114791870e-02 2.766546094790101051e-03 6.079330295324325562e-02 1.027381196618080139e-01 4.525288194417953491e-02 3.105079196393489838e-02 5.343511328101158142e-02 4.769603908061981201e-02 0.000000000000000000e+00 1.007502712309360504e-02 4.827307537198066711e-02 5.887640267610549927e-02 1.534315496683120728e-01 5.552214756608009338e-02 4.317024722695350647e-02 2.057980746030807495e-01 8.946859836578369141e-02 1.566135734319686890e-01
1.368224322795867920e-01 1.628521084785461426e-02 3.429527208209037781e-02 1.010968014597892761e-01 2.280173897743225098e-01 1.348819732666015625e-01 5.018511041998863220e-02 1.353679150342941284e-01 4.332755634095519781e-04 1.897616870701313019e-02 2.614930458366870880e-02 1.493174023926258087e-02 5.985341966152191162e-02 1.500091999769210815e-01 9.201730042695999146e-02 5.194005370140075684e-02 7.861132919788360596e-02 7.308684289455413818e-03 7.082495093345642090e-02 9.275911003351211548e-02 3.519390150904655457e-02 4.111295565962791443e-02 6.347596645355224609e-02 5.774331837892532349e-02 1.007502712309360504e-02 0.000000000000000000e+00 5.831973999738693237e-02 4.883034154772758484e-02 1.632542163133621216e-01 6.556050479412078857e-02 3.310962021350860596e-02 2.154264301061630249e-01 9.945397824048995972e-02 1.664259880781173706e-01
7.913413643836975098e-02 7.453416287899017334e-02 2.407261170446872711e-02 1.584821492433547974e-01 1.719846874475479126e-01 7.716927677392959595e-02 8.158507756888866425e-03 7.766127586364746094e-02 5.875153094530105591e-02 7.721046358346939087e-02 3.221957013010978699e-02 4.342581331729888916e-02 1.539053511805832386e-03 9.249868988990783691e-02 3.387937322258949280e-02 6.399069447070360184e-03 2.038505114614963531e-02 5.103280767798423767e-02 1.255707722157239914e-02 1.502659618854522705e-01 9.332209825515747070e-02 1.724813878536224365e-02 5.175387952476739883e-03 5.783690139651298523e-04 4.827307537198066711e-02 5.831973999738693237e-02 0.000000000000000000e+00 1.068458110094070435e-01 1.059431508183479309e-01 7.268554065376520157e-03 9.125315397977828979e-02 1.591056436300277710e-01 4.137421399354934692e-02 1.091658100485801697e-01
1.844206452369689941e-01 3.257103264331817627e-02 8.298664540052413940e-02 5.252575874328613281e-02 2.737992107868194580e-01 1.825102418661117554e-01 9.877340495586395264e-02 1.829886883497238159e-01 4.839809238910675049e-02 2.988186292350292206e-02 7.488402724266052246e-02 6.371562927961349487e-02 1.083670407533645630e-01 1.973936408758163452e-01 1.402176171541213989e-01 1.005154624581336975e-01 1.269543468952178955e-01 5.611899867653846741e-02 1.192428991198539734e-01 4.412864521145820618e-02 1.365991495549678802e-02 8.976309746503829956e-02 1.119592860341072083e-01 1.062740087509155273e-01 5.887640267610549927e-02 4.883034154772758484e-02 1.068458110094070435e-01 0.000000000000000000e+00 2.104072421789169312e-01 1.140258088707923889e-01 1.574618183076381683e-02 2.615059018135070801e-01 1.475676745176315308e-01 2.135211229324340820e-01
2.703567408025264740e-02 1.790633648633956909e-01 1.296850293874740601e-01 2.600588798522949219e-01 6.726717948913574219e-02 2.901105955243110657e-02 1.140031218528747559e-01 2.851650118827819824e-02 1.636759042739868164e-01 1.816675812005996704e-01 1.376927196979522705e-01 1.486849188804626465e-01 1.044211238622665405e-01 1.357751805335283279e-02 7.232336699962615967e-02 1.122661158442497253e-01 8.574327826499938965e-02 1.561318188905715942e-01 9.351047873497009277e-02 2.521942555904388428e-01 1.973144412040710449e-01 1.229665875434875488e-01 1.008230447769165039e-01 1.065149977803230286e-01 1.534315496683120728e-01 1.632542163133621216e-01 1.059431508183479309e-01 2.104072421789169312e-01 0.000000000000000000e+00 9.875064343214035034e-02 1.953081339597702026e-01 5.407396331429481506e-02 6.485320627689361572e-02 3.260363359004259109e-03
7.190694659948348999e-02 8.175842463970184326e-02 3.133568167686462402e-02 1.655599772930145264e-01 1.649222970008850098e-01 6.993994861841201782e-02 1.542614772915840149e-02 7.043247669935226440e-02 6.599190086126327515e-02 8.443163335323333740e-02 3.947887942194938660e-02 5.067837238311767578e-02 5.729564465582370758e-03 8.528747409582138062e-02 2.661737613379955292e-02 1.366698741912841797e-02 1.311844121664762497e-02 5.827974155545234680e-02 5.289006512612104416e-03 1.573626399040222168e-01 1.005224660038948059e-01 2.451361902058124542e-02 2.093244576826691628e-03 7.846890017390251160e-03 5.552214756608009338e-02 6.556050479412078857e-02 7.268554065376520157e-03 1.140258088707923889e-01 9.875064343214035034e-02 0.000000000000000000e+00 9.845640510320663452e-02 1.520128846168518066e-01 3.411592170596122742e-02 1.019781753420829773e-01
1.691657006740570068e-01 1.683348417282104492e-02 6.732844561338424683e-02 6.821551918983459473e-02 2.591703832149505615e-01 1.672447025775909424e-01 8.315655589103698730e-02 1.677257865667343140e-01 3.267681226134300232e-02 1.414233539253473282e-02 5.920766294002532959e-02 4.801762104034423828e-02 9.277917444705963135e-02 1.822138130664825439e-01 1.247468590736389160e-01 8.490366488695144653e-02 1.114309206604957581e-01 4.040852561593055725e-02 1.036914139986038208e-01 5.983325093984603882e-02 2.086714608594775200e-03 7.412167638540267944e-02 9.638302028179168701e-02 9.067957103252410889e-02 4.317024722695350647e-02 3.310962021350860596e-02 9.125315397977828979e-02 1.574618183076381683e-02 1.953081339597702026e-01 9.845640510320663452e-02 0.000000000000000000e+00 2.467758804559707642e-01 1.321285068988800049e-01 1.984421312808990479e-01
8.099123835563659668e-02 2.309015840291976929e-01 1.824793368577957153e-01 3.097766339778900146e-01 1.324137952178716660e-02 8.295489102602005005e-02 1.670473068952560425e-01 8.246330916881561279e-02 2.158395648002624512e-01 2.334482818841934204e-01 1.903494149446487427e-01 2.011417001485824585e-01 1.576051712036132812e-01 6.760185211896896362e-02 1.259049475193023682e-01 1.653363704681396484e-01 1.391719728708267212e-01 2.084459513425827026e-01 1.468419432640075684e-01 3.021478056907653809e-01 2.487345039844512939e-01 1.758711338043212891e-01 1.540571004152297974e-01 1.596693098545074463e-01 2.057980746030807495e-01 2.154264301061630249e-01 1.591056436300277710e-01 2.615059018135070801e-01 5.407396331429481506e-02 1.520128846168518066e-01 2.467758804559707642e-01 0.000000000000000000e+00 1.185115724802017212e-01 5.082256346940994263e-02
3.788395971059799194e-02 1.155520379543304443e-01 6.538170576095581055e-02 1.985544264316558838e-01 1.315465122461318970e-01 3.590971231460571289e-02 4.951600730419158936e-02 3.640403226017951965e-02 9.988295286893844604e-02 1.182070598006248474e-01 7.349581271409988403e-02 8.464793860912322998e-02 3.983769938349723816e-02 5.132088065147399902e-02 7.505360990762710571e-03 4.776063933968544006e-02 2.100688219070434570e-02 9.221231937408447266e-02 2.883211709558963776e-02 1.904560774564743042e-01 1.341782361268997192e-01 5.858054757118225098e-02 3.620658069849014282e-02 4.195158183574676514e-02 8.946859836578369141e-02 9.945397824048995972e-02 4.137421399354934692e-02 1.475676745176315308e-01 6.485320627689361572e-02 3.411592170596122742e-02 1.321285068988800049e-01 1.185115724802017212e-01 0.000000000000000000e+00 6.809917092323303223e-02
3.029336780309677124e-02 1.822173446416854858e-01 1.328891962766647339e-01 2.630961835384368896e-01 6.402085721492767334e-02 3.226837143301963806e-02 1.172199174761772156e-01 3.177390992641448975e-02 1.668472439050674438e-01 1.848184764385223389e-01 1.408898234367370605e-01 1.518716514110565186e-01 1.076448410749435425e-01 1.683713681995868683e-02 7.556591182947158813e-02 1.154842078685760498e-01 8.897876739501953125e-02 1.593110859394073486e-01 9.674134105443954468e-02 2.552447617053985596e-01 2.004458457231521606e-01 1.261763721704483032e-01 1.040492057800292969e-01 1.097372472286224365e-01 1.566135734319686890e-01 1.664259880781173706e-01 1.091658100485801697e-01 2.135211229324340820e-01 3.260363359004259109e-03 1.019781753420829773e-01 1.984421312808990479e-01 5.082256346940994263e-02 6.809917092323303223e-02 0.000000000000000000e+00
