0.000000000000000000e+00 1.346324235200881958e-01 3.619818016886711121e-02 1.491365730762481689e-01 1.576524674892425537e-01 6.904070079326629639e-02 3.724696487188339233e-02 5.023169517517089844e-02 2.336728572845458984e-02 8.743633329868316650e-02 2.400000020861625671e-02 8.720560371875762939e-02 6.784260738641023636e-03 8.679379522800445557e-02 1.144141033291816711e-01 3.536067903041839600e-02 8.860011585056781769e-03 1.686842553317546844e-02 2.459508180618286133e-02 1.991575062274932861e-01 7.873684167861938477e-02 5.129257217049598694e-02 8.322043344378471375e-03 3.871883079409599304e-02 4.474272951483726501e-02 7.062265276908874512e-02 1.537279039621353149e-02 1.151251345872879028e-01 8.401858806610107422e-02 3.500583348795771599e-03 6.130903214216232300e-02 2.133865505456924438e-01 8.882278203964233398e-02 1.056030690670013428e-01
1.346324235200881958e-01 0.000000000000000000e+00 9.891629964113235474e-02 1.480135042220354080e-02 2.862100601196289062e-01 2.017973810434341431e-01 9.787627309560775757e-02 1.836223155260086060e-01 1.116162762045860291e-01 4.775828495621681213e-02 1.581214964389801025e-01 4.799025505781173706e-02 1.412876248359680176e-01 2.188686728477478027e-01 2.452684491872787476e-01 9.974659979343414307e-02 1.259226053953170776e-01 1.180320456624031067e-01 1.104029119014739990e-01 6.630286574363708496e-02 5.649444833397865295e-02 8.391936123371124268e-02 1.427944749593734741e-01 9.641618281602859497e-02 1.783010959625244141e-01 6.462422013282775879e-02 1.496953815221786499e-01 1.981439627707004547e-02 2.162053734064102173e-01 1.380679309368133545e-01 7.393364608287811279e-02 3.383000195026397705e-01 4.636408016085624695e-02 2.368678003549575806e-01
3.619818016886711121e-02 9.891629964113235474e-02 0.000000000000000000e+00 1.135514006018638611e-01 1.927506774663925171e-01 1.049765273928642273e-01 1.050199498422443867e-03 8.627300709486007690e-02 1.284175645560026169e-02 5.140083655714988708e-02 6.014592945575714111e-02 5.116894468665122986e-02 4.297188669443130493e-02 1.226067766547203064e-01 1.499910801649093628e-01 8.385744295082986355e-04 2.734693884849548340e-02 1.934156380593776703e-02 1.161343883723020554e-02 1.641426533460617065e-01 4.266025125980377197e-02 1.512247044593095779e-02 4.450681805610656738e-02 2.524190116673707962e-03 8.081002533435821533e-02 3.451269865036010742e-02 5.154228955507278442e-02 7.925724983215332031e-02 1.198522597551345825e-01 3.969373181462287903e-02 2.516670338809490204e-02 2.476716637611389160e-01 5.279434472322463989e-02 1.412612646818161011e-01
1.491365730762481689e-01 1.480135042220354080e-02 1.135514006018638611e-01 0.000000000000000000e+00 2.997415959835052490e-01 2.159537076950073242e-01 1.125146225094795227e-01 1.978858411312103271e-01 1.262091249227523804e-01 6.251544505357742310e-02 1.725190877914428711e-01 6.274703890085220337e-02 1.557632386684417725e-01 2.329154908657073975e-01 2.591290771961212158e-01 1.143790856003761292e-01 1.404621601104736328e-01 1.326017379760742188e-01 1.250000000000000000e-01 5.155210569500923157e-02 7.123623043298721313e-02 9.859824180603027344e-02 1.572634428739547729e-01 1.110590472817420959e-01 1.925941705703735352e-01 7.934967428445816040e-02 1.641330718994140625e-01 3.460559621453285217e-02 2.302698343992233276e-01 1.525575220584869385e-01 8.863800019025802612e-02 3.513421118259429932e-01 6.112348288297653198e-02 2.507898807525634766e-01
1.576524674892425537e-01 2.862100601196289062e-01 1.927506774663925171e-01 2.997415959835052490e-01 0.000000000000000000e+00 8.958687633275985718e-02 1.937616616487503052e-01 1.082782521843910217e-01 1.803553402423858643e-01 2.417563050985336304e-01 1.341600865125656128e-01 2.415373772382736206e-01 1.510297507047653198e-01 7.184170186519622803e-02 4.403261840343475342e-02 1.919431239366531372e-01 1.662802249193191528e-01 1.740580201148986816e-01 1.815436184406280518e-01 3.459480106830596924e-01 2.334909737110137939e-01 2.072689831256866455e-01 1.495266109704971313e-01 1.951799094676971436e-01 1.137118488550186157e-01 2.257615327835083008e-01 1.426253467798233032e-01 2.679150104522705078e-01 7.462231069803237915e-02 1.542370170354843140e-01 2.168653905391693115e-01 5.767429247498512268e-02 2.430714964866638184e-01 5.293062329292297363e-02
6.904070079326629639e-02 2.017973810434341431e-01 1.049765273928642273e-01 2.159537076950073242e-01 8.958687633275985718e-02 0.000000000000000000e+00 1.060150340199470520e-01 1.887445896863937378e-02 9.225913882255554199e-02 1.555380970239639282e-01 4.511545225977897644e-02 1.553112119436264038e-01 6.228560954332351685e-02 1.786012388765811920e-02 4.573467373847961426e-02 1.041471213102340698e-01 7.785308361053466797e-02 8.580919355154037476e-02 9.347704797983169556e-02 2.645604908466339111e-01 1.469785571098327637e-01 1.199086382985115051e-01 6.075356155633926392e-02 1.074722409248352051e-01 2.437325939536094666e-02 1.389856785535812378e-01 5.372492969036102295e-02 1.827135682106018066e-01 1.506528258323669434e-02 6.555595993995666504e-02 1.298003047704696655e-01 1.465042084455490112e-01 1.569012999534606934e-01 3.683090582489967346e-02
3.724696487188339233e-02 9.787627309560775757e-02 1.050199498422443867e-03 1.125146225094795227e-01 1.937616616487503052e-01 1.060150340199470520e-01 0.000000000000000000e+00 8.731529116630554199e-02 1.389176864176988602e-02 5.035335570573806763e-02 6.119226291775703430e-02 5.012143775820732117e-02 4.402010142803192139e-02 1.236410513520240784e-01 1.510174870491027832e-01 1.888772239908576012e-03 2.839632332324981689e-02 2.039134874939918518e-02 1.266348361968994141e-02 1.631205677986145020e-01 4.161191359162330627e-02 1.407249458134174347e-02 4.555488750338554382e-02 1.473994576372206211e-03 8.185328543186187744e-02 3.346371278166770935e-02 5.258964002132415771e-02 7.821355760097503662e-02 1.208872422575950623e-01 4.074223339557647705e-02 2.411714009940624237e-02 2.486571818590164185e-01 5.174701288342475891e-02 1.422903537750244141e-01
5.023169517517089844e-02 1.836223155260086060e-01 8.627300709486007690e-02 1.978858411312103271e-01 1.082782521843910217e-01 1.887445896863937378e-02 8.731529116630554199e-02 0.000000000000000000e+00 7.351269572973251343e-02 1.370660215616226196e-01 2.626335807144641876e-02 1.368378847837448120e-01 4.346224665641784668e-02 3.672220185399055481e-02 6.455340981483459473e-02 8.544061332941055298e-02 5.906542018055915833e-02 6.704331189393997192e-02 7.473444938659667969e-02 2.469190210103988647e-01 1.284604668617248535e-01 1.012633591890335083e-01 4.192717745900154114e-02 8.877786248922348022e-02 5.501330830156803131e-03 1.204271316528320312e-01 3.488584607839584351e-02 1.644060760736465454e-01 3.393009305000305176e-02 4.673933237791061401e-02 1.111982762813568115e-01 1.649226248264312744e-01 1.384368091821670532e-01 5.566666647791862488e-02
2.336728572845458984e-02 1.116162762045860291e-01 1.284175645560026169e-02 1.262091249227523804e-01 1.803553402423858643e-01 9.225913882255554199e-02 1.389176864176988602e-02 7.351269572973251343e-02 0.000000000000000000e+00 6.420021504163742065e-02 4.734073579311370850e-02 6.396866589784622192e-02 3.014676645398139954e-02 1.099381148815155029e-01 1.374140083789825439e-01 1.200331095606088638e-02 1.451027765870094299e-02 6.501422263681888580e-03 1.228501205332577229e-03 1.766121238470077515e-01 5.547161772847175598e-02 2.795879729092121124e-02 3.168316930532455444e-02 1.536544878035783768e-02 6.803888082504272461e-02 4.733347520232200623e-02 3.872616589069366455e-02 9.200535714626312256e-02 1.071754619479179382e-01 2.686567232012748718e-02 3.799618035554885864e-02 2.355791777372360229e-01 6.559163331985473633e-02 1.286528855562210083e-01
8.743633329868316650e-02 4.775828495621681213e-02 5.140083655714988708e-02 6.251544505357742310e-02 2.417563050985336304e-01 1.555380970239639282e-01 5.035335570573806763e-02 1.370660215616226196e-01 6.420021504163742065e-02 0.000000000000000000e+00 1.112029775977134705e-01 2.325040695723146200e-04 9.416473656892776489e-02 1.729178726673126221e-01 1.998511403799057007e-01 5.223716050386428833e-02 7.863724231719970703e-02 7.067213952541351318e-02 6.297668069601058960e-02 1.137011125683784485e-01 8.759797550737857819e-03 3.630658984184265137e-02 9.568874537944793701e-02 4.888299107551574707e-02 1.316639780998229980e-01 1.691815257072448730e-02 1.026711165904998779e-01 2.797035686671733856e-02 1.702045500278472900e-01 9.090909361839294434e-02 2.626811526715755463e-02 2.953130006790161133e-01 1.397298532538115978e-03 1.912732720375061035e-01
2.400000020861625671e-02 1.581214964389801025e-01 6.014592945575714111e-02 1.725190877914428711e-01 1.341600865125656128e-01 4.511545225977897644e-02 6.119226291775703430e-02 2.626335807144641876e-02 4.734073579311370850e-02 1.112029775977134705e-01 0.000000000000000000e+00 1.109733432531356812e-01 1.721854321658611298e-02 6.292487680912017822e-02 9.066306054592132568e-02 5.931034311652183533e-02 3.285302594304084778e-02 4.085188731551170349e-02 4.856641218066215515e-02 2.220959365367889404e-01 1.025430709123611450e-01 7.519999891519546509e-02 1.568108797073364258e-02 6.266060471534729004e-02 2.076502703130245209e-02 9.446254372596740723e-02 8.630394004285335541e-03 1.387417912483215332e-01 6.013986095786094666e-02 2.050113864243030548e-02 8.518368750810623169e-02 1.903614401817321777e-01 1.125827804207801819e-01 8.181041479110717773e-02
8.720560371875762939e-02 4.799025505781173706e-02 5.116894468665122986e-02 6.274703890085220337e-02 2.415373772382736206e-01 1.553112119436264038e-01 5.012143775820732117e-02 1.368378847837448120e-01 6.396866589784622192e-02 2.325040695723146200e-04 1.109733432531356812e-01 0.000000000000000000e+00 9.393429011106491089e-02 1.726923137903213501e-01 1.996279060840606689e-01 5.200528725981712341e-02 7.840617001056671143e-02 7.044079154729843140e-02 6.274510174989700317e-02 1.139306053519248962e-01 8.527310565114021301e-03 3.607438877224922180e-02 9.545836597681045532e-02 4.865103960037231445e-02 1.314354985952377319e-01 1.668571494519710541e-02 1.024410575628280640e-01 2.820267714560031891e-02 1.699787825345993042e-01 9.067850559949874878e-02 2.603577077388763428e-02 2.951007783412933350e-01 1.629802049137651920e-03 1.910492628812789917e-01
6.784260738641023636e-03 1.412876248359680176e-01 4.297188669443130493e-02 1.557632386684417725e-01 1.510297507047653198e-01 6.228560954332351685e-02 4.402010142803192139e-02 4.346224665641784668e-02 3.014676645398139954e-02 9.416473656892776489e-02 1.721854321658611298e-02 9.393429011106491089e-02 0.000000000000000000e+00 8.005667477846145630e-02 1.077134534716606140e-01 4.213483259081840515e-02 1.564333215355873108e-02 2.364997938275337219e-02 3.137410804629325867e-02 2.056638747453689575e-01 8.547544479370117188e-02 5.805663019418716431e-02 1.537870033644139767e-03 4.549114406108856201e-02 3.796999529004096985e-02 7.736983895301818848e-02 8.589425124228000641e-03 1.218142583966255188e-01 7.727838307619094849e-02 3.283755155280232430e-03 6.806498020887374878e-02 2.069018185138702393e-01 9.554946422576904297e-02 9.888965636491775513e-02
8.679379522800445557e-02 2.188686728477478027e-01 1.226067766547203064e-01 2.329154908657073975e-01 7.184170186519622803e-02 1.786012388765811920e-02 1.236410513520240784e-01 3.672220185399055481e-02 1.099381148815155029e-01 1.729178726673126221e-01 6.292487680912017822e-02 1.726923137903213501e-01 8.005667477846145630e-02 0.000000000000000000e+00 2.789733745157718658e-02 1.217807233333587646e-01 9.558030962944030762e-02 1.035106778144836426e-01 1.111516058444976807e-01 2.810924351215362549e-01 1.644071042537689209e-01 1.374743580818176270e-01 7.852847874164581299e-02 1.250922530889511108e-01 4.221500456333160400e-02 1.564574241638183594e-01 7.151643186807632446e-02 1.999212950468063354e-01 2.795592881739139557e-03 8.331853151321411133e-02 1.473189145326614380e-01 1.289815753698348999e-01 1.742730587720870972e-01 1.898326911032199860e-02
1.144141033291816711e-01 2.452684491872787476e-01 1.499910801649093628e-01 2.591290771961212158e-01 4.403261840343475342e-02 4.573467373847961426e-02 1.510174870491027832e-01 6.455340981483459473e-02 1.374140083789825439e-01 1.998511403799057007e-01 9.066306054592132568e-02 1.996279060840606689e-01 1.077134534716606140e-01 2.789733745157718658e-02 0.000000000000000000e+00 1.491712778806686401e-01 1.231492757797241211e-01 1.310296505689620972e-01 1.386191099882125854e-01 3.065856099128723145e-01 1.914264559745788574e-01 1.647398769855499268e-01 1.061931699514389038e-01 1.524575501680374146e-01 7.002986967563629150e-02 1.835535913705825806e-01 9.921582043170928955e-02 2.265550643205642700e-01 3.069053776562213898e-02 1.109579578042030334e-01 1.744990944862365723e-01 1.014492735266685486e-01 2.011922448873519897e-01 8.918792009353637695e-03
3.536067903041839600e-02 9.974659979343414307e-02 8.385744295082986355e-04 1.143790856003761292e-01 1.919431239366531372e-01 1.041471213102340698e-01 1.888772239908576012e-03 8.544061332941055298e-02 1.200331095606088638e-02 5.223716050386428833e-02 5.931034311652183533e-02 5.200528725981712341e-02 4.213483259081840515e-02 1.217807233333587646e-01 1.491712778806686401e-01 0.000000000000000000e+00 2.650897204875946045e-02 1.850328966975212097e-02 1.077496912330389023e-02 1.649585217237472534e-01 4.349726811051368713e-02 1.596084237098693848e-02 4.366987198591232300e-02 3.362757386639714241e-03 7.997687160968780518e-02 3.535024821758270264e-02 5.070590600371360779e-02 8.009050041437149048e-02 1.190256476402282715e-01 3.885645419359207153e-02 2.600472792983055115e-02 2.468843609094619751e-01 5.363054573535919189e-02 1.404393166303634644e-01
8.860011585056781769e-03 1.259226053953170776e-01 2.734693884849548340e-02 1.404621601104736328e-01 1.662802249193191528e-01 7.785308361053466797e-02 2.839632332324981689e-02 5.906542018055915833e-02 1.451027765870094299e-02 7.863724231719970703e-02 3.285302594304084778e-02 7.840617001056671143e-02 1.564333215355873108e-02 9.558030962944030762e-02 1.231492757797241211e-01 2.650897204875946045e-02 0.000000000000000000e+00 8.009611628949642181e-03 1.573849841952323914e-02 1.906338632106781006e-01 6.992561370134353638e-02 4.245185479521751404e-02 1.718078926205635071e-02 2.986906655132770538e-02 5.358149856328964233e-02 6.180130690336227417e-02 2.422950230538845062e-02 1.063736230134963989e-01 9.280951321125030518e-02 1.236021146178245544e-02 5.247752368450164795e-02 2.218271791934967041e-01 8.002574741840362549e-02 1.143560856580734253e-01
1.686842553317546844e-02 1.180320456624031067e-01 1.934156380593776703e-02 1.326017379760742188e-01 1.740580201148986816e-01 8.580919355154037476e-02 2.039134874939918518e-02 6.704331189393997192e-02 6.501422263681888580e-03 7.067213952541351318e-02 4.085188731551170349e-02 7.044079154729843140e-02 2.364997938275337219e-02 1.035106778144836426e-01 1.310296505689620972e-01 1.850328966975212097e-02 8.009611628949642181e-03 0.000000000000000000e+00 7.729861885309219360e-03 1.829035282135009766e-01 6.195069849491119385e-02 3.445395827293395996e-02 2.518693357706069946e-02 2.186468616127967834e-02 6.156469136476516724e-02 5.381833761930465698e-02 3.223285824060440063e-02 9.844789654016494751e-02 1.007442399859428406e-01 2.036780677735805511e-02 4.448661208152770996e-02 2.294291555881500244e-01 7.206232100725173950e-02 1.222537234425544739e-01
2.459508180618286133e-02 1.104029119014739990e-01 1.161343883723020554e-02 1.250000000000000000e-01 1.815436184406280518e-01 9.347704797983169556e-02 1.266348361968994141e-02 7.473444938659667969e-02 1.228501205332577229e-03 6.297668069601058960e-02 4.856641218066215515e-02 6.274510174989700317e-02 3.137410804629325867e-02 1.111516058444976807e-01 1.386191099882125854e-01 1.077496912330389023e-02 1.573849841952323914e-02 7.729861885309219360e-03 0.000000000000000000e+00 1.754216849803924561e-01 5.424681305885314941e-02 2.673121355473995209e-02 3.291038796305656433e-02 1.413721404969692230e-02 6.926158815622329712e-02 4.610765725374221802e-02 3.995276615023612976e-02 9.078712016344070435e-02 1.083896905183792114e-01 2.809324488043785095e-02 3.676939383149147034e-02 2.367391586303710938e-01 6.436831504106521606e-02 1.298608630895614624e-01
1.991575062274932861e-01 6.630286574363708496e-02 1.641426533460617065e-01 5.155210569500923157e-02 3.459480106830596924e-01 2.645604908466339111e-01 1.631205677986145020e-01 2.469190210103988647e-01 1.766121238470077515e-01 1.137011125683784485e-01 2.220959365367889404e-01 1.139306053519248962e-01 2.056638747453689575e-01 2.810924351215362549e-01 3.065856099128723145e-01 1.649585217237472534e-01 1.906338632106781006e-01 1.829035282135009766e-01 1.754216849803924561e-01 0.000000000000000000e+00 1.223390623927116394e-01 1.493909955024719238e-01 2.071362435817718506e-01 1.616854518651962280e-01 2.417460680007934570e-01 1.303684860467910767e-01 2.138754874467849731e-01 8.600427210330963135e-02 2.785156965255737305e-01 2.025168985128402710e-01 1.395524293184280396e-01 3.957266509532928467e-01 1.123216599225997925e-01 2.984829843044281006e-01
7.873684167861938477e-02 5.649444833397865295e-02 4.266025125980377197e-02 7.123623043298721313e-02 2.334909737110137939e-01 1.469785571098327637e-01 4.161191359162330627e-02 1.284604668617248535e-01 5.547161772847175598e-02 8.759797550737857819e-03 1.025430709123611450e-01 8.527310565114021301e-03 8.547544479370117188e-02 1.644071042537689209e-01 1.914264559745788574e-01 4.349726811051368713e-02 6.992561370134353638e-02 6.195069849491119385e-02 5.424681305885314941e-02 1.223390623927116394e-01 0.000000000000000000e+00 2.755555510520935059e-02 8.700187504291534424e-02 4.014038294553756714e-02 1.230460926890373230e-01 8.159564808011054993e-03 9.399586170911788940e-02 3.672115504741668701e-02 1.616858243942260742e-01 8.221476525068283081e-02 1.751234754920005798e-02 2.872964143753051758e-01 1.015697140246629715e-02 1.828197985887527466e-01
5.129257217049598694e-02 8.391936123371124268e-02 1.512247044593095779e-02 9.859824180603027344e-02 2.072689831256866455e-01 1.199086382985115051e-01 1.407249458134174347e-02 1.012633591890335083e-01 2.795879729092121124e-02 3.630658984184265137e-02 7.519999891519546509e-02 3.607438877224922180e-02 5.805663019418716431e-02 1.374743580818176270e-01 1.647398769855499268e-01 1.596084237098693848e-02 4.245185479521751404e-02 3.445395827293395996e-02 2.673121355473995209e-02 1.493909955024719238e-01 2.755555510520935059e-02 0.000000000000000000e+00 5.958918109536170959e-02 1.259876135736703873e-02 9.581540524959564209e-02 1.940035261213779449e-02 6.661283969879150391e-02 6.421174108982086182e-02 1.347305327653884888e-01 5.478331819176673889e-02 1.004805602133274078e-02 2.618135511875152588e-01 3.770197555422782898e-02 1.560503691434860229e-01
8.322043344378471375e-03 1.427944749593734741e-01 4.450681805610656738e-02 1.572634428739547729e-01 1.495266109704971313e-01 6.075356155633926392e-02 4.555488750338554382e-02 4.192717745900154114e-02 3.168316930532455444e-02 9.568874537944793701e-02 1.568108797073364258e-02 9.545836597681045532e-02 1.537870033644139767e-03 7.852847874164581299e-02 1.061931699514389038e-01 4.366987198591232300e-02 1.718078926205635071e-02 2.518693357706069946e-02 3.291038796305656433e-02 2.071362435817718506e-01 8.700187504291534424e-02 5.958918109536170959e-02 0.000000000000000000e+00 4.702572524547576904e-02 3.643425181508064270e-02 7.889832556247711182e-02 7.051648572087287903e-03 1.233290210366249084e-01 7.574950903654098511e-02 4.821600858122110367e-03 6.959556788206100464e-02 2.054293155670166016e-01 9.707307070493698120e-02 9.736659377813339233e-02
3.871883079409599304e-02 9.641618281602859497e-02 2.524190116673707962e-03 1.110590472817420959e-01 1.951799094676971436e-01 1.074722409248352051e-01 1.473994576372206211e-03 8.877786248922348022e-02 1.536544878035783768e-02 4.888299107551574707e-02 6.266060471534729004e-02 4.865103960037231445e-02 4.549114406108856201e-02 1.250922530889511108e-01 1.524575501680374146e-01 3.362757386639714241e-03 2.986906655132770538e-02 2.186468616127967834e-02 1.413721404969692230e-02 1.616854518651962280e-01 4.014038294553756714e-02 1.259876135736703873e-02 4.702572524547576904e-02 0.000000000000000000e+00 8.331722766160964966e-02 3.199129551649093628e-02 5.405944585800170898e-02 7.674840837717056274e-02 1.223394423723220825e-01 4.221369326114654541e-02 2.264395169913768768e-02 2.500395476818084717e-01 5.027685314416885376e-02 1.437342017889022827e-01
4.474272951483726501e-02 1.783010959625244141e-01 8.081002533435821533e-02 1.925941705703735352e-01 1.137118488550186157e-01 2.437325939536094666e-02 8.185328543186187744e-02 5.501330830156803131e-03 6.803888082504272461e-02 1.316639780998229980e-01 2.076502703130245209e-02 1.314354985952377319e-01 3.796999529004096985e-02 4.221500456333160400e-02 7.002986967563629150e-02 7.997687160968780518e-02 5.358149856328964233e-02 6.156469136476516724e-02 6.926158815622329712e-02 2.417460680007934570e-01 1.230460926890373230e-01 9.581540524959564209e-02 3.643425181508064270e-02 8.331722766160964966e-02 0.000000000000000000e+00 1.150019913911819458e-01 2.939015440642833710e-02 1.590486019849777222e-01 3.942406550049781799e-02 4.124860465526580811e-02 1.057616397738456726e-01 1.702694743871688843e-01 1.330367922782897949e-01 6.114927306771278381e-02
7.062265276908874512e-02 6.462422013282775879e-02 3.451269865036010742e-02 7.934967428445816040e-02 2.257615327835083008e-01 1.389856785535812378e-01 3.346371278166770935e-02 1.204271316528320312e-01 4.733347520232200623e-02 1.691815257072448730e-02 9.446254372596740723e-02 1.668571494519710541e-02 7.736983895301818848e-02 1.564574241638183594e-01 1.835535913705825806e-01 3.535024821758270264e-02 6.180130690336227417e-02 5.381833761930465698e-02 4.610765725374221802e-02 1.303684860467910767e-01 8.159564808011054993e-03 1.940035261213779449e-02 7.889832556247711182e-02 3.199129551649093628e-02 1.150019913911819458e-01 0.000000000000000000e+00 8.590217679738998413e-02 4.486727714538574219e-02 1.537290662527084351e-01 7.410491257905960083e-02 9.354120120406150818e-03 2.797927558422088623e-01 1.831501908600330353e-02 1.749211698770523071e-01
1.537279039621353149e-02 1.496953815221786499e-01 5.154228955507278442e-02 1.641330718994140625e-01 1.426253467798233032e-01 5.372492969036102295e-02 5.258964002132415771e-02 3.488584607839584351e-02 3.872616589069366455e-02 1.026711165904998779e-01 8.630394004285335541e-03 1.024410575628280640e-01 8.589425124228000641e-03 7.151643186807632446e-02 9.921582043170928955e-02 5.070590600371360779e-02 2.422950230538845062e-02 3.223285824060440063e-02 3.995276615023612976e-02 2.138754874467849731e-01 9.399586170911788940e-02 6.661283969879150391e-02 7.051648572087287903e-03 5.405944585800170898e-02 2.939015440642833710e-02 8.590217679738998413e-02 0.000000000000000000e+00 1.302673816680908203e-01 6.873457878828048706e-02 1.187284570187330246e-02 7.660961896181106567e-02 1.986654549837112427e-01 1.040534898638725281e-01 9.037700295448303223e-02
1.151251345872879028e-01 1.981439627707004547e-02 7.925724983215332031e-02 3.460559621453285217e-02 2.679150104522705078e-01 1.827135682106018066e-01 7.821355760097503662e-02 1.644060760736465454e-01 9.200535714626312256e-02 2.797035686671733856e-02 1.387417912483215332e-01 2.820267714560031891e-02 1.218142583966255188e-01 1.999212950468063354e-01 2.265550643205642700e-01 8.009050041437149048e-02 1.063736230134963989e-01 9.844789654016494751e-02 9.078712016344070435e-02 8.600427210330963135e-02 3.672115504741668701e-02 6.421174108982086182e-02 1.233290210366249084e-01 7.674840837717056274e-02 1.590486019849777222e-01 4.486727714538574219e-02 1.302673816680908203e-01 0.000000000000000000e+00 1.972359269857406616e-01 1.185779348015785217e-01 5.419865250587463379e-02 3.206349313259124756e-01 2.657409571111202240e-02 2.180769294500350952e-01
8.401858806610107422e-02 2.162053734064102173e-01 1.198522597551345825e-01 2.302698343992233276e-01 7.462231069803237915e-02 1.506528258323669434e-02 1.208872422575950623e-01 3.393009305000305176e-02 1.071754619479179382e-01 1.702045500278472900e-01 6.013986095786094666e-02 1.699787825345993042e-01 7.727838307619094849e-02 2.795592881739139557e-03 3.069053776562213898e-02 1.190256476402282715e-01 9.280951321125030518e-02 1.007442399859428406e-01 1.083896905183792114e-01 2.785156965255737305e-01 1.616858243942260742e-01 1.347305327653884888e-01 7.574950903654098511e-02 1.223394423723220825e-01 3.942406550049781799e-02 1.537290662527084351e-01 6.873457878828048706e-02 1.972359269857406616e-01 0.000000000000000000e+00 8.054169267416000366e-02 1.445828676223754883e-01 1.317296624183654785e-01 1.715610474348068237e-01 2.177770622074604034e-02
3.500583348795771599e-03 1.380679309368133545e-01 3.969373181462287903e-02 1.525575220584869385e-01 1.542370170354843140e-01 6.555595993995666504e-02 4.074223339557647705e-02 4.673933237791061401e-02 2.686567232012748718e-02 9.090909361839294434e-02 2.050113864243030548e-02 9.067850559949874878e-02 3.283755155280232430e-03 8.331853151321411133e-02 1.109579578042030334e-01 3.885645419359207153e-02 1.236021146178245544e-02 2.036780677735805511e-02 2.809324488043785095e-02 2.025168985128402710e-01 8.221476525068283081e-02 5.478331819176673889e-02 4.821600858122110367e-03 4.221369326114654541e-02 4.124860465526580811e-02 7.410491257905960083e-02 1.187284570187330246e-02 1.185779348015785217e-01 8.054169267416000366e-02 0.000000000000000000e+00 6.479571014642715454e-02 2.100428640842437744e-01 9.229466319084167480e-02 1.021402478218078613e-01
6.130903214216232300e-02 7.393364608287811279e-02 2.516670338809490204e-02 8.863800019025802612e-02 2.168653905391693115e-01 1.298003047704696655e-01 2.411714009940624237e-02 1.111982762813568115e-01 3.799618035554885864e-02 2.626811526715755463e-02 8.518368750810623169e-02 2.603577077388763428e-02 6.806498020887374878e-02 1.473189145326614380e-01 1.744990944862365723e-01 2.600472792983055115e-02 5.247752368450164795e-02 4.448661208152770996e-02 3.676939383149147034e-02 1.395524293184280396e-01 1.751234754920005798e-02 1.004805602133274078e-02 6.959556788206100464e-02 2.264395169913768768e-02 1.057616397738456726e-01 9.354120120406150818e-03 7.660961896181106567e-02 5.419865250587463379e-02 1.445828676223754883e-01 6.479571014642715454e-02 0.000000000000000000e+00 2.711482644081115723e-01 2.766439877450466156e-02 1.658383905887603760e-01
2.133865505456924438e-01 3.383000195026397705e-01 2.476716637611389160e-01 3.513421118259429932e-01 5.767429247498512268e-02 1.465042084455490112e-01 2.486571818590164185e-01 1.649226248264312744e-01 2.355791777372360229e-01 2.953130006790161133e-01 1.903614401817321777e-01 2.951007783412933350e-01 2.069018185138702393e-01 1.289815753698348999e-01 1.014492735266685486e-01 2.468843609094619751e-01 2.218271791934967041e-01 2.294291555881500244e-01 2.367391586303710938e-01 3.957266509532928467e-01 2.872964143753051758e-01 2.618135511875152588e-01 2.054293155670166016e-01 2.500395476818084717e-01 1.702694743871688843e-01 2.797927558422088623e-01 1.986654549837112427e-01 3.206349313259124756e-01 1.317296624183654785e-01 2.100428640842437744e-01 2.711482644081115723e-01 0.000000000000000000e+00 2.965879142284393311e-01 1.102682948112487793e-01
8.882278203964233398e-02 4.636408016085624695e-02 5.279434472322463989e-02 6.112348288297653198e-02 2.430714964866638184e-01 1.569012999534606934e-01 5.174701288342475891e-02 1.384368091821670532e-01 6.559163331985473633e-02 1.397298532538115978e-03 1.125827804207801819e-01 1.629802049137651920e-03 9.554946422576904297e-02 1.742730587720870972e-01 2.011922448873519897e-01 5.363054573535919189e-02 8.002574741840362549e-02 7.206232100725173950e-02 6.436831504106521606e-02 1.123216599225997925e-01 1.015697140246629715e-02 3.770197555422782898e-02 9.707307070493698120e-02 5.027685314416885376e-02 1.330367922782897949e-01 1.831501908600330353e-02 1.040534898638725281e-01 2.657409571111202240e-02 1.715610474348068237e-01 9.229466319084167480e-02 2.766439877450466156e-02 2.965879142284393311e-01 0.000000000000000000e+00 1.926190853118896484e-01
1.056030690670013428e-01 2.368678003549575806e-01 1.412612646818161011e-01 2.507898807525634766e-01 5.293062329292297363e-02 3.683090582489967346e-02 1.422903537750244141e-01 5.566666647791862488e-02 1.286528855562210083e-01 1.912732720375061035e-01 8.181041479110717773e-02 1.910492628812789917e-01 9.888965636491775513e-02 1.898326911032199860e-02 8.918792009353637695e-03 1.404393166303634644e-01 1.143560856580734253e-01 1.222537234425544739e-01 1.298608630895614624e-01 2.984829843044281006e-01 1.828197985887527466e-01 1.560503691434860229e-01 9.736659377813339233e-02 1.437342017889022827e-01 6.114927306771278381e-02 1.749211698770523071e-01 9.037700295448303223e-02 2.180769294500350952e-01 2.177770622074604034e-02 1.021402478218078613e-01 1.658383905887603760e-01 1.102682948112487793e-01 1.926190853118896484e-01 0.000000000000000000e+00
