0.000000000000000000e+00 6.333154439926147461e-02 3.256320953369140625e-02 6.673401594161987305e-02 5.689632892608642578e-02 5.438572168350219727e-02 6.161808967590332031e-02 6.043487787246704102e-02 8.982896804809570312e-03 6.579780578613281250e-02 6.492930650711059570e-02 6.679755449295043945e-02 6.267911195755004883e-02 6.043469905853271484e-02 1.162326335906982422e-01 4.059416055679321289e-02 5.682992935180664062e-02 6.380003690719604492e-02 5.885756015777587891e-02 6.623685359954833984e-02 2.121722698211669922e-02 4.875761270523071289e-02 9.808301925659179688e-03 6.267911195755004883e-02 3.594779968261718750e-02 6.619155406951904297e-02 5.885756015777587891e-02 5.181938409805297852e-02 4.650354385375976562e-03 5.682969093322753906e-02 6.945413351058959961e-02 5.181926488876342773e-02 6.669980287551879883e-02 2.893602848052978516e-02
6.333154439926147461e-02 0.000000000000000000e+00 3.076833486557006836e-02 3.402471542358398438e-03 1.202278733253479004e-01 8.945822715759277344e-03 1.713454723358154297e-03 2.896666526794433594e-03 5.434864759445190430e-02 2.466261386871337891e-03 1.597762107849121094e-03 3.466010093688964844e-03 6.524324417114257812e-04 2.896845340728759766e-03 1.795641779899597168e-01 1.039257049560546875e-01 6.501615047454833984e-03 4.684925079345703125e-04 4.473984241485595703e-03 2.905309200286865234e-03 4.211431741714477539e-02 1.457393169403076172e-02 7.313984632492065430e-02 6.524324417114257812e-04 2.738374471664428711e-02 2.860009670257568359e-03 4.473984241485595703e-03 1.151216030120849609e-02 5.868119001388549805e-02 6.501853466033935547e-03 6.122589111328125000e-03 1.151227951049804688e-02 3.368258476257324219e-03 3.439551591873168945e-02
3.256320953369140625e-02 3.076833486557006836e-02 0.000000000000000000e+00 3.417080640792846680e-02 8.945953845977783203e-02 2.182251214981079102e-02 2.905488014221191406e-02 2.787166833877563477e-02 2.358031272888183594e-02 3.323459625244140625e-02 3.236609697341918945e-02 3.423434495925903320e-02 3.011590242385864258e-02 2.787148952484130859e-02 1.487958431243896484e-01 7.315737009048461914e-02 2.426671981811523438e-02 3.123682737350463867e-02 2.629435062408447266e-02 3.367364406585693359e-02 1.134598255157470703e-02 1.619440317153930664e-02 4.237151145935058594e-02 3.011590242385864258e-02 3.384590148925781250e-03 3.362834453582763672e-02 2.629435062408447266e-02 1.925617456436157227e-02 2.791285514831542969e-02 2.426648139953613281e-02 3.689092397689819336e-02 1.925605535507202148e-02 3.413659334182739258e-02 3.627181053161621094e-03
6.673401594161987305e-02 3.402471542358398438e-03 3.417080640792846680e-02 0.000000000000000000e+00 1.236303448677062988e-01 1.234829425811767578e-02 5.115926265716552734e-03 6.299138069152832031e-03 5.775111913681030273e-02 9.362101554870605469e-04 1.804709434509277344e-03 6.353855133056640625e-05 4.054903984069824219e-03 6.299316883087158203e-03 1.829666495323181152e-01 1.073281764984130859e-01 9.904086589813232422e-03 2.933979034423828125e-03 7.876455783843994141e-03 4.971623420715332031e-04 4.551678895950317383e-02 1.797640323638916016e-02 7.654231786727905273e-02 4.054903984069824219e-03 3.078621625900268555e-02 5.424618721008300781e-04 7.876455783843994141e-03 1.491463184356689453e-02 6.208366155624389648e-02 9.904325008392333984e-03 2.720117568969726562e-03 1.491475105285644531e-02 3.421306610107421875e-05 3.779798746109008789e-02
5.689632892608642578e-02 1.202278733253479004e-01 8.945953845977783203e-02 1.236303448677062988e-01 0.000000000000000000e+00 1.112820506095886230e-01 1.185144186019897461e-01 1.173312067985534668e-01 6.587922573089599609e-02 1.226941347122192383e-01 1.218256354331970215e-01 1.236938834190368652e-01 1.195754408836364746e-01 1.173310279846191406e-01 5.933630466461181641e-02 1.630216836929321289e-02 1.137262582778930664e-01 1.206963658332824707e-01 1.157538890838623047e-01 1.231331825256347656e-01 7.811355590820312500e-02 1.056539416313171387e-01 4.708802700042724609e-02 1.195754408836364746e-01 9.284412860870361328e-02 1.230878829956054688e-01 1.157538890838623047e-01 1.087157130241394043e-01 6.154668331146240234e-02 1.137260198593139648e-01 1.263504624366760254e-01 1.087155938148498535e-01 1.235961318016052246e-01 8.583235740661621094e-02
5.438572168350219727e-02 8.945822715759277344e-03 2.182251214981079102e-02 1.234829425811767578e-02 1.112820506095886230e-01 0.000000000000000000e+00 7.232367992401123047e-03 6.049156188964843750e-03 4.540282487869262695e-02 1.141208410263061523e-02 1.054358482360839844e-02 1.241183280944824219e-02 8.293390274047851562e-03 6.048977375030517578e-03 1.706183552742004395e-01 9.497988224029541016e-02 2.444207668304443359e-03 9.414315223693847656e-03 4.471838474273681641e-03 1.185113191604614258e-02 3.316849470138549805e-02 5.628108978271484375e-03 6.419402360916137695e-02 8.293390274047851562e-03 1.843792200088500977e-02 1.180583238601684570e-02 4.471838474273681641e-03 2.566337585449218750e-03 4.973536729812622070e-02 2.443969249725341797e-03 1.506841182708740234e-02 2.566456794738769531e-03 1.231408119201660156e-02 2.544969320297241211e-02
6.161808967590332031e-02 1.713454723358154297e-03 2.905488014221191406e-02 5.115926265716552734e-03 1.185144186019897461e-01 7.232367992401123047e-03 0.000000000000000000e+00 1.183211803436279297e-03 5.263519287109375000e-02 4.179716110229492188e-03 3.311216831207275391e-03 5.179464817047119141e-03 1.061022281646728516e-03 1.183390617370605469e-03 1.778507232666015625e-01 1.022122502326965332e-01 4.788160324096679688e-03 2.181947231292724609e-03 2.760529518127441406e-03 4.618763923645019531e-03 4.040086269378662109e-02 1.286047697067260742e-02 7.142639160156250000e-02 1.061022281646728516e-03 2.567028999328613281e-02 4.573464393615722656e-03 2.760529518127441406e-03 9.798705577850341797e-03 5.696773529052734375e-02 4.788398742675781250e-03 7.836043834686279297e-03 9.798824787139892578e-03 5.081713199615478516e-03 3.268206119537353516e-02
6.043487787246704102e-02 2.896666526794433594e-03 2.787166833877563477e-02 6.299138069152832031e-03 1.173312067985534668e-01 6.049156188964843750e-03 1.183211803436279297e-03 0.000000000000000000e+00 5.145198106765747070e-02 5.362927913665771484e-03 4.494428634643554688e-03 6.362676620483398438e-03 2.244234085083007812e-03 1.788139343261718750e-07 1.766675114631652832e-01 1.010290384292602539e-01 3.604948520660400391e-03 3.365159034729003906e-03 1.577317714691162109e-03 5.801975727081298828e-03 3.921765089035034180e-02 1.167726516723632812e-02 7.024317979812622070e-02 2.244234085083007812e-03 2.448707818984985352e-02 5.756676197052001953e-03 1.577317714691162109e-03 8.615493774414062500e-03 5.578452348709106445e-02 3.605186939239501953e-03 9.019255638122558594e-03 8.615612983703613281e-03 6.264925003051757812e-03 3.149884939193725586e-02
8.982896804809570312e-03 5.434864759445190430e-02 2.358031272888183594e-02 5.775111913681030273e-02 6.587922573089599609e-02 4.540282487869262695e-02 5.263519287109375000e-02 5.145198106765747070e-02 0.000000000000000000e+00 5.681490898132324219e-02 5.594640970230102539e-02 5.781465768814086914e-02 5.369621515274047852e-02 5.145180225372314453e-02 1.252155303955078125e-01 4.957705736160278320e-02 4.784703254699707031e-02 5.481714010238647461e-02 4.987466335296630859e-02 5.725395679473876953e-02 1.223433017730712891e-02 3.977471590042114258e-02 1.879119873046875000e-02 5.369621515274047852e-02 2.696490287780761719e-02 5.720865726470947266e-02 4.987466335296630859e-02 4.283648729324340820e-02 4.332542419433593750e-03 4.784679412841796875e-02 6.047123670578002930e-02 4.283636808395385742e-02 5.771690607070922852e-02 1.995313167572021484e-02
6.579780578613281250e-02 2.466261386871337891e-03 3.323459625244140625e-02 9.362101554870605469e-04 1.226941347122192383e-01 1.141208410263061523e-02 4.179716110229492188e-03 5.362927913665771484e-03 5.681490898132324219e-02 0.000000000000000000e+00 8.684992790222167969e-04 9.997487068176269531e-04 3.118693828582763672e-03 5.363106727600097656e-03 1.820304393768310547e-01 1.063919663429260254e-01 8.967876434326171875e-03 1.997768878936767578e-03 6.940245628356933594e-03 4.390478134155273438e-04 4.458057880401611328e-02 1.704019308090209961e-02 7.560610771179199219e-02 3.118693828582763672e-03 2.985000610351562500e-02 3.937482833862304688e-04 6.940245628356933594e-03 1.397842168807983398e-02 6.114745140075683594e-02 8.968114852905273438e-03 3.656327724456787109e-03 1.397854089736938477e-02 9.019970893859863281e-04 3.686177730560302734e-02
6.492930650711059570e-02 1.597762107849121094e-03 3.236609697341918945e-02 1.804709434509277344e-03 1.218256354331970215e-01 1.054358482360839844e-02 3.311216831207275391e-03 4.494428634643554688e-03 5.594640970230102539e-02 8.684992790222167969e-04 0.000000000000000000e+00 1.868247985839843750e-03 2.250194549560546875e-03 4.494607448577880859e-03 1.811619400978088379e-01 1.055234670639038086e-01 8.099377155303955078e-03 1.129269599914550781e-03 6.071746349334716797e-03 1.307547092437744141e-03 4.371207952499389648e-02 1.617169380187988281e-02 7.473760843276977539e-02 2.250194549560546875e-03 2.898150682449340820e-02 1.262247562408447266e-03 6.071746349334716797e-03 1.310992240905761719e-02 6.027895212173461914e-02 8.099615573883056641e-03 4.524827003479003906e-03 1.311004161834716797e-02 1.770496368408203125e-03 3.599327802658081055e-02
6.679755449295043945e-02 3.466010093688964844e-03 3.423434495925903320e-02 6.353855133056640625e-05 1.236938834190368652e-01 1.241183280944824219e-02 5.179464817047119141e-03 6.362676620483398438e-03 5.781465768814086914e-02 9.997487068176269531e-04 1.868247985839843750e-03 0.000000000000000000e+00 4.118442535400390625e-03 6.362855434417724609e-03 1.830301880836486816e-01 1.073917150497436523e-01 9.967625141143798828e-03 2.997517585754394531e-03 7.939994335174560547e-03 5.607008934020996094e-04 4.558032751083374023e-02 1.803994178771972656e-02 7.660585641860961914e-02 4.118442535400390625e-03 3.084975481033325195e-02 6.060004234313964844e-04 7.939994335174560547e-03 1.497817039489746094e-02 6.214720010757446289e-02 9.967863559722900391e-03 2.656579017639160156e-03 1.497828960418701172e-02 9.775161743164062500e-05 3.786152601242065430e-02
6.267911195755004883e-02 6.524324417114257812e-04 3.011590242385864258e-02 4.054903984069824219e-03 1.195754408836364746e-01 8.293390274047851562e-03 1.061022281646728516e-03 2.244234085083007812e-03 5.369621515274047852e-02 3.118693828582763672e-03 2.250194549560546875e-03 4.118442535400390625e-03 0.000000000000000000e+00 2.244412899017333984e-03 1.789117455482482910e-01 1.032732725143432617e-01 5.849182605743408203e-03 1.120924949645996094e-03 3.821551799774169922e-03 3.557741641998291016e-03 4.146188497543334961e-02 1.392149925231933594e-02 7.248741388320922852e-02 0.000000000000000000e+00 2.673131227493286133e-02 3.512442111968994141e-03 3.821551799774169922e-03 1.085972785949707031e-02 5.802875757217407227e-02 5.849421024322509766e-03 6.775021553039550781e-03 1.085984706878662109e-02 4.020690917968750000e-03 3.374308347702026367e-02
6.043469905853271484e-02 2.896845340728759766e-03 2.787148952484130859e-02 6.299316883087158203e-03 1.173310279846191406e-01 6.048977375030517578e-03 1.183390617370605469e-03 1.788139343261718750e-07 5.145180225372314453e-02 5.363106727600097656e-03 4.494607448577880859e-03 6.362855434417724609e-03 2.244412899017333984e-03 0.000000000000000000e+00 1.766673326492309570e-01 1.010288596153259277e-01 3.604769706726074219e-03 3.365337848663330078e-03 1.577138900756835938e-03 5.802154541015625000e-03 3.921747207641601562e-02 1.167708635330200195e-02 7.024300098419189453e-02 2.244412899017333984e-03 2.448689937591552734e-02 5.756855010986328125e-03 1.577138900756835938e-03 8.615314960479736328e-03 5.578434467315673828e-02 3.605008125305175781e-03 9.019434452056884766e-03 8.615434169769287109e-03 6.265103816986083984e-03 3.149867057800292969e-02
1.162326335906982422e-01 1.795641779899597168e-01 1.487958431243896484e-01 1.829666495323181152e-01 5.933630466461181641e-02 1.706183552742004395e-01 1.778507232666015625e-01 1.766675114631652832e-01 1.252155303955078125e-01 1.820304393768310547e-01 1.811619400978088379e-01 1.830301880836486816e-01 1.789117455482482910e-01 1.766673326492309570e-01 0.000000000000000000e+00 7.563847303390502930e-02 1.730625629425048828e-01 1.800326704978942871e-01 1.750901937484741211e-01 1.824694871902465820e-01 1.374498605728149414e-01 1.649902462959289551e-01 1.064243316650390625e-01 1.789117455482482910e-01 1.521804332733154297e-01 1.824241876602172852e-01 1.750901937484741211e-01 1.680520176887512207e-01 1.208829879760742188e-01 1.730623245239257812e-01 1.856867671012878418e-01 1.680518984794616699e-01 1.829324364662170410e-01 1.451686620712280273e-01
4.059416055679321289e-02 1.039257049560546875e-01 7.315737009048461914e-02 1.073281764984130859e-01 1.630216836929321289e-02 9.497988224029541016e-02 1.022122502326965332e-01 1.010290384292602539e-01 4.957705736160278320e-02 1.063919663429260254e-01 1.055234670639038086e-01 1.073917150497436523e-01 1.032732725143432617e-01 1.010288596153259277e-01 7.563847303390502930e-02 0.000000000000000000e+00 9.742408990859985352e-02 1.043941974639892578e-01 9.945172071456909180e-02 1.068310141563415527e-01 6.181138753890991211e-02 8.935177326202392578e-02 3.078585863113403320e-02 1.032732725143432617e-01 7.654196023941040039e-02 1.067857146263122559e-01 9.945172071456909180e-02 9.241354465484619141e-02 4.524451494216918945e-02 9.742385149002075195e-02 1.100482940673828125e-01 9.241342544555664062e-02 1.072939634323120117e-01 6.953018903732299805e-02
5.682992935180664062e-02 6.501615047454833984e-03 2.426671981811523438e-02 9.904086589813232422e-03 1.137262582778930664e-01 2.444207668304443359e-03 4.788160324096679688e-03 3.604948520660400391e-03 4.784703254699707031e-02 8.967876434326171875e-03 8.099377155303955078e-03 9.967625141143798828e-03 5.849182605743408203e-03 3.604769706726074219e-03 1.730625629425048828e-01 9.742408990859985352e-02 0.000000000000000000e+00 6.970107555389404297e-03 2.027630805969238281e-03 9.406924247741699219e-03 3.561270236968994141e-02 8.072316646575927734e-03 6.663823127746582031e-02 5.849182605743408203e-03 2.088212966918945312e-02 9.361624717712402344e-03 2.027630805969238281e-03 5.010545253753662109e-03 5.217957496643066406e-02 2.384185791015625000e-07 1.262420415878295898e-02 5.010664463043212891e-03 9.869873523712158203e-03 2.789390087127685547e-02
6.380003690719604492e-02 4.684925079345703125e-04 3.123682737350463867e-02 2.933979034423828125e-03 1.206963658332824707e-01 9.414315223693847656e-03 2.181947231292724609e-03 3.365159034729003906e-03 5.481714010238647461e-02 1.997768878936767578e-03 1.129269599914550781e-03 2.997517585754394531e-03 1.120924949645996094e-03 3.365337848663330078e-03 1.800326704978942871e-01 1.043941974639892578e-01 6.970107555389404297e-03 0.000000000000000000e+00 4.942476749420166016e-03 2.436816692352294922e-03 4.258280992507934570e-02 1.504242420196533203e-02 7.360833883285522461e-02 1.120924949645996094e-03 2.785223722457885742e-02 2.391517162322998047e-03 4.942476749420166016e-03 1.198065280914306641e-02 5.914968252182006836e-02 6.970345973968505859e-03 5.654096603393554688e-03 1.198077201843261719e-02 2.899765968322753906e-03 3.486400842666625977e-02
5.885756015777587891e-02 4.473984241485595703e-03 2.629435062408447266e-02 7.876455783843994141e-03 1.157538890838623047e-01 4.471838474273681641e-03 2.760529518127441406e-03 1.577317714691162109e-03 4.987466335296630859e-02 6.940245628356933594e-03 6.071746349334716797e-03 7.939994335174560547e-03 3.821551799774169922e-03 1.577138900756835938e-03 1.750901937484741211e-01 9.945172071456909180e-02 2.027630805969238281e-03 4.942476749420166016e-03 0.000000000000000000e+00 7.379293441772460938e-03 3.764033317565917969e-02 1.009994745254516602e-02 6.866586208343505859e-02 3.821551799774169922e-03 2.290976047515869141e-02 7.333993911743164062e-03 0.000000000000000000e+00 7.038176059722900391e-03 5.420720577239990234e-02 2.027869224548339844e-03 1.059657335281372070e-02 7.038295269012451172e-03 7.842242717742919922e-03 2.992153167724609375e-02
6.623685359954833984e-02 2.905309200286865234e-03 3.367364406585693359e-02 4.971623420715332031e-04 1.231331825256347656e-01 1.185113191604614258e-02 4.618763923645019531e-03 5.801975727081298828e-03 5.725395679473876953e-02 4.390478134155273438e-04 1.307547092437744141e-03 5.607008934020996094e-04 3.557741641998291016e-03 5.802154541015625000e-03 1.824694871902465820e-01 1.068310141563415527e-01 9.406924247741699219e-03 2.436816692352294922e-03 7.379293441772460938e-03 0.000000000000000000e+00 4.501962661743164062e-02 1.747924089431762695e-02 7.604515552520751953e-02 3.557741641998291016e-03 3.028905391693115234e-02 4.529953002929687500e-05 7.379293441772460938e-03 1.441746950149536133e-02 6.158649921417236328e-02 9.407162666320800781e-03 3.217279911041259766e-03 1.441758871078491211e-02 4.629492759704589844e-04 3.730082511901855469e-02
2.121722698211669922e-02 4.211431741714477539e-02 1.134598255157470703e-02 4.551678895950317383e-02 7.811355590820312500e-02 3.316849470138549805e-02 4.040086269378662109e-02 3.921765089035034180e-02 1.223433017730712891e-02 4.458057880401611328e-02 4.371207952499389648e-02 4.558032751083374023e-02 4.146188497543334961e-02 3.921747207641601562e-02 1.374498605728149414e-01 6.181138753890991211e-02 3.561270236968994141e-02 4.258280992507934570e-02 3.764033317565917969e-02 4.501962661743164062e-02 0.000000000000000000e+00 2.754038572311401367e-02 3.102552890777587891e-02 4.146188497543334961e-02 1.473057270050048828e-02 4.497432708740234375e-02 3.764033317565917969e-02 3.060215711593627930e-02 1.656687259674072266e-02 3.561246395111083984e-02 4.823690652847290039e-02 3.060203790664672852e-02 4.548257589340209961e-02 7.718801498413085938e-03
4.875761270523071289e-02 1.457393169403076172e-02 1.619440317153930664e-02 1.797640323638916016e-02 1.056539416313171387e-01 5.628108978271484375e-03 1.286047697067260742e-02 1.167726516723632812e-02 3.977471590042114258e-02 1.704019308090209961e-02 1.617169380187988281e-02 1.803994178771972656e-02 1.392149925231933594e-02 1.167708635330200195e-02 1.649902462959289551e-01 8.935177326202392578e-02 8.072316646575927734e-03 1.504242420196533203e-02 1.009994745254516602e-02 1.747924089431762695e-02 2.754038572311401367e-02 0.000000000000000000e+00 5.856591463088989258e-02 1.392149925231933594e-02 1.280981302261352539e-02 1.743394136428833008e-02 1.009994745254516602e-02 3.061771392822265625e-03 4.410725831985473633e-02 8.072078227996826172e-03 2.069652080535888672e-02 3.061652183532714844e-03 1.794219017028808594e-02 1.982158422470092773e-02
9.808301925659179688e-03 7.313984632492065430e-02 4.237151145935058594e-02 7.654231786727905273e-02 4.708802700042724609e-02 6.419402360916137695e-02 7.142639160156250000e-02 7.024317979812622070e-02 1.879119873046875000e-02 7.560610771179199219e-02 7.473760843276977539e-02 7.660585641860961914e-02 7.248741388320922852e-02 7.024300098419189453e-02 1.064243316650390625e-01 3.078585863113403320e-02 6.663823127746582031e-02 7.360833883285522461e-02 6.866586208343505859e-02 7.604515552520751953e-02 3.102552890777587891e-02 5.856591463088989258e-02 0.000000000000000000e+00 7.248741388320922852e-02 4.575610160827636719e-02 7.599985599517822266e-02 6.866586208343505859e-02 6.162768602371215820e-02 1.445865631103515625e-02 6.663799285888671875e-02 7.926243543624877930e-02 6.162756681442260742e-02 7.650810480117797852e-02 3.874433040618896484e-02
6.267911195755004883e-02 6.524324417114257812e-04 3.011590242385864258e-02 4.054903984069824219e-03 1.195754408836364746e-01 8.293390274047851562e-03 1.061022281646728516e-03 2.244234085083007812e-03 5.369621515274047852e-02 3.118693828582763672e-03 2.250194549560546875e-03 4.118442535400390625e-03 0.000000000000000000e+00 2.244412899017333984e-03 1.789117455482482910e-01 1.032732725143432617e-01 5.849182605743408203e-03 1.120924949645996094e-03 3.821551799774169922e-03 3.557741641998291016e-03 4.146188497543334961e-02 1.392149925231933594e-02 7.248741388320922852e-02 0.000000000000000000e+00 2.673131227493286133e-02 3.512442111968994141e-03 3.821551799774169922e-03 1.085972785949707031e-02 5.802875757217407227e-02 5.849421024322509766e-03 6.775021553039550781e-03 1.085984706878662109e-02 4.020690917968750000e-03 3.374308347702026367e-02
3.594779968261718750e-02 2.738374471664428711e-02 3.384590148925781250e-03 3.078621625900268555e-02 9.284412860870361328e-02 1.843792200088500977e-02 2.567028999328613281e-02 2.448707818984985352e-02 2.696490287780761719e-02 2.985000610351562500e-02 2.898150682449340820e-02 3.084975481033325195e-02 2.673131227493286133e-02 2.448689937591552734e-02 1.521804332733154297e-01 7.654196023941040039e-02 2.088212966918945312e-02 2.785223722457885742e-02 2.290976047515869141e-02 3.028905391693115234e-02 1.473057270050048828e-02 1.280981302261352539e-02 4.575610160827636719e-02 2.673131227493286133e-02 0.000000000000000000e+00 3.024375438690185547e-02 2.290976047515869141e-02 1.587158441543579102e-02 3.129744529724121094e-02 2.088189125061035156e-02 3.350633382797241211e-02 1.587146520614624023e-02 3.075200319290161133e-02 7.011771202087402344e-03
6.619155406951904297e-02 2.860009670257568359e-03 3.362834453582763672e-02 5.424618721008300781e-04 1.230878829956054688e-01 1.180583238601684570e-02 4.573464393615722656e-03 5.756676197052001953e-03 5.720865726470947266e-02 3.937482833862304688e-04 1.262247562408447266e-03 6.060004234313964844e-04 3.512442111968994141e-03 5.756855010986328125e-03 1.824241876602172852e-01 1.067857146263122559e-01 9.361624717712402344e-03 2.391517162322998047e-03 7.333993911743164062e-03 4.529953002929687500e-05 4.497432708740234375e-02 1.743394136428833008e-02 7.599985599517822266e-02 3.512442111968994141e-03 3.024375438690185547e-02 0.000000000000000000e+00 7.333993911743164062e-03 1.437216997146606445e-02 6.154119968414306641e-02 9.361863136291503906e-03 3.262579441070556641e-03 1.437228918075561523e-02 5.082488059997558594e-04 3.725552558898925781e-02
5.885756015777587891e-02 4.473984241485595703e-03 2.629435062408447266e-02 7.876455783843994141e-03 1.157538890838623047e-01 4.471838474273681641e-03 2.760529518127441406e-03 1.577317714691162109e-03 4.987466335296630859e-02 6.940245628356933594e-03 6.071746349334716797e-03 7.939994335174560547e-03 3.821551799774169922e-03 1.577138900756835938e-03 1.750901937484741211e-01 9.945172071456909180e-02 2.027630805969238281e-03 4.942476749420166016e-03 0.000000000000000000e+00 7.379293441772460938e-03 3.764033317565917969e-02 1.009994745254516602e-02 6.866586208343505859e-02 3.821551799774169922e-03 2.290976047515869141e-02 7.333993911743164062e-03 0.000000000000000000e+00 7.038176059722900391e-03 5.420720577239990234e-02 2.027869224548339844e-03 1.059657335281372070e-02 7.038295269012451172e-03 7.842242717742919922e-03 2.992153167724609375e-02
5.181938409805297852e-02 1.151216030120849609e-02 1.925617456436157227e-02 1.491463184356689453e-02 1.087157130241394043e-01 2.566337585449218750e-03 9.798705577850341797e-03 8.615493774414062500e-03 4.283648729324340820e-02 1.397842168807983398e-02 1.310992240905761719e-02 1.497817039489746094e-02 1.085972785949707031e-02 8.615314960479736328e-03 1.680520176887512207e-01 9.241354465484619141e-02 5.010545253753662109e-03 1.198065280914306641e-02 7.038176059722900391e-03 1.441746950149536133e-02 3.060215711593627930e-02 3.061771392822265625e-03 6.162768602371215820e-02 1.085972785949707031e-02 1.587158441543579102e-02 1.437216997146606445e-02 7.038176059722900391e-03 0.000000000000000000e+00 4.716902971267700195e-02 5.010306835174560547e-03 1.763474941253662109e-02 1.192092895507812500e-07 1.488041877746582031e-02 2.288335561752319336e-02
4.650354385375976562e-03 5.868119001388549805e-02 2.791285514831542969e-02 6.208366155624389648e-02 6.154668331146240234e-02 4.973536729812622070e-02 5.696773529052734375e-02 5.578452348709106445e-02 4.332542419433593750e-03 6.114745140075683594e-02 6.027895212173461914e-02 6.214720010757446289e-02 5.802875757217407227e-02 5.578434467315673828e-02 1.208829879760742188e-01 4.524451494216918945e-02 5.217957496643066406e-02 5.914968252182006836e-02 5.420720577239990234e-02 6.158649921417236328e-02 1.656687259674072266e-02 4.410725831985473633e-02 1.445865631103515625e-02 5.802875757217407227e-02 3.129744529724121094e-02 6.154119968414306641e-02 5.420720577239990234e-02 4.716902971267700195e-02 0.000000000000000000e+00 5.217933654785156250e-02 6.480377912521362305e-02 4.716891050338745117e-02 6.204944849014282227e-02 2.428567409515380859e-02
5.682969093322753906e-02 6.501853466033935547e-03 2.426648139953613281e-02 9.904325008392333984e-03 1.137260198593139648e-01 2.443969249725341797e-03 4.788398742675781250e-03 3.605186939239501953e-03 4.784679412841796875e-02 8.968114852905273438e-03 8.099615573883056641e-03 9.967863559722900391e-03 5.849421024322509766e-03 3.605008125305175781e-03 1.730623245239257812e-01 9.742385149002075195e-02 2.384185791015625000e-07 6.970345973968505859e-03 2.027869224548339844e-03 9.407162666320800781e-03 3.561246395111083984e-02 8.072078227996826172e-03 6.663799285888671875e-02 5.849421024322509766e-03 2.088189125061035156e-02 9.361863136291503906e-03 2.027869224548339844e-03 5.010306835174560547e-03 5.217933654785156250e-02 0.000000000000000000e+00 1.262444257736206055e-02 5.010426044464111328e-03 9.870111942291259766e-03 2.789366245269775391e-02
6.945413351058959961e-02 6.122589111328125000e-03 3.689092397689819336e-02 2.720117568969726562e-03 1.263504624366760254e-01 1.506841182708740234e-02 7.836043834686279297e-03 9.019255638122558594e-03 6.047123670578002930e-02 3.656327724456787109e-03 4.524827003479003906e-03 2.656579017639160156e-03 6.775021553039550781e-03 9.019434452056884766e-03 1.856867671012878418e-01 1.100482940673828125e-01 1.262420415878295898e-02 5.654096603393554688e-03 1.059657335281372070e-02 3.217279911041259766e-03 4.823690652847290039e-02 2.069652080535888672e-02 7.926243543624877930e-02 6.775021553039550781e-03 3.350633382797241211e-02 3.262579441070556641e-03 1.059657335281372070e-02 1.763474941253662109e-02 6.480377912521362305e-02 1.262444257736206055e-02 0.000000000000000000e+00 1.763486862182617188e-02 2.754330635070800781e-03 4.051810503005981445e-02
5.181926488876342773e-02 1.151227951049804688e-02 1.925605535507202148e-02 1.491475105285644531e-02 1.087155938148498535e-01 2.566456794738769531e-03 9.798824787139892578e-03 8.615612983703613281e-03 4.283636808395385742e-02 1.397854089736938477e-02 1.311004161834716797e-02 1.497828960418701172e-02 1.085984706878662109e-02 8.615434169769287109e-03 1.680518984794616699e-01 9.241342544555664062e-02 5.010664463043212891e-03 1.198077201843261719e-02 7.038295269012451172e-03 1.441758871078491211e-02 3.060203790664672852e-02 3.061652183532714844e-03 6.162756681442260742e-02 1.085984706878662109e-02 1.587146520614624023e-02 1.437228918075561523e-02 7.038295269012451172e-03 1.192092895507812500e-07 4.716891050338745117e-02 5.010426044464111328e-03 1.763486862182617188e-02 0.000000000000000000e+00 1.488053798675537109e-02 2.288323640823364258e-02
6.669980287551879883e-02 3.368258476257324219e-03 3.413659334182739258e-02 3.421306610107421875e-05 1.235961318016052246e-01 1.231408119201660156e-02 5.081713199615478516e-03 6.264925003051757812e-03 5.771690607070922852e-02 9.019970893859863281e-04 1.770496368408203125e-03 9.775161743164062500e-05 4.020690917968750000e-03 6.265103816986083984e-03 1.829324364662170410e-01 1.072939634323120117e-01 9.869873523712158203e-03 2.899765968322753906e-03 7.842242717742919922e-03 4.629492759704589844e-04 4.548257589340209961e-02 1.794219017028808594e-02 7.650810480117797852e-02 4.020690917968750000e-03 3.075200319290161133e-02 5.082488059997558594e-04 7.842242717742919922e-03 1.488041877746582031e-02 6.204944849014282227e-02 9.870111942291259766e-03 2.754330635070800781e-03 1.488053798675537109e-02 0.000000000000000000e+00 3.776377439498901367e-02
2.893602848052978516e-02 3.439551591873168945e-02 3.627181053161621094e-03 3.779798746109008789e-02 8.583235740661621094e-02 2.544969320297241211e-02 3.268206119537353516e-02 3.149884939193725586e-02 1.995313167572021484e-02 3.686177730560302734e-02 3.599327802658081055e-02 3.786152601242065430e-02 3.374308347702026367e-02 3.149867057800292969e-02 1.451686620712280273e-01 6.953018903732299805e-02 2.789390087127685547e-02 3.486400842666625977e-02 2.992153167724609375e-02 3.730082511901855469e-02 7.718801498413085938e-03 1.982158422470092773e-02 3.874433040618896484e-02 3.374308347702026367e-02 7.011771202087402344e-03 3.725552558898925781e-02 2.992153167724609375e-02 2.288335561752319336e-02 2.428567409515380859e-02 2.789366245269775391e-02 4.051810503005981445e-02 2.288323640823364258e-02 3.776377439498901367e-02 0.000000000000000000e+00
