0.000000000000000000e+00 7.635110616683959961e-02 1.869881153106689453e-02 8.714026212692260742e-02 8.268678188323974609e-02 5.952537059783935547e-02 7.498955726623535156e-02 7.635116577148437500e-02 6.660580635070800781e-02 8.313399553298950195e-02 7.812988758087158203e-02 8.564341068267822266e-02 7.316476106643676758e-02 7.730782032012939453e-02 2.668273448944091797e-02 1.645612716674804688e-02 2.299714088439941406e-02 8.429074287414550781e-02 7.316476106643676758e-02 8.340048789978027344e-02 4.447758197784423828e-02 7.881170511245727539e-02 1.192092895507812500e-07 4.785430431365966797e-02 8.231931924819946289e-02 7.498967647552490234e-02 6.200021505355834961e-02 5.095553398132324219e-02 2.299696207046508789e-02 7.929092645645141602e-02 5.678999423980712891e-02 8.593440055847167969e-02 1.418548822402954102e-02 4.877865314483642578e-03
7.635110616683959961e-02 0.000000000000000000e+00 5.765229463577270508e-02 1.078915596008300781e-02 6.335675716400146484e-03 1.682573556900024414e-02 1.361548900604248047e-03 5.960464477539062500e-08 9.745299816131591797e-03 6.782889366149902344e-03 1.778781414031982422e-03 9.292304515838623047e-03 3.186345100402832031e-03 9.567141532897949219e-04 4.966837167739868164e-02 9.280723333358764648e-02 5.335396528244018555e-02 7.939636707305908203e-03 3.186345100402832031e-03 7.049381732940673828e-03 3.187352418899536133e-02 2.460598945617675781e-03 7.635098695755004883e-02 2.849680185317993164e-02 5.968213081359863281e-03 1.361429691314697266e-03 1.435089111328125000e-02 2.539557218551635742e-02 5.335414409637451172e-02 2.939820289611816406e-03 1.956111192703247070e-02 9.583294391632080078e-03 6.216561794281005859e-02 7.147324085235595703e-02
1.869881153106689453e-02 5.765229463577270508e-02 0.000000000000000000e+00 6.844145059585571289e-02 6.398797035217285156e-02 4.082655906677246094e-02 5.629074573516845703e-02 5.765235424041748047e-02 4.790699481964111328e-02 6.443518400192260742e-02 5.943107604980468750e-02 6.694459915161132812e-02 5.446594953536987305e-02 5.860900878906250000e-02 7.983922958374023438e-03 3.515493869781494141e-02 4.298329353332519531e-03 6.559193134307861328e-02 5.446594953536987305e-02 6.470167636871337891e-02 2.577877044677734375e-02 6.011289358139038086e-02 1.869869232177734375e-02 2.915549278259277344e-02 6.362050771713256836e-02 5.629086494445800781e-02 4.330140352249145508e-02 3.225672245025634766e-02 4.298150539398193359e-03 6.059211492538452148e-02 3.809118270874023438e-02 6.723558902740478516e-02 4.513323307037353516e-03 1.382094621658325195e-02
8.714026212692260742e-02 1.078915596008300781e-02 6.844145059585571289e-02 0.000000000000000000e+00 4.453480243682861328e-03 2.761489152908325195e-02 1.215070486068725586e-02 1.078909635543823242e-02 2.053445577621459961e-02 4.006266593933105469e-03 9.010374546051025391e-03 1.496851444244384766e-03 1.397550106048583984e-02 9.832441806793212891e-03 6.045752763748168945e-02 1.035963892936706543e-01 6.414312124252319336e-02 2.849519252777099609e-03 1.397550106048583984e-02 3.739774227142333984e-03 4.266268014907836914e-02 8.328557014465332031e-03 8.714014291763305664e-02 3.928595781326293945e-02 4.820942878723144531e-03 1.215058565139770508e-02 2.514004707336425781e-02 3.618472814559936523e-02 6.414330005645751953e-02 7.849335670471191406e-03 3.035026788711547852e-02 1.205861568450927734e-03 7.295477390289306641e-02 8.226239681243896484e-02
8.268678188323974609e-02 6.335675716400146484e-03 6.398797035217285156e-02 4.453480243682861328e-03 0.000000000000000000e+00 2.316141128540039062e-02 7.697224617004394531e-03 6.335616111755371094e-03 1.608097553253173828e-02 4.472136497497558594e-04 4.556894302368164062e-03 2.956628799438476562e-03 9.522020816802978516e-03 5.378961563110351562e-03 5.600404739379882812e-02 9.914290904998779297e-02 5.968964099884033203e-02 1.603960990905761719e-03 9.522020816802978516e-03 7.137060165405273438e-04 3.820919990539550781e-02 3.875076770782470703e-03 8.268666267395019531e-02 3.483247756958007812e-02 3.674626350402832031e-04 7.697105407714843750e-03 2.068656682968139648e-02 3.173124790191650391e-02 5.968981981277465820e-02 3.395855426788330078e-03 2.589678764343261719e-02 3.247618675231933594e-03 6.850129365921020508e-02 7.780891656875610352e-02
5.952537059783935547e-02 1.682573556900024414e-02 4.082655906677246094e-02 2.761489152908325195e-02 2.316141128540039062e-02 0.000000000000000000e+00 1.546418666839599609e-02 1.682579517364501953e-02 7.080435752868652344e-03 2.360862493515014648e-02 1.860451698303222656e-02 2.611804008483886719e-02 1.363939046859741211e-02 1.778244972229003906e-02 3.284263610839843750e-02 7.598149776458740234e-02 3.652822971343994141e-02 2.476537227630615234e-02 1.363939046859741211e-02 2.387511730194091797e-02 1.504778861999511719e-02 1.928633451461791992e-02 5.952525138854980469e-02 1.167106628417968750e-02 2.279394865036010742e-02 1.546430587768554688e-02 2.474844455718994141e-03 8.569836616516113281e-03 3.652840852737426758e-02 1.976555585861206055e-02 2.735376358032226562e-03 2.640902996063232422e-02 4.533988237380981445e-02 5.464750528335571289e-02
7.498955726623535156e-02 1.361548900604248047e-03 5.629074573516845703e-02 1.215070486068725586e-02 7.697224617004394531e-03 1.546418666839599609e-02 0.000000000000000000e+00 1.361608505249023438e-03 8.383750915527343750e-03 8.144438266754150391e-03 3.140330314636230469e-03 1.065385341644287109e-02 1.824796199798583984e-03 2.318263053894042969e-03 4.830682277679443359e-02 9.144568443298339844e-02 5.199241638183593750e-02 9.301185607910156250e-03 1.824796199798583984e-03 8.410930633544921875e-03 3.051197528839111328e-02 3.822147846221923828e-03 7.498943805694580078e-02 2.713525295257568359e-02 7.329761981964111328e-03 1.192092895507812500e-07 1.298934221267700195e-02 2.403402328491210938e-02 5.199259519577026367e-02 4.301369190216064453e-03 1.819956302642822266e-02 1.094484329223632812e-02 6.080406904220581055e-02 7.011169195175170898e-02
7.635116577148437500e-02 5.960464477539062500e-08 5.765235424041748047e-02 1.078909635543823242e-02 6.335616111755371094e-03 1.682579517364501953e-02 1.361608505249023438e-03 0.000000000000000000e+00 9.745359420776367188e-03 6.782829761505126953e-03 1.778721809387207031e-03 9.292244911193847656e-03 3.186404705047607422e-03 9.566545486450195312e-04 4.966843128204345703e-02 9.280729293823242188e-02 5.335402488708496094e-02 7.939577102661132812e-03 3.186404705047607422e-03 7.049322128295898438e-03 3.187358379364013672e-02 2.460539340972900391e-03 7.635104656219482422e-02 2.849686145782470703e-02 5.968153476715087891e-03 1.361489295959472656e-03 1.435095071792602539e-02 2.539563179016113281e-02 5.335420370101928711e-02 2.939760684967041016e-03 1.956117153167724609e-02 9.583234786987304688e-03 6.216567754745483398e-02 7.147330045700073242e-02
6.660580635070800781e-02 9.745299816131591797e-03 4.790699481964111328e-02 2.053445577621459961e-02 1.608097553253173828e-02 7.080435752868652344e-03 8.383750915527343750e-03 9.745359420776367188e-03 0.000000000000000000e+00 1.652818918228149414e-02 1.152408123016357422e-02 1.903760433197021484e-02 6.558954715728759766e-03 1.070201396942138672e-02 3.992307186126708984e-02 8.306193351745605469e-02 4.360866546630859375e-02 1.768493652343750000e-02 6.558954715728759766e-03 1.679468154907226562e-02 2.212822437286376953e-02 1.220589876174926758e-02 6.660568714141845703e-02 1.875150203704833984e-02 1.571351289749145508e-02 8.383870124816894531e-03 4.605591297149658203e-03 1.565027236938476562e-02 4.360884428024291992e-02 1.268512010574340820e-02 9.815812110900878906e-03 1.932859420776367188e-02 5.242031812667846680e-02 6.172794103622436523e-02
8.313399553298950195e-02 6.782889366149902344e-03 6.443518400192260742e-02 4.006266593933105469e-03 4.472136497497558594e-04 2.360862493515014648e-02 8.144438266754150391e-03 6.782829761505126953e-03 1.652818918228149414e-02 0.000000000000000000e+00 5.004107952117919922e-03 2.509415149688720703e-03 9.969234466552734375e-03 5.826175212860107422e-03 5.645126104354858398e-02 9.959012269973754883e-02 6.013685464859008789e-02 1.156747341156005859e-03 9.969234466552734375e-03 2.664923667907714844e-04 3.865641355514526367e-02 4.322290420532226562e-03 8.313387632369995117e-02 3.527969121932983398e-02 8.146762847900390625e-04 8.144319057464599609e-03 2.113378047943115234e-02 3.217846155166625977e-02 6.013703346252441406e-02 3.843069076538085938e-03 2.634400129318237305e-02 2.800405025482177734e-03 6.894850730895996094e-02 7.825613021850585938e-02
7.812988758087158203e-02 1.778781414031982422e-03 5.943107604980468750e-02 9.010374546051025391e-03 4.556894302368164062e-03 1.860451698303222656e-02 3.140330314636230469e-03 1.778721809387207031e-03 1.152408123016357422e-02 5.004107952117919922e-03 0.000000000000000000e+00 7.513523101806640625e-03 4.965126514434814453e-03 8.220672607421875000e-04 5.144715309143066406e-02 9.458601474761962891e-02 5.513274669647216797e-02 6.160855293273925781e-03 4.965126514434814453e-03 5.270600318908691406e-03 3.365230560302734375e-02 6.818175315856933594e-04 7.812976837158203125e-02 3.027558326721191406e-02 4.189431667327880859e-03 3.140211105346679688e-03 1.612967252731323242e-02 2.717435359954833984e-02 5.513292551040649414e-02 1.161038875579833984e-03 2.133989334106445312e-02 7.804512977600097656e-03 6.394439935684204102e-02 7.325202226638793945e-02
8.564341068267822266e-02 9.292304515838623047e-03 6.694459915161132812e-02 1.496851444244384766e-03 2.956628799438476562e-03 2.611804008483886719e-02 1.065385341644287109e-02 9.292244911193847656e-03 1.903760433197021484e-02 2.509415149688720703e-03 7.513523101806640625e-03 0.000000000000000000e+00 1.247864961624145508e-02 8.335590362548828125e-03 5.896067619323730469e-02 1.020995378494262695e-01 6.264626979827880859e-02 1.352667808532714844e-03 1.247864961624145508e-02 2.242922782897949219e-03 4.116582870483398438e-02 6.831705570220947266e-03 8.564329147338867188e-02 3.778910636901855469e-02 3.324091434478759766e-03 1.065373420715332031e-02 2.364319562911987305e-02 3.468787670135498047e-02 6.264644861221313477e-02 6.352484226226806641e-03 2.885341644287109375e-02 2.909898757934570312e-04 7.145792245864868164e-02 8.076554536819458008e-02
7.316476106643676758e-02 3.186345100402832031e-03 5.446594953536987305e-02 1.397550106048583984e-02 9.522020816802978516e-03 1.363939046859741211e-02 1.824796199798583984e-03 3.186404705047607422e-03 6.558954715728759766e-03 9.969234466552734375e-03 4.965126514434814453e-03 1.247864961624145508e-02 0.000000000000000000e+00 4.143059253692626953e-03 4.648202657699584961e-02 8.962088823318481445e-02 5.016762018203735352e-02 1.112598180770874023e-02 0.000000000000000000e+00 1.023572683334350586e-02 2.868717908859252930e-02 5.646944046020507812e-03 7.316464185714721680e-02 2.531045675277709961e-02 9.154558181762695312e-03 1.824915409088134766e-03 1.116454601287841797e-02 2.220922708511352539e-02 5.016779899597167969e-02 6.126165390014648438e-03 1.637476682662963867e-02 1.276963949203491211e-02 5.897927284240722656e-02 6.828689575195312500e-02
7.730782032012939453e-02 9.567141532897949219e-04 5.860900878906250000e-02 9.832441806793212891e-03 5.378961563110351562e-03 1.778244972229003906e-02 2.318263053894042969e-03 9.566545486450195312e-04 1.070201396942138672e-02 5.826175212860107422e-03 8.220672607421875000e-04 8.335590362548828125e-03 4.143059253692626953e-03 0.000000000000000000e+00 5.062508583068847656e-02 9.376394748687744141e-02 5.431067943572998047e-02 6.982922554016113281e-03 4.143059253692626953e-03 6.092667579650878906e-03 3.283023834228515625e-02 1.503884792327880859e-03 7.730770111083984375e-02 2.945351600646972656e-02 5.011498928070068359e-03 2.318143844604492188e-03 1.530760526657104492e-02 2.635228633880615234e-02 5.431085824966430664e-02 1.983106136322021484e-03 2.051782608032226562e-02 8.626580238342285156e-03 6.312233209609985352e-02 7.242995500564575195e-02
2.668273448944091797e-02 4.966837167739868164e-02 7.983922958374023438e-03 6.045752763748168945e-02 5.600404739379882812e-02 3.284263610839843750e-02 4.830682277679443359e-02 4.966843128204345703e-02 3.992307186126708984e-02 5.645126104354858398e-02 5.144715309143066406e-02 5.896067619323730469e-02 4.648202657699584961e-02 5.062508583068847656e-02 0.000000000000000000e+00 4.313886165618896484e-02 3.685593605041503906e-03 5.760800838470458984e-02 4.648202657699584961e-02 5.671775341033935547e-02 1.779484748840332031e-02 5.212897062301635742e-02 2.668261528015136719e-02 2.117156982421875000e-02 5.563658475875854492e-02 4.830694198608398438e-02 3.531748056411743164e-02 2.427279949188232422e-02 3.685772418975830078e-03 5.260819196701049805e-02 3.010725975036621094e-02 5.925166606903076172e-02 1.249724626541137695e-02 2.180486917495727539e-02
1.645612716674804688e-02 9.280723333358764648e-02 3.515493869781494141e-02 1.035963892936706543e-01 9.914290904998779297e-02 7.598149776458740234e-02 9.144568443298339844e-02 9.280729293823242188e-02 8.306193351745605469e-02 9.959012269973754883e-02 9.458601474761962891e-02 1.020995378494262695e-01 8.962088823318481445e-02 9.376394748687744141e-02 4.313886165618896484e-02 0.000000000000000000e+00 3.945326805114746094e-02 1.007468700408935547e-01 8.962088823318481445e-02 9.985661506652832031e-02 6.093370914459228516e-02 9.526783227920532227e-02 1.645624637603759766e-02 6.431043148040771484e-02 9.877544641494750977e-02 9.144580364227294922e-02 7.845634222030639648e-02 6.741166114807128906e-02 3.945308923721313477e-02 9.574705362319946289e-02 7.324612140655517578e-02 1.023905277252197266e-01 3.064161539077758789e-02 2.133399248123168945e-02
2.299714088439941406e-02 5.335396528244018555e-02 4.298329353332519531e-03 6.414312124252319336e-02 5.968964099884033203e-02 3.652822971343994141e-02 5.199241638183593750e-02 5.335402488708496094e-02 4.360866546630859375e-02 6.013685464859008789e-02 5.513274669647216797e-02 6.264626979827880859e-02 5.016762018203735352e-02 5.431067943572998047e-02 3.685593605041503906e-03 3.945326805114746094e-02 0.000000000000000000e+00 6.129360198974609375e-02 5.016762018203735352e-02 6.040334701538085938e-02 2.148044109344482422e-02 5.581456422805786133e-02 2.299702167510986328e-02 2.485716342926025391e-02 5.932217836380004883e-02 5.199253559112548828e-02 3.900307416915893555e-02 2.795839309692382812e-02 1.788139343261718750e-07 5.629378557205200195e-02 3.379285335540771484e-02 6.293725967407226562e-02 8.811652660369873047e-03 1.811927556991577148e-02
8.429074287414550781e-02 7.939636707305908203e-03 6.559193134307861328e-02 2.849519252777099609e-03 1.603960990905761719e-03 2.476537227630615234e-02 9.301185607910156250e-03 7.939577102661132812e-03 1.768493652343750000e-02 1.156747341156005859e-03 6.160855293273925781e-03 1.352667808532714844e-03 1.112598180770874023e-02 6.982922554016113281e-03 5.760800838470458984e-02 1.007468700408935547e-01 6.129360198974609375e-02 0.000000000000000000e+00 1.112598180770874023e-02 8.902549743652343750e-04 3.981316089630126953e-02 5.479037761688232422e-03 8.429062366485595703e-02 3.643643856048583984e-02 1.971423625946044922e-03 9.301066398620605469e-03 2.229052782058715820e-02 3.333520889282226562e-02 6.129378080368041992e-02 4.999816417694091797e-03 2.750074863433837891e-02 1.643657684326171875e-03 7.010525465011596680e-02 7.941287755966186523e-02
7.316476106643676758e-02 3.186345100402832031e-03 5.446594953536987305e-02 1.397550106048583984e-02 9.522020816802978516e-03 1.363939046859741211e-02 1.824796199798583984e-03 3.186404705047607422e-03 6.558954715728759766e-03 9.969234466552734375e-03 4.965126514434814453e-03 1.247864961624145508e-02 0.000000000000000000e+00 4.143059253692626953e-03 4.648202657699584961e-02 8.962088823318481445e-02 5.016762018203735352e-02 1.112598180770874023e-02 0.000000000000000000e+00 1.023572683334350586e-02 2.868717908859252930e-02 5.646944046020507812e-03 7.316464185714721680e-02 2.531045675277709961e-02 9.154558181762695312e-03 1.824915409088134766e-03 1.116454601287841797e-02 2.220922708511352539e-02 5.016779899597167969e-02 6.126165390014648438e-03 1.637476682662963867e-02 1.276963949203491211e-02 5.897927284240722656e-02 6.828689575195312500e-02
8.340048789978027344e-02 7.049381732940673828e-03 6.470167636871337891e-02 3.739774227142333984e-03 7.137060165405273438e-04 2.387511730194091797e-02 8.410930633544921875e-03 7.049322128295898438e-03 1.679468154907226562e-02 2.664923667907714844e-04 5.270600318908691406e-03 2.242922782897949219e-03 1.023572683334350586e-02 6.092667579650878906e-03 5.671775341033935547e-02 9.985661506652832031e-02 6.040334701538085938e-02 8.902549743652343750e-04 1.023572683334350586e-02 0.000000000000000000e+00 3.892290592193603516e-02 4.588782787322998047e-03 8.340036869049072266e-02 3.554618358612060547e-02 1.081168651580810547e-03 8.410811424255371094e-03 2.140027284622192383e-02 3.244495391845703125e-02 6.040352582931518555e-02 4.109561443328857422e-03 2.661049365997314453e-02 2.533912658691406250e-03 6.921499967575073242e-02 7.852262258529663086e-02
4.447758197784423828e-02 3.187352418899536133e-02 2.577877044677734375e-02 4.266268014907836914e-02 3.820919990539550781e-02 1.504778861999511719e-02 3.051197528839111328e-02 3.187358379364013672e-02 2.212822437286376953e-02 3.865641355514526367e-02 3.365230560302734375e-02 4.116582870483398438e-02 2.868717908859252930e-02 3.283023834228515625e-02 1.779484748840332031e-02 6.093370914459228516e-02 2.148044109344482422e-02 3.981316089630126953e-02 2.868717908859252930e-02 3.892290592193603516e-02 0.000000000000000000e+00 3.433412313461303711e-02 4.447746276855468750e-02 3.376722335815429688e-03 3.784173727035522461e-02 3.051209449768066406e-02 1.752263307571411133e-02 6.477952003479003906e-03 2.148061990737915039e-02 3.481334447860717773e-02 1.231241226196289062e-02 4.145681858062744141e-02 3.029209375381469727e-02 3.959971666336059570e-02
7.881170511245727539e-02 2.460598945617675781e-03 6.011289358139038086e-02 8.328557014465332031e-03 3.875076770782470703e-03 1.928633451461791992e-02 3.822147846221923828e-03 2.460539340972900391e-03 1.220589876174926758e-02 4.322290420532226562e-03 6.818175315856933594e-04 6.831705570220947266e-03 5.646944046020507812e-03 1.503884792327880859e-03 5.212897062301635742e-02 9.526783227920532227e-02 5.581456422805786133e-02 5.479037761688232422e-03 5.646944046020507812e-03 4.588782787322998047e-03 3.433412313461303711e-02 0.000000000000000000e+00 7.881158590316772461e-02 3.095740079879760742e-02 3.507614135742187500e-03 3.822028636932373047e-03 1.681149005889892578e-02 2.785617113113403320e-02 5.581474304199218750e-02 4.792213439941406250e-04 2.202171087265014648e-02 7.122695446014404297e-03 6.462621688842773438e-02 7.393383979797363281e-02
1.192092895507812500e-07 7.635098695755004883e-02 1.869869232177734375e-02 8.714014291763305664e-02 8.268666267395019531e-02 5.952525138854980469e-02 7.498943805694580078e-02 7.635104656219482422e-02 6.660568714141845703e-02 8.313387632369995117e-02 7.812976837158203125e-02 8.564329147338867188e-02 7.316464185714721680e-02 7.730770111083984375e-02 2.668261528015136719e-02 1.645624637603759766e-02 2.299702167510986328e-02 8.429062366485595703e-02 7.316464185714721680e-02 8.340036869049072266e-02 4.447746276855468750e-02 7.881158590316772461e-02 0.000000000000000000e+00 4.785418510437011719e-02 8.231920003890991211e-02 7.498955726623535156e-02 6.200009584426879883e-02 5.095541477203369141e-02 2.299684286117553711e-02 7.929080724716186523e-02 5.678987503051757812e-02 8.593428134918212891e-02 1.418536901473999023e-02 4.877746105194091797e-03
4.785430431365966797e-02 2.849680185317993164e-02 2.915549278259277344e-02 3.928595781326293945e-02 3.483247756958007812e-02 1.167106628417968750e-02 2.713525295257568359e-02 2.849686145782470703e-02 1.875150203704833984e-02 3.527969121932983398e-02 3.027558326721191406e-02 3.778910636901855469e-02 2.531045675277709961e-02 2.945351600646972656e-02 2.117156982421875000e-02 6.431043148040771484e-02 2.485716342926025391e-02 3.643643856048583984e-02 2.531045675277709961e-02 3.554618358612060547e-02 3.376722335815429688e-03 3.095740079879760742e-02 4.785418510437011719e-02 0.000000000000000000e+00 3.446501493453979492e-02 2.713537216186523438e-02 1.414591073989868164e-02 3.101229667663574219e-03 2.485734224319458008e-02 3.143662214279174805e-02 8.935689926147460938e-03 3.808009624481201172e-02 3.366881608963012695e-02 4.297643899917602539e-02
8.231931924819946289e-02 5.968213081359863281e-03 6.362050771713256836e-02 4.820942878723144531e-03 3.674626350402832031e-04 2.279394865036010742e-02 7.329761981964111328e-03 5.968153476715087891e-03 1.571351289749145508e-02 8.146762847900390625e-04 4.189431667327880859e-03 3.324091434478759766e-03 9.154558181762695312e-03 5.011498928070068359e-03 5.563658475875854492e-02 9.877544641494750977e-02 5.932217836380004883e-02 1.971423625946044922e-03 9.154558181762695312e-03 1.081168651580810547e-03 3.784173727035522461e-02 3.507614135742187500e-03 8.231920003890991211e-02 3.446501493453979492e-02 0.000000000000000000e+00 7.329642772674560547e-03 2.031910419464111328e-02 3.136378526687622070e-02 5.932235717773437500e-02 3.028392791748046875e-03 2.552932500839233398e-02 3.615081310272216797e-03 6.813383102416992188e-02 7.744145393371582031e-02
7.498967647552490234e-02 1.361429691314697266e-03 5.629086494445800781e-02 1.215058565139770508e-02 7.697105407714843750e-03 1.546430587768554688e-02 1.192092895507812500e-07 1.361489295959472656e-03 8.383870124816894531e-03 8.144319057464599609e-03 3.140211105346679688e-03 1.065373420715332031e-02 1.824915409088134766e-03 2.318143844604492188e-03 4.830694198608398438e-02 9.144580364227294922e-02 5.199253559112548828e-02 9.301066398620605469e-03 1.824915409088134766e-03 8.410811424255371094e-03 3.051209449768066406e-02 3.822028636932373047e-03 7.498955726623535156e-02 2.713537216186523438e-02 7.329642772674560547e-03 0.000000000000000000e+00 1.298946142196655273e-02 2.403414249420166016e-02 5.199271440505981445e-02 4.301249980926513672e-03 1.819968223571777344e-02 1.094472408294677734e-02 6.080418825149536133e-02 7.011181116104125977e-02
6.200021505355834961e-02 1.435089111328125000e-02 4.330140352249145508e-02 2.514004707336425781e-02 2.068656682968139648e-02 2.474844455718994141e-03 1.298934221267700195e-02 1.435095071792602539e-02 4.605591297149658203e-03 2.113378047943115234e-02 1.612967252731323242e-02 2.364319562911987305e-02 1.116454601287841797e-02 1.530760526657104492e-02 3.531748056411743164e-02 7.845634222030639648e-02 3.900307416915893555e-02 2.229052782058715820e-02 1.116454601287841797e-02 2.140027284622192383e-02 1.752263307571411133e-02 1.681149005889892578e-02 6.200009584426879883e-02 1.414591073989868164e-02 2.031910419464111328e-02 1.298946142196655273e-02 0.000000000000000000e+00 1.104468107223510742e-02 3.900325298309326172e-02 1.729071140289306641e-02 5.210220813751220703e-03 2.393418550491333008e-02 4.781472682952880859e-02 5.712234973907470703e-02
5.095553398132324219e-02 2.539557218551635742e-02 3.225672245025634766e-02 3.618472814559936523e-02 3.173124790191650391e-02 8.569836616516113281e-03 2.403402328491210938e-02 2.539563179016113281e-02 1.565027236938476562e-02 3.217846155166625977e-02 2.717435359954833984e-02 3.468787670135498047e-02 2.220922708511352539e-02 2.635228633880615234e-02 2.427279949188232422e-02 6.741166114807128906e-02 2.795839309692382812e-02 3.333520889282226562e-02 2.220922708511352539e-02 3.244495391845703125e-02 6.477952003479003906e-03 2.785617113113403320e-02 5.095541477203369141e-02 3.101229667663574219e-03 3.136378526687622070e-02 2.403414249420166016e-02 1.104468107223510742e-02 0.000000000000000000e+00 2.795857191085815430e-02 2.833539247512817383e-02 5.834460258483886719e-03 3.497886657714843750e-02 3.677004575729370117e-02 4.607766866683959961e-02
2.299696207046508789e-02 5.335414409637451172e-02 4.298150539398193359e-03 6.414330005645751953e-02 5.968981981277465820e-02 3.652840852737426758e-02 5.199259519577026367e-02 5.335420370101928711e-02 4.360884428024291992e-02 6.013703346252441406e-02 5.513292551040649414e-02 6.264644861221313477e-02 5.016779899597167969e-02 5.431085824966430664e-02 3.685772418975830078e-03 3.945308923721313477e-02 1.788139343261718750e-07 6.129378080368041992e-02 5.016779899597167969e-02 6.040352582931518555e-02 2.148061990737915039e-02 5.581474304199218750e-02 2.299684286117553711e-02 2.485734224319458008e-02 5.932235717773437500e-02 5.199271440505981445e-02 3.900325298309326172e-02 2.795857191085815430e-02 0.000000000000000000e+00 5.629396438598632812e-02 3.379303216934204102e-02 6.293743848800659180e-02 8.811473846435546875e-03 1.811909675598144531e-02
7.929092645645141602e-02 2.939820289611816406e-03 6.059211492538452148e-02 7.849335670471191406e-03 3.395855426788330078e-03 1.976555585861206055e-02 4.301369190216064453e-03 2.939760684967041016e-03 1.268512010574340820e-02 3.843069076538085938e-03 1.161038875579833984e-03 6.352484226226806641e-03 6.126165390014648438e-03 1.983106136322021484e-03 5.260819196701049805e-02 9.574705362319946289e-02 5.629378557205200195e-02 4.999816417694091797e-03 6.126165390014648438e-03 4.109561443328857422e-03 3.481334447860717773e-02 4.792213439941406250e-04 7.929080724716186523e-02 3.143662214279174805e-02 3.028392791748046875e-03 4.301249980926513672e-03 1.729071140289306641e-02 2.833539247512817383e-02 5.629396438598632812e-02 0.000000000000000000e+00 2.250093221664428711e-02 6.643474102020263672e-03 6.510543823242187500e-02 7.441306114196777344e-02
5.678999423980712891e-02 1.956111192703247070e-02 3.809118270874023438e-02 3.035026788711547852e-02 2.589678764343261719e-02 2.735376358032226562e-03 1.819956302642822266e-02 1.956117153167724609e-02 9.815812110900878906e-03 2.634400129318237305e-02 2.133989334106445312e-02 2.885341644287109375e-02 1.637476682662963867e-02 2.051782608032226562e-02 3.010725975036621094e-02 7.324612140655517578e-02 3.379285335540771484e-02 2.750074863433837891e-02 1.637476682662963867e-02 2.661049365997314453e-02 1.231241226196289062e-02 2.202171087265014648e-02 5.678987503051757812e-02 8.935689926147460938e-03 2.552932500839233398e-02 1.819968223571777344e-02 5.210220813751220703e-03 5.834460258483886719e-03 3.379303216934204102e-02 2.250093221664428711e-02 0.000000000000000000e+00 2.914440631866455078e-02 4.260450601577758789e-02 5.191212892532348633e-02
8.593440055847167969e-02 9.583294391632080078e-03 6.723558902740478516e-02 1.205861568450927734e-03 3.247618675231933594e-03 2.640902996063232422e-02 1.094484329223632812e-02 9.583234786987304688e-03 1.932859420776367188e-02 2.800405025482177734e-03 7.804512977600097656e-03 2.909898757934570312e-04 1.276963949203491211e-02 8.626580238342285156e-03 5.925166606903076172e-02 1.023905277252197266e-01 6.293725967407226562e-02 1.643657684326171875e-03 1.276963949203491211e-02 2.533912658691406250e-03 4.145681858062744141e-02 7.122695446014404297e-03 8.593428134918212891e-02 3.808009624481201172e-02 3.615081310272216797e-03 1.094472408294677734e-02 2.393418550491333008e-02 3.497886657714843750e-02 6.293743848800659180e-02 6.643474102020263672e-03 2.914440631866455078e-02 0.000000000000000000e+00 7.174891233444213867e-02 8.105653524398803711e-02
1.418548822402954102e-02 6.216561794281005859e-02 4.513323307037353516e-03 7.295477390289306641e-02 6.850129365921020508e-02 4.533988237380981445e-02 6.080406904220581055e-02 6.216567754745483398e-02 5.242031812667846680e-02 6.894850730895996094e-02 6.394439935684204102e-02 7.145792245864868164e-02 5.897927284240722656e-02 6.312233209609985352e-02 1.249724626541137695e-02 3.064161539077758789e-02 8.811652660369873047e-03 7.010525465011596680e-02 5.897927284240722656e-02 6.921499967575073242e-02 3.029209375381469727e-02 6.462621688842773438e-02 1.418536901473999023e-02 3.366881608963012695e-02 6.813383102416992188e-02 6.080418825149536133e-02 4.781472682952880859e-02 3.677004575729370117e-02 8.811473846435546875e-03 6.510543823242187500e-02 4.260450601577758789e-02 7.174891233444213867e-02 0.000000000000000000e+00 9.307622909545898438e-03
4.877865314483642578e-03 7.147324085235595703e-02 1.382094621658325195e-02 8.226239681243896484e-02 7.780891656875610352e-02 5.464750528335571289e-02 7.011169195175170898e-02 7.147330045700073242e-02 6.172794103622436523e-02 7.825613021850585938e-02 7.325202226638793945e-02 8.076554536819458008e-02 6.828689575195312500e-02 7.242995500564575195e-02 2.180486917495727539e-02 2.133399248123168945e-02 1.811927556991577148e-02 7.941287755966186523e-02 6.828689575195312500e-02 7.852262258529663086e-02 3.959971666336059570e-02 7.393383979797363281e-02 4.877746105194091797e-03 4.297643899917602539e-02 7.744145393371582031e-02 7.011181116104125977e-02 5.712234973907470703e-02 4.607766866683959961e-02 1.811909675598144531e-02 7.441306114196777344e-02 5.191212892532348633e-02 8.105653524398803711e-02 9.307622909545898438e-03 0.000000000000000000e+00
