0.000000000000000000e+00 3.030693531036376953e-02 1.480978727340698242e-02 4.355305433273315430e-02 4.259401559829711914e-02 3.789490461349487305e-02 3.789484500885009766e-02 3.900951147079467773e-02 3.628724813461303711e-02 4.396718740463256836e-02 4.283767938613891602e-02 4.310148954391479492e-02 4.100584983825683594e-02 3.257137537002563477e-02 2.227908372879028320e-02 6.284815073013305664e-02 4.434645175933837891e-03 4.401171207427978516e-02 1.526534557342529297e-02 4.378384351730346680e-02 4.434704780578613281e-03 2.529543638229370117e-02 6.284821033477783203e-02 2.227902412414550781e-02 3.043353557586669922e-02 4.335594177246093750e-02 2.529531717300415039e-02 3.449732065200805664e-02 5.960464477539062500e-08 3.043359518051147461e-02 4.365617036819458008e-02 4.189854860305786133e-02 4.259401559829711914e-02 4.434645175933837891e-03
3.030693531036376953e-02 0.000000000000000000e+00 1.549714803695678711e-02 7.385998964309692383e-02 7.290095090866088867e-02 6.820183992385864258e-02 6.820178031921386719e-02 6.931644678115844727e-02 6.659418344497680664e-02 7.427412271499633789e-02 7.314461469650268555e-02 7.340842485427856445e-02 7.131278514862060547e-02 6.287831068038940430e-02 5.258601903915405273e-02 3.254121541976928711e-02 3.474158048629760742e-02 7.431864738464355469e-02 4.557228088378906250e-02 7.409077882766723633e-02 3.474164009094238281e-02 5.560237169265747070e-02 3.254127502441406250e-02 5.258595943450927734e-02 6.074047088623046875e-02 7.366287708282470703e-02 5.560225248336791992e-02 6.480425596237182617e-02 3.030687570571899414e-02 6.074053049087524414e-02 7.396310567855834961e-02 7.220548391342163086e-02 7.290095090866088867e-02 3.474158048629760742e-02
1.480978727340698242e-02 1.549714803695678711e-02 0.000000000000000000e+00 5.836284160614013672e-02 5.740380287170410156e-02 5.270469188690185547e-02 5.270463228225708008e-02 5.381929874420166016e-02 5.109703540802001953e-02 5.877697467803955078e-02 5.764746665954589844e-02 5.791127681732177734e-02 5.581563711166381836e-02 4.738116264343261719e-02 3.708887100219726562e-02 4.803836345672607422e-02 1.924443244934082031e-02 5.882149934768676758e-02 3.007513284683227539e-02 5.859363079071044922e-02 1.924449205398559570e-02 4.010522365570068359e-02 4.803842306137084961e-02 3.708881139755249023e-02 4.524332284927368164e-02 5.816572904586791992e-02 4.010510444641113281e-02 4.930710792541503906e-02 1.480972766876220703e-02 4.524338245391845703e-02 5.846595764160156250e-02 5.670833587646484375e-02 5.740380287170410156e-02 1.924443244934082031e-02
4.355305433273315430e-02 7.385998964309692383e-02 5.836284160614013672e-02 0.000000000000000000e+00 9.590387344360351562e-04 5.658149719238281250e-03 5.658209323883056641e-03 4.543542861938476562e-03 7.265806198120117188e-03 4.141330718994140625e-04 7.153749465942382812e-04 4.515647888183593750e-04 2.547204494476318359e-03 1.098167896270751953e-02 2.127397060394287109e-02 1.064012050628662109e-01 3.911840915679931641e-02 4.586577415466308594e-04 2.828770875930786133e-02 2.307891845703125000e-04 3.911834955215454102e-02 1.825761795043945312e-02 1.064012646675109863e-01 2.127403020858764648e-02 1.311951875686645508e-02 1.971125602722167969e-04 1.825773715972900391e-02 9.055733680725097656e-03 4.355311393737792969e-02 1.311945915222167969e-02 1.031160354614257812e-04 1.654505729675292969e-03 9.590387344360351562e-04 3.911840915679931641e-02
4.259401559829711914e-02 7.290095090866088867e-02 5.740380287170410156e-02 9.590387344360351562e-04 0.000000000000000000e+00 4.699110984802246094e-03 4.699170589447021484e-03 3.584504127502441406e-03 6.306767463684082031e-03 1.373171806335449219e-03 2.436637878417968750e-04 5.074739456176757812e-04 1.588165760040283203e-03 1.002264022827148438e-02 2.031493186950683594e-02 1.054421663284301758e-01 3.815937042236328125e-02 1.417696475982666016e-03 2.732867002487182617e-02 1.189827919006347656e-03 3.815931081771850586e-02 1.729857921600341797e-02 1.054422259330749512e-01 2.031499147415161133e-02 1.216048002243041992e-02 7.619261741638183594e-04 1.729869842529296875e-02 8.096694946289062500e-03 4.259407520294189453e-02 1.216042041778564453e-02 1.062154769897460938e-03 6.954669952392578125e-04 0.000000000000000000e+00 3.815937042236328125e-02
3.789490461349487305e-02 6.820183992385864258e-02 5.270469188690185547e-02 5.658149719238281250e-03 4.699110984802246094e-03 0.000000000000000000e+00 5.960464477539062500e-08 1.114606857299804688e-03 1.607656478881835938e-03 6.072282791137695312e-03 4.942774772644042969e-03 5.206584930419921875e-03 3.110945224761962891e-03 5.323529243469238281e-03 1.561582088470458984e-02 1.007430553436279297e-01 3.346025943756103516e-02 6.116807460784912109e-03 2.262955904006958008e-02 5.888938903808593750e-03 3.346019983291625977e-02 1.259946823120117188e-02 1.007431149482727051e-01 1.561588048934936523e-02 7.461369037628173828e-03 5.461037158966064453e-03 1.259958744049072266e-02 3.397583961486816406e-03 3.789496421813964844e-02 7.461309432983398438e-03 5.761265754699707031e-03 4.003643989562988281e-03 4.699110984802246094e-03 3.346025943756103516e-02
3.789484500885009766e-02 6.820178031921386719e-02 5.270463228225708008e-02 5.658209323883056641e-03 4.699170589447021484e-03 5.960464477539062500e-08 0.000000000000000000e+00 1.114666461944580078e-03 1.607596874237060547e-03 6.072342395782470703e-03 4.942834377288818359e-03 5.206644535064697266e-03 3.111004829406738281e-03 5.323469638824462891e-03 1.561576128005981445e-02 1.007429957389831543e-01 3.346019983291625977e-02 6.116867065429687500e-03 2.262949943542480469e-02 5.888998508453369141e-03 3.346014022827148438e-02 1.259940862655639648e-02 1.007430553436279297e-01 1.561582088470458984e-02 7.461309432983398438e-03 5.461096763610839844e-03 1.259952783584594727e-02 3.397524356842041016e-03 3.789490461349487305e-02 7.461249828338623047e-03 5.761325359344482422e-03 4.003703594207763672e-03 4.699170589447021484e-03 3.346019983291625977e-02
3.900951147079467773e-02 6.931644678115844727e-02 5.381929874420166016e-02 4.543542861938476562e-03 3.584504127502441406e-03 1.114606857299804688e-03 1.114666461944580078e-03 0.000000000000000000e+00 2.722263336181640625e-03 4.957675933837890625e-03 3.828167915344238281e-03 4.091978073120117188e-03 1.996338367462158203e-03 6.438136100769042969e-03 1.673042774200439453e-02 1.018576622009277344e-01 3.457486629486083984e-02 5.002200603485107422e-03 2.374416589736938477e-02 4.774332046508789062e-03 3.457480669021606445e-02 1.371407508850097656e-02 1.018577218055725098e-01 1.673048734664916992e-02 8.575975894927978516e-03 4.346430301666259766e-03 1.371419429779052734e-02 4.512190818786621094e-03 3.900957107543945312e-02 8.575916290283203125e-03 4.646658897399902344e-03 2.889037132263183594e-03 3.584504127502441406e-03 3.457486629486083984e-02
3.628724813461303711e-02 6.659418344497680664e-02 5.109703540802001953e-02 7.265806198120117188e-03 6.306767463684082031e-03 1.607656478881835938e-03 1.607596874237060547e-03 2.722263336181640625e-03 0.000000000000000000e+00 7.679939270019531250e-03 6.550431251525878906e-03 6.814241409301757812e-03 4.718601703643798828e-03 3.715872764587402344e-03 1.400816440582275391e-02 9.913539886474609375e-02 3.185260295867919922e-02 7.724463939666748047e-03 2.102190256118774414e-02 7.496595382690429688e-03 3.185254335403442383e-02 1.099181175231933594e-02 9.913545846939086914e-02 1.400822401046752930e-02 5.853712558746337891e-03 7.068693637847900391e-03 1.099193096160888672e-02 1.789927482604980469e-03 3.628730773925781250e-02 5.853652954101562500e-03 7.368922233581542969e-03 5.611300468444824219e-03 6.306767463684082031e-03 3.185260295867919922e-02
4.396718740463256836e-02 7.427412271499633789e-02 5.877697467803955078e-02 4.141330718994140625e-04 1.373171806335449219e-03 6.072282791137695312e-03 6.072342395782470703e-03 4.957675933837890625e-03 7.679939270019531250e-03 0.000000000000000000e+00 1.129508018493652344e-03 8.656978607177734375e-04 2.961337566375732422e-03 1.139581203460693359e-02 2.168810367584228516e-02 1.068153381347656250e-01 3.953254222869873047e-02 4.452466964721679688e-05 2.870184183120727539e-02 1.833438873291015625e-04 3.953248262405395508e-02 1.867175102233886719e-02 1.068153977394104004e-01 2.168816328048706055e-02 1.353365182876586914e-02 6.112456321716308594e-04 1.867187023162841797e-02 9.469866752624511719e-03 4.396724700927734375e-02 1.353359222412109375e-02 3.110170364379882812e-04 2.068638801574707031e-03 1.373171806335449219e-03 3.953254222869873047e-02
4.283767938613891602e-02 7.314461469650268555e-02 5.764746665954589844e-02 7.153749465942382812e-04 2.436637878417968750e-04 4.942774772644042969e-03 4.942834377288818359e-03 3.828167915344238281e-03 6.550431251525878906e-03 1.129508018493652344e-03 0.000000000000000000e+00 2.638101577758789062e-04 1.831829547882080078e-03 1.026630401611328125e-02 2.055859565734863281e-02 1.056858301162719727e-01 3.840303421020507812e-02 1.174032688140869141e-03 2.757233381271362305e-02 9.461641311645507812e-04 3.840297460556030273e-02 1.754224300384521484e-02 1.056858897209167480e-01 2.055865526199340820e-02 1.240414381027221680e-02 5.182623863220214844e-04 1.754236221313476562e-02 8.340358734130859375e-03 4.283773899078369141e-02 1.240408420562744141e-02 8.184909820556640625e-04 9.391307830810546875e-04 2.436637878417968750e-04 3.840303421020507812e-02
4.310148954391479492e-02 7.340842485427856445e-02 5.791127681732177734e-02 4.515647888183593750e-04 5.074739456176757812e-04 5.206584930419921875e-03 5.206644535064697266e-03 4.091978073120117188e-03 6.814241409301757812e-03 8.656978607177734375e-04 2.638101577758789062e-04 0.000000000000000000e+00 2.095639705657958984e-03 1.053011417388916016e-02 2.082240581512451172e-02 1.059496402740478516e-01 3.866684436798095703e-02 9.102225303649902344e-04 2.783614397048950195e-02 6.823539733886718750e-04 3.866678476333618164e-02 1.780605316162109375e-02 1.059496998786926270e-01 2.082246541976928711e-02 1.266795396804809570e-02 2.544522285461425781e-04 1.780617237091064453e-02 8.604168891906738281e-03 4.310154914855957031e-02 1.266789436340332031e-02 5.546808242797851562e-04 1.202940940856933594e-03 5.074739456176757812e-04 3.866684436798095703e-02
4.100584983825683594e-02 7.131278514862060547e-02 5.581563711166381836e-02 2.547204494476318359e-03 1.588165760040283203e-03 3.110945224761962891e-03 3.111004829406738281e-03 1.996338367462158203e-03 4.718601703643798828e-03 2.961337566375732422e-03 1.831829547882080078e-03 2.095639705657958984e-03 0.000000000000000000e+00 8.434474468231201172e-03 1.872676610946655273e-02 1.038540005683898926e-01 3.657120466232299805e-02 3.005862236022949219e-03 2.574050426483154297e-02 2.777993679046630859e-03 3.657114505767822266e-02 1.571041345596313477e-02 1.038540601730346680e-01 1.872682571411132812e-02 1.057231426239013672e-02 2.350091934204101562e-03 1.571053266525268555e-02 6.508529186248779297e-03 4.100590944290161133e-02 1.057225465774536133e-02 2.650320529937744141e-03 8.926987648010253906e-04 1.588165760040283203e-03 3.657120466232299805e-02
3.257137537002563477e-02 6.287831068038940430e-02 4.738116264343261719e-02 1.098167896270751953e-02 1.002264022827148438e-02 5.323529243469238281e-03 5.323469638824462891e-03 6.438136100769042969e-03 3.715872764587402344e-03 1.139581203460693359e-02 1.026630401611328125e-02 1.053011417388916016e-02 8.434474468231201172e-03 0.000000000000000000e+00 1.029229164123535156e-02 9.541952610015869141e-02 2.813673019409179688e-02 1.144033670425415039e-02 1.730602979660034180e-02 1.121246814727783203e-02 2.813667058944702148e-02 7.275938987731933594e-03 9.541958570480346680e-02 1.029235124588012695e-02 2.137839794158935547e-03 1.078456640243530273e-02 7.276058197021484375e-03 1.925945281982421875e-03 3.257143497467041016e-02 2.137780189514160156e-03 1.108479499816894531e-02 9.327173233032226562e-03 1.002264022827148438e-02 2.813673019409179688e-02
2.227908372879028320e-02 5.258601903915405273e-02 3.708887100219726562e-02 2.127397060394287109e-02 2.031493186950683594e-02 1.561582088470458984e-02 1.561576128005981445e-02 1.673042774200439453e-02 1.400816440582275391e-02 2.168810367584228516e-02 2.055859565734863281e-02 2.082240581512451172e-02 1.872676610946655273e-02 1.029229164123535156e-02 0.000000000000000000e+00 8.512723445892333984e-02 1.784443855285644531e-02 2.173262834548950195e-02 7.013738155364990234e-03 2.150475978851318359e-02 1.784437894821166992e-02 3.016352653503417969e-03 8.512729406356811523e-02 5.960464477539062500e-08 8.154451847076416016e-03 2.107685804367065430e-02 3.016233444213867188e-03 1.221823692321777344e-02 2.227914333343505859e-02 8.154511451721191406e-03 2.137708663940429688e-02 1.961946487426757812e-02 2.031493186950683594e-02 1.784443855285644531e-02
6.284815073013305664e-02 3.254121541976928711e-02 4.803836345672607422e-02 1.064012050628662109e-01 1.054421663284301758e-01 1.007430553436279297e-01 1.007429957389831543e-01 1.018576622009277344e-01 9.913539886474609375e-02 1.068153381347656250e-01 1.056858301162719727e-01 1.059496402740478516e-01 1.038540005683898926e-01 9.541952610015869141e-02 8.512723445892333984e-02 0.000000000000000000e+00 6.728279590606689453e-02 1.068598628044128418e-01 7.811349630355834961e-02 1.066319942474365234e-01 6.728285551071166992e-02 8.814358711242675781e-02 5.960464477539062500e-08 8.512717485427856445e-02 9.328168630599975586e-02 1.062040925025939941e-01 8.814346790313720703e-02 9.734547138214111328e-02 6.284809112548828125e-02 9.328174591064453125e-02 1.065043210983276367e-01 1.047466993331909180e-01 1.054421663284301758e-01 6.728279590606689453e-02
4.434645175933837891e-03 3.474158048629760742e-02 1.924443244934082031e-02 3.911840915679931641e-02 3.815937042236328125e-02 3.346025943756103516e-02 3.346019983291625977e-02 3.457486629486083984e-02 3.185260295867919922e-02 3.953254222869873047e-02 3.840303421020507812e-02 3.866684436798095703e-02 3.657120466232299805e-02 2.813673019409179688e-02 1.784443855285644531e-02 6.728279590606689453e-02 0.000000000000000000e+00 3.957706689834594727e-02 1.083070039749145508e-02 3.934919834136962891e-02 5.960464477539062500e-08 2.086079120635986328e-02 6.728285551071166992e-02 1.784437894821166992e-02 2.599889039993286133e-02 3.892129659652709961e-02 2.086067199707031250e-02 3.006267547607421875e-02 4.434704780578613281e-03 2.599895000457763672e-02 3.922152519226074219e-02 3.746390342712402344e-02 3.815937042236328125e-02 0.000000000000000000e+00
4.401171207427978516e-02 7.431864738464355469e-02 5.882149934768676758e-02 4.586577415466308594e-04 1.417696475982666016e-03 6.116807460784912109e-03 6.116867065429687500e-03 5.002200603485107422e-03 7.724463939666748047e-03 4.452466964721679688e-05 1.174032688140869141e-03 9.102225303649902344e-04 3.005862236022949219e-03 1.144033670425415039e-02 2.173262834548950195e-02 1.068598628044128418e-01 3.957706689834594727e-02 0.000000000000000000e+00 2.874636650085449219e-02 2.278685569763183594e-04 3.957700729370117188e-02 1.871627569198608398e-02 1.068599224090576172e-01 2.173268795013427734e-02 1.357817649841308594e-02 6.557703018188476562e-04 1.871639490127563477e-02 9.514391422271728516e-03 4.401177167892456055e-02 1.357811689376831055e-02 3.555417060852050781e-04 2.113163471221923828e-03 1.417696475982666016e-03 3.957706689834594727e-02
1.526534557342529297e-02 4.557228088378906250e-02 3.007513284683227539e-02 2.828770875930786133e-02 2.732867002487182617e-02 2.262955904006958008e-02 2.262949943542480469e-02 2.374416589736938477e-02 2.102190256118774414e-02 2.870184183120727539e-02 2.757233381271362305e-02 2.783614397048950195e-02 2.574050426483154297e-02 1.730602979660034180e-02 7.013738155364990234e-03 7.811349630355834961e-02 1.083070039749145508e-02 2.874636650085449219e-02 0.000000000000000000e+00 2.851849794387817383e-02 1.083064079284667969e-02 1.003009080886840820e-02 7.811355590820312500e-02 7.013678550720214844e-03 1.516819000244140625e-02 2.809059619903564453e-02 1.002997159957885742e-02 1.923197507858276367e-02 1.526540517807006836e-02 1.516824960708618164e-02 2.839082479476928711e-02 2.663320302963256836e-02 2.732867002487182617e-02 1.083070039749145508e-02
4.378384351730346680e-02 7.409077882766723633e-02 5.859363079071044922e-02 2.307891845703125000e-04 1.189827919006347656e-03 5.888938903808593750e-03 5.888998508453369141e-03 4.774332046508789062e-03 7.496595382690429688e-03 1.833438873291015625e-04 9.461641311645507812e-04 6.823539733886718750e-04 2.777993679046630859e-03 1.121246814727783203e-02 2.150475978851318359e-02 1.066319942474365234e-01 3.934919834136962891e-02 2.278685569763183594e-04 2.851849794387817383e-02 0.000000000000000000e+00 3.934913873672485352e-02 1.848840713500976562e-02 1.066320538520812988e-01 2.150481939315795898e-02 1.335030794143676758e-02 4.279017448425292969e-04 1.848852634429931641e-02 9.286522865295410156e-03 4.378390312194824219e-02 1.335024833679199219e-02 1.276731491088867188e-04 1.885294914245605469e-03 1.189827919006347656e-03 3.934919834136962891e-02
4.434704780578613281e-03 3.474164009094238281e-02 1.924449205398559570e-02 3.911834955215454102e-02 3.815931081771850586e-02 3.346019983291625977e-02 3.346014022827148438e-02 3.457480669021606445e-02 3.185254335403442383e-02 3.953248262405395508e-02 3.840297460556030273e-02 3.866678476333618164e-02 3.657114505767822266e-02 2.813667058944702148e-02 1.784437894821166992e-02 6.728285551071166992e-02 5.960464477539062500e-08 3.957700729370117188e-02 1.083064079284667969e-02 3.934913873672485352e-02 0.000000000000000000e+00 2.086073160171508789e-02 6.728291511535644531e-02 1.784431934356689453e-02 2.599883079528808594e-02 3.892123699188232422e-02 2.086061239242553711e-02 3.006261587142944336e-02 4.434764385223388672e-03 2.599889039993286133e-02 3.922146558761596680e-02 3.746384382247924805e-02 3.815931081771850586e-02 5.960464477539062500e-08
2.529543638229370117e-02 5.560237169265747070e-02 4.010522365570068359e-02 1.825761795043945312e-02 1.729857921600341797e-02 1.259946823120117188e-02 1.259940862655639648e-02 1.371407508850097656e-02 1.099181175231933594e-02 1.867175102233886719e-02 1.754224300384521484e-02 1.780605316162109375e-02 1.571041345596313477e-02 7.275938987731933594e-03 3.016352653503417969e-03 8.814358711242675781e-02 2.086079120635986328e-02 1.871627569198608398e-02 1.003009080886840820e-02 1.848840713500976562e-02 2.086073160171508789e-02 0.000000000000000000e+00 8.814364671707153320e-02 3.016412258148193359e-03 5.138099193572998047e-03 1.806050539016723633e-02 1.192092895507812500e-07 9.201884269714355469e-03 2.529549598693847656e-02 5.138158798217773438e-03 1.836073398590087891e-02 1.660311222076416016e-02 1.729857921600341797e-02 2.086079120635986328e-02
6.284821033477783203e-02 3.254127502441406250e-02 4.803842306137084961e-02 1.064012646675109863e-01 1.054422259330749512e-01 1.007431149482727051e-01 1.007430553436279297e-01 1.018577218055725098e-01 9.913545846939086914e-02 1.068153977394104004e-01 1.056858897209167480e-01 1.059496998786926270e-01 1.038540601730346680e-01 9.541958570480346680e-02 8.512729406356811523e-02 5.960464477539062500e-08 6.728285551071166992e-02 1.068599224090576172e-01 7.811355590820312500e-02 1.066320538520812988e-01 6.728291511535644531e-02 8.814364671707153320e-02 0.000000000000000000e+00 8.512723445892333984e-02 9.328174591064453125e-02 1.062041521072387695e-01 8.814352750778198242e-02 9.734553098678588867e-02 6.284815073013305664e-02 9.328180551528930664e-02 1.065043807029724121e-01 1.047467589378356934e-01 1.054422259330749512e-01 6.728285551071166992e-02
2.227902412414550781e-02 5.258595943450927734e-02 3.708881139755249023e-02 2.127403020858764648e-02 2.031499147415161133e-02 1.561588048934936523e-02 1.561582088470458984e-02 1.673048734664916992e-02 1.400822401046752930e-02 2.168816328048706055e-02 2.055865526199340820e-02 2.082246541976928711e-02 1.872682571411132812e-02 1.029235124588012695e-02 5.960464477539062500e-08 8.512717485427856445e-02 1.784437894821166992e-02 2.173268795013427734e-02 7.013678550720214844e-03 2.150481939315795898e-02 1.784431934356689453e-02 3.016412258148193359e-03 8.512723445892333984e-02 0.000000000000000000e+00 8.154511451721191406e-03 2.107691764831542969e-02 3.016293048858642578e-03 1.221829652786254883e-02 2.227908372879028320e-02 8.154571056365966797e-03 2.137714624404907227e-02 1.961952447891235352e-02 2.031499147415161133e-02 1.784437894821166992e-02
3.043353557586669922e-02 6.074047088623046875e-02 4.524332284927368164e-02 1.311951875686645508e-02 1.216048002243041992e-02 7.461369037628173828e-03 7.461309432983398438e-03 8.575975894927978516e-03 5.853712558746337891e-03 1.353365182876586914e-02 1.240414381027221680e-02 1.266795396804809570e-02 1.057231426239013672e-02 2.137839794158935547e-03 8.154451847076416016e-03 9.328168630599975586e-02 2.599889039993286133e-02 1.357817649841308594e-02 1.516819000244140625e-02 1.335030794143676758e-02 2.599883079528808594e-02 5.138099193572998047e-03 9.328174591064453125e-02 8.154511451721191406e-03 0.000000000000000000e+00 1.292240619659423828e-02 5.138218402862548828e-03 4.063785076141357422e-03 3.043359518051147461e-02 5.960464477539062500e-08 1.322263479232788086e-02 1.146501302719116211e-02 1.216048002243041992e-02 2.599889039993286133e-02
4.335594177246093750e-02 7.366287708282470703e-02 5.816572904586791992e-02 1.971125602722167969e-04 7.619261741638183594e-04 5.461037158966064453e-03 5.461096763610839844e-03 4.346430301666259766e-03 7.068693637847900391e-03 6.112456321716308594e-04 5.182623863220214844e-04 2.544522285461425781e-04 2.350091934204101562e-03 1.078456640243530273e-02 2.107685804367065430e-02 1.062040925025939941e-01 3.892129659652709961e-02 6.557703018188476562e-04 2.809059619903564453e-02 4.279017448425292969e-04 3.892123699188232422e-02 1.806050539016723633e-02 1.062041521072387695e-01 2.107691764831542969e-02 1.292240619659423828e-02 0.000000000000000000e+00 1.806062459945678711e-02 8.858621120452880859e-03 4.335600137710571289e-02 1.292234659194946289e-02 3.002285957336425781e-04 1.457393169403076172e-03 7.619261741638183594e-04 3.892129659652709961e-02
2.529531717300415039e-02 5.560225248336791992e-02 4.010510444641113281e-02 1.825773715972900391e-02 1.729869842529296875e-02 1.259958744049072266e-02 1.259952783584594727e-02 1.371419429779052734e-02 1.099193096160888672e-02 1.867187023162841797e-02 1.754236221313476562e-02 1.780617237091064453e-02 1.571053266525268555e-02 7.276058197021484375e-03 3.016233444213867188e-03 8.814346790313720703e-02 2.086067199707031250e-02 1.871639490127563477e-02 1.002997159957885742e-02 1.848852634429931641e-02 2.086061239242553711e-02 1.192092895507812500e-07 8.814352750778198242e-02 3.016293048858642578e-03 5.138218402862548828e-03 1.806062459945678711e-02 0.000000000000000000e+00 9.202003479003906250e-03 2.529537677764892578e-02 5.138278007507324219e-03 1.836085319519042969e-02 1.660323143005371094e-02 1.729869842529296875e-02 2.086067199707031250e-02
3.449732065200805664e-02 6.480425596237182617e-02 4.930710792541503906e-02 9.055733680725097656e-03 8.096694946289062500e-03 3.397583961486816406e-03 3.397524356842041016e-03 4.512190818786621094e-03 1.789927482604980469e-03 9.469866752624511719e-03 8.340358734130859375e-03 8.604168891906738281e-03 6.508529186248779297e-03 1.925945281982421875e-03 1.221823692321777344e-02 9.734547138214111328e-02 3.006267547607421875e-02 9.514391422271728516e-03 1.923197507858276367e-02 9.286522865295410156e-03 3.006261587142944336e-02 9.201884269714355469e-03 9.734553098678588867e-02 1.221829652786254883e-02 4.063785076141357422e-03 8.858621120452880859e-03 9.202003479003906250e-03 0.000000000000000000e+00 3.449738025665283203e-02 4.063725471496582031e-03 9.158849716186523438e-03 7.401227951049804688e-03 8.096694946289062500e-03 3.006267547607421875e-02
5.960464477539062500e-08 3.030687570571899414e-02 1.480972766876220703e-02 4.355311393737792969e-02 4.259407520294189453e-02 3.789496421813964844e-02 3.789490461349487305e-02 3.900957107543945312e-02 3.628730773925781250e-02 4.396724700927734375e-02 4.283773899078369141e-02 4.310154914855957031e-02 4.100590944290161133e-02 3.257143497467041016e-02 2.227914333343505859e-02 6.284809112548828125e-02 4.434704780578613281e-03 4.401177167892456055e-02 1.526540517807006836e-02 4.378390312194824219e-02 4.434764385223388672e-03 2.529549598693847656e-02 6.284815073013305664e-02 2.227908372879028320e-02 3.043359518051147461e-02 4.335600137710571289e-02 2.529537677764892578e-02 3.449738025665283203e-02 0.000000000000000000e+00 3.043365478515625000e-02 4.365622997283935547e-02 4.189860820770263672e-02 4.259407520294189453e-02 4.434704780578613281e-03
3.043359518051147461e-02 6.074053049087524414e-02 4.524338245391845703e-02 1.311945915222167969e-02 1.216042041778564453e-02 7.461309432983398438e-03 7.461249828338623047e-03 8.575916290283203125e-03 5.853652954101562500e-03 1.353359222412109375e-02 1.240408420562744141e-02 1.266789436340332031e-02 1.057225465774536133e-02 2.137780189514160156e-03 8.154511451721191406e-03 9.328174591064453125e-02 2.599895000457763672e-02 1.357811689376831055e-02 1.516824960708618164e-02 1.335024833679199219e-02 2.599889039993286133e-02 5.138158798217773438e-03 9.328180551528930664e-02 8.154571056365966797e-03 5.960464477539062500e-08 1.292234659194946289e-02 5.138278007507324219e-03 4.063725471496582031e-03 3.043365478515625000e-02 0.000000000000000000e+00 1.322257518768310547e-02 1.146495342254638672e-02 1.216042041778564453e-02 2.599895000457763672e-02
4.365617036819458008e-02 7.396310567855834961e-02 5.846595764160156250e-02 1.031160354614257812e-04 1.062154769897460938e-03 5.761265754699707031e-03 5.761325359344482422e-03 4.646658897399902344e-03 7.368922233581542969e-03 3.110170364379882812e-04 8.184909820556640625e-04 5.546808242797851562e-04 2.650320529937744141e-03 1.108479499816894531e-02 2.137708663940429688e-02 1.065043210983276367e-01 3.922152519226074219e-02 3.555417060852050781e-04 2.839082479476928711e-02 1.276731491088867188e-04 3.922146558761596680e-02 1.836073398590087891e-02 1.065043807029724121e-01 2.137714624404907227e-02 1.322263479232788086e-02 3.002285957336425781e-04 1.836085319519042969e-02 9.158849716186523438e-03 4.365622997283935547e-02 1.322257518768310547e-02 0.000000000000000000e+00 1.757621765136718750e-03 1.062154769897460938e-03 3.922152519226074219e-02
4.189854860305786133e-02 7.220548391342163086e-02 5.670833587646484375e-02 1.654505729675292969e-03 6.954669952392578125e-04 4.003643989562988281e-03 4.003703594207763672e-03 2.889037132263183594e-03 5.611300468444824219e-03 2.068638801574707031e-03 9.391307830810546875e-04 1.202940940856933594e-03 8.926987648010253906e-04 9.327173233032226562e-03 1.961946487426757812e-02 1.047466993331909180e-01 3.746390342712402344e-02 2.113163471221923828e-03 2.663320302963256836e-02 1.885294914245605469e-03 3.746384382247924805e-02 1.660311222076416016e-02 1.047467589378356934e-01 1.961952447891235352e-02 1.146501302719116211e-02 1.457393169403076172e-03 1.660323143005371094e-02 7.401227951049804688e-03 4.189860820770263672e-02 1.146495342254638672e-02 1.757621765136718750e-03 0.000000000000000000e+00 6.954669952392578125e-04 3.746390342712402344e-02
4.259401559829711914e-02 7.290095090866088867e-02 5.740380287170410156e-02 9.590387344360351562e-04 0.000000000000000000e+00 4.699110984802246094e-03 4.699170589447021484e-03 3.584504127502441406e-03 6.306767463684082031e-03 1.373171806335449219e-03 2.436637878417968750e-04 5.074739456176757812e-04 1.588165760040283203e-03 1.002264022827148438e-02 2.031493186950683594e-02 1.054421663284301758e-01 3.815937042236328125e-02 1.417696475982666016e-03 2.732867002487182617e-02 1.189827919006347656e-03 3.815931081771850586e-02 1.729857921600341797e-02 1.054422259330749512e-01 2.031499147415161133e-02 1.216048002243041992e-02 7.619261741638183594e-04 1.729869842529296875e-02 8.096694946289062500e-03 4.259407520294189453e-02 1.216042041778564453e-02 1.062154769897460938e-03 6.954669952392578125e-04 0.000000000000000000e+00 3.815937042236328125e-02
4.434645175933837891e-03 3.474158048629760742e-02 1.924443244934082031e-02 3.911840915679931641e-02 3.815937042236328125e-02 3.346025943756103516e-02 3.346019983291625977e-02 3.457486629486083984e-02 3.185260295867919922e-02 3.953254222869873047e-02 3.840303421020507812e-02 3.866684436798095703e-02 3.657120466232299805e-02 2.813673019409179688e-02 1.784443855285644531e-02 6.728279590606689453e-02 0.000000000000000000e+00 3.957706689834594727e-02 1.083070039749145508e-02 3.934919834136962891e-02 5.960464477539062500e-08 2.086079120635986328e-02 6.728285551071166992e-02 1.784437894821166992e-02 2.599889039993286133e-02 3.892129659652709961e-02 2.086067199707031250e-02 3.006267547607421875e-02 4.434704780578613281e-03 2.599895000457763672e-02 3.922152519226074219e-02 3.746390342712402344e-02 3.815937042236328125e-02 0.000000000000000000e+00
