0.000000000000000000e+00 1.266286969184875488e-01 1.051807999610900879e-01 1.449779272079467773e-01 1.449780464172363281e-01 1.432542204856872559e-01 1.194425821304321289e-01 1.391873955726623535e-01 1.219992637634277344e-01 1.480236053466796875e-01 1.432541608810424805e-01 1.456308364868164062e-01 1.341139078140258789e-01 1.051808595657348633e-01 3.035688400268554688e-02 3.035700321197509766e-02 1.266286373138427734e-01 1.476874947547912598e-01 1.244066357612609863e-01 1.015105247497558594e-01 7.753145694732666016e-02 1.266286969184875488e-01 8.622229099273681641e-02 1.307654380798339844e-01 1.391874551773071289e-01 1.474013328552246094e-01 1.319739818572998047e-01 1.280738115310668945e-01 1.051807403564453125e-01 1.166955232620239258e-01 1.699908971786499023e-01 1.591385602951049805e-01 8.622241020202636719e-02 7.295179367065429688e-02
1.266286969184875488e-01 0.000000000000000000e+00 2.144789695739746094e-02 1.834923028945922852e-02 1.834934949874877930e-02 1.662552356719970703e-02 7.186114788055419922e-03 1.255869865417480469e-02 4.629433155059814453e-03 2.139490842819213867e-02 1.662546396255493164e-02 1.900213956832885742e-02 7.485210895538330078e-03 2.144783735275268555e-02 9.627181291580200195e-02 9.627169370651245117e-02 5.960464477539062500e-08 2.105879783630371094e-02 2.222061157226562500e-03 2.511817216873168945e-02 4.909723997116088867e-02 0.000000000000000000e+00 4.040640592575073242e-02 4.136741161346435547e-03 1.255875825881958008e-02 2.077263593673706055e-02 5.345284938812255859e-03 1.445114612579345703e-03 2.144795656204223633e-02 9.933173656463623047e-03 4.336220026016235352e-02 3.250986337661743164e-02 4.040628671646118164e-02 5.367690324783325195e-02
1.051807999610900879e-01 2.144789695739746094e-02 0.000000000000000000e+00 3.979712724685668945e-02 3.979724645614624023e-02 3.807342052459716797e-02 1.426178216934204102e-02 3.400659561157226562e-02 1.681846380233764648e-02 4.284280538558959961e-02 3.807336091995239258e-02 4.045003652572631836e-02 2.893310785293579102e-02 5.960464477539062500e-08 7.482391595840454102e-02 7.482379674911499023e-02 2.144783735275268555e-02 4.250669479370117188e-02 1.922583580017089844e-02 3.670275211334228516e-03 2.764934301376342773e-02 2.144789695739746094e-02 1.895850896835327148e-02 2.558463811874389648e-02 3.400665521621704102e-02 4.222053289413452148e-02 2.679318189620971680e-02 2.289301156997680664e-02 5.960464477539062500e-08 1.151472330093383789e-02 6.481009721755981445e-02 5.395776033401489258e-02 1.895838975906372070e-02 3.222900629043579102e-02
1.449779272079467773e-01 1.834923028945922852e-02 3.979712724685668945e-02 0.000000000000000000e+00 1.192092895507812500e-07 1.723706722259521484e-03 2.553534507751464844e-02 5.790531635284423828e-03 2.297866344451904297e-02 3.045678138732910156e-03 1.723766326904296875e-03 6.529092788696289062e-04 1.086401939392089844e-02 3.979706764221191406e-02 1.146210432052612305e-01 1.146209239959716797e-01 1.834928989410400391e-02 2.709567546844482422e-03 2.057129144668579102e-02 4.346740245819091797e-02 6.744647026062011719e-02 1.834923028945922852e-02 5.875563621520996094e-02 1.421248912811279297e-02 5.790472030639648438e-03 2.423405647277832031e-03 1.300394535064697266e-02 1.690411567687988281e-02 3.979718685150146484e-02 2.828240394592285156e-02 2.501296997070312500e-02 1.416063308715820312e-02 5.875551700592041016e-02 7.202613353729248047e-02
1.449780464172363281e-01 1.834934949874877930e-02 3.979724645614624023e-02 1.192092895507812500e-07 0.000000000000000000e+00 1.723825931549072266e-03 2.553546428680419922e-02 5.790650844573974609e-03 2.297878265380859375e-02 3.045558929443359375e-03 1.723885536193847656e-03 6.527900695800781250e-04 1.086413860321044922e-02 3.979718685150146484e-02 1.146211624145507812e-01 1.146210432052612305e-01 1.834940910339355469e-02 2.709448337554931641e-03 2.057141065597534180e-02 4.346752166748046875e-02 6.744658946990966797e-02 1.834934949874877930e-02 5.875575542449951172e-02 1.421260833740234375e-02 5.790591239929199219e-03 2.423286437988281250e-03 1.300406455993652344e-02 1.690423488616943359e-02 3.979730606079101562e-02 2.828252315521240234e-02 2.501285076141357422e-02 1.416051387786865234e-02 5.875563621520996094e-02 7.202625274658203125e-02
1.432542204856872559e-01 1.662552356719970703e-02 3.807342052459716797e-02 1.723706722259521484e-03 1.723825931549072266e-03 0.000000000000000000e+00 2.381163835525512695e-02 4.066824913024902344e-03 2.125495672225952148e-02 4.769384860992431641e-03 5.960464477539062500e-08 2.376616001129150391e-03 9.140312671661376953e-03 3.807336091995239258e-02 1.128973364830017090e-01 1.128972172737121582e-01 1.662558317184448242e-02 4.433274269104003906e-03 1.884758472442626953e-02 4.174369573593139648e-02 6.572276353836059570e-02 1.662552356719970703e-02 5.703192949295043945e-02 1.248878240585327148e-02 4.066765308380126953e-03 4.147112369537353516e-03 1.128023862838745117e-02 1.518040895462036133e-02 3.807348012924194336e-02 2.655869722366333008e-02 2.673667669296264648e-02 1.588433980941772461e-02 5.703181028366088867e-02 7.030242681503295898e-02
1.194425821304321289e-01 7.186114788055419922e-03 1.426178216934204102e-02 2.553534507751464844e-02 2.553546428680419922e-02 2.381163835525512695e-02 0.000000000000000000e+00 1.974481344223022461e-02 2.556681632995605469e-03 2.858102321624755859e-02 2.381157875061035156e-02 2.618825435638427734e-02 1.467132568359375000e-02 1.426172256469726562e-02 8.908569812774658203e-02 8.908557891845703125e-02 7.186055183410644531e-03 2.824491262435913086e-02 4.964053630828857422e-03 1.793205738067626953e-02 4.191112518310546875e-02 7.186114788055419922e-03 3.322029113769531250e-02 1.132285594940185547e-02 1.974487304687500000e-02 2.795875072479248047e-02 1.253139972686767578e-02 8.631229400634765625e-03 1.426184177398681641e-02 2.747058868408203125e-03 5.054831504821777344e-02 3.969597816467285156e-02 3.322017192840576172e-02 4.649078845977783203e-02
1.391873955726623535e-01 1.255869865417480469e-02 3.400659561157226562e-02 5.790531635284423828e-03 5.790650844573974609e-03 4.066824913024902344e-03 1.974481344223022461e-02 0.000000000000000000e+00 1.718813180923461914e-02 8.836209774017333984e-03 4.066765308380126953e-03 6.443440914154052734e-03 5.073487758636474609e-03 3.400653600692749023e-02 1.088305115699768066e-01 1.088303923606872559e-01 1.255875825881958008e-02 8.500099182128906250e-03 1.478075981140136719e-02 3.767687082290649414e-02 6.165593862533569336e-02 1.255869865417480469e-02 5.296510457992553711e-02 8.421957492828369141e-03 5.960464477539062500e-08 8.213937282562255859e-03 7.213413715362548828e-03 1.111358404159545898e-02 3.400665521621704102e-02 2.249187231063842773e-02 3.080350160598754883e-02 1.995116472244262695e-02 5.296498537063598633e-02 6.623560190200805664e-02
1.219992637634277344e-01 4.629433155059814453e-03 1.681846380233764648e-02 2.297866344451904297e-02 2.297878265380859375e-02 2.125495672225952148e-02 2.556681632995605469e-03 1.718813180923461914e-02 0.000000000000000000e+00 2.602434158325195312e-02 2.125489711761474609e-02 2.363157272338867188e-02 1.211464405059814453e-02 1.681840419769287109e-02 9.164237976074218750e-02 9.164226055145263672e-02 4.629373550415039062e-03 2.568823099136352539e-02 2.407371997833251953e-03 2.048873901367187500e-02 4.446780681610107422e-02 4.629433155059814453e-03 3.577697277069091797e-02 8.766174316406250000e-03 1.718819141387939453e-02 2.540206909179687500e-02 9.974718093872070312e-03 6.074547767639160156e-03 1.681852340698242188e-02 5.303740501403808594e-03 4.799163341522216797e-02 3.713929653167724609e-02 3.577685356140136719e-02 4.904747009277343750e-02
1.480236053466796875e-01 2.139490842819213867e-02 4.284280538558959961e-02 3.045678138732910156e-03 3.045558929443359375e-03 4.769384860992431641e-03 2.858102321624755859e-02 8.836209774017333984e-03 2.602434158325195312e-02 0.000000000000000000e+00 4.769444465637207031e-03 2.392768859863281250e-03 1.390969753265380859e-02 4.284274578094482422e-02 1.176667213439941406e-01 1.176666021347045898e-01 2.139496803283691406e-02 3.361105918884277344e-04 2.361696958541870117e-02 4.651308059692382812e-02 7.049214839935302734e-02 2.139490842819213867e-02 6.180131435394287109e-02 1.725816726684570312e-02 8.836150169372558594e-03 6.222724914550781250e-04 1.604962348937988281e-02 1.994979381561279297e-02 4.284286499023437500e-02 3.132808208465576172e-02 2.196729183197021484e-02 1.111495494842529297e-02 6.180119514465332031e-02 7.507181167602539062e-02
1.432541608810424805e-01 1.662546396255493164e-02 3.807336091995239258e-02 1.723766326904296875e-03 1.723885536193847656e-03 5.960464477539062500e-08 2.381157875061035156e-02 4.066765308380126953e-03 2.125489711761474609e-02 4.769444465637207031e-03 0.000000000000000000e+00 2.376675605773925781e-03 9.140253067016601562e-03 3.807330131530761719e-02 1.128972768783569336e-01 1.128971576690673828e-01 1.662552356719970703e-02 4.433333873748779297e-03 1.884752511978149414e-02 4.174363613128662109e-02 6.572270393371582031e-02 1.662546396255493164e-02 5.703186988830566406e-02 1.248872280120849609e-02 4.066705703735351562e-03 4.147171974182128906e-03 1.128017902374267578e-02 1.518034934997558594e-02 3.807342052459716797e-02 2.655863761901855469e-02 2.673673629760742188e-02 1.588439941406250000e-02 5.703175067901611328e-02 7.030236721038818359e-02
1.456308364868164062e-01 1.900213956832885742e-02 4.045003652572631836e-02 6.529092788696289062e-04 6.527900695800781250e-04 2.376616001129150391e-03 2.618825435638427734e-02 6.443440914154052734e-03 2.363157272338867188e-02 2.392768859863281250e-03 2.376675605773925781e-03 0.000000000000000000e+00 1.151692867279052734e-02 4.044997692108154297e-02 1.152739524841308594e-01 1.152738332748413086e-01 1.900219917297363281e-02 2.056658267974853516e-03 2.122420072555541992e-02 4.412031173706054688e-02 6.809937953948974609e-02 1.900213956832885742e-02 5.940854549407958984e-02 1.486539840698242188e-02 6.443381309509277344e-03 1.770496368408203125e-03 1.365685462951660156e-02 1.755702495574951172e-02 4.045009613037109375e-02 2.893531322479248047e-02 2.436006069183349609e-02 1.350772380828857422e-02 5.940842628479003906e-02 7.267904281616210938e-02
1.341139078140258789e-01 7.485210895538330078e-03 2.893310785293579102e-02 1.086401939392089844e-02 1.086413860321044922e-02 9.140312671661376953e-03 1.467132568359375000e-02 5.073487758636474609e-03 1.211464405059814453e-02 1.390969753265380859e-02 9.140253067016601562e-03 1.151692867279052734e-02 0.000000000000000000e+00 2.893304824829101562e-02 1.037570238113403320e-01 1.037569046020507812e-01 7.485270500183105469e-03 1.357358694076538086e-02 9.707272052764892578e-03 3.260338306427001953e-02 5.658245086669921875e-02 7.485210895538330078e-03 4.789161682128906250e-02 3.348469734191894531e-03 5.073547363281250000e-03 1.328742504119873047e-02 2.139925956726074219e-03 6.040096282958984375e-03 2.893316745758056641e-02 1.741838455200195312e-02 3.587698936462402344e-02 2.502465248107910156e-02 4.789149761199951172e-02 6.116211414337158203e-02
1.051808595657348633e-01 2.144783735275268555e-02 5.960464477539062500e-08 3.979706764221191406e-02 3.979718685150146484e-02 3.807336091995239258e-02 1.426172256469726562e-02 3.400653600692749023e-02 1.681840419769287109e-02 4.284274578094482422e-02 3.807330131530761719e-02 4.044997692108154297e-02 2.893304824829101562e-02 0.000000000000000000e+00 7.482397556304931641e-02 7.482385635375976562e-02 2.144777774810791016e-02 4.250663518905639648e-02 1.922577619552612305e-02 3.670334815979003906e-03 2.764940261840820312e-02 2.144783735275268555e-02 1.895856857299804688e-02 2.558457851409912109e-02 3.400659561157226562e-02 4.222047328948974609e-02 2.679312229156494141e-02 2.289295196533203125e-02 1.192092895507812500e-07 1.151466369628906250e-02 6.481003761291503906e-02 5.395770072937011719e-02 1.895844936370849609e-02 3.222906589508056641e-02
3.035688400268554688e-02 9.627181291580200195e-02 7.482391595840454102e-02 1.146210432052612305e-01 1.146211624145507812e-01 1.128973364830017090e-01 8.908569812774658203e-02 1.088305115699768066e-01 9.164237976074218750e-02 1.176667213439941406e-01 1.128972768783569336e-01 1.152739524841308594e-01 1.037570238113403320e-01 7.482397556304931641e-02 0.000000000000000000e+00 1.192092895507812500e-07 9.627175331115722656e-02 1.173306107521057129e-01 9.404975175857543945e-02 7.115364074707031250e-02 4.717457294464111328e-02 9.627181291580200195e-02 5.586540699005126953e-02 1.004085540771484375e-01 1.088305711746215820e-01 1.170444488525390625e-01 1.016170978546142578e-01 9.771692752838134766e-02 7.482385635375976562e-02 8.633863925933837891e-02 1.396340131759643555e-01 1.287816762924194336e-01 5.586552619934082031e-02 4.259490966796875000e-02
3.035700321197509766e-02 9.627169370651245117e-02 7.482379674911499023e-02 1.146209239959716797e-01 1.146210432052612305e-01 1.128972172737121582e-01 8.908557891845703125e-02 1.088303923606872559e-01 9.164226055145263672e-02 1.176666021347045898e-01 1.128971576690673828e-01 1.152738332748413086e-01 1.037569046020507812e-01 7.482385635375976562e-02 1.192092895507812500e-07 0.000000000000000000e+00 9.627163410186767578e-02 1.173304915428161621e-01 9.404963254928588867e-02 7.115352153778076172e-02 4.717445373535156250e-02 9.627169370651245117e-02 5.586528778076171875e-02 1.004084348678588867e-01 1.088304519653320312e-01 1.170443296432495117e-01 1.016169786453247070e-01 9.771680831909179688e-02 7.482373714447021484e-02 8.633852005004882812e-02 1.396338939666748047e-01 1.287815570831298828e-01 5.586540699005126953e-02 4.259479045867919922e-02
1.266286373138427734e-01 5.960464477539062500e-08 2.144783735275268555e-02 1.834928989410400391e-02 1.834940910339355469e-02 1.662558317184448242e-02 7.186055183410644531e-03 1.255875825881958008e-02 4.629373550415039062e-03 2.139496803283691406e-02 1.662552356719970703e-02 1.900219917297363281e-02 7.485270500183105469e-03 2.144777774810791016e-02 9.627175331115722656e-02 9.627163410186767578e-02 0.000000000000000000e+00 2.105885744094848633e-02 2.222001552581787109e-03 2.511811256408691406e-02 4.909718036651611328e-02 5.960464477539062500e-08 4.040634632110595703e-02 4.136800765991210938e-03 1.255881786346435547e-02 2.077269554138183594e-02 5.345344543457031250e-03 1.445174217224121094e-03 2.144789695739746094e-02 9.933114051818847656e-03 4.336225986480712891e-02 3.250992298126220703e-02 4.040622711181640625e-02 5.367684364318847656e-02
1.476874947547912598e-01 2.105879783630371094e-02 4.250669479370117188e-02 2.709567546844482422e-03 2.709448337554931641e-03 4.433274269104003906e-03 2.824491262435913086e-02 8.500099182128906250e-03 2.568823099136352539e-02 3.361105918884277344e-04 4.433333873748779297e-03 2.056658267974853516e-03 1.357358694076538086e-02 4.250663518905639648e-02 1.173306107521057129e-01 1.173304915428161621e-01 2.105885744094848633e-02 0.000000000000000000e+00 2.328085899353027344e-02 4.617697000503540039e-02 7.015603780746459961e-02 2.105879783630371094e-02 6.146520376205444336e-02 1.692205667495727539e-02 8.500039577484130859e-03 2.861618995666503906e-04 1.571351289749145508e-02 1.961368322372436523e-02 4.250675439834594727e-02 3.099197149276733398e-02 2.230340242385864258e-02 1.145106554031372070e-02 6.146508455276489258e-02 7.473570108413696289e-02
1.244066357612609863e-01 2.222061157226562500e-03 1.922583580017089844e-02 2.057129144668579102e-02 2.057141065597534180e-02 1.884758472442626953e-02 4.964053630828857422e-03 1.478075981140136719e-02 2.407371997833251953e-03 2.361696958541870117e-02 1.884752511978149414e-02 2.122420072555541992e-02 9.707272052764892578e-03 1.922577619552612305e-02 9.404975175857543945e-02 9.404963254928588867e-02 2.222001552581787109e-03 2.328085899353027344e-02 0.000000000000000000e+00 2.289611101150512695e-02 4.687517881393432617e-02 2.222061157226562500e-03 3.818434476852416992e-02 6.358802318572998047e-03 1.478081941604614258e-02 2.299469709396362305e-02 7.567346096038818359e-03 3.667175769805908203e-03 1.922589540481567383e-02 7.711112499237060547e-03 4.558426141738891602e-02 3.473192453384399414e-02 3.818422555923461914e-02 5.145484209060668945e-02
1.015105247497558594e-01 2.511817216873168945e-02 3.670275211334228516e-03 4.346740245819091797e-02 4.346752166748046875e-02 4.174369573593139648e-02 1.793205738067626953e-02 3.767687082290649414e-02 2.048873901367187500e-02 4.651308059692382812e-02 4.174363613128662109e-02 4.412031173706054688e-02 3.260338306427001953e-02 3.670334815979003906e-03 7.115364074707031250e-02 7.115352153778076172e-02 2.511811256408691406e-02 4.617697000503540039e-02 2.289611101150512695e-02 0.000000000000000000e+00 2.397906780242919922e-02 2.511817216873168945e-02 1.528823375701904297e-02 2.925491333007812500e-02 3.767693042755126953e-02 4.589080810546875000e-02 3.046345710754394531e-02 2.656328678131103516e-02 3.670215606689453125e-03 1.518499851226806641e-02 6.848037242889404297e-02 5.762803554534912109e-02 1.528811454772949219e-02 2.855873107910156250e-02
7.753145694732666016e-02 4.909723997116088867e-02 2.764934301376342773e-02 6.744647026062011719e-02 6.744658946990966797e-02 6.572276353836059570e-02 4.191112518310546875e-02 6.165593862533569336e-02 4.446780681610107422e-02 7.049214839935302734e-02 6.572270393371582031e-02 6.809937953948974609e-02 5.658245086669921875e-02 2.764940261840820312e-02 4.717457294464111328e-02 4.717445373535156250e-02 4.909718036651611328e-02 7.015603780746459961e-02 4.687517881393432617e-02 2.397906780242919922e-02 0.000000000000000000e+00 4.909723997116088867e-02 8.690834045410156250e-03 5.323398113250732422e-02 6.165599822998046875e-02 6.986987590789794922e-02 5.444252490997314453e-02 5.054235458374023438e-02 2.764928340911865234e-02 3.916406631469726562e-02 9.245944023132324219e-02 8.160710334777832031e-02 8.690953254699707031e-03 4.579663276672363281e-03
1.266286969184875488e-01 0.000000000000000000e+00 2.144789695739746094e-02 1.834923028945922852e-02 1.834934949874877930e-02 1.662552356719970703e-02 7.186114788055419922e-03 1.255869865417480469e-02 4.629433155059814453e-03 2.139490842819213867e-02 1.662546396255493164e-02 1.900213956832885742e-02 7.485210895538330078e-03 2.144783735275268555e-02 9.627181291580200195e-02 9.627169370651245117e-02 5.960464477539062500e-08 2.105879783630371094e-02 2.222061157226562500e-03 2.511817216873168945e-02 4.909723997116088867e-02 0.000000000000000000e+00 4.040640592575073242e-02 4.136741161346435547e-03 1.255875825881958008e-02 2.077263593673706055e-02 5.345284938812255859e-03 1.445114612579345703e-03 2.144795656204223633e-02 9.933173656463623047e-03 4.336220026016235352e-02 3.250986337661743164e-02 4.040628671646118164e-02 5.367690324783325195e-02
8.622229099273681641e-02 4.040640592575073242e-02 1.895850896835327148e-02 5.875563621520996094e-02 5.875575542449951172e-02 5.703192949295043945e-02 3.322029113769531250e-02 5.296510457992553711e-02 3.577697277069091797e-02 6.180131435394287109e-02 5.703186988830566406e-02 5.940854549407958984e-02 4.789161682128906250e-02 1.895856857299804688e-02 5.586540699005126953e-02 5.586528778076171875e-02 4.040634632110595703e-02 6.146520376205444336e-02 3.818434476852416992e-02 1.528823375701904297e-02 8.690834045410156250e-03 4.040640592575073242e-02 0.000000000000000000e+00 4.454314708709716797e-02 5.296516418457031250e-02 6.117904186248779297e-02 4.575169086456298828e-02 4.185152053833007812e-02 1.895844936370849609e-02 3.047323226928710938e-02 8.376860618591308594e-02 7.291626930236816406e-02 1.192092895507812500e-07 1.327049732208251953e-02
1.307654380798339844e-01 4.136741161346435547e-03 2.558463811874389648e-02 1.421248912811279297e-02 1.421260833740234375e-02 1.248878240585327148e-02 1.132285594940185547e-02 8.421957492828369141e-03 8.766174316406250000e-03 1.725816726684570312e-02 1.248872280120849609e-02 1.486539840698242188e-02 3.348469734191894531e-03 2.558457851409912109e-02 1.004085540771484375e-01 1.004084348678588867e-01 4.136800765991210938e-03 1.692205667495727539e-02 6.358802318572998047e-03 2.925491333007812500e-02 5.323398113250732422e-02 4.136741161346435547e-03 4.454314708709716797e-02 0.000000000000000000e+00 8.422017097473144531e-03 1.663589477539062500e-02 1.208543777465820312e-03 2.691626548767089844e-03 2.558469772338867188e-02 1.406991481781005859e-02 3.922545909881591797e-02 2.837312221527099609e-02 4.454302787780761719e-02 5.781364440917968750e-02
1.391874551773071289e-01 1.255875825881958008e-02 3.400665521621704102e-02 5.790472030639648438e-03 5.790591239929199219e-03 4.066765308380126953e-03 1.974487304687500000e-02 5.960464477539062500e-08 1.718819141387939453e-02 8.836150169372558594e-03 4.066705703735351562e-03 6.443381309509277344e-03 5.073547363281250000e-03 3.400659561157226562e-02 1.088305711746215820e-01 1.088304519653320312e-01 1.255881786346435547e-02 8.500039577484130859e-03 1.478081941604614258e-02 3.767693042755126953e-02 6.165599822998046875e-02 1.255875825881958008e-02 5.296516418457031250e-02 8.422017097473144531e-03 0.000000000000000000e+00 8.213877677917480469e-03 7.213473320007324219e-03 1.111364364624023438e-02 3.400671482086181641e-02 2.249193191528320312e-02 3.080344200134277344e-02 1.995110511779785156e-02 5.296504497528076172e-02 6.623566150665283203e-02
1.474013328552246094e-01 2.077263593673706055e-02 4.222053289413452148e-02 2.423405647277832031e-03 2.423286437988281250e-03 4.147112369537353516e-03 2.795875072479248047e-02 8.213937282562255859e-03 2.540206909179687500e-02 6.222724914550781250e-04 4.147171974182128906e-03 1.770496368408203125e-03 1.328742504119873047e-02 4.222047328948974609e-02 1.170444488525390625e-01 1.170443296432495117e-01 2.077269554138183594e-02 2.861618995666503906e-04 2.299469709396362305e-02 4.589080810546875000e-02 6.986987590789794922e-02 2.077263593673706055e-02 6.117904186248779297e-02 1.663589477539062500e-02 8.213877677917480469e-03 0.000000000000000000e+00 1.542735099792480469e-02 1.932752132415771484e-02 4.222059249877929688e-02 3.070580959320068359e-02 2.258956432342529297e-02 1.173722743988037109e-02 6.117892265319824219e-02 7.444953918457031250e-02
1.319739818572998047e-01 5.345284938812255859e-03 2.679318189620971680e-02 1.300394535064697266e-02 1.300406455993652344e-02 1.128023862838745117e-02 1.253139972686767578e-02 7.213413715362548828e-03 9.974718093872070312e-03 1.604962348937988281e-02 1.128017902374267578e-02 1.365685462951660156e-02 2.139925956726074219e-03 2.679312229156494141e-02 1.016170978546142578e-01 1.016169786453247070e-01 5.345344543457031250e-03 1.571351289749145508e-02 7.567346096038818359e-03 3.046345710754394531e-02 5.444252490997314453e-02 5.345284938812255859e-03 4.575169086456298828e-02 1.208543777465820312e-03 7.213473320007324219e-03 1.542735099792480469e-02 0.000000000000000000e+00 3.900170326232910156e-03 2.679324150085449219e-02 1.527845859527587891e-02 3.801691532135009766e-02 2.716457843780517578e-02 4.575157165527343750e-02 5.902218818664550781e-02
1.280738115310668945e-01 1.445114612579345703e-03 2.289301156997680664e-02 1.690411567687988281e-02 1.690423488616943359e-02 1.518040895462036133e-02 8.631229400634765625e-03 1.111358404159545898e-02 6.074547767639160156e-03 1.994979381561279297e-02 1.518034934997558594e-02 1.755702495574951172e-02 6.040096282958984375e-03 2.289295196533203125e-02 9.771692752838134766e-02 9.771680831909179688e-02 1.445174217224121094e-03 1.961368322372436523e-02 3.667175769805908203e-03 2.656328678131103516e-02 5.054235458374023438e-02 1.445114612579345703e-03 4.185152053833007812e-02 2.691626548767089844e-03 1.111364364624023438e-02 1.932752132415771484e-02 3.900170326232910156e-03 0.000000000000000000e+00 2.289307117462158203e-02 1.137828826904296875e-02 4.191708564758300781e-02 3.106474876403808594e-02 4.185140132904052734e-02 5.512201786041259766e-02
1.051807403564453125e-01 2.144795656204223633e-02 5.960464477539062500e-08 3.979718685150146484e-02 3.979730606079101562e-02 3.807348012924194336e-02 1.426184177398681641e-02 3.400665521621704102e-02 1.681852340698242188e-02 4.284286499023437500e-02 3.807342052459716797e-02 4.045009613037109375e-02 2.893316745758056641e-02 1.192092895507812500e-07 7.482385635375976562e-02 7.482373714447021484e-02 2.144789695739746094e-02 4.250675439834594727e-02 1.922589540481567383e-02 3.670215606689453125e-03 2.764928340911865234e-02 2.144795656204223633e-02 1.895844936370849609e-02 2.558469772338867188e-02 3.400671482086181641e-02 4.222059249877929688e-02 2.679324150085449219e-02 2.289307117462158203e-02 0.000000000000000000e+00 1.151478290557861328e-02 6.481015682220458984e-02 5.395781993865966797e-02 1.895833015441894531e-02 3.222894668579101562e-02
1.166955232620239258e-01 9.933173656463623047e-03 1.151472330093383789e-02 2.828240394592285156e-02 2.828252315521240234e-02 2.655869722366333008e-02 2.747058868408203125e-03 2.249187231063842773e-02 5.303740501403808594e-03 3.132808208465576172e-02 2.655863761901855469e-02 2.893531322479248047e-02 1.741838455200195312e-02 1.151466369628906250e-02 8.633863925933837891e-02 8.633852005004882812e-02 9.933114051818847656e-03 3.099197149276733398e-02 7.711112499237060547e-03 1.518499851226806641e-02 3.916406631469726562e-02 9.933173656463623047e-03 3.047323226928710938e-02 1.406991481781005859e-02 2.249193191528320312e-02 3.070580959320068359e-02 1.527845859527587891e-02 1.137828826904296875e-02 1.151478290557861328e-02 0.000000000000000000e+00 5.329537391662597656e-02 4.244303703308105469e-02 3.047311305999755859e-02 4.374372959136962891e-02
1.699908971786499023e-01 4.336220026016235352e-02 6.481009721755981445e-02 2.501296997070312500e-02 2.501285076141357422e-02 2.673667669296264648e-02 5.054831504821777344e-02 3.080350160598754883e-02 4.799163341522216797e-02 2.196729183197021484e-02 2.673673629760742188e-02 2.436006069183349609e-02 3.587698936462402344e-02 6.481003761291503906e-02 1.396340131759643555e-01 1.396338939666748047e-01 4.336225986480712891e-02 2.230340242385864258e-02 4.558426141738891602e-02 6.848037242889404297e-02 9.245944023132324219e-02 4.336220026016235352e-02 8.376860618591308594e-02 3.922545909881591797e-02 3.080344200134277344e-02 2.258956432342529297e-02 3.801691532135009766e-02 4.191708564758300781e-02 6.481015682220458984e-02 5.329537391662597656e-02 0.000000000000000000e+00 1.085233688354492188e-02 8.376848697662353516e-02 9.703910350799560547e-02
1.591385602951049805e-01 3.250986337661743164e-02 5.395776033401489258e-02 1.416063308715820312e-02 1.416051387786865234e-02 1.588433980941772461e-02 3.969597816467285156e-02 1.995116472244262695e-02 3.713929653167724609e-02 1.111495494842529297e-02 1.588439941406250000e-02 1.350772380828857422e-02 2.502465248107910156e-02 5.395770072937011719e-02 1.287816762924194336e-01 1.287815570831298828e-01 3.250992298126220703e-02 1.145106554031372070e-02 3.473192453384399414e-02 5.762803554534912109e-02 8.160710334777832031e-02 3.250986337661743164e-02 7.291626930236816406e-02 2.837312221527099609e-02 1.995110511779785156e-02 1.173722743988037109e-02 2.716457843780517578e-02 3.106474876403808594e-02 5.395781993865966797e-02 4.244303703308105469e-02 1.085233688354492188e-02 0.000000000000000000e+00 7.291615009307861328e-02 8.618676662445068359e-02
8.622241020202636719e-02 4.040628671646118164e-02 1.895838975906372070e-02 5.875551700592041016e-02 5.875563621520996094e-02 5.703181028366088867e-02 3.322017192840576172e-02 5.296498537063598633e-02 3.577685356140136719e-02 6.180119514465332031e-02 5.703175067901611328e-02 5.940842628479003906e-02 4.789149761199951172e-02 1.895844936370849609e-02 5.586552619934082031e-02 5.586540699005126953e-02 4.040622711181640625e-02 6.146508455276489258e-02 3.818422555923461914e-02 1.528811454772949219e-02 8.690953254699707031e-03 4.040628671646118164e-02 1.192092895507812500e-07 4.454302787780761719e-02 5.296504497528076172e-02 6.117892265319824219e-02 4.575157165527343750e-02 4.185140132904052734e-02 1.895833015441894531e-02 3.047311305999755859e-02 8.376848697662353516e-02 7.291615009307861328e-02 0.000000000000000000e+00 1.327061653137207031e-02
7.295179367065429688e-02 5.367690324783325195e-02 3.222900629043579102e-02 7.202613353729248047e-02 7.202625274658203125e-02 7.030242681503295898e-02 4.649078845977783203e-02 6.623560190200805664e-02 4.904747009277343750e-02 7.507181167602539062e-02 7.030236721038818359e-02 7.267904281616210938e-02 6.116211414337158203e-02 3.222906589508056641e-02 4.259490966796875000e-02 4.259479045867919922e-02 5.367684364318847656e-02 7.473570108413696289e-02 5.145484209060668945e-02 2.855873107910156250e-02 4.579663276672363281e-03 5.367690324783325195e-02 1.327049732208251953e-02 5.781364440917968750e-02 6.623566150665283203e-02 7.444953918457031250e-02 5.902218818664550781e-02 5.512201786041259766e-02 3.222894668579101562e-02 4.374372959136962891e-02 9.703910350799560547e-02 8.618676662445068359e-02 1.327061653137207031e-02 0.000000000000000000e+00
