0.000000000000000000e+00 1.447647809982299805e-02 8.458626270294189453e-02 1.298410892486572266e-01 1.109750270843505859e-01 1.072893142700195312e-01 1.000052690505981445e-01 1.191138625144958496e-01 1.158218979835510254e-01 1.236360669136047363e-01 1.127131581306457520e-01 1.239780187606811523e-01 9.119671583175659180e-02 1.127132177352905273e-01 3.583306074142456055e-02 1.447635889053344727e-02 8.802378177642822266e-02 1.183594465255737305e-01 9.718513488769531250e-02 1.271610260009765625e-01 1.127133369445800781e-01 1.050566434860229492e-01 4.757225513458251953e-02 1.148473620414733887e-01 7.058614492416381836e-02 1.228973269462585449e-01 1.026135087013244629e-01 1.072894334793090820e-01 2.750092744827270508e-02 1.196635365486145020e-01 8.220446109771728516e-02 1.246785521507263184e-01 1.228973269462585449e-01 7.377630472183227539e-02
1.447647809982299805e-02 0.000000000000000000e+00 7.010978460311889648e-02 1.153646111488342285e-01 9.649854898452758789e-02 9.281283617019653320e-02 8.552879095077514648e-02 1.046373844146728516e-01 1.013454198837280273e-01 1.091595888137817383e-01 9.823668003082275391e-02 1.095015406608581543e-01 7.672023773193359375e-02 9.823673963546752930e-02 2.135658264160156250e-02 1.192092895507812500e-07 7.354730367660522461e-02 1.038829684257507324e-01 8.270865678787231445e-02 1.126845479011535645e-01 9.823685884475708008e-02 9.058016538619995117e-02 3.309577703475952148e-02 1.003708839416503906e-01 8.506262302398681641e-02 1.084208488464355469e-01 8.813703060150146484e-02 9.281295537948608398e-02 1.302444934844970703e-02 1.051870584487915039e-01 9.668093919754028320e-02 1.102020740509033203e-01 1.084208488464355469e-01 5.929982662200927734e-02
8.458626270294189453e-02 7.010978460311889648e-02 0.000000000000000000e+00 4.525482654571533203e-02 2.638876438140869141e-02 2.270305156707763672e-02 1.541900634765625000e-02 3.452759981155395508e-02 3.123563528060913086e-02 3.904980421066284180e-02 2.812689542770385742e-02 3.939175605773925781e-02 6.610453128814697266e-03 2.812695503234863281e-02 4.875320196151733398e-02 7.010990381240844727e-02 3.437519073486328125e-03 3.377318382263183594e-02 1.259887218475341797e-02 4.257476329803466797e-02 2.812707424163818359e-02 2.047038078308105469e-02 3.701400756835937500e-02 3.026109933853149414e-02 1.551724076271057129e-01 3.831106424331665039e-02 1.802724599838256836e-02 2.270317077636718750e-02 5.708533525466918945e-02 3.507727384567260742e-02 1.667907238006591797e-01 4.009228944778442383e-02 3.831106424331665039e-02 1.080995798110961914e-02
1.298410892486572266e-01 1.153646111488342285e-01 4.525482654571533203e-02 0.000000000000000000e+00 1.886606216430664062e-02 2.255177497863769531e-02 2.983582019805908203e-02 1.072722673416137695e-02 1.401919126510620117e-02 6.205022335052490234e-03 1.712793111801147461e-02 5.863070487976074219e-03 3.864437341690063477e-02 1.712787151336669922e-02 9.400802850723266602e-02 1.153647303581237793e-01 4.181730747222900391e-02 1.148164272308349609e-02 3.265595436096191406e-02 2.680063247680664062e-03 1.712775230407714844e-02 2.478444576263427734e-02 8.226883411407470703e-02 1.499372720718383789e-02 2.004272341728210449e-01 6.943762302398681641e-03 2.722758054733276367e-02 2.255165576934814453e-02 1.023401618003845215e-01 1.017755270004272461e-02 2.120455503463745117e-01 5.162537097930908203e-03 6.943762302398681641e-03 5.606478452682495117e-02
1.109750270843505859e-01 9.649854898452758789e-02 2.638876438140869141e-02 1.886606216430664062e-02 0.000000000000000000e+00 3.685712814331054688e-03 1.096975803375244141e-02 8.138835430145263672e-03 4.846870899200439453e-03 1.266103982925415039e-02 1.738131046295166016e-03 1.300299167633056641e-02 1.977831125259399414e-02 1.738190650939941406e-03 7.514196634292602539e-02 9.649866819381713867e-02 2.295124530792236328e-02 7.384419441223144531e-03 1.378989219665527344e-02 1.618599891662597656e-02 1.738309860229492188e-03 5.918383598327636719e-03 6.340277194976806641e-02 3.872334957122802734e-03 1.815611720085144043e-01 1.192229986190795898e-02 8.361518383026123047e-03 3.685593605041503906e-03 8.347409963607788086e-02 8.688509464263916016e-03 1.931794881820678711e-01 1.370352506637573242e-02 1.192229986190795898e-02 3.719872236251831055e-02
1.072893142700195312e-01 9.281283617019653320e-02 2.270305156707763672e-02 2.255177497863769531e-02 3.685712814331054688e-03 0.000000000000000000e+00 7.284045219421386719e-03 1.182454824447631836e-02 8.532583713531494141e-03 1.634675264358520508e-02 5.423843860626220703e-03 1.668870449066162109e-02 1.609259843826293945e-02 5.423903465270996094e-03 7.145625352859497070e-02 9.281295537948608398e-02 1.926553249359130859e-02 1.107013225555419922e-02 1.010417938232421875e-02 1.987171173095703125e-02 5.424022674560546875e-03 2.232670783996582031e-03 5.971705913543701172e-02 7.558047771453857422e-03 1.778754591941833496e-01 1.560801267623901367e-02 4.675805568695068359e-03 1.192092895507812500e-07 7.978838682174682617e-02 1.237422227859497070e-02 1.894937753677368164e-01 1.738923788070678711e-02 1.560801267623901367e-02 3.351300954818725586e-02
1.000052690505981445e-01 8.552879095077514648e-02 1.541900634765625000e-02 2.983582019805908203e-02 1.096975803375244141e-02 7.284045219421386719e-03 0.000000000000000000e+00 1.910859346389770508e-02 1.581662893295288086e-02 2.363079786300659180e-02 1.270788908004760742e-02 2.397274971008300781e-02 8.808553218841552734e-03 1.270794868469238281e-02 6.417220830917358398e-02 8.552891016006469727e-02 1.198148727416992188e-02 1.835417747497558594e-02 2.820134162902832031e-03 2.715575695037841797e-02 1.270806789398193359e-02 5.051374435424804688e-03 5.243301391601562500e-02 1.484209299087524414e-02 1.705914139747619629e-01 2.289205789566040039e-02 2.608239650726318359e-03 7.284164428710937500e-03 7.250434160232543945e-02 1.965826749801635742e-02 1.822097301483154297e-01 2.467328310012817383e-02 2.289205789566040039e-02 2.622896432876586914e-02
1.191138625144958496e-01 1.046373844146728516e-01 3.452759981155395508e-02 1.072722673416137695e-02 8.138835430145263672e-03 1.182454824447631836e-02 1.910859346389770508e-02 0.000000000000000000e+00 3.291964530944824219e-03 4.522204399108886719e-03 6.400704383850097656e-03 4.864156246185302734e-03 2.791714668273925781e-02 6.400644779205322266e-03 8.328080177307128906e-02 1.046375036239624023e-01 3.109008073806762695e-02 7.544159889221191406e-04 2.192872762680053711e-02 8.047163486480712891e-03 6.400525569915771484e-03 1.405721902847290039e-02 7.154160737991333008e-02 4.266500473022460938e-03 1.897000074386596680e-01 3.783464431762695312e-03 1.650035381317138672e-02 1.182442903518676758e-02 9.161293506622314453e-02 5.496740341186523438e-04 2.013183236122131348e-01 5.564689636230468750e-03 3.783464431762695312e-03 4.533755779266357422e-02
1.158218979835510254e-01 1.013454198837280273e-01 3.123563528060913086e-02 1.401919126510620117e-02 4.846870899200439453e-03 8.532583713531494141e-03 1.581662893295288086e-02 3.291964530944824219e-03 0.000000000000000000e+00 7.814168930053710938e-03 3.108739852905273438e-03 8.156120777130126953e-03 2.462518215179443359e-02 3.108680248260498047e-03 7.998883724212646484e-02 1.013455390930175781e-01 2.779811620712280273e-02 2.537548542022705078e-03 1.863676309585571289e-02 1.133912801742553711e-02 3.108561038970947266e-03 1.076525449752807617e-02 6.824964284896850586e-02 9.745359420776367188e-04 1.864080429077148438e-01 7.075428962707519531e-03 1.320838928222656250e-02 8.532464504241943359e-03 8.832097053527832031e-02 3.841638565063476562e-03 1.980263590812683105e-01 8.856654167175292969e-03 7.075428962707519531e-03 4.204559326171875000e-02
1.236360669136047363e-01 1.091595888137817383e-01 3.904980421066284180e-02 6.205022335052490234e-03 1.266103982925415039e-02 1.634675264358520508e-02 2.363079786300659180e-02 4.522204399108886719e-03 7.814168930053710938e-03 0.000000000000000000e+00 1.092290878295898438e-02 3.419518470764160156e-04 3.243935108184814453e-02 1.092284917831420898e-02 8.780300617218017578e-02 1.091597080230712891e-01 3.561228513717651367e-02 5.276620388031005859e-03 2.645093202590942383e-02 3.524959087371826172e-03 1.092272996902465820e-02 1.857942342758178711e-02 7.606381177902221680e-02 8.788704872131347656e-03 1.942222118377685547e-01 7.387399673461914062e-04 2.102255821228027344e-02 1.634663343429565430e-02 9.613513946533203125e-02 3.972530364990234375e-03 2.058405280113220215e-01 1.042485237121582031e-03 7.387399673461914062e-04 4.985976219177246094e-02
1.127131581306457520e-01 9.823668003082275391e-02 2.812689542770385742e-02 1.712793111801147461e-02 1.738131046295166016e-03 5.423843860626220703e-03 1.270788908004760742e-02 6.400704383850097656e-03 3.108739852905273438e-03 1.092290878295898438e-02 0.000000000000000000e+00 1.126486063003540039e-02 2.151644229888916016e-02 5.960464477539062500e-08 7.688009738922119141e-02 9.823679924011230469e-02 2.468937635421752930e-02 5.646288394927978516e-03 1.552802324295043945e-02 1.444786787033081055e-02 1.788139343261718750e-07 7.656514644622802734e-03 6.514090299606323242e-02 2.134203910827636719e-03 1.832993030548095703e-01 1.018416881561279297e-02 1.009964942932128906e-02 5.423724651336669922e-03 8.521223068237304688e-02 6.950378417968750000e-03 1.949176192283630371e-01 1.196539402008056641e-02 1.018416881561279297e-02 3.893685340881347656e-02
1.239780187606811523e-01 1.095015406608581543e-01 3.939175605773925781e-02 5.863070487976074219e-03 1.300299167633056641e-02 1.668870449066162109e-02 2.397274971008300781e-02 4.864156246185302734e-03 8.156120777130126953e-03 3.419518470764160156e-04 1.126486063003540039e-02 0.000000000000000000e+00 3.278130292892456055e-02 1.126480102539062500e-02 8.814495801925659180e-02 1.095016598701477051e-01 3.595423698425292969e-02 5.618572235107421875e-03 2.679288387298583984e-02 3.183007240295410156e-03 1.126468181610107422e-02 1.892137527465820312e-02 7.640576362609863281e-02 9.130656719207763672e-03 1.945641636848449707e-01 1.080691814422607422e-03 2.136451005935668945e-02 1.668858528137207031e-02 9.647709131240844727e-02 4.314482212066650391e-03 2.061824798583984375e-01 7.005333900451660156e-04 1.080691814422607422e-03 5.020171403884887695e-02
9.119671583175659180e-02 7.672023773193359375e-02 6.610453128814697266e-03 3.864437341690063477e-02 1.977831125259399414e-02 1.609259843826293945e-02 8.808553218841552734e-03 2.791714668273925781e-02 2.462518215179443359e-02 3.243935108184814453e-02 2.151644229888916016e-02 3.278130292892456055e-02 0.000000000000000000e+00 2.151650190353393555e-02 5.536365509033203125e-02 7.672035694122314453e-02 3.172934055328369141e-03 2.716273069381713867e-02 5.988419055938720703e-03 3.596431016921997070e-02 2.151662111282348633e-02 1.385992765426635742e-02 4.362446069717407227e-02 2.365064620971679688e-02 1.617828607559204102e-01 3.170061111450195312e-02 1.141679286956787109e-02 1.609271764755249023e-02 6.369578838348388672e-02 2.846682071685791016e-02 1.734011769294738770e-01 3.348183631896972656e-02 3.170061111450195312e-02 1.742041110992431641e-02
1.127132177352905273e-01 9.823673963546752930e-02 2.812695503234863281e-02 1.712787151336669922e-02 1.738190650939941406e-03 5.423903465270996094e-03 1.270794868469238281e-02 6.400644779205322266e-03 3.108680248260498047e-03 1.092284917831420898e-02 5.960464477539062500e-08 1.126480102539062500e-02 2.151650190353393555e-02 0.000000000000000000e+00 7.688015699386596680e-02 9.823685884475708008e-02 2.468943595886230469e-02 5.646228790283203125e-03 1.552808284759521484e-02 1.444780826568603516e-02 1.192092895507812500e-07 7.656574249267578125e-03 6.514096260070800781e-02 2.134144306182861328e-03 1.832993626594543457e-01 1.018410921096801758e-02 1.009970903396606445e-02 5.423784255981445312e-03 8.521229028701782227e-02 6.950318813323974609e-03 1.949176788330078125e-01 1.196533441543579102e-02 1.018410921096801758e-02 3.893691301345825195e-02
3.583306074142456055e-02 2.135658264160156250e-02 4.875320196151733398e-02 9.400802850723266602e-02 7.514196634292602539e-02 7.145625352859497070e-02 6.417220830917358398e-02 8.328080177307128906e-02 7.998883724212646484e-02 8.780300617218017578e-02 7.688009738922119141e-02 8.814495801925659180e-02 5.536365509033203125e-02 7.688015699386596680e-02 0.000000000000000000e+00 2.135670185089111328e-02 5.219072103500366211e-02 8.252638578414916992e-02 6.135207414627075195e-02 9.132796525955200195e-02 7.688027620315551758e-02 6.922358274459838867e-02 1.173919439315795898e-02 7.901430130004882812e-02 1.064192056655883789e-01 8.706426620483398438e-02 6.678044795989990234e-02 7.145637273788452148e-02 8.332133293151855469e-03 8.383047580718994141e-02 1.180375218391418457e-01 8.884549140930175781e-02 8.706426620483398438e-02 3.794324398040771484e-02
1.447635889053344727e-02 1.192092895507812500e-07 7.010990381240844727e-02 1.153647303581237793e-01 9.649866819381713867e-02 9.281295537948608398e-02 8.552891016006469727e-02 1.046375036239624023e-01 1.013455390930175781e-01 1.091597080230712891e-01 9.823679924011230469e-02 1.095016598701477051e-01 7.672035694122314453e-02 9.823685884475708008e-02 2.135670185089111328e-02 0.000000000000000000e+00 7.354742288589477539e-02 1.038830876350402832e-01 8.270877599716186523e-02 1.126846671104431152e-01 9.823697805404663086e-02 9.058028459548950195e-02 3.309589624404907227e-02 1.003710031509399414e-01 8.506250381469726562e-02 1.084209680557250977e-01 8.813714981079101562e-02 9.281307458877563477e-02 1.302456855773925781e-02 1.051871776580810547e-01 9.668081998825073242e-02 1.102021932601928711e-01 1.084209680557250977e-01 5.929994583129882812e-02
8.802378177642822266e-02 7.354730367660522461e-02 3.437519073486328125e-03 4.181730747222900391e-02 2.295124530792236328e-02 1.926553249359130859e-02 1.198148727416992188e-02 3.109008073806762695e-02 2.779811620712280273e-02 3.561228513717651367e-02 2.468937635421752930e-02 3.595423698425292969e-02 3.172934055328369141e-03 2.468943595886230469e-02 5.219072103500366211e-02 7.354742288589477539e-02 0.000000000000000000e+00 3.033566474914550781e-02 9.161353111267089844e-03 3.913724422454833984e-02 2.468955516815185547e-02 1.703286170959472656e-02 4.045152664184570312e-02 2.682358026504516602e-02 1.586099267005920410e-01 3.487354516983032227e-02 1.458972692489624023e-02 1.926565170288085938e-02 6.052285432815551758e-02 3.163975477218627930e-02 1.702282428741455078e-01 3.665477037429809570e-02 3.487354516983032227e-02 1.424747705459594727e-02
1.183594465255737305e-01 1.038829684257507324e-01 3.377318382263183594e-02 1.148164272308349609e-02 7.384419441223144531e-03 1.107013225555419922e-02 1.835417747497558594e-02 7.544159889221191406e-04 2.537548542022705078e-03 5.276620388031005859e-03 5.646288394927978516e-03 5.618572235107421875e-03 2.716273069381713867e-02 5.646228790283203125e-03 8.252638578414916992e-02 1.038830876350402832e-01 3.033566474914550781e-02 0.000000000000000000e+00 2.117431163787841797e-02 8.801579475402832031e-03 5.646109580993652344e-03 1.330280303955078125e-02 7.078719139099121094e-02 3.512084484100341797e-03 1.889455914497375488e-01 4.537880420684814453e-03 1.574593782424926758e-02 1.107001304626464844e-02 9.085851907730102539e-02 1.304090023040771484e-03 2.005639076232910156e-01 6.319105625152587891e-03 4.537880420684814453e-03 4.458314180374145508e-02
9.718513488769531250e-02 8.270865678787231445e-02 1.259887218475341797e-02 3.265595436096191406e-02 1.378989219665527344e-02 1.010417938232421875e-02 2.820134162902832031e-03 2.192872762680053711e-02 1.863676309585571289e-02 2.645093202590942383e-02 1.552802324295043945e-02 2.679288387298583984e-02 5.988419055938720703e-03 1.552808284759521484e-02 6.135207414627075195e-02 8.270877599716186523e-02 9.161353111267089844e-03 2.117431163787841797e-02 0.000000000000000000e+00 2.997589111328125000e-02 1.552820205688476562e-02 7.871508598327636719e-03 4.961287975311279297e-02 1.766222715377807617e-02 1.677712798118591309e-01 2.571219205856323242e-02 5.428373813629150391e-03 1.010429859161376953e-02 6.968420743942260742e-02 2.247840166091918945e-02 1.793895959854125977e-01 2.749341726303100586e-02 2.571219205856323242e-02 2.340883016586303711e-02
1.271610260009765625e-01 1.126845479011535645e-01 4.257476329803466797e-02 2.680063247680664062e-03 1.618599891662597656e-02 1.987171173095703125e-02 2.715575695037841797e-02 8.047163486480712891e-03 1.133912801742553711e-02 3.524959087371826172e-03 1.444786787033081055e-02 3.183007240295410156e-03 3.596431016921997070e-02 1.444780826568603516e-02 9.132796525955200195e-02 1.126846671104431152e-01 3.913724422454833984e-02 8.801579475402832031e-03 2.997589111328125000e-02 0.000000000000000000e+00 1.444768905639648438e-02 2.210438251495361328e-02 7.958877086639404297e-02 1.231366395950317383e-02 1.977471709251403809e-01 4.263699054718017578e-03 2.454751729965209961e-02 1.987159252166748047e-02 9.966009855270385742e-02 7.497489452362060547e-03 2.093654870986938477e-01 2.482473850250244141e-03 4.263699054718017578e-03 5.338472127914428711e-02
1.127133369445800781e-01 9.823685884475708008e-02 2.812707424163818359e-02 1.712775230407714844e-02 1.738309860229492188e-03 5.424022674560546875e-03 1.270806789398193359e-02 6.400525569915771484e-03 3.108561038970947266e-03 1.092272996902465820e-02 1.788139343261718750e-07 1.126468181610107422e-02 2.151662111282348633e-02 1.192092895507812500e-07 7.688027620315551758e-02 9.823697805404663086e-02 2.468955516815185547e-02 5.646109580993652344e-03 1.552820205688476562e-02 1.444768905639648438e-02 0.000000000000000000e+00 7.656693458557128906e-03 6.514108180999755859e-02 2.134025096893310547e-03 1.832994818687438965e-01 1.018399000167846680e-02 1.009982824325561523e-02 5.423903465270996094e-03 8.521240949630737305e-02 6.950199604034423828e-03 1.949177980422973633e-01 1.196521520614624023e-02 1.018399000167846680e-02 3.893703222274780273e-02
1.050566434860229492e-01 9.058016538619995117e-02 2.047038078308105469e-02 2.478444576263427734e-02 5.918383598327636719e-03 2.232670783996582031e-03 5.051374435424804688e-03 1.405721902847290039e-02 1.076525449752807617e-02 1.857942342758178711e-02 7.656514644622802734e-03 1.892137527465820312e-02 1.385992765426635742e-02 7.656574249267578125e-03 6.922358274459838867e-02 9.058028459548950195e-02 1.703286170959472656e-02 1.330280303955078125e-02 7.871508598327636719e-03 2.210438251495361328e-02 7.656693458557128906e-03 0.000000000000000000e+00 5.748438835144042969e-02 9.790718555450439453e-03 1.756427884101867676e-01 1.784068346023559570e-02 2.443134784698486328e-03 2.232789993286132812e-03 7.755571603775024414e-02 1.460689306259155273e-02 1.872611045837402344e-01 1.962190866470336914e-02 1.784068346023559570e-02 3.128033876419067383e-02
4.757225513458251953e-02 3.309577703475952148e-02 3.701400756835937500e-02 8.226883411407470703e-02 6.340277194976806641e-02 5.971705913543701172e-02 5.243301391601562500e-02 7.154160737991333008e-02 6.824964284896850586e-02 7.606381177902221680e-02 6.514090299606323242e-02 7.640576362609863281e-02 4.362446069717407227e-02 6.514096260070800781e-02 1.173919439315795898e-02 3.309589624404907227e-02 4.045152664184570312e-02 7.078719139099121094e-02 4.961287975311279297e-02 7.958877086639404297e-02 6.514108180999755859e-02 5.748438835144042969e-02 0.000000000000000000e+00 6.727510690689086914e-02 1.181584000587463379e-01 7.532507181167602539e-02 5.504125356674194336e-02 5.971717834472656250e-02 2.007132768630981445e-02 7.209128141403198242e-02 1.297767162322998047e-01 7.710629701614379883e-02 7.532507181167602539e-02 2.620404958724975586e-02
1.148473620414733887e-01 1.003708839416503906e-01 3.026109933853149414e-02 1.499372720718383789e-02 3.872334957122802734e-03 7.558047771453857422e-03 1.484209299087524414e-02 4.266500473022460938e-03 9.745359420776367188e-04 8.788704872131347656e-03 2.134203910827636719e-03 9.130656719207763672e-03 2.365064620971679688e-02 2.134144306182861328e-03 7.901430130004882812e-02 1.003710031509399414e-01 2.682358026504516602e-02 3.512084484100341797e-03 1.766222715377807617e-02 1.231366395950317383e-02 2.134025096893310547e-03 9.790718555450439453e-03 6.727510690689086914e-02 0.000000000000000000e+00 1.854335069656372070e-01 8.049964904785156250e-03 1.223385334014892578e-02 7.557928562164306641e-03 8.734643459320068359e-02 4.816174507141113281e-03 1.970518231391906738e-01 9.831190109252929688e-03 8.049964904785156250e-03 4.107105731964111328e-02
7.058614492416381836e-02 8.506262302398681641e-02 1.551724076271057129e-01 2.004272341728210449e-01 1.815611720085144043e-01 1.778754591941833496e-01 1.705914139747619629e-01 1.897000074386596680e-01 1.864080429077148438e-01 1.942222118377685547e-01 1.832993030548095703e-01 1.945641636848449707e-01 1.617828607559204102e-01 1.832993626594543457e-01 1.064192056655883789e-01 8.506250381469726562e-02 1.586099267005920410e-01 1.889455914497375488e-01 1.677712798118591309e-01 1.977471709251403809e-01 1.832994818687438965e-01 1.756427884101867676e-01 1.181584000587463379e-01 1.854335069656372070e-01 0.000000000000000000e+00 1.934834718704223633e-01 1.731996536254882812e-01 1.778755784034729004e-01 9.808707237243652344e-02 1.902496814727783203e-01 1.161831617355346680e-02 1.952646970748901367e-01 1.934834718704223633e-01 1.443624496459960938e-01
1.228973269462585449e-01 1.084208488464355469e-01 3.831106424331665039e-02 6.943762302398681641e-03 1.192229986190795898e-02 1.560801267623901367e-02 2.289205789566040039e-02 3.783464431762695312e-03 7.075428962707519531e-03 7.387399673461914062e-04 1.018416881561279297e-02 1.080691814422607422e-03 3.170061111450195312e-02 1.018410921096801758e-02 8.706426620483398438e-02 1.084209680557250977e-01 3.487354516983032227e-02 4.537880420684814453e-03 2.571219205856323242e-02 4.263699054718017578e-03 1.018399000167846680e-02 1.784068346023559570e-02 7.532507181167602539e-02 8.049964904785156250e-03 1.934834718704223633e-01 0.000000000000000000e+00 2.028381824493408203e-02 1.560789346694946289e-02 9.539639949798583984e-02 3.233790397644042969e-03 2.051017880439758301e-01 1.781225204467773438e-03 0.000000000000000000e+00 4.912102222442626953e-02
1.026135087013244629e-01 8.813703060150146484e-02 1.802724599838256836e-02 2.722758054733276367e-02 8.361518383026123047e-03 4.675805568695068359e-03 2.608239650726318359e-03 1.650035381317138672e-02 1.320838928222656250e-02 2.102255821228027344e-02 1.009964942932128906e-02 2.136451005935668945e-02 1.141679286956787109e-02 1.009970903396606445e-02 6.678044795989990234e-02 8.813714981079101562e-02 1.458972692489624023e-02 1.574593782424926758e-02 5.428373813629150391e-03 2.454751729965209961e-02 1.009982824325561523e-02 2.443134784698486328e-03 5.504125356674194336e-02 1.223385334014892578e-02 1.731996536254882812e-01 2.028381824493408203e-02 0.000000000000000000e+00 4.675924777984619141e-03 7.511258125305175781e-02 1.705002784729003906e-02 1.848179697990417480e-01 2.206504344940185547e-02 2.028381824493408203e-02 2.883720397949218750e-02
1.072894334793090820e-01 9.281295537948608398e-02 2.270317077636718750e-02 2.255165576934814453e-02 3.685593605041503906e-03 1.192092895507812500e-07 7.284164428710937500e-03 1.182442903518676758e-02 8.532464504241943359e-03 1.634663343429565430e-02 5.423724651336669922e-03 1.668858528137207031e-02 1.609271764755249023e-02 5.423784255981445312e-03 7.145637273788452148e-02 9.281307458877563477e-02 1.926565170288085938e-02 1.107001304626464844e-02 1.010429859161376953e-02 1.987159252166748047e-02 5.423903465270996094e-03 2.232789993286132812e-03 5.971717834472656250e-02 7.557928562164306641e-03 1.778755784034729004e-01 1.560789346694946289e-02 4.675924777984619141e-03 0.000000000000000000e+00 7.978850603103637695e-02 1.237410306930541992e-02 1.894938945770263672e-01 1.738911867141723633e-02 1.560789346694946289e-02 3.351312875747680664e-02
2.750092744827270508e-02 1.302444934844970703e-02 5.708533525466918945e-02 1.023401618003845215e-01 8.347409963607788086e-02 7.978838682174682617e-02 7.250434160232543945e-02 9.161293506622314453e-02 8.832097053527832031e-02 9.613513946533203125e-02 8.521223068237304688e-02 9.647709131240844727e-02 6.369578838348388672e-02 8.521229028701782227e-02 8.332133293151855469e-03 1.302456855773925781e-02 6.052285432815551758e-02 9.085851907730102539e-02 6.968420743942260742e-02 9.966009855270385742e-02 8.521240949630737305e-02 7.755571603775024414e-02 2.007132768630981445e-02 8.734643459320068359e-02 9.808707237243652344e-02 9.539639949798583984e-02 7.511258125305175781e-02 7.978850603103637695e-02 0.000000000000000000e+00 9.216260910034179688e-02 1.097053885459899902e-01 9.717762470245361328e-02 9.539639949798583984e-02 4.627537727355957031e-02
1.196635365486145020e-01 1.051870584487915039e-01 3.507727384567260742e-02 1.017755270004272461e-02 8.688509464263916016e-03 1.237422227859497070e-02 1.965826749801635742e-02 5.496740341186523438e-04 3.841638565063476562e-03 3.972530364990234375e-03 6.950378417968750000e-03 4.314482212066650391e-03 2.846682071685791016e-02 6.950318813323974609e-03 8.383047580718994141e-02 1.051871776580810547e-01 3.163975477218627930e-02 1.304090023040771484e-03 2.247840166091918945e-02 7.497489452362060547e-03 6.950199604034423828e-03 1.460689306259155273e-02 7.209128141403198242e-02 4.816174507141113281e-03 1.902496814727783203e-01 3.233790397644042969e-03 1.705002784729003906e-02 1.237410306930541992e-02 9.216260910034179688e-02 0.000000000000000000e+00 2.018679976463317871e-01 5.015015602111816406e-03 3.233790397644042969e-03 4.588723182678222656e-02
8.220446109771728516e-02 9.668093919754028320e-02 1.667907238006591797e-01 2.120455503463745117e-01 1.931794881820678711e-01 1.894937753677368164e-01 1.822097301483154297e-01 2.013183236122131348e-01 1.980263590812683105e-01 2.058405280113220215e-01 1.949176192283630371e-01 2.061824798583984375e-01 1.734011769294738770e-01 1.949176788330078125e-01 1.180375218391418457e-01 9.668081998825073242e-02 1.702282428741455078e-01 2.005639076232910156e-01 1.793895959854125977e-01 2.093654870986938477e-01 1.949177980422973633e-01 1.872611045837402344e-01 1.297767162322998047e-01 1.970518231391906738e-01 1.161831617355346680e-02 2.051017880439758301e-01 1.848179697990417480e-01 1.894938945770263672e-01 1.097053885459899902e-01 2.018679976463317871e-01 0.000000000000000000e+00 2.068830132484436035e-01 2.051017880439758301e-01 1.559807658195495605e-01
1.246785521507263184e-01 1.102020740509033203e-01 4.009228944778442383e-02 5.162537097930908203e-03 1.370352506637573242e-02 1.738923788070678711e-02 2.467328310012817383e-02 5.564689636230468750e-03 8.856654167175292969e-03 1.042485237121582031e-03 1.196539402008056641e-02 7.005333900451660156e-04 3.348183631896972656e-02 1.196533441543579102e-02 8.884549140930175781e-02 1.102021932601928711e-01 3.665477037429809570e-02 6.319105625152587891e-03 2.749341726303100586e-02 2.482473850250244141e-03 1.196521520614624023e-02 1.962190866470336914e-02 7.710629701614379883e-02 9.831190109252929688e-03 1.952646970748901367e-01 1.781225204467773438e-03 2.206504344940185547e-02 1.738911867141723633e-02 9.717762470245361328e-02 5.015015602111816406e-03 2.068830132484436035e-01 0.000000000000000000e+00 1.781225204467773438e-03 5.090224742889404297e-02
1.228973269462585449e-01 1.084208488464355469e-01 3.831106424331665039e-02 6.943762302398681641e-03 1.192229986190795898e-02 1.560801267623901367e-02 2.289205789566040039e-02 3.783464431762695312e-03 7.075428962707519531e-03 7.387399673461914062e-04 1.018416881561279297e-02 1.080691814422607422e-03 3.170061111450195312e-02 1.018410921096801758e-02 8.706426620483398438e-02 1.084209680557250977e-01 3.487354516983032227e-02 4.537880420684814453e-03 2.571219205856323242e-02 4.263699054718017578e-03 1.018399000167846680e-02 1.784068346023559570e-02 7.532507181167602539e-02 8.049964904785156250e-03 1.934834718704223633e-01 0.000000000000000000e+00 2.028381824493408203e-02 1.560789346694946289e-02 9.539639949798583984e-02 3.233790397644042969e-03 2.051017880439758301e-01 1.781225204467773438e-03 0.000000000000000000e+00 4.912102222442626953e-02
7.377630472183227539e-02 5.929982662200927734e-02 1.080995798110961914e-02 5.606478452682495117e-02 3.719872236251831055e-02 3.351300954818725586e-02 2.622896432876586914e-02 4.533755779266357422e-02 4.204559326171875000e-02 4.985976219177246094e-02 3.893685340881347656e-02 5.020171403884887695e-02 1.742041110992431641e-02 3.893691301345825195e-02 3.794324398040771484e-02 5.929994583129882812e-02 1.424747705459594727e-02 4.458314180374145508e-02 2.340883016586303711e-02 5.338472127914428711e-02 3.893703222274780273e-02 3.128033876419067383e-02 2.620404958724975586e-02 4.107105731964111328e-02 1.443624496459960938e-01 4.912102222442626953e-02 2.883720397949218750e-02 3.351312875747680664e-02 4.627537727355957031e-02 4.588723182678222656e-02 1.559807658195495605e-01 5.090224742889404297e-02 4.912102222442626953e-02 0.000000000000000000e+00
