0.000000000000000000e+00 1.879269480705261230e-01 1.265286803245544434e-01 2.055532932281494141e-01 1.944430470466613770e-01 1.794825792312622070e-01 1.794824600219726562e-01 1.817613244056701660e-01 1.570432782173156738e-01 2.032932043075561523e-01 2.054804563522338867e-01 2.036520242691040039e-01 1.944431662559509277e-01 1.859679818153381348e-01 1.681578159332275391e-01 7.737523317337036133e-02 1.446719765663146973e-01 2.045996189117431641e-01 1.985737085342407227e-01 2.054804563522338867e-01 1.073856353759765625e-01 1.896390318870544434e-01 8.763307332992553711e-02 1.647767424583435059e-01 2.025194764137268066e-01 1.985735893249511719e-01 1.713113784790039062e-01 1.713113188743591309e-01 1.489717960357666016e-01 1.944430470466613770e-01 2.101482748985290527e-01 2.066632509231567383e-01 2.032933235168457031e-01 1.647768020629882812e-01
1.879269480705261230e-01 0.000000000000000000e+00 6.139826774597167969e-02 1.762634515762329102e-02 6.516098976135253906e-03 8.444368839263916016e-03 8.444488048553466797e-03 6.165623664855957031e-03 3.088366985321044922e-02 1.536625623703002930e-02 1.755350828170776367e-02 1.572507619857788086e-02 6.516218185424804688e-03 1.958966255187988281e-03 1.976913213729858398e-02 1.105517148971557617e-01 4.325497150421142578e-02 1.667267084121704102e-02 1.064676046371459961e-02 1.755350828170776367e-02 8.054131269454956055e-02 1.712083816528320312e-03 1.002938747406005859e-01 2.315020561218261719e-02 1.459252834320068359e-02 1.064664125442504883e-02 1.661556959152221680e-02 1.661562919616699219e-02 3.895515203475952148e-02 6.516098976135253906e-03 2.222132682800292969e-02 1.873630285263061523e-02 1.536637544631958008e-02 2.315014600753784180e-02
1.265286803245544434e-01 6.139826774597167969e-02 0.000000000000000000e+00 7.902461290359497070e-02 6.791436672210693359e-02 5.295389890670776367e-02 5.295377969741821289e-02 5.523264408111572266e-02 3.051459789276123047e-02 7.676452398300170898e-02 7.895177602767944336e-02 7.712334394454956055e-02 6.791448593139648438e-02 5.943930149078369141e-02 4.162913560867309570e-02 4.915344715118408203e-02 1.814329624176025391e-02 7.807093858718872070e-02 7.204502820968627930e-02 7.895177602767944336e-02 1.914304494857788086e-02 6.311035156250000000e-02 3.889560699462890625e-02 3.824806213378906250e-02 7.599079608917236328e-02 7.204490900039672852e-02 4.478269815444946289e-02 4.478263854980468750e-02 2.244311571121215820e-02 6.791436672210693359e-02 8.361959457397460938e-02 8.013457059860229492e-02 7.676464319229125977e-02 3.824812173843383789e-02
2.055532932281494141e-01 1.762634515762329102e-02 7.902461290359497070e-02 0.000000000000000000e+00 1.111024618148803711e-02 2.607071399688720703e-02 2.607083320617675781e-02 2.379196882247924805e-02 4.851001501083374023e-02 2.260088920593261719e-03 7.283687591552734375e-05 1.901268959045410156e-03 1.111012697219848633e-02 1.958531141281127930e-02 3.739547729492187500e-02 1.281780600547790527e-01 6.088131666183471680e-02 9.536743164062500000e-04 6.979584693908691406e-03 7.283687591552734375e-05 9.816765785217285156e-02 1.591426134109497070e-02 1.179202198982238770e-01 4.077655076980590820e-02 3.033816814422607422e-03 6.979703903198242188e-03 3.424191474914550781e-02 3.424197435379028320e-02 5.658149719238281250e-02 1.111024618148803711e-02 4.594981670379638672e-03 1.109957695007324219e-03 2.259969711303710938e-03 4.077649116516113281e-02
1.944430470466613770e-01 6.516098976135253906e-03 6.791436672210693359e-02 1.111024618148803711e-02 0.000000000000000000e+00 1.496046781539916992e-02 1.496058702468872070e-02 1.268172264099121094e-02 3.739976882934570312e-02 8.850157260894775391e-03 1.103740930557250977e-02 9.208977222442626953e-03 1.192092895507812500e-07 8.475065231323242188e-03 2.628523111343383789e-02 1.170678138732910156e-01 4.977107048034667969e-02 1.015657186508178711e-02 4.130661487579345703e-03 1.103740930557250977e-02 8.705741167068481445e-02 4.804015159606933594e-03 1.068099737167358398e-01 2.966630458831787109e-02 8.076429367065429688e-03 4.130542278289794922e-03 2.313166856765747070e-02 2.313172817230224609e-02 4.547125101089477539e-02 0.000000000000000000e+00 1.570522785186767578e-02 1.222020387649536133e-02 8.850276470184326172e-03 2.966624498367309570e-02
1.794825792312622070e-01 8.444368839263916016e-03 5.295389890670776367e-02 2.607071399688720703e-02 1.496046781539916992e-02 0.000000000000000000e+00 1.192092895507812500e-07 2.278745174407958984e-03 2.243930101394653320e-02 2.381062507629394531e-02 2.599787712097167969e-02 2.416944503784179688e-02 1.496058702468872070e-02 6.485402584075927734e-03 1.132476329803466797e-02 1.021073460578918457e-01 3.481060266494750977e-02 2.511703968048095703e-02 1.909112930297851562e-02 2.599787712097167969e-02 7.209694385528564453e-02 1.015645265579223633e-02 9.184950590133666992e-02 1.470583677291870117e-02 2.303689718246459961e-02 1.909101009368896484e-02 8.171200752258300781e-03 8.171260356903076172e-03 3.051078319549560547e-02 1.496046781539916992e-02 3.066569566726684570e-02 2.718067169189453125e-02 2.381074428558349609e-02 1.470577716827392578e-02
1.794824600219726562e-01 8.444488048553466797e-03 5.295377969741821289e-02 2.607083320617675781e-02 1.496058702468872070e-02 1.192092895507812500e-07 0.000000000000000000e+00 2.278864383697509766e-03 2.243918180465698242e-02 2.381074428558349609e-02 2.599799633026123047e-02 2.416956424713134766e-02 1.496070623397827148e-02 6.485521793365478516e-03 1.132464408874511719e-02 1.021072268486022949e-01 3.481048345565795898e-02 2.511715888977050781e-02 1.909124851226806641e-02 2.599799633026123047e-02 7.209682464599609375e-02 1.015657186508178711e-02 9.184938669204711914e-02 1.470571756362915039e-02 2.303701639175415039e-02 1.909112930297851562e-02 8.171081542968750000e-03 8.171141147613525391e-03 3.051066398620605469e-02 1.496058702468872070e-02 3.066581487655639648e-02 2.718079090118408203e-02 2.381086349487304688e-02 1.470565795898437500e-02
1.817613244056701660e-01 6.165623664855957031e-03 5.523264408111572266e-02 2.379196882247924805e-02 1.268172264099121094e-02 2.278745174407958984e-03 2.278864383697509766e-03 0.000000000000000000e+00 2.471804618835449219e-02 2.153187990188598633e-02 2.371913194656372070e-02 2.189069986343383789e-02 1.268184185028076172e-02 4.206657409667968750e-03 1.360350847244262695e-02 1.043860912322998047e-01 3.708934783935546875e-02 2.283829450607299805e-02 1.681238412857055664e-02 2.371913194656372070e-02 7.437568902969360352e-02 7.877707481384277344e-03 9.412825107574462891e-02 1.698458194732666016e-02 2.075815200805664062e-02 1.681226491928100586e-02 1.044994592666625977e-02 1.045000553131103516e-02 3.278952836990356445e-02 1.268172264099121094e-02 2.838695049285888672e-02 2.490192651748657227e-02 2.153199911117553711e-02 1.698452234268188477e-02
1.570432782173156738e-01 3.088366985321044922e-02 3.051459789276123047e-02 4.851001501083374023e-02 3.739976882934570312e-02 2.243930101394653320e-02 2.243918180465698242e-02 2.471804618835449219e-02 0.000000000000000000e+00 4.624992609024047852e-02 4.843717813491821289e-02 4.660874605178833008e-02 3.739988803863525391e-02 2.892470359802246094e-02 1.111453771591186523e-02 7.966804504394531250e-02 1.237130165100097656e-02 4.755634069442749023e-02 4.153043031692504883e-02 4.843717813491821289e-02 4.965764284133911133e-02 3.259575366973876953e-02 6.941020488739013672e-02 7.733464241027832031e-03 4.547619819641113281e-02 4.153031110763549805e-02 1.426810026168823242e-02 1.426804065704345703e-02 8.071482181549072266e-03 3.739976882934570312e-02 5.310499668121337891e-02 4.961997270584106445e-02 4.625004529953002930e-02 7.733523845672607422e-03
2.032932043075561523e-01 1.536625623703002930e-02 7.676452398300170898e-02 2.260088920593261719e-03 8.850157260894775391e-03 2.381062507629394531e-02 2.381074428558349609e-02 2.153187990188598633e-02 4.624992609024047852e-02 0.000000000000000000e+00 2.187252044677734375e-03 3.588199615478515625e-04 8.850038051605224609e-03 1.732522249221801758e-02 3.513538837432861328e-02 1.259179711341857910e-01 5.862122774124145508e-02 1.306414604187011719e-03 4.719495773315429688e-03 2.187252044677734375e-03 9.590756893157958984e-02 1.365417242050170898e-02 1.156601309776306152e-01 3.851646184921264648e-02 7.737278938293457031e-04 4.719614982604980469e-03 3.198182582855224609e-02 3.198188543319702148e-02 5.432140827178955078e-02 8.850157260894775391e-03 6.855070590972900391e-03 3.370046615600585938e-03 1.192092895507812500e-07 3.851640224456787109e-02
2.054804563522338867e-01 1.755350828170776367e-02 7.895177602767944336e-02 7.283687591552734375e-05 1.103740930557250977e-02 2.599787712097167969e-02 2.599799633026123047e-02 2.371913194656372070e-02 4.843717813491821289e-02 2.187252044677734375e-03 0.000000000000000000e+00 1.828432083129882812e-03 1.103729009628295898e-02 1.951247453689575195e-02 3.732264041900634766e-02 1.281052231788635254e-01 6.080847978591918945e-02 8.808374404907226562e-04 6.906747817993164062e-03 0.000000000000000000e+00 9.809482097625732422e-02 1.584142446517944336e-02 1.178473830223083496e-01 4.070371389389038086e-02 2.960979938507080078e-03 6.906867027282714844e-03 3.416907787322998047e-02 3.416913747787475586e-02 5.650866031646728516e-02 1.103740930557250977e-02 4.667818546295166016e-03 1.182794570922851562e-03 2.187132835388183594e-03 4.070365428924560547e-02
2.036520242691040039e-01 1.572507619857788086e-02 7.712334394454956055e-02 1.901268959045410156e-03 9.208977222442626953e-03 2.416944503784179688e-02 2.416956424713134766e-02 2.189069986343383789e-02 4.660874605178833008e-02 3.588199615478515625e-04 1.828432083129882812e-03 0.000000000000000000e+00 9.208858013153076172e-03 1.768404245376586914e-02 3.549420833587646484e-02 1.262767910957336426e-01 5.898004770278930664e-02 9.475946426391601562e-04 5.078315734863281250e-03 1.828432083129882812e-03 9.626638889312744141e-02 1.401299238204956055e-02 1.160189509391784668e-01 3.887528181076049805e-02 1.132547855377197266e-03 5.078434944152832031e-03 3.234064579010009766e-02 3.234070539474487305e-02 5.468022823333740234e-02 9.208977222442626953e-03 6.496250629425048828e-03 3.011226654052734375e-03 3.587007522583007812e-04 3.887522220611572266e-02
1.944431662559509277e-01 6.516218185424804688e-03 6.791448593139648438e-02 1.111012697219848633e-02 1.192092895507812500e-07 1.496058702468872070e-02 1.496070623397827148e-02 1.268184185028076172e-02 3.739988803863525391e-02 8.850038051605224609e-03 1.103729009628295898e-02 9.208858013153076172e-03 0.000000000000000000e+00 8.475184440612792969e-03 2.628535032272338867e-02 1.170679330825805664e-01 4.977118968963623047e-02 1.015645265579223633e-02 4.130542278289794922e-03 1.103729009628295898e-02 8.705753087997436523e-02 4.804134368896484375e-03 1.068100929260253906e-01 2.966642379760742188e-02 8.076310157775878906e-03 4.130423069000244141e-03 2.313178777694702148e-02 2.313184738159179688e-02 4.547137022018432617e-02 1.192092895507812500e-07 1.570510864257812500e-02 1.222008466720581055e-02 8.850157260894775391e-03 2.966636419296264648e-02
1.859679818153381348e-01 1.958966255187988281e-03 5.943930149078369141e-02 1.958531141281127930e-02 8.475065231323242188e-03 6.485402584075927734e-03 6.485521793365478516e-03 4.206657409667968750e-03 2.892470359802246094e-02 1.732522249221801758e-02 1.951247453689575195e-02 1.768404245376586914e-02 8.475184440612792969e-03 0.000000000000000000e+00 1.781016588211059570e-02 1.085927486419677734e-01 4.129600524902343750e-02 1.863163709640502930e-02 1.260572671890258789e-02 1.951247453689575195e-02 7.858234643936157227e-02 3.671050071716308594e-03 9.833490848541259766e-02 2.119123935699462891e-02 1.655149459838867188e-02 1.260560750961303711e-02 1.465660333633422852e-02 1.465666294097900391e-02 3.699618577957153320e-02 8.475065231323242188e-03 2.418029308319091797e-02 2.069526910781860352e-02 1.732534170150756836e-02 2.119117975234985352e-02
1.681578159332275391e-01 1.976913213729858398e-02 4.162913560867309570e-02 3.739547729492187500e-02 2.628523111343383789e-02 1.132476329803466797e-02 1.132464408874511719e-02 1.360350847244262695e-02 1.111453771591186523e-02 3.513538837432861328e-02 3.732264041900634766e-02 3.549420833587646484e-02 2.628535032272338867e-02 1.781016588211059570e-02 0.000000000000000000e+00 9.078258275985717773e-02 2.348583936691284180e-02 3.644180297851562500e-02 3.041589260101318359e-02 3.732264041900634766e-02 6.077218055725097656e-02 2.148121595382690430e-02 8.052474260330200195e-02 3.381073474884033203e-03 3.436166048049926758e-02 3.041577339172363281e-02 3.153562545776367188e-03 3.153502941131591797e-03 1.918601989746093750e-02 2.628523111343383789e-02 4.199045896530151367e-02 3.850543498992919922e-02 3.513550758361816406e-02 3.381013870239257812e-03
7.737523317337036133e-02 1.105517148971557617e-01 4.915344715118408203e-02 1.281780600547790527e-01 1.170678138732910156e-01 1.021073460578918457e-01 1.021072268486022949e-01 1.043860912322998047e-01 7.966804504394531250e-02 1.259179711341857910e-01 1.281052231788635254e-01 1.262767910957336426e-01 1.170679330825805664e-01 1.085927486419677734e-01 9.078258275985717773e-02 0.000000000000000000e+00 6.729674339294433594e-02 1.272243857383728027e-01 1.211984753608703613e-01 1.281052231788635254e-01 3.001040220260620117e-02 1.122637987136840820e-01 1.025784015655517578e-02 8.740150928497314453e-02 1.251442432403564453e-01 1.211983561515808105e-01 9.393614530563354492e-02 9.393608570098876953e-02 7.159656286239624023e-02 1.170678138732910156e-01 1.327730417251586914e-01 1.292880177497863770e-01 1.259180903434753418e-01 8.740156888961791992e-02
1.446719765663146973e-01 4.325497150421142578e-02 1.814329624176025391e-02 6.088131666183471680e-02 4.977107048034667969e-02 3.481060266494750977e-02 3.481048345565795898e-02 3.708934783935546875e-02 1.237130165100097656e-02 5.862122774124145508e-02 6.080847978591918945e-02 5.898004770278930664e-02 4.977118968963623047e-02 4.129600524902343750e-02 2.348583936691284180e-02 6.729674339294433594e-02 0.000000000000000000e+00 5.992764234542846680e-02 5.390173196792602539e-02 6.080847978591918945e-02 3.728634119033813477e-02 4.496705532073974609e-02 5.703890323638916016e-02 2.010476589202880859e-02 5.784749984741210938e-02 5.390161275863647461e-02 2.663940191268920898e-02 2.663934230804443359e-02 4.299819469451904297e-03 4.977107048034667969e-02 6.547629833221435547e-02 6.199127435684204102e-02 5.862134695053100586e-02 2.010482549667358398e-02
2.045996189117431641e-01 1.667267084121704102e-02 7.807093858718872070e-02 9.536743164062500000e-04 1.015657186508178711e-02 2.511703968048095703e-02 2.511715888977050781e-02 2.283829450607299805e-02 4.755634069442749023e-02 1.306414604187011719e-03 8.808374404907226562e-04 9.475946426391601562e-04 1.015645265579223633e-02 1.863163709640502930e-02 3.644180297851562500e-02 1.272243857383728027e-01 5.992764234542846680e-02 0.000000000000000000e+00 6.025910377502441406e-03 8.808374404907226562e-04 9.721398353576660156e-02 1.496058702468872070e-02 1.169665455818176270e-01 3.982287645339965820e-02 2.080142498016357422e-03 6.026029586791992188e-03 3.328824043273925781e-02 3.328830003738403320e-02 5.562782287597656250e-02 1.015657186508178711e-02 5.548655986785888672e-03 2.063632011413574219e-03 1.306295394897460938e-03 3.982281684875488281e-02
1.985737085342407227e-01 1.064676046371459961e-02 7.204502820968627930e-02 6.979584693908691406e-03 4.130661487579345703e-03 1.909112930297851562e-02 1.909124851226806641e-02 1.681238412857055664e-02 4.153043031692504883e-02 4.719495773315429688e-03 6.906747817993164062e-03 5.078315734863281250e-03 4.130542278289794922e-03 1.260572671890258789e-02 3.041589260101318359e-02 1.211984753608703613e-01 5.390173196792602539e-02 6.025910377502441406e-03 0.000000000000000000e+00 6.906747817993164062e-03 9.118807315826416016e-02 8.934676647186279297e-03 1.109406352043151855e-01 3.379696607589721680e-02 3.945767879486083984e-03 1.192092895507812500e-07 2.726233005523681641e-02 2.726238965988159180e-02 4.960191249847412109e-02 4.130661487579345703e-03 1.157456636428833008e-02 8.089542388916015625e-03 4.719614982604980469e-03 3.379690647125244141e-02
2.054804563522338867e-01 1.755350828170776367e-02 7.895177602767944336e-02 7.283687591552734375e-05 1.103740930557250977e-02 2.599787712097167969e-02 2.599799633026123047e-02 2.371913194656372070e-02 4.843717813491821289e-02 2.187252044677734375e-03 0.000000000000000000e+00 1.828432083129882812e-03 1.103729009628295898e-02 1.951247453689575195e-02 3.732264041900634766e-02 1.281052231788635254e-01 6.080847978591918945e-02 8.808374404907226562e-04 6.906747817993164062e-03 0.000000000000000000e+00 9.809482097625732422e-02 1.584142446517944336e-02 1.178473830223083496e-01 4.070371389389038086e-02 2.960979938507080078e-03 6.906867027282714844e-03 3.416907787322998047e-02 3.416913747787475586e-02 5.650866031646728516e-02 1.103740930557250977e-02 4.667818546295166016e-03 1.182794570922851562e-03 2.187132835388183594e-03 4.070365428924560547e-02
1.073856353759765625e-01 8.054131269454956055e-02 1.914304494857788086e-02 9.816765785217285156e-02 8.705741167068481445e-02 7.209694385528564453e-02 7.209682464599609375e-02 7.437568902969360352e-02 4.965764284133911133e-02 9.590756893157958984e-02 9.809482097625732422e-02 9.626638889312744141e-02 8.705753087997436523e-02 7.858234643936157227e-02 6.077218055725097656e-02 3.001040220260620117e-02 3.728634119033813477e-02 9.721398353576660156e-02 9.118807315826416016e-02 9.809482097625732422e-02 0.000000000000000000e+00 8.225339651107788086e-02 1.975256204605102539e-02 5.739110708236694336e-02 9.513384103775024414e-02 9.118795394897460938e-02 6.392574310302734375e-02 6.392568349838256836e-02 4.158616065979003906e-02 8.705741167068481445e-02 1.027626395225524902e-01 9.927761554718017578e-02 9.590768814086914062e-02 5.739116668701171875e-02
1.896390318870544434e-01 1.712083816528320312e-03 6.311035156250000000e-02 1.591426134109497070e-02 4.804015159606933594e-03 1.015645265579223633e-02 1.015657186508178711e-02 7.877707481384277344e-03 3.259575366973876953e-02 1.365417242050170898e-02 1.584142446517944336e-02 1.401299238204956055e-02 4.804134368896484375e-03 3.671050071716308594e-03 2.148121595382690430e-02 1.122637987136840820e-01 4.496705532073974609e-02 1.496058702468872070e-02 8.934676647186279297e-03 1.584142446517944336e-02 8.225339651107788086e-02 0.000000000000000000e+00 1.020059585571289062e-01 2.486228942871093750e-02 1.288044452667236328e-02 8.934557437896728516e-03 1.832765340805053711e-02 1.832771301269531250e-02 4.066723585128784180e-02 4.804015159606933594e-03 2.050924301147460938e-02 1.702421903610229492e-02 1.365429162979125977e-02 2.486222982406616211e-02
8.763307332992553711e-02 1.002938747406005859e-01 3.889560699462890625e-02 1.179202198982238770e-01 1.068099737167358398e-01 9.184950590133666992e-02 9.184938669204711914e-02 9.412825107574462891e-02 6.941020488739013672e-02 1.156601309776306152e-01 1.178473830223083496e-01 1.160189509391784668e-01 1.068100929260253906e-01 9.833490848541259766e-02 8.052474260330200195e-02 1.025784015655517578e-02 5.703890323638916016e-02 1.169665455818176270e-01 1.109406352043151855e-01 1.178473830223083496e-01 1.975256204605102539e-02 1.020059585571289062e-01 0.000000000000000000e+00 7.714366912841796875e-02 1.148864030838012695e-01 1.109405159950256348e-01 8.367830514907836914e-02 8.367824554443359375e-02 6.133872270584106445e-02 1.068099737167358398e-01 1.225152015686035156e-01 1.190301775932312012e-01 1.156602501869201660e-01 7.714372873306274414e-02
1.647767424583435059e-01 2.315020561218261719e-02 3.824806213378906250e-02 4.077655076980590820e-02 2.966630458831787109e-02 1.470583677291870117e-02 1.470571756362915039e-02 1.698458194732666016e-02 7.733464241027832031e-03 3.851646184921264648e-02 4.070371389389038086e-02 3.887528181076049805e-02 2.966642379760742188e-02 2.119123935699462891e-02 3.381073474884033203e-03 8.740150928497314453e-02 2.010476589202880859e-02 3.982287645339965820e-02 3.379696607589721680e-02 4.070371389389038086e-02 5.739110708236694336e-02 2.486228942871093750e-02 7.714366912841796875e-02 0.000000000000000000e+00 3.774273395538330078e-02 3.379684686660766602e-02 6.534636020660400391e-03 6.534576416015625000e-03 1.580494642257690430e-02 2.966630458831787109e-02 4.537153244018554688e-02 4.188650846481323242e-02 3.851658105850219727e-02 5.960464477539062500e-08
2.025194764137268066e-01 1.459252834320068359e-02 7.599079608917236328e-02 3.033816814422607422e-03 8.076429367065429688e-03 2.303689718246459961e-02 2.303701639175415039e-02 2.075815200805664062e-02 4.547619819641113281e-02 7.737278938293457031e-04 2.960979938507080078e-03 1.132547855377197266e-03 8.076310157775878906e-03 1.655149459838867188e-02 3.436166048049926758e-02 1.251442432403564453e-01 5.784749984741210938e-02 2.080142498016357422e-03 3.945767879486083984e-03 2.960979938507080078e-03 9.513384103775024414e-02 1.288044452667236328e-02 1.148864030838012695e-01 3.774273395538330078e-02 0.000000000000000000e+00 3.945887088775634766e-03 3.120809793472290039e-02 3.120815753936767578e-02 5.354768037796020508e-02 8.076429367065429688e-03 7.628798484802246094e-03 4.143774509429931641e-03 7.738471031188964844e-04 3.774267435073852539e-02
1.985735893249511719e-01 1.064664125442504883e-02 7.204490900039672852e-02 6.979703903198242188e-03 4.130542278289794922e-03 1.909101009368896484e-02 1.909112930297851562e-02 1.681226491928100586e-02 4.153031110763549805e-02 4.719614982604980469e-03 6.906867027282714844e-03 5.078434944152832031e-03 4.130423069000244141e-03 1.260560750961303711e-02 3.041577339172363281e-02 1.211983561515808105e-01 5.390161275863647461e-02 6.026029586791992188e-03 1.192092895507812500e-07 6.906867027282714844e-03 9.118795394897460938e-02 8.934557437896728516e-03 1.109405159950256348e-01 3.379684686660766602e-02 3.945887088775634766e-03 0.000000000000000000e+00 2.726221084594726562e-02 2.726227045059204102e-02 4.960179328918457031e-02 4.130542278289794922e-03 1.157468557357788086e-02 8.089661598205566406e-03 4.719734191894531250e-03 3.379678726196289062e-02
1.713113784790039062e-01 1.661556959152221680e-02 4.478269815444946289e-02 3.424191474914550781e-02 2.313166856765747070e-02 8.171200752258300781e-03 8.171081542968750000e-03 1.044994592666625977e-02 1.426810026168823242e-02 3.198182582855224609e-02 3.416907787322998047e-02 3.234064579010009766e-02 2.313178777694702148e-02 1.465660333633422852e-02 3.153562545776367188e-03 9.393614530563354492e-02 2.663940191268920898e-02 3.328824043273925781e-02 2.726233005523681641e-02 3.416907787322998047e-02 6.392574310302734375e-02 1.832765340805053711e-02 8.367830514907836914e-02 6.534636020660400391e-03 3.120809793472290039e-02 2.726221084594726562e-02 0.000000000000000000e+00 5.960464477539062500e-08 2.233958244323730469e-02 2.313166856765747070e-02 3.883689641952514648e-02 3.535187244415283203e-02 3.198194503784179688e-02 6.534576416015625000e-03
1.713113188743591309e-01 1.661562919616699219e-02 4.478263854980468750e-02 3.424197435379028320e-02 2.313172817230224609e-02 8.171260356903076172e-03 8.171141147613525391e-03 1.045000553131103516e-02 1.426804065704345703e-02 3.198188543319702148e-02 3.416913747787475586e-02 3.234070539474487305e-02 2.313184738159179688e-02 1.465666294097900391e-02 3.153502941131591797e-03 9.393608570098876953e-02 2.663934230804443359e-02 3.328830003738403320e-02 2.726238965988159180e-02 3.416913747787475586e-02 6.392568349838256836e-02 1.832771301269531250e-02 8.367824554443359375e-02 6.534576416015625000e-03 3.120815753936767578e-02 2.726227045059204102e-02 5.960464477539062500e-08 0.000000000000000000e+00 2.233952283859252930e-02 2.313172817230224609e-02 3.883695602416992188e-02 3.535193204879760742e-02 3.198200464248657227e-02 6.534516811370849609e-03
1.489717960357666016e-01 3.895515203475952148e-02 2.244311571121215820e-02 5.658149719238281250e-02 4.547125101089477539e-02 3.051078319549560547e-02 3.051066398620605469e-02 3.278952836990356445e-02 8.071482181549072266e-03 5.432140827178955078e-02 5.650866031646728516e-02 5.468022823333740234e-02 4.547137022018432617e-02 3.699618577957153320e-02 1.918601989746093750e-02 7.159656286239624023e-02 4.299819469451904297e-03 5.562782287597656250e-02 4.960191249847412109e-02 5.650866031646728516e-02 4.158616065979003906e-02 4.066723585128784180e-02 6.133872270584106445e-02 1.580494642257690430e-02 5.354768037796020508e-02 4.960179328918457031e-02 2.233958244323730469e-02 2.233952283859252930e-02 0.000000000000000000e+00 4.547125101089477539e-02 6.117647886276245117e-02 5.769145488739013672e-02 5.432152748107910156e-02 1.580500602722167969e-02
1.944430470466613770e-01 6.516098976135253906e-03 6.791436672210693359e-02 1.111024618148803711e-02 0.000000000000000000e+00 1.496046781539916992e-02 1.496058702468872070e-02 1.268172264099121094e-02 3.739976882934570312e-02 8.850157260894775391e-03 1.103740930557250977e-02 9.208977222442626953e-03 1.192092895507812500e-07 8.475065231323242188e-03 2.628523111343383789e-02 1.170678138732910156e-01 4.977107048034667969e-02 1.015657186508178711e-02 4.130661487579345703e-03 1.103740930557250977e-02 8.705741167068481445e-02 4.804015159606933594e-03 1.068099737167358398e-01 2.966630458831787109e-02 8.076429367065429688e-03 4.130542278289794922e-03 2.313166856765747070e-02 2.313172817230224609e-02 4.547125101089477539e-02 0.000000000000000000e+00 1.570522785186767578e-02 1.222020387649536133e-02 8.850276470184326172e-03 2.966624498367309570e-02
2.101482748985290527e-01 2.222132682800292969e-02 8.361959457397460938e-02 4.594981670379638672e-03 1.570522785186767578e-02 3.066569566726684570e-02 3.066581487655639648e-02 2.838695049285888672e-02 5.310499668121337891e-02 6.855070590972900391e-03 4.667818546295166016e-03 6.496250629425048828e-03 1.570510864257812500e-02 2.418029308319091797e-02 4.199045896530151367e-02 1.327730417251586914e-01 6.547629833221435547e-02 5.548655986785888672e-03 1.157456636428833008e-02 4.667818546295166016e-03 1.027626395225524902e-01 2.050924301147460938e-02 1.225152015686035156e-01 4.537153244018554688e-02 7.628798484802246094e-03 1.157468557357788086e-02 3.883689641952514648e-02 3.883695602416992188e-02 6.117647886276245117e-02 1.570522785186767578e-02 0.000000000000000000e+00 3.485023975372314453e-03 6.854951381683349609e-03 4.537147283554077148e-02
2.066632509231567383e-01 1.873630285263061523e-02 8.013457059860229492e-02 1.109957695007324219e-03 1.222020387649536133e-02 2.718067169189453125e-02 2.718079090118408203e-02 2.490192651748657227e-02 4.961997270584106445e-02 3.370046615600585938e-03 1.182794570922851562e-03 3.011226654052734375e-03 1.222008466720581055e-02 2.069526910781860352e-02 3.850543498992919922e-02 1.292880177497863770e-01 6.199127435684204102e-02 2.063632011413574219e-03 8.089542388916015625e-03 1.182794570922851562e-03 9.927761554718017578e-02 1.702421903610229492e-02 1.190301775932312012e-01 4.188650846481323242e-02 4.143774509429931641e-03 8.089661598205566406e-03 3.535187244415283203e-02 3.535193204879760742e-02 5.769145488739013672e-02 1.222020387649536133e-02 3.485023975372314453e-03 0.000000000000000000e+00 3.369927406311035156e-03 4.188644886016845703e-02
2.032933235168457031e-01 1.536637544631958008e-02 7.676464319229125977e-02 2.259969711303710938e-03 8.850276470184326172e-03 2.381074428558349609e-02 2.381086349487304688e-02 2.153199911117553711e-02 4.625004529953002930e-02 1.192092895507812500e-07 2.187132835388183594e-03 3.587007522583007812e-04 8.850157260894775391e-03 1.732534170150756836e-02 3.513550758361816406e-02 1.259180903434753418e-01 5.862134695053100586e-02 1.306295394897460938e-03 4.719614982604980469e-03 2.187132835388183594e-03 9.590768814086914062e-02 1.365429162979125977e-02 1.156602501869201660e-01 3.851658105850219727e-02 7.738471031188964844e-04 4.719734191894531250e-03 3.198194503784179688e-02 3.198200464248657227e-02 5.432152748107910156e-02 8.850276470184326172e-03 6.854951381683349609e-03 3.369927406311035156e-03 0.000000000000000000e+00 3.851652145385742188e-02
1.647768020629882812e-01 2.315014600753784180e-02 3.824812173843383789e-02 4.077649116516113281e-02 2.966624498367309570e-02 1.470577716827392578e-02 1.470565795898437500e-02 1.698452234268188477e-02 7.733523845672607422e-03 3.851640224456787109e-02 4.070365428924560547e-02 3.887522220611572266e-02 2.966636419296264648e-02 2.119117975234985352e-02 3.381013870239257812e-03 8.740156888961791992e-02 2.010482549667358398e-02 3.982281684875488281e-02 3.379690647125244141e-02 4.070365428924560547e-02 5.739116668701171875e-02 2.486222982406616211e-02 7.714372873306274414e-02 5.960464477539062500e-08 3.774267435073852539e-02 3.379678726196289062e-02 6.534576416015625000e-03 6.534516811370849609e-03 1.580500602722167969e-02 2.966624498367309570e-02 4.537147283554077148e-02 4.188644886016845703e-02 3.851652145385742188e-02 0.000000000000000000e+00
