0.000000000000000000e+00 4.185384511947631836e-02 8.850413560867309570e-02 1.154875159263610840e-01 1.093676686286926270e-01 9.423822164535522461e-02 9.423828125000000000e-02 1.130695343017578125e-01 8.850401639938354492e-02 1.137443780899047852e-01 1.101464629173278809e-01 1.126840710639953613e-01 1.135841012001037598e-01 9.423822164535522461e-02 7.032626867294311523e-02 7.767397165298461914e-02 7.368892431259155273e-02 1.141133904457092285e-01 1.107103228569030762e-01 1.059865951538085938e-01 8.138376474380493164e-02 9.423810243606567383e-02 5.682158470153808594e-02 8.850413560867309570e-02 1.137391924858093262e-01 1.141133904457092285e-01 1.047478318214416504e-01 1.047479510307312012e-01 5.682164430618286133e-02 1.013633608818054199e-01 1.578390002250671387e-01 1.093676686286926270e-01 9.606140851974487305e-02 6.120169162750244141e-02
4.185384511947631836e-02 0.000000000000000000e+00 4.665029048919677734e-02 7.363367080688476562e-02 6.751382350921630859e-02 5.238437652587890625e-02 5.238443613052368164e-02 7.121568918228149414e-02 4.665017127990722656e-02 7.189053297042846680e-02 6.829261779785156250e-02 7.083022594451904297e-02 7.173025608062744141e-02 5.238437652587890625e-02 1.121801137924194336e-01 3.582012653350830078e-02 3.183507919311523438e-02 7.225954532623291016e-02 6.885647773742675781e-02 6.413275003433227539e-02 3.952991962432861328e-02 5.238425731658935547e-02 1.496773958206176758e-02 4.665029048919677734e-02 7.188534736633300781e-02 7.225954532623291016e-02 6.289398670196533203e-02 6.289410591125488281e-02 1.496779918670654297e-02 5.950951576232910156e-02 1.159851551055908203e-01 6.751382350921630859e-02 5.420756340026855469e-02 1.934784650802612305e-02
8.850413560867309570e-02 4.665029048919677734e-02 0.000000000000000000e+00 2.698338031768798828e-02 2.086353302001953125e-02 5.734086036682128906e-03 5.734145641326904297e-03 2.456539869308471680e-02 1.192092895507812500e-07 2.524024248123168945e-02 2.164232730865478516e-02 2.417993545532226562e-02 2.507996559143066406e-02 5.734086036682128906e-03 1.588304042816162109e-01 1.083016395568847656e-02 1.481521129608154297e-02 2.560925483703613281e-02 2.220618724822998047e-02 1.748245954513549805e-02 7.120370864868164062e-03 5.733966827392578125e-03 3.168255090713500977e-02 0.000000000000000000e+00 2.523505687713623047e-02 2.560925483703613281e-02 1.624369621276855469e-02 1.624381542205810547e-02 3.168249130249023438e-02 1.285922527313232422e-02 6.933486461639404297e-02 2.086353302001953125e-02 7.557272911071777344e-03 2.730244398117065430e-02
1.154875159263610840e-01 7.363367080688476562e-02 2.698338031768798828e-02 0.000000000000000000e+00 6.119847297668457031e-03 2.124929428100585938e-02 2.124923467636108398e-02 2.417981624603271484e-03 2.698349952697753906e-02 1.743137836456298828e-03 5.341053009033203125e-03 2.803444862365722656e-03 1.903414726257324219e-03 2.124929428100585938e-02 1.858137845993041992e-01 3.781354427337646484e-02 4.179859161376953125e-02 1.374125480651855469e-03 4.777193069458007812e-03 9.500920772552490234e-03 3.410375118255615234e-02 2.124941349029541016e-02 5.866593122482299805e-02 2.698338031768798828e-02 1.748323440551757812e-03 1.374125480651855469e-03 1.073968410491943359e-02 1.073956489562988281e-02 5.866587162017822266e-02 1.412415504455566406e-02 4.235148429870605469e-02 6.119847297668457031e-03 1.942610740661621094e-02 5.428582429885864258e-02
1.093676686286926270e-01 6.751382350921630859e-02 2.086353302001953125e-02 6.119847297668457031e-03 0.000000000000000000e+00 1.512944698333740234e-02 1.512938737869262695e-02 3.701865673065185547e-03 2.086365222930908203e-02 4.376709461212158203e-03 7.787942886352539062e-04 3.316402435302734375e-03 4.216432571411132812e-03 1.512944698333740234e-02 1.796939373016357422e-01 3.169369697570800781e-02 3.567874431610107422e-02 4.745721817016601562e-03 1.342654228210449219e-03 3.381073474884033203e-03 2.798390388488769531e-02 1.512956619262695312e-02 5.254608392715454102e-02 2.086353302001953125e-02 4.371523857116699219e-03 4.745721817016601562e-03 4.619836807250976562e-03 4.619717597961425781e-03 5.254602432250976562e-02 8.004307746887207031e-03 4.847133159637451172e-02 0.000000000000000000e+00 1.330626010894775391e-02 4.816597700119018555e-02
9.423822164535522461e-02 5.238437652587890625e-02 5.734086036682128906e-03 2.124929428100585938e-02 1.512944698333740234e-02 0.000000000000000000e+00 5.960464477539062500e-08 1.883131265640258789e-02 5.734205245971679688e-03 1.950615644454956055e-02 1.590824127197265625e-02 1.844584941864013672e-02 1.934587955474853516e-02 0.000000000000000000e+00 1.645644903182983398e-01 1.656424999237060547e-02 2.054929733276367188e-02 1.987516880035400391e-02 1.647210121154785156e-02 1.174837350845336914e-02 1.285445690155029297e-02 1.192092895507812500e-07 3.741663694381713867e-02 5.734086036682128906e-03 1.950097084045410156e-02 1.987516880035400391e-02 1.050961017608642578e-02 1.050972938537597656e-02 3.741657733917236328e-02 7.125139236450195312e-03 6.360077857971191406e-02 1.512944698333740234e-02 1.823186874389648438e-03 3.303653001785278320e-02
9.423828125000000000e-02 5.238443613052368164e-02 5.734145641326904297e-03 2.124923467636108398e-02 1.512938737869262695e-02 5.960464477539062500e-08 0.000000000000000000e+00 1.883125305175781250e-02 5.734264850616455078e-03 1.950609683990478516e-02 1.590818166732788086e-02 1.844578981399536133e-02 1.934581995010375977e-02 5.960464477539062500e-08 1.645645499229431152e-01 1.656430959701538086e-02 2.054935693740844727e-02 1.987510919570922852e-02 1.647204160690307617e-02 1.174831390380859375e-02 1.285451650619506836e-02 1.788139343261718750e-07 3.741669654846191406e-02 5.734145641326904297e-03 1.950091123580932617e-02 1.987510919570922852e-02 1.050955057144165039e-02 1.050966978073120117e-02 3.741663694381713867e-02 7.125079631805419922e-03 6.360071897506713867e-02 1.512938737869262695e-02 1.823127269744873047e-03 3.303658962249755859e-02
1.130695343017578125e-01 7.121568918228149414e-02 2.456539869308471680e-02 2.417981624603271484e-03 3.701865673065185547e-03 1.883131265640258789e-02 1.883125305175781250e-02 0.000000000000000000e+00 2.456551790237426758e-02 6.748437881469726562e-04 2.923071384429931641e-03 3.854632377624511719e-04 5.145668983459472656e-04 1.883131265640258789e-02 1.833958029747009277e-01 3.539556264877319336e-02 3.938060998916625977e-02 1.043856143951416016e-03 2.359211444854736328e-03 7.082939147949218750e-03 3.168576955795288086e-02 1.883143186569213867e-02 5.624794960021972656e-02 2.456539869308471680e-02 6.696581840515136719e-04 1.043856143951416016e-03 8.321702480316162109e-03 8.321583271026611328e-03 5.624788999557495117e-02 1.170617341995239258e-02 4.476946592330932617e-02 3.701865673065185547e-03 1.700812578201293945e-02 5.186784267425537109e-02
8.850401639938354492e-02 4.665017127990722656e-02 1.192092895507812500e-07 2.698349952697753906e-02 2.086365222930908203e-02 5.734205245971679688e-03 5.734264850616455078e-03 2.456551790237426758e-02 0.000000000000000000e+00 2.524036169052124023e-02 2.164244651794433594e-02 2.418005466461181641e-02 2.508008480072021484e-02 5.734205245971679688e-03 1.588302850723266602e-01 1.083004474639892578e-02 1.481509208679199219e-02 2.560937404632568359e-02 2.220630645751953125e-02 1.748257875442504883e-02 7.120251655578613281e-03 5.734086036682128906e-03 3.168243169784545898e-02 1.192092895507812500e-07 2.523517608642578125e-02 2.560937404632568359e-02 1.624381542205810547e-02 1.624393463134765625e-02 3.168237209320068359e-02 1.285934448242187500e-02 6.933498382568359375e-02 2.086365222930908203e-02 7.557392120361328125e-03 2.730232477188110352e-02
1.137443780899047852e-01 7.189053297042846680e-02 2.524024248123168945e-02 1.743137836456298828e-03 4.376709461212158203e-03 1.950615644454956055e-02 1.950609683990478516e-02 6.748437881469726562e-04 2.524036169052124023e-02 0.000000000000000000e+00 3.597915172576904297e-03 1.060307025909423828e-03 1.602768898010253906e-04 1.950615644454956055e-02 1.840706467628479004e-01 3.607040643692016602e-02 4.005545377731323242e-02 3.690123558044433594e-04 3.034055233001708984e-03 7.757782936096191406e-03 3.236061334609985352e-02 1.950627565383911133e-02 5.692279338836669922e-02 2.524024248123168945e-02 5.185604095458984375e-06 3.690123558044433594e-04 8.996546268463134766e-03 8.996427059173583984e-03 5.692273378372192383e-02 1.238101720809936523e-02 4.409462213516235352e-02 4.376709461212158203e-03 1.768296957015991211e-02 5.254268646240234375e-02
1.101464629173278809e-01 6.829261779785156250e-02 2.164232730865478516e-02 5.341053009033203125e-03 7.787942886352539062e-04 1.590824127197265625e-02 1.590818166732788086e-02 2.923071384429931641e-03 2.164244651794433594e-02 3.597915172576904297e-03 0.000000000000000000e+00 2.537608146667480469e-03 3.437638282775878906e-03 1.590824127197265625e-02 1.804727315902709961e-01 3.247249126434326172e-02 3.645753860473632812e-02 3.966927528381347656e-03 5.638599395751953125e-04 4.159867763519287109e-03 2.876269817352294922e-02 1.590836048126220703e-02 5.332487821578979492e-02 2.164232730865478516e-02 3.592729568481445312e-03 3.966927528381347656e-03 5.398631095886230469e-03 5.398511886596679688e-03 5.332481861114501953e-02 8.783102035522460938e-03 4.769253730773925781e-02 7.787942886352539062e-04 1.408505439758300781e-02 4.894477128982543945e-02
1.126840710639953613e-01 7.083022594451904297e-02 2.417993545532226562e-02 2.803444862365722656e-03 3.316402435302734375e-03 1.844584941864013672e-02 1.844578981399536133e-02 3.854632377624511719e-04 2.418005466461181641e-02 1.060307025909423828e-03 2.537608146667480469e-03 0.000000000000000000e+00 9.000301361083984375e-04 1.844584941864013672e-02 1.830103397369384766e-01 3.501009941101074219e-02 3.899514675140380859e-02 1.429319381713867188e-03 1.973748207092285156e-03 6.697475910186767578e-03 3.130030632019042969e-02 1.844596862792968750e-02 5.586248636245727539e-02 2.417993545532226562e-02 1.055121421813964844e-03 1.429319381713867188e-03 7.936239242553710938e-03 7.936120033264160156e-03 5.586242675781250000e-02 1.132071018218994141e-02 4.515492916107177734e-02 3.316402435302734375e-03 1.662266254425048828e-02 5.148237943649291992e-02
1.135841012001037598e-01 7.173025608062744141e-02 2.507996559143066406e-02 1.903414726257324219e-03 4.216432571411132812e-03 1.934587955474853516e-02 1.934581995010375977e-02 5.145668983459472656e-04 2.508008480072021484e-02 1.602768898010253906e-04 3.437638282775878906e-03 9.000301361083984375e-04 0.000000000000000000e+00 1.934587955474853516e-02 1.839103698730468750e-01 3.591012954711914062e-02 3.989517688751220703e-02 5.292892456054687500e-04 2.873778343200683594e-03 7.597506046295166016e-03 3.220033645629882812e-02 1.934599876403808594e-02 5.676251649856567383e-02 2.507996559143066406e-02 1.550912857055664062e-04 5.292892456054687500e-04 8.836269378662109375e-03 8.836150169372558594e-03 5.676245689392089844e-02 1.222074031829833984e-02 4.425489902496337891e-02 4.216432571411132812e-03 1.752269268035888672e-02 5.238240957260131836e-02
9.423822164535522461e-02 5.238437652587890625e-02 5.734086036682128906e-03 2.124929428100585938e-02 1.512944698333740234e-02 0.000000000000000000e+00 5.960464477539062500e-08 1.883131265640258789e-02 5.734205245971679688e-03 1.950615644454956055e-02 1.590824127197265625e-02 1.844584941864013672e-02 1.934587955474853516e-02 0.000000000000000000e+00 1.645644903182983398e-01 1.656424999237060547e-02 2.054929733276367188e-02 1.987516880035400391e-02 1.647210121154785156e-02 1.174837350845336914e-02 1.285445690155029297e-02 1.192092895507812500e-07 3.741663694381713867e-02 5.734086036682128906e-03 1.950097084045410156e-02 1.987516880035400391e-02 1.050961017608642578e-02 1.050972938537597656e-02 3.741657733917236328e-02 7.125139236450195312e-03 6.360077857971191406e-02 1.512944698333740234e-02 1.823186874389648438e-03 3.303653001785278320e-02
7.032626867294311523e-02 1.121801137924194336e-01 1.588304042816162109e-01 1.858137845993041992e-01 1.796939373016357422e-01 1.645644903182983398e-01 1.645645499229431152e-01 1.833958029747009277e-01 1.588302850723266602e-01 1.840706467628479004e-01 1.804727315902709961e-01 1.830103397369384766e-01 1.839103698730468750e-01 1.645644903182983398e-01 0.000000000000000000e+00 1.480002403259277344e-01 1.440151929855346680e-01 1.844396591186523438e-01 1.810365915298461914e-01 1.763128638267517090e-01 1.517100334167480469e-01 1.645643711090087891e-01 1.271478533744812012e-01 1.588304042816162109e-01 1.840654611587524414e-01 1.844396591186523438e-01 1.750741004943847656e-01 1.750742197036743164e-01 1.271479129791259766e-01 1.716896295547485352e-01 2.281652688980102539e-01 1.796939373016357422e-01 1.663876771926879883e-01 1.315279603004455566e-01
7.767397165298461914e-02 3.582012653350830078e-02 1.083016395568847656e-02 3.781354427337646484e-02 3.169369697570800781e-02 1.656424999237060547e-02 1.656430959701538086e-02 3.539556264877319336e-02 1.083004474639892578e-02 3.607040643692016602e-02 3.247249126434326172e-02 3.501009941101074219e-02 3.591012954711914062e-02 1.656424999237060547e-02 1.480002403259277344e-01 0.000000000000000000e+00 3.985047340393066406e-03 3.643941879272460938e-02 3.303635120391845703e-02 2.831262350082397461e-02 3.709793090820312500e-03 1.656413078308105469e-02 2.085238695144653320e-02 1.083016395568847656e-02 3.606522083282470703e-02 3.643941879272460938e-02 2.707386016845703125e-02 2.707397937774658203e-02 2.085232734680175781e-02 2.368938922882080078e-02 8.016502857208251953e-02 3.169369697570800781e-02 1.838743686676025391e-02 1.647228002548217773e-02
7.368892431259155273e-02 3.183507919311523438e-02 1.481521129608154297e-02 4.179859161376953125e-02 3.567874431610107422e-02 2.054929733276367188e-02 2.054935693740844727e-02 3.938060998916625977e-02 1.481509208679199219e-02 4.005545377731323242e-02 3.645753860473632812e-02 3.899514675140380859e-02 3.989517688751220703e-02 2.054929733276367188e-02 1.440151929855346680e-01 3.985047340393066406e-03 0.000000000000000000e+00 4.042446613311767578e-02 3.702139854431152344e-02 3.229767084121704102e-02 7.694840431213378906e-03 2.054917812347412109e-02 1.686733961105346680e-02 1.481521129608154297e-02 4.005026817321777344e-02 4.042446613311767578e-02 3.105890750885009766e-02 3.105902671813964844e-02 1.686728000640869141e-02 2.767443656921386719e-02 8.415007591247558594e-02 3.567874431610107422e-02 2.237248420715332031e-02 1.248723268508911133e-02
1.141133904457092285e-01 7.225954532623291016e-02 2.560925483703613281e-02 1.374125480651855469e-03 4.745721817016601562e-03 1.987516880035400391e-02 1.987510919570922852e-02 1.043856143951416016e-03 2.560937404632568359e-02 3.690123558044433594e-04 3.966927528381347656e-03 1.429319381713867188e-03 5.292892456054687500e-04 1.987516880035400391e-02 1.844396591186523438e-01 3.643941879272460938e-02 4.042446613311767578e-02 0.000000000000000000e+00 3.403067588806152344e-03 8.126795291900634766e-03 3.272962570190429688e-02 1.987528800964355469e-02 5.729180574417114258e-02 2.560925483703613281e-02 3.741979598999023438e-04 0.000000000000000000e+00 9.365558624267578125e-03 9.365439414978027344e-03 5.729174613952636719e-02 1.275002956390380859e-02 4.372560977935791016e-02 4.745721817016601562e-03 1.805198192596435547e-02 5.291169881820678711e-02
1.107103228569030762e-01 6.885647773742675781e-02 2.220618724822998047e-02 4.777193069458007812e-03 1.342654228210449219e-03 1.647210121154785156e-02 1.647204160690307617e-02 2.359211444854736328e-03 2.220630645751953125e-02 3.034055233001708984e-03 5.638599395751953125e-04 1.973748207092285156e-03 2.873778343200683594e-03 1.647210121154785156e-02 1.810365915298461914e-01 3.303635120391845703e-02 3.702139854431152344e-02 3.403067588806152344e-03 0.000000000000000000e+00 4.723727703094482422e-03 2.932655811309814453e-02 1.647222042083740234e-02 5.388873815536499023e-02 2.220618724822998047e-02 3.028869628906250000e-03 3.403067588806152344e-03 5.962491035461425781e-03 5.962371826171875000e-03 5.388867855072021484e-02 9.346961975097656250e-03 4.712867736816406250e-02 1.342654228210449219e-03 1.464891433715820312e-02 4.950863122940063477e-02
1.059865951538085938e-01 6.413275003433227539e-02 1.748245954513549805e-02 9.500920772552490234e-03 3.381073474884033203e-03 1.174837350845336914e-02 1.174831390380859375e-02 7.082939147949218750e-03 1.748257875442504883e-02 7.757782936096191406e-03 4.159867763519287109e-03 6.697475910186767578e-03 7.597506046295166016e-03 1.174837350845336914e-02 1.763128638267517090e-01 2.831262350082397461e-02 3.229767084121704102e-02 8.126795291900634766e-03 4.723727703094482422e-03 0.000000000000000000e+00 2.460283041000366211e-02 1.174849271774291992e-02 4.916501045227050781e-02 1.748245954513549805e-02 7.752597332000732422e-03 8.126795291900634766e-03 1.238763332366943359e-03 1.238644123077392578e-03 4.916495084762573242e-02 4.623234272003173828e-03 5.185240507125854492e-02 3.381073474884033203e-03 9.925186634063720703e-03 4.478490352630615234e-02
8.138376474380493164e-02 3.952991962432861328e-02 7.120370864868164062e-03 3.410375118255615234e-02 2.798390388488769531e-02 1.285445690155029297e-02 1.285451650619506836e-02 3.168576955795288086e-02 7.120251655578613281e-03 3.236061334609985352e-02 2.876269817352294922e-02 3.130030632019042969e-02 3.220033645629882812e-02 1.285445690155029297e-02 1.517100334167480469e-01 3.709793090820312500e-03 7.694840431213378906e-03 3.272962570190429688e-02 2.932655811309814453e-02 2.460283041000366211e-02 0.000000000000000000e+00 1.285433769226074219e-02 2.456218004226684570e-02 7.120370864868164062e-03 3.235542774200439453e-02 3.272962570190429688e-02 2.336406707763671875e-02 2.336418628692626953e-02 2.456212043762207031e-02 1.997959613800048828e-02 7.645523548126220703e-02 2.798390388488769531e-02 1.467764377593994141e-02 2.018207311630249023e-02
9.423810243606567383e-02 5.238425731658935547e-02 5.733966827392578125e-03 2.124941349029541016e-02 1.512956619262695312e-02 1.192092895507812500e-07 1.788139343261718750e-07 1.883143186569213867e-02 5.734086036682128906e-03 1.950627565383911133e-02 1.590836048126220703e-02 1.844596862792968750e-02 1.934599876403808594e-02 1.192092895507812500e-07 1.645643711090087891e-01 1.656413078308105469e-02 2.054917812347412109e-02 1.987528800964355469e-02 1.647222042083740234e-02 1.174849271774291992e-02 1.285433769226074219e-02 0.000000000000000000e+00 3.741651773452758789e-02 5.733966827392578125e-03 1.950109004974365234e-02 1.987528800964355469e-02 1.050972938537597656e-02 1.050984859466552734e-02 3.741645812988281250e-02 7.125258445739746094e-03 6.360089778900146484e-02 1.512956619262695312e-02 1.823306083679199219e-03 3.303641080856323242e-02
5.682158470153808594e-02 1.496773958206176758e-02 3.168255090713500977e-02 5.866593122482299805e-02 5.254608392715454102e-02 3.741663694381713867e-02 3.741669654846191406e-02 5.624794960021972656e-02 3.168243169784545898e-02 5.692279338836669922e-02 5.332487821578979492e-02 5.586248636245727539e-02 5.676251649856567383e-02 3.741663694381713867e-02 1.271478533744812012e-01 2.085238695144653320e-02 1.686733961105346680e-02 5.729180574417114258e-02 5.388873815536499023e-02 4.916501045227050781e-02 2.456218004226684570e-02 3.741651773452758789e-02 0.000000000000000000e+00 3.168255090713500977e-02 5.691760778427124023e-02 5.729180574417114258e-02 4.792624711990356445e-02 4.792636632919311523e-02 5.960464477539062500e-08 4.454177618026733398e-02 1.010174155235290527e-01 5.254608392715454102e-02 3.923982381820678711e-02 4.380106925964355469e-03
8.850413560867309570e-02 4.665029048919677734e-02 0.000000000000000000e+00 2.698338031768798828e-02 2.086353302001953125e-02 5.734086036682128906e-03 5.734145641326904297e-03 2.456539869308471680e-02 1.192092895507812500e-07 2.524024248123168945e-02 2.164232730865478516e-02 2.417993545532226562e-02 2.507996559143066406e-02 5.734086036682128906e-03 1.588304042816162109e-01 1.083016395568847656e-02 1.481521129608154297e-02 2.560925483703613281e-02 2.220618724822998047e-02 1.748245954513549805e-02 7.120370864868164062e-03 5.733966827392578125e-03 3.168255090713500977e-02 0.000000000000000000e+00 2.523505687713623047e-02 2.560925483703613281e-02 1.624369621276855469e-02 1.624381542205810547e-02 3.168249130249023438e-02 1.285922527313232422e-02 6.933486461639404297e-02 2.086353302001953125e-02 7.557272911071777344e-03 2.730244398117065430e-02
1.137391924858093262e-01 7.188534736633300781e-02 2.523505687713623047e-02 1.748323440551757812e-03 4.371523857116699219e-03 1.950097084045410156e-02 1.950091123580932617e-02 6.696581840515136719e-04 2.523517608642578125e-02 5.185604095458984375e-06 3.592729568481445312e-03 1.055121421813964844e-03 1.550912857055664062e-04 1.950097084045410156e-02 1.840654611587524414e-01 3.606522083282470703e-02 4.005026817321777344e-02 3.741979598999023438e-04 3.028869628906250000e-03 7.752597332000732422e-03 3.235542774200439453e-02 1.950109004974365234e-02 5.691760778427124023e-02 2.523505687713623047e-02 0.000000000000000000e+00 3.741979598999023438e-04 8.991360664367675781e-03 8.991241455078125000e-03 5.691754817962646484e-02 1.237583160400390625e-02 4.409980773925781250e-02 4.371523857116699219e-03 1.767778396606445312e-02 5.253750085830688477e-02
1.141133904457092285e-01 7.225954532623291016e-02 2.560925483703613281e-02 1.374125480651855469e-03 4.745721817016601562e-03 1.987516880035400391e-02 1.987510919570922852e-02 1.043856143951416016e-03 2.560937404632568359e-02 3.690123558044433594e-04 3.966927528381347656e-03 1.429319381713867188e-03 5.292892456054687500e-04 1.987516880035400391e-02 1.844396591186523438e-01 3.643941879272460938e-02 4.042446613311767578e-02 0.000000000000000000e+00 3.403067588806152344e-03 8.126795291900634766e-03 3.272962570190429688e-02 1.987528800964355469e-02 5.729180574417114258e-02 2.560925483703613281e-02 3.741979598999023438e-04 0.000000000000000000e+00 9.365558624267578125e-03 9.365439414978027344e-03 5.729174613952636719e-02 1.275002956390380859e-02 4.372560977935791016e-02 4.745721817016601562e-03 1.805198192596435547e-02 5.291169881820678711e-02
1.047478318214416504e-01 6.289398670196533203e-02 1.624369621276855469e-02 1.073968410491943359e-02 4.619836807250976562e-03 1.050961017608642578e-02 1.050955057144165039e-02 8.321702480316162109e-03 1.624381542205810547e-02 8.996546268463134766e-03 5.398631095886230469e-03 7.936239242553710938e-03 8.836269378662109375e-03 1.050961017608642578e-02 1.750741004943847656e-01 2.707386016845703125e-02 3.105890750885009766e-02 9.365558624267578125e-03 5.962491035461425781e-03 1.238763332366943359e-03 2.336406707763671875e-02 1.050972938537597656e-02 4.792624711990356445e-02 1.624369621276855469e-02 8.991360664367675781e-03 9.365558624267578125e-03 0.000000000000000000e+00 1.192092895507812500e-07 4.792618751525878906e-02 3.384470939636230469e-03 5.309116840362548828e-02 4.619836807250976562e-03 8.686423301696777344e-03 4.354614019393920898e-02
1.047479510307312012e-01 6.289410591125488281e-02 1.624381542205810547e-02 1.073956489562988281e-02 4.619717597961425781e-03 1.050972938537597656e-02 1.050966978073120117e-02 8.321583271026611328e-03 1.624393463134765625e-02 8.996427059173583984e-03 5.398511886596679688e-03 7.936120033264160156e-03 8.836150169372558594e-03 1.050972938537597656e-02 1.750742197036743164e-01 2.707397937774658203e-02 3.105902671813964844e-02 9.365439414978027344e-03 5.962371826171875000e-03 1.238644123077392578e-03 2.336418628692626953e-02 1.050984859466552734e-02 4.792636632919311523e-02 1.624381542205810547e-02 8.991241455078125000e-03 9.365439414978027344e-03 1.192092895507812500e-07 0.000000000000000000e+00 4.792630672454833984e-02 3.384590148925781250e-03 5.309104919433593750e-02 4.619717597961425781e-03 8.686542510986328125e-03 4.354625940322875977e-02
5.682164430618286133e-02 1.496779918670654297e-02 3.168249130249023438e-02 5.866587162017822266e-02 5.254602432250976562e-02 3.741657733917236328e-02 3.741663694381713867e-02 5.624788999557495117e-02 3.168237209320068359e-02 5.692273378372192383e-02 5.332481861114501953e-02 5.586242675781250000e-02 5.676245689392089844e-02 3.741657733917236328e-02 1.271479129791259766e-01 2.085232734680175781e-02 1.686728000640869141e-02 5.729174613952636719e-02 5.388867855072021484e-02 4.916495084762573242e-02 2.456212043762207031e-02 3.741645812988281250e-02 5.960464477539062500e-08 3.168249130249023438e-02 5.691754817962646484e-02 5.729174613952636719e-02 4.792618751525878906e-02 4.792630672454833984e-02 0.000000000000000000e+00 4.454171657562255859e-02 1.010173559188842773e-01 5.254602432250976562e-02 3.923976421356201172e-02 4.380047321319580078e-03
1.013633608818054199e-01 5.950951576232910156e-02 1.285922527313232422e-02 1.412415504455566406e-02 8.004307746887207031e-03 7.125139236450195312e-03 7.125079631805419922e-03 1.170617341995239258e-02 1.285934448242187500e-02 1.238101720809936523e-02 8.783102035522460938e-03 1.132071018218994141e-02 1.222074031829833984e-02 7.125139236450195312e-03 1.716896295547485352e-01 2.368938922882080078e-02 2.767443656921386719e-02 1.275002956390380859e-02 9.346961975097656250e-03 4.623234272003173828e-03 1.997959613800048828e-02 7.125258445739746094e-03 4.454177618026733398e-02 1.285922527313232422e-02 1.237583160400390625e-02 1.275002956390380859e-02 3.384470939636230469e-03 3.384590148925781250e-03 4.454171657562255859e-02 0.000000000000000000e+00 5.647563934326171875e-02 8.004307746887207031e-03 5.301952362060546875e-03 4.016166925430297852e-02
1.578390002250671387e-01 1.159851551055908203e-01 6.933486461639404297e-02 4.235148429870605469e-02 4.847133159637451172e-02 6.360077857971191406e-02 6.360071897506713867e-02 4.476946592330932617e-02 6.933498382568359375e-02 4.409462213516235352e-02 4.769253730773925781e-02 4.515492916107177734e-02 4.425489902496337891e-02 6.360077857971191406e-02 2.281652688980102539e-01 8.016502857208251953e-02 8.415007591247558594e-02 4.372560977935791016e-02 4.712867736816406250e-02 5.185240507125854492e-02 7.645523548126220703e-02 6.360089778900146484e-02 1.010174155235290527e-01 6.933486461639404297e-02 4.409980773925781250e-02 4.372560977935791016e-02 5.309116840362548828e-02 5.309104919433593750e-02 1.010173559188842773e-01 5.647563934326171875e-02 0.000000000000000000e+00 4.847133159637451172e-02 6.177759170532226562e-02 9.663730859756469727e-02
1.093676686286926270e-01 6.751382350921630859e-02 2.086353302001953125e-02 6.119847297668457031e-03 0.000000000000000000e+00 1.512944698333740234e-02 1.512938737869262695e-02 3.701865673065185547e-03 2.086365222930908203e-02 4.376709461212158203e-03 7.787942886352539062e-04 3.316402435302734375e-03 4.216432571411132812e-03 1.512944698333740234e-02 1.796939373016357422e-01 3.169369697570800781e-02 3.567874431610107422e-02 4.745721817016601562e-03 1.342654228210449219e-03 3.381073474884033203e-03 2.798390388488769531e-02 1.512956619262695312e-02 5.254608392715454102e-02 2.086353302001953125e-02 4.371523857116699219e-03 4.745721817016601562e-03 4.619836807250976562e-03 4.619717597961425781e-03 5.254602432250976562e-02 8.004307746887207031e-03 4.847133159637451172e-02 0.000000000000000000e+00 1.330626010894775391e-02 4.816597700119018555e-02
9.606140851974487305e-02 5.420756340026855469e-02 7.557272911071777344e-03 1.942610740661621094e-02 1.330626010894775391e-02 1.823186874389648438e-03 1.823127269744873047e-03 1.700812578201293945e-02 7.557392120361328125e-03 1.768296957015991211e-02 1.408505439758300781e-02 1.662266254425048828e-02 1.752269268035888672e-02 1.823186874389648438e-03 1.663876771926879883e-01 1.838743686676025391e-02 2.237248420715332031e-02 1.805198192596435547e-02 1.464891433715820312e-02 9.925186634063720703e-03 1.467764377593994141e-02 1.823306083679199219e-03 3.923982381820678711e-02 7.557272911071777344e-03 1.767778396606445312e-02 1.805198192596435547e-02 8.686423301696777344e-03 8.686542510986328125e-03 3.923976421356201172e-02 5.301952362060546875e-03 6.177759170532226562e-02 1.330626010894775391e-02 0.000000000000000000e+00 3.485971689224243164e-02
6.120169162750244141e-02 1.934784650802612305e-02 2.730244398117065430e-02 5.428582429885864258e-02 4.816597700119018555e-02 3.303653001785278320e-02 3.303658962249755859e-02 5.186784267425537109e-02 2.730232477188110352e-02 5.254268646240234375e-02 4.894477128982543945e-02 5.148237943649291992e-02 5.238240957260131836e-02 3.303653001785278320e-02 1.315279603004455566e-01 1.647228002548217773e-02 1.248723268508911133e-02 5.291169881820678711e-02 4.950863122940063477e-02 4.478490352630615234e-02 2.018207311630249023e-02 3.303641080856323242e-02 4.380106925964355469e-03 2.730244398117065430e-02 5.253750085830688477e-02 5.291169881820678711e-02 4.354614019393920898e-02 4.354625940322875977e-02 4.380047321319580078e-03 4.016166925430297852e-02 9.663730859756469727e-02 4.816597700119018555e-02 3.485971689224243164e-02 0.000000000000000000e+00
