0.000000000000000000e+00 1.560654044151306152e-01 1.511440277099609375e-01 1.638859510421752930e-01 1.272155642509460449e-01 1.308588385581970215e-01 1.440271735191345215e-01 1.440271139144897461e-01 1.560654044151306152e-01 1.615031361579895020e-01 1.602667570114135742e-01 1.639621853828430176e-01 1.492514014244079590e-01 1.377386450767517090e-01 6.650131940841674805e-02 6.116878986358642578e-02 1.105554699897766113e-01 1.641478538513183594e-01 1.560652852058410645e-01 1.410050988197326660e-01 9.190672636032104492e-02 1.635227799415588379e-01 8.700293302536010742e-02 1.570058465003967285e-01 1.602668762207031250e-01 1.631492972373962402e-01 1.492512822151184082e-01 1.528130769729614258e-01 1.149626970291137695e-01 1.492512822151184082e-01 1.640252470970153809e-01 1.629087328910827637e-01 1.570057272911071777e-01 1.232768297195434570e-01
1.560654044151306152e-01 0.000000000000000000e+00 4.921376705169677734e-03 7.820546627044677734e-03 2.884984016418457031e-02 2.520656585693359375e-02 1.203823089599609375e-02 1.203829050064086914e-02 0.000000000000000000e+00 5.437731742858886719e-03 4.201352596282958984e-03 7.896780967712402344e-03 6.814002990722656250e-03 1.832675933837890625e-02 8.956408500671386719e-02 9.489661455154418945e-02 4.550993442535400391e-02 8.082449436187744141e-03 1.192092895507812500e-07 1.506030559539794922e-02 6.415867805480957031e-02 7.457375526428222656e-03 6.906247138977050781e-02 9.404420852661132812e-04 4.201471805572509766e-03 7.083892822265625000e-03 6.814122200012207031e-03 3.252327442169189453e-03 4.110270738601684570e-02 6.814122200012207031e-03 7.959842681884765625e-03 6.843328475952148438e-03 9.403228759765625000e-04 3.278857469558715820e-02
1.511440277099609375e-01 4.921376705169677734e-03 0.000000000000000000e+00 1.274192333221435547e-02 2.392846345901489258e-02 2.028518915176391602e-02 7.116854190826416016e-03 7.116913795471191406e-03 4.921376705169677734e-03 1.035910844802856445e-02 9.122729301452636719e-03 1.281815767288208008e-02 1.892626285552978516e-03 1.340538263320922852e-02 8.464270830154418945e-02 8.997523784637451172e-02 4.058855772018432617e-02 1.300382614135742188e-02 4.921257495880126953e-03 1.013892889022827148e-02 5.923730134963989258e-02 1.237875223159790039e-02 6.414109468460083008e-02 5.861818790435791016e-03 9.122848510742187500e-03 1.200526952743530273e-02 1.892745494842529297e-03 1.669049263000488281e-03 3.618133068084716797e-02 1.892745494842529297e-03 1.288121938705444336e-02 1.176470518112182617e-02 5.861699581146240234e-03 2.786719799041748047e-02
1.638859510421752930e-01 7.820546627044677734e-03 1.274192333221435547e-02 0.000000000000000000e+00 3.667038679122924805e-02 3.302711248397827148e-02 1.985877752304077148e-02 1.985883712768554688e-02 7.820546627044677734e-03 2.382814884185791016e-03 3.619194030761718750e-03 7.623434066772460938e-05 1.463454961776733398e-02 2.614730596542358398e-02 9.738463163375854492e-02 1.027171611785888672e-01 5.333048105239868164e-02 2.619028091430664062e-04 7.820665836334228516e-03 2.288085222244262695e-02 7.197922468185424805e-02 3.631711006164550781e-04 7.688301801681518555e-02 6.880104541778564453e-03 3.619074821472167969e-03 7.366538047790527344e-04 1.463466882705688477e-02 1.107287406921386719e-02 4.892325401306152344e-02 1.463466882705688477e-02 1.392960548400878906e-04 9.772181510925292969e-04 6.880223751068115234e-03 4.060912132263183594e-02
1.272155642509460449e-01 2.884984016418457031e-02 2.392846345901489258e-02 3.667038679122924805e-02 0.000000000000000000e+00 3.643274307250976562e-03 1.681160926818847656e-02 1.681154966354370117e-02 2.884984016418457031e-02 3.428757190704345703e-02 3.305119276046752930e-02 3.674662113189697266e-02 2.203583717346191406e-02 1.052308082580566406e-02 6.071424484252929688e-02 6.604677438735961914e-02 1.666009426116943359e-02 3.693228960037231445e-02 2.884972095489501953e-02 1.378953456878662109e-02 3.530883789062500000e-02 3.630721569061279297e-02 4.021263122558593750e-02 2.979028224945068359e-02 3.305131196975708008e-02 3.593373298645019531e-02 2.203571796417236328e-02 2.559751272201538086e-02 1.225286722183227539e-02 2.203571796417236328e-02 3.680968284606933594e-02 3.569316864013671875e-02 2.979016304016113281e-02 3.938734531402587891e-03
1.308588385581970215e-01 2.520656585693359375e-02 2.028518915176391602e-02 3.302711248397827148e-02 3.643274307250976562e-03 0.000000000000000000e+00 1.316833496093750000e-02 1.316827535629272461e-02 2.520656585693359375e-02 3.064429759979248047e-02 2.940791845321655273e-02 3.310334682464599609e-02 1.839256286621093750e-02 6.879806518554687500e-03 6.435751914978027344e-02 6.969004869461059570e-02 2.030336856842041016e-02 3.328901529312133789e-02 2.520644664764404297e-02 1.014626026153564453e-02 3.895211219787597656e-02 3.266394138336181641e-02 4.385590553283691406e-02 2.614700794219970703e-02 2.940803766250610352e-02 3.229045867919921875e-02 1.839244365692138672e-02 2.195423841476440430e-02 1.589614152908325195e-02 1.839244365692138672e-02 3.316640853881835938e-02 3.204989433288574219e-02 2.614688873291015625e-02 7.582008838653564453e-03
1.440271735191345215e-01 1.203823089599609375e-02 7.116854190826416016e-03 1.985877752304077148e-02 1.681160926818847656e-02 1.316833496093750000e-02 0.000000000000000000e+00 5.960464477539062500e-08 1.203823089599609375e-02 1.747596263885498047e-02 1.623958349227905273e-02 1.993501186370849609e-02 5.224227905273437500e-03 6.288528442382812500e-03 7.752585411071777344e-02 8.285838365554809570e-02 3.347170352935791016e-02 2.012068033218383789e-02 1.203811168670654297e-02 3.022074699401855469e-03 5.212044715881347656e-02 1.949560642242431641e-02 5.702424049377441406e-02 1.297867298126220703e-02 1.623970270156860352e-02 1.912212371826171875e-02 5.224108695983886719e-03 8.785903453826904297e-03 2.906447649002075195e-02 5.224108695983886719e-03 1.999807357788085938e-02 1.888155937194824219e-02 1.297855377197265625e-02 2.075034379959106445e-02
1.440271139144897461e-01 1.203829050064086914e-02 7.116913795471191406e-03 1.985883712768554688e-02 1.681154966354370117e-02 1.316827535629272461e-02 5.960464477539062500e-08 0.000000000000000000e+00 1.203829050064086914e-02 1.747602224349975586e-02 1.623964309692382812e-02 1.993507146835327148e-02 5.224287509918212891e-03 6.288468837738037109e-03 7.752579450607299805e-02 8.285832405090332031e-02 3.347164392471313477e-02 2.012073993682861328e-02 1.203817129135131836e-02 3.022015094757080078e-03 5.212038755416870117e-02 1.949566602706909180e-02 5.702418088912963867e-02 1.297873258590698242e-02 1.623976230621337891e-02 1.912218332290649414e-02 5.224168300628662109e-03 8.785963058471679688e-03 2.906441688537597656e-02 5.224168300628662109e-03 1.999813318252563477e-02 1.888161897659301758e-02 1.297861337661743164e-02 2.075028419494628906e-02
1.560654044151306152e-01 0.000000000000000000e+00 4.921376705169677734e-03 7.820546627044677734e-03 2.884984016418457031e-02 2.520656585693359375e-02 1.203823089599609375e-02 1.203829050064086914e-02 0.000000000000000000e+00 5.437731742858886719e-03 4.201352596282958984e-03 7.896780967712402344e-03 6.814002990722656250e-03 1.832675933837890625e-02 8.956408500671386719e-02 9.489661455154418945e-02 4.550993442535400391e-02 8.082449436187744141e-03 1.192092895507812500e-07 1.506030559539794922e-02 6.415867805480957031e-02 7.457375526428222656e-03 6.906247138977050781e-02 9.404420852661132812e-04 4.201471805572509766e-03 7.083892822265625000e-03 6.814122200012207031e-03 3.252327442169189453e-03 4.110270738601684570e-02 6.814122200012207031e-03 7.959842681884765625e-03 6.843328475952148438e-03 9.403228759765625000e-04 3.278857469558715820e-02
1.615031361579895020e-01 5.437731742858886719e-03 1.035910844802856445e-02 2.382814884185791016e-03 3.428757190704345703e-02 3.064429759979248047e-02 1.747596263885498047e-02 1.747602224349975586e-02 5.437731742858886719e-03 0.000000000000000000e+00 1.236379146575927734e-03 2.459049224853515625e-03 1.225173473358154297e-02 2.376449108123779297e-02 9.500181674957275391e-02 1.003343462944030762e-01 5.094766616821289062e-02 2.644717693328857422e-03 5.437850952148437500e-03 2.049803733825683594e-02 6.959640979766845703e-02 2.019643783569335938e-03 7.450020313262939453e-02 4.497289657592773438e-03 1.236259937286376953e-03 1.646161079406738281e-03 1.225185394287109375e-02 8.690059185028076172e-03 4.654043912887573242e-02 1.225185394287109375e-02 2.522110939025878906e-03 1.405596733093261719e-03 4.497408866882324219e-03 3.822630643844604492e-02
1.602667570114135742e-01 4.201352596282958984e-03 9.122729301452636719e-03 3.619194030761718750e-03 3.305119276046752930e-02 2.940791845321655273e-02 1.623958349227905273e-02 1.623964309692382812e-02 4.201352596282958984e-03 1.236379146575927734e-03 0.000000000000000000e+00 3.695428371429443359e-03 1.101535558700561523e-02 2.252811193466186523e-02 9.376543760299682617e-02 9.909796714782714844e-02 4.971128702163696289e-02 3.881096839904785156e-03 4.201471805572509766e-03 1.926165819168090820e-02 6.836003065109252930e-02 3.256022930145263672e-03 7.326382398605346680e-02 3.260910511016845703e-03 1.192092895507812500e-07 2.882540225982666016e-03 1.101547479629516602e-02 7.453680038452148438e-03 4.530405998229980469e-02 1.101547479629516602e-02 3.758490085601806641e-03 2.641975879669189453e-03 3.261029720306396484e-03 3.698992729187011719e-02
1.639621853828430176e-01 7.896780967712402344e-03 1.281815767288208008e-02 7.623434066772460938e-05 3.674662113189697266e-02 3.310334682464599609e-02 1.993501186370849609e-02 1.993507146835327148e-02 7.896780967712402344e-03 2.459049224853515625e-03 3.695428371429443359e-03 0.000000000000000000e+00 1.471078395843505859e-02 2.622354030609130859e-02 9.746086597442626953e-02 1.027933955192565918e-01 5.340671539306640625e-02 1.856684684753417969e-04 7.896900177001953125e-03 2.295708656311035156e-02 7.205545902252197266e-02 4.394054412841796875e-04 7.695925235748291016e-02 6.956338882446289062e-03 3.695309162139892578e-03 8.128881454467773438e-04 1.471090316772460938e-02 1.114910840988159180e-02 4.899948835372924805e-02 1.471090316772460938e-02 6.306171417236328125e-05 1.053452491760253906e-03 6.956458091735839844e-03 4.068535566329956055e-02
1.492514014244079590e-01 6.814002990722656250e-03 1.892626285552978516e-03 1.463454961776733398e-02 2.203583717346191406e-02 1.839256286621093750e-02 5.224227905273437500e-03 5.224287509918212891e-03 6.814002990722656250e-03 1.225173473358154297e-02 1.101535558700561523e-02 1.471078395843505859e-02 0.000000000000000000e+00 1.151275634765625000e-02 8.275008201599121094e-02 8.808261156082153320e-02 3.869593143463134766e-02 1.489645242691040039e-02 6.813883781433105469e-03 8.246302604675292969e-03 5.734467506408691406e-02 1.427137851715087891e-02 6.224846839904785156e-02 7.754445075988769531e-03 1.101547479629516602e-02 1.389789581298828125e-02 1.192092895507812500e-07 3.561675548553466797e-03 3.428870439529418945e-02 1.192092895507812500e-07 1.477384567260742188e-02 1.365733146667480469e-02 7.754325866699218750e-03 2.597457170486450195e-02
1.377386450767517090e-01 1.832675933837890625e-02 1.340538263320922852e-02 2.614730596542358398e-02 1.052308082580566406e-02 6.879806518554687500e-03 6.288528442382812500e-03 6.288468837738037109e-03 1.832675933837890625e-02 2.376449108123779297e-02 2.252811193466186523e-02 2.622354030609130859e-02 1.151275634765625000e-02 0.000000000000000000e+00 7.123732566833496094e-02 7.656985521316528320e-02 2.718317508697509766e-02 2.640920877456665039e-02 1.832664012908935547e-02 3.266453742980957031e-03 4.583191871643066406e-02 2.578413486480712891e-02 5.073571205139160156e-02 1.926720142364501953e-02 2.252823114395141602e-02 2.541065216064453125e-02 1.151263713836669922e-02 1.507443189620971680e-02 2.277594804763793945e-02 1.151263713836669922e-02 2.628660202026367188e-02 2.517008781433105469e-02 1.926708221435546875e-02 1.446181535720825195e-02
6.650131940841674805e-02 8.956408500671386719e-02 8.464270830154418945e-02 9.738463163375854492e-02 6.071424484252929688e-02 6.435751914978027344e-02 7.752585411071777344e-02 7.752579450607299805e-02 8.956408500671386719e-02 9.500181674957275391e-02 9.376543760299682617e-02 9.746086597442626953e-02 8.275008201599121094e-02 7.123732566833496094e-02 0.000000000000000000e+00 5.332529544830322266e-03 4.405415058135986328e-02 9.764653444290161133e-02 8.956396579742431641e-02 7.450377941131591797e-02 2.540540695190429688e-02 9.702146053314208984e-02 2.050161361694335938e-02 9.050452709197998047e-02 9.376555681228637695e-02 9.664797782897949219e-02 8.274996280670166016e-02 8.631175756454467773e-02 4.846137762069702148e-02 8.274996280670166016e-02 9.752392768859863281e-02 9.640741348266601562e-02 9.050440788269042969e-02 5.677551031112670898e-02
6.116878986358642578e-02 9.489661455154418945e-02 8.997523784637451172e-02 1.027171611785888672e-01 6.604677438735961914e-02 6.969004869461059570e-02 8.285838365554809570e-02 8.285832405090332031e-02 9.489661455154418945e-02 1.003343462944030762e-01 9.909796714782714844e-02 1.027933955192565918e-01 8.808261156082153320e-02 7.656985521316528320e-02 5.332529544830322266e-03 0.000000000000000000e+00 4.938668012619018555e-02 1.029790639877319336e-01 9.489649534225463867e-02 7.983630895614624023e-02 3.073793649673461914e-02 1.023539900779724121e-01 2.583414316177368164e-02 9.583705663681030273e-02 9.909808635711669922e-02 1.019805073738098145e-01 8.808249235153198242e-02 9.164428710937500000e-02 5.379390716552734375e-02 8.808249235153198242e-02 1.028564572334289551e-01 1.017399430274963379e-01 9.583693742752075195e-02 6.210803985595703125e-02
1.105554699897766113e-01 4.550993442535400391e-02 4.058855772018432617e-02 5.333048105239868164e-02 1.666009426116943359e-02 2.030336856842041016e-02 3.347170352935791016e-02 3.347164392471313477e-02 4.550993442535400391e-02 5.094766616821289062e-02 4.971128702163696289e-02 5.340671539306640625e-02 3.869593143463134766e-02 2.718317508697509766e-02 4.405415058135986328e-02 4.938668012619018555e-02 0.000000000000000000e+00 5.359238386154174805e-02 4.550981521606445312e-02 3.044962882995605469e-02 1.864874362945556641e-02 5.296730995178222656e-02 2.355253696441650391e-02 4.645037651062011719e-02 4.971140623092651367e-02 5.259382724761962891e-02 3.869581222534179688e-02 4.225760698318481445e-02 4.407227039337158203e-03 3.869581222534179688e-02 5.346977710723876953e-02 5.235326290130615234e-02 4.645025730133056641e-02 1.272135972976684570e-02
1.641478538513183594e-01 8.082449436187744141e-03 1.300382614135742188e-02 2.619028091430664062e-04 3.693228960037231445e-02 3.328901529312133789e-02 2.012068033218383789e-02 2.012073993682861328e-02 8.082449436187744141e-03 2.644717693328857422e-03 3.881096839904785156e-03 1.856684684753417969e-04 1.489645242691040039e-02 2.640920877456665039e-02 9.764653444290161133e-02 1.029790639877319336e-01 5.359238386154174805e-02 0.000000000000000000e+00 8.082568645477294922e-03 2.314275503158569336e-02 7.224112749099731445e-02 6.250739097595214844e-04 7.714492082595825195e-02 7.142007350921630859e-03 3.880977630615234375e-03 9.985566139221191406e-04 1.489657163619995117e-02 1.133477687835693359e-02 4.918515682220458984e-02 1.489657163619995117e-02 1.226067543029785156e-04 1.239120960235595703e-03 7.142126560211181641e-03 4.087102413177490234e-02
1.560652852058410645e-01 1.192092895507812500e-07 4.921257495880126953e-03 7.820665836334228516e-03 2.884972095489501953e-02 2.520644664764404297e-02 1.203811168670654297e-02 1.203817129135131836e-02 1.192092895507812500e-07 5.437850952148437500e-03 4.201471805572509766e-03 7.896900177001953125e-03 6.813883781433105469e-03 1.832664012908935547e-02 8.956396579742431641e-02 9.489649534225463867e-02 4.550981521606445312e-02 8.082568645477294922e-03 0.000000000000000000e+00 1.506018638610839844e-02 6.415855884552001953e-02 7.457494735717773438e-03 6.906235218048095703e-02 9.405612945556640625e-04 4.201591014862060547e-03 7.084012031555175781e-03 6.814002990722656250e-03 3.252208232879638672e-03 4.110258817672729492e-02 6.814002990722656250e-03 7.959961891174316406e-03 6.843447685241699219e-03 9.404420852661132812e-04 3.278845548629760742e-02
1.410050988197326660e-01 1.506030559539794922e-02 1.013892889022827148e-02 2.288085222244262695e-02 1.378953456878662109e-02 1.014626026153564453e-02 3.022074699401855469e-03 3.022015094757080078e-03 1.506030559539794922e-02 2.049803733825683594e-02 1.926165819168090820e-02 2.295708656311035156e-02 8.246302604675292969e-03 3.266453742980957031e-03 7.450377941131591797e-02 7.983630895614624023e-02 3.044962882995605469e-02 2.314275503158569336e-02 1.506018638610839844e-02 0.000000000000000000e+00 4.909837245941162109e-02 2.251768112182617188e-02 5.400216579437255859e-02 1.600074768066406250e-02 1.926177740097045898e-02 2.214419841766357422e-02 8.246183395385742188e-03 1.180797815322875977e-02 2.604240179061889648e-02 8.246183395385742188e-03 2.302014827728271484e-02 2.190363407135009766e-02 1.600062847137451172e-02 1.772826910018920898e-02
9.190672636032104492e-02 6.415867805480957031e-02 5.923730134963989258e-02 7.197922468185424805e-02 3.530883789062500000e-02 3.895211219787597656e-02 5.212044715881347656e-02 5.212038755416870117e-02 6.415867805480957031e-02 6.959640979766845703e-02 6.836003065109252930e-02 7.205545902252197266e-02 5.734467506408691406e-02 4.583191871643066406e-02 2.540540695190429688e-02 3.073793649673461914e-02 1.864874362945556641e-02 7.224112749099731445e-02 6.415855884552001953e-02 4.909837245941162109e-02 0.000000000000000000e+00 7.161605358123779297e-02 4.903793334960937500e-03 6.509912014007568359e-02 6.836014986038208008e-02 7.124257087707519531e-02 5.734455585479736328e-02 6.090635061264038086e-02 2.305597066879272461e-02 5.734455585479736328e-02 7.211852073669433594e-02 7.100200653076171875e-02 6.509900093078613281e-02 3.137010335922241211e-02
1.635227799415588379e-01 7.457375526428222656e-03 1.237875223159790039e-02 3.631711006164550781e-04 3.630721569061279297e-02 3.266394138336181641e-02 1.949560642242431641e-02 1.949566602706909180e-02 7.457375526428222656e-03 2.019643783569335938e-03 3.256022930145263672e-03 4.394054412841796875e-04 1.427137851715087891e-02 2.578413486480712891e-02 9.702146053314208984e-02 1.023539900779724121e-01 5.296730995178222656e-02 6.250739097595214844e-04 7.457494735717773438e-03 2.251768112182617188e-02 7.161605358123779297e-02 0.000000000000000000e+00 7.651984691619873047e-02 6.516933441162109375e-03 3.255903720855712891e-03 3.734827041625976562e-04 1.427149772644042969e-02 1.070970296859741211e-02 4.856008291244506836e-02 1.427149772644042969e-02 5.024671554565429688e-04 6.140470504760742188e-04 6.517052650451660156e-03 4.024595022201538086e-02
8.700293302536010742e-02 6.906247138977050781e-02 6.414109468460083008e-02 7.688301801681518555e-02 4.021263122558593750e-02 4.385590553283691406e-02 5.702424049377441406e-02 5.702418088912963867e-02 6.906247138977050781e-02 7.450020313262939453e-02 7.326382398605346680e-02 7.695925235748291016e-02 6.224846839904785156e-02 5.073571205139160156e-02 2.050161361694335938e-02 2.583414316177368164e-02 2.355253696441650391e-02 7.714492082595825195e-02 6.906235218048095703e-02 5.400216579437255859e-02 4.903793334960937500e-03 7.651984691619873047e-02 0.000000000000000000e+00 7.000291347503662109e-02 7.326394319534301758e-02 7.614636421203613281e-02 6.224834918975830078e-02 6.581014394760131836e-02 2.795976400375366211e-02 6.224834918975830078e-02 7.702231407165527344e-02 7.590579986572265625e-02 7.000279426574707031e-02 3.627389669418334961e-02
1.570058465003967285e-01 9.404420852661132812e-04 5.861818790435791016e-03 6.880104541778564453e-03 2.979028224945068359e-02 2.614700794219970703e-02 1.297867298126220703e-02 1.297873258590698242e-02 9.404420852661132812e-04 4.497289657592773438e-03 3.260910511016845703e-03 6.956338882446289062e-03 7.754445075988769531e-03 1.926720142364501953e-02 9.050452709197998047e-02 9.583705663681030273e-02 4.645037651062011719e-02 7.142007350921630859e-03 9.405612945556640625e-04 1.600074768066406250e-02 6.509912014007568359e-02 6.516933441162109375e-03 7.000291347503662109e-02 0.000000000000000000e+00 3.261029720306396484e-03 6.143450736999511719e-03 7.754564285278320312e-03 4.192769527435302734e-03 4.204314947128295898e-02 7.754564285278320312e-03 7.019400596618652344e-03 5.902886390686035156e-03 1.192092895507812500e-07 3.372901678085327148e-02
1.602668762207031250e-01 4.201471805572509766e-03 9.122848510742187500e-03 3.619074821472167969e-03 3.305131196975708008e-02 2.940803766250610352e-02 1.623970270156860352e-02 1.623976230621337891e-02 4.201471805572509766e-03 1.236259937286376953e-03 1.192092895507812500e-07 3.695309162139892578e-03 1.101547479629516602e-02 2.252823114395141602e-02 9.376555681228637695e-02 9.909808635711669922e-02 4.971140623092651367e-02 3.880977630615234375e-03 4.201591014862060547e-03 1.926177740097045898e-02 6.836014986038208008e-02 3.255903720855712891e-03 7.326394319534301758e-02 3.261029720306396484e-03 0.000000000000000000e+00 2.882421016693115234e-03 1.101559400558471680e-02 7.453799247741699219e-03 4.530417919158935547e-02 1.101559400558471680e-02 3.758370876312255859e-03 2.641856670379638672e-03 3.261148929595947266e-03 3.699004650115966797e-02
1.631492972373962402e-01 7.083892822265625000e-03 1.200526952743530273e-02 7.366538047790527344e-04 3.593373298645019531e-02 3.229045867919921875e-02 1.912212371826171875e-02 1.912218332290649414e-02 7.083892822265625000e-03 1.646161079406738281e-03 2.882540225982666016e-03 8.128881454467773438e-04 1.389789581298828125e-02 2.541065216064453125e-02 9.664797782897949219e-02 1.019805073738098145e-01 5.259382724761962891e-02 9.985566139221191406e-04 7.084012031555175781e-03 2.214419841766357422e-02 7.124257087707519531e-02 3.734827041625976562e-04 7.614636421203613281e-02 6.143450736999511719e-03 2.882421016693115234e-03 0.000000000000000000e+00 1.389801502227783203e-02 1.033622026443481445e-02 4.818660020828247070e-02 1.389801502227783203e-02 8.759498596191406250e-04 2.405643463134765625e-04 6.143569946289062500e-03 3.987246751785278320e-02
1.492512822151184082e-01 6.814122200012207031e-03 1.892745494842529297e-03 1.463466882705688477e-02 2.203571796417236328e-02 1.839244365692138672e-02 5.224108695983886719e-03 5.224168300628662109e-03 6.814122200012207031e-03 1.225185394287109375e-02 1.101547479629516602e-02 1.471090316772460938e-02 1.192092895507812500e-07 1.151263713836669922e-02 8.274996280670166016e-02 8.808249235153198242e-02 3.869581222534179688e-02 1.489657163619995117e-02 6.814002990722656250e-03 8.246183395385742188e-03 5.734455585479736328e-02 1.427149772644042969e-02 6.224834918975830078e-02 7.754564285278320312e-03 1.101559400558471680e-02 1.389801502227783203e-02 0.000000000000000000e+00 3.561794757843017578e-03 3.428858518600463867e-02 0.000000000000000000e+00 1.477396488189697266e-02 1.365745067596435547e-02 7.754445075988769531e-03 2.597445249557495117e-02
1.528130769729614258e-01 3.252327442169189453e-03 1.669049263000488281e-03 1.107287406921386719e-02 2.559751272201538086e-02 2.195423841476440430e-02 8.785903453826904297e-03 8.785963058471679688e-03 3.252327442169189453e-03 8.690059185028076172e-03 7.453680038452148438e-03 1.114910840988159180e-02 3.561675548553466797e-03 1.507443189620971680e-02 8.631175756454467773e-02 9.164428710937500000e-02 4.225760698318481445e-02 1.133477687835693359e-02 3.252208232879638672e-03 1.180797815322875977e-02 6.090635061264038086e-02 1.070970296859741211e-02 6.581014394760131836e-02 4.192769527435302734e-03 7.453799247741699219e-03 1.033622026443481445e-02 3.561794757843017578e-03 0.000000000000000000e+00 3.785037994384765625e-02 3.561794757843017578e-03 1.121217012405395508e-02 1.009565591812133789e-02 4.192650318145751953e-03 2.953624725341796875e-02
1.149626970291137695e-01 4.110270738601684570e-02 3.618133068084716797e-02 4.892325401306152344e-02 1.225286722183227539e-02 1.589614152908325195e-02 2.906447649002075195e-02 2.906441688537597656e-02 4.110270738601684570e-02 4.654043912887573242e-02 4.530405998229980469e-02 4.899948835372924805e-02 3.428870439529418945e-02 2.277594804763793945e-02 4.846137762069702148e-02 5.379390716552734375e-02 4.407227039337158203e-03 4.918515682220458984e-02 4.110258817672729492e-02 2.604240179061889648e-02 2.305597066879272461e-02 4.856008291244506836e-02 2.795976400375366211e-02 4.204314947128295898e-02 4.530417919158935547e-02 4.818660020828247070e-02 3.428858518600463867e-02 3.785037994384765625e-02 0.000000000000000000e+00 3.428858518600463867e-02 4.906255006790161133e-02 4.794603586196899414e-02 4.204303026199340820e-02 8.314132690429687500e-03
1.492512822151184082e-01 6.814122200012207031e-03 1.892745494842529297e-03 1.463466882705688477e-02 2.203571796417236328e-02 1.839244365692138672e-02 5.224108695983886719e-03 5.224168300628662109e-03 6.814122200012207031e-03 1.225185394287109375e-02 1.101547479629516602e-02 1.471090316772460938e-02 1.192092895507812500e-07 1.151263713836669922e-02 8.274996280670166016e-02 8.808249235153198242e-02 3.869581222534179688e-02 1.489657163619995117e-02 6.814002990722656250e-03 8.246183395385742188e-03 5.734455585479736328e-02 1.427149772644042969e-02 6.224834918975830078e-02 7.754564285278320312e-03 1.101559400558471680e-02 1.389801502227783203e-02 0.000000000000000000e+00 3.561794757843017578e-03 3.428858518600463867e-02 0.000000000000000000e+00 1.477396488189697266e-02 1.365745067596435547e-02 7.754445075988769531e-03 2.597445249557495117e-02
1.640252470970153809e-01 7.959842681884765625e-03 1.288121938705444336e-02 1.392960548400878906e-04 3.680968284606933594e-02 3.316640853881835938e-02 1.999807357788085938e-02 1.999813318252563477e-02 7.959842681884765625e-03 2.522110939025878906e-03 3.758490085601806641e-03 6.306171417236328125e-05 1.477384567260742188e-02 2.628660202026367188e-02 9.752392768859863281e-02 1.028564572334289551e-01 5.346977710723876953e-02 1.226067543029785156e-04 7.959961891174316406e-03 2.302014827728271484e-02 7.211852073669433594e-02 5.024671554565429688e-04 7.702231407165527344e-02 7.019400596618652344e-03 3.758370876312255859e-03 8.759498596191406250e-04 1.477396488189697266e-02 1.121217012405395508e-02 4.906255006790161133e-02 1.477396488189697266e-02 0.000000000000000000e+00 1.116514205932617188e-03 7.019519805908203125e-03 4.074841737747192383e-02
1.629087328910827637e-01 6.843328475952148438e-03 1.176470518112182617e-02 9.772181510925292969e-04 3.569316864013671875e-02 3.204989433288574219e-02 1.888155937194824219e-02 1.888161897659301758e-02 6.843328475952148438e-03 1.405596733093261719e-03 2.641975879669189453e-03 1.053452491760253906e-03 1.365733146667480469e-02 2.517008781433105469e-02 9.640741348266601562e-02 1.017399430274963379e-01 5.235326290130615234e-02 1.239120960235595703e-03 6.843447685241699219e-03 2.190363407135009766e-02 7.100200653076171875e-02 6.140470504760742188e-04 7.590579986572265625e-02 5.902886390686035156e-03 2.641856670379638672e-03 2.405643463134765625e-04 1.365745067596435547e-02 1.009565591812133789e-02 4.794603586196899414e-02 1.365745067596435547e-02 1.116514205932617188e-03 0.000000000000000000e+00 5.903005599975585938e-03 3.963190317153930664e-02
1.570057272911071777e-01 9.403228759765625000e-04 5.861699581146240234e-03 6.880223751068115234e-03 2.979016304016113281e-02 2.614688873291015625e-02 1.297855377197265625e-02 1.297861337661743164e-02 9.403228759765625000e-04 4.497408866882324219e-03 3.261029720306396484e-03 6.956458091735839844e-03 7.754325866699218750e-03 1.926708221435546875e-02 9.050440788269042969e-02 9.583693742752075195e-02 4.645025730133056641e-02 7.142126560211181641e-03 9.404420852661132812e-04 1.600062847137451172e-02 6.509900093078613281e-02 6.517052650451660156e-03 7.000279426574707031e-02 1.192092895507812500e-07 3.261148929595947266e-03 6.143569946289062500e-03 7.754445075988769531e-03 4.192650318145751953e-03 4.204303026199340820e-02 7.754445075988769531e-03 7.019519805908203125e-03 5.903005599975585938e-03 0.000000000000000000e+00 3.372889757156372070e-02
1.232768297195434570e-01 3.278857469558715820e-02 2.786719799041748047e-02 4.060912132263183594e-02 3.938734531402587891e-03 7.582008838653564453e-03 2.075034379959106445e-02 2.075028419494628906e-02 3.278857469558715820e-02 3.822630643844604492e-02 3.698992729187011719e-02 4.068535566329956055e-02 2.597457170486450195e-02 1.446181535720825195e-02 5.677551031112670898e-02 6.210803985595703125e-02 1.272135972976684570e-02 4.087102413177490234e-02 3.278845548629760742e-02 1.772826910018920898e-02 3.137010335922241211e-02 4.024595022201538086e-02 3.627389669418334961e-02 3.372901678085327148e-02 3.699004650115966797e-02 3.987246751785278320e-02 2.597445249557495117e-02 2.953624725341796875e-02 8.314132690429687500e-03 2.597445249557495117e-02 4.074841737747192383e-02 3.963190317153930664e-02 3.372889757156372070e-02 0.000000000000000000e+00
