0.000000000000000000e+00 7.554733753204345703e-02 1.814693212509155273e-02 8.959555625915527344e-02 7.554745674133300781e-02 5.469000339508056641e-02 7.173007726669311523e-02 6.035417318344116211e-02 7.644891738891601562e-02 8.707481622695922852e-02 8.071327209472656250e-02 8.789938688278198242e-02 7.794499397277832031e-02 5.468988418579101562e-02 4.737377166748046875e-03 5.737602710723876953e-02 1.814693212509155273e-02 9.282904863357543945e-02 7.173007726669311523e-02 8.658409118652343750e-02 2.538233995437622070e-02 8.071327209472656250e-02 9.988486766815185547e-03 6.803798675537109375e-02 7.173007726669311523e-02 8.325308561325073242e-02 3.533214330673217773e-02 6.301426887512207031e-02 1.379746198654174805e-02 6.803792715072631836e-02 9.522718191146850586e-02 9.578770399093627930e-02 6.803798675537109375e-02 2.186214923858642578e-02
7.554733753204345703e-02 0.000000000000000000e+00 5.740040540695190430e-02 1.404821872711181641e-02 1.192092895507812500e-07 2.085733413696289062e-02 3.817260265350341797e-03 1.519316434860229492e-02 9.015798568725585938e-04 1.152747869491577148e-02 5.165934562683105469e-03 1.235204935073852539e-02 2.397656440734863281e-03 2.085745334625244141e-02 7.080996036529541016e-02 1.329233646392822266e-01 5.740040540695190430e-02 1.728171110153198242e-02 3.817260265350341797e-03 1.103675365447998047e-02 5.016499757766723633e-02 5.165934562683105469e-03 8.553582429885864258e-02 7.509350776672363281e-03 3.817260265350341797e-03 7.705748081207275391e-03 4.021519422531127930e-02 1.253306865692138672e-02 6.174987554550170898e-02 7.509410381317138672e-03 1.967984437942504883e-02 2.024036645889282227e-02 7.509350776672363281e-03 5.368518829345703125e-02
1.814693212509155273e-02 5.740040540695190430e-02 0.000000000000000000e+00 7.144862413406372070e-02 5.740052461624145508e-02 3.654307126998901367e-02 5.358314514160156250e-02 4.220724105834960938e-02 5.830198526382446289e-02 6.892788410186767578e-02 6.256633996963500977e-02 6.975245475769042969e-02 5.979806184768676758e-02 3.654295206069946289e-02 1.340955495834350586e-02 7.552295923233032227e-02 0.000000000000000000e+00 7.468211650848388672e-02 5.358314514160156250e-02 6.843715906143188477e-02 7.235407829284667969e-03 6.256633996963500977e-02 2.813541889190673828e-02 4.989105463027954102e-02 5.358314514160156250e-02 6.510615348815917969e-02 1.718521118164062500e-02 4.486733675003051758e-02 4.349470138549804688e-03 4.989099502563476562e-02 7.708024978637695312e-02 7.764077186584472656e-02 4.989105463027954102e-02 3.715217113494873047e-03
8.959555625915527344e-02 1.404821872711181641e-02 7.144862413406372070e-02 0.000000000000000000e+00 1.404809951782226562e-02 3.490555286407470703e-02 1.786547899246215820e-02 2.924138307571411133e-02 1.314663887023925781e-02 2.520740032196044922e-03 8.882284164428710938e-03 1.696169376373291016e-03 1.165056228637695312e-02 3.490567207336425781e-02 8.485817909240722656e-02 1.469715833663940430e-01 7.144862413406372070e-02 3.233492374420166016e-03 1.786547899246215820e-02 3.011465072631835938e-03 6.421321630477905273e-02 8.882284164428710938e-03 9.958404302597045898e-02 2.155756950378417969e-02 1.786547899246215820e-02 6.342470645904541016e-03 5.426341295242309570e-02 2.658128738403320312e-02 7.579809427261352539e-02 2.155762910842895508e-02 5.631625652313232422e-03 6.192147731781005859e-03 2.155756950378417969e-02 6.773340702056884766e-02
7.554745674133300781e-02 1.192092895507812500e-07 5.740052461624145508e-02 1.404809951782226562e-02 0.000000000000000000e+00 2.085745334625244141e-02 3.817379474639892578e-03 1.519328355789184570e-02 9.014606475830078125e-04 1.152735948562622070e-02 5.165815353393554688e-03 1.235193014144897461e-02 2.397537231445312500e-03 2.085757255554199219e-02 7.081007957458496094e-02 1.329234838485717773e-01 5.740052461624145508e-02 1.728159189224243164e-02 3.817379474639892578e-03 1.103663444519042969e-02 5.016511678695678711e-02 5.165815353393554688e-03 8.553594350814819336e-02 7.509469985961914062e-03 3.817379474639892578e-03 7.705628871917724609e-03 4.021531343460083008e-02 1.253318786621093750e-02 6.174999475479125977e-02 7.509529590606689453e-03 1.967972517013549805e-02 2.024024724960327148e-02 7.509469985961914062e-03 5.368530750274658203e-02
5.469000339508056641e-02 2.085733413696289062e-02 3.654307126998901367e-02 3.490555286407470703e-02 2.085745334625244141e-02 0.000000000000000000e+00 1.704007387161254883e-02 5.664169788360595703e-03 2.175891399383544922e-02 3.238481283187866211e-02 2.602326869964599609e-02 3.320938348770141602e-02 2.325499057769775391e-02 1.192092895507812500e-07 4.995262622833251953e-02 1.120660305023193359e-01 3.654307126998901367e-02 3.813904523849487305e-02 1.704007387161254883e-02 3.189408779144287109e-02 2.930766344070434570e-02 2.602326869964599609e-02 6.467849016189575195e-02 1.334798336029052734e-02 1.704007387161254883e-02 2.856308221817016602e-02 1.935786008834838867e-02 8.324265480041503906e-03 4.089254140853881836e-02 1.334792375564575195e-02 4.053717851638793945e-02 4.109770059585571289e-02 1.334798336029052734e-02 3.282785415649414062e-02
7.173007726669311523e-02 3.817260265350341797e-03 5.358314514160156250e-02 1.786547899246215820e-02 3.817379474639892578e-03 1.704007387161254883e-02 0.000000000000000000e+00 1.137590408325195312e-02 4.718840122222900391e-03 1.534473896026611328e-02 8.983194828033447266e-03 1.616930961608886719e-02 6.214916706085205078e-03 1.704019308090209961e-02 6.699270009994506836e-02 1.291061043739318848e-01 5.358314514160156250e-02 2.109897136688232422e-02 0.000000000000000000e+00 1.485401391983032227e-02 4.634773731231689453e-02 8.983194828033447266e-03 8.171856403350830078e-02 3.692090511322021484e-03 0.000000000000000000e+00 1.152300834655761719e-02 3.639793395996093750e-02 8.715808391571044922e-03 5.793261528015136719e-02 3.692150115966796875e-03 2.349710464477539062e-02 2.405762672424316406e-02 3.692090511322021484e-03 4.986792802810668945e-02
6.035417318344116211e-02 1.519316434860229492e-02 4.220724105834960938e-02 2.924138307571411133e-02 1.519328355789184570e-02 5.664169788360595703e-03 1.137590408325195312e-02 0.000000000000000000e+00 1.609474420547485352e-02 2.672064304351806641e-02 2.035909891128540039e-02 2.754521369934082031e-02 1.759082078933715820e-02 5.664288997650146484e-03 5.561679601669311523e-02 1.177302002906799316e-01 4.220724105834960938e-02 3.247487545013427734e-02 1.137590408325195312e-02 2.622991800308227539e-02 3.497183322906494141e-02 2.035909891128540039e-02 7.034265995025634766e-02 7.683813571929931641e-03 1.137590408325195312e-02 2.289891242980957031e-02 2.502202987670898438e-02 2.660095691680908203e-03 4.655671119689941406e-02 7.683753967285156250e-03 3.487300872802734375e-02 3.543353080749511719e-02 7.683813571929931641e-03 3.849202394485473633e-02
7.644891738891601562e-02 9.015798568725585938e-04 5.830198526382446289e-02 1.314663887023925781e-02 9.014606475830078125e-04 2.175891399383544922e-02 4.718840122222900391e-03 1.609474420547485352e-02 0.000000000000000000e+00 1.062589883804321289e-02 4.264354705810546875e-03 1.145046949386596680e-02 1.496076583862304688e-03 2.175903320312500000e-02 7.171154022216796875e-02 1.338249444961547852e-01 5.830198526382446289e-02 1.638013124465942383e-02 4.718840122222900391e-03 1.013517379760742188e-02 5.106657743453979492e-02 4.264354705810546875e-03 8.643740415573120117e-02 8.410930633544921875e-03 4.718840122222900391e-03 6.804168224334716797e-03 4.111677408218383789e-02 1.343464851379394531e-02 6.265145540237426758e-02 8.410990238189697266e-03 1.877826452255249023e-02 1.933878660202026367e-02 8.410930633544921875e-03 5.458676815032958984e-02
8.707481622695922852e-02 1.152747869491577148e-02 6.892788410186767578e-02 2.520740032196044922e-03 1.152735948562622070e-02 3.238481283187866211e-02 1.534473896026611328e-02 2.672064304351806641e-02 1.062589883804321289e-02 0.000000000000000000e+00 6.361544132232666016e-03 8.245706558227539062e-04 9.129822254180908203e-03 3.238493204116821289e-02 8.233743906021118164e-02 1.444508433341979980e-01 6.892788410186767578e-02 5.754232406616210938e-03 1.534473896026611328e-02 4.907250404357910156e-04 6.169247627258300781e-02 6.361544132232666016e-03 9.706330299377441406e-02 1.903682947158813477e-02 1.534473896026611328e-02 3.821730613708496094e-03 5.174267292022705078e-02 2.406054735183715820e-02 7.327735424041748047e-02 1.903688907623291016e-02 8.152365684509277344e-03 8.712887763977050781e-03 1.903682947158813477e-02 6.521266698837280273e-02
8.071327209472656250e-02 5.165934562683105469e-03 6.256633996963500977e-02 8.882284164428710938e-03 5.165815353393554688e-03 2.602326869964599609e-02 8.983194828033447266e-03 2.035909891128540039e-02 4.264354705810546875e-03 6.361544132232666016e-03 0.000000000000000000e+00 7.186114788055419922e-03 2.768278121948242188e-03 2.602338790893554688e-02 7.597589492797851562e-02 1.380892992019653320e-01 6.256633996963500977e-02 1.211577653884887695e-02 8.983194828033447266e-03 5.870819091796875000e-03 5.533093214035034180e-02 0.000000000000000000e+00 9.070175886154174805e-02 1.267528533935546875e-02 8.983194828033447266e-03 2.539813518524169922e-03 4.538112878799438477e-02 1.769900321960449219e-02 6.691581010818481445e-02 1.267534494400024414e-02 1.451390981674194336e-02 1.507443189620971680e-02 1.267528533935546875e-02 5.885112285614013672e-02
8.789938688278198242e-02 1.235204935073852539e-02 6.975245475769042969e-02 1.696169376373291016e-03 1.235193014144897461e-02 3.320938348770141602e-02 1.616930961608886719e-02 2.754521369934082031e-02 1.145046949386596680e-02 8.245706558227539062e-04 7.186114788055419922e-03 0.000000000000000000e+00 9.954392910003662109e-03 3.320950269699096680e-02 8.316200971603393555e-02 1.452754139900207520e-01 6.975245475769042969e-02 4.929661750793457031e-03 1.616930961608886719e-02 1.315295696258544922e-03 6.251704692840576172e-02 7.186114788055419922e-03 9.788787364959716797e-02 1.986140012741088867e-02 1.616930961608886719e-02 4.646301269531250000e-03 5.256724357604980469e-02 2.488511800765991211e-02 7.410192489624023438e-02 1.986145973205566406e-02 7.327795028686523438e-03 7.888317108154296875e-03 1.986140012741088867e-02 6.603723764419555664e-02
7.794499397277832031e-02 2.397656440734863281e-03 5.979806184768676758e-02 1.165056228637695312e-02 2.397537231445312500e-03 2.325499057769775391e-02 6.214916706085205078e-03 1.759082078933715820e-02 1.496076583862304688e-03 9.129822254180908203e-03 2.768278121948242188e-03 9.954392910003662109e-03 0.000000000000000000e+00 2.325510978698730469e-02 7.320761680603027344e-02 1.353210210800170898e-01 5.979806184768676758e-02 1.488405466079711914e-02 6.214916706085205078e-03 8.639097213745117188e-03 5.256265401840209961e-02 2.768278121948242188e-03 8.793348073959350586e-02 9.907007217407226562e-03 6.214916706085205078e-03 5.308091640472412109e-03 4.261285066604614258e-02 1.493072509765625000e-02 6.414753198623657227e-02 9.907066822052001953e-03 1.728218793869018555e-02 1.784271001815795898e-02 9.907007217407226562e-03 5.608284473419189453e-02
5.468988418579101562e-02 2.085745334625244141e-02 3.654295206069946289e-02 3.490567207336425781e-02 2.085757255554199219e-02 1.192092895507812500e-07 1.704019308090209961e-02 5.664288997650146484e-03 2.175903320312500000e-02 3.238493204116821289e-02 2.602338790893554688e-02 3.320950269699096680e-02 2.325510978698730469e-02 0.000000000000000000e+00 4.995250701904296875e-02 1.120659112930297852e-01 3.654295206069946289e-02 3.813916444778442383e-02 1.704019308090209961e-02 3.189420700073242188e-02 2.930754423141479492e-02 2.602338790893554688e-02 6.467837095260620117e-02 1.334810256958007812e-02 1.704019308090209961e-02 2.856320142745971680e-02 1.935774087905883789e-02 8.324384689331054688e-03 4.089242219924926758e-02 1.334804296493530273e-02 4.053729772567749023e-02 4.109781980514526367e-02 1.334810256958007812e-02 3.282773494720458984e-02
4.737377166748046875e-03 7.080996036529541016e-02 1.340955495834350586e-02 8.485817909240722656e-02 7.081007957458496094e-02 4.995262622833251953e-02 6.699270009994506836e-02 5.561679601669311523e-02 7.171154022216796875e-02 8.233743906021118164e-02 7.597589492797851562e-02 8.316200971603393555e-02 7.320761680603027344e-02 4.995250701904296875e-02 0.000000000000000000e+00 6.211340427398681641e-02 1.340955495834350586e-02 8.809167146682739258e-02 6.699270009994506836e-02 8.184671401977539062e-02 2.064496278762817383e-02 7.597589492797851562e-02 1.472586393356323242e-02 6.330060958862304688e-02 6.699270009994506836e-02 7.851570844650268555e-02 3.059476613998413086e-02 5.827689170837402344e-02 9.060084819793701172e-03 6.330054998397827148e-02 9.048980474472045898e-02 9.105032682418823242e-02 6.330060958862304688e-02 1.712477207183837891e-02
5.737602710723876953e-02 1.329233646392822266e-01 7.552295923233032227e-02 1.469715833663940430e-01 1.329234838485717773e-01 1.120660305023193359e-01 1.291061043739318848e-01 1.177302002906799316e-01 1.338249444961547852e-01 1.444508433341979980e-01 1.380892992019653320e-01 1.452754139900207520e-01 1.353210210800170898e-01 1.120659112930297852e-01 6.211340427398681641e-02 0.000000000000000000e+00 7.552295923233032227e-02 1.502050757408142090e-01 1.291061043739318848e-01 1.439601182937622070e-01 8.275836706161499023e-02 1.380892992019653320e-01 4.738754034042358398e-02 1.254140138626098633e-01 1.291061043739318848e-01 1.406291127204895020e-01 9.270817041397094727e-02 1.203902959823608398e-01 7.117348909378051758e-02 1.254139542579650879e-01 1.526032090187072754e-01 1.531637310981750488e-01 1.254140138626098633e-01 7.923817634582519531e-02
1.814693212509155273e-02 5.740040540695190430e-02 0.000000000000000000e+00 7.144862413406372070e-02 5.740052461624145508e-02 3.654307126998901367e-02 5.358314514160156250e-02 4.220724105834960938e-02 5.830198526382446289e-02 6.892788410186767578e-02 6.256633996963500977e-02 6.975245475769042969e-02 5.979806184768676758e-02 3.654295206069946289e-02 1.340955495834350586e-02 7.552295923233032227e-02 0.000000000000000000e+00 7.468211650848388672e-02 5.358314514160156250e-02 6.843715906143188477e-02 7.235407829284667969e-03 6.256633996963500977e-02 2.813541889190673828e-02 4.989105463027954102e-02 5.358314514160156250e-02 6.510615348815917969e-02 1.718521118164062500e-02 4.486733675003051758e-02 4.349470138549804688e-03 4.989099502563476562e-02 7.708024978637695312e-02 7.764077186584472656e-02 4.989105463027954102e-02 3.715217113494873047e-03
9.282904863357543945e-02 1.728171110153198242e-02 7.468211650848388672e-02 3.233492374420166016e-03 1.728159189224243164e-02 3.813904523849487305e-02 2.109897136688232422e-02 3.247487545013427734e-02 1.638013124465942383e-02 5.754232406616210938e-03 1.211577653884887695e-02 4.929661750793457031e-03 1.488405466079711914e-02 3.813916444778442383e-02 8.809167146682739258e-02 1.502050757408142090e-01 7.468211650848388672e-02 0.000000000000000000e+00 2.109897136688232422e-02 6.244957447052001953e-03 6.744670867919921875e-02 1.211577653884887695e-02 1.028175354003906250e-01 2.479106187820434570e-02 2.109897136688232422e-02 9.575963020324707031e-03 5.749690532684326172e-02 2.981477975845336914e-02 7.903158664703369141e-02 2.479112148284912109e-02 2.398133277893066406e-03 2.958655357360839844e-03 2.479106187820434570e-02 7.096689939498901367e-02
7.173007726669311523e-02 3.817260265350341797e-03 5.358314514160156250e-02 1.786547899246215820e-02 3.817379474639892578e-03 1.704007387161254883e-02 0.000000000000000000e+00 1.137590408325195312e-02 4.718840122222900391e-03 1.534473896026611328e-02 8.983194828033447266e-03 1.616930961608886719e-02 6.214916706085205078e-03 1.704019308090209961e-02 6.699270009994506836e-02 1.291061043739318848e-01 5.358314514160156250e-02 2.109897136688232422e-02 0.000000000000000000e+00 1.485401391983032227e-02 4.634773731231689453e-02 8.983194828033447266e-03 8.171856403350830078e-02 3.692090511322021484e-03 0.000000000000000000e+00 1.152300834655761719e-02 3.639793395996093750e-02 8.715808391571044922e-03 5.793261528015136719e-02 3.692150115966796875e-03 2.349710464477539062e-02 2.405762672424316406e-02 3.692090511322021484e-03 4.986792802810668945e-02
8.658409118652343750e-02 1.103675365447998047e-02 6.843715906143188477e-02 3.011465072631835938e-03 1.103663444519042969e-02 3.189408779144287109e-02 1.485401391983032227e-02 2.622991800308227539e-02 1.013517379760742188e-02 4.907250404357910156e-04 5.870819091796875000e-03 1.315295696258544922e-03 8.639097213745117188e-03 3.189420700073242188e-02 8.184671401977539062e-02 1.439601182937622070e-01 6.843715906143188477e-02 6.244957447052001953e-03 1.485401391983032227e-02 0.000000000000000000e+00 6.120175123214721680e-02 5.870819091796875000e-03 9.657257795333862305e-02 1.854610443115234375e-02 1.485401391983032227e-02 3.331005573272705078e-03 5.125194787979125977e-02 2.356982231140136719e-02 7.278662919998168945e-02 1.854616403579711914e-02 8.643090724945068359e-03 9.203612804412841797e-03 1.854610443115234375e-02 6.472194194793701172e-02
2.538233995437622070e-02 5.016499757766723633e-02 7.235407829284667969e-03 6.421321630477905273e-02 5.016511678695678711e-02 2.930766344070434570e-02 4.634773731231689453e-02 3.497183322906494141e-02 5.106657743453979492e-02 6.169247627258300781e-02 5.533093214035034180e-02 6.251704692840576172e-02 5.256265401840209961e-02 2.930754423141479492e-02 2.064496278762817383e-02 8.275836706161499023e-02 7.235407829284667969e-03 6.744670867919921875e-02 4.634773731231689453e-02 6.120175123214721680e-02 0.000000000000000000e+00 5.533093214035034180e-02 3.537082672119140625e-02 4.265564680099487305e-02 4.634773731231689453e-02 5.787074565887451172e-02 9.949803352355957031e-03 3.763192892074584961e-02 1.158487796783447266e-02 4.265558719635009766e-02 6.984484195709228516e-02 7.040536403656005859e-02 4.265564680099487305e-02 3.520190715789794922e-03
8.071327209472656250e-02 5.165934562683105469e-03 6.256633996963500977e-02 8.882284164428710938e-03 5.165815353393554688e-03 2.602326869964599609e-02 8.983194828033447266e-03 2.035909891128540039e-02 4.264354705810546875e-03 6.361544132232666016e-03 0.000000000000000000e+00 7.186114788055419922e-03 2.768278121948242188e-03 2.602338790893554688e-02 7.597589492797851562e-02 1.380892992019653320e-01 6.256633996963500977e-02 1.211577653884887695e-02 8.983194828033447266e-03 5.870819091796875000e-03 5.533093214035034180e-02 0.000000000000000000e+00 9.070175886154174805e-02 1.267528533935546875e-02 8.983194828033447266e-03 2.539813518524169922e-03 4.538112878799438477e-02 1.769900321960449219e-02 6.691581010818481445e-02 1.267534494400024414e-02 1.451390981674194336e-02 1.507443189620971680e-02 1.267528533935546875e-02 5.885112285614013672e-02
9.988486766815185547e-03 8.553582429885864258e-02 2.813541889190673828e-02 9.958404302597045898e-02 8.553594350814819336e-02 6.467849016189575195e-02 8.171856403350830078e-02 7.034265995025634766e-02 8.643740415573120117e-02 9.706330299377441406e-02 9.070175886154174805e-02 9.788787364959716797e-02 8.793348073959350586e-02 6.467837095260620117e-02 1.472586393356323242e-02 4.738754034042358398e-02 2.813541889190673828e-02 1.028175354003906250e-01 8.171856403350830078e-02 9.657257795333862305e-02 3.537082672119140625e-02 9.070175886154174805e-02 0.000000000000000000e+00 7.802647352218627930e-02 8.171856403350830078e-02 9.324157238006591797e-02 4.532063007354736328e-02 7.300275564193725586e-02 2.378594875335693359e-02 7.802641391754150391e-02 1.052156686782836914e-01 1.057761907577514648e-01 7.802647352218627930e-02 3.185063600540161133e-02
6.803798675537109375e-02 7.509350776672363281e-03 4.989105463027954102e-02 2.155756950378417969e-02 7.509469985961914062e-03 1.334798336029052734e-02 3.692090511322021484e-03 7.683813571929931641e-03 8.410930633544921875e-03 1.903682947158813477e-02 1.267528533935546875e-02 1.986140012741088867e-02 9.907007217407226562e-03 1.334810256958007812e-02 6.330060958862304688e-02 1.254140138626098633e-01 4.989105463027954102e-02 2.479106187820434570e-02 3.692090511322021484e-03 1.854610443115234375e-02 4.265564680099487305e-02 1.267528533935546875e-02 7.802647352218627930e-02 0.000000000000000000e+00 3.692090511322021484e-03 1.521509885787963867e-02 3.270584344863891602e-02 5.023717880249023438e-03 5.424052476882934570e-02 5.960464477539062500e-08 2.718919515609741211e-02 2.774971723556518555e-02 0.000000000000000000e+00 4.617583751678466797e-02
7.173007726669311523e-02 3.817260265350341797e-03 5.358314514160156250e-02 1.786547899246215820e-02 3.817379474639892578e-03 1.704007387161254883e-02 0.000000000000000000e+00 1.137590408325195312e-02 4.718840122222900391e-03 1.534473896026611328e-02 8.983194828033447266e-03 1.616930961608886719e-02 6.214916706085205078e-03 1.704019308090209961e-02 6.699270009994506836e-02 1.291061043739318848e-01 5.358314514160156250e-02 2.109897136688232422e-02 0.000000000000000000e+00 1.485401391983032227e-02 4.634773731231689453e-02 8.983194828033447266e-03 8.171856403350830078e-02 3.692090511322021484e-03 0.000000000000000000e+00 1.152300834655761719e-02 3.639793395996093750e-02 8.715808391571044922e-03 5.793261528015136719e-02 3.692150115966796875e-03 2.349710464477539062e-02 2.405762672424316406e-02 3.692090511322021484e-03 4.986792802810668945e-02
8.325308561325073242e-02 7.705748081207275391e-03 6.510615348815917969e-02 6.342470645904541016e-03 7.705628871917724609e-03 2.856308221817016602e-02 1.152300834655761719e-02 2.289891242980957031e-02 6.804168224334716797e-03 3.821730613708496094e-03 2.539813518524169922e-03 4.646301269531250000e-03 5.308091640472412109e-03 2.856320142745971680e-02 7.851570844650268555e-02 1.406291127204895020e-01 6.510615348815917969e-02 9.575963020324707031e-03 1.152300834655761719e-02 3.331005573272705078e-03 5.787074565887451172e-02 2.539813518524169922e-03 9.324157238006591797e-02 1.521509885787963867e-02 1.152300834655761719e-02 0.000000000000000000e+00 4.792094230651855469e-02 2.023881673812866211e-02 6.945562362670898438e-02 1.521515846252441406e-02 1.197409629821777344e-02 1.253461837768554688e-02 1.521509885787963867e-02 6.139093637466430664e-02
3.533214330673217773e-02 4.021519422531127930e-02 1.718521118164062500e-02 5.426341295242309570e-02 4.021531343460083008e-02 1.935786008834838867e-02 3.639793395996093750e-02 2.502202987670898438e-02 4.111677408218383789e-02 5.174267292022705078e-02 4.538112878799438477e-02 5.256724357604980469e-02 4.261285066604614258e-02 1.935774087905883789e-02 3.059476613998413086e-02 9.270817041397094727e-02 1.718521118164062500e-02 5.749690532684326172e-02 3.639793395996093750e-02 5.125194787979125977e-02 9.949803352355957031e-03 4.538112878799438477e-02 4.532063007354736328e-02 3.270584344863891602e-02 3.639793395996093750e-02 4.792094230651855469e-02 0.000000000000000000e+00 2.768212556838989258e-02 2.153468132019042969e-02 3.270578384399414062e-02 5.989503860473632812e-02 6.045556068420410156e-02 3.270584344863891602e-02 1.346999406814575195e-02
6.301426887512207031e-02 1.253306865692138672e-02 4.486733675003051758e-02 2.658128738403320312e-02 1.253318786621093750e-02 8.324265480041503906e-03 8.715808391571044922e-03 2.660095691680908203e-03 1.343464851379394531e-02 2.406054735183715820e-02 1.769900321960449219e-02 2.488511800765991211e-02 1.493072509765625000e-02 8.324384689331054688e-03 5.827689170837402344e-02 1.203902959823608398e-01 4.486733675003051758e-02 2.981477975845336914e-02 8.715808391571044922e-03 2.356982231140136719e-02 3.763192892074584961e-02 1.769900321960449219e-02 7.300275564193725586e-02 5.023717880249023438e-03 8.715808391571044922e-03 2.023881673812866211e-02 2.768212556838989258e-02 0.000000000000000000e+00 4.921680688858032227e-02 5.023658275604248047e-03 3.221291303634643555e-02 3.277343511581420898e-02 5.023717880249023438e-03 4.115211963653564453e-02
1.379746198654174805e-02 6.174987554550170898e-02 4.349470138549804688e-03 7.579809427261352539e-02 6.174999475479125977e-02 4.089254140853881836e-02 5.793261528015136719e-02 4.655671119689941406e-02 6.265145540237426758e-02 7.327735424041748047e-02 6.691581010818481445e-02 7.410192489624023438e-02 6.414753198623657227e-02 4.089242219924926758e-02 9.060084819793701172e-03 7.117348909378051758e-02 4.349470138549804688e-03 7.903158664703369141e-02 5.793261528015136719e-02 7.278662919998168945e-02 1.158487796783447266e-02 6.691581010818481445e-02 2.378594875335693359e-02 5.424052476882934570e-02 5.793261528015136719e-02 6.945562362670898438e-02 2.153468132019042969e-02 4.921680688858032227e-02 0.000000000000000000e+00 5.424046516418457031e-02 8.142971992492675781e-02 8.199024200439453125e-02 5.424052476882934570e-02 8.064687252044677734e-03
6.803792715072631836e-02 7.509410381317138672e-03 4.989099502563476562e-02 2.155762910842895508e-02 7.509529590606689453e-03 1.334792375564575195e-02 3.692150115966796875e-03 7.683753967285156250e-03 8.410990238189697266e-03 1.903688907623291016e-02 1.267534494400024414e-02 1.986145973205566406e-02 9.907066822052001953e-03 1.334804296493530273e-02 6.330054998397827148e-02 1.254139542579650879e-01 4.989099502563476562e-02 2.479112148284912109e-02 3.692150115966796875e-03 1.854616403579711914e-02 4.265558719635009766e-02 1.267534494400024414e-02 7.802641391754150391e-02 5.960464477539062500e-08 3.692150115966796875e-03 1.521515846252441406e-02 3.270578384399414062e-02 5.023658275604248047e-03 5.424046516418457031e-02 0.000000000000000000e+00 2.718925476074218750e-02 2.774977684020996094e-02 5.960464477539062500e-08 4.617577791213989258e-02
9.522718191146850586e-02 1.967984437942504883e-02 7.708024978637695312e-02 5.631625652313232422e-03 1.967972517013549805e-02 4.053717851638793945e-02 2.349710464477539062e-02 3.487300872802734375e-02 1.877826452255249023e-02 8.152365684509277344e-03 1.451390981674194336e-02 7.327795028686523438e-03 1.728218793869018555e-02 4.053729772567749023e-02 9.048980474472045898e-02 1.526032090187072754e-01 7.708024978637695312e-02 2.398133277893066406e-03 2.349710464477539062e-02 8.643090724945068359e-03 6.984484195709228516e-02 1.451390981674194336e-02 1.052156686782836914e-01 2.718919515609741211e-02 2.349710464477539062e-02 1.197409629821777344e-02 5.989503860473632812e-02 3.221291303634643555e-02 8.142971992492675781e-02 2.718925476074218750e-02 0.000000000000000000e+00 5.605220794677734375e-04 2.718919515609741211e-02 7.336503267288208008e-02
9.578770399093627930e-02 2.024036645889282227e-02 7.764077186584472656e-02 6.192147731781005859e-03 2.024024724960327148e-02 4.109770059585571289e-02 2.405762672424316406e-02 3.543353080749511719e-02 1.933878660202026367e-02 8.712887763977050781e-03 1.507443189620971680e-02 7.888317108154296875e-03 1.784271001815795898e-02 4.109781980514526367e-02 9.105032682418823242e-02 1.531637310981750488e-01 7.764077186584472656e-02 2.958655357360839844e-03 2.405762672424316406e-02 9.203612804412841797e-03 7.040536403656005859e-02 1.507443189620971680e-02 1.057761907577514648e-01 2.774971723556518555e-02 2.405762672424316406e-02 1.253461837768554688e-02 6.045556068420410156e-02 3.277343511581420898e-02 8.199024200439453125e-02 2.774977684020996094e-02 5.605220794677734375e-04 0.000000000000000000e+00 2.774971723556518555e-02 7.392555475234985352e-02
6.803798675537109375e-02 7.509350776672363281e-03 4.989105463027954102e-02 2.155756950378417969e-02 7.509469985961914062e-03 1.334798336029052734e-02 3.692090511322021484e-03 7.683813571929931641e-03 8.410930633544921875e-03 1.903682947158813477e-02 1.267528533935546875e-02 1.986140012741088867e-02 9.907007217407226562e-03 1.334810256958007812e-02 6.330060958862304688e-02 1.254140138626098633e-01 4.989105463027954102e-02 2.479106187820434570e-02 3.692090511322021484e-03 1.854610443115234375e-02 4.265564680099487305e-02 1.267528533935546875e-02 7.802647352218627930e-02 0.000000000000000000e+00 3.692090511322021484e-03 1.521509885787963867e-02 3.270584344863891602e-02 5.023717880249023438e-03 5.424052476882934570e-02 5.960464477539062500e-08 2.718919515609741211e-02 2.774971723556518555e-02 0.000000000000000000e+00 4.617583751678466797e-02
2.186214923858642578e-02 5.368518829345703125e-02 3.715217113494873047e-03 6.773340702056884766e-02 5.368530750274658203e-02 3.282785415649414062e-02 4.986792802810668945e-02 3.849202394485473633e-02 5.458676815032958984e-02 6.521266698837280273e-02 5.885112285614013672e-02 6.603723764419555664e-02 5.608284473419189453e-02 3.282773494720458984e-02 1.712477207183837891e-02 7.923817634582519531e-02 3.715217113494873047e-03 7.096689939498901367e-02 4.986792802810668945e-02 6.472194194793701172e-02 3.520190715789794922e-03 5.885112285614013672e-02 3.185063600540161133e-02 4.617583751678466797e-02 4.986792802810668945e-02 6.139093637466430664e-02 1.346999406814575195e-02 4.115211963653564453e-02 8.064687252044677734e-03 4.617577791213989258e-02 7.336503267288208008e-02 7.392555475234985352e-02 4.617583751678466797e-02 0.000000000000000000e+00
