0.000000000000000000e+00 4.403462633490562439e-02 1.136089935898780823e-01 1.292489320039749146e-01 5.194805189967155457e-02 1.526446547359228134e-02 4.936636984348297119e-02 4.771713167428970337e-02 5.756767094135284424e-02 1.136089935898780823e-01 4.146509990096092224e-02 3.739715740084648132e-02 1.574514806270599365e-02 3.930735960602760315e-02 5.966101586818695068e-02 5.435195565223693848e-02 4.857304692268371582e-02 3.040894865989685059e-02 6.303889304399490356e-02 1.885175704956054688e-01 1.174219548702239990e-01 2.645698375999927521e-02 2.097902074456214905e-02 4.266115278005599976e-02 1.386420149356126785e-02 1.331699341535568237e-01 5.938514322042465210e-02 1.174219548702239990e-01 4.673539474606513977e-02 5.495341494679450989e-02 1.069433391094207764e-01 8.084824681282043457e-02 6.446991581469774246e-03 5.437191203236579895e-02
4.403462633490562439e-02 0.000000000000000000e+00 6.992417573928833008e-02 8.570207655429840088e-02 9.576361626386642456e-02 5.925925821065902710e-02 5.343360360711812973e-03 9.155937284231185913e-02 1.356743834912776947e-02 6.992417573928833008e-02 8.534389734268188477e-02 6.648416165262460709e-03 2.830910496413707733e-02 8.319798111915588379e-02 1.034239307045936584e-01 1.034208387136459351e-02 4.548151046037673950e-03 7.434402406215667725e-02 1.905717141926288605e-02 1.456923782825469971e-01 7.376875728368759155e-02 1.759814284741878510e-02 2.307692356407642365e-02 1.376056578010320663e-03 5.786349996924400330e-02 8.966109156608581543e-02 1.539076585322618484e-02 7.376875728368759155e-02 9.058360010385513306e-02 1.094527356326580048e-02 6.320635974407196045e-02 1.244398504495620728e-01 5.046728998422622681e-02 9.817148745059967041e-02
1.136089935898780823e-01 6.992417573928833008e-02 0.000000000000000000e+00 1.587301678955554962e-02 1.645856946706771851e-01 1.286503523588180542e-01 6.460495293140411377e-02 1.604562699794769287e-01 5.641025677323341370e-02 0.000000000000000000e+00 1.543469876050949097e-01 7.653701305389404297e-02 9.803921729326248169e-02 1.522365063428878784e-01 1.721034944057464600e-01 5.962521210312843323e-02 6.539682298898696899e-02 1.435221135616302490e-01 5.093488097190856934e-02 7.654802501201629639e-02 3.864514641463756561e-03 8.741475641727447510e-02 9.285127371549606323e-02 7.129337638616561890e-02 1.272727251052856445e-01 1.986143179237842560e-02 5.459216609597206116e-02 3.864514641463756561e-03 1.594975292682647705e-01 5.902407690882682800e-02 6.747638341039419174e-03 1.926873922348022461e-01 1.199681162834167480e-01 1.669496297836303711e-01
1.292489320039749146e-01 8.570207655429840088e-02 1.587301678955554962e-02 0.000000000000000000e+00 1.799885034561157227e-01 1.442288458347320557e-01 8.039552718400955200e-02 1.758813261985778809e-01 7.221860438585281372e-02 1.587301678955554962e-02 1.698039919137954712e-01 9.229789674282073975e-02 1.137352362275123596e-01 1.677042841911315918e-01 1.874643862247467041e-01 7.542683929204940796e-02 8.118556439876556396e-02 1.590328216552734375e-01 6.675392389297485352e-02 6.074882298707962036e-02 1.200923789292573929e-02 1.031446531414985657e-01 1.085642874240875244e-01 8.706786483526229858e-02 1.428571492433547974e-01 3.989673685282468796e-03 7.040417194366455078e-02 1.200923789292573929e-02 1.749276816844940186e-01 7.482699304819107056e-02 2.261823229491710663e-02 2.079244554042816162e-01 1.355829387903213501e-01 1.823394447565078735e-01
5.194805189967155457e-02 9.576361626386642456e-02 1.645856946706771851e-01 1.799885034561157227e-01 0.000000000000000000e+00 3.671269863843917847e-02 1.010552644729614258e-01 4.241435788571834564e-03 1.091891899704933167e-01 1.645856946706771851e-01 1.050558127462863922e-02 8.917197585105895996e-02 6.763787567615509033e-02 1.266655698418617249e-02 7.736944127827882767e-03 1.060007214546203613e-01 1.002680957317352295e-01 2.157318219542503357e-02 1.146116256713867188e-01 2.381335496902465820e-01 1.683431416749954224e-01 7.829742878675460815e-02 7.284767925739288330e-02 9.440000355243682861e-02 3.811129927635192871e-02 1.838461607694625854e-01 1.109907925128936768e-01 1.683431416749954224e-01 5.225342698395252228e-03 1.065971627831459045e-01 1.580135375261306763e-01 2.902208268642425537e-02 4.551630467176437378e-02 2.430724445730447769e-03
1.526446547359228134e-02 5.925925821065902710e-02 1.286503523588180542e-01 1.442288458347320557e-01 3.671269863843917847e-02 0.000000000000000000e+00 6.458216905593872070e-02 3.247632086277008057e-02 7.276818901300430298e-02 1.286503523588180542e-01 2.621722780168056488e-02 5.263157933950424194e-02 3.100216202437877655e-02 2.405732870101928711e-02 4.443702101707458496e-02 6.955870985984802246e-02 6.379021704196929932e-02 1.515151560306549072e-02 7.822808623313903809e-02 2.031973004341125488e-01 1.324490159749984741e-01 4.170460626482963562e-02 3.623188287019729614e-02 5.788792297244071960e-02 1.400560257025063038e-03 1.481332778930664062e-01 7.458200305700302124e-02 1.324490159749984741e-01 3.149339556694030762e-02 7.015902549028396606e-02 1.220086291432380676e-01 6.566481292247772217e-02 8.818342350423336029e-03 3.913993015885353088e-02
4.936636984348297119e-02 5.343360360711812973e-03 6.460495293140411377e-02 8.039552718400955200e-02 1.010552644729614258e-01 6.458216905593872070e-02 0.000000000000000000e+00 9.685534238815307617e-02 8.224673569202423096e-03 6.460495293140411377e-02 9.064591675996780396e-02 1.199135091155767441e-02 3.364737704396247864e-02 8.850199729204177856e-02 1.087072193622589111e-01 4.999000113457441330e-03 7.952286396175622940e-04 7.965574413537979126e-02 1.371520757675170898e-02 1.404583603143692017e-01 6.845238059759140015e-02 2.293934673070907593e-02 2.841677889227867126e-02 6.719367578625679016e-03 6.318732351064682007e-02 8.435814827680587769e-02 1.004823110997676849e-02 6.845238059759140015e-02 9.588055312633514404e-02 5.602241028100252151e-03 5.788255110383033752e-02 1.296969652175903320e-01 5.579560250043869019e-02 1.034605801105499268e-01
4.771713167428970337e-02 9.155937284231185913e-02 1.604562699794769287e-01 1.758813261985778809e-01 4.241435788571834564e-03 3.247632086277008057e-02 9.685534238815307617e-02 0.000000000000000000e+00 1.049963757395744324e-01 1.604562699794769287e-01 6.264424882829189301e-03 8.496267348527908325e-02 6.341463327407836914e-02 8.425573818385601044e-03 1.197798643261194229e-02 1.018050536513328552e-01 9.606751799583435059e-02 1.733333244919776917e-02 1.104238703846931458e-01 2.341285943984985352e-01 1.642189621925354004e-01 7.408059388399124146e-02 6.862745434045791626e-02 9.019467979669570923e-02 3.387533873319625854e-02 1.797448843717575073e-01 1.067996397614479065e-01 1.642189621925354004e-01 9.839291451498866081e-04 1.024020239710807800e-01 1.538752317428588867e-01 3.325942531228065491e-02 4.128284007310867310e-02 6.672091316431760788e-03
5.756767094135284424e-02 1.356743834912776947e-02 5.641025677323341370e-02 7.221860438585281372e-02 1.091891899704933167e-01 7.276818901300430298e-02 8.224673569202423096e-03 1.049963757395744324e-01 0.000000000000000000e+00 5.641025677323341370e-02 9.879694133996963501e-02 2.021403051912784576e-02 4.186046496033668518e-02 9.665631502866744995e-02 1.168274357914924622e-01 3.225806402042508125e-03 9.019843302667140961e-03 8.782287687063217163e-02 5.491153337061405182e-03 1.323866248130798340e-01 6.026163324713706970e-02 3.115814179182052612e-02 3.663289174437522888e-02 1.494321599602699280e-02 7.137490808963775635e-02 7.618632912635803223e-02 1.823708182200789452e-03 6.026163324713706970e-02 1.040231958031654358e-01 2.622554078698158264e-03 4.968152940273284912e-02 1.377746760845184326e-01 6.399091333150863647e-02 1.115902960300445557e-01
1.136089935898780823e-01 6.992417573928833008e-02 0.000000000000000000e+00 1.587301678955554962e-02 1.645856946706771851e-01 1.286503523588180542e-01 6.460495293140411377e-02 1.604562699794769287e-01 5.641025677323341370e-02 0.000000000000000000e+00 1.543469876050949097e-01 7.653701305389404297e-02 9.803921729326248169e-02 1.522365063428878784e-01 1.721034944057464600e-01 5.962521210312843323e-02 6.539682298898696899e-02 1.435221135616302490e-01 5.093488097190856934e-02 7.654802501201629639e-02 3.864514641463756561e-03 8.741475641727447510e-02 9.285127371549606323e-02 7.129337638616561890e-02 1.272727251052856445e-01 1.986143179237842560e-02 5.459216609597206116e-02 3.864514641463756561e-03 1.594975292682647705e-01 5.902407690882682800e-02 6.747638341039419174e-03 1.926873922348022461e-01 1.199681162834167480e-01 1.669496297836303711e-01
4.146509990096092224e-02 8.534389734268188477e-02 1.543469876050949097e-01 1.698039919137954712e-01 1.050558127462863922e-02 2.621722780168056488e-02 9.064591675996780396e-02 6.264424882829189301e-03 9.879694133996963501e-02 1.543469876050949097e-01 0.000000000000000000e+00 7.874015718698501587e-02 5.717292055487632751e-02 2.161263488233089447e-03 1.824104227125644684e-02 9.560159593820571899e-02 8.985716849565505981e-02 1.107011083513498306e-02 1.042315438389778137e-01 2.281988561153411865e-01 1.581171900033950806e-01 6.784765422344207764e-02 6.238984689116477966e-02 8.397769927978515625e-02 2.761677466332912445e-02 1.736760139465332031e-01 1.006025224924087524e-01 1.581171900033950806e-01 5.280528217554092407e-03 9.619931131601333618e-02 1.477532386779785156e-01 3.951561450958251953e-02 3.502747416496276855e-02 1.293597556650638580e-02
3.739715740084648132e-02 6.648416165262460709e-03 7.653701305389404297e-02 9.229789674282073975e-02 8.917197585105895996e-02 5.263157933950424194e-02 1.199135091155767441e-02 8.496267348527908325e-02 2.021403051912784576e-02 7.653701305389404297e-02 7.874015718698501587e-02 0.000000000000000000e+00 2.166476659476757050e-02 7.659193128347396851e-02 9.684210270643234253e-02 1.698933169245719910e-02 1.119622867554426193e-02 6.772908568382263184e-02 2.570233121514320374e-02 1.521933823823928833e-01 8.037775754928588867e-02 1.095100864768028259e-02 1.643102802336215973e-02 5.272407550364732742e-03 5.123479664325714111e-02 9.625212848186492920e-02 2.203692682087421417e-02 8.037775754928588867e-02 8.398576825857162476e-02 1.759240962564945221e-02 6.982543319463729858e-02 1.178889647126197815e-01 4.383357986807823181e-02 9.158284962177276611e-02
1.574514806270599365e-02 2.830910496413707733e-02 9.803921729326248169e-02 1.137352362275123596e-01 6.763787567615509033e-02 3.100216202437877655e-02 3.364737704396247864e-02 6.341463327407836914e-02 4.186046496033668518e-02 9.803921729326248169e-02 5.717292055487632751e-02 2.166476659476757050e-02 0.000000000000000000e+00 5.501845851540565491e-02 7.533539831638336182e-02 3.863987699151039124e-02 3.285302594304084778e-02 4.613200947642326355e-02 4.734073579311370850e-02 1.732867807149887085e-01 1.018651351332664490e-01 1.071630045771598816e-02 5.235602147877216339e-03 2.693409658968448639e-02 2.960288897156715393e-02 1.176715195178985596e-01 4.368083924055099487e-02 1.018651351332664490e-01 6.243459880352020264e-02 3.924221917986869812e-02 9.135200828313827515e-02 9.647058695554733276e-02 2.218988724052906036e-02 7.005708664655685425e-02
3.930735960602760315e-02 8.319798111915588379e-02 1.522365063428878784e-01 1.677042841911315918e-01 1.266655698418617249e-02 2.405732870101928711e-02 8.850199729204177856e-02 8.425573818385601044e-03 9.665631502866744995e-02 1.522365063428878784e-01 2.161263488233089447e-03 7.659193128347396851e-02 5.501845851540565491e-02 0.000000000000000000e+00 2.040150202810764313e-02 9.345964342355728149e-02 8.771293610334396362e-02 8.909060619771480560e-03 1.020932793617248535e-01 2.261491268873214722e-01 1.560092419385910034e-01 6.569602340459823608e-02 6.023670732975006104e-02 8.183129131793975830e-02 2.545703016221523285e-02 1.715791523456573486e-01 9.846266359090805054e-02 1.560092419385910034e-01 7.441706489771604538e-03 9.405760467052459717e-02 1.456384807825088501e-01 4.167332127690315247e-02 3.286869823932647705e-02 1.509681623429059982e-02
5.966101586818695068e-02 1.034239307045936584e-01 1.721034944057464600e-01 1.874643862247467041e-01 7.736944127827882767e-03 4.443702101707458496e-02 1.087072193622589111e-01 1.197798643261194229e-02 1.168274357914924622e-01 1.721034944057464600e-01 1.824104227125644684e-02 9.684210270643234253e-02 7.533539831638336182e-02 2.040150202810764313e-02 0.000000000000000000e+00 1.136444583535194397e-01 1.079213172197341919e-01 2.930523455142974854e-02 1.222401708364486694e-01 2.454183250665664673e-01 1.758510470390319824e-01 8.598228543996810913e-02 8.053923398256301880e-02 1.020624041557312012e-01 4.583472758531570435e-02 1.913109719753265381e-01 1.186258718371391296e-01 1.758510470390319824e-01 1.296176295727491379e-02 1.142398864030838013e-01 1.655481010675430298e-01 2.128991857171058655e-02 5.323450267314910889e-02 5.306319333612918854e-03
5.435195565223693848e-02 1.034208387136459351e-02 5.962521210312843323e-02 7.542683929204940796e-02 1.060007214546203613e-01 6.955870985984802246e-02 4.999000113457441330e-03 1.018050536513328552e-01 3.225806402042508125e-03 5.962521210312843323e-02 9.560159593820571899e-02 1.698933169245719910e-02 3.863987699151039124e-02 9.345964342355728149e-02 1.136444583535194397e-01 0.000000000000000000e+00 5.794205702841281891e-03 8.462104201316833496e-02 8.716804906725883484e-03 1.355545371770858765e-01 6.347510218620300293e-02 2.793514356017112732e-02 3.341103345155715942e-02 1.171797420829534531e-02 6.816479563713073730e-02 7.939262688159942627e-02 5.049484781920909882e-03 6.347510218620300293e-02 1.008312255144119263e-01 6.032575620338320732e-04 5.289885774254798889e-02 1.346087008714675903e-01 6.077765300869941711e-02 1.084035113453865051e-01
4.857304692268371582e-02 4.548151046037673950e-03 6.539682298898696899e-02 8.118556439876556396e-02 1.002680957317352295e-01 6.379021704196929932e-02 7.952286396175622940e-04 9.606751799583435059e-02 9.019843302667140961e-03 6.539682298898696899e-02 8.985716849565505981e-02 1.119622867554426193e-02 3.285302594304084778e-02 8.771293610334396362e-02 1.079213172197341919e-01 5.794205702841281891e-03 0.000000000000000000e+00 7.886550575494766235e-02 1.451027765870094299e-02 1.412378102540969849e-01 6.924384087324142456e-02 2.214452251791954041e-02 2.762217447161674500e-02 5.924170836806297302e-03 6.239523366093635559e-02 8.514766395092010498e-02 1.084337383508682251e-02 6.924384087324142456e-02 9.509257227182388306e-02 6.397441029548645020e-03 5.867508053779602051e-02 1.289150416851043701e-01 5.500281602144241333e-02 1.026737987995147705e-01
3.040894865989685059e-02 7.434402406215667725e-02 1.435221135616302490e-01 1.590328216552734375e-01 2.157318219542503357e-02 1.515151560306549072e-02 7.965574413537979126e-02 1.733333244919776917e-02 8.782287687063217163e-02 1.435221135616302490e-01 1.107011083513498306e-02 6.772908568382263184e-02 4.613200947642326355e-02 8.909060619771480560e-03 2.930523455142974854e-02 8.462104201316833496e-02 7.886550575494766235e-02 0.000000000000000000e+00 9.326905012130737305e-02 2.176786512136459351e-01 1.473049223423004150e-01 5.682021751999855042e-02 5.135520547628402710e-02 7.297543436288833618e-02 1.655172370374202728e-02 1.629191339015960693e-01 8.963222801685333252e-02 1.473049223423004150e-01 1.634968258440494537e-02 8.521994948387145996e-02 1.369070559740066528e-01 5.056360736489295959e-02 2.396665513515472412e-02 2.400264889001846313e-02
6.303889304399490356e-02 1.905717141926288605e-02 5.093488097190856934e-02 6.675392389297485352e-02 1.146116256713867188e-01 7.822808623313903809e-02 1.371520757675170898e-02 1.104238703846931458e-01 5.491153337061405182e-03 5.093488097190856934e-02 1.042315438389778137e-01 2.570233121514320374e-02 4.734073579311370850e-02 1.020932793617248535e-01 1.222401708364486694e-01 8.716804906725883484e-03 1.451027765870094299e-02 9.326905012130737305e-02 0.000000000000000000e+00 1.269877851009368896e-01 5.478861182928085327e-02 3.664302453398704529e-02 4.211557283997535706e-02 2.043269202113151550e-02 7.683594524860382080e-02 7.072476297616958618e-02 3.667481709271669388e-03 5.478861182928085327e-02 1.094518303871154785e-01 8.113590069115161896e-03 4.420243576169013977e-02 1.431575268507003784e-01 6.945765763521194458e-02 1.170097514986991882e-01
1.885175704956054688e-01 1.456923782825469971e-01 7.654802501201629639e-02 6.074882298707962036e-02 2.381335496902465820e-01 2.031973004341125488e-01 1.404583603143692017e-01 2.341285943984985352e-01 1.323866248130798340e-01 7.654802501201629639e-02 2.281988561153411865e-01 1.521933823823928833e-01 1.732867807149887085e-01 2.261491268873214722e-01 2.454183250665664673e-01 1.355545371770858765e-01 1.412378102540969849e-01 2.176786512136459351e-01 1.269877851009368896e-01 0.000000000000000000e+00 7.270501554012298584e-02 1.628729254007339478e-01 1.682037711143493652e-01 1.470389515161514282e-01 2.018541991710662842e-01 5.677291005849838257e-02 1.305944472551345825e-01 7.270501554012298584e-02 2.331983745098114014e-01 1.349623203277587891e-01 8.325266093015670776e-02 2.653219401836395264e-01 1.947278976440429688e-01 2.404251098632812500e-01
1.174219548702239990e-01 7.376875728368759155e-02 3.864514641463756561e-03 1.200923789292573929e-02 1.683431416749954224e-01 1.324490159749984741e-01 6.845238059759140015e-02 1.642189621925354004e-01 6.026163324713706970e-02 3.864514641463756561e-03 1.581171900033950806e-01 8.037775754928588867e-02 1.018651351332664490e-01 1.560092419385910034e-01 1.758510470390319824e-01 6.347510218620300293e-02 6.924384087324142456e-02 1.473049223423004150e-01 5.478861182928085327e-02 7.270501554012298584e-02 0.000000000000000000e+00 9.124844521284103394e-02 9.668109565973281860e-02 7.513719052076339722e-02 1.310727745294570923e-01 1.599814556539058685e-02 5.844434723258018494e-02 0.000000000000000000e+00 1.632614135742187500e-01 6.287425011396408081e-02 1.061187591403722763e-02 1.964056491851806641e-01 1.237752437591552734e-01 1.707040071487426758e-01
2.645698375999927521e-02 1.759814284741878510e-02 8.741475641727447510e-02 1.031446531414985657e-01 7.829742878675460815e-02 4.170460626482963562e-02 2.293934673070907593e-02 7.408059388399124146e-02 3.115814179182052612e-02 8.741475641727447510e-02 6.784765422344207764e-02 1.095100864768028259e-02 1.071630045771598816e-02 6.569602340459823608e-02 8.598228543996810913e-02 2.793514356017112732e-02 2.214452251791954041e-02 5.682021751999855042e-02 3.664302453398704529e-02 1.628729254007339478e-01 9.124844521284103394e-02 0.000000000000000000e+00 5.481005646288394928e-03 1.622247882187366486e-02 4.030640050768852234e-02 1.070902571082115173e-01 3.297997638583183289e-02 9.124844521284103394e-02 7.310198992490768433e-02 2.853791974484920502e-02 8.071472495794296265e-02 1.070761904120445251e-01 3.289836272597312927e-02 8.071278780698776245e-02
2.097902074456214905e-02 2.307692356407642365e-02 9.285127371549606323e-02 1.085642874240875244e-01 7.284767925739288330e-02 3.623188287019729614e-02 2.841677889227867126e-02 6.862745434045791626e-02 3.663289174437522888e-02 9.285127371549606323e-02 6.238984689116477966e-02 1.643102802336215973e-02 5.235602147877216339e-03 6.023670732975006104e-02 8.053923398256301880e-02 3.341103345155715942e-02 2.762217447161674500e-02 5.135520547628402710e-02 4.211557283997535706e-02 1.682037711143493652e-01 9.668109565973281860e-02 5.481005646288394928e-03 0.000000000000000000e+00 2.170155569911003113e-02 3.483309224247932434e-02 1.125052273273468018e-01 3.845402970910072327e-02 9.668109565973281860e-02 6.764809042215347290e-02 3.401360660791397095e-02 8.615761250257492065e-02 1.016548499464988708e-01 2.742230333387851715e-02 7.526507973670959473e-02
4.266115278005599976e-02 1.376056578010320663e-03 7.129337638616561890e-02 8.706786483526229858e-02 9.440000355243682861e-02 5.788792297244071960e-02 6.719367578625679016e-03 9.019467979669570923e-02 1.494321599602699280e-02 7.129337638616561890e-02 8.397769927978515625e-02 5.272407550364732742e-03 2.693409658968448639e-02 8.183129131793975830e-02 1.020624041557312012e-01 1.171797420829534531e-02 5.924170836806297302e-03 7.297543436288833618e-02 2.043269202113151550e-02 1.470389515161514282e-01 7.513719052076339722e-02 1.622247882187366486e-02 2.170155569911003113e-02 0.000000000000000000e+00 5.649194121360778809e-02 9.102591872215270996e-02 1.676646620035171509e-02 7.513719052076339722e-02 8.921866863965988159e-02 1.232114434242248535e-02 6.457680463790893555e-02 1.230848655104637146e-01 4.909464344382286072e-02 9.680850803852081299e-02
1.386420149356126785e-02 5.786349996924400330e-02 1.272727251052856445e-01 1.428571492433547974e-01 3.811129927635192871e-02 1.400560257025063038e-03 6.318732351064682007e-02 3.387533873319625854e-02 7.137490808963775635e-02 1.272727251052856445e-01 2.761677466332912445e-02 5.123479664325714111e-02 2.960288897156715393e-02 2.545703016221523285e-02 4.583472758531570435e-02 6.816479563713073730e-02 6.239523366093635559e-02 1.655172370374202728e-02 7.683594524860382080e-02 2.018541991710662842e-01 1.310727745294570923e-01 4.030640050768852234e-02 3.483309224247932434e-02 5.649194121360778809e-02 0.000000000000000000e+00 1.467631757259368896e-01 7.318908721208572388e-02 1.310727745294570923e-01 3.289250656962394714e-02 6.876522302627563477e-02 1.206286847591400146e-01 6.705921143293380737e-02 7.417873479425907135e-03 4.053826630115509033e-02
1.331699341535568237e-01 8.966109156608581543e-02 1.986143179237842560e-02 3.989673685282468796e-03 1.838461607694625854e-01 1.481332778930664062e-01 8.435814827680587769e-02 1.797448843717575073e-01 7.618632912635803223e-02 1.986143179237842560e-02 1.736760139465332031e-01 9.625212848186492920e-02 1.176715195178985596e-01 1.715791523456573486e-01 1.913109719753265381e-01 7.939262688159942627e-02 8.514766395092010498e-02 1.629191339015960693e-01 7.072476297616958618e-02 5.677291005849838257e-02 1.599814556539058685e-02 1.070902571082115173e-01 1.125052273273468018e-01 9.102591872215270996e-02 1.467631757259368896e-01 0.000000000000000000e+00 7.437295466661453247e-02 1.599814556539058685e-02 1.787925660610198975e-01 7.879313826560974121e-02 2.660550549626350403e-02 2.117384821176528931e-01 1.394971609115600586e-01 1.861936748027801514e-01
5.938514322042465210e-02 1.539076585322618484e-02 5.459216609597206116e-02 7.040417194366455078e-02 1.109907925128936768e-01 7.458200305700302124e-02 1.004823110997676849e-02 1.067996397614479065e-01 1.823708182200789452e-03 5.459216609597206116e-02 1.006025224924087524e-01 2.203692682087421417e-02 4.368083924055099487e-02 9.846266359090805054e-02 1.186258718371391296e-01 5.049484781920909882e-03 1.084337383508682251e-02 8.963222801685333252e-02 3.667481709271669388e-03 1.305944472551345825e-01 5.844434723258018494e-02 3.297997638583183289e-02 3.845402970910072327e-02 1.676646620035171509e-02 7.318908721208572388e-02 7.437295466661453247e-02 0.000000000000000000e+00 5.844434723258018494e-02 1.058268323540687561e-01 4.446241073310375214e-03 4.786215722560882568e-02 1.395633220672607422e-01 6.580694019794464111e-02 1.133909299969673157e-01
1.174219548702239990e-01 7.376875728368759155e-02 3.864514641463756561e-03 1.200923789292573929e-02 1.683431416749954224e-01 1.324490159749984741e-01 6.845238059759140015e-02 1.642189621925354004e-01 6.026163324713706970e-02 3.864514641463756561e-03 1.581171900033950806e-01 8.037775754928588867e-02 1.018651351332664490e-01 1.560092419385910034e-01 1.758510470390319824e-01 6.347510218620300293e-02 6.924384087324142456e-02 1.473049223423004150e-01 5.478861182928085327e-02 7.270501554012298584e-02 0.000000000000000000e+00 9.124844521284103394e-02 9.668109565973281860e-02 7.513719052076339722e-02 1.310727745294570923e-01 1.599814556539058685e-02 5.844434723258018494e-02 0.000000000000000000e+00 1.632614135742187500e-01 6.287425011396408081e-02 1.061187591403722763e-02 1.964056491851806641e-01 1.237752437591552734e-01 1.707040071487426758e-01
4.673539474606513977e-02 9.058360010385513306e-02 1.594975292682647705e-01 1.749276816844940186e-01 5.225342698395252228e-03 3.149339556694030762e-02 9.588055312633514404e-02 9.839291451498866081e-04 1.040231958031654358e-01 1.594975292682647705e-01 5.280528217554092407e-03 8.398576825857162476e-02 6.243459880352020264e-02 7.441706489771604538e-03 1.296176295727491379e-02 1.008312255144119263e-01 9.509257227182388306e-02 1.634968258440494537e-02 1.094518303871154785e-01 2.331983745098114014e-01 1.632614135742187500e-01 7.310198992490768433e-02 6.764809042215347290e-02 8.921866863965988159e-02 3.289250656962394714e-02 1.787925660610198975e-01 1.058268323540687561e-01 1.632614135742187500e-01 0.000000000000000000e+00 1.014283150434494019e-01 1.529144644737243652e-01 3.424223139882087708e-02 4.030054807662963867e-02 7.655969820916652679e-03
5.495341494679450989e-02 1.094527356326580048e-02 5.902407690882682800e-02 7.482699304819107056e-02 1.065971627831459045e-01 7.015902549028396606e-02 5.602241028100252151e-03 1.024020239710807800e-01 2.622554078698158264e-03 5.902407690882682800e-02 9.619931131601333618e-02 1.759240962564945221e-02 3.924221917986869812e-02 9.405760467052459717e-02 1.142398864030838013e-01 6.032575620338320732e-04 6.397441029548645020e-03 8.521994948387145996e-02 8.113590069115161896e-03 1.349623203277587891e-01 6.287425011396408081e-02 2.853791974484920502e-02 3.401360660791397095e-02 1.232114434242248535e-02 6.876522302627563477e-02 7.879313826560974121e-02 4.446241073310375214e-03 6.287425011396408081e-02 1.014283150434494019e-01 0.000000000000000000e+00 5.229726806282997131e-02 1.352009773254394531e-01 6.137865781784057617e-02 1.089996397495269775e-01
1.069433391094207764e-01 6.320635974407196045e-02 6.747638341039419174e-03 2.261823229491710663e-02 1.580135375261306763e-01 1.220086291432380676e-01 5.788255110383033752e-02 1.538752317428588867e-01 4.968152940273284912e-02 6.747638341039419174e-03 1.477532386779785156e-01 6.982543319463729858e-02 9.135200828313827515e-02 1.456384807825088501e-01 1.655481010675430298e-01 5.289885774254798889e-02 5.867508053779602051e-02 1.369070559740066528e-01 4.420243576169013977e-02 8.325266093015670776e-02 1.061187591403722763e-02 8.071472495794296265e-02 8.615761250257492065e-02 6.457680463790893555e-02 1.206286847591400146e-01 2.660550549626350403e-02 4.786215722560882568e-02 1.061187591403722763e-02 1.529144644737243652e-01 5.229726806282997131e-02 0.000000000000000000e+00 1.861818134784698486e-01 1.133121997117996216e-01 1.603826731443405151e-01
8.084824681282043457e-02 1.244398504495620728e-01 1.926873922348022461e-01 2.079244554042816162e-01 2.902208268642425537e-02 6.566481292247772217e-02 1.296969652175903320e-01 3.325942531228065491e-02 1.377746760845184326e-01 1.926873922348022461e-01 3.951561450958251953e-02 1.178889647126197815e-01 9.647058695554733276e-02 4.167332127690315247e-02 2.128991857171058655e-02 1.346087008714675903e-01 1.289150416851043701e-01 5.056360736489295959e-02 1.431575268507003784e-01 2.653219401836395264e-01 1.964056491851806641e-01 1.070761904120445251e-01 1.016548499464988708e-01 1.230848655104637146e-01 6.705921143293380737e-02 2.117384821176528931e-01 1.395633220672607422e-01 1.964056491851806641e-01 3.424223139882087708e-02 1.352009773254394531e-01 1.861818134784698486e-01 0.000000000000000000e+00 7.444005459547042847e-02 2.659323439002037048e-02
6.446991581469774246e-03 5.046728998422622681e-02 1.199681162834167480e-01 1.355829387903213501e-01 4.551630467176437378e-02 8.818342350423336029e-03 5.579560250043869019e-02 4.128284007310867310e-02 6.399091333150863647e-02 1.199681162834167480e-01 3.502747416496276855e-02 4.383357986807823181e-02 2.218988724052906036e-02 3.286869823932647705e-02 5.323450267314910889e-02 6.077765300869941711e-02 5.500281602144241333e-02 2.396665513515472412e-02 6.945765763521194458e-02 1.947278976440429688e-01 1.237752437591552734e-01 3.289836272597312927e-02 2.742230333387851715e-02 4.909464344382286072e-02 7.417873479425907135e-03 1.394971609115600586e-01 6.580694019794464111e-02 1.237752437591552734e-01 4.030054807662963867e-02 6.137865781784057617e-02 1.133121997117996216e-01 7.444005459547042847e-02 0.000000000000000000e+00 4.794172570109367371e-02
5.437191203236579895e-02 9.817148745059967041e-02 1.669496297836303711e-01 1.823394447565078735e-01 2.430724445730447769e-03 3.913993015885353088e-02 1.034605801105499268e-01 6.672091316431760788e-03 1.115902960300445557e-01 1.669496297836303711e-01 1.293597556650638580e-02 9.158284962177276611e-02 7.005708664655685425e-02 1.509681623429059982e-02 5.306319333612918854e-03 1.084035113453865051e-01 1.026737987995147705e-01 2.400264889001846313e-02 1.170097514986991882e-01 2.404251098632812500e-01 1.707040071487426758e-01 8.071278780698776245e-02 7.526507973670959473e-02 9.680850803852081299e-02 4.053826630115509033e-02 1.861936748027801514e-01 1.133909299969673157e-01 1.707040071487426758e-01 7.655969820916652679e-03 1.089996397495269775e-01 1.603826731443405151e-01 2.659323439002037048e-02 4.794172570109367371e-02 0.000000000000000000e+00
