0.000000000000000000e+00 6.123310700058937073e-02 3.436921164393424988e-02 1.261483281850814819e-01 1.655321270227432251e-01 5.897771939635276794e-02 2.718168869614601135e-02 3.346153721213340759e-02 6.235468015074729919e-02 7.416114211082458496e-02 3.900573775172233582e-02 7.004471123218536377e-02 4.949514754116535187e-03 4.684240370988845825e-02 8.251186460256576538e-02 3.605677187442779541e-02 6.004803813993930817e-03 1.024025212973356247e-02 9.958175942301750183e-04 2.134234607219696045e-01 1.068046689033508301e-01 1.720299571752548218e-02 1.759186945855617523e-02 1.121385022997856140e-02 3.716475144028663635e-02 8.905742317438125610e-02 1.990049786400049925e-04 1.051011458039283752e-01 6.196342036128044128e-02 3.034030273556709290e-02 1.211242452263832092e-01 1.757953464984893799e-01 1.759186945855617523e-02 1.069651767611503601e-01
6.123310700058937073e-02 0.000000000000000000e+00 2.692055143415927887e-02 6.542056053876876831e-02 2.244897931814193726e-01 1.197782605886459351e-01 3.410819172859191895e-02 9.450101852416992188e-02 1.125872600823640823e-03 1.298701297491788864e-02 1.000000014901161194e-01 8.849557489156723022e-03 6.616257131099700928e-02 1.077664047479629517e-01 1.430223584175109863e-01 9.707555174827575684e-02 5.524861812591552734e-02 7.142857462167739868e-02 6.024096533656120300e-02 1.542056053876876831e-01 4.587155953049659729e-02 4.407654330134391785e-02 7.874015718698501587e-02 7.239724695682525635e-02 9.817444533109664917e-02 2.797687798738479614e-02 6.103484705090522766e-02 4.415218532085418701e-02 1.227308586239814758e-01 3.095030598342418671e-02 6.033866107463836670e-02 2.345041334629058838e-01 7.874015718698501587e-02 1.671037822961807251e-01
3.436921164393424988e-02 2.692055143415927887e-02 0.000000000000000000e+00 9.217876940965652466e-02 1.987704932689666748e-01 9.315809607505798340e-02 7.194244768470525742e-03 6.775283068418502808e-02 2.804557420313358307e-02 3.989361599087715149e-02 7.327671349048614502e-02 3.576159104704856873e-02 3.931203857064247131e-02 8.108107745647430420e-02 1.165505573153495789e-01 7.033881545066833496e-02 2.837026305496692657e-02 4.459377005696296692e-02 3.337453678250312805e-02 1.803773641586303711e-01 7.270233333110809326e-02 1.717637293040752411e-02 5.192968249320983887e-02 4.556550085544586182e-02 7.144270837306976318e-02 5.485611408948898315e-02 3.417044132947921753e-02 7.098835706710815430e-02 9.612791240215301514e-02 4.033113829791545868e-03 8.711770176887512207e-02 2.089023739099502563e-01 5.192968249320983887e-02 1.408167034387588501e-01
1.261483281850814819e-01 6.542056053876876831e-02 9.217876940965652466e-02 0.000000000000000000e+00 2.857142984867095947e-01 1.837588995695114136e-01 9.930715709924697876e-02 1.589389741420745850e-01 6.429942697286605835e-02 5.247813463211059570e-02 1.643453985452651978e-01 5.660377442836761475e-02 1.310160458087921143e-01 1.719745248556137085e-01 2.065106779336929321e-01 1.614706516265869141e-01 1.202346011996269226e-01 1.362126171588897705e-01 1.251682341098785400e-01 8.968985825777053833e-02 1.960784383118152618e-02 1.091822758316993713e-01 1.434219181537628174e-01 1.371681392192840576e-01 1.625510007143020630e-01 3.751233965158462524e-02 1.259524822235107422e-01 2.132998779416084290e-02 1.866527646780014038e-01 9.617613255977630615e-02 5.102040711790323257e-03 2.953929603099822998e-01 1.434219181537628174e-01 2.300098687410354614e-01
1.655321270227432251e-01 2.244897931814193726e-01 1.987704932689666748e-01 2.857142984867095947e-01 0.000000000000000000e+00 1.076049208641052246e-01 1.918505877256393433e-01 1.328061968088150024e-01 2.255586534738540649e-01 2.367864698171615601e-01 1.273486465215682983e-01 2.328767180442810059e-01 1.607142835855484009e-01 1.196172237396240234e-01 8.416988700628280640e-02 1.302527785301208496e-01 1.713665872812271118e-01 1.555555611848831177e-01 1.665004938840866089e-01 3.660245239734649658e-01 2.676056325435638428e-01 1.822162270545959473e-01 1.483723223209381104e-01 1.546052694320678711e-01 1.291619688272476196e-01 2.508909404277801514e-01 1.657256782054901123e-01 2.660053968429565430e-01 1.046420112252235413e-01 1.948936134576797485e-01 2.810218930244445801e-01 1.057082414627075195e-02 1.483723223209381104e-01 5.962264165282249451e-02
5.897771939635276794e-02 1.197782605886459351e-01 9.315809607505798340e-02 1.837588995695114136e-01 1.076049208641052246e-01 0.000000000000000000e+00 8.602150529623031616e-02 2.556663565337657928e-02 1.208878308534622192e-01 1.325590759515762329e-01 2.001803368330001831e-02 1.284916251897811890e-01 5.404398217797279358e-02 1.216893363744020462e-02 2.364923246204853058e-02 2.296979539096355438e-02 6.495951861143112183e-02 4.876691848039627075e-02 5.997001379728317261e-02 2.690150439739227295e-01 1.647446453571319580e-01 7.610350102186203003e-02 4.142883419990539551e-02 4.779547825455665588e-02 2.186088450253009796e-02 1.472616642713546753e-01 5.917603150010108948e-02 1.630680710077285767e-01 2.996650757268071175e-03 8.915848284959793091e-02 1.788245141506195068e-01 1.180414780974388123e-01 4.142883419990539551e-02 4.829210788011550903e-02
2.718168869614601135e-02 3.410819172859191895e-02 7.194244768470525742e-03 9.930715709924697876e-02 1.918505877256393433e-01 8.602150529623031616e-02 0.000000000000000000e+00 6.058811768889427185e-02 3.523271158337593079e-02 4.707435145974159241e-02 6.611732393503189087e-02 4.294478520750999451e-02 3.212688118219375610e-02 7.392995804548263550e-02 1.094480827450752258e-01 6.317654252052307129e-02 2.118034102022647858e-02 3.741152584552764893e-02 2.618657983839511871e-02 1.873285174369812012e-01 7.985480874776840210e-02 9.983360767364501953e-03 4.475215822458267212e-02 3.838383778929710388e-02 6.428150087594985962e-02 6.202588230371475220e-02 2.698282897472381592e-02 7.814269512891769409e-02 8.899521827697753906e-02 3.161222441121935844e-03 9.425287693738937378e-02 2.020117342472076416e-01 4.475215822458267212e-02 1.337579637765884399e-01
3.346153721213340759e-02 9.450101852416992188e-02 6.775283068418502808e-02 1.589389741420745850e-01 1.328061968088150024e-01 2.556663565337657928e-02 6.058811768889427185e-02 0.000000000000000000e+00 9.561672061681747437e-02 1.073562726378440857e-01 5.551443435251712799e-03 1.032642200589179993e-01 2.851674705743789673e-02 1.340187247842550278e-02 4.918612912297248840e-02 2.598366700112819672e-03 3.945841267704963684e-02 2.322924509644508362e-02 3.445620834827423096e-02 2.451343834400177002e-01 1.397667080163955688e-01 5.063538625836372375e-02 1.587901636958122253e-02 2.225603908300399780e-02 3.707823576405644417e-03 1.221549361944198608e-01 3.366031870245933533e-02 1.380770802497863770e-01 2.856109850108623505e-02 6.373713165521621704e-02 1.539617776870727539e-01 1.431760191917419434e-01 1.587901636958122253e-02 7.376766949892044067e-02
6.235468015074729919e-02 1.125872600823640823e-03 2.804557420313358307e-02 6.429942697286605835e-02 2.255586534738540649e-01 1.208878308534622192e-01 3.523271158337593079e-02 9.561672061681747437e-02 0.000000000000000000e+00 1.186131406575441360e-02 1.011144891381263733e-01 7.723761722445487976e-03 6.728342920541763306e-02 1.088790670037269592e-01 1.441250294446945190e-01 9.819068759679794312e-02 5.637098476290702820e-02 7.254861295223236084e-02 6.136267632246017456e-02 1.531063169240951538e-01 4.474799707531929016e-02 4.520017281174659729e-02 7.985895127058029175e-02 7.351712882518768311e-02 9.928934276103973389e-02 2.685185149312019348e-02 6.215645000338554382e-02 4.302845150232315063e-02 1.238396242260932922e-01 3.207505866885185242e-02 5.921680852770805359e-02 2.355678081512451172e-01 7.985895127058029175e-02 1.681980192661285400e-01
7.416114211082458496e-02 1.298701297491788864e-02 3.989361599087715149e-02 5.247813463211059570e-02 2.367864698171615601e-01 1.325590759515762329e-01 4.707435145974159241e-02 1.073562726378440857e-01 1.186131406575441360e-02 0.000000000000000000e+00 1.128404662013053894e-01 4.137930925935506821e-03 7.908163219690322876e-02 1.205846518278121948e-01 1.557201296091079712e-01 1.099239811301231384e-01 6.818670779466629028e-02 8.433734625577926636e-02 7.317072898149490356e-02 1.415019780397415161e-01 3.290414810180664062e-02 5.703090876340866089e-02 9.163346886634826660e-02 8.530405163764953613e-02 1.110199019312858582e-01 1.499531418085098267e-02 7.396323233842849731e-02 3.118305094540119171e-02 1.355018913745880127e-01 4.391966387629508972e-02 4.738878086209297180e-02 2.467397004365921021e-01 9.163346886634826660e-02 1.797008216381072998e-01
3.900573775172233582e-02 1.000000014901161194e-01 7.327671349048614502e-02 1.643453985452651978e-01 1.273486465215682983e-01 2.001803368330001831e-02 6.611732393503189087e-02 5.551443435251712799e-03 1.011144891381263733e-01 1.128404662013053894e-01 0.000000000000000000e+00 1.087533161044120789e-01 3.406279906630516052e-02 7.851012982428073883e-03 4.364660382270812988e-02 2.953119343146681786e-03 4.500000178813934326e-02 2.877697907388210297e-02 3.999999910593032837e-02 2.503451406955718994e-01 1.452054828405380249e-01 5.617104098200798035e-02 2.142857201397418976e-02 2.780404686927795410e-02 1.843657810240983963e-03 1.276198327541351318e-01 3.920443728566169739e-02 1.435185223817825317e-01 2.301330491900444031e-02 6.926406919956207275e-02 1.593769937753677368e-01 1.377340555191040039e-01 2.142857201397418976e-02 6.824416667222976685e-02
7.004471123218536377e-02 8.849557489156723022e-03 3.576159104704856873e-02 5.660377442836761475e-02 2.328767180442810059e-01 1.284916251897811890e-01 4.294478520750999451e-02 1.032642200589179993e-01 7.723761722445487976e-03 4.137930925935506821e-03 1.087533161044120789e-01 0.000000000000000000e+00 7.496823370456695557e-02 1.165048554539680481e-01 1.516799330711364746e-01 1.058341860771179199e-01 6.406684964895248413e-02 8.022741973400115967e-02 6.905370950698852539e-02 1.455546766519546509e-01 3.703703731298446655e-02 5.290546268224716187e-02 8.752872049808502197e-02 8.119478076696395874e-02 1.069310978055000305e-01 1.913205720484256744e-02 6.984667479991912842e-02 3.531642630696296692e-02 1.314376592636108398e-01 3.978896513581275940e-02 5.151661112904548645e-02 2.428497076034545898e-01 8.752872049808502197e-02 1.756935268640518188e-01
4.949514754116535187e-03 6.616257131099700928e-02 3.931203857064247131e-02 1.310160458087921143e-01 1.607142835855484009e-01 5.404398217797279358e-02 3.212688118219375610e-02 2.851674705743789673e-02 6.728342920541763306e-02 7.908163219690322876e-02 3.406279906630516052e-02 7.496823370456695557e-02 0.000000000000000000e+00 4.190260544419288635e-02 7.759404182434082031e-02 3.111280687153339386e-02 1.095399353653192520e-02 5.291005130857229233e-03 5.945303011685609818e-03 2.181425541639328003e-01 1.116951406002044678e-01 2.215062454342842102e-02 1.264345459640026093e-02 6.264682859182357788e-03 3.222116455435752869e-02 9.396551549434661865e-02 5.148514639586210251e-03 1.099934428930282593e-01 5.703139677643775940e-02 3.528451919555664062e-02 1.259982287883758545e-01 1.709946095943450928e-01 1.264345459640026093e-02 1.020696982741355896e-01
4.684240370988845825e-02 1.077664047479629517e-01 8.108107745647430420e-02 1.719745248556137085e-01 1.196172237396240234e-01 1.216893363744020462e-02 7.392995804548263550e-02 1.340187247842550278e-02 1.088790670037269592e-01 1.205846518278121948e-01 7.851012982428073883e-03 1.165048554539680481e-01 4.190260544419288635e-02 0.000000000000000000e+00 3.580785915255546570e-02 1.080388203263282776e-02 5.283234640955924988e-02 3.661971911787986755e-02 4.783599078655242920e-02 2.576896846294403076e-01 1.528822034597396851e-01 6.399383395910263062e-02 2.927465923130512238e-02 3.564728051424026489e-02 9.694530628621578217e-03 1.353352516889572144e-01 4.704097285866737366e-02 1.511991620063781738e-01 1.516503095626831055e-02 7.707317173480987549e-02 1.670190244913101196e-01 1.300236433744430542e-01 2.927465923130512238e-02 6.042553111910820007e-02
8.251186460256576538e-02 1.430223584175109863e-01 1.165505573153495789e-01 2.065106779336929321e-01 8.416988700628280640e-02 2.364923246204853058e-02 1.094480827450752258e-01 4.918612912297248840e-02 1.441250294446945190e-01 1.557201296091079712e-01 4.364660382270812988e-02 1.516799330711364746e-01 7.759404182434082031e-02 3.580785915255546570e-02 0.000000000000000000e+00 4.659371823072433472e-02 8.847283571958541870e-02 7.233273237943649292e-02 8.350082486867904663e-02 2.908141016960144043e-01 1.876627206802368164e-01 9.957352280616760254e-02 6.501436978578567505e-02 7.136404514312744141e-02 4.548659920692443848e-02 1.703177392482757568e-01 8.270951360464096069e-02 1.860000044107437134e-01 2.065404504537582397e-02 1.125703528523445129e-01 2.016210705041885376e-01 9.465648978948593140e-02 6.501436978578567505e-02 2.467105351388454437e-02
3.605677187442779541e-02 9.707555174827575684e-02 7.033881545066833496e-02 1.614706516265869141e-01 1.302527785301208496e-01 2.296979539096355438e-02 6.317654252052307129e-02 2.598366700112819672e-03 9.819068759679794312e-02 1.099239811301231384e-01 2.953119343146681786e-03 1.058341860771179199e-01 3.111280687153339386e-02 1.080388203263282776e-02 4.659371823072433472e-02 0.000000000000000000e+00 4.205247014760971069e-02 2.582605369389057159e-02 3.705125674605369568e-02 2.475750595331192017e-01 1.423133909702301025e-01 5.322675034403800964e-02 1.847662217915058136e-02 2.485296875238418579e-02 1.109467470087110996e-03 1.247137188911437988e-01 3.625551611185073853e-02 1.406250000000000000e-01 2.596465870738029480e-02 6.632451713085174561e-02 1.564975380897521973e-01 1.406299769878387451e-01 1.847662217915058136e-02 7.118294388055801392e-02
6.004803813993930817e-03 5.524861812591552734e-02 2.837026305496692657e-02 1.202346011996269226e-01 1.713665872812271118e-01 6.495951861143112183e-02 2.118034102022647858e-02 3.945841267704963684e-02 5.637098476290702820e-02 6.818670779466629028e-02 4.500000178813934326e-02 6.406684964895248413e-02 1.095399353653192520e-02 5.283234640955924988e-02 8.847283571958541870e-02 4.205247014760971069e-02 0.000000000000000000e+00 1.624405756592750549e-02 5.009016022086143494e-03 2.076848298311233521e-01 1.008645519614219666e-01 1.119934860616922379e-02 2.359418012201786041e-02 1.721749454736709595e-02 4.315992444753646851e-02 8.309705555438995361e-02 5.805805791169404984e-03 9.915892034769058228e-02 6.794293969869613647e-02 2.433993481099605560e-02 1.152032315731048584e-01 1.816084384918212891e-01 2.359418012201786041e-02 1.128974631428718567e-01
1.024025212973356247e-02 7.142857462167739868e-02 4.459377005696296692e-02 1.362126171588897705e-01 1.555555611848831177e-01 4.876691848039627075e-02 3.741152584552764893e-02 2.322924509644508362e-02 7.254861295223236084e-02 8.433734625577926636e-02 2.877697907388210297e-02 8.022741973400115967e-02 5.291005130857229233e-03 3.661971911787986755e-02 7.233273237943649292e-02 2.582605369389057159e-02 1.624405756592750549e-02 0.000000000000000000e+00 1.123595517128705978e-02 2.231759727001190186e-01 1.169170513749122620e-01 2.743841335177421570e-02 7.352941203862428665e-03 9.737098589539527893e-04 2.693475037813186646e-02 9.920720010995864868e-02 1.043923571705818176e-02 1.152173876762390137e-01 5.175600573420524597e-02 4.056795313954353333e-02 1.312017589807510376e-01 1.658536642789840698e-01 7.352941203862428665e-03 9.683098644018173218e-02
9.958175942301750183e-04 6.024096533656120300e-02 3.337453678250312805e-02 1.251682341098785400e-01 1.665004938840866089e-01 5.997001379728317261e-02 2.618657983839511871e-02 3.445620834827423096e-02 6.136267632246017456e-02 7.317072898149490356e-02 3.999999910593032837e-02 6.905370950698852539e-02 5.945303011685609818e-03 4.783599078655242920e-02 8.350082486867904663e-02 3.705125674605369568e-02 5.009016022086143494e-03 1.123595517128705978e-02 0.000000000000000000e+00 2.124728113412857056e-01 1.058201044797897339e-01 1.620745472609996796e-02 1.858736015856266022e-02 1.220953091979026794e-02 3.815915808081626892e-02 8.806941658258438110e-02 7.968127611093223095e-04 1.041162237524986267e-01 6.295534968376159668e-02 2.934537269175052643e-02 1.201429218053817749e-01 1.767602115869522095e-01 1.858736015856266022e-02 1.079494953155517578e-01
2.134234607219696045e-01 1.542056053876876831e-01 1.803773641586303711e-01 8.968985825777053833e-02 3.660245239734649658e-01 2.690150439739227295e-01 1.873285174369812012e-01 2.451343834400177002e-01 1.531063169240951538e-01 1.415019780397415161e-01 2.503451406955718994e-01 1.455546766519546509e-01 2.181425541639328003e-01 2.576896846294403076e-01 2.908141016960144043e-01 2.475750595331192017e-01 2.076848298311233521e-01 2.231759727001190186e-01 2.124728113412857056e-01 0.000000000000000000e+00 1.091058254241943359e-01 1.969435513019561768e-01 2.301512360572814941e-01 2.241009771823883057e-01 2.486162334680557251e-01 1.267756670713424683e-01 2.132335156202316284e-01 1.108078584074974060e-01 2.717925906181335449e-01 1.842764168977737427e-01 9.474854171276092529e-02 3.751438558101654053e-01 2.301512360572814941e-01 3.132377862930297852e-01
1.068046689033508301e-01 4.587155953049659729e-02 7.270233333110809326e-02 1.960784383118152618e-02 2.676056325435638428e-01 1.647446453571319580e-01 7.985480874776840210e-02 1.397667080163955688e-01 4.474799707531929016e-02 3.290414810180664062e-02 1.452054828405380249e-01 3.703703731298446655e-02 1.116951406002044678e-01 1.528822034597396851e-01 1.876627206802368164e-01 1.423133909702301025e-01 1.008645519614219666e-01 1.169170513749122620e-01 1.058201044797897339e-01 1.091058254241943359e-01 0.000000000000000000e+00 8.976660668849945068e-02 1.241632476449012756e-01 1.178773343563079834e-01 1.434002071619033813e-01 1.791767589747905731e-02 1.066079288721084595e-01 1.722864923067390919e-03 1.676585227251052856e-01 7.671295106410980225e-02 1.450725365430116653e-02 2.773917615413665771e-01 1.241632476449012756e-01 2.113552391529083252e-01
1.720299571752548218e-02 4.407654330134391785e-02 1.717637293040752411e-02 1.091822758316993713e-01 1.822162270545959473e-01 7.610350102186203003e-02 9.983360767364501953e-03 5.063538625836372375e-02 4.520017281174659729e-02 5.703090876340866089e-02 5.617104098200798035e-02 5.290546268224716187e-02 2.215062454342842102e-02 6.399383395910263062e-02 9.957352280616760254e-02 5.322675034403800964e-02 1.119934860616922379e-02 2.743841335177421570e-02 1.620745472609996796e-02 1.969435513019561768e-01 8.976660668849945068e-02 0.000000000000000000e+00 3.478433564305305481e-02 2.841136418282985687e-02 5.433300882577896118e-02 7.196468114852905273e-02 1.700404845178127289e-02 8.805736154317855835e-02 7.908211648464202881e-02 1.314416900277137756e-02 1.041382476687431335e-01 1.924164295196533203e-01 3.478433564305305481e-02 1.239401027560234070e-01
1.759186945855617523e-02 7.874015718698501587e-02 5.192968249320983887e-02 1.434219181537628174e-01 1.483723223209381104e-01 4.142883419990539551e-02 4.475215822458267212e-02 1.587901636958122253e-02 7.985895127058029175e-02 9.163346886634826660e-02 2.142857201397418976e-02 8.752872049808502197e-02 1.264345459640026093e-02 2.927465923130512238e-02 6.501436978578567505e-02 1.847662217915058136e-02 2.359418012201786041e-02 7.352941203862428665e-03 1.858736015856266022e-02 2.301512360572814941e-01 1.241632476449012756e-01 3.478433564305305481e-02 0.000000000000000000e+00 6.379276979714632034e-03 1.958568766713142395e-02 1.064824685454368591e-01 1.779081113636493683e-02 1.224665790796279907e-01 4.441997036337852478e-02 4.790660366415977478e-02 1.384211629629135132e-01 1.586942523717880249e-01 0.000000000000000000e+00 8.954180032014846802e-02
1.121385022997856140e-02 7.239724695682525635e-02 4.556550085544586182e-02 1.371681392192840576e-01 1.546052694320678711e-01 4.779547825455665588e-02 3.838383778929710388e-02 2.225603908300399780e-02 7.351712882518768311e-02 8.530405163764953613e-02 2.780404686927795410e-02 8.119478076696395874e-02 6.264682859182357788e-03 3.564728051424026489e-02 7.136404514312744141e-02 2.485296875238418579e-02 1.721749454736709595e-02 9.737098589539527893e-04 1.220953091979026794e-02 2.241009771823883057e-01 1.178773343563079834e-01 2.841136418282985687e-02 6.379276979714632034e-03 0.000000000000000000e+00 2.596172131597995758e-02 1.001712307333946228e-01 1.141282916069030762e-02 1.161780655384063721e-01 5.078485608100891113e-02 4.154001921415328979e-02 1.321585923433303833e-01 1.649065762758255005e-01 6.379276979714632034e-03 9.586631506681442261e-02
3.716475144028663635e-02 9.817444533109664917e-02 7.144270837306976318e-02 1.625510007143020630e-01 1.291619688272476196e-01 2.186088450253009796e-02 6.428150087594985962e-02 3.707823576405644417e-03 9.928934276103973389e-02 1.110199019312858582e-01 1.843657810240983963e-03 1.069310978055000305e-01 3.222116455435752869e-02 9.694530628621578217e-03 4.548659920692443848e-02 1.109467470087110996e-03 4.315992444753646851e-02 2.693475037813186646e-02 3.815915808081626892e-02 2.486162334680557251e-01 1.434002071619033813e-01 5.433300882577896118e-02 1.958568766713142395e-02 2.596172131597995758e-02 0.000000000000000000e+00 1.258057802915573120e-01 3.736348077654838562e-02 1.417123526334762573e-01 2.485590800642967224e-02 6.742902100086212158e-02 1.575796455144882202e-01 1.395422816276550293e-01 1.958568766713142395e-02 7.007901370525360107e-02
8.905742317438125610e-02 2.797687798738479614e-02 5.485611408948898315e-02 3.751233965158462524e-02 2.508909404277801514e-01 1.472616642713546753e-01 6.202588230371475220e-02 1.221549361944198608e-01 2.685185149312019348e-02 1.499531418085098267e-02 1.276198327541351318e-01 1.913205720484256744e-02 9.396551549434661865e-02 1.353352516889572144e-01 1.703177392482757568e-01 1.247137188911437988e-01 8.309705555438995361e-02 9.920720010995864868e-02 8.806941658258438110e-02 1.267756670713424683e-01 1.791767589747905731e-02 7.196468114852905273e-02 1.064824685454368591e-01 1.001712307333946228e-01 1.258057802915573120e-01 0.000000000000000000e+00 8.885999023914337158e-02 1.619531027972698212e-02 1.501920372247695923e-01 5.887620151042938232e-02 3.241650387644767761e-02 2.607701718807220459e-01 1.064824685454368591e-01 1.941728889942169189e-01
1.990049786400049925e-04 6.103484705090522766e-02 3.417044132947921753e-02 1.259524822235107422e-01 1.657256782054901123e-01 5.917603150010108948e-02 2.698282897472381592e-02 3.366031870245933533e-02 6.215645000338554382e-02 7.396323233842849731e-02 3.920443728566169739e-02 6.984667479991912842e-02 5.148514639586210251e-03 4.704097285866737366e-02 8.270951360464096069e-02 3.625551611185073853e-02 5.805805791169404984e-03 1.043923571705818176e-02 7.968127611093223095e-04 2.132335156202316284e-01 1.066079288721084595e-01 1.700404845178127289e-02 1.779081113636493683e-02 1.141282916069030762e-02 3.736348077654838562e-02 8.885999023914337158e-02 0.000000000000000000e+00 1.049043312668800354e-01 6.216165795922279358e-02 3.014148026704788208e-02 1.209281533956527710e-01 1.759881973266601562e-01 1.779081113636493683e-02 1.071618944406509399e-01
1.051011458039283752e-01 4.415218532085418701e-02 7.098835706710815430e-02 2.132998779416084290e-02 2.660053968429565430e-01 1.630680710077285767e-01 7.814269512891769409e-02 1.380770802497863770e-01 4.302845150232315063e-02 3.118305094540119171e-02 1.435185223817825317e-01 3.531642630696296692e-02 1.099934428930282593e-01 1.511991620063781738e-01 1.860000044107437134e-01 1.406250000000000000e-01 9.915892034769058228e-02 1.152173876762390137e-01 1.041162237524986267e-01 1.108078584074974060e-01 1.722864923067390919e-03 8.805736154317855835e-02 1.224665790796279907e-01 1.161780655384063721e-01 1.417123526334762573e-01 1.619531027972698212e-02 1.049043312668800354e-01 0.000000000000000000e+00 1.659836024045944214e-01 7.500000298023223877e-02 1.622971333563327789e-02 2.758007049560546875e-01 1.224665790796279907e-01 2.097087353467941284e-01
6.196342036128044128e-02 1.227308586239814758e-01 9.612791240215301514e-02 1.866527646780014038e-01 1.046420112252235413e-01 2.996650757268071175e-03 8.899521827697753906e-02 2.856109850108623505e-02 1.238396242260932922e-01 1.355018913745880127e-01 2.301330491900444031e-02 1.314376592636108398e-01 5.703139677643775940e-02 1.516503095626831055e-02 2.065404504537582397e-02 2.596465870738029480e-02 6.794293969869613647e-02 5.175600573420524597e-02 6.295534968376159668e-02 2.717925906181335449e-01 1.676585227251052856e-01 7.908211648464202881e-02 4.441997036337852478e-02 5.078485608100891113e-02 2.485590800642967224e-02 1.501920372247695923e-01 6.216165795922279358e-02 1.659836024045944214e-01 0.000000000000000000e+00 9.213051944971084595e-02 1.817237734794616699e-01 1.150855347514152527e-01 4.441997036337852478e-02 4.530201479792594910e-02
3.034030273556709290e-02 3.095030598342418671e-02 4.033113829791545868e-03 9.617613255977630615e-02 1.948936134576797485e-01 8.915848284959793091e-02 3.161222441121935844e-03 6.373713165521621704e-02 3.207505866885185242e-02 4.391966387629508972e-02 6.926406919956207275e-02 3.978896513581275940e-02 3.528451919555664062e-02 7.707317173480987549e-02 1.125703528523445129e-01 6.632451713085174561e-02 2.433993481099605560e-02 4.056795313954353333e-02 2.934537269175052643e-02 1.842764168977737427e-01 7.671295106410980225e-02 1.314416900277137756e-02 4.790660366415977478e-02 4.154001921415328979e-02 6.742902100086212158e-02 5.887620151042938232e-02 3.014148026704788208e-02 7.500000298023223877e-02 9.213051944971084595e-02 0.000000000000000000e+00 9.111879765987396240e-02 2.050420194864273071e-01 4.790660366415977478e-02 1.368613094091415405e-01
1.211242452263832092e-01 6.033866107463836670e-02 8.711770176887512207e-02 5.102040711790323257e-03 2.810218930244445801e-01 1.788245141506195068e-01 9.425287693738937378e-02 1.539617776870727539e-01 5.921680852770805359e-02 4.738878086209297180e-02 1.593769937753677368e-01 5.151661112904548645e-02 1.259982287883758545e-01 1.670190244913101196e-01 2.016210705041885376e-01 1.564975380897521973e-01 1.152032315731048584e-01 1.312017589807510376e-01 1.201429218053817749e-01 9.474854171276092529e-02 1.450725365430116653e-02 1.041382476687431335e-01 1.384211629629135132e-01 1.321585923433303833e-01 1.575796455144882202e-01 3.241650387644767761e-02 1.209281533956527710e-01 1.622971333563327789e-02 1.817237734794616699e-01 9.111879765987396240e-02 0.000000000000000000e+00 2.907290756702423096e-01 1.384211629629135132e-01 2.251720726490020752e-01
1.757953464984893799e-01 2.345041334629058838e-01 2.089023739099502563e-01 2.953929603099822998e-01 1.057082414627075195e-02 1.180414780974388123e-01 2.020117342472076416e-01 1.431760191917419434e-01 2.355678081512451172e-01 2.467397004365921021e-01 1.377340555191040039e-01 2.428497076034545898e-01 1.709946095943450928e-01 1.300236433744430542e-01 9.465648978948593140e-02 1.406299769878387451e-01 1.816084384918212891e-01 1.658536642789840698e-01 1.767602115869522095e-01 3.751438558101654053e-01 2.773917615413665771e-01 1.924164295196533203e-01 1.586942523717880249e-01 1.649065762758255005e-01 1.395422816276550293e-01 2.607701718807220459e-01 1.759881973266601562e-01 2.758007049560546875e-01 1.150855347514152527e-01 2.050420194864273071e-01 2.907290756702423096e-01 0.000000000000000000e+00 1.586942523717880249e-01 7.014925032854080200e-02
1.759186945855617523e-02 7.874015718698501587e-02 5.192968249320983887e-02 1.434219181537628174e-01 1.483723223209381104e-01 4.142883419990539551e-02 4.475215822458267212e-02 1.587901636958122253e-02 7.985895127058029175e-02 9.163346886634826660e-02 2.142857201397418976e-02 8.752872049808502197e-02 1.264345459640026093e-02 2.927465923130512238e-02 6.501436978578567505e-02 1.847662217915058136e-02 2.359418012201786041e-02 7.352941203862428665e-03 1.858736015856266022e-02 2.301512360572814941e-01 1.241632476449012756e-01 3.478433564305305481e-02 0.000000000000000000e+00 6.379276979714632034e-03 1.958568766713142395e-02 1.064824685454368591e-01 1.779081113636493683e-02 1.224665790796279907e-01 4.441997036337852478e-02 4.790660366415977478e-02 1.384211629629135132e-01 1.586942523717880249e-01 0.000000000000000000e+00 8.954180032014846802e-02
1.069651767611503601e-01 1.671037822961807251e-01 1.408167034387588501e-01 2.300098687410354614e-01 5.962264165282249451e-02 4.829210788011550903e-02 1.337579637765884399e-01 7.376766949892044067e-02 1.681980192661285400e-01 1.797008216381072998e-01 6.824416667222976685e-02 1.756935268640518188e-01 1.020696982741355896e-01 6.042553111910820007e-02 2.467105351388454437e-02 7.118294388055801392e-02 1.128974631428718567e-01 9.683098644018173218e-02 1.079494953155517578e-01 3.132377862930297852e-01 2.113552391529083252e-01 1.239401027560234070e-01 8.954180032014846802e-02 9.586631506681442261e-02 7.007901370525360107e-02 1.941728889942169189e-01 1.071618944406509399e-01 2.097087353467941284e-01 4.530201479792594910e-02 1.368613094091415405e-01 2.251720726490020752e-01 7.014925032854080200e-02 8.954180032014846802e-02 0.000000000000000000e+00
