0.000000000000000000e+00 9.359984844923019409e-02 1.089456230401992798e-01 1.104605793952941895e-01 1.504926830530166626e-01 1.180965639650821686e-02 8.837031573057174683e-02 1.146629638969898224e-02 9.718472510576248169e-02 9.760802239179611206e-02 3.000340983271598816e-02 1.082976236939430237e-01 2.430243045091629028e-02 3.099455125629901886e-02 4.722756799310445786e-03 4.480352625250816345e-02 3.605243936181068420e-02 2.183255925774574280e-02 3.851067647337913513e-02 2.088378965854644775e-01 1.336919665336608887e-01 5.959031730890274048e-02 5.311863869428634644e-02 6.894608587026596069e-02 1.584228128194808960e-03 1.236176937818527222e-01 7.115963846445083618e-02 1.348225027322769165e-01 2.284046076238155365e-02 4.653301462531089783e-02 1.432589888572692871e-01 1.348639130592346191e-01 3.132447972893714905e-02 6.736600399017333984e-02
9.359984844923019409e-02 0.000000000000000000e+00 1.550387591123580933e-02 1.703687757253646851e-02 2.407019734382629395e-01 1.052931100130081177e-01 5.273149348795413971e-03 1.049535050988197327e-01 3.617790993303060532e-03 4.045135341584682465e-03 1.232571080327033997e-01 1.484828907996416092e-02 6.945540755987167358e-02 1.242339834570884705e-01 9.827915579080581665e-02 4.900181666016578674e-02 5.774225667119026184e-02 1.151969954371452332e-01 5.528846010565757751e-02 1.175355464220046997e-01 4.060017690062522888e-02 3.420028835535049438e-02 4.068348184227943420e-02 2.481389604508876801e-02 9.202926605939865112e-02 3.036923706531524658e-02 2.259067445993423462e-02 4.174950346350669861e-02 1.161919012665748596e-01 4.727272689342498779e-02 5.033407732844352722e-02 2.256157696247100830e-01 1.245591267943382263e-01 1.599572449922561646e-01
1.089456230401992798e-01 1.550387591123580933e-02 0.000000000000000000e+00 1.533406320959329605e-03 2.552532851696014404e-01 1.206001117825508118e-01 2.077532745897769928e-02 1.202616915106773376e-01 1.188675127923488617e-02 1.145945955067873001e-02 1.384963244199752808e-01 6.557377055287361145e-04 8.486789464950561523e-02 1.394692212343215942e-01 1.136099249124526978e-01 6.445672363042831421e-02 7.318062335252761841e-02 1.304678618907928467e-01 7.073170691728591919e-02 1.022179350256919861e-01 2.511210739612579346e-02 4.967782273888587952e-02 5.615194141864776611e-02 4.030226543545722961e-02 1.073799282312393188e-01 1.487236376851797104e-02 3.808121010661125183e-02 2.626262605190277100e-02 1.314589679241180420e-01 6.273062527179718018e-02 3.485739976167678833e-02 2.402791678905487061e-01 1.397930383682250977e-01 1.750270724296569824e-01
1.104605793952941895e-01 1.703687757253646851e-02 1.533406320959329605e-03 0.000000000000000000e+00 2.566862404346466064e-01 1.221109405159950256e-01 2.230802178382873535e-02 1.217726394534111023e-01 1.341991312801837921e-02 1.299263723194599152e-02 1.400000005960464478e-01 2.189141931012272835e-03 8.639005571603775024e-02 1.409724801778793335e-01 1.151232793927192688e-01 6.598360836505889893e-02 7.470564544200897217e-02 1.319748610258102417e-01 7.225727289915084839e-02 1.007003113627433777e-01 2.357960864901542664e-02 5.120732635259628296e-02 5.768037959933280945e-02 4.183308780193328857e-02 1.088954061269760132e-01 1.333926152437925339e-02 3.961230441927909851e-02 2.473021671175956726e-02 1.329655647277832031e-01 6.425785273313522339e-02 3.332577645778656006e-02 2.417235076427459717e-01 1.412961632013320923e-01 1.765131056308746338e-01
1.504926830530166626e-01 2.407019734382629395e-01 2.552532851696014404e-01 2.566862404346466064e-01 0.000000000000000000e+00 1.389299482107162476e-01 2.357280254364013672e-01 1.392666995525360107e-01 2.441072016954421997e-01 2.445090413093566895e-01 1.210357844829559326e-01 2.546401917934417725e-01 1.741581559181213379e-01 1.200581416487693787e-01 1.458736062049865723e-01 1.939882189035415649e-01 1.855384558439254761e-01 1.290842443704605103e-01 1.879142969846725464e-01 3.483814597129821777e-01 2.785797119140625000e-01 2.082157433032989502e-01 2.019965648651123047e-01 2.171852737665176392e-01 1.520406603813171387e-01 2.691040933132171631e-01 2.193038016557693481e-01 2.796413004398345947e-01 1.280925124883651733e-01 1.956555396318435669e-01 2.875522077083587646e-01 1.595253869891166687e-02 1.197326332330703735e-01 8.397805690765380859e-02
1.180965639650821686e-02 1.052931100130081177e-01 1.206001117825508118e-01 1.221109405159950256e-01 1.389299482107162476e-01 0.000000000000000000e+00 1.000755280256271362e-01 3.434066020417958498e-04 1.088694334030151367e-01 1.092916950583457947e-01 1.820020191371440887e-02 1.199538633227348328e-01 3.610172495245933533e-02 1.919191889464855194e-02 7.087294943630695343e-03 5.658324435353279114e-02 4.784172773361206055e-02 1.002548821270465851e-02 5.029745772480964661e-02 2.201047092676162720e-01 1.452722698450088501e-01 7.134976238012313843e-02 6.488759070634841919e-02 8.069004118442535400e-02 1.339363399893045425e-02 1.352299302816390991e-01 8.289963006973266602e-02 1.463990509510040283e-01 1.103377994149923325e-02 5.831062793731689453e-02 1.548067331314086914e-01 1.232505664229393005e-01 1.952204667031764984e-02 5.560058355331420898e-02
8.837031573057174683e-02 5.273149348795413971e-03 2.077532745897769928e-02 2.230802178382873535e-02 2.357280254364013672e-01 1.000755280256271362e-01 0.000000000000000000e+00 9.973555058240890503e-02 8.890770375728607178e-03 9.318085387349128723e-03 1.180606931447982788e-01 2.011986263096332550e-02 6.420577317476272583e-02 1.190388202667236328e-01 9.305423498153686523e-02 4.373996704816818237e-02 5.248508974909782410e-02 1.099906638264656067e-01 5.002989992499351501e-02 1.227326244115829468e-01 4.586350545287132263e-02 2.893235534429550171e-02 3.541793301701545715e-02 1.954330317676067352e-02 8.679823577404022217e-02 3.563667833805084229e-02 1.731958799064159393e-02 4.701230302453041077e-02 1.109867542982101440e-01 4.201005026698112488e-02 5.559246987104415894e-02 2.206050753593444824e-01 1.193643733859062195e-01 1.548146903514862061e-01
1.146629638969898224e-02 1.049535050988197327e-01 1.202616915106773376e-01 1.217726394534111023e-01 1.392666995525360107e-01 3.434066020417958498e-04 9.973555058240890503e-02 0.000000000000000000e+00 1.085300818085670471e-01 1.089523807168006897e-01 1.854349300265312195e-02 1.196153834462165833e-01 3.575876355171203613e-02 1.953519694507122040e-02 6.743904668837785721e-03 5.624092742800712585e-02 4.749910160899162292e-02 1.036885939538478851e-02 4.995491355657577515e-02 2.197779119014739990e-01 1.449360847473144531e-01 7.100809365510940552e-02 6.454562395811080933e-02 8.034885674715042114e-02 1.305028703063726425e-02 1.348927915096282959e-01 8.255857229232788086e-02 1.460629850625991821e-01 1.137714367359876633e-02 5.796838179230690002e-02 1.544715464115142822e-01 1.235887408256530762e-01 1.986531913280487061e-02 5.594292283058166504e-02
9.718472510576248169e-02 3.617790993303060532e-03 1.188675127923488617e-02 1.341991312801837921e-02 2.441072016954421997e-01 1.088694334030151367e-01 8.890770375728607178e-03 1.085300818085670471e-01 0.000000000000000000e+00 4.273504309821873903e-04 1.268183439970016479e-01 1.123110111802816391e-02 7.305484265089035034e-02 1.277943402528762817e-01 1.018607318401336670e-01 5.261027812957763672e-02 6.134723499417304993e-02 1.187652945518493652e-01 5.889447405934333801e-02 1.139662116765975952e-01 3.698781877756118774e-02 3.781339898705482483e-02 4.429475218057632446e-02 2.842913381755352020e-02 9.561522305011749268e-02 2.675438672304153442e-02 2.620632201433181763e-02 3.813747316598892212e-02 1.197593510150909424e-01 5.088181793689727783e-02 4.672479256987571716e-02 2.290465980768203735e-01 1.281191855669021606e-01 1.634804308414459229e-01
9.760802239179611206e-02 4.045135341584682465e-03 1.145945955067873001e-02 1.299263723194599152e-02 2.445090413093566895e-01 1.092916950583457947e-01 9.318085387349128723e-03 1.089523807168006897e-01 4.273504309821873903e-04 0.000000000000000000e+00 1.272388100624084473e-01 1.080380287021398544e-02 7.347989827394485474e-02 1.282146871089935303e-01 1.022836342453956604e-01 5.303643643856048584e-02 6.177296489477157593e-02 1.191865950822830200e-01 5.932033061981201172e-02 1.135443970561027527e-01 3.656104579567909241e-02 3.824013099074363708e-02 4.472125694155693054e-02 2.885613404214382172e-02 9.603864699602127075e-02 2.632733620703220367e-02 2.663337439298629761e-02 3.771073743700981140e-02 1.201805546879768372e-01 5.130805075168609619e-02 4.629836603999137878e-02 2.294514924287796021e-01 1.285394877195358276e-01 1.638963371515274048e-01
3.000340983271598816e-02 1.232571080327033997e-01 1.384963244199752808e-01 1.400000005960464478e-01 1.210357844829559326e-01 1.820020191371440887e-02 1.180606931447982788e-01 1.854349300265312195e-02 1.268183439970016479e-01 1.272388100624084473e-01 0.000000000000000000e+00 1.378531008958816528e-01 5.426627025008201599e-02 9.920635493472218513e-04 2.528423629701137543e-02 7.470650970935821533e-02 6.598447263240814209e-02 8.176205679774284363e-03 6.843501329421997070e-02 2.373540848493576050e-01 1.630413830280303955e-01 8.943382650613784790e-02 8.298978209495544434e-02 9.874522686004638672e-02 3.158613666892051697e-02 1.530534327030181885e-01 1.009475216269493103e-01 1.641618460416793823e-01 7.167861331254243851e-03 7.642971724271774292e-02 1.725208610296249390e-01 1.052865386009216309e-01 1.322314026765525341e-03 3.743826597929000854e-02
1.082976236939430237e-01 1.484828907996416092e-02 6.557377055287361145e-04 2.189141931012272835e-03 2.546401917934417725e-01 1.199538633227348328e-01 2.011986263096332550e-02 1.196153834462165833e-01 1.123110111802816391e-02 1.080380287021398544e-02 1.378531008958816528e-01 0.000000000000000000e+00 8.421684056520462036e-02 1.388261914253234863e-01 1.129626035690307617e-01 6.380368024110794067e-02 7.252836227416992188e-02 1.298232227563858032e-01 7.007922232151031494e-02 1.028667762875556946e-01 2.576742134988307953e-02 4.902368038892745972e-02 5.549824610352516174e-02 3.964757546782493591e-02 1.067317053675651550e-01 1.552795059978961945e-02 3.742640838027000427e-02 2.691790089011192322e-02 1.308145076036453247e-01 6.207744404673576355e-02 3.551232814788818359e-02 2.396611869335174561e-01 1.391500532627105713e-01 1.743913441896438599e-01
2.430243045091629028e-02 6.945540755987167358e-02 8.486789464950561523e-02 8.639005571603775024e-02 1.741581559181213379e-01 3.610172495245933533e-02 6.420577317476272583e-02 3.575876355171203613e-02 7.305484265089035034e-02 7.347989827394485474e-02 5.426627025008201599e-02 8.421684056520462036e-02 0.000000000000000000e+00 5.525536090135574341e-02 2.902185544371604919e-02 2.052344195544719696e-02 1.176031399518251419e-02 4.611052572727203369e-02 1.422155648469924927e-02 1.854768097400665283e-01 1.097461134195327759e-01 3.533906489610671997e-02 2.885345555841922760e-02 4.471858218312263489e-02 2.271907590329647064e-02 9.961452335119247437e-02 4.693838208913803101e-02 1.108833774924278259e-01 4.711673781275749207e-02 2.225575223565101624e-02 1.193721592426300049e-01 1.586463898420333862e-01 5.558459833264350891e-02 9.151860326528549194e-02
3.099455125629901886e-02 1.242339834570884705e-01 1.394692212343215942e-01 1.409724801778793335e-01 1.200581416487693787e-01 1.919191889464855194e-02 1.190388202667236328e-01 1.953519694507122040e-02 1.277943402528762817e-01 1.282146871089935303e-01 9.920635493472218513e-04 1.388261914253234863e-01 5.525536090135574341e-02 0.000000000000000000e+00 2.627564035356044769e-02 7.569296658039093018e-02 6.697215139865875244e-02 9.168194606900215149e-03 6.942236423492431641e-02 2.382900416851043701e-01 1.640069186687469482e-01 9.041786938905715942e-02 8.397493511438369751e-02 9.972751885652542114e-02 3.257717937231063843e-02 1.540221124887466431e-01 1.019293740391731262e-01 1.651270240545272827e-01 8.159866556525230408e-03 7.741591334342956543e-02 1.734832376241683960e-01 1.043053716421127319e-01 3.302510012872517109e-04 3.644755855202674866e-02
4.722756799310445786e-03 9.827915579080581665e-02 1.136099249124526978e-01 1.151232793927192688e-01 1.458736062049865723e-01 7.087294943630695343e-03 9.305423498153686523e-02 6.743904668837785721e-03 1.018607318401336670e-01 1.022836342453956604e-01 2.528423629701137543e-02 1.129626035690307617e-01 2.902185544371604919e-02 2.627564035356044769e-02 0.000000000000000000e+00 4.951580613851547241e-02 4.076825454831123352e-02 1.711156778037548065e-02 4.322557151317596436e-02 2.133502364158630371e-01 1.383273899555206299e-01 6.429497897624969482e-02 5.782688781619071960e-02 7.364486157894134521e-02 6.306937430053949356e-03 1.282655596733093262e-01 7.585690170526504517e-02 1.394564509391784668e-01 1.811965741217136383e-02 5.124450847506523132e-02 1.478817015886306763e-01 1.302241086959838867e-01 2.660566009581089020e-02 6.266318261623382568e-02
4.480352625250816345e-02 4.900181666016578674e-02 6.445672363042831421e-02 6.598360836505889893e-02 1.939882189035415649e-01 5.658324435353279114e-02 4.373996704816818237e-02 5.624092742800712585e-02 5.261027812957763672e-02 5.303643643856048584e-02 7.470650970935821533e-02 6.380368024110794067e-02 2.052344195544719696e-02 7.569296658039093018e-02 4.951580613851547241e-02 0.000000000000000000e+00 8.765243925154209137e-03 6.657096743583679199e-02 6.303724832832813263e-03 1.655836850404739380e-01 8.942408114671707153e-02 1.482637505978345871e-02 8.334948681294918060e-03 2.421736530959606171e-02 4.322236403822898865e-02 7.925311475992202759e-02 2.644040994346141815e-02 9.056603908538818359e-02 6.757483631372451782e-02 1.733102253638207912e-03 9.909148514270782471e-02 1.785883456468582153e-01 7.602131366729736328e-02 1.118319928646087646e-01
3.605243936181068420e-02 5.774225667119026184e-02 7.318062335252761841e-02 7.470564544200897217e-02 1.855384558439254761e-01 4.784172773361206055e-02 5.248508974909782410e-02 4.749910160899162292e-02 6.134723499417304993e-02 6.177296489477157593e-02 6.598447263240814209e-02 7.252836227416992188e-02 1.176031399518251419e-02 6.697215139865875244e-02 4.076825454831123352e-02 8.765243925154209137e-03 0.000000000000000000e+00 5.783947184681892395e-02 2.461655065417289734e-03 1.740962564945220947e-01 9.811242669820785522e-02 2.358855307102203369e-02 1.709894277155399323e-02 3.297561034560203552e-02 3.447018191218376160e-02 8.795725554227828979e-02 3.519749641418457031e-02 9.925249218940734863e-02 5.884444341063499451e-02 1.049818657338619232e-02 1.077631339430809021e-01 1.700893491506576538e-01 6.730091571807861328e-02 1.031678840517997742e-01
2.183255925774574280e-02 1.151969954371452332e-01 1.304678618907928467e-01 1.319748610258102417e-01 1.290842443704605103e-01 1.002548821270465851e-02 1.099906638264656067e-01 1.036885939538478851e-02 1.187652945518493652e-01 1.191865950822830200e-01 8.176205679774284363e-03 1.298232227563858032e-01 4.611052572727203369e-02 9.168194606900215149e-03 1.711156778037548065e-02 6.657096743583679199e-02 5.783947184681892395e-02 0.000000000000000000e+00 6.029254198074340820e-02 2.296234965324401855e-01 1.550718992948532104e-01 8.131708204746246338e-02 7.486437261104583740e-02 9.064219892024993896e-02 2.341597713530063629e-02 1.450587511062622070e-01 9.284795075654983521e-02 1.561952978372573853e-01 1.008403371088206768e-03 6.829618662595748901e-02 1.645767986774444580e-01 1.133651584386825562e-01 9.498417377471923828e-03 4.560051485896110535e-02
3.851067647337913513e-02 5.528846010565757751e-02 7.073170691728591919e-02 7.225727289915084839e-02 1.879142969846725464e-01 5.029745772480964661e-02 5.002989992499351501e-02 4.995491355657577515e-02 5.889447405934333801e-02 5.932033061981201172e-02 6.843501329421997070e-02 7.007922232151031494e-02 1.422155648469924927e-02 6.942236423492431641e-02 4.322557151317596436e-02 6.303724832832813263e-03 2.461655065417289734e-03 6.029254198074340820e-02 0.000000000000000000e+00 1.717081815004348755e-01 9.567387402057647705e-02 2.112812548875808716e-02 1.463790424168109894e-02 3.051643259823322296e-02 3.692870214581489563e-02 8.551411330699920654e-02 3.273867815732955933e-02 9.681449085474014282e-02 6.129721924662590027e-02 8.036739192903041840e-03 1.053294166922569275e-01 1.724787950515747070e-01 6.975101679563522339e-02 1.056027188897132874e-01
2.088378965854644775e-01 1.175355464220046997e-01 1.022179350256919861e-01 1.007003113627433777e-01 3.483814597129821777e-01 2.201047092676162720e-01 1.227326244115829468e-01 2.197779119014739990e-01 1.139662116765975952e-01 1.135443970561027527e-01 2.373540848493576050e-01 1.028667762875556946e-01 1.854768097400665283e-01 2.382900416851043701e-01 2.133502364158630371e-01 1.655836850404739380e-01 1.740962564945220947e-01 2.296234965324401855e-01 1.717081815004348755e-01 0.000000000000000000e+00 7.730425894260406494e-02 1.511283367872238159e-01 1.574660688638687134e-01 1.419354826211929321e-01 2.073222696781158447e-01 8.747855573892593384e-02 1.397551447153091431e-01 7.615976035594940186e-02 2.305785119533538818e-01 1.638976186513900757e-01 6.760140508413314819e-02 3.342867493629455566e-01 2.386015057563781738e-01 2.723720073699951172e-01
1.336919665336608887e-01 4.060017690062522888e-02 2.511210739612579346e-02 2.357960864901542664e-02 2.785797119140625000e-01 1.452722698450088501e-01 4.586350545287132263e-02 1.449360847473144531e-01 3.698781877756118774e-02 3.656104579567909241e-02 1.630413830280303955e-01 2.576742134988307953e-02 1.097461134195327759e-01 1.640069186687469482e-01 1.383273899555206299e-01 8.942408114671707153e-02 9.811242669820785522e-02 1.550718992948532104e-01 9.567387402057647705e-02 7.730425894260406494e-02 0.000000000000000000e+00 7.469674199819564819e-02 8.114962279796600342e-02 6.534823775291442871e-02 1.321357339620590210e-01 1.024356950074434280e-02 6.313294917345046997e-02 1.151277916505932808e-03 1.560558974742889404e-01 8.770457655191421509e-02 9.753831662237644196e-03 2.637995183467864990e-01 1.643282771110534668e-01 1.992633491754531860e-01
5.959031730890274048e-02 3.420028835535049438e-02 4.967782273888587952e-02 5.120732635259628296e-02 2.082157433032989502e-01 7.134976238012313843e-02 2.893235534429550171e-02 7.100809365510940552e-02 3.781339898705482483e-02 3.824013099074363708e-02 8.943382650613784790e-02 4.902368038892745972e-02 3.533906489610671997e-02 9.041786938905715942e-02 6.429497897624969482e-02 1.482637505978345871e-02 2.358855307102203369e-02 8.131708204746246338e-02 2.112812548875808716e-02 1.511283367872238159e-01 7.469674199819564819e-02 0.000000000000000000e+00 6.492229178547859192e-03 9.394363500177860260e-03 5.801156535744667053e-02 6.450252979993820190e-02 1.161858998239040375e-02 7.584150135517120361e-02 8.231873810291290283e-02 1.309360936284065247e-02 8.438909053802490234e-02 1.929039508104324341e-01 9.074541181325912476e-02 1.264487057924270630e-01
5.311863869428634644e-02 4.068348184227943420e-02 5.615194141864776611e-02 5.768037959933280945e-02 2.019965648651123047e-01 6.488759070634841919e-02 3.541793301701545715e-02 6.454562395811080933e-02 4.429475218057632446e-02 4.472125694155693054e-02 8.298978209495544434e-02 5.549824610352516174e-02 2.885345555841922760e-02 8.397493511438369751e-02 5.782688781619071960e-02 8.334948681294918060e-03 1.709894277155399323e-02 7.486437261104583740e-02 1.463790424168109894e-02 1.574660688638687134e-01 8.114962279796600342e-02 6.492229178547859192e-03 0.000000000000000000e+00 1.588562317192554474e-02 5.153874680399894714e-02 7.096504420042037964e-02 1.810945197939872742e-02 8.229321241378784180e-02 7.586704939603805542e-02 6.601941771805286407e-03 9.083155542612075806e-02 1.866454631090164185e-01 8.430284261703491211e-02 1.200550422072410583e-01
6.894608587026596069e-02 2.481389604508876801e-02 4.030226543545722961e-02 4.183308780193328857e-02 2.171852737665176392e-01 8.069004118442535400e-02 1.954330317676067352e-02 8.034885674715042114e-02 2.842913381755352020e-02 2.885613404214382172e-02 9.874522686004638672e-02 3.964757546782493591e-02 4.471858218312263489e-02 9.972751885652542114e-02 7.364486157894134521e-02 2.421736530959606171e-02 3.297561034560203552e-02 9.064219892024993896e-02 3.051643259823322296e-02 1.419354826211929321e-01 6.534823775291442871e-02 9.394363500177860260e-03 1.588562317192554474e-02 0.000000000000000000e+00 6.736921519041061401e-02 5.514157935976982117e-02 2.224469091743230820e-03 6.649450957775115967e-02 9.164223074913024902e-02 2.248520776629447937e-02 7.505422830581665039e-02 2.019323706626892090e-01 1.000544726848602295e-01 1.356818974018096924e-01
1.584228128194808960e-03 9.202926605939865112e-02 1.073799282312393188e-01 1.088954061269760132e-01 1.520406603813171387e-01 1.339363399893045425e-02 8.679823577404022217e-02 1.305028703063726425e-02 9.561522305011749268e-02 9.603864699602127075e-02 3.158613666892051697e-02 1.067317053675651550e-01 2.271907590329647064e-02 3.257717937231063843e-02 6.306937430053949356e-03 4.322236403822898865e-02 3.447018191218376160e-02 2.341597713530063629e-02 3.692870214581489563e-02 2.073222696781158447e-01 1.321357339620590210e-01 5.801156535744667053e-02 5.153874680399894714e-02 6.736921519041061401e-02 0.000000000000000000e+00 1.220573708415031433e-01 6.958325207233428955e-02 1.332667320966720581e-01 2.442380413413047791e-02 4.495210200548171997e-02 1.417069286108016968e-01 1.364189982414245605e-01 3.290707617998123169e-02 6.894287467002868652e-02
1.236176937818527222e-01 3.036923706531524658e-02 1.487236376851797104e-02 1.333926152437925339e-02 2.691040933132171631e-01 1.352299302816390991e-01 3.563667833805084229e-02 1.348927915096282959e-01 2.675438672304153442e-02 2.632733620703220367e-02 1.530534327030181885e-01 1.552795059978961945e-02 9.961452335119247437e-02 1.540221124887466431e-01 1.282655596733093262e-01 7.925311475992202759e-02 8.795725554227828979e-02 1.450587511062622070e-01 8.551411330699920654e-02 8.747855573892593384e-02 1.024356950074434280e-02 6.450252979993820190e-02 7.096504420042037964e-02 5.514157935976982117e-02 1.220573708415031433e-01 0.000000000000000000e+00 5.292360112071037292e-02 1.139471307396888733e-02 1.460457891225814819e-01 7.753065973520278931e-02 1.999540254473686218e-02 2.542429864406585693e-01 1.543445140123367310e-01 1.894063949584960938e-01
7.115963846445083618e-02 2.259067445993423462e-02 3.808121010661125183e-02 3.961230441927909851e-02 2.193038016557693481e-01 8.289963006973266602e-02 1.731958799064159393e-02 8.255857229232788086e-02 2.620632201433181763e-02 2.663337439298629761e-02 1.009475216269493103e-01 3.742640838027000427e-02 4.693838208913803101e-02 1.019293740391731262e-01 7.585690170526504517e-02 2.644040994346141815e-02 3.519749641418457031e-02 9.284795075654983521e-02 3.273867815732955933e-02 1.397551447153091431e-01 6.313294917345046997e-02 1.161858998239040375e-02 1.810945197939872742e-02 2.224469091743230820e-03 6.958325207233428955e-02 5.292360112071037292e-02 0.000000000000000000e+00 6.427954882383346558e-02 9.384756535291671753e-02 2.470844052731990814e-02 7.284191995859146118e-02 2.040651738643646240e-01 1.022561863064765930e-01 1.378647536039352417e-01
1.348225027322769165e-01 4.174950346350669861e-02 2.626262605190277100e-02 2.473021671175956726e-02 2.796413004398345947e-01 1.463990509510040283e-01 4.701230302453041077e-02 1.460629850625991821e-01 3.813747316598892212e-02 3.771073743700981140e-02 1.641618460416793823e-01 2.691790089011192322e-02 1.108833774924278259e-01 1.651270240545272827e-01 1.394564509391784668e-01 9.056603908538818359e-02 9.925249218940734863e-02 1.561952978372573853e-01 9.681449085474014282e-02 7.615976035594940186e-02 1.151277916505932808e-03 7.584150135517120361e-02 8.229321241378784180e-02 6.649450957775115967e-02 1.332667320966720581e-01 1.139471307396888733e-02 6.427954882383346558e-02 0.000000000000000000e+00 1.571789383888244629e-01 8.884687721729278564e-02 8.602650836110115051e-03 2.648703753948211670e-01 1.654482483863830566e-01 2.003686577081680298e-01
2.284046076238155365e-02 1.161919012665748596e-01 1.314589679241180420e-01 1.329655647277832031e-01 1.280925124883651733e-01 1.103377994149923325e-02 1.109867542982101440e-01 1.137714367359876633e-02 1.197593510150909424e-01 1.201805546879768372e-01 7.167861331254243851e-03 1.308145076036453247e-01 4.711673781275749207e-02 8.159866556525230408e-03 1.811965741217136383e-02 6.757483631372451782e-02 5.884444341063499451e-02 1.008403371088206768e-03 6.129721924662590027e-02 2.305785119533538818e-01 1.560558974742889404e-01 8.231873810291290283e-02 7.586704939603805542e-02 9.164223074913024902e-02 2.442380413413047791e-02 1.460457891225814819e-01 9.384756535291671753e-02 1.571789383888244629e-01 0.000000000000000000e+00 6.929981708526611328e-02 1.655577272176742554e-01 1.123695969581604004e-01 8.490094915032386780e-03 4.459416121244430542e-02
4.653301462531089783e-02 4.727272689342498779e-02 6.273062527179718018e-02 6.425785273313522339e-02 1.956555396318435669e-01 5.831062793731689453e-02 4.201005026698112488e-02 5.796838179230690002e-02 5.088181793689727783e-02 5.130805075168609619e-02 7.642971724271774292e-02 6.207744404673576355e-02 2.225575223565101624e-02 7.741591334342956543e-02 5.124450847506523132e-02 1.733102253638207912e-03 1.049818657338619232e-02 6.829618662595748901e-02 8.036739192903041840e-03 1.638976186513900757e-01 8.770457655191421509e-02 1.309360936284065247e-02 6.601941771805286407e-03 2.248520776629447937e-02 4.495210200548171997e-02 7.753065973520278931e-02 2.470844052731990814e-02 8.884687721729278564e-02 6.929981708526611328e-02 0.000000000000000000e+00 9.737510234117507935e-02 1.802656501531600952e-01 7.774417102336883545e-02 1.135430932044982910e-01
1.432589888572692871e-01 5.033407732844352722e-02 3.485739976167678833e-02 3.332577645778656006e-02 2.875522077083587646e-01 1.548067331314086914e-01 5.559246987104415894e-02 1.544715464115142822e-01 4.672479256987571716e-02 4.629836603999137878e-02 1.725208610296249390e-01 3.551232814788818359e-02 1.193721592426300049e-01 1.734832376241683960e-01 1.478817015886306763e-01 9.909148514270782471e-02 1.077631339430809021e-01 1.645767986774444580e-01 1.053294166922569275e-01 6.760140508413314819e-02 9.753831662237644196e-03 8.438909053802490234e-02 9.083155542612075806e-02 7.505422830581665039e-02 1.417069286108016968e-01 1.999540254473686218e-02 7.284191995859146118e-02 8.602650836110115051e-03 1.655577272176742554e-01 9.737510234117507935e-02 0.000000000000000000e+00 2.728512883186340332e-01 1.738035231828689575e-01 2.086117267608642578e-01
1.348639130592346191e-01 2.256157696247100830e-01 2.402791678905487061e-01 2.417235076427459717e-01 1.595253869891166687e-02 1.232505664229393005e-01 2.206050753593444824e-01 1.235887408256530762e-01 2.290465980768203735e-01 2.294514924287796021e-01 1.052865386009216309e-01 2.396611869335174561e-01 1.586463898420333862e-01 1.043053716421127319e-01 1.302241086959838867e-01 1.785883456468582153e-01 1.700893491506576538e-01 1.133651584386825562e-01 1.724787950515747070e-01 3.342867493629455566e-01 2.637995183467864990e-01 1.929039508104324341e-01 1.866454631090164185e-01 2.019323706626892090e-01 1.364189982414245605e-01 2.542429864406585693e-01 2.040651738643646240e-01 2.648703753948211670e-01 1.123695969581604004e-01 1.802656501531600952e-01 2.728512883186340332e-01 0.000000000000000000e+00 1.039787009358406067e-01 6.811676919460296631e-02
3.132447972893714905e-02 1.245591267943382263e-01 1.397930383682250977e-01 1.412961632013320923e-01 1.197326332330703735e-01 1.952204667031764984e-02 1.193643733859062195e-01 1.986531913280487061e-02 1.281191855669021606e-01 1.285394877195358276e-01 1.322314026765525341e-03 1.391500532627105713e-01 5.558459833264350891e-02 3.302510012872517109e-04 2.660566009581089020e-02 7.602131366729736328e-02 6.730091571807861328e-02 9.498417377471923828e-03 6.975101679563522339e-02 2.386015057563781738e-01 1.643282771110534668e-01 9.074541181325912476e-02 8.430284261703491211e-02 1.000544726848602295e-01 3.290707617998123169e-02 1.543445140123367310e-01 1.022561863064765930e-01 1.654482483863830566e-01 8.490094915032386780e-03 7.774417102336883545e-02 1.738035231828689575e-01 1.039787009358406067e-01 0.000000000000000000e+00 3.611773997545242310e-02
6.736600399017333984e-02 1.599572449922561646e-01 1.750270724296569824e-01 1.765131056308746338e-01 8.397805690765380859e-02 5.560058355331420898e-02 1.548146903514862061e-01 5.594292283058166504e-02 1.634804308414459229e-01 1.638963371515274048e-01 3.743826597929000854e-02 1.743913441896438599e-01 9.151860326528549194e-02 3.644755855202674866e-02 6.266318261623382568e-02 1.118319928646087646e-01 1.031678840517997742e-01 4.560051485896110535e-02 1.056027188897132874e-01 2.723720073699951172e-01 1.992633491754531860e-01 1.264487057924270630e-01 1.200550422072410583e-01 1.356818974018096924e-01 6.894287467002868652e-02 1.894063949584960938e-01 1.378647536039352417e-01 2.003686577081680298e-01 4.459416121244430542e-02 1.135430932044982910e-01 2.086117267608642578e-01 6.811676919460296631e-02 3.611773997545242310e-02 0.000000000000000000e+00
