0.000000000000000000e+00 1.821782253682613373e-02 6.349534541368484497e-02 6.569948047399520874e-02 8.845949172973632812e-02 4.654181376099586487e-02 1.380897592753171921e-02 4.334883764386177063e-02 6.627927720546722412e-02 6.702635437250137329e-02 4.441553726792335510e-02 8.595564961433410645e-02 1.081187371164560318e-02 4.654181376099586487e-02 5.944759398698806763e-02 3.681457135826349258e-03 1.305182371288537979e-02 2.261927351355552673e-02 2.757793851196765900e-02 1.429206430912017822e-01 1.144343316555023193e-01 5.992654245346784592e-03 2.339181257411837578e-03 3.090840578079223633e-02 5.006466060876846313e-02 1.321004033088684082e-01 4.448506981134414673e-02 6.569948047399520874e-02 4.477057233452796936e-02 8.293153718113899231e-03 1.997200250625610352e-01 1.573254615068435669e-01 3.004807606339454651e-02 1.136011034250259399e-01
1.821782253682613373e-02 0.000000000000000000e+00 4.532995820045471191e-02 4.753855988383293152e-02 1.065056771039962769e-01 6.470477581024169922e-02 3.201874345541000366e-02 6.151807680726051331e-02 8.439520001411437988e-02 4.886820539832115173e-02 6.258271634578704834e-02 6.784406304359436035e-02 7.407407276332378387e-03 6.470477581024169922e-02 7.758139818906784058e-02 2.189780957996845245e-02 3.126221150159835815e-02 4.082027450203895569e-02 9.364821016788482666e-03 1.250283569097518921e-01 9.641751646995544434e-02 2.420783229172229767e-02 1.587931811809539795e-02 4.909858107566833496e-02 6.822025775909423828e-02 1.141573041677474976e-01 2.628855220973491669e-02 4.753855988383293152e-02 6.293706595897674561e-02 2.650696970522403717e-02 1.821649968624114990e-01 1.750416010618209839e-01 1.183673460036516190e-02 1.315466761589050293e-01
6.349534541368484497e-02 4.532995820045471191e-02 0.000000000000000000e+00 2.213368657976388931e-03 1.511061191558837891e-01 1.097129359841346741e-01 7.723660022020339966e-02 1.065509095788002014e-01 1.292307674884796143e-01 3.546099178493022919e-03 1.076074093580245972e-01 2.258355915546417236e-02 5.271966382861137390e-02 1.097129359841346741e-01 1.224806234240531921e-01 6.716110557317733765e-02 7.648378610610961914e-02 8.599112182855606079e-02 3.598041459918022156e-02 8.015266805887222290e-02 5.131181702017784119e-02 6.946156919002532959e-02 6.116525083780288696e-02 9.421884268522262573e-02 1.132001578807830811e-01 6.918536126613616943e-02 1.906412467360496521e-02 2.213368657976388931e-03 1.079590246081352234e-01 7.175071537494659424e-02 1.379743665456771851e-01 2.186367511749267578e-01 3.351120650768280029e-02 1.758281737565994263e-01
6.569948047399520874e-02 4.753855988383293152e-02 2.213368657976388931e-03 0.000000000000000000e+00 1.532682180404663086e-01 1.118991300463676453e-01 7.943639159202575684e-02 1.087386310100555420e-01 1.314065456390380859e-01 1.332740997895598412e-03 1.097946316003799438e-01 2.037120796740055084e-02 5.492662638425827026e-02 1.118991300463676453e-01 1.246601939201354980e-01 6.936416029930114746e-02 7.868383079767227173e-02 8.818770200014114380e-02 3.819074109196662903e-02 7.795313000679016113e-02 4.910402745008468628e-02 7.166392356157302856e-02 6.337004154920578003e-02 9.641210734844207764e-02 1.153846159577369690e-01 6.698224693536758423e-02 2.127659507095813751e-02 0.000000000000000000e+00 1.101460754871368408e-01 7.395233958959579468e-02 1.358024626970291138e-01 2.207432985305786133e-01 3.572192415595054626e-02 1.779722869396209717e-01
8.845949172973632812e-02 1.065056771039962769e-01 1.511061191558837891e-01 1.532682180404663086e-01 0.000000000000000000e+00 4.209097102284431458e-02 7.474181801080703735e-02 4.528430476784706116e-02 2.231102250516414642e-02 1.545693874359130859e-01 4.421768710017204285e-02 1.730989664793014526e-01 9.917651116847991943e-02 4.209097102284431458e-02 2.916526980698108673e-02 8.480565249919891357e-02 7.549483329057693481e-02 6.597222387790679932e-02 1.157550439238548279e-01 2.284913957118988037e-01 2.008605450391769409e-01 8.251057565212249756e-02 9.077989310026168823e-02 5.770887061953544617e-02 3.856562823057174683e-02 2.180123031139373779e-01 1.324234604835510254e-01 1.532682180404663086e-01 4.386263340711593628e-02 8.022519201040267944e-02 2.831766009330749512e-01 6.983790546655654907e-02 1.181934103369712830e-01 2.539682574570178986e-02
4.654181376099586487e-02 6.470477581024169922e-02 1.097129359841346741e-01 1.118991300463676453e-01 4.209097102284431458e-02 0.000000000000000000e+00 3.275388851761817932e-02 3.199431113898754120e-03 1.979854144155979156e-02 1.132149919867515564e-01 2.130681881681084633e-03 1.319695115089416504e-01 5.732484161853790283e-02 0.000000000000000000e+00 1.294158771634101868e-02 4.286770150065422058e-02 3.351034596562385559e-02 2.394775114953517914e-02 7.402473688125610352e-02 1.882105320692062378e-01 1.601233333349227905e-01 4.056047275662422180e-02 4.887567460536956787e-02 1.565592922270298004e-02 3.531073452904820442e-03 1.775505989789962769e-01 9.083881229162216187e-02 1.118991300463676453e-01 1.774937845766544342e-03 3.826342895627021790e-02 2.439938336610794067e-01 1.116008162498474121e-01 7.648292928934097290e-02 6.741572916507720947e-02
1.380897592753171921e-02 3.201874345541000366e-02 7.723660022020339966e-02 7.943639159202575684e-02 7.474181801080703735e-02 3.275388851761817932e-02 0.000000000000000000e+00 2.955755405128002167e-02 5.251837149262428284e-02 8.076058328151702881e-02 3.062534332275390625e-02 9.964635223150253296e-02 2.461717464029788971e-02 3.275388851761817932e-02 4.567611590027809143e-02 1.012803334742784500e-02 7.572888862341642380e-04 8.813050575554370880e-03 4.137115925550460815e-02 1.564209163188934326e-01 1.280409693717956543e-01 7.816968485713005066e-03 1.614763587713241577e-02 1.710673049092292786e-02 3.628076612949371338e-02 1.456436961889266968e-01 5.825825780630111694e-02 7.943639159202575684e-02 3.098075091838836670e-02 5.516454111784696579e-03 2.129417210817337036e-01 1.438289582729339600e-01 4.383886232972145081e-02 9.994892030954360962e-02
4.334883764386177063e-02 6.151807680726051331e-02 1.065509095788002014e-01 1.087386310100555420e-01 4.528430476784706116e-02 3.199431113898754120e-03 2.955755405128002167e-02 0.000000000000000000e+00 2.299651503562927246e-02 1.100554242730140686e-01 1.068756682798266411e-03 1.288244724273681641e-01 5.413533747196197510e-02 3.199431113898754120e-03 1.614035107195377350e-02 3.967371210455894470e-02 3.031416423618793488e-02 2.074990980327129364e-02 7.084208726882934570e-02 1.851225644350051880e-01 1.570043265819549561e-01 3.736589103937149048e-02 4.568338766694068909e-02 1.245712209492921829e-02 6.730428431183099747e-03 1.744502633810043335e-01 8.766485750675201416e-02 1.087386310100555420e-01 1.424501417204737663e-03 3.506829217076301575e-02 2.409825176000595093e-01 1.147592738270759583e-01 7.330143451690673828e-02 7.059993594884872437e-02
6.627927720546722412e-02 8.439520001411437988e-02 1.292307674884796143e-01 1.314065456390380859e-01 2.231102250516414642e-02 1.979854144155979156e-02 5.251837149262428284e-02 2.299651503562927246e-02 0.000000000000000000e+00 1.327160447835922241e-01 2.192829735577106476e-02 1.513725519180297852e-01 7.703594863414764404e-02 1.979854144155979156e-02 6.858710665255784988e-03 6.261309981346130371e-02 5.327354371547698975e-02 4.372556135058403015e-02 9.368597716093063354e-02 2.072368413209915161e-01 1.793532818555831909e-01 6.031057983636856079e-02 6.860782206058502197e-02 3.544348478317260742e-02 1.626860536634922028e-02 1.966578364372253418e-01 1.104387268424034119e-01 1.314065456390380859e-01 2.157272025942802429e-02 5.801801756024360657e-02 2.625241875648498535e-01 9.200556576251983643e-02 9.613589942455291748e-02 4.768082872033119202e-02
6.702635437250137329e-02 4.886820539832115173e-02 3.546099178493022919e-03 1.332740997895598412e-03 1.545693874359130859e-01 1.132149919867515564e-01 8.076058328151702881e-02 1.100554242730140686e-01 1.327160447835922241e-01 0.000000000000000000e+00 1.111111119389533997e-01 1.903898455202579498e-02 5.625524744391441345e-02 1.132149919867515564e-01 1.259720027446746826e-01 7.069037109613418579e-02 8.000818639993667603e-02 8.950992673635482788e-02 3.952147066593170166e-02 7.662834972143173218e-02 4.777441173791885376e-02 7.298968732357025146e-02 6.469731777906417847e-02 9.773229062557220459e-02 1.166994124650955200e-01 6.565536558628082275e-02 2.260869555175304413e-02 1.332740997895598412e-03 1.114624515175819397e-01 7.527766376733779907e-02 1.344940662384033203e-01 2.220107316970825195e-01 3.705290332436561584e-02 1.792625039815902710e-01
4.441553726792335510e-02 6.258271634578704834e-02 1.076074093580245972e-01 1.097946316003799438e-01 4.421768710017204285e-02 2.130681881681084633e-03 3.062534332275390625e-02 1.068756682798266411e-03 2.192829735577106476e-02 1.111111119389533997e-01 0.000000000000000000e+00 1.298753470182418823e-01 5.520090088248252869e-02 2.130681881681084633e-03 1.507185399532318115e-02 4.074073955416679382e-02 3.138190507888793945e-02 2.181818149983882904e-02 7.190539687871932983e-02 1.861544996500015259e-01 1.580465734004974365e-01 3.843311220407485962e-02 4.674986004829406738e-02 1.352569926530122757e-02 5.661712493747472763e-03 1.754862964153289795e-01 8.872529864311218262e-02 1.097946316003799438e-01 3.557452873792499304e-04 3.613569214940071106e-02 2.419889569282531738e-01 1.137044653296470642e-01 7.436436414718627930e-02 6.953642517328262329e-02
8.595564961433410645e-02 6.784406304359436035e-02 2.258355915546417236e-02 2.037120796740055084e-02 1.730989664793014526e-01 1.319695115089416504e-01 9.964635223150253296e-02 1.288244724273681641e-01 1.513725519180297852e-01 1.903898455202579498e-02 1.298753470182418823e-01 0.000000000000000000e+00 7.521367818117141724e-02 1.319695115089416504e-01 1.446640342473983765e-01 8.960875123739242554e-02 9.889652580022811890e-02 1.083642393350601196e-01 5.851642414927482605e-02 5.767351016402244568e-02 2.876158803701400757e-02 9.190096706151962280e-02 8.363328129053115845e-02 1.165544018149375916e-01 1.354374736547470093e-01 4.667472839355468750e-02 4.162976145744323730e-02 2.037120796740055084e-02 1.302250772714614868e-01 9.418166428804397583e-02 1.157514825463294983e-01 2.400351166725158691e-01 5.605234578251838684e-02 1.976269930601119995e-01
1.081187371164560318e-02 7.407407276332378387e-03 5.271966382861137390e-02 5.492662638425827026e-02 9.917651116847991943e-02 5.732484161853790283e-02 2.461717464029788971e-02 5.413533747196197510e-02 7.703594863414764404e-02 5.625524744391441345e-02 5.520090088248252869e-02 7.521367818117141724e-02 0.000000000000000000e+00 5.732484161853790283e-02 7.021433860063552856e-02 1.449275389313697815e-02 2.386032976210117340e-02 3.342297300696372986e-02 1.677106507122516632e-02 1.323132365942001343e-01 1.037508249282836914e-01 1.680343970656394958e-02 8.472906425595283508e-03 4.170634225010871887e-02 6.084359809756278992e-02 1.214620023965835571e-01 3.368939831852912903e-02 5.492662638425827026e-02 5.555555596947669983e-02 1.910331472754478455e-02 1.893169432878494263e-01 1.678518205881118774e-01 1.924245432019233704e-02 1.242603585124015808e-01
4.654181376099586487e-02 6.470477581024169922e-02 1.097129359841346741e-01 1.118991300463676453e-01 4.209097102284431458e-02 0.000000000000000000e+00 3.275388851761817932e-02 3.199431113898754120e-03 1.979854144155979156e-02 1.132149919867515564e-01 2.130681881681084633e-03 1.319695115089416504e-01 5.732484161853790283e-02 0.000000000000000000e+00 1.294158771634101868e-02 4.286770150065422058e-02 3.351034596562385559e-02 2.394775114953517914e-02 7.402473688125610352e-02 1.882105320692062378e-01 1.601233333349227905e-01 4.056047275662422180e-02 4.887567460536956787e-02 1.565592922270298004e-02 3.531073452904820442e-03 1.775505989789962769e-01 9.083881229162216187e-02 1.118991300463676453e-01 1.774937845766544342e-03 3.826342895627021790e-02 2.439938336610794067e-01 1.116008162498474121e-01 7.648292928934097290e-02 6.741572916507720947e-02
5.944759398698806763e-02 7.758139818906784058e-02 1.224806234240531921e-01 1.246601939201354980e-01 2.916526980698108673e-02 1.294158771634101868e-02 4.567611590027809143e-02 1.614035107195377350e-02 6.858710665255784988e-03 1.259720027446746826e-01 1.507185399532318115e-02 1.446640342473983765e-01 7.021433860063552856e-02 1.294158771634101868e-02 0.000000000000000000e+00 5.577834323048591614e-02 4.643179848790168762e-02 3.687790781259536743e-02 8.688309043645858765e-02 2.006633430719375610e-01 1.727070212364196777e-01 5.347399041056632996e-02 6.177818402647972107e-02 2.859172411262989044e-02 9.410944767296314240e-03 1.900554746389389038e-01 1.036585345864295959e-01 1.246601939201354980e-01 1.471618749201297760e-02 5.117967352271080017e-02 2.561266422271728516e-01 9.880192577838897705e-02 8.933608978986740112e-02 5.452170968055725098e-02
3.681457135826349258e-03 2.189780957996845245e-02 6.716110557317733765e-02 6.936416029930114746e-02 8.480565249919891357e-02 4.286770150065422058e-02 1.012803334742784500e-02 3.967371210455894470e-02 6.261309981346130371e-02 7.069037109613418579e-02 4.074073955416679382e-02 8.960875123739242554e-02 1.449275389313697815e-02 4.286770150065422058e-02 5.577834323048591614e-02 0.000000000000000000e+00 9.370816871523857117e-03 1.893939450383186340e-02 3.125622123479843140e-02 1.465250104665756226e-01 1.180660501122474670e-01 2.311248099431395531e-03 6.020586472004652023e-03 2.723004668951034546e-02 4.639175161719322205e-02 1.357158571481704712e-01 4.815864190459251404e-02 6.936416029930114746e-02 4.109589010477066040e-02 4.611837211996316910e-03 2.032520323991775513e-01 1.537330448627471924e-01 3.372580185532569885e-02 1.099656373262405396e-01
1.305182371288537979e-02 3.126221150159835815e-02 7.648378610610961914e-02 7.868383079767227173e-02 7.549483329057693481e-02 3.351034596562385559e-02 7.572888862341642380e-04 3.031416423618793488e-02 5.327354371547698975e-02 8.000818639993667603e-02 3.138190507888793945e-02 9.889652580022811890e-02 2.386032976210117340e-02 3.351034596562385559e-02 4.643179848790168762e-02 9.370816871523857117e-03 0.000000000000000000e+00 9.570275433361530304e-03 4.061514139175415039e-02 1.556820720434188843e-01 1.272960305213928223e-01 7.059721276164054871e-03 1.539053488522768021e-02 1.786378771066665649e-02 3.703703731298446655e-02 1.449023932218551636e-01 5.750350654125213623e-02 7.868383079767227173e-02 3.173729404807090759e-02 4.759185016155242920e-03 2.122186422348022461e-01 1.445704996585845947e-01 4.308300465345382690e-02 1.006985828280448914e-01
2.261927351355552673e-02 4.082027450203895569e-02 8.599112182855606079e-02 8.818770200014114380e-02 6.597222387790679932e-02 2.394775114953517914e-02 8.813050575554370880e-03 2.074990980327129364e-02 4.372556135058403015e-02 8.950992673635482788e-02 2.181818149983882904e-02 1.083642393350601196e-01 3.342297300696372986e-02 2.394775114953517914e-02 3.687790781259536743e-02 1.893939450383186340e-02 9.570275433361530304e-03 0.000000000000000000e+00 5.016591772437095642e-02 1.650065034627914429e-01 1.366997659206390381e-01 1.662887446582317352e-02 2.495713531970977783e-02 8.294930681586265564e-03 2.747650071978569031e-02 1.542587429285049438e-01 6.703688949346542358e-02 8.818770200014114380e-02 2.217375487089157104e-02 1.432880852371454239e-02 2.213393896818161011e-01 1.351872682571411133e-01 5.263157933950424194e-02 9.121621400117874146e-02
2.757793851196765900e-02 9.364821016788482666e-03 3.598041459918022156e-02 3.819074109196662903e-02 1.157550439238548279e-01 7.402473688125610352e-02 4.137115925550460815e-02 7.084208726882934570e-02 9.368597716093063354e-02 3.952147066593170166e-02 7.190539687871932983e-02 5.851642414927482605e-02 1.677106507122516632e-02 7.402473688125610352e-02 8.688309043645858765e-02 3.125622123479843140e-02 4.061514139175415039e-02 5.016591772437095642e-02 0.000000000000000000e+00 1.157991290092468262e-01 8.713136613368988037e-02 3.356504440307617188e-02 2.524038404226303101e-02 5.843653157353401184e-02 7.753554731607437134e-02 1.049046292901039124e-01 1.692789979279041290e-02 3.819074109196662903e-02 7.225929200649261475e-02 3.586288914084434509e-02 1.730954647064208984e-01 1.841046214103698730e-01 2.472187858074903488e-03 1.407381296157836914e-01
1.429206430912017822e-01 1.250283569097518921e-01 8.015266805887222290e-02 7.795313000679016113e-02 2.284913957118988037e-01 1.882105320692062378e-01 1.564209163188934326e-01 1.851225644350051880e-01 2.072368413209915161e-01 7.662834972143173218e-02 1.861544996500015259e-01 5.767351016402244568e-02 1.323132365942001343e-01 1.882105320692062378e-01 2.006633430719375610e-01 1.465250104665756226e-01 1.556820720434188843e-01 1.650065034627914429e-01 1.157991290092468262e-01 0.000000000000000000e+00 2.895995974540710449e-02 1.487858742475509644e-01 1.406284868717193604e-01 1.730645447969436646e-01 1.916142553091049194e-01 1.102846860885620117e-02 9.906542301177978516e-02 7.795313000679016113e-02 1.864978969097137451e-01 1.510347872972488403e-01 5.846829712390899658e-02 2.936435341835021973e-01 1.133593916893005371e-01 2.524234056472778320e-01
1.144343316555023193e-01 9.641751646995544434e-02 5.131181702017784119e-02 4.910402745008468628e-02 2.008605450391769409e-01 1.601233333349227905e-01 1.280409693717956543e-01 1.570043265819549561e-01 1.793532818555831909e-01 4.777441173791885376e-02 1.580465734004974365e-01 2.876158803701400757e-02 1.037508249282836914e-01 1.601233333349227905e-01 1.727070212364196777e-01 1.180660501122474670e-01 1.272960305213928223e-01 1.366997659206390381e-01 8.713136613368988037e-02 2.895995974540710449e-02 0.000000000000000000e+00 1.203444600105285645e-01 1.121251657605171204e-01 1.448304802179336548e-01 1.635619252920150757e-01 1.793722063302993774e-02 7.030716538429260254e-02 4.910402745008468628e-02 1.583934128284454346e-01 1.226111203432083130e-01 8.728046715259552002e-02 2.669537067413330078e-01 8.467742055654525757e-02 2.251090407371520996e-01
5.992654245346784592e-03 2.420783229172229767e-02 6.946156919002532959e-02 7.166392356157302856e-02 8.251057565212249756e-02 4.056047275662422180e-02 7.816968485713005066e-03 3.736589103937149048e-02 6.031057983636856079e-02 7.298968732357025146e-02 3.843311220407485962e-02 9.190096706151962280e-02 1.680343970656394958e-02 4.056047275662422180e-02 5.347399041056632996e-02 2.311248099431395531e-03 7.059721276164054871e-03 1.662887446582317352e-02 3.356504440307617188e-02 1.487858742475509644e-01 1.203444600105285645e-01 0.000000000000000000e+00 8.331718854606151581e-03 2.492036670446395874e-02 4.408523067831993103e-02 1.379838138818740845e-01 5.046427249908447266e-02 7.166392356157302856e-02 3.878832608461380005e-02 2.300613559782505035e-03 2.054667621850967407e-01 1.514756232500076294e-01 3.603424131870269775e-02 1.076817587018013000e-01
2.339181257411837578e-03 1.587931811809539795e-02 6.116525083780288696e-02 6.337004154920578003e-02 9.077989310026168823e-02 4.887567460536956787e-02 1.614763587713241577e-02 4.568338766694068909e-02 6.860782206058502197e-02 6.469731777906417847e-02 4.674986004829406738e-02 8.363328129053115845e-02 8.472906425595283508e-03 4.887567460536956787e-02 6.177818402647972107e-02 6.020586472004652023e-03 1.539053488522768021e-02 2.495713531970977783e-02 2.524038404226303101e-02 1.406284868717193604e-01 1.121251657605171204e-01 8.331718854606151581e-03 0.000000000000000000e+00 3.324518352746963501e-02 5.239770561456680298e-02 1.298013180494308472e-01 4.215027391910552979e-02 6.337004154920578003e-02 4.710482060909271240e-02 1.063212845474481583e-02 1.974730938673019409e-01 1.596059054136276245e-01 2.771084383130073547e-02 1.159094870090484619e-01
3.090840578079223633e-02 4.909858107566833496e-02 9.421884268522262573e-02 9.641210734844207764e-02 5.770887061953544617e-02 1.565592922270298004e-02 1.710673049092292786e-02 1.245712209492921829e-02 3.544348478317260742e-02 9.773229062557220459e-02 1.352569926530122757e-02 1.165544018149375916e-01 4.170634225010871887e-02 1.565592922270298004e-02 2.859172411262989044e-02 2.723004668951034546e-02 1.786378771066665649e-02 8.294930681586265564e-03 5.843653157353401184e-02 1.730645447969436646e-01 1.448304802179336548e-01 2.492036670446395874e-02 3.324518352746963501e-02 0.000000000000000000e+00 1.918594166636466980e-02 1.623459458351135254e-01 7.528995722532272339e-02 9.641210734844207764e-02 1.388137694448232651e-02 2.262105047702789307e-02 2.292134761810302734e-01 1.270347982645034790e-01 6.089992076158523560e-02 8.298407495021820068e-02
5.006466060876846313e-02 6.822025775909423828e-02 1.132001578807830811e-01 1.153846159577369690e-01 3.856562823057174683e-02 3.531073452904820442e-03 3.628076612949371338e-02 6.730428431183099747e-03 1.626860536634922028e-02 1.166994124650955200e-01 5.661712493747472763e-03 1.354374736547470093e-01 6.084359809756278992e-02 3.531073452904820442e-03 9.410944767296314240e-03 4.639175161719322205e-02 3.703703731298446655e-02 2.747650071978569031e-02 7.753554731607437134e-02 1.916142553091049194e-01 1.635619252920150757e-01 4.408523067831993103e-02 5.239770561456680298e-02 1.918594166636466980e-02 0.000000000000000000e+00 1.809682101011276245e-01 9.433962404727935791e-02 1.153846159577369690e-01 5.305978003889322281e-03 4.178885743021965027e-02 2.473118305206298828e-01 1.081123501062393188e-01 7.999239861965179443e-02 6.389986723661422729e-02
1.321004033088684082e-01 1.141573041677474976e-01 6.918536126613616943e-02 6.698224693536758423e-02 2.180123031139373779e-01 1.775505989789962769e-01 1.456436961889266968e-01 1.744502633810043335e-01 1.966578364372253418e-01 6.565536558628082275e-02 1.754862964153289795e-01 4.667472839355468750e-02 1.214620023965835571e-01 1.775505989789962769e-01 1.900554746389389038e-01 1.357158571481704712e-01 1.449023932218551636e-01 1.542587429285049438e-01 1.049046292901039124e-01 1.102846860885620117e-02 1.793722063302993774e-02 1.379838138818740845e-01 1.298013180494308472e-01 1.623459458351135254e-01 1.809682101011276245e-01 0.000000000000000000e+00 8.813323825597763062e-02 6.698224693536758423e-02 1.758310645818710327e-01 1.402399092912673950e-01 6.945198029279708862e-02 2.835332751274108887e-01 1.024590134620666504e-01 2.420688271522521973e-01
4.448506981134414673e-02 2.628855220973491669e-02 1.906412467360496521e-02 2.127659507095813751e-02 1.324234604835510254e-01 9.083881229162216187e-02 5.825825780630111694e-02 8.766485750675201416e-02 1.104387268424034119e-01 2.260869555175304413e-02 8.872529864311218262e-02 4.162976145744323730e-02 3.368939831852912903e-02 9.083881229162216187e-02 1.036585345864295959e-01 4.815864190459251404e-02 5.750350654125213623e-02 6.703688949346542358e-02 1.692789979279041290e-02 9.906542301177978516e-02 7.030716538429260254e-02 5.046427249908447266e-02 4.215027391910552979e-02 7.528995722532272339e-02 9.433962404727935791e-02 8.813323825597763062e-02 0.000000000000000000e+00 2.127659507095813751e-02 8.907823264598846436e-02 5.275876075029373169e-02 1.566265076398849487e-01 2.004079520702362061e-01 1.445631682872772217e-02 1.572912931442260742e-01
6.569948047399520874e-02 4.753855988383293152e-02 2.213368657976388931e-03 0.000000000000000000e+00 1.532682180404663086e-01 1.118991300463676453e-01 7.943639159202575684e-02 1.087386310100555420e-01 1.314065456390380859e-01 1.332740997895598412e-03 1.097946316003799438e-01 2.037120796740055084e-02 5.492662638425827026e-02 1.118991300463676453e-01 1.246601939201354980e-01 6.936416029930114746e-02 7.868383079767227173e-02 8.818770200014114380e-02 3.819074109196662903e-02 7.795313000679016113e-02 4.910402745008468628e-02 7.166392356157302856e-02 6.337004154920578003e-02 9.641210734844207764e-02 1.153846159577369690e-01 6.698224693536758423e-02 2.127659507095813751e-02 0.000000000000000000e+00 1.101460754871368408e-01 7.395233958959579468e-02 1.358024626970291138e-01 2.207432985305786133e-01 3.572192415595054626e-02 1.779722869396209717e-01
4.477057233452796936e-02 6.293706595897674561e-02 1.079590246081352234e-01 1.101460754871368408e-01 4.386263340711593628e-02 1.774937845766544342e-03 3.098075091838836670e-02 1.424501417204737663e-03 2.157272025942802429e-02 1.114624515175819397e-01 3.557452873792499304e-04 1.302250772714614868e-01 5.555555596947669983e-02 1.774937845766544342e-03 1.471618749201297760e-02 4.109589010477066040e-02 3.173729404807090759e-02 2.217375487089157104e-02 7.225929200649261475e-02 1.864978969097137451e-01 1.583934128284454346e-01 3.878832608461380005e-02 4.710482060909271240e-02 1.388137694448232651e-02 5.305978003889322281e-03 1.758310645818710327e-01 8.907823264598846436e-02 1.101460754871368408e-01 0.000000000000000000e+00 3.649096935987472534e-02 2.423238307237625122e-01 1.133533045649528503e-01 7.471813261508941650e-02 6.918238848447799683e-02
8.293153718113899231e-03 2.650696970522403717e-02 7.175071537494659424e-02 7.395233958959579468e-02 8.022519201040267944e-02 3.826342895627021790e-02 5.516454111784696579e-03 3.506829217076301575e-02 5.801801756024360657e-02 7.527766376733779907e-02 3.613569214940071106e-02 9.418166428804397583e-02 1.910331472754478455e-02 3.826342895627021790e-02 5.117967352271080017e-02 4.611837211996316910e-03 4.759185016155242920e-03 1.432880852371454239e-02 3.586288914084434509e-02 1.510347872972488403e-01 1.226111203432083130e-01 2.300613559782505035e-03 1.063212845474481583e-02 2.262105047702789307e-02 4.178885743021965027e-02 1.402399092912673950e-01 5.275876075029373169e-02 7.395233958959579468e-02 3.649096935987472534e-02 0.000000000000000000e+00 2.076692134141921997e-01 1.492270082235336304e-01 3.833167999982833862e-02 1.054072529077529907e-01
1.997200250625610352e-01 1.821649968624114990e-01 1.379743665456771851e-01 1.358024626970291138e-01 2.831766009330749512e-01 2.439938336610794067e-01 2.129417210817337036e-01 2.409825176000595093e-01 2.625241875648498535e-01 1.344940662384033203e-01 2.419889569282531738e-01 1.157514825463294983e-01 1.893169432878494263e-01 2.439938336610794067e-01 2.561266422271728516e-01 2.032520323991775513e-01 2.122186422348022461e-01 2.213393896818161011e-01 1.730954647064208984e-01 5.846829712390899658e-02 8.728046715259552002e-02 2.054667621850967407e-01 1.974730938673019409e-01 2.292134761810302734e-01 2.473118305206298828e-01 6.945198029279708862e-02 1.566265076398849487e-01 1.358024626970291138e-01 2.423238307237625122e-01 2.076692134141921997e-01 0.000000000000000000e+00 3.461685180664062500e-01 1.706963181495666504e-01 3.063700795173645020e-01
1.573254615068435669e-01 1.750416010618209839e-01 2.186367511749267578e-01 2.207432985305786133e-01 6.983790546655654907e-02 1.116008162498474121e-01 1.438289582729339600e-01 1.147592738270759583e-01 9.200556576251983643e-02 2.220107316970825195e-01 1.137044653296470642e-01 2.400351166725158691e-01 1.678518205881118774e-01 1.116008162498474121e-01 9.880192577838897705e-02 1.537330448627471924e-01 1.445704996585845947e-01 1.351872682571411133e-01 1.841046214103698730e-01 2.936435341835021973e-01 2.669537067413330078e-01 1.514756232500076294e-01 1.596059054136276245e-01 1.270347982645034790e-01 1.081123501062393188e-01 2.835332751274108887e-01 2.004079520702362061e-01 2.207432985305786133e-01 1.133533045649528503e-01 1.492270082235336304e-01 3.461685180664062500e-01 0.000000000000000000e+00 1.864919364452362061e-01 4.452004283666610718e-02
3.004807606339454651e-02 1.183673460036516190e-02 3.351120650768280029e-02 3.572192415595054626e-02 1.181934103369712830e-01 7.648292928934097290e-02 4.383886232972145081e-02 7.330143451690673828e-02 9.613589942455291748e-02 3.705290332436561584e-02 7.436436414718627930e-02 5.605234578251838684e-02 1.924245432019233704e-02 7.648292928934097290e-02 8.933608978986740112e-02 3.372580185532569885e-02 4.308300465345382690e-02 5.263157933950424194e-02 2.472187858074903488e-03 1.133593916893005371e-01 8.467742055654525757e-02 3.603424131870269775e-02 2.771084383130073547e-02 6.089992076158523560e-02 7.999239861965179443e-02 1.024590134620666504e-01 1.445631682872772217e-02 3.572192415595054626e-02 7.471813261508941650e-02 3.833167999982833862e-02 1.706963181495666504e-01 1.864919364452362061e-01 0.000000000000000000e+00 1.431605070829391479e-01
1.136011034250259399e-01 1.315466761589050293e-01 1.758281737565994263e-01 1.779722869396209717e-01 2.539682574570178986e-02 6.741572916507720947e-02 9.994892030954360962e-02 7.059993594884872437e-02 4.768082872033119202e-02 1.792625039815902710e-01 6.953642517328262329e-02 1.976269930601119995e-01 1.242603585124015808e-01 6.741572916507720947e-02 5.452170968055725098e-02 1.099656373262405396e-01 1.006985828280448914e-01 9.121621400117874146e-02 1.407381296157836914e-01 2.524234056472778320e-01 2.251090407371520996e-01 1.076817587018013000e-01 1.159094870090484619e-01 8.298407495021820068e-02 6.389986723661422729e-02 2.420688271522521973e-01 1.572912931442260742e-01 1.779722869396209717e-01 6.918238848447799683e-02 1.054072529077529907e-01 3.063700795173645020e-01 4.452004283666610718e-02 1.431605070829391479e-01 0.000000000000000000e+00
