0.000000000000000000e+00 1.019335463643074036e-01 1.125852912664413452e-01 2.115583121776580811e-01 1.304991841316223145e-01 6.431956775486469269e-03 7.825128734111785889e-02 8.591065183281898499e-03 3.673613443970680237e-02 1.096408292651176453e-01 2.353966794908046722e-02 1.316753476858139038e-01 8.282604813575744629e-02 2.280672639608383179e-02 7.964879274368286133e-02 3.181578591465950012e-02 4.653235897421836853e-02 4.355555400252342224e-02 7.371501624584197998e-02 2.254697233438491821e-01 1.623762398958206177e-01 1.521964743733406067e-02 4.615933075547218323e-02 4.933857545256614685e-02 9.111225605010986328e-03 1.552843898534774780e-01 7.038658112287521362e-02 1.369358897209167480e-01 1.195085048675537109e-02 6.591610610485076904e-02 1.603083610534667969e-01 1.135608553886413574e-01 1.535574090667068958e-03 3.406285867094993591e-02
1.019335463643074036e-01 0.000000000000000000e+00 1.077540684491395950e-02 1.120409145951271057e-01 2.293814420700073242e-01 1.082945019006729126e-01 2.387267909944057465e-02 9.342429041862487793e-02 6.544247269630432129e-02 7.794396486133337021e-03 7.858243584632873535e-02 3.014642558991909027e-02 1.927019283175468445e-02 1.244509518146514893e-01 1.801199615001678467e-01 7.034590095281600952e-02 5.566521733999252319e-02 5.863833054900169373e-02 2.843216806650161743e-02 1.264421939849853516e-01 6.145995110273361206e-02 8.684863895177841187e-02 5.603788420557975769e-02 5.286081880331039429e-02 9.290860593318939209e-02 5.420890077948570251e-02 3.177494555711746216e-02 3.549783676862716675e-02 1.137458309531211853e-01 3.626107797026634216e-02 5.934455245733261108e-02 2.130284607410430908e-01 1.004136875271797180e-01 1.355258375406265259e-01
1.125852912664413452e-01 1.077540684491395950e-02 0.000000000000000000e+00 1.013879105448722839e-01 2.395647168159484863e-01 1.189311221241950989e-01 3.463917598128318787e-02 1.040949076414108276e-01 7.616416364908218384e-02 2.981260651722550392e-03 8.928224444389343262e-02 1.937731355428695679e-02 3.003936260938644409e-02 1.350452601909637451e-01 1.905255913734436035e-01 8.105986565351486206e-02 6.640079617500305176e-02 6.936990469694137573e-02 3.919556736946105957e-02 1.158245950937271118e-01 5.071813240647315979e-02 9.753277152776718140e-02 6.677297502756118774e-02 6.360000371932983398e-02 1.035803183913230896e-01 4.345888271927833557e-02 4.253578558564186096e-02 2.473188936710357666e-02 1.243688017129898071e-01 4.701811447739601135e-02 4.860022291541099548e-02 2.232913076877593994e-01 1.110689193010330200e-01 1.460879147052764893e-01
2.115583121776580811e-01 1.120409145951271057e-01 1.013879105448722839e-01 0.000000000000000000e+00 3.328676223754882812e-01 2.176940441131591797e-01 1.355510354042053223e-01 2.033368051052093506e-01 1.761915087699890137e-01 1.043376326560974121e-01 1.889596581459045410e-01 8.217203617095947266e-02 1.310282051563262939e-01 2.332396656274795532e-01 2.863814830780029297e-01 1.809605509042739868e-01 1.666666716337203979e-01 1.695652157068252563e-01 1.400270164012908936e-01 1.460823416709899902e-02 5.093167722225189209e-02 1.969728767871856689e-01 1.670300960540771484e-01 1.639308333396911621e-01 2.028380632400512695e-01 5.818540602922439575e-02 1.433056741952896118e-01 7.684871554374694824e-02 2.229454815387725830e-01 1.477019190788269043e-01 5.304908379912376404e-02 3.174915015697479248e-01 2.100909799337387085e-01 2.438638210296630859e-01
1.304991841316223145e-01 2.293814420700073242e-01 2.395647168159484863e-01 3.328676223754882812e-01 0.000000000000000000e+00 1.241714507341384888e-01 2.066403180360794067e-01 1.389344930648803711e-01 1.664374172687530518e-01 2.367525547742843628e-01 1.535671055316925049e-01 2.577455639839172363e-01 2.110441178083419800e-01 1.080139353871345520e-01 5.138448998332023621e-02 1.616438329219818115e-01 1.759630143642425537e-01 1.730710119009017944e-01 2.022684365510940552e-01 3.457943797111511230e-01 2.867981791496276855e-01 1.454299837350845337e-01 1.756007373332977295e-01 1.786872595548629761e-01 1.394446045160293579e-01 2.801073491573333740e-01 1.990573406219482422e-01 2.627398967742919922e-01 1.187335103750228882e-01 1.947401314973831177e-01 2.848484814167022705e-01 1.719312183558940887e-02 1.320082992315292358e-01 9.686691313982009888e-02
6.431956775486469269e-03 1.082945019006729126e-01 1.189311221241950989e-01 2.176940441131591797e-01 1.241714507341384888e-01 0.000000000000000000e+00 8.464064449071884155e-02 1.502219215035438538e-02 4.315789416432380676e-02 1.159909889101982117e-01 2.996708825230598450e-02 1.379904299974441528e-01 8.921048045158386230e-02 1.637717150151729584e-02 7.325436174869537354e-02 3.823991492390632629e-02 5.294846743345260620e-02 4.997351393103599548e-02 8.010899275541305542e-02 2.315658628940582275e-01 1.686320751905441284e-01 2.164948545396327972e-02 5.257567763328552246e-02 5.575283989310264587e-02 1.554227154701948166e-02 1.615549921989440918e-01 7.678377628326416016e-02 1.432416886091232300e-01 5.519317463040351868e-03 7.231740653514862061e-02 1.665685623884201050e-01 1.072072088718414307e-01 7.967452518641948700e-03 2.763695828616619110e-02
7.825128734111785889e-02 2.387267909944057465e-02 3.463917598128318787e-02 1.355510354042053223e-01 2.066403180360794067e-01 8.464064449071884155e-02 0.000000000000000000e+00 6.970708072185516357e-02 4.163483530282974243e-02 3.166118264198303223e-02 5.481258407235145569e-02 5.398025736212730408e-02 4.604604560881853104e-03 1.008779779076576233e-01 1.569220423698425293e-01 4.655139520764350891e-02 3.183484449982643127e-02 3.481438755989074707e-02 4.562587011605501175e-03 1.498625129461288452e-01 8.520761132240295410e-02 6.310679763555526733e-02 3.220829367637634277e-02 2.902476862072944641e-02 6.918939203023910522e-02 7.798066735267639160e-02 7.908264175057411194e-03 5.932024493813514709e-02 9.011785686016082764e-02 1.239913422614336014e-02 8.309950679540634155e-02 1.901226639747619629e-01 7.672493159770965576e-02 1.120155751705169678e-01
8.591065183281898499e-03 9.342429041862487793e-02 1.040949076414108276e-01 2.033368051052093506e-01 1.389344930648803711e-01 1.502219215035438538e-02 6.970708072185516357e-02 0.000000000000000000e+00 2.815395593643188477e-02 1.011450365185737610e-01 1.495162677019834518e-02 1.232236698269844055e-01 7.428783923387527466e-02 3.139163926243782043e-02 8.817952126264572144e-02 2.323106862604618073e-02 3.795646876096725464e-02 3.497757762670516968e-02 6.516522169113159180e-02 2.172995805740356445e-01 1.539999991655349731e-01 6.629448849707841873e-03 3.758316859602928162e-02 4.076479002833366394e-02 5.202011670917272568e-04 1.468892842531204224e-01 6.183290481567382812e-02 1.284959912300109863e-01 2.053980715572834015e-02 5.735752359032630920e-02 1.519265323877334595e-01 1.220328658819198608e-01 7.055584341287612915e-03 4.264144599437713623e-02
3.673613443970680237e-02 6.544247269630432129e-02 7.616416364908218384e-02 1.761915087699890137e-01 1.664374172687530518e-01 4.315789416432380676e-02 4.163483530282974243e-02 2.815395593643188477e-02 0.000000000000000000e+00 7.319952547550201416e-02 1.320788823068141937e-02 9.540068358182907104e-02 4.623057693243026733e-02 5.949301645159721375e-02 1.160453781485557556e-01 4.926108289510011673e-03 9.812997654080390930e-03 6.830349098891019821e-03 3.707929328083992004e-02 1.903099119663238525e-01 1.263940483331680298e-01 2.152852527797222137e-02 9.439200162887573242e-03 1.262532453984022141e-02 2.763415873050689697e-02 1.192284002900123596e-01 3.373768180608749390e-02 1.007063537836074829e-01 4.866562038660049438e-02 2.925080247223377228e-02 1.243042647838592529e-01 1.496725976467132568e-01 3.520254790782928467e-02 7.071051001548767090e-02
1.096408292651176453e-01 7.794396486133337021e-03 2.981260651722550392e-03 1.043376326560974121e-01 2.367525547742843628e-01 1.159909889101982117e-01 3.166118264198303223e-02 1.011450365185737610e-01 7.319952547550201416e-02 0.000000000000000000e+00 8.632395416498184204e-02 2.235728316009044647e-02 2.706052549183368683e-02 1.321171969175338745e-01 1.876509189605712891e-01 7.809747755527496338e-02 6.343209743499755859e-02 6.640237569808959961e-02 3.621853888034820557e-02 1.187648475170135498e-01 5.369127541780471802e-02 9.457901120185852051e-02 6.380441039800643921e-02 6.063023582100868225e-02 1.006301343441009521e-01 4.643412679433822632e-02 3.955954313278198242e-02 2.771110646426677704e-02 1.214325651526451111e-01 4.404302686452865601e-02 5.157401040196418762e-02 2.204568088054656982e-01 1.081234589219093323e-01 1.431690007448196411e-01
2.353966794908046722e-02 7.858243584632873535e-02 8.928224444389343262e-02 1.889596581459045410e-01 1.535671055316925049e-01 2.996708825230598450e-02 5.481258407235145569e-02 1.495162677019834518e-02 1.320788823068141937e-02 8.632395416498184204e-02 0.000000000000000000e+00 1.084718927741050720e-01 5.940219387412071228e-02 4.632152616977691650e-02 1.029953584074974060e-01 8.282318711280822754e-03 2.301790192723274231e-02 2.003642916679382324e-02 5.026256665587425232e-02 2.030075192451477051e-01 1.393692791461944580e-01 8.323003537952899933e-03 2.264426648616790771e-02 2.582890726625919342e-02 1.443153806030750275e-02 1.322280615568161011e-01 4.692465811967849731e-02 1.137629300355911255e-01 3.548053652048110962e-02 4.244229197502136230e-02 1.372867524623870850e-01 1.367350071668624878e-01 2.200488932430744171e-02 5.755637958645820618e-02
1.316753476858139038e-01 3.014642558991909027e-02 1.937731355428695679e-02 8.217203617095947266e-02 2.577455639839172363e-01 1.379904299974441528e-01 5.398025736212730408e-02 1.232236698269844055e-01 9.540068358182907104e-02 2.235728316009044647e-02 1.084718927741050720e-01 0.000000000000000000e+00 4.938792809844017029e-02 1.540195345878601074e-01 2.091308236122131348e-01 1.002796664834022522e-01 8.566788583993911743e-02 8.862808346748352051e-02 5.852842703461647034e-02 9.666423499584197998e-02 3.137164935469627380e-02 1.166895478963851929e-01 8.603896200656890869e-02 8.287517726421356201e-02 1.227113381028175354e-01 2.410186454653739929e-02 6.186211109161376953e-02 5.357143003493547440e-03 1.434005349874496460e-01 6.633499264717102051e-02 2.925045788288116455e-02 2.416231632232666016e-01 1.301660835742950439e-01 1.649981439113616943e-01
8.282604813575744629e-02 1.927019283175468445e-02 3.003936260938644409e-02 1.310282051563262939e-01 2.110441178083419800e-01 8.921048045158386230e-02 4.604604560881853104e-03 7.428783923387527466e-02 4.623057693243026733e-02 2.706052549183368683e-02 5.940219387412071228e-02 4.938792809844017029e-02 0.000000000000000000e+00 1.054336056113243103e-01 1.614100188016891479e-01 5.114503949880599976e-02 3.643411025404930115e-02 3.941267356276512146e-02 9.166998788714408875e-03 1.453582197427749634e-01 8.063464611768722534e-02 6.769172847270965576e-02 3.680744022130966187e-02 3.362488001585006714e-02 7.377049326896667480e-02 7.340241968631744385e-02 1.251241285353899002e-02 5.473059043288230896e-02 9.468317776918411255e-02 1.700276881456375122e-02 7.852494716644287109e-02 1.945569366216659546e-01 8.130080997943878174e-02 1.165600568056106567e-01
2.280672639608383179e-02 1.244509518146514893e-01 1.350452601909637451e-01 2.332396656274795532e-01 1.080139353871345520e-01 1.637717150151729584e-02 1.008779779076576233e-01 3.139163926243782043e-02 5.949301645159721375e-02 1.321171969175338745e-01 4.632152616977691650e-02 1.540195345878601074e-01 1.054336056113243103e-01 0.000000000000000000e+00 5.694551020860671997e-02 5.458290502429008484e-02 6.926557421684265137e-02 6.629642844200134277e-02 9.635974466800689697e-02 2.470062971115112305e-01 1.844997107982635498e-01 3.801317885518074036e-02 6.889352947473526001e-02 7.206421345472335815e-02 3.191132098436355591e-02 1.774626225233078003e-01 9.304394572973251343e-02 1.592452824115753174e-01 1.085883472114801407e-02 8.858965337276458740e-02 1.824480295181274414e-01 9.098979085683822632e-02 2.434144727885723114e-02 1.126488577574491501e-02
7.964879274368286133e-02 1.801199615001678467e-01 1.905255913734436035e-01 2.863814830780029297e-01 5.138448998332023621e-02 7.325436174869537354e-02 1.569220423698425293e-01 8.817952126264572144e-02 1.160453781485557556e-01 1.876509189605712891e-01 1.029953584074974060e-01 2.091308236122131348e-01 1.614100188016891479e-01 5.694551020860671997e-02 0.000000000000000000e+00 1.111828312277793884e-01 1.257152259349822998e-01 1.227784082293510437e-01 1.524686217308044434e-01 2.997357547283172607e-01 2.389348745346069336e-01 9.475357830524444580e-02 1.253472715616226196e-01 1.284824609756469727e-01 8.869565278291702271e-02 2.320629805326461792e-01 1.491989344358444214e-01 2.142479270696640015e-01 6.776244193315505981e-02 1.448046565055847168e-01 2.369319200515747070e-01 3.422159701585769653e-02 8.117444068193435669e-02 4.570994526147842407e-02
3.181578591465950012e-02 7.034590095281600952e-02 8.105986565351486206e-02 1.809605509042739868e-01 1.616438329219818115e-01 3.823991492390632629e-02 4.655139520764350891e-02 2.323106862604618073e-02 4.926108289510011673e-03 7.809747755527496338e-02 8.282318711280822754e-03 1.002796664834022522e-01 5.114503949880599976e-02 5.458290502429008484e-02 1.111828312277793884e-01 0.000000000000000000e+00 1.473839394748210907e-02 1.175606157630681992e-02 4.199773073196411133e-02 1.950531601905822754e-01 1.312384456396102905e-01 1.660417765378952026e-02 1.436464115977287292e-02 1.755034178495407104e-02 2.271114289760589600e-02 1.240816339850425720e-01 3.865736350417137146e-02 1.055800914764404297e-01 4.374999925494194031e-02 3.417198732495307922e-02 1.291512846946716309e-01 1.448532789945602417e-01 3.028169088065624237e-02 6.580732762813568115e-02
4.653235897421836853e-02 5.566521733999252319e-02 6.640079617500305176e-02 1.666666716337203979e-01 1.759630143642425537e-01 5.294846743345260620e-02 3.183484449982643127e-02 3.795646876096725464e-02 9.812997654080390930e-03 6.343209743499755859e-02 2.301790192723274231e-02 8.566788583993911743e-02 3.643411025404930115e-02 6.926557421684265137e-02 1.257152259349822998e-01 1.473839394748210907e-02 0.000000000000000000e+00 2.982848556712269783e-03 2.727621980011463165e-02 1.808346211910247803e-01 1.167258322238922119e-01 3.133490309119224548e-02 3.738317755050957203e-04 2.812675898894667625e-03 3.743700683116912842e-02 1.095435693860054016e-01 2.393260598182678223e-02 9.098327159881591797e-02 5.845070257782936096e-02 1.944338530302047729e-02 1.146310940384864807e-01 1.592516899108886719e-01 4.500000178813934326e-02 8.046767860651016235e-02
4.355555400252342224e-02 5.863833054900169373e-02 6.936990469694137573e-02 1.695652157068252563e-01 1.730710119009017944e-01 4.997351393103599548e-02 3.481438755989074707e-02 3.497757762670516968e-02 6.830349098891019821e-03 6.640237569808959961e-02 2.003642916679382324e-02 8.862808346748352051e-02 3.941267356276512146e-02 6.629642844200134277e-02 1.227784082293510437e-01 1.175606157630681992e-02 2.982848556712269783e-03 0.000000000000000000e+00 3.025660663843154907e-02 1.837183684110641479e-01 1.196670159697532654e-01 2.835470438003540039e-02 2.609019866213202477e-03 5.795475561171770096e-03 3.445800393819808960e-02 1.124896630644798279e-01 2.691353298723697662e-02 9.394062310457229614e-02 5.547752976417541504e-02 2.242493256926536560e-02 1.175737455487251282e-01 1.563431024551391602e-01 4.202279075980186462e-02 7.750342786312103271e-02
7.371501624584197998e-02 2.843216806650161743e-02 3.919556736946105957e-02 1.400270164012908936e-01 2.022684365510940552e-01 8.010899275541305542e-02 4.562587011605501175e-03 6.516522169113159180e-02 3.707929328083992004e-02 3.621853888034820557e-02 5.026256665587425232e-02 5.852842703461647034e-02 9.166998788714408875e-03 9.635974466800689697e-02 1.524686217308044434e-01 4.199773073196411133e-02 2.727621980011463165e-02 3.025660663843154907e-02 0.000000000000000000e+00 1.543195843696594238e-01 8.973531424999237061e-02 5.856107175350189209e-02 2.764976955950260162e-02 2.446542121469974518e-02 6.464721262454986572e-02 8.251389116048812866e-02 3.345798002555966377e-03 6.386554986238479614e-02 8.559046685695648193e-02 7.836990989744663239e-03 8.762886375188827515e-02 1.857211738824844360e-01 7.218761742115020752e-02 1.075079292058944702e-01
2.254697233438491821e-01 1.264421939849853516e-01 1.158245950937271118e-01 1.460823416709899902e-02 3.457943797111511230e-01 2.315658628940582275e-01 1.498625129461288452e-01 2.172995805740356445e-01 1.903099119663238525e-01 1.187648475170135498e-01 2.030075192451477051e-01 9.666423499584197998e-02 1.453582197427749634e-01 2.470062971115112305e-01 2.997357547283172607e-01 1.950531601905822754e-01 1.808346211910247803e-01 1.837183684110641479e-01 1.543195843696594238e-01 0.000000000000000000e+00 6.549118459224700928e-02 2.109740525484085083e-01 1.811961978673934937e-01 1.781125366687774658e-01 2.168038785457611084e-01 7.273181527853012085e-02 1.575840115547180176e-01 9.135439991950988770e-02 2.367825508117675781e-01 1.619606912136077881e-01 6.760492920875549316e-02 3.305665850639343262e-01 2.240117192268371582e-01 2.575545310974121094e-01
1.623762398958206177e-01 6.145995110273361206e-02 5.071813240647315979e-02 5.093167722225189209e-02 2.867981791496276855e-01 1.686320751905441284e-01 8.520761132240295410e-02 1.539999991655349731e-01 1.263940483331680298e-01 5.369127541780471802e-02 1.393692791461944580e-01 3.137164935469627380e-02 8.063464611768722534e-02 1.844997107982635498e-01 2.389348745346069336e-01 1.312384456396102905e-01 1.167258322238922119e-01 1.196670159697532654e-01 8.973531424999237061e-02 6.549118459224700928e-02 0.000000000000000000e+00 1.475211679935455322e-01 1.170945540070533752e-01 1.139505654573440552e-01 1.534920930862426758e-01 7.275287527590990067e-03 9.305316954851150513e-02 2.601888030767440796e-02 1.739894598722457886e-01 9.750373661518096924e-02 2.123142359778285027e-03 2.709410488605499268e-01 1.608807742595672607e-01 1.953585743904113770e-01
1.521964743733406067e-02 8.684863895177841187e-02 9.753277152776718140e-02 1.969728767871856689e-01 1.454299837350845337e-01 2.164948545396327972e-02 6.310679763555526733e-02 6.629448849707841873e-03 2.152852527797222137e-02 9.457901120185852051e-02 8.323003537952899933e-03 1.166895478963851929e-01 6.769172847270965576e-02 3.801317885518074036e-02 9.475357830524444580e-02 1.660417765378952026e-02 3.133490309119224548e-02 2.835470438003540039e-02 5.856107175350189209e-02 2.109740525484085083e-01 1.475211679935455322e-01 0.000000000000000000e+00 3.096143342554569244e-02 3.414456918835639954e-02 6.109268404543399811e-03 1.403965502977371216e-01 5.522609502077102661e-02 1.219704449176788330e-01 2.716555632650852203e-02 5.074737221002578735e-02 1.454435735940933228e-01 1.285583078861236572e-01 1.368439290672540665e-02 4.925697296857833862e-02
4.615933075547218323e-02 5.603788420557975769e-02 6.677297502756118774e-02 1.670300960540771484e-01 1.756007373332977295e-01 5.257567763328552246e-02 3.220829367637634277e-02 3.758316859602928162e-02 9.439200162887573242e-03 6.380441039800643921e-02 2.264426648616790771e-02 8.603896200656890869e-02 3.680744022130966187e-02 6.889352947473526001e-02 1.253472715616226196e-01 1.436464115977287292e-02 3.738317755050957203e-04 2.609019866213202477e-03 2.764976955950260162e-02 1.811961978673934937e-01 1.170945540070533752e-01 3.096143342554569244e-02 0.000000000000000000e+00 3.186504123732447624e-03 3.706369176506996155e-02 1.099129021167755127e-01 2.430622093379497528e-02 9.135399758815765381e-02 5.807814002037048340e-02 1.981707289814949036e-02 1.150000020861625671e-01 1.588873118162155151e-01 4.462691769003868103e-02 8.009625226259231567e-02
4.933857545256614685e-02 5.286081880331039429e-02 6.360000371932983398e-02 1.639308333396911621e-01 1.786872595548629761e-01 5.575283989310264587e-02 2.902476862072944641e-02 4.076479002833366394e-02 1.262532453984022141e-02 6.063023582100868225e-02 2.582890726625919342e-02 8.287517726421356201e-02 3.362488001585006714e-02 7.206421345472335815e-02 1.284824609756469727e-01 1.755034178495407104e-02 2.812675898894667625e-03 5.795475561171770096e-03 2.446542121469974518e-02 1.781125366687774658e-01 1.139505654573440552e-01 3.414456918835639954e-02 3.186504123732447624e-03 0.000000000000000000e+00 4.024544358253479004e-02 1.067637875676155090e-01 2.112135104835033417e-02 8.819316327571868896e-02 6.125330924987792969e-02 1.663162000477313995e-02 1.118544861674308777e-01 1.619918048381805420e-01 4.780662432312965393e-02 8.326150476932525635e-02
9.111225605010986328e-03 9.290860593318939209e-02 1.035803183913230896e-01 2.028380632400512695e-01 1.394446045160293579e-01 1.554227154701948166e-02 6.918939203023910522e-02 5.202011670917272568e-04 2.763415873050689697e-02 1.006301343441009521e-01 1.443153806030750275e-02 1.227113381028175354e-01 7.377049326896667480e-02 3.191132098436355591e-02 8.869565278291702271e-02 2.271114289760589600e-02 3.743700683116912842e-02 3.445800393819808960e-02 6.464721262454986572e-02 2.168038785457611084e-01 1.534920930862426758e-01 6.109268404543399811e-03 3.706369176506996155e-02 4.024544358253479004e-02 0.000000000000000000e+00 1.463802754878997803e-01 6.131467595696449280e-02 1.279843449592590332e-01 2.105978317558765411e-02 5.683901906013488770e-02 1.514182984828948975e-01 1.225452870130538940e-01 7.575757801532745361e-03 4.316069185733795166e-02
1.552843898534774780e-01 5.420890077948570251e-02 4.345888271927833557e-02 5.818540602922439575e-02 2.801073491573333740e-01 1.615549921989440918e-01 7.798066735267639160e-02 1.468892842531204224e-01 1.192284002900123596e-01 4.643412679433822632e-02 1.322280615568161011e-01 2.410186454653739929e-02 7.340241968631744385e-02 1.774626225233078003e-01 2.320629805326461792e-01 1.240816339850425720e-01 1.095435693860054016e-01 1.124896630644798279e-01 8.251389116048812866e-02 7.273181527853012085e-02 7.275287527590990067e-03 1.403965502977371216e-01 1.099129021167755127e-01 1.067637875676155090e-01 1.463802754878997803e-01 0.000000000000000000e+00 8.583599328994750977e-02 1.874714158475399017e-02 1.669254601001739502e-01 9.029249846935272217e-02 5.152225028723478317e-03 2.641865313053131104e-01 1.537854820489883423e-01 1.883509904146194458e-01
7.038658112287521362e-02 3.177494555711746216e-02 4.253578558564186096e-02 1.433056741952896118e-01 1.990573406219482422e-01 7.678377628326416016e-02 7.908264175057411194e-03 6.183290481567382812e-02 3.373768180608749390e-02 3.955954313278198242e-02 4.692465811967849731e-02 6.186211109161376953e-02 1.251241285353899002e-02 9.304394572973251343e-02 1.491989344358444214e-01 3.865736350417137146e-02 2.393260598182678223e-02 2.691353298723697662e-02 3.345798002555966377e-03 1.575840115547180176e-01 9.305316954851150513e-02 5.522609502077102661e-02 2.430622093379497528e-02 2.112135104835033417e-02 6.131467595696449280e-02 8.583599328994750977e-02 0.000000000000000000e+00 6.719698756933212280e-02 8.226822316646575928e-02 4.491310101002454758e-03 9.094800055027008057e-02 1.824887692928314209e-01 6.885844469070434570e-02 1.041996106505393982e-01
1.369358897209167480e-01 3.549783676862716675e-02 2.473188936710357666e-02 7.684871554374694824e-02 2.627398967742919922e-01 1.432416886091232300e-01 5.932024493813514709e-02 1.284959912300109863e-01 1.007063537836074829e-01 2.771110646426677704e-02 1.137629300355911255e-01 5.357143003493547440e-03 5.473059043288230896e-02 1.592452824115753174e-01 2.142479270696640015e-01 1.055800914764404297e-01 9.098327159881591797e-02 9.394062310457229614e-02 6.386554986238479614e-02 9.135439991950988770e-02 2.601888030767440796e-02 1.219704449176788330e-01 9.135399758815765381e-02 8.819316327571868896e-02 1.279843449592590332e-01 1.874714158475399017e-02 6.719698756933212280e-02 0.000000000000000000e+00 1.486434787511825562e-01 7.166666537523269653e-02 2.389705926179885864e-02 2.466610372066497803e-01 1.354287862777709961e-01 1.702048480510711670e-01
1.195085048675537109e-02 1.137458309531211853e-01 1.243688017129898071e-01 2.229454815387725830e-01 1.187335103750228882e-01 5.519317463040351868e-03 9.011785686016082764e-02 2.053980715572834015e-02 4.866562038660049438e-02 1.214325651526451111e-01 3.548053652048110962e-02 1.434005349874496460e-01 9.468317776918411255e-02 1.085883472114801407e-02 6.776244193315505981e-02 4.374999925494194031e-02 5.845070257782936096e-02 5.547752976417541504e-02 8.559046685695648193e-02 2.367825508117675781e-01 1.739894598722457886e-01 2.716555632650852203e-02 5.807814002037048340e-02 6.125330924987792969e-02 2.105978317558765411e-02 1.669254601001739502e-01 8.226822316646575928e-02 1.486434787511825562e-01 0.000000000000000000e+00 7.780566811561584473e-02 1.719298213720321655e-01 1.017480939626693726e-01 1.348617672920227051e-02 2.212101407349109650e-02
6.591610610485076904e-02 3.626107797026634216e-02 4.701811447739601135e-02 1.477019190788269043e-01 1.947401314973831177e-01 7.231740653514862061e-02 1.239913422614336014e-02 5.735752359032630920e-02 2.925080247223377228e-02 4.404302686452865601e-02 4.244229197502136230e-02 6.633499264717102051e-02 1.700276881456375122e-02 8.858965337276458740e-02 1.448046565055847168e-01 3.417198732495307922e-02 1.944338530302047729e-02 2.242493256926536560e-02 7.836990989744663239e-03 1.619606912136077881e-01 9.750373661518096924e-02 5.074737221002578735e-02 1.981707289814949036e-02 1.663162000477313995e-02 5.683901906013488770e-02 9.029249846935272217e-02 4.491310101002454758e-03 7.166666537523269653e-02 7.780566811561584473e-02 0.000000000000000000e+00 9.540034085512161255e-02 1.781434714794158936e-01 6.438705325126647949e-02 9.975498914718627930e-02
1.603083610534667969e-01 5.934455245733261108e-02 4.860022291541099548e-02 5.304908379912376404e-02 2.848484814167022705e-01 1.665685623884201050e-01 8.309950679540634155e-02 1.519265323877334595e-01 1.243042647838592529e-01 5.157401040196418762e-02 1.372867524623870850e-01 2.925045788288116455e-02 7.852494716644287109e-02 1.824480295181274414e-01 2.369319200515747070e-01 1.291512846946716309e-01 1.146310940384864807e-01 1.175737455487251282e-01 8.762886375188827515e-02 6.760492920875549316e-02 2.123142359778285027e-03 1.454435735940933228e-01 1.150000020861625671e-01 1.118544861674308777e-01 1.514182984828948975e-01 5.152225028723478317e-03 9.094800055027008057e-02 2.389705926179885864e-02 1.719298213720321655e-01 9.540034085512161255e-02 0.000000000000000000e+00 2.689726352691650391e-01 1.588118821382522583e-01 1.933156102895736694e-01
1.135608553886413574e-01 2.130284607410430908e-01 2.232913076877593994e-01 3.174915015697479248e-01 1.719312183558940887e-02 1.072072088718414307e-01 1.901226639747619629e-01 1.220328658819198608e-01 1.496725976467132568e-01 2.204568088054656982e-01 1.367350071668624878e-01 2.416231632232666016e-01 1.945569366216659546e-01 9.098979085683822632e-02 3.422159701585769653e-02 1.448532789945602417e-01 1.592516899108886719e-01 1.563431024551391602e-01 1.857211738824844360e-01 3.305665850639343262e-01 2.709410488605499268e-01 1.285583078861236572e-01 1.588873118162155151e-01 1.619918048381805420e-01 1.225452870130538940e-01 2.641865313053131104e-01 1.824887692928314209e-01 2.466610372066497803e-01 1.017480939626693726e-01 1.781434714794158936e-01 2.689726352691650391e-01 0.000000000000000000e+00 1.150763630867004395e-01 7.980670779943466187e-02
1.535574090667068958e-03 1.004136875271797180e-01 1.110689193010330200e-01 2.100909799337387085e-01 1.320082992315292358e-01 7.967452518641948700e-03 7.672493159770965576e-02 7.055584341287612915e-03 3.520254790782928467e-02 1.081234589219093323e-01 2.200488932430744171e-02 1.301660835742950439e-01 8.130080997943878174e-02 2.434144727885723114e-02 8.117444068193435669e-02 3.028169088065624237e-02 4.500000178813934326e-02 4.202279075980186462e-02 7.218761742115020752e-02 2.240117192268371582e-01 1.608807742595672607e-01 1.368439290672540665e-02 4.462691769003868103e-02 4.780662432312965393e-02 7.575757801532745361e-03 1.537854820489883423e-01 6.885844469070434570e-02 1.354287862777709961e-01 1.348617672920227051e-02 6.438705325126647949e-02 1.588118821382522583e-01 1.150763630867004395e-01 0.000000000000000000e+00 3.559657186269760132e-02
3.406285867094993591e-02 1.355258375406265259e-01 1.460879147052764893e-01 2.438638210296630859e-01 9.686691313982009888e-02 2.763695828616619110e-02 1.120155751705169678e-01 4.264144599437713623e-02 7.071051001548767090e-02 1.431690007448196411e-01 5.755637958645820618e-02 1.649981439113616943e-01 1.165600568056106567e-01 1.126488577574491501e-02 4.570994526147842407e-02 6.580732762813568115e-02 8.046767860651016235e-02 7.750342786312103271e-02 1.075079292058944702e-01 2.575545310974121094e-01 1.953585743904113770e-01 4.925697296857833862e-02 8.009625226259231567e-02 8.326150476932525635e-02 4.316069185733795166e-02 1.883509904146194458e-01 1.041996106505393982e-01 1.702048480510711670e-01 2.212101407349109650e-02 9.975498914718627930e-02 1.933156102895736694e-01 7.980670779943466187e-02 3.559657186269760132e-02 0.000000000000000000e+00
