0.000000000000000000e+00 5.544784665107727051e-02 6.265860050916671753e-02 1.429771184921264648e-01 1.577970236539840698e-01 2.959001809358596802e-02 7.123179733753204346e-02 4.457704350352287292e-02 5.116818100214004517e-02 6.912804394960403442e-02 2.803070843219757080e-02 6.807926297187805176e-02 5.360944569110870361e-02 4.908296838402748108e-02 5.862009152770042419e-02 7.352941320277750492e-04 2.768351510167121887e-02 6.396148353815078735e-02 3.008514642715454102e-02 1.558386385440826416e-01 1.194735765457153320e-01 4.451266303658485413e-02 2.138836681842803955e-02 5.320177972316741943e-02 5.551700294017791748e-02 8.381445705890655518e-02 2.762939780950546265e-03 1.213182285428047180e-01 5.288796126842498779e-02 3.616292402148246765e-02 4.725236445665359497e-02 2.058351635932922363e-01 7.067258656024932861e-02 6.860564649105072021e-02
5.544784665107727051e-02 0.000000000000000000e+00 7.235889788717031479e-03 8.822872489690780640e-02 2.113952785730361938e-01 8.489857614040374756e-02 1.584653928875923157e-02 9.977827221155166626e-02 4.291845485568046570e-03 1.373283378779888153e-02 8.334901183843612671e-02 1.267927698791027069e-02 1.843884470872581005e-03 1.042471006512641907e-01 1.136983782052993774e-01 5.471478402614593506e-02 8.300395309925079346e-02 1.189873442053794861e-01 2.540508098900318146e-02 1.012658253312110901e-01 6.445270031690597534e-02 1.096224132925271988e-02 3.409992158412933350e-02 2.252713544294238091e-03 1.106243133544921875e-01 2.849905006587505341e-02 5.269297957420349121e-02 6.631647795438766479e-02 1.080190390348434448e-01 1.932367123663425446e-02 1.024318337440490723e-01 2.583346068859100342e-01 1.256281435489654541e-01 1.235833764076232910e-01
6.265860050916671753e-02 7.235889788717031479e-03 0.000000000000000000e+00 8.104457706212997437e-02 2.182972431182861328e-01 9.207789599895477295e-02 8.611636236310005188e-03 1.069369539618492126e-01 1.152737718075513840e-02 6.497589405626058578e-03 9.053030610084533691e-02 5.443885922431945801e-03 9.079653769731521606e-03 1.113989651203155518e-01 1.208348572254180908e-01 6.192615628242492676e-02 9.018567949533462524e-02 1.261146515607833862e-01 3.263497352600097656e-02 9.409888088703155518e-02 5.724350363016128540e-02 1.819668710231781006e-02 4.132561385631561279e-02 9.488448500633239746e-03 1.177659407258033752e-01 2.126754634082317352e-02 5.990602821111679077e-02 5.910895392298698425e-02 1.151649132370948792e-01 2.655584923923015594e-02 1.095864996314048767e-01 2.650749981403350830e-01 1.327433586120605469e-01 1.307023912668228149e-01
1.429771184921264648e-01 8.822872489690780640e-02 8.104457706212997437e-02 0.000000000000000000e+00 2.941379845142364502e-01 1.718401312828063965e-01 7.248352468013763428e-02 1.863663494586944580e-01 9.248554706573486328e-02 7.458626478910446167e-02 1.703252047300338745e-01 7.563405483961105347e-02 9.005796164274215698e-02 1.907216459512710571e-01 1.999215930700302124e-01 1.422567814588546753e-01 1.699877977371215820e-01 2.050632983446121216e-01 1.133796721696853638e-01 1.315462868660688400e-02 2.391200326383113861e-02 9.909512102603912354e-02 1.219617128372192383e-01 9.046345949172973633e-02 1.969309449195861816e-01 5.988023802638053894e-02 1.402695924043655396e-01 2.204120717942714691e-02 1.943951100111007690e-01 1.073693409562110901e-01 1.889529079198837280e-01 3.388403058052062988e-01 2.115124613046646118e-01 2.095274925231933594e-01
1.577970236539840698e-01 2.113952785730361938e-01 2.182972431182861328e-01 2.941379845142364502e-01 0.000000000000000000e+00 1.288084536790847778e-01 2.264831215143203735e-01 1.140220314264297485e-01 2.072914987802505493e-01 2.244764417409896851e-01 1.303428411483764648e-01 2.234755605459213257e-01 2.096330970525741577e-01 1.095626354217529297e-01 1.001028940081596375e-01 1.585139334201812744e-01 1.306843906641006470e-01 9.479227662086486816e-02 1.869944483041763306e-01 3.061082065105438232e-01 2.721400558948516846e-01 2.008985877037048340e-01 1.785826832056045532e-01 2.092422097921371460e-01 1.031839624047279358e-01 2.384577244520187378e-01 1.604899913072586060e-01 2.738723456859588623e-01 1.057919636368751526e-01 1.928594261407852173e-01 1.113751083612442017e-01 4.965079203248023987e-02 8.810700476169586182e-02 9.016751497983932495e-02
2.959001809358596802e-02 8.489857614040374756e-02 9.207789599895477295e-02 1.718401312828063965e-01 1.288084536790847778e-01 0.000000000000000000e+00 1.006097570061683655e-01 1.500682160258293152e-02 8.063610643148422241e-02 9.851654618978500366e-02 1.560603384859859943e-03 9.747292101383209229e-02 8.306769281625747681e-02 1.952130347490310669e-02 2.908051759004592896e-02 3.032465279102325439e-02 1.908065867610275745e-03 3.443664312362670898e-02 5.962208658456802368e-02 1.845775246620178223e-01 1.485384702682495117e-01 7.400520890951156616e-02 5.094614252448081970e-02 8.266166597604751587e-02 2.596964500844478607e-02 1.131239160895347595e-01 3.235031291842460632e-02 1.503684520721435547e-01 2.333446033298969269e-02 6.568265706300735474e-02 1.768707484006881714e-02 1.773251742124557495e-01 4.116865992546081543e-02 3.909499198198318481e-02
7.123179733753204346e-02 1.584653928875923157e-02 8.611636236310005188e-03 7.248352468013763428e-02 2.264831215143203735e-01 1.006097570061683655e-01 0.000000000000000000e+00 1.154422760009765625e-01 2.013701386749744415e-02 2.114164875820279121e-03 9.906470775604248047e-02 3.167898626998066902e-03 1.768990606069564819e-02 1.198955774307250977e-01 1.293119341135025024e-01 7.050019502639770508e-02 9.872063994407653809e-02 1.345801204442977905e-01 4.123501852154731750e-02 8.555657416582107544e-02 4.865585267543792725e-02 2.680412307381629944e-02 4.991948604583740234e-02 1.809860579669475555e-02 1.262495368719100952e-01 1.265822816640138626e-02 6.848233938217163086e-02 5.052303522825241089e-02 1.236539185047149658e-01 3.515944257378578186e-02 1.180866956710815430e-01 2.730633020401000977e-01 1.411935985088348389e-01 1.391573995351791382e-01
4.457704350352287292e-02 9.977827221155166626e-02 1.069369539618492126e-01 1.863663494586944580e-01 1.140220314264297485e-01 1.500682160258293152e-02 1.154422760009765625e-01 0.000000000000000000e+00 9.552733600139617920e-02 1.133557781577110291e-01 1.656703650951385498e-02 1.123154535889625549e-01 9.795241057872772217e-02 4.515805281698703766e-03 1.407984085381031036e-02 4.531085491180419922e-02 1.691440306603908539e-02 1.943986862897872925e-02 7.456219196319580078e-02 1.990330368280410767e-01 1.631815582513809204e-01 8.891328424215316772e-02 6.590257585048675537e-02 9.754748642444610596e-02 1.096709910780191422e-02 1.279135942459106445e-01 4.733415320515632629e-02 1.650029420852661133e-01 8.330556564033031464e-03 8.061002194881439209e-02 2.680965233594179153e-03 1.627514362335205078e-01 2.617800980806350708e-02 2.410231158137321472e-02
5.116818100214004517e-02 4.291845485568046570e-03 1.152737718075513840e-02 9.248554706573486328e-02 2.072914987802505493e-01 8.063610643148422241e-02 2.013701386749744415e-02 9.552733600139617920e-02 0.000000000000000000e+00 1.802361756563186646e-02 7.908545434474945068e-02 1.697019860148429871e-02 2.447980456054210663e-03 1.000000014901161194e-01 1.094599515199661255e-01 5.043478310108184814e-02 7.874015718698501587e-02 1.147540956735610962e-01 2.111553773283958435e-02 1.055118143558502197e-01 6.872553378343582153e-02 6.670709699392318726e-03 2.981243841350078583e-02 2.039151731878519058e-03 1.063829809427261353e-01 3.278688341379165649e-02 4.841208457946777344e-02 7.058823853731155396e-02 1.037753075361251831e-01 1.503307279199361801e-02 9.818315505981445312e-02 2.543247342109680176e-01 1.214017495512962341e-01 1.193548366427421570e-01
6.912804394960403442e-02 1.373283378779888153e-02 6.497589405626058578e-03 7.458626478910446167e-02 2.244764417409896851e-01 9.851654618978500366e-02 2.114164875820279121e-03 1.133557781577110291e-01 1.802361756563186646e-02 0.000000000000000000e+00 9.697084873914718628e-02 1.053740736097097397e-03 1.557632442563772202e-02 1.178112775087356567e-01 1.272325515747070312e-01 6.839622557163238525e-02 9.662664681673049927e-02 1.325036585330963135e-01 3.912426531314849854e-02 8.765488862991333008e-02 5.076479539275169373e-02 2.469135820865631104e-02 4.781036451458930969e-02 1.598505303263664246e-02 1.241685152053833008e-01 1.477199699729681015e-02 6.637778133153915405e-02 5.263157933950424194e-02 1.215715333819389343e-01 3.304773569107055664e-02 1.160014942288398743e-01 2.711056470870971680e-01 1.391209661960601807e-01 1.370835602283477783e-01
2.803070843219757080e-02 8.334901183843612671e-02 9.053030610084533691e-02 1.703252047300338745e-01 1.303428411483764648e-01 1.560603384859859943e-03 9.906470775604248047e-02 1.656703650951385498e-02 7.908545434474945068e-02 9.697084873914718628e-02 0.000000000000000000e+00 9.592691063880920410e-02 8.151765912771224976e-02 2.108126506209373474e-02 3.063973039388656616e-02 2.876541018486022949e-02 3.474635304883122444e-04 3.599531203508377075e-02 5.806688591837882996e-02 1.830696463584899902e-01 1.470119506120681763e-01 7.245296984910964966e-02 4.938946664333343506e-02 8.111152797937393188e-02 2.752913348376750946e-02 1.115830093622207642e-01 3.079126402735710144e-02 1.488427817821502686e-01 2.489415742456912994e-02 6.412862986326217651e-02 1.924714632332324982e-02 1.788362860679626465e-01 4.272651672363281250e-02 4.065311700105667114e-02
6.807926297187805176e-02 1.267927698791027069e-02 5.443885922431945801e-03 7.563405483961105347e-02 2.234755605459213257e-01 9.747292101383209229e-02 3.167898626998066902e-03 1.123154535889625549e-01 1.697019860148429871e-02 1.053740736097097397e-03 9.592691063880920410e-02 0.000000000000000000e+00 1.452282164245843887e-02 1.167720332741737366e-01 1.261957287788391113e-01 6.734734028577804565e-02 9.558263421058654785e-02 1.314682811498641968e-01 3.807209432125091553e-02 8.870043605566024780e-02 5.181576684117317200e-02 2.363823167979717255e-02 4.675897955894470215e-02 1.493156328797340393e-02 1.231308877468109131e-01 1.582549139857292175e-02 6.532861292362213135e-02 5.368234217166900635e-02 1.205332353711128235e-01 3.199511021375656128e-02 1.149618029594421387e-01 2.701290845870971680e-01 1.380874663591384888e-01 1.360494792461395264e-01
5.360944569110870361e-02 1.843884470872581005e-03 9.079653769731521606e-03 9.005796164274215698e-02 2.096330970525741577e-01 8.306769281625747681e-02 1.768990606069564819e-02 9.795241057872772217e-02 2.447980456054210663e-03 1.557632442563772202e-02 8.151765912771224976e-02 1.452282164245843887e-02 0.000000000000000000e+00 1.024229079484939575e-01 1.118779480457305908e-01 5.287623405456542969e-02 8.117248862981796265e-02 1.171691641211509705e-01 2.356230095028877258e-02 1.030904576182365417e-01 6.628870218992233276e-02 9.118541143834590912e-03 3.225806355476379395e-02 4.088307323399931192e-04 1.088026240468025208e-01 3.034134022891521454e-02 5.085403844714164734e-02 6.815203279256820679e-02 1.061963066458702087e-01 1.748041063547134399e-02 1.006069555878639221e-01 2.566129565238952637e-01 1.238129362463951111e-01 1.217672377824783325e-01
4.908296838402748108e-02 1.042471006512641907e-01 1.113989651203155518e-01 1.907216459512710571e-01 1.095626354217529297e-01 1.952130347490310669e-02 1.198955774307250977e-01 4.515805281698703766e-03 1.000000014901161194e-01 1.178112775087356567e-01 2.108126506209373474e-02 1.167720332741737366e-01 1.024229079484939575e-01 0.000000000000000000e+00 9.564643725752830505e-03 4.981646686792373657e-02 2.142857201397418976e-02 1.492537278681993484e-02 7.905138283967971802e-02 2.033660560846328735e-01 1.675738692283630371e-01 9.339158982038497925e-02 7.039743661880493164e-02 1.020183488726615906e-01 6.451612804085016251e-03 1.323529481887817383e-01 5.183887854218482971e-02 1.693925261497497559e-01 3.814894706010818481e-03 8.509485423564910889e-02 1.834862399846315384e-03 1.583520174026489258e-01 2.166476659476757050e-02 1.958863809704780579e-02
5.862009152770042419e-02 1.136983782052993774e-01 1.208348572254180908e-01 1.999215930700302124e-01 1.001028940081596375e-01 2.908051759004592896e-02 1.293119341135025024e-01 1.407984085381031036e-02 1.094599515199661255e-01 1.272325515747070312e-01 3.063973039388656616e-02 1.261957287788391113e-01 1.118779480457305908e-01 9.564643725752830505e-03 0.000000000000000000e+00 5.935283005237579346e-02 3.098686411976814270e-02 5.361494608223438263e-03 8.854907751083374023e-02 2.125173360109329224e-01 1.768550574779510498e-01 1.028643473982810974e-01 7.990827411413192749e-02 1.114742159843444824e-01 3.113223006948828697e-03 1.417381614446640015e-01 6.137309223413467407e-02 1.786676943302154541e-01 5.749959032982587814e-03 9.458251297473907471e-02 1.139930635690689087e-02 1.490130722522735596e-01 1.210262998938560486e-02 1.002587284892797470e-02
7.352941320277750492e-04 5.471478402614593506e-02 6.192615628242492676e-02 1.422567814588546753e-01 1.585139334201812744e-01 3.032465279102325439e-02 7.050019502639770508e-02 4.531085491180419922e-02 5.043478310108184814e-02 6.839622557163238525e-02 2.876541018486022949e-02 6.734734028577804565e-02 5.287623405456542969e-02 4.981646686792373657e-02 5.935283005237579346e-02 0.000000000000000000e+00 2.841822989284992218e-02 6.469373404979705811e-02 2.935050241649150848e-02 1.551211178302764893e-01 1.187487170100212097e-01 4.377880319952964783e-02 2.065339870750904083e-02 5.246853828430175781e-02 5.624999850988388062e-02 8.308427780866622925e-02 2.027649665251374245e-03 1.205936893820762634e-01 5.362116917967796326e-02 3.542857244610786438e-02 4.798598960041999817e-02 2.065391987562179565e-01 7.140416651964187622e-02 6.933744251728057861e-02
2.768351510167121887e-02 8.300395309925079346e-02 9.018567949533462524e-02 1.699877977371215820e-01 1.306843906641006470e-01 1.908065867610275745e-03 9.872063994407653809e-02 1.691440306603908539e-02 7.874015718698501587e-02 9.662664681673049927e-02 3.474635304883122444e-04 9.558263421058654785e-02 8.117248862981796265e-02 2.142857201397418976e-02 3.098686411976814270e-02 2.841822989284992218e-02 0.000000000000000000e+00 3.634232282638549805e-02 5.772058665752410889e-02 1.827338188886642456e-01 1.466719806194305420e-01 7.210732251405715942e-02 4.904284328222274780e-02 8.076634258031845093e-02 2.787633053958415985e-02 1.112398579716682434e-01 3.044412657618522644e-02 1.485029906034469604e-01 2.524140290915966034e-02 6.378258764743804932e-02 1.959447935223579407e-02 1.791726052761077881e-01 4.307334125041961670e-02 4.100000113248825073e-02
6.396148353815078735e-02 1.189873442053794861e-01 1.261146515607833862e-01 2.050632983446121216e-01 9.479227662086486816e-02 3.443664312362670898e-02 1.345801204442977905e-01 1.943986862897872925e-02 1.147540956735610962e-01 1.325036585330963135e-01 3.599531203508377075e-02 1.314682811498641968e-01 1.171691641211509705e-01 1.492537278681993484e-02 5.361494608223438263e-03 6.469373404979705811e-02 3.634232282638549805e-02 0.000000000000000000e+00 9.386600553989410400e-02 2.176308482885360718e-01 1.820439398288726807e-01 1.081661880016326904e-01 8.523324877023696899e-02 1.167659237980842590e-01 8.474576286971569061e-03 1.469879448413848877e-01 6.671263277530670166e-02 1.838530749082565308e-01 1.111111138015985489e-02 9.989335387945175171e-02 1.675977744162082672e-02 1.437664330005645752e-01 6.741573102772235870e-03 4.664629232138395309e-03
3.008514642715454102e-02 2.540508098900318146e-02 3.263497352600097656e-02 1.133796721696853638e-01 1.869944483041763306e-01 5.962208658456802368e-02 4.123501852154731750e-02 7.456219196319580078e-02 2.111553773283958435e-02 3.912426531314849854e-02 5.806688591837882996e-02 3.807209432125091553e-02 2.356230095028877258e-02 7.905138283967971802e-02 8.854907751083374023e-02 2.935050241649150848e-02 5.772058665752410889e-02 9.386600553989410400e-02 0.000000000000000000e+00 1.263458579778671265e-01 8.971088379621505737e-02 1.444686297327280045e-02 8.702378720045089722e-03 2.315369248390197754e-02 8.545941114425659180e-02 5.386513099074363708e-02 2.732447907328605652e-02 9.156729280948638916e-02 8.284129202365875244e-02 6.084396503865718842e-03 7.722771912813186646e-02 2.344683408737182617e-01 1.005439534783363342e-01 9.848751127719879150e-02
1.558386385440826416e-01 1.012658253312110901e-01 9.409888088703155518e-02 1.315462868660688400e-02 3.061082065105438232e-01 1.845775246620178223e-01 8.555657416582107544e-02 1.990330368280410767e-01 1.055118143558502197e-01 8.765488862991333008e-02 1.830696463584899902e-01 8.870043605566024780e-02 1.030904576182365417e-01 2.033660560846328735e-01 2.125173360109329224e-01 1.551211178302764893e-01 1.827338188886642456e-01 2.176308482885360718e-01 1.263458579778671265e-01 0.000000000000000000e+00 3.705497831106185913e-02 1.121036186814308167e-01 1.348999142646789551e-01 1.034949272871017456e-01 2.095427364110946655e-01 7.297738641500473022e-02 1.531416326761245728e-01 3.518563508987426758e-02 2.070203423500061035e-01 1.203539818525314331e-01 2.016064226627349854e-01 3.504329323768615723e-01 2.240437120199203491e-01 2.220700383186340332e-01
1.194735765457153320e-01 6.445270031690597534e-02 5.724350363016128540e-02 2.391200326383113861e-02 2.721400558948516846e-01 1.485384702682495117e-01 4.865585267543792725e-02 1.631815582513809204e-01 6.872553378343582153e-02 5.076479539275169373e-02 1.470119506120681763e-01 5.181576684117317200e-02 6.628870218992233276e-02 1.675738692283630371e-01 1.768550574779510498e-01 1.187487170100212097e-01 1.466719806194305420e-01 1.820439398288726807e-01 8.971088379621505737e-02 3.705497831106185913e-02 0.000000000000000000e+00 7.536169141530990601e-02 9.833649545907974243e-02 6.669572740793228149e-02 1.738375425338745117e-01 3.601980954408645630e-02 1.167491748929023743e-01 1.871782820671796799e-03 1.712792664766311646e-01 8.367215842008590698e-02 1.657899916172027588e-01 3.175007998943328857e-01 1.885541081428527832e-01 1.865501552820205688e-01
4.451266303658485413e-02 1.096224132925271988e-02 1.819668710231781006e-02 9.909512102603912354e-02 2.008985877037048340e-01 7.400520890951156616e-02 2.680412307381629944e-02 8.891328424215316772e-02 6.670709699392318726e-03 2.469135820865631104e-02 7.245296984910964966e-02 2.363823167979717255e-02 9.118541143834590912e-03 9.339158982038497925e-02 1.028643473982810974e-01 4.377880319952964783e-02 7.210732251405715942e-02 1.081661880016326904e-01 1.444686297327280045e-02 1.121036186814308167e-01 7.536169141530990601e-02 0.000000000000000000e+00 2.314633131027221680e-02 8.709742687642574310e-03 9.978307783603668213e-02 3.944896534085273743e-02 4.175486043095588684e-02 7.722258567810058594e-02 9.717186540365219116e-02 8.363202214241027832e-03 9.157241880893707275e-02 2.480748891830444336e-01 1.148240342736244202e-01 1.127739176154136658e-01
2.138836681842803955e-02 3.409992158412933350e-02 4.132561385631561279e-02 1.219617128372192383e-01 1.785826832056045532e-01 5.094614252448081970e-02 4.991948604583740234e-02 6.590257585048675537e-02 2.981243841350078583e-02 4.781036451458930969e-02 4.938946664333343506e-02 4.675897955894470215e-02 3.225806355476379395e-02 7.039743661880493164e-02 7.990827411413192749e-02 2.065339870750904083e-02 4.904284328222274780e-02 8.523324877023696899e-02 8.702378720045089722e-03 1.348999142646789551e-01 9.833649545907974243e-02 2.314633131027221680e-02 0.000000000000000000e+00 3.184965252876281738e-02 7.681415975093841553e-02 6.253819167613983154e-02 1.862652786076068878e-02 1.001898348331451416e-01 7.419240474700927734e-02 1.478599198162555695e-02 6.857142597436904907e-02 2.262275665998458862e-01 9.192200750112533569e-02 8.986215293407440186e-02
5.320177972316741943e-02 2.252713544294238091e-03 9.488448500633239746e-03 9.046345949172973633e-02 2.092422097921371460e-01 8.266166597604751587e-02 1.809860579669475555e-02 9.754748642444610596e-02 2.039151731878519058e-03 1.598505303263664246e-02 8.111152797937393188e-02 1.493156328797340393e-02 4.088307323399931192e-04 1.020183488726615906e-01 1.114742159843444824e-01 5.246853828430175781e-02 8.076634258031845093e-02 1.167659237980842590e-01 2.315369248390197754e-02 1.034949272871017456e-01 6.669572740793228149e-02 8.709742687642574310e-03 3.184965252876281738e-02 0.000000000000000000e+00 1.083986163139343262e-01 3.074978850781917572e-02 5.044625699520111084e-02 6.855895370244979858e-02 1.057920679450035095e-01 1.707170158624649048e-02 1.002022400498390198e-01 2.562310099601745605e-01 1.234103515744209290e-01 1.213644519448280334e-01
5.551700294017791748e-02 1.106243133544921875e-01 1.177659407258033752e-01 1.969309449195861816e-01 1.031839624047279358e-01 2.596964500844478607e-02 1.262495368719100952e-01 1.096709910780191422e-02 1.063829809427261353e-01 1.241685152053833008e-01 2.752913348376750946e-02 1.231308877468109131e-01 1.088026240468025208e-01 6.451612804085016251e-03 3.113223006948828697e-03 5.624999850988388062e-02 2.787633053958415985e-02 8.474576286971569061e-03 8.545941114425659180e-02 2.095427364110946655e-01 1.738375425338745117e-01 9.978307783603668213e-02 7.681415975093841553e-02 1.083986163139343262e-01 0.000000000000000000e+00 1.386861354112625122e-01 5.827100202441215515e-02 1.756521761417388916e-01 2.636783057823777199e-03 9.149622917175292969e-02 8.286377415060997009e-03 1.520557552576065063e-01 1.521528046578168869e-02 1.313868630677461624e-02
8.381445705890655518e-02 2.849905006587505341e-02 2.126754634082317352e-02 5.988023802638053894e-02 2.384577244520187378e-01 1.131239160895347595e-01 1.265822816640138626e-02 1.279135942459106445e-01 3.278688341379165649e-02 1.477199699729681015e-02 1.115830093622207642e-01 1.582549139857292175e-02 3.034134022891521454e-02 1.323529481887817383e-01 1.417381614446640015e-01 8.308427780866622925e-02 1.112398579716682434e-01 1.469879448413848877e-01 5.386513099074363708e-02 7.297738641500473022e-02 3.601980954408645630e-02 3.944896534085273743e-02 6.253819167613983154e-02 3.074978850781917572e-02 1.386861354112625122e-01 0.000000000000000000e+00 8.107028901576995850e-02 3.788904100656509399e-02 1.360991150140762329e-01 4.779639840126037598e-02 1.305497884750366211e-01 2.847373187541961670e-01 1.535773426294326782e-01 1.515486687421798706e-01
2.762939780950546265e-03 5.269297957420349121e-02 5.990602821111679077e-02 1.402695924043655396e-01 1.604899913072586060e-01 3.235031291842460632e-02 6.848233938217163086e-02 4.733415320515632629e-02 4.841208457946777344e-02 6.637778133153915405e-02 3.079126402735710144e-02 6.532861292362213135e-02 5.085403844714164734e-02 5.183887854218482971e-02 6.137309223413467407e-02 2.027649665251374245e-03 3.044412657618522644e-02 6.671263277530670166e-02 2.732447907328605652e-02 1.531416326761245728e-01 1.167491748929023743e-01 4.175486043095588684e-02 1.862652786076068878e-02 5.044625699520111084e-02 5.827100202441215515e-02 8.107028901576995850e-02 0.000000000000000000e+00 1.185950413346290588e-01 5.564276874065399170e-02 3.340332210063934326e-02 5.000877380371093750e-02 2.084795385599136353e-01 7.342118769884109497e-02 7.135505974292755127e-02
1.213182285428047180e-01 6.631647795438766479e-02 5.910895392298698425e-02 2.204120717942714691e-02 2.738723456859588623e-01 1.503684520721435547e-01 5.052303522825241089e-02 1.650029420852661133e-01 7.058823853731155396e-02 5.263157933950424194e-02 1.488427817821502686e-01 5.368234217166900635e-02 6.815203279256820679e-02 1.693925261497497559e-01 1.786676943302154541e-01 1.205936893820762634e-01 1.485029906034469604e-01 1.838530749082565308e-01 9.156729280948638916e-02 3.518563508987426758e-02 1.871782820671796799e-03 7.722258567810058594e-02 1.001898348331451416e-01 6.855895370244979858e-02 1.756521761417388916e-01 3.788904100656509399e-02 1.185950413346290588e-01 0.000000000000000000e+00 1.730955541133880615e-01 8.553054928779602051e-02 1.676097512245178223e-01 3.191829025745391846e-01 1.903586983680725098e-01 1.883561611175537109e-01
5.288796126842498779e-02 1.080190390348434448e-01 1.151649132370948792e-01 1.943951100111007690e-01 1.057919636368751526e-01 2.333446033298969269e-02 1.236539185047149658e-01 8.330556564033031464e-03 1.037753075361251831e-01 1.215715333819389343e-01 2.489415742456912994e-02 1.205332353711128235e-01 1.061963066458702087e-01 3.814894706010818481e-03 5.749959032982587814e-03 5.362116917967796326e-02 2.524140290915966034e-02 1.111111138015985489e-02 8.284129202365875244e-02 2.070203423500061035e-01 1.712792664766311646e-01 9.717186540365219116e-02 7.419240474700927734e-02 1.057920679450035095e-01 2.636783057823777199e-03 1.360991150140762329e-01 5.564276874065399170e-02 1.730955541133880615e-01 0.000000000000000000e+00 8.888088911771774292e-02 5.649717524647712708e-03 1.546305418014526367e-01 1.785134710371494293e-02 1.577492244541645050e-02
3.616292402148246765e-02 1.932367123663425446e-02 2.655584923923015594e-02 1.073693409562110901e-01 1.928594261407852173e-01 6.568265706300735474e-02 3.515944257378578186e-02 8.061002194881439209e-02 1.503307279199361801e-02 3.304773569107055664e-02 6.412862986326217651e-02 3.199511021375656128e-02 1.748041063547134399e-02 8.509485423564910889e-02 9.458251297473907471e-02 3.542857244610786438e-02 6.378258764743804932e-02 9.989335387945175171e-02 6.084396503865718842e-03 1.203539818525314331e-01 8.367215842008590698e-02 8.363202214241027832e-03 1.478599198162555695e-02 1.707170158624649048e-02 9.149622917175292969e-02 4.779639840126037598e-02 3.340332210063934326e-02 8.553054928779602051e-02 8.888088911771774292e-02 0.000000000000000000e+00 8.327299356460571289e-02 2.402100563049316406e-01 1.065631583333015442e-01 1.045092865824699402e-01
4.725236445665359497e-02 1.024318337440490723e-01 1.095864996314048767e-01 1.889529079198837280e-01 1.113751083612442017e-01 1.768707484006881714e-02 1.180866956710815430e-01 2.680965233594179153e-03 9.818315505981445312e-02 1.160014942288398743e-01 1.924714632332324982e-02 1.149618029594421387e-01 1.006069555878639221e-01 1.834862399846315384e-03 1.139930635690689087e-02 4.798598960041999817e-02 1.959447935223579407e-02 1.675977744162082672e-02 7.722771912813186646e-02 2.016064226627349854e-01 1.657899916172027588e-01 9.157241880893707275e-02 6.857142597436904907e-02 1.002022400498390198e-01 8.286377415060997009e-03 1.305497884750366211e-01 5.000877380371093750e-02 1.676097512245178223e-01 5.649717524647712708e-03 8.327299356460571289e-02 0.000000000000000000e+00 1.601403504610061646e-01 2.349869534373283386e-02 2.142273075878620148e-02
2.058351635932922363e-01 2.583346068859100342e-01 2.650749981403350830e-01 3.388403058052062988e-01 4.965079203248023987e-02 1.773251742124557495e-01 2.730633020401000977e-01 1.627514362335205078e-01 2.543247342109680176e-01 2.711056470870971680e-01 1.788362860679626465e-01 2.701290845870971680e-01 2.566129565238952637e-01 1.583520174026489258e-01 1.490130722522735596e-01 2.065391987562179565e-01 1.791726052761077881e-01 1.437664330005645752e-01 2.344683408737182617e-01 3.504329323768615723e-01 3.175007998943328857e-01 2.480748891830444336e-01 2.262275665998458862e-01 2.562310099601745605e-01 1.520557552576065063e-01 2.847373187541961670e-01 2.084795385599136353e-01 3.191829025745391846e-01 1.546305418014526367e-01 2.402100563049316406e-01 1.601403504610061646e-01 0.000000000000000000e+00 1.371577978134155273e-01 1.391951441764831543e-01
7.067258656024932861e-02 1.256281435489654541e-01 1.327433586120605469e-01 2.115124613046646118e-01 8.810700476169586182e-02 4.116865992546081543e-02 1.411935985088348389e-01 2.617800980806350708e-02 1.214017495512962341e-01 1.391209661960601807e-01 4.272651672363281250e-02 1.380874663591384888e-01 1.238129362463951111e-01 2.166476659476757050e-02 1.210262998938560486e-02 7.140416651964187622e-02 4.307334125041961670e-02 6.741573102772235870e-03 1.005439534783363342e-01 2.240437120199203491e-01 1.885541081428527832e-01 1.148240342736244202e-01 9.192200750112533569e-02 1.234103515744209290e-01 1.521528046578168869e-02 1.535773426294326782e-01 7.342118769884109497e-02 1.903586983680725098e-01 1.785134710371494293e-02 1.065631583333015442e-01 2.349869534373283386e-02 1.371577978134155273e-01 0.000000000000000000e+00 2.077009063214063644e-03
6.860564649105072021e-02 1.235833764076232910e-01 1.307023912668228149e-01 2.095274925231933594e-01 9.016751497983932495e-02 3.909499198198318481e-02 1.391573995351791382e-01 2.410231158137321472e-02 1.193548366427421570e-01 1.370835602283477783e-01 4.065311700105667114e-02 1.360494792461395264e-01 1.217672377824783325e-01 1.958863809704780579e-02 1.002587284892797470e-02 6.933744251728057861e-02 4.100000113248825073e-02 4.664629232138395309e-03 9.848751127719879150e-02 2.220700383186340332e-01 1.865501552820205688e-01 1.127739176154136658e-01 8.986215293407440186e-02 1.213644519448280334e-01 1.313868630677461624e-02 1.515486687421798706e-01 7.135505974292755127e-02 1.883561611175537109e-01 1.577492244541645050e-02 1.045092865824699402e-01 2.142273075878620148e-02 1.391951441764831543e-01 2.077009063214063644e-03 0.000000000000000000e+00
