0.000000000000000000e+00 5.248111113905906677e-02 6.224237382411956787e-02 1.268036663532257080e-01 1.227234005928039551e-01 4.396215826272964478e-02 4.079160094261169434e-02 3.735524788498878479e-02 5.248111113905906677e-02 6.840796023607254028e-02 2.182577364146709442e-02 4.884004965424537659e-02 4.841334372758865356e-02 4.467099159955978394e-02 1.138239353895187378e-01 2.587579563260078430e-02 8.118313550949096680e-02 1.283279061317443848e-02 6.531624495983123779e-02 2.184397131204605103e-01 8.482424914836883545e-02 5.809895321726799011e-02 7.127720862627029419e-03 3.079999983310699463e-02 1.659988611936569214e-02 1.574219614267349243e-01 7.756637781858444214e-02 7.982400804758071899e-02 9.164610505104064941e-02 4.331983625888824463e-02 1.509602516889572144e-01 1.552204489707946777e-01 6.376022100448608398e-02 8.956015110015869141e-02
5.248111113905906677e-02 0.000000000000000000e+00 9.793253615498542786e-03 7.482047379016876221e-02 1.740833073854446411e-01 9.622126817703247070e-02 1.171458978205919266e-02 8.966058492660522461e-02 0.000000000000000000e+00 1.598423533141613007e-02 7.422186434268951416e-02 3.650418715551495552e-03 4.078128375113010406e-03 9.692487120628356934e-02 1.653175055980682373e-01 2.664149366319179535e-02 2.882483415305614471e-02 6.526994705200195312e-02 1.287928409874439240e-02 1.678832173347473145e-01 3.248776122927665710e-02 5.635024048388004303e-03 5.958654358983039856e-02 2.171621285378932953e-02 6.902086734771728516e-02 1.058150604367256165e-01 2.518780343234539032e-02 2.745792828500270844e-02 1.434373259544372559e-01 9.182148613035678864e-03 9.926557540893554688e-02 2.060232758522033691e-01 1.158536598086357117e-01 1.413767635822296143e-01
6.224237382411956787e-02 9.793253615498542786e-03 0.000000000000000000e+00 6.507490575313568115e-02 1.835636049509048462e-01 1.059147194027900696e-01 2.150537632405757904e-02 9.936659038066864014e-02 9.793253615498542786e-03 6.191950291395187378e-03 8.395409584045410156e-02 1.344319153577089310e-02 1.387082785367965698e-02 1.066169217228889465e-01 1.748277097940444946e-01 3.642524406313896179e-02 1.903695426881313324e-02 7.501524686813354492e-02 3.086419776082038879e-03 1.583503037691116333e-01 2.270173095166683197e-02 4.158459138125181198e-03 6.933933496475219727e-02 3.150276839733123779e-02 7.876088470220565796e-02 9.612141549587249756e-02 1.539834868162870407e-02 1.766942441463470459e-02 1.530156433582305908e-01 1.897369511425495148e-02 8.955938369035720825e-02 2.153819650411605835e-01 1.255045235157012939e-01 1.509609967470169067e-01
1.268036663532257080e-01 7.482047379016876221e-02 6.507490575313568115e-02 0.000000000000000000e+00 2.457034885883331299e-01 1.698191612958908081e-01 8.645928651094436646e-02 1.633850038051605225e-01 7.482047379016876221e-02 5.890669301152229309e-02 1.482192426919937134e-01 7.844947278499603271e-02 7.887453585863113403e-02 1.705088317394256592e-01 2.372039705514907837e-01 1.012601256370544434e-01 4.609505459666252136e-02 1.394096165895462036e-01 6.200093775987625122e-02 9.424657374620437622e-02 4.243586584925651550e-02 6.921463459730148315e-02 1.338104605674743652e-01 9.638009220361709595e-02 1.431023329496383667e-01 3.124193102121353149e-02 4.972638562321662903e-02 4.746005311608314514e-02 2.159403264522552490e-01 8.394495397806167603e-02 2.462801523506641388e-02 2.765803337097167969e-01 1.890355348587036133e-01 2.139342576265335083e-01
1.227234005928039551e-01 1.740833073854446411e-01 1.835636049509048462e-01 2.457034885883331299e-01 0.000000000000000000e+00 7.918848097324371338e-02 1.627005040645599365e-01 8.576131612062454224e-02 1.740833073854446411e-01 1.895401328802108765e-01 1.011686176061630249e-01 1.705412566661834717e-01 1.701259464025497437e-01 7.848266512155532837e-02 9.025546722114086151e-03 1.481288075447082520e-01 2.018950432538986206e-01 1.100639551877975464e-01 1.865443438291549683e-01 3.322561085224151611e-01 2.054093629121780396e-01 1.795421987771987915e-01 1.156968846917152405e-01 1.529452949762344360e-01 1.063401550054550171e-01 2.748357057571411133e-01 1.984011679887771606e-01 2.005824595689773560e-01 3.143080696463584900e-02 1.651651710271835327e-01 2.687055170536041260e-01 3.312811627984046936e-02 5.942820385098457336e-02 3.353180736303329468e-02
4.396215826272964478e-02 9.622126817703247070e-02 1.059147194027900696e-01 1.698191612958908081e-01 7.918848097324371338e-02 0.000000000000000000e+00 8.460204303264617920e-02 6.617778446525335312e-03 9.622126817703247070e-02 1.120331957936286926e-01 2.215764671564102173e-02 9.260337799787521362e-02 9.217931330204010010e-02 7.102272938936948776e-04 7.021311670541763306e-02 6.975860148668289185e-02 1.247002407908439636e-01 3.114693984389305115e-02 1.089655160903930664e-01 2.599059641361236572e-01 1.283079385757446289e-01 1.018010973930358887e-01 3.684598207473754883e-02 7.466106861829757690e-02 2.738225646317005157e-02 2.000000029802322388e-01 1.211155354976654053e-01 1.233532950282096863e-01 4.787683859467506409e-02 8.711609244346618652e-02 1.936373263597488403e-01 1.120227202773094177e-01 1.985370926558971405e-02 4.577822983264923096e-02
4.079160094261169434e-02 1.171458978205919266e-02 2.150537632405757904e-02 8.645928651094436646e-02 1.627005040645599365e-01 8.460204303264617920e-02 0.000000000000000000e+00 7.802794873714447021e-02 1.171458978205919266e-02 2.769363857805728912e-02 6.256167590618133545e-02 8.064515888690948486e-03 7.636826485395431519e-03 8.530714362859725952e-02 1.539009660482406616e-01 1.493156328797340393e-02 4.052573814988136292e-02 5.359633266925811768e-02 2.459016442298889160e-02 1.792452782392501831e-01 4.418553411960601807e-02 1.734846830368041992e-02 4.790539294481277466e-02 1.000416837632656097e-02 5.735265091061592102e-02 1.173841431736946106e-01 3.689150884747505188e-02 3.915992006659507751e-02 1.319444477558135986e-01 2.532714279368519783e-03 1.108512654900550842e-01 1.947787702083587646e-01 1.042805984616279602e-01 1.298772692680358887e-01
3.735524788498878479e-02 8.966058492660522461e-02 9.936659038066864014e-02 1.633850038051605225e-01 8.576131612062454224e-02 6.617778446525335312e-03 7.802794873714447021e-02 0.000000000000000000e+00 8.966058492660522461e-02 1.054936274886131287e-01 1.554214674979448318e-02 8.603832870721817017e-02 8.561375737190246582e-02 7.327971514314413071e-03 7.679521292448043823e-02 6.316998600959777832e-02 1.181799843907356262e-01 2.453421801328659058e-02 1.024215966463088989e-01 2.537246048450469971e-01 1.217935755848884583e-01 9.524748474359512329e-02 3.023557737469673157e-02 6.807692348957061768e-02 2.076824195683002472e-02 1.936385184526443481e-01 1.145896017551422119e-01 1.168308854103088379e-01 5.447735637426376343e-02 8.054474741220474243e-02 1.872595101594924927e-01 1.185526102781295776e-01 2.646801061928272247e-02 5.238014087080955505e-02
5.248111113905906677e-02 0.000000000000000000e+00 9.793253615498542786e-03 7.482047379016876221e-02 1.740833073854446411e-01 9.622126817703247070e-02 1.171458978205919266e-02 8.966058492660522461e-02 0.000000000000000000e+00 1.598423533141613007e-02 7.422186434268951416e-02 3.650418715551495552e-03 4.078128375113010406e-03 9.692487120628356934e-02 1.653175055980682373e-01 2.664149366319179535e-02 2.882483415305614471e-02 6.526994705200195312e-02 1.287928409874439240e-02 1.678832173347473145e-01 3.248776122927665710e-02 5.635024048388004303e-03 5.958654358983039856e-02 2.171621285378932953e-02 6.902086734771728516e-02 1.058150604367256165e-01 2.518780343234539032e-02 2.745792828500270844e-02 1.434373259544372559e-01 9.182148613035678864e-03 9.926557540893554688e-02 2.060232758522033691e-01 1.158536598086357117e-01 1.413767635822296143e-01
6.840796023607254028e-02 1.598423533141613007e-02 6.191950291395187378e-03 5.890669301152229309e-02 1.895401328802108765e-01 1.120331957936286926e-01 2.769363857805728912e-02 1.054936274886131287e-01 1.598423533141613007e-02 0.000000000000000000e+00 9.009920805692672729e-02 1.963350735604763031e-02 2.006105519831180573e-02 1.127344518899917603e-01 1.808239221572875977e-01 4.260758310556411743e-02 1.284651830792427063e-02 8.116949349641799927e-02 3.105590119957923889e-03 1.523076891899108887e-01 1.651210151612758636e-02 1.035014353692531586e-02 7.549887150526046753e-02 3.768736496567726135e-02 8.491142094135284424e-02 8.998302370309829712e-02 9.207275696098804474e-03 1.147873047739267349e-02 1.590568870306015015e-01 2.516268938779830933e-02 8.341369032859802246e-02 2.212788015604019165e-01 1.315941959619522095e-01 1.570061892271041870e-01
2.182577364146709442e-02 7.422186434268951416e-02 8.395409584045410156e-02 1.482192426919937134e-01 1.011686176061630249e-01 2.215764671564102173e-02 6.256167590618133545e-02 1.554214674979448318e-02 7.422186434268951416e-02 9.009920805692672729e-02 0.000000000000000000e+00 7.059057801961898804e-02 7.016497850418090820e-02 2.286751382052898407e-02 9.222728013992309570e-02 4.767464473843574524e-02 1.028267070651054382e-01 8.995502255856990814e-03 8.701796829700469971e-02 2.391254305839538574e-01 1.064529418945312500e-01 7.982350885868072510e-02 1.470033917576074600e-02 5.259041860699653625e-02 5.227781832218170166e-03 1.786339730024337769e-01 9.922417253255844116e-02 1.014729961752891541e-01 6.996026635169982910e-02 6.508407741785049438e-02 1.722185909748077393e-01 1.338481307029724121e-01 4.199288412928581238e-02 6.786703318357467651e-02
4.884004965424537659e-02 3.650418715551495552e-03 1.344319153577089310e-02 7.844947278499603271e-02 1.705412566661834717e-01 9.260337799787521362e-02 8.064515888690948486e-03 8.603832870721817017e-02 3.650418715551495552e-03 1.963350735604763031e-02 7.059057801961898804e-02 0.000000000000000000e+00 4.277160041965544224e-04 9.330746531486511230e-02 1.617647111415863037e-01 2.299331128597259521e-02 3.247183561325073242e-02 6.163420900702476501e-02 1.652892492711544037e-02 1.714285761117935181e-01 3.613389655947685242e-02 9.285251609981060028e-03 5.594829469919204712e-02 1.806722767651081085e-02 6.538692116737365723e-02 1.094232127070426941e-01 2.883557043969631195e-02 3.110522776842117310e-02 1.398601382970809937e-01 5.531914997845888138e-03 1.028787195682525635e-01 2.025251686573028564e-01 1.122507154941558838e-01 1.377974599599838257e-01
4.841334372758865356e-02 4.078128375113010406e-03 1.387082785367965698e-02 7.887453585863113403e-02 1.701259464025497437e-01 9.217931330204010010e-02 7.636826485395431519e-03 8.561375737190246582e-02 4.078128375113010406e-03 2.006105519831180573e-02 7.016497850418090820e-02 4.277160041965544224e-04 0.000000000000000000e+00 9.288346022367477417e-02 1.613481491804122925e-01 2.256581746041774750e-02 3.289909288287162781e-02 6.120810657739639282e-02 1.695652119815349579e-02 1.718436926603317261e-01 3.656104579567909241e-02 9.712928906083106995e-03 5.552190542221069336e-02 1.763964630663394928e-02 6.496102362871170044e-02 1.098457872867584229e-01 2.926292642951011658e-02 3.153252601623535156e-02 1.394407600164413452e-01 5.104211159050464630e-03 1.033018901944160461e-01 2.021149545907974243e-01 1.118283644318580627e-01 1.373778283596038818e-01
4.467099159955978394e-02 9.692487120628356934e-02 1.066169217228889465e-01 1.705088317394256592e-01 7.848266512155532837e-02 7.102272938936948776e-04 8.530714362859725952e-02 7.327971514314413071e-03 9.692487120628356934e-02 1.127344518899917603e-01 2.286751382052898407e-02 9.330746531486511230e-02 9.288346022367477417e-02 0.000000000000000000e+00 6.950635462999343872e-02 7.046533375978469849e-02 1.253993660211563110e-01 3.185646235942840576e-02 1.096672564744949341e-01 2.605681121349334717e-01 1.290064156055450439e-01 1.025039106607437134e-01 3.755522891879081726e-02 7.536729425191879272e-02 2.809193730354309082e-02 2.006817162036895752e-01 1.218152865767478943e-01 1.240526512265205383e-01 4.716821759939193726e-02 8.782088756561279297e-02 1.943208277225494385e-01 1.113213524222373962e-01 1.914375275373458862e-02 4.506946727633476257e-02
1.138239353895187378e-01 1.653175055980682373e-01 1.748277097940444946e-01 2.372039705514907837e-01 9.025546722114086151e-03 7.021311670541763306e-02 1.539009660482406616e-01 7.679521292448043823e-02 1.653175055980682373e-01 1.808239221572875977e-01 9.222728013992309570e-02 1.617647111415863037e-01 1.613481491804122925e-01 6.950635462999343872e-02 0.000000000000000000e+00 1.392894834280014038e-01 1.932215839624404907e-01 1.011388748884201050e-01 1.778181791305541992e-01 3.242027759552001953e-01 1.967485696077346802e-01 1.707934141159057617e-01 1.067828461527824402e-01 1.441186815500259399e-01 9.740810096263885498e-02 2.664711773395538330e-01 1.897153407335281372e-01 1.919043213129043579e-01 2.241161651909351349e-02 1.563727259635925293e-01 2.603112757205963135e-01 4.214106127619743347e-02 5.042970553040504456e-02 2.451368048787117004e-02
2.587579563260078430e-02 2.664149366319179535e-02 3.642524406313896179e-02 1.012601256370544434e-01 1.481288075447082520e-01 6.975860148668289185e-02 1.493156328797340393e-02 6.316998600959777832e-02 2.664149366319179535e-02 4.260758310556411743e-02 4.767464473843574524e-02 2.299331128597259521e-02 2.256581746041774750e-02 7.046533375978469849e-02 1.392894834280014038e-01 0.000000000000000000e+00 5.542376637458801270e-02 3.869573771953582764e-02 3.950722143054008484e-02 1.936585307121276855e-01 5.907812342047691345e-02 3.227167204022407532e-02 3.299743309617042542e-02 4.928131587803363800e-03 4.245744645595550537e-02 1.320842057466506958e-01 5.179454013705253601e-02 5.405987426638603210e-02 1.172438636422157288e-01 1.746361702680587769e-02 1.255749762058258057e-01 1.803717911243438721e-01 8.948837220668792725e-02 1.151690483093261719e-01
8.118313550949096680e-02 2.882483415305614471e-02 1.903695426881313324e-02 4.609505459666252136e-02 2.018950432538986206e-01 1.247002407908439636e-01 4.052573814988136292e-02 1.181799843907356262e-01 2.882483415305614471e-02 1.284651830792427063e-02 1.028267070651054382e-01 3.247183561325073242e-02 3.289909288287162781e-02 1.253993660211563110e-01 1.932215839624404907e-01 5.542376637458801270e-02 0.000000000000000000e+00 9.391807764768600464e-02 1.595147140324115753e-02 1.397345811128616333e-01 3.666361095383763313e-03 2.319357730448246002e-02 8.825978636741638184e-02 5.050943046808242798e-02 9.765142202377319336e-02 7.722577452659606934e-02 3.639672417193651199e-03 1.367989112623035908e-03 1.715528666973114014e-01 3.799692541360855103e-02 7.064287364482879639e-02 2.334616780281066895e-01 1.441969573497772217e-01 1.695108115673065186e-01
1.283279061317443848e-02 6.526994705200195312e-02 7.501524686813354492e-02 1.394096165895462036e-01 1.100639551877975464e-01 3.114693984389305115e-02 5.359633266925811768e-02 2.453421801328659058e-02 6.526994705200195312e-02 8.116949349641799927e-02 8.995502255856990814e-03 6.163420900702476501e-02 6.120810657739639282e-02 3.185646235942840576e-02 1.011388748884201050e-01 3.869573771953582764e-02 9.391807764768600464e-02 0.000000000000000000e+00 7.808358967304229736e-02 2.306260168552398682e-01 9.755085408687591553e-02 7.087890058755874634e-02 5.705591291189193726e-03 4.361554980278015137e-02 3.767897607758641243e-03 1.699115037918090820e-01 9.030927717685699463e-02 9.256198257207870483e-02 7.890611141920089722e-02 5.612143129110336304e-02 1.634763479232788086e-01 1.426718533039093018e-01 5.096913129091262817e-02 7.681564241647720337e-02
6.531624495983123779e-02 1.287928409874439240e-02 3.086419776082038879e-03 6.200093775987625122e-02 1.865443438291549683e-01 1.089655160903930664e-01 2.459016442298889160e-02 1.024215966463088989e-01 1.287928409874439240e-02 3.105590119957923889e-03 8.701796829700469971e-02 1.652892492711544037e-02 1.695652119815349579e-02 1.096672564744949341e-01 1.778181791305541992e-01 3.950722143054008484e-02 1.595147140324115753e-02 7.808358967304229736e-02 0.000000000000000000e+00 1.553398072719573975e-01 1.961668580770492554e-02 7.244785781949758530e-03 7.241025567054748535e-02 3.458582237362861633e-02 8.182740956544876099e-02 9.306260943412780762e-02 1.231251377612352371e-02 1.458380091935396194e-02 1.560283750295639038e-01 2.205882407724857330e-02 8.649687469005584717e-02 2.183232456445693970e-01 1.285411417484283447e-01 1.539756804704666138e-01
2.184397131204605103e-01 1.678832173347473145e-01 1.583503037691116333e-01 9.424657374620437622e-02 3.322561085224151611e-01 2.599059641361236572e-01 1.792452782392501831e-01 2.537246048450469971e-01 1.678832173347473145e-01 1.523076891899108887e-01 2.391254305839538574e-01 1.714285761117935181e-01 1.718436926603317261e-01 2.605681121349334717e-01 3.242027759552001953e-01 1.936585307121276855e-01 1.397345811128616333e-01 2.306260168552398682e-01 1.553398072719573975e-01 0.000000000000000000e+00 1.361379623413085938e-01 1.624018251895904541e-01 2.252167761325836182e-01 1.889106929302215576e-01 2.341904044151306152e-01 6.319070607423782349e-02 1.433013677597045898e-01 1.410756111145019531e-01 3.039999902248382568e-01 1.767928302288055420e-01 6.978052854537963867e-02 3.614062070846557617e-01 2.783235013484954834e-01 3.020899295806884766e-01
8.482424914836883545e-02 3.248776122927665710e-02 2.270173095166683197e-02 4.243586584925651550e-02 2.054093629121780396e-01 1.283079385757446289e-01 4.418553411960601807e-02 1.217935755848884583e-01 3.248776122927665710e-02 1.651210151612758636e-02 1.064529418945312500e-01 3.613389655947685242e-02 3.656104579567909241e-02 1.290064156055450439e-01 1.967485696077346802e-01 5.907812342047691345e-02 3.666361095383763313e-03 9.755085408687591553e-02 1.961668580770492554e-02 1.361379623413085938e-01 0.000000000000000000e+00 2.685765363276004791e-02 9.189640730619430542e-02 5.416576191782951355e-02 1.012815237045288086e-01 7.358025014400482178e-02 7.305935956537723541e-03 5.034324713051319122e-03 1.751090884208679199e-01 4.165748134255409241e-02 6.699386239051818848e-02 2.369252443313598633e-01 1.477851867675781250e-01 1.730696111917495728e-01
5.809895321726799011e-02 5.635024048388004303e-03 4.158459138125181198e-03 6.921463459730148315e-02 1.795421987771987915e-01 1.018010973930358887e-01 1.734846830368041992e-02 9.524748474359512329e-02 5.635024048388004303e-03 1.035014353692531586e-02 7.982350885868072510e-02 9.285251609981060028e-03 9.712928906083106995e-03 1.025039106607437134e-01 1.707934141159057617e-01 3.227167204022407532e-02 2.319357730448246002e-02 7.087890058755874634e-02 7.244785781949758530e-03 1.624018251895904541e-01 2.685765363276004791e-02 0.000000000000000000e+00 6.519967317581176758e-02 2.734789066016674042e-02 7.462686300277709961e-02 1.002398058772087097e-01 1.955555565655231476e-02 2.182628028094768524e-02 1.489519625902175903e-01 1.481640525162220001e-02 9.368295222520828247e-02 2.114128619432449341e-01 1.214094236493110657e-01 1.468947529792785645e-01
7.127720862627029419e-03 5.958654358983039856e-02 6.933933496475219727e-02 1.338104605674743652e-01 1.156968846917152405e-01 3.684598207473754883e-02 4.790539294481277466e-02 3.023557737469673157e-02 5.958654358983039856e-02 7.549887150526046753e-02 1.470033917576074600e-02 5.594829469919204712e-02 5.552190542221069336e-02 3.755522891879081726e-02 1.067828461527824402e-01 3.299743309617042542e-02 8.825978636741638184e-02 5.705591291189193726e-03 7.241025567054748535e-02 2.252167761325836182e-01 9.189640730619430542e-02 6.519967317581176758e-02 0.000000000000000000e+00 3.791939467191696167e-02 9.473285637795925140e-03 1.643652617931365967e-01 8.464730530977249146e-02 8.690229058265686035e-02 8.457362651824951172e-02 5.043198540806770325e-02 1.579180508852005005e-01 1.482567638158798218e-01 5.665824562311172485e-02 8.248507976531982422e-02
3.079999983310699463e-02 2.171621285378932953e-02 3.150276839733123779e-02 9.638009220361709595e-02 1.529452949762344360e-01 7.466106861829757690e-02 1.000416837632656097e-02 6.807692348957061768e-02 2.171621285378932953e-02 3.768736496567726135e-02 5.259041860699653625e-02 1.806722767651081085e-02 1.763964630663394928e-02 7.536729425191879272e-02 1.441186815500259399e-01 4.928131587803363800e-03 5.050943046808242798e-02 4.361554980278015137e-02 3.458582237362861633e-02 1.889106929302215576e-01 5.416576191782951355e-02 2.734789066016674042e-02 3.791939467191696167e-02 0.000000000000000000e+00 4.737566411495208740e-02 1.272388994693756104e-01 4.687837511301040649e-02 4.914483800530433655e-02 1.221014484763145447e-01 1.253656484186649323e-02 1.207215562462806702e-01 1.851353645324707031e-01 9.437488019466400146e-02 1.200290545821189880e-01
1.659988611936569214e-02 6.902086734771728516e-02 7.876088470220565796e-02 1.431023329496383667e-01 1.063401550054550171e-01 2.738225646317005157e-02 5.735265091061592102e-02 2.076824195683002472e-02 6.902086734771728516e-02 8.491142094135284424e-02 5.227781832218170166e-03 6.538692116737365723e-02 6.496102362871170044e-02 2.809193730354309082e-02 9.740810096263885498e-02 4.245744645595550537e-02 9.765142202377319336e-02 3.767897607758641243e-03 8.182740956544876099e-02 2.341904044151306152e-01 1.012815237045288086e-01 7.462686300277709961e-02 9.473285637795925140e-03 4.737566411495208740e-02 0.000000000000000000e+00 1.735682785511016846e-01 9.404517710208892822e-02 9.629629552364349365e-02 7.516056299209594727e-02 5.987666547298431396e-02 1.671412885189056396e-01 1.389786750078201294e-01 4.721030220389366150e-02 7.306889444589614868e-02
1.574219614267349243e-01 1.058150604367256165e-01 9.612141549587249756e-02 3.124193102121353149e-02 2.748357057571411133e-01 2.000000029802322388e-01 1.173841431736946106e-01 1.936385184526443481e-01 1.058150604367256165e-01 8.998302370309829712e-02 1.786339730024337769e-01 1.094232127070426941e-01 1.098457872867584229e-01 2.006817162036895752e-01 2.664711773395538330e-01 1.320842057466506958e-01 7.722577452659606934e-02 1.699115037918090820e-01 9.306260943412780762e-02 6.319070607423782349e-02 7.358025014400482178e-02 1.002398058772087097e-01 1.643652617931365967e-01 1.272388994693756104e-01 1.735682785511016846e-01 0.000000000000000000e+00 8.084272593259811401e-02 7.858546078205108643e-02 2.455258369445800781e-01 1.148855835199356079e-01 6.619009654968976974e-03 3.051851987838745117e-01 2.189841866493225098e-01 2.435483932495117188e-01
7.756637781858444214e-02 2.518780343234539032e-02 1.539834868162870407e-02 4.972638562321662903e-02 1.984011679887771606e-01 1.211155354976654053e-01 3.689150884747505188e-02 1.145896017551422119e-01 2.518780343234539032e-02 9.207275696098804474e-03 9.922417253255844116e-02 2.883557043969631195e-02 2.926292642951011658e-02 1.218152865767478943e-01 1.897153407335281372e-01 5.179454013705253601e-02 3.639672417193651199e-03 9.030927717685699463e-02 1.231251377612352371e-02 1.433013677597045898e-01 7.305935956537723541e-03 1.955555565655231476e-02 8.464730530977249146e-02 4.687837511301040649e-02 9.404517710208892822e-02 8.084272593259811401e-02 0.000000000000000000e+00 2.271694596856832504e-03 1.680181026458740234e-01 3.436200320720672607e-02 7.426345348358154297e-02 2.300174534320831299e-01 1.406310796737670898e-01 1.659735292196273804e-01
7.982400804758071899e-02 2.745792828500270844e-02 1.766942441463470459e-02 4.746005311608314514e-02 2.005824595689773560e-01 1.233532950282096863e-01 3.915992006659507751e-02 1.168308854103088379e-01 2.745792828500270844e-02 1.147873047739267349e-02 1.014729961752891541e-01 3.110522776842117310e-02 3.153252601623535156e-02 1.240526512265205383e-01 1.919043213129043579e-01 5.405987426638603210e-02 1.367989112623035908e-03 9.256198257207870483e-02 1.458380091935396194e-02 1.410756111145019531e-01 5.034324713051319122e-03 2.182628028094768524e-02 8.690229058265686035e-02 4.914483800530433655e-02 9.629629552364349365e-02 7.858546078205108643e-02 2.271694596856832504e-03 0.000000000000000000e+00 1.702248305082321167e-01 3.663083910942077637e-02 7.200390845537185669e-02 2.321678251028060913e-01 1.428571492433547974e-01 1.681818217039108276e-01
9.164610505104064941e-02 1.434373259544372559e-01 1.530156433582305908e-01 2.159403264522552490e-01 3.143080696463584900e-02 4.787683859467506409e-02 1.319444477558135986e-01 5.447735637426376343e-02 1.434373259544372559e-01 1.590568870306015015e-01 6.996026635169982910e-02 1.398601382970809937e-01 1.394407600164413452e-01 4.716821759939193726e-02 2.241161651909351349e-02 1.172438636422157288e-01 1.715528666973114014e-01 7.890611141920089722e-02 1.560283750295639038e-01 3.039999902248382568e-01 1.751090884208679199e-01 1.489519625902175903e-01 8.457362651824951172e-02 1.221014484763145447e-01 7.516056299209594727e-02 2.455258369445800781e-01 1.680181026458740234e-01 1.702248305082321167e-01 0.000000000000000000e+00 1.344322413206100464e-01 2.392957210540771484e-01 6.449177116155624390e-02 2.804979309439659119e-02 2.103219507262110710e-03
4.331983625888824463e-02 9.182148613035678864e-03 1.897369511425495148e-02 8.394495397806167603e-02 1.651651710271835327e-01 8.711609244346618652e-02 2.532714279368519783e-03 8.054474741220474243e-02 9.182148613035678864e-03 2.516268938779830933e-02 6.508407741785049438e-02 5.531914997845888138e-03 5.104211159050464630e-03 8.782088756561279297e-02 1.563727259635925293e-01 1.746361702680587769e-02 3.799692541360855103e-02 5.612143129110336304e-02 2.205882407724857330e-02 1.767928302288055420e-01 4.165748134255409241e-02 1.481640525162220001e-02 5.043198540806770325e-02 1.253656484186649323e-02 5.987666547298431396e-02 1.148855835199356079e-01 3.436200320720672607e-02 3.663083910942077637e-02 1.344322413206100464e-01 0.000000000000000000e+00 1.083489656448364258e-01 1.972142010927200317e-01 1.067851036787033081e-01 1.323664337396621704e-01
1.509602516889572144e-01 9.926557540893554688e-02 8.955938369035720825e-02 2.462801523506641388e-02 2.687055170536041260e-01 1.936373263597488403e-01 1.108512654900550842e-01 1.872595101594924927e-01 9.926557540893554688e-02 8.341369032859802246e-02 1.722185909748077393e-01 1.028787195682525635e-01 1.033018901944160461e-01 1.943208277225494385e-01 2.603112757205963135e-01 1.255749762058258057e-01 7.064287364482879639e-02 1.634763479232788086e-01 8.649687469005584717e-02 6.978052854537963867e-02 6.699386239051818848e-02 9.368295222520828247e-02 1.579180508852005005e-01 1.207215562462806702e-01 1.671412885189056396e-01 6.619009654968976974e-03 7.426345348358154297e-02 7.200390845537185669e-02 2.392957210540771484e-01 1.083489656448364258e-01 0.000000000000000000e+00 2.991704940795898438e-01 2.126734256744384766e-01 2.373119294643402100e-01
1.552204489707946777e-01 2.060232758522033691e-01 2.153819650411605835e-01 2.765803337097167969e-01 3.312811627984046936e-02 1.120227202773094177e-01 1.947787702083587646e-01 1.185526102781295776e-01 2.060232758522033691e-01 2.212788015604019165e-01 1.338481307029724121e-01 2.025251686573028564e-01 2.021149545907974243e-01 1.113213524222373962e-01 4.214106127619743347e-02 1.803717911243438721e-01 2.334616780281066895e-01 1.426718533039093018e-01 2.183232456445693970e-01 3.614062070846557617e-01 2.369252443313598633e-01 2.114128619432449341e-01 1.482567638158798218e-01 1.851353645324707031e-01 1.389786750078201294e-01 3.051851987838745117e-01 2.300174534320831299e-01 2.321678251028060913e-01 6.449177116155624390e-02 1.972142010927200317e-01 2.991704940795898438e-01 0.000000000000000000e+00 9.237445890903472900e-02 6.658595800399780273e-02
6.376022100448608398e-02 1.158536598086357117e-01 1.255045235157012939e-01 1.890355348587036133e-01 5.942820385098457336e-02 1.985370926558971405e-02 1.042805984616279602e-01 2.646801061928272247e-02 1.158536598086357117e-01 1.315941959619522095e-01 4.199288412928581238e-02 1.122507154941558838e-01 1.118283644318580627e-01 1.914375275373458862e-02 5.042970553040504456e-02 8.948837220668792725e-02 1.441969573497772217e-01 5.096913129091262817e-02 1.285411417484283447e-01 2.783235013484954834e-01 1.477851867675781250e-01 1.214094236493110657e-01 5.665824562311172485e-02 9.437488019466400146e-02 4.721030220389366150e-02 2.189841866493225098e-01 1.406310796737670898e-01 1.428571492433547974e-01 2.804979309439659119e-02 1.067851036787033081e-01 2.126734256744384766e-01 9.237445890903472900e-02 0.000000000000000000e+00 2.594810351729393005e-02
8.956015110015869141e-02 1.413767635822296143e-01 1.509609967470169067e-01 2.139342576265335083e-01 3.353180736303329468e-02 4.577822983264923096e-02 1.298772692680358887e-01 5.238014087080955505e-02 1.413767635822296143e-01 1.570061892271041870e-01 6.786703318357467651e-02 1.377974599599838257e-01 1.373778283596038818e-01 4.506946727633476257e-02 2.451368048787117004e-02 1.151690483093261719e-01 1.695108115673065186e-01 7.681564241647720337e-02 1.539756804704666138e-01 3.020899295806884766e-01 1.730696111917495728e-01 1.468947529792785645e-01 8.248507976531982422e-02 1.200290545821189880e-01 7.306889444589614868e-02 2.435483932495117188e-01 1.659735292196273804e-01 1.681818217039108276e-01 2.103219507262110710e-03 1.323664337396621704e-01 2.373119294643402100e-01 6.658595800399780273e-02 2.594810351729393005e-02 0.000000000000000000e+00
