0.000000000000000000e+00 1.718906164169311523e-01 1.506716012954711914e-01 1.899130344390869141e-01 1.555769443511962891e-01 1.865222454071044922e-01 1.598285436630249023e-01 1.902304291725158691e-01 1.692944765090942383e-01 1.905272603034973145e-01 1.889662742614746094e-01 1.911072731018066406e-01 1.899130940437316895e-01 1.692944765090942383e-01 1.350808143615722656e-01 9.955334663391113281e-02 1.555769443511962891e-01 1.877431869506835938e-01 1.404560208320617676e-01 1.912593841552734375e-01 1.718907356262207031e-01 1.805703639984130859e-01 1.293911933898925781e-01 1.738804578781127930e-01 1.756691336631774902e-01 1.913423538208007812e-01 1.598283648490905762e-01 1.598285436630249023e-01 8.685773611068725586e-02 1.878380775451660156e-01 1.914595365524291992e-01 1.882967352867126465e-01 1.899131536483764648e-01 1.630654931068420410e-01
1.718906164169311523e-01 0.000000000000000000e+00 2.121901512145996094e-02 1.802241802215576172e-02 1.631367206573486328e-02 1.463162899017333984e-02 1.206207275390625000e-02 1.833981275558471680e-02 2.596139907836914062e-03 1.863664388656616211e-02 1.707565784454345703e-02 1.921665668487548828e-02 1.802247762680053711e-02 2.596139907836914062e-03 3.680980205535888672e-02 7.233726978302001953e-02 1.631367206573486328e-02 1.585257053375244141e-02 3.143459558486938477e-02 1.936876773834228516e-02 1.192092895507812500e-07 8.679747581481933594e-03 4.249942302703857422e-02 1.989841461181640625e-03 3.778517246246337891e-03 1.945173740386962891e-02 1.206225156784057617e-02 1.206207275390625000e-02 8.503288030624389648e-02 1.594746112823486328e-02 1.956892013549804688e-02 1.640611886978149414e-02 1.802253723144531250e-02 8.825123310089111328e-03
1.506716012954711914e-01 2.121901512145996094e-02 0.000000000000000000e+00 3.924143314361572266e-02 4.905343055725097656e-03 3.585064411163330078e-02 9.156942367553710938e-03 3.955882787704467773e-02 1.862287521362304688e-02 3.985565900802612305e-02 3.829467296600341797e-02 4.043567180633544922e-02 3.924149274826049805e-02 1.862287521362304688e-02 1.559078693389892578e-02 5.111825466156005859e-02 4.905343055725097656e-03 3.707158565521240234e-02 1.021558046340942383e-02 4.058778285980224609e-02 2.121913433074951172e-02 2.989876270294189453e-02 2.128040790557861328e-02 2.320885658264160156e-02 2.499753236770629883e-02 4.067075252532958984e-02 9.156763553619384766e-03 9.156942367553710938e-03 6.381386518478393555e-02 3.716647624969482422e-02 4.078793525695800781e-02 3.762513399124145508e-02 3.924155235290527344e-02 1.239389181137084961e-02
1.899130344390869141e-01 1.802241802215576172e-02 3.924143314361572266e-02 0.000000000000000000e+00 3.433609008789062500e-02 3.390789031982421875e-03 3.008449077606201172e-02 3.173947334289550781e-04 2.061855792999267578e-02 6.142258644104003906e-04 9.467601776123046875e-04 1.194238662719726562e-03 5.960464477539062500e-08 2.061855792999267578e-02 5.483222007751464844e-02 9.035968780517578125e-02 3.433609008789062500e-02 2.169847488403320312e-03 4.945701360702514648e-02 1.346349716186523438e-03 1.802229881286621094e-02 9.342670440673828125e-03 6.052184104919433594e-02 1.603257656097412109e-02 1.424390077590942383e-02 1.429319381713867188e-03 3.008466958999633789e-02 3.008449077606201172e-02 1.030552983283996582e-01 2.074956893920898438e-03 1.546502113342285156e-03 1.616299152374267578e-03 1.192092895507812500e-07 2.684754133224487305e-02
1.555769443511962891e-01 1.631367206573486328e-02 4.905343055725097656e-03 3.433609008789062500e-02 0.000000000000000000e+00 3.094530105590820312e-02 4.251599311828613281e-03 3.465348482131958008e-02 1.371753215789794922e-02 3.495031595230102539e-02 3.338932991027832031e-02 3.553032875061035156e-02 3.433614969253540039e-02 1.371753215789794922e-02 2.049612998962402344e-02 5.602359771728515625e-02 0.000000000000000000e+00 3.216624259948730469e-02 1.512092351913452148e-02 3.568243980407714844e-02 1.631379127502441406e-02 2.499341964721679688e-02 2.618575096130371094e-02 1.830351352691650391e-02 2.009218931198120117e-02 3.576540946960449219e-02 4.251420497894287109e-03 4.251599311828613281e-03 6.871920824050903320e-02 3.226113319396972656e-02 3.588259220123291016e-02 3.271979093551635742e-02 3.433620929718017578e-02 7.488548755645751953e-03
1.865222454071044922e-01 1.463162899017333984e-02 3.585064411163330078e-02 3.390789031982421875e-03 3.094530105590820312e-02 0.000000000000000000e+00 2.669370174407958984e-02 3.708183765411376953e-03 1.722776889801025391e-02 4.005014896392822266e-03 2.444028854370117188e-03 4.585027694702148438e-03 3.390848636627197266e-03 1.722776889801025391e-02 5.144143104553222656e-02 8.696889877319335938e-02 3.094530105590820312e-02 1.220941543579101562e-03 4.606622457504272461e-02 4.737138748168945312e-03 1.463150978088378906e-02 5.951881408691406250e-03 5.713105201721191406e-02 1.264178752899169922e-02 1.085311174392700195e-02 4.820108413696289062e-03 2.669388055801391602e-02 2.669370174407958984e-02 9.966450929641723633e-02 1.315832138061523438e-03 4.937291145324707031e-03 1.774489879608154297e-03 3.390908241271972656e-03 2.345675230026245117e-02
1.598285436630249023e-01 1.206207275390625000e-02 9.156942367553710938e-03 3.008449077606201172e-02 4.251599311828613281e-03 2.669370174407958984e-02 0.000000000000000000e+00 3.040188550949096680e-02 9.465932846069335938e-03 3.069871664047241211e-02 2.913773059844970703e-02 3.127872943878173828e-02 3.008455038070678711e-02 9.465932846069335938e-03 2.474772930145263672e-02 6.027519702911376953e-02 4.251599311828613281e-03 2.791464328765869141e-02 1.937252283096313477e-02 3.143084049224853516e-02 1.206219196319580078e-02 2.074182033538818359e-02 3.043735027313232422e-02 1.405191421508789062e-02 1.584059000015258789e-02 3.151381015777587891e-02 1.788139343261718750e-07 0.000000000000000000e+00 7.297080755233764648e-02 2.800953388214111328e-02 3.163099288940429688e-02 2.846819162368774414e-02 3.008460998535156250e-02 3.236949443817138672e-03
1.902304291725158691e-01 1.833981275558471680e-02 3.955882787704467773e-02 3.173947334289550781e-04 3.465348482131958008e-02 3.708183765411376953e-03 3.040188550949096680e-02 0.000000000000000000e+00 2.093595266342163086e-02 2.968311309814453125e-04 1.264154911041259766e-03 8.768439292907714844e-04 3.173351287841796875e-04 2.093595266342163086e-02 5.514961481094360352e-02 9.067708253860473633e-02 3.465348482131958008e-02 2.487242221832275391e-03 4.977440834045410156e-02 1.028954982757568359e-03 1.833969354629516602e-02 9.660065174102783203e-03 6.083923578262329102e-02 1.634997129440307617e-02 1.456129550933837891e-02 1.111924648284912109e-03 3.040206432342529297e-02 3.040188550949096680e-02 1.033726930618286133e-01 2.392351627349853516e-03 1.229107379913330078e-03 1.933693885803222656e-03 3.172755241394042969e-04 2.716493606567382812e-02
1.692944765090942383e-01 2.596139907836914062e-03 1.862287521362304688e-02 2.061855792999267578e-02 1.371753215789794922e-02 1.722776889801025391e-02 9.465932846069335938e-03 2.093595266342163086e-02 0.000000000000000000e+00 2.123278379440307617e-02 1.967179775238037109e-02 2.181279659271240234e-02 2.061861753463745117e-02 0.000000000000000000e+00 3.421366214752197266e-02 6.974112987518310547e-02 1.371753215789794922e-02 1.844871044158935547e-02 2.883845567703247070e-02 2.196490764617919922e-02 2.596259117126464844e-03 1.127588748931884766e-02 3.990328311920166016e-02 4.585981369018554688e-03 6.374657154083251953e-03 2.204787731170654297e-02 9.466111660003662109e-03 9.465932846069335938e-03 8.243674039840698242e-02 1.854360103607177734e-02 2.216506004333496094e-02 1.900225877761840820e-02 2.061867713928222656e-02 6.228983402252197266e-03
1.905272603034973145e-01 1.863664388656616211e-02 3.985565900802612305e-02 6.142258644104003906e-04 3.495031595230102539e-02 4.005014896392822266e-03 3.069871664047241211e-02 2.968311309814453125e-04 2.123278379440307617e-02 0.000000000000000000e+00 1.560986042022705078e-03 5.800127983093261719e-04 6.141662597656250000e-04 2.123278379440307617e-02 5.544644594192504883e-02 9.097391366958618164e-02 3.495031595230102539e-02 2.784073352813720703e-03 5.007123947143554688e-02 7.321238517761230469e-04 1.863652467727661133e-02 9.956896305084228516e-03 6.113606691360473633e-02 1.664680242538452148e-02 1.485812664031982422e-02 8.150935173034667969e-04 3.069889545440673828e-02 3.069871664047241211e-02 1.036695241928100586e-01 2.689182758331298828e-03 9.322762489318847656e-04 2.230525016784667969e-03 6.141066551208496094e-04 2.746176719665527344e-02
1.889662742614746094e-01 1.707565784454345703e-02 3.829467296600341797e-02 9.467601776123046875e-04 3.338932991027832031e-02 2.444028854370117188e-03 2.913773059844970703e-02 1.264154911041259766e-03 1.967179775238037109e-02 1.560986042022705078e-03 0.000000000000000000e+00 2.140998840332031250e-03 9.468197822570800781e-04 1.967179775238037109e-02 5.388545989990234375e-02 8.941292762756347656e-02 3.338932991027832031e-02 1.223087310791015625e-03 4.851025342941284180e-02 2.293109893798828125e-03 1.707553863525390625e-02 8.395910263061523438e-03 5.957508087158203125e-02 1.508581638336181641e-02 1.329714059829711914e-02 2.376079559326171875e-03 2.913790941238403320e-02 2.913773059844970703e-02 1.021085381507873535e-01 1.128196716308593750e-03 2.493262290954589844e-03 6.695389747619628906e-04 9.468793869018554688e-04 2.590078115463256836e-02
1.911072731018066406e-01 1.921665668487548828e-02 4.043567180633544922e-02 1.194238662719726562e-03 3.553032875061035156e-02 4.585027694702148438e-03 3.127872943878173828e-02 8.768439292907714844e-04 2.181279659271240234e-02 5.800127983093261719e-04 2.140998840332031250e-03 0.000000000000000000e+00 1.194179058074951172e-03 2.181279659271240234e-02 5.602645874023437500e-02 9.155392646789550781e-02 3.553032875061035156e-02 3.364086151123046875e-03 5.065125226974487305e-02 1.521110534667968750e-04 1.921653747558593750e-02 1.053690910339355469e-02 6.171607971191406250e-02 1.722681522369384766e-02 1.543813943862915039e-02 2.350807189941406250e-04 3.127890825271606445e-02 3.127872943878173828e-02 1.042495369911193848e-01 3.269195556640625000e-03 3.522634506225585938e-04 2.810537815093994141e-03 1.194119453430175781e-03 2.804177999496459961e-02
1.899130940437316895e-01 1.802247762680053711e-02 3.924149274826049805e-02 5.960464477539062500e-08 3.433614969253540039e-02 3.390848636627197266e-03 3.008455038070678711e-02 3.173351287841796875e-04 2.061861753463745117e-02 6.141662597656250000e-04 9.468197822570800781e-04 1.194179058074951172e-03 0.000000000000000000e+00 2.061861753463745117e-02 5.483227968215942383e-02 9.035974740982055664e-02 3.433614969253540039e-02 2.169907093048095703e-03 4.945707321166992188e-02 1.346290111541748047e-03 1.802235841751098633e-02 9.342730045318603516e-03 6.052190065383911133e-02 1.603263616561889648e-02 1.424396038055419922e-02 1.429259777069091797e-03 3.008472919464111328e-02 3.008455038070678711e-02 1.030553579330444336e-01 2.075016498565673828e-03 1.546442508697509766e-03 1.616358757019042969e-03 5.960464477539062500e-08 2.684760093688964844e-02
1.692944765090942383e-01 2.596139907836914062e-03 1.862287521362304688e-02 2.061855792999267578e-02 1.371753215789794922e-02 1.722776889801025391e-02 9.465932846069335938e-03 2.093595266342163086e-02 0.000000000000000000e+00 2.123278379440307617e-02 1.967179775238037109e-02 2.181279659271240234e-02 2.061861753463745117e-02 0.000000000000000000e+00 3.421366214752197266e-02 6.974112987518310547e-02 1.371753215789794922e-02 1.844871044158935547e-02 2.883845567703247070e-02 2.196490764617919922e-02 2.596259117126464844e-03 1.127588748931884766e-02 3.990328311920166016e-02 4.585981369018554688e-03 6.374657154083251953e-03 2.204787731170654297e-02 9.466111660003662109e-03 9.465932846069335938e-03 8.243674039840698242e-02 1.854360103607177734e-02 2.216506004333496094e-02 1.900225877761840820e-02 2.061867713928222656e-02 6.228983402252197266e-03
1.350808143615722656e-01 3.680980205535888672e-02 1.559078693389892578e-02 5.483222007751464844e-02 2.049612998962402344e-02 5.144143104553222656e-02 2.474772930145263672e-02 5.514961481094360352e-02 3.421366214752197266e-02 5.544644594192504883e-02 5.388545989990234375e-02 5.602645874023437500e-02 5.483227968215942383e-02 3.421366214752197266e-02 0.000000000000000000e+00 3.552746772766113281e-02 2.049612998962402344e-02 5.266237258911132812e-02 5.375206470489501953e-03 5.617856979370117188e-02 3.680992126464843750e-02 4.548954963684082031e-02 5.689620971679687500e-03 3.879964351654052734e-02 4.058831930160522461e-02 5.626153945922851562e-02 2.474755048751831055e-02 2.474772930145263672e-02 4.822307825088500977e-02 5.275726318359375000e-02 5.637872219085693359e-02 5.321592092514038086e-02 5.483233928680419922e-02 2.798467874526977539e-02
9.955334663391113281e-02 7.233726978302001953e-02 5.111825466156005859e-02 9.035968780517578125e-02 5.602359771728515625e-02 8.696889877319335938e-02 6.027519702911376953e-02 9.067708253860473633e-02 6.974112987518310547e-02 9.097391366958618164e-02 8.941292762756347656e-02 9.155392646789550781e-02 9.035974740982055664e-02 6.974112987518310547e-02 3.552746772766113281e-02 0.000000000000000000e+00 5.602359771728515625e-02 8.818984031677246094e-02 4.090267419815063477e-02 9.170603752136230469e-02 7.233738899230957031e-02 8.101701736450195312e-02 2.983784675598144531e-02 7.432711124420166016e-02 7.611578702926635742e-02 9.178900718688964844e-02 6.027501821517944336e-02 6.027519702911376953e-02 1.269561052322387695e-02 8.828473091125488281e-02 9.190618991851806641e-02 8.874338865280151367e-02 9.035980701446533203e-02 6.351214647293090820e-02
1.555769443511962891e-01 1.631367206573486328e-02 4.905343055725097656e-03 3.433609008789062500e-02 0.000000000000000000e+00 3.094530105590820312e-02 4.251599311828613281e-03 3.465348482131958008e-02 1.371753215789794922e-02 3.495031595230102539e-02 3.338932991027832031e-02 3.553032875061035156e-02 3.433614969253540039e-02 1.371753215789794922e-02 2.049612998962402344e-02 5.602359771728515625e-02 0.000000000000000000e+00 3.216624259948730469e-02 1.512092351913452148e-02 3.568243980407714844e-02 1.631379127502441406e-02 2.499341964721679688e-02 2.618575096130371094e-02 1.830351352691650391e-02 2.009218931198120117e-02 3.576540946960449219e-02 4.251420497894287109e-03 4.251599311828613281e-03 6.871920824050903320e-02 3.226113319396972656e-02 3.588259220123291016e-02 3.271979093551635742e-02 3.433620929718017578e-02 7.488548755645751953e-03
1.877431869506835938e-01 1.585257053375244141e-02 3.707158565521240234e-02 2.169847488403320312e-03 3.216624259948730469e-02 1.220941543579101562e-03 2.791464328765869141e-02 2.487242221832275391e-03 1.844871044158935547e-02 2.784073352813720703e-03 1.223087310791015625e-03 3.364086151123046875e-03 2.169907093048095703e-03 1.844871044158935547e-02 5.266237258911132812e-02 8.818984031677246094e-02 3.216624259948730469e-02 0.000000000000000000e+00 4.728716611862182617e-02 3.516197204589843750e-03 1.585245132446289062e-02 7.172822952270507812e-03 5.835199356079101562e-02 1.386272907257080078e-02 1.207405328750610352e-02 3.599166870117187500e-03 2.791482210159301758e-02 2.791464328765869141e-02 1.008854508399963379e-01 9.489059448242187500e-05 3.716349601745605469e-03 5.535483360290527344e-04 2.169966697692871094e-03 2.467769384384155273e-02
1.404560208320617676e-01 3.143459558486938477e-02 1.021558046340942383e-02 4.945701360702514648e-02 1.512092351913452148e-02 4.606622457504272461e-02 1.937252283096313477e-02 4.977440834045410156e-02 2.883845567703247070e-02 5.007123947143554688e-02 4.851025342941284180e-02 5.065125226974487305e-02 4.945707321166992188e-02 2.883845567703247070e-02 5.375206470489501953e-03 4.090267419815063477e-02 1.512092351913452148e-02 4.728716611862182617e-02 0.000000000000000000e+00 5.080336332321166992e-02 3.143471479415893555e-02 4.011434316635131836e-02 1.106482744216918945e-02 3.342443704605102539e-02 3.521311283111572266e-02 5.088633298873901367e-02 1.937234401702880859e-02 1.937252283096313477e-02 5.359828472137451172e-02 4.738205671310424805e-02 5.100351572036743164e-02 4.784071445465087891e-02 4.945713281631469727e-02 2.260947227478027344e-02
1.912593841552734375e-01 1.936876773834228516e-02 4.058778285980224609e-02 1.346349716186523438e-03 3.568243980407714844e-02 4.737138748168945312e-03 3.143084049224853516e-02 1.028954982757568359e-03 2.196490764617919922e-02 7.321238517761230469e-04 2.293109893798828125e-03 1.521110534667968750e-04 1.346290111541748047e-03 2.196490764617919922e-02 5.617856979370117188e-02 9.170603752136230469e-02 3.568243980407714844e-02 3.516197204589843750e-03 5.080336332321166992e-02 0.000000000000000000e+00 1.936864852905273438e-02 1.068902015686035156e-02 6.186819076538085938e-02 1.737892627716064453e-02 1.559025049209594727e-02 8.296966552734375000e-05 3.143101930618286133e-02 3.143084049224853516e-02 1.044016480445861816e-01 3.421306610107421875e-03 2.001523971557617188e-04 2.962648868560791016e-03 1.346230506896972656e-03 2.819389104843139648e-02
1.718907356262207031e-01 1.192092895507812500e-07 2.121913433074951172e-02 1.802229881286621094e-02 1.631379127502441406e-02 1.463150978088378906e-02 1.206219196319580078e-02 1.833969354629516602e-02 2.596259117126464844e-03 1.863652467727661133e-02 1.707553863525390625e-02 1.921653747558593750e-02 1.802235841751098633e-02 2.596259117126464844e-03 3.680992126464843750e-02 7.233738899230957031e-02 1.631379127502441406e-02 1.585245132446289062e-02 3.143471479415893555e-02 1.936864852905273438e-02 0.000000000000000000e+00 8.679628372192382812e-03 4.249954223632812500e-02 1.989722251892089844e-03 3.778398036956787109e-03 1.945161819458007812e-02 1.206237077713012695e-02 1.206219196319580078e-02 8.503299951553344727e-02 1.594734191894531250e-02 1.956880092620849609e-02 1.640599966049194336e-02 1.802241802215576172e-02 8.825242519378662109e-03
1.805703639984130859e-01 8.679747581481933594e-03 2.989876270294189453e-02 9.342670440673828125e-03 2.499341964721679688e-02 5.951881408691406250e-03 2.074182033538818359e-02 9.660065174102783203e-03 1.127588748931884766e-02 9.956896305084228516e-03 8.395910263061523438e-03 1.053690910339355469e-02 9.342730045318603516e-03 1.127588748931884766e-02 4.548954963684082031e-02 8.101701736450195312e-02 2.499341964721679688e-02 7.172822952270507812e-03 4.011434316635131836e-02 1.068902015686035156e-02 8.679628372192382812e-03 0.000000000000000000e+00 5.117917060852050781e-02 6.689906120300292969e-03 4.901230335235595703e-03 1.077198982238769531e-02 2.074199914932250977e-02 2.074182033538818359e-02 9.371262788772583008e-02 7.267713546752929688e-03 1.088917255401611328e-02 7.726371288299560547e-03 9.342789649963378906e-03 1.750487089157104492e-02
1.293911933898925781e-01 4.249942302703857422e-02 2.128040790557861328e-02 6.052184104919433594e-02 2.618575096130371094e-02 5.713105201721191406e-02 3.043735027313232422e-02 6.083923578262329102e-02 3.990328311920166016e-02 6.113606691360473633e-02 5.957508087158203125e-02 6.171607971191406250e-02 6.052190065383911133e-02 3.990328311920166016e-02 5.689620971679687500e-03 2.983784675598144531e-02 2.618575096130371094e-02 5.835199356079101562e-02 1.106482744216918945e-02 6.186819076538085938e-02 4.249954223632812500e-02 5.117917060852050781e-02 0.000000000000000000e+00 4.448926448822021484e-02 4.627794027328491211e-02 6.195116043090820312e-02 3.043717145919799805e-02 3.043735027313232422e-02 4.253345727920532227e-02 5.844688415527343750e-02 6.206834316253662109e-02 5.890554189682006836e-02 6.052196025848388672e-02 3.367429971694946289e-02
1.738804578781127930e-01 1.989841461181640625e-03 2.320885658264160156e-02 1.603257656097412109e-02 1.830351352691650391e-02 1.264178752899169922e-02 1.405191421508789062e-02 1.634997129440307617e-02 4.585981369018554688e-03 1.664680242538452148e-02 1.508581638336181641e-02 1.722681522369384766e-02 1.603263616561889648e-02 4.585981369018554688e-03 3.879964351654052734e-02 7.432711124420166016e-02 1.830351352691650391e-02 1.386272907257080078e-02 3.342443704605102539e-02 1.737892627716064453e-02 1.989722251892089844e-03 6.689906120300292969e-03 4.448926448822021484e-02 0.000000000000000000e+00 1.788675785064697266e-03 1.746189594268798828e-02 1.405209302902221680e-02 1.405191421508789062e-02 8.702272176742553711e-02 1.395761966705322266e-02 1.757907867431640625e-02 1.441627740859985352e-02 1.603269577026367188e-02 1.081496477127075195e-02
1.756691336631774902e-01 3.778517246246337891e-03 2.499753236770629883e-02 1.424390077590942383e-02 2.009218931198120117e-02 1.085311174392700195e-02 1.584059000015258789e-02 1.456129550933837891e-02 6.374657154083251953e-03 1.485812664031982422e-02 1.329714059829711914e-02 1.543813943862915039e-02 1.424396038055419922e-02 6.374657154083251953e-03 4.058831930160522461e-02 7.611578702926635742e-02 2.009218931198120117e-02 1.207405328750610352e-02 3.521311283111572266e-02 1.559025049209594727e-02 3.778398036956787109e-03 4.901230335235595703e-03 4.627794027328491211e-02 1.788675785064697266e-03 0.000000000000000000e+00 1.567322015762329102e-02 1.584076881408691406e-02 1.584059000015258789e-02 8.881139755249023438e-02 1.216894388198852539e-02 1.579040288925170898e-02 1.262760162353515625e-02 1.424401998519897461e-02 1.260364055633544922e-02
1.913423538208007812e-01 1.945173740386962891e-02 4.067075252532958984e-02 1.429319381713867188e-03 3.576540946960449219e-02 4.820108413696289062e-03 3.151381015777587891e-02 1.111924648284912109e-03 2.204787731170654297e-02 8.150935173034667969e-04 2.376079559326171875e-03 2.350807189941406250e-04 1.429259777069091797e-03 2.204787731170654297e-02 5.626153945922851562e-02 9.178900718688964844e-02 3.576540946960449219e-02 3.599166870117187500e-03 5.088633298873901367e-02 8.296966552734375000e-05 1.945161819458007812e-02 1.077198982238769531e-02 6.195116043090820312e-02 1.746189594268798828e-02 1.567322015762329102e-02 0.000000000000000000e+00 3.151398897171020508e-02 3.151381015777587891e-02 1.044846177101135254e-01 3.504276275634765625e-03 1.171827316284179688e-04 3.045618534088134766e-03 1.429200172424316406e-03 2.827686071395874023e-02
1.598283648490905762e-01 1.206225156784057617e-02 9.156763553619384766e-03 3.008466958999633789e-02 4.251420497894287109e-03 2.669388055801391602e-02 1.788139343261718750e-07 3.040206432342529297e-02 9.466111660003662109e-03 3.069889545440673828e-02 2.913790941238403320e-02 3.127890825271606445e-02 3.008472919464111328e-02 9.466111660003662109e-03 2.474755048751831055e-02 6.027501821517944336e-02 4.251420497894287109e-03 2.791482210159301758e-02 1.937234401702880859e-02 3.143101930618286133e-02 1.206237077713012695e-02 2.074199914932250977e-02 3.043717145919799805e-02 1.405209302902221680e-02 1.584076881408691406e-02 3.151398897171020508e-02 0.000000000000000000e+00 1.788139343261718750e-07 7.297062873840332031e-02 2.800971269607543945e-02 3.163117170333862305e-02 2.846837043762207031e-02 3.008478879928588867e-02 3.237128257751464844e-03
1.598285436630249023e-01 1.206207275390625000e-02 9.156942367553710938e-03 3.008449077606201172e-02 4.251599311828613281e-03 2.669370174407958984e-02 0.000000000000000000e+00 3.040188550949096680e-02 9.465932846069335938e-03 3.069871664047241211e-02 2.913773059844970703e-02 3.127872943878173828e-02 3.008455038070678711e-02 9.465932846069335938e-03 2.474772930145263672e-02 6.027519702911376953e-02 4.251599311828613281e-03 2.791464328765869141e-02 1.937252283096313477e-02 3.143084049224853516e-02 1.206219196319580078e-02 2.074182033538818359e-02 3.043735027313232422e-02 1.405191421508789062e-02 1.584059000015258789e-02 3.151381015777587891e-02 1.788139343261718750e-07 0.000000000000000000e+00 7.297080755233764648e-02 2.800953388214111328e-02 3.163099288940429688e-02 2.846819162368774414e-02 3.008460998535156250e-02 3.236949443817138672e-03
8.685773611068725586e-02 8.503288030624389648e-02 6.381386518478393555e-02 1.030552983283996582e-01 6.871920824050903320e-02 9.966450929641723633e-02 7.297080755233764648e-02 1.033726930618286133e-01 8.243674039840698242e-02 1.036695241928100586e-01 1.021085381507873535e-01 1.042495369911193848e-01 1.030553579330444336e-01 8.243674039840698242e-02 4.822307825088500977e-02 1.269561052322387695e-02 6.871920824050903320e-02 1.008854508399963379e-01 5.359828472137451172e-02 1.044016480445861816e-01 8.503299951553344727e-02 9.371262788772583008e-02 4.253345727920532227e-02 8.702272176742553711e-02 8.881139755249023438e-02 1.044846177101135254e-01 7.297062873840332031e-02 7.297080755233764648e-02 0.000000000000000000e+00 1.009803414344787598e-01 1.046018004417419434e-01 1.014389991760253906e-01 1.030554175376892090e-01 7.620775699615478516e-02
1.878380775451660156e-01 1.594746112823486328e-02 3.716647624969482422e-02 2.074956893920898438e-03 3.226113319396972656e-02 1.315832138061523438e-03 2.800953388214111328e-02 2.392351627349853516e-03 1.854360103607177734e-02 2.689182758331298828e-03 1.128196716308593750e-03 3.269195556640625000e-03 2.075016498565673828e-03 1.854360103607177734e-02 5.275726318359375000e-02 8.828473091125488281e-02 3.226113319396972656e-02 9.489059448242187500e-05 4.738205671310424805e-02 3.421306610107421875e-03 1.594734191894531250e-02 7.267713546752929688e-03 5.844688415527343750e-02 1.395761966705322266e-02 1.216894388198852539e-02 3.504276275634765625e-03 2.800971269607543945e-02 2.800953388214111328e-02 1.009803414344787598e-01 0.000000000000000000e+00 3.621459007263183594e-03 4.586577415466308594e-04 2.075076103210449219e-03 2.477258443832397461e-02
1.914595365524291992e-01 1.956892013549804688e-02 4.078793525695800781e-02 1.546502113342285156e-03 3.588259220123291016e-02 4.937291145324707031e-03 3.163099288940429688e-02 1.229107379913330078e-03 2.216506004333496094e-02 9.322762489318847656e-04 2.493262290954589844e-03 3.522634506225585938e-04 1.546442508697509766e-03 2.216506004333496094e-02 5.637872219085693359e-02 9.190618991851806641e-02 3.588259220123291016e-02 3.716349601745605469e-03 5.100351572036743164e-02 2.001523971557617188e-04 1.956880092620849609e-02 1.088917255401611328e-02 6.206834316253662109e-02 1.757907867431640625e-02 1.579040288925170898e-02 1.171827316284179688e-04 3.163117170333862305e-02 3.163099288940429688e-02 1.046018004417419434e-01 3.621459007263183594e-03 0.000000000000000000e+00 3.162801265716552734e-03 1.546382904052734375e-03 2.839404344558715820e-02
1.882967352867126465e-01 1.640611886978149414e-02 3.762513399124145508e-02 1.616299152374267578e-03 3.271979093551635742e-02 1.774489879608154297e-03 2.846819162368774414e-02 1.933693885803222656e-03 1.900225877761840820e-02 2.230525016784667969e-03 6.695389747619628906e-04 2.810537815093994141e-03 1.616358757019042969e-03 1.900225877761840820e-02 5.321592092514038086e-02 8.874338865280151367e-02 3.271979093551635742e-02 5.535483360290527344e-04 4.784071445465087891e-02 2.962648868560791016e-03 1.640599966049194336e-02 7.726371288299560547e-03 5.890554189682006836e-02 1.441627740859985352e-02 1.262760162353515625e-02 3.045618534088134766e-03 2.846837043762207031e-02 2.846819162368774414e-02 1.014389991760253906e-01 4.586577415466308594e-04 3.162801265716552734e-03 0.000000000000000000e+00 1.616418361663818359e-03 2.523124217987060547e-02
1.899131536483764648e-01 1.802253723144531250e-02 3.924155235290527344e-02 1.192092895507812500e-07 3.433620929718017578e-02 3.390908241271972656e-03 3.008460998535156250e-02 3.172755241394042969e-04 2.061867713928222656e-02 6.141066551208496094e-04 9.468793869018554688e-04 1.194119453430175781e-03 5.960464477539062500e-08 2.061867713928222656e-02 5.483233928680419922e-02 9.035980701446533203e-02 3.433620929718017578e-02 2.169966697692871094e-03 4.945713281631469727e-02 1.346230506896972656e-03 1.802241802215576172e-02 9.342789649963378906e-03 6.052196025848388672e-02 1.603269577026367188e-02 1.424401998519897461e-02 1.429200172424316406e-03 3.008478879928588867e-02 3.008460998535156250e-02 1.030554175376892090e-01 2.075076103210449219e-03 1.546382904052734375e-03 1.616418361663818359e-03 0.000000000000000000e+00 2.684766054153442383e-02
1.630654931068420410e-01 8.825123310089111328e-03 1.239389181137084961e-02 2.684754133224487305e-02 7.488548755645751953e-03 2.345675230026245117e-02 3.236949443817138672e-03 2.716493606567382812e-02 6.228983402252197266e-03 2.746176719665527344e-02 2.590078115463256836e-02 2.804177999496459961e-02 2.684760093688964844e-02 6.228983402252197266e-03 2.798467874526977539e-02 6.351214647293090820e-02 7.488548755645751953e-03 2.467769384384155273e-02 2.260947227478027344e-02 2.819389104843139648e-02 8.825242519378662109e-03 1.750487089157104492e-02 3.367429971694946289e-02 1.081496477127075195e-02 1.260364055633544922e-02 2.827686071395874023e-02 3.237128257751464844e-03 3.236949443817138672e-03 7.620775699615478516e-02 2.477258443832397461e-02 2.839404344558715820e-02 2.523124217987060547e-02 2.684766054153442383e-02 0.000000000000000000e+00
