0.000000000000000000e+00 2.011763453483581543e-01 1.969323158264160156e-01 2.012797594070434570e-01 1.834748983383178711e-01 1.969325542449951172e-01 1.993211507797241211e-01 2.043800354003906250e-01 1.871441602706909180e-01 2.014713883399963379e-01 2.048428058624267578e-01 2.045952081680297852e-01 1.940196752548217773e-01 2.048406004905700684e-01 1.993211507797241211e-01 1.541905403137207031e-01 1.437455415725708008e-01 2.026059627532958984e-01 1.491153240203857422e-01 1.755954623222351074e-01 1.589645147323608398e-01 2.033425569534301758e-01 1.211680099368095398e-01 2.048427462577819824e-01 2.011764049530029297e-01 2.042185068130493164e-01 2.011762857437133789e-01 2.043802142143249512e-01 1.211680099368095398e-01 1.940196752548217773e-01 2.209987640380859375e-01 2.021892070770263672e-01 1.589646339416503906e-01 1.148297712206840515e-01
2.011763453483581543e-01 0.000000000000000000e+00 4.244029521942138672e-03 1.034140586853027344e-04 1.770144701004028320e-02 4.243791103363037109e-03 1.855194568634033203e-03 3.203690052032470703e-03 1.403218507766723633e-02 2.950429916381835938e-04 3.666460514068603516e-03 3.418862819671630859e-03 7.156670093536376953e-03 3.664255142211914062e-03 1.855194568634033203e-03 4.698580503463745117e-02 5.743080377578735352e-02 1.429617404937744141e-03 5.206102132797241211e-02 2.558088302612304688e-02 4.221183061599731445e-02 2.166211605072021484e-03 8.000832796096801758e-02 3.666400909423828125e-03 5.960464477539062500e-08 3.042161464691162109e-03 5.960464477539062500e-08 3.203868865966796875e-03 8.000832796096801758e-02 7.156670093536376953e-03 1.982241868972778320e-02 1.012861728668212891e-03 4.221171140670776367e-02 8.634656667709350586e-02
1.969323158264160156e-01 4.244029521942138672e-03 0.000000000000000000e+00 4.347443580627441406e-03 1.345741748809814453e-02 2.384185791015625000e-07 2.388834953308105469e-03 7.447719573974609375e-03 9.788155555725097656e-03 4.539072513580322266e-03 7.910490036010742188e-03 7.662892341613769531e-03 2.912640571594238281e-03 7.908284664154052734e-03 2.388834953308105469e-03 4.274177551269531250e-02 5.318677425384521484e-02 5.673646926879882812e-03 4.781699180603027344e-02 2.133685350418090820e-02 3.796780109405517578e-02 6.410241127014160156e-03 7.576429843902587891e-02 7.910430431365966797e-03 4.244089126586914062e-03 7.286190986633300781e-03 4.243969917297363281e-03 7.447898387908935547e-03 7.576429843902587891e-02 2.912640571594238281e-03 2.406644821166992188e-02 5.256891250610351562e-03 3.796768188476562500e-02 8.210253715515136719e-02
2.012797594070434570e-01 1.034140586853027344e-04 4.347443580627441406e-03 0.000000000000000000e+00 1.780486106872558594e-02 4.347205162048339844e-03 1.958608627319335938e-03 3.100275993347167969e-03 1.413559913635253906e-02 1.916289329528808594e-04 3.563046455383300781e-03 3.315448760986328125e-03 7.260084152221679688e-03 3.560841083526611328e-03 1.958608627319335938e-03 4.708921909332275391e-02 5.753421783447265625e-02 1.326203346252441406e-03 5.216443538665771484e-02 2.568429708480834961e-02 4.231524467468261719e-02 2.062797546386718750e-03 8.011174201965332031e-02 3.562986850738525391e-03 1.033544540405273438e-04 2.938747406005859375e-03 1.034736633300781250e-04 3.100454807281494141e-03 8.011174201965332031e-02 7.260084152221679688e-03 1.971900463104248047e-02 9.094476699829101562e-04 4.231512546539306641e-02 8.644998073577880859e-02
1.834748983383178711e-01 1.770144701004028320e-02 1.345741748809814453e-02 1.780486106872558594e-02 0.000000000000000000e+00 1.345765590667724609e-02 1.584625244140625000e-02 2.090513706207275391e-02 3.669261932373046875e-03 1.799649000167846680e-02 2.136790752410888672e-02 2.112030982971191406e-02 1.054477691650390625e-02 2.136570215225219727e-02 1.584625244140625000e-02 2.928435802459716797e-02 3.972935676574707031e-02 1.913106441497802734e-02 3.435957431793212891e-02 7.879436016082763672e-03 2.451038360595703125e-02 1.986765861511230469e-02 6.230688095092773438e-02 2.136784791946411133e-02 1.770150661468505859e-02 2.074360847473144531e-02 1.770138740539550781e-02 2.090531587600708008e-02 6.230688095092773438e-02 1.054477691650390625e-02 3.752386569976806641e-02 1.871430873870849609e-02 2.451026439666748047e-02 6.864511966705322266e-02
1.969325542449951172e-01 4.243791103363037109e-03 2.384185791015625000e-07 4.347205162048339844e-03 1.345765590667724609e-02 0.000000000000000000e+00 2.388596534729003906e-03 7.447481155395507812e-03 9.788393974304199219e-03 4.538834095001220703e-03 7.910251617431640625e-03 7.662653923034667969e-03 2.912878990173339844e-03 7.908046245574951172e-03 2.388596534729003906e-03 4.274201393127441406e-02 5.318701267242431641e-02 5.673408508300781250e-03 4.781723022460937500e-02 2.133709192276000977e-02 3.796803951263427734e-02 6.410002708435058594e-03 7.576453685760498047e-02 7.910192012786865234e-03 4.243850708007812500e-03 7.285952568054199219e-03 4.243731498718261719e-03 7.447659969329833984e-03 7.576453685760498047e-02 2.912878990173339844e-03 2.406620979309082031e-02 5.256652832031250000e-03 3.796792030334472656e-02 8.210277557373046875e-02
1.993211507797241211e-01 1.855194568634033203e-03 2.388834953308105469e-03 1.958608627319335938e-03 1.584625244140625000e-02 2.388596534729003906e-03 0.000000000000000000e+00 5.058884620666503906e-03 1.217699050903320312e-02 2.150237560272216797e-03 5.521655082702636719e-03 5.274057388305664062e-03 5.301475524902343750e-03 5.519449710845947266e-03 0.000000000000000000e+00 4.513061046600341797e-02 5.557560920715332031e-02 3.284811973571777344e-03 5.020582675933837891e-02 2.372568845748901367e-02 4.035663604736328125e-02 4.021406173706054688e-03 7.815313339233398438e-02 5.521595478057861328e-03 1.855254173278808594e-03 4.897356033325195312e-03 1.855134963989257812e-03 5.059063434600830078e-03 7.815313339233398438e-02 5.301475524902343750e-03 2.167761325836181641e-02 2.868056297302246094e-03 4.035651683807373047e-02 8.449137210845947266e-02
2.043800354003906250e-01 3.203690052032470703e-03 7.447719573974609375e-03 3.100275993347167969e-03 2.090513706207275391e-02 7.447481155395507812e-03 5.058884620666503906e-03 0.000000000000000000e+00 1.723587512969970703e-02 2.908647060394287109e-03 4.627704620361328125e-04 2.151727676391601562e-04 1.036036014556884766e-02 4.605650901794433594e-04 5.058884620666503906e-03 5.018949508666992188e-02 6.063449382781982422e-02 1.774072647094726562e-03 5.526471138000488281e-02 2.878457307815551758e-02 4.541552066802978516e-02 1.037478446960449219e-03 8.321201801300048828e-02 4.627108573913574219e-04 3.203630447387695312e-03 1.615285873413085938e-04 3.203749656677246094e-03 1.788139343261718750e-07 8.321201801300048828e-02 1.036036014556884766e-02 1.661872863769531250e-02 2.190828323364257812e-03 4.541540145874023438e-02 8.955025672912597656e-02
1.871441602706909180e-01 1.403218507766723633e-02 9.788155555725097656e-03 1.413559913635253906e-02 3.669261932373046875e-03 9.788393974304199219e-03 1.217699050903320312e-02 1.723587512969970703e-02 0.000000000000000000e+00 1.432722806930541992e-02 1.769864559173583984e-02 1.745104789733886719e-02 6.875514984130859375e-03 1.769644021987915039e-02 1.217699050903320312e-02 3.295361995697021484e-02 4.339861869812011719e-02 1.546180248260498047e-02 3.802883625030517578e-02 1.154869794845581055e-02 2.817964553833007812e-02 1.619839668273925781e-02 6.597614288330078125e-02 1.769858598709106445e-02 1.403224468231201172e-02 1.707434654235839844e-02 1.403212547302246094e-02 1.723605394363403320e-02 6.597614288330078125e-02 6.875514984130859375e-03 3.385460376739501953e-02 1.504504680633544922e-02 2.817952632904052734e-02 7.231438159942626953e-02
2.014713883399963379e-01 2.950429916381835938e-04 4.539072513580322266e-03 1.916289329528808594e-04 1.799649000167846680e-02 4.538834095001220703e-03 2.150237560272216797e-03 2.908647060394287109e-03 1.432722806930541992e-02 0.000000000000000000e+00 3.371417522430419922e-03 3.123819828033447266e-03 7.451713085174560547e-03 3.369212150573730469e-03 2.150237560272216797e-03 4.728084802627563477e-02 5.772584676742553711e-02 1.134574413299560547e-03 5.235606431961059570e-02 2.587592601776123047e-02 4.250687360763549805e-02 1.871168613433837891e-03 8.030337095260620117e-02 3.371357917785644531e-03 2.949833869934082031e-04 2.747118473052978516e-03 2.951025962829589844e-04 2.908825874328613281e-03 8.030337095260620117e-02 7.451713085174560547e-03 1.952737569808959961e-02 7.178187370300292969e-04 4.250675439834594727e-02 8.664160966873168945e-02
2.048428058624267578e-01 3.666460514068603516e-03 7.910490036010742188e-03 3.563046455383300781e-03 2.136790752410888672e-02 7.910251617431640625e-03 5.521655082702636719e-03 4.627704620361328125e-04 1.769864559173583984e-02 3.371417522430419922e-03 0.000000000000000000e+00 2.475976943969726562e-04 1.082313060760498047e-02 2.205371856689453125e-06 5.521655082702636719e-03 5.065226554870605469e-02 6.109726428985595703e-02 2.236843109130859375e-03 5.572748184204101562e-02 2.924734354019165039e-02 4.587829113006591797e-02 1.500248908996582031e-03 8.367478847503662109e-02 5.960464477539062500e-08 3.666400909423828125e-03 6.242990493774414062e-04 3.666520118713378906e-03 4.625916481018066406e-04 8.367478847503662109e-02 1.082313060760498047e-02 1.615595817565917969e-02 2.653598785400390625e-03 4.587817192077636719e-02 9.001302719116210938e-02
2.045952081680297852e-01 3.418862819671630859e-03 7.662892341613769531e-03 3.315448760986328125e-03 2.112030982971191406e-02 7.662653923034667969e-03 5.274057388305664062e-03 2.151727676391601562e-04 1.745104789733886719e-02 3.123819828033447266e-03 2.475976943969726562e-04 0.000000000000000000e+00 1.057553291320800781e-02 2.453923225402832031e-04 5.274057388305664062e-03 5.040466785430908203e-02 6.084966659545898438e-02 1.989245414733886719e-03 5.547988414764404297e-02 2.899974584579467773e-02 4.563069343566894531e-02 1.252651214599609375e-03 8.342719078063964844e-02 2.475380897521972656e-04 3.418803215026855469e-03 3.767013549804687500e-04 3.418922424316406250e-03 2.149939537048339844e-04 8.342719078063964844e-02 1.057553291320800781e-02 1.640355587005615234e-02 2.406001091003417969e-03 4.563057422637939453e-02 8.976542949676513672e-02
1.940196752548217773e-01 7.156670093536376953e-03 2.912640571594238281e-03 7.260084152221679688e-03 1.054477691650390625e-02 2.912878990173339844e-03 5.301475524902343750e-03 1.036036014556884766e-02 6.875514984130859375e-03 7.451713085174560547e-03 1.082313060760498047e-02 1.057553291320800781e-02 0.000000000000000000e+00 1.082092523574829102e-02 5.301475524902343750e-03 3.982913494110107422e-02 5.027413368225097656e-02 8.586287498474121094e-03 4.490435123443603516e-02 1.842421293258666992e-02 3.505516052246093750e-02 9.322881698608398438e-03 7.285165786743164062e-02 1.082307100296020508e-02 7.156729698181152344e-03 1.019883155822753906e-02 7.156610488891601562e-03 1.036053895950317383e-02 7.285165786743164062e-02 0.000000000000000000e+00 2.697908878326416016e-02 8.169531822204589844e-03 3.505504131317138672e-02 7.918989658355712891e-02
2.048406004905700684e-01 3.664255142211914062e-03 7.908284664154052734e-03 3.560841083526611328e-03 2.136570215225219727e-02 7.908046245574951172e-03 5.519449710845947266e-03 4.605650901794433594e-04 1.769644021987915039e-02 3.369212150573730469e-03 2.205371856689453125e-06 2.453923225402832031e-04 1.082092523574829102e-02 0.000000000000000000e+00 5.519449710845947266e-03 5.065006017684936523e-02 6.109505891799926758e-02 2.234637737274169922e-03 5.572527647018432617e-02 2.924513816833496094e-02 4.587608575820922852e-02 1.498043537139892578e-03 8.367258310317993164e-02 2.145767211914062500e-06 3.664195537567138672e-03 6.220936775207519531e-04 3.664314746856689453e-03 4.603862762451171875e-04 8.367258310317993164e-02 1.082092523574829102e-02 1.615816354751586914e-02 2.651393413543701172e-03 4.587596654891967773e-02 9.001082181930541992e-02
1.993211507797241211e-01 1.855194568634033203e-03 2.388834953308105469e-03 1.958608627319335938e-03 1.584625244140625000e-02 2.388596534729003906e-03 0.000000000000000000e+00 5.058884620666503906e-03 1.217699050903320312e-02 2.150237560272216797e-03 5.521655082702636719e-03 5.274057388305664062e-03 5.301475524902343750e-03 5.519449710845947266e-03 0.000000000000000000e+00 4.513061046600341797e-02 5.557560920715332031e-02 3.284811973571777344e-03 5.020582675933837891e-02 2.372568845748901367e-02 4.035663604736328125e-02 4.021406173706054688e-03 7.815313339233398438e-02 5.521595478057861328e-03 1.855254173278808594e-03 4.897356033325195312e-03 1.855134963989257812e-03 5.059063434600830078e-03 7.815313339233398438e-02 5.301475524902343750e-03 2.167761325836181641e-02 2.868056297302246094e-03 4.035651683807373047e-02 8.449137210845947266e-02
1.541905403137207031e-01 4.698580503463745117e-02 4.274177551269531250e-02 4.708921909332275391e-02 2.928435802459716797e-02 4.274201393127441406e-02 4.513061046600341797e-02 5.018949508666992188e-02 3.295361995697021484e-02 4.728084802627563477e-02 5.065226554870605469e-02 5.040466785430908203e-02 3.982913494110107422e-02 5.065006017684936523e-02 4.513061046600341797e-02 0.000000000000000000e+00 1.044499874114990234e-02 4.841542243957519531e-02 5.075216293334960938e-03 2.140492200851440430e-02 4.773974418640136719e-03 4.915201663970947266e-02 3.302252292633056641e-02 5.065220594406127930e-02 4.698586463928222656e-02 5.002796649932861328e-02 4.698574542999267578e-02 5.018967390060424805e-02 3.302252292633056641e-02 3.982913494110107422e-02 6.680822372436523438e-02 4.799866676330566406e-02 4.774093627929687500e-03 3.936076164245605469e-02
1.437455415725708008e-01 5.743080377578735352e-02 5.318677425384521484e-02 5.753421783447265625e-02 3.972935676574707031e-02 5.318701267242431641e-02 5.557560920715332031e-02 6.063449382781982422e-02 4.339861869812011719e-02 5.772584676742553711e-02 6.109726428985595703e-02 6.084966659545898438e-02 5.027413368225097656e-02 6.109505891799926758e-02 5.557560920715332031e-02 1.044499874114990234e-02 0.000000000000000000e+00 5.886042118072509766e-02 5.369782447814941406e-03 3.184992074966430664e-02 1.521897315979003906e-02 5.959701538085937500e-02 2.257752418518066406e-02 6.109720468521118164e-02 5.743086338043212891e-02 6.047296524047851562e-02 5.743074417114257812e-02 6.063467264175415039e-02 2.257752418518066406e-02 5.027413368225097656e-02 7.725322246551513672e-02 5.844366550445556641e-02 1.521909236907958984e-02 2.891576290130615234e-02
2.026059627532958984e-01 1.429617404937744141e-03 5.673646926879882812e-03 1.326203346252441406e-03 1.913106441497802734e-02 5.673408508300781250e-03 3.284811973571777344e-03 1.774072647094726562e-03 1.546180248260498047e-02 1.134574413299560547e-03 2.236843109130859375e-03 1.989245414733886719e-03 8.586287498474121094e-03 2.234637737274169922e-03 3.284811973571777344e-03 4.841542243957519531e-02 5.886042118072509766e-02 0.000000000000000000e+00 5.349063873291015625e-02 2.701050043106079102e-02 4.364144802093505859e-02 7.365942001342773438e-04 8.143794536590576172e-02 2.236783504486083984e-03 1.429557800292968750e-03 1.612544059753417969e-03 1.429677009582519531e-03 1.774251461029052734e-03 8.143794536590576172e-02 8.586287498474121094e-03 1.839280128479003906e-02 4.167556762695312500e-04 4.364132881164550781e-02 8.777618408203125000e-02
1.491153240203857422e-01 5.206102132797241211e-02 4.781699180603027344e-02 5.216443538665771484e-02 3.435957431793212891e-02 4.781723022460937500e-02 5.020582675933837891e-02 5.526471138000488281e-02 3.802883625030517578e-02 5.235606431961059570e-02 5.572748184204101562e-02 5.547988414764404297e-02 4.490435123443603516e-02 5.572527647018432617e-02 5.020582675933837891e-02 5.075216293334960938e-03 5.369782447814941406e-03 5.349063873291015625e-02 0.000000000000000000e+00 2.648013830184936523e-02 9.849190711975097656e-03 5.422723293304443359e-02 2.794730663299560547e-02 5.572742223739624023e-02 5.206108093261718750e-02 5.510318279266357422e-02 5.206096172332763672e-02 5.526489019393920898e-02 2.794730663299560547e-02 4.490435123443603516e-02 7.188344001770019531e-02 5.307388305664062500e-02 9.849309921264648438e-03 3.428554534912109375e-02
1.755954623222351074e-01 2.558088302612304688e-02 2.133685350418090820e-02 2.568429708480834961e-02 7.879436016082763672e-03 2.133709192276000977e-02 2.372568845748901367e-02 2.878457307815551758e-02 1.154869794845581055e-02 2.587592601776123047e-02 2.924734354019165039e-02 2.899974584579467773e-02 1.842421293258666992e-02 2.924513816833496094e-02 2.372568845748901367e-02 2.140492200851440430e-02 3.184992074966430664e-02 2.701050043106079102e-02 2.648013830184936523e-02 0.000000000000000000e+00 1.663094758987426758e-02 2.774709463119506836e-02 5.442744493484497070e-02 2.924728393554687500e-02 2.558094263076782227e-02 2.862304449081420898e-02 2.558082342147827148e-02 2.878475189208984375e-02 5.442744493484497070e-02 1.842421293258666992e-02 4.540330171585083008e-02 2.659374475479125977e-02 1.663082838058471680e-02 6.076568365097045898e-02
1.589645147323608398e-01 4.221183061599731445e-02 3.796780109405517578e-02 4.231524467468261719e-02 2.451038360595703125e-02 3.796803951263427734e-02 4.035663604736328125e-02 4.541552066802978516e-02 2.817964553833007812e-02 4.250687360763549805e-02 4.587829113006591797e-02 4.563069343566894531e-02 3.505516052246093750e-02 4.587608575820922852e-02 4.035663604736328125e-02 4.773974418640136719e-03 1.521897315979003906e-02 4.364144802093505859e-02 9.849190711975097656e-03 1.663094758987426758e-02 0.000000000000000000e+00 4.437804222106933594e-02 3.779649734497070312e-02 4.587823152542114258e-02 4.221189022064208984e-02 4.525399208068847656e-02 4.221177101135253906e-02 4.541569948196411133e-02 3.779649734497070312e-02 3.505516052246093750e-02 6.203424930572509766e-02 4.322469234466552734e-02 1.192092895507812500e-07 4.413473606109619141e-02
2.033425569534301758e-01 2.166211605072021484e-03 6.410241127014160156e-03 2.062797546386718750e-03 1.986765861511230469e-02 6.410002708435058594e-03 4.021406173706054688e-03 1.037478446960449219e-03 1.619839668273925781e-02 1.871168613433837891e-03 1.500248908996582031e-03 1.252651214599609375e-03 9.322881698608398438e-03 1.498043537139892578e-03 4.021406173706054688e-03 4.915201663970947266e-02 5.959701538085937500e-02 7.365942001342773438e-04 5.422723293304443359e-02 2.774709463119506836e-02 4.437804222106933594e-02 0.000000000000000000e+00 8.217453956604003906e-02 1.500189304351806641e-03 2.166152000427246094e-03 8.759498596191406250e-04 2.166271209716796875e-03 1.037657260894775391e-03 8.217453956604003906e-02 9.322881698608398438e-03 1.765620708465576172e-02 1.153349876403808594e-03 4.437792301177978516e-02 8.851277828216552734e-02
1.211680099368095398e-01 8.000832796096801758e-02 7.576429843902587891e-02 8.011174201965332031e-02 6.230688095092773438e-02 7.576453685760498047e-02 7.815313339233398438e-02 8.321201801300048828e-02 6.597614288330078125e-02 8.030337095260620117e-02 8.367478847503662109e-02 8.342719078063964844e-02 7.285165786743164062e-02 8.367258310317993164e-02 7.815313339233398438e-02 3.302252292633056641e-02 2.257752418518066406e-02 8.143794536590576172e-02 2.794730663299560547e-02 5.442744493484497070e-02 3.779649734497070312e-02 8.217453956604003906e-02 0.000000000000000000e+00 8.367472887039184570e-02 8.000838756561279297e-02 8.305048942565917969e-02 8.000826835632324219e-02 8.321219682693481445e-02 0.000000000000000000e+00 7.285165786743164062e-02 9.983074665069580078e-02 8.102118968963623047e-02 3.779661655426025391e-02 6.338238716125488281e-03
2.048427462577819824e-01 3.666400909423828125e-03 7.910430431365966797e-03 3.562986850738525391e-03 2.136784791946411133e-02 7.910192012786865234e-03 5.521595478057861328e-03 4.627108573913574219e-04 1.769858598709106445e-02 3.371357917785644531e-03 5.960464477539062500e-08 2.475380897521972656e-04 1.082307100296020508e-02 2.145767211914062500e-06 5.521595478057861328e-03 5.065220594406127930e-02 6.109720468521118164e-02 2.236783504486083984e-03 5.572742223739624023e-02 2.924728393554687500e-02 4.587823152542114258e-02 1.500189304351806641e-03 8.367472887039184570e-02 0.000000000000000000e+00 3.666341304779052734e-03 6.242394447326660156e-04 3.666460514068603516e-03 4.625320434570312500e-04 8.367472887039184570e-02 1.082307100296020508e-02 1.615601778030395508e-02 2.653539180755615234e-03 4.587811231613159180e-02 9.001296758651733398e-02
2.011764049530029297e-01 5.960464477539062500e-08 4.244089126586914062e-03 1.033544540405273438e-04 1.770150661468505859e-02 4.243850708007812500e-03 1.855254173278808594e-03 3.203630447387695312e-03 1.403224468231201172e-02 2.949833869934082031e-04 3.666400909423828125e-03 3.418803215026855469e-03 7.156729698181152344e-03 3.664195537567138672e-03 1.855254173278808594e-03 4.698586463928222656e-02 5.743086338043212891e-02 1.429557800292968750e-03 5.206108093261718750e-02 2.558094263076782227e-02 4.221189022064208984e-02 2.166152000427246094e-03 8.000838756561279297e-02 3.666341304779052734e-03 0.000000000000000000e+00 3.042101860046386719e-03 1.192092895507812500e-07 3.203809261322021484e-03 8.000838756561279297e-02 7.156729698181152344e-03 1.982235908508300781e-02 1.012802124023437500e-03 4.221177101135253906e-02 8.634662628173828125e-02
2.042185068130493164e-01 3.042161464691162109e-03 7.286190986633300781e-03 2.938747406005859375e-03 2.074360847473144531e-02 7.285952568054199219e-03 4.897356033325195312e-03 1.615285873413085938e-04 1.707434654235839844e-02 2.747118473052978516e-03 6.242990493774414062e-04 3.767013549804687500e-04 1.019883155822753906e-02 6.220936775207519531e-04 4.897356033325195312e-03 5.002796649932861328e-02 6.047296524047851562e-02 1.612544059753417969e-03 5.510318279266357422e-02 2.862304449081420898e-02 4.525399208068847656e-02 8.759498596191406250e-04 8.305048942565917969e-02 6.242394447326660156e-04 3.042101860046386719e-03 0.000000000000000000e+00 3.042221069335937500e-03 1.617074012756347656e-04 8.305048942565917969e-02 1.019883155822753906e-02 1.678025722503662109e-02 2.029299736022949219e-03 4.525387287139892578e-02 8.938872814178466797e-02
2.011762857437133789e-01 5.960464477539062500e-08 4.243969917297363281e-03 1.034736633300781250e-04 1.770138740539550781e-02 4.243731498718261719e-03 1.855134963989257812e-03 3.203749656677246094e-03 1.403212547302246094e-02 2.951025962829589844e-04 3.666520118713378906e-03 3.418922424316406250e-03 7.156610488891601562e-03 3.664314746856689453e-03 1.855134963989257812e-03 4.698574542999267578e-02 5.743074417114257812e-02 1.429677009582519531e-03 5.206096172332763672e-02 2.558082342147827148e-02 4.221177101135253906e-02 2.166271209716796875e-03 8.000826835632324219e-02 3.666460514068603516e-03 1.192092895507812500e-07 3.042221069335937500e-03 0.000000000000000000e+00 3.203928470611572266e-03 8.000826835632324219e-02 7.156610488891601562e-03 1.982247829437255859e-02 1.012921333312988281e-03 4.221165180206298828e-02 8.634650707244873047e-02
2.043802142143249512e-01 3.203868865966796875e-03 7.447898387908935547e-03 3.100454807281494141e-03 2.090531587600708008e-02 7.447659969329833984e-03 5.059063434600830078e-03 1.788139343261718750e-07 1.723605394363403320e-02 2.908825874328613281e-03 4.625916481018066406e-04 2.149939537048339844e-04 1.036053895950317383e-02 4.603862762451171875e-04 5.059063434600830078e-03 5.018967390060424805e-02 6.063467264175415039e-02 1.774251461029052734e-03 5.526489019393920898e-02 2.878475189208984375e-02 4.541569948196411133e-02 1.037657260894775391e-03 8.321219682693481445e-02 4.625320434570312500e-04 3.203809261322021484e-03 1.617074012756347656e-04 3.203928470611572266e-03 0.000000000000000000e+00 8.321219682693481445e-02 1.036053895950317383e-02 1.661854982376098633e-02 2.191007137298583984e-03 4.541558027267456055e-02 8.955043554306030273e-02
1.211680099368095398e-01 8.000832796096801758e-02 7.576429843902587891e-02 8.011174201965332031e-02 6.230688095092773438e-02 7.576453685760498047e-02 7.815313339233398438e-02 8.321201801300048828e-02 6.597614288330078125e-02 8.030337095260620117e-02 8.367478847503662109e-02 8.342719078063964844e-02 7.285165786743164062e-02 8.367258310317993164e-02 7.815313339233398438e-02 3.302252292633056641e-02 2.257752418518066406e-02 8.143794536590576172e-02 2.794730663299560547e-02 5.442744493484497070e-02 3.779649734497070312e-02 8.217453956604003906e-02 0.000000000000000000e+00 8.367472887039184570e-02 8.000838756561279297e-02 8.305048942565917969e-02 8.000826835632324219e-02 8.321219682693481445e-02 0.000000000000000000e+00 7.285165786743164062e-02 9.983074665069580078e-02 8.102118968963623047e-02 3.779661655426025391e-02 6.338238716125488281e-03
1.940196752548217773e-01 7.156670093536376953e-03 2.912640571594238281e-03 7.260084152221679688e-03 1.054477691650390625e-02 2.912878990173339844e-03 5.301475524902343750e-03 1.036036014556884766e-02 6.875514984130859375e-03 7.451713085174560547e-03 1.082313060760498047e-02 1.057553291320800781e-02 0.000000000000000000e+00 1.082092523574829102e-02 5.301475524902343750e-03 3.982913494110107422e-02 5.027413368225097656e-02 8.586287498474121094e-03 4.490435123443603516e-02 1.842421293258666992e-02 3.505516052246093750e-02 9.322881698608398438e-03 7.285165786743164062e-02 1.082307100296020508e-02 7.156729698181152344e-03 1.019883155822753906e-02 7.156610488891601562e-03 1.036053895950317383e-02 7.285165786743164062e-02 0.000000000000000000e+00 2.697908878326416016e-02 8.169531822204589844e-03 3.505504131317138672e-02 7.918989658355712891e-02
2.209987640380859375e-01 1.982241868972778320e-02 2.406644821166992188e-02 1.971900463104248047e-02 3.752386569976806641e-02 2.406620979309082031e-02 2.167761325836181641e-02 1.661872863769531250e-02 3.385460376739501953e-02 1.952737569808959961e-02 1.615595817565917969e-02 1.640355587005615234e-02 2.697908878326416016e-02 1.615816354751586914e-02 2.167761325836181641e-02 6.680822372436523438e-02 7.725322246551513672e-02 1.839280128479003906e-02 7.188344001770019531e-02 4.540330171585083008e-02 6.203424930572509766e-02 1.765620708465576172e-02 9.983074665069580078e-02 1.615601778030395508e-02 1.982235908508300781e-02 1.678025722503662109e-02 1.982247829437255859e-02 1.661854982376098633e-02 9.983074665069580078e-02 2.697908878326416016e-02 0.000000000000000000e+00 1.880955696105957031e-02 6.203413009643554688e-02 1.061689853668212891e-01
2.021892070770263672e-01 1.012861728668212891e-03 5.256891250610351562e-03 9.094476699829101562e-04 1.871430873870849609e-02 5.256652832031250000e-03 2.868056297302246094e-03 2.190828323364257812e-03 1.504504680633544922e-02 7.178187370300292969e-04 2.653598785400390625e-03 2.406001091003417969e-03 8.169531822204589844e-03 2.651393413543701172e-03 2.868056297302246094e-03 4.799866676330566406e-02 5.844366550445556641e-02 4.167556762695312500e-04 5.307388305664062500e-02 2.659374475479125977e-02 4.322469234466552734e-02 1.153349876403808594e-03 8.102118968963623047e-02 2.653539180755615234e-03 1.012802124023437500e-03 2.029299736022949219e-03 1.012921333312988281e-03 2.191007137298583984e-03 8.102118968963623047e-02 8.169531822204589844e-03 1.880955696105957031e-02 0.000000000000000000e+00 4.322457313537597656e-02 8.735942840576171875e-02
1.589646339416503906e-01 4.221171140670776367e-02 3.796768188476562500e-02 4.231512546539306641e-02 2.451026439666748047e-02 3.796792030334472656e-02 4.035651683807373047e-02 4.541540145874023438e-02 2.817952632904052734e-02 4.250675439834594727e-02 4.587817192077636719e-02 4.563057422637939453e-02 3.505504131317138672e-02 4.587596654891967773e-02 4.035651683807373047e-02 4.774093627929687500e-03 1.521909236907958984e-02 4.364132881164550781e-02 9.849309921264648438e-03 1.663082838058471680e-02 1.192092895507812500e-07 4.437792301177978516e-02 3.779661655426025391e-02 4.587811231613159180e-02 4.221177101135253906e-02 4.525387287139892578e-02 4.221165180206298828e-02 4.541558027267456055e-02 3.779661655426025391e-02 3.505504131317138672e-02 6.203413009643554688e-02 4.322457313537597656e-02 0.000000000000000000e+00 4.413485527038574219e-02
1.148297712206840515e-01 8.634656667709350586e-02 8.210253715515136719e-02 8.644998073577880859e-02 6.864511966705322266e-02 8.210277557373046875e-02 8.449137210845947266e-02 8.955025672912597656e-02 7.231438159942626953e-02 8.664160966873168945e-02 9.001302719116210938e-02 8.976542949676513672e-02 7.918989658355712891e-02 9.001082181930541992e-02 8.449137210845947266e-02 3.936076164245605469e-02 2.891576290130615234e-02 8.777618408203125000e-02 3.428554534912109375e-02 6.076568365097045898e-02 4.413473606109619141e-02 8.851277828216552734e-02 6.338238716125488281e-03 9.001296758651733398e-02 8.634662628173828125e-02 8.938872814178466797e-02 8.634650707244873047e-02 8.955043554306030273e-02 6.338238716125488281e-03 7.918989658355712891e-02 1.061689853668212891e-01 8.735942840576171875e-02 4.413485527038574219e-02 0.000000000000000000e+00
