0.000000000000000000e+00 1.413180828094482422e-01 1.311797499656677246e-01 1.460937857627868652e-01 5.718713253736495972e-02 1.246321126818656921e-01 1.282178759574890137e-01 1.360955238342285156e-01 1.401105523109436035e-01 1.467911601066589355e-01 1.163673922419548035e-01 1.460938453674316406e-01 1.463741660118103027e-01 1.416210532188415527e-01 2.092510461807250977e-02 9.899967163801193237e-02 6.843727082014083862e-02 1.463741660118103027e-01 1.282177567481994629e-01 1.416210532188415527e-01 9.899967163801193237e-02 1.466252207756042480e-01 4.530947655439376831e-02 1.456846594810485840e-01 1.447510123252868652e-01 1.469225287437438965e-01 1.401106715202331543e-01 1.246321126818656921e-01 2.006780356168746948e-02 1.360955238342285156e-01 1.406055092811584473e-01 1.468428969383239746e-01 7.906585186719894409e-02 1.311797499656677246e-01
1.413180828094482422e-01 0.000000000000000000e+00 1.013833284378051758e-02 4.775702953338623047e-03 8.413094282150268555e-02 1.668596267700195312e-02 1.310020685195922852e-02 5.222558975219726562e-03 1.207530498504638672e-03 5.473077297210693359e-03 2.495068311691284180e-02 4.775762557983398438e-03 5.056083202362060547e-03 3.029704093933105469e-04 1.622431874275207520e-01 4.231840372085571289e-02 7.288080453872680664e-02 5.056083202362060547e-03 1.310032606124877930e-02 3.029704093933105469e-04 4.231840372085571289e-02 5.307137966156005859e-03 9.600859880447387695e-02 4.366576671600341797e-03 3.432929515838623047e-03 5.604445934295654297e-03 1.207411289215087891e-03 1.668596267700195312e-02 1.212502717971801758e-01 5.222558975219726562e-03 7.125735282897949219e-04 5.524814128875732422e-03 6.225222349166870117e-02 1.013833284378051758e-02
1.311797499656677246e-01 1.013833284378051758e-02 0.000000000000000000e+00 1.491403579711914062e-02 7.399260997772216797e-02 6.547629833221435547e-03 2.961874008178710938e-03 4.915773868560791016e-03 8.930802345275878906e-03 1.561141014099121094e-02 1.481235027313232422e-02 1.491409540176391602e-02 1.519441604614257812e-02 1.044130325317382812e-02 1.521048545837402344e-01 3.218007087707519531e-02 6.274247169494628906e-02 1.519441604614257812e-02 2.961993217468261719e-03 1.044130325317382812e-02 3.218007087707519531e-02 1.544547080993652344e-02 8.587026596069335938e-02 1.450490951538085938e-02 1.357126235961914062e-02 1.574277877807617188e-02 8.930921554565429688e-03 6.547629833221435547e-03 1.111119389533996582e-01 4.915773868560791016e-03 9.425759315490722656e-03 1.566314697265625000e-02 5.211389064788818359e-02 0.000000000000000000e+00
1.460937857627868652e-01 4.775702953338623047e-03 1.491403579711914062e-02 0.000000000000000000e+00 8.890664577484130859e-02 2.146166563034057617e-02 1.787590980529785156e-02 9.998261928558349609e-03 5.983233451843261719e-03 6.973743438720703125e-04 2.972638607025146484e-02 5.960464477539062500e-08 2.803802490234375000e-04 4.472732543945312500e-03 1.670188903808593750e-01 4.709410667419433594e-02 7.765650749206542969e-02 2.803802490234375000e-04 1.787602901458740234e-02 4.472732543945312500e-03 4.709410667419433594e-02 5.314350128173828125e-04 1.007843017578125000e-01 4.091262817382812500e-04 1.342773437500000000e-03 8.287429809570312500e-04 5.983114242553710938e-03 2.146166563034057617e-02 1.260259747505187988e-01 9.998261928558349609e-03 5.488276481628417969e-03 7.491111755371093750e-04 6.702792644500732422e-02 1.491403579711914062e-02
5.718713253736495972e-02 8.413094282150268555e-02 7.399260997772216797e-02 8.890664577484130859e-02 0.000000000000000000e+00 6.744498014450073242e-02 7.103073596954345703e-02 7.890838384628295898e-02 8.292341232299804688e-02 8.960402011871337891e-02 5.918025970458984375e-02 8.890670537948608398e-02 8.918702602386474609e-02 8.443391323089599609e-02 7.811223715543746948e-02 4.181253910064697266e-02 1.125013828277587891e-02 8.918702602386474609e-02 7.103061676025390625e-02 8.443391323089599609e-02 4.181253910064697266e-02 8.943808078765869141e-02 1.187765598297119141e-02 8.849751949310302734e-02 8.756387233734130859e-02 8.973538875579833984e-02 8.292353153228759766e-02 6.744498014450073242e-02 3.711932897567749023e-02 7.890838384628295898e-02 8.341836929321289062e-02 8.965575695037841797e-02 2.187871932983398438e-02 7.399260997772216797e-02
1.246321126818656921e-01 1.668596267700195312e-02 6.547629833221435547e-03 2.146166563034057617e-02 6.744498014450073242e-02 0.000000000000000000e+00 3.585755825042724609e-03 1.146340370178222656e-02 1.547843217849731445e-02 2.215903997421264648e-02 8.264720439910888672e-03 2.146172523498535156e-02 2.174204587936401367e-02 1.698893308639526367e-02 1.455572247505187988e-01 2.563244104385375977e-02 5.619484186172485352e-02 2.174204587936401367e-02 3.585636615753173828e-03 1.698893308639526367e-02 2.563244104385375977e-02 2.199310064315795898e-02 7.932263612747192383e-02 2.105253934860229492e-02 2.011889219284057617e-02 2.229040861129760742e-02 1.547855138778686523e-02 0.000000000000000000e+00 1.045643091201782227e-01 1.146340370178222656e-02 1.597338914871215820e-02 2.221077680587768555e-02 4.556626081466674805e-02 6.547629833221435547e-03
1.282178759574890137e-01 1.310020685195922852e-02 2.961874008178710938e-03 1.787590980529785156e-02 7.103073596954345703e-02 3.585755825042724609e-03 0.000000000000000000e+00 7.877647876739501953e-03 1.189267635345458984e-02 1.857328414916992188e-02 1.185047626495361328e-02 1.787596940994262695e-02 1.815629005432128906e-02 1.340317726135253906e-02 1.491429805755615234e-01 2.921819686889648438e-02 5.978059768676757812e-02 1.815629005432128906e-02 1.192092895507812500e-07 1.340317726135253906e-02 2.921819686889648438e-02 1.840734481811523438e-02 8.290839195251464844e-02 1.746678352355957031e-02 1.653313636779785156e-02 1.870465278625488281e-02 1.189279556274414062e-02 3.585755825042724609e-03 1.081500649452209473e-01 7.877647876739501953e-03 1.238763332366943359e-02 1.862502098083496094e-02 4.915201663970947266e-02 2.961874008178710938e-03
1.360955238342285156e-01 5.222558975219726562e-03 4.915773868560791016e-03 9.998261928558349609e-03 7.890838384628295898e-02 1.146340370178222656e-02 7.877647876739501953e-03 0.000000000000000000e+00 4.015028476715087891e-03 1.069563627243041992e-02 1.972812414169311523e-02 9.998321533203125000e-03 1.027864217758178711e-02 5.525529384613037109e-03 1.570206284523010254e-01 3.709584474563598633e-02 6.765824556350708008e-02 1.027864217758178711e-02 7.877767086029052734e-03 5.525529384613037109e-03 3.709584474563598633e-02 1.052969694137573242e-02 9.078603982925415039e-02 9.589135646820068359e-03 8.655488491058349609e-03 1.082700490951538086e-02 4.015147686004638672e-03 1.146340370178222656e-02 1.160277128219604492e-01 0.000000000000000000e+00 4.509985446929931641e-03 1.074737310409545898e-02 5.702966451644897461e-02 4.915773868560791016e-03
1.401105523109436035e-01 1.207530498504638672e-03 8.930802345275878906e-03 5.983233451843261719e-03 8.292341232299804688e-02 1.547843217849731445e-02 1.189267635345458984e-02 4.015028476715087891e-03 0.000000000000000000e+00 6.680607795715332031e-03 2.374315261840820312e-02 5.983293056488037109e-03 6.263613700866699219e-03 1.510500907897949219e-03 1.610356569290161133e-01 4.111087322235107422e-02 7.167327404022216797e-02 6.263613700866699219e-03 1.189279556274414062e-02 1.510500907897949219e-03 4.111087322235107422e-02 6.514668464660644531e-03 9.480106830596923828e-02 5.574107170104980469e-03 4.640460014343261719e-03 6.811976432800292969e-03 1.192092895507812500e-07 1.547843217849731445e-02 1.200427412986755371e-01 4.015028476715087891e-03 4.949569702148437500e-04 6.732344627380371094e-03 6.104469299316406250e-02 8.930802345275878906e-03
1.467911601066589355e-01 5.473077297210693359e-03 1.561141014099121094e-02 6.973743438720703125e-04 8.960402011871337891e-02 2.215903997421264648e-02 1.857328414916992188e-02 1.069563627243041992e-02 6.680607795715332031e-03 0.000000000000000000e+00 3.042376041412353516e-02 6.973147392272949219e-04 4.169940948486328125e-04 5.170106887817382812e-03 1.677162647247314453e-01 4.779148101806640625e-02 7.835388183593750000e-02 4.169940948486328125e-04 1.857340335845947266e-02 5.170106887817382812e-03 4.779148101806640625e-02 1.659393310546875000e-04 1.014816761016845703e-01 1.106500625610351562e-03 2.040147781372070312e-03 1.313686370849609375e-04 6.680488586425781250e-03 2.215903997421264648e-02 1.267233490943908691e-01 1.069563627243041992e-02 6.185650825500488281e-03 5.173683166503906250e-05 6.772530078887939453e-02 1.561141014099121094e-02
1.163673922419548035e-01 2.495068311691284180e-02 1.481235027313232422e-02 2.972638607025146484e-02 5.918025970458984375e-02 8.264720439910888672e-03 1.185047626495361328e-02 1.972812414169311523e-02 2.374315261840820312e-02 3.042376041412353516e-02 0.000000000000000000e+00 2.972644567489624023e-02 3.000676631927490234e-02 2.525365352630615234e-02 1.372925043106079102e-01 1.736772060394287109e-02 4.793012142181396484e-02 3.000676631927490234e-02 1.185035705566406250e-02 2.525365352630615234e-02 1.736772060394287109e-02 3.025782108306884766e-02 7.105791568756103516e-02 2.931725978851318359e-02 2.838361263275146484e-02 3.055512905120849609e-02 2.374327182769775391e-02 8.264720439910888672e-03 9.629958868026733398e-02 1.972812414169311523e-02 2.423810958862304688e-02 3.047549724578857422e-02 3.730154037475585938e-02 1.481235027313232422e-02
1.460938453674316406e-01 4.775762557983398438e-03 1.491409540176391602e-02 5.960464477539062500e-08 8.890670537948608398e-02 2.146172523498535156e-02 1.787596940994262695e-02 9.998321533203125000e-03 5.983293056488037109e-03 6.973147392272949219e-04 2.972644567489624023e-02 0.000000000000000000e+00 2.803206443786621094e-04 4.472792148590087891e-03 1.670189499855041504e-01 4.709416627883911133e-02 7.765656709671020508e-02 2.803206443786621094e-04 1.787608861923217773e-02 4.472792148590087891e-03 4.709416627883911133e-02 5.313754081726074219e-04 1.007843613624572754e-01 4.091858863830566406e-04 1.342833042144775391e-03 8.286833763122558594e-04 5.983173847198486328e-03 2.146172523498535156e-02 1.260260343551635742e-01 9.998321533203125000e-03 5.488336086273193359e-03 7.490515708923339844e-04 6.702798604965209961e-02 1.491409540176391602e-02
1.463741660118103027e-01 5.056083202362060547e-03 1.519441604614257812e-02 2.803802490234375000e-04 8.918702602386474609e-02 2.174204587936401367e-02 1.815629005432128906e-02 1.027864217758178711e-02 6.263613700866699219e-03 4.169940948486328125e-04 3.000676631927490234e-02 2.803206443786621094e-04 0.000000000000000000e+00 4.753112792968750000e-03 1.672992706298828125e-01 4.737448692321777344e-02 7.793688774108886719e-02 0.000000000000000000e+00 1.815640926361083984e-02 4.753112792968750000e-03 4.737448692321777344e-02 2.510547637939453125e-04 1.010646820068359375e-01 6.895065307617187500e-04 1.623153686523437500e-03 5.483627319335937500e-04 6.263494491577148438e-03 2.174204587936401367e-02 1.263063549995422363e-01 1.027864217758178711e-02 5.768656730651855469e-03 4.687309265136718750e-04 6.730830669403076172e-02 1.519441604614257812e-02
1.416210532188415527e-01 3.029704093933105469e-04 1.044130325317382812e-02 4.472732543945312500e-03 8.443391323089599609e-02 1.698893308639526367e-02 1.340317726135253906e-02 5.525529384613037109e-03 1.510500907897949219e-03 5.170106887817382812e-03 2.525365352630615234e-02 4.472792148590087891e-03 4.753112792968750000e-03 0.000000000000000000e+00 1.625461578369140625e-01 4.262137413024902344e-02 7.318377494812011719e-02 4.753112792968750000e-03 1.340329647064208984e-02 0.000000000000000000e+00 4.262137413024902344e-02 5.004167556762695312e-03 9.631156921386718750e-02 4.063606262207031250e-03 3.129959106445312500e-03 5.301475524902343750e-03 1.510381698608398438e-03 1.698893308639526367e-02 1.215532422065734863e-01 5.525529384613037109e-03 1.015543937683105469e-03 5.221843719482421875e-03 6.255519390106201172e-02 1.044130325317382812e-02
2.092510461807250977e-02 1.622431874275207520e-01 1.521048545837402344e-01 1.670188903808593750e-01 7.811223715543746948e-02 1.455572247505187988e-01 1.491429805755615234e-01 1.570206284523010254e-01 1.610356569290161133e-01 1.677162647247314453e-01 1.372925043106079102e-01 1.670189499855041504e-01 1.672992706298828125e-01 1.625461578369140625e-01 0.000000000000000000e+00 1.199247762560844421e-01 8.936237543821334839e-02 1.672992706298828125e-01 1.491428613662719727e-01 1.625461578369140625e-01 1.199247762560844421e-01 1.675503253936767578e-01 6.623458117246627808e-02 1.666097640991210938e-01 1.656761169433593750e-01 1.678476333618164062e-01 1.610357761383056641e-01 1.455572247505187988e-01 4.099290817975997925e-02 1.570206284523010254e-01 1.615306138992309570e-01 1.677680015563964844e-01 9.999095648527145386e-02 1.521048545837402344e-01
9.899967163801193237e-02 4.231840372085571289e-02 3.218007087707519531e-02 4.709410667419433594e-02 4.181253910064697266e-02 2.563244104385375977e-02 2.921819686889648438e-02 3.709584474563598633e-02 4.111087322235107422e-02 4.779148101806640625e-02 1.736772060394287109e-02 4.709416627883911133e-02 4.737448692321777344e-02 4.262137413024902344e-02 1.199247762560844421e-01 0.000000000000000000e+00 3.056240081787109375e-02 4.737448692321777344e-02 2.921807765960693359e-02 4.262137413024902344e-02 0.000000000000000000e+00 4.762554168701171875e-02 5.369019508361816406e-02 4.668498039245605469e-02 4.575133323669433594e-02 4.792284965515136719e-02 4.111099243164062500e-02 2.563244104385375977e-02 7.893186807632446289e-02 3.709584474563598633e-02 4.160583019256591797e-02 4.784321784973144531e-02 1.993381977081298828e-02 3.218007087707519531e-02
6.843727082014083862e-02 7.288080453872680664e-02 6.274247169494628906e-02 7.765650749206542969e-02 1.125013828277587891e-02 5.619484186172485352e-02 5.978059768676757812e-02 6.765824556350708008e-02 7.167327404022216797e-02 7.835388183593750000e-02 4.793012142181396484e-02 7.765656709671020508e-02 7.793688774108886719e-02 7.318377494812011719e-02 8.936237543821334839e-02 3.056240081787109375e-02 0.000000000000000000e+00 7.793688774108886719e-02 5.978047847747802734e-02 7.318377494812011719e-02 3.056240081787109375e-02 7.818794250488281250e-02 2.312779426574707031e-02 7.724738121032714844e-02 7.631373405456542969e-02 7.848525047302246094e-02 7.167339324951171875e-02 5.619484186172485352e-02 4.836946725845336914e-02 6.765824556350708008e-02 7.216823101043701172e-02 7.840561866760253906e-02 1.062858104705810547e-02 6.274247169494628906e-02
1.463741660118103027e-01 5.056083202362060547e-03 1.519441604614257812e-02 2.803802490234375000e-04 8.918702602386474609e-02 2.174204587936401367e-02 1.815629005432128906e-02 1.027864217758178711e-02 6.263613700866699219e-03 4.169940948486328125e-04 3.000676631927490234e-02 2.803206443786621094e-04 0.000000000000000000e+00 4.753112792968750000e-03 1.672992706298828125e-01 4.737448692321777344e-02 7.793688774108886719e-02 0.000000000000000000e+00 1.815640926361083984e-02 4.753112792968750000e-03 4.737448692321777344e-02 2.510547637939453125e-04 1.010646820068359375e-01 6.895065307617187500e-04 1.623153686523437500e-03 5.483627319335937500e-04 6.263494491577148438e-03 2.174204587936401367e-02 1.263063549995422363e-01 1.027864217758178711e-02 5.768656730651855469e-03 4.687309265136718750e-04 6.730830669403076172e-02 1.519441604614257812e-02
1.282177567481994629e-01 1.310032606124877930e-02 2.961993217468261719e-03 1.787602901458740234e-02 7.103061676025390625e-02 3.585636615753173828e-03 1.192092895507812500e-07 7.877767086029052734e-03 1.189279556274414062e-02 1.857340335845947266e-02 1.185035705566406250e-02 1.787608861923217773e-02 1.815640926361083984e-02 1.340329647064208984e-02 1.491428613662719727e-01 2.921807765960693359e-02 5.978047847747802734e-02 1.815640926361083984e-02 0.000000000000000000e+00 1.340329647064208984e-02 2.921807765960693359e-02 1.840746402740478516e-02 8.290827274322509766e-02 1.746690273284912109e-02 1.653325557708740234e-02 1.870477199554443359e-02 1.189291477203369141e-02 3.585636615753173828e-03 1.081499457359313965e-01 7.877767086029052734e-03 1.238775253295898438e-02 1.862514019012451172e-02 4.915189743041992188e-02 2.961993217468261719e-03
1.416210532188415527e-01 3.029704093933105469e-04 1.044130325317382812e-02 4.472732543945312500e-03 8.443391323089599609e-02 1.698893308639526367e-02 1.340317726135253906e-02 5.525529384613037109e-03 1.510500907897949219e-03 5.170106887817382812e-03 2.525365352630615234e-02 4.472792148590087891e-03 4.753112792968750000e-03 0.000000000000000000e+00 1.625461578369140625e-01 4.262137413024902344e-02 7.318377494812011719e-02 4.753112792968750000e-03 1.340329647064208984e-02 0.000000000000000000e+00 4.262137413024902344e-02 5.004167556762695312e-03 9.631156921386718750e-02 4.063606262207031250e-03 3.129959106445312500e-03 5.301475524902343750e-03 1.510381698608398438e-03 1.698893308639526367e-02 1.215532422065734863e-01 5.525529384613037109e-03 1.015543937683105469e-03 5.221843719482421875e-03 6.255519390106201172e-02 1.044130325317382812e-02
9.899967163801193237e-02 4.231840372085571289e-02 3.218007087707519531e-02 4.709410667419433594e-02 4.181253910064697266e-02 2.563244104385375977e-02 2.921819686889648438e-02 3.709584474563598633e-02 4.111087322235107422e-02 4.779148101806640625e-02 1.736772060394287109e-02 4.709416627883911133e-02 4.737448692321777344e-02 4.262137413024902344e-02 1.199247762560844421e-01 0.000000000000000000e+00 3.056240081787109375e-02 4.737448692321777344e-02 2.921807765960693359e-02 4.262137413024902344e-02 0.000000000000000000e+00 4.762554168701171875e-02 5.369019508361816406e-02 4.668498039245605469e-02 4.575133323669433594e-02 4.792284965515136719e-02 4.111099243164062500e-02 2.563244104385375977e-02 7.893186807632446289e-02 3.709584474563598633e-02 4.160583019256591797e-02 4.784321784973144531e-02 1.993381977081298828e-02 3.218007087707519531e-02
1.466252207756042480e-01 5.307137966156005859e-03 1.544547080993652344e-02 5.314350128173828125e-04 8.943808078765869141e-02 2.199310064315795898e-02 1.840734481811523438e-02 1.052969694137573242e-02 6.514668464660644531e-03 1.659393310546875000e-04 3.025782108306884766e-02 5.313754081726074219e-04 2.510547637939453125e-04 5.004167556762695312e-03 1.675503253936767578e-01 4.762554168701171875e-02 7.818794250488281250e-02 2.510547637939453125e-04 1.840746402740478516e-02 5.004167556762695312e-03 4.762554168701171875e-02 0.000000000000000000e+00 1.013157367706298828e-01 9.405612945556640625e-04 1.874208450317382812e-03 2.973079681396484375e-04 6.514549255371093750e-03 2.199310064315795898e-02 1.265574097633361816e-01 1.052969694137573242e-02 6.019711494445800781e-03 2.176761627197265625e-04 6.755936145782470703e-02 1.544547080993652344e-02
4.530947655439376831e-02 9.600859880447387695e-02 8.587026596069335938e-02 1.007843017578125000e-01 1.187765598297119141e-02 7.932263612747192383e-02 8.290839195251464844e-02 9.078603982925415039e-02 9.480106830596923828e-02 1.014816761016845703e-01 7.105791568756103516e-02 1.007843613624572754e-01 1.010646820068359375e-01 9.631156921386718750e-02 6.623458117246627808e-02 5.369019508361816406e-02 2.312779426574707031e-02 1.010646820068359375e-01 8.290827274322509766e-02 9.631156921386718750e-02 5.369019508361816406e-02 1.013157367706298828e-01 0.000000000000000000e+00 1.003751754760742188e-01 9.944152832031250000e-02 1.016130447387695312e-01 9.480118751525878906e-02 7.932263612747192383e-02 2.524167299270629883e-02 9.078603982925415039e-02 9.529602527618408203e-02 1.015334129333496094e-01 3.375637531280517578e-02 8.587026596069335938e-02
1.456846594810485840e-01 4.366576671600341797e-03 1.450490951538085938e-02 4.091262817382812500e-04 8.849751949310302734e-02 2.105253934860229492e-02 1.746678352355957031e-02 9.589135646820068359e-03 5.574107170104980469e-03 1.106500625610351562e-03 2.931725978851318359e-02 4.091858863830566406e-04 6.895065307617187500e-04 4.063606262207031250e-03 1.666097640991210938e-01 4.668498039245605469e-02 7.724738121032714844e-02 6.895065307617187500e-04 1.746690273284912109e-02 4.063606262207031250e-03 4.668498039245605469e-02 9.405612945556640625e-04 1.003751754760742188e-01 0.000000000000000000e+00 9.336471557617187500e-04 1.237869262695312500e-03 5.573987960815429688e-03 2.105253934860229492e-02 1.256168484687805176e-01 9.589135646820068359e-03 5.079150199890136719e-03 1.158237457275390625e-03 6.661880016326904297e-02 1.450490951538085938e-02
1.447510123252868652e-01 3.432929515838623047e-03 1.357126235961914062e-02 1.342773437500000000e-03 8.756387233734130859e-02 2.011889219284057617e-02 1.653313636779785156e-02 8.655488491058349609e-03 4.640460014343261719e-03 2.040147781372070312e-03 2.838361263275146484e-02 1.342833042144775391e-03 1.623153686523437500e-03 3.129959106445312500e-03 1.656761169433593750e-01 4.575133323669433594e-02 7.631373405456542969e-02 1.623153686523437500e-03 1.653325557708740234e-02 3.129959106445312500e-03 4.575133323669433594e-02 1.874208450317382812e-03 9.944152832031250000e-02 9.336471557617187500e-04 0.000000000000000000e+00 2.171516418457031250e-03 4.640340805053710938e-03 2.011889219284057617e-02 1.246832013130187988e-01 8.655488491058349609e-03 4.145503044128417969e-03 2.091884613037109375e-03 6.568515300750732422e-02 1.357126235961914062e-02
1.469225287437438965e-01 5.604445934295654297e-03 1.574277877807617188e-02 8.287429809570312500e-04 8.973538875579833984e-02 2.229040861129760742e-02 1.870465278625488281e-02 1.082700490951538086e-02 6.811976432800292969e-03 1.313686370849609375e-04 3.055512905120849609e-02 8.286833763122558594e-04 5.483627319335937500e-04 5.301475524902343750e-03 1.678476333618164062e-01 4.792284965515136719e-02 7.848525047302246094e-02 5.483627319335937500e-04 1.870477199554443359e-02 5.301475524902343750e-03 4.792284965515136719e-02 2.973079681396484375e-04 1.016130447387695312e-01 1.237869262695312500e-03 2.171516418457031250e-03 0.000000000000000000e+00 6.811857223510742188e-03 2.229040861129760742e-02 1.268547177314758301e-01 1.082700490951538086e-02 6.317019462585449219e-03 7.963180541992187500e-05 6.785666942596435547e-02 1.574277877807617188e-02
1.401106715202331543e-01 1.207411289215087891e-03 8.930921554565429688e-03 5.983114242553710938e-03 8.292353153228759766e-02 1.547855138778686523e-02 1.189279556274414062e-02 4.015147686004638672e-03 1.192092895507812500e-07 6.680488586425781250e-03 2.374327182769775391e-02 5.983173847198486328e-03 6.263494491577148438e-03 1.510381698608398438e-03 1.610357761383056641e-01 4.111099243164062500e-02 7.167339324951171875e-02 6.263494491577148438e-03 1.189291477203369141e-02 1.510381698608398438e-03 4.111099243164062500e-02 6.514549255371093750e-03 9.480118751525878906e-02 5.573987960815429688e-03 4.640340805053710938e-03 6.811857223510742188e-03 0.000000000000000000e+00 1.547855138778686523e-02 1.200428605079650879e-01 4.015147686004638672e-03 4.948377609252929688e-04 6.732225418090820312e-03 6.104481220245361328e-02 8.930921554565429688e-03
1.246321126818656921e-01 1.668596267700195312e-02 6.547629833221435547e-03 2.146166563034057617e-02 6.744498014450073242e-02 0.000000000000000000e+00 3.585755825042724609e-03 1.146340370178222656e-02 1.547843217849731445e-02 2.215903997421264648e-02 8.264720439910888672e-03 2.146172523498535156e-02 2.174204587936401367e-02 1.698893308639526367e-02 1.455572247505187988e-01 2.563244104385375977e-02 5.619484186172485352e-02 2.174204587936401367e-02 3.585636615753173828e-03 1.698893308639526367e-02 2.563244104385375977e-02 2.199310064315795898e-02 7.932263612747192383e-02 2.105253934860229492e-02 2.011889219284057617e-02 2.229040861129760742e-02 1.547855138778686523e-02 0.000000000000000000e+00 1.045643091201782227e-01 1.146340370178222656e-02 1.597338914871215820e-02 2.221077680587768555e-02 4.556626081466674805e-02 6.547629833221435547e-03
2.006780356168746948e-02 1.212502717971801758e-01 1.111119389533996582e-01 1.260259747505187988e-01 3.711932897567749023e-02 1.045643091201782227e-01 1.081500649452209473e-01 1.160277128219604492e-01 1.200427412986755371e-01 1.267233490943908691e-01 9.629958868026733398e-02 1.260260343551635742e-01 1.263063549995422363e-01 1.215532422065734863e-01 4.099290817975997925e-02 7.893186807632446289e-02 4.836946725845336914e-02 1.263063549995422363e-01 1.081499457359313965e-01 1.215532422065734863e-01 7.893186807632446289e-02 1.265574097633361816e-01 2.524167299270629883e-02 1.256168484687805176e-01 1.246832013130187988e-01 1.268547177314758301e-01 1.200428605079650879e-01 1.045643091201782227e-01 0.000000000000000000e+00 1.160277128219604492e-01 1.205376982688903809e-01 1.267750859260559082e-01 5.899804830551147461e-02 1.111119389533996582e-01
1.360955238342285156e-01 5.222558975219726562e-03 4.915773868560791016e-03 9.998261928558349609e-03 7.890838384628295898e-02 1.146340370178222656e-02 7.877647876739501953e-03 0.000000000000000000e+00 4.015028476715087891e-03 1.069563627243041992e-02 1.972812414169311523e-02 9.998321533203125000e-03 1.027864217758178711e-02 5.525529384613037109e-03 1.570206284523010254e-01 3.709584474563598633e-02 6.765824556350708008e-02 1.027864217758178711e-02 7.877767086029052734e-03 5.525529384613037109e-03 3.709584474563598633e-02 1.052969694137573242e-02 9.078603982925415039e-02 9.589135646820068359e-03 8.655488491058349609e-03 1.082700490951538086e-02 4.015147686004638672e-03 1.146340370178222656e-02 1.160277128219604492e-01 0.000000000000000000e+00 4.509985446929931641e-03 1.074737310409545898e-02 5.702966451644897461e-02 4.915773868560791016e-03
1.406055092811584473e-01 7.125735282897949219e-04 9.425759315490722656e-03 5.488276481628417969e-03 8.341836929321289062e-02 1.597338914871215820e-02 1.238763332366943359e-02 4.509985446929931641e-03 4.949569702148437500e-04 6.185650825500488281e-03 2.423810958862304688e-02 5.488336086273193359e-03 5.768656730651855469e-03 1.015543937683105469e-03 1.615306138992309570e-01 4.160583019256591797e-02 7.216823101043701172e-02 5.768656730651855469e-03 1.238775253295898438e-02 1.015543937683105469e-03 4.160583019256591797e-02 6.019711494445800781e-03 9.529602527618408203e-02 5.079150199890136719e-03 4.145503044128417969e-03 6.317019462585449219e-03 4.948377609252929688e-04 1.597338914871215820e-02 1.205376982688903809e-01 4.509985446929931641e-03 0.000000000000000000e+00 6.237387657165527344e-03 6.153964996337890625e-02 9.425759315490722656e-03
1.468428969383239746e-01 5.524814128875732422e-03 1.566314697265625000e-02 7.491111755371093750e-04 8.965575695037841797e-02 2.221077680587768555e-02 1.862502098083496094e-02 1.074737310409545898e-02 6.732344627380371094e-03 5.173683166503906250e-05 3.047549724578857422e-02 7.490515708923339844e-04 4.687309265136718750e-04 5.221843719482421875e-03 1.677680015563964844e-01 4.784321784973144531e-02 7.840561866760253906e-02 4.687309265136718750e-04 1.862514019012451172e-02 5.221843719482421875e-03 4.784321784973144531e-02 2.176761627197265625e-04 1.015334129333496094e-01 1.158237457275390625e-03 2.091884613037109375e-03 7.963180541992187500e-05 6.732225418090820312e-03 2.221077680587768555e-02 1.267750859260559082e-01 1.074737310409545898e-02 6.237387657165527344e-03 0.000000000000000000e+00 6.777703762054443359e-02 1.566314697265625000e-02
7.906585186719894409e-02 6.225222349166870117e-02 5.211389064788818359e-02 6.702792644500732422e-02 2.187871932983398438e-02 4.556626081466674805e-02 4.915201663970947266e-02 5.702966451644897461e-02 6.104469299316406250e-02 6.772530078887939453e-02 3.730154037475585938e-02 6.702798604965209961e-02 6.730830669403076172e-02 6.255519390106201172e-02 9.999095648527145386e-02 1.993381977081298828e-02 1.062858104705810547e-02 6.730830669403076172e-02 4.915189743041992188e-02 6.255519390106201172e-02 1.993381977081298828e-02 6.755936145782470703e-02 3.375637531280517578e-02 6.661880016326904297e-02 6.568515300750732422e-02 6.785666942596435547e-02 6.104481220245361328e-02 4.556626081466674805e-02 5.899804830551147461e-02 5.702966451644897461e-02 6.153964996337890625e-02 6.777703762054443359e-02 0.000000000000000000e+00 5.211389064788818359e-02
1.311797499656677246e-01 1.013833284378051758e-02 0.000000000000000000e+00 1.491403579711914062e-02 7.399260997772216797e-02 6.547629833221435547e-03 2.961874008178710938e-03 4.915773868560791016e-03 8.930802345275878906e-03 1.561141014099121094e-02 1.481235027313232422e-02 1.491409540176391602e-02 1.519441604614257812e-02 1.044130325317382812e-02 1.521048545837402344e-01 3.218007087707519531e-02 6.274247169494628906e-02 1.519441604614257812e-02 2.961993217468261719e-03 1.044130325317382812e-02 3.218007087707519531e-02 1.544547080993652344e-02 8.587026596069335938e-02 1.450490951538085938e-02 1.357126235961914062e-02 1.574277877807617188e-02 8.930921554565429688e-03 6.547629833221435547e-03 1.111119389533996582e-01 4.915773868560791016e-03 9.425759315490722656e-03 1.566314697265625000e-02 5.211389064788818359e-02 0.000000000000000000e+00
