0.000000000000000000e+00 1.461512446403503418e-01 1.958637237548828125e-01 2.130867242813110352e-01 2.210967540740966797e-01 1.898334026336669922e-01 2.215247154235839844e-01 2.177889347076416016e-01 1.931574344635009766e-01 2.173024415969848633e-01 1.931574344635009766e-01 2.215161323547363281e-01 2.215160727500915527e-01 2.079855203628540039e-01 8.690547943115234375e-02 1.513803005218505859e-01 1.824074983596801758e-01 2.215247154235839844e-01 1.181002855300903320e-01 2.207254171371459961e-01 2.098644971847534180e-01 1.862579584121704102e-01 1.662086844444274902e-01 2.058441638946533203e-01 2.215162515640258789e-01 2.207254171371459961e-01 2.207254171371459961e-01 2.132167220115661621e-01 1.060791611671447754e-01 2.192698717117309570e-01 2.790448665618896484e-01 2.034721374511718750e-01 1.662086248397827148e-01 1.662086844444274902e-01
1.461512446403503418e-01 0.000000000000000000e+00 4.971247911453247070e-02 6.693547964096069336e-02 7.494550943374633789e-02 4.368215799331665039e-02 7.537347078323364258e-02 7.163769006729125977e-02 4.700618982315063477e-02 7.115119695663452148e-02 4.700618982315063477e-02 7.536488771438598633e-02 7.536482810974121094e-02 6.183427572250366211e-02 5.924576520919799805e-02 5.229055881500244141e-03 3.625625371932983398e-02 7.537347078323364258e-02 2.805095911026000977e-02 7.457417249679565430e-02 6.371325254440307617e-02 4.010671377182006836e-02 2.005743980407714844e-02 5.969291925430297852e-02 7.536500692367553711e-02 7.457417249679565430e-02 7.457417249679565430e-02 6.706547737121582031e-02 4.007208347320556641e-02 7.311862707138061523e-02 1.328936219215393066e-01 5.732089281082153320e-02 2.005738019943237305e-02 2.005743980407714844e-02
1.958637237548828125e-01 4.971247911453247070e-02 0.000000000000000000e+00 1.722300052642822266e-02 2.523303031921386719e-02 6.030321121215820312e-03 2.566099166870117188e-02 2.192521095275878906e-02 2.706289291381835938e-03 2.143871784210205078e-02 2.706289291381835938e-03 2.565240859985351562e-02 2.565234899520874023e-02 1.212179660797119141e-02 1.089582443237304688e-01 4.448342323303222656e-02 1.345622539520263672e-02 2.566099166870117188e-02 7.776343822479248047e-02 2.486169338226318359e-02 1.400077342987060547e-02 9.605765342712402344e-03 2.965503931045532227e-02 9.980440139770507812e-03 2.565252780914306641e-02 2.486169338226318359e-02 2.486169338226318359e-02 1.735299825668334961e-02 8.978456258773803711e-02 2.340614795684814453e-02 8.318114280700683594e-02 7.608413696289062500e-03 2.965509891510009766e-02 2.965503931045532227e-02
2.130867242813110352e-01 6.693547964096069336e-02 1.722300052642822266e-02 0.000000000000000000e+00 8.010029792785644531e-03 2.325332164764404297e-02 8.437991142272949219e-03 4.702210426330566406e-03 1.992928981781005859e-02 4.215717315673828125e-03 1.992928981781005859e-02 8.429408073425292969e-03 8.429348468780517578e-03 5.101203918457031250e-03 1.261812448501586914e-01 6.170642375946044922e-02 3.067922592163085938e-02 8.437991142272949219e-03 9.498643875122070312e-02 7.638692855834960938e-03 3.222227096557617188e-03 2.682876586914062500e-02 4.687803983688354492e-02 7.242560386657714844e-03 8.429527282714843750e-03 7.638692855834960938e-03 7.638692855834960938e-03 1.299977302551269531e-04 1.070075631141662598e-01 6.183147430419921875e-03 6.595814228057861328e-02 9.614586830139160156e-03 4.687809944152832031e-02 4.687803983688354492e-02
2.210967540740966797e-01 7.494550943374633789e-02 2.523303031921386719e-02 8.010029792785644531e-03 0.000000000000000000e+00 3.126335144042968750e-02 4.279613494873046875e-04 3.307819366455078125e-03 2.793931961059570312e-02 3.794312477111816406e-03 2.793931961059570312e-02 4.193782806396484375e-04 4.193186759948730469e-04 1.311123371124267578e-02 1.341912746429443359e-01 6.971645355224609375e-02 3.868925571441650391e-02 4.279613494873046875e-04 1.029964685440063477e-01 3.713369369506835938e-04 1.123225688934326172e-02 3.483879566192626953e-02 5.488806962966918945e-02 1.525259017944335938e-02 4.194974899291992188e-04 3.713369369506835938e-04 3.713369369506835938e-04 7.880032062530517578e-03 1.150175929069519043e-01 1.826882362365722656e-03 5.794811248779296875e-02 1.762461662292480469e-02 5.488812923431396484e-02 5.488806962966918945e-02
1.898334026336669922e-01 4.368215799331665039e-02 6.030321121215820312e-03 2.325332164764404297e-02 3.126335144042968750e-02 0.000000000000000000e+00 3.169131278991699219e-02 2.795553207397460938e-02 3.324031829833984375e-03 2.746903896331787109e-02 3.324031829833984375e-03 3.168272972106933594e-02 3.168267011642456055e-02 1.815211772918701172e-02 1.029279232025146484e-01 3.845310211181640625e-02 7.425904273986816406e-03 3.169131278991699219e-02 7.173311710357666016e-02 3.089201450347900391e-02 2.003109455108642578e-02 3.575444221496582031e-03 2.362471818923950195e-02 1.601076126098632812e-02 3.168284893035888672e-02 3.089201450347900391e-02 3.089201450347900391e-02 2.338331937789916992e-02 8.375424146652221680e-02 2.943646907806396484e-02 8.921146392822265625e-02 1.363873481750488281e-02 2.362477779388427734e-02 2.362471818923950195e-02
2.215247154235839844e-01 7.537347078323364258e-02 2.566099166870117188e-02 8.437991142272949219e-03 4.279613494873046875e-04 3.169131278991699219e-02 0.000000000000000000e+00 3.735780715942382812e-03 2.836728096008300781e-02 4.222273826599121094e-03 2.836728096008300781e-02 8.583068847656250000e-06 8.642673492431640625e-06 1.353919506072998047e-02 1.346192359924316406e-01 7.014441490173339844e-02 3.911721706390380859e-02 0.000000000000000000e+00 1.034244298934936523e-01 7.992982864379882812e-04 1.166021823883056641e-02 3.526675701141357422e-02 5.531603097915649414e-02 1.568055152893066406e-02 8.463859558105468750e-06 7.992982864379882812e-04 7.992982864379882812e-04 8.307993412017822266e-03 1.154455542564392090e-01 2.254843711853027344e-03 5.752015113830566406e-02 1.805257797241210938e-02 5.531609058380126953e-02 5.531603097915649414e-02
2.177889347076416016e-01 7.163769006729125977e-02 2.192521095275878906e-02 4.702210426330566406e-03 3.307819366455078125e-03 2.795553207397460938e-02 3.735780715942382812e-03 0.000000000000000000e+00 2.463150024414062500e-02 4.864931106567382812e-04 2.463150024414062500e-02 3.727197647094726562e-03 3.727138042449951172e-03 9.803414344787597656e-03 1.308834552764892578e-01 6.640863418579101562e-02 3.538143634796142578e-02 3.735780715942382812e-03 9.968864917755126953e-02 2.936482429504394531e-03 7.924437522888183594e-03 3.153097629547119141e-02 5.158025026321411133e-02 1.194477081298828125e-02 3.727316856384277344e-03 2.936482429504394531e-03 2.936482429504394531e-03 4.572212696075439453e-03 1.117097735404968262e-01 1.480937004089355469e-03 6.125593185424804688e-02 1.431679725646972656e-02 5.158030986785888672e-02 5.158025026321411133e-02
1.931574344635009766e-01 4.700618982315063477e-02 2.706289291381835938e-03 1.992928981781005859e-02 2.793931961059570312e-02 3.324031829833984375e-03 2.836728096008300781e-02 2.463150024414062500e-02 0.000000000000000000e+00 2.414500713348388672e-02 0.000000000000000000e+00 2.835869789123535156e-02 2.835863828659057617e-02 1.482808589935302734e-02 1.062519550323486328e-01 4.177713394165039062e-02 1.074993610382080078e-02 2.836728096008300781e-02 7.505714893341064453e-02 2.756798267364501953e-02 1.670706272125244141e-02 6.899476051330566406e-03 2.694875001907348633e-02 1.268672943115234375e-02 2.835881710052490234e-02 2.756798267364501953e-02 2.756798267364501953e-02 2.005928754806518555e-02 8.707827329635620117e-02 2.611243724822998047e-02 8.588743209838867188e-02 1.031470298767089844e-02 2.694880962371826172e-02 2.694875001907348633e-02
2.173024415969848633e-01 7.115119695663452148e-02 2.143871784210205078e-02 4.215717315673828125e-03 3.794312477111816406e-03 2.746903896331787109e-02 4.222273826599121094e-03 4.864931106567382812e-04 2.414500713348388672e-02 0.000000000000000000e+00 2.414500713348388672e-02 4.213690757751464844e-03 4.213631153106689453e-03 9.316921234130859375e-03 1.303969621658325195e-01 6.592214107513427734e-02 3.489494323730468750e-02 4.222273826599121094e-03 9.920215606689453125e-02 3.422975540161132812e-03 7.437944412231445312e-03 3.104448318481445312e-02 5.109375715255737305e-02 1.145827770233154297e-02 4.213809967041015625e-03 3.422975540161132812e-03 3.422975540161132812e-03 4.085719585418701172e-03 1.112232804298400879e-01 1.967430114746093750e-03 6.174242496490478516e-02 1.383030414581298828e-02 5.109381675720214844e-02 5.109375715255737305e-02
1.931574344635009766e-01 4.700618982315063477e-02 2.706289291381835938e-03 1.992928981781005859e-02 2.793931961059570312e-02 3.324031829833984375e-03 2.836728096008300781e-02 2.463150024414062500e-02 0.000000000000000000e+00 2.414500713348388672e-02 0.000000000000000000e+00 2.835869789123535156e-02 2.835863828659057617e-02 1.482808589935302734e-02 1.062519550323486328e-01 4.177713394165039062e-02 1.074993610382080078e-02 2.836728096008300781e-02 7.505714893341064453e-02 2.756798267364501953e-02 1.670706272125244141e-02 6.899476051330566406e-03 2.694875001907348633e-02 1.268672943115234375e-02 2.835881710052490234e-02 2.756798267364501953e-02 2.756798267364501953e-02 2.005928754806518555e-02 8.707827329635620117e-02 2.611243724822998047e-02 8.588743209838867188e-02 1.031470298767089844e-02 2.694880962371826172e-02 2.694875001907348633e-02
2.215161323547363281e-01 7.536488771438598633e-02 2.565240859985351562e-02 8.429408073425292969e-03 4.193782806396484375e-04 3.168272972106933594e-02 8.583068847656250000e-06 3.727197647094726562e-03 2.835869789123535156e-02 4.213690757751464844e-03 2.835869789123535156e-02 0.000000000000000000e+00 5.960464477539062500e-08 1.353061199188232422e-02 1.346106529235839844e-01 7.013583183288574219e-02 3.910863399505615234e-02 8.583068847656250000e-06 1.034158468246459961e-01 7.907152175903320312e-04 1.165163516998291016e-02 3.525817394256591797e-02 5.530744791030883789e-02 1.567196846008300781e-02 1.192092895507812500e-07 7.907152175903320312e-04 7.907152175903320312e-04 8.299410343170166016e-03 1.154369711875915527e-01 2.246260643005371094e-03 5.752873420715332031e-02 1.804399490356445312e-02 5.530750751495361328e-02 5.530744791030883789e-02
2.215160727500915527e-01 7.536482810974121094e-02 2.565234899520874023e-02 8.429348468780517578e-03 4.193186759948730469e-04 3.168267011642456055e-02 8.642673492431640625e-06 3.727138042449951172e-03 2.835863828659057617e-02 4.213631153106689453e-03 2.835863828659057617e-02 5.960464477539062500e-08 0.000000000000000000e+00 1.353055238723754883e-02 1.346105933189392090e-01 7.013577222824096680e-02 3.910857439041137695e-02 8.642673492431640625e-06 1.034157872200012207e-01 7.906556129455566406e-04 1.165157556533813477e-02 3.525811433792114258e-02 5.530738830566406250e-02 1.567190885543823242e-02 1.788139343261718750e-07 7.906556129455566406e-04 7.906556129455566406e-04 8.299350738525390625e-03 1.154369115829467773e-01 2.246201038360595703e-03 5.752879381179809570e-02 1.804393529891967773e-02 5.530744791030883789e-02 5.530738830566406250e-02
2.079855203628540039e-01 6.183427572250366211e-02 1.212179660797119141e-02 5.101203918457031250e-03 1.311123371124267578e-02 1.815211772918701172e-02 1.353919506072998047e-02 9.803414344787597656e-03 1.482808589935302734e-02 9.316921234130859375e-03 1.482808589935302734e-02 1.353061199188232422e-02 1.353055238723754883e-02 0.000000000000000000e+00 1.210800409317016602e-01 5.660521984100341797e-02 2.557802200317382812e-02 1.353919506072998047e-02 8.988523483276367188e-02 1.273989677429199219e-02 1.878976821899414062e-03 2.172756195068359375e-02 4.177683591842651367e-02 2.141356468200683594e-03 1.353073120117187500e-02 1.273989677429199219e-02 1.273989677429199219e-02 5.231201648712158203e-03 1.019063591957092285e-01 1.128435134887695312e-02 7.105934619903564453e-02 4.513382911682128906e-03 4.177689552307128906e-02 4.177683591842651367e-02
8.690547943115234375e-02 5.924576520919799805e-02 1.089582443237304688e-01 1.261812448501586914e-01 1.341912746429443359e-01 1.029279232025146484e-01 1.346192359924316406e-01 1.308834552764892578e-01 1.062519550323486328e-01 1.303969621658325195e-01 1.062519550323486328e-01 1.346106529235839844e-01 1.346105933189392090e-01 1.210800409317016602e-01 0.000000000000000000e+00 6.447482109069824219e-02 9.550201892852783203e-02 1.346192359924316406e-01 3.119480609893798828e-02 1.338199377059936523e-01 1.229590177536010742e-01 9.935247898101806641e-02 7.930320501327514648e-02 1.189386844635009766e-01 1.346107721328735352e-01 1.338199377059936523e-01 1.338199377059936523e-01 1.263112425804138184e-01 1.917368173599243164e-02 1.323643922805786133e-01 1.921393871307373047e-01 1.165666580200195312e-01 7.930314540863037109e-02 7.930320501327514648e-02
1.513803005218505859e-01 5.229055881500244141e-03 4.448342323303222656e-02 6.170642375946044922e-02 6.971645355224609375e-02 3.845310211181640625e-02 7.014441490173339844e-02 6.640863418579101562e-02 4.177713394165039062e-02 6.592214107513427734e-02 4.177713394165039062e-02 7.013583183288574219e-02 7.013577222824096680e-02 5.660521984100341797e-02 6.447482109069824219e-02 0.000000000000000000e+00 3.102719783782958984e-02 7.014441490173339844e-02 3.328001499176025391e-02 6.934511661529541016e-02 5.848419666290283203e-02 3.487765789031982422e-02 1.482838392257690430e-02 5.446386337280273438e-02 7.013595104217529297e-02 6.934511661529541016e-02 6.934511661529541016e-02 6.183642148971557617e-02 4.530113935470581055e-02 6.788957118988037109e-02 1.276645660400390625e-01 5.209183692932128906e-02 1.482832431793212891e-02 1.482838392257690430e-02
1.824074983596801758e-01 3.625625371932983398e-02 1.345622539520263672e-02 3.067922592163085938e-02 3.868925571441650391e-02 7.425904273986816406e-03 3.911721706390380859e-02 3.538143634796142578e-02 1.074993610382080078e-02 3.489494323730468750e-02 1.074993610382080078e-02 3.910863399505615234e-02 3.910857439041137695e-02 2.557802200317382812e-02 9.550201892852783203e-02 3.102719783782958984e-02 0.000000000000000000e+00 3.911721706390380859e-02 6.430721282958984375e-02 3.831791877746582031e-02 2.745699882507324219e-02 3.850460052490234375e-03 1.619881391525268555e-02 2.343666553497314453e-02 3.910875320434570312e-02 3.831791877746582031e-02 3.831791877746582031e-02 3.080922365188598633e-02 7.632833719253540039e-02 3.686237335205078125e-02 9.663736820220947266e-02 2.106463909149169922e-02 1.619887351989746094e-02 1.619881391525268555e-02
2.215247154235839844e-01 7.537347078323364258e-02 2.566099166870117188e-02 8.437991142272949219e-03 4.279613494873046875e-04 3.169131278991699219e-02 0.000000000000000000e+00 3.735780715942382812e-03 2.836728096008300781e-02 4.222273826599121094e-03 2.836728096008300781e-02 8.583068847656250000e-06 8.642673492431640625e-06 1.353919506072998047e-02 1.346192359924316406e-01 7.014441490173339844e-02 3.911721706390380859e-02 0.000000000000000000e+00 1.034244298934936523e-01 7.992982864379882812e-04 1.166021823883056641e-02 3.526675701141357422e-02 5.531603097915649414e-02 1.568055152893066406e-02 8.463859558105468750e-06 7.992982864379882812e-04 7.992982864379882812e-04 8.307993412017822266e-03 1.154455542564392090e-01 2.254843711853027344e-03 5.752015113830566406e-02 1.805257797241210938e-02 5.531609058380126953e-02 5.531603097915649414e-02
1.181002855300903320e-01 2.805095911026000977e-02 7.776343822479248047e-02 9.498643875122070312e-02 1.029964685440063477e-01 7.173311710357666016e-02 1.034244298934936523e-01 9.968864917755126953e-02 7.505714893341064453e-02 9.920215606689453125e-02 7.505714893341064453e-02 1.034158468246459961e-01 1.034157872200012207e-01 8.988523483276367188e-02 3.119480609893798828e-02 3.328001499176025391e-02 6.430721282958984375e-02 1.034244298934936523e-01 0.000000000000000000e+00 1.026251316070556641e-01 9.176421165466308594e-02 6.815767288208007812e-02 4.810839891433715820e-02 8.774387836456298828e-02 1.034159660339355469e-01 1.026251316070556641e-01 1.026251316070556641e-01 9.511643648147583008e-02 1.202112436294555664e-02 1.011695861816406250e-01 1.609445810317993164e-01 8.537185192108154297e-02 4.810833930969238281e-02 4.810839891433715820e-02
2.207254171371459961e-01 7.457417249679565430e-02 2.486169338226318359e-02 7.638692855834960938e-03 3.713369369506835938e-04 3.089201450347900391e-02 7.992982864379882812e-04 2.936482429504394531e-03 2.756798267364501953e-02 3.422975540161132812e-03 2.756798267364501953e-02 7.907152175903320312e-04 7.906556129455566406e-04 1.273989677429199219e-02 1.338199377059936523e-01 6.934511661529541016e-02 3.831791877746582031e-02 7.992982864379882812e-04 1.026251316070556641e-01 0.000000000000000000e+00 1.086091995239257812e-02 3.446745872497558594e-02 5.451673269271850586e-02 1.488125324249267578e-02 7.908344268798828125e-04 0.000000000000000000e+00 0.000000000000000000e+00 7.508695125579833984e-03 1.146462559700012207e-01 1.455545425415039062e-03 5.831944942474365234e-02 1.725327968597412109e-02 5.451679229736328125e-02 5.451673269271850586e-02
2.098644971847534180e-01 6.371325254440307617e-02 1.400077342987060547e-02 3.222227096557617188e-03 1.123225688934326172e-02 2.003109455108642578e-02 1.166021823883056641e-02 7.924437522888183594e-03 1.670706272125244141e-02 7.437944412231445312e-03 1.670706272125244141e-02 1.165163516998291016e-02 1.165157556533813477e-02 1.878976821899414062e-03 1.229590177536010742e-01 5.848419666290283203e-02 2.745699882507324219e-02 1.166021823883056641e-02 9.176421165466308594e-02 1.086091995239257812e-02 0.000000000000000000e+00 2.360653877258300781e-02 4.365581274032592773e-02 4.020333290100097656e-03 1.165175437927246094e-02 1.086091995239257812e-02 1.086091995239257812e-02 3.352224826812744141e-03 1.037853360176086426e-01 9.405374526977539062e-03 6.918036937713623047e-02 6.392359733581542969e-03 4.365587234497070312e-02 4.365581274032592773e-02
1.862579584121704102e-01 4.010671377182006836e-02 9.605765342712402344e-03 2.682876586914062500e-02 3.483879566192626953e-02 3.575444221496582031e-03 3.526675701141357422e-02 3.153097629547119141e-02 6.899476051330566406e-03 3.104448318481445312e-02 6.899476051330566406e-03 3.525817394256591797e-02 3.525811433792114258e-02 2.172756195068359375e-02 9.935247898101806641e-02 3.487765789031982422e-02 3.850460052490234375e-03 3.526675701141357422e-02 6.815767288208007812e-02 3.446745872497558594e-02 2.360653877258300781e-02 0.000000000000000000e+00 2.004927396774291992e-02 1.958620548248291016e-02 3.525829315185546875e-02 3.446745872497558594e-02 3.446745872497558594e-02 2.695876359939575195e-02 8.017879724502563477e-02 3.301191329956054688e-02 9.278690814971923828e-02 1.721417903900146484e-02 2.004933357238769531e-02 2.004927396774291992e-02
1.662086844444274902e-01 2.005743980407714844e-02 2.965503931045532227e-02 4.687803983688354492e-02 5.488806962966918945e-02 2.362471818923950195e-02 5.531603097915649414e-02 5.158025026321411133e-02 2.694875001907348633e-02 5.109375715255737305e-02 2.694875001907348633e-02 5.530744791030883789e-02 5.530738830566406250e-02 4.177683591842651367e-02 7.930320501327514648e-02 1.482838392257690430e-02 1.619881391525268555e-02 5.531603097915649414e-02 4.810839891433715820e-02 5.451673269271850586e-02 4.365581274032592773e-02 2.004927396774291992e-02 0.000000000000000000e+00 3.963547945022583008e-02 5.530756711959838867e-02 5.451673269271850586e-02 5.451673269271850586e-02 4.700803756713867188e-02 6.012952327728271484e-02 5.306118726730346680e-02 1.128361821174621582e-01 3.726345300674438477e-02 5.960464477539062500e-08 0.000000000000000000e+00
2.058441638946533203e-01 5.969291925430297852e-02 9.980440139770507812e-03 7.242560386657714844e-03 1.525259017944335938e-02 1.601076126098632812e-02 1.568055152893066406e-02 1.194477081298828125e-02 1.268672943115234375e-02 1.145827770233154297e-02 1.268672943115234375e-02 1.567196846008300781e-02 1.567190885543823242e-02 2.141356468200683594e-03 1.189386844635009766e-01 5.446386337280273438e-02 2.343666553497314453e-02 1.568055152893066406e-02 8.774387836456298828e-02 1.488125324249267578e-02 4.020333290100097656e-03 1.958620548248291016e-02 3.963547945022583008e-02 0.000000000000000000e+00 1.567208766937255859e-02 1.488125324249267578e-02 1.488125324249267578e-02 7.372558116912841797e-03 9.976500272750854492e-02 1.342570781707763672e-02 7.320070266723632812e-02 2.372026443481445312e-03 3.963553905487060547e-02 3.963547945022583008e-02
2.215162515640258789e-01 7.536500692367553711e-02 2.565252780914306641e-02 8.429527282714843750e-03 4.194974899291992188e-04 3.168284893035888672e-02 8.463859558105468750e-06 3.727316856384277344e-03 2.835881710052490234e-02 4.213809967041015625e-03 2.835881710052490234e-02 1.192092895507812500e-07 1.788139343261718750e-07 1.353073120117187500e-02 1.346107721328735352e-01 7.013595104217529297e-02 3.910875320434570312e-02 8.463859558105468750e-06 1.034159660339355469e-01 7.908344268798828125e-04 1.165175437927246094e-02 3.525829315185546875e-02 5.530756711959838867e-02 1.567208766937255859e-02 0.000000000000000000e+00 7.908344268798828125e-04 7.908344268798828125e-04 8.299529552459716797e-03 1.154370903968811035e-01 2.246379852294921875e-03 5.752861499786376953e-02 1.804411411285400391e-02 5.530762672424316406e-02 5.530756711959838867e-02
2.207254171371459961e-01 7.457417249679565430e-02 2.486169338226318359e-02 7.638692855834960938e-03 3.713369369506835938e-04 3.089201450347900391e-02 7.992982864379882812e-04 2.936482429504394531e-03 2.756798267364501953e-02 3.422975540161132812e-03 2.756798267364501953e-02 7.907152175903320312e-04 7.906556129455566406e-04 1.273989677429199219e-02 1.338199377059936523e-01 6.934511661529541016e-02 3.831791877746582031e-02 7.992982864379882812e-04 1.026251316070556641e-01 0.000000000000000000e+00 1.086091995239257812e-02 3.446745872497558594e-02 5.451673269271850586e-02 1.488125324249267578e-02 7.908344268798828125e-04 0.000000000000000000e+00 0.000000000000000000e+00 7.508695125579833984e-03 1.146462559700012207e-01 1.455545425415039062e-03 5.831944942474365234e-02 1.725327968597412109e-02 5.451679229736328125e-02 5.451673269271850586e-02
2.207254171371459961e-01 7.457417249679565430e-02 2.486169338226318359e-02 7.638692855834960938e-03 3.713369369506835938e-04 3.089201450347900391e-02 7.992982864379882812e-04 2.936482429504394531e-03 2.756798267364501953e-02 3.422975540161132812e-03 2.756798267364501953e-02 7.907152175903320312e-04 7.906556129455566406e-04 1.273989677429199219e-02 1.338199377059936523e-01 6.934511661529541016e-02 3.831791877746582031e-02 7.992982864379882812e-04 1.026251316070556641e-01 0.000000000000000000e+00 1.086091995239257812e-02 3.446745872497558594e-02 5.451673269271850586e-02 1.488125324249267578e-02 7.908344268798828125e-04 0.000000000000000000e+00 0.000000000000000000e+00 7.508695125579833984e-03 1.146462559700012207e-01 1.455545425415039062e-03 5.831944942474365234e-02 1.725327968597412109e-02 5.451679229736328125e-02 5.451673269271850586e-02
2.132167220115661621e-01 6.706547737121582031e-02 1.735299825668334961e-02 1.299977302551269531e-04 7.880032062530517578e-03 2.338331937789916992e-02 8.307993412017822266e-03 4.572212696075439453e-03 2.005928754806518555e-02 4.085719585418701172e-03 2.005928754806518555e-02 8.299410343170166016e-03 8.299350738525390625e-03 5.231201648712158203e-03 1.263112425804138184e-01 6.183642148971557617e-02 3.080922365188598633e-02 8.307993412017822266e-03 9.511643648147583008e-02 7.508695125579833984e-03 3.352224826812744141e-03 2.695876359939575195e-02 4.700803756713867188e-02 7.372558116912841797e-03 8.299529552459716797e-03 7.508695125579833984e-03 7.508695125579833984e-03 0.000000000000000000e+00 1.071375608444213867e-01 6.053149700164794922e-03 6.582814455032348633e-02 9.744584560394287109e-03 4.700809717178344727e-02 4.700803756713867188e-02
1.060791611671447754e-01 4.007208347320556641e-02 8.978456258773803711e-02 1.070075631141662598e-01 1.150175929069519043e-01 8.375424146652221680e-02 1.154455542564392090e-01 1.117097735404968262e-01 8.707827329635620117e-02 1.112232804298400879e-01 8.707827329635620117e-02 1.154369711875915527e-01 1.154369115829467773e-01 1.019063591957092285e-01 1.917368173599243164e-02 4.530113935470581055e-02 7.632833719253540039e-02 1.154455542564392090e-01 1.202112436294555664e-02 1.146462559700012207e-01 1.037853360176086426e-01 8.017879724502563477e-02 6.012952327728271484e-02 9.976500272750854492e-02 1.154370903968811035e-01 1.146462559700012207e-01 1.146462559700012207e-01 1.071375608444213867e-01 0.000000000000000000e+00 1.131907105445861816e-01 1.729657053947448730e-01 9.739297628402709961e-02 6.012946367263793945e-02 6.012952327728271484e-02
2.192698717117309570e-01 7.311862707138061523e-02 2.340614795684814453e-02 6.183147430419921875e-03 1.826882362365722656e-03 2.943646907806396484e-02 2.254843711853027344e-03 1.480937004089355469e-03 2.611243724822998047e-02 1.967430114746093750e-03 2.611243724822998047e-02 2.246260643005371094e-03 2.246201038360595703e-03 1.128435134887695312e-02 1.323643922805786133e-01 6.788957118988037109e-02 3.686237335205078125e-02 2.254843711853027344e-03 1.011695861816406250e-01 1.455545425415039062e-03 9.405374526977539062e-03 3.301191329956054688e-02 5.306118726730346680e-02 1.342570781707763672e-02 2.246379852294921875e-03 1.455545425415039062e-03 1.455545425415039062e-03 6.053149700164794922e-03 1.131907105445861816e-01 0.000000000000000000e+00 5.977499485015869141e-02 1.579773426055908203e-02 5.306124687194824219e-02 5.306118726730346680e-02
2.790448665618896484e-01 1.328936219215393066e-01 8.318114280700683594e-02 6.595814228057861328e-02 5.794811248779296875e-02 8.921146392822265625e-02 5.752015113830566406e-02 6.125593185424804688e-02 8.588743209838867188e-02 6.174242496490478516e-02 8.588743209838867188e-02 5.752873420715332031e-02 5.752879381179809570e-02 7.105934619903564453e-02 1.921393871307373047e-01 1.276645660400390625e-01 9.663736820220947266e-02 5.752015113830566406e-02 1.609445810317993164e-01 5.831944942474365234e-02 6.918036937713623047e-02 9.278690814971923828e-02 1.128361821174621582e-01 7.320070266723632812e-02 5.752861499786376953e-02 5.831944942474365234e-02 5.831944942474365234e-02 6.582814455032348633e-02 1.729657053947448730e-01 5.977499485015869141e-02 0.000000000000000000e+00 7.557272911071777344e-02 1.128362417221069336e-01 1.128361821174621582e-01
2.034721374511718750e-01 5.732089281082153320e-02 7.608413696289062500e-03 9.614586830139160156e-03 1.762461662292480469e-02 1.363873481750488281e-02 1.805257797241210938e-02 1.431679725646972656e-02 1.031470298767089844e-02 1.383030414581298828e-02 1.031470298767089844e-02 1.804399490356445312e-02 1.804393529891967773e-02 4.513382911682128906e-03 1.165666580200195312e-01 5.209183692932128906e-02 2.106463909149169922e-02 1.805257797241210938e-02 8.537185192108154297e-02 1.725327968597412109e-02 6.392359733581542969e-03 1.721417903900146484e-02 3.726345300674438477e-02 2.372026443481445312e-03 1.804411411285400391e-02 1.725327968597412109e-02 1.725327968597412109e-02 9.744584560394287109e-03 9.739297628402709961e-02 1.579773426055908203e-02 7.557272911071777344e-02 0.000000000000000000e+00 3.726351261138916016e-02 3.726345300674438477e-02
1.662086248397827148e-01 2.005738019943237305e-02 2.965509891510009766e-02 4.687809944152832031e-02 5.488812923431396484e-02 2.362477779388427734e-02 5.531609058380126953e-02 5.158030986785888672e-02 2.694880962371826172e-02 5.109381675720214844e-02 2.694880962371826172e-02 5.530750751495361328e-02 5.530744791030883789e-02 4.177689552307128906e-02 7.930314540863037109e-02 1.482832431793212891e-02 1.619887351989746094e-02 5.531609058380126953e-02 4.810833930969238281e-02 5.451679229736328125e-02 4.365587234497070312e-02 2.004933357238769531e-02 5.960464477539062500e-08 3.963553905487060547e-02 5.530762672424316406e-02 5.451679229736328125e-02 5.451679229736328125e-02 4.700809717178344727e-02 6.012946367263793945e-02 5.306124687194824219e-02 1.128362417221069336e-01 3.726351261138916016e-02 0.000000000000000000e+00 5.960464477539062500e-08
1.662086844444274902e-01 2.005743980407714844e-02 2.965503931045532227e-02 4.687803983688354492e-02 5.488806962966918945e-02 2.362471818923950195e-02 5.531603097915649414e-02 5.158025026321411133e-02 2.694875001907348633e-02 5.109375715255737305e-02 2.694875001907348633e-02 5.530744791030883789e-02 5.530738830566406250e-02 4.177683591842651367e-02 7.930320501327514648e-02 1.482838392257690430e-02 1.619881391525268555e-02 5.531603097915649414e-02 4.810839891433715820e-02 5.451673269271850586e-02 4.365581274032592773e-02 2.004927396774291992e-02 0.000000000000000000e+00 3.963547945022583008e-02 5.530756711959838867e-02 5.451673269271850586e-02 5.451673269271850586e-02 4.700803756713867188e-02 6.012952327728271484e-02 5.306118726730346680e-02 1.128361821174621582e-01 3.726345300674438477e-02 5.960464477539062500e-08 0.000000000000000000e+00
