0.000000000000000000e+00 2.391194105148315430e-01 1.932909488677978516e-01 2.401715517044067383e-01 1.656976342201232910e-01 2.215708494186401367e-01 2.055501937866210938e-01 2.394702434539794922e-01 2.310457229614257812e-01 2.408533096313476562e-01 2.395586967468261719e-01 2.408533096313476562e-01 2.288855910301208496e-01 2.329844236373901367e-01 9.579133242368698120e-02 1.207146570086479187e-01 1.844237446784973145e-01 2.159231901168823242e-01 2.371597290039062500e-01 2.406991720199584961e-01 2.016344666481018066e-01 2.128820419311523438e-01 1.607309579849243164e-01 2.346851825714111328e-01 2.128821611404418945e-01 2.391195297241210938e-01 2.241665720939636230e-01 2.346851825714111328e-01 1.442358493804931641e-01 2.371597290039062500e-01 2.760176658630371094e-01 2.401016950607299805e-01 2.379133105278015137e-01 1.554561853408813477e-01
2.391194105148315430e-01 0.000000000000000000e+00 4.582846164703369141e-02 1.052141189575195312e-03 7.342177629470825195e-02 1.754856109619140625e-02 3.356921672821044922e-02 3.508329391479492188e-04 8.073687553405761719e-03 1.733899116516113281e-03 4.392862319946289062e-04 1.733899116516113281e-03 1.023381948471069336e-02 6.134986877441406250e-03 1.433280706405639648e-01 1.184047460556030273e-01 5.469566583633422852e-02 2.319622039794921875e-02 1.959681510925292969e-03 1.579761505126953125e-03 3.748494386672973633e-02 2.623736858367919922e-02 7.838845252990722656e-02 4.434227943420410156e-03 2.623724937438964844e-02 1.192092895507812500e-07 1.495283842086791992e-02 4.434227943420410156e-03 9.488356113433837891e-02 1.959681510925292969e-03 3.689825534820556641e-02 9.822845458984375000e-04 1.206099987030029297e-03 8.366322517395019531e-02
1.932909488677978516e-01 4.582846164703369141e-02 0.000000000000000000e+00 4.688060283660888672e-02 2.759331464767456055e-02 2.827990055084228516e-02 1.225924491882324219e-02 4.617929458618164062e-02 3.775477409362792969e-02 4.756236076354980469e-02 4.626774787902832031e-02 4.756236076354980469e-02 3.559464216232299805e-02 3.969347476959228516e-02 9.749960899353027344e-02 7.257628440856933594e-02 8.867204189300537109e-03 2.263224124908447266e-02 4.386878013610839844e-02 4.740822315216064453e-02 8.343517780303955078e-03 1.959109306335449219e-02 3.255999088287353516e-02 4.139423370361328125e-02 1.959121227264404297e-02 4.582858085632324219e-02 3.087562322616577148e-02 4.139423370361328125e-02 4.905509948730468750e-02 4.386878013610839844e-02 8.272671699523925781e-02 4.681074619293212891e-02 4.462236166000366211e-02 3.783476352691650391e-02
2.401715517044067383e-01 1.052141189575195312e-03 4.688060283660888672e-02 0.000000000000000000e+00 7.447391748428344727e-02 1.860070228576660156e-02 3.462135791778564453e-02 7.013082504272460938e-04 9.125828742980957031e-03 6.817579269409179688e-04 6.128549575805664062e-04 6.817579269409179688e-04 1.128596067428588867e-02 7.187128067016601562e-03 1.443802118301391602e-01 1.194568872451782227e-01 5.574780702590942383e-02 2.424836158752441406e-02 3.011822700500488281e-03 5.276203155517578125e-04 3.853708505630493164e-02 2.728950977325439453e-02 7.944059371948242188e-02 5.486369132995605469e-03 2.728939056396484375e-02 1.052021980285644531e-03 1.600497961044311523e-02 5.486369132995605469e-03 9.593570232391357422e-02 3.011822700500488281e-03 3.584611415863037109e-02 6.985664367675781250e-05 2.258241176605224609e-03 8.471536636352539062e-02
1.656976342201232910e-01 7.342177629470825195e-02 2.759331464767456055e-02 7.447391748428344727e-02 0.000000000000000000e+00 5.587321519851684570e-02 3.985255956649780273e-02 7.377260923385620117e-02 6.534808874130249023e-02 7.515567541122436523e-02 7.386106252670288086e-02 7.515567541122436523e-02 6.318795680999755859e-02 6.728678941726684570e-02 6.990629434585571289e-02 4.498296976089477539e-02 1.872611045837402344e-02 5.022555589675903320e-02 7.146209478378295898e-02 7.500153779983520508e-02 3.593683242797851562e-02 4.718440771102905273e-02 4.966676235198974609e-03 6.898754835128784180e-02 4.718452692031860352e-02 7.342189550399780273e-02 5.846893787384033203e-02 6.898754835128784180e-02 2.146178483963012695e-02 7.146209478378295898e-02 1.103200316429138184e-01 7.440406084060668945e-02 7.221567630767822266e-02 1.024144887924194336e-02
2.215708494186401367e-01 1.754856109619140625e-02 2.827990055084228516e-02 1.860070228576660156e-02 5.587321519851684570e-02 0.000000000000000000e+00 1.602065563201904297e-02 1.789939403533935547e-02 9.474873542785644531e-03 1.928246021270751953e-02 1.798784732818603516e-02 1.928246021270751953e-02 7.314741611480712891e-03 1.141357421875000000e-02 1.257795095443725586e-01 1.008561849594116211e-01 3.714710474014282227e-02 5.647659301757812500e-03 1.558887958526611328e-02 1.912832260131835938e-02 1.993638277053833008e-02 8.688807487487792969e-03 6.083989143371582031e-02 1.311433315277099609e-02 8.688688278198242188e-03 1.754868030548095703e-02 2.595722675323486328e-03 1.311433315277099609e-02 7.733500003814697266e-02 1.558887958526611328e-02 5.444681644439697266e-02 1.853084564208984375e-02 1.634246110916137695e-02 6.611466407775878906e-02
2.055501937866210938e-01 3.356921672821044922e-02 1.225924491882324219e-02 3.462135791778564453e-02 3.985255956649780273e-02 1.602065563201904297e-02 0.000000000000000000e+00 3.392004966735839844e-02 2.549552917480468750e-02 3.530311584472656250e-02 3.400850296020507812e-02 3.530311584472656250e-02 2.333539724349975586e-02 2.743422985076904297e-02 1.097588539123535156e-01 8.483552932739257812e-02 2.112644910812377930e-02 1.037299633026123047e-02 3.160953521728515625e-02 3.514897823333740234e-02 3.915727138519287109e-03 7.331848144531250000e-03 4.481923580169677734e-02 2.913498878479003906e-02 7.331967353820800781e-03 3.356933593750000000e-02 1.861637830734252930e-02 2.913498878479003906e-02 6.131434440612792969e-02 3.160953521728515625e-02 7.046747207641601562e-02 3.455150127410888672e-02 3.236311674118041992e-02 5.009400844573974609e-02
2.394702434539794922e-01 3.508329391479492188e-04 4.617929458618164062e-02 7.013082504272460938e-04 7.377260923385620117e-02 1.789939403533935547e-02 3.392004966735839844e-02 0.000000000000000000e+00 8.424520492553710938e-03 1.383066177368164062e-03 8.845329284667968750e-05 1.383066177368164062e-03 1.058465242385864258e-02 6.485819816589355469e-03 1.436789035797119141e-01 1.187555789947509766e-01 5.504649877548217773e-02 2.354705333709716797e-02 2.310514450073242188e-03 1.228928565979003906e-03 3.783577680587768555e-02 2.658820152282714844e-02 7.873928546905517578e-02 4.785060882568359375e-03 2.658808231353759766e-02 3.507137298583984375e-04 1.530367136001586914e-02 4.785060882568359375e-03 9.523439407348632812e-02 2.310514450073242188e-03 3.654742240905761719e-02 6.314516067504882812e-04 1.556932926177978516e-03 8.401405811309814453e-02
2.310457229614257812e-01 8.073687553405761719e-03 3.775477409362792969e-02 9.125828742980957031e-03 6.534808874130249023e-02 9.474873542785644531e-03 2.549552917480468750e-02 8.424520492553710938e-03 0.000000000000000000e+00 9.807586669921875000e-03 8.512973785400390625e-03 9.807586669921875000e-03 2.160131931304931641e-03 1.938700675964355469e-03 1.352543830871582031e-01 1.103310585021972656e-01 4.662197828292846680e-02 1.512253284454345703e-02 6.114006042480468750e-03 9.653449058532714844e-03 2.941125631332397461e-02 1.816368103027343750e-02 7.031476497650146484e-02 3.639459609985351562e-03 1.816356182098388672e-02 8.073806762695312500e-03 6.879150867462158203e-03 3.639459609985351562e-03 8.680987358093261719e-02 6.114006042480468750e-03 4.497194290161132812e-02 9.055972099304199219e-03 6.867587566375732422e-03 7.558953762054443359e-02
2.408533096313476562e-01 1.733899116516113281e-03 4.756236076354980469e-02 6.817579269409179688e-04 7.515567541122436523e-02 1.928246021270751953e-02 3.530311584472656250e-02 1.383066177368164062e-03 9.807586669921875000e-03 0.000000000000000000e+00 1.294612884521484375e-03 0.000000000000000000e+00 1.196771860122680664e-02 7.868885993957519531e-03 1.450619697570800781e-01 1.201386451721191406e-01 5.642956495285034180e-02 2.493011951446533203e-02 3.693580627441406250e-03 1.541376113891601562e-04 3.921884298324584961e-02 2.797126770019531250e-02 8.012235164642333984e-02 6.168127059936523438e-03 2.797114849090576172e-02 1.733779907226562500e-03 1.668673753738403320e-02 6.168127059936523438e-03 9.661746025085449219e-02 3.693580627441406250e-03 3.516435623168945312e-02 7.516145706176757812e-04 2.939999103546142578e-03 8.539712429046630859e-02
2.395586967468261719e-01 4.392862319946289062e-04 4.626774787902832031e-02 6.128549575805664062e-04 7.386106252670288086e-02 1.798784732818603516e-02 3.400850296020507812e-02 8.845329284667968750e-05 8.512973785400390625e-03 1.294612884521484375e-03 0.000000000000000000e+00 1.294612884521484375e-03 1.067310571670532227e-02 6.574273109436035156e-03 1.437673568725585938e-01 1.188440322875976562e-01 5.513495206832885742e-02 2.363550662994384766e-02 2.398967742919921875e-03 1.140475273132324219e-03 3.792423009872436523e-02 2.667665481567382812e-02 7.882773876190185547e-02 4.873514175415039062e-03 2.667653560638427734e-02 4.391670227050781250e-04 1.539212465286254883e-02 4.873514175415039062e-03 9.532284736633300781e-02 2.398967742919921875e-03 3.645896911621093750e-02 5.429983139038085938e-04 1.645386219024658203e-03 8.410251140594482422e-02
2.408533096313476562e-01 1.733899116516113281e-03 4.756236076354980469e-02 6.817579269409179688e-04 7.515567541122436523e-02 1.928246021270751953e-02 3.530311584472656250e-02 1.383066177368164062e-03 9.807586669921875000e-03 0.000000000000000000e+00 1.294612884521484375e-03 0.000000000000000000e+00 1.196771860122680664e-02 7.868885993957519531e-03 1.450619697570800781e-01 1.201386451721191406e-01 5.642956495285034180e-02 2.493011951446533203e-02 3.693580627441406250e-03 1.541376113891601562e-04 3.921884298324584961e-02 2.797126770019531250e-02 8.012235164642333984e-02 6.168127059936523438e-03 2.797114849090576172e-02 1.733779907226562500e-03 1.668673753738403320e-02 6.168127059936523438e-03 9.661746025085449219e-02 3.693580627441406250e-03 3.516435623168945312e-02 7.516145706176757812e-04 2.939999103546142578e-03 8.539712429046630859e-02
2.288855910301208496e-01 1.023381948471069336e-02 3.559464216232299805e-02 1.128596067428588867e-02 6.318795680999755859e-02 7.314741611480712891e-03 2.333539724349975586e-02 1.058465242385864258e-02 2.160131931304931641e-03 1.196771860122680664e-02 1.067310571670532227e-02 1.196771860122680664e-02 0.000000000000000000e+00 4.098832607269287109e-03 1.330942511558532715e-01 1.081709265708923340e-01 4.446184635162353516e-02 1.296240091323852539e-02 8.274137973785400391e-03 1.181358098983764648e-02 2.725112438201904297e-02 1.600354909896850586e-02 6.815463304519653320e-02 5.799591541290283203e-03 1.600342988967895508e-02 1.023393869400024414e-02 4.719018936157226562e-03 5.799591541290283203e-03 8.464974164962768555e-02 8.274137973785400391e-03 4.713207483291625977e-02 1.121610403060913086e-02 9.027719497680664062e-03 7.342940568923950195e-02
2.329844236373901367e-01 6.134986877441406250e-03 3.969347476959228516e-02 7.187128067016601562e-03 6.728678941726684570e-02 1.141357421875000000e-02 2.743422985076904297e-02 6.485819816589355469e-03 1.938700675964355469e-03 7.868885993957519531e-03 6.574273109436035156e-03 7.868885993957519531e-03 4.098832607269287109e-03 0.000000000000000000e+00 1.371930837631225586e-01 1.122697591781616211e-01 4.856067895889282227e-02 1.706123352050781250e-02 4.175305366516113281e-03 7.714748382568359375e-03 3.134995698928833008e-02 2.010238170623779297e-02 7.225346565246582031e-02 1.700758934020996094e-03 2.010226249694824219e-02 6.135106086730957031e-03 8.817851543426513672e-03 1.700758934020996094e-03 8.874857425689697266e-02 4.175305366516113281e-03 4.303324222564697266e-02 7.117271423339843750e-03 4.928886890411376953e-03 7.752823829650878906e-02
9.579133242368698120e-02 1.433280706405639648e-01 9.749960899353027344e-02 1.443802118301391602e-01 6.990629434585571289e-02 1.257795095443725586e-01 1.097588539123535156e-01 1.436789035797119141e-01 1.352543830871582031e-01 1.450619697570800781e-01 1.437673568725585938e-01 1.450619697570800781e-01 1.330942511558532715e-01 1.371930837631225586e-01 0.000000000000000000e+00 2.492332458496093750e-02 8.863240480422973633e-02 1.201318502426147461e-01 1.413683891296386719e-01 1.449078321456909180e-01 1.058431267738342285e-01 1.170907020568847656e-01 6.493961811065673828e-02 1.388938426971435547e-01 1.170908212661743164e-01 1.433281898498535156e-01 1.283752322196960449e-01 1.388938426971435547e-01 4.844450950622558594e-02 1.413683891296386719e-01 1.802263259887695312e-01 1.443103551864624023e-01 1.421219706535339355e-01 5.966484546661376953e-02
1.207146570086479187e-01 1.184047460556030273e-01 7.257628440856933594e-02 1.194568872451782227e-01 4.498296976089477539e-02 1.008561849594116211e-01 8.483552932739257812e-02 1.187555789947509766e-01 1.103310585021972656e-01 1.201386451721191406e-01 1.188440322875976562e-01 1.201386451721191406e-01 1.081709265708923340e-01 1.122697591781616211e-01 2.492332458496093750e-02 0.000000000000000000e+00 6.370908021926879883e-02 9.520852565765380859e-02 1.164450645446777344e-01 1.199845075607299805e-01 8.091980218887329102e-02 9.216737747192382812e-02 4.001629352569580078e-02 1.139705181121826172e-01 9.216749668121337891e-02 1.184048652648925781e-01 1.034519076347351074e-01 1.139705181121826172e-01 2.352118492126464844e-02 1.164450645446777344e-01 1.553030014038085938e-01 1.193870306015014648e-01 1.171986460685729980e-01 3.474152088165283203e-02
1.844237446784973145e-01 5.469566583633422852e-02 8.867204189300537109e-03 5.574780702590942383e-02 1.872611045837402344e-02 3.714710474014282227e-02 2.112644910812377930e-02 5.504649877548217773e-02 4.662197828292846680e-02 5.642956495285034180e-02 5.513495206832885742e-02 5.642956495285034180e-02 4.446184635162353516e-02 4.856067895889282227e-02 8.863240480422973633e-02 6.370908021926879883e-02 0.000000000000000000e+00 3.149944543838500977e-02 5.273598432540893555e-02 5.627542734146118164e-02 1.721072196960449219e-02 2.845829725265502930e-02 2.369278669357299805e-02 5.026143789291381836e-02 2.845841646194458008e-02 5.469578504562377930e-02 3.974282741546630859e-02 5.026143789291381836e-02 4.018789529800415039e-02 5.273598432540893555e-02 9.159392118453979492e-02 5.567795038223266602e-02 5.348956584930419922e-02 2.896755933761596680e-02
2.159231901168823242e-01 2.319622039794921875e-02 2.263224124908447266e-02 2.424836158752441406e-02 5.022555589675903320e-02 5.647659301757812500e-03 1.037299633026123047e-02 2.354705333709716797e-02 1.512253284454345703e-02 2.493011951446533203e-02 2.363550662994384766e-02 2.493011951446533203e-02 1.296240091323852539e-02 1.706123352050781250e-02 1.201318502426147461e-01 9.520852565765380859e-02 3.149944543838500977e-02 0.000000000000000000e+00 2.123653888702392578e-02 2.477598190307617188e-02 1.428872346878051758e-02 3.041148185729980469e-03 5.519223213195800781e-02 1.876199245452880859e-02 3.041028976440429688e-03 2.319633960723876953e-02 8.243381977081298828e-03 1.876199245452880859e-02 7.168734073638916016e-02 2.123653888702392578e-02 6.009447574615478516e-02 2.417850494384765625e-02 2.199012041091918945e-02 6.046700477600097656e-02
2.371597290039062500e-01 1.959681510925292969e-03 4.386878013610839844e-02 3.011822700500488281e-03 7.146209478378295898e-02 1.558887958526611328e-02 3.160953521728515625e-02 2.310514450073242188e-03 6.114006042480468750e-03 3.693580627441406250e-03 2.398967742919921875e-03 3.693580627441406250e-03 8.274137973785400391e-03 4.175305366516113281e-03 1.413683891296386719e-01 1.164450645446777344e-01 5.273598432540893555e-02 2.123653888702392578e-02 0.000000000000000000e+00 3.539443016052246094e-03 3.552526235580444336e-02 2.427768707275390625e-02 7.642877101898193359e-02 2.474546432495117188e-03 2.427756786346435547e-02 1.959800720214843750e-03 1.299315690994262695e-02 2.474546432495117188e-03 9.292387962341308594e-02 0.000000000000000000e+00 3.885793685913085938e-02 2.941966056823730469e-03 7.535815238952636719e-04 8.170354366302490234e-02
2.406991720199584961e-01 1.579761505126953125e-03 4.740822315216064453e-02 5.276203155517578125e-04 7.500153779983520508e-02 1.912832260131835938e-02 3.514897823333740234e-02 1.228928565979003906e-03 9.653449058532714844e-03 1.541376113891601562e-04 1.140475273132324219e-03 1.541376113891601562e-04 1.181358098983764648e-02 7.714748382568359375e-03 1.449078321456909180e-01 1.199845075607299805e-01 5.627542734146118164e-02 2.477598190307617188e-02 3.539443016052246094e-03 0.000000000000000000e+00 3.906470537185668945e-02 2.781713008880615234e-02 7.996821403503417969e-02 6.013989448547363281e-03 2.781701087951660156e-02 1.579642295837402344e-03 1.653259992599487305e-02 6.013989448547363281e-03 9.646332263946533203e-02 3.539443016052246094e-03 3.531849384307861328e-02 5.974769592285156250e-04 2.785861492156982422e-03 8.524298667907714844e-02
2.016344666481018066e-01 3.748494386672973633e-02 8.343517780303955078e-03 3.853708505630493164e-02 3.593683242797851562e-02 1.993638277053833008e-02 3.915727138519287109e-03 3.783577680587768555e-02 2.941125631332397461e-02 3.921884298324584961e-02 3.792423009872436523e-02 3.921884298324584961e-02 2.725112438201904297e-02 3.134995698928833008e-02 1.058431267738342285e-01 8.091980218887329102e-02 1.721072196960449219e-02 1.428872346878051758e-02 3.552526235580444336e-02 3.906470537185668945e-02 0.000000000000000000e+00 1.124757528305053711e-02 4.090350866317749023e-02 3.305071592330932617e-02 1.124769449234008789e-02 3.748506307601928711e-02 2.253210544586181641e-02 3.305071592330932617e-02 5.739861726760864258e-02 3.552526235580444336e-02 7.438319921493530273e-02 3.846722841262817383e-02 3.627884387969970703e-02 4.617828130722045898e-02
2.128820419311523438e-01 2.623736858367919922e-02 1.959109306335449219e-02 2.728950977325439453e-02 4.718440771102905273e-02 8.688807487487792969e-03 7.331848144531250000e-03 2.658820152282714844e-02 1.816368103027343750e-02 2.797126770019531250e-02 2.667665481567382812e-02 2.797126770019531250e-02 1.600354909896850586e-02 2.010238170623779297e-02 1.170907020568847656e-01 9.216737747192382812e-02 2.845829725265502930e-02 3.041148185729980469e-03 2.427768707275390625e-02 2.781713008880615234e-02 1.124757528305053711e-02 0.000000000000000000e+00 5.215108394622802734e-02 2.180314064025878906e-02 1.192092895507812500e-07 2.623748779296875000e-02 1.128453016281127930e-02 2.180314064025878906e-02 6.864619255065917969e-02 2.427768707275390625e-02 6.313562393188476562e-02 2.721965312957763672e-02 2.503126859664916992e-02 5.742585659027099609e-02
1.607309579849243164e-01 7.838845252990722656e-02 3.255999088287353516e-02 7.944059371948242188e-02 4.966676235198974609e-03 6.083989143371582031e-02 4.481923580169677734e-02 7.873928546905517578e-02 7.031476497650146484e-02 8.012235164642333984e-02 7.882773876190185547e-02 8.012235164642333984e-02 6.815463304519653320e-02 7.225346565246582031e-02 6.493961811065673828e-02 4.001629352569580078e-02 2.369278669357299805e-02 5.519223213195800781e-02 7.642877101898193359e-02 7.996821403503417969e-02 4.090350866317749023e-02 5.215108394622802734e-02 0.000000000000000000e+00 7.395422458648681641e-02 5.215120315551757812e-02 7.838857173919677734e-02 6.343561410903930664e-02 7.395422458648681641e-02 1.649510860443115234e-02 7.642877101898193359e-02 1.152867078781127930e-01 7.937073707580566406e-02 7.718235254287719727e-02 5.274772644042968750e-03
2.346851825714111328e-01 4.434227943420410156e-03 4.139423370361328125e-02 5.486369132995605469e-03 6.898754835128784180e-02 1.311433315277099609e-02 2.913498878479003906e-02 4.785060882568359375e-03 3.639459609985351562e-03 6.168127059936523438e-03 4.873514175415039062e-03 6.168127059936523438e-03 5.799591541290283203e-03 1.700758934020996094e-03 1.388938426971435547e-01 1.139705181121826172e-01 5.026143789291381836e-02 1.876199245452880859e-02 2.474546432495117188e-03 6.013989448547363281e-03 3.305071592330932617e-02 2.180314064025878906e-02 7.395422458648681641e-02 0.000000000000000000e+00 2.180302143096923828e-02 4.434347152709960938e-03 1.051861047744750977e-02 0.000000000000000000e+00 9.044933319091796875e-02 2.474546432495117188e-03 4.133248329162597656e-02 5.416512489318847656e-03 3.228127956390380859e-03 7.922899723052978516e-02
2.128821611404418945e-01 2.623724937438964844e-02 1.959121227264404297e-02 2.728939056396484375e-02 4.718452692031860352e-02 8.688688278198242188e-03 7.331967353820800781e-03 2.658808231353759766e-02 1.816356182098388672e-02 2.797114849090576172e-02 2.667653560638427734e-02 2.797114849090576172e-02 1.600342988967895508e-02 2.010226249694824219e-02 1.170908212661743164e-01 9.216749668121337891e-02 2.845841646194458008e-02 3.041028976440429688e-03 2.427756786346435547e-02 2.781701087951660156e-02 1.124769449234008789e-02 1.192092895507812500e-07 5.215120315551757812e-02 2.180302143096923828e-02 0.000000000000000000e+00 2.623736858367919922e-02 1.128441095352172852e-02 2.180302143096923828e-02 6.864631175994873047e-02 2.427756786346435547e-02 6.313550472259521484e-02 2.721953392028808594e-02 2.503114938735961914e-02 5.742597579956054688e-02
2.391195297241210938e-01 1.192092895507812500e-07 4.582858085632324219e-02 1.052021980285644531e-03 7.342189550399780273e-02 1.754868030548095703e-02 3.356933593750000000e-02 3.507137298583984375e-04 8.073806762695312500e-03 1.733779907226562500e-03 4.391670227050781250e-04 1.733779907226562500e-03 1.023393869400024414e-02 6.135106086730957031e-03 1.433281898498535156e-01 1.184048652648925781e-01 5.469578504562377930e-02 2.319633960723876953e-02 1.959800720214843750e-03 1.579642295837402344e-03 3.748506307601928711e-02 2.623748779296875000e-02 7.838857173919677734e-02 4.434347152709960938e-03 2.623736858367919922e-02 0.000000000000000000e+00 1.495295763015747070e-02 4.434347152709960938e-03 9.488368034362792969e-02 1.959800720214843750e-03 3.689813613891601562e-02 9.821653366088867188e-04 1.206219196319580078e-03 8.366334438323974609e-02
2.241665720939636230e-01 1.495283842086791992e-02 3.087562322616577148e-02 1.600497961044311523e-02 5.846893787384033203e-02 2.595722675323486328e-03 1.861637830734252930e-02 1.530367136001586914e-02 6.879150867462158203e-03 1.668673753738403320e-02 1.539212465286254883e-02 1.668673753738403320e-02 4.719018936157226562e-03 8.817851543426513672e-03 1.283752322196960449e-01 1.034519076347351074e-01 3.974282741546630859e-02 8.243381977081298828e-03 1.299315690994262695e-02 1.653259992599487305e-02 2.253210544586181641e-02 1.128453016281127930e-02 6.343561410903930664e-02 1.051861047744750977e-02 1.128441095352172852e-02 1.495295763015747070e-02 0.000000000000000000e+00 1.051861047744750977e-02 7.993072271347045898e-02 1.299315690994262695e-02 5.185109376907348633e-02 1.593512296676635742e-02 1.374673843383789062e-02 6.871038675308227539e-02
2.346851825714111328e-01 4.434227943420410156e-03 4.139423370361328125e-02 5.486369132995605469e-03 6.898754835128784180e-02 1.311433315277099609e-02 2.913498878479003906e-02 4.785060882568359375e-03 3.639459609985351562e-03 6.168127059936523438e-03 4.873514175415039062e-03 6.168127059936523438e-03 5.799591541290283203e-03 1.700758934020996094e-03 1.388938426971435547e-01 1.139705181121826172e-01 5.026143789291381836e-02 1.876199245452880859e-02 2.474546432495117188e-03 6.013989448547363281e-03 3.305071592330932617e-02 2.180314064025878906e-02 7.395422458648681641e-02 0.000000000000000000e+00 2.180302143096923828e-02 4.434347152709960938e-03 1.051861047744750977e-02 0.000000000000000000e+00 9.044933319091796875e-02 2.474546432495117188e-03 4.133248329162597656e-02 5.416512489318847656e-03 3.228127956390380859e-03 7.922899723052978516e-02
1.442358493804931641e-01 9.488356113433837891e-02 4.905509948730468750e-02 9.593570232391357422e-02 2.146178483963012695e-02 7.733500003814697266e-02 6.131434440612792969e-02 9.523439407348632812e-02 8.680987358093261719e-02 9.661746025085449219e-02 9.532284736633300781e-02 9.661746025085449219e-02 8.464974164962768555e-02 8.874857425689697266e-02 4.844450950622558594e-02 2.352118492126464844e-02 4.018789529800415039e-02 7.168734073638916016e-02 9.292387962341308594e-02 9.646332263946533203e-02 5.739861726760864258e-02 6.864619255065917969e-02 1.649510860443115234e-02 9.044933319091796875e-02 6.864631175994873047e-02 9.488368034362792969e-02 7.993072271347045898e-02 9.044933319091796875e-02 0.000000000000000000e+00 9.292387962341308594e-02 1.317818164825439453e-01 9.586584568023681641e-02 9.367746114730834961e-02 1.122033596038818359e-02
2.371597290039062500e-01 1.959681510925292969e-03 4.386878013610839844e-02 3.011822700500488281e-03 7.146209478378295898e-02 1.558887958526611328e-02 3.160953521728515625e-02 2.310514450073242188e-03 6.114006042480468750e-03 3.693580627441406250e-03 2.398967742919921875e-03 3.693580627441406250e-03 8.274137973785400391e-03 4.175305366516113281e-03 1.413683891296386719e-01 1.164450645446777344e-01 5.273598432540893555e-02 2.123653888702392578e-02 0.000000000000000000e+00 3.539443016052246094e-03 3.552526235580444336e-02 2.427768707275390625e-02 7.642877101898193359e-02 2.474546432495117188e-03 2.427756786346435547e-02 1.959800720214843750e-03 1.299315690994262695e-02 2.474546432495117188e-03 9.292387962341308594e-02 0.000000000000000000e+00 3.885793685913085938e-02 2.941966056823730469e-03 7.535815238952636719e-04 8.170354366302490234e-02
2.760176658630371094e-01 3.689825534820556641e-02 8.272671699523925781e-02 3.584611415863037109e-02 1.103200316429138184e-01 5.444681644439697266e-02 7.046747207641601562e-02 3.654742240905761719e-02 4.497194290161132812e-02 3.516435623168945312e-02 3.645896911621093750e-02 3.516435623168945312e-02 4.713207483291625977e-02 4.303324222564697266e-02 1.802263259887695312e-01 1.553030014038085938e-01 9.159392118453979492e-02 6.009447574615478516e-02 3.885793685913085938e-02 3.531849384307861328e-02 7.438319921493530273e-02 6.313562393188476562e-02 1.152867078781127930e-01 4.133248329162597656e-02 6.313550472259521484e-02 3.689813613891601562e-02 5.185109376907348633e-02 4.133248329162597656e-02 1.317818164825439453e-01 3.885793685913085938e-02 0.000000000000000000e+00 3.591597080230712891e-02 3.810435533523559570e-02 1.205614805221557617e-01
2.401016950607299805e-01 9.822845458984375000e-04 4.681074619293212891e-02 6.985664367675781250e-05 7.440406084060668945e-02 1.853084564208984375e-02 3.455150127410888672e-02 6.314516067504882812e-04 9.055972099304199219e-03 7.516145706176757812e-04 5.429983139038085938e-04 7.516145706176757812e-04 1.121610403060913086e-02 7.117271423339843750e-03 1.443103551864624023e-01 1.193870306015014648e-01 5.567795038223266602e-02 2.417850494384765625e-02 2.941966056823730469e-03 5.974769592285156250e-04 3.846722841262817383e-02 2.721965312957763672e-02 7.937073707580566406e-02 5.416512489318847656e-03 2.721953392028808594e-02 9.821653366088867188e-04 1.593512296676635742e-02 5.416512489318847656e-03 9.586584568023681641e-02 2.941966056823730469e-03 3.591597080230712891e-02 0.000000000000000000e+00 2.188384532928466797e-03 8.464550971984863281e-02
2.379133105278015137e-01 1.206099987030029297e-03 4.462236166000366211e-02 2.258241176605224609e-03 7.221567630767822266e-02 1.634246110916137695e-02 3.236311674118041992e-02 1.556932926177978516e-03 6.867587566375732422e-03 2.939999103546142578e-03 1.645386219024658203e-03 2.939999103546142578e-03 9.027719497680664062e-03 4.928886890411376953e-03 1.421219706535339355e-01 1.171986460685729980e-01 5.348956584930419922e-02 2.199012041091918945e-02 7.535815238952636719e-04 2.785861492156982422e-03 3.627884387969970703e-02 2.503126859664916992e-02 7.718235254287719727e-02 3.228127956390380859e-03 2.503114938735961914e-02 1.206219196319580078e-03 1.374673843383789062e-02 3.228127956390380859e-03 9.367746114730834961e-02 7.535815238952636719e-04 3.810435533523559570e-02 2.188384532928466797e-03 0.000000000000000000e+00 8.245712518692016602e-02
1.554561853408813477e-01 8.366322517395019531e-02 3.783476352691650391e-02 8.471536636352539062e-02 1.024144887924194336e-02 6.611466407775878906e-02 5.009400844573974609e-02 8.401405811309814453e-02 7.558953762054443359e-02 8.539712429046630859e-02 8.410251140594482422e-02 8.539712429046630859e-02 7.342940568923950195e-02 7.752823829650878906e-02 5.966484546661376953e-02 3.474152088165283203e-02 2.896755933761596680e-02 6.046700477600097656e-02 8.170354366302490234e-02 8.524298667907714844e-02 4.617828130722045898e-02 5.742585659027099609e-02 5.274772644042968750e-03 7.922899723052978516e-02 5.742597579956054688e-02 8.366334438323974609e-02 6.871038675308227539e-02 7.922899723052978516e-02 1.122033596038818359e-02 8.170354366302490234e-02 1.205614805221557617e-01 8.464550971984863281e-02 8.245712518692016602e-02 0.000000000000000000e+00
