0.000000000000000000e+00 8.398235589265823364e-02 9.642034769058227539e-02 1.504337787628173828e-01 8.699494600296020508e-02 1.343555450439453125e-01 1.362490653991699219e-01 1.299695372581481934e-01 1.299694776535034180e-01 1.531710028648376465e-01 1.536085009574890137e-01 1.536085009574890137e-01 1.466002464294433594e-01 1.389383077621459961e-01 1.785594224929809570e-02 5.766749382019042969e-03 1.299695372581481934e-01 1.531709432601928711e-01 1.531708836555480957e-01 1.536085009574890137e-01 1.322512626647949219e-01 1.267384290695190430e-01 5.056911706924438477e-02 1.267383694648742676e-01 3.958159685134887695e-02 1.531710028648376465e-01 1.362491250038146973e-01 1.045559644699096680e-01 9.187912940979003906e-02 1.478074789047241211e-01 1.625182032585144043e-01 1.522395014762878418e-01 1.510864496231079102e-01 1.006456017494201660e-01
8.398235589265823364e-02 0.000000000000000000e+00 1.804026961326599121e-01 2.344161272048950195e-01 1.709772944450378418e-01 2.183378934860229492e-01 2.202314138412475586e-01 2.139518857002258301e-01 2.139518260955810547e-01 2.371533513069152832e-01 2.375908493995666504e-01 2.375908493995666504e-01 2.305825948715209961e-01 2.229206562042236328e-01 6.612641364336013794e-02 7.821560651063919067e-02 2.139518857002258301e-01 2.371532917022705078e-01 2.371532320976257324e-01 2.375908493995666504e-01 2.162336111068725586e-01 2.107207775115966797e-01 1.345514655113220215e-01 2.107207179069519043e-01 1.235639527440071106e-01 2.371533513069152832e-01 2.202314734458923340e-01 1.885383129119873047e-01 1.758614778518676758e-01 2.317898273468017578e-01 2.465005517005920410e-01 2.362218499183654785e-01 2.350687980651855469e-01 1.846279501914978027e-01
9.642034769058227539e-02 1.804026961326599121e-01 0.000000000000000000e+00 5.401343107223510742e-02 9.425402618944644928e-03 3.793519735336303711e-02 3.982871770858764648e-02 3.354918956756591797e-02 3.354912996292114258e-02 5.675065517425537109e-02 5.718815326690673828e-02 5.718815326690673828e-02 5.017989873886108398e-02 4.251796007156372070e-02 1.142762899398803711e-01 1.021870970726013184e-01 3.354918956756591797e-02 5.675059556961059570e-02 5.675053596496582031e-02 5.718815326690673828e-02 3.583091497421264648e-02 3.031808137893676758e-02 4.585123062133789062e-02 3.031802177429199219e-02 5.683875083923339844e-02 5.675065517425537109e-02 3.982877731323242188e-02 8.135616779327392578e-03 4.541218280792236328e-03 5.138713121414184570e-02 6.609785556793212891e-02 5.581915378570556641e-02 5.466610193252563477e-02 4.225254058837890625e-03
1.504337787628173828e-01 2.344161272048950195e-01 5.401343107223510742e-02 0.000000000000000000e+00 6.343883275985717773e-02 1.607823371887207031e-02 1.418471336364746094e-02 2.046424150466918945e-02 2.046430110931396484e-02 2.737224102020263672e-03 3.174722194671630859e-03 3.174722194671630859e-03 3.833532333374023438e-03 1.149547100067138672e-02 1.682897210121154785e-01 1.562005281448364258e-01 2.046424150466918945e-02 2.737164497375488281e-03 2.737104892730712891e-03 3.174722194671630859e-03 1.818251609802246094e-02 2.369534969329833984e-02 9.986466169357299805e-02 2.369540929794311523e-02 1.108521819114685059e-01 2.737224102020263672e-03 1.418465375900268555e-02 4.587781429290771484e-02 5.855464935302734375e-02 2.626299858093261719e-03 1.208442449569702148e-02 1.805722713470458984e-03 6.526708602905273438e-04 4.978817701339721680e-02
8.699494600296020508e-02 1.709772944450378418e-01 9.425402618944644928e-03 6.343883275985717773e-02 0.000000000000000000e+00 4.736059904098510742e-02 4.925411939620971680e-02 4.297459125518798828e-02 4.297453165054321289e-02 6.617605686187744141e-02 6.661355495452880859e-02 6.661355495452880859e-02 5.960530042648315430e-02 5.194336175918579102e-02 1.048508882522583008e-01 9.276169538497924805e-02 4.297459125518798828e-02 6.617599725723266602e-02 6.617593765258789062e-02 6.661355495452880859e-02 4.525631666183471680e-02 3.974348306655883789e-02 3.642582893371582031e-02 3.974342346191406250e-02 4.741334915161132812e-02 6.617605686187744141e-02 4.925417900085449219e-02 1.756101846694946289e-02 4.884184338152408600e-03 6.081253290176391602e-02 7.552325725555419922e-02 6.524455547332763672e-02 6.409150362014770508e-02 1.365065667778253555e-02
1.343555450439453125e-01 2.183378934860229492e-01 3.793519735336303711e-02 1.607823371887207031e-02 4.736059904098510742e-02 0.000000000000000000e+00 1.893520355224609375e-03 4.386007785797119141e-03 4.386067390441894531e-03 1.881545782089233398e-02 1.925295591354370117e-02 1.925295591354370117e-02 1.224470138549804688e-02 4.582762718200683594e-03 1.522114872932434082e-01 1.401222944259643555e-01 4.386007785797119141e-03 1.881539821624755859e-02 1.881533861160278320e-02 1.925295591354370117e-02 2.104282379150390625e-03 7.617115974426269531e-03 8.378642797470092773e-02 7.617175579071044922e-03 9.477394819259643555e-02 1.881545782089233398e-02 1.893579959869384766e-03 2.979958057403564453e-02 4.247641563415527344e-02 1.345193386077880859e-02 2.816265821456909180e-02 1.788395643234252930e-02 1.673090457916259766e-02 3.370994329452514648e-02
1.362490653991699219e-01 2.202314138412475586e-01 3.982871770858764648e-02 1.418471336364746094e-02 4.925411939620971680e-02 1.893520355224609375e-03 0.000000000000000000e+00 6.279528141021728516e-03 6.279587745666503906e-03 1.692193746566772461e-02 1.735943555831909180e-02 1.735943555831909180e-02 1.035118103027343750e-02 2.689242362976074219e-03 1.541050076484680176e-01 1.420158147811889648e-01 6.279528141021728516e-03 1.692187786102294922e-02 1.692181825637817383e-02 1.735943555831909180e-02 3.997802734375000000e-03 9.510636329650878906e-03 8.567994832992553711e-02 9.510695934295654297e-03 9.666746854782104492e-02 1.692193746566772461e-02 5.960464477539062500e-08 3.169310092926025391e-02 4.436993598937988281e-02 1.155841350555419922e-02 2.626913785934448242e-02 1.599043607711791992e-02 1.483738422393798828e-02 3.560346364974975586e-02
1.299695372581481934e-01 2.139518857002258301e-01 3.354918956756591797e-02 2.046424150466918945e-02 4.297459125518798828e-02 4.386007785797119141e-03 6.279528141021728516e-03 0.000000000000000000e+00 5.960464477539062500e-08 2.320146560668945312e-02 2.363896369934082031e-02 2.363896369934082031e-02 1.663070917129516602e-02 8.968770503997802734e-03 1.478254795074462891e-01 1.357362866401672363e-01 0.000000000000000000e+00 2.320140600204467773e-02 2.320134639739990234e-02 2.363896369934082031e-02 2.281725406646728516e-03 3.231108188629150391e-03 7.940042018890380859e-02 3.231167793273925781e-03 9.038794040679931641e-02 2.320146560668945312e-02 6.279587745666503906e-03 2.541357278823852539e-02 3.809040784835815430e-02 1.783794164657592773e-02 3.254866600036621094e-02 2.226996421813964844e-02 2.111691236495971680e-02 2.932393550872802734e-02
1.299694776535034180e-01 2.139518260955810547e-01 3.354912996292114258e-02 2.046430110931396484e-02 4.297453165054321289e-02 4.386067390441894531e-03 6.279587745666503906e-03 5.960464477539062500e-08 0.000000000000000000e+00 2.320152521133422852e-02 2.363902330398559570e-02 2.363902330398559570e-02 1.663076877593994141e-02 8.968830108642578125e-03 1.478254199028015137e-01 1.357362270355224609e-01 5.960464477539062500e-08 2.320146560668945312e-02 2.320140600204467773e-02 2.363902330398559570e-02 2.281785011291503906e-03 3.231048583984375000e-03 7.940036058425903320e-02 3.231108188629150391e-03 9.038788080215454102e-02 2.320152521133422852e-02 6.279647350311279297e-03 2.541351318359375000e-02 3.809034824371337891e-02 1.783800125122070312e-02 3.254872560501098633e-02 2.227002382278442383e-02 2.111697196960449219e-02 2.932387590408325195e-02
1.531710028648376465e-01 2.371533513069152832e-01 5.675065517425537109e-02 2.737224102020263672e-03 6.617605686187744141e-02 1.881545782089233398e-02 1.692193746566772461e-02 2.320146560668945312e-02 2.320152521133422852e-02 0.000000000000000000e+00 4.374980926513671875e-04 4.374980926513671875e-04 6.570756435394287109e-03 1.423269510269165039e-02 1.710269451141357422e-01 1.589377522468566895e-01 2.320146560668945312e-02 5.960464477539062500e-08 1.192092895507812500e-07 4.374980926513671875e-04 2.091974020004272461e-02 2.643257379531860352e-02 1.026018857955932617e-01 2.643263339996337891e-02 1.135894060134887695e-01 0.000000000000000000e+00 1.692187786102294922e-02 4.861503839492797852e-02 6.129187345504760742e-02 5.363523960113525391e-03 9.347200393676757812e-03 9.315013885498046875e-04 2.084553241729736328e-03 5.252540111541748047e-02
1.536085009574890137e-01 2.375908493995666504e-01 5.718815326690673828e-02 3.174722194671630859e-03 6.661355495452880859e-02 1.925295591354370117e-02 1.735943555831909180e-02 2.363896369934082031e-02 2.363902330398559570e-02 4.374980926513671875e-04 0.000000000000000000e+00 0.000000000000000000e+00 7.008254528045654297e-03 1.467019319534301758e-02 1.714644432067871094e-01 1.593752503395080566e-01 2.363896369934082031e-02 4.375576972961425781e-04 4.376173019409179688e-04 0.000000000000000000e+00 2.135723829269409180e-02 2.687007188796997070e-02 1.030393838882446289e-01 2.687013149261474609e-02 1.140269041061401367e-01 4.374980926513671875e-04 1.735937595367431641e-02 4.905253648757934570e-02 6.172937154769897461e-02 5.801022052764892578e-03 8.909702301025390625e-03 1.368999481201171875e-03 2.522051334381103516e-03 5.296289920806884766e-02
1.536085009574890137e-01 2.375908493995666504e-01 5.718815326690673828e-02 3.174722194671630859e-03 6.661355495452880859e-02 1.925295591354370117e-02 1.735943555831909180e-02 2.363896369934082031e-02 2.363902330398559570e-02 4.374980926513671875e-04 0.000000000000000000e+00 0.000000000000000000e+00 7.008254528045654297e-03 1.467019319534301758e-02 1.714644432067871094e-01 1.593752503395080566e-01 2.363896369934082031e-02 4.375576972961425781e-04 4.376173019409179688e-04 0.000000000000000000e+00 2.135723829269409180e-02 2.687007188796997070e-02 1.030393838882446289e-01 2.687013149261474609e-02 1.140269041061401367e-01 4.374980926513671875e-04 1.735937595367431641e-02 4.905253648757934570e-02 6.172937154769897461e-02 5.801022052764892578e-03 8.909702301025390625e-03 1.368999481201171875e-03 2.522051334381103516e-03 5.296289920806884766e-02
1.466002464294433594e-01 2.305825948715209961e-01 5.017989873886108398e-02 3.833532333374023438e-03 5.960530042648315430e-02 1.224470138549804688e-02 1.035118103027343750e-02 1.663070917129516602e-02 1.663076877593994141e-02 6.570756435394287109e-03 7.008254528045654297e-03 7.008254528045654297e-03 0.000000000000000000e+00 7.661938667297363281e-03 1.644561886787414551e-01 1.523669958114624023e-01 1.663070917129516602e-02 6.570696830749511719e-03 6.570637226104736328e-03 7.008254528045654297e-03 1.434898376464843750e-02 1.986181735992431641e-02 9.603112936019897461e-02 1.986187696456909180e-02 1.070186495780944824e-01 6.570756435394287109e-03 1.035112142562866211e-02 4.204428195953369141e-02 5.472111701965332031e-02 1.207232475280761719e-03 1.591795682907104492e-02 5.639255046844482422e-03 4.486203193664550781e-03 4.595464468002319336e-02
1.389383077621459961e-01 2.229206562042236328e-01 4.251796007156372070e-02 1.149547100067138672e-02 5.194336175918579102e-02 4.582762718200683594e-03 2.689242362976074219e-03 8.968770503997802734e-03 8.968830108642578125e-03 1.423269510269165039e-02 1.467019319534301758e-02 1.467019319534301758e-02 7.661938667297363281e-03 0.000000000000000000e+00 1.567942500114440918e-01 1.447050571441650391e-01 8.968770503997802734e-03 1.423263549804687500e-02 1.423257589340209961e-02 1.467019319534301758e-02 6.687045097351074219e-03 1.219987869262695312e-02 8.836919069290161133e-02 1.219993829727172852e-02 9.935671091079711914e-02 1.423269510269165039e-02 2.689182758331298828e-03 3.438234329223632812e-02 4.705917835235595703e-02 8.869171142578125000e-03 2.357989549636840820e-02 1.330119371414184570e-02 1.214814186096191406e-02 3.829270601272583008e-02
1.785594224929809570e-02 6.612641364336013794e-02 1.142762899398803711e-01 1.682897210121154785e-01 1.048508882522583008e-01 1.522114872932434082e-01 1.541050076484680176e-01 1.478254795074462891e-01 1.478254199028015137e-01 1.710269451141357422e-01 1.714644432067871094e-01 1.714644432067871094e-01 1.644561886787414551e-01 1.567942500114440918e-01 0.000000000000000000e+00 1.208919286727905273e-02 1.478254795074462891e-01 1.710268855094909668e-01 1.710268259048461914e-01 1.714644432067871094e-01 1.501072049140930176e-01 1.445943713188171387e-01 6.842505931854248047e-02 1.445943117141723633e-01 5.743753910064697266e-02 1.710269451141357422e-01 1.541050672531127930e-01 1.224119067192077637e-01 1.097350716590881348e-01 1.656634211540222168e-01 1.803741455078125000e-01 1.700954437255859375e-01 1.689423918724060059e-01 1.185015439987182617e-01
5.766749382019042969e-03 7.821560651063919067e-02 1.021870970726013184e-01 1.562005281448364258e-01 9.276169538497924805e-02 1.401222944259643555e-01 1.420158147811889648e-01 1.357362866401672363e-01 1.357362270355224609e-01 1.589377522468566895e-01 1.593752503395080566e-01 1.593752503395080566e-01 1.523669958114624023e-01 1.447050571441650391e-01 1.208919286727905273e-02 0.000000000000000000e+00 1.357362866401672363e-01 1.589376926422119141e-01 1.589376330375671387e-01 1.593752503395080566e-01 1.380180120468139648e-01 1.325051784515380859e-01 5.633586645126342773e-02 1.325051188468933105e-01 4.534834623336791992e-02 1.589377522468566895e-01 1.420158743858337402e-01 1.103227138519287109e-01 9.764587879180908203e-02 1.535742282867431641e-01 1.682849526405334473e-01 1.580062508583068848e-01 1.568531990051269531e-01 1.064123511314392090e-01
1.299695372581481934e-01 2.139518857002258301e-01 3.354918956756591797e-02 2.046424150466918945e-02 4.297459125518798828e-02 4.386007785797119141e-03 6.279528141021728516e-03 0.000000000000000000e+00 5.960464477539062500e-08 2.320146560668945312e-02 2.363896369934082031e-02 2.363896369934082031e-02 1.663070917129516602e-02 8.968770503997802734e-03 1.478254795074462891e-01 1.357362866401672363e-01 0.000000000000000000e+00 2.320140600204467773e-02 2.320134639739990234e-02 2.363896369934082031e-02 2.281725406646728516e-03 3.231108188629150391e-03 7.940042018890380859e-02 3.231167793273925781e-03 9.038794040679931641e-02 2.320146560668945312e-02 6.279587745666503906e-03 2.541357278823852539e-02 3.809040784835815430e-02 1.783794164657592773e-02 3.254866600036621094e-02 2.226996421813964844e-02 2.111691236495971680e-02 2.932393550872802734e-02
1.531709432601928711e-01 2.371532917022705078e-01 5.675059556961059570e-02 2.737164497375488281e-03 6.617599725723266602e-02 1.881539821624755859e-02 1.692187786102294922e-02 2.320140600204467773e-02 2.320146560668945312e-02 5.960464477539062500e-08 4.375576972961425781e-04 4.375576972961425781e-04 6.570696830749511719e-03 1.423263549804687500e-02 1.710268855094909668e-01 1.589376926422119141e-01 2.320140600204467773e-02 0.000000000000000000e+00 5.960464477539062500e-08 4.375576972961425781e-04 2.091968059539794922e-02 2.643251419067382812e-02 1.026018261909484863e-01 2.643257379531860352e-02 1.135893464088439941e-01 5.960464477539062500e-08 1.692181825637817383e-02 4.861497879028320312e-02 6.129181385040283203e-02 5.363464355468750000e-03 9.347259998321533203e-03 9.314417839050292969e-04 2.084493637084960938e-03 5.252534151077270508e-02
1.531708836555480957e-01 2.371532320976257324e-01 5.675053596496582031e-02 2.737104892730712891e-03 6.617593765258789062e-02 1.881533861160278320e-02 1.692181825637817383e-02 2.320134639739990234e-02 2.320140600204467773e-02 1.192092895507812500e-07 4.376173019409179688e-04 4.376173019409179688e-04 6.570637226104736328e-03 1.423257589340209961e-02 1.710268259048461914e-01 1.589376330375671387e-01 2.320134639739990234e-02 5.960464477539062500e-08 0.000000000000000000e+00 4.376173019409179688e-04 2.091962099075317383e-02 2.643245458602905273e-02 1.026017665863037109e-01 2.643251419067382812e-02 1.135892868041992188e-01 1.192092895507812500e-07 1.692175865173339844e-02 4.861491918563842773e-02 6.129175424575805664e-02 5.363404750823974609e-03 9.347319602966308594e-03 9.313821792602539062e-04 2.084434032440185547e-03 5.252528190612792969e-02
1.536085009574890137e-01 2.375908493995666504e-01 5.718815326690673828e-02 3.174722194671630859e-03 6.661355495452880859e-02 1.925295591354370117e-02 1.735943555831909180e-02 2.363896369934082031e-02 2.363902330398559570e-02 4.374980926513671875e-04 0.000000000000000000e+00 0.000000000000000000e+00 7.008254528045654297e-03 1.467019319534301758e-02 1.714644432067871094e-01 1.593752503395080566e-01 2.363896369934082031e-02 4.375576972961425781e-04 4.376173019409179688e-04 0.000000000000000000e+00 2.135723829269409180e-02 2.687007188796997070e-02 1.030393838882446289e-01 2.687013149261474609e-02 1.140269041061401367e-01 4.374980926513671875e-04 1.735937595367431641e-02 4.905253648757934570e-02 6.172937154769897461e-02 5.801022052764892578e-03 8.909702301025390625e-03 1.368999481201171875e-03 2.522051334381103516e-03 5.296289920806884766e-02
1.322512626647949219e-01 2.162336111068725586e-01 3.583091497421264648e-02 1.818251609802246094e-02 4.525631666183471680e-02 2.104282379150390625e-03 3.997802734375000000e-03 2.281725406646728516e-03 2.281785011291503906e-03 2.091974020004272461e-02 2.135723829269409180e-02 2.135723829269409180e-02 1.434898376464843750e-02 6.687045097351074219e-03 1.501072049140930176e-01 1.380180120468139648e-01 2.281725406646728516e-03 2.091968059539794922e-02 2.091962099075317383e-02 2.135723829269409180e-02 0.000000000000000000e+00 5.512833595275878906e-03 8.168214559555053711e-02 5.512893199920654297e-03 9.266966581344604492e-02 2.091974020004272461e-02 3.997862339019775391e-03 2.769529819488525391e-02 4.037213325500488281e-02 1.555621623992919922e-02 3.026694059371948242e-02 1.998823881149291992e-02 1.883518695831298828e-02 3.160566091537475586e-02
1.267384290695190430e-01 2.107207775115966797e-01 3.031808137893676758e-02 2.369534969329833984e-02 3.974348306655883789e-02 7.617115974426269531e-03 9.510636329650878906e-03 3.231108188629150391e-03 3.231048583984375000e-03 2.643257379531860352e-02 2.687007188796997070e-02 2.687007188796997070e-02 1.986181735992431641e-02 1.219987869262695312e-02 1.445943713188171387e-01 1.325051784515380859e-01 3.231108188629150391e-03 2.643251419067382812e-02 2.643245458602905273e-02 2.687007188796997070e-02 5.512833595275878906e-03 0.000000000000000000e+00 7.616931200027465820e-02 5.960464477539062500e-08 8.715683221817016602e-02 2.643257379531860352e-02 9.510695934295654297e-03 2.218246459960937500e-02 3.485929965972900391e-02 2.106904983520507812e-02 3.577977418899536133e-02 2.550107240676879883e-02 2.434802055358886719e-02 2.609282732009887695e-02
5.056911706924438477e-02 1.345514655113220215e-01 4.585123062133789062e-02 9.986466169357299805e-02 3.642582893371582031e-02 8.378642797470092773e-02 8.567994832992553711e-02 7.940042018890380859e-02 7.940036058425903320e-02 1.026018857955932617e-01 1.030393838882446289e-01 1.030393838882446289e-01 9.603112936019897461e-02 8.836919069290161133e-02 6.842505931854248047e-02 5.633586645126342773e-02 7.940042018890380859e-02 1.026018261909484863e-01 1.026017665863037109e-01 1.030393838882446289e-01 8.168214559555053711e-02 7.616931200027465820e-02 0.000000000000000000e+00 7.616925239562988281e-02 1.098752021789550781e-02 1.026018857955932617e-01 8.568000793457031250e-02 5.398684740066528320e-02 4.131001234054565430e-02 9.723836183547973633e-02 1.119490861892700195e-01 1.016703844070434570e-01 1.005173325538635254e-01 5.007648468017578125e-02
1.267383694648742676e-01 2.107207179069519043e-01 3.031802177429199219e-02 2.369540929794311523e-02 3.974342346191406250e-02 7.617175579071044922e-03 9.510695934295654297e-03 3.231167793273925781e-03 3.231108188629150391e-03 2.643263339996337891e-02 2.687013149261474609e-02 2.687013149261474609e-02 1.986187696456909180e-02 1.219993829727172852e-02 1.445943117141723633e-01 1.325051188468933105e-01 3.231167793273925781e-03 2.643257379531860352e-02 2.643251419067382812e-02 2.687013149261474609e-02 5.512893199920654297e-03 5.960464477539062500e-08 7.616925239562988281e-02 0.000000000000000000e+00 8.715677261352539062e-02 2.643263339996337891e-02 9.510755538940429688e-03 2.218240499496459961e-02 3.485924005508422852e-02 2.106910943984985352e-02 3.577983379364013672e-02 2.550113201141357422e-02 2.434808015823364258e-02 2.609276771545410156e-02
3.958159685134887695e-02 1.235639527440071106e-01 5.683875083923339844e-02 1.108521819114685059e-01 4.741334915161132812e-02 9.477394819259643555e-02 9.666746854782104492e-02 9.038794040679931641e-02 9.038788080215454102e-02 1.135894060134887695e-01 1.140269041061401367e-01 1.140269041061401367e-01 1.070186495780944824e-01 9.935671091079711914e-02 5.743753910064697266e-02 4.534834623336791992e-02 9.038794040679931641e-02 1.135893464088439941e-01 1.135892868041992188e-01 1.140269041061401367e-01 9.266966581344604492e-02 8.715683221817016602e-02 1.098752021789550781e-02 8.715677261352539062e-02 0.000000000000000000e+00 1.135894060134887695e-01 9.666752815246582031e-02 6.497436761856079102e-02 5.229753255844116211e-02 1.082258820533752441e-01 1.229366064071655273e-01 1.126579046249389648e-01 1.115048527717590332e-01 6.106400489807128906e-02
1.531710028648376465e-01 2.371533513069152832e-01 5.675065517425537109e-02 2.737224102020263672e-03 6.617605686187744141e-02 1.881545782089233398e-02 1.692193746566772461e-02 2.320146560668945312e-02 2.320152521133422852e-02 0.000000000000000000e+00 4.374980926513671875e-04 4.374980926513671875e-04 6.570756435394287109e-03 1.423269510269165039e-02 1.710269451141357422e-01 1.589377522468566895e-01 2.320146560668945312e-02 5.960464477539062500e-08 1.192092895507812500e-07 4.374980926513671875e-04 2.091974020004272461e-02 2.643257379531860352e-02 1.026018857955932617e-01 2.643263339996337891e-02 1.135894060134887695e-01 0.000000000000000000e+00 1.692187786102294922e-02 4.861503839492797852e-02 6.129187345504760742e-02 5.363523960113525391e-03 9.347200393676757812e-03 9.315013885498046875e-04 2.084553241729736328e-03 5.252540111541748047e-02
1.362491250038146973e-01 2.202314734458923340e-01 3.982877731323242188e-02 1.418465375900268555e-02 4.925417900085449219e-02 1.893579959869384766e-03 5.960464477539062500e-08 6.279587745666503906e-03 6.279647350311279297e-03 1.692187786102294922e-02 1.735937595367431641e-02 1.735937595367431641e-02 1.035112142562866211e-02 2.689182758331298828e-03 1.541050672531127930e-01 1.420158743858337402e-01 6.279587745666503906e-03 1.692181825637817383e-02 1.692175865173339844e-02 1.735937595367431641e-02 3.997862339019775391e-03 9.510695934295654297e-03 8.568000793457031250e-02 9.510755538940429688e-03 9.666752815246582031e-02 1.692187786102294922e-02 0.000000000000000000e+00 3.169316053390502930e-02 4.436999559402465820e-02 1.155835390090942383e-02 2.626907825469970703e-02 1.599037647247314453e-02 1.483732461929321289e-02 3.560352325439453125e-02
1.045559644699096680e-01 1.885383129119873047e-01 8.135616779327392578e-03 4.587781429290771484e-02 1.756101846694946289e-02 2.979958057403564453e-02 3.169310092926025391e-02 2.541357278823852539e-02 2.541351318359375000e-02 4.861503839492797852e-02 4.905253648757934570e-02 4.905253648757934570e-02 4.204428195953369141e-02 3.438234329223632812e-02 1.224119067192077637e-01 1.103227138519287109e-01 2.541357278823852539e-02 4.861497879028320312e-02 4.861491918563842773e-02 4.905253648757934570e-02 2.769529819488525391e-02 2.218246459960937500e-02 5.398684740066528320e-02 2.218240499496459961e-02 6.497436761856079102e-02 4.861503839492797852e-02 3.169316053390502930e-02 0.000000000000000000e+00 1.267683506011962891e-02 4.325151443481445312e-02 5.796223878860473633e-02 4.768353700637817383e-02 4.653048515319824219e-02 3.910362720489501953e-03
9.187912940979003906e-02 1.758614778518676758e-01 4.541218280792236328e-03 5.855464935302734375e-02 4.884184338152408600e-03 4.247641563415527344e-02 4.436993598937988281e-02 3.809040784835815430e-02 3.809034824371337891e-02 6.129187345504760742e-02 6.172937154769897461e-02 6.172937154769897461e-02 5.472111701965332031e-02 4.705917835235595703e-02 1.097350716590881348e-01 9.764587879180908203e-02 3.809040784835815430e-02 6.129181385040283203e-02 6.129175424575805664e-02 6.172937154769897461e-02 4.037213325500488281e-02 3.485929965972900391e-02 4.131001234054565430e-02 3.485924005508422852e-02 5.229753255844116211e-02 6.129187345504760742e-02 4.436999559402465820e-02 1.267683506011962891e-02 0.000000000000000000e+00 5.592834949493408203e-02 7.063907384872436523e-02 6.036037206649780273e-02 5.920732021331787109e-02 8.766472339630126953e-03
1.478074789047241211e-01 2.317898273468017578e-01 5.138713121414184570e-02 2.626299858093261719e-03 6.081253290176391602e-02 1.345193386077880859e-02 1.155841350555419922e-02 1.783794164657592773e-02 1.783800125122070312e-02 5.363523960113525391e-03 5.801022052764892578e-03 5.801022052764892578e-03 1.207232475280761719e-03 8.869171142578125000e-03 1.656634211540222168e-01 1.535742282867431641e-01 1.783794164657592773e-02 5.363464355468750000e-03 5.363404750823974609e-03 5.801022052764892578e-03 1.555621623992919922e-02 2.106904983520507812e-02 9.723836183547973633e-02 2.106910943984985352e-02 1.082258820533752441e-01 5.363523960113525391e-03 1.155835390090942383e-02 4.325151443481445312e-02 5.592834949493408203e-02 0.000000000000000000e+00 1.471072435379028320e-02 4.432022571563720703e-03 3.278970718383789062e-03 4.716187715530395508e-02
1.625182032585144043e-01 2.465005517005920410e-01 6.609785556793212891e-02 1.208442449569702148e-02 7.552325725555419922e-02 2.816265821456909180e-02 2.626913785934448242e-02 3.254866600036621094e-02 3.254872560501098633e-02 9.347200393676757812e-03 8.909702301025390625e-03 8.909702301025390625e-03 1.591795682907104492e-02 2.357989549636840820e-02 1.803741455078125000e-01 1.682849526405334473e-01 3.254866600036621094e-02 9.347259998321533203e-03 9.347319602966308594e-03 8.909702301025390625e-03 3.026694059371948242e-02 3.577977418899536133e-02 1.119490861892700195e-01 3.577983379364013672e-02 1.229366064071655273e-01 9.347200393676757812e-03 2.626907825469970703e-02 5.796223878860473633e-02 7.063907384872436523e-02 1.471072435379028320e-02 0.000000000000000000e+00 1.027870178222656250e-02 1.143175363540649414e-02 6.187260150909423828e-02
1.522395014762878418e-01 2.362218499183654785e-01 5.581915378570556641e-02 1.805722713470458984e-03 6.524455547332763672e-02 1.788395643234252930e-02 1.599043607711791992e-02 2.226996421813964844e-02 2.227002382278442383e-02 9.315013885498046875e-04 1.368999481201171875e-03 1.368999481201171875e-03 5.639255046844482422e-03 1.330119371414184570e-02 1.700954437255859375e-01 1.580062508583068848e-01 2.226996421813964844e-02 9.314417839050292969e-04 9.313821792602539062e-04 1.368999481201171875e-03 1.998823881149291992e-02 2.550107240676879883e-02 1.016703844070434570e-01 2.550113201141357422e-02 1.126579046249389648e-01 9.315013885498046875e-04 1.599037647247314453e-02 4.768353700637817383e-02 6.036037206649780273e-02 4.432022571563720703e-03 1.027870178222656250e-02 0.000000000000000000e+00 1.153051853179931641e-03 5.159389972686767578e-02
1.510864496231079102e-01 2.350687980651855469e-01 5.466610193252563477e-02 6.526708602905273438e-04 6.409150362014770508e-02 1.673090457916259766e-02 1.483738422393798828e-02 2.111691236495971680e-02 2.111697196960449219e-02 2.084553241729736328e-03 2.522051334381103516e-03 2.522051334381103516e-03 4.486203193664550781e-03 1.214814186096191406e-02 1.689423918724060059e-01 1.568531990051269531e-01 2.111691236495971680e-02 2.084493637084960938e-03 2.084434032440185547e-03 2.522051334381103516e-03 1.883518695831298828e-02 2.434802055358886719e-02 1.005173325538635254e-01 2.434808015823364258e-02 1.115048527717590332e-01 2.084553241729736328e-03 1.483732461929321289e-02 4.653048515319824219e-02 5.920732021331787109e-02 3.278970718383789062e-03 1.143175363540649414e-02 1.153051853179931641e-03 0.000000000000000000e+00 5.044084787368774414e-02
1.006456017494201660e-01 1.846279501914978027e-01 4.225254058837890625e-03 4.978817701339721680e-02 1.365065667778253555e-02 3.370994329452514648e-02 3.560346364974975586e-02 2.932393550872802734e-02 2.932387590408325195e-02 5.252540111541748047e-02 5.296289920806884766e-02 5.296289920806884766e-02 4.595464468002319336e-02 3.829270601272583008e-02 1.185015439987182617e-01 1.064123511314392090e-01 2.932393550872802734e-02 5.252534151077270508e-02 5.252528190612792969e-02 5.296289920806884766e-02 3.160566091537475586e-02 2.609282732009887695e-02 5.007648468017578125e-02 2.609276771545410156e-02 6.106400489807128906e-02 5.252540111541748047e-02 3.560352325439453125e-02 3.910362720489501953e-03 8.766472339630126953e-03 4.716187715530395508e-02 6.187260150909423828e-02 5.159389972686767578e-02 5.044084787368774414e-02 0.000000000000000000e+00
