0.000000000000000000e+00 2.566119432449340820e-01 1.957479119300842285e-01 2.575320005416870117e-01 1.126927137374877930e-01 2.345584630966186523e-01 2.416291832923889160e-01 2.081899046897888184e-01 1.628069281578063965e-01 2.576521635055541992e-01 2.516033649444580078e-01 2.578953504562377930e-01 2.566120028495788574e-01 2.081899642944335938e-01 2.307010293006896973e-01 1.913449764251708984e-01 2.118114829063415527e-01 2.580978870391845703e-01 1.677900552749633789e-01 2.576522827148437500e-01 2.211200594902038574e-01 2.237268686294555664e-01 1.357864141464233398e-01 2.431896924972534180e-01 2.211199402809143066e-01 2.566118240356445312e-01 2.118113636970520020e-01 2.285302877426147461e-01 1.126924753189086914e-01 2.541757822036743164e-01 2.612345218658447266e-01 2.566121816635131836e-01 2.581290006637573242e-01 1.469193696975708008e-01
2.566119432449340820e-01 0.000000000000000000e+00 6.086403131484985352e-02 9.200572967529296875e-04 1.439192295074462891e-01 2.205348014831542969e-02 1.498275995254516602e-02 4.842203855514526367e-02 9.380501508712768555e-02 1.040220260620117188e-03 5.008578300476074219e-03 1.283407211303710938e-03 5.960464477539062500e-08 4.842197895050048828e-02 2.591091394424438477e-02 6.526696681976318359e-02 4.480046033859252930e-02 1.485943794250488281e-03 8.882188796997070312e-02 1.040339469909667969e-03 3.549188375473022461e-02 3.288507461547851562e-02 1.208255290985107422e-01 1.342225074768066406e-02 3.549200296401977539e-02 1.192092895507812500e-07 4.480057954788208008e-02 2.808165550231933594e-02 1.439194679260253906e-01 2.436161041259765625e-03 4.622578620910644531e-03 2.384185791015625000e-07 1.517057418823242188e-03 1.096925735473632812e-01
1.957479119300842285e-01 6.086403131484985352e-02 0.000000000000000000e+00 6.178408861160278320e-02 8.305519819259643555e-02 3.881055116653442383e-02 4.588127136230468750e-02 1.244199275970458984e-02 3.294098377227783203e-02 6.190425157546997070e-02 5.585545301437377930e-02 6.214743852615356445e-02 6.086409091949462891e-02 1.244205236434936523e-02 3.495311737060546875e-02 4.402935504913330078e-03 1.606357097625732422e-02 6.234997510910034180e-02 2.795785665512084961e-02 6.190437078475952148e-02 2.537214756011962891e-02 2.797895669937133789e-02 5.996149778366088867e-02 4.744178056716918945e-02 2.537202835083007812e-02 6.086391210556030273e-02 1.606345176696777344e-02 3.278237581253051758e-02 8.305543661117553711e-02 5.842787027359008789e-02 6.548660993576049805e-02 6.086426973342895508e-02 6.238108873367309570e-02 4.882854223251342773e-02
2.575320005416870117e-01 9.200572967529296875e-04 6.178408861160278320e-02 0.000000000000000000e+00 1.448392868041992188e-01 2.297353744506835938e-02 1.590281724929809570e-02 4.934209585189819336e-02 9.472507238388061523e-02 1.201629638671875000e-04 5.928635597229003906e-03 3.633499145507812500e-04 9.199976921081542969e-04 4.934203624725341797e-02 2.683097124099731445e-02 6.618702411651611328e-02 4.572051763534545898e-02 5.658864974975585938e-04 8.974194526672363281e-02 1.202821731567382812e-04 3.641194105148315430e-02 3.380513191223144531e-02 1.217455863952636719e-01 1.434230804443359375e-02 3.641206026077270508e-02 9.201765060424804688e-04 4.572063684463500977e-02 2.900171279907226562e-02 1.448395252227783203e-01 3.356218338012695312e-03 3.702521324157714844e-03 9.198188781738281250e-04 5.970001220703125000e-04 1.106126308441162109e-01
1.126927137374877930e-01 1.439192295074462891e-01 8.305519819259643555e-02 1.448392868041992188e-01 0.000000000000000000e+00 1.218657493591308594e-01 1.289364695549011230e-01 9.549719095230102539e-02 5.011421442031860352e-02 1.449594497680664062e-01 1.389106512069702148e-01 1.452026367187500000e-01 1.439192891120910645e-01 9.549725055694580078e-02 1.180083155632019043e-01 7.865226268768310547e-02 9.911876916885375977e-02 1.454051733016967773e-01 5.509734153747558594e-02 1.449595689773559570e-01 1.084273457527160645e-01 1.110341548919677734e-01 2.309370040893554688e-02 1.304969787597656250e-01 1.084272265434265137e-01 1.439191102981567383e-01 9.911864995956420898e-02 1.158375740051269531e-01 2.384185791015625000e-07 1.414830684661865234e-01 1.485418081283569336e-01 1.439194679260253906e-01 1.454362869262695312e-01 3.422665596008300781e-02
2.345584630966186523e-01 2.205348014831542969e-02 3.881055116653442383e-02 2.297353744506835938e-02 1.218657493591308594e-01 0.000000000000000000e+00 7.070720195770263672e-03 2.636855840682983398e-02 7.175153493881225586e-02 2.309370040893554688e-02 1.704490184783935547e-02 2.333688735961914062e-02 2.205353975296020508e-02 2.636849880218505859e-02 3.857433795928955078e-03 4.321348667144775391e-02 2.274698019027709961e-02 2.353942394256591797e-02 6.676840782165527344e-02 2.309381961822509766e-02 1.343840360641479492e-02 1.083159446716308594e-02 9.877204895019531250e-02 8.631229400634765625e-03 1.343852281570434570e-02 2.205336093902587891e-02 2.274709939956665039e-02 6.028175354003906250e-03 1.218659877777099609e-01 1.961731910705566406e-02 2.667605876922607422e-02 2.205371856689453125e-02 2.357053756713867188e-02 8.763909339904785156e-02
2.416291832923889160e-01 1.498275995254516602e-02 4.588127136230468750e-02 1.590281724929809570e-02 1.289364695549011230e-01 7.070720195770263672e-03 0.000000000000000000e+00 3.343927860260009766e-02 7.882225513458251953e-02 1.602298021316528320e-02 9.974181652069091797e-03 1.626616716384887695e-02 1.498281955718994141e-02 3.343921899795532227e-02 1.092815399169921875e-02 5.028420686721801758e-02 2.981770038604736328e-02 1.646870374679565430e-02 7.383912801742553711e-02 1.602309942245483398e-02 2.050912380218505859e-02 1.790231466293334961e-02 1.058427691459655762e-01 1.560509204864501953e-03 2.050924301147460938e-02 1.498264074325561523e-02 2.981781959533691406e-02 1.309889554977416992e-02 1.289367079734802246e-01 1.254659891128540039e-02 1.960533857345581055e-02 1.498299837112426758e-02 1.649981737136840820e-02 9.470981359481811523e-02
2.081899046897888184e-01 4.842203855514526367e-02 1.244199275970458984e-02 4.934209585189819336e-02 9.549719095230102539e-02 2.636855840682983398e-02 3.343927860260009766e-02 0.000000000000000000e+00 4.538297653198242188e-02 4.946225881576538086e-02 4.341346025466918945e-02 4.970544576644897461e-02 4.842209815979003906e-02 5.960464477539062500e-08 2.251112461090087891e-02 1.684492826461791992e-02 3.621578216552734375e-03 4.990798234939575195e-02 4.039984941482543945e-02 4.946237802505493164e-02 1.293015480041503906e-02 1.553696393966674805e-02 7.240349054336547852e-02 3.499978780746459961e-02 1.293003559112548828e-02 4.842191934585571289e-02 3.621459007263183594e-03 2.034038305282592773e-02 9.549742937088012695e-02 4.598587751388549805e-02 5.304461717605590820e-02 4.842227697372436523e-02 4.993909597396850586e-02 6.127053499221801758e-02
1.628069281578063965e-01 9.380501508712768555e-02 3.294098377227783203e-02 9.472507238388061523e-02 5.011421442031860352e-02 7.175153493881225586e-02 7.882225513458251953e-02 4.538297653198242188e-02 0.000000000000000000e+00 9.484523534774780273e-02 8.879643678665161133e-02 9.508842229843139648e-02 9.380507469177246094e-02 4.538303613662719727e-02 6.789410114288330078e-02 2.853804826736450195e-02 4.900455474853515625e-02 9.529095888137817383e-02 4.983127117156982422e-03 9.484535455703735352e-02 5.831313133239746094e-02 6.091994047164916992e-02 2.702051401138305664e-02 8.038276433944702148e-02 5.831301212310791016e-02 9.380489587783813477e-02 4.900443553924560547e-02 6.572335958480834961e-02 5.011445283889770508e-02 9.136885404586791992e-02 9.842759370803833008e-02 9.380525350570678711e-02 9.532207250595092773e-02 1.588755846023559570e-02
2.576521635055541992e-01 1.040220260620117188e-03 6.190425157546997070e-02 1.201629638671875000e-04 1.449594497680664062e-01 2.309370040893554688e-02 1.602298021316528320e-02 4.946225881576538086e-02 9.484523534774780273e-02 0.000000000000000000e+00 6.048798561096191406e-03 2.431869506835937500e-04 1.040160655975341797e-03 4.946219921112060547e-02 2.695113420486450195e-02 6.630718708038330078e-02 4.584068059921264648e-02 4.457235336303710938e-04 8.986210823059082031e-02 1.192092895507812500e-07 3.653210401535034180e-02 3.392529487609863281e-02 1.218657493591308594e-01 1.446247100830078125e-02 3.653222322463989258e-02 1.040339469909667969e-03 4.584079980850219727e-02 2.912187576293945312e-02 1.449596881866455078e-01 3.476381301879882812e-03 3.582358360290527344e-03 1.039981842041015625e-03 4.768371582031250000e-04 1.107327938079833984e-01
2.516033649444580078e-01 5.008578300476074219e-03 5.585545301437377930e-02 5.928635597229003906e-03 1.389106512069702148e-01 1.704490184783935547e-02 9.974181652069091797e-03 4.341346025466918945e-02 8.879643678665161133e-02 6.048798561096191406e-03 0.000000000000000000e+00 6.291985511779785156e-03 5.008637905120849609e-03 4.341340065002441406e-02 2.090233564376831055e-02 6.025838851928710938e-02 3.979188203811645508e-02 6.494522094726562500e-03 8.381330966949462891e-02 6.048917770385742188e-03 3.048330545425415039e-02 2.787649631500244141e-02 1.158169507980346680e-01 8.413672447204589844e-03 3.048342466354370117e-02 5.008459091186523438e-03 3.979200124740600586e-02 2.307307720184326172e-02 1.389108896255493164e-01 2.572417259216308594e-03 9.631156921386718750e-03 5.008816719055175781e-03 6.525635719299316406e-03 1.046839952468872070e-01
2.578953504562377930e-01 1.283407211303710938e-03 6.214743852615356445e-02 3.633499145507812500e-04 1.452026367187500000e-01 2.333688735961914062e-02 1.626616716384887695e-02 4.970544576644897461e-02 9.508842229843139648e-02 2.431869506835937500e-04 6.291985511779785156e-03 0.000000000000000000e+00 1.283347606658935547e-03 4.970538616180419922e-02 2.719432115554809570e-02 6.655037403106689453e-02 4.608386754989624023e-02 2.025365829467773438e-04 9.010529518127441406e-02 2.430677413940429688e-04 3.677529096603393555e-02 3.416848182678222656e-02 1.221089363098144531e-01 1.470565795898437500e-02 3.677541017532348633e-02 1.283526420593261719e-03 4.608398675918579102e-02 2.936506271362304688e-02 1.452028751373291016e-01 3.719568252563476562e-03 3.339171409606933594e-03 1.283168792724609375e-03 2.336502075195312500e-04 1.109759807586669922e-01
2.566120028495788574e-01 5.960464477539062500e-08 6.086409091949462891e-02 9.199976921081542969e-04 1.439192891120910645e-01 2.205353975296020508e-02 1.498281955718994141e-02 4.842209815979003906e-02 9.380507469177246094e-02 1.040160655975341797e-03 5.008637905120849609e-03 1.283347606658935547e-03 0.000000000000000000e+00 4.842203855514526367e-02 2.591097354888916016e-02 6.526702642440795898e-02 4.480051994323730469e-02 1.485884189605712891e-03 8.882194757461547852e-02 1.040279865264892578e-03 3.549194335937500000e-02 3.288513422012329102e-02 1.208255887031555176e-01 1.342231035232543945e-02 3.549206256866455078e-02 1.788139343261718750e-07 4.480063915252685547e-02 2.808171510696411133e-02 1.439195275306701660e-01 2.436220645904541016e-03 4.622519016265869141e-03 1.788139343261718750e-07 1.516997814178466797e-03 1.096926331520080566e-01
2.081899642944335938e-01 4.842197895050048828e-02 1.244205236434936523e-02 4.934203624725341797e-02 9.549725055694580078e-02 2.636849880218505859e-02 3.343921899795532227e-02 5.960464477539062500e-08 4.538303613662719727e-02 4.946219921112060547e-02 4.341340065002441406e-02 4.970538616180419922e-02 4.842203855514526367e-02 0.000000000000000000e+00 2.251106500625610352e-02 1.684498786926269531e-02 3.621518611907958984e-03 4.990792274475097656e-02 4.039990901947021484e-02 4.946231842041015625e-02 1.293009519577026367e-02 1.553690433502197266e-02 7.240355014801025391e-02 3.499972820281982422e-02 1.292997598648071289e-02 4.842185974121093750e-02 3.621399402618408203e-03 2.034032344818115234e-02 9.549748897552490234e-02 4.598581790924072266e-02 5.304455757141113281e-02 4.842221736907958984e-02 4.993903636932373047e-02 6.127059459686279297e-02
2.307010293006896973e-01 2.591091394424438477e-02 3.495311737060546875e-02 2.683097124099731445e-02 1.180083155632019043e-01 3.857433795928955078e-03 1.092815399169921875e-02 2.251112461090087891e-02 6.789410114288330078e-02 2.695113420486450195e-02 2.090233564376831055e-02 2.719432115554809570e-02 2.591097354888916016e-02 2.251106500625610352e-02 0.000000000000000000e+00 3.935605287551879883e-02 1.888954639434814453e-02 2.739685773849487305e-02 6.291097402572631836e-02 2.695125341415405273e-02 9.580969810485839844e-03 6.974160671234130859e-03 9.491461515426635742e-02 1.248866319656372070e-02 9.581089019775390625e-03 2.591079473495483398e-02 1.888966560363769531e-02 2.170741558074951172e-03 1.180085539817810059e-01 2.347475290298461914e-02 3.053349256515502930e-02 2.591115236282348633e-02 2.742797136306762695e-02 8.378165960311889648e-02
1.913449764251708984e-01 6.526696681976318359e-02 4.402935504913330078e-03 6.618702411651611328e-02 7.865226268768310547e-02 4.321348667144775391e-02 5.028420686721801758e-02 1.684492826461791992e-02 2.853804826736450195e-02 6.630718708038330078e-02 6.025838851928710938e-02 6.655037403106689453e-02 6.526702642440795898e-02 1.684498786926269531e-02 3.935605287551879883e-02 0.000000000000000000e+00 2.046650648117065430e-02 6.675291061401367188e-02 2.355492115020751953e-02 6.630730628967285156e-02 2.977508306503295898e-02 3.238189220428466797e-02 5.555856227874755859e-02 5.184471607208251953e-02 2.977496385574340820e-02 6.526684761047363281e-02 2.046638727188110352e-02 3.718531131744384766e-02 7.865250110626220703e-02 6.283080577850341797e-02 6.988954544067382812e-02 6.526720523834228516e-02 6.678402423858642578e-02 4.442560672760009766e-02
2.118114829063415527e-01 4.480046033859252930e-02 1.606357097625732422e-02 4.572051763534545898e-02 9.911876916885375977e-02 2.274698019027709961e-02 2.981770038604736328e-02 3.621578216552734375e-03 4.900455474853515625e-02 4.584068059921264648e-02 3.979188203811645508e-02 4.608386754989624023e-02 4.480051994323730469e-02 3.621518611907958984e-03 1.888954639434814453e-02 2.046650648117065430e-02 0.000000000000000000e+00 4.628640413284301758e-02 4.402142763137817383e-02 4.584079980850219727e-02 9.308576583862304688e-03 1.191538572311401367e-02 7.602506875991821289e-02 3.137820959091186523e-02 9.308457374572753906e-03 4.480034112930297852e-02 1.192092895507812500e-07 1.671880483627319336e-02 9.911900758743286133e-02 4.236429929733276367e-02 4.942303895950317383e-02 4.480069875717163086e-02 4.631751775741577148e-02 6.489211320877075195e-02
2.580978870391845703e-01 1.485943794250488281e-03 6.234997510910034180e-02 5.658864974975585938e-04 1.454051733016967773e-01 2.353942394256591797e-02 1.646870374679565430e-02 4.990798234939575195e-02 9.529095888137817383e-02 4.457235336303710938e-04 6.494522094726562500e-03 2.025365829467773438e-04 1.485884189605712891e-03 4.990792274475097656e-02 2.739685773849487305e-02 6.675291061401367188e-02 4.628640413284301758e-02 0.000000000000000000e+00 9.030783176422119141e-02 4.456043243408203125e-04 3.697782754898071289e-02 3.437101840972900391e-02 1.223114728927612305e-01 1.490819454193115234e-02 3.697794675827026367e-02 1.486063003540039062e-03 4.628652334213256836e-02 2.956759929656982422e-02 1.454054117202758789e-01 3.922104835510253906e-03 3.136634826660156250e-03 1.485705375671386719e-03 3.111362457275390625e-05 1.111785173416137695e-01
1.677900552749633789e-01 8.882188796997070312e-02 2.795785665512084961e-02 8.974194526672363281e-02 5.509734153747558594e-02 6.676840782165527344e-02 7.383912801742553711e-02 4.039984941482543945e-02 4.983127117156982422e-03 8.986210823059082031e-02 8.381330966949462891e-02 9.010529518127441406e-02 8.882194757461547852e-02 4.039990901947021484e-02 6.291097402572631836e-02 2.355492115020751953e-02 4.402142763137817383e-02 9.030783176422119141e-02 0.000000000000000000e+00 8.986222743988037109e-02 5.333000421524047852e-02 5.593681335449218750e-02 3.200364112854003906e-02 7.539963722229003906e-02 5.332988500595092773e-02 8.882176876068115234e-02 4.402130842208862305e-02 6.074023246765136719e-02 5.509757995605468750e-02 8.638572692871093750e-02 9.344446659088134766e-02 8.882212638854980469e-02 9.033894538879394531e-02 2.087068557739257812e-02
2.576522827148437500e-01 1.040339469909667969e-03 6.190437078475952148e-02 1.202821731567382812e-04 1.449595689773559570e-01 2.309381961822509766e-02 1.602309942245483398e-02 4.946237802505493164e-02 9.484535455703735352e-02 1.192092895507812500e-07 6.048917770385742188e-03 2.430677413940429688e-04 1.040279865264892578e-03 4.946231842041015625e-02 2.695125341415405273e-02 6.630730628967285156e-02 4.584079980850219727e-02 4.456043243408203125e-04 8.986222743988037109e-02 0.000000000000000000e+00 3.653222322463989258e-02 3.392541408538818359e-02 1.218658685684204102e-01 1.446259021759033203e-02 3.653234243392944336e-02 1.040458679199218750e-03 4.584091901779174805e-02 2.912199497222900391e-02 1.449598073959350586e-01 3.476500511169433594e-03 3.582239151000976562e-03 1.040101051330566406e-03 4.767179489135742188e-04 1.107329130172729492e-01
2.211200594902038574e-01 3.549188375473022461e-02 2.537214756011962891e-02 3.641194105148315430e-02 1.084273457527160645e-01 1.343840360641479492e-02 2.050912380218505859e-02 1.293015480041503906e-02 5.831313133239746094e-02 3.653210401535034180e-02 3.048330545425415039e-02 3.677529096603393555e-02 3.549194335937500000e-02 1.293009519577026367e-02 9.580969810485839844e-03 2.977508306503295898e-02 9.308576583862304688e-03 3.697782754898071289e-02 5.333000421524047852e-02 3.653222322463989258e-02 0.000000000000000000e+00 2.606809139251708984e-03 8.533364534378051758e-02 2.206963300704956055e-02 1.192092895507812500e-07 3.549176454544067383e-02 9.308695793151855469e-03 7.410228252410888672e-03 1.084275841712951660e-01 3.305572271347045898e-02 4.011446237564086914e-02 3.549212217330932617e-02 3.700894117355346680e-02 7.420068979263305664e-02
2.237268686294555664e-01 3.288507461547851562e-02 2.797895669937133789e-02 3.380513191223144531e-02 1.110341548919677734e-01 1.083159446716308594e-02 1.790231466293334961e-02 1.553696393966674805e-02 6.091994047164916992e-02 3.392529487609863281e-02 2.787649631500244141e-02 3.416848182678222656e-02 3.288513422012329102e-02 1.553690433502197266e-02 6.974160671234130859e-03 3.238189220428466797e-02 1.191538572311401367e-02 3.437101840972900391e-02 5.593681335449218750e-02 3.392541408538818359e-02 2.606809139251708984e-03 0.000000000000000000e+00 8.794045448303222656e-02 1.946282386779785156e-02 2.606928348541259766e-03 3.288495540618896484e-02 1.191550493240356445e-02 4.803419113159179688e-03 1.110343933105468750e-01 3.044891357421875000e-02 3.750765323638916016e-02 3.288531303405761719e-02 3.440213203430175781e-02 7.680749893188476562e-02
1.357864141464233398e-01 1.208255290985107422e-01 5.996149778366088867e-02 1.217455863952636719e-01 2.309370040893554688e-02 9.877204895019531250e-02 1.058427691459655762e-01 7.240349054336547852e-02 2.702051401138305664e-02 1.218657493591308594e-01 1.158169507980346680e-01 1.221089363098144531e-01 1.208255887031555176e-01 7.240355014801025391e-02 9.491461515426635742e-02 5.555856227874755859e-02 7.602506875991821289e-02 1.223114728927612305e-01 3.200364112854003906e-02 1.218658685684204102e-01 8.533364534378051758e-02 8.794045448303222656e-02 0.000000000000000000e+00 1.074032783508300781e-01 8.533352613449096680e-02 1.208254098892211914e-01 7.602494955062866211e-02 9.274387359619140625e-02 2.309393882751464844e-02 1.183893680572509766e-01 1.254481077194213867e-01 1.208257675170898438e-01 1.223425865173339844e-01 1.113295555114746094e-02
2.431896924972534180e-01 1.342225074768066406e-02 4.744178056716918945e-02 1.434230804443359375e-02 1.304969787597656250e-01 8.631229400634765625e-03 1.560509204864501953e-03 3.499978780746459961e-02 8.038276433944702148e-02 1.446247100830078125e-02 8.413672447204589844e-03 1.470565795898437500e-02 1.342231035232543945e-02 3.499972820281982422e-02 1.248866319656372070e-02 5.184471607208251953e-02 3.137820959091186523e-02 1.490819454193115234e-02 7.539963722229003906e-02 1.446259021759033203e-02 2.206963300704956055e-02 1.946282386779785156e-02 1.074032783508300781e-01 0.000000000000000000e+00 2.206975221633911133e-02 1.342213153839111328e-02 3.137832880020141602e-02 1.465940475463867188e-02 1.304972171783447266e-01 1.098608970642089844e-02 1.804482936859130859e-02 1.342248916625976562e-02 1.493930816650390625e-02 9.627032279968261719e-02
2.211199402809143066e-01 3.549200296401977539e-02 2.537202835083007812e-02 3.641206026077270508e-02 1.084272265434265137e-01 1.343852281570434570e-02 2.050924301147460938e-02 1.293003559112548828e-02 5.831301212310791016e-02 3.653222322463989258e-02 3.048342466354370117e-02 3.677541017532348633e-02 3.549206256866455078e-02 1.292997598648071289e-02 9.581089019775390625e-03 2.977496385574340820e-02 9.308457374572753906e-03 3.697794675827026367e-02 5.332988500595092773e-02 3.653234243392944336e-02 1.192092895507812500e-07 2.606928348541259766e-03 8.533352613449096680e-02 2.206975221633911133e-02 0.000000000000000000e+00 3.549188375473022461e-02 9.308576583862304688e-03 7.410347461700439453e-03 1.084274649620056152e-01 3.305584192276000977e-02 4.011458158493041992e-02 3.549224138259887695e-02 3.700906038284301758e-02 7.420057058334350586e-02
2.566118240356445312e-01 1.192092895507812500e-07 6.086391210556030273e-02 9.201765060424804688e-04 1.439191102981567383e-01 2.205336093902587891e-02 1.498264074325561523e-02 4.842191934585571289e-02 9.380489587783813477e-02 1.040339469909667969e-03 5.008459091186523438e-03 1.283526420593261719e-03 1.788139343261718750e-07 4.842185974121093750e-02 2.591079473495483398e-02 6.526684761047363281e-02 4.480034112930297852e-02 1.486063003540039062e-03 8.882176876068115234e-02 1.040458679199218750e-03 3.549176454544067383e-02 3.288495540618896484e-02 1.208254098892211914e-01 1.342213153839111328e-02 3.549188375473022461e-02 0.000000000000000000e+00 4.480046033859252930e-02 2.808153629302978516e-02 1.439193487167358398e-01 2.436041831970214844e-03 4.622697830200195312e-03 3.576278686523437500e-07 1.517176628112792969e-03 1.096924543380737305e-01
2.118113636970520020e-01 4.480057954788208008e-02 1.606345176696777344e-02 4.572063684463500977e-02 9.911864995956420898e-02 2.274709939956665039e-02 2.981781959533691406e-02 3.621459007263183594e-03 4.900443553924560547e-02 4.584079980850219727e-02 3.979200124740600586e-02 4.608398675918579102e-02 4.480063915252685547e-02 3.621399402618408203e-03 1.888966560363769531e-02 2.046638727188110352e-02 1.192092895507812500e-07 4.628652334213256836e-02 4.402130842208862305e-02 4.584091901779174805e-02 9.308695793151855469e-03 1.191550493240356445e-02 7.602494955062866211e-02 3.137832880020141602e-02 9.308576583862304688e-03 4.480046033859252930e-02 0.000000000000000000e+00 1.671892404556274414e-02 9.911888837814331055e-02 4.236441850662231445e-02 4.942315816879272461e-02 4.480081796646118164e-02 4.631763696670532227e-02 6.489199399948120117e-02
2.285302877426147461e-01 2.808165550231933594e-02 3.278237581253051758e-02 2.900171279907226562e-02 1.158375740051269531e-01 6.028175354003906250e-03 1.309889554977416992e-02 2.034038305282592773e-02 6.572335958480834961e-02 2.912187576293945312e-02 2.307307720184326172e-02 2.936506271362304688e-02 2.808171510696411133e-02 2.034032344818115234e-02 2.170741558074951172e-03 3.718531131744384766e-02 1.671880483627319336e-02 2.956759929656982422e-02 6.074023246765136719e-02 2.912199497222900391e-02 7.410228252410888672e-03 4.803419113159179688e-03 9.274387359619140625e-02 1.465940475463867188e-02 7.410347461700439453e-03 2.808153629302978516e-02 1.671892404556274414e-02 0.000000000000000000e+00 1.158378124237060547e-01 2.564549446105957031e-02 3.270423412322998047e-02 2.808189392089843750e-02 2.959871292114257812e-02 8.161091804504394531e-02
1.126924753189086914e-01 1.439194679260253906e-01 8.305543661117553711e-02 1.448395252227783203e-01 2.384185791015625000e-07 1.218659877777099609e-01 1.289367079734802246e-01 9.549742937088012695e-02 5.011445283889770508e-02 1.449596881866455078e-01 1.389108896255493164e-01 1.452028751373291016e-01 1.439195275306701660e-01 9.549748897552490234e-02 1.180085539817810059e-01 7.865250110626220703e-02 9.911900758743286133e-02 1.454054117202758789e-01 5.509757995605468750e-02 1.449598073959350586e-01 1.084275841712951660e-01 1.110343933105468750e-01 2.309393882751464844e-02 1.304972171783447266e-01 1.084274649620056152e-01 1.439193487167358398e-01 9.911888837814331055e-02 1.158378124237060547e-01 0.000000000000000000e+00 1.414833068847656250e-01 1.485420465469360352e-01 1.439197063446044922e-01 1.454365253448486328e-01 3.422689437866210938e-02
2.541757822036743164e-01 2.436161041259765625e-03 5.842787027359008789e-02 3.356218338012695312e-03 1.414830684661865234e-01 1.961731910705566406e-02 1.254659891128540039e-02 4.598587751388549805e-02 9.136885404586791992e-02 3.476381301879882812e-03 2.572417259216308594e-03 3.719568252563476562e-03 2.436220645904541016e-03 4.598581790924072266e-02 2.347475290298461914e-02 6.283080577850341797e-02 4.236429929733276367e-02 3.922104835510253906e-03 8.638572692871093750e-02 3.476500511169433594e-03 3.305572271347045898e-02 3.044891357421875000e-02 1.183893680572509766e-01 1.098608970642089844e-02 3.305584192276000977e-02 2.436041831970214844e-03 4.236441850662231445e-02 2.564549446105957031e-02 1.414833068847656250e-01 0.000000000000000000e+00 7.058739662170410156e-03 2.436399459838867188e-03 3.953218460083007812e-03 1.072564125061035156e-01
2.612345218658447266e-01 4.622578620910644531e-03 6.548660993576049805e-02 3.702521324157714844e-03 1.485418081283569336e-01 2.667605876922607422e-02 1.960533857345581055e-02 5.304461717605590820e-02 9.842759370803833008e-02 3.582358360290527344e-03 9.631156921386718750e-03 3.339171409606933594e-03 4.622519016265869141e-03 5.304455757141113281e-02 3.053349256515502930e-02 6.988954544067382812e-02 4.942303895950317383e-02 3.136634826660156250e-03 9.344446659088134766e-02 3.582239151000976562e-03 4.011446237564086914e-02 3.750765323638916016e-02 1.254481077194213867e-01 1.804482936859130859e-02 4.011458158493041992e-02 4.622697830200195312e-03 4.942315816879272461e-02 3.270423412322998047e-02 1.485420465469360352e-01 7.058739662170410156e-03 0.000000000000000000e+00 4.622340202331542969e-03 3.105521202087402344e-03 1.143151521682739258e-01
2.566121816635131836e-01 2.384185791015625000e-07 6.086426973342895508e-02 9.198188781738281250e-04 1.439194679260253906e-01 2.205371856689453125e-02 1.498299837112426758e-02 4.842227697372436523e-02 9.380525350570678711e-02 1.039981842041015625e-03 5.008816719055175781e-03 1.283168792724609375e-03 1.788139343261718750e-07 4.842221736907958984e-02 2.591115236282348633e-02 6.526720523834228516e-02 4.480069875717163086e-02 1.485705375671386719e-03 8.882212638854980469e-02 1.040101051330566406e-03 3.549212217330932617e-02 3.288531303405761719e-02 1.208257675170898438e-01 1.342248916625976562e-02 3.549224138259887695e-02 3.576278686523437500e-07 4.480081796646118164e-02 2.808189392089843750e-02 1.439197063446044922e-01 2.436399459838867188e-03 4.622340202331542969e-03 0.000000000000000000e+00 1.516819000244140625e-03 1.096928119659423828e-01
2.581290006637573242e-01 1.517057418823242188e-03 6.238108873367309570e-02 5.970001220703125000e-04 1.454362869262695312e-01 2.357053756713867188e-02 1.649981737136840820e-02 4.993909597396850586e-02 9.532207250595092773e-02 4.768371582031250000e-04 6.525635719299316406e-03 2.336502075195312500e-04 1.516997814178466797e-03 4.993903636932373047e-02 2.742797136306762695e-02 6.678402423858642578e-02 4.631751775741577148e-02 3.111362457275390625e-05 9.033894538879394531e-02 4.767179489135742188e-04 3.700894117355346680e-02 3.440213203430175781e-02 1.223425865173339844e-01 1.493930816650390625e-02 3.700906038284301758e-02 1.517176628112792969e-03 4.631763696670532227e-02 2.959871292114257812e-02 1.454365253448486328e-01 3.953218460083007812e-03 3.105521202087402344e-03 1.516819000244140625e-03 0.000000000000000000e+00 1.112096309661865234e-01
1.469193696975708008e-01 1.096925735473632812e-01 4.882854223251342773e-02 1.106126308441162109e-01 3.422665596008300781e-02 8.763909339904785156e-02 9.470981359481811523e-02 6.127053499221801758e-02 1.588755846023559570e-02 1.107327938079833984e-01 1.046839952468872070e-01 1.109759807586669922e-01 1.096926331520080566e-01 6.127059459686279297e-02 8.378165960311889648e-02 4.442560672760009766e-02 6.489211320877075195e-02 1.111785173416137695e-01 2.087068557739257812e-02 1.107329130172729492e-01 7.420068979263305664e-02 7.680749893188476562e-02 1.113295555114746094e-02 9.627032279968261719e-02 7.420057058334350586e-02 1.096924543380737305e-01 6.489199399948120117e-02 8.161091804504394531e-02 3.422689437866210938e-02 1.072564125061035156e-01 1.143151521682739258e-01 1.096928119659423828e-01 1.112096309661865234e-01 0.000000000000000000e+00
