0.000000000000000000e+00 3.177184611558914185e-02 4.800994321703910828e-02 1.294963210821151733e-01 1.125780120491981506e-01 3.456358984112739563e-02 4.009967297315597534e-02 2.480847761034965515e-02 4.114145040512084961e-02 9.265424311161041260e-02 2.740318514406681061e-02 8.519331365823745728e-02 3.645671159029006958e-02 4.550052434206008911e-02 6.565885245800018311e-02 3.999938443303108215e-02 1.002260483801364899e-02 2.271221205592155457e-02 3.285572305321693420e-02 1.792663335800170898e-01 1.382603794336318970e-01 3.074256703257560730e-02 2.128627523779869080e-02 3.443044051527976990e-02 3.491901606321334839e-02 8.916553109884262085e-02 2.482466027140617371e-02 1.051472947001457214e-01 4.927735030651092529e-02 2.606242895126342773e-02 2.400449849665164948e-02 1.378794759511947632e-01 1.385951135307550430e-02 8.290927112102508545e-02
3.177184611558914185e-02 0.000000000000000000e+00 1.626290939748287201e-02 9.812820702791213989e-02 1.438353806734085083e-01 6.626266986131668091e-02 8.338450454175472260e-03 5.653575807809829712e-02 9.381867013871669769e-03 6.106215715408325195e-02 5.912355706095695496e-02 5.356645584106445312e-02 4.690301138907670975e-03 7.716082036495208740e-02 9.722786396741867065e-02 8.238009177148342133e-03 2.175616845488548279e-02 5.444477126002311707e-02 1.085007330402731895e-03 1.483393609523773193e-01 1.069583892822265625e-01 1.030283165164291859e-03 1.049266662448644638e-02 2.661507576704025269e-03 6.661695241928100586e-02 5.755674093961715698e-02 6.952668540179729462e-03 7.362139970064163208e-02 8.092249929904937744e-02 5.714148283004760742e-03 7.773275021463632584e-03 1.689113676548004150e-01 4.561127349734306335e-02 1.143798232078552246e-01
4.800994321703910828e-02 1.626290939748287201e-02 0.000000000000000000e+00 8.199614286422729492e-02 1.597246676683425903e-01 8.243673294782638550e-02 7.925532758235931396e-03 7.273179292678833008e-02 6.882090121507644653e-03 4.484377801418304443e-02 7.531404495239257812e-02 3.733607009053230286e-02 1.157348975539207458e-02 9.330663830041885376e-02 1.133116036653518677e-01 8.025974966585636139e-03 3.800563141703605652e-02 7.064512372016906738e-02 1.517816819250583649e-02 1.323958486318588257e-01 9.085351973772048950e-02 1.729290187358856201e-02 2.675100788474082947e-02 1.360198855400085449e-02 8.279016613960266113e-02 4.133252426981925964e-02 2.321295067667961121e-02 5.742724239826202393e-02 9.705767780542373657e-02 2.197501249611377716e-02 2.403314597904682159e-02 1.846669912338256836e-01 6.182831898331642151e-02 1.304001659154891968e-01
1.294963210821151733e-01 9.812820702791213989e-02 8.199614286422729492e-02 0.000000000000000000e+00 2.385959774255752563e-01 1.633288711309432983e-01 8.986328542232513428e-02 1.538106650114059448e-01 8.882811665534973145e-02 3.728948533535003662e-02 1.563446819782257080e-01 4.479721933603286743e-02 9.348092228174209595e-02 1.739717721939086914e-01 1.935098469257354736e-01 8.996292203664779663e-02 1.196289882063865662e-01 1.517621725797653198e-01 9.705353528261184692e-02 5.095284432172775269e-02 8.923846296966075897e-03 9.914845973253250122e-02 1.085091382265090942e-01 9.549164026975631714e-02 1.636752188205718994e-01 4.080190882086753845e-02 1.050092279911041260e-01 2.468514442443847656e-02 1.776401102542877197e-01 1.037841588258743286e-01 1.058207601308822632e-01 2.626855671405792236e-01 1.430989950895309448e-01 2.101493179798126221e-01
1.125780120491981506e-01 1.438353806734085083e-01 1.597246676683425903e-01 2.385959774255752563e-01 0.000000000000000000e+00 7.831916958093643188e-02 1.519915461540222168e-01 8.801535516977310181e-02 1.530107855796813965e-01 2.031136006116867065e-01 8.543840050697326660e-02 1.958925426006317139e-01 1.484255492687225342e-01 6.742285192012786865e-02 4.726856201887130737e-02 1.518934071063995361e-01 1.224624440073966980e-01 9.009616822004318237e-02 1.448977887630462646e-01 2.860710024833679199e-01 2.469939142465591431e-01 1.428262591361999512e-01 1.335442662239074707e-01 1.464408338069915771e-01 7.796549052000045776e-02 1.997385472059249878e-01 1.370197385549545288e-01 2.151781916618347168e-01 6.365378946065902710e-02 1.382348537445068359e-01 1.362144052982330322e-01 2.570039033889770508e-02 9.887277334928512573e-02 2.994826808571815491e-02
3.456358984112739563e-02 6.626266986131668091e-02 8.243673294782638550e-02 1.633288711309432983e-01 7.831916958093643188e-02 0.000000000000000000e+00 7.455991953611373901e-02 9.763485752046108246e-03 7.559753954410552979e-02 1.268117129802703857e-01 7.167190779000520706e-03 1.194052994251251221e-01 7.093092054128646851e-02 1.095416117459535599e-02 3.116598725318908691e-02 7.446002960205078125e-02 4.457075521349906921e-02 1.186068728566169739e-02 6.734284013509750366e-02 2.125131636857986450e-01 1.720020174980163574e-01 6.523683667182922363e-02 5.580880120396614075e-02 6.891202181577682495e-02 3.558562020771205425e-04 1.233489736914634705e-01 5.933733284473419189e-02 1.392049789428710938e-01 1.473886426538228989e-02 6.057145446538925171e-02 5.851953476667404175e-02 1.038106083869934082e-01 2.071399986743927002e-02 4.848461970686912537e-02
4.009967297315597534e-02 8.338450454175472260e-03 7.925532758235931396e-03 8.986328542232513428e-02 1.519915461540222168e-01 7.455991953611373901e-02 0.000000000000000000e+00 6.484363973140716553e-02 1.043498981744050980e-03 5.275056511163711548e-02 6.742876768112182617e-02 4.524821788072586060e-02 3.648292273283004761e-03 8.544429391622543335e-02 1.054807975888252258e-01 1.004481528070755303e-04 3.008916042745113373e-02 6.275472790002822876e-02 7.253508083522319794e-03 1.401742994785308838e-01 9.870797395706176758e-02 9.368653409183025360e-03 1.882946863770484924e-02 5.677068606019020081e-03 7.491379231214523315e-02 4.924192279577255249e-02 1.529023237526416779e-02 6.532304733991622925e-02 8.920075744390487671e-02 1.405192911624908447e-02 1.611068099737167358e-02 1.770005226135253906e-01 5.392921343445777893e-02 1.226013451814651489e-01
2.480847761034965515e-02 5.653575807809829712e-02 7.273179292678833008e-02 1.538106650114059448e-01 8.801535516977310181e-02 9.763485752046108246e-03 6.484363973140716553e-02 0.000000000000000000e+00 6.588268280029296875e-02 1.171933412551879883e-01 2.596475416794419289e-03 1.097697913646697998e-01 6.120982766151428223e-02 2.071543224155902863e-02 4.091702029109001160e-02 6.474360823631286621e-02 3.482242301106452942e-02 2.097445307299494743e-03 5.761723220348358154e-02 2.031712532043457031e-01 1.625114530324935913e-01 5.550871044397354126e-02 4.607042297720909119e-02 5.918836221098899841e-02 1.011930685490369797e-02 1.137224435806274414e-01 4.960259050130844116e-02 1.296176463365554810e-01 2.449882216751575470e-02 5.083803832530975342e-02 4.878392070531845093e-02 1.134591028094291687e-01 1.095272973179817200e-02 5.822054669260978699e-02
4.114145040512084961e-02 9.381867013871669769e-03 6.882090121507644653e-03 8.882811665534973145e-02 1.530107855796813965e-01 7.559753954410552979e-02 1.043498981744050980e-03 6.588268280029296875e-02 0.000000000000000000e+00 5.170990899205207825e-02 6.846744567155838013e-02 4.420680925250053406e-02 4.691773094236850739e-03 8.648008853197097778e-02 1.065125763416290283e-01 1.143947010859847069e-03 3.113168291747570038e-02 6.379405409097671509e-02 8.296944200992584229e-03 1.391511559486389160e-01 9.767454117536544800e-02 1.041205041110515594e-02 1.987257786095142365e-02 6.720528006553649902e-03 7.595135271549224854e-02 4.820089787244796753e-02 1.633347012102603912e-02 6.428392976522445679e-02 9.023585915565490723e-02 1.509520690888166428e-02 1.715389080345630646e-02 1.780111491680145264e-01 5.496961623430252075e-02 1.236290261149406433e-01
9.265424311161041260e-02 6.106215715408325195e-02 4.484377801418304443e-02 3.728948533535003662e-02 2.031136006116867065e-01 1.268117129802703857e-01 5.275056511163711548e-02 1.171933412551879883e-01 5.170990899205207825e-02 0.000000000000000000e+00 1.197533756494522095e-01 7.520294282585382462e-03 5.638800188899040222e-02 1.375747770071029663e-01 1.573558002710342407e-01 5.285073444247245789e-02 8.270844817161560059e-02 1.151241883635520935e-01 5.998111888766288757e-02 8.807498961687088013e-02 4.619796201586723328e-02 6.208853051066398621e-02 7.150900363922119141e-02 5.841013416647911072e-02 1.271618306636810303e-01 3.517775796353816986e-03 6.798595935106277466e-02 1.261595729738473892e-02 1.412865072488784790e-01 6.675300747156143188e-02 6.880277395248413086e-02 2.276257574558258057e-01 1.063771545886993408e-01 1.742251366376876831e-01
2.740318514406681061e-02 5.912355706095695496e-02 7.531404495239257812e-02 1.563446819782257080e-01 8.543840050697326660e-02 7.167190779000520706e-03 6.742876768112182617e-02 2.596475416794419289e-03 6.846744567155838013e-02 1.197533756494522095e-01 0.000000000000000000e+00 1.123342365026473999e-01 6.379616260528564453e-02 1.811992935836315155e-02 3.832461684942245483e-02 6.732877343893051147e-02 3.741551563143730164e-02 4.693895112723112106e-03 6.020469963550567627e-02 2.056592106819152832e-01 1.650382876396179199e-01 5.809681117534637451e-02 4.866107925772666931e-02 6.177533790469169617e-02 7.523027714341878891e-03 1.162845939397811890e-01 5.219234153628349304e-02 1.321696490049362183e-01 2.190374024212360382e-02 5.342745408415794373e-02 5.137389525771141052e-02 1.108952835202217102e-01 1.354882121086120605e-02 5.563248321413993835e-02
8.519331365823745728e-02 5.356645584106445312e-02 3.733607009053230286e-02 4.479721933603286743e-02 1.958925426006317139e-01 1.194052994251251221e-01 4.524821788072586060e-02 1.097697913646697998e-01 4.420680925250053406e-02 7.520294282585382462e-03 1.123342365026473999e-01 0.000000000000000000e+00 4.888843744993209839e-02 1.301891803741455078e-01 1.500130444765090942e-01 4.534845799207687378e-02 7.523494958877563477e-02 1.076971367001533508e-01 5.248450115323066711e-02 9.553200751543045044e-02 5.369959771633148193e-02 5.459372326731681824e-02 6.402313709259033203e-02 5.091220885515213013e-02 1.197560653090476990e-01 4.002625122666358948e-03 6.049659103155136108e-02 2.013434283435344696e-02 1.339085102081298828e-01 5.926246568560600281e-02 6.131419911980628967e-02 2.204829007387161255e-01 9.893600642681121826e-02 1.669235378503799438e-01
3.645671159029006958e-02 4.690301138907670975e-03 1.157348975539207458e-02 9.348092228174209595e-02 1.484255492687225342e-01 7.093092054128646851e-02 3.648292273283004761e-03 6.120982766151428223e-02 4.691773094236850739e-03 5.638800188899040222e-02 6.379616260528564453e-02 4.888843744993209839e-02 0.000000000000000000e+00 8.182150870561599731e-02 1.018717065453529358e-01 3.547845408320426941e-03 2.644377201795578003e-02 5.911996960639953613e-02 3.605311736464500427e-03 1.437490731477737427e-01 1.023194193840026855e-01 5.720556247979402542e-03 1.518221944570541382e-02 2.028818475082516670e-03 7.128497958183288574e-02 5.288071930408477783e-02 1.164258923381567001e-02 6.895490735769271851e-02 8.558031916618347168e-02 1.040416955947875977e-02 1.246312167495489120e-02 1.734642386436462402e-01 5.029081553220748901e-02 1.190062761306762695e-01
4.550052434206008911e-02 7.716082036495208740e-02 9.330663830041885376e-02 1.739717721939086914e-01 6.742285192012786865e-02 1.095416117459535599e-02 8.544429391622543335e-02 2.071543224155902863e-02 8.648008853197097778e-02 1.375747770071029663e-01 1.811992935836315155e-02 1.301891803741455078e-01 8.182150870561599731e-02 0.000000000000000000e+00 2.021872811019420624e-02 8.534458279609680176e-02 5.549782142043113708e-02 2.281188406050205231e-02 7.823928445577621460e-02 2.229483276605606079e-01 1.826121062040328979e-01 7.613658905029296875e-02 6.672216951847076416e-02 7.980594038963317871e-02 1.059834659099578857e-02 1.341219097375869751e-01 7.024583220481872559e-02 1.499305069446563721e-01 3.785313572734594345e-03 7.147818803787231445e-02 6.942918896675109863e-02 9.296216070652008057e-02 3.166097775101661682e-02 3.755040466785430908e-02
6.565885245800018311e-02 9.722786396741867065e-02 1.133116036653518677e-01 1.935098469257354736e-01 4.726856201887130737e-02 3.116598725318908691e-02 1.054807975888252258e-01 4.091702029109001160e-02 1.065125763416290283e-01 1.573558002710342407e-01 3.832461684942245483e-02 1.500130444765090942e-01 1.018717065453529358e-01 2.021872811019420624e-02 0.000000000000000000e+00 1.053814664483070374e-01 7.563167810440063477e-02 4.301077872514724731e-02 9.830250591039657593e-02 2.420758605003356934e-01 2.020847201347351074e-01 9.620721638202667236e-02 8.682377636432647705e-02 9.986353665590286255e-02 3.081047348678112030e-02 1.539232283830642700e-01 9.033626317977905273e-02 1.696349978446960449e-01 1.643467321991920471e-02 9.156459569931030273e-02 8.952224254608154297e-02 7.288041710853576660e-02 5.184651538729667664e-02 1.734484545886516571e-02
3.999938443303108215e-02 8.238009177148342133e-03 8.025974966585636139e-03 8.996292203664779663e-02 1.518934071063995361e-01 7.446002960205078125e-02 1.004481528070755303e-04 6.474360823631286621e-02 1.143947010859847069e-03 5.285073444247245789e-02 6.732877343893051147e-02 4.534845799207687378e-02 3.547845408320426941e-03 8.534458279609680176e-02 1.053814664483070374e-01 0.000000000000000000e+00 2.998880296945571899e-02 6.265467405319213867e-02 7.153064943850040436e-03 1.402727812528610229e-01 9.880743920803070068e-02 9.268213994801044464e-03 1.872905716300010681e-02 5.576623603701591492e-03 7.481390237808227539e-02 4.934212937951087952e-02 1.518980786204338074e-02 6.542306393384933472e-02 8.910110592842102051e-02 1.395150087773799896e-02 1.601025834679603577e-02 1.769032180309295654e-01 5.382905527949333191e-02 1.225024089217185974e-01
1.002260483801364899e-02 2.175616845488548279e-02 3.800563141703605652e-02 1.196289882063865662e-01 1.224624440073966980e-01 4.457075521349906921e-02 3.008916042745113373e-02 3.482242301106452942e-02 3.113168291747570038e-02 8.270844817161560059e-02 3.741551563143730164e-02 7.523494958877563477e-02 2.644377201795578003e-02 5.549782142043113708e-02 7.563167810440063477e-02 2.998880296945571899e-02 0.000000000000000000e+00 3.272736817598342896e-02 2.284063771367073059e-02 1.695483624935150146e-01 1.284157335758209229e-01 2.072635106742382050e-02 1.126607600599527359e-02 2.441626414656639099e-02 4.492589831352233887e-02 7.921371608972549438e-02 1.480574067682027817e-02 9.522503614425659180e-02 5.927067995071411133e-02 1.604401692748069763e-02 1.398525945842266083e-02 1.476979851722717285e-01 2.387879788875579834e-02 9.285471588373184204e-02
2.271221205592155457e-02 5.444477126002311707e-02 7.064512372016906738e-02 1.517621725797653198e-01 9.009616822004318237e-02 1.186068728566169739e-02 6.275472790002822876e-02 2.097445307299494743e-03 6.379405409097671509e-02 1.151241883635520935e-01 4.693895112723112106e-03 1.076971367001533508e-01 5.911996960639953613e-02 2.281188406050205231e-02 4.301077872514724731e-02 6.265467405319213867e-02 3.272736817598342896e-02 0.000000000000000000e+00 5.552649870514869690e-02 2.011595070362091064e-01 1.604686975479125977e-01 5.341748148202896118e-02 4.397722706198692322e-02 5.709800496697425842e-02 1.221649162471294403e-02 1.116516292095184326e-01 4.751008376479148865e-02 1.275548934936523438e-01 2.659490332007408142e-02 4.874578863382339478e-02 4.669125750660896301e-02 1.155290454626083374e-01 8.855489082634449005e-03 6.031062453985214233e-02
3.285572305321693420e-02 1.085007330402731895e-03 1.517816819250583649e-02 9.705353528261184692e-02 1.448977887630462646e-01 6.734284013509750366e-02 7.253508083522319794e-03 5.761723220348358154e-02 8.296944200992584229e-03 5.998111888766288757e-02 6.020469963550567627e-02 5.248450115323066711e-02 3.605311736464500427e-03 7.823928445577621460e-02 9.830250591039657593e-02 7.153064943850040436e-03 2.284063771367073059e-02 5.552649870514869690e-02 0.000000000000000000e+00 1.472780704498291016e-01 1.058856770396232605e-01 2.115288050845265388e-03 1.157754100859165192e-02 1.576504786498844624e-03 6.769707053899765015e-02 5.647525936365127563e-02 8.037614636123180389e-03 7.254218310117721558e-02 8.200030773878097534e-02 6.799113936722278595e-03 8.858206681907176971e-03 1.699652373790740967e-01 4.669396579265594482e-02 1.154505014419555664e-01
1.792663335800170898e-01 1.483393609523773193e-01 1.323958486318588257e-01 5.095284432172775269e-02 2.860710024833679199e-01 2.125131636857986450e-01 1.401742994785308838e-01 2.031712532043457031e-01 1.391511559486389160e-01 8.807498961687088013e-02 2.056592106819152832e-01 9.553200751543045044e-02 1.437490731477737427e-01 2.229483276605606079e-01 2.420758605003356934e-01 1.402727812528610229e-01 1.695483624935150146e-01 2.011595070362091064e-01 1.472780704498291016e-01 0.000000000000000000e+00 4.204811528325080872e-02 1.493468135595321655e-01 1.585851907730102539e-01 1.457353979349136353e-01 2.128529250621795654e-01 9.156439453363418579e-02 1.551320254802703857e-01 7.554297149181365967e-02 2.265424579381942749e-01 1.539230495691299438e-01 1.559328436851501465e-01 3.094959557056427002e-01 1.926472038030624390e-01 2.583359777927398682e-01
1.382603794336318970e-01 1.069583892822265625e-01 9.085351973772048950e-02 8.923846296966075897e-03 2.469939142465591431e-01 1.720020174980163574e-01 9.870797395706176758e-02 1.625114530324935913e-01 9.767454117536544800e-02 4.619796201586723328e-02 1.650382876396179199e-01 5.369959771633148193e-02 1.023194193840026855e-01 1.826121062040328979e-01 2.020847201347351074e-01 9.880743920803070068e-02 1.284157335758209229e-01 1.604686975479125977e-01 1.058856770396232605e-01 4.204811528325080872e-02 0.000000000000000000e+00 1.079767793416976929e-01 1.173193976283073425e-01 1.043265759944915771e-01 1.723473221063613892e-01 4.970765486359596252e-02 1.138264164328575134e-01 3.360158577561378479e-02 1.862686723470687866e-01 1.126037165522575378e-01 1.146363541483879089e-01 2.709742188453674316e-01 1.518289595842361450e-01 2.186631113290786743e-01
3.074256703257560730e-02 1.030283165164291859e-03 1.729290187358856201e-02 9.914845973253250122e-02 1.428262591361999512e-01 6.523683667182922363e-02 9.368653409183025360e-03 5.550871044397354126e-02 1.041205041110515594e-02 6.208853051066398621e-02 5.809681117534637451e-02 5.459372326731681824e-02 5.720556247979402542e-03 7.613658905029296875e-02 9.620721638202667236e-02 9.268213994801044464e-03 2.072635106742382050e-02 5.341748148202896118e-02 2.115288050845265388e-03 1.493468135595321655e-01 1.079767793416976929e-01 0.000000000000000000e+00 9.462485089898109436e-03 3.691780380904674530e-03 6.559117138385772705e-02 5.858355388045310974e-02 5.922427400946617126e-03 7.464601844549179077e-02 7.989887893199920654e-02 4.683892708271741867e-03 6.743045989423990250e-03 1.679103076457977295e-01 4.458308592438697815e-02 1.133628934621810913e-01
2.128627523779869080e-02 1.049266662448644638e-02 2.675100788474082947e-02 1.085091382265090942e-01 1.335442662239074707e-01 5.580880120396614075e-02 1.882946863770484924e-02 4.607042297720909119e-02 1.987257786095142365e-02 7.150900363922119141e-02 4.866107925772666931e-02 6.402313709259033203e-02 1.518221944570541382e-02 6.672216951847076416e-02 8.682377636432647705e-02 1.872905716300010681e-02 1.126607600599527359e-02 4.397722706198692322e-02 1.157754100859165192e-02 1.585851907730102539e-01 1.173193976283073425e-01 9.462485089898109436e-03 0.000000000000000000e+00 1.315380539745092392e-02 5.616354197263717651e-02 6.800834089517593384e-02 3.540255827829241753e-03 8.404913544654846191e-02 7.048968970775604248e-02 4.778803791850805283e-03 2.719612792134284973e-03 1.586999744176864624e-01 3.513542190194129944e-02 1.040119826793670654e-01
3.443044051527976990e-02 2.661507576704025269e-03 1.360198855400085449e-02 9.549164026975631714e-02 1.464408338069915771e-01 6.891202181577682495e-02 5.677068606019020081e-03 5.918836221098899841e-02 6.720528006553649902e-03 5.841013416647911072e-02 6.177533790469169617e-02 5.091220885515213013e-02 2.028818475082516670e-03 7.980594038963317871e-02 9.986353665590286255e-02 5.576623603701591492e-03 2.441626414656639099e-02 5.709800496697425842e-02 1.576504786498844624e-03 1.457353979349136353e-01 1.043265759944915771e-01 3.691780380904674530e-03 1.315380539745092392e-02 0.000000000000000000e+00 6.926617771387100220e-02 5.490364506840705872e-02 9.613997302949428558e-03 7.097379863262176514e-02 8.356600999832153320e-02 8.375528268516063690e-03 1.043456699699163437e-02 1.714957803487777710e-01 4.826692119240760803e-02 1.170057058334350586e-01
3.491901606321334839e-02 6.661695241928100586e-02 8.279016613960266113e-02 1.636752188205718994e-01 7.796549052000045776e-02 3.558562020771205425e-04 7.491379231214523315e-02 1.011930685490369797e-02 7.595135271549224854e-02 1.271618306636810303e-01 7.523027714341878891e-03 1.197560653090476990e-01 7.128497958183288574e-02 1.059834659099578857e-02 3.081047348678112030e-02 7.481390237808227539e-02 4.492589831352233887e-02 1.221649162471294403e-02 6.769707053899765015e-02 2.128529250621795654e-01 1.723473221063613892e-01 6.559117138385772705e-02 5.616354197263717651e-02 6.926617771387100220e-02 0.000000000000000000e+00 1.236993968486785889e-01 5.969192832708358765e-02 1.395539194345474243e-01 1.438308320939540863e-02 6.092599779367446899e-02 5.887416750192642212e-02 1.034585759043693542e-01 2.106970176100730896e-02 4.812959581613540649e-02
8.916553109884262085e-02 5.755674093961715698e-02 4.133252426981925964e-02 4.080190882086753845e-02 1.997385472059249878e-01 1.233489736914634705e-01 4.924192279577255249e-02 1.137224435806274414e-01 4.820089787244796753e-02 3.517775796353816986e-03 1.162845939397811890e-01 4.002625122666358948e-03 5.288071930408477783e-02 1.341219097375869751e-01 1.539232283830642700e-01 4.934212937951087952e-02 7.921371608972549438e-02 1.116516292095184326e-01 5.647525936365127563e-02 9.156439453363418579e-02 4.970765486359596252e-02 5.858355388045310974e-02 6.800834089517593384e-02 5.490364506840705872e-02 1.236993968486785889e-01 0.000000000000000000e+00 6.448360532522201538e-02 1.613301783800125122e-02 1.378372311592102051e-01 6.325008720159530640e-02 6.530079990625381470e-02 2.242875993251800537e-01 1.028978824615478516e-01 1.708120554685592651e-01
2.482466027140617371e-02 6.952668540179729462e-03 2.321295067667961121e-02 1.050092279911041260e-01 1.370197385549545288e-01 5.933733284473419189e-02 1.529023237526416779e-02 4.960259050130844116e-02 1.633347012102603912e-02 6.798595935106277466e-02 5.219234153628349304e-02 6.049659103155136108e-02 1.164258923381567001e-02 7.024583220481872559e-02 9.033626317977905273e-02 1.518980786204338074e-02 1.480574067682027817e-02 4.751008376479148865e-02 8.037614636123180389e-03 1.551320254802703857e-01 1.138264164328575134e-01 5.922427400946617126e-03 3.540255827829241753e-03 9.613997302949428558e-03 5.969192832708358765e-02 6.448360532522201538e-02 0.000000000000000000e+00 8.053284138441085815e-02 7.401147484779357910e-02 1.238569035194814205e-03 8.206511265598237514e-04 1.621491312980651855e-01 3.867086768150329590e-02 1.075126528739929199e-01
1.051472947001457214e-01 7.362139970064163208e-02 5.742724239826202393e-02 2.468514442443847656e-02 2.151781916618347168e-01 1.392049789428710938e-01 6.532304733991622925e-02 1.296176463365554810e-01 6.428392976522445679e-02 1.261595729738473892e-02 1.321696490049362183e-01 2.013434283435344696e-02 6.895490735769271851e-02 1.499305069446563721e-01 1.696349978446960449e-01 6.542306393384933472e-02 9.522503614425659180e-02 1.275548934936523438e-01 7.254218310117721558e-02 7.554297149181365967e-02 3.360158577561378479e-02 7.464601844549179077e-02 8.404913544654846191e-02 7.097379863262176514e-02 1.395539194345474243e-01 1.613301783800125122e-02 8.053284138441085815e-02 0.000000000000000000e+00 1.536286324262619019e-01 7.930218428373336792e-02 8.134812116622924805e-02 2.395538091659545898e-01 1.188336312770843506e-01 1.864313185214996338e-01
4.927735030651092529e-02 8.092249929904937744e-02 9.705767780542373657e-02 1.776401102542877197e-01 6.365378946065902710e-02 1.473886426538228989e-02 8.920075744390487671e-02 2.449882216751575470e-02 9.023585915565490723e-02 1.412865072488784790e-01 2.190374024212360382e-02 1.339085102081298828e-01 8.558031916618347168e-02 3.785313572734594345e-03 1.643467321991920471e-02 8.910110592842102051e-02 5.927067995071411133e-02 2.659490332007408142e-02 8.200030773878097534e-02 2.265424579381942749e-01 1.862686723470687866e-01 7.989887893199920654e-02 7.048968970775604248e-02 8.356600999832153320e-02 1.438308320939540863e-02 1.378372311592102051e-01 7.401147484779357910e-02 1.536286324262619019e-01 0.000000000000000000e+00 7.524314522743225098e-02 7.319526374340057373e-02 8.920824527740478516e-02 3.544204309582710266e-02 3.376989066600799561e-02
2.606242895126342773e-02 5.714148283004760742e-03 2.197501249611377716e-02 1.037841588258743286e-01 1.382348537445068359e-01 6.057145446538925171e-02 1.405192911624908447e-02 5.083803832530975342e-02 1.509520690888166428e-02 6.675300747156143188e-02 5.342745408415794373e-02 5.926246568560600281e-02 1.040416955947875977e-02 7.147818803787231445e-02 9.156459569931030273e-02 1.395150087773799896e-02 1.604401692748069763e-02 4.874578863382339478e-02 6.799113936722278595e-03 1.539230495691299438e-01 1.126037165522575378e-01 4.683892708271741867e-03 4.778803791850805283e-03 8.375528268516063690e-03 6.092599779367446899e-02 6.325008720159530640e-02 1.238569035194814205e-03 7.930218428373336792e-02 7.524314522743225098e-02 0.000000000000000000e+00 2.059218008071184158e-03 1.633548885583877563e-01 3.990752622485160828e-02 1.087367385625839233e-01
2.400449849665164948e-02 7.773275021463632584e-03 2.403314597904682159e-02 1.058207601308822632e-01 1.362144052982330322e-01 5.851953476667404175e-02 1.611068099737167358e-02 4.878392070531845093e-02 1.715389080345630646e-02 6.880277395248413086e-02 5.137389525771141052e-02 6.131419911980628967e-02 1.246312167495489120e-02 6.942918896675109863e-02 8.952224254608154297e-02 1.601025834679603577e-02 1.398525945842266083e-02 4.669125750660896301e-02 8.858206681907176971e-03 1.559328436851501465e-01 1.146363541483879089e-01 6.743045989423990250e-03 2.719612792134284973e-03 1.043456699699163437e-02 5.887416750192642212e-02 6.530079990625381470e-02 8.206511265598237514e-04 8.134812116622924805e-02 7.319526374340057373e-02 2.059218008071184158e-03 0.000000000000000000e+00 1.613499522209167480e-01 3.785141929984092712e-02 1.067014187574386597e-01
1.378794759511947632e-01 1.689113676548004150e-01 1.846669912338256836e-01 2.626855671405792236e-01 2.570039033889770508e-02 1.038106083869934082e-01 1.770005226135253906e-01 1.134591028094291687e-01 1.780111491680145264e-01 2.276257574558258057e-01 1.108952835202217102e-01 2.204829007387161255e-01 1.734642386436462402e-01 9.296216070652008057e-02 7.288041710853576660e-02 1.769032180309295654e-01 1.476979851722717285e-01 1.155290454626083374e-01 1.699652373790740967e-01 3.094959557056427002e-01 2.709742188453674316e-01 1.679103076457977295e-01 1.586999744176864624e-01 1.714957803487777710e-01 1.034585759043693542e-01 2.242875993251800537e-01 1.621491312980651855e-01 2.395538091659545898e-01 8.920824527740478516e-02 1.633548885583877563e-01 1.613499522209167480e-01 0.000000000000000000e+00 1.242574155330657959e-01 5.560585856437683105e-02
1.385951135307550430e-02 4.561127349734306335e-02 6.182831898331642151e-02 1.430989950895309448e-01 9.887277334928512573e-02 2.071399986743927002e-02 5.392921343445777893e-02 1.095272973179817200e-02 5.496961623430252075e-02 1.063771545886993408e-01 1.354882121086120605e-02 9.893600642681121826e-02 5.029081553220748901e-02 3.166097775101661682e-02 5.184651538729667664e-02 5.382905527949333191e-02 2.387879788875579834e-02 8.855489082634449005e-03 4.669396579265594482e-02 1.926472038030624390e-01 1.518289595842361450e-01 4.458308592438697815e-02 3.513542190194129944e-02 4.826692119240760803e-02 2.106970176100730896e-02 1.028978824615478516e-01 3.867086768150329590e-02 1.188336312770843506e-01 3.544204309582710266e-02 3.990752622485160828e-02 3.785141929984092712e-02 1.242574155330657959e-01 0.000000000000000000e+00 6.912919878959655762e-02
8.290927112102508545e-02 1.143798232078552246e-01 1.304001659154891968e-01 2.101493179798126221e-01 2.994826808571815491e-02 4.848461970686912537e-02 1.226013451814651489e-01 5.822054669260978699e-02 1.236290261149406433e-01 1.742251366376876831e-01 5.563248321413993835e-02 1.669235378503799438e-01 1.190062761306762695e-01 3.755040466785430908e-02 1.734484545886516571e-02 1.225024089217185974e-01 9.285471588373184204e-02 6.031062453985214233e-02 1.154505014419555664e-01 2.583359777927398682e-01 2.186631113290786743e-01 1.133628934621810913e-01 1.040119826793670654e-01 1.170057058334350586e-01 4.812959581613540649e-02 1.708120554685592651e-01 1.075126528739929199e-01 1.864313185214996338e-01 3.376989066600799561e-02 1.087367385625839233e-01 1.067014187574386597e-01 5.560585856437683105e-02 6.912919878959655762e-02 0.000000000000000000e+00
