0.000000000000000000e+00 4.064860567450523376e-02 5.172686651349067688e-02 1.315794289112091064e-01 1.055350676178932190e-01 3.699644282460212708e-02 4.253930971026420593e-02 2.524684928357601166e-02 4.863869026303291321e-02 9.969442337751388550e-02 1.983600482344627380e-02 9.103737771511077881e-02 4.255604371428489685e-02 4.503122717142105103e-02 5.858574435114860535e-02 4.139142483472824097e-02 8.049254305660724640e-03 2.521421574056148529e-02 3.636995702981948853e-02 1.882615089416503906e-01 1.344874799251556396e-01 3.440647944808006287e-02 2.460374683141708374e-02 3.853358700871467590e-02 2.388148754835128784e-02 9.651972353458404541e-02 3.313595801591873169e-02 1.000564098358154297e-01 4.742438346147537231e-02 2.552406676113605499e-02 3.419300168752670288e-02 1.454957723617553711e-01 6.128681357949972153e-03 8.289191126823425293e-02
4.064860567450523376e-02 0.000000000000000000e+00 1.110160164535045624e-02 9.141978621482849121e-02 1.455592513084411621e-01 7.752846181392669678e-02 1.893978100270032883e-03 6.582790613174438477e-02 8.005910553038120270e-03 5.928606912493705750e-02 6.043587997555732727e-02 5.057592689990997314e-02 1.910744584165513515e-03 8.552329242229461670e-02 9.899859130382537842e-02 7.440680637955665588e-04 3.261002525687217712e-02 6.579539179801940918e-02 4.284985363483428955e-03 1.487512290477752686e-01 9.435468167066574097e-02 6.250871345400810242e-03 1.606092415750026703e-02 2.118336968123912811e-03 6.446751207113265991e-02 5.609117820858955383e-02 7.522781845182180405e-03 5.965040996670722961e-02 8.790353685617446899e-02 1.514024566859006882e-02 6.464589387178421021e-03 1.850499510765075684e-01 4.676564037799835205e-02 1.231256499886512756e-01
5.172686651349067688e-02 1.110160164535045624e-02 0.000000000000000000e+00 8.039978146553039551e-02 1.564080864191055298e-01 8.855384588241577148e-02 9.207816794514656067e-03 7.687331736087799072e-02 3.095966530963778496e-03 4.821620136499404907e-02 7.148952037096023560e-02 3.949649631977081299e-02 9.191052056849002838e-03 9.653323888778686523e-02 1.099793240427970886e-01 1.035761833190917969e-02 4.369580373167991638e-02 7.684085518121719360e-02 1.538585498929023743e-02 1.378773152828216553e-01 8.334036171436309814e-02 1.735126785933971405e-02 2.715768292546272278e-02 1.321962848305702209e-02 7.551506906747817993e-02 4.501760378479957581e-02 1.862282678484916687e-02 4.858098179101943970e-02 9.890862554311752319e-02 2.623743936419487000e-02 1.756493002176284790e-02 1.957494169473648071e-01 5.783720687031745911e-02 1.340440362691879272e-01
1.315794289112091064e-01 9.141978621482849121e-02 8.039978146553039551e-02 0.000000000000000000e+00 2.338669598102569580e-01 1.677592247724533081e-01 8.954131603240966797e-02 1.563070267438888550e-01 8.347496390342712402e-02 3.230882808566093445e-02 1.510212868452072144e-01 4.103358834981918335e-02 8.952468633651733398e-02 1.755703687667846680e-01 1.887104660272598267e-01 9.068188071250915527e-02 1.236611455678939819e-01 1.562751680612564087e-01 9.566729515790939331e-02 5.812183767557144165e-02 2.960422541946172714e-03 9.761487692594528198e-02 1.073231324553489685e-01 9.352001547813415527e-02 1.549739390611648560e-01 3.551070392131805420e-02 9.887456893920898438e-02 3.194357082247734070e-02 1.778937578201293945e-01 1.064127534627914429e-01 9.782656282186508179e-02 2.718704342842102051e-01 1.375971436500549316e-01 2.121573686599731445e-01
1.055350676178932190e-01 1.455592513084411621e-01 1.564080864191055298e-01 2.338669598102569580e-01 0.000000000000000000e+00 6.880727410316467285e-02 1.474125832319259644e-01 8.050271123647689819e-02 1.533864140510559082e-01 2.030926942825317383e-01 8.587884157896041870e-02 1.947018206119537354e-01 1.474289894104003906e-01 6.079274415969848633e-02 4.724141210317611694e-02 1.462874710559844971e-01 1.134879142045974731e-01 8.053515851497650146e-02 1.413624435663223267e-01 2.880730926990509033e-01 2.366635352373123169e-01 1.394352316856384277e-01 1.298017799854278564e-01 1.434851586818695068e-01 8.185989409685134888e-02 2.000173628330230713e-01 1.381877809762954712e-01 2.034432291984558105e-01 5.840298533439636230e-02 1.307070553302764893e-01 1.392256617546081543e-01 4.058386757969856262e-02 9.947071969509124756e-02 2.284298650920391083e-02
3.699644282460212708e-02 7.752846181392669678e-02 8.855384588241577148e-02 1.677592247724533081e-01 6.880727410316467285e-02 0.000000000000000000e+00 7.941077649593353271e-02 1.176058035343885422e-02 8.548130840063095093e-02 1.361885517835617065e-01 1.717304252088069916e-02 1.276040375232696533e-01 7.942744344472885132e-02 8.048192597925662994e-03 2.163619548082351685e-02 7.826800644397735596e-02 4.503228515386581421e-02 1.179323066025972366e-02 7.326781749725341797e-02 2.236998826265335083e-01 1.706348955631256104e-01 7.131214439868927002e-02 6.154416874051094055e-02 7.542251050472259521e-02 1.312655489891767502e-02 1.330410838127136230e-01 7.004652917385101318e-02 1.365473866462707520e-01 1.044627092778682709e-02 6.246153265237808228e-02 7.109950482845306396e-02 1.090865209698677063e-01 3.087476268410682678e-02 4.603664577007293701e-02
4.253930971026420593e-02 1.893978100270032883e-03 9.207816794514656067e-03 8.954131603240966797e-02 1.474125832319259644e-01 7.941077649593353271e-02 0.000000000000000000e+00 6.771343201398849487e-02 6.112024188041687012e-03 5.739853531122207642e-02 6.232272833585739136e-02 4.868660494685173035e-02 1.676660758676007390e-05 8.740311115980148315e-02 1.008736565709114075e-01 1.149911666288971901e-03 3.450186923146247864e-02 6.768092513084411621e-02 6.178913637995719910e-03 1.468986421823501587e-01 9.247721731662750244e-02 8.144753053784370422e-03 1.795435510575771332e-02 4.012299235910177231e-03 6.635338813066482544e-02 5.420295521616935730e-02 9.416625835001468658e-03 5.776295810937881470e-02 8.978257328271865845e-02 1.703373715281486511e-02 8.358465507626533508e-03 1.868784427642822266e-01 4.865530505776405334e-02 1.249904856085777283e-01
2.524684928357601166e-02 6.582790613174438477e-02 7.687331736087799072e-02 1.563070267438888550e-01 8.050271123647689819e-02 1.176058035343885422e-02 6.771343201398849487e-02 0.000000000000000000e+00 7.379491627216339111e-02 1.246275827288627625e-01 5.413554143160581589e-03 1.160175651311874390e-01 6.773012876510620117e-02 1.980689726769924164e-02 3.338828310370445251e-02 6.656870990991592407e-02 3.328933939337730408e-02 3.265538543928414583e-05 6.156028062105178833e-02 2.124983668327331543e-01 1.591937988996505737e-01 5.960154905915260315e-02 4.981965199112892151e-02 6.371844559907913208e-02 1.366185140796005726e-03 1.214705631136894226e-01 5.833400413393974304e-02 1.249875351786613464e-01 2.220412343740463257e-02 5.073822289705276489e-02 5.938858166337013245e-02 1.206922605633735657e-01 1.912112534046173096e-02 5.776594951748847961e-02
4.863869026303291321e-02 8.005910553038120270e-03 3.095966530963778496e-03 8.347496390342712402e-02 1.533864140510559082e-01 8.548130840063095093e-02 6.112024188041687012e-03 7.379491627216339111e-02 0.000000000000000000e+00 5.130450800061225891e-02 6.840869039297103882e-02 4.258725792169570923e-02 6.095258519053459167e-03 9.346520155668258667e-02 1.069197654724121094e-01 7.261884864419698715e-03 4.060533270239830017e-02 7.376243919134140015e-02 1.229047402739524841e-02 1.409131437540054321e-01 8.641403913497924805e-02 1.425606664270162582e-02 2.406373992562294006e-02 1.012407522648572922e-02 7.243604212999343872e-02 4.810687154531478882e-02 1.552775502204895020e-02 5.166917666792869568e-02 9.584199637174606323e-02 2.314335107803344727e-02 1.446974929422140121e-02 1.927702724933624268e-01 5.475104972720146179e-02 1.310024261474609375e-01
9.969442337751388550e-02 5.928606912493705750e-02 4.821620136499404907e-02 3.230882808566093445e-02 2.030926942825317383e-01 1.361885517835617065e-01 5.739853531122207642e-02 1.246275827288627625e-01 5.130450800061225891e-02 0.000000000000000000e+00 1.192945241928100586e-01 8.736340329051017761e-03 5.738182738423347473e-02 1.440788358449935913e-01 1.573610752820968628e-01 5.854457989335060120e-02 9.171876311302185059e-02 1.245954334735870361e-01 6.355490535497665405e-02 9.026116877794265747e-02 3.526587784290313721e-02 6.551266461610794067e-02 7.527531683444976807e-02 6.139669939875602722e-02 1.232823953032493591e-01 3.205551300197839737e-03 6.677906960248947144e-02 3.656348562799394131e-04 1.464265137910842896e-01 7.435957342386245728e-02 6.572546809911727905e-02 2.416845262050628662e-01 1.057584807276725769e-01 1.810898333787918091e-01
1.983600482344627380e-02 6.043587997555732727e-02 7.148952037096023560e-02 1.510212868452072144e-01 8.587884157896041870e-02 1.717304252088069916e-02 6.232272833585739136e-02 5.413554143160581589e-03 6.840869039297103882e-02 1.192945241928100586e-01 0.000000000000000000e+00 1.106735169887542725e-01 6.233942881226539612e-02 2.521774917840957642e-02 3.879481926560401917e-02 6.117720156908035278e-02 2.788080833852291107e-02 5.380899645388126373e-03 5.616543814539909363e-02 2.073233127593994141e-01 1.539128869771957397e-01 5.420549213886260986e-02 4.441807046532630920e-02 5.832501128315925598e-02 4.047398455440998077e-03 1.161333769559860229e-01 5.293717235326766968e-02 1.196549311280250549e-01 2.761435694992542267e-02 4.533712193369865417e-02 5.399239063262939453e-02 1.260234862565994263e-01 1.370899099856615067e-02 6.315975636243820190e-02
9.103737771511077881e-02 5.057592689990997314e-02 3.949649631977081299e-02 4.103358834981918335e-02 1.947018206119537354e-01 1.276040375232696533e-01 4.868660494685173035e-02 1.160175651311874390e-01 4.258725792169570923e-02 8.736340329051017761e-03 1.106735169887542725e-01 0.000000000000000000e+00 4.866988211870193481e-02 1.355130523443222046e-01 1.488293409347534180e-01 4.983372986316680908e-02 8.304897695779800415e-02 1.159853488206863403e-01 5.484902486205101013e-02 9.891951084136962891e-02 4.398866742849349976e-02 5.680882930755615234e-02 6.658276170492172241e-02 5.268861353397369385e-02 1.146695613861083984e-01 5.530944559723138809e-03 5.807660520076751709e-02 9.101947769522666931e-03 1.378665268421173096e-01 6.566588580608367920e-02 5.702186375856399536e-02 2.334410697221755981e-01 9.711187332868576050e-02 1.726265847682952881e-01
4.255604371428489685e-02 1.910744584165513515e-03 9.191052056849002838e-03 8.952468633651733398e-02 1.474289894104003906e-01 7.942744344472885132e-02 1.676660758676007390e-05 6.773012876510620117e-02 6.095258519053459167e-03 5.738182738423347473e-02 6.233942881226539612e-02 4.866988211870193481e-02 0.000000000000000000e+00 8.741975575685501099e-02 1.008902490139007568e-01 1.166678266599774361e-03 3.451861813664436340e-02 6.769762188196182251e-02 6.195679306983947754e-03 1.468822509050369263e-01 9.246059507131576538e-02 8.161518722772598267e-03 1.797111518681049347e-02 4.029065370559692383e-03 6.637007743120193481e-02 5.418623983860015869e-02 9.433391503989696503e-03 5.774624273180961609e-02 8.979920297861099243e-02 1.705049723386764526e-02 8.375231176614761353e-03 1.868946254253387451e-01 4.867203161120414734e-02 1.250069886445999146e-01
4.503122717142105103e-02 8.552329242229461670e-02 9.653323888778686523e-02 1.755703687667846680e-01 6.079274415969848633e-02 8.048192597925662994e-03 8.740311115980148315e-02 1.980689726769924164e-02 9.346520155668258667e-02 1.440788358449935913e-01 2.521774917840957642e-02 1.355130523443222046e-01 8.741975575685501099e-02 0.000000000000000000e+00 1.359036937355995178e-02 8.626186102628707886e-02 5.306124687194824219e-02 1.983954012393951416e-02 8.126808702945709229e-02 2.313315868377685547e-01 1.784380376338958740e-01 7.931482046842575073e-02 6.955791264772415161e-02 8.342006802558898926e-02 2.117251046001911163e-02 1.409383565187454224e-01 7.805072516202926636e-02 1.444368511438369751e-01 2.398279029875993729e-03 7.047429680824279785e-02 7.910243421792984009e-02 1.011271104216575623e-01 3.891328722238540649e-02 3.800253197550773621e-02
5.858574435114860535e-02 9.899859130382537842e-02 1.099793240427970886e-01 1.887104660272598267e-01 4.724141210317611694e-02 2.163619548082351685e-02 1.008736565709114075e-01 3.338828310370445251e-02 1.069197654724121094e-01 1.573610752820968628e-01 3.879481926560401917e-02 1.488293409347534180e-01 1.008902490139007568e-01 1.359036937355995178e-02 0.000000000000000000e+00 9.973531961441040039e-02 6.660359352827072144e-02 3.342090174555778503e-02 9.475380182266235352e-02 2.441543638706207275e-01 1.915638744831085205e-01 9.280515462160110474e-02 8.306974917650222778e-02 9.690057486295700073e-02 3.475287929177284241e-02 1.542333215475082397e-01 9.154398739337921143e-02 1.577176302671432495e-01 1.119245495647192001e-02 8.398422598838806152e-02 9.259326010942459106e-02 8.765721321105957031e-02 5.247590690851211548e-02 2.442477829754352570e-02
4.139142483472824097e-02 7.440680637955665588e-04 1.035761833190917969e-02 9.068188071250915527e-02 1.462874710559844971e-01 7.826800644397735596e-02 1.149911666288971901e-03 6.656870990991592407e-02 7.261884864419698715e-03 5.854457989335060120e-02 6.117720156908035278e-02 4.983372986316680908e-02 1.166678266599774361e-03 8.626186102628707886e-02 9.973531961441040039e-02 0.000000000000000000e+00 3.335328027606010437e-02 6.653619557619094849e-02 5.029037594795227051e-03 1.480235606431961060e-01 9.361717849969863892e-02 6.994906347244977951e-03 1.680479198694229126e-02 2.862400608137249947e-03 6.520845741033554077e-02 5.534941703081130981e-02 8.266802877187728882e-03 5.890896171331405640e-02 8.864180743694305420e-02 1.588413491845130920e-02 7.208622526377439499e-03 1.857684403657913208e-01 4.750805348157882690e-02 1.238583698868751526e-01
8.049254305660724640e-03 3.261002525687217712e-02 4.369580373167991638e-02 1.236611455678939819e-01 1.134879142045974731e-01 4.503228515386581421e-02 3.450186923146247864e-02 3.328933939337730408e-02 4.060533270239830017e-02 9.171876311302185059e-02 2.788080833852291107e-02 8.304897695779800415e-02 3.451861813664436340e-02 5.306124687194824219e-02 6.660359352827072144e-02 3.335328027606010437e-02 0.000000000000000000e+00 3.325671702623367310e-02 2.832899615168571472e-02 1.804857701063156128e-01 1.265752315521240234e-01 2.636452391743659973e-02 1.655777171254158020e-02 3.049379214644432068e-02 3.192460536956787109e-02 8.853925019502639771e-02 2.509339526295661926e-02 9.208132326602935791e-02 5.545247346162796021e-02 1.747840642929077148e-02 2.615094557404518127e-02 1.533654034137725830e-01 1.417723577469587326e-02 9.088052064180374146e-02
2.521421574056148529e-02 6.579539179801940918e-02 7.684085518121719360e-02 1.562751680612564087e-01 8.053515851497650146e-02 1.179323066025972366e-02 6.768092513084411621e-02 3.265538543928414583e-05 7.376243919134140015e-02 1.245954334735870361e-01 5.380899645388126373e-03 1.159853488206863403e-01 6.769762188196182251e-02 1.983954012393951416e-02 3.342090174555778503e-02 6.653619557619094849e-02 3.325671702623367310e-02 0.000000000000000000e+00 6.152775138616561890e-02 2.124671787023544312e-01 1.591619700193405151e-01 5.956901237368583679e-02 4.978707432746887207e-02 6.368592381477355957e-02 1.333529828116297722e-03 1.214383915066719055e-01 5.830145999789237976e-02 1.249553859233856201e-01 2.223676256835460663e-02 5.070564895868301392e-02 5.935604125261306763e-02 1.207244396209716797e-01 1.908848248422145844e-02 5.779849365353584290e-02
3.636995702981948853e-02 4.284985363483428955e-03 1.538585498929023743e-02 9.566729515790939331e-02 1.413624435663223267e-01 7.326781749725341797e-02 6.178913637995719910e-03 6.156028062105178833e-02 1.229047402739524841e-02 6.355490535497665405e-02 5.616543814539909363e-02 5.484902486205101013e-02 6.195679306983947754e-03 8.126808702945709229e-02 9.475380182266235352e-02 5.029037594795227051e-03 2.832899615168571472e-02 6.152775138616561890e-02 0.000000000000000000e+00 1.529387384653091431e-01 9.859979897737503052e-02 1.965938368812203407e-03 1.177674811333417892e-02 2.166667953133583069e-03 6.019915640354156494e-02 6.036165729165077209e-02 3.237900556996464729e-03 6.391905993223190308e-02 8.365005999803543091e-02 1.085596438497304916e-02 2.179664094001054764e-03 1.809084266424179077e-01 4.248916730284690857e-02 1.189033985137939453e-01
1.882615089416503906e-01 1.487512290477752686e-01 1.378773152828216553e-01 5.812183767557144165e-02 2.880730926990509033e-01 2.236998826265335083e-01 1.468986421823501587e-01 2.124983668327331543e-01 1.409131437540054321e-01 9.026116877794265747e-02 2.073233127593994141e-01 9.891951084136962891e-02 1.468822509050369263e-01 2.313315868377685547e-01 2.441543638706207275e-01 1.480235606431961060e-01 1.804857701063156128e-01 2.124671787023544312e-01 1.529387384653091431e-01 0.000000000000000000e+00 5.517091229557991028e-02 1.548581123352050781e-01 1.644193381071090698e-01 1.508220583200454712e-01 2.111934721469879150e-01 9.343969076871871948e-02 1.560993343591690063e-01 8.989850431680679321e-02 2.336002737283706665e-01 1.635232120752334595e-01 1.550667136907577515e-01 3.248589932918548584e-01 1.941661685705184937e-01 2.669869959354400635e-01
1.344874799251556396e-01 9.435468167066574097e-02 8.334036171436309814e-02 2.960422541946172714e-03 2.366635352373123169e-01 1.706348955631256104e-01 9.247721731662750244e-02 1.591937988996505737e-01 8.641403913497924805e-02 3.526587784290313721e-02 1.539128869771957397e-01 4.398866742849349976e-02 9.246059507131576538e-02 1.784380376338958740e-01 1.915638744831085205e-01 9.361717849969863892e-02 1.265752315521240234e-01 1.591619700193405151e-01 9.859979897737503052e-02 5.517091229557991028e-02 0.000000000000000000e+00 1.005462333559989929e-01 1.102485284209251404e-01 9.645373374223709106e-02 1.578619480133056641e-01 3.846708312630653381e-02 1.018051877617835999e-01 3.490069508552551270e-02 1.807589828968048096e-01 1.093387231230735779e-01 1.007578000426292419e-01 2.746098339557647705e-01 1.405003517866134644e-01 2.149827629327774048e-01
3.440647944808006287e-02 6.250871345400810242e-03 1.735126785933971405e-02 9.761487692594528198e-02 1.394352316856384277e-01 7.131214439868927002e-02 8.144753053784370422e-03 5.960154905915260315e-02 1.425606664270162582e-02 6.551266461610794067e-02 5.420549213886260986e-02 5.680882930755615234e-02 8.161518722772598267e-03 7.931482046842575073e-02 9.280515462160110474e-02 6.994906347244977951e-03 2.636452391743659973e-02 5.956901237368583679e-02 1.965938368812203407e-03 1.548581123352050781e-01 1.005462333559989929e-01 0.000000000000000000e+00 9.811037220060825348e-03 4.132589325308799744e-03 5.824011191725730896e-02 6.232019513845443726e-02 1.271970104426145554e-03 6.587671488523483276e-02 8.169756084680557251e-02 8.890217170119285583e-03 2.137267001671716571e-04 1.790061444044113159e-01 4.052660986781120300e-02 1.169648021459579468e-01
2.460374683141708374e-02 1.606092415750026703e-02 2.715768292546272278e-02 1.073231324553489685e-01 1.298017799854278564e-01 6.154416874051094055e-02 1.795435510575771332e-02 4.981965199112892151e-02 2.406373992562294006e-02 7.527531683444976807e-02 4.441807046532630920e-02 6.658276170492172241e-02 1.797111518681049347e-02 6.955791264772415161e-02 8.306974917650222778e-02 1.680479198694229126e-02 1.655777171254158020e-02 4.978707432746887207e-02 1.177674811333417892e-02 1.644193381071090698e-01 1.102485284209251404e-01 9.811037220060825348e-03 0.000000000000000000e+00 1.394306030124425888e-02 4.845676198601722717e-02 7.208716124296188354e-02 8.539173752069473267e-03 7.563886791467666626e-02 7.194418460130691528e-02 9.209010750055313110e-04 9.597330354154109955e-03 1.694927811622619629e-01 3.072779439389705658e-02 1.072768718004226685e-01
3.853358700871467590e-02 2.118336968123912811e-03 1.321962848305702209e-02 9.352001547813415527e-02 1.434851586818695068e-01 7.542251050472259521e-02 4.012299235910177231e-03 6.371844559907913208e-02 1.012407522648572922e-02 6.139669939875602722e-02 5.832501128315925598e-02 5.268861353397369385e-02 4.029065370559692383e-03 8.342006802558898926e-02 9.690057486295700073e-02 2.862400608137249947e-03 3.049379214644432068e-02 6.368592381477355957e-02 2.166667953133583069e-03 1.508220583200454712e-01 9.645373374223709106e-02 4.132589325308799744e-03 1.394306030124425888e-02 0.000000000000000000e+00 6.235768646001815796e-02 5.820259824395179749e-02 5.404531024396419525e-03 6.176093965768814087e-02 8.580117672681808472e-02 1.302232686430215836e-02 4.346312023699283600e-03 1.830033659934997559e-01 4.465172439813613892e-02 1.210388913750648499e-01
2.388148754835128784e-02 6.446751207113265991e-02 7.551506906747817993e-02 1.549739390611648560e-01 8.185989409685134888e-02 1.312655489891767502e-02 6.635338813066482544e-02 1.366185140796005726e-03 7.243604212999343872e-02 1.232823953032493591e-01 4.047398455440998077e-03 1.146695613861083984e-01 6.637007743120193481e-02 2.117251046001911163e-02 3.475287929177284241e-02 6.520845741033554077e-02 3.192460536956787109e-02 1.333529828116297722e-03 6.019915640354156494e-02 2.111934721469879150e-01 1.578619480133056641e-01 5.824011191725730896e-02 4.845676198601722717e-02 6.235768646001815796e-02 0.000000000000000000e+00 1.201243177056312561e-01 5.697236210107803345e-02 1.236424520611763000e-01 2.356959134340286255e-02 4.937545582652091980e-02 5.802710726857185364e-02 1.220383271574974060e-01 1.775540597736835480e-02 5.912746861577033997e-02
9.651972353458404541e-02 5.609117820858955383e-02 4.501760378479957581e-02 3.551070392131805420e-02 2.000173628330230713e-01 1.330410838127136230e-01 5.420295521616935730e-02 1.214705631136894226e-01 4.810687154531478882e-02 3.205551300197839737e-03 1.161333769559860229e-01 5.530944559723138809e-03 5.418623983860015869e-02 1.409383565187454224e-01 1.542333215475082397e-01 5.534941703081130981e-02 8.853925019502639771e-02 1.214383915066719055e-01 6.036165729165077209e-02 9.343969076871871948e-02 3.846708312630653381e-02 6.232019513845443726e-02 7.208716124296188354e-02 5.820259824395179749e-02 1.201243177056312561e-01 0.000000000000000000e+00 6.358712166547775269e-02 3.571182256564497948e-03 1.432882100343704224e-01 7.117098569869995117e-02 6.253308802843093872e-02 2.386638671159744263e-01 1.025877147912979126e-01 1.779875904321670532e-01
3.313595801591873169e-02 7.522781845182180405e-03 1.862282678484916687e-02 9.887456893920898438e-02 1.381877809762954712e-01 7.004652917385101318e-02 9.416625835001468658e-03 5.833400413393974304e-02 1.552775502204895020e-02 6.677906960248947144e-02 5.293717235326766968e-02 5.807660520076751709e-02 9.433391503989696503e-03 7.805072516202926636e-02 9.154398739337921143e-02 8.266802877187728882e-03 2.509339526295661926e-02 5.830145999789237976e-02 3.237900556996464729e-03 1.560993343591690063e-01 1.018051877617835999e-01 1.271970104426145554e-03 8.539173752069473267e-03 5.404531024396419525e-03 5.697236210107803345e-02 6.358712166547775269e-02 0.000000000000000000e+00 6.714306026697158813e-02 8.043394982814788818e-02 7.618332747370004654e-03 1.058243680745363235e-03 1.777746528387069702e-01 3.925666585564613342e-02 1.157100498676300049e-01
1.000564098358154297e-01 5.965040996670722961e-02 4.858098179101943970e-02 3.194357082247734070e-02 2.034432291984558105e-01 1.365473866462707520e-01 5.776295810937881470e-02 1.249875351786613464e-01 5.166917666792869568e-02 3.656348562799394131e-04 1.196549311280250549e-01 9.101947769522666931e-03 5.774624273180961609e-02 1.444368511438369751e-01 1.577176302671432495e-01 5.890896171331405640e-02 9.208132326602935791e-02 1.249553859233856201e-01 6.391905993223190308e-02 8.989850431680679321e-02 3.490069508552551270e-02 6.587671488523483276e-02 7.563886791467666626e-02 6.176093965768814087e-02 1.236424520611763000e-01 3.571182256564497948e-03 6.714306026697158813e-02 0.000000000000000000e+00 1.467842757701873779e-01 7.472316920757293701e-02 6.608951091766357422e-02 2.420287728309631348e-01 1.061200201511383057e-01 1.814434528350830078e-01
4.742438346147537231e-02 8.790353685617446899e-02 9.890862554311752319e-02 1.778937578201293945e-01 5.840298533439636230e-02 1.044627092778682709e-02 8.978257328271865845e-02 2.220412343740463257e-02 9.584199637174606323e-02 1.464265137910842896e-01 2.761435694992542267e-02 1.378665268421173096e-01 8.979920297861099243e-02 2.398279029875993729e-03 1.119245495647192001e-02 8.864180743694305420e-02 5.545247346162796021e-02 2.223676256835460663e-02 8.365005999803543091e-02 2.336002737283706665e-01 1.807589828968048096e-01 8.169756084680557251e-02 7.194418460130691528e-02 8.580117672681808472e-02 2.356959134340286255e-02 1.432882100343704224e-01 8.043394982814788818e-02 1.467842757701873779e-01 0.000000000000000000e+00 7.286026328802108765e-02 8.148525655269622803e-02 9.875278919935226440e-02 4.130771011114120483e-02 3.560750186443328857e-02
2.552406676113605499e-02 1.514024566859006882e-02 2.623743936419487000e-02 1.064127534627914429e-01 1.307070553302764893e-01 6.246153265237808228e-02 1.703373715281486511e-02 5.073822289705276489e-02 2.314335107803344727e-02 7.435957342386245728e-02 4.533712193369865417e-02 6.566588580608367920e-02 1.705049723386764526e-02 7.047429680824279785e-02 8.398422598838806152e-02 1.588413491845130920e-02 1.747840642929077148e-02 5.070564895868301392e-02 1.085596438497304916e-02 1.635232120752334595e-01 1.093387231230735779e-01 8.890217170119285583e-03 9.209010750055313110e-04 1.302232686430215836e-02 4.937545582652091980e-02 7.117098569869995117e-02 7.618332747370004654e-03 7.472316920757293701e-02 7.286026328802108765e-02 0.000000000000000000e+00 8.676506578922271729e-03 1.703870892524719238e-01 3.164779767394065857e-02 1.081870868802070618e-01
3.419300168752670288e-02 6.464589387178421021e-03 1.756493002176284790e-02 9.782656282186508179e-02 1.392256617546081543e-01 7.109950482845306396e-02 8.358465507626533508e-03 5.938858166337013245e-02 1.446974929422140121e-02 6.572546809911727905e-02 5.399239063262939453e-02 5.702186375856399536e-02 8.375231176614761353e-03 7.910243421792984009e-02 9.259326010942459106e-02 7.208622526377439499e-03 2.615094557404518127e-02 5.935604125261306763e-02 2.179664094001054764e-03 1.550667136907577515e-01 1.007578000426292419e-01 2.137267001671716571e-04 9.597330354154109955e-03 4.346312023699283600e-03 5.802710726857185364e-02 6.253308802843093872e-02 1.058243680745363235e-03 6.608951091766357422e-02 8.148525655269622803e-02 8.676506578922271729e-03 0.000000000000000000e+00 1.787992566823959351e-01 4.031323269009590149e-02 1.167539954185485840e-01
1.454957723617553711e-01 1.850499510765075684e-01 1.957494169473648071e-01 2.718704342842102051e-01 4.058386757969856262e-02 1.090865209698677063e-01 1.868784427642822266e-01 1.206922605633735657e-01 1.927702724933624268e-01 2.416845262050628662e-01 1.260234862565994263e-01 2.334410697221755981e-01 1.868946254253387451e-01 1.011271104216575623e-01 8.765721321105957031e-02 1.857684403657913208e-01 1.533654034137725830e-01 1.207244396209716797e-01 1.809084266424179077e-01 3.248589932918548584e-01 2.746098339557647705e-01 1.790061444044113159e-01 1.694927811622619629e-01 1.830033659934997559e-01 1.220383271574974060e-01 2.386638671159744263e-01 1.777746528387069702e-01 2.420287728309631348e-01 9.875278919935226440e-02 1.703870892524719238e-01 1.787992566823959351e-01 0.000000000000000000e+00 1.394914686679840088e-01 6.336811184883117676e-02
6.128681357949972153e-03 4.676564037799835205e-02 5.783720687031745911e-02 1.375971436500549316e-01 9.947071969509124756e-02 3.087476268410682678e-02 4.865530505776405334e-02 1.912112534046173096e-02 5.475104972720146179e-02 1.057584807276725769e-01 1.370899099856615067e-02 9.711187332868576050e-02 4.867203161120414734e-02 3.891328722238540649e-02 5.247590690851211548e-02 4.750805348157882690e-02 1.417723577469587326e-02 1.908848248422145844e-02 4.248916730284690857e-02 1.941661685705184937e-01 1.405003517866134644e-01 4.052660986781120300e-02 3.072779439389705658e-02 4.465172439813613892e-02 1.775540597736835480e-02 1.025877147912979126e-01 3.925666585564613342e-02 1.061200201511383057e-01 4.130771011114120483e-02 3.164779767394065857e-02 4.031323269009590149e-02 1.394914686679840088e-01 0.000000000000000000e+00 7.680223882198333740e-02
8.289191126823425293e-02 1.231256499886512756e-01 1.340440362691879272e-01 2.121573686599731445e-01 2.284298650920391083e-02 4.603664577007293701e-02 1.249904856085777283e-01 5.776594951748847961e-02 1.310024261474609375e-01 1.810898333787918091e-01 6.315975636243820190e-02 1.726265847682952881e-01 1.250069886445999146e-01 3.800253197550773621e-02 2.442477829754352570e-02 1.238583698868751526e-01 9.088052064180374146e-02 5.779849365353584290e-02 1.189033985137939453e-01 2.669869959354400635e-01 2.149827629327774048e-01 1.169648021459579468e-01 1.072768718004226685e-01 1.210388913750648499e-01 5.912746861577033997e-02 1.779875904321670532e-01 1.157100498676300049e-01 1.814434528350830078e-01 3.560750186443328857e-02 1.081870868802070618e-01 1.167539954185485840e-01 6.336811184883117676e-02 7.680223882198333740e-02 0.000000000000000000e+00
