0.000000000000000000e+00 4.075467213988304138e-02 4.674212262034416199e-02 1.320011764764785767e-01 1.117565855383872986e-01 3.383952006697654724e-02 4.164300858974456787e-02 2.015702426433563232e-02 4.663957282900810242e-02 9.998880326747894287e-02 2.441183663904666901e-02 9.257110208272933960e-02 4.189899191260337830e-02 4.674956575036048889e-02 5.993114039301872253e-02 4.353003203868865967e-02 1.267010625451803207e-02 1.823267526924610138e-02 3.673654422163963318e-02 1.870481967926025391e-01 1.374717801809310913e-01 3.772604838013648987e-02 2.863867022097110748e-02 3.752803802490234375e-02 2.985197491943836212e-02 1.023797988891601562e-01 2.293366566300392151e-02 1.060196533799171448e-01 4.622316733002662659e-02 2.818027697503566742e-02 3.279436752200126648e-02 1.420314311981201172e-01 9.627897088648751378e-05 8.130374550819396973e-02
4.075467213988304138e-02 0.000000000000000000e+00 5.998878274112939835e-03 9.174004942178726196e-02 1.518197655677795410e-01 7.449145615100860596e-02 8.898518281057476997e-04 6.086169928312301636e-02 5.896105896681547165e-03 5.947649851441383362e-02 6.510174274444580078e-02 5.201266705989837646e-02 1.146275433711707592e-03 8.733782917261123657e-02 1.004404947161674500e-01 2.780295675620436668e-03 2.809907309710979462e-02 5.894354358315467834e-02 4.024151246994733810e-03 1.474173069000244141e-01 9.726202487945556641e-02 3.033287124708294868e-03 1.213015802204608917e-02 3.231576178222894669e-03 7.052084803581237793e-02 6.188332661986351013e-02 1.783767715096473694e-02 6.554820388555526733e-02 8.681429177522659302e-02 1.258885115385055542e-02 7.970954291522502899e-03 1.817341297864913940e-01 4.085078835487365723e-02 1.216553077101707458e-01
4.674212262034416199e-02 5.998878274112939835e-03 0.000000000000000000e+00 8.578839153051376343e-02 1.576750427484512329e-01 8.045438677072525024e-02 5.109054502099752426e-03 6.683617085218429565e-02 1.027762118610553443e-04 5.349670723080635071e-02 7.107286155223846436e-02 4.602815210819244385e-02 4.852636251598596573e-03 9.328783303499221802e-02 1.063752770423889160e-01 3.218636382371187210e-03 3.409220278263092041e-02 6.491946429014205933e-02 1.002278737723827362e-02 1.415435969829559326e-01 9.131643176078796387e-02 9.032001718878746033e-03 1.812771707773208618e-02 9.230275638401508331e-03 7.648736238479614258e-02 5.590520054101943970e-02 2.383400499820709229e-02 5.957274883985519409e-02 9.276486188173294067e-02 1.858632639050483704e-02 1.396916620433330536e-02 1.875285804271697998e-01 4.683819040656089783e-02 1.275610923767089844e-01
1.320011764764785767e-01 9.174004942178726196e-02 8.578839153051376343e-02 0.000000000000000000e+00 2.402141243219375610e-01 1.651032119989395142e-01 9.085761755704879761e-02 1.517544239759445190e-01 8.589040488004684448e-02 3.244055807590484619e-02 1.559106111526489258e-01 3.991785645484924316e-02 9.060329943895339966e-02 1.776544600725173950e-01 1.904258728027343750e-01 8.898245543241500854e-02 1.195309981703758240e-01 1.498731523752212524e-01 9.572885930538177490e-02 5.644056573510169983e-02 5.571692716330289841e-03 9.474696964025497437e-02 1.037547439336776733e-01 9.494347870349884033e-02 1.612178832292556763e-01 3.002719208598136902e-02 1.093987002968788147e-01 2.635030262172222137e-02 1.771435290575027466e-01 1.042085438966751099e-01 9.963814169168472290e-02 2.689895331859588623e-01 1.320957839488983154e-01 2.110400050878524780e-01
1.117565855383872986e-01 1.518197655677795410e-01 1.576750427484512329e-01 2.402141243219375610e-01 0.000000000000000000e+00 7.821284234523773193e-02 1.526889950037002563e-01 9.180636703968048096e-02 1.575748324394226074e-01 2.094053924083709717e-01 8.758369088172912598e-02 2.022354751825332642e-01 1.529394388198852539e-01 6.534843146800994873e-02 5.217488855123519897e-02 1.545348316431045532e-01 1.242507547140121460e-01 9.371486306190490723e-02 1.478859782218933105e-01 2.926865220069885254e-01 2.454572916030883789e-01 1.488550454378128052e-01 1.399473547935485840e-01 1.486611366271972656e-01 8.217877149581909180e-02 2.117140293121337891e-01 1.343459188938140869e-01 2.152261584997177124e-01 6.587369740009307861e-02 1.394975334405899048e-01 1.440231055021286011e-01 3.076315112411975861e-02 1.116615012288093567e-01 3.073207661509513855e-02
3.383952006697654724e-02 7.449145615100860596e-02 8.045438677072525024e-02 1.651032119989395142e-01 7.821284234523773193e-02 0.000000000000000000e+00 7.537631690502166748e-02 1.369183417409658432e-02 8.035226911306381226e-02 1.333770453929901123e-01 9.435478597879409790e-03 1.260158717632293701e-01 7.563127577304840088e-02 1.293050032109022141e-02 2.614464610815048218e-02 7.725575566291809082e-02 4.648969322443008423e-02 1.561648212373256683e-02 7.048843801021575928e-02 2.194983810186386108e-01 1.705180555582046509e-01 7.147431373596191406e-02 6.241769716143608093e-02 7.127703726291656494e-02 3.991580102592706680e-03 1.357490122318267822e-01 5.672915652394294739e-02 1.393591910600662231e-01 1.240304857492446899e-02 6.196070834994316101e-02 6.656002253293991089e-02 1.087144240736961365e-01 3.374335169792175293e-02 4.759516939520835876e-02
4.164300858974456787e-02 8.898518281057476997e-04 5.109054502099752426e-03 9.085761755704879761e-02 1.526889950037002563e-01 7.537631690502166748e-02 0.000000000000000000e+00 6.174820289015769958e-02 5.006280262023210526e-03 5.858975276350975037e-02 6.598776578903198242e-02 5.112517997622489929e-02 2.564239257480949163e-04 8.822083473205566406e-02 1.013212874531745911e-01 1.890448736958205700e-03 2.898820117115974426e-02 5.983025953173637390e-02 4.913985263556241989e-03 1.465466916561126709e-01 9.638052433729171753e-02 3.923127893358469009e-03 1.301986817270517349e-02 4.121416248381137848e-03 7.140621542930603027e-02 6.099683418869972229e-02 1.872722990810871124e-02 6.466212123632431030e-02 8.769737929105758667e-02 1.347855105996131897e-02 8.860743604600429535e-03 1.825944781303405762e-01 4.173912480473518372e-02 1.225318908691406250e-01
2.015702426433563232e-02 6.086169928312301636e-02 6.683617085218429565e-02 1.517544239759445190e-01 9.180636703968048096e-02 1.369183417409658432e-02 6.174820289015769958e-02 0.000000000000000000e+00 6.673385947942733765e-02 1.199041604995727539e-01 4.256905987858772278e-03 1.125181764364242554e-01 6.200364977121353149e-02 2.661762200295925140e-02 3.982222452759742737e-02 6.363122910261154175e-02 3.281874954700469971e-02 1.925058546476066113e-03 5.685147270560264587e-02 2.064269185066223145e-01 1.571932137012481689e-01 5.783908814191818237e-02 4.876754432916641235e-02 5.764146149158477783e-02 9.700785391032695770e-03 1.222844645380973816e-01 4.307077825069427490e-02 1.259076148271560669e-01 2.609045244753360748e-02 4.830985888838768005e-02 5.291641131043434143e-02 1.222243234515190125e-01 2.006078325212001801e-02 6.124709546566009521e-02
4.663957282900810242e-02 5.896105896681547165e-03 1.027762118610553443e-04 8.589040488004684448e-02 1.575748324394226074e-01 8.035226911306381226e-02 5.006280262023210526e-03 6.673385947942733765e-02 0.000000000000000000e+00 5.359918624162673950e-02 7.097060233354568481e-02 4.613070935010910034e-02 4.749862477183341980e-03 9.318594634532928467e-02 1.062736585736274719e-01 3.115861210972070694e-03 3.398954868316650391e-02 6.481712311506271362e-02 9.920021519064903259e-03 1.416443288326263428e-01 9.141834080219268799e-02 8.929233998060226440e-03 1.802497543394565582e-02 9.127507917582988739e-03 7.638519257307052612e-02 5.600765720009803772e-02 2.373128756880760193e-02 5.967516452074050903e-02 9.266296774148941040e-02 1.848358474671840668e-02 1.386640872806310654e-02 1.874293982982635498e-01 4.673563688993453979e-02 1.274599879980087280e-01
9.998880326747894287e-02 5.947649851441383362e-02 5.349670723080635071e-02 3.244055807590484619e-02 2.094053924083709717e-01 1.333770453929901123e-01 5.858975276350975037e-02 1.199041604995727539e-01 5.359918624162673950e-02 0.000000000000000000e+00 1.240977272391319275e-01 7.486994843930006027e-03 5.833419784903526306e-02 1.460556387901306152e-01 1.589673459529876709e-01 5.670558288693428040e-02 8.742945641279220581e-02 1.180063337087631226e-01 6.348545104265213013e-02 8.871867507696151733e-02 3.800538182258605957e-02 6.249851360917091370e-02 7.155503332614898682e-02 6.269602477550506592e-02 1.294543594121932983e-01 2.415718277916312218e-03 7.723224163055419922e-02 6.095466669648885727e-03 1.455393135547637939e-01 7.201143354177474976e-02 6.741549819707870483e-02 2.386312931776046753e-01 1.000841259956359863e-01 1.798306107521057129e-01
2.441183663904666901e-02 6.510174274444580078e-02 7.107286155223846436e-02 1.559106111526489258e-01 8.758369088172912598e-02 9.435478597879409790e-03 6.598776578903198242e-02 4.256905987858772278e-03 7.097060233354568481e-02 1.240977272391319275e-01 0.000000000000000000e+00 1.167191714048385620e-01 6.624307483434677124e-02 2.236325107514858246e-02 3.557134792208671570e-02 6.786974519491195679e-02 3.707047924399375916e-02 6.181914359331130981e-03 6.109359487891197205e-02 2.104988545179367065e-01 1.613421589136123657e-01 6.208070740103721619e-02 5.301344394683837891e-02 6.188318133354187012e-02 5.444104317575693130e-03 1.264755427837371826e-01 4.731900990009307861e-02 1.300947815179824829e-01 2.183597162365913391e-02 5.255595967173576355e-02 5.716044083237648010e-02 1.180288270115852356e-01 2.431561239063739777e-02 5.700505152344703674e-02
9.257110208272933960e-02 5.201266705989837646e-02 4.602815210819244385e-02 3.991785645484924316e-02 2.022354751825332642e-01 1.260158717632293701e-01 5.112517997622489929e-02 1.125181764364242554e-01 4.613070935010910034e-02 7.486994843930006027e-03 1.167191714048385620e-01 0.000000000000000000e+00 5.086942389607429504e-02 1.387203484773635864e-01 1.516608595848083496e-01 4.923949390649795532e-02 7.999482750892639160e-02 1.106170788407325745e-01 5.602509155869483948e-02 9.614181518554687500e-02 4.547943547368049622e-02 5.503726750612258911e-02 6.410237401723861694e-02 5.523495748639106750e-02 1.220857053995132446e-01 9.902534075081348419e-03 6.978559494018554688e-02 1.358184032142162323e-02 1.382029205560684204e-01 6.455924361944198608e-02 5.995876342058181763e-02 2.315580248832702637e-01 9.266655892133712769e-02 1.725759804248809814e-01
4.189899191260337830e-02 1.146275433711707592e-03 4.852636251598596573e-03 9.060329943895339966e-02 1.529394388198852539e-01 7.563127577304840088e-02 2.564239257480949163e-04 6.200364977121353149e-02 4.749862477183341980e-03 5.833419784903526306e-02 6.624307483434677124e-02 5.086942389607429504e-02 0.000000000000000000e+00 8.847524970769882202e-02 1.015750691294670105e-01 1.634025480598211288e-03 2.924440801143646240e-02 6.008576229214668274e-02 5.170402582734823227e-03 1.462957561016082764e-01 9.612646698951721191e-02 4.179548006504774094e-03 1.327624917030334473e-02 4.377835430204868317e-03 7.166133075952529907e-02 6.074136123061180115e-02 1.898356527090072632e-02 6.440676748752593994e-02 8.795181661844253540e-02 1.373492833226919174e-02 9.117146953940391541e-03 1.828423142433166504e-01 4.199509695172309875e-02 1.227844581007957458e-01
4.674956575036048889e-02 8.733782917261123657e-02 9.328783303499221802e-02 1.776544600725173950e-01 6.534843146800994873e-02 1.293050032109022141e-02 8.822083473205566406e-02 2.661762200295925140e-02 9.318594634532928467e-02 1.460556387901306152e-01 2.236325107514858246e-02 1.387203484773635864e-01 8.847524970769882202e-02 0.000000000000000000e+00 1.321861520409584045e-02 9.009625017642974854e-02 5.938449129462242126e-02 2.854121662676334381e-02 8.334296941757202148e-02 2.317710518836975098e-01 1.830449551343917847e-01 8.432688564062118530e-02 7.528743892908096313e-02 8.412999659776687622e-02 1.692120544612407684e-02 1.484189778566360474e-01 6.960859894752502441e-02 1.520157754421234131e-01 5.275366129353642464e-04 7.483125478029251099e-02 7.942217588424682617e-02 9.591875970363616943e-02 4.665349796414375305e-02 3.468601405620574951e-02
5.993114039301872253e-02 1.004404947161674500e-01 1.063752770423889160e-01 1.904258728027343750e-01 5.217488855123519897e-02 2.614464610815048218e-02 1.013212874531745911e-01 3.982222452759742737e-02 1.062736585736274719e-01 1.589673459529876709e-01 3.557134792208671570e-02 1.516608595848083496e-01 1.015750691294670105e-01 1.321861520409584045e-02 0.000000000000000000e+00 1.031919717788696289e-01 7.254616171121597290e-02 4.174408316612243652e-02 9.645532816648483276e-02 2.442414015531539917e-01 1.957898437976837158e-01 9.743688255548477173e-02 8.841805160045623779e-02 9.724047780036926270e-02 3.013308160006999969e-02 1.613211184740066528e-01 8.275107294321060181e-02 1.649030148983001709e-01 1.374605670571327209e-02 8.796285837888717651e-02 9.254362434148788452e-02 8.280513435602188110e-02 5.983521044254302979e-02 2.147724851965904236e-02
4.353003203868865967e-02 2.780295675620436668e-03 3.218636382371187210e-03 8.898245543241500854e-02 1.545348316431045532e-01 7.725575566291809082e-02 1.890448736958205700e-03 6.363122910261154175e-02 3.115861210972070694e-03 5.670558288693428040e-02 6.786974519491195679e-02 4.923949390649795532e-02 1.634025480598211288e-03 9.009625017642974854e-02 1.031919717788696289e-01 0.000000000000000000e+00 3.087695501744747162e-02 6.171372532844543457e-02 6.804370321333408356e-03 1.446963101625442505e-01 9.450729191303253174e-02 5.813533905893564224e-03 1.490995008498430252e-02 6.011817604303359985e-03 7.328677177429199219e-02 5.911319702863693237e-02 2.061695046722888947e-02 6.277935206890106201e-02 8.957297354936599731e-02 1.536860875785350800e-02 1.075101271271705627e-02 1.844212561845779419e-01 4.362613335251808167e-02 1.243935227394104004e-01
1.267010625451803207e-02 2.809907309710979462e-02 3.409220278263092041e-02 1.195309981703758240e-01 1.242507547140121460e-01 4.648969322443008423e-02 2.898820117115974426e-02 3.281874954700469971e-02 3.398954868316650391e-02 8.742945641279220581e-02 3.707047924399375916e-02 7.999482750892639160e-02 2.924440801143646240e-02 5.938449129462242126e-02 7.254616171121597290e-02 3.087695501744747162e-02 0.000000000000000000e+00 3.089564107358455658e-02 2.407764457166194916e-02 1.747923493385314941e-01 1.250194162130355835e-01 2.506792545318603516e-02 1.597436144948005676e-02 2.486975677311420441e-02 4.250600188970565796e-02 8.982620388269424438e-02 1.026654336601495743e-02 9.347511827945709229e-02 5.885880067944526672e-02 1.551571302115917206e-02 2.013262920081615448e-02 1.544236391782760620e-01 1.276636868715286255e-02 9.387714415788650513e-02
1.823267526924610138e-02 5.894354358315467834e-02 6.491946429014205933e-02 1.498731523752212524e-01 9.371486306190490723e-02 1.561648212373256683e-02 5.983025953173637390e-02 1.925058546476066113e-03 6.481712311506271362e-02 1.180063337087631226e-01 6.181914359331130981e-03 1.106170788407325745e-01 6.008576229214668274e-02 2.854121662676334381e-02 4.174408316612243652e-02 6.171372532844543457e-02 3.089564107358455658e-02 0.000000000000000000e+00 5.493242293596267700e-02 2.045831680297851562e-01 1.553151458501815796e-01 5.592025816440582275e-02 4.684688523411750793e-02 5.572258308529853821e-02 1.162562612444162369e-02 1.203877404332160950e-01 4.114913567900657654e-02 1.240126118063926697e-01 2.801410295069217682e-02 4.638911783695220947e-02 5.099654942750930786e-02 1.241201758384704590e-01 1.813642680644989014e-02 6.316470354795455933e-02
3.673654422163963318e-02 4.024151246994733810e-03 1.002278737723827362e-02 9.572885930538177490e-02 1.478859782218933105e-01 7.048843801021575928e-02 4.913985263556241989e-03 5.685147270560264587e-02 9.920021519064903259e-03 6.348545104265213013e-02 6.109359487891197205e-02 5.602509155869483948e-02 5.170402582734823227e-03 8.334296941757202148e-02 9.645532816648483276e-02 6.804370321333408356e-03 2.407764457166194916e-02 5.493242293596267700e-02 0.000000000000000000e+00 1.513516753911972046e-01 1.012465432286262512e-01 9.908762294799089432e-04 8.106402121484279633e-03 7.925851969048380852e-04 6.651557236909866333e-02 6.589107215404510498e-02 1.381451822817325592e-02 6.955400854349136353e-02 8.281907439231872559e-02 8.565133437514305115e-03 3.946930170059204102e-03 1.778400391340255737e-01 3.683269396424293518e-02 1.176887750625610352e-01
1.870481967926025391e-01 1.474173069000244141e-01 1.415435969829559326e-01 5.644056573510169983e-02 2.926865220069885254e-01 2.194983810186386108e-01 1.465466916561126709e-01 2.064269185066223145e-01 1.416443288326263428e-01 8.871867507696151733e-02 2.104988545179367065e-01 9.614181518554687500e-02 1.462957561016082764e-01 2.317710518836975098e-01 2.442414015531539917e-01 1.446963101625442505e-01 1.747923493385314941e-01 2.045831680297851562e-01 1.513516753911972046e-01 0.000000000000000000e+00 5.088487267494201660e-02 1.503833383321762085e-01 1.592626720666885376e-01 1.505771577358245850e-01 2.156957834959030151e-01 8.632146567106246948e-02 1.648215651512145996e-01 8.266791701316833496e-02 2.312718033790588379e-01 1.597097665071487427e-01 1.552058905363082886e-01 3.205633163452148438e-01 1.871411204338073730e-01 2.643320560455322266e-01
1.374717801809310913e-01 9.726202487945556641e-02 9.131643176078796387e-02 5.571692716330289841e-03 2.454572916030883789e-01 1.705180555582046509e-01 9.638052433729171753e-02 1.571932137012481689e-01 9.141834080219268799e-02 3.800538182258605957e-02 1.613421589136123657e-01 4.547943547368049622e-02 9.612646698951721191e-02 1.830449551343917847e-01 1.957898437976837158e-01 9.450729191303253174e-02 1.250194162130355835e-01 1.553151458501815796e-01 1.012465432286262512e-01 5.088487267494201660e-02 0.000000000000000000e+00 1.002657338976860046e-01 1.092632785439491272e-01 1.004620194435119629e-01 1.666398793458938599e-01 3.559293225407600403e-02 1.149003580212593079e-01 3.191730752587318420e-02 1.825350522994995117e-01 1.097165420651435852e-01 1.051514670252799988e-01 2.741503417491912842e-01 1.375662386417388916e-01 2.163572907447814941e-01
3.772604838013648987e-02 3.033287124708294868e-03 9.032001718878746033e-03 9.474696964025497437e-02 1.488550454378128052e-01 7.147431373596191406e-02 3.923127893358469009e-03 5.783908814191818237e-02 8.929233998060226440e-03 6.249851360917091370e-02 6.208070740103721619e-02 5.503726750612258911e-02 4.179548006504774094e-03 8.432688564062118530e-02 9.743688255548477173e-02 5.813533905893564224e-03 2.506792545318603516e-02 5.592025816440582275e-02 9.908762294799089432e-04 1.503833383321762085e-01 1.002657338976860046e-01 0.000000000000000000e+00 9.097205474972724915e-03 1.982911780942231417e-04 6.750199943780899048e-02 6.490443646907806396e-02 1.480519119650125504e-02 6.856785714626312256e-02 8.380308002233505249e-02 9.555928409099578857e-03 4.937787074595689774e-03 1.787994205951690674e-01 3.782218694686889648e-02 1.186658143997192383e-01
2.863867022097110748e-02 1.213015802204608917e-02 1.812771707773208618e-02 1.037547439336776733e-01 1.399473547935485840e-01 6.241769716143608093e-02 1.301986817270517349e-02 4.876754432916641235e-02 1.802497543394565582e-02 7.155503332614898682e-02 5.301344394683837891e-02 6.410237401723861694e-02 1.327624917030334473e-02 7.528743892908096313e-02 8.841805160045623779e-02 1.490995008498430252e-02 1.597436144948005676e-02 4.684688523411750793e-02 8.106402121484279633e-03 1.592626720666885376e-01 1.092632785439491272e-01 9.097205474972724915e-03 0.000000000000000000e+00 8.898930624127388000e-03 5.844068527221679688e-02 7.395797222852706909e-02 5.708754528313875198e-03 7.761664688587188721e-02 7.476286590099334717e-02 4.587631265167146921e-04 4.159604664891958237e-03 1.699786931276321411e-01 2.873486839234828949e-02 1.096870228648185730e-01
3.752803802490234375e-02 3.231576178222894669e-03 9.230275638401508331e-03 9.494347870349884033e-02 1.486611366271972656e-01 7.127703726291656494e-02 4.121416248381137848e-03 5.764146149158477783e-02 9.127507917582988739e-03 6.269602477550506592e-02 6.188318133354187012e-02 5.523495748639106750e-02 4.377835430204868317e-03 8.412999659776687622e-02 9.724047780036926270e-02 6.011817604303359985e-03 2.486975677311420441e-02 5.572258308529853821e-02 7.925851969048380852e-04 1.505771577358245850e-01 1.004620194435119629e-01 1.982911780942231417e-04 8.898930624127388000e-03 0.000000000000000000e+00 6.730461120605468750e-02 6.510188430547714233e-02 1.460694335401058197e-02 6.876521557569503784e-02 8.360616862773895264e-02 9.357655420899391174e-03 4.739500582218170166e-03 1.786074489355087280e-01 3.762418031692504883e-02 1.184703037142753601e-01
2.985197491943836212e-02 7.052084803581237793e-02 7.648736238479614258e-02 1.612178832292556763e-01 8.217877149581909180e-02 3.991580102592706680e-03 7.140621542930603027e-02 9.700785391032695770e-03 7.638519257307052612e-02 1.294543594121932983e-01 5.444104317575693130e-03 1.220857053995132446e-01 7.166133075952529907e-02 1.692120544612407684e-02 3.013308160006999969e-02 7.328677177429199219e-02 4.250600188970565796e-02 1.162562612444162369e-02 6.651557236909866333e-02 2.156957834959030151e-01 1.666398793458938599e-01 6.750199943780899048e-02 5.844068527221679688e-02 6.730461120605468750e-02 0.000000000000000000e+00 1.318288594484329224e-01 5.274952575564384460e-02 1.354429721832275391e-01 1.639381609857082367e-02 5.798347666859626770e-02 6.258507072925567627e-02 1.126571074128150940e-01 2.975577861070632935e-02 5.157695338129997253e-02
1.023797988891601562e-01 6.188332661986351013e-02 5.590520054101943970e-02 3.002719208598136902e-02 2.117140293121337891e-01 1.357490122318267822e-01 6.099683418869972229e-02 1.222844645380973816e-01 5.600765720009803772e-02 2.415718277916312218e-03 1.264755427837371826e-01 9.902534075081348419e-03 6.074136123061180115e-02 1.484189778566360474e-01 1.613211184740066528e-01 5.911319702863693237e-02 8.982620388269424438e-02 1.203877404332160950e-01 6.589107215404510498e-02 8.632146567106246948e-02 3.559293225407600403e-02 6.490443646907806396e-02 7.395797222852706909e-02 6.510188430547714233e-02 1.318288594484329224e-01 0.000000000000000000e+00 7.963310182094573975e-02 3.679802641272544861e-03 1.479030251502990723e-01 7.441420853137969971e-02 6.981984525918960571e-02 2.409081310033798218e-01 1.024750620126724243e-01 1.821672022342681885e-01
2.293366566300392151e-02 1.783767715096473694e-02 2.383400499820709229e-02 1.093987002968788147e-01 1.343459188938140869e-01 5.672915652394294739e-02 1.872722990810871124e-02 4.307077825069427490e-02 2.373128756880760193e-02 7.723224163055419922e-02 4.731900990009307861e-02 6.978559494018554688e-02 1.898356527090072632e-02 6.960859894752502441e-02 8.275107294321060181e-02 2.061695046722888947e-02 1.026654336601495743e-02 4.114913567900657654e-02 1.381451822817325592e-02 1.648215651512145996e-01 1.149003580212593079e-01 1.480519119650125504e-02 5.708754528313875198e-03 1.460694335401058197e-02 5.274952575564384460e-02 7.963310182094573975e-02 0.000000000000000000e+00 8.328849822282791138e-02 6.908360123634338379e-02 5.250005051493644714e-03 9.868124499917030334e-03 1.644295006990432739e-01 2.302989177405834198e-02 1.040434166789054871e-01
1.060196533799171448e-01 6.554820388555526733e-02 5.957274883985519409e-02 2.635030262172222137e-02 2.152261584997177124e-01 1.393591910600662231e-01 6.466212123632431030e-02 1.259076148271560669e-01 5.967516452074050903e-02 6.095466669648885727e-03 1.300947815179824829e-01 1.358184032142162323e-02 6.440676748752593994e-02 1.520157754421234131e-01 1.649030148983001709e-01 6.277935206890106201e-02 9.347511827945709229e-02 1.240126118063926697e-01 6.955400854349136353e-02 8.266791701316833496e-02 3.191730752587318420e-02 6.856785714626312256e-02 7.761664688587188721e-02 6.876521557569503784e-02 1.354429721832275391e-01 3.679802641272544861e-03 8.328849822282791138e-02 0.000000000000000000e+00 1.515003889799118042e-01 7.807262986898422241e-02 7.348076254129409790e-02 2.443713098764419556e-01 1.061148419976234436e-01 1.857225149869918823e-01
4.622316733002662659e-02 8.681429177522659302e-02 9.276486188173294067e-02 1.771435290575027466e-01 6.587369740009307861e-02 1.240304857492446899e-02 8.769737929105758667e-02 2.609045244753360748e-02 9.266296774148941040e-02 1.455393135547637939e-01 2.183597162365913391e-02 1.382029205560684204e-01 8.795181661844253540e-02 5.275366129353642464e-04 1.374605670571327209e-02 8.957297354936599731e-02 5.885880067944526672e-02 2.801410295069217682e-02 8.281907439231872559e-02 2.312718033790588379e-01 1.825350522994995117e-01 8.380308002233505249e-02 7.476286590099334717e-02 8.360616862773895264e-02 1.639381609857082367e-02 1.479030251502990723e-01 6.908360123634338379e-02 1.515003889799118042e-01 0.000000000000000000e+00 7.430665194988250732e-02 7.889794558286666870e-02 9.644141793251037598e-02 4.612709581851959229e-02 3.521290794014930725e-02
2.818027697503566742e-02 1.258885115385055542e-02 1.858632639050483704e-02 1.042085438966751099e-01 1.394975334405899048e-01 6.196070834994316101e-02 1.347855105996131897e-02 4.830985888838768005e-02 1.848358474671840668e-02 7.201143354177474976e-02 5.255595967173576355e-02 6.455924361944198608e-02 1.373492833226919174e-02 7.483125478029251099e-02 8.796285837888717651e-02 1.536860875785350800e-02 1.551571302115917206e-02 4.638911783695220947e-02 8.565133437514305115e-03 1.597097665071487427e-01 1.097165420651435852e-01 9.555928409099578857e-03 4.587631265167146921e-04 9.357655420899391174e-03 5.798347666859626770e-02 7.441420853137969971e-02 5.250005051493644714e-03 7.807262986898422241e-02 7.430665194988250732e-02 0.000000000000000000e+00 4.618359263986349106e-03 1.695331484079360962e-01 2.827647887170314789e-02 1.092337518930435181e-01
3.279436752200126648e-02 7.970954291522502899e-03 1.396916620433330536e-02 9.963814169168472290e-02 1.440231055021286011e-01 6.656002253293991089e-02 8.860743604600429535e-03 5.291641131043434143e-02 1.386640872806310654e-02 6.741549819707870483e-02 5.716044083237648010e-02 5.995876342058181763e-02 9.117146953940391541e-03 7.942217588424682617e-02 9.254362434148788452e-02 1.075101271271705627e-02 2.013262920081615448e-02 5.099654942750930786e-02 3.946930170059204102e-03 1.552058905363082886e-01 1.051514670252799988e-01 4.937787074595689774e-03 4.159604664891958237e-03 4.739500582218170166e-03 6.258507072925567627e-02 6.981984525918960571e-02 9.868124499917030334e-03 7.348076254129409790e-02 7.889794558286666870e-02 4.618359263986349106e-03 0.000000000000000000e+00 1.740152686834335327e-01 3.289054334163665771e-02 1.137946993112564087e-01
1.420314311981201172e-01 1.817341297864913940e-01 1.875285804271697998e-01 2.689895331859588623e-01 3.076315112411975861e-02 1.087144240736961365e-01 1.825944781303405762e-01 1.222243234515190125e-01 1.874293982982635498e-01 2.386312931776046753e-01 1.180288270115852356e-01 2.315580248832702637e-01 1.828423142433166504e-01 9.591875970363616943e-02 8.280513435602188110e-02 1.844212561845779419e-01 1.544236391782760620e-01 1.241201758384704590e-01 1.778400391340255737e-01 3.205633163452148438e-01 2.741503417491912842e-01 1.787994205951690674e-01 1.699786931276321411e-01 1.786074489355087280e-01 1.126571074128150940e-01 2.409081310033798218e-01 1.644295006990432739e-01 2.443713098764419556e-01 9.644141793251037598e-02 1.695331484079360962e-01 1.740152686834335327e-01 0.000000000000000000e+00 1.419370919466018677e-01 6.143714115023612976e-02
9.627897088648751378e-05 4.085078835487365723e-02 4.683819040656089783e-02 1.320957839488983154e-01 1.116615012288093567e-01 3.374335169792175293e-02 4.173912480473518372e-02 2.006078325212001801e-02 4.673563688993453979e-02 1.000841259956359863e-01 2.431561239063739777e-02 9.266655892133712769e-02 4.199509695172309875e-02 4.665349796414375305e-02 5.983521044254302979e-02 4.362613335251808167e-02 1.276636868715286255e-02 1.813642680644989014e-02 3.683269396424293518e-02 1.871411204338073730e-01 1.375662386417388916e-01 3.782218694686889648e-02 2.873486839234828949e-02 3.762418031692504883e-02 2.975577861070632935e-02 1.024750620126724243e-01 2.302989177405834198e-02 1.061148419976234436e-01 4.612709581851959229e-02 2.827647887170314789e-02 3.289054334163665771e-02 1.419370919466018677e-01 0.000000000000000000e+00 8.120810240507125854e-02
8.130374550819396973e-02 1.216553077101707458e-01 1.275610923767089844e-01 2.110400050878524780e-01 3.073207661509513855e-02 4.759516939520835876e-02 1.225318908691406250e-01 6.124709546566009521e-02 1.274599879980087280e-01 1.798306107521057129e-01 5.700505152344703674e-02 1.725759804248809814e-01 1.227844581007957458e-01 3.468601405620574951e-02 2.147724851965904236e-02 1.243935227394104004e-01 9.387714415788650513e-02 6.316470354795455933e-02 1.176887750625610352e-01 2.643320560455322266e-01 2.163572907447814941e-01 1.186658143997192383e-01 1.096870228648185730e-01 1.184703037142753601e-01 5.157695338129997253e-02 1.821672022342681885e-01 1.040434166789054871e-01 1.857225149869918823e-01 3.521290794014930725e-02 1.092337518930435181e-01 1.137946993112564087e-01 6.143714115023612976e-02 8.120810240507125854e-02 0.000000000000000000e+00
