0.000000000000000000e+00 4.154834151268005371e-02 4.643554612994194031e-02 1.340785771608352661e-01 1.120126768946647644e-01 3.656409680843353271e-02 4.073402658104896545e-02 3.050304017961025238e-02 4.773266613483428955e-02 9.866427630186080933e-02 2.514868415892124176e-02 8.932890743017196655e-02 4.077572375535964966e-02 3.984529525041580200e-02 5.988566204905509949e-02 4.579593241214752197e-02 1.188602764159440994e-02 2.363564260303974152e-02 3.365394473075866699e-02 1.854115724563598633e-01 1.365302950143814087e-01 4.124804586172103882e-02 2.581744082272052765e-02 4.098324850201606750e-02 3.030379116535186768e-02 9.213697910308837891e-02 2.502076514065265656e-02 9.968094527721405029e-02 4.144257307052612305e-02 3.112535364925861359e-02 3.279246389865875244e-02 1.425446271896362305e-01 7.242240477353334427e-03 7.707303017377853394e-02
4.154834151268005371e-02 0.000000000000000000e+00 4.896648693829774857e-03 9.304857999086380005e-02 1.528496593236923218e-01 7.799394428730010986e-02 8.156996918842196465e-04 7.196018099784851074e-02 6.196612492203712463e-03 5.735103413462638855e-02 6.662740558385848999e-02 4.795855656266212463e-02 7.739281281828880310e-04 8.125910907983779907e-02 1.011822447180747986e-01 4.255685955286026001e-03 2.967697009444236755e-02 6.512003391981124878e-02 7.905452512204647064e-03 1.449800878763198853e-01 9.552381932735443115e-02 3.008103230968117714e-04 1.574779301881790161e-02 5.660594324581325054e-04 7.176177203655242920e-02 5.078303068876266479e-02 1.654477603733539581e-02 5.837435647845268250e-02 8.284825831651687622e-02 1.043648459017276764e-02 8.767823688685894012e-03 1.830090731382369995e-01 4.877590388059616089e-02 1.182427182793617249e-01
4.643554612994194031e-02 4.896648693829774857e-03 0.000000000000000000e+00 8.819210529327392578e-02 1.576283276081085205e-01 8.285895735025405884e-02 5.712325684726238251e-03 7.682975381612777710e-02 1.300003030337393284e-03 5.246912315487861633e-02 7.150073349475860596e-02 4.307202622294425964e-02 5.670555401593446732e-03 8.612149953842163086e-02 1.060263589024543762e-01 6.409761263057589531e-04 3.456859290599822998e-02 6.999436020851135254e-02 1.280160527676343918e-02 1.401829421520233154e-01 9.066957235336303711e-02 5.197451449930667877e-03 2.064285054802894592e-02 5.462693050503730774e-03 7.663150131702423096e-02 4.589780047535896301e-02 2.143968641757965088e-02 5.349300056695938110e-02 8.770933002233505249e-02 1.533234864473342896e-02 1.366388704627752304e-02 1.877374947071075439e-01 5.365974083542823792e-02 1.230681166052818298e-01
1.340785771608352661e-01 9.304857999086380005e-02 8.819210529327392578e-02 0.000000000000000000e+00 2.424500137567520142e-01 1.698101758956909180e-01 9.385714679956436157e-02 1.639112532138824463e-01 8.690206706523895264e-02 3.588905930519104004e-02 1.586921662092208862e-01 4.529212787747383118e-02 9.381574392318725586e-02 1.729996353387832642e-01 1.924192309379577637e-01 8.882806450128555298e-02 1.223875880241394043e-01 1.572159975767135620e-01 1.008798256516456604e-01 5.264165624976158142e-02 2.497440669685602188e-03 9.334677457809448242e-02 1.086371764540672302e-01 9.360969811677932739e-02 1.637171506881713867e-01 4.246620461344718933e-02 1.094248965382575989e-01 3.486358001828193665e-02 1.745512336492538452e-01 1.033846661448478699e-01 1.017334014177322388e-01 2.714354395866394043e-01 1.411837190389633179e-01 2.089919000864028931e-01
1.120126768946647644e-01 1.528496593236923218e-01 1.576283276081085205e-01 2.424500137567520142e-01 0.000000000000000000e+00 7.575885951519012451e-02 1.520529091358184814e-01 8.178908377885818481e-02 1.588957756757736206e-01 2.083740681409835815e-01 8.710937947034835815e-02 1.993469148874282837e-01 1.520937383174896240e-01 7.249092310667037964e-02 5.247903987765312195e-02 1.570032238960266113e-01 1.237339675426483154e-01 8.861163258552551270e-02 1.451195627450942993e-01 2.913728952407836914e-01 2.447992265224456787e-01 1.525558680295944214e-01 1.374326646327972412e-01 1.522967815399169922e-01 8.198717981576919556e-02 2.020642310380935669e-01 1.366504579782485962e-01 2.093560397624969482e-01 7.089922577142715454e-02 1.426407247781753540e-01 1.442751884460449219e-01 3.102734498679637909e-02 1.048555001616477966e-01 3.524391353130340576e-02
3.656409680843353271e-02 7.799394428730010986e-02 8.285895735025405884e-02 1.698101758956909180e-01 7.575885951519012451e-02 0.000000000000000000e+00 7.718315720558166504e-02 6.067821290343999863e-03 8.414988964796066284e-02 1.347422897815704346e-01 1.142591796815395355e-02 1.254831403493881226e-01 7.722468674182891846e-02 3.285988001152873039e-03 2.337274327874183655e-02 8.222234249114990234e-02 4.842907190322875977e-02 1.293963380157947540e-02 7.013173401355743408e-02 2.204809188842773438e-01 1.722345650196075439e-01 7.769495993852615356e-02 6.232270225882530212e-02 7.743130624294281006e-02 6.267250049859285355e-03 1.282689422369003296e-01 6.152856722474098206e-02 1.357502639293670654e-01 4.885882604867219925e-03 6.761249899864196777e-02 6.927350163459777832e-02 1.065357849001884460e-01 2.932962216436862946e-02 4.062341153621673584e-02
4.073402658104896545e-02 8.156996918842196465e-04 5.712325684726238251e-03 9.385714679956436157e-02 1.520529091358184814e-01 7.718315720558166504e-02 0.000000000000000000e+00 7.114865630865097046e-02 7.012276444584131241e-03 5.816401541233062744e-02 6.581529229879379272e-02 4.877234995365142822e-02 4.177169830654747784e-05 8.044874668121337891e-02 1.003748252987861633e-01 5.071368068456649780e-03 2.886196784675121307e-02 6.430774927139282227e-02 7.089798338711261749e-03 1.457785367965698242e-01 9.633200615644454956e-02 5.148895434103906155e-04 1.493228599429130554e-02 2.496403758414089680e-04 7.095023244619369507e-02 5.159659683704376221e-02 1.572928763926029205e-02 5.918724089860916138e-02 8.203811198472976685e-02 9.620865806937217712e-03 7.952181622385978699e-03 1.822205930948257446e-01 4.796211794018745422e-02 1.174383535981178284e-01
3.050304017961025238e-02 7.196018099784851074e-02 7.682975381612777710e-02 1.639112532138824463e-01 8.178908377885818481e-02 6.067821290343999863e-03 7.114865630865097046e-02 0.000000000000000000e+00 7.812196016311645508e-02 1.287797391414642334e-01 5.358466878533363342e-03 1.195063069462776184e-01 7.119022309780120850e-02 9.353622794151306152e-03 2.943639084696769714e-02 7.619253545999526978e-02 4.237370565533638000e-02 6.872352678328752518e-03 6.409119069576263428e-02 2.147003561258316040e-01 1.663405895233154297e-01 7.166092842817306519e-02 5.627616122364997864e-02 7.139702886343002319e-02 1.994359190575778484e-04 1.222962960600852966e-01 5.548146367073059082e-02 1.297893375158309937e-01 1.095337886363267899e-02 6.156994029879570007e-02 6.323225796222686768e-02 1.125308573246002197e-01 2.326594106853008270e-02 4.667972773313522339e-02
4.773266613483428955e-02 6.196612492203712463e-03 1.300003030337393284e-03 8.690206706523895264e-02 1.588957756757736206e-01 8.414988964796066284e-02 7.012276444584131241e-03 7.812196016311645508e-02 0.000000000000000000e+00 5.117260664701461792e-02 7.279396802186965942e-02 4.177435860037803650e-02 6.970507558435201645e-03 8.741170912981033325e-02 1.073115766048431396e-01 1.940977643243968487e-03 3.586698696017265320e-02 7.128788530826568604e-02 1.410137396305799484e-02 1.389082670211791992e-01 8.938011527061462402e-02 6.497410591691732407e-03 2.194226346909999847e-02 6.762648001313209534e-03 7.792373746633529663e-02 4.460045322775840759e-02 2.273905836045742035e-02 5.219662562012672424e-02 8.899918198585510254e-02 1.663202047348022461e-02 1.496362313628196716e-02 1.889913678169250488e-01 5.495590716600418091e-02 1.243482232093811035e-01
9.866427630186080933e-02 5.735103413462638855e-02 5.246912315487861633e-02 3.588905930519104004e-02 2.083740681409835815e-01 1.347422897815704346e-01 5.816401541233062744e-02 1.287797391414642334e-01 5.117260664701461792e-02 0.000000000000000000e+00 1.235065087676048279e-01 9.418380446732044220e-03 5.812237784266471863e-02 1.379671841859817505e-01 1.576186418533325195e-01 5.310830846428871155e-02 8.688013255596160889e-02 1.220153793692588806e-01 6.522691249847412109e-02 8.836377412080764771e-02 3.838305920362472534e-02 5.765084922313690186e-02 7.303287088871002197e-02 5.791521817445755005e-02 1.285836249589920044e-01 6.587184965610504150e-03 7.382576167583465576e-02 1.026762998662889004e-03 1.395362913608551025e-01 6.774696707725524902e-02 6.608562916517257690e-02 2.378635704517364502e-01 1.058308929204940796e-01 1.744110286235809326e-01
2.514868415892124176e-02 6.662740558385848999e-02 7.150073349475860596e-02 1.586921662092208862e-01 8.710937947034835815e-02 1.142591796815395355e-02 6.581529229879379272e-02 5.358466878533363342e-03 7.279396802186965942e-02 1.235065087676048279e-01 0.000000000000000000e+00 1.142209991812705994e-01 6.585687398910522461e-02 1.471135206520557404e-02 3.478937223553657532e-02 7.086300104856491089e-02 3.702364489436149597e-02 1.513941446319222450e-03 5.875290185213088989e-02 2.095829993486404419e-01 1.611257493495941162e-01 6.632792949676513672e-02 5.093305557966232300e-02 6.606384366750717163e-02 5.159036722034215927e-03 1.170145273208618164e-01 5.013789981603622437e-02 1.245174854993820190e-01 1.631088927388191223e-02 5.623002350330352783e-02 5.789340287446975708e-02 1.178182885050773621e-01 1.790970563888549805e-02 5.202518403530120850e-02
8.932890743017196655e-02 4.795855656266212463e-02 4.307202622294425964e-02 4.529212787747383118e-02 1.993469148874282837e-01 1.254831403493881226e-01 4.877234995365142822e-02 1.195063069462776184e-01 4.177435860037803650e-02 9.418380446732044220e-03 1.142209991812705994e-01 0.000000000000000000e+00 4.873067885637283325e-02 1.287160664796829224e-01 1.484205722808837891e-01 4.371179267764091492e-02 7.752518355846405029e-02 1.127265393733978271e-01 5.584283545613288879e-02 9.770084172487258911e-02 4.778416454792022705e-02 4.825866967439651489e-02 6.365827471017837524e-02 4.852329939603805542e-02 1.193097233772277832e-01 2.831371501088142395e-03 6.445219367742538452e-02 1.044504251331090927e-02 1.302891522645950317e-01 5.836582556366920471e-02 5.670254305005073547e-02 2.289581149816513062e-01 9.650871157646179199e-02 1.652641147375106812e-01
4.077572375535964966e-02 7.739281281828880310e-04 5.670555401593446732e-03 9.381574392318725586e-02 1.520937383174896240e-01 7.722468674182891846e-02 4.177169830654747784e-05 7.119022309780120850e-02 6.970507558435201645e-03 5.812237784266471863e-02 6.585687398910522461e-02 4.873067885637283325e-02 0.000000000000000000e+00 8.049023896455764771e-02 1.004161834716796875e-01 5.029597785323858261e-03 2.890370786190032959e-02 6.434935331344604492e-02 7.131568621844053268e-03 1.457376480102539062e-01 9.629062563180923462e-02 4.731178923975676298e-04 1.497404836118221283e-02 2.078686957247555256e-04 7.099179178476333618e-02 5.155493691563606262e-02 1.577105186879634857e-02 5.914561450481414795e-02 8.207958936691284180e-02 9.662634693086147308e-03 7.993949577212333679e-03 1.822609752416610718e-01 4.800378903746604919e-02 1.174795478582382202e-01
3.984529525041580200e-02 8.125910907983779907e-02 8.612149953842163086e-02 1.729996353387832642e-01 7.249092310667037964e-02 3.285988001152873039e-03 8.044874668121337891e-02 9.353622794151306152e-03 8.741170912981033325e-02 1.379671841859817505e-01 1.471135206520557404e-02 1.287160664796829224e-01 8.049023896455764771e-02 0.000000000000000000e+00 2.008830010890960693e-02 8.548523485660552979e-02 5.170683562755584717e-02 1.622493192553520203e-02 7.340081036090850830e-02 2.236049175262451172e-01 1.754212826490402222e-01 8.096028119325637817e-02 6.559526175260543823e-02 8.069676905870437622e-02 9.553041309118270874e-03 1.314995139837265015e-01 6.480145454406738281e-02 1.389742642641067505e-01 1.599920215085148811e-03 7.088273763656616211e-02 7.254297286272048950e-02 1.032859608530998230e-01 3.261246532201766968e-02 3.734241053462028503e-02
5.988566204905509949e-02 1.011822447180747986e-01 1.060263589024543762e-01 1.924192309379577637e-01 5.247903987765312195e-02 2.337274327874183655e-02 1.003748252987861633e-01 2.943639084696769714e-02 1.073115766048431396e-01 1.576186418533325195e-01 3.478937223553657532e-02 1.484205722808837891e-01 1.004161834716796875e-01 2.008830010890960693e-02 0.000000000000000000e+00 1.053925529122352600e-01 7.172063738107681274e-02 3.630140051245689392e-02 9.335146844387054443e-02 2.426034808158874512e-01 1.948230415582656860e-01 1.008845046162605286e-01 8.557079732418060303e-02 1.006219461560249329e-01 2.963565289974212646e-02 1.511884182691574097e-01 8.477939665317535400e-02 1.586197167634963989e-01 1.848897337913513184e-02 9.084168821573257446e-02 9.249648451805114746e-02 8.337063342332839966e-02 5.266626179218292236e-02 1.726706139743328094e-02
4.579593241214752197e-02 4.255685955286026001e-03 6.409761263057589531e-04 8.882806450128555298e-02 1.570032238960266113e-01 8.222234249114990234e-02 5.071368068456649780e-03 7.619253545999526978e-02 1.940977643243968487e-03 5.310830846428871155e-02 7.086300104856491089e-02 4.371179267764091492e-02 5.029597785323858261e-03 8.548523485660552979e-02 1.053925529122352600e-01 0.000000000000000000e+00 3.392837196588516235e-02 6.935650110244750977e-02 1.216072961688041687e-02 1.408112794160842896e-01 9.130524843931198120e-02 4.556490574032068253e-03 2.000213786959648132e-02 4.821733571588993073e-03 7.599425315856933594e-02 4.653740301728248596e-02 2.079899795353412628e-02 5.413211882114410400e-02 8.707324415445327759e-02 1.469151768833398819e-02 1.302302442491054535e-02 1.871190369129180908e-01 5.302058532834053040e-02 1.224367916584014893e-01
1.188602764159440994e-02 2.967697009444236755e-02 3.456859290599822998e-02 1.223875880241394043e-01 1.237339675426483154e-01 4.842907190322875977e-02 2.886196784675121307e-02 4.237370565533638000e-02 3.586698696017265320e-02 8.688013255596160889e-02 3.702364489436149597e-02 7.752518355846405029e-02 2.890370786190032959e-02 5.170683562755584717e-02 7.172063738107681274e-02 3.392837196588516235e-02 0.000000000000000000e+00 3.551169484853744507e-02 2.177662588655948639e-02 1.739087998867034912e-01 1.248468682169914246e-01 2.937642112374305725e-02 1.393568795174360275e-02 2.911139838397502899e-02 4.217462241649627686e-02 8.033892512321472168e-02 1.313864439725875854e-02 8.789905160665512085e-02 5.330234393477439880e-02 1.924644596874713898e-02 2.091458812355995178e-02 1.541694253683090210e-01 1.912662200629711151e-02 8.887763321399688721e-02
2.363564260303974152e-02 6.512003391981124878e-02 6.999436020851135254e-02 1.572159975767135620e-01 8.861163258552551270e-02 1.293963380157947540e-02 6.430774927139282227e-02 6.872352678328752518e-03 7.128788530826568604e-02 1.220153793692588806e-01 1.513941446319222450e-03 1.127265393733978271e-01 6.434935331344604492e-02 1.622493192553520203e-02 3.630140051245689392e-02 6.935650110244750977e-02 3.551169484853744507e-02 0.000000000000000000e+00 5.724405124783515930e-02 2.081350982189178467e-01 1.596507430076599121e-01 6.482049822807312012e-02 4.942292347550392151e-02 6.455635279417037964e-02 6.672925781458616257e-03 1.155210360884666443e-01 4.862764850258827209e-02 1.230267211794853210e-01 1.782439090311527252e-02 5.472074076533317566e-02 5.638440325856208801e-02 1.193109452724456787e-01 1.639620959758758545e-02 5.353490635752677917e-02
3.365394473075866699e-02 7.905452512204647064e-03 1.280160527676343918e-02 1.008798256516456604e-01 1.451195627450942993e-01 7.013173401355743408e-02 7.089798338711261749e-03 6.409119069576263428e-02 1.410137396305799484e-02 6.522691249847412109e-02 5.875290185213088989e-02 5.584283545613288879e-02 7.131568621844053268e-03 7.340081036090850830e-02 9.335146844387054443e-02 1.216072961688041687e-02 2.177662588655948639e-02 5.724405124783515930e-02 0.000000000000000000e+00 1.527105122804641724e-01 1.033512279391288757e-01 7.604660466313362122e-03 7.843317463994026184e-03 7.339425384998321533e-03 6.389256566762924194e-02 5.866493284702301025e-02 8.640454150736331940e-03 6.624923646450042725e-02 7.499192655086517334e-02 2.531240694224834442e-03 8.624311303719878197e-04 1.753573268651962280e-01 4.088621959090232849e-02 1.104405000805854797e-01
1.854115724563598633e-01 1.449800878763198853e-01 1.401829421520233154e-01 5.264165624976158142e-02 2.913728952407836914e-01 2.204809188842773438e-01 1.457785367965698242e-01 2.147003561258316040e-01 1.389082670211791992e-01 8.836377412080764771e-02 2.095829993486404419e-01 9.770084172487258911e-02 1.457376480102539062e-01 2.236049175262451172e-01 2.426034808158874512e-01 1.408112794160842896e-01 1.739087998867034912e-01 2.081350982189178467e-01 1.527105122804641724e-01 0.000000000000000000e+00 5.015080794692039490e-02 1.452745646238327026e-01 1.603617519140243530e-01 1.455342024564743042e-01 2.145100831985473633e-01 9.489572048187255859e-02 1.611383557319641113e-01 8.734492957592010498e-02 2.251242995262145996e-01 1.551817655563354492e-01 1.535527259111404419e-01 3.195116519927978516e-01 1.923954635858535767e-01 2.587864696979522705e-01
1.365302950143814087e-01 9.552381932735443115e-02 9.066957235336303711e-02 2.497440669685602188e-03 2.447992265224456787e-01 1.722345650196075439e-01 9.633200615644454956e-02 1.663405895233154297e-01 8.938011527061462402e-02 3.838305920362472534e-02 1.611257493495941162e-01 4.778416454792022705e-02 9.629062563180923462e-02 1.754212826490402222e-01 1.948230415582656860e-01 9.130524843931198120e-02 1.248468682169914246e-01 1.596507430076599121e-01 1.033512279391288757e-01 5.015080794692039490e-02 0.000000000000000000e+00 9.582187235355377197e-02 1.111044734716415405e-01 9.608467668294906616e-02 1.661466658115386963e-01 4.495887458324432373e-02 1.118917614221572876e-01 3.735776618123054504e-02 1.769715398550033569e-01 1.058547720313072205e-01 1.042043715715408325e-01 2.737473249435424805e-01 1.436305195093154907e-01 2.113790065050125122e-01
4.124804586172103882e-02 3.008103230968117714e-04 5.197451449930667877e-03 9.334677457809448242e-02 1.525558680295944214e-01 7.769495993852615356e-02 5.148895434103906155e-04 7.166092842817306519e-02 6.497410591691732407e-03 5.765084922313690186e-02 6.632792949676513672e-02 4.825866967439651489e-02 4.731178923975676298e-04 8.096028119325637817e-02 1.008845046162605286e-01 4.556490574032068253e-03 2.937642112374305725e-02 6.482049822807312012e-02 7.604660466313362122e-03 1.452745646238327026e-01 9.582187235355377197e-02 0.000000000000000000e+00 1.544705592095851898e-02 2.652491966728121042e-04 7.146250456571578979e-02 5.108306184411048889e-02 1.624404639005661011e-02 5.867413803935050964e-02 8.254950493574142456e-02 1.013570558279752731e-02 8.467036299407482147e-03 1.827183216810226440e-01 4.847580567002296448e-02 1.179461032152175903e-01
2.581744082272052765e-02 1.574779301881790161e-02 2.064285054802894592e-02 1.086371764540672302e-01 1.374326646327972412e-01 6.232270225882530212e-02 1.493228599429130554e-02 5.627616122364997864e-02 2.194226346909999847e-02 7.303287088871002197e-02 5.093305557966232300e-02 6.365827471017837524e-02 1.497404836118221283e-02 6.559526175260543823e-02 8.557079732418060303e-02 2.000213786959648132e-02 1.393568795174360275e-02 4.942292347550392151e-02 7.843317463994026184e-03 1.603617519140243530e-01 1.111044734716415405e-01 1.544705592095851898e-02 0.000000000000000000e+00 1.518187019973993301e-02 5.607735738158226013e-02 6.647766381502151489e-02 7.971900049597024918e-04 7.405407726764678955e-02 6.718812882900238037e-02 5.312182474881410599e-03 6.980934645980596542e-03 1.677447259426116943e-01 3.305350244045257568e-02 1.026861369609832764e-01
4.098324850201606750e-02 5.660594324581325054e-04 5.462693050503730774e-03 9.360969811677932739e-02 1.522967815399169922e-01 7.743130624294281006e-02 2.496403758414089680e-04 7.139702886343002319e-02 6.762648001313209534e-03 5.791521817445755005e-02 6.606384366750717163e-02 4.852329939603805542e-02 2.078686957247555256e-04 8.069676905870437622e-02 1.006219461560249329e-01 4.821733571588993073e-03 2.911139838397502899e-02 6.455635279417037964e-02 7.339425384998321533e-03 1.455342024564743042e-01 9.608467668294906616e-02 2.652491966728121042e-04 1.518187019973993301e-02 0.000000000000000000e+00 7.119861245155334473e-02 5.134761705994606018e-02 1.597886532545089722e-02 5.893846973776817322e-02 8.228606730699539185e-02 9.870482608675956726e-03 8.201805874705314636e-03 1.824619323015213013e-01 4.821117967367172241e-02 1.176845431327819824e-01
3.030379116535186768e-02 7.176177203655242920e-02 7.663150131702423096e-02 1.637171506881713867e-01 8.198717981576919556e-02 6.267250049859285355e-03 7.095023244619369507e-02 1.994359190575778484e-04 7.792373746633529663e-02 1.285836249589920044e-01 5.159036722034215927e-03 1.193097233772277832e-01 7.099179178476333618e-02 9.553041309118270874e-03 2.963565289974212646e-02 7.599425315856933594e-02 4.217462241649627686e-02 6.672925781458616257e-03 6.389256566762924194e-02 2.145100831985473633e-01 1.661466658115386963e-01 7.146250456571578979e-02 5.607735738158226013e-02 7.119861245155334473e-02 0.000000000000000000e+00 1.220998466014862061e-01 5.528263375163078308e-02 1.295932680368423462e-01 1.115279085934162140e-02 6.137125566601753235e-02 6.303361803293228149e-02 1.127277687191963196e-01 2.306661196053028107e-02 4.687872901558876038e-02
9.213697910308837891e-02 5.078303068876266479e-02 4.589780047535896301e-02 4.246620461344718933e-02 2.020642310380935669e-01 1.282689422369003296e-01 5.159659683704376221e-02 1.222962960600852966e-01 4.460045322775840759e-02 6.587184965610504150e-03 1.170145273208618164e-01 2.831371501088142395e-03 5.155493691563606262e-02 1.314995139837265015e-01 1.511884182691574097e-01 4.653740301728248596e-02 8.033892512321472168e-02 1.155210360884666443e-01 5.866493284702301025e-02 9.489572048187255859e-02 4.495887458324432373e-02 5.108306184411048889e-02 6.647766381502151489e-02 5.134761705994606018e-02 1.220998466014862061e-01 0.000000000000000000e+00 6.727128475904464722e-02 7.613895926624536514e-03 1.330714374780654907e-01 6.118708476424217224e-02 5.952435731887817383e-02 2.316393256187438965e-01 9.931294620037078857e-02 1.680168658494949341e-01
2.502076514065265656e-02 1.654477603733539581e-02 2.143968641757965088e-02 1.094248965382575989e-01 1.366504579782485962e-01 6.152856722474098206e-02 1.572928763926029205e-02 5.548146367073059082e-02 2.273905836045742035e-02 7.382576167583465576e-02 5.013789981603622437e-02 6.445219367742538452e-02 1.577105186879634857e-02 6.480145454406738281e-02 8.477939665317535400e-02 2.079899795353412628e-02 1.313864439725875854e-02 4.862764850258827209e-02 8.640454150736331940e-03 1.611383557319641113e-01 1.118917614221572876e-01 1.624404639005661011e-02 7.971900049597024918e-04 1.597886532545089722e-02 5.528263375163078308e-02 6.727128475904464722e-02 0.000000000000000000e+00 7.484684884548187256e-02 6.639449298381805420e-02 6.109347101300954819e-03 7.778081111609935760e-03 1.669698655605316162e-01 3.225715830922126770e-02 1.018972843885421753e-01
9.968094527721405029e-02 5.837435647845268250e-02 5.349300056695938110e-02 3.486358001828193665e-02 2.093560397624969482e-01 1.357502639293670654e-01 5.918724089860916138e-02 1.297893375158309937e-01 5.219662562012672424e-02 1.026762998662889004e-03 1.245174854993820190e-01 1.044504251331090927e-02 5.914561450481414795e-02 1.389742642641067505e-01 1.586197167634963989e-01 5.413211882114410400e-02 8.789905160665512085e-02 1.230267211794853210e-01 6.624923646450042725e-02 8.734492957592010498e-02 3.735776618123054504e-02 5.867413803935050964e-02 7.405407726764678955e-02 5.893846973776817322e-02 1.295932680368423462e-01 7.613895926624536514e-03 7.484684884548187256e-02 0.000000000000000000e+00 1.405429393053054810e-01 6.876894086599349976e-02 6.710784137248992920e-02 2.388319969177246094e-01 1.068460494279861450e-01 1.754063665866851807e-01
4.144257307052612305e-02 8.284825831651687622e-02 8.770933002233505249e-02 1.745512336492538452e-01 7.089922577142715454e-02 4.885882604867219925e-03 8.203811198472976685e-02 1.095337886363267899e-02 8.899918198585510254e-02 1.395362913608551025e-01 1.631088927388191223e-02 1.302891522645950317e-01 8.207958936691284180e-02 1.599920215085148811e-03 1.848897337913513184e-02 8.707324415445327759e-02 5.330234393477439880e-02 1.782439090311527252e-02 7.499192655086517334e-02 2.251242995262145996e-01 1.769715398550033569e-01 8.254950493574142456e-02 6.718812882900238037e-02 8.228606730699539185e-02 1.115279085934162140e-02 1.330714374780654907e-01 6.639449298381805420e-02 1.405429393053054810e-01 0.000000000000000000e+00 7.247444242238998413e-02 7.413429021835327148e-02 1.017028465867042542e-01 3.421059995889663696e-02 3.574462607502937317e-02
3.112535364925861359e-02 1.043648459017276764e-02 1.533234864473342896e-02 1.033846661448478699e-01 1.426407247781753540e-01 6.761249899864196777e-02 9.620865806937217712e-03 6.156994029879570007e-02 1.663202047348022461e-02 6.774696707725524902e-02 5.623002350330352783e-02 5.836582556366920471e-02 9.662634693086147308e-03 7.088273763656616211e-02 9.084168821573257446e-02 1.469151768833398819e-02 1.924644596874713898e-02 5.472074076533317566e-02 2.531240694224834442e-03 1.551817655563354492e-01 1.058547720313072205e-01 1.013570558279752731e-02 5.312182474881410599e-03 9.870482608675956726e-03 6.137125566601753235e-02 6.118708476424217224e-02 6.109347101300954819e-03 6.876894086599349976e-02 7.247444242238998413e-02 0.000000000000000000e+00 1.668813289143145084e-03 1.729028373956680298e-01 3.835894912481307983e-02 1.079394370317459106e-01
3.279246389865875244e-02 8.767823688685894012e-03 1.366388704627752304e-02 1.017334014177322388e-01 1.442751884460449219e-01 6.927350163459777832e-02 7.952181622385978699e-03 6.323225796222686768e-02 1.496362313628196716e-02 6.608562916517257690e-02 5.789340287446975708e-02 5.670254305005073547e-02 7.993949577212333679e-03 7.254297286272048950e-02 9.249648451805114746e-02 1.302302442491054535e-02 2.091458812355995178e-02 5.638440325856208801e-02 8.624311303719878197e-04 1.535527259111404419e-01 1.042043715715408325e-01 8.467036299407482147e-03 6.980934645980596542e-03 8.201805874705314636e-03 6.303361803293228149e-02 5.952435731887817383e-02 7.778081111609935760e-03 6.710784137248992920e-02 7.413429021835327148e-02 1.668813289143145084e-03 0.000000000000000000e+00 1.745213121175765991e-01 4.002519696950912476e-02 1.095885187387466431e-01
1.425446271896362305e-01 1.830090731382369995e-01 1.877374947071075439e-01 2.714354395866394043e-01 3.102734498679637909e-02 1.065357849001884460e-01 1.822205930948257446e-01 1.125308573246002197e-01 1.889913678169250488e-01 2.378635704517364502e-01 1.178182885050773621e-01 2.289581149816513062e-01 1.822609752416610718e-01 1.032859608530998230e-01 8.337063342332839966e-02 1.871190369129180908e-01 1.541694253683090210e-01 1.193109452724456787e-01 1.753573268651962280e-01 3.195116519927978516e-01 2.737473249435424805e-01 1.827183216810226440e-01 1.677447259426116943e-01 1.824619323015213013e-01 1.127277687191963196e-01 2.316393256187438965e-01 1.669698655605316162e-01 2.388319969177246094e-01 1.017028465867042542e-01 1.729028373956680298e-01 1.745213121175765991e-01 0.000000000000000000e+00 1.354421973228454590e-01 6.619887053966522217e-02
7.242240477353334427e-03 4.877590388059616089e-02 5.365974083542823792e-02 1.411837190389633179e-01 1.048555001616477966e-01 2.932962216436862946e-02 4.796211794018745422e-02 2.326594106853008270e-02 5.495590716600418091e-02 1.058308929204940796e-01 1.790970563888549805e-02 9.650871157646179199e-02 4.800378903746604919e-02 3.261246532201766968e-02 5.266626179218292236e-02 5.302058532834053040e-02 1.912662200629711151e-02 1.639620959758758545e-02 4.088621959090232849e-02 1.923954635858535767e-01 1.436305195093154907e-01 4.847580567002296448e-02 3.305350244045257568e-02 4.821117967367172241e-02 2.306661196053028107e-02 9.931294620037078857e-02 3.225715830922126770e-02 1.068460494279861450e-01 3.421059995889663696e-02 3.835894912481307983e-02 4.002519696950912476e-02 1.354421973228454590e-01 0.000000000000000000e+00 6.986978650093078613e-02
7.707303017377853394e-02 1.182427182793617249e-01 1.230681166052818298e-01 2.089919000864028931e-01 3.524391353130340576e-02 4.062341153621673584e-02 1.174383535981178284e-01 4.667972773313522339e-02 1.243482232093811035e-01 1.744110286235809326e-01 5.202518403530120850e-02 1.652641147375106812e-01 1.174795478582382202e-01 3.734241053462028503e-02 1.726706139743328094e-02 1.224367916584014893e-01 8.887763321399688721e-02 5.353490635752677917e-02 1.104405000805854797e-01 2.587864696979522705e-01 2.113790065050125122e-01 1.179461032152175903e-01 1.026861369609832764e-01 1.176845431327819824e-01 4.687872901558876038e-02 1.680168658494949341e-01 1.018972843885421753e-01 1.754063665866851807e-01 3.574462607502937317e-02 1.079394370317459106e-01 1.095885187387466431e-01 6.619887053966522217e-02 6.986978650093078613e-02 0.000000000000000000e+00
