0.000000000000000000e+00 3.438620269298553467e-02 4.775686934590339661e-02 1.283762305974960327e-01 1.058185026049613953e-01 3.776665031909942627e-02 4.165393859148025513e-02 2.083238214254379272e-02 5.249826982617378235e-02 9.791581332683563232e-02 1.946527697145938873e-02 9.488157182931900024e-02 3.975963592529296875e-02 4.701795801520347595e-02 6.216936931014060974e-02 4.055931791663169861e-02 8.350084535777568817e-03 1.559364330023527145e-02 3.281063959002494812e-02 1.910064369440078735e-01 1.365206837654113770e-01 3.662948682904243469e-02 2.592647634446620941e-02 3.411126136779785156e-02 4.074152931571006775e-02 1.013051196932792664e-01 2.565566077828407288e-02 1.073588430881500244e-01 4.598986729979515076e-02 2.461681328713893890e-02 3.126662597060203552e-02 1.324756294488906860e-01 9.131164290010929108e-03 8.100000023841857910e-02
3.438620269298553467e-02 0.000000000000000000e+00 1.339266169816255569e-02 9.440677613019943237e-02 1.396963894367218018e-01 7.205927371978759766e-02 7.278162520378828049e-03 5.517905950546264648e-02 1.814482361078262329e-02 6.374423950910568237e-02 5.381546169519424438e-02 6.069338694214820862e-02 5.380788818001747131e-03 8.127275854349136353e-02 9.634959697723388672e-02 6.181737873703241348e-03 2.604359574615955353e-02 4.995305836200714111e-02 1.577340532094240189e-03 1.576556861400604248e-01 1.026162132620811462e-01 2.246112329885363579e-03 8.467273786664009094e-03 2.752635045908391476e-04 7.502263039350509644e-02 6.715285032987594604e-02 8.738249540328979492e-03 7.324304431676864624e-02 8.024916052818298340e-02 9.777664206922054291e-03 3.122933907434344292e-03 1.661051660776138306e-01 4.350370913743972778e-02 1.150657162070274353e-01
4.775686934590339661e-02 1.339266169816255569e-02 0.000000000000000000e+00 8.111667633056640625e-02 1.528031826019287109e-01 8.536954969167709351e-02 6.115095224231481552e-03 6.852108240127563477e-02 4.753316752612590790e-03 5.039459839463233948e-02 6.715971976518630981e-02 4.733920469880104065e-02 8.012450300157070160e-03 9.456248581409454346e-02 1.096008345484733582e-01 7.211521267890930176e-03 3.942250832915306091e-02 6.330336630344390869e-02 1.496968604624271393e-02 1.445682793855667114e-01 8.934634178876876831e-02 1.114688441157341003e-02 2.185745723545551300e-02 1.366787496954202652e-02 8.832654356956481934e-02 5.380857735872268677e-02 2.212832123041152954e-02 5.990914627909660339e-02 9.354128688573837280e-02 2.316729165613651276e-02 1.651490479707717896e-02 1.790994107723236084e-01 5.686324089765548706e-02 1.282607167959213257e-01
1.283762305974960327e-01 9.440677613019943237e-02 8.111667633056640625e-02 0.000000000000000000e+00 2.310559302568435669e-01 1.653412431478500366e-01 8.718851953744888306e-02 1.488106399774551392e-01 7.639281451702117920e-02 3.084817714989185333e-02 1.474729925394058228e-01 3.390767425298690796e-02 8.907122910022735596e-02 1.743418574333190918e-01 1.890368759632110596e-01 8.827655762434005737e-02 1.201549470424652100e-01 1.436822414398193359e-01 9.596982598304748535e-02 6.420453637838363647e-02 8.289746008813381195e-03 9.218020737171173096e-02 1.027918830513954163e-01 9.467957913875579834e-02 1.682378351688385010e-01 2.742781117558479309e-02 1.030600070953369141e-01 2.131109498441219330e-02 1.733426749706268311e-01 1.040883585810661316e-01 9.750096499919891357e-02 2.564898133277893066e-01 1.373464018106460571e-01 2.072214484214782715e-01
1.058185026049613953e-01 1.396963894367218018e-01 1.528031826019287109e-01 2.310559302568435669e-01 0.000000000000000000e+00 6.832490861415863037e-02 1.468252688646316528e-01 8.517388254404067993e-02 1.574421375989913940e-01 2.016450166702270508e-01 8.653146028518676758e-02 1.987050324678421021e-01 1.449682116508483887e-01 5.909456685185432434e-02 4.393819347023963928e-02 1.457522660493850708e-01 1.140678003430366516e-01 9.037399291992187500e-02 1.381494998931884766e-01 2.909443676471710205e-01 2.388881146907806396e-01 1.418979763984680176e-01 1.313845217227935791e-01 1.394264996051788330e-01 6.535875052213668823e-02 2.049268186092376709e-01 1.311181932687759399e-01 2.107827365398406982e-01 6.012122333049774170e-02 1.300964206457138062e-01 1.366330683231353760e-01 2.703612484037876129e-02 9.678085148334503174e-02 2.503306791186332703e-02
3.776665031909942627e-02 7.205927371978759766e-02 8.536954969167709351e-02 1.653412431478500366e-01 6.832490861415863037e-02 0.000000000000000000e+00 7.929585129022598267e-02 1.694760285317897797e-02 9.008631110191345215e-02 1.351825743913650513e-01 1.831483654677867889e-02 1.321745961904525757e-01 7.741004973649978638e-02 9.267762303352355957e-03 2.446014620363712311e-02 7.820617407560348511e-02 4.610219597816467285e-02 2.218607440590858459e-02 7.048994302749633789e-02 2.271346151828765869e-01 1.733933389186859131e-01 7.429336011409759521e-02 6.363081932067871094e-02 7.178543508052825928e-02 2.979462267830967903e-03 1.385417133569717407e-01 6.336092203855514526e-02 1.445394456386566162e-01 8.237522095441818237e-03 6.232551857829093933e-02 6.895185261964797974e-02 9.518520534038543701e-02 2.864536456763744354e-02 4.336601123213768005e-02
4.165393859148025513e-02 7.278162520378828049e-03 6.115095224231481552e-03 8.718851953744888306e-02 1.468252688646316528e-01 7.929585129022598267e-02 0.000000000000000000e+00 6.243214383721351624e-02 1.086809672415256500e-02 5.649228394031524658e-02 6.106970086693763733e-02 5.343883112072944641e-02 1.897447858937084675e-03 8.849857747554779053e-02 1.035551428794860840e-01 1.096474123187363148e-03 3.331544250249862671e-02 5.721042677760124207e-02 8.855401538312435150e-03 1.505502909421920776e-01 9.540930390357971191e-02 5.032132379710674286e-03 1.574446447193622589e-02 7.553410716354846954e-03 8.225587755441665649e-02 5.990396440029144287e-02 1.601539365947246552e-02 6.600005179643630981e-02 8.747623115777969360e-02 1.705461181700229645e-02 1.040085963904857635e-02 1.731739640235900879e-01 5.076579377055168152e-02 1.222415044903755188e-01
2.083238214254379272e-02 5.517905950546264648e-02 6.852108240127563477e-02 1.488106399774551392e-01 8.517388254404067993e-02 1.694760285317897797e-02 6.243214383721351624e-02 0.000000000000000000e+00 7.325054705142974854e-02 1.185064762830734253e-01 1.367659191600978374e-03 1.154856756329536438e-01 6.054186820983886719e-02 2.621124871075153351e-02 4.139059409499168396e-02 6.133987009525299072e-02 2.917739003896713257e-02 5.240441765636205673e-03 5.360638350248336792e-02 2.109992206096649170e-01 1.569068282842636108e-01 5.741805210709571838e-02 4.673361778259277344e-02 5.490462481975555420e-02 1.992605999112129211e-02 1.218802928924560547e-01 4.646320641040802002e-02 1.279051750898361206e-01 2.518161013722419739e-02 4.542590305209159851e-02 5.206509679555892944e-02 1.119522154331207275e-01 1.170344464480876923e-02 6.026932224631309509e-02
5.249826982617378235e-02 1.814482361078262329e-02 4.753316752612590790e-03 7.639281451702117920e-02 1.574421375989913940e-01 9.008631110191345215e-02 1.086809672415256500e-02 7.325054705142974854e-02 0.000000000000000000e+00 4.565221816301345825e-02 7.189008593559265137e-02 4.259547218680381775e-02 1.276528090238571167e-02 9.927118569612503052e-02 1.142946034669876099e-01 1.196442823857069016e-02 4.416754841804504395e-02 6.803621351718902588e-02 1.972159929573535919e-02 1.399111151695251465e-01 8.462896198034286499e-02 1.589935831725597382e-02 2.660801075398921967e-02 1.841999590396881104e-02 9.304080158472061157e-02 4.906781390309333801e-02 2.687881141901016235e-02 5.517153814435005188e-02 9.825091809034347534e-02 2.791753597557544708e-02 2.126655168831348419e-02 1.836963295936584473e-01 6.159991025924682617e-02 1.329329907894134521e-01
9.791581332683563232e-02 6.374423950910568237e-02 5.039459839463233948e-02 3.084817714989185333e-02 2.016450166702270508e-01 1.351825743913650513e-01 5.649228394031524658e-02 1.185064762830734253e-01 4.565221816301345825e-02 0.000000000000000000e+00 1.171578019857406616e-01 3.062699921429157257e-03 5.838347598910331726e-02 1.442695707082748413e-01 1.591165810823440552e-01 5.758519098162651062e-02 8.963902294635772705e-02 1.133364066481590271e-01 6.531500816345214844e-02 9.486482292413711548e-02 3.912791609764099121e-02 6.150693073868751526e-02 7.217255979776382446e-02 6.401837617158889771e-02 1.381064057350158691e-01 3.423263318836688995e-03 7.244213670492172241e-02 9.543356485664844513e-03 1.432605534791946411e-01 7.347611337900161743e-02 6.685386598110198975e-02 2.274411916732788086e-01 1.069513633847236633e-01 1.775079667568206787e-01
1.946527697145938873e-02 5.381546169519424438e-02 6.715971976518630981e-02 1.474729925394058228e-01 8.653146028518676758e-02 1.831483654677867889e-02 6.106970086693763733e-02 1.367659191600978374e-03 7.189008593559265137e-02 1.171578019857406616e-01 0.000000000000000000e+00 1.141360476613044739e-01 5.917910858988761902e-02 2.757791802287101746e-02 4.275583103299140930e-02 5.997724086046218872e-02 2.781083993613719940e-02 3.872810397297143936e-03 5.224255472421646118e-02 2.096920609474182129e-01 1.555725485086441040e-01 5.605479329824447632e-02 4.536885768175125122e-02 5.354098603129386902e-02 2.129313908517360687e-02 1.205327212810516357e-01 4.509841650724411011e-02 1.265596449375152588e-01 2.654835581779479980e-02 4.406097903847694397e-02 5.070104822516441345e-02 1.133025214076042175e-01 1.033595018088817596e-02 6.163190305233001709e-02
9.488157182931900024e-02 6.069338694214820862e-02 4.733920469880104065e-02 3.390767425298690796e-02 1.987050324678421021e-01 1.321745961904525757e-01 5.343883112072944641e-02 1.154856756329536438e-01 4.259547218680381775e-02 3.062699921429157257e-03 1.141360476613044739e-01 0.000000000000000000e+00 5.533066764473915100e-02 1.412693113088607788e-01 1.561299711465835571e-01 5.453211069107055664e-02 8.660009503364562988e-02 1.103120073676109314e-01 6.226476654410362244e-02 9.789907932281494141e-02 4.218556359410285950e-02 5.845524370670318604e-02 6.912513077259063721e-02 6.096763163805007935e-02 1.351008564233779907e-01 6.485895253717899323e-03 6.939483433961868286e-02 1.260568667203187943e-02 1.402594000101089478e-01 7.042925059795379639e-02 6.380422413349151611e-02 2.245349138975143433e-01 1.039226949214935303e-01 1.745401620864868164e-01
3.975963592529296875e-02 5.380788818001747131e-03 8.012450300157070160e-03 8.907122910022735596e-02 1.449682116508483887e-01 7.741004973649978638e-02 1.897447858937084675e-03 6.054186820983886719e-02 1.276528090238571167e-02 5.838347598910331726e-02 5.917910858988761902e-02 5.533066764473915100e-02 0.000000000000000000e+00 8.661567419767379761e-02 1.016776710748672485e-01 8.009754237718880177e-04 3.141998127102851868e-02 5.531898140907287598e-02 6.958070211112499237e-03 1.524042040109634399e-01 9.728914499282836914e-02 3.134714439511299133e-03 1.384743116796016693e-02 5.656043998897075653e-03 8.037097007036209106e-02 6.179438531398773193e-02 1.411837525665760040e-02 6.788899749517440796e-02 8.559299260377883911e-02 1.515765395015478134e-02 8.503580465912818909e-03 1.713328212499618530e-01 4.887305200099945068e-02 1.203719750046730042e-01
4.701795801520347595e-02 8.127275854349136353e-02 9.456248581409454346e-02 1.743418574333190918e-01 5.909456685185432434e-02 9.267762303352355957e-03 8.849857747554779053e-02 2.621124871075153351e-02 9.927118569612503052e-02 1.442695707082748413e-01 2.757791802287101746e-02 1.412693113088607788e-01 8.661567419767379761e-02 0.000000000000000000e+00 1.519582886248826981e-02 8.741058409214019775e-02 5.534631386399269104e-02 3.144736960530281067e-02 7.970563322305679321e-02 2.359057813882827759e-01 1.823680251836776733e-01 8.350363373756408691e-02 7.285562157630920410e-02 8.099931478500366211e-02 6.288473494350910187e-03 1.476199328899383545e-01 7.258605957031250000e-02 1.536014527082443237e-01 1.030318439006805420e-03 7.155195623636245728e-02 7.816965878009796143e-02 8.599329739809036255e-02 3.790306672453880310e-02 3.411195799708366394e-02
6.216936931014060974e-02 9.634959697723388672e-02 1.096008345484733582e-01 1.890368759632110596e-01 4.393819347023963928e-02 2.446014620363712311e-02 1.035551428794860840e-01 4.139059409499168396e-02 1.142946034669876099e-01 1.591165810823440552e-01 4.275583103299140930e-02 1.561299711465835571e-01 1.016776710748672485e-01 1.519582886248826981e-02 0.000000000000000000e+00 1.024703010916709900e-01 7.048286497592926025e-02 4.662092030048370361e-02 9.478665888309478760e-02 2.502046525478363037e-01 1.970178931951522827e-01 9.857437759637832642e-02 8.795408159494400024e-02 9.607688337564468384e-02 2.148224972188472748e-02 1.624513566493988037e-01 8.768516778945922852e-02 1.684042215347290039e-01 1.622589491307735443e-02 8.665356785058975220e-02 9.325472265481948853e-02 7.089010626077651978e-02 5.306833237409591675e-02 1.892594061791896820e-02
4.055931791663169861e-02 6.181737873703241348e-03 7.211521267890930176e-03 8.827655762434005737e-02 1.457522660493850708e-01 7.820617407560348511e-02 1.096474123187363148e-03 6.133987009525299072e-02 1.196442823857069016e-02 5.758519098162651062e-02 5.997724086046218872e-02 5.453211069107055664e-02 8.009754237718880177e-04 8.741058409214019775e-02 1.024703010916709900e-01 0.000000000000000000e+00 3.222014755010604858e-02 5.611747130751609802e-02 7.759002503007650375e-03 1.516217291355133057e-01 9.649568796157836914e-02 3.935679793357849121e-03 1.464824378490447998e-02 6.456990260630846024e-03 8.116672188043594360e-02 6.099643185734748840e-02 1.491918135434389114e-02 6.709167361259460449e-02 8.638804405927658081e-02 1.595843583345413208e-02 9.304491803050041199e-03 1.721101701259613037e-01 4.967208206653594971e-02 1.211612671613693237e-01
8.350084535777568817e-03 2.604359574615955353e-02 3.942250832915306091e-02 1.201549470424652100e-01 1.140678003430366516e-01 4.610219597816467285e-02 3.331544250249862671e-02 2.917739003896713257e-02 4.416754841804504395e-02 8.963902294635772705e-02 2.781083993613719940e-02 8.660009503364562988e-02 3.141998127102851868e-02 5.534631386399269104e-02 7.048286497592926025e-02 3.222014755010604858e-02 0.000000000000000000e+00 2.394061163067817688e-02 2.446725964546203613e-02 1.829481422901153564e-01 1.283168792724609375e-01 2.828805334866046906e-02 1.758019812405109406e-02 2.576851658523082733e-02 4.907491803169250488e-02 9.303373843431472778e-02 1.730928570032119751e-02 9.909759461879730225e-02 5.431909114122390747e-02 1.627007499337196350e-02 2.292252518236637115e-02 1.406701058149337769e-01 1.747991517186164856e-02 8.928969502449035645e-02
1.559364330023527145e-02 4.995305836200714111e-02 6.330336630344390869e-02 1.436822414398193359e-01 9.037399291992187500e-02 2.218607440590858459e-02 5.721042677760124207e-02 5.240441765636205673e-03 6.803621351718902588e-02 1.133364066481590271e-01 3.872810397297143936e-03 1.103120073676109314e-01 5.531898140907287598e-02 3.144736960530281067e-02 4.662092030048370361e-02 5.611747130751609802e-02 2.394061163067817688e-02 0.000000000000000000e+00 4.837952926754951477e-02 2.059865444898605347e-01 1.517911851406097412e-01 5.219331756234169006e-02 4.150334000587463379e-02 4.967848211526870728e-02 2.516387216746807098e-02 1.167143806815147400e-01 4.123280942440032959e-02 1.227470040321350098e-01 3.041803650557994843e-02 4.019502922892570496e-02 4.683743044734001160e-02 1.171239316463470459e-01 6.463398691266775131e-03 6.548907607793807983e-02
3.281063959002494812e-02 1.577340532094240189e-03 1.496968604624271393e-02 9.596982598304748535e-02 1.381494998931884766e-01 7.048994302749633789e-02 8.855401538312435150e-03 5.360638350248336792e-02 1.972159929573535919e-02 6.531500816345214844e-02 5.224255472421646118e-02 6.226476654410362244e-02 6.958070211112499237e-03 7.970563322305679321e-02 9.478665888309478760e-02 7.759002503007650375e-03 2.446725964546203613e-02 4.837952926754951477e-02 0.000000000000000000e+00 1.591934412717819214e-01 1.041766926646232605e-01 3.823439357802271843e-03 6.890025455504655838e-03 1.302077551372349262e-03 7.345397770404815674e-02 6.872291117906570435e-02 7.161008194088935852e-03 7.481174170970916748e-02 7.868178188800811768e-02 8.200449869036674500e-03 1.545601058751344681e-03 1.645709425210952759e-01 4.192924499511718750e-02 1.135089769959449768e-01
1.910064369440078735e-01 1.576556861400604248e-01 1.445682793855667114e-01 6.420453637838363647e-02 2.909443676471710205e-01 2.271346151828765869e-01 1.505502909421920776e-01 2.109992206096649170e-01 1.399111151695251465e-01 9.486482292413711548e-02 2.096920609474182129e-01 9.789907932281494141e-02 1.524042040109634399e-01 2.359057813882827759e-01 2.502046525478363037e-01 1.516217291355133057e-01 1.829481422901153564e-01 2.059865444898605347e-01 1.591934412717819214e-01 0.000000000000000000e+00 5.594456195831298828e-02 1.554646492004394531e-01 1.659015119075775146e-01 1.579241156578063965e-01 2.299584299325942993e-01 9.147126227617263794e-02 1.661650538444519043e-01 8.539877831935882568e-02 2.349325418472290039e-01 1.671756654977798462e-01 1.606995016336441040e-01 3.154987394809722900e-01 1.997891366481781006e-01 2.678621709346771240e-01
1.365206837654113770e-01 1.026162132620811462e-01 8.934634178876876831e-02 8.289746008813381195e-03 2.388881146907806396e-01 1.733933389186859131e-01 9.540930390357971191e-02 1.569068282842636108e-01 8.462896198034286499e-02 3.912791609764099121e-02 1.555725485086441040e-01 4.218556359410285950e-02 9.728914499282836914e-02 1.823680251836776733e-01 1.970178931951522827e-01 9.649568796157836914e-02 1.283168792724609375e-01 1.517911851406097412e-01 1.041766926646232605e-01 5.594456195831298828e-02 0.000000000000000000e+00 1.003932356834411621e-01 1.109870597720146179e-01 1.028885692358016968e-01 1.762817353010177612e-01 3.570943698287010193e-02 1.112546995282173157e-01 2.959561347961425781e-02 1.813717931509017944e-01 1.122812256217002869e-01 1.057052686810493469e-01 2.642177641391754150e-01 1.454705148935317993e-01 2.151416242122650146e-01
3.662948682904243469e-02 2.246112329885363579e-03 1.114688441157341003e-02 9.218020737171173096e-02 1.418979763984680176e-01 7.429336011409759521e-02 5.032132379710674286e-03 5.741805210709571838e-02 1.589935831725597382e-02 6.150693073868751526e-02 5.605479329824447632e-02 5.845524370670318604e-02 3.134714439511299133e-03 8.350363373756408691e-02 9.857437759637832642e-02 3.935679793357849121e-03 2.828805334866046906e-02 5.219331756234169006e-02 3.823439357802271843e-03 1.554646492004394531e-01 1.003932356834411621e-01 0.000000000000000000e+00 1.071318145841360092e-02 2.521374495700001717e-03 7.725572586059570312e-02 6.491652876138687134e-02 1.098414696753025055e-02 7.100860029458999634e-02 8.248040825128555298e-02 1.202351134270429611e-02 5.369008984416723251e-03 1.682884842157363892e-01 4.574534669518470764e-02 1.172815114259719849e-01
2.592647634446620941e-02 8.467273786664009094e-03 2.185745723545551300e-02 1.027918830513954163e-01 1.313845217227935791e-01 6.363081932067871094e-02 1.574446447193622589e-02 4.673361778259277344e-02 2.660801075398921967e-02 7.217255979776382446e-02 4.536885768175125122e-02 6.912513077259063721e-02 1.384743116796016693e-02 7.285562157630920410e-02 8.795408159494400024e-02 1.464824378490447998e-02 1.758019812405109406e-02 4.150334000587463379e-02 6.890025455504655838e-03 1.659015119075775146e-01 1.109870597720146179e-01 1.071318145841360092e-02 0.000000000000000000e+00 8.192028850317001343e-03 6.659766286611557007e-02 7.557715475559234619e-02 2.709961554501205683e-04 8.165966719388961792e-02 7.183069735765457153e-02 1.310498104430735111e-03 5.344481207430362701e-03 1.578599214553833008e-01 3.504934534430503845e-02 1.067024022340774536e-01
3.411126136779785156e-02 2.752635045908391476e-04 1.366787496954202652e-02 9.467957913875579834e-02 1.394264996051788330e-01 7.178543508052825928e-02 7.553410716354846954e-03 5.490462481975555420e-02 1.841999590396881104e-02 6.401837617158889771e-02 5.354098603129386902e-02 6.096763163805007935e-02 5.656043998897075653e-03 8.099931478500366211e-02 9.607688337564468384e-02 6.456990260630846024e-03 2.576851658523082733e-02 4.967848211526870728e-02 1.302077551372349262e-03 1.579241156578063965e-01 1.028885692358016968e-01 2.521374495700001717e-03 8.192028850317001343e-03 0.000000000000000000e+00 7.474891096353530884e-02 6.742686778306961060e-02 8.463006466627120972e-03 7.351681590080261230e-02 7.997566461563110352e-02 9.502424858510494232e-03 2.847672905772924423e-03 1.658374816179275513e-01 4.322895780205726624e-02 1.147940829396247864e-01
4.074152931571006775e-02 7.502263039350509644e-02 8.832654356956481934e-02 1.682378351688385010e-01 6.535875052213668823e-02 2.979462267830967903e-03 8.225587755441665649e-02 1.992605999112129211e-02 9.304080158472061157e-02 1.381064057350158691e-01 2.129313908517360687e-02 1.351008564233779907e-01 8.037097007036209106e-02 6.288473494350910187e-03 2.148224972188472748e-02 8.116672188043594360e-02 4.907491803169250488e-02 2.516387216746807098e-02 7.345397770404815674e-02 2.299584299325942993e-01 1.762817353010177612e-01 7.725572586059570312e-02 6.659766286611557007e-02 7.474891096353530884e-02 0.000000000000000000e+00 1.414627879858016968e-01 6.632786244153976440e-02 1.474554240703582764e-01 5.258189048618078232e-03 6.529286503791809082e-02 7.191654294729232788e-02 9.223189949989318848e-02 3.162213042378425598e-02 4.039176926016807556e-02
1.013051196932792664e-01 6.715285032987594604e-02 5.380857735872268677e-02 2.742781117558479309e-02 2.049268186092376709e-01 1.385417133569717407e-01 5.990396440029144287e-02 1.218802928924560547e-01 4.906781390309333801e-02 3.423263318836688995e-03 1.205327212810516357e-01 6.485895253717899323e-03 6.179438531398773193e-02 1.476199328899383545e-01 1.624513566493988037e-01 6.099643185734748840e-02 9.303373843431472778e-02 1.167143806815147400e-01 6.872291117906570435e-02 9.147126227617263794e-02 3.570943698287010193e-02 6.491652876138687134e-02 7.557715475559234619e-02 6.742686778306961060e-02 1.414627879858016968e-01 0.000000000000000000e+00 7.584659010171890259e-02 6.120293401181697845e-03 1.466119289398193359e-01 7.688003778457641602e-02 7.026104629039764404e-02 2.306848466396331787e-01 1.103342324495315552e-01 1.808213591575622559e-01
2.565566077828407288e-02 8.738249540328979492e-03 2.212832123041152954e-02 1.030600070953369141e-01 1.311181932687759399e-01 6.336092203855514526e-02 1.601539365947246552e-02 4.646320641040802002e-02 2.687881141901016235e-02 7.244213670492172241e-02 4.509841650724411011e-02 6.939483433961868286e-02 1.411837525665760040e-02 7.258605957031250000e-02 8.768516778945922852e-02 1.491918135434389114e-02 1.730928570032119751e-02 4.123280942440032959e-02 7.161008194088935852e-03 1.661650538444519043e-01 1.112546995282173157e-01 1.098414696753025055e-02 2.709961554501205683e-04 8.463006466627120972e-03 6.632786244153976440e-02 7.584659010171890259e-02 0.000000000000000000e+00 8.192884922027587891e-02 7.156109064817428589e-02 1.039502210915088654e-03 5.615469068288803101e-03 1.575956642627716064e-01 3.477867692708969116e-02 1.064344793558120728e-01
1.073588430881500244e-01 7.324304431676864624e-02 5.990914627909660339e-02 2.131109498441219330e-02 2.107827365398406982e-01 1.445394456386566162e-01 6.600005179643630981e-02 1.279051750898361206e-01 5.517153814435005188e-02 9.543356485664844513e-03 1.265596449375152588e-01 1.260568667203187943e-02 6.788899749517440796e-02 1.536014527082443237e-01 1.684042215347290039e-01 6.709167361259460449e-02 9.909759461879730225e-02 1.227470040321350098e-01 7.481174170970916748e-02 8.539877831935882568e-02 2.959561347961425781e-02 7.100860029458999634e-02 8.165966719388961792e-02 7.351681590080261230e-02 1.474554240703582764e-01 6.120293401181697845e-03 8.192884922027587891e-02 0.000000000000000000e+00 1.525952965021133423e-01 8.296129107475280762e-02 7.634851336479187012e-02 2.364712953567504883e-01 1.163759306073188782e-01 1.867350041866302490e-01
4.598986729979515076e-02 8.024916052818298340e-02 9.354128688573837280e-02 1.733426749706268311e-01 6.012122333049774170e-02 8.237522095441818237e-03 8.747623115777969360e-02 2.518161013722419739e-02 9.825091809034347534e-02 1.432605534791946411e-01 2.654835581779479980e-02 1.402594000101089478e-01 8.559299260377883911e-02 1.030318439006805420e-03 1.622589491307735443e-02 8.638804405927658081e-02 5.431909114122390747e-02 3.041803650557994843e-02 7.868178188800811768e-02 2.349325418472290039e-01 1.813717931509017944e-01 8.248040825128555298e-02 7.183069735765457153e-02 7.997566461563110352e-02 5.258189048618078232e-03 1.466119289398193359e-01 7.156109064817428589e-02 1.525952965021133423e-01 0.000000000000000000e+00 7.052683830261230469e-02 7.714556157588958740e-02 8.701591193675994873e-02 3.687418997287750244e-02 3.514104336500167847e-02
2.461681328713893890e-02 9.777664206922054291e-03 2.316729165613651276e-02 1.040883585810661316e-01 1.300964206457138062e-01 6.232551857829093933e-02 1.705461181700229645e-02 4.542590305209159851e-02 2.791753597557544708e-02 7.347611337900161743e-02 4.406097903847694397e-02 7.042925059795379639e-02 1.515765395015478134e-02 7.155195623636245728e-02 8.665356785058975220e-02 1.595843583345413208e-02 1.627007499337196350e-02 4.019502922892570496e-02 8.200449869036674500e-03 1.671756654977798462e-01 1.122812256217002869e-01 1.202351134270429611e-02 1.310498104430735111e-03 9.502424858510494232e-03 6.529286503791809082e-02 7.688003778457641602e-02 1.039502210915088654e-03 8.296129107475280762e-02 7.052683830261230469e-02 0.000000000000000000e+00 6.654932629317045212e-03 1.565818190574645996e-01 3.374039381742477417e-02 1.054066419601440430e-01
3.126662597060203552e-02 3.122933907434344292e-03 1.651490479707717896e-02 9.750096499919891357e-02 1.366330683231353760e-01 6.895185261964797974e-02 1.040085963904857635e-02 5.206509679555892944e-02 2.126655168831348419e-02 6.685386598110198975e-02 5.070104822516441345e-02 6.380422413349151611e-02 8.503580465912818909e-03 7.816965878009796143e-02 9.325472265481948853e-02 9.304491803050041199e-03 2.292252518236637115e-02 4.683743044734001160e-02 1.545601058751344681e-03 1.606995016336441040e-01 1.057052686810493469e-01 5.369008984416723251e-03 5.344481207430362701e-03 2.847672905772924423e-03 7.191654294729232788e-02 7.026104629039764404e-02 5.615469068288803101e-03 7.634851336479187012e-02 7.714556157588958740e-02 6.654932629317045212e-03 0.000000000000000000e+00 1.630668193101882935e-01 4.038626328110694885e-02 1.119830235838890076e-01
1.324756294488906860e-01 1.661051660776138306e-01 1.790994107723236084e-01 2.564898133277893066e-01 2.703612484037876129e-02 9.518520534038543701e-02 1.731739640235900879e-01 1.119522154331207275e-01 1.836963295936584473e-01 2.274411916732788086e-01 1.133025214076042175e-01 2.245349138975143433e-01 1.713328212499618530e-01 8.599329739809036255e-02 7.089010626077651978e-02 1.721101701259613037e-01 1.406701058149337769e-01 1.171239316463470459e-01 1.645709425210952759e-01 3.154987394809722900e-01 2.642177641391754150e-01 1.682884842157363892e-01 1.578599214553833008e-01 1.658374816179275513e-01 9.223189949989318848e-02 2.306848466396331787e-01 1.575956642627716064e-01 2.364712953567504883e-01 8.701591193675994873e-02 1.565818190574645996e-01 1.630668193101882935e-01 0.000000000000000000e+00 1.234938502311706543e-01 5.203397572040557861e-02
9.131164290010929108e-03 4.350370913743972778e-02 5.686324089765548706e-02 1.373464018106460571e-01 9.678085148334503174e-02 2.864536456763744354e-02 5.076579377055168152e-02 1.170344464480876923e-02 6.159991025924682617e-02 1.069513633847236633e-01 1.033595018088817596e-02 1.039226949214935303e-01 4.887305200099945068e-02 3.790306672453880310e-02 5.306833237409591675e-02 4.967208206653594971e-02 1.747991517186164856e-02 6.463398691266775131e-03 4.192924499511718750e-02 1.997891366481781006e-01 1.454705148935317993e-01 4.574534669518470764e-02 3.504934534430503845e-02 4.322895780205726624e-02 3.162213042378425598e-02 1.103342324495315552e-01 3.477867692708969116e-02 1.163759306073188782e-01 3.687418997287750244e-02 3.374039381742477417e-02 4.038626328110694885e-02 1.234938502311706543e-01 0.000000000000000000e+00 7.192203402519226074e-02
8.100000023841857910e-02 1.150657162070274353e-01 1.282607167959213257e-01 2.072214484214782715e-01 2.503306791186332703e-02 4.336601123213768005e-02 1.222415044903755188e-01 6.026932224631309509e-02 1.329329907894134521e-01 1.775079667568206787e-01 6.163190305233001709e-02 1.745401620864868164e-01 1.203719750046730042e-01 3.411195799708366394e-02 1.892594061791896820e-02 1.211612671613693237e-01 8.928969502449035645e-02 6.548907607793807983e-02 1.135089769959449768e-01 2.678621709346771240e-01 2.151416242122650146e-01 1.172815114259719849e-01 1.067024022340774536e-01 1.147940829396247864e-01 4.039176926016807556e-02 1.808213591575622559e-01 1.064344793558120728e-01 1.867350041866302490e-01 3.514104336500167847e-02 1.054066419601440430e-01 1.119830235838890076e-01 5.203397572040557861e-02 7.192203402519226074e-02 0.000000000000000000e+00
