0.000000000000000000e+00 3.559351339936256409e-02 4.665003716945648193e-02 1.328698545694351196e-01 1.127045750617980957e-01 3.778132423758506775e-02 3.926312550902366638e-02 2.261202037334442139e-02 4.364320263266563416e-02 1.036518588662147522e-01 2.812050096690654755e-02 9.280061721801757812e-02 4.199189320206642151e-02 5.218232050538063049e-02 5.925849080085754395e-02 3.636309877038002014e-02 6.515976507216691971e-03 2.174776419997215271e-02 3.166236355900764465e-02 1.834167540073394775e-01 1.389252543449401855e-01 3.437104448676109314e-02 2.271948195993900299e-02 3.551629558205604553e-02 3.681571409106254578e-02 9.588731080293655396e-02 2.357821725308895111e-02 9.516812860965728760e-02 5.108458921313285828e-02 2.489281259477138519e-02 3.032558970153331757e-02 1.402262598276138306e-01 8.291966281831264496e-03 8.431081473827362061e-02
3.559351339936256409e-02 0.000000000000000000e+00 1.107491739094257355e-02 9.773857146501541138e-02 1.477055549621582031e-01 7.327629625797271729e-02 3.674751846119761467e-03 5.815872177481651306e-02 8.062217384576797485e-03 6.831037253141403198e-02 6.365030258893966675e-02 5.739669501781463623e-02 6.407958455383777618e-03 8.761310577392578125e-02 9.465235471725463867e-02 7.705849129706621170e-04 2.908428013324737549e-02 5.729692429304122925e-02 3.935582935810089111e-03 1.487946510314941406e-01 1.038452312350273132e-01 1.223962754011154175e-03 1.288444641977548599e-02 7.731469668215140700e-05 7.231446355581283569e-02 6.050028651952743530e-02 1.202538795769214630e-02 5.977711081504821777e-02 8.652078360319137573e-02 1.071018911898136139e-02 5.273615941405296326e-03 1.749465912580490112e-01 4.387252777814865112e-02 1.195455715060234070e-01
4.665003716945648193e-02 1.107491739094257355e-02 0.000000000000000000e+00 8.675756305456161499e-02 1.585211604833602905e-01 8.428281545639038086e-02 7.400466594845056534e-03 6.918907910585403442e-02 3.012969158589839935e-03 5.727878212928771973e-02 7.467257976531982422e-02 4.635124653577804565e-02 4.667290020734071732e-03 9.859236329793930054e-02 1.056165695190429688e-01 1.030442025512456894e-02 4.014626517891883850e-02 6.832847744226455688e-02 1.500984746962785721e-02 1.379470527172088623e-01 9.287713468074798584e-02 1.229871436953544617e-02 2.395594492554664612e-02 1.115222275257110596e-02 8.332265168428421021e-02 4.945850372314453125e-02 2.309722825884819031e-02 4.873444885015487671e-02 9.750226885080337524e-02 2.178252302110195160e-02 1.634757965803146362e-02 1.856617927551269531e-01 5.492075905203819275e-02 1.304477900266647339e-01
1.328698545694351196e-01 9.773857146501541138e-02 8.675756305456161499e-02 0.000000000000000000e+00 2.419511824846267700e-01 1.697987765073776245e-01 9.409761428833007812e-02 1.550161242485046387e-01 8.974707871675491333e-02 2.962600067257881165e-02 1.603910624980926514e-01 4.056946188211441040e-02 9.138784557580947876e-02 1.837779581546783447e-01 1.906273961067199707e-01 9.697528928518295288e-02 1.264633536338806152e-01 1.541721224784851074e-01 1.016350537538528442e-01 5.180953815579414368e-02 6.169283296912908554e-03 9.895069152116775513e-02 1.104838848114013672e-01 9.781514108180999756e-02 1.688595414161682129e-01 3.745979443192481995e-02 1.096350997686386108e-01 3.818456083536148071e-02 1.827142536640167236e-01 1.083353534340858459e-01 1.029591187834739685e-01 2.681008875370025635e-01 1.410064548254013062e-01 2.147746682167053223e-01
1.127045750617980957e-01 1.477055549621582031e-01 1.585211604833602905e-01 2.419511824846267700e-01 0.000000000000000000e+00 7.524365186691284180e-02 1.512981951236724854e-01 9.032274037599563599e-02 1.555825024843215942e-01 2.138581275939941406e-01 8.485299348831176758e-02 2.033780515193939209e-01 1.539677828550338745e-01 6.088029965758323669e-02 5.380542948842048645e-02 1.484592407941818237e-01 1.191330626606941223e-01 9.118030220270156860e-02 1.438535898923873901e-01 2.901239097118377686e-01 2.477506697177886963e-01 1.465080827474594116e-01 1.350781768560409546e-01 1.476299315690994263e-01 7.620505243539810181e-02 2.063617408275604248e-01 1.359215825796127319e-01 2.056667506694793701e-01 6.197681277990341187e-02 1.372124254703521729e-01 1.425429731607437134e-01 2.796363830566406250e-02 1.045102700591087341e-01 2.866615168750286102e-02
3.778132423758506775e-02 7.327629625797271729e-02 8.428281545639038086e-02 1.697987765073776245e-01 7.524365186691284180e-02 0.000000000000000000e+00 7.693032920360565186e-02 1.518227439373731613e-02 8.129048347473144531e-02 1.408814638853073120e-01 9.671100415289402008e-03 1.301257163286209106e-01 7.964685559272766113e-02 1.442944817245006561e-02 2.152536064386367798e-02 7.404270023107528687e-02 4.428640007972717285e-02 1.604674570262432098e-02 6.936071813106536865e-02 2.196757793426513672e-01 1.757839173078536987e-01 7.205879688262939453e-02 6.044892221689224243e-02 7.319939881563186646e-02 9.669570135883986950e-04 1.331861317157745361e-01 6.130492687225341797e-02 1.324731260538101196e-01 1.332898903638124466e-02 6.261524558067321777e-02 6.802897155284881592e-02 1.029905825853347778e-01 2.949859946966171265e-02 4.667817801237106323e-02
3.926312550902366638e-02 3.674751846119761467e-03 7.400466594845056534e-03 9.409761428833007812e-02 1.512981951236724854e-01 7.693032920360565186e-02 0.000000000000000000e+00 6.182026118040084839e-02 4.387595225125551224e-03 6.465183943510055542e-02 6.730931252241134644e-02 5.373328179121017456e-02 2.733271336182951927e-03 9.125848114490509033e-02 9.829293191432952881e-02 2.904175082221627235e-03 3.275553137063980103e-02 6.095883622765541077e-02 7.610225584357976913e-03 1.451992839574813843e-01 1.002087220549583435e-01 4.898692946881055832e-03 1.655841432511806488e-02 3.752065589651465416e-03 7.596902549266815186e-02 5.683816596865653992e-02 1.569944620132446289e-02 5.611467733979225159e-02 9.016685932874679565e-02 1.438437495380640030e-02 8.948194794356822968e-03 1.785065829753875732e-01 4.753961786627769470e-02 1.231662258505821228e-01
2.261202037334442139e-02 5.815872177481651306e-02 6.918907910585403442e-02 1.550161242485046387e-01 9.032274037599563599e-02 1.518227439373731613e-02 6.182026118040084839e-02 0.000000000000000000e+00 6.618990004062652588e-02 1.259686350822448730e-01 5.511983763426542282e-03 1.151709705591201782e-01 6.454262882471084595e-02 2.960523590445518494e-02 3.669564425945281982e-02 5.892666801810264587e-02 2.912370674312114716e-02 8.646821370348334312e-04 5.423555523157119751e-02 2.051778137683868408e-01 1.610314100980758667e-01 5.693881586194038391e-02 4.530822858214378357e-02 5.808167159557342529e-02 1.421552617102861404e-02 1.182429492473602295e-01 4.616562277078628540e-02 1.175272315740585327e-01 2.850549481809139252e-02 4.747810587286949158e-02 5.290133133530616760e-02 1.179883629083633423e-01 1.432274002581834793e-02 6.181664392352104187e-02
4.364320263266563416e-02 8.062217384576797485e-03 3.012969158589839935e-03 8.974707871675491333e-02 1.555825024843215942e-01 8.129048347473144531e-02 4.387595225125551224e-03 6.618990004062652588e-02 0.000000000000000000e+00 6.028135120868682861e-02 7.167574018239974976e-02 4.935732111334800720e-02 1.654344145208597183e-03 9.560778737068176270e-02 1.026362553238868713e-01 7.291677873581647873e-03 3.713778778910636902e-02 6.532896310091018677e-02 1.199742034077644348e-02 1.409014612436294556e-01 9.586328268051147461e-02 9.286088868975639343e-03 2.094448730349540710e-02 8.139526471495628357e-03 8.032985031604766846e-02 5.246365815401077271e-02 2.008565887808799744e-02 5.173982307314872742e-02 9.451706707477569580e-02 1.877078786492347717e-02 1.333526708185672760e-02 1.827510446310043335e-01 5.191638320684432983e-02 1.274849176406860352e-01
1.036518588662147522e-01 6.831037253141403198e-02 5.727878212928771973e-02 2.962600067257881165e-02 2.138581275939941406e-01 1.408814638853073120e-01 6.465183943510055542e-02 1.259686350822448730e-01 6.028135120868682861e-02 0.000000000000000000e+00 1.313893944025039673e-01 1.095663104206323624e-02 6.192952394485473633e-02 1.549958437681198120e-01 1.619158238172531128e-01 6.754334270954132080e-02 9.720152616500854492e-02 1.251175850629806519e-01 7.222653180360794067e-02 8.131073415279388428e-02 3.578874468803405762e-02 6.952852010726928711e-02 8.112341165542602539e-02 6.838732212781906128e-02 1.399335861206054688e-01 7.842496968805789948e-03 8.026982098817825317e-02 8.568250574171543121e-03 1.539214402437210083e-01 7.896279543638229370e-02 7.355748862028121948e-02 2.403842061758041382e-01 1.118476986885070801e-01 1.863342970609664917e-01
2.812050096690654755e-02 6.365030258893966675e-02 7.467257976531982422e-02 1.603910624980926514e-01 8.485299348831176758e-02 9.671100415289402008e-03 6.730931252241134644e-02 5.511983763426542282e-03 7.167574018239974976e-02 1.313893944025039673e-01 0.000000000000000000e+00 1.206063777208328247e-01 7.002969831228256226e-02 2.409718558192253113e-02 3.118996694684028625e-02 6.441772729158401489e-02 3.463013097643852234e-02 6.376635748893022537e-03 5.972967669367790222e-02 2.104518115520477295e-01 1.663956940174102783e-01 6.243120133876800537e-02 5.080752447247505188e-02 6.357330083847045898e-02 8.704224601387977600e-03 1.236743405461311340e-01 5.166446045041084290e-02 1.229595765471458435e-01 2.299712598323822021e-02 5.297622829675674438e-02 5.839628726243972778e-02 1.125495806336402893e-01 1.983315870165824890e-02 5.632384866476058960e-02
9.280061721801757812e-02 5.739669501781463623e-02 4.635124653577804565e-02 4.056946188211441040e-02 2.033780515193939209e-01 1.301257163286209106e-01 5.373328179121017456e-02 1.151709705591201782e-01 4.935732111334800720e-02 1.095663104206323624e-02 1.206063777208328247e-01 0.000000000000000000e+00 5.100749433040618896e-02 1.442842483520507812e-01 1.512274742126464844e-01 5.662861466407775879e-02 8.633685857057571411e-02 1.143176704645156860e-01 6.131842732429504395e-02 9.218523651361465454e-02 4.672705382108688354e-02 5.861654132604598999e-02 7.022920995950698853e-02 5.747375637292861938e-02 1.291749924421310425e-01 3.114402061328291893e-03 6.937419623136520386e-02 2.388604683801531792e-03 1.432063132524490356e-01 6.806503981351852417e-02 6.265134364366531372e-02 2.300334572792053223e-01 1.010148525238037109e-01 1.757364571094512939e-01
4.199189320206642151e-02 6.407958455383777618e-03 4.667290020734071732e-03 9.138784557580947876e-02 1.539677828550338745e-01 7.964685559272766113e-02 2.733271336182951927e-03 6.454262882471084595e-02 1.654344145208597183e-03 6.192952394485473633e-02 7.002969831228256226e-02 5.100749433040618896e-02 0.000000000000000000e+00 9.396830946207046509e-02 1.009990572929382324e-01 5.637401714920997620e-03 3.548562526702880859e-02 6.368150562047958374e-02 1.034328062087297440e-02 1.425225734710693359e-01 9.750215709209442139e-02 7.631861139088869095e-03 1.929081231355667114e-02 6.485269870609045029e-03 7.868596166372299194e-02 5.411330610513687134e-02 1.843192614614963531e-02 5.338960140943527222e-02 9.287725389003753662e-02 1.711697317659854889e-02 1.168117951601743698e-02 1.811514794826507568e-01 5.026635527610778809e-02 1.258571147918701172e-01
5.218232050538063049e-02 8.761310577392578125e-02 9.859236329793930054e-02 1.837779581546783447e-01 6.088029965758323669e-02 1.442944817245006561e-02 9.125848114490509033e-02 2.960523590445518494e-02 9.560778737068176270e-02 1.549958437681198120e-01 2.409718558192253113e-02 1.442842483520507812e-01 9.396830946207046509e-02 0.000000000000000000e+00 7.098117377609014511e-03 8.837772905826568604e-02 5.867835134267807007e-02 3.046913817524909973e-02 8.370639383792877197e-02 2.333655059337615967e-01 1.897321194410324097e-01 8.639841526746749878e-02 7.481311261653900146e-02 8.753638714551925659e-02 1.539618987590074539e-02 1.473324298858642578e-01 7.566744089126586914e-02 1.466223001480102539e-01 1.100670080631971359e-03 7.697514444589614868e-02 8.237755298614501953e-02 8.869294077157974243e-02 4.390935599803924561e-02 3.227046504616737366e-02
5.925849080085754395e-02 9.465235471725463867e-02 1.056165695190429688e-01 1.906273961067199707e-01 5.380542948842048645e-02 2.152536064386367798e-02 9.829293191432952881e-02 3.669564425945281982e-02 1.026362553238868713e-01 1.619158238172531128e-01 3.118996694684028625e-02 1.512274742126464844e-01 1.009990572929382324e-01 7.098117377609014511e-03 0.000000000000000000e+00 9.541597962379455566e-02 6.574908643960952759e-02 3.755913302302360535e-02 9.075058251619338989e-02 2.400659769773483276e-01 1.965655237436294556e-01 9.343922138214111328e-02 8.186776190996170044e-02 9.457574039697647095e-02 2.249184809625148773e-02 1.542692184448242188e-01 8.272112905979156494e-02 1.535606086254119873e-01 8.198723196983337402e-03 8.402734994888305664e-02 8.942338079214096069e-02 8.164622634649276733e-02 5.099157989025115967e-02 2.517811395227909088e-02
3.636309877038002014e-02 7.705849129706621170e-04 1.030442025512456894e-02 9.697528928518295288e-02 1.484592407941818237e-01 7.404270023107528687e-02 2.904175082221627235e-03 5.892666801810264587e-02 7.291677873581647873e-03 6.754334270954132080e-02 6.441772729158401489e-02 5.662861466407775879e-02 5.637401714920997620e-03 8.837772905826568604e-02 9.541597962379455566e-02 0.000000000000000000e+00 2.985419519245624542e-02 5.806494504213333130e-02 4.706153646111488342e-03 1.480410397052764893e-01 1.030828952789306641e-01 1.994545804336667061e-03 1.365489605814218521e-02 8.478995296172797680e-04 7.308097183704376221e-02 5.973248556256294250e-02 1.279585435986518860e-02 5.900924280285835266e-02 8.728554844856262207e-02 1.148067973554134369e-02 6.044176407158374786e-03 1.756934970617294312e-01 4.464160278439521790e-02 1.203050762414932251e-01
6.515976507216691971e-03 2.908428013324737549e-02 4.014626517891883850e-02 1.264633536338806152e-01 1.191330626606941223e-01 4.428640007972717285e-02 3.275553137063980103e-02 2.912370674312114716e-02 3.713778778910636902e-02 9.720152616500854492e-02 3.463013097643852234e-02 8.633685857057571411e-02 3.548562526702880859e-02 5.867835134267807007e-02 6.574908643960952759e-02 2.985419519245624542e-02 0.000000000000000000e+00 2.825973555445671082e-02 2.515157684683799744e-02 1.771124452352523804e-01 1.325292438268661499e-01 2.786131016910076141e-02 1.620590500533580780e-02 2.900703065097332001e-02 4.332129657268524170e-02 8.942720293998718262e-02 1.706486009061336517e-02 8.870715647935867310e-02 5.758139491081237793e-02 1.837981492280960083e-02 2.381431683897972107e-02 1.466082930564880371e-01 1.480714324861764908e-02 9.077692776918411255e-02
2.174776419997215271e-02 5.729692429304122925e-02 6.832847744226455688e-02 1.541721224784851074e-01 9.118030220270156860e-02 1.604674570262432098e-02 6.095883622765541077e-02 8.646821370348334312e-04 6.532896310091018677e-02 1.251175850629806519e-01 6.376635748893022537e-03 1.143176704645156860e-01 6.368150562047958374e-02 3.046913817524909973e-02 3.755913302302360535e-02 5.806494504213333130e-02 2.825973555445671082e-02 0.000000000000000000e+00 5.337337404489517212e-02 2.043493837118148804e-01 1.601890325546264648e-01 5.607689172029495239e-02 4.444528371095657349e-02 5.721985921263694763e-02 1.508002355694770813e-02 1.173902750015258789e-01 4.530275240540504456e-02 1.166744157671928406e-01 2.936945296823978424e-02 4.661533981561660767e-02 5.203903466463088989e-02 1.188409179449081421e-01 1.345822494477033615e-02 6.267797201871871948e-02
3.166236355900764465e-02 3.935582935810089111e-03 1.500984746962785721e-02 1.016350537538528442e-01 1.438535898923873901e-01 6.936071813106536865e-02 7.610225584357976913e-03 5.423555523157119751e-02 1.199742034077644348e-02 7.222653180360794067e-02 5.972967669367790222e-02 6.131842732429504395e-02 1.034328062087297440e-02 8.370639383792877197e-02 9.075058251619338989e-02 4.706153646111488342e-03 2.515157684683799744e-02 5.337337404489517212e-02 0.000000000000000000e+00 1.526408344507217407e-01 1.077367961406707764e-01 2.711633453145623207e-03 8.949317969381809235e-03 3.858269890770316124e-03 6.839834153652191162e-02 6.442052870988845825e-02 8.090186864137649536e-03 6.369770318269729614e-02 8.261332660913467407e-02 6.774891633540391922e-03 1.338060363195836544e-03 1.711288392543792725e-01 3.994384035468101501e-02 1.156644150614738464e-01
1.834167540073394775e-01 1.487946510314941406e-01 1.379470527172088623e-01 5.180953815579414368e-02 2.901239097118377686e-01 2.196757793426513672e-01 1.451992839574813843e-01 2.051778137683868408e-01 1.409014612436294556e-01 8.131073415279388428e-02 2.104518115520477295e-01 9.218523651361465454e-02 1.425225734710693359e-01 2.333655059337615967e-01 2.400659769773483276e-01 1.480410397052764893e-01 1.771124452352523804e-01 2.043493837118148804e-01 1.526408344507217407e-01 0.000000000000000000e+00 4.565484821796417236e-02 1.499912887811660767e-01 1.613697111606597900e-01 1.488702446222305298e-01 2.187553048133850098e-01 8.909641951322555542e-02 1.605328023433685303e-01 8.981641381978988647e-02 2.323245257139205933e-01 1.592510640621185303e-01 1.539474725723266602e-01 3.155276775360107422e-01 1.914176046848297119e-01 2.636504769325256348e-01
1.389252543449401855e-01 1.038452312350273132e-01 9.287713468074798584e-02 6.169283296912908554e-03 2.477506697177886963e-01 1.757839173078536987e-01 1.002087220549583435e-01 1.610314100980758667e-01 9.586328268051147461e-02 3.578874468803405762e-02 1.663956940174102783e-01 4.672705382108688354e-02 9.750215709209442139e-02 1.897321194410324097e-01 1.965655237436294556e-01 1.030828952789306641e-01 1.325292438268661499e-01 1.601890325546264648e-01 1.077367961406707764e-01 4.565484821796417236e-02 0.000000000000000000e+00 1.050558537244796753e-01 1.165737062692642212e-01 1.039217188954353333e-01 1.748466789722442627e-01 4.361899942159652710e-02 1.157261058688163757e-01 4.434339702129364014e-02 1.886708587408065796e-01 1.144281551241874695e-01 1.090591251850128174e-01 2.738173007965087891e-01 1.470478177070617676e-01 2.206515967845916748e-01
3.437104448676109314e-02 1.223962754011154175e-03 1.229871436953544617e-02 9.895069152116775513e-02 1.465080827474594116e-01 7.205879688262939453e-02 4.898692946881055832e-03 5.693881586194038391e-02 9.286088868975639343e-03 6.952852010726928711e-02 6.243120133876800537e-02 5.861654132604598999e-02 7.631861139088869095e-03 8.639841526746749878e-02 9.343922138214111328e-02 1.994545804336667061e-03 2.786131016910076141e-02 5.607689172029495239e-02 2.711633453145623207e-03 1.499912887811660767e-01 1.050558537244796753e-01 0.000000000000000000e+00 1.166066806763410568e-02 1.146648195572197437e-03 7.109679281711578369e-02 6.171967461705207825e-02 1.080158352851867676e-02 6.099660694599151611e-02 8.530585467815399170e-02 9.486350230872631073e-03 4.049679264426231384e-03 1.737598478794097900e-01 4.265085235238075256e-02 1.183389276266098022e-01
2.271948195993900299e-02 1.288444641977548599e-02 2.395594492554664612e-02 1.104838848114013672e-01 1.350781768560409546e-01 6.044892221689224243e-02 1.655841432511806488e-02 4.530822858214378357e-02 2.094448730349540710e-02 8.112341165542602539e-02 5.080752447247505188e-02 7.022920995950698853e-02 1.929081231355667114e-02 7.481311261653900146e-02 8.186776190996170044e-02 1.365489605814218521e-02 1.620590500533580780e-02 4.444528371095657349e-02 8.949317969381809235e-03 1.613697111606597900e-01 1.165737062692642212e-01 1.166066806763410568e-02 0.000000000000000000e+00 1.280714571475982666e-02 5.948543921113014221e-02 7.332756370306015015e-02 8.591919904574751854e-04 7.260562479496002197e-02 7.371851056814193726e-02 2.174557186663150787e-03 7.611347828060388565e-03 1.624282747507095337e-01 3.100560791790485382e-02 1.068256795406341553e-01
3.551629558205604553e-02 7.731469668215140700e-05 1.115222275257110596e-02 9.781514108180999756e-02 1.476299315690994263e-01 7.319939881563186646e-02 3.752065589651465416e-03 5.808167159557342529e-02 8.139526471495628357e-03 6.838732212781906128e-02 6.357330083847045898e-02 5.747375637292861938e-02 6.485269870609045029e-03 8.753638714551925659e-02 9.457574039697647095e-02 8.478995296172797680e-04 2.900703065097332001e-02 5.721985921263694763e-02 3.858269890770316124e-03 1.488702446222305298e-01 1.039217188954353333e-01 1.146648195572197437e-03 1.280714571475982666e-02 0.000000000000000000e+00 7.223755121231079102e-02 6.057731434702873230e-02 1.194808352738618851e-02 5.985414236783981323e-02 8.644404262304306030e-02 1.063288282603025436e-02 5.196303129196166992e-03 1.748716533184051514e-01 4.379535838961601257e-02 1.194693669676780701e-01
3.681571409106254578e-02 7.231446355581283569e-02 8.332265168428421021e-02 1.688595414161682129e-01 7.620505243539810181e-02 9.669570135883986950e-04 7.596902549266815186e-02 1.421552617102861404e-02 8.032985031604766846e-02 1.399335861206054688e-01 8.704224601387977600e-03 1.291749924421310425e-01 7.868596166372299194e-02 1.539618987590074539e-02 2.249184809625148773e-02 7.308097183704376221e-02 4.332129657268524170e-02 1.508002355694770813e-02 6.839834153652191162e-02 2.187553048133850098e-01 1.748466789722442627e-01 7.109679281711578369e-02 5.948543921113014221e-02 7.223755121231079102e-02 0.000000000000000000e+00 1.322362124919891357e-01 6.034154817461967468e-02 1.315230280160903931e-01 1.429576333612203598e-02 6.165202334523200989e-02 6.706642359495162964e-02 1.039471849799156189e-01 2.853245660662651062e-02 4.764297977089881897e-02
9.588731080293655396e-02 6.050028651952743530e-02 4.945850372314453125e-02 3.745979443192481995e-02 2.063617408275604248e-01 1.331861317157745361e-01 5.683816596865653992e-02 1.182429492473602295e-01 5.246365815401077271e-02 7.842496968805789948e-03 1.236743405461311340e-01 3.114402061328291893e-03 5.411330610513687134e-02 1.473324298858642578e-01 1.542692184448242188e-01 5.973248556256294250e-02 8.942720293998718262e-02 1.173902750015258789e-01 6.442052870988845825e-02 8.909641951322555542e-02 4.361899942159652710e-02 6.171967461705207825e-02 7.332756370306015015e-02 6.057731434702873230e-02 1.322362124919891357e-01 0.000000000000000000e+00 7.247295230627059937e-02 7.258027326315641403e-04 1.462554782629013062e-01 7.116436213254928589e-02 6.575292348861694336e-02 2.329809218645095825e-01 1.040965169668197632e-01 1.787530183792114258e-01
2.357821725308895111e-02 1.202538795769214630e-02 2.309722825884819031e-02 1.096350997686386108e-01 1.359215825796127319e-01 6.130492687225341797e-02 1.569944620132446289e-02 4.616562277078628540e-02 2.008565887808799744e-02 8.026982098817825317e-02 5.166446045041084290e-02 6.937419623136520386e-02 1.843192614614963531e-02 7.566744089126586914e-02 8.272112905979156494e-02 1.279585435986518860e-02 1.706486009061336517e-02 4.530275240540504456e-02 8.090186864137649536e-03 1.605328023433685303e-01 1.157261058688163757e-01 1.080158352851867676e-02 8.591919904574751854e-04 1.194808352738618851e-02 6.034154817461967468e-02 7.247295230627059937e-02 0.000000000000000000e+00 7.175091654062271118e-02 7.457298785448074341e-02 1.315367640927433968e-03 6.752199959009885788e-03 1.632646918296813965e-01 3.186395019292831421e-02 1.076749786734580994e-01
9.516812860965728760e-02 5.977711081504821777e-02 4.873444885015487671e-02 3.818456083536148071e-02 2.056667506694793701e-01 1.324731260538101196e-01 5.611467733979225159e-02 1.175272315740585327e-01 5.173982307314872742e-02 8.568250574171543121e-03 1.229595765471458435e-01 2.388604683801531792e-03 5.338960140943527222e-02 1.466223001480102539e-01 1.535606086254119873e-01 5.900924280285835266e-02 8.870715647935867310e-02 1.166744157671928406e-01 6.369770318269729614e-02 8.981641381978988647e-02 4.434339702129364014e-02 6.099660694599151611e-02 7.260562479496002197e-02 5.985414236783981323e-02 1.315230280160903931e-01 7.258027326315641403e-04 7.175091654062271118e-02 0.000000000000000000e+00 1.455451399087905884e-01 7.044219970703125000e-02 6.503022462129592896e-02 2.322944104671478271e-01 1.033785194158554077e-01 1.780503243207931519e-01
5.108458921313285828e-02 8.652078360319137573e-02 9.750226885080337524e-02 1.827142536640167236e-01 6.197681277990341187e-02 1.332898903638124466e-02 9.016685932874679565e-02 2.850549481809139252e-02 9.451706707477569580e-02 1.539214402437210083e-01 2.299712598323822021e-02 1.432063132524490356e-01 9.287725389003753662e-02 1.100670080631971359e-03 8.198723196983337402e-03 8.728554844856262207e-02 5.758139491081237793e-02 2.936945296823978424e-02 8.261332660913467407e-02 2.323245257139205933e-01 1.886708587408065796e-01 8.530585467815399170e-02 7.371851056814193726e-02 8.644404262304306030e-02 1.429576333612203598e-02 1.462554782629013062e-01 7.457298785448074341e-02 1.455451399087905884e-01 0.000000000000000000e+00 7.588090747594833374e-02 8.128425478935241699e-02 8.978484570980072021e-02 4.281076043844223022e-02 3.336994722485542297e-02
2.489281259477138519e-02 1.071018911898136139e-02 2.178252302110195160e-02 1.083353534340858459e-01 1.372124254703521729e-01 6.261524558067321777e-02 1.438437495380640030e-02 4.747810587286949158e-02 1.877078786492347717e-02 7.896279543638229370e-02 5.297622829675674438e-02 6.806503981351852417e-02 1.711697317659854889e-02 7.697514444589614868e-02 8.402734994888305664e-02 1.148067973554134369e-02 1.837981492280960083e-02 4.661533981561660767e-02 6.774891633540391922e-03 1.592510640621185303e-01 1.144281551241874695e-01 9.486350230872631073e-03 2.174557186663150787e-03 1.063288282603025436e-02 6.165202334523200989e-02 7.116436213254928589e-02 1.315367640927433968e-03 7.044219970703125000e-02 7.588090747594833374e-02 0.000000000000000000e+00 5.436880514025688171e-03 1.645447164773941040e-01 3.317792713642120361e-02 1.089749112725257874e-01
3.032558970153331757e-02 5.273615941405296326e-03 1.634757965803146362e-02 1.029591187834739685e-01 1.425429731607437134e-01 6.802897155284881592e-02 8.948194794356822968e-03 5.290133133530616760e-02 1.333526708185672760e-02 7.355748862028121948e-02 5.839628726243972778e-02 6.265134364366531372e-02 1.168117951601743698e-02 8.237755298614501953e-02 8.942338079214096069e-02 6.044176407158374786e-03 2.381431683897972107e-02 5.203903466463088989e-02 1.338060363195836544e-03 1.539474725723266602e-01 1.090591251850128174e-01 4.049679264426231384e-03 7.611347828060388565e-03 5.196303129196166992e-03 6.706642359495162964e-02 6.575292348861694336e-02 6.752199959009885788e-03 6.503022462129592896e-02 8.128425478935241699e-02 5.436880514025688171e-03 0.000000000000000000e+00 1.698296666145324707e-01 3.860784694552421570e-02 1.143440455198287964e-01
1.402262598276138306e-01 1.749465912580490112e-01 1.856617927551269531e-01 2.681008875370025635e-01 2.796363830566406250e-02 1.029905825853347778e-01 1.785065829753875732e-01 1.179883629083633423e-01 1.827510446310043335e-01 2.403842061758041382e-01 1.125495806336402893e-01 2.300334572792053223e-01 1.811514794826507568e-01 8.869294077157974243e-02 8.164622634649276733e-02 1.756934970617294312e-01 1.466082930564880371e-01 1.188409179449081421e-01 1.711288392543792725e-01 3.155276775360107422e-01 2.738173007965087891e-01 1.737598478794097900e-01 1.624282747507095337e-01 1.748716533184051514e-01 1.039471849799156189e-01 2.329809218645095825e-01 1.632646918296813965e-01 2.322944104671478271e-01 8.978484570980072021e-02 1.645447164773941040e-01 1.698296666145324707e-01 0.000000000000000000e+00 1.320878863334655762e-01 5.658443272113800049e-02
8.291966281831264496e-03 4.387252777814865112e-02 5.492075905203819275e-02 1.410064548254013062e-01 1.045102700591087341e-01 2.949859946966171265e-02 4.753961786627769470e-02 1.432274002581834793e-02 5.191638320684432983e-02 1.118476986885070801e-01 1.983315870165824890e-02 1.010148525238037109e-01 5.026635527610778809e-02 4.390935599803924561e-02 5.099157989025115967e-02 4.464160278439521790e-02 1.480714324861764908e-02 1.345822494477033615e-02 3.994384035468101501e-02 1.914176046848297119e-01 1.470478177070617676e-01 4.265085235238075256e-02 3.100560791790485382e-02 4.379535838961601257e-02 2.853245660662651062e-02 1.040965169668197632e-01 3.186395019292831421e-02 1.033785194158554077e-01 4.281076043844223022e-02 3.317792713642120361e-02 3.860784694552421570e-02 1.320878863334655762e-01 0.000000000000000000e+00 7.607202231884002686e-02
8.431081473827362061e-02 1.195455715060234070e-01 1.304477900266647339e-01 2.147746682167053223e-01 2.866615168750286102e-02 4.667817801237106323e-02 1.231662258505821228e-01 6.181664392352104187e-02 1.274849176406860352e-01 1.863342970609664917e-01 5.632384866476058960e-02 1.757364571094512939e-01 1.258571147918701172e-01 3.227046504616737366e-02 2.517811395227909088e-02 1.203050762414932251e-01 9.077692776918411255e-02 6.267797201871871948e-02 1.156644150614738464e-01 2.636504769325256348e-01 2.206515967845916748e-01 1.183389276266098022e-01 1.068256795406341553e-01 1.194693669676780701e-01 4.764297977089881897e-02 1.787530183792114258e-01 1.076749786734580994e-01 1.780503243207931519e-01 3.336994722485542297e-02 1.089749112725257874e-01 1.143440455198287964e-01 5.658443272113800049e-02 7.607202231884002686e-02 0.000000000000000000e+00
