0.000000000000000000e+00 3.534198924899101257e-02 5.230163037776947021e-02 1.344563066959381104e-01 1.063536480069160461e-01 3.438048064708709717e-02 4.503677040338516235e-02 1.758576743304729462e-02 4.987413436174392700e-02 1.009903177618980408e-01 2.228217571973800659e-02 9.579005837440490723e-02 4.950995743274688721e-02 3.675330430269241333e-02 5.875376611948013306e-02 4.315736517310142517e-02 6.721977144479751587e-03 1.713388785719871521e-02 3.509962931275367737e-02 1.837549060583114624e-01 1.422912627458572388e-01 4.014125093817710876e-02 2.724748291075229645e-02 4.216130822896957397e-02 2.626432292163372040e-02 1.030714735388755798e-01 2.485992014408111572e-02 1.042712405323982239e-01 4.217893630266189575e-02 3.337869793176651001e-02 3.688888251781463623e-02 1.405319571495056152e-01 4.652576986700296402e-03 7.944486290216445923e-02
3.534198924899101257e-02 0.000000000000000000e+00 1.699104718863964081e-02 9.958756715059280396e-02 1.411650329828262329e-01 6.963785737752914429e-02 9.710237383842468262e-03 5.289488285779953003e-02 1.455780863761901855e-02 6.588348746299743652e-02 5.757882446050643921e-02 6.065340712666511536e-02 1.419280003756284714e-02 7.200177013874053955e-02 9.390076994895935059e-02 7.827317342162132263e-03 2.862681262195110321e-02 5.244411900639533997e-02 2.426610881229862571e-04 1.493830531835556030e-01 1.074898317456245422e-01 4.806081298738718033e-03 8.102308958768844604e-03 6.829497404396533966e-03 6.154917925596237183e-02 6.797710806131362915e-02 1.049128733575344086e-02 6.918419897556304932e-02 7.740554213523864746e-02 1.965610543265938759e-03 1.548913889564573765e-03 1.750047355890274048e-01 3.998799249529838562e-02 1.144654676318168640e-01
5.230163037776947021e-02 1.699104718863964081e-02 0.000000000000000000e+00 8.273651450872421265e-02 1.577776521444320679e-01 8.652652055025100708e-02 7.282011210918426514e-03 6.982317566871643066e-02 2.433840185403823853e-03 4.894722998142242432e-02 7.449698448181152344e-02 4.370740056037902832e-02 2.798922359943389893e-03 8.888407796621322632e-02 1.107151731848716736e-01 9.164948016405105591e-03 4.559567943215370178e-02 6.937335431575775146e-02 1.723363809287548065e-02 1.327289044857025146e-01 9.066436439752578735e-02 1.218596100807189941e-02 2.508990280330181122e-02 1.016272883862257004e-02 7.845818251371383667e-02 5.104501917958259583e-02 2.747743576765060425e-02 5.225458368659019470e-02 9.427259862422943115e-02 1.895602606236934662e-02 1.544253993779420853e-02 1.914265900850296021e-01 5.694035068154335022e-02 1.312013268470764160e-01
1.344563066959381104e-01 9.958756715059280396e-02 8.273651450872421265e-02 0.000000000000000000e+00 2.374149560928344727e-01 1.680599153041839600e-01 8.996432274580001831e-02 1.516834348440170288e-01 8.515320718288421631e-02 3.392667695879936218e-02 1.562703102827072144e-01 3.917076066136360168e-02 8.551563322544097900e-02 1.703677177429199219e-01 1.916957199573516846e-01 9.183183312416076660e-02 1.278498917818069458e-01 1.512417793273925781e-01 9.982781112194061279e-02 5.054747313261032104e-02 7.987771183252334595e-03 9.482686221599578857e-02 1.076030507683753967e-01 9.282119572162628174e-02 1.601550728082656860e-01 3.182590752840042114e-02 1.099639534950256348e-01 3.061429224908351898e-02 1.756391525268554688e-01 1.015333011746406555e-01 9.805376827716827393e-02 2.698886096477508545e-01 1.390219181776046753e-01 2.116404771804809570e-01
1.063536480069160461e-01 1.411650329828262329e-01 1.577776521444320679e-01 2.374149560928344727e-01 0.000000000000000000e+00 7.223729789257049561e-02 1.506687253713607788e-01 8.893421292304992676e-02 1.554034799337387085e-01 2.051406204700469971e-01 8.427117764949798584e-02 2.001051157712936401e-01 1.550471931695938110e-01 6.987346708774566650e-02 4.789918288588523865e-02 1.488278955221176147e-01 1.129948422312736511e-01 8.938263356685638428e-02 1.409271955490112305e-01 2.845476269721984863e-01 2.449382096529006958e-01 1.458721458911895752e-01 1.332150846719741821e-01 1.478519886732101440e-01 8.031366020441055298e-02 2.071542888879776001e-01 1.308675557374954224e-01 2.083147466182708740e-01 6.446388363838195801e-02 1.392380595207214355e-01 1.426827311515808105e-01 3.469688817858695984e-02 1.017514169216156006e-01 2.713807485997676849e-02
3.438048064708709717e-02 6.963785737752914429e-02 8.652652055025100708e-02 1.680599153041839600e-01 7.223729789257049561e-02 0.000000000000000000e+00 7.929448038339614868e-02 1.680487394332885742e-02 8.411039412021636963e-02 1.349024027585983276e-01 1.210757903754711151e-02 1.297432482242584229e-01 8.374787867069244385e-02 2.375825075432658195e-03 2.442261949181556702e-02 7.742296904325485229e-02 4.109296202659606934e-02 1.725675910711288452e-02 6.939636915922164917e-02 2.167659550905227661e-01 1.758116781711578369e-01 7.441902160644531250e-02 6.157028302550315857e-02 7.643099874258041382e-02 8.123493753373622894e-03 1.369665861129760742e-01 5.918980762362480164e-02 1.381564438343048096e-01 7.809781003743410110e-03 6.768150627613067627e-02 7.117909193038940430e-02 1.066668406128883362e-01 2.973265759646892548e-02 4.518780857324600220e-02
4.503677040338516235e-02 9.710237383842468262e-03 7.282011210918426514e-03 8.996432274580001831e-02 1.506687253713607788e-01 7.929448038339614868e-02 0.000000000000000000e+00 6.257297843694686890e-02 4.848256707191467285e-03 5.620921030640602112e-02 6.725145876407623291e-02 5.097318813204765320e-02 4.483180120587348938e-03 8.165491372346878052e-02 1.035166308283805847e-01 1.883063348941504955e-03 3.832639753818511963e-02 6.212271749973297119e-02 9.952874854207038879e-03 1.398757100105285645e-01 9.788174927234649658e-02 4.904385190457105637e-03 1.781114377081394196e-02 2.880931366235017776e-03 7.121685147285461426e-02 5.830535292625427246e-02 2.019946649670600891e-02 5.951394140720367432e-02 8.705034852027893066e-02 1.167562417685985565e-02 8.161446079611778259e-03 1.844016164541244507e-01 4.967893660068511963e-02 1.240378394722938538e-01
1.758576743304729462e-02 5.289488285779953003e-02 6.982317566871643066e-02 1.516834348440170288e-01 8.893421292304992676e-02 1.680487394332885742e-02 6.257297843694686890e-02 0.000000000000000000e+00 6.740079075098037720e-02 1.183658763766288757e-01 4.698250442743301392e-03 1.131851673126220703e-01 6.703735142946243286e-02 1.917993277311325073e-02 4.121058061718940735e-02 6.069706752896308899e-02 2.430487051606178284e-02 4.520161601249128580e-04 5.265289545059204102e-02 2.006921470165252686e-01 1.594779789447784424e-01 5.768629908561706543e-02 4.481177777051925659e-02 5.970281362533569336e-02 8.682565763592720032e-03 1.204389333724975586e-01 4.242714121937751770e-02 1.216339617967605591e-01 2.461142651736736298e-02 5.093456804752349854e-02 5.443933233618736267e-02 1.232507750391960144e-01 1.293424889445304871e-02 6.194564327597618103e-02
4.987413436174392700e-02 1.455780863761901855e-02 2.433840185403823853e-03 8.515320718288421631e-02 1.554034799337387085e-01 8.411039412021636963e-02 4.848256707191467285e-03 6.740079075098037720e-02 0.000000000000000000e+00 5.137494951486587524e-02 7.207620888948440552e-02 4.613633081316947937e-02 3.650843282230198383e-04 8.646894246339797974e-02 1.083105206489562988e-01 6.731258239597082138e-03 4.316663369536399841e-02 6.695081293582916260e-02 1.480041723698377609e-02 1.351190954446792603e-01 9.307766705751419067e-02 9.752409532666206360e-03 2.265744470059871674e-02 7.729079574346542358e-03 7.603885233402252197e-02 5.347221344709396362e-02 2.504526823759078979e-02 5.468146502971649170e-02 9.185983240604400635e-02 1.652294583618640900e-02 1.300918869674205780e-02 1.890808492898941040e-01 5.451406165957450867e-02 1.288086324930191040e-01
1.009903177618980408e-01 6.588348746299743652e-02 4.894722998142242432e-02 3.392667695879936218e-02 2.051406204700469971e-01 1.349024027585983276e-01 5.620921030640602112e-02 1.183658763766288757e-01 5.137494951486587524e-02 0.000000000000000000e+00 1.229957193136215210e-01 5.251063965260982513e-03 5.173906311392784119e-02 1.372342556715011597e-01 1.588018238544464111e-01 5.808612331748008728e-02 9.433238208293914795e-02 1.179201677441596985e-01 6.612508744001388550e-02 8.432953059673309326e-02 4.190309345722198486e-02 6.109674647450447083e-02 7.394631952047348022e-02 5.908056721091270447e-02 1.269180029630661011e-01 2.103039762005209923e-03 7.632201164960861206e-02 3.315828973427414894e-03 1.425619870424270630e-01 6.784030795097351074e-02 6.434114277362823486e-02 2.381424754858016968e-01 1.055932790040969849e-01 1.789990514516830444e-01
2.228217571973800659e-02 5.757882446050643921e-02 7.449698448181152344e-02 1.562703102827072144e-01 8.427117764949798584e-02 1.210757903754711151e-02 6.725145876407623291e-02 4.698250442743301392e-03 7.207620888948440552e-02 1.229957193136215210e-01 0.000000000000000000e+00 1.178207546472549438e-01 7.171302288770675659e-02 1.448298897594213486e-02 3.651940077543258667e-02 6.537666916847229004e-02 2.899980917572975159e-02 5.150255747139453888e-03 5.733696371316909790e-02 2.051969021558761597e-01 1.640532910823822021e-01 6.236764416098594666e-02 4.949960857629776001e-02 6.438300013542175293e-02 3.984477836638689041e-03 1.250664144754409790e-01 4.711599647998809814e-02 1.262600719928741455e-01 1.991547830402851105e-02 5.561950802803039551e-02 5.912246182560920715e-02 1.186212226748466492e-01 1.763142645359039307e-02 5.726405605673789978e-02
9.579005837440490723e-02 6.065340712666511536e-02 4.370740056037902832e-02 3.917076066136360168e-02 2.001051157712936401e-01 1.297432482242584229e-01 5.097318813204765320e-02 1.131851673126220703e-01 4.613633081316947937e-02 5.251063965260982513e-03 1.178207546472549438e-01 0.000000000000000000e+00 4.650063812732696533e-02 1.320783644914627075e-01 1.536789089441299438e-01 5.285117402672767639e-02 8.912546187639236450e-02 1.127389147877693176e-01 6.089517101645469666e-02 8.954094350337982178e-02 4.714377969503402710e-02 5.586360767483711243e-02 6.872194260358810425e-02 5.384621024131774902e-02 1.217480823397636414e-01 7.354022935032844543e-03 7.109944522380828857e-02 8.566744625568389893e-03 1.374137997627258301e-01 6.261155009269714355e-02 5.911004543304443359e-02 2.331829965114593506e-01 1.003978922963142395e-01 1.739114373922348022e-01
4.950995743274688721e-02 1.419280003756284714e-02 2.798922359943389893e-03 8.551563322544097900e-02 1.550471931695938110e-01 8.374787867069244385e-02 4.483180120587348938e-03 6.703735142946243286e-02 3.650843282230198383e-04 5.173906311392784119e-02 7.171302288770675659e-02 4.650063812732696533e-02 0.000000000000000000e+00 8.610657602548599243e-02 1.079497039318084717e-01 6.366189569234848022e-03 4.280222207307815552e-02 6.658735871315002441e-02 1.443541143089532852e-02 1.354774832725524902e-01 9.343957901000976562e-02 9.387359954416751862e-03 2.229254506528377533e-02 7.364016957581043243e-03 7.567587494850158691e-02 5.383624508976936340e-02 2.468041330575942993e-02 5.504545196890830994e-02 9.149782359600067139e-02 1.615796051919460297e-02 1.264416333287954330e-02 1.887287795543670654e-01 5.415005981922149658e-02 1.284495890140533447e-01
3.675330430269241333e-02 7.200177013874053955e-02 8.888407796621322632e-02 1.703677177429199219e-01 6.987346708774566650e-02 2.375825075432658195e-03 8.165491372346878052e-02 1.917993277311325073e-02 8.646894246339797974e-02 1.372342556715011597e-01 1.448298897594213486e-02 1.320783644914627075e-01 8.610657602548599243e-02 0.000000000000000000e+00 2.204807475209236145e-02 7.978411763906478882e-02 4.346454143524169922e-02 1.963177882134914398e-02 7.176035642623901367e-02 2.190289795398712158e-01 1.781131029129028320e-01 7.678128033876419067e-02 6.393675506114959717e-02 7.879251986742019653e-02 1.049911603331565857e-02 1.392970830202102661e-01 6.155698373913764954e-02 1.404861509799957275e-01 5.434057209640741348e-03 7.004606723785400391e-02 7.354247570037841797e-02 1.043174415826797485e-01 3.210621699690818787e-02 4.281657934188842773e-02
5.875376611948013306e-02 9.390076994895935059e-02 1.107151731848716736e-01 1.916957199573516846e-01 4.789918288588523865e-02 2.442261949181556702e-02 1.035166308283805847e-01 4.121058061718940735e-02 1.083105206489562988e-01 1.588018238544464111e-01 3.651940077543258667e-02 1.536789089441299438e-01 1.079497039318084717e-01 2.204807475209236145e-02 0.000000000000000000e+00 1.016533747315406799e-01 6.544989347457885742e-02 4.166182130575180054e-02 9.366024285554885864e-02 2.399184554815292358e-01 1.993782073259353638e-01 9.866232424974441528e-02 8.586379140615463257e-02 1.006657108664512634e-01 3.253965824842453003e-02 1.608511507511138916e-01 8.349173516035079956e-02 1.620323359966278076e-01 1.661600731313228607e-02 9.195213764905929565e-02 9.543581306934356689e-02 8.245903253555297852e-02 5.411598086357116699e-02 2.078813128173351288e-02
4.315736517310142517e-02 7.827317342162132263e-03 9.164948016405105591e-03 9.183183312416076660e-02 1.488278955221176147e-01 7.742296904325485229e-02 1.883063348941504955e-03 6.069706752896308899e-02 6.731258239597082138e-03 5.808612331748008728e-02 6.537666916847229004e-02 5.285117402672767639e-02 6.366189569234848022e-03 7.978411763906478882e-02 1.016533747315406799e-01 0.000000000000000000e+00 3.644596412777900696e-02 6.024670600891113281e-02 8.069963194429874420e-03 1.417214423418045044e-01 9.974643588066101074e-02 3.021349897608160973e-03 1.592861674726009369e-02 9.978734888136386871e-04 6.934309005737304688e-02 6.018181145191192627e-02 1.831709966063499451e-02 6.139012798666954041e-02 8.518124371767044067e-02 9.792777709662914276e-03 6.278479937463998795e-03 1.825819611549377441e-01 4.780034348368644714e-02 1.221833080053329468e-01
6.721977144479751587e-03 2.862681262195110321e-02 4.559567943215370178e-02 1.278498917818069458e-01 1.129948422312736511e-01 4.109296202659606934e-02 3.832639753818511963e-02 2.430487051606178284e-02 4.316663369536399841e-02 9.433238208293914795e-02 2.899980917572975159e-02 8.912546187639236450e-02 4.280222207307815552e-02 4.346454143524169922e-02 6.544989347457885742e-02 3.644596412777900696e-02 0.000000000000000000e+00 2.385311760008335114e-02 2.838434837758541107e-02 1.772518754005432129e-01 1.356990784406661987e-01 3.342829272150993347e-02 2.052926458418369293e-02 3.544937819242477417e-02 3.298047557473182678e-02 9.641629457473754883e-02 1.814097352325916290e-02 9.761767834424972534e-02 4.888705164194107056e-02 2.666270174086093903e-02 3.017438948154449463e-02 1.471149623394012451e-01 1.137419790029525757e-02 8.612085133790969849e-02
1.713388785719871521e-02 5.244411900639533997e-02 6.937335431575775146e-02 1.512417793273925781e-01 8.938263356685638428e-02 1.725675910711288452e-02 6.212271749973297119e-02 4.520161601249128580e-04 6.695081293582916260e-02 1.179201677441596985e-01 5.150255747139453888e-03 1.127389147877693176e-01 6.658735871315002441e-02 1.963177882134914398e-02 4.166182130575180054e-02 6.024670600891113281e-02 2.385311760008335114e-02 0.000000000000000000e+00 5.220212042331695557e-02 2.002582997083663940e-01 1.590374261140823364e-01 5.723577737808227539e-02 4.436066001653671265e-02 5.925239622592926025e-02 9.134545922279357910e-03 1.199934482574462891e-01 4.197593033313751221e-02 1.211886107921600342e-01 2.506316266953945160e-02 5.048371106386184692e-02 5.398864299058914185e-02 1.236959025263786316e-01 1.248230598866939545e-02 6.239591166377067566e-02
3.509962931275367737e-02 2.426610881229862571e-04 1.723363809287548065e-02 9.982781112194061279e-02 1.409271955490112305e-01 6.939636915922164917e-02 9.952874854207038879e-03 5.265289545059204102e-02 1.480041723698377609e-02 6.612508744001388550e-02 5.733696371316909790e-02 6.089517101645469666e-02 1.443541143089532852e-02 7.176035642623901367e-02 9.366024285554885864e-02 8.069963194429874420e-03 2.838434837758541107e-02 5.220212042331695557e-02 0.000000000000000000e+00 1.496202945709228516e-01 1.077296808362007141e-01 5.048736464232206345e-03 7.859663106501102448e-03 7.072146981954574585e-03 6.130743399262428284e-02 6.821864098310470581e-02 1.024865172803401947e-02 6.942569464445114136e-02 7.716432958841323853e-02 1.722950255498290062e-03 1.791574293747544289e-03 1.747695058584213257e-01 3.974571824073791504e-02 1.142259761691093445e-01
1.837549060583114624e-01 1.493830531835556030e-01 1.327289044857025146e-01 5.054747313261032104e-02 2.845476269721984863e-01 2.167659550905227661e-01 1.398757100105285645e-01 2.006921470165252686e-01 1.351190954446792603e-01 8.432953059673309326e-02 2.051969021558761597e-01 8.954094350337982178e-02 1.354774832725524902e-01 2.190289795398712158e-01 2.399184554815292358e-01 1.417214423418045044e-01 1.772518754005432129e-01 2.002582997083663940e-01 1.496202945709228516e-01 0.000000000000000000e+00 4.257689416408538818e-02 1.446808427572250366e-01 1.572949886322021484e-01 1.426991373300552368e-01 2.090105116367340088e-01 8.224107325077056885e-02 1.596241593360900879e-01 8.103635907173156738e-02 2.241961807012557983e-01 1.513042449951171875e-01 1.478683650493621826e-01 3.161234855651855469e-01 1.882465332746505737e-01 2.594127655029296875e-01
1.422912627458572388e-01 1.074898317456245422e-01 9.066436439752578735e-02 7.987771183252334595e-03 2.449382096529006958e-01 1.758116781711578369e-01 9.788174927234649658e-02 1.594779789447784424e-01 9.307766705751419067e-02 4.190309345722198486e-02 1.640532910823822021e-01 4.714377969503402710e-02 9.343957901000976562e-02 1.781131029129028320e-01 1.993782073259353638e-01 9.974643588066101074e-02 1.356990784406661987e-01 1.590374261140823364e-01 1.077296808362007141e-01 4.257689416408538818e-02 0.000000000000000000e+00 1.027368158102035522e-01 1.154915541410446167e-01 1.007342785596847534e-01 1.679280102252960205e-01 3.980356082320213318e-02 1.178482100367546082e-01 3.859262540936470032e-02 1.833696663379669189e-01 1.094323173165321350e-01 1.059585511684417725e-01 2.772786021232604980e-01 1.468466222286224365e-01 2.192575782537460327e-01
4.014125093817710876e-02 4.806081298738718033e-03 1.218596100807189941e-02 9.482686221599578857e-02 1.458721458911895752e-01 7.441902160644531250e-02 4.904385190457105637e-03 5.768629908561706543e-02 9.752409532666206360e-03 6.109674647450447083e-02 6.236764416098594666e-02 5.586360767483711243e-02 9.387359954416751862e-03 7.678128033876419067e-02 9.866232424974441528e-02 3.021349897608160973e-03 3.342829272150993347e-02 5.723577737808227539e-02 5.048736464232206345e-03 1.446808427572250366e-01 1.027368158102035522e-01 0.000000000000000000e+00 1.290788874030113220e-02 2.023482462391257286e-03 6.633564084768295288e-02 6.319167464971542358e-02 1.529659610241651535e-02 6.439953297376632690e-02 8.218104392290115356e-02 6.771627813577651978e-03 3.257191274315118790e-03 1.796597242355346680e-01 4.478546604514122009e-02 1.192059591412544250e-01
2.724748291075229645e-02 8.102308958768844604e-03 2.508990280330181122e-02 1.076030507683753967e-01 1.332150846719741821e-01 6.157028302550315857e-02 1.781114377081394196e-02 4.481177777051925659e-02 2.265744470059871674e-02 7.394631952047348022e-02 4.949960857629776001e-02 6.872194260358810425e-02 2.229254506528377533e-02 6.393675506114959717e-02 8.586379140615463257e-02 1.592861674726009369e-02 2.052926458418369293e-02 4.436066001653671265e-02 7.859663106501102448e-03 1.572949886322021484e-01 1.154915541410446167e-01 1.290788874030113220e-02 0.000000000000000000e+00 1.493098121136426926e-02 5.347353592514991760e-02 7.603753358125686646e-02 2.389180473983287811e-03 7.724320888519287109e-02 6.934672594070434570e-02 6.136796437203884125e-03 9.651101194322109222e-03 1.671394258737564087e-01 3.189601749181747437e-02 1.064618900418281555e-01
4.216130822896957397e-02 6.829497404396533966e-03 1.016272883862257004e-02 9.282119572162628174e-02 1.478519886732101440e-01 7.643099874258041382e-02 2.880931366235017776e-03 5.970281362533569336e-02 7.729079574346542358e-03 5.908056721091270447e-02 6.438300013542175293e-02 5.384621024131774902e-02 7.364016957581043243e-03 7.879251986742019653e-02 1.006657108664512634e-01 9.978734888136386871e-04 3.544937819242477417e-02 5.925239622592926025e-02 7.072146981954574585e-03 1.426991373300552368e-01 1.007342785596847534e-01 2.023482462391257286e-03 1.493098121136426926e-02 0.000000000000000000e+00 6.834995001554489136e-02 6.117601320147514343e-02 1.731954328715801239e-02 6.238418072462081909e-02 8.419052511453628540e-02 8.794990368187427521e-03 5.280639044940471649e-03 1.816171705722808838e-01 4.680470377206802368e-02 1.212002113461494446e-01
2.626432292163372040e-02 6.154917925596237183e-02 7.845818251371383667e-02 1.601550728082656860e-01 8.031366020441055298e-02 8.123493753373622894e-03 7.121685147285461426e-02 8.682565763592720032e-03 7.603885233402252197e-02 1.269180029630661011e-01 3.984477836638689041e-03 1.217480823397636414e-01 7.567587494850158691e-02 1.049911603331565857e-02 3.253965824842453003e-02 6.934309005737304688e-02 3.298047557473182678e-02 9.134545922279357910e-03 6.130743399262428284e-02 2.090105116367340088e-01 1.679280102252960205e-01 6.633564084768295288e-02 5.347353592514991760e-02 6.834995001554489136e-02 0.000000000000000000e+00 1.289866119623184204e-01 5.109088495373725891e-02 1.301790475845336914e-01 1.593226566910743713e-02 5.959077924489974976e-02 6.309207528829574585e-02 1.146909445524215698e-01 2.161438763141632080e-02 5.329173803329467773e-02
1.030714735388755798e-01 6.797710806131362915e-02 5.104501917958259583e-02 3.182590752840042114e-02 2.071542888879776001e-01 1.369665861129760742e-01 5.830535292625427246e-02 1.204389333724975586e-01 5.347221344709396362e-02 2.103039762005209923e-03 1.250664144754409790e-01 7.354022935032844543e-03 5.383624508976936340e-02 1.392970830202102661e-01 1.608511507511138916e-01 6.018181145191192627e-02 9.641629457473754883e-02 1.199934482574462891e-01 6.821864098310470581e-02 8.224107325077056885e-02 3.980356082320213318e-02 6.319167464971542358e-02 7.603753358125686646e-02 6.117601320147514343e-02 1.289866119623184204e-01 0.000000000000000000e+00 7.841247320175170898e-02 1.212797709740698338e-03 1.446216851472854614e-01 6.993336975574493408e-02 6.643518060445785522e-02 2.401252388954162598e-01 1.076724231243133545e-01 1.810339391231536865e-01
2.485992014408111572e-02 1.049128733575344086e-02 2.747743576765060425e-02 1.099639534950256348e-01 1.308675557374954224e-01 5.918980762362480164e-02 2.019946649670600891e-02 4.242714121937751770e-02 2.504526823759078979e-02 7.632201164960861206e-02 4.711599647998809814e-02 7.109944522380828857e-02 2.468041330575942993e-02 6.155698373913764954e-02 8.349173516035079956e-02 1.831709966063499451e-02 1.814097352325916290e-02 4.197593033313751221e-02 1.024865172803401947e-02 1.596241593360900879e-01 1.178482100367546082e-01 1.529659610241651535e-02 2.389180473983287811e-03 1.731954328715801239e-02 5.109088495373725891e-02 7.841247320175170898e-02 0.000000000000000000e+00 7.961770147085189819e-02 6.696863472461700439e-02 8.525852113962173462e-03 1.204000506550073624e-02 1.648160666227340698e-01 2.950908429920673370e-02 1.040991842746734619e-01
1.042712405323982239e-01 6.918419897556304932e-02 5.225458368659019470e-02 3.061429224908351898e-02 2.083147466182708740e-01 1.381564438343048096e-01 5.951394140720367432e-02 1.216339617967605591e-01 5.468146502971649170e-02 3.315828973427414894e-03 1.262600719928741455e-01 8.566744625568389893e-03 5.504545196890830994e-02 1.404861509799957275e-01 1.620323359966278076e-01 6.139012798666954041e-02 9.761767834424972534e-02 1.211886107921600342e-01 6.942569464445114136e-02 8.103635907173156738e-02 3.859262540936470032e-02 6.439953297376632690e-02 7.724320888519287109e-02 6.238418072462081909e-02 1.301790475845336914e-01 1.212797709740698338e-03 7.961770147085189819e-02 0.000000000000000000e+00 1.458089053630828857e-01 7.114013284444808960e-02 6.764253228902816772e-02 2.412677705287933350e-01 1.088709980249404907e-01 1.822067350149154663e-01
4.217893630266189575e-02 7.740554213523864746e-02 9.427259862422943115e-02 1.756391525268554688e-01 6.446388363838195801e-02 7.809781003743410110e-03 8.705034852027893066e-02 2.461142651736736298e-02 9.185983240604400635e-02 1.425619870424270630e-01 1.991547830402851105e-02 1.374137997627258301e-01 9.149782359600067139e-02 5.434057209640741348e-03 1.661600731313228607e-02 8.518124371767044067e-02 4.888705164194107056e-02 2.506316266953945160e-02 7.716432958841323853e-02 2.241961807012557983e-01 1.833696663379669189e-01 8.218104392290115356e-02 6.934672594070434570e-02 8.419052511453628540e-02 1.593226566910743713e-02 1.446216851472854614e-01 6.696863472461700439e-02 1.458089053630828857e-01 0.000000000000000000e+00 7.545141130685806274e-02 7.894498854875564575e-02 9.893947839736938477e-02 3.753372654318809509e-02 3.739122301340103149e-02
3.337869793176651001e-02 1.965610543265938759e-03 1.895602606236934662e-02 1.015333011746406555e-01 1.392380595207214355e-01 6.768150627613067627e-02 1.167562417685985565e-02 5.093456804752349854e-02 1.652294583618640900e-02 6.784030795097351074e-02 5.561950802803039551e-02 6.261155009269714355e-02 1.615796051919460297e-02 7.004606723785400391e-02 9.195213764905929565e-02 9.792777709662914276e-03 2.666270174086093903e-02 5.048371106386184692e-02 1.722950255498290062e-03 1.513042449951171875e-01 1.094323173165321350e-01 6.771627813577651978e-03 6.136796437203884125e-03 8.794990368187427521e-03 5.959077924489974976e-02 6.993336975574493408e-02 8.525852113962173462e-03 7.114013284444808960e-02 7.545141130685806274e-02 0.000000000000000000e+00 3.514513606205582619e-03 1.730986684560775757e-01 3.802537173032760620e-02 1.125251725316047668e-01
3.688888251781463623e-02 1.548913889564573765e-03 1.544253993779420853e-02 9.805376827716827393e-02 1.426827311515808105e-01 7.117909193038940430e-02 8.161446079611778259e-03 5.443933233618736267e-02 1.300918869674205780e-02 6.434114277362823486e-02 5.912246182560920715e-02 5.911004543304443359e-02 1.264416333287954330e-02 7.354247570037841797e-02 9.543581306934356689e-02 6.278479937463998795e-03 3.017438948154449463e-02 5.398864299058914185e-02 1.791574293747544289e-03 1.478683650493621826e-01 1.059585511684417725e-01 3.257191274315118790e-03 9.651101194322109222e-03 5.280639044940471649e-03 6.309207528829574585e-02 6.643518060445785522e-02 1.204000506550073624e-02 6.764253228902816772e-02 7.894498854875564575e-02 3.514513606205582619e-03 0.000000000000000000e+00 1.765058189630508423e-01 4.153433069586753845e-02 1.159938201308250427e-01
1.405319571495056152e-01 1.750047355890274048e-01 1.914265900850296021e-01 2.698886096477508545e-01 3.469688817858695984e-02 1.066668406128883362e-01 1.844016164541244507e-01 1.232507750391960144e-01 1.890808492898941040e-01 2.381424754858016968e-01 1.186212226748466492e-01 2.331829965114593506e-01 1.887287795543670654e-01 1.043174415826797485e-01 8.245903253555297852e-02 1.825819611549377441e-01 1.471149623394012451e-01 1.236959025263786316e-01 1.747695058584213257e-01 3.161234855651855469e-01 2.772786021232604980e-01 1.796597242355346680e-01 1.671394258737564087e-01 1.816171705722808838e-01 1.146909445524215698e-01 2.401252388954162598e-01 1.648160666227340698e-01 2.412677705287933350e-01 9.893947839736938477e-02 1.730986684560775757e-01 1.765058189630508423e-01 0.000000000000000000e+00 1.359682679176330566e-01 6.177679821848869324e-02
4.652576986700296402e-03 3.998799249529838562e-02 5.694035068154335022e-02 1.390219181776046753e-01 1.017514169216156006e-01 2.973265759646892548e-02 4.967893660068511963e-02 1.293424889445304871e-02 5.451406165957450867e-02 1.055932790040969849e-01 1.763142645359039307e-02 1.003978922963142395e-01 5.415005981922149658e-02 3.210621699690818787e-02 5.411598086357116699e-02 4.780034348368644714e-02 1.137419790029525757e-02 1.248230598866939545e-02 3.974571824073791504e-02 1.882465332746505737e-01 1.468466222286224365e-01 4.478546604514122009e-02 3.189601749181747437e-02 4.680470377206802368e-02 2.161438763141632080e-02 1.076724231243133545e-01 2.950908429920673370e-02 1.088709980249404907e-01 3.753372654318809509e-02 3.802537173032760620e-02 4.153433069586753845e-02 1.359682679176330566e-01 0.000000000000000000e+00 7.481993734836578369e-02
7.944486290216445923e-02 1.144654676318168640e-01 1.312013268470764160e-01 2.116404771804809570e-01 2.713807485997676849e-02 4.518780857324600220e-02 1.240378394722938538e-01 6.194564327597618103e-02 1.288086324930191040e-01 1.789990514516830444e-01 5.726405605673789978e-02 1.739114373922348022e-01 1.284495890140533447e-01 4.281657934188842773e-02 2.078813128173351288e-02 1.221833080053329468e-01 8.612085133790969849e-02 6.239591166377067566e-02 1.142259761691093445e-01 2.594127655029296875e-01 2.192575782537460327e-01 1.192059591412544250e-01 1.064618900418281555e-01 1.212002113461494446e-01 5.329173803329467773e-02 1.810339391231536865e-01 1.040991842746734619e-01 1.822067350149154663e-01 3.739122301340103149e-02 1.125251725316047668e-01 1.159938201308250427e-01 6.177679821848869324e-02 7.481993734836578369e-02 0.000000000000000000e+00
