0.000000000000000000e+00 3.771619871258735657e-02 4.875310137867927551e-02 1.334636211395263672e-01 1.167877539992332458e-01 3.777471184730529785e-02 4.169523343443870544e-02 2.308925054967403412e-02 4.705902189016342163e-02 9.686198830604553223e-02 2.704564481973648071e-02 8.743111789226531982e-02 3.939377143979072571e-02 4.490177705883979797e-02 5.894913896918296814e-02 4.559089243412017822e-02 8.841734379529953003e-03 2.472039312124252319e-02 3.949354588985443115e-02 1.861102581024169922e-01 1.339596509933471680e-01 3.297487646341323853e-02 2.468444034457206726e-02 3.892829641699790955e-02 3.364695236086845398e-02 9.528861939907073975e-02 2.864605002105236053e-02 1.002388000488281250e-01 4.993600398302078247e-02 2.442950196564197540e-02 3.201836720108985901e-02 1.402307748794555664e-01 6.332942284643650055e-03 8.139663189649581909e-02
3.771619871258735657e-02 0.000000000000000000e+00 1.105723530054092407e-02 9.623183310031890869e-02 1.538263857364654541e-01 7.538351416587829590e-02 3.985305316746234894e-03 6.075254082679748535e-02 9.359437040984630585e-03 5.936265364289283752e-02 6.469584256410598755e-02 4.987940192222595215e-02 1.680074259638786316e-03 8.247829228639602661e-02 9.645089507102966309e-02 7.888258434832096100e-03 2.888409420847892761e-02 6.237842887639999390e-02 1.780000049620866776e-03 1.494430750608444214e-01 9.673218429088592529e-02 4.747225902974605560e-03 1.304390188306570053e-02 1.213878626003861427e-03 7.127270847558975220e-02 5.778007581830024719e-02 9.079956449568271637e-03 6.275987625122070312e-02 8.748742938041687012e-02 1.329894829541444778e-02 5.704718641936779022e-03 1.770107746124267578e-01 4.403861612081527710e-02 1.187482774257659912e-01
4.875310137867927551e-02 1.105723530054092407e-02 0.000000000000000000e+00 8.526531606912612915e-02 1.646036505699157715e-01 8.636875450611114502e-02 7.072242442518472672e-03 7.176157832145690918e-02 1.697974861599504948e-03 4.833714291453361511e-02 7.569892704486846924e-02 3.884359076619148254e-02 9.377337060868740082e-03 9.345030039548873901e-02 1.073936000466346741e-01 3.169253701344132423e-03 3.992858156561851501e-02 7.338504493236541748e-02 9.277419187128543854e-03 1.386148929595947266e-01 8.576668053865432739e-02 1.580363325774669647e-02 2.409766055643558502e-02 9.843489155173301697e-03 8.226510882377624512e-02 4.675270617008209229e-02 2.013517171144485474e-02 5.173853784799575806e-02 9.844943135976791382e-02 2.435260266065597534e-02 1.676089875400066376e-02 1.877006143331527710e-01 5.506904050707817078e-02 1.296353042125701904e-01
1.334636211395263672e-01 9.623183310031890869e-02 8.526531606912612915e-02 0.000000000000000000e+00 2.464105933904647827e-01 1.703793704509735107e-01 9.228190779685974121e-02 1.560719311237335205e-01 8.695070445537567139e-02 3.708100318908691406e-02 1.599319726228713989e-01 4.657598957419395447e-02 9.456704556941986084e-02 1.773028671741485596e-01 1.909107565879821777e-01 8.841067552566528320e-02 1.247691214084625244e-01 1.576638370752334595e-01 9.446801990270614624e-02 5.398765206336975098e-02 5.050568142905831337e-04 1.009329482913017273e-01 1.091387346386909485e-01 9.502904862165451050e-02 1.663635075092315674e-01 3.866675123572349548e-02 1.052198410034179688e-01 3.367533907294273376e-02 1.821854263544082642e-01 1.093907877802848816e-01 1.018806099891662598e-01 2.686661183834075928e-01 1.396784931421279907e-01 2.125512063503265381e-01
1.167877539992332458e-01 1.538263857364654541e-01 1.646036505699157715e-01 2.464105933904647827e-01 0.000000000000000000e+00 7.936315983533859253e-02 1.577150076627731323e-01 9.395185112953186035e-02 1.629512161016464233e-01 2.112599015235900879e-01 9.002647548913955688e-02 2.021547108888626099e-01 1.554662734270095825e-01 7.226493954658508301e-02 5.823956802487373352e-02 1.615186631679534912e-01 1.254999041557312012e-01 9.233393520116806030e-02 1.555637717247009277e-01 2.964544892311096191e-01 2.468849271535873413e-01 1.491880863904953003e-01 1.410655230283737183e-01 1.550113111734390259e-01 8.346879482269287109e-02 2.097422480583190918e-01 1.449488848447799683e-01 2.145152837038040161e-01 6.724391132593154907e-02 1.408154964447021484e-01 1.482517719268798828e-01 2.383333630859851837e-02 1.105365753173828125e-01 3.573078662157058716e-02
3.777471184730529785e-02 7.538351416587829590e-02 8.636875450611114502e-02 1.703793704509735107e-01 7.936315983533859253e-02 0.000000000000000000e+00 7.934497296810150146e-02 1.469827909022569656e-02 8.468319475650787354e-02 1.341458708047866821e-01 1.074004173278808594e-02 1.247936785221099854e-01 7.705382257699966431e-02 7.139171473681926727e-03 2.122168429195880890e-02 8.322227746248245239e-02 4.660087823867797852e-02 1.306652184575796127e-02 7.715315371751785278e-02 2.223219871520996094e-01 1.708697229623794556e-01 7.066156715154647827e-02 6.240096688270568848e-02 7.659038156270980835e-02 4.133010283112525940e-03 1.325860917568206787e-01 6.634896248579025269e-02 1.374928951263427734e-01 1.218427903950214386e-02 6.214686483144760132e-02 6.970876455307006836e-02 1.030016764998435974e-01 3.144929185509681702e-02 4.375645890831947327e-02
4.169523343443870544e-02 3.985305316746234894e-03 7.072242442518472672e-03 9.228190779685974121e-02 1.577150076627731323e-01 7.934497296810150146e-02 0.000000000000000000e+00 6.472218036651611328e-02 5.374331958591938019e-03 5.539045110344886780e-02 6.866344064474105835e-02 4.590322449803352356e-02 2.305246656760573387e-03 8.643518388271331787e-02 1.003976091742515564e-01 3.903076285496354103e-03 3.286561742424964905e-02 6.634723395109176636e-02 2.205321099609136581e-03 1.455444544553756714e-01 9.278264641761779785e-02 8.732366375625133514e-03 1.702832058072090149e-02 2.771439962089061737e-03 7.523664087057113647e-02 5.380715802311897278e-02 1.306478958576917648e-02 5.878927186131477356e-02 9.144085645675659180e-02 1.728333719074726105e-02 9.689804166555404663e-03 1.808684766292572021e-01 4.801549762487411499e-02 1.226755306124687195e-01
2.308925054967403412e-02 6.075254082679748535e-02 7.176157832145690918e-02 1.560719311237335205e-01 9.395185112953186035e-02 1.469827909022569656e-02 6.472218036651611328e-02 0.000000000000000000e+00 7.007213681936264038e-02 1.196835637092590332e-01 3.958864137530326843e-03 1.102977171540260315e-01 6.242624297738075256e-02 2.183515951037406921e-02 3.590876236557960510e-02 6.860792636871337891e-02 3.192446753382682800e-02 1.632071915082633495e-03 6.252577900886535645e-02 2.083044052124023438e-01 1.565646380186080933e-01 5.602147057652473450e-02 4.774647578597068787e-02 6.196185201406478882e-02 1.056591048836708069e-02 1.181179881095886230e-01 5.170110613107681274e-02 1.230432689189910889e-01 2.687774598598480225e-02 4.749196395277976990e-02 5.506690964102745056e-02 1.175220310688018799e-01 1.675876043736934662e-02 5.841717123985290527e-02
4.705902189016342163e-02 9.359437040984630585e-03 1.697974861599504948e-03 8.695070445537567139e-02 1.629512161016464233e-01 8.468319475650787354e-02 5.374331958591938019e-03 7.007213681936264038e-02 0.000000000000000000e+00 5.003101378679275513e-02 7.401046156883239746e-02 4.053889214992523193e-02 7.679483853280544281e-03 9.176688641309738159e-02 1.057149022817611694e-01 1.471286639571189880e-03 3.823319822549819946e-02 7.169600576162338257e-02 7.579563185572624207e-03 1.402798444032669067e-01 8.745191991329193115e-02 1.410603616386651993e-02 2.240060269832611084e-02 8.145650848746299744e-03 8.057838678359985352e-02 4.844683408737182617e-02 1.843782700598239899e-02 5.343182012438774109e-02 9.676763415336608887e-02 2.265556529164314270e-02 1.506335195153951645e-02 1.860619485378265381e-01 5.337605625391006470e-02 1.279654949903488159e-01
9.686198830604553223e-02 5.936265364289283752e-02 4.833714291453361511e-02 3.708100318908691406e-02 2.112599015235900879e-01 1.341458708047866821e-01 5.539045110344886780e-02 1.196835637092590332e-01 5.003101378679275513e-02 0.000000000000000000e+00 1.235838755965232849e-01 9.511412121355533600e-03 5.768833309412002563e-02 1.411498636007308960e-01 1.549265086650848389e-01 5.149850994348526001e-02 8.809569478034973145e-02 1.212919428944587708e-01 5.758874490857124329e-02 9.088670462369918823e-02 3.758535534143447876e-02 6.409182399511337280e-02 7.235053181648254395e-02 5.815296620130538940e-02 1.300849765539169312e-01 1.588026410900056362e-03 6.840573996305465698e-02 3.409920958802103996e-03 1.460913568735122681e-01 7.260429114103317261e-02 6.504534184932708740e-02 2.339154779911041260e-01 1.031316593289375305e-01 1.768641769886016846e-01
2.704564481973648071e-02 6.469584256410598755e-02 7.569892704486846924e-02 1.599319726228713989e-01 9.002647548913955688e-02 1.074004173278808594e-02 6.866344064474105835e-02 3.958864137530326843e-03 7.401046156883239746e-02 1.235838755965232849e-01 0.000000000000000000e+00 1.142067015171051025e-01 6.636870652437210083e-02 1.787784136831760406e-02 3.195444121956825256e-02 7.254707813262939453e-02 3.587879613041877747e-02 2.326807007193565369e-03 6.646819412708282471e-02 2.120883762836456299e-01 1.604240685701370239e-01 5.996704101562500000e-02 5.169557034969329834e-02 6.590455025434494019e-02 6.607323884963989258e-03 1.220197975635528564e-01 5.564857646822929382e-02 1.269403100013732910e-01 2.292132005095481873e-02 5.144115909934043884e-02 5.901290476322174072e-02 1.136160343885421753e-01 2.071624808013439178e-02 5.447090417146682739e-02
8.743111789226531982e-02 4.987940192222595215e-02 3.884359076619148254e-02 4.657598957419395447e-02 2.021547108888626099e-01 1.247936785221099854e-01 4.590322449803352356e-02 1.102977171540260315e-01 4.053889214992523193e-02 9.511412121355533600e-03 1.142067015171051025e-01 0.000000000000000000e+00 4.820337146520614624e-02 1.318154036998748779e-01 1.456296890974044800e-01 4.200767353177070618e-02 7.865019142627716064e-02 1.119096353650093079e-01 4.810367524623870850e-02 1.003114059567451477e-01 4.707993939518928528e-02 5.461369827389717102e-02 6.288239359855651855e-02 4.866847023367881775e-02 1.207229346036911011e-01 7.923506200313568115e-03 5.893266946077346802e-02 1.292091514915227890e-02 1.367699950933456421e-01 6.313647329807281494e-02 5.556831136345863342e-02 2.249044477939605713e-01 9.371217340230941772e-02 1.676347702741622925e-01
3.939377143979072571e-02 1.680074259638786316e-03 9.377337060868740082e-03 9.456704556941986084e-02 1.554662734270095825e-01 7.705382257699966431e-02 2.305246656760573387e-03 6.242624297738075256e-02 7.679483853280544281e-03 5.768833309412002563e-02 6.636870652437210083e-02 4.820337146520614624e-02 0.000000000000000000e+00 8.414670825004577637e-02 9.811507165431976318e-02 6.208267528563737869e-03 3.056268580257892609e-02 6.405179202556610107e-02 9.992608102038502693e-05 1.478001177310943604e-01 9.506756067276000977e-02 6.427248474210500717e-03 1.472365297377109528e-02 4.661965358536690474e-04 7.294403761625289917e-02 5.610544607043266296e-02 1.075986772775650024e-02 6.108623370528221130e-02 8.915439993143081665e-02 1.497868634760379791e-02 7.384722586721181870e-03 1.786376982927322388e-01 4.571531340479850769e-02 1.204043254256248474e-01
4.490177705883979797e-02 8.247829228639602661e-02 9.345030039548873901e-02 1.773028671741485596e-01 7.226493954658508301e-02 7.139171473681926727e-03 8.643518388271331787e-02 2.183515951037406921e-02 9.176688641309738159e-02 1.411498636007308960e-01 1.787784136831760406e-02 1.318154036998748779e-01 8.414670825004577637e-02 0.000000000000000000e+00 1.408464740961790085e-02 9.030778706073760986e-02 5.372218042612075806e-02 2.020380832254886627e-02 8.424592763185501099e-02 2.290975600481033325e-01 1.777919977903366089e-01 7.776151597499847412e-02 6.950917094945907593e-02 8.368378877639770508e-02 1.127184927463531494e-02 1.395931243896484375e-01 7.345333695411682129e-02 1.444902420043945312e-01 5.045547150075435638e-03 6.925531476736068726e-02 7.680971175432205200e-02 9.593304991722106934e-02 3.857979923486709595e-02 3.662873059511184692e-02
5.894913896918296814e-02 9.645089507102966309e-02 1.073936000466346741e-01 1.909107565879821777e-01 5.823956802487373352e-02 2.122168429195880890e-02 1.003976091742515564e-01 3.590876236557960510e-02 1.057149022817611694e-01 1.549265086650848389e-01 3.195444121956825256e-02 1.456296890974044800e-01 9.811507165431976318e-02 1.408464740961790085e-02 0.000000000000000000e+00 1.042598336935043335e-01 6.775555759668350220e-02 3.427870199084281921e-02 9.821403026580810547e-02 2.424000352621078491e-01 1.913973540067672729e-01 9.174567461013793945e-02 8.351206034421920776e-02 9.765333682298660278e-02 2.535247057676315308e-02 1.533762067556381226e-01 8.744752407073974609e-02 1.582528203725814819e-01 9.039742872118949890e-03 8.325874060392379761e-02 9.079613536596298218e-02 8.195914328098297119e-02 5.263585224747657776e-02 2.255572006106376648e-02
4.559089243412017822e-02 7.888258434832096100e-03 3.169253701344132423e-03 8.841067552566528320e-02 1.615186631679534912e-01 8.322227746248245239e-02 3.903076285496354103e-03 6.860792636871337891e-02 1.471286639571189880e-03 5.149850994348526001e-02 7.254707813262939453e-02 4.200767353177070618e-02 6.208267528563737869e-03 9.030778706073760986e-02 1.042598336935043335e-01 0.000000000000000000e+00 3.676397725939750671e-02 7.023212313652038574e-02 6.108344998210668564e-03 1.417218893766403198e-01 8.891176432371139526e-02 1.263501215726137161e-02 2.093000710010528564e-02 6.674443837255239487e-03 7.911647856235504150e-02 4.991456493735313416e-02 1.696700043976306915e-02 5.489879101514816284e-02 9.530992060899734497e-02 2.118498459458351135e-02 1.359236612915992737e-02 1.846412122249603271e-01 5.190884694457054138e-02 1.265180259943008423e-01
8.841734379529953003e-03 2.888409420847892761e-02 3.992858156561851501e-02 1.247691214084625244e-01 1.254999041557312012e-01 4.660087823867797852e-02 3.286561742424964905e-02 3.192446753382682800e-02 3.823319822549819946e-02 8.809569478034973145e-02 3.587879613041877747e-02 7.865019142627716064e-02 3.056268580257892609e-02 5.372218042612075806e-02 6.775555759668350220e-02 3.676397725939750671e-02 0.000000000000000000e+00 3.355479240417480469e-02 3.066251613199710846e-02 1.775607168674468994e-01 1.252662837505340576e-01 2.414017729461193085e-02 1.584616303443908691e-02 3.009691834449768066e-02 4.247605055570602417e-02 8.651977777481079102e-02 1.980933360755443573e-02 9.147813171148300171e-02 5.875180289149284363e-02 1.559113524854183197e-02 2.318319678306579590e-02 1.488878875970840454e-01 1.517382729798555374e-02 9.017346799373626709e-02
2.472039312124252319e-02 6.237842887639999390e-02 7.338504493236541748e-02 1.576638370752334595e-01 9.233393520116806030e-02 1.306652184575796127e-02 6.634723395109176636e-02 1.632071915082633495e-03 7.169600576162338257e-02 1.212919428944587708e-01 2.326807007193565369e-03 1.119096353650093079e-01 6.405179202556610107e-02 2.020380832254886627e-02 3.427870199084281921e-02 7.023212313652038574e-02 3.355479240417480469e-02 0.000000000000000000e+00 6.415130943059921265e-02 2.098651379346847534e-01 1.581563055515289307e-01 5.764827877283096313e-02 4.937469959259033203e-02 6.358749419450759888e-02 8.933993987739086151e-03 1.197269782423973083e-01 5.332867428660392761e-02 1.246503219008445740e-01 2.524678222835063934e-02 4.912023246288299561e-02 5.669388175010681152e-02 1.159121990203857422e-01 1.839032769203186035e-02 5.679051205515861511e-02
3.949354588985443115e-02 1.780000049620866776e-03 9.277419187128543854e-03 9.446801990270614624e-02 1.555637717247009277e-01 7.715315371751785278e-02 2.205321099609136581e-03 6.252577900886535645e-02 7.579563185572624207e-03 5.758874490857124329e-02 6.646819412708282471e-02 4.810367524623870850e-02 9.992608102038502693e-05 8.424592763185501099e-02 9.821403026580810547e-02 6.108344998210668564e-03 3.066251613199710846e-02 6.415130943059921265e-02 0.000000000000000000e+00 1.477023661136627197e-01 9.496854245662689209e-02 6.527170538902282715e-03 1.482355874031782150e-02 5.661226459778845310e-04 7.304343581199645996e-02 5.600583925843238831e-02 1.085978094488382339e-02 6.098668649792671204e-02 8.925352990627288818e-02 1.507859025150537491e-02 7.484642788767814636e-03 1.787344515323638916e-01 4.581502825021743774e-02 1.205027997493743896e-01
1.861102581024169922e-01 1.494430750608444214e-01 1.386148929595947266e-01 5.398765206336975098e-02 2.964544892311096191e-01 2.223219871520996094e-01 1.455444544553756714e-01 2.083044052124023438e-01 1.402798444032669067e-01 9.088670462369918823e-02 2.120883762836456299e-01 1.003114059567451477e-01 1.478001177310943604e-01 2.290975600481033325e-01 2.424000352621078491e-01 1.417218893766403198e-01 1.775607168674468994e-01 2.098651379346847534e-01 1.477023661136627197e-01 0.000000000000000000e+00 5.348405241966247559e-02 1.540809869766235352e-01 1.621708571910858154e-01 1.482560932636260986e-01 2.183896452188491821e-01 9.246139228343963623e-02 1.583082228899002075e-01 8.750390261411666870e-02 2.338727563619613647e-01 1.624192148447036743e-01 1.550156474113464355e-01 3.180406689643859863e-01 1.922166794538497925e-01 2.635149955749511719e-01
1.339596509933471680e-01 9.673218429088592529e-02 8.576668053865432739e-02 5.050568142905831337e-04 2.468849271535873413e-01 1.708697229623794556e-01 9.278264641761779785e-02 1.565646380186080933e-01 8.745191991329193115e-02 3.758535534143447876e-02 1.604240685701370239e-01 4.707993939518928528e-02 9.506756067276000977e-02 1.777919977903366089e-01 1.913973540067672729e-01 8.891176432371139526e-02 1.252662837505340576e-01 1.581563055515289307e-01 9.496854245662689209e-02 5.348405241966247559e-02 0.000000000000000000e+00 1.014328375458717346e-01 1.096377521753311157e-01 9.552952647209167480e-02 1.668545454740524292e-01 3.917104378342628479e-02 1.057192832231521606e-01 3.417981415987014771e-02 1.826736778020858765e-01 1.098897755146026611e-01 1.023804023861885071e-01 2.691346704959869385e-01 1.401736587285995483e-01 2.130333930253982544e-01
3.297487646341323853e-02 4.747225902974605560e-03 1.580363325774669647e-02 1.009329482913017273e-01 1.491880863904953003e-01 7.066156715154647827e-02 8.732366375625133514e-03 5.602147057652473450e-02 1.410603616386651993e-02 6.409182399511337280e-02 5.996704101562500000e-02 5.461369827389717102e-02 6.427248474210500717e-03 7.776151597499847412e-02 9.174567461013793945e-02 1.263501215726137161e-02 2.414017729461193085e-02 5.764827877283096313e-02 6.527170538902282715e-03 1.540809869766235352e-01 1.014328375458717346e-01 0.000000000000000000e+00 8.297190070152282715e-03 5.961070302873849869e-03 6.654798984527587891e-02 6.251015514135360718e-02 4.332917742431163788e-03 6.748699396848678589e-02 8.277457952499389648e-02 8.552261628210544586e-03 9.575190488249063492e-04 1.724084168672561646e-01 3.929961100220680237e-02 1.140653416514396667e-01
2.468444034457206726e-02 1.304390188306570053e-02 2.409766055643558502e-02 1.091387346386909485e-01 1.410655230283737183e-01 6.240096688270568848e-02 1.702832058072090149e-02 4.774647578597068787e-02 2.240060269832611084e-02 7.235053181648254395e-02 5.169557034969329834e-02 6.288239359855651855e-02 1.472365297377109528e-02 6.950917094945907593e-02 8.351206034421920776e-02 2.093000710010528564e-02 1.584616303443908691e-02 4.937469959259033203e-02 1.482355874031782150e-02 1.621708571910858154e-01 1.096377521753311157e-01 8.297190070152282715e-03 0.000000000000000000e+00 1.425755489617586136e-02 5.828299000859260559e-02 7.077063620090484619e-02 3.964414354413747787e-03 7.574177533388137817e-02 7.452858239412307739e-02 2.550899225752800703e-04 7.339728530496358871e-03 1.643463224172592163e-01 3.101253136992454529e-02 1.058683544397354126e-01
3.892829641699790955e-02 1.213878626003861427e-03 9.843489155173301697e-03 9.502904862165451050e-02 1.550113111734390259e-01 7.659038156270980835e-02 2.771439962089061737e-03 6.196185201406478882e-02 8.145650848746299744e-03 5.815296620130538940e-02 6.590455025434494019e-02 4.866847023367881775e-02 4.661965358536690474e-04 8.368378877639770508e-02 9.765333682298660278e-02 6.674443837255239487e-03 3.009691834449768066e-02 6.358749419450759888e-02 5.661226459778845310e-04 1.482560932636260986e-01 9.552952647209167480e-02 5.961070302873849869e-03 1.425755489617586136e-02 0.000000000000000000e+00 7.248031347990036011e-02 5.657016485929489136e-02 1.029372122138738632e-02 6.155068427324295044e-02 8.869189023971557617e-02 1.451259292662143707e-02 6.918549071997404099e-03 1.781863570213317871e-01 4.525007680058479309e-02 1.199448630213737488e-01
3.364695236086845398e-02 7.127270847558975220e-02 8.226510882377624512e-02 1.663635075092315674e-01 8.346879482269287109e-02 4.133010283112525940e-03 7.523664087057113647e-02 1.056591048836708069e-02 8.057838678359985352e-02 1.300849765539169312e-01 6.607323884963989258e-03 1.207229346036911011e-01 7.294403761625289917e-02 1.127184927463531494e-02 2.535247057676315308e-02 7.911647856235504150e-02 4.247605055570602417e-02 8.933993987739086151e-03 7.304343581199645996e-02 2.183896452188491821e-01 1.668545454740524292e-01 6.654798984527587891e-02 5.828299000859260559e-02 7.248031347990036011e-02 0.000000000000000000e+00 1.285235136747360229e-01 6.223301962018013000e-02 1.334357112646102905e-01 1.631646789610385895e-02 5.802875757217407227e-02 6.559465080499649048e-02 1.070891022682189941e-01 2.731983363628387451e-02 4.788080975413322449e-02
9.528861939907073975e-02 5.778007581830024719e-02 4.675270617008209229e-02 3.866675123572349548e-02 2.097422480583190918e-01 1.325860917568206787e-01 5.380715802311897278e-02 1.181179881095886230e-01 4.844683408737182617e-02 1.588026410900056362e-03 1.220197975635528564e-01 7.923506200313568115e-03 5.610544607043266296e-02 1.395931243896484375e-01 1.533762067556381226e-01 4.991456493735313416e-02 8.651977777481079102e-02 1.197269782423973083e-01 5.600583925843238831e-02 9.246139228343963623e-02 3.917104378342628479e-02 6.251015514135360718e-02 7.077063620090484619e-02 5.657016485929489136e-02 1.285235136747360229e-01 0.000000000000000000e+00 6.682497262954711914e-02 4.997920244932174683e-03 1.445368677377700806e-01 7.102444767951965332e-02 6.346387416124343872e-02 2.324137836694717407e-01 1.015602648258209229e-01 1.753253936767578125e-01
2.864605002105236053e-02 9.079956449568271637e-03 2.013517171144485474e-02 1.052198410034179688e-01 1.449488848447799683e-01 6.634896248579025269e-02 1.306478958576917648e-02 5.170110613107681274e-02 1.843782700598239899e-02 6.840573996305465698e-02 5.564857646822929382e-02 5.893266946077346802e-02 1.075986772775650024e-02 7.345333695411682129e-02 8.744752407073974609e-02 1.696700043976306915e-02 1.980933360755443573e-02 5.332867428660392761e-02 1.085978094488382339e-02 1.583082228899002075e-01 1.057192832231521606e-01 4.332917742431163788e-03 3.964414354413747787e-03 1.029372122138738632e-02 6.223301962018013000e-02 6.682497262954711914e-02 0.000000000000000000e+00 7.179891318082809448e-02 7.846981287002563477e-02 4.219499882310628891e-03 3.375412896275520325e-03 1.682011485099792480e-01 3.497264906764030457e-02 1.097866967320442200e-01
1.002388000488281250e-01 6.275987625122070312e-02 5.173853784799575806e-02 3.367533907294273376e-02 2.145152837038040161e-01 1.374928951263427734e-01 5.878927186131477356e-02 1.230432689189910889e-01 5.343182012438774109e-02 3.409920958802103996e-03 1.269403100013732910e-01 1.292091514915227890e-02 6.108623370528221130e-02 1.444902420043945312e-01 1.582528203725814819e-01 5.489879101514816284e-02 9.147813171148300171e-02 1.246503219008445740e-01 6.098668649792671204e-02 8.750390261411666870e-02 3.417981415987014771e-02 6.748699396848678589e-02 7.574177533388137817e-02 6.155068427324295044e-02 1.334357112646102905e-01 4.997920244932174683e-03 7.179891318082809448e-02 0.000000000000000000e+00 1.494268327951431274e-01 7.599539309740066528e-02 6.844008713960647583e-02 2.371362447738647461e-01 1.065041273832321167e-01 1.801654249429702759e-01
4.993600398302078247e-02 8.748742938041687012e-02 9.844943135976791382e-02 1.821854263544082642e-01 6.724391132593154907e-02 1.218427903950214386e-02 9.144085645675659180e-02 2.687774598598480225e-02 9.676763415336608887e-02 1.460913568735122681e-01 2.292132005095481873e-02 1.367699950933456421e-01 8.915439993143081665e-02 5.045547150075435638e-03 9.039742872118949890e-03 9.530992060899734497e-02 5.875180289149284363e-02 2.524678222835063934e-02 8.925352990627288818e-02 2.338727563619613647e-01 1.826736778020858765e-01 8.277457952499389648e-02 7.452858239412307739e-02 8.869189023971557617e-02 1.631646789610385895e-02 1.445368677377700806e-01 7.846981287002563477e-02 1.494268327951431274e-01 0.000000000000000000e+00 7.427489757537841797e-02 8.182355016469955444e-02 9.093151241540908813e-02 4.361686110496520996e-02 3.158902376890182495e-02
2.442950196564197540e-02 1.329894829541444778e-02 2.435260266065597534e-02 1.093907877802848816e-01 1.408154964447021484e-01 6.214686483144760132e-02 1.728333719074726105e-02 4.749196395277976990e-02 2.265556529164314270e-02 7.260429114103317261e-02 5.144115909934043884e-02 6.313647329807281494e-02 1.497868634760379791e-02 6.925531476736068726e-02 8.325874060392379761e-02 2.118498459458351135e-02 1.559113524854183197e-02 4.912023246288299561e-02 1.507859025150537491e-02 1.624192148447036743e-01 1.098897755146026611e-01 8.552261628210544586e-03 2.550899225752800703e-04 1.451259292662143707e-02 5.802875757217407227e-02 7.102444767951965332e-02 4.219499882310628891e-03 7.599539309740066528e-02 7.427489757537841797e-02 0.000000000000000000e+00 7.594804745167493820e-03 1.640981137752532959e-01 3.075768612325191498e-02 1.056161150336265564e-01
3.201836720108985901e-02 5.704718641936779022e-03 1.676089875400066376e-02 1.018806099891662598e-01 1.482517719268798828e-01 6.970876455307006836e-02 9.689804166555404663e-03 5.506690964102745056e-02 1.506335195153951645e-02 6.504534184932708740e-02 5.901290476322174072e-02 5.556831136345863342e-02 7.384722586721181870e-03 7.680971175432205200e-02 9.079613536596298218e-02 1.359236612915992737e-02 2.318319678306579590e-02 5.669388175010681152e-02 7.484642788767814636e-03 1.550156474113464355e-01 1.023804023861885071e-01 9.575190488249063492e-04 7.339728530496358871e-03 6.918549071997404099e-03 6.559465080499649048e-02 6.346387416124343872e-02 3.375412896275520325e-03 6.844008713960647583e-02 8.182355016469955444e-02 7.594804745167493820e-03 0.000000000000000000e+00 1.714791953563690186e-01 3.834353387355804443e-02 1.131201907992362976e-01
1.402307748794555664e-01 1.770107746124267578e-01 1.877006143331527710e-01 2.686661183834075928e-01 2.383333630859851837e-02 1.030016764998435974e-01 1.808684766292572021e-01 1.175220310688018799e-01 1.860619485378265381e-01 2.339154779911041260e-01 1.136160343885421753e-01 2.249044477939605713e-01 1.786376982927322388e-01 9.593304991722106934e-02 8.195914328098297119e-02 1.846412122249603271e-01 1.488878875970840454e-01 1.159121990203857422e-01 1.787344515323638916e-01 3.180406689643859863e-01 2.691346704959869385e-01 1.724084168672561646e-01 1.643463224172592163e-01 1.781863570213317871e-01 1.070891022682189941e-01 2.324137836694717407e-01 1.682011485099792480e-01 2.371362447738647461e-01 9.093151241540908813e-02 1.640981137752532959e-01 1.714791953563690186e-01 0.000000000000000000e+00 1.340168416500091553e-01 5.951344221830368042e-02
6.332942284643650055e-03 4.403861612081527710e-02 5.506904050707817078e-02 1.396784931421279907e-01 1.105365753173828125e-01 3.144929185509681702e-02 4.801549762487411499e-02 1.675876043736934662e-02 5.337605625391006470e-02 1.031316593289375305e-01 2.071624808013439178e-02 9.371217340230941772e-02 4.571531340479850769e-02 3.857979923486709595e-02 5.263585224747657776e-02 5.190884694457054138e-02 1.517382729798555374e-02 1.839032769203186035e-02 4.581502825021743774e-02 1.922166794538497925e-01 1.401736587285995483e-01 3.929961100220680237e-02 3.101253136992454529e-02 4.525007680058479309e-02 2.731983363628387451e-02 1.015602648258209229e-01 3.497264906764030457e-02 1.065041273832321167e-01 4.361686110496520996e-02 3.075768612325191498e-02 3.834353387355804443e-02 1.340168416500091553e-01 0.000000000000000000e+00 7.510240375995635986e-02
8.139663189649581909e-02 1.187482774257659912e-01 1.296353042125701904e-01 2.125512063503265381e-01 3.573078662157058716e-02 4.375645890831947327e-02 1.226755306124687195e-01 5.841717123985290527e-02 1.279654949903488159e-01 1.768641769886016846e-01 5.447090417146682739e-02 1.676347702741622925e-01 1.204043254256248474e-01 3.662873059511184692e-02 2.255572006106376648e-02 1.265180259943008423e-01 9.017346799373626709e-02 5.679051205515861511e-02 1.205027997493743896e-01 2.635149955749511719e-01 2.130333930253982544e-01 1.140653416514396667e-01 1.058683544397354126e-01 1.199448630213737488e-01 4.788080975413322449e-02 1.753253936767578125e-01 1.097866967320442200e-01 1.801654249429702759e-01 3.158902376890182495e-02 1.056161150336265564e-01 1.131201907992362976e-01 5.951344221830368042e-02 7.510240375995635986e-02 0.000000000000000000e+00
