0.000000000000000000e+00 3.418019413948059082e-02 5.162862688302993774e-02 1.351400017738342285e-01 1.104512289166450500e-01 3.396975249052047729e-02 4.218683019280433655e-02 2.364310435950756073e-02 5.205203965306282043e-02 1.025023385882377625e-01 2.166316471993923187e-02 9.970700740814208984e-02 4.448091983795166016e-02 4.282913357019424438e-02 5.839267745614051819e-02 4.262823238968849182e-02 1.365921460092067719e-02 2.167789451777935028e-02 3.725809231400489807e-02 1.867134422063827515e-01 1.398435235023498535e-01 3.944075852632522583e-02 2.987008541822433472e-02 4.029089584946632385e-02 3.008278273046016693e-02 9.899961203336715698e-02 3.014116920530796051e-02 1.069460138678550720e-01 4.212074354290962219e-02 2.762582711875438690e-02 3.530856221914291382e-02 1.407880336046218872e-01 2.935617463663220406e-03 7.682145386934280396e-02
3.418019413948059082e-02 0.000000000000000000e+00 1.747927442193031311e-02 1.014283224940299988e-01 1.440874487161636353e-01 6.807091087102890015e-02 8.018193766474723816e-03 5.777660757303237915e-02 1.790369860827922821e-02 6.856235116720199585e-02 5.580204352736473083e-02 6.575089693069458008e-02 1.031641010195016861e-02 7.689675688743591309e-02 9.238847345113754272e-02 8.460365235805511475e-03 2.053056471049785614e-02 5.581672862172126770e-02 3.081822302192449570e-03 1.535129398107528687e-01 1.061708256602287292e-01 5.267662461847066879e-03 4.314515739679336548e-03 6.119126453995704651e-03 6.419697403907775879e-02 6.503949314355850220e-02 4.043191671371459961e-03 7.303278148174285889e-02 7.619124650955200195e-02 6.560564506798982620e-03 1.129730721004307270e-03 1.741302758455276489e-01 3.711208701133728027e-02 1.107109561562538147e-01
5.162862688302993774e-02 1.747927442193031311e-02 0.000000000000000000e+00 8.409814536571502686e-02 1.611608415842056274e-01 8.544851094484329224e-02 9.462407790124416351e-03 7.517995685338973999e-02 4.245547170285135508e-04 5.114436894655227661e-02 7.320990413427352905e-02 4.832715541124343872e-02 7.164156530052423477e-03 9.424935281276702881e-02 1.096906140446662903e-01 9.020243771374225616e-03 3.799620643258094788e-02 7.322456687688827515e-02 1.439822930842638016e-02 1.363996714353561401e-01 8.885645121335983276e-02 1.221273653209209442e-02 2.179214544594287872e-02 1.136136427521705627e-02 8.158469945192337036e-02 4.761435464024543762e-02 2.152094803750514984e-02 5.562451481819152832e-02 9.354594349861145020e-02 2.403708361089229584e-02 1.634986698627471924e-02 1.910281181335449219e-01 5.455597490072250366e-02 1.279426217079162598e-01
1.351400017738342285e-01 1.014283224940299988e-01 8.409814536571502686e-02 0.000000000000000000e+00 2.419793605804443359e-01 1.683369725942611694e-01 9.348616003990173340e-02 1.582773923873901367e-01 8.367656916379928589e-02 3.309612348675727844e-02 1.563454568386077881e-01 3.591695427894592285e-02 9.120734035968780518e-02 1.769450008869171143e-01 1.920174360275268555e-01 9.304779767990112305e-02 1.217054426670074463e-01 1.563598364591598511e-01 9.837724268436431885e-02 5.290844663977622986e-02 4.794129170477390289e-03 9.621206670999526978e-02 1.056965738534927368e-01 9.536837786436080933e-02 1.645538210868835449e-01 3.663046658039093018e-02 1.054282709956169128e-01 2.860745042562484741e-02 1.762574464082717896e-01 1.079170778393745422e-01 1.003100797533988953e-01 2.707762122154235840e-01 1.380208581686019897e-01 2.097835540771484375e-01
1.104512289166450500e-01 1.440874487161636353e-01 1.611608415842056274e-01 2.419793605804443359e-01 0.000000000000000000e+00 7.676951587200164795e-02 1.519301235675811768e-01 8.703540265560150146e-02 1.615743339061737061e-01 2.105695903301239014e-01 8.900101482868194580e-02 2.078690081834793091e-01 1.541747003793716431e-01 6.794349849224090576e-02 5.239648371934890747e-02 1.523620784282684326e-01 1.239234805107116699e-01 8.898639678955078125e-02 1.471039652824401855e-01 2.911601364612579346e-01 2.464875429868698120e-01 1.492418348789215088e-01 1.398598849773406982e-01 1.500742733478546143e-01 8.063636720180511475e-02 2.071853429079055786e-01 1.401259005069732666e-01 2.148592472076416016e-01 6.864985823631286621e-02 1.376570165157318115e-01 1.451935470104217529e-01 3.081599250435829163e-02 1.075504869222640991e-01 3.391756117343902588e-02
3.396975249052047729e-02 6.807091087102890015e-02 8.544851094484329224e-02 1.683369725942611694e-01 7.676951587200164795e-02 0.000000000000000000e+00 7.604759186506271362e-02 1.033494714647531509e-02 8.586995303630828857e-02 1.359985470771789551e-01 1.231564860790967941e-02 1.332255154848098755e-01 7.833231240510940552e-02 8.872291073203086853e-03 2.447146549820899963e-02 7.648722082376480103e-02 4.760687798261642456e-02 1.230091415345668793e-02 7.113780826330184937e-02 2.192922979593276978e-01 1.729914993047714233e-01 7.331228256225585938e-02 6.377512216567993164e-02 7.415914535522460938e-02 3.890941385179758072e-03 1.325236856937408447e-01 6.404534727334976196e-02 1.404056698083877563e-01 8.162674494087696075e-03 6.153782457113265991e-02 6.919531524181365967e-02 1.073315888643264771e-01 3.103722818195819855e-02 4.296382144093513489e-02
4.218683019280433655e-02 8.018193766474723816e-03 9.462407790124416351e-03 9.348616003990173340e-02 1.519301235675811768e-01 7.604759186506271362e-02 0.000000000000000000e+00 6.576433777809143066e-02 9.886922314763069153e-03 6.057745963335037231e-02 6.379168480634689331e-02 5.776314809918403625e-02 2.298407489433884621e-03 8.486262708902359009e-02 1.003323420882225037e-01 4.422014171723276377e-04 2.854406088590621948e-02 6.380636990070343018e-02 4.936493467539548874e-03 1.456740647554397583e-01 9.823625534772872925e-02 2.750647021457552910e-03 1.233228109776973724e-02 1.899160095490515232e-03 7.217801362276077271e-02 5.705105885863304138e-02 1.206099521368741989e-02 6.505268067121505737e-02 8.415803313255310059e-02 1.457799132913351059e-02 6.888524629175662994e-03 1.818944960832595825e-01 4.511686041951179504e-02 1.186238303780555725e-01
2.364310435950756073e-02 5.777660757303237915e-02 7.517995685338973999e-02 1.582773923873901367e-01 8.703540265560150146e-02 1.033494714647531509e-02 6.576433777809143066e-02 0.000000000000000000e+00 7.560209929943084717e-02 1.258404701948165894e-01 1.980954082682728767e-03 1.230600029230117798e-01 6.805246323347091675e-02 1.920547708868980408e-02 3.479761257767677307e-02 6.620460748672485352e-02 3.729027882218360901e-02 1.966216834262013435e-03 6.084759905934333801e-02 2.094320058822631836e-01 1.629478782415390015e-01 6.302508711814880371e-02 5.347542092204093933e-02 6.387315690517425537e-02 6.444264668971300125e-03 1.223563253879547119e-01 5.374597385525703430e-02 1.302597522735595703e-01 1.849606074392795563e-02 5.123546347022056580e-02 5.890249088406562805e-02 1.175361573696136475e-01 2.070892415940761566e-02 5.327511206269264221e-02
5.205203965306282043e-02 1.790369860827922821e-02 4.245547170285135508e-04 8.367656916379928589e-02 1.615743339061737061e-01 8.586995303630828857e-02 9.886922314763069153e-03 7.560209929943084717e-02 0.000000000000000000e+00 5.072091147303581238e-02 7.363217324018478394e-02 4.790358617901802063e-02 7.588687818497419357e-03 9.467011690139770508e-02 1.101100295782089233e-01 9.444762952625751495e-03 3.842014074325561523e-02 7.364682853221893311e-02 1.482269261032342911e-02 1.359830051660537720e-01 8.843522518873214722e-02 1.263722497969865799e-02 2.221649698913097382e-02 1.178586110472679138e-02 8.200641721487045288e-02 4.719075188040733337e-02 2.194529958069324493e-02 5.520126223564147949e-02 9.396676719188690186e-02 2.446138672530651093e-02 1.677430607378482819e-02 1.914371401071548462e-01 5.497925356030464172e-02 1.283602118492126465e-01
1.025023385882377625e-01 6.856235116720199585e-02 5.114436894655227661e-02 3.309612348675727844e-02 2.105695903301239014e-01 1.359985470771789551e-01 6.057745963335037231e-02 1.258404701948165894e-01 5.072091147303581238e-02 0.000000000000000000e+00 1.238903924822807312e-01 2.824188908562064171e-03 5.828716978430747986e-02 1.446962356567382812e-01 1.599377244710922241e-01 6.013686582446098328e-02 8.896768838167190552e-02 1.239049136638641357e-01 6.549437344074249268e-02 8.585423231124877930e-02 3.788424283266067505e-02 6.331755220890045166e-02 7.285530865192413330e-02 6.246943399310112000e-02 1.321775466203689575e-01 3.538633231073617935e-03 7.258542627096176147e-02 4.492929670959711075e-03 1.440013647079467773e-01 7.508914172649383545e-02 6.743784248828887939e-02 2.398293465375900269e-01 1.054062396287918091e-01 1.779227554798126221e-01
2.166316471993923187e-02 5.580204352736473083e-02 7.320990413427352905e-02 1.563454568386077881e-01 8.900101482868194580e-02 1.231564860790967941e-02 6.379168480634689331e-02 1.980954082682728767e-03 7.363217324018478394e-02 1.238903924822807312e-01 0.000000000000000000e+00 1.211085841059684753e-01 6.608041375875473022e-02 2.118562348186969757e-02 3.677602857351303101e-02 6.423208117485046387e-02 3.531192988157272339e-02 1.473756401537684724e-05 5.887373909354209900e-02 2.075371593236923218e-01 1.610188931226730347e-01 6.105175241827964783e-02 5.149992555379867554e-02 6.190003082156181335e-02 8.425111882388591766e-03 1.204045489430427551e-01 5.177053064107894897e-02 1.283119022846221924e-01 2.047626487910747528e-02 4.925950616598129272e-02 5.692818388342857361e-02 1.194892823696136475e-01 1.872873678803443909e-02 5.525023862719535828e-02
9.970700740814208984e-02 6.575089693069458008e-02 4.832715541124343872e-02 3.591695427894592285e-02 2.078690081834793091e-01 1.332255154848098755e-01 5.776314809918403625e-02 1.230600029230117798e-01 4.790358617901802063e-02 2.824188908562064171e-03 1.211085841059684753e-01 0.000000000000000000e+00 5.547210946679115295e-02 1.419300436973571777e-01 1.571845263242721558e-01 5.732241645455360413e-02 8.616514503955841064e-02 1.211231052875518799e-01 6.268177181482315063e-02 8.865693211555480957e-02 4.070407524704933167e-02 6.050418317317962646e-02 7.004553824663162231e-02 5.965576693415641785e-02 1.294016689062118530e-01 7.144511328078806400e-04 6.977553665637969971e-02 7.317025214433670044e-03 1.412346065044403076e-01 7.228027284145355225e-02 6.462596356868743896e-02 2.371657937765121460e-01 1.026125922799110413e-01 1.751866042613983154e-01
4.448091983795166016e-02 1.031641010195016861e-02 7.164156530052423477e-03 9.120734035968780518e-02 1.541747003793716431e-01 7.833231240510940552e-02 2.298407489433884621e-03 6.805246323347091675e-02 7.588687818497419357e-03 5.828716978430747986e-02 6.608041375875473022e-02 5.547210946679115295e-02 0.000000000000000000e+00 8.714403957128524780e-02 1.026070937514305115e-01 1.856207847595214844e-03 3.084044344723224640e-02 6.609508395195007324e-02 7.234818302094936371e-03 1.434236913919448853e-01 9.595951437950134277e-02 5.049022845923900604e-03 1.463027484714984894e-02 4.197549074888229370e-03 7.446406036615371704e-02 5.475983023643493652e-02 1.435900386422872543e-02 6.276366114616394043e-02 8.643971383571624756e-02 1.687583327293395996e-02 9.186787530779838562e-03 1.841159462928771973e-01 4.741034656763076782e-02 1.208892837166786194e-01
4.282913357019424438e-02 7.689675688743591309e-02 9.424935281276702881e-02 1.769450008869171143e-01 6.794349849224090576e-02 8.872291073203086853e-03 8.486262708902359009e-02 1.920547708868980408e-02 9.467011690139770508e-02 1.446962356567382812e-01 2.118562348186969757e-02 1.419300436973571777e-01 8.714403957128524780e-02 0.000000000000000000e+00 1.560256071388721466e-02 8.530162274837493896e-02 5.645532533526420593e-02 2.117089554667472839e-02 7.995963841676712036e-02 2.277215272188186646e-01 1.815850883722305298e-01 8.213115483522415161e-02 7.260632514953613281e-02 8.297684788703918457e-02 1.276279240846633911e-02 1.412299275398254395e-01 7.287622988224029541e-02 1.490922421216964722e-01 7.096687913872301579e-04 7.037169486284255981e-02 7.801970839500427246e-02 9.855314344167709351e-02 3.989853337407112122e-02 3.410452976822853088e-02
5.839267745614051819e-02 9.238847345113754272e-02 1.096906140446662903e-01 1.920174360275268555e-01 5.239648371934890747e-02 2.447146549820899963e-02 1.003323420882225037e-01 3.479761257767677307e-02 1.101100295782089233e-01 1.599377244710922241e-01 3.677602857351303101e-02 1.571845263242721558e-01 1.026070937514305115e-01 1.560256071388721466e-02 0.000000000000000000e+00 1.007700636982917786e-01 7.199446856975555420e-02 3.676131367683410645e-02 9.544312208890914917e-02 2.424626052379608154e-01 1.966305524110794067e-01 9.760863333940505981e-02 8.810907602310180664e-02 9.845194220542907715e-02 2.835970558226108551e-02 1.564876586198806763e-01 8.837829530239105225e-02 1.643125712871551514e-01 1.631204970180988312e-02 8.587995916604995728e-02 9.350843727588653564e-02 8.307833224534988403e-02 5.546656623482704163e-02 1.851182058453559875e-02
4.262823238968849182e-02 8.460365235805511475e-03 9.020243771374225616e-03 9.304779767990112305e-02 1.523620784282684326e-01 7.648722082376480103e-02 4.422014171723276377e-04 6.620460748672485352e-02 9.444762952625751495e-03 6.013686582446098328e-02 6.423208117485046387e-02 5.732241645455360413e-02 1.856207847595214844e-03 8.530162274837493896e-02 1.007700636982917786e-01 0.000000000000000000e+00 2.898589521646499634e-02 6.424675881862640381e-02 5.378682631999254227e-03 1.452412307262420654e-01 9.779830276966094971e-02 3.192844334989786148e-03 1.277441438287496567e-02 2.341359388083219528e-03 7.261789590120315552e-02 5.661028251051902771e-02 1.250312943011522293e-02 6.461233645677566528e-02 8.459708094596862793e-02 1.502009481191635132e-02 7.330704480409622192e-03 1.823220252990722656e-01 4.555815085768699646e-02 1.190597936511039734e-01
1.365921460092067719e-02 2.053056471049785614e-02 3.799620643258094788e-02 1.217054426670074463e-01 1.239234805107116699e-01 4.760687798261642456e-02 2.854406088590621948e-02 3.729027882218360901e-02 3.842014074325561523e-02 8.896768838167190552e-02 3.531192988157272339e-02 8.616514503955841064e-02 3.084044344723224640e-02 5.645532533526420593e-02 7.199446856975555420e-02 2.898589521646499634e-02 0.000000000000000000e+00 3.532664850354194641e-02 2.361089363694190979e-02 1.734967082738876343e-01 1.264258027076721191e-01 2.579543925821781158e-02 1.621748693287372589e-02 2.664634399116039276e-02 4.372403025627136230e-02 8.545595407485961914e-02 1.648874208331108093e-02 9.342326968908309937e-02 5.574788525700569153e-02 1.397188287228345871e-02 2.165979333221912384e-02 1.541507989168167114e-01 1.659416779875755310e-02 9.038582444190979004e-02
2.167789451777935028e-02 5.581672862172126770e-02 7.322456687688827515e-02 1.563598364591598511e-01 8.898639678955078125e-02 1.230091415345668793e-02 6.380636990070343018e-02 1.966216834262013435e-03 7.364682853221893311e-02 1.239049136638641357e-01 1.473756401537684724e-05 1.211231052875518799e-01 6.609508395195007324e-02 2.117089554667472839e-02 3.676131367683410645e-02 6.424675881862640381e-02 3.532664850354194641e-02 0.000000000000000000e+00 5.888842418789863586e-02 2.075512707233428955e-01 1.610332429409027100e-01 6.106644123792648315e-02 5.151462182402610779e-02 6.191471219062805176e-02 8.410374633967876434e-03 1.204190701246261597e-01 5.178522691130638123e-02 1.283264011144638062e-01 2.046153321862220764e-02 4.927421361207962036e-02 5.694287270307540894e-02 1.194747686386108398e-01 1.874347031116485596e-02 5.523554608225822449e-02
3.725809231400489807e-02 3.081822302192449570e-03 1.439822930842638016e-02 9.837724268436431885e-02 1.471039652824401855e-01 7.113780826330184937e-02 4.936493467539548874e-03 6.084759905934333801e-02 1.482269261032342911e-02 6.549437344074249268e-02 5.887373909354209900e-02 6.268177181482315063e-02 7.234818302094936371e-03 7.995963841676712036e-02 9.544312208890914917e-02 5.378682631999254227e-03 2.361089363694190979e-02 5.888842418789863586e-02 0.000000000000000000e+00 1.505023390054702759e-01 1.031227409839630127e-01 2.185875782743096352e-03 7.396239321678876877e-03 3.037361660972237587e-03 6.726548075675964355e-02 6.197009608149528503e-02 7.124925497919321060e-03 6.996671110391616821e-02 7.925446331501007080e-02 9.642192162573337555e-03 1.952098449692130089e-03 1.771170496940612793e-01 4.018931463360786438e-02 1.137539595365524292e-01
1.867134422063827515e-01 1.535129398107528687e-01 1.363996714353561401e-01 5.290844663977622986e-02 2.911601364612579346e-01 2.192922979593276978e-01 1.456740647554397583e-01 2.094320058822631836e-01 1.359830051660537720e-01 8.585423231124877930e-02 2.075371593236923218e-01 8.865693211555480957e-02 1.434236913919448853e-01 2.277215272188186646e-01 2.424626052379608154e-01 1.452412307262420654e-01 1.734967082738876343e-01 2.075512707233428955e-01 1.505023390054702759e-01 0.000000000000000000e+00 4.812652617692947388e-02 1.483652591705322266e-01 1.577230095863342285e-01 1.475324183702468872e-01 2.155853062868118286e-01 8.936572074890136719e-02 1.574584096670150757e-01 8.139269798994064331e-02 2.270485609769821167e-01 1.599124521017074585e-01 1.524096578359603882e-01 3.191129267215728760e-01 1.895451694726943970e-01 2.598083317279815674e-01
1.398435235023498535e-01 1.061708256602287292e-01 8.885645121335983276e-02 4.794129170477390289e-03 2.464875429868698120e-01 1.729914993047714233e-01 9.823625534772872925e-02 1.629478782415390015e-01 8.843522518873214722e-02 3.788424283266067505e-02 1.610188931226730347e-01 4.070407524704933167e-02 9.595951437950134277e-02 1.815850883722305298e-01 1.966305524110794067e-01 9.779830276966094971e-02 1.264258027076721191e-01 1.610332429409027100e-01 1.031227409839630127e-01 4.812652617692947388e-02 0.000000000000000000e+00 1.009596288204193115e-01 1.104347482323646545e-01 1.001167371869087219e-01 1.692144572734832764e-01 4.141732305288314819e-02 1.101667210459709167e-01 3.339700028300285339e-02 1.808987259864807129e-01 1.126529201865196228e-01 1.050536856055259705e-01 2.752130925655364990e-01 1.427205502986907959e-01 2.143620997667312622e-01
3.944075852632522583e-02 5.267662461847066879e-03 1.221273653209209442e-02 9.621206670999526978e-02 1.492418348789215088e-01 7.331228256225585938e-02 2.750647021457552910e-03 6.302508711814880371e-02 1.263722497969865799e-02 6.331755220890045166e-02 6.105175241827964783e-02 6.050418317317962646e-02 5.049022845923900604e-03 8.213115483522415161e-02 9.760863333940505981e-02 3.192844334989786148e-03 2.579543925821781158e-02 6.106644123792648315e-02 2.185875782743096352e-03 1.483652591705322266e-01 1.009596288204193115e-01 0.000000000000000000e+00 9.581959806382656097e-03 8.514914661645889282e-04 6.944114714860916138e-02 5.979232117533683777e-02 9.310657158493995667e-03 6.779120117425918579e-02 8.142623305320739746e-02 1.182781904935836792e-02 4.137956537306308746e-03 1.792335361242294312e-01 4.237147048115730286e-02 1.159110069274902344e-01
2.987008541822433472e-02 4.314515739679336548e-03 2.179214544594287872e-02 1.056965738534927368e-01 1.398598849773406982e-01 6.377512216567993164e-02 1.233228109776973724e-02 5.347542092204093933e-02 2.221649698913097382e-02 7.285530865192413330e-02 5.149992555379867554e-02 7.004553824663162231e-02 1.463027484714984894e-02 7.260632514953613281e-02 8.810907602310180664e-02 1.277441438287496567e-02 1.621748693287372589e-02 5.151462182402610779e-02 7.396239321678876877e-03 1.577230095863342285e-01 1.104347482323646545e-01 9.581959806382656097e-03 0.000000000000000000e+00 1.043336652219295502e-02 5.989904701709747314e-02 6.933455914258956909e-02 2.713281719479709864e-04 7.732293009757995605e-02 7.190036773681640625e-02 2.246112795546650887e-03 5.444219335913658142e-03 1.699434220790863037e-01 3.280282765626907349e-02 1.064472794532775879e-01
4.029089584946632385e-02 6.119126453995704651e-03 1.136136427521705627e-02 9.536837786436080933e-02 1.500742733478546143e-01 7.415914535522460938e-02 1.899160095490515232e-03 6.387315690517425537e-02 1.178586110472679138e-02 6.246943399310112000e-02 6.190003082156181335e-02 5.965576693415641785e-02 4.197549074888229370e-03 8.297684788703918457e-02 9.845194220542907715e-02 2.341359388083219528e-03 2.664634399116039276e-02 6.191471219062805176e-02 3.037361660972237587e-03 1.475324183702468872e-01 1.001167371869087219e-01 8.514914661645889282e-04 1.043336652219295502e-02 0.000000000000000000e+00 7.028847932815551758e-02 5.894383043050765991e-02 1.016206666827201843e-02 6.694357842206954956e-02 8.227201551198959351e-02 1.267918292433023453e-02 4.989430308341979980e-03 1.800575554370880127e-01 4.322139918804168701e-02 1.167509779334068298e-01
3.008278273046016693e-02 6.419697403907775879e-02 8.158469945192337036e-02 1.645538210868835449e-01 8.063636720180511475e-02 3.890941385179758072e-03 7.217801362276077271e-02 6.444264668971300125e-03 8.200641721487045288e-02 1.321775466203689575e-01 8.425111882388591766e-03 1.294016689062118530e-01 7.446406036615371704e-02 1.276279240846633911e-02 2.835970558226108551e-02 7.261789590120315552e-02 4.372403025627136230e-02 8.410374633967876434e-03 6.726548075675964355e-02 2.155853062868118286e-01 1.692144572734832764e-01 6.944114714860916138e-02 5.989904701709747314e-02 7.028847932815551758e-02 0.000000000000000000e+00 1.286990940570831299e-01 6.016939133405685425e-02 1.365893483161926270e-01 1.205323170870542526e-02 5.766069144010543823e-02 6.532196700572967529e-02 1.111761033535003662e-01 2.714956365525722504e-02 4.684693366289138794e-02
9.899961203336715698e-02 6.503949314355850220e-02 4.761435464024543762e-02 3.663046658039093018e-02 2.071853429079055786e-01 1.325236856937408447e-01 5.705105885863304138e-02 1.223563253879547119e-01 4.719075188040733337e-02 3.538633231073617935e-03 1.204045489430427551e-01 7.144511328078806400e-04 5.475983023643493652e-02 1.412299275398254395e-01 1.564876586198806763e-01 5.661028251051902771e-02 8.545595407485961914e-02 1.204190701246261597e-01 6.197009608149528503e-02 8.936572074890136719e-02 4.141732305288314819e-02 5.979232117533683777e-02 6.933455914258956909e-02 5.894383043050765991e-02 1.286990940570831299e-01 0.000000000000000000e+00 6.906452775001525879e-02 8.031435310840606689e-03 1.405343413352966309e-01 7.156952470541000366e-02 6.391446292400360107e-02 2.364914268255233765e-01 1.019056141376495361e-01 1.744939833879470825e-01
3.014116920530796051e-02 4.043191671371459961e-03 2.152094803750514984e-02 1.054282709956169128e-01 1.401259005069732666e-01 6.404534727334976196e-02 1.206099521368741989e-02 5.374597385525703430e-02 2.194529958069324493e-02 7.258542627096176147e-02 5.177053064107894897e-02 6.977553665637969971e-02 1.435900386422872543e-02 7.287622988224029541e-02 8.837829530239105225e-02 1.250312943011522293e-02 1.648874208331108093e-02 5.178522691130638123e-02 7.124925497919321060e-03 1.574584096670150757e-01 1.101667210459709167e-01 9.310657158493995667e-03 2.713281719479709864e-04 1.016206666827201843e-02 6.016939133405685425e-02 6.906452775001525879e-02 0.000000000000000000e+00 7.705322653055191040e-02 7.217028737068176270e-02 2.517439657822251320e-03 5.172898992896080017e-03 1.702069193124771118e-01 3.307386115193367004e-02 1.067155227065086365e-01
1.069460138678550720e-01 7.303278148174285889e-02 5.562451481819152832e-02 2.860745042562484741e-02 2.148592472076416016e-01 1.404056698083877563e-01 6.505268067121505737e-02 1.302597522735595703e-01 5.520126223564147949e-02 4.492929670959711075e-03 1.283119022846221924e-01 7.317025214433670044e-03 6.276366114616394043e-02 1.490922421216964722e-01 1.643125712871551514e-01 6.461233645677566528e-02 9.342326968908309937e-02 1.283264011144638062e-01 6.996671110391616821e-02 8.139269798994064331e-02 3.339700028300285339e-02 6.779120117425918579e-02 7.732293009757995605e-02 6.694357842206954956e-02 1.365893483161926270e-01 8.031435310840606689e-03 7.705322653055191040e-02 0.000000000000000000e+00 1.483982801437377930e-01 7.955522835254669189e-02 7.190898060798645020e-02 2.440592944622039795e-01 1.098471507430076599e-01 1.822699755430221558e-01
4.212074354290962219e-02 7.619124650955200195e-02 9.354594349861145020e-02 1.762574464082717896e-01 6.864985823631286621e-02 8.162674494087696075e-03 8.415803313255310059e-02 1.849606074392795563e-02 9.396676719188690186e-02 1.440013647079467773e-01 2.047626487910747528e-02 1.412346065044403076e-01 8.643971383571624756e-02 7.096687913872301579e-04 1.631204970180988312e-02 8.459708094596862793e-02 5.574788525700569153e-02 2.046153321862220764e-02 7.925446331501007080e-02 2.270485609769821167e-01 1.808987259864807129e-01 8.142623305320739746e-02 7.190036773681640625e-02 8.227201551198959351e-02 1.205323170870542526e-02 1.405343413352966309e-01 7.217028737068176270e-02 1.483982801437377930e-01 0.000000000000000000e+00 6.966550648212432861e-02 7.731432467699050903e-02 9.925587475299835205e-02 3.918997198343276978e-02 3.481335937976837158e-02
2.762582711875438690e-02 6.560564506798982620e-03 2.403708361089229584e-02 1.079170778393745422e-01 1.376570165157318115e-01 6.153782457113265991e-02 1.457799132913351059e-02 5.123546347022056580e-02 2.446138672530651093e-02 7.508914172649383545e-02 4.925950616598129272e-02 7.228027284145355225e-02 1.687583327293395996e-02 7.037169486284255981e-02 8.587995916604995728e-02 1.502009481191635132e-02 1.397188287228345871e-02 4.927421361207962036e-02 9.642192162573337555e-03 1.599124521017074585e-01 1.126529201865196228e-01 1.182781904935836792e-02 2.246112795546650887e-03 1.267918292433023453e-02 5.766069144010543823e-02 7.156952470541000366e-02 2.517439657822251320e-03 7.955522835254669189e-02 6.966550648212432861e-02 0.000000000000000000e+00 7.690237835049629211e-03 1.677613556385040283e-01 3.055896610021591187e-02 1.042260825634002686e-01
3.530856221914291382e-02 1.129730721004307270e-03 1.634986698627471924e-02 1.003100797533988953e-01 1.451935470104217529e-01 6.919531524181365967e-02 6.888524629175662994e-03 5.890249088406562805e-02 1.677430607378482819e-02 6.743784248828887939e-02 5.692818388342857361e-02 6.462596356868743896e-02 9.186787530779838562e-03 7.801970839500427246e-02 9.350843727588653564e-02 7.330704480409622192e-03 2.165979333221912384e-02 5.694287270307540894e-02 1.952098449692130089e-03 1.524096578359603882e-01 1.050536856055259705e-01 4.137956537306308746e-03 5.444219335913658142e-03 4.989430308341979980e-03 6.532196700572967529e-02 6.391446292400360107e-02 5.172898992896080017e-03 7.190898060798645020e-02 7.731432467699050903e-02 7.690237835049629211e-03 0.000000000000000000e+00 1.752255260944366455e-01 3.824021667242050171e-02 1.118266955018043518e-01
1.407880336046218872e-01 1.741302758455276489e-01 1.910281181335449219e-01 2.707762122154235840e-01 3.081599250435829163e-02 1.073315888643264771e-01 1.818944960832595825e-01 1.175361573696136475e-01 1.914371401071548462e-01 2.398293465375900269e-01 1.194892823696136475e-01 2.371657937765121460e-01 1.841159462928771973e-01 9.855314344167709351e-02 8.307833224534988403e-02 1.823220252990722656e-01 1.541507989168167114e-01 1.194747686386108398e-01 1.771170496940612793e-01 3.191129267215728760e-01 2.752130925655364990e-01 1.792335361242294312e-01 1.699434220790863037e-01 1.800575554370880127e-01 1.111761033535003662e-01 2.364914268255233765e-01 1.702069193124771118e-01 2.440592944622039795e-01 9.925587475299835205e-02 1.677613556385040283e-01 1.752255260944366455e-01 0.000000000000000000e+00 1.379094123840332031e-01 6.466595828533172607e-02
2.935617463663220406e-03 3.711208701133728027e-02 5.455597490072250366e-02 1.380208581686019897e-01 1.075504869222640991e-01 3.103722818195819855e-02 4.511686041951179504e-02 2.070892415940761566e-02 5.497925356030464172e-02 1.054062396287918091e-01 1.872873678803443909e-02 1.026125922799110413e-01 4.741034656763076782e-02 3.989853337407112122e-02 5.546656623482704163e-02 4.555815085768699646e-02 1.659416779875755310e-02 1.874347031116485596e-02 4.018931463360786438e-02 1.895451694726943970e-01 1.427205502986907959e-01 4.237147048115730286e-02 3.280282765626907349e-02 4.322139918804168701e-02 2.714956365525722504e-02 1.019056141376495361e-01 3.307386115193367004e-02 1.098471507430076599e-01 3.918997198343276978e-02 3.055896610021591187e-02 3.824021667242050171e-02 1.379094123840332031e-01 0.000000000000000000e+00 7.390250265598297119e-02
7.682145386934280396e-02 1.107109561562538147e-01 1.279426217079162598e-01 2.097835540771484375e-01 3.391756117343902588e-02 4.296382144093513489e-02 1.186238303780555725e-01 5.327511206269264221e-02 1.283602118492126465e-01 1.779227554798126221e-01 5.525023862719535828e-02 1.751866042613983154e-01 1.208892837166786194e-01 3.410452976822853088e-02 1.851182058453559875e-02 1.190597936511039734e-01 9.038582444190979004e-02 5.523554608225822449e-02 1.137539595365524292e-01 2.598083317279815674e-01 2.143620997667312622e-01 1.159110069274902344e-01 1.064472794532775879e-01 1.167509779334068298e-01 4.684693366289138794e-02 1.744939833879470825e-01 1.067155227065086365e-01 1.822699755430221558e-01 3.481335937976837158e-02 1.042260825634002686e-01 1.118266955018043518e-01 6.466595828533172607e-02 7.390250265598297119e-02 0.000000000000000000e+00
