0.000000000000000000e+00 3.941951319575309753e-02 5.216699466109275818e-02 1.307314038276672363e-01 1.076569408178329468e-01 2.885786071419715881e-02 3.827891498804092407e-02 2.371700666844844818e-02 4.997807741165161133e-02 1.008072271943092346e-01 2.644469961524009705e-02 9.501643478870391846e-02 3.893353417515754700e-02 4.275240004062652588e-02 5.836745351552963257e-02 5.128492787480354309e-02 1.213361043483018875e-02 1.905276067554950714e-02 4.179811477661132812e-02 1.851908117532730103e-01 1.378790736198425293e-01 3.691189736127853394e-02 3.189006820321083069e-02 3.779590502381324768e-02 2.984131872653961182e-02 9.643340110778808594e-02 2.937255240976810455e-02 1.102479770779609680e-01 4.144722223281860352e-02 3.058922104537487030e-02 2.667195722460746765e-02 1.456420421600341797e-01 5.699668545275926590e-03 7.683776319026947021e-02
3.941951319575309753e-02 0.000000000000000000e+00 1.277375500649213791e-02 9.178490191698074341e-02 1.464549452066421509e-01 6.819979846477508545e-02 1.142320223152637482e-03 6.307753920555114746e-02 1.057940628379583359e-02 6.163262948393821716e-02 6.579562276601791382e-02 5.580595508217811584e-02 4.867252428084611893e-04 8.203365653753280640e-02 9.756249189376831055e-02 1.188944745808839798e-02 2.729895897209644318e-02 5.842838808894157410e-02 2.382527338340878487e-03 1.468432843685150146e-01 9.899762272834777832e-02 2.511270577087998390e-03 7.538920734077692032e-03 1.626026467420160770e-03 6.917945295572280884e-02 5.723144486546516418e-02 1.005860697478055954e-02 7.113762199878692627e-02 8.073482662439346313e-02 8.840952068567276001e-03 1.276097260415554047e-02 1.840051412582397461e-01 4.510904476046562195e-02 1.159062087535858154e-01
5.216699466109275818e-02 1.277375500649213791e-02 0.000000000000000000e+00 7.910388708114624023e-02 1.589313596487045288e-01 8.090306818485260010e-02 1.391587220132350922e-02 7.579023391008377075e-02 2.194644650444388390e-03 4.889737069606781006e-02 7.850340008735656738e-02 4.306289553642272949e-02 1.326039806008338928e-02 9.470817446708679199e-02 1.101989150047302246e-01 8.844409603625535965e-04 4.005874320864677429e-02 7.114904373884201050e-02 1.039154361933469772e-02 1.343214809894561768e-01 8.633303642272949219e-02 1.528453547507524490e-02 2.031071856617927551e-02 1.439948193728923798e-02 8.188084512948989868e-02 4.449021816253662109e-02 2.282942831516265869e-02 5.841695889830589294e-02 9.341225028038024902e-02 2.161226421594619751e-02 2.553056739270687103e-02 1.963174790143966675e-01 5.784946307539939880e-02 1.284897327423095703e-01
1.307314038276672363e-01 9.178490191698074341e-02 7.910388708114624023e-02 0.000000000000000000e+00 2.350797951221466064e-01 1.589894592761993408e-01 9.291747957468032837e-02 1.539710313081741333e-01 8.128442615270614624e-02 3.032380901277065277e-02 1.566345989704132080e-01 3.616418689489364624e-02 9.226750582456588745e-02 1.725195944309234619e-01 1.876668781042098999e-01 7.998274266719818115e-02 1.187862232327461243e-01 1.494120210409164429e-01 8.942192792892456055e-02 5.581059306859970093e-02 7.278861012309789658e-03 9.427443891763687134e-02 9.925513714551925659e-02 9.339698404073715210e-02 1.599487364292144775e-01 3.473592177033424377e-02 1.017495691776275635e-01 2.078297175467014313e-02 1.712507158517837524e-01 1.005442664027214050e-01 1.044235676527023315e-01 2.712096273899078369e-01 1.363295018672943115e-01 2.055048495531082153e-01
1.076569408178329468e-01 1.464549452066421509e-01 1.589313596487045288e-01 2.350797951221466064e-01 0.000000000000000000e+00 7.904465496540069580e-02 1.453369408845901489e-01 8.415481448173522949e-02 1.567914038896560669e-01 2.062260806560516357e-01 8.144410699605941772e-02 2.006212025880813599e-01 1.459786146879196167e-01 6.520465761423110962e-02 4.960117116570472717e-02 1.580691486597061157e-01 1.196342781186103821e-01 8.878630399703979492e-02 1.487855464220046997e-01 2.871233820915222168e-01 2.419446706771850586e-01 1.439966261386871338e-01 1.390695571899414062e-01 1.448634117841720581e-01 7.806642353534698486e-02 2.019933164119720459e-01 1.365975588560104370e-01 2.153489589691162109e-01 6.650648266077041626e-02 1.377923935651779175e-01 1.339443027973175049e-01 3.859016671776771545e-02 1.020198762416839600e-01 3.107624873518943787e-02
2.885786071419715881e-02 6.819979846477508545e-02 8.090306818485260010e-02 1.589894592761993408e-01 7.904465496540069580e-02 0.000000000000000000e+00 6.706269830465316772e-02 5.144378170371055603e-03 7.872239500284194946e-02 1.292889714241027832e-01 2.415004651993513107e-03 1.235355734825134277e-01 6.771531701087951660e-02 1.391169801354408264e-02 2.955938130617141724e-02 8.002435415983200073e-02 4.097712412476539612e-02 9.810496121644973755e-03 7.057085633277893066e-02 2.129108458757400513e-01 1.660761237144470215e-01 6.569977849721908569e-02 6.069207936525344849e-02 6.658115237951278687e-02 9.843048173934221268e-04 1.249435693025588989e-01 5.818109959363937378e-02 1.386646777391433716e-01 1.260443590581417084e-02 5.939465016126632690e-02 5.548711121082305908e-02 1.172770857810974121e-01 2.316200174391269684e-02 4.808653146028518677e-02
3.827891498804092407e-02 1.142320223152637482e-03 1.391587220132350922e-02 9.291747957468032837e-02 1.453369408845901489e-01 6.706269830465316772e-02 0.000000000000000000e+00 6.193968653678894043e-02 1.172158494591712952e-02 6.277053058147430420e-02 6.465816497802734375e-02 5.694464594125747681e-02 6.555953877978026867e-04 8.089891821146011353e-02 9.643092006444931030e-02 1.303159072995185852e-02 2.615745365619659424e-02 5.728989094495773315e-02 3.524838015437126160e-03 1.479607820510864258e-01 1.001286208629608154e-01 1.368954195640981197e-03 6.396655458956956863e-03 4.837070009671151638e-04 6.804250925779342651e-02 5.836994946002960205e-02 8.916389197111129761e-03 7.227407395839691162e-02 7.959984987974166870e-02 7.698709610849618912e-03 1.161882188171148300e-02 1.829012781381607056e-01 4.396899044513702393e-02 1.147790849208831787e-01
2.371700666844844818e-02 6.307753920555114746e-02 7.579023391008377075e-02 1.539710313081741333e-01 8.415481448173522949e-02 5.144378170371055603e-03 6.193968653678894043e-02 0.000000000000000000e+00 7.360783219337463379e-02 1.242272332310676575e-01 2.729407278820872307e-03 1.184664815664291382e-01 6.259273737668991089e-02 1.905471272766590118e-02 3.469847887754440308e-02 7.491081207990646362e-02 3.584030270576477051e-02 4.666353575885295868e-03 6.545023620128631592e-02 2.079942673444747925e-01 1.610693633556365967e-01 6.057586893439292908e-02 5.556504800915718079e-02 6.145782396197319031e-02 6.128652021288871765e-03 1.198762282729148865e-01 5.305259674787521362e-02 1.336156129837036133e-01 1.774766109883785248e-02 5.426685884594917297e-02 5.035710334777832031e-02 1.223476529121398926e-01 1.801977306604385376e-02 5.321773886680603027e-02
4.997807741165161133e-02 1.057940628379583359e-02 2.194644650444388390e-03 8.128442615270614624e-02 1.567914038896560669e-01 7.872239500284194946e-02 1.172158494591712952e-02 7.360783219337463379e-02 0.000000000000000000e+00 5.108653381466865540e-02 7.632190734148025513e-02 4.525325819849967957e-02 1.106607448309659958e-02 9.253276139497756958e-02 1.080303937196731567e-01 1.310206484049558640e-03 3.786743059754371643e-02 6.896516680717468262e-02 8.197085931897163391e-03 1.364758908748626709e-01 8.851091563701629639e-02 1.309032924473285675e-02 1.811688020825386047e-02 1.220522169023752213e-02 7.970052957534790039e-02 4.668030142784118652e-02 2.063581719994544983e-02 6.060383096337318420e-02 9.123630821704864502e-02 1.941854320466518402e-02 2.333722822368144989e-02 1.942065209150314331e-01 5.566188693046569824e-02 1.263307034969329834e-01
1.008072271943092346e-01 6.163262948393821716e-02 4.889737069606781006e-02 3.032380901277065277e-02 2.062260806560516357e-01 1.292889714241027832e-01 6.277053058147430420e-02 1.242272332310676575e-01 5.108653381466865540e-02 0.000000000000000000e+00 1.269136071205139160e-01 5.846789106726646423e-03 6.211749091744422913e-02 1.429435759782791138e-01 1.582435965538024902e-01 4.977966099977493286e-02 8.878221362829208374e-02 1.196302250027656555e-01 5.925880372524261475e-02 8.598887175321578979e-02 3.759437426924705505e-02 6.413397192955017090e-02 6.913942098617553711e-02 6.325231492519378662e-02 1.302567124366760254e-01 4.416764248162508011e-03 7.164681702852249146e-02 9.546854533255100250e-03 1.416625529527664185e-01 7.043520361185073853e-02 7.433513551950454712e-02 2.428833246231079102e-01 1.064457371830940247e-01 1.762795597314834595e-01
2.644469961524009705e-02 6.579562276601791382e-02 7.850340008735656738e-02 1.566345989704132080e-01 8.144410699605941772e-02 2.415004651993513107e-03 6.465816497802734375e-02 2.729407278820872307e-03 7.632190734148025513e-02 1.269136071205139160e-01 0.000000000000000000e+00 1.211567074060440063e-01 6.531099230051040649e-02 1.632615551352500916e-02 3.197210282087326050e-02 7.762435078620910645e-02 3.856593742966651917e-02 7.395667023956775665e-03 6.816746294498443604e-02 2.106041163206100464e-01 1.637267917394638062e-01 6.329481303691864014e-02 5.828561261296272278e-02 6.417646259069442749e-02 3.399301553145051003e-03 1.225655376911163330e-01 5.577392876148223877e-02 1.362953186035156250e-01 1.501898281276226044e-02 5.698782205581665039e-02 5.307921767234802246e-02 1.196582019329071045e-01 2.074815891683101654e-02 5.049566924571990967e-02
9.501643478870391846e-02 5.580595508217811584e-02 4.306289553642272949e-02 3.616418689489364624e-02 2.006212025880813599e-01 1.235355734825134277e-01 5.694464594125747681e-02 1.184664815664291382e-01 4.525325819849967957e-02 5.846789106726646423e-03 1.211567074060440063e-01 0.000000000000000000e+00 5.629115179181098938e-02 1.372114568948745728e-01 1.525379419326782227e-01 4.394566267728805542e-02 8.297849446535110474e-02 1.138630732893943787e-01 5.343053117394447327e-02 9.178951382637023926e-02 4.343161359429359436e-02 5.830905213952064514e-02 6.331823021173477173e-02 5.742676556110382080e-02 1.245047301054000854e-01 1.430061878636479378e-03 6.582760810852050781e-02 1.539278496056795120e-02 1.359283626079559326e-01 6.461501866579055786e-02 6.851813197135925293e-02 2.373736202716827393e-01 1.006615906953811646e-01 1.706086248159408569e-01
3.893353417515754700e-02 4.867252428084611893e-04 1.326039806008338928e-02 9.226750582456588745e-02 1.459786146879196167e-01 6.771531701087951660e-02 6.555953877978026867e-04 6.259273737668991089e-02 1.106607448309659958e-02 6.211749091744422913e-02 6.531099230051040649e-02 5.629115179181098938e-02 0.000000000000000000e+00 8.155018836259841919e-02 9.708037972450256348e-02 1.237610075622797012e-02 2.681259065866470337e-02 5.794331058859825134e-02 2.869249088689684868e-03 1.473194658756256104e-01 9.947955608367919922e-02 2.024547662585973740e-03 7.052221335470676422e-03 1.139302039518952370e-03 6.869503855705261230e-02 5.771656334400177002e-02 9.571928530931472778e-03 7.162187248468399048e-02 8.025125414133071899e-02 8.354263380169868469e-03 1.227432396262884140e-02 1.835348606109619141e-01 4.462330043315887451e-02 1.154259964823722839e-01
4.275240004062652588e-02 8.203365653753280640e-02 9.470817446708679199e-02 1.725195944309234619e-01 6.520465761423110962e-02 1.391169801354408264e-02 8.089891821146011353e-02 1.905471272766590118e-02 9.253276139497756958e-02 1.429435759782791138e-01 1.632615551352500916e-02 1.372114568948745728e-01 8.155018836259841919e-02 0.000000000000000000e+00 1.565411873161792755e-02 9.383159130811691284e-02 5.485755205154418945e-02 2.371895685791969299e-02 8.439968526363372803e-02 2.261526733636856079e-01 1.795729398727416992e-01 7.953877002000808716e-02 7.454083859920501709e-02 8.041836321353912354e-02 1.292757131159305573e-02 1.386143118143081665e-01 7.203448563814163208e-02 1.522826254367828369e-01 1.307492493651807308e-03 7.324583083391189575e-02 6.934527307748794556e-02 1.035343036055564880e-01 3.706176206469535828e-02 3.419770672917366028e-02
5.836745351552963257e-02 9.756249189376831055e-02 1.101989150047302246e-01 1.876668781042098999e-01 4.960117116570472717e-02 2.955938130617141724e-02 9.643092006444931030e-02 3.469847887754440308e-02 1.080303937196731567e-01 1.582435965538024902e-01 3.197210282087326050e-02 1.525379419326782227e-01 9.708037972450256348e-02 1.565411873161792755e-02 0.000000000000000000e+00 1.093251183629035950e-01 7.045117020606994629e-02 3.935845941305160522e-02 9.992179274559020996e-02 2.409537732601165771e-01 1.946798115968704224e-01 9.507451206445693970e-02 9.008984267711639404e-02 9.595169126987457275e-02 2.857590653002262115e-02 1.539344191551208496e-01 8.758984506130218506e-02 1.675373464822769165e-01 1.696126349270343781e-02 8.879813551902770996e-02 8.490722626447677612e-02 8.802284300327301025e-02 5.268531292676925659e-02 1.855351962149143219e-02
5.128492787480354309e-02 1.188944745808839798e-02 8.844409603625535965e-04 7.998274266719818115e-02 1.580691486597061157e-01 8.002435415983200073e-02 1.303159072995185852e-02 7.491081207990646362e-02 1.310206484049558640e-03 4.977966099977493286e-02 7.762435078620910645e-02 4.394566267728805542e-02 1.237610075622797012e-02 9.383159130811691284e-02 1.093251183629035950e-01 0.000000000000000000e+00 3.917569294571876526e-02 7.026902586221694946e-02 9.507189504802227020e-03 1.351898610591888428e-01 8.721081912517547607e-02 1.440028753131628036e-02 1.942662708461284637e-02 1.351521257311105728e-02 8.100228011608123779e-02 4.537286981940269470e-02 2.194542810320854187e-02 5.929833650588989258e-02 9.253544360399246216e-02 2.072822302579879761e-02 2.464667893946170807e-02 1.954669803380966187e-01 5.696794390678405762e-02 1.276197880506515503e-01
1.213361043483018875e-02 2.729895897209644318e-02 4.005874320864677429e-02 1.187862232327461243e-01 1.196342781186103821e-01 4.097712412476539612e-02 2.615745365619659424e-02 3.584030270576477051e-02 3.786743059754371643e-02 8.878221362829208374e-02 3.856593742966651917e-02 8.297849446535110474e-02 2.681259065866470337e-02 5.485755205154418945e-02 7.045117020606994629e-02 3.917569294571876526e-02 0.000000000000000000e+00 3.117916360497474670e-02 2.967955544590950012e-02 1.734469383955001831e-01 1.259561777114868164e-01 2.478938736021518707e-02 1.976410485804080963e-02 2.567407116293907166e-02 4.195973649621009827e-02 8.439854532480239868e-02 1.724508777260780334e-02 9.824579209089279175e-02 5.355389788746833801e-02 1.846246235072612762e-02 1.454305276274681091e-02 1.574973315000534058e-01 1.783204637467861176e-02 8.888850361108779907e-02
1.905276067554950714e-02 5.842838808894157410e-02 7.114904373884201050e-02 1.494120210409164429e-01 8.878630399703979492e-02 9.810496121644973755e-03 5.728989094495773315e-02 4.666353575885295868e-03 6.896516680717468262e-02 1.196302250027656555e-01 7.395667023956775665e-03 1.138630732893943787e-01 5.794331058859825134e-02 2.371895685791969299e-02 3.935845941305160522e-02 7.026902586221694946e-02 3.117916360497474670e-02 0.000000000000000000e+00 6.080244854092597961e-02 2.035254389047622681e-01 1.565206497907638550e-01 5.592532083392143250e-02 5.091189593076705933e-02 5.680776014924049377e-02 1.079469732940196991e-02 1.152743548154830933e-01 4.839822649955749512e-02 1.290297210216522217e-01 2.241215854883193970e-02 4.961306974291801453e-02 4.570148885250091553e-02 1.269415318965911865e-01 1.335454266518354416e-02 5.786972120404243469e-02
4.179811477661132812e-02 2.382527338340878487e-03 1.039154361933469772e-02 8.942192792892456055e-02 1.487855464220046997e-01 7.057085633277893066e-02 3.524838015437126160e-03 6.545023620128631592e-02 8.197085931897163391e-03 5.925880372524261475e-02 6.816746294498443604e-02 5.343053117394447327e-02 2.869249088689684868e-03 8.439968526363372803e-02 9.992179274559020996e-02 9.507189504802227020e-03 2.967955544590950012e-02 6.080244854092597961e-02 0.000000000000000000e+00 1.445113122463226318e-01 9.663788974285125732e-02 4.893768578767776489e-03 9.921269491314888000e-03 4.008538089692592621e-03 7.155019044876098633e-02 5.485639721155166626e-02 1.244083605706691742e-02 6.876675039529800415e-02 8.310136944055557251e-02 1.122324354946613312e-02 1.514303963631391525e-02 1.863059997558593750e-01 4.748646914958953857e-02 1.182560771703720093e-01
1.851908117532730103e-01 1.468432843685150146e-01 1.343214809894561768e-01 5.581059306859970093e-02 2.871233820915222168e-01 2.129108458757400513e-01 1.479607820510864258e-01 2.079942673444747925e-01 1.364758908748626709e-01 8.598887175321578979e-02 2.106041163206100464e-01 9.178951382637023926e-02 1.473194658756256104e-01 2.261526733636856079e-01 2.409537732601165771e-01 1.351898610591888428e-01 1.734469383955001831e-01 2.035254389047622681e-01 1.445113122463226318e-01 0.000000000000000000e+00 4.855145514011383057e-02 1.492994874715805054e-01 1.542114913463592529e-01 1.484338641166687012e-01 2.138503193855285645e-01 9.037131816148757935e-02 1.566704809665679932e-01 7.650481909513473511e-02 2.249116897583007812e-01 1.554823815822601318e-01 1.593057364225387573e-01 3.221441209316253662e-01 1.906892061233520508e-01 2.583523094654083252e-01
1.378790736198425293e-01 9.899762272834777832e-02 8.633303642272949219e-02 7.278861012309789658e-03 2.419446706771850586e-01 1.660761237144470215e-01 1.001286208629608154e-01 1.610693633556365967e-01 8.851091563701629639e-02 3.759437426924705505e-02 1.637267917394638062e-01 4.343161359429359436e-02 9.947955608367919922e-02 1.795729398727416992e-01 1.946798115968704224e-01 8.721081912517547607e-02 1.259561777114868164e-01 1.565206497907638550e-01 9.663788974285125732e-02 4.855145514011383057e-02 0.000000000000000000e+00 1.014836654067039490e-01 1.064570844173431396e-01 1.006074473261833191e-01 1.670331358909606934e-01 4.200416430830955505e-02 1.089477464556694031e-01 2.805758826434612274e-02 1.783073246479034424e-01 1.077442765235900879e-01 1.116175875067710876e-01 2.779397964477539062e-01 1.434659957885742188e-01 2.124659121036529541e-01
3.691189736127853394e-02 2.511270577087998390e-03 1.528453547507524490e-02 9.427443891763687134e-02 1.439966261386871338e-01 6.569977849721908569e-02 1.368954195640981197e-03 6.057586893439292908e-02 1.309032924473285675e-02 6.413397192955017090e-02 6.329481303691864014e-02 5.830905213952064514e-02 2.024547662585973740e-03 7.953877002000808716e-02 9.507451206445693970e-02 1.440028753131628036e-02 2.478938736021518707e-02 5.592532083392143250e-02 4.893768578767776489e-03 1.492994874715805054e-01 1.014836654067039490e-01 0.000000000000000000e+00 5.027744919061660767e-03 8.852478349581360817e-04 6.667976826429367065e-02 5.973413214087486267e-02 7.547527085989713669e-03 7.363574206829071045e-02 7.823941856622695923e-02 6.329822354018688202e-03 1.025003101676702499e-02 1.815777868032455444e-01 4.260260239243507385e-02 1.134279519319534302e-01
3.189006820321083069e-02 7.538920734077692032e-03 2.031071856617927551e-02 9.925513714551925659e-02 1.390695571899414062e-01 6.069207936525344849e-02 6.396655458956956863e-03 5.556504800915718079e-02 1.811688020825386047e-02 6.913942098617553711e-02 5.828561261296272278e-02 6.331823021173477173e-02 7.052221335470676422e-03 7.454083859920501709e-02 9.008984267711639404e-02 1.942662708461284637e-02 1.976410485804080963e-02 5.091189593076705933e-02 9.921269491314888000e-03 1.542114913463592529e-01 1.064570844173431396e-01 5.027744919061660767e-03 0.000000000000000000e+00 5.912966094911098480e-03 6.167269498109817505e-02 6.474243849515914917e-02 2.519877860322594643e-03 7.863438129425048828e-02 7.324048876762390137e-02 1.302118878811597824e-03 5.222555249929428101e-03 1.767113655805587769e-01 3.758290410041809082e-02 1.084620654582977295e-01
3.779590502381324768e-02 1.626026467420160770e-03 1.439948193728923798e-02 9.339698404073715210e-02 1.448634117841720581e-01 6.658115237951278687e-02 4.837070009671151638e-04 6.145782396197319031e-02 1.220522169023752213e-02 6.325231492519378662e-02 6.417646259069442749e-02 5.742676556110382080e-02 1.139302039518952370e-03 8.041836321353912354e-02 9.595169126987457275e-02 1.351521257311105728e-02 2.567407116293907166e-02 5.680776014924049377e-02 4.008538089692592621e-03 1.484338641166687012e-01 1.006074473261833191e-01 8.852478349581360817e-04 5.912966094911098480e-03 0.000000000000000000e+00 6.756102293729782104e-02 5.885199829936027527e-02 8.432718925178050995e-03 7.275523990392684937e-02 7.911919057369232178e-02 7.215029094368219376e-03 1.113517768681049347e-02 1.824337095022201538e-01 4.348620772361755371e-02 1.143017262220382690e-01
2.984131872653961182e-02 6.917945295572280884e-02 8.188084512948989868e-02 1.599487364292144775e-01 7.806642353534698486e-02 9.843048173934221268e-04 6.804250925779342651e-02 6.128652021288871765e-03 7.970052957534790039e-02 1.302567124366760254e-01 3.399301553145051003e-03 1.245047301054000854e-01 6.869503855705261230e-02 1.292757131159305573e-02 2.857590653002262115e-02 8.100228011608123779e-02 4.195973649621009827e-02 1.079469732940196991e-02 7.155019044876098633e-02 2.138503193855285645e-01 1.670331358909606934e-01 6.667976826429367065e-02 6.167269498109817505e-02 6.756102293729782104e-02 0.000000000000000000e+00 1.259123831987380981e-01 5.916201323270797729e-02 1.396299153566360474e-01 1.162027474492788315e-02 6.037542596459388733e-02 5.646833032369613647e-02 1.163062080740928650e-01 2.414575777947902679e-02 4.710445180535316467e-02
9.643340110778808594e-02 5.723144486546516418e-02 4.449021816253662109e-02 3.473592177033424377e-02 2.019933164119720459e-01 1.249435693025588989e-01 5.836994946002960205e-02 1.198762282729148865e-01 4.668030142784118652e-02 4.416764248162508011e-03 1.225655376911163330e-01 1.430061878636479378e-03 5.771656334400177002e-02 1.386143118143081665e-01 1.539344191551208496e-01 4.537286981940269470e-02 8.439854532480239868e-02 1.152743548154830933e-01 5.485639721155166626e-02 9.037131816148757935e-02 4.200416430830955505e-02 5.973413214087486267e-02 6.474243849515914917e-02 5.885199829936027527e-02 1.259123831987380981e-01 0.000000000000000000e+00 6.725133955478668213e-02 1.396302971988916397e-02 1.373317241668701172e-01 6.603898108005523682e-02 6.994133442640304565e-02 2.387226372957229614e-01 1.020769625902175903e-01 1.719967126846313477e-01
2.937255240976810455e-02 1.005860697478055954e-02 2.282942831516265869e-02 1.017495691776275635e-01 1.365975588560104370e-01 5.818109959363937378e-02 8.916389197111129761e-03 5.305259674787521362e-02 2.063581719994544983e-02 7.164681702852249146e-02 5.577392876148223877e-02 6.582760810852050781e-02 9.571928530931472778e-03 7.203448563814163208e-02 8.758984506130218506e-02 2.194542810320854187e-02 1.724508777260780334e-02 4.839822649955749512e-02 1.244083605706691742e-02 1.566704809665679932e-01 1.089477464556694031e-01 7.547527085989713669e-03 2.519877860322594643e-03 8.432718925178050995e-03 5.916201323270797729e-02 6.725133955478668213e-02 0.000000000000000000e+00 8.113817125558853149e-02 7.073365896940231323e-02 1.217762706801295280e-03 2.702712779864668846e-03 1.742690801620483398e-01 3.506635129451751709e-02 1.059711501002311707e-01
1.102479770779609680e-01 7.113762199878692627e-02 5.841695889830589294e-02 2.078297175467014313e-02 2.153489589691162109e-01 1.386646777391433716e-01 7.227407395839691162e-02 1.336156129837036133e-01 6.060383096337318420e-02 9.546854533255100250e-03 1.362953186035156250e-01 1.539278496056795120e-02 7.162187248468399048e-02 1.522826254367828369e-01 1.675373464822769165e-01 5.929833650588989258e-02 9.824579209089279175e-02 1.290297210216522217e-01 6.876675039529800415e-02 7.650481909513473511e-02 2.805758826434612274e-02 7.363574206829071045e-02 7.863438129425048828e-02 7.275523990392684937e-02 1.396299153566360474e-01 1.396302971988916397e-02 8.113817125558853149e-02 0.000000000000000000e+00 1.510051786899566650e-01 7.992830872535705566e-02 8.382250368595123291e-02 2.518461942672729492e-01 1.158748343586921692e-01 1.855142116546630859e-01
4.144722223281860352e-02 8.073482662439346313e-02 9.341225028038024902e-02 1.712507158517837524e-01 6.650648266077041626e-02 1.260443590581417084e-02 7.959984987974166870e-02 1.774766109883785248e-02 9.123630821704864502e-02 1.416625529527664185e-01 1.501898281276226044e-02 1.359283626079559326e-01 8.025125414133071899e-02 1.307492493651807308e-03 1.696126349270343781e-02 9.253544360399246216e-02 5.355389788746833801e-02 2.241215854883193970e-02 8.310136944055557251e-02 2.249116897583007812e-01 1.783073246479034424e-01 7.823941856622695923e-02 7.324048876762390137e-02 7.911919057369232178e-02 1.162027474492788315e-02 1.373317241668701172e-01 7.073365896940231323e-02 1.510051786899566650e-01 0.000000000000000000e+00 7.194522768259048462e-02 6.804395467042922974e-02 1.048276051878929138e-01 3.575599938631057739e-02 3.550361096858978271e-02
3.058922104537487030e-02 8.840952068567276001e-03 2.161226421594619751e-02 1.005442664027214050e-01 1.377923935651779175e-01 5.939465016126632690e-02 7.698709610849618912e-03 5.426685884594917297e-02 1.941854320466518402e-02 7.043520361185073853e-02 5.698782205581665039e-02 6.461501866579055786e-02 8.354263380169868469e-03 7.324583083391189575e-02 8.879813551902770996e-02 2.072822302579879761e-02 1.846246235072612762e-02 4.961306974291801453e-02 1.122324354946613312e-02 1.554823815822601318e-01 1.077442765235900879e-01 6.329822354018688202e-03 1.302118878811597824e-03 7.215029094368219376e-03 6.037542596459388733e-02 6.603898108005523682e-02 1.217762706801295280e-03 7.992830872535705566e-02 7.194522768259048462e-02 0.000000000000000000e+00 3.920462448149919510e-03 1.754496246576309204e-01 3.628256171941757202e-02 1.071750819683074951e-01
2.667195722460746765e-02 1.276097260415554047e-02 2.553056739270687103e-02 1.044235676527023315e-01 1.339443027973175049e-01 5.548711121082305908e-02 1.161882188171148300e-02 5.035710334777832031e-02 2.333722822368144989e-02 7.433513551950454712e-02 5.307921767234802246e-02 6.851813197135925293e-02 1.227432396262884140e-02 6.934527307748794556e-02 8.490722626447677612e-02 2.464667893946170807e-02 1.454305276274681091e-02 4.570148885250091553e-02 1.514303963631391525e-02 1.593057364225387573e-01 1.116175875067710876e-01 1.025003101676702499e-02 5.222555249929428101e-03 1.113517768681049347e-02 5.646833032369613647e-02 6.994133442640304565e-02 2.702712779864668846e-03 8.382250368595123291e-02 6.804395467042922974e-02 3.920462448149919510e-03 0.000000000000000000e+00 1.716472208499908447e-01 3.236670419573783875e-02 1.032980233430862427e-01
1.456420421600341797e-01 1.840051412582397461e-01 1.963174790143966675e-01 2.712096273899078369e-01 3.859016671776771545e-02 1.172770857810974121e-01 1.829012781381607056e-01 1.223476529121398926e-01 1.942065209150314331e-01 2.428833246231079102e-01 1.196582019329071045e-01 2.373736202716827393e-01 1.835348606109619141e-01 1.035343036055564880e-01 8.802284300327301025e-02 1.954669803380966187e-01 1.574973315000534058e-01 1.269415318965911865e-01 1.863059997558593750e-01 3.221441209316253662e-01 2.779397964477539062e-01 1.815777868032455444e-01 1.767113655805587769e-01 1.824337095022201538e-01 1.163062080740928650e-01 2.387226372957229614e-01 1.742690801620483398e-01 2.518461942672729492e-01 1.048276051878929138e-01 1.754496246576309204e-01 1.716472208499908447e-01 0.000000000000000000e+00 1.400586366653442383e-01 6.958296149969100952e-02
5.699668545275926590e-03 4.510904476046562195e-02 5.784946307539939880e-02 1.363295018672943115e-01 1.020198762416839600e-01 2.316200174391269684e-02 4.396899044513702393e-02 1.801977306604385376e-02 5.566188693046569824e-02 1.064457371830940247e-01 2.074815891683101654e-02 1.006615906953811646e-01 4.462330043315887451e-02 3.706176206469535828e-02 5.268531292676925659e-02 5.696794390678405762e-02 1.783204637467861176e-02 1.335454266518354416e-02 4.748646914958953857e-02 1.906892061233520508e-01 1.434659957885742188e-01 4.260260239243507385e-02 3.758290410041809082e-02 4.348620772361755371e-02 2.414575777947902679e-02 1.020769625902175903e-01 3.506635129451751709e-02 1.158748343586921692e-01 3.575599938631057739e-02 3.628256171941757202e-02 3.236670419573783875e-02 1.400586366653442383e-01 0.000000000000000000e+00 7.116926461458206177e-02
7.683776319026947021e-02 1.159062087535858154e-01 1.284897327423095703e-01 2.055048495531082153e-01 3.107624873518943787e-02 4.808653146028518677e-02 1.147790849208831787e-01 5.321773886680603027e-02 1.263307034969329834e-01 1.762795597314834595e-01 5.049566924571990967e-02 1.706086248159408569e-01 1.154259964823722839e-01 3.419770672917366028e-02 1.855351962149143219e-02 1.276197880506515503e-01 8.888850361108779907e-02 5.786972120404243469e-02 1.182560771703720093e-01 2.583523094654083252e-01 2.124659121036529541e-01 1.134279519319534302e-01 1.084620654582977295e-01 1.143017262220382690e-01 4.710445180535316467e-02 1.719967126846313477e-01 1.059711501002311707e-01 1.855142116546630859e-01 3.550361096858978271e-02 1.071750819683074951e-01 1.032980233430862427e-01 6.958296149969100952e-02 7.116926461458206177e-02 0.000000000000000000e+00
