0.000000000000000000e+00 4.714707285165786743e-02 5.470629781484603882e-02 1.358365416526794434e-01 1.061613410711288452e-01 3.079079277813434601e-02 4.261638224124908447e-02 2.720471844077110291e-02 5.316624417901039124e-02 1.014057993888854980e-01 2.848980575799942017e-02 9.660009294748306274e-02 4.639406129717826843e-02 3.648491948843002319e-02 5.978447571396827698e-02 4.637647420167922974e-02 1.398929208517074585e-02 1.553899142891168594e-02 3.772246465086936951e-02 1.883336156606674194e-01 1.377748996019363403e-01 3.981628268957138062e-02 3.277735039591789246e-02 4.154345393180847168e-02 3.365688398480415344e-02 9.799107164144515991e-02 2.817880734801292419e-02 1.058406531810760498e-01 4.433562234044075012e-02 3.242759034037590027e-02 3.868584334850311279e-02 1.375957131385803223e-01 9.032582864165306091e-03 8.013185113668441772e-02
4.714707285165786743e-02 0.000000000000000000e+00 7.578775752335786819e-03 8.926112204790115356e-02 1.525449007749557495e-01 7.782488316297531128e-02 4.539811518043279648e-03 7.425655424594879150e-02 6.034300196915864944e-03 5.451939254999160767e-02 7.553542405366897583e-02 4.967927187681198120e-02 7.546612760052084923e-04 8.348837494850158691e-02 1.066309884190559387e-01 7.722891750745475292e-04 3.317966312170028687e-02 6.264017522335052490e-02 9.441399015486240387e-03 1.424514353275299072e-01 9.122036397457122803e-02 7.344576995819807053e-03 1.439196150749921799e-02 5.614615511149168015e-03 8.067593723535537720e-02 5.107999965548515320e-02 1.899349875748157501e-02 5.898793414235115051e-02 9.129186719655990601e-02 1.474201958626508713e-02 8.476690389215946198e-03 1.835520416498184204e-01 5.615574121475219727e-02 1.267998814582824707e-01
5.470629781484603882e-02 7.578775752335786819e-03 0.000000000000000000e+00 8.173764497041702271e-02 1.599387526512145996e-01 8.535331487655639648e-02 1.211817096918821335e-02 8.178929239511489868e-02 1.544546335935592651e-03 4.696001857519149780e-02 8.306664228439331055e-02 4.211635515093803406e-02 8.333389647305011749e-03 9.100956469774246216e-02 1.141175329685211182e-01 8.351015858352184296e-03 4.074819013476371765e-02 7.018563151359558105e-02 1.701895706355571747e-02 1.350184231996536255e-01 8.369944244623184204e-02 1.492252293974161148e-02 2.196834236383438110e-02 1.319282874464988708e-02 8.820077776908874512e-02 4.351807013154029846e-02 2.656844817101955414e-02 5.143215134739875793e-02 9.880229085683822632e-02 2.231830172240734100e-02 1.605443470180034637e-02 1.908652931451797485e-01 6.370740383863449097e-02 1.342496424913406372e-01
1.358365416526794434e-01 8.926112204790115356e-02 8.173764497041702271e-02 0.000000000000000000e+00 2.385577410459518433e-01 1.659333258867263794e-01 9.376294165849685669e-02 1.624409854412078857e-01 8.327168226242065430e-02 3.491163253784179688e-02 1.636928766965866089e-01 3.975815698504447937e-02 9.000971913337707520e-02 1.714716553688049316e-01 1.940451860427856445e-01 9.002721309661865234e-02 1.220792382955551147e-01 1.510566920042037964e-01 9.861941635608673096e-02 5.387535691261291504e-02 1.975319348275661469e-03 9.654241055250167847e-02 1.035200953483581543e-01 9.482821077108383179e-02 1.687220484018325806e-01 3.835601359605789185e-02 1.080714017152786255e-01 3.043343126773834229e-02 1.790935844182968140e-01 1.038664728403091431e-01 9.766391664743423462e-02 2.684154212474822998e-01 1.446916013956069946e-01 2.136429399251937866e-01
1.061613410711288452e-01 1.525449007749557495e-01 1.599387526512145996e-01 2.385577410459518433e-01 0.000000000000000000e+00 7.561773061752319336e-02 1.481076478958129883e-01 7.918531447649002075e-02 1.584333479404449463e-01 2.053564041852951050e-01 7.790716737508773804e-02 2.007031887769699097e-01 1.518077105283737183e-01 6.994735449552536011e-02 4.667309299111366272e-02 1.517904996871948242e-01 1.199724599719047546e-01 9.077208489179611206e-02 1.433099061250686646e-01 2.887223064899444580e-01 2.404197752475738525e-01 1.453631818294525146e-01 1.384569108486175537e-01 1.470562368631362915e-01 7.276444882154464722e-02 2.020505070686340332e-01 1.339394599199295044e-01 2.096463739871978760e-01 6.211809441447257996e-02 1.381134688854217529e-01 1.442547440528869629e-01 3.190035372972488403e-02 9.722198545932769775e-02 2.625281922519207001e-02
3.079079277813434601e-02 7.782488316297531128e-02 8.535331487655639648e-02 1.659333258867263794e-01 7.561773061752319336e-02 0.000000000000000000e+00 7.331097126007080078e-02 3.589078551158308983e-03 8.381982147693634033e-02 1.317851096391677856e-01 2.303005196154117584e-03 1.270130872726440430e-01 7.707474380731582642e-02 5.700530484318733215e-03 2.904715389013290405e-02 7.705722749233245850e-02 4.476080462336540222e-02 1.525910012423992157e-02 6.843376904726028442e-02 2.178610563278198242e-01 1.678536236286163330e-01 7.052061706781387329e-02 6.350404769182205200e-02 7.224184274673461914e-02 2.869063988327980042e-03 1.283944696187973022e-01 5.891847983002662659e-02 1.361876279115676880e-01 1.356334611773490906e-02 6.315532326698303223e-02 6.939397007226943970e-02 1.072593554854393005e-01 2.176426164805889130e-02 4.946310073137283325e-02
4.261638224124908447e-02 4.539811518043279648e-03 1.211817096918821335e-02 9.376294165849685669e-02 1.481076478958129883e-01 7.331097126007080078e-02 0.000000000000000000e+00 6.974025070667266846e-02 1.057382207363843918e-02 5.904459208250045776e-02 7.101996243000030518e-02 5.420685559511184692e-02 3.785163164138793945e-03 7.897849380970001221e-02 1.021406203508377075e-01 3.767535090446472168e-03 2.864416688680648804e-02 5.811689049005508423e-02 4.901797510683536530e-03 1.468962579965591431e-01 9.572052955627441406e-02 2.804859075695276260e-03 9.852793999016284943e-03 1.074831467121839523e-03 7.616402208805084229e-02 5.560691654682159424e-02 1.445493288338184357e-02 6.351073831319808960e-02 8.678802847862243652e-02 1.020289119333028793e-02 3.937030211091041565e-03 1.791615188121795654e-01 5.162909254431724548e-02 1.223304867744445801e-01
2.720471844077110291e-02 7.425655424594879150e-02 8.178929239511489868e-02 1.624409854412078857e-01 7.918531447649002075e-02 3.589078551158308983e-03 6.974025070667266846e-02 0.000000000000000000e+00 8.025489002466201782e-02 1.282567083835601807e-01 1.286083948798477650e-03 1.234802976250648499e-01 7.350601255893707275e-02 9.289419278502464294e-03 3.263282775878906250e-02 7.348847389221191406e-02 4.117834195494651794e-02 1.167066115885972977e-02 6.486061960458755493e-02 2.144396454095840454e-01 1.643635481595993042e-01 6.694848835468292236e-02 5.992863327264785767e-02 6.867055594921112061e-02 6.458075717091560364e-03 1.248629391193389893e-01 5.534110218286514282e-02 1.326633840799331665e-01 1.715159043669700623e-02 5.957974866032600403e-02 6.582129001617431641e-02 1.108057647943496704e-01 1.817660219967365265e-02 5.304276570677757263e-02
5.316624417901039124e-02 6.034300196915864944e-03 1.544546335935592651e-03 8.327168226242065430e-02 1.584333479404449463e-01 8.381982147693634033e-02 1.057382207363843918e-02 8.025489002466201782e-02 0.000000000000000000e+00 4.850104823708534241e-02 8.153255283832550049e-02 4.365806281566619873e-02 6.788930390030145645e-03 8.947759866714477539e-02 1.125928387045860291e-01 6.806557066738605499e-03 3.920611366629600525e-02 6.864852458238601685e-02 1.547481771558523178e-02 1.365344971418380737e-01 8.523297309875488281e-02 1.337828487157821655e-02 2.042448893189430237e-02 1.164851989597082138e-02 8.666803687810897827e-02 4.505958780646324158e-02 2.502492815256118774e-02 5.297248810529708862e-02 9.727258235216140747e-02 2.077447250485420227e-02 1.451024878770112991e-02 1.893765777349472046e-01 6.216897442936897278e-02 1.327326148748397827e-01
1.014057993888854980e-01 5.451939254999160767e-02 4.696001857519149780e-02 3.491163253784179688e-02 2.053564041852951050e-01 1.317851096391677856e-01 5.904459208250045776e-02 1.282567083835601807e-01 4.850104823708534241e-02 0.000000000000000000e+00 1.295214146375656128e-01 4.853263031691312790e-03 5.527178198099136353e-02 1.373824328184127808e-01 1.602189391851425171e-01 5.528935417532920837e-02 8.754070103168487549e-02 1.167608126997947693e-01 6.392788141965866089e-02 8.862030506134033203e-02 3.688440844416618347e-02 6.183920800685882568e-02 6.885732710361480713e-02 6.011560186743736267e-02 1.346032768487930298e-01 3.448998788371682167e-03 7.343684136867523193e-02 4.482961259782314301e-03 1.450891345739364624e-01 6.920579075813293457e-02 6.296698749065399170e-02 2.357126176357269287e-01 1.103373244404792786e-01 1.800744086503982544e-01
2.848980575799942017e-02 7.553542405366897583e-02 8.306664228439331055e-02 1.636928766965866089e-01 7.790716737508773804e-02 2.303005196154117584e-03 7.101996243000030518e-02 1.286083948798477650e-03 8.153255283832550049e-02 1.295214146375656128e-01 0.000000000000000000e+00 1.247465759515762329e-01 7.478502392768859863e-02 8.003430441021919250e-03 3.134806081652641296e-02 7.476749271154403687e-02 4.246217757463455200e-02 1.295655034482479095e-02 6.614118814468383789e-02 2.156662642955780029e-01 1.656146198511123657e-01 6.822869926691055298e-02 6.120999902486801147e-02 6.995046883821487427e-02 5.172034725546836853e-03 1.261287629604339600e-01 5.662315711379051208e-02 1.339266151189804077e-01 1.586585678160190582e-02 6.086117029190063477e-02 6.710169464349746704e-02 1.095352917909622192e-01 1.946223154664039612e-02 5.176021158695220947e-02
9.660009294748306274e-02 4.967927187681198120e-02 4.211635515093803406e-02 3.975815698504447937e-02 2.007031887769699097e-01 1.270130872726440430e-01 5.420685559511184692e-02 1.234802976250648499e-01 4.365806281566619873e-02 4.853263031691312790e-03 1.247465759515762329e-01 0.000000000000000000e+00 5.043204128742218018e-02 1.326175928115844727e-01 1.554865986108779907e-01 5.044962838292121887e-02 8.272258192300796509e-02 1.119709983468055725e-01 5.909295380115509033e-02 9.343338012695312500e-02 4.173019900918006897e-02 5.700304731726646423e-02 6.402545422315597534e-02 5.527847260236740112e-02 1.298348456621170044e-01 1.404287875629961491e-03 6.860803067684173584e-02 9.336021728813648224e-03 1.403346657752990723e-01 6.437414884567260742e-02 5.813147872686386108e-02 2.311237752437591553e-01 1.055405810475349426e-01 1.753744035959243774e-01
4.639406129717826843e-02 7.546612760052084923e-04 8.333389647305011749e-03 9.000971913337707520e-02 1.518077105283737183e-01 7.707474380731582642e-02 3.785163164138793945e-03 7.350601255893707275e-02 6.788930390030145645e-03 5.527178198099136353e-02 7.478502392768859863e-02 5.043204128742218018e-02 0.000000000000000000e+00 8.273892104625701904e-02 1.058848500251770020e-01 1.762795363902114332e-05 3.242581337690353394e-02 6.188844144344329834e-02 8.686799556016921997e-03 1.431907117366790771e-01 9.196869283914566040e-02 6.589952390640974045e-03 1.363744866102933884e-02 4.859974607825279236e-03 7.992614060640335083e-02 5.183266475796699524e-02 1.823909766972064972e-02 5.973993614315986633e-02 9.054344147443771362e-02 1.398751419037580490e-02 7.722078356891870499e-03 1.828227043151855469e-01 5.540343001484870911e-02 1.260572820901870728e-01
3.648491948843002319e-02 8.348837494850158691e-02 9.100956469774246216e-02 1.714716553688049316e-01 6.994735449552536011e-02 5.700530484318733215e-03 7.897849380970001221e-02 9.289419278502464294e-03 8.947759866714477539e-02 1.373824328184127808e-01 8.003430441021919250e-03 1.326175928115844727e-01 8.273892104625701904e-02 0.000000000000000000e+00 2.335049025714397430e-02 8.272141963243484497e-02 5.044846236705780029e-02 2.095780707895755768e-02 7.410538941621780396e-02 2.232842892408370972e-01 1.733882427215576172e-01 7.619051635265350342e-02 6.917953491210937500e-02 7.791028916835784912e-02 2.831513062119483948e-03 1.339969336986541748e-01 6.459731608629226685e-02 1.417780965566635132e-01 7.863423787057399750e-03 6.883107125759124756e-02 7.506480813026428223e-02 1.016209572553634644e-01 2.746138535439968109e-02 4.377491399645805359e-02
5.978447571396827698e-02 1.066309884190559387e-01 1.141175329685211182e-01 1.940451860427856445e-01 4.667309299111366272e-02 2.904715389013290405e-02 1.021406203508377075e-01 3.263282775878906250e-02 1.125928387045860291e-01 1.602189391851425171e-01 3.134806081652641296e-02 1.554865986108779907e-01 1.058848500251770020e-01 2.335049025714397430e-02 0.000000000000000000e+00 1.058674231171607971e-01 7.371211796998977661e-02 4.428661987185478210e-02 9.728753566741943359e-02 2.453555315732955933e-01 1.959454119205474854e-01 9.936422854661941528e-02 9.238079935312271118e-02 1.010768860578536987e-01 2.618027105927467346e-02 1.568566262722015381e-01 8.781533688306808472e-02 1.645836979150772095e-01 1.548990793526172638e-02 9.203364700078964233e-02 9.824309498071670532e-02 7.845663279294967651e-02 5.077930912375450134e-02 2.044532448053359985e-02
4.637647420167922974e-02 7.722891750745475292e-04 8.351015858352184296e-03 9.002721309661865234e-02 1.517904996871948242e-01 7.705722749233245850e-02 3.767535090446472168e-03 7.348847389221191406e-02 6.806557066738605499e-03 5.528935417532920837e-02 7.476749271154403687e-02 5.044962838292121887e-02 1.762795363902114332e-05 8.272141963243484497e-02 1.058674231171607971e-01 0.000000000000000000e+00 3.240820392966270447e-02 6.187087669968605042e-02 8.669173344969749451e-03 1.432079672813415527e-01 9.198617935180664062e-02 6.572324782609939575e-03 1.361982338130474091e-02 4.842347465455532074e-03 7.990863174200057983e-02 5.185024067759513855e-02 1.822147518396377563e-02 5.975750461220741272e-02 9.052595496177673340e-02 1.396988984197378159e-02 7.704450748860836029e-03 1.828056722879409790e-01 5.538585409522056580e-02 1.260399222373962402e-01
1.398929208517074585e-02 3.317966312170028687e-02 4.074819013476371765e-02 1.220792382955551147e-01 1.199724599719047546e-01 4.476080462336540222e-02 2.864416688680648804e-02 4.117834195494651794e-02 3.920611366629600525e-02 8.754070103168487549e-02 4.246217757463455200e-02 8.272258192300796509e-02 3.242581337690353394e-02 5.044846236705780029e-02 7.371211796998977661e-02 3.240820392966270447e-02 0.000000000000000000e+00 2.952186763286590576e-02 2.374570257961750031e-02 1.748048812150955200e-01 1.240246370434761047e-01 2.584138326346874237e-02 1.879667676985263824e-02 2.757018245756626129e-02 4.762374982237815857e-02 8.411709964275360107e-02 1.419511158019304276e-02 9.198755770921707153e-02 5.828876793384552002e-02 1.844666525721549988e-02 2.470992319285869598e-02 1.512937843799591064e-01 2.301896736025810242e-02 9.401575475931167603e-02
1.553899142891168594e-02 6.264017522335052490e-02 7.018563151359558105e-02 1.510566920042037964e-01 9.077208489179611206e-02 1.525910012423992157e-02 5.811689049005508423e-02 1.167066115885972977e-02 6.864852458238601685e-02 1.167608126997947693e-01 1.295655034482479095e-02 1.119709983468055725e-01 6.188844144344329834e-02 2.095780707895755768e-02 4.428661987185478210e-02 6.187087669968605042e-02 2.952186763286590576e-02 0.000000000000000000e+00 5.323025211691856384e-02 2.032777220010757446e-01 1.529863476753234863e-01 5.532104894518852234e-02 4.829175025224685669e-02 5.704561620950698853e-02 1.812737062573432922e-02 1.133574619889259338e-01 4.369866475462913513e-02 1.211803406476974487e-01 2.881648391485214233e-02 4.794242233037948608e-02 5.419225990772247314e-02 1.223182454705238342e-01 6.507322657853364944e-03 6.467338651418685913e-02
3.772246465086936951e-02 9.441399015486240387e-03 1.701895706355571747e-02 9.861941635608673096e-02 1.433099061250686646e-01 6.843376904726028442e-02 4.901797510683536530e-03 6.486061960458755493e-02 1.547481771558523178e-02 6.392788141965866089e-02 6.614118814468383789e-02 5.909295380115509033e-02 8.686799556016921997e-03 7.410538941621780396e-02 9.728753566741943359e-02 8.669173344969749451e-03 2.374570257961750031e-02 5.323025211691856384e-02 0.000000000000000000e+00 1.516888290643692017e-01 1.005751490592956543e-01 2.096967538818717003e-03 4.951234906911849976e-03 3.826986998319625854e-03 7.128883898258209229e-02 6.049222499132156372e-02 9.553810581564903259e-03 6.839124858379364014e-02 8.192107081413269043e-02 5.301359109580516815e-03 9.647862752899527550e-04 1.744129061698913574e-01 4.673912003636360168e-02 1.174991428852081299e-01
1.883336156606674194e-01 1.424514353275299072e-01 1.350184231996536255e-01 5.387535691261291504e-02 2.887223064899444580e-01 2.178610563278198242e-01 1.468962579965591431e-01 2.144396454095840454e-01 1.365344971418380737e-01 8.862030506134033203e-02 2.156662642955780029e-01 9.343338012695312500e-02 1.431907117366790771e-01 2.232842892408370972e-01 2.453555315732955933e-01 1.432079672813415527e-01 1.748048812150955200e-01 2.032777220010757446e-01 1.516888290643692017e-01 0.000000000000000000e+00 5.190556123852729797e-02 1.496394574642181396e-01 1.565225124359130859e-01 1.479477137327194214e-01 2.205922305583953857e-01 9.204117208719253540e-02 1.610092967748641968e-01 8.417078107595443726e-02 2.307425886392593384e-01 1.568640470504760742e-01 1.507461071014404297e-01 3.176965713500976562e-01 1.970310360193252563e-01 2.644741535186767578e-01
1.377748996019363403e-01 9.122036397457122803e-02 8.369944244623184204e-02 1.975319348275661469e-03 2.404197752475738525e-01 1.678536236286163330e-01 9.572052955627441406e-02 1.643635481595993042e-01 8.523297309875488281e-02 3.688440844416618347e-02 1.656146198511123657e-01 4.173019900918006897e-02 9.196869283914566040e-02 1.733882427215576172e-01 1.959454119205474854e-01 9.198617935180664062e-02 1.240246370434761047e-01 1.529863476753234863e-01 1.005751490592956543e-01 5.190556123852729797e-02 0.000000000000000000e+00 9.849894791841506958e-02 1.054738536477088928e-01 9.678540378808975220e-02 1.706404983997344971e-01 4.032827541232109070e-02 1.100232303142547607e-01 3.240680322051048279e-02 1.810048818588256836e-01 1.058200821280479431e-01 9.962002187967300415e-02 2.702474594116210938e-01 1.466249972581863403e-01 2.155272811651229858e-01
3.981628268957138062e-02 7.344576995819807053e-03 1.492252293974161148e-02 9.654241055250167847e-02 1.453631818294525146e-01 7.052061706781387329e-02 2.804859075695276260e-03 6.694848835468292236e-02 1.337828487157821655e-02 6.183920800685882568e-02 6.822869926691055298e-02 5.700304731726646423e-02 6.589952390640974045e-03 7.619051635265350342e-02 9.936422854661941528e-02 6.572324782609939575e-03 2.584138326346874237e-02 5.532104894518852234e-02 2.096967538818717003e-03 1.496394574642181396e-01 9.849894791841506958e-02 0.000000000000000000e+00 7.048129569739103317e-03 1.730032963678240776e-03 7.337483763694763184e-02 5.840266868472099304e-02 1.165054552257061005e-02 6.630378961563110352e-02 8.400361239910125732e-02 7.398243993520736694e-03 1.132183591835200787e-03 1.764453351497650146e-01 4.883130639791488647e-02 1.195666566491127014e-01
3.277735039591789246e-02 1.439196150749921799e-02 2.196834236383438110e-02 1.035200953483581543e-01 1.384569108486175537e-01 6.350404769182205200e-02 9.852793999016284943e-03 5.992863327264785767e-02 2.042448893189430237e-02 6.885732710361480713e-02 6.120999902486801147e-02 6.402545422315597534e-02 1.363744866102933884e-02 6.917953491210937500e-02 9.238079935312271118e-02 1.361982338130474091e-02 1.879667676985263824e-02 4.829175025224685669e-02 4.951234906911849976e-03 1.565225124359130859e-01 1.054738536477088928e-01 7.048129569739103317e-03 0.000000000000000000e+00 8.778055198490619659e-03 6.636102497577667236e-02 6.542386859655380249e-02 4.602793604135513306e-03 7.331765443086624146e-02 7.700107246637344360e-02 3.501329920254647732e-04 5.915993358939886093e-03 1.696081310510635376e-01 4.179755970835685730e-02 1.126134246587753296e-01
4.154345393180847168e-02 5.614615511149168015e-03 1.319282874464988708e-02 9.482821077108383179e-02 1.470562368631362915e-01 7.224184274673461914e-02 1.074831467121839523e-03 6.867055594921112061e-02 1.164851989597082138e-02 6.011560186743736267e-02 6.995046883821487427e-02 5.527847260236740112e-02 4.859974607825279236e-03 7.791028916835784912e-02 1.010768860578536987e-01 4.842347465455532074e-03 2.757018245756626129e-02 5.704561620950698853e-02 3.826986998319625854e-03 1.479477137327194214e-01 9.678540378808975220e-02 1.730032963678240776e-03 8.778055198490619659e-03 0.000000000000000000e+00 7.509533315896987915e-02 5.667835474014282227e-02 1.338030770421028137e-02 6.458116322755813599e-02 8.572118729352951050e-02 9.128160774707794189e-03 2.862210851162672043e-03 1.781210005283355713e-01 5.055706202983856201e-02 1.212715953588485718e-01
3.365688398480415344e-02 8.067593723535537720e-02 8.820077776908874512e-02 1.687220484018325806e-01 7.276444882154464722e-02 2.869063988327980042e-03 7.616402208805084229e-02 6.458075717091560364e-03 8.666803687810897827e-02 1.346032768487930298e-01 5.172034725546836853e-03 1.298348456621170044e-01 7.992614060640335083e-02 2.831513062119483948e-03 2.618027105927467346e-02 7.990863174200057983e-02 4.762374982237815857e-02 1.812737062573432922e-02 7.128883898258209229e-02 2.205922305583953857e-01 1.706404983997344971e-01 7.337483763694763184e-02 6.636102497577667236e-02 7.509533315896987915e-02 0.000000000000000000e+00 1.312151998281478882e-01 6.177709624171257019e-02 1.390023678541183472e-01 1.069469936192035675e-02 6.601242721080780029e-02 7.224865257740020752e-02 1.044224202632904053e-01 2.463178709149360657e-02 4.660065099596977234e-02
9.799107164144515991e-02 5.107999965548515320e-02 4.351807013154029846e-02 3.835601359605789185e-02 2.020505070686340332e-01 1.283944696187973022e-01 5.560691654682159424e-02 1.248629391193389893e-01 4.505958780646324158e-02 3.448998788371682167e-03 1.261287629604339600e-01 1.404287875629961491e-03 5.183266475796699524e-02 1.339969336986541748e-01 1.568566262722015381e-01 5.185024067759513855e-02 8.411709964275360107e-02 1.133574619889259338e-01 6.049222499132156372e-02 9.204117208719253540e-02 4.032827541232109070e-02 5.840266868472099304e-02 6.542386859655380249e-02 5.667835474014282227e-02 1.312151998281478882e-01 0.000000000000000000e+00 7.000557333230972290e-02 7.931836880743503571e-03 1.417110413312911987e-01 6.577248871326446533e-02 5.953091382980346680e-02 2.324525862932205200e-01 1.069290190935134888e-01 1.767351776361465454e-01
2.817880734801292419e-02 1.899349875748157501e-02 2.656844817101955414e-02 1.080714017152786255e-01 1.339394599199295044e-01 5.891847983002662659e-02 1.445493288338184357e-02 5.534110218286514282e-02 2.502492815256118774e-02 7.343684136867523193e-02 5.662315711379051208e-02 6.860803067684173584e-02 1.823909766972064972e-02 6.459731608629226685e-02 8.781533688306808472e-02 1.822147518396377563e-02 1.419511158019304276e-02 4.369866475462913513e-02 9.553810581564903259e-03 1.610092967748641968e-01 1.100232303142547607e-01 1.165054552257061005e-02 4.602793604135513306e-03 1.338030770421028137e-02 6.177709624171257019e-02 7.000557333230972290e-02 0.000000000000000000e+00 7.789415866136550903e-02 7.242394983768463135e-02 4.252667073160409927e-03 1.051850058138370514e-02 1.651342511177062988e-01 3.720192238688468933e-02 1.080666407942771912e-01
1.058406531810760498e-01 5.898793414235115051e-02 5.143215134739875793e-02 3.043343126773834229e-02 2.096463739871978760e-01 1.361876279115676880e-01 6.351073831319808960e-02 1.326633840799331665e-01 5.297248810529708862e-02 4.482961259782314301e-03 1.339266151189804077e-01 9.336021728813648224e-03 5.973993614315986633e-02 1.417780965566635132e-01 1.645836979150772095e-01 5.975750461220741272e-02 9.198755770921707153e-02 1.211803406476974487e-01 6.839124858379364014e-02 8.417078107595443726e-02 3.240680322051048279e-02 6.630378961563110352e-02 7.331765443086624146e-02 6.458116322755813599e-02 1.390023678541183472e-01 7.931836880743503571e-03 7.789415866136550903e-02 0.000000000000000000e+00 1.494748592376708984e-01 7.366590201854705811e-02 6.743090599775314331e-02 2.399420440196990967e-01 1.147635132074356079e-01 1.844084858894348145e-01
4.433562234044075012e-02 9.129186719655990601e-02 9.880229085683822632e-02 1.790935844182968140e-01 6.211809441447257996e-02 1.356334611773490906e-02 8.678802847862243652e-02 1.715159043669700623e-02 9.727258235216140747e-02 1.450891345739364624e-01 1.586585678160190582e-02 1.403346657752990723e-01 9.054344147443771362e-02 7.863423787057399750e-03 1.548990793526172638e-02 9.052595496177673340e-02 5.828876793384552002e-02 2.881648391485214233e-02 8.192107081413269043e-02 2.307425886392593384e-01 1.810048818588256836e-01 8.400361239910125732e-02 7.700107246637344360e-02 8.572118729352951050e-02 1.069469936192035675e-02 1.417110413312911987e-01 7.242394983768463135e-02 1.494748592376708984e-01 0.000000000000000000e+00 7.665300369262695312e-02 8.287931233644485474e-02 9.383250772953033447e-02 3.531718626618385315e-02 3.592385724186897278e-02
3.242759034037590027e-02 1.474201958626508713e-02 2.231830172240734100e-02 1.038664728403091431e-01 1.381134688854217529e-01 6.315532326698303223e-02 1.020289119333028793e-02 5.957974866032600403e-02 2.077447250485420227e-02 6.920579075813293457e-02 6.086117029190063477e-02 6.437414884567260742e-02 1.398751419037580490e-02 6.883107125759124756e-02 9.203364700078964233e-02 1.396988984197378159e-02 1.844666525721549988e-02 4.794242233037948608e-02 5.301359109580516815e-03 1.568640470504760742e-01 1.058200821280479431e-01 7.398243993520736694e-03 3.501329920254647732e-04 9.128160774707794189e-03 6.601242721080780029e-02 6.577248871326446533e-02 4.252667073160409927e-03 7.366590201854705811e-02 7.665300369262695312e-02 0.000000000000000000e+00 6.266112904995679855e-03 1.692680567502975464e-01 4.144803062081336975e-02 1.122677177190780640e-01
3.868584334850311279e-02 8.476690389215946198e-03 1.605443470180034637e-02 9.766391664743423462e-02 1.442547440528869629e-01 6.939397007226943970e-02 3.937030211091041565e-03 6.582129001617431641e-02 1.451024878770112991e-02 6.296698749065399170e-02 6.710169464349746704e-02 5.813147872686386108e-02 7.722078356891870499e-03 7.506480813026428223e-02 9.824309498071670532e-02 7.704450748860836029e-03 2.470992319285869598e-02 5.419225990772247314e-02 9.647862752899527550e-04 1.507461071014404297e-01 9.962002187967300415e-02 1.132183591835200787e-03 5.915993358939886093e-03 2.862210851162672043e-03 7.224865257740020752e-02 5.953091382980346680e-02 1.051850058138370514e-02 6.743090599775314331e-02 8.287931233644485474e-02 6.266112904995679855e-03 0.000000000000000000e+00 1.753481775522232056e-01 4.770175740122795105e-02 1.184505075216293335e-01
1.375957131385803223e-01 1.835520416498184204e-01 1.908652931451797485e-01 2.684154212474822998e-01 3.190035372972488403e-02 1.072593554854393005e-01 1.791615188121795654e-01 1.108057647943496704e-01 1.893765777349472046e-01 2.357126176357269287e-01 1.095352917909622192e-01 2.311237752437591553e-01 1.828227043151855469e-01 1.016209572553634644e-01 7.845663279294967651e-02 1.828056722879409790e-01 1.512937843799591064e-01 1.223182454705238342e-01 1.744129061698913574e-01 3.176965713500976562e-01 2.702474594116210938e-01 1.764453351497650146e-01 1.696081310510635376e-01 1.781210005283355713e-01 1.044224202632904053e-01 2.324525862932205200e-01 1.651342511177062988e-01 2.399420440196990967e-01 9.383250772953033447e-02 1.692680567502975464e-01 1.753481775522232056e-01 0.000000000000000000e+00 1.287231147289276123e-01 5.810451135039329529e-02
9.032582864165306091e-03 5.615574121475219727e-02 6.370740383863449097e-02 1.446916013956069946e-01 9.722198545932769775e-02 2.176426164805889130e-02 5.162909254431724548e-02 1.817660219967365265e-02 6.216897442936897278e-02 1.103373244404792786e-01 1.946223154664039612e-02 1.055405810475349426e-01 5.540343001484870911e-02 2.746138535439968109e-02 5.077930912375450134e-02 5.538585409522056580e-02 2.301896736025810242e-02 6.507322657853364944e-03 4.673912003636360168e-02 1.970310360193252563e-01 1.466249972581863403e-01 4.883130639791488647e-02 4.179755970835685730e-02 5.055706202983856201e-02 2.463178709149360657e-02 1.069290190935134888e-01 3.720192238688468933e-02 1.147635132074356079e-01 3.531718626618385315e-02 4.144803062081336975e-02 4.770175740122795105e-02 1.287231147289276123e-01 0.000000000000000000e+00 7.115076482295989990e-02
8.013185113668441772e-02 1.267998814582824707e-01 1.342496424913406372e-01 2.136429399251937866e-01 2.625281922519207001e-02 4.946310073137283325e-02 1.223304867744445801e-01 5.304276570677757263e-02 1.327326148748397827e-01 1.800744086503982544e-01 5.176021158695220947e-02 1.753744035959243774e-01 1.260572820901870728e-01 4.377491399645805359e-02 2.044532448053359985e-02 1.260399222373962402e-01 9.401575475931167603e-02 6.467338651418685913e-02 1.174991428852081299e-01 2.644741535186767578e-01 2.155272811651229858e-01 1.195666566491127014e-01 1.126134246587753296e-01 1.212715953588485718e-01 4.660065099596977234e-02 1.767351776361465454e-01 1.080666407942771912e-01 1.844084858894348145e-01 3.592385724186897278e-02 1.122677177190780640e-01 1.184505075216293335e-01 5.810451135039329529e-02 7.115076482295989990e-02 0.000000000000000000e+00
