0.000000000000000000e+00 3.721771761775016785e-02 4.781633615493774414e-02 1.338748484849929810e-01 1.111136153340339661e-01 2.922898717224597931e-02 3.628248721361160278e-02 2.537368237972259521e-02 4.497641697525978088e-02 9.768027067184448242e-02 2.820233441889286041e-02 8.807647228240966797e-02 3.821396827697753906e-02 4.432578012347221375e-02 7.041021436452865601e-02 4.042639210820198059e-02 1.381383650004863739e-02 3.190616145730018616e-02 2.999218367040157318e-02 1.830562949180603027e-01 1.413277089595794678e-01 3.258934989571571350e-02 2.512623928487300873e-02 3.774612396955490112e-02 3.316577896475791931e-02 9.612890332937240601e-02 2.843183837831020355e-02 9.875046461820602417e-02 4.443109780550003052e-02 2.923575788736343384e-02 3.127666935324668884e-02 1.382708698511123657e-01 8.554670028388500214e-03 8.447327464818954468e-02
3.721771761775016785e-02 0.000000000000000000e+00 1.061751041561365128e-02 9.714114665985107422e-02 1.477204412221908569e-01 6.637450307607650757e-02 9.364963625557720661e-04 6.253235042095184326e-02 7.771707605570554733e-03 6.068316102027893066e-02 6.535145640373229980e-02 5.102602019906044006e-02 9.976672008633613586e-04 8.140919357538223267e-02 1.073466241359710693e-01 3.213507123291492462e-03 2.341592125594615936e-02 6.904189288616180420e-02 7.233611308038234711e-03 1.468389928340911865e-01 1.046604886651039124e-01 4.633989185094833374e-03 1.210280042141675949e-02 5.291468114592134953e-04 7.029673457145690918e-02 5.912270769476890564e-02 8.795186877250671387e-03 6.175972893834114075e-02 8.151402324438095093e-02 7.990656420588493347e-03 5.947971716523170471e-03 1.745901107788085938e-01 4.575781896710395813e-02 1.213096007704734802e-01
4.781633615493774414e-02 1.061751041561365128e-02 0.000000000000000000e+00 8.661296218633651733e-02 1.580899953842163086e-01 7.693779468536376953e-02 1.155389193445444107e-02 7.310132682323455811e-02 2.846036339178681374e-03 5.009793117642402649e-02 7.591629028320312500e-02 4.043041914701461792e-02 9.619944728910923004e-03 9.194722771644592285e-02 1.178298443555831909e-01 7.404254749417304993e-03 3.402497246861457825e-02 7.960105687379837036e-02 1.784974895417690277e-02 1.364341825246810913e-01 9.414760768413543701e-02 1.525074895471334457e-02 2.271739020943641663e-02 1.008841954171657562e-02 8.085388690233230591e-02 4.853565990924835205e-02 1.941088587045669556e-02 5.117577314376831055e-02 9.205187112092971802e-02 1.860658824443817139e-02 1.656443625688552856e-02 1.848649382591247559e-01 5.634795501828193665e-02 1.317574083805084229e-01
1.338748484849929810e-01 9.714114665985107422e-02 8.661296218633651733e-02 0.000000000000000000e+00 2.413975894451141357e-01 1.624681055545806885e-01 9.806872159242630005e-02 1.587094217538833618e-01 8.943695574998855591e-02 3.667416796088218689e-02 1.614675521850585938e-01 4.634483903646469116e-02 9.615279734134674072e-02 1.771494150161743164e-01 2.023774236440658569e-01 9.395696222782135010e-02 1.202834695577621460e-01 1.650759130716323853e-01 1.043014600872993469e-01 5.041699856519699097e-02 7.596585433930158615e-03 1.017293408513069153e-01 1.091156527400016785e-01 9.661696106195449829e-02 1.663022488355636597e-01 3.823804855346679688e-02 1.058459058403968811e-01 3.559496626257896423e-02 1.772516369819641113e-01 1.050502583384513855e-01 1.030295938253402710e-01 2.671995759010314941e-01 1.422665864229202271e-01 2.159064710140228271e-01
1.111136153340339661e-01 1.477204412221908569e-01 1.580899953842163086e-01 2.413975894451141357e-01 0.000000000000000000e+00 8.215142786502838135e-02 1.468042582273483276e-01 8.598234504461288452e-02 1.553138494491577148e-01 2.065520584583282471e-01 8.317191153764724731e-02 1.972596049308776855e-01 1.486961990594863892e-01 6.711840629577636719e-02 4.102435708045959473e-02 1.508623510599136353e-01 1.247359886765480042e-01 7.948926091194152832e-02 1.406371146440505981e-01 2.883057594299316406e-01 2.485384047031402588e-01 1.431844681501388550e-01 1.358605474233627319e-01 1.482380032539367676e-01 7.823614031076431274e-02 2.050522863864898682e-01 1.391059905290603638e-01 2.075863182544708252e-01 6.701334565877914429e-02 1.398949325084686279e-01 1.418971568346023560e-01 2.758099697530269623e-02 1.026565283536911011e-01 2.689275890588760376e-02
2.922898717224597931e-02 6.637450307607650757e-02 7.693779468536376953e-02 1.624681055545806885e-01 8.215142786502838135e-02 0.000000000000000000e+00 6.544207781553268433e-02 3.858165349811315536e-03 7.410798221826553345e-02 1.265479624271392822e-01 1.027499674819409847e-03 1.170042529702186584e-01 6.736771017313003540e-02 1.511637587100267410e-02 4.126615077257156372e-02 6.957317143678665161e-02 4.302545264363288879e-02 2.679673256352543831e-03 5.916929990053176880e-02 2.111554890871047974e-01 1.698550581932067871e-01 6.175951287150382996e-02 5.431533232331275940e-02 6.690129637718200684e-02 3.940611612051725388e-03 1.250066459178924561e-01 5.761295184493064880e-02 1.276111155748367310e-01 1.522188168019056320e-02 5.841482803225517273e-02 6.045039743185043335e-02 1.094843521714210510e-01 2.067948877811431885e-02 5.538102239370346069e-02
3.628248721361160278e-02 9.364963625557720661e-04 1.155389193445444107e-02 9.806872159242630005e-02 1.468042582273483276e-01 6.544207781553268433e-02 0.000000000000000000e+00 6.159946322441101074e-02 8.708140812814235687e-03 6.161615625023841858e-02 6.441890448331832886e-02 5.196003243327140808e-02 1.934161758981645107e-03 8.047883212566375732e-02 1.064208298921585083e-01 4.149991087615489960e-03 2.247991785407066345e-02 6.810980290174484253e-02 6.297157146036624908e-03 1.477551758289337158e-01 1.055866405367851257e-01 3.697508946061134338e-03 1.116643100976943970e-02 1.465642475523054600e-03 6.936480104923248291e-02 6.005587801337242126e-02 7.858755066990852356e-03 6.269259750843048096e-02 8.058368414640426636e-02 7.054212968796491623e-03 5.011503119021654129e-03 1.736820191144943237e-01 4.482324421405792236e-02 1.203867793083190918e-01
2.537368237972259521e-02 6.253235042095184326e-02 7.310132682323455811e-02 1.587094217538833618e-01 8.598234504461288452e-02 3.858165349811315536e-03 6.159946322441101074e-02 0.000000000000000000e+00 7.026990503072738647e-02 1.227497160434722900e-01 2.830676734447479248e-03 1.131971850991249084e-01 6.352605670690536499e-02 1.897343434393405914e-02 4.511713236570358276e-02 6.573264300823211670e-02 3.917378932237625122e-02 6.537770852446556091e-03 5.532376840710639954e-02 2.074663490056991577e-01 1.661057323217391968e-01 5.791514366865158081e-02 5.046774446964263916e-02 6.305941194295883179e-02 7.798658683896064758e-03 1.212069466710090637e-01 5.376673489809036255e-02 1.238139122724533081e-01 1.907892525196075439e-02 5.456895753741264343e-02 5.660543218255043030e-02 1.132946610450744629e-01 1.682266406714916229e-02 5.922653153538703918e-02
4.497641697525978088e-02 7.771707605570554733e-03 2.846036339178681374e-03 8.943695574998855591e-02 1.553138494491577148e-01 7.410798221826553345e-02 8.708140812814235687e-03 7.026990503072738647e-02 0.000000000000000000e+00 5.293641984462738037e-02 7.308604568243026733e-02 4.327147081494331360e-02 6.774093024432659149e-03 8.912451565265655518e-02 1.150223761796951294e-01 4.558314569294452667e-03 3.118195384740829468e-02 7.677240669727325439e-02 1.500447560101747513e-02 1.392261683940887451e-01 9.696765989065170288e-02 1.240525022149085999e-02 1.987264119088649750e-02 7.242591120302677155e-03 7.802581042051315308e-02 5.137460306286811829e-02 1.656576246023178101e-02 5.401394143700599670e-02 8.922920376062393188e-02 1.576138660311698914e-02 1.371904462575912476e-02 1.821147203445434570e-01 5.351049825549125671e-02 1.289597302675247192e-01
9.768027067184448242e-02 6.068316102027893066e-02 5.009793117642402649e-02 3.667416796088218689e-02 2.065520584583282471e-01 1.265479624271392822e-01 6.161615625023841858e-02 1.227497160434722900e-01 5.293641984462738037e-02 0.000000000000000000e+00 1.255367845296859741e-01 9.687138721346855164e-03 5.968910828232765198e-02 1.413938552141189575e-01 1.669423133134841919e-01 5.748086422681808472e-02 8.397974818944931030e-02 1.291838139295578003e-01 6.788697838783264160e-02 8.693043142557144165e-02 4.425842314958572388e-02 6.529878824949264526e-02 7.273255288600921631e-02 6.015595048666000366e-02 1.304235309362411499e-01 1.566079445183277130e-03 6.944128870964050293e-02 1.080610440112650394e-03 1.414972692728042603e-01 6.864053755998611450e-02 6.660708785057067871e-02 2.328067719936370850e-01 1.061462461948394775e-01 1.806628257036209106e-01
2.820233441889286041e-02 6.535145640373229980e-02 7.591629028320312500e-02 1.614675521850585938e-01 8.317191153764724731e-02 1.027499674819409847e-03 6.441890448331832886e-02 2.830676734447479248e-03 7.308604568243026733e-02 1.255367845296859741e-01 0.000000000000000000e+00 1.159906908869743347e-01 6.634479761123657227e-02 1.614362560212612152e-02 4.229185730218887329e-02 6.855057179927825928e-02 4.199980571866035461e-02 3.707162803038954735e-03 5.814533680677413940e-02 2.101735919713973999e-01 1.688570231199264526e-01 6.073585897684097290e-02 5.329081043601036072e-02 6.587833166122436523e-02 4.968091379851102829e-03 1.239950731396675110e-01 5.658879503607749939e-02 1.266002207994461060e-01 1.624912582337856293e-02 5.739077180624008179e-02 5.942658334970474243e-02 1.104994267225265503e-01 1.965240575373172760e-02 5.640531331300735474e-02
8.807647228240966797e-02 5.102602019906044006e-02 4.043041914701461792e-02 4.634483903646469116e-02 1.972596049308776855e-01 1.170042529702186584e-01 5.196003243327140808e-02 1.131971850991249084e-01 4.327147081494331360e-02 9.687138721346855164e-03 1.159906908869743347e-01 0.000000000000000000e+00 5.003090202808380127e-02 1.318873465061187744e-01 1.575098931789398193e-01 4.782035201787948608e-02 7.435310631990432739e-02 1.196464076638221741e-01 5.823813751339912415e-02 9.653627872467041016e-02 5.392244085669517517e-02 5.564685165882110596e-02 6.308986246585845947e-02 5.049823969602584839e-02 1.208891272544860840e-01 8.121183142066001892e-03 5.979437381029129028e-02 1.076763682067394257e-02 1.319910585880279541e-01 5.899262055754661560e-02 5.695670470595359802e-02 2.236239463090896606e-01 9.655838459730148315e-02 1.712754368782043457e-01
3.821396827697753906e-02 9.976672008633613586e-04 9.619944728910923004e-03 9.615279734134674072e-02 1.486961990594863892e-01 6.736771017313003540e-02 1.934161758981645107e-03 6.352605670690536499e-02 6.774093024432659149e-03 5.968910828232765198e-02 6.634479761123657227e-02 5.003090202808380127e-02 0.000000000000000000e+00 8.240016549825668335e-02 1.083326861262321472e-01 2.215846907347440720e-03 2.441301755607128143e-02 7.003473490476608276e-02 8.231218904256820679e-03 1.458626985549926758e-01 1.036736518144607544e-01 5.631630308926105499e-03 1.310030929744243622e-02 4.685207095462828875e-04 7.128939777612686157e-02 5.812846869230270386e-02 9.792768396437168121e-03 6.076580658555030823e-02 8.250498771667480469e-02 8.988251909613609314e-03 6.945597939193248749e-03 1.755572110414505005e-01 4.675335064530372620e-02 1.222924664616584778e-01
4.432578012347221375e-02 8.140919357538223267e-02 9.194722771644592285e-02 1.771494150161743164e-01 6.711840629577636719e-02 1.511637587100267410e-02 8.047883212566375732e-02 1.897343434393405914e-02 8.912451565265655518e-02 1.413938552141189575e-01 1.614362560212612152e-02 1.318873465061187744e-01 8.240016549825668335e-02 0.000000000000000000e+00 2.616609819233417511e-02 8.460057526826858521e-02 5.810403451323509216e-02 1.243720669299364090e-02 7.421929389238357544e-02 2.255519181489944458e-01 1.844977140426635742e-01 7.680417597293853760e-02 6.937475502490997314e-02 8.193481713533401489e-02 1.117643062025308609e-02 1.398587375879287720e-01 7.266603410243988037e-02 1.424527019262313843e-01 1.055292232194915414e-04 7.346633076667785645e-02 7.549777626991271973e-02 9.452442079782485962e-02 3.578467667102813721e-02 4.029838368296623230e-02
7.041021436452865601e-02 1.073466241359710693e-01 1.178298443555831909e-01 2.023774236440658569e-01 4.102435708045959473e-02 4.126615077257156372e-02 1.064208298921585083e-01 4.511713236570358276e-02 1.150223761796951294e-01 1.669423133134841919e-01 4.229185730218887329e-02 1.575098931789398193e-01 1.083326861262321472e-01 2.616609819233417511e-02 0.000000000000000000e+00 1.105220094323158264e-01 8.414220809936523438e-02 3.859074413776397705e-02 1.001908183097839355e-01 2.502411305904388428e-01 2.096517086029052734e-01 1.027637571096420288e-01 9.536773711442947388e-02 1.078696474432945251e-01 3.733161091804504395e-02 1.654194742441177368e-01 9.864456951618194580e-02 1.679926067590713501e-01 2.606063894927501678e-02 9.944126754999160767e-02 1.014634370803833008e-01 6.852781772613525391e-02 6.189282238483428955e-02 1.414720341563224792e-02
4.042639210820198059e-02 3.213507123291492462e-03 7.404254749417304993e-03 9.395696222782135010e-02 1.508623510599136353e-01 6.957317143678665161e-02 4.149991087615489960e-03 6.573264300823211670e-02 4.558314569294452667e-03 5.748086422681808472e-02 6.855057179927825928e-02 4.782035201787948608e-02 2.215846907347440720e-03 8.460057526826858521e-02 1.105220094323158264e-01 0.000000000000000000e+00 2.662742324173450470e-02 7.223937660455703735e-02 1.044687535613775253e-02 1.436932832002639771e-01 1.014811173081398010e-01 7.847378961741924286e-03 1.531571242958307266e-02 2.684365026652812958e-03 7.349362969398498535e-02 5.591982230544090271e-02 1.200835406780242920e-02 5.855783820152282715e-02 8.470533788204193115e-02 1.120387669652700424e-02 9.161303751170635223e-03 1.777039319276809692e-01 4.896412789821624756e-02 1.244745925068855286e-01
1.381383650004863739e-02 2.341592125594615936e-02 3.402497246861457825e-02 1.202834695577621460e-01 1.247359886765480042e-01 4.302545264363288879e-02 2.247991785407066345e-02 3.917378932237625122e-02 3.118195384740829468e-02 8.397974818944931030e-02 4.199980571866035461e-02 7.435310631990432739e-02 2.441301755607128143e-02 5.810403451323509216e-02 8.414220809936523438e-02 2.662742324173450470e-02 0.000000000000000000e+00 4.569985345005989075e-02 1.618505269289016724e-02 1.696715205907821655e-01 1.277633011341094971e-01 1.878396980464458466e-02 1.131632830947637558e-02 2.394477277994155884e-02 4.695810377597808838e-02 8.242452144622802734e-02 1.462374627590179443e-02 8.505265414714813232e-02 5.820921063423156738e-02 1.542815007269382477e-02 1.747038215398788452e-02 1.517947614192962646e-01 2.236586250364780426e-02 9.817254543304443359e-02
3.190616145730018616e-02 6.904189288616180420e-02 7.960105687379837036e-02 1.650759130716323853e-01 7.948926091194152832e-02 2.679673256352543831e-03 6.810980290174484253e-02 6.537770852446556091e-03 7.677240669727325439e-02 1.291838139295578003e-01 3.707162803038954735e-03 1.196464076638221741e-01 7.003473490476608276e-02 1.243720669299364090e-02 3.859074413776397705e-02 7.223937660455703735e-02 4.569985345005989075e-02 0.000000000000000000e+00 6.183917075395584106e-02 2.137142419815063477e-01 1.724562346935272217e-01 6.442851573228836060e-02 5.698671564459800720e-02 6.956849992275238037e-02 1.260951627045869827e-03 1.276435703039169312e-01 6.028331071138381958e-02 1.302462518215179443e-01 1.254271902143955231e-02 6.108493730425834656e-02 6.311984360218048096e-02 1.068360283970832825e-01 2.335786819458007812e-02 5.270917341113090515e-02
2.999218367040157318e-02 7.233611308038234711e-03 1.784974895417690277e-02 1.043014600872993469e-01 1.406371146440505981e-01 5.916929990053176880e-02 6.297157146036624908e-03 5.532376840710639954e-02 1.500447560101747513e-02 6.788697838783264160e-02 5.814533680677413940e-02 5.823813751339912415e-02 8.231218904256820679e-03 7.421929389238357544e-02 1.001908183097839355e-01 1.044687535613775253e-02 1.618505269289016724e-02 6.183917075395584106e-02 0.000000000000000000e+00 1.539091169834136963e-01 1.118094623088836670e-01 2.599708735942840576e-03 4.869615659117698669e-03 7.762727793306112289e-03 6.309520453214645386e-02 6.632794439792633057e-02 1.561675919219851494e-03 6.896252930164337158e-02 7.432424277067184448e-02 7.570901652798056602e-04 1.285694306716322899e-03 1.675681173801422119e-01 3.853696584701538086e-02 1.141761839389801025e-01
1.830562949180603027e-01 1.468389928340911865e-01 1.364341825246810913e-01 5.041699856519699097e-02 2.883057594299316406e-01 2.111554890871047974e-01 1.477551758289337158e-01 2.074663490056991577e-01 1.392261683940887451e-01 8.693043142557144165e-02 2.101735919713973999e-01 9.653627872467041016e-02 1.458626985549926758e-01 2.255519181489944458e-01 2.502411305904388428e-01 1.436932832002639771e-01 1.696715205907821655e-01 2.137142419815063477e-01 1.539091169834136963e-01 0.000000000000000000e+00 4.283682256937026978e-02 1.513699889183044434e-01 1.586598306894302368e-01 1.463212072849273682e-01 2.149172723293304443e-01 8.848446607589721680e-02 1.554334461688995361e-01 8.585788309574127197e-02 2.256520986557006836e-01 1.546481847763061523e-01 1.526536345481872559e-01 3.133947253227233887e-01 1.913113743066787720e-01 2.634556591510772705e-01
1.413277089595794678e-01 1.046604886651039124e-01 9.414760768413543701e-02 7.596585433930158615e-03 2.485384047031402588e-01 1.698550581932067871e-01 1.055866405367851257e-01 1.661057323217391968e-01 9.696765989065170288e-02 4.425842314958572388e-02 1.688570231199264526e-01 5.392244085669517517e-02 1.036736518144607544e-01 1.844977140426635742e-01 2.096517086029052734e-01 1.014811173081398010e-01 1.277633011341094971e-01 1.724562346935272217e-01 1.118094623088836670e-01 4.283682256937026978e-02 0.000000000000000000e+00 1.092415004968643188e-01 1.166155785322189331e-01 1.041371151804924011e-01 1.736794114112854004e-01 4.582132771611213684e-02 1.133513376116752625e-01 4.317987710237503052e-02 1.845996379852294922e-01 1.125570237636566162e-01 1.105396524071693420e-01 2.742395102977752686e-01 1.497013866901397705e-01 2.231370806694030762e-01
3.258934989571571350e-02 4.633989185094833374e-03 1.525074895471334457e-02 1.017293408513069153e-01 1.431844681501388550e-01 6.175951287150382996e-02 3.697508946061134338e-03 5.791514366865158081e-02 1.240525022149085999e-02 6.529878824949264526e-02 6.073585897684097290e-02 5.564685165882110596e-02 5.631630308926105499e-03 7.680417597293853760e-02 1.027637571096420288e-01 7.847378961741924286e-03 1.878396980464458466e-02 6.442851573228836060e-02 2.599708735942840576e-03 1.513699889183044434e-01 1.092415004968643188e-01 0.000000000000000000e+00 7.469229865819215775e-03 5.163123831152915955e-03 6.568413972854614258e-02 6.373923271894454956e-02 4.161367658525705338e-03 6.637471914291381836e-02 7.690908759832382202e-02 3.356792032718658447e-03 1.314018620178103447e-03 1.700937449932098389e-01 4.113255068659782410e-02 1.167412400245666504e-01
2.512623928487300873e-02 1.210280042141675949e-02 2.271739020943641663e-02 1.091156527400016785e-01 1.358605474233627319e-01 5.431533232331275940e-02 1.116643100976943970e-02 5.046774446964263916e-02 1.987264119088649750e-02 7.273255288600921631e-02 5.329081043601036072e-02 6.308986246585845947e-02 1.310030929744243622e-02 6.937475502490997314e-02 9.536773711442947388e-02 1.531571242958307266e-02 1.131632830947637558e-02 5.698671564459800720e-02 4.869615659117698669e-03 1.586598306894302368e-01 1.166155785322189331e-01 7.469229865819215775e-03 0.000000000000000000e+00 1.263186614960432053e-02 5.824347585439682007e-02 7.117456942796707153e-02 3.307965351268649101e-03 7.380735129117965698e-02 6.947977095842361450e-02 4.112541209906339645e-03 6.155272014439105988e-03 1.628313809633255005e-01 3.367367014288902283e-02 1.093673855066299438e-01
3.774612396955490112e-02 5.291468114592134953e-04 1.008841954171657562e-02 9.661696106195449829e-02 1.482380032539367676e-01 6.690129637718200684e-02 1.465642475523054600e-03 6.305941194295883179e-02 7.242591120302677155e-03 6.015595048666000366e-02 6.587833166122436523e-02 5.049823969602584839e-02 4.685207095462828875e-04 8.193481713533401489e-02 1.078696474432945251e-01 2.684365026652812958e-03 2.394477277994155884e-02 6.956849992275238037e-02 7.762727793306112289e-03 1.463212072849273682e-01 1.041371151804924011e-01 5.163123831152915955e-03 1.263186614960432053e-02 0.000000000000000000e+00 7.082323729991912842e-02 5.859538912773132324e-02 9.324290789663791656e-03 6.123257800936698914e-02 8.203963935375213623e-02 8.519767783582210541e-03 6.477098446339368820e-03 1.751030832529067993e-01 4.628584533929824829e-02 1.218309327960014343e-01
3.316577896475791931e-02 7.029673457145690918e-02 8.085388690233230591e-02 1.663022488355636597e-01 7.823614031076431274e-02 3.940611612051725388e-03 6.936480104923248291e-02 7.798658683896064758e-03 7.802581042051315308e-02 1.304235309362411499e-01 4.968091379851102829e-03 1.208891272544860840e-01 7.128939777612686157e-02 1.117643062025308609e-02 3.733161091804504395e-02 7.349362969398498535e-02 4.695810377597808838e-02 1.260951627045869827e-03 6.309520453214645386e-02 2.149172723293304443e-01 1.736794114112854004e-01 6.568413972854614258e-02 5.824347585439682007e-02 7.082323729991912842e-02 0.000000000000000000e+00 1.288837790489196777e-01 6.153959035873413086e-02 1.314856112003326416e-01 1.128194667398929596e-02 6.234109029173851013e-02 6.437567621469497681e-02 1.055892929434776306e-01 2.461809478700160980e-02 5.145164206624031067e-02
9.612890332937240601e-02 5.912270769476890564e-02 4.853565990924835205e-02 3.823804855346679688e-02 2.050522863864898682e-01 1.250066459178924561e-01 6.005587801337242126e-02 1.212069466710090637e-01 5.137460306286811829e-02 1.566079445183277130e-03 1.239950731396675110e-01 8.121183142066001892e-03 5.812846869230270386e-02 1.398587375879287720e-01 1.654194742441177368e-01 5.591982230544090271e-02 8.242452144622802734e-02 1.276435703039169312e-01 6.632794439792633057e-02 8.848446607589721680e-02 4.582132771611213684e-02 6.373923271894454956e-02 7.117456942796707153e-02 5.859538912773132324e-02 1.288837790489196777e-01 0.000000000000000000e+00 6.788259744644165039e-02 2.646685345098376274e-03 1.399622112512588501e-01 6.708166748285293579e-02 6.504780054092407227e-02 2.313250154256820679e-01 1.045975536108016968e-01 1.791474372148513794e-01
2.843183837831020355e-02 8.795186877250671387e-03 1.941088587045669556e-02 1.058459058403968811e-01 1.391059905290603638e-01 5.761295184493064880e-02 7.858755066990852356e-03 5.376673489809036255e-02 1.656576246023178101e-02 6.944128870964050293e-02 5.658879503607749939e-02 5.979437381029129028e-02 9.792768396437168121e-03 7.266603410243988037e-02 9.864456951618194580e-02 1.200835406780242920e-02 1.462374627590179443e-02 6.028331071138381958e-02 1.561675919219851494e-03 1.554334461688995361e-01 1.133513376116752625e-01 4.161367658525705338e-03 3.307965351268649101e-03 9.324290789663791656e-03 6.153959035873413086e-02 6.788259744644165039e-02 0.000000000000000000e+00 7.051660865545272827e-02 7.277101278305053711e-02 8.045865688472986221e-04 2.847364405170083046e-03 1.660499125719070435e-01 3.697751462459564209e-02 1.126345843076705933e-01
9.875046461820602417e-02 6.175972893834114075e-02 5.117577314376831055e-02 3.559496626257896423e-02 2.075863182544708252e-01 1.276111155748367310e-01 6.269259750843048096e-02 1.238139122724533081e-01 5.401394143700599670e-02 1.080610440112650394e-03 1.266002207994461060e-01 1.076763682067394257e-02 6.076580658555030823e-02 1.424527019262313843e-01 1.679926067590713501e-01 5.855783820152282715e-02 8.505265414714813232e-02 1.302462518215179443e-01 6.896252930164337158e-02 8.585788309574127197e-02 4.317987710237503052e-02 6.637471914291381836e-02 7.380735129117965698e-02 6.123257800936698914e-02 1.314856112003326416e-01 2.646685345098376274e-03 7.051660865545272827e-02 0.000000000000000000e+00 1.425560861825942993e-01 6.971597671508789062e-02 6.768283993005752563e-02 2.338285446166992188e-01 1.072145551443099976e-01 1.817079633474349976e-01
4.443109780550003052e-02 8.151402324438095093e-02 9.205187112092971802e-02 1.772516369819641113e-01 6.701334565877914429e-02 1.522188168019056320e-02 8.058368414640426636e-02 1.907892525196075439e-02 8.922920376062393188e-02 1.414972692728042603e-01 1.624912582337856293e-02 1.319910585880279541e-01 8.250498771667480469e-02 1.055292232194915414e-04 2.606063894927501678e-02 8.470533788204193115e-02 5.820921063423156738e-02 1.254271902143955231e-02 7.432424277067184448e-02 2.256520986557006836e-01 1.845996379852294922e-01 7.690908759832382202e-02 6.947977095842361450e-02 8.203963935375213623e-02 1.128194667398929596e-02 1.399622112512588501e-01 7.277101278305053711e-02 1.425560861825942993e-01 0.000000000000000000e+00 7.357128709554672241e-02 7.560271024703979492e-02 9.441982954740524292e-02 3.589006885886192322e-02 4.019302502274513245e-02
2.923575788736343384e-02 7.990656420588493347e-03 1.860658824443817139e-02 1.050502583384513855e-01 1.398949325084686279e-01 5.841482803225517273e-02 7.054212968796491623e-03 5.456895753741264343e-02 1.576138660311698914e-02 6.864053755998611450e-02 5.739077180624008179e-02 5.899262055754661560e-02 8.988251909613609314e-03 7.346633076667785645e-02 9.944126754999160767e-02 1.120387669652700424e-02 1.542815007269382477e-02 6.108493730425834656e-02 7.570901652798056602e-04 1.546481847763061523e-01 1.125570237636566162e-01 3.356792032718658447e-03 4.112541209906339645e-03 8.519767783582210541e-03 6.234109029173851013e-02 6.708166748285293579e-02 8.045865688472986221e-04 6.971597671508789062e-02 7.357128709554672241e-02 0.000000000000000000e+00 2.042782260105013847e-03 1.668322086334228516e-01 3.778097778558731079e-02 1.134288981556892395e-01
3.127666935324668884e-02 5.947971716523170471e-03 1.656443625688552856e-02 1.030295938253402710e-01 1.418971568346023560e-01 6.045039743185043335e-02 5.011503119021654129e-03 5.660543218255043030e-02 1.371904462575912476e-02 6.660708785057067871e-02 5.942658334970474243e-02 5.695670470595359802e-02 6.945597939193248749e-03 7.549777626991271973e-02 1.014634370803833008e-01 9.161303751170635223e-03 1.747038215398788452e-02 6.311984360218048096e-02 1.285694306716322899e-03 1.526536345481872559e-01 1.105396524071693420e-01 1.314018620178103447e-03 6.155272014439105988e-03 6.477098446339368820e-03 6.437567621469497681e-02 6.504780054092407227e-02 2.847364405170083046e-03 6.768283993005752563e-02 7.560271024703979492e-02 2.042782260105013847e-03 0.000000000000000000e+00 1.688174605369567871e-01 3.982068598270416260e-02 1.154449284076690674e-01
1.382708698511123657e-01 1.745901107788085938e-01 1.848649382591247559e-01 2.671995759010314941e-01 2.758099697530269623e-02 1.094843521714210510e-01 1.736820191144943237e-01 1.132946610450744629e-01 1.821147203445434570e-01 2.328067719936370850e-01 1.104994267225265503e-01 2.236239463090896606e-01 1.755572110414505005e-01 9.452442079782485962e-02 6.852781772613525391e-02 1.777039319276809692e-01 1.517947614192962646e-01 1.068360283970832825e-01 1.675681173801422119e-01 3.133947253227233887e-01 2.742395102977752686e-01 1.700937449932098389e-01 1.628313809633255005e-01 1.751030832529067993e-01 1.055892929434776306e-01 2.313250154256820679e-01 1.660499125719070435e-01 2.338285446166992188e-01 9.441982954740524292e-02 1.668322086334228516e-01 1.688174605369567871e-01 0.000000000000000000e+00 1.298698186874389648e-01 5.443338304758071899e-02
8.554670028388500214e-03 4.575781896710395813e-02 5.634795501828193665e-02 1.422665864229202271e-01 1.026565283536911011e-01 2.067948877811431885e-02 4.482324421405792236e-02 1.682266406714916229e-02 5.351049825549125671e-02 1.061462461948394775e-01 1.965240575373172760e-02 9.655838459730148315e-02 4.675335064530372620e-02 3.578467667102813721e-02 6.189282238483428955e-02 4.896412789821624756e-02 2.236586250364780426e-02 2.335786819458007812e-02 3.853696584701538086e-02 1.913113743066787720e-01 1.497013866901397705e-01 4.113255068659782410e-02 3.367367014288902283e-02 4.628584533929824829e-02 2.461809478700160980e-02 1.045975536108016968e-01 3.697751462459564209e-02 1.072145551443099976e-01 3.589006885886192322e-02 3.778097778558731079e-02 3.982068598270416260e-02 1.298698186874389648e-01 0.000000000000000000e+00 7.597350329160690308e-02
8.447327464818954468e-02 1.213096007704734802e-01 1.317574083805084229e-01 2.159064710140228271e-01 2.689275890588760376e-02 5.538102239370346069e-02 1.203867793083190918e-01 5.922653153538703918e-02 1.289597302675247192e-01 1.806628257036209106e-01 5.640531331300735474e-02 1.712754368782043457e-01 1.222924664616584778e-01 4.029838368296623230e-02 1.414720341563224792e-02 1.244745925068855286e-01 9.817254543304443359e-02 5.270917341113090515e-02 1.141761839389801025e-01 2.634556591510772705e-01 2.231370806694030762e-01 1.167412400245666504e-01 1.093673855066299438e-01 1.218309327960014343e-01 5.145164206624031067e-02 1.791474372148513794e-01 1.126345843076705933e-01 1.817079633474349976e-01 4.019302502274513245e-02 1.134288981556892395e-01 1.154449284076690674e-01 5.443338304758071899e-02 7.597350329160690308e-02 0.000000000000000000e+00
