0.017156456 0.051713850 0.019377725 0.078024954 0.015319049 0.035984758 0.034201011 0.039908569 0.043413490 0.056790709 0.047019333 0.071260780 0.047439069 0.044010378 0.030703381 0.021246333 0.027808873 0.060932405 0.036854446 0.062483620 0.023814857 0.045051701 0.020592205 0.040131159 0.049423218 0.047351539 0.039528575 0.033613339 0.018586386 0.047512561 0.076660946 0.067303464 0.037572682 0.025239225
0.051713850 -0.049400069 0.016785968 0.063060790 0.020252695 0.018612145 0.021279117 0.022056483 0.035185069 0.039418742 0.023357589 0.049318507 0.027542144 0.023859160 0.046034645 0.029807853 0.021686468 0.035752904 0.025653906 0.048708089 0.022278100 0.021492222 0.036876634 0.021131575 0.008865595 0.023578264 0.025637651 0.019724898 0.032290705 0.033243641 0.070727453 0.039029177 0.024212554 0.030221447
0.019377725 0.016785968 -0.001454149 0.046730254 0.005264430 0.004960786 -0.000299648 0.003603499 0.004443368 0.030135503 0.010526210 0.040368762 0.014696381 0.015055315 0.028693171 0.012717589 -0.000314639 0.030399213 0.012074867 0.021288943 0.002642344 0.010028799 0.010908480 0.001171090 0.020092538 0.020963747 0.001392821 0.006151081 0.009039279 0.012818089 0.050255444 0.042813260 0.020393971 0.011021331
0.078024954 0.063060790 0.046730254 0.024692152 0.042301632 0.030531634 0.035690915 0.037632551 0.050309651 0.014900326 0.033729389 0.043243997 0.034219950 0.034831837 0.084201247 0.070545994 0.058797374 0.044724740 0.054201722 0.042046759 0.052976415 0.040936466 0.064660914 0.036500778 0.047419567 0.026493639 0.046022926 0.043079402 0.067608453 0.039589055 0.043905910 0.039103407 0.050174575 0.058691442
0.015319049 0.020252695 0.005264430 0.042301632 -0.019409817 0.010692768 0.009566471 0.014215767 0.018037111 0.028763581 0.017707909 0.035220277 0.021096639 0.017937964 0.021302430 0.015969131 0.005112960 0.028024971 0.015913108 0.025222600 0.008476472 0.019503567 0.009148568 0.014175031 0.027192205 0.019866779 0.011510581 0.009057295 0.004679406 0.010704195 0.042270817 0.042808764 0.011712126 0.017479224
0.035984758 0.018612145 0.004960786 0.030531634 0.010692768 -0.027936921 0.001219349 0.001640122 0.002812540 0.018372659 0.006458424 0.026552584 0.007020563 0.006329577 0.036038045 0.023947714 0.005798517 0.023953831 0.007334008 0.012332701 0.002184731 0.007579884 0.019096810 0.004193818 0.024469877 0.014407655 0.003259350 -0.001803551 0.017020585 0.003525370 0.042419091 0.025484491 0.016738277 0.015931668
0.034201011 0.021279117 -0.000299648 0.035690915 0.009566471 0.001219349 -0.011533150 -0.002461453 0.002466098 0.020721631 0.005179892 0.026860883 0.009146661 0.005037401 0.036384352 0.024204116 0.007516097 0.023193372 0.012252603 0.007513451 0.004806396 0.006654850 0.019464836 -0.002246283 0.021451624 0.009552890 -0.001854113 0.001004921 0.016564894 -0.002030074 0.047205400 0.035246719 0.020367397 0.017177487
0.039908569 0.022056483 0.003603499 0.037632551 0.014215767 0.001640122 -0.002461453 -0.002950626 0.006766656 0.018335758 0.007200502 0.030666962 0.004913618 0.005154549 0.044864148 0.029989442 0.013980265 0.022299245 0.010877102 0.012963476 0.008263620 0.010183844 0.027333772 0.001060068 0.013220925 0.009491428 -0.000600292 0.006791045 0.023271648 0.006498956 0.044166021 0.031273413 0.028735932 0.025753997
0.043413490 0.035185069 0.004443368 0.050309651 0.018037111 0.002812540 0.002466098 0.006766656 -0.001542405 0.029915802 0.011155223 0.033598233 0.018618155 0.007319818 0.046263058 0.022076473 0.008352128 0.032003120 0.015310776 0.019556973 0.010169430 -0.002877348 0.010535519 0.002971672 0.030252822 0.010399776 -0.000258389 -0.001917542 0.018435864 0.000059489 0.065920405 0.044301387 0.025970776 0.019399788
0.056790709 0.039418742 0.030135503 0.014900326 0.028763581 0.018372659 0.020721631 0.018335758 0.029915802 0.003701021 0.015554631 0.018718598 0.012370585 0.019048277 0.058905691 0.051230900 0.038454261 0.019996062 0.032649823 0.011620563 0.036478676 0.022230379 0.048203710 0.020644074 0.028156340 0.006330180 0.027951205 0.028037183 0.046645314 0.023412639 0.023691600 0.018464267 0.028822191 0.038770817
0.047019333 0.023357589 0.010526210 0.033729389 0.017707909 0.006458424 0.005179892 0.007200502 0.011155223 0.015554631 -0.003796025 0.024915334 0.008920047 0.007772773 0.047421709 0.038529508 0.016141271 0.018099861 0.011446371 0.014048867 0.013622947 0.011458939 0.029032713 0.008076119 0.023215633 0.000777361 0.007031525 0.004311660 0.030460611 0.004738815 0.045280676 0.020630892 0.017860446 0.024569344
0.071260780 0.049318507 0.040368762 0.043243997 0.035220277 0.026552584 0.026860883 0.030666962 0.033598233 0.018718598 0.024915334 0.022818577 0.031426687 0.024259795 0.076081119 0.054425579 0.046947517 0.035849985 0.043398656 0.029752132 0.042429823 0.031282008 0.051684536 0.026892612 0.040364906 0.017920401 0.032534108 0.033603583 0.053013511 0.030329172 0.061302014 0.045930576 0.041404605 0.049711455
0.047439069 0.027542144 0.014696381 0.034219950 0.021096639 0.007020563 0.009146661 0.004913618 0.018618155 0.012370585 0.008920047 0.031426687 -0.008861871 0.010309375 0.051542517 0.046163365 0.020013565 0.021639561 0.016588297 0.017095583 0.018739620 0.010948163 0.035263151 0.010431712 0.017571233 0.004033925 0.005837290 0.011416784 0.034101136 0.008562715 0.039512049 0.023531672 0.028232303 0.028175490
0.044010378 0.023859160 0.015055315 0.034831837 0.017937964 0.006329577 0.005037401 0.005154549 0.007319818 0.019048277 0.007772773 0.024259795 0.010309375 -0.001105629 0.046484776 0.035592645 0.016602499 0.024114607 0.013611868 0.013080154 0.009714703 0.011387801 0.031431898 0.005970137 0.021669677 0.010617552 0.007217171 0.007753870 0.027588744 0.008842004 0.048778344 0.034232408 0.022384133 0.028988006
0.030703381 0.046034645 0.028693171 0.084201247 0.021302430 0.036038045 0.036384352 0.044864148 0.046263058 0.058905691 0.047421709 0.076081119 0.051542517 0.046484776 0.019013554 0.015373629 0.031854909 0.066277899 0.035674490 0.066176057 0.029039294 0.045793485 0.031748123 0.040330172 0.044036712 0.052636638 0.044511110 0.031028286 0.026095549 0.047258925 0.073107600 0.076139472 0.041058645 0.033245392
0.021246333 0.029807853 0.012717589 0.070545994 0.015969131 0.023947714 0.024204116 0.029989442 0.022076473 0.051230900 0.038529508 0.054425579 0.046163365 0.035592645 0.015373629 -0.019103415 0.015629558 0.064517289 0.026760463 0.035006441 0.011633402 0.028473491 -0.002460852 0.024307838 0.036150590 0.046968821 0.024589587 0.017117128 0.002776079 0.034648582 0.073638946 0.073766917 0.024623508 0.010372221
0.027808873 0.021686468 -0.000314639 0.058797374 0.005112960 0.005798517 0.007516097 0.013980265 0.008352128 0.038454261 0.016141271 0.046947517 0.020013565 0.016602499 0.031854909 0.015629558 -0.012810353 0.035388470 0.012375312 0.030916357 0.003962944 0.014745688 0.009820146 0.009147936 0.025321778 0.023618564 0.005211564 0.005604772 0.009019351 0.014289306 0.064982682 0.047486395 0.014382341 0.018641174
0.060932405 0.035752904 0.030399213 0.044724740 0.028024971 0.023953831 0.023193372 0.022299245 0.032003120 0.019996062 0.018099861 0.035849985 0.021639561 0.024114607 0.066277899 0.064517289 0.035388470 0.004586685 0.028998617 0.041307706 0.036363535 0.027192406 0.056489237 0.025771417 0.033254504 0.015714386 0.024252843 0.030120479 0.048499696 0.024111353 0.046262875 0.037382517 0.038886931 0.042562924
0.036854446 0.025653906 0.012074867 0.054201722 0.015913108 0.007334008 0.012252603 0.010877102 0.015310776 0.032649823 0.011446371 0.043398656 0.016588297 0.013611868 0.035674490 0.026760463 0.012375312 0.028998617 -0.004047625 0.033282928 0.013120892 0.015800368 0.024434675 0.015319183 0.023590032 0.019596487 0.011328694 0.014502048 0.016507167 0.016065558 0.055192657 0.042610422 0.026397616 0.017865248
0.062483620 0.048708089 0.021288943 0.042046759 0.025222600 0.012332701 0.007513451 0.012963476 0.019556973 0.011620563 0.014048867 0.029752132 0.017095583 0.013080154 0.066176057 0.035006441 0.030916357 0.041307706 0.033282928 -0.000012252 0.026608905 0.016291887 0.032163173 0.014966084 0.029507443 0.009818987 0.013663350 0.015740413 0.039751984 0.013530598 0.054221097 0.047267154 0.034421392 0.038919784
0.023814857 0.022278100 0.002642344 0.052976415 0.008476472 0.002184731 0.004806396 0.008263620 0.010169430 0.036478676 0.013622947 0.042429823 0.018739620 0.009714703 0.029039294 0.011633402 0.003962944 0.036363535 0.013120892 0.026608905 0.000986649 0.009182051 0.004941324 0.004867881 0.029085651 0.021960249 0.003511344 0.006193842 0.001991475 0.011453649 0.055055045 0.041550323 0.011937594 0.011304832
0.045051701 0.021492222 0.010028799 0.040936466 0.019503567 0.007579884 0.006654850 0.010183844 -0.002877348 0.022230379 0.011458939 0.031282008 0.010948163 0.011387801 0.045793485 0.028473491 0.014745688 0.027192406 0.015800368 0.016291887 0.009182051 -0.025222473 0.021566154 -0.001277342 0.025278429 0.007769760 0.011041295 0.008444283 0.021285975 0.012811318 0.060042504 0.030728450 0.017274519 0.020287614
0.020592205 0.036876634 0.010908480 0.064660914 0.009148568 0.019096810 0.019464836 0.027333772 0.010535519 0.048203710 0.029032713 0.051684536 0.035263151 0.031431898 0.031748123 -0.002460852 0.009820146 0.056489237 0.024434675 0.032163173 0.004941324 0.021566154 -0.006424181 0.017219730 0.033072878 0.041102171 0.021030178 0.014726970 0.008217189 0.029725885 0.074843705 0.063785627 0.018337769 0.014717821
0.040131159 0.021131575 0.001171090 0.036500778 0.014175031 0.004193818 -0.002246283 0.001060068 0.002971672 0.020644074 0.008076119 0.026892612 0.010431712 0.005970137 0.040330172 0.024307838 0.009147936 0.025771417 0.015319183 0.014966084 0.004867881 -0.001277342 0.017219730 -0.003106130 0.020977832 0.006653354 -0.002529128 -0.001412934 0.018236442 0.000853003 0.049120940 0.031267762 0.015883429 0.018229982
0.049423218 0.008865595 0.020092538 0.047419567 0.027192205 0.024469877 0.021451624 0.013220925 0.030252822 0.028156340 0.023215633 0.040364906 0.017571233 0.021669677 0.044036712 0.036150590 0.025321778 0.033254504 0.023590032 0.029507443 0.029085651 0.025278429 0.033072878 0.020977832 -0.017446468 0.019189941 0.017426750 0.018340003 0.038954690 0.024156574 0.053564999 0.046281137 0.034283295 0.033320747
0.047351539 0.023578264 0.020963747 0.026493639 0.019866779 0.014407655 0.009552890 0.009491428 0.010399776 0.006330180 0.000777361 0.017920401 0.004033925 0.010617552 0.052636638 0.046968821 0.023618564 0.015714386 0.019596487 0.009818987 0.021960249 0.007769760 0.041102171 0.006653354 0.019189941 -0.003568672 0.011281615 0.014969815 0.032481551 0.008277155 0.043711029 0.024773579 0.022847911 0.029284449
0.039528575 0.025637651 0.001392821 0.046022926 0.011510581 0.003259350 -0.001854113 -0.000600292 -0.000258389 0.027951205 0.007031525 0.032534108 0.005837290 0.007217171 0.044511110 0.024589587 0.005211564 0.024252843 0.011328694 0.013663350 0.003511344 0.011041295 0.021030178 -0.002529128 0.017426750 0.011281615 -0.009822957 0.001260593 0.019339565 0.002102573 0.057043798 0.046986088 0.026287995 0.018423695
0.033613339 0.019724898 0.006151081 0.043079402 0.009057295 -0.001803551 0.001004921 0.006791045 -0.001917542 0.028037183 0.004311660 0.033603583 0.011416784 0.007753870 0.031028286 0.017117128 0.005604772 0.030120479 0.014502048 0.015740413 0.006193842 0.008444283 0.014726970 -0.001412934 0.018340003 0.014969815 0.001260593 -0.007549994 0.012716076 0.004521815 0.051075630 0.035448715 0.011509469 0.012912001
0.018586386 0.032290705 0.009039279 0.067608453 0.004679406 0.017020585 0.016564894 0.023271648 0.018435864 0.046645314 0.030460611 0.053013511 0.034101136 0.027588744 0.026095549 0.002776079 0.009019351 0.048499696 0.016507167 0.039751984 0.001991475 0.021285975 0.008217189 0.018236442 0.038954690 0.032481551 0.019339565 0.012716076 -0.007786803 0.024648465 0.069889441 0.058586180 0.020864399 0.016186032
0.047512561 0.033243641 0.012818089 0.039589055 0.010704195 0.003525370 -0.002030074 0.006498956 0.000059489 0.023412639 0.004738815 0.030329172 0.008562715 0.008842004 0.047258925 0.034648582 0.014289306 0.024111353 0.016065558 0.013530598 0.011453649 0.012811318 0.029725885 0.000853003 0.024156574 0.008277155 0.002102573 0.004521815 0.024648465 -0.015472349 0.059456144 0.041154049 0.024458576 0.022973511
0.076660946 0.070727453 0.050255444 0.043905910 0.042270817 0.042419091 0.047205400 0.044166021 0.065920405 0.023691600 0.045280676 0.061302014 0.039512049 0.048778344 0.073107600 0.073638946 0.064982682 0.046262875 0.055192657 0.054221097 0.055055045 0.060042504 0.074843705 0.049120940 0.053564999 0.043711029 0.057043798 0.051075630 0.069889441 0.059456144 0.004577428 0.053363152 0.065768525 0.053897969
0.067303464 0.039029177 0.042813260 0.039103407 0.042808764 0.025484491 0.035246719 0.031273413 0.044301387 0.018464267 0.020630892 0.045930576 0.023531672 0.034232408 0.076139472 0.073766917 0.047486395 0.037382517 0.042610422 0.047267154 0.041550323 0.030728450 0.063785627 0.031267762 0.046281137 0.024773579 0.046986088 0.035448715 0.058586180 0.041154049 0.053363152 0.016547523 0.040278889 0.055004817
0.037572682 0.024212554 0.020393971 0.050174575 0.011712126 0.016738277 0.020367397 0.028735932 0.025970776 0.028822191 0.017860446 0.041404605 0.028232303 0.022384133 0.041058645 0.024623508 0.014382341 0.038886931 0.026397616 0.034421392 0.011937594 0.017274519 0.018337769 0.015883429 0.034283295 0.022847911 0.026287995 0.011509469 0.020864399 0.024458576 0.065768525 0.040278889 -0.030981671 0.022353942
0.025239225 0.030221447 0.011021331 0.058691442 0.017479224 0.015931668 0.017177487 0.025753997 0.019399788 0.038770817 0.024569344 0.049711455 0.028175490 0.028988006 0.033245392 0.010372221 0.018641174 0.042562924 0.017865248 0.038919784 0.011304832 0.020287614 0.014717821 0.018229982 0.033320747 0.029284449 0.018423695 0.012912001 0.016186032 0.022973511 0.053897969 0.055004817 0.022353942 0.007746020
