0.016495457 0.058553677 0.025551394 0.068040803 0.031582367 0.039057475 0.037450947 0.041406997 0.043781213 0.058419295 0.048992310 0.060934305 0.049233224 0.044132128 0.037737112 0.017417006 0.033107586 0.065420553 0.042421926 0.053995233 0.032748960 0.048324130 0.021505987 0.040147476 0.053681917 0.053849250 0.043684136 0.040612482 0.019701123 0.049632460 0.086460702 0.068683520 0.034518115 0.025387764
0.058553677 -0.035858706 0.021237902 0.056300737 0.032551028 0.027245257 0.025426108 0.026786739 0.037350360 0.043124311 0.030818371 0.043927610 0.032290280 0.028331904 0.056028359 0.032700352 0.027546901 0.041162714 0.033797108 0.047343355 0.030938946 0.026901156 0.040095851 0.024587207 0.015854863 0.028954720 0.028129350 0.026618021 0.037773397 0.035326093 0.073643699 0.040801030 0.026553428 0.033491362
0.025551394 0.021237902 -0.001292109 0.038127240 0.010224053 0.004452814 -0.000407648 0.004027831 0.004829867 0.027512709 0.011599506 0.029710442 0.016024791 0.012116984 0.030403338 0.011710336 0.003873020 0.031062873 0.016351618 0.018102447 0.002541191 0.009352516 0.008594409 0.001422431 0.021623153 0.017793979 0.002974333 0.004132090 0.009631593 0.008784279 0.051462002 0.031055428 0.014438609 0.004642528
0.068040803 0.056300737 0.038127240 0.005117279 0.044930518 0.031237692 0.031347048 0.031120863 0.041191600 0.010032620 0.029875178 0.025952246 0.024521416 0.032923449 0.074898064 0.066924170 0.049112327 0.030596692 0.045399643 0.027844561 0.048499312 0.034296561 0.059925213 0.030646922 0.043142937 0.023461463 0.038911812 0.038207870 0.058922298 0.030539244 0.028657576 0.023362096 0.037947070 0.047133133
0.031582367 0.032551028 0.010224053 0.044930518 -0.006782051 0.012443984 0.008894848 0.016394280 0.020947400 0.035864241 0.020806286 0.034882266 0.023572354 0.022862248 0.034667362 0.016771376 0.013834973 0.042484820 0.030651582 0.025964634 0.011464173 0.029356617 0.008625684 0.015405868 0.027017372 0.024510708 0.012506208 0.017431958 0.014204448 0.018362410 0.053901792 0.049253047 0.019946247 0.014733614
0.039057475 0.027245257 0.004452814 0.031237692 0.012443984 -0.025865901 0.000135351 0.002528995 0.003795473 0.021813750 0.007866973 0.026627567 0.007323913 0.009484953 0.040317196 0.022570636 0.007872941 0.028501865 0.014021888 0.013457700 0.001512000 0.011527005 0.018823648 0.004054946 0.024029762 0.015313465 0.002189268 0.001747692 0.021644756 0.005120949 0.044607308 0.027468685 0.020867586 0.012657237
0.037450947 0.025426108 -0.000407648 0.031347048 0.008894848 0.000135351 -0.011858406 -0.002026966 0.002928934 0.020671217 0.005266720 0.021759640 0.009604149 0.004724740 0.035338003 0.023760563 0.007602821 0.023503698 0.016210552 0.006601921 0.003937848 0.007049912 0.019442726 -0.002181571 0.021134647 0.008053279 -0.001597571 0.000401820 0.018127868 -0.004980014 0.047085270 0.027496757 0.017502228 0.011944817
0.041406997 0.026786739 0.004027831 0.031120863 0.016394280 0.002528995 -0.002026966 -0.002514036 0.007712919 0.018249448 0.006910387 0.023098106 0.006192256 0.004388033 0.041722421 0.026244057 0.014270092 0.024670849 0.016550295 0.009929161 0.010151602 0.011545639 0.024394343 0.001217181 0.013821984 0.009131946 -0.000034061 0.008458781 0.024243802 0.005434066 0.040667385 0.026650462 0.025278129 0.017985785
0.043781213 0.037350360 0.004829867 0.041191600 0.020947400 0.003795473 0.002928934 0.007712919 -0.001410945 0.030337624 0.010021215 0.026990147 0.015805744 0.011001432 0.044703573 0.022401005 0.007873880 0.030021312 0.017959025 0.016032564 0.009112435 -0.001345004 0.014974084 0.002615438 0.029277895 0.011221346 0.000822156 0.000089683 0.018865824 -0.002074437 0.063634396 0.036682703 0.022842834 0.015166134
0.058419295 0.043124311 0.027512709 0.010032620 0.035864241 0.021813750 0.020671217 0.018249448 0.030337624 0.006205472 0.016814556 0.014178168 0.010750699 0.021626819 0.062083300 0.054250829 0.037792057 0.016414195 0.033646166 0.013537120 0.038892996 0.024138033 0.049698956 0.022388984 0.028585833 0.006738040 0.026046589 0.030347941 0.047970504 0.020143742 0.020193938 0.012187188 0.028278477 0.036826249
0.048992310 0.030818371 0.011599506 0.029875178 0.020806286 0.007866973 0.005266720 0.006910387 0.010021215 0.016814556 -0.000200021 0.020954385 0.009804489 0.012014270 0.051009700 0.036650218 0.017566374 0.022079149 0.019466117 0.010049128 0.015075234 0.015724173 0.030862164 0.006914206 0.022827759 0.005793446 0.006877265 0.009939267 0.031720292 0.008027684 0.049116727 0.020277135 0.019948265 0.021391790
0.060934305 0.043927610 0.029710442 0.025952246 0.034882266 0.026627567 0.021759640 0.023098106 0.026990147 0.014178168 0.020954385 0.011436198 0.021582196 0.022812791 0.065554418 0.052482918 0.037571892 0.021366637 0.035073541 0.019217126 0.036333036 0.023875479 0.048223514 0.022877172 0.034146726 0.011573769 0.024028547 0.028017400 0.045506701 0.019815158 0.041379791 0.028200241 0.032481275 0.038359832
0.049233224 0.032290280 0.016024791 0.024521416 0.023572354 0.007323913 0.009604149 0.006192256 0.015805744 0.010750699 0.009804489 0.021582196 -0.009713778 0.012445712 0.052106313 0.044562783 0.020254860 0.023401214 0.021154378 0.011768157 0.020227768 0.011787323 0.035910968 0.008183479 0.018304955 0.007200093 0.007134533 0.014162239 0.034379199 0.008242168 0.041653749 0.019400258 0.025593800 0.024093356
0.044132128 0.028331904 0.012116984 0.032923449 0.022862248 0.009484953 0.004724740 0.004388033 0.011001432 0.021626819 0.012014270 0.022812791 0.012445712 -0.002603315 0.046258152 0.034044243 0.015680278 0.024357865 0.016838323 0.016806575 0.014482756 0.013258794 0.026435329 0.008331322 0.022221873 0.009743776 0.003964336 0.010962237 0.027508503 0.005508196 0.041637167 0.031329699 0.022074208 0.022486268
0.037737112 0.056028359 0.030403338 0.074898064 0.034667362 0.040317196 0.035338003 0.041722421 0.044703573 0.062083300 0.051009700 0.065554418 0.052106313 0.046258152 0.029383399 0.011612667 0.035091460 0.072932787 0.043526866 0.055809129 0.035826072 0.052663133 0.027779143 0.038065482 0.044166461 0.059411310 0.042441249 0.039522883 0.027738027 0.051652215 0.080632851 0.078191042 0.044372238 0.030047584
0.017417006 0.032700352 0.011710336 0.066924170 0.016771376 0.022570636 0.023760563 0.026244057 0.022401005 0.054250829 0.036650218 0.052482918 0.044562783 0.034044243 0.011612667 -0.017177250 0.013291068 0.060512736 0.028200248 0.036157936 0.012779966 0.029338475 -0.000088103 0.025157703 0.034095988 0.047717340 0.022349065 0.020197723 0.000324290 0.031329628 0.069459841 0.064669877 0.024089882 0.002681400
0.033107586 0.027546901 0.003873020 0.049112327 0.013834973 0.007872941 0.007602821 0.014270092 0.007873880 0.037792057 0.017566374 0.037571892 0.020254860 0.015680278 0.035091460 0.013291068 -0.008257809 0.037886437 0.019636329 0.024900375 0.007369583 0.015950002 0.008186833 0.007186964 0.027289039 0.024167018 0.006129367 0.008271989 0.011878322 0.013783572 0.066342533 0.044800438 0.009903637 0.014745682
0.065420553 0.041162714 0.031062873 0.030596692 0.042484820 0.028501865 0.023503698 0.024670849 0.030021312 0.016414195 0.022079149 0.021366637 0.023401214 0.024357865 0.072932787 0.060512736 0.037886437 0.008508347 0.034407083 0.032179933 0.039331235 0.026598433 0.054755766 0.024574170 0.037825994 0.014530824 0.024933578 0.030451652 0.051331282 0.021427944 0.043896489 0.035767421 0.032317623 0.042626344
0.042421926 0.033797108 0.016351618 0.045399643 0.030651582 0.014021888 0.016210552 0.016550295 0.017959025 0.033646166 0.019466117 0.035073541 0.021154378 0.016838323 0.043526866 0.028200248 0.019636329 0.034407083 0.006477127 0.031241594 0.019367922 0.018442379 0.027121108 0.017888637 0.031032909 0.021775506 0.015835820 0.018052422 0.023010580 0.016379479 0.056428611 0.043452267 0.024842026 0.020115189
0.053995233 0.047343355 0.018102447 0.027844561 0.025964634 0.013457700 0.006601921 0.009929161 0.016032564 0.013537120 0.010049128 0.019217126 0.011768157 0.016806575 0.055809129 0.036157936 0.024900375 0.032179933 0.031241594 -0.001636058 0.023846066 0.016103355 0.034608752 0.013220739 0.025691880 0.010343829 0.012300607 0.016959120 0.035486158 0.010684985 0.045370795 0.028007003 0.028558083 0.025571374
0.032748960 0.030938946 0.002541191 0.048499312 0.011464173 0.001512000 0.003937848 0.010151602 0.009112435 0.038892996 0.015075234 0.036333036 0.020227768 0.014482756 0.035826072 0.012779966 0.007369583 0.039331235 0.019367922 0.023846066 -0.004032781 0.011732602 0.007535635 0.004483094 0.030987460 0.021642767 0.005680342 0.005327047 0.008856280 0.011222234 0.062564604 0.039172109 0.011059742 0.007411067
0.048324130 0.026901156 0.009352516 0.034296561 0.029356617 0.011527005 0.007049912 0.011545639 -0.001345004 0.024138033 0.015724173 0.023875479 0.011787323 0.013258794 0.052663133 0.029338475 0.015950002 0.026598433 0.018442379 0.016103355 0.011732602 -0.023504063 0.022427553 0.000366185 0.027830906 0.008303450 0.009780120 0.010818059 0.023664817 0.009791794 0.058055028 0.029195620 0.016545920 0.019528495
0.021505987 0.040095851 0.008594409 0.059925213 0.008625684 0.018823648 0.019442726 0.024394343 0.014974084 0.049698956 0.030862164 0.048223514 0.035910968 0.026435329 0.027779143 -0.000088103 0.008186833 0.054755766 0.027121108 0.034608752 0.007535635 0.022427553 -0.010539986 0.019478545 0.033483960 0.041040082 0.018649843 0.016550213 0.004688300 0.025226161 0.072237372 0.055365998 0.017039219 0.004441403
0.040147476 0.024587207 0.001422431 0.030646922 0.015405868 0.004054946 -0.002181571 0.001217181 0.002615438 0.022388984 0.006914206 0.022877172 0.008183479 0.008331322 0.038065482 0.025157703 0.007186964 0.024574170 0.017888637 0.013220739 0.004483094 0.000366185 0.019478545 -0.002560040 0.020610545 0.008059495 -0.001579894 0.000786747 0.017880969 -0.000915535 0.047434513 0.026643950 0.014239685 0.013529018
0.053681917 0.015854863 0.021623153 0.043142937 0.027017372 0.024029762 0.021134647 0.013821984 0.029277895 0.028585833 0.022827759 0.034146726 0.018304955 0.022221873 0.044166461 0.034095988 0.027289039 0.037825994 0.031032909 0.025691880 0.030987460 0.027830906 0.033483960 0.020610545 -0.015271919 0.020508084 0.019727297 0.020460978 0.040755913 0.024520515 0.056646410 0.039816126 0.032871507 0.028538827
0.053849250 0.028954720 0.017793979 0.023461463 0.024510708 0.015313465 0.008053279 0.009131946 0.011221346 0.006738040 0.005793446 0.011573769 0.007200093 0.009743776 0.059411310 0.047717340 0.024167018 0.014530824 0.021775506 0.010343829 0.021642767 0.008303450 0.041040082 0.008059495 0.020508084 -0.010055482 0.009491357 0.013805099 0.036097009 0.003276881 0.040711090 0.017165286 0.021148114 0.025895605
0.043684136 0.028129350 0.002974333 0.038911812 0.012506208 0.002189268 -0.001597571 -0.000034061 0.000822156 0.026046589 0.006877265 0.024028547 0.007134533 0.003964336 0.042441249 0.022349065 0.006129367 0.024933578 0.015835820 0.012300607 0.005680342 0.009780120 0.018649843 -0.001579894 0.019727297 0.009491357 -0.010491546 0.000635216 0.021678140 -0.002172017 0.056673869 0.036866508 0.019460291 0.012066585
0.040612482 0.026618021 0.004132090 0.038207870 0.017431958 0.001747692 0.000401820 0.008458781 0.000089683 0.030347941 0.009939267 0.028017400 0.014162239 0.010962237 0.039522883 0.020197723 0.008271989 0.030451652 0.018052422 0.016959120 0.005327047 0.010818059 0.016550213 0.000786747 0.020460978 0.013805099 0.000635216 -0.007046230 0.018942341 0.001947462 0.052634291 0.035974436 0.014516853 0.012914957
0.019701123 0.037773397 0.009631593 0.058922298 0.014204448 0.021644756 0.018127868 0.024243802 0.018865824 0.047970504 0.031720292 0.045506701 0.034379199 0.027508503 0.027738027 0.000324290 0.011878322 0.051331282 0.023010580 0.035486158 0.008856280 0.023664817 0.004688300 0.017880969 0.040755913 0.036097009 0.021678140 0.018942341 -0.009847296 0.024932954 0.072143540 0.059422322 0.019107135 0.010751948
0.049632460 0.035326093 0.008784279 0.030539244 0.018362410 0.005120949 -0.004980014 0.005434066 -0.002074437 0.020143742 0.008027684 0.019815158 0.008242168 0.005508196 0.051652215 0.031329628 0.013783572 0.021427944 0.016379479 0.010684985 0.011222234 0.009791794 0.025226161 -0.000915535 0.024520515 0.003276881 -0.002172017 0.001947462 0.024932954 -0.023714358 0.053458177 0.036926761 0.018100671 0.020376887
0.086460702 0.073643699 0.051462002 0.028657576 0.053901792 0.044607308 0.047085270 0.040667385 0.063634396 0.020193938 0.049116727 0.041379791 0.041653749 0.041637167 0.080632851 0.069459841 0.066342533 0.043896489 0.056428611 0.045370795 0.062564604 0.058055028 0.072237372 0.047434513 0.056646410 0.040711090 0.056673869 0.052634291 0.072143540 0.053458177 -0.000266651 0.043321460 0.056691140 0.048900604
0.068683520 0.040801030 0.031055428 0.023362096 0.049253047 0.027468685 0.027496757 0.026650462 0.036682703 0.012187188 0.020277135 0.028200241 0.019400258 0.031329699 0.078191042 0.064669877 0.044800438 0.035767421 0.043452267 0.028007003 0.039172109 0.029195620 0.055365998 0.026643950 0.039816126 0.017165286 0.036866508 0.035974436 0.059422322 0.036926761 0.043321460 0.006086819 0.036453485 0.044826694
0.034518115 0.026553428 0.014438609 0.037947070 0.019946247 0.020867586 0.017502228 0.025278129 0.022842834 0.028278477 0.019948265 0.032481275 0.025593800 0.022074208 0.044372238 0.024089882 0.009903637 0.032317623 0.024842026 0.028558083 0.011059742 0.016545920 0.017039219 0.014239685 0.032871507 0.021148114 0.019460291 0.014516853 0.019107135 0.018100671 0.056691140 0.036453485 -0.030223906 0.019850377
0.025387764 0.033491362 0.004642528 0.047133133 0.014733614 0.012657237 0.011944817 0.017985785 0.015166134 0.036826249 0.021391790 0.038359832 0.024093356 0.022486268 0.030047584 0.002681400 0.014745682 0.042626344 0.020115189 0.025571374 0.007411067 0.019528495 0.004441403 0.013529018 0.028538827 0.025895605 0.012066585 0.012914957 0.010751948 0.020376887 0.048900604 0.044826694 0.019850377 -0.005734060
