0.018430948 0.058289140 0.020705460 0.075986266 0.021937255 0.035529852 0.034975629 0.038564675 0.040922433 0.060803194 0.047035143 0.074932650 0.049429603 0.047470324 0.035716560 0.017945686 0.029832158 0.063558236 0.040022463 0.057063255 0.027455674 0.047415748 0.022887826 0.037887659 0.050538421 0.049772941 0.039508071 0.038659789 0.017700948 0.047494426 0.081455730 0.070588350 0.042099800 0.024616372
0.058289140 -0.041049439 0.019300923 0.060872227 0.027667614 0.021626217 0.024139190 0.023221627 0.035737023 0.042847410 0.025928041 0.051327046 0.030428018 0.028824419 0.052709807 0.031515002 0.025247851 0.040567763 0.030168796 0.046992335 0.026395217 0.027485738 0.040373079 0.023169601 0.013293514 0.025779124 0.027885383 0.023770541 0.033131368 0.035527997 0.072213255 0.041937023 0.027802916 0.032283068
0.020705460 0.019300923 -0.001347463 0.041734613 0.006415185 0.003558456 -0.000286631 0.003617039 0.004741502 0.029041734 0.010127282 0.037550632 0.014490172 0.014536832 0.028106041 0.011216204 0.000100249 0.029942203 0.014331860 0.019466769 0.003205494 0.011203934 0.010453293 0.001206192 0.020111669 0.019095298 0.001343446 0.006507860 0.008155624 0.010104725 0.051202364 0.038557980 0.019710392 0.009448009
0.075986266 0.060872227 0.041734613 0.011897489 0.041162103 0.025548303 0.032319710 0.030839216 0.044196431 0.009894509 0.029872946 0.033716258 0.029758485 0.034814201 0.082165152 0.063742042 0.054292008 0.042328011 0.051241182 0.030538997 0.048208624 0.042767070 0.058253150 0.033066526 0.042959519 0.021057755 0.041717697 0.040394537 0.060964927 0.038116563 0.039047219 0.030985702 0.044523299 0.051213168
0.021937255 0.027667614 0.006415185 0.041162103 -0.018348902 0.008587501 0.008632774 0.015672121 0.019527636 0.030114906 0.018813852 0.036855347 0.021976221 0.021186493 0.028122939 0.013161229 0.008817642 0.032659765 0.023059748 0.025171241 0.009447036 0.024081044 0.007551799 0.014709405 0.027214114 0.020077650 0.011277601 0.012510201 0.007194038 0.011227161 0.050822563 0.046429917 0.017343454 0.018723246
0.035529852 0.021626217 0.003558456 0.025548303 0.008587501 -0.030132722 -0.000112139 0.000528376 0.002643514 0.017530818 0.004845158 0.024261929 0.004876173 0.007099516 0.034515683 0.023348335 0.004989514 0.022471644 0.008481928 0.010300659 0.000263330 0.009903586 0.019855581 0.003366076 0.023705076 0.012730979 0.001481216 -0.001293648 0.016238641 0.000769761 0.042224549 0.022249291 0.017986786 0.014548353
0.034975629 0.024139190 -0.000286631 0.032319710 0.008632774 -0.000112139 -0.015314935 -0.004053817 0.002279332 0.020388374 0.004317854 0.025200821 0.007372014 0.006250382 0.035750806 0.023485087 0.007890789 0.022254294 0.014369729 0.006847185 0.004270619 0.008883629 0.020274080 -0.003976746 0.020858034 0.008507633 -0.004449001 0.002020134 0.016958112 -0.005194755 0.049040064 0.031653598 0.021246515 0.016587067
0.038564675 0.023221627 0.003617039 0.030839216 0.015672121 0.000528376 -0.004053817 -0.002315203 0.007325299 0.016987894 0.005881693 0.027008167 0.001447070 0.005515500 0.039842155 0.027184652 0.012893598 0.020024439 0.011988265 0.011380587 0.009667096 0.010149943 0.026022885 0.001154015 0.013285529 0.008167738 -0.000636047 0.006906016 0.021519033 0.002478288 0.039766155 0.027259557 0.025747657 0.022039959
0.040922433 0.035737023 0.004741502 0.044196431 0.019527636 0.002643514 0.002279332 0.007325299 -0.001609479 0.030727353 0.008548096 0.032928512 0.013728082 0.012471627 0.043538705 0.021645168 0.006396535 0.029550966 0.016162621 0.016977439 0.009283777 0.000829555 0.015137980 0.002426151 0.028546596 0.011657249 0.000528942 0.001579162 0.017483538 -0.000676024 0.064126775 0.040996108 0.027053216 0.019110071
0.060803194 0.042847410 0.029041734 0.009894509 0.030114906 0.017530818 0.020388374 0.016987894 0.030727353 0.002324107 0.016257357 0.014602683 0.012126077 0.020980844 0.062982164 0.051977951 0.039377734 0.021313608 0.034577888 0.008753090 0.034714568 0.027497115 0.048210204 0.022612687 0.027877428 0.003322664 0.027442895 0.029008608 0.047348373 0.024219347 0.024909178 0.014753681 0.029606216 0.038088046
0.047035143 0.025928041 0.010127282 0.029872946 0.018813852 0.004845158 0.004317854 0.005881693 0.008548096 0.016257357 -0.007114406 0.024429163 0.007247197 0.009354230 0.047658198 0.036063381 0.015787374 0.017168334 0.012590573 0.011398351 0.013837229 0.010626405 0.029992605 0.005776667 0.022422940 0.001601198 0.005579039 0.006211629 0.029069953 0.001897081 0.045245983 0.018457120 0.019001510 0.022974607
0.074932650 0.051327046 0.037550632 0.033716258 0.036855347 0.024261929 0.025200821 0.027008167 0.032928512 0.014602683 0.024429163 0.014180880 0.028998498 0.026105739 0.080486283 0.053036284 0.046633307 0.037449338 0.044236809 0.021048015 0.038110182 0.037672669 0.048830967 0.027830474 0.039259057 0.012847872 0.031101976 0.032247100 0.051494144 0.031664133 0.061134391 0.041772455 0.039732251 0.047123149
0.049429603 0.030428018 0.014490172 0.029758485 0.021976221 0.004876173 0.007372014 0.001447070 0.013728082 0.012126077 0.007247197 0.028998498 -0.009576435 0.010230477 0.053271774 0.042636234 0.020081338 0.020984232 0.017977133 0.013842350 0.019047741 0.009557642 0.035000060 0.005883729 0.016643479 0.001942952 0.003851313 0.012374569 0.034394771 0.005258863 0.039480958 0.020211518 0.028394006 0.026896223
0.047470324 0.028824419 0.014536832 0.034814201 0.021186493 0.007099516 0.006250382 0.005515500 0.012471627 0.020980844 0.009354230 0.026105739 0.010230477 0.001362979 0.049440496 0.037976317 0.017620957 0.026113030 0.016450837 0.015916828 0.012258745 0.017812412 0.032331586 0.010216958 0.023654293 0.010306953 0.007243763 0.011341847 0.027633997 0.008486758 0.050012477 0.034935303 0.026565284 0.028290246
0.035716560 0.052709807 0.028106041 0.082165152 0.028122939 0.034515683 0.035750806 0.039842155 0.043538705 0.062982164 0.047658198 0.080486283 0.053271774 0.049440496 0.028237399 0.012683204 0.033225406 0.071305677 0.038834970 0.060748134 0.031858146 0.050056919 0.031015078 0.038349997 0.045144826 0.054228295 0.042513911 0.034751020 0.024738342 0.047158159 0.076677933 0.079819754 0.046788093 0.031648759
0.017945686 0.031515002 0.011216204 0.063742042 0.013161229 0.023348335 0.023485087 0.027184652 0.021645168 0.051977951 0.036063381 0.053036284 0.042636234 0.037976317 0.012683204 -0.015764628 0.013344681 0.060669847 0.026420195 0.029345043 0.009702505 0.032223966 0.003034546 0.025013119 0.033709325 0.046760760 0.022057576 0.019771706 0.001592876 0.033362295 0.072140321 0.069889054 0.027887562 0.008646224
0.029832158 0.025247851 0.000100249 0.054292008 0.008817642 0.004989514 0.007890789 0.012893598 0.006396535 0.039377734 0.015787374 0.046633307 0.020081338 0.017620957 0.033225406 0.013344681 -0.013682180 0.036186352 0.014971556 0.028265268 0.006420504 0.016444910 0.010544571 0.006470937 0.026466019 0.023160433 0.004302645 0.008052834 0.006590721 0.011782245 0.065181345 0.046734955 0.015488141 0.016749034
0.063558236 0.040567763 0.029942203 0.042328011 0.032659765 0.022471644 0.022254294 0.020024439 0.029550966 0.021313608 0.017168334 0.037449338 0.020984232 0.026113030 0.071305677 0.060669847 0.036186352 0.005962931 0.032076947 0.037464246 0.037956320 0.028664950 0.057497215 0.023549451 0.033517573 0.015044451 0.023185603 0.032733008 0.047805719 0.022316506 0.048123069 0.038754679 0.041612878 0.041153308
0.040022463 0.030168796 0.014331860 0.051241182 0.023059748 0.008481928 0.014369729 0.011988265 0.016162621 0.034577888 0.012590573 0.044236809 0.017977133 0.016450837 0.038834970 0.026420195 0.014971556 0.032076947 0.001193881 0.032491691 0.016870873 0.019230228 0.026689626 0.016062004 0.027006762 0.020413253 0.013619630 0.017445963 0.018351354 0.015812397 0.056521893 0.043304894 0.028171588 0.018737160
0.057063255 0.046992335 0.019466769 0.030538997 0.025171241 0.010300659 0.006847185 0.011380587 0.016977439 0.008753090 0.011398351 0.021048015 0.013842350 0.015916828 0.060748134 0.029345043 0.028265268 0.037464246 0.032491691 -0.001446394 0.023809617 0.019145211 0.027534455 0.013967417 0.025791313 0.006419257 0.012401886 0.015879050 0.036084916 0.013942730 0.050183110 0.037126955 0.029588893 0.033839401
0.027455674 0.026395217 0.003205494 0.048208624 0.009447036 0.000263330 0.004270619 0.009667096 0.009283777 0.034714568 0.013837229 0.038110182 0.019047741 0.012258745 0.031858146 0.009702505 0.006420504 0.037956320 0.016870873 0.023809617 -0.002303731 0.012399860 0.003561140 0.004335660 0.029378405 0.020285623 0.004504546 0.005641186 0.004909066 0.012108555 0.060308862 0.040418431 0.011067217 0.012039933
0.047415748 0.027485738 0.011203934 0.042767070 0.024081044 0.009903586 0.008883629 0.010149943 0.000829555 0.027497115 0.010626405 0.037672669 0.009557642 0.017812412 0.050056919 0.032223966 0.016444910 0.028664950 0.019230228 0.019145211 0.012399860 -0.016671080 0.027432904 0.002159967 0.027127029 0.011628580 0.011728469 0.015289275 0.022725267 0.014708921 0.061730344 0.034073167 0.024850506 0.021898482
0.022887826 0.040373079 0.010453293 0.058253150 0.007551799 0.019855581 0.020274080 0.026022885 0.015137980 0.048210204 0.029992605 0.048830967 0.035000060 0.032331586 0.031015078 0.003034546 0.010544571 0.057497215 0.026689626 0.027534455 0.003561140 0.027432904 -0.004493445 0.020304255 0.034958966 0.039840657 0.020943807 0.015447266 0.008658454 0.029046910 0.074664898 0.060913164 0.020025400 0.014353724
0.037887659 0.023169601 0.001206192 0.033066526 0.014709405 0.003366076 -0.003976746 0.001154015 0.002426151 0.022612687 0.005776667 0.027830474 0.005883729 0.010216958 0.038349997 0.025013119 0.006470937 0.023549451 0.016062004 0.013967417 0.004335660 0.002159967 0.020304255 -0.002854081 0.019667430 0.008103583 -0.001834840 0.001889104 0.016609147 0.000093594 0.048811194 0.031183172 0.017903145 0.017502885
0.050538421 0.013293514 0.020111669 0.042959519 0.027214114 0.023705076 0.020858034 0.013285529 0.028546596 0.027877428 0.022422940 0.039259057 0.016643479 0.023654293 0.045144826 0.033709325 0.026466019 0.033517573 0.027006762 0.025791313 0.029378405 0.027127029 0.034958966 0.019667430 -0.017552942 0.018782677 0.017471865 0.019931355 0.039180815 0.023003217 0.056207083 0.044139728 0.036167070 0.033271931
0.049772941 0.025779124 0.019095298 0.021057755 0.020077650 0.012730979 0.008507633 0.008167738 0.011657249 0.003322664 0.001601198 0.012847872 0.001942952 0.010306953 0.054228295 0.046760760 0.023160433 0.015044451 0.020413253 0.006419257 0.020285623 0.011628580 0.039840657 0.008103583 0.018782677 -0.007970687 0.009913675 0.014192427 0.031788900 0.006458757 0.042853877 0.020189973 0.022319732 0.027217105
0.039508071 0.027885383 0.001343446 0.041717697 0.011277601 0.001481216 -0.004449001 -0.000636047 0.000528942 0.027442895 0.005579039 0.031101976 0.003851313 0.007243763 0.042513911 0.022057576 0.004302645 0.023185603 0.013619630 0.012401886 0.004504546 0.011728469 0.020943807 -0.001834840 0.017471865 0.009913675 -0.010495327 0.002593267 0.018612301 -0.001358788 0.057037052 0.043204505 0.026060497 0.016436895
0.038659789 0.023770541 0.006507860 0.040394537 0.012510201 -0.001293648 0.002020134 0.006906016 0.001579162 0.029008608 0.006211629 0.032247100 0.012374569 0.011341847 0.034751020 0.019771706 0.008052834 0.032733008 0.017445963 0.015879050 0.005641186 0.015289275 0.015447266 0.001889104 0.019931355 0.014192427 0.002593267 -0.006169252 0.014799637 0.006416977 0.054001704 0.036571011 0.014082901 0.014066235
0.017700948 0.033131368 0.008155624 0.060964927 0.007194038 0.016238641 0.016958112 0.021519033 0.017483538 0.047348373 0.029069953 0.051494144 0.034394771 0.027633997 0.024738342 0.001592876 0.006590721 0.047805719 0.018351354 0.036084916 0.004909066 0.022725267 0.008658454 0.016609147 0.039180815 0.031788900 0.018612301 0.014799637 -0.012067571 0.021288361 0.066988073 0.056359023 0.020763438 0.012108389
0.047494426 0.035527997 0.010104725 0.038116563 0.011227161 0.000769761 -0.005194755 0.002478288 -0.000676024 0.024219347 0.001897081 0.031664133 0.005258863 0.008486758 0.047158159 0.033362295 0.011782245 0.022316506 0.015812397 0.013942730 0.012108555 0.014708921 0.029046910 0.000093594 0.023003217 0.006458757 -0.001358788 0.006416977 0.021288361 -0.019979592 0.057069212 0.039731838 0.026304733 0.019489566
0.081455730 0.072213255 0.051202364 0.039047219 0.050822563 0.042224549 0.049040064 0.039766155 0.064126775 0.024909178 0.045245983 0.061134391 0.039480958 0.050012477 0.076677933 0.072140321 0.065181345 0.048123069 0.056521893 0.050183110 0.060308862 0.061730344 0.074664898 0.048811194 0.056207083 0.042853877 0.057037052 0.054001704 0.066988073 0.057069212 -0.000504121 0.053363074 0.065575644 0.049873076
0.070588350 0.041937023 0.038557980 0.030985702 0.046429917 0.022249291 0.031653598 0.027259557 0.040996108 0.014753681 0.018457120 0.041772455 0.020211518 0.034935303 0.079819754 0.069889054 0.046734955 0.038754679 0.043304894 0.037126955 0.040418431 0.034073167 0.060913164 0.031183172 0.044139728 0.020189973 0.043204505 0.036571011 0.056359023 0.039731838 0.053363074 0.012980148 0.041228857 0.051100012
0.042099800 0.027802916 0.019710392 0.044523299 0.017343454 0.017986786 0.021246515 0.025747657 0.027053216 0.029606216 0.019001510 0.039732251 0.028394006 0.026565284 0.046788093 0.027887562 0.015488141 0.041612878 0.028171588 0.029588893 0.011067217 0.024850506 0.020025400 0.017903145 0.036167070 0.022319732 0.026060497 0.014082901 0.020763438 0.026304733 0.065575644 0.041228857 -0.028986584 0.021994576
0.024616372 0.032283068 0.009448009 0.051213168 0.018723246 0.014548353 0.016587067 0.022039959 0.019110071 0.038088046 0.022974607 0.047123149 0.026896223 0.028290246 0.031648759 0.008646224 0.016749034 0.041153308 0.018737160 0.033839401 0.012039933 0.021898482 0.014353724 0.017502885 0.033271931 0.027217105 0.016436895 0.014066235 0.012108389 0.019489566 0.049873076 0.051100012 0.021994576 0.003898118
