0.016305542 0.051843148 0.019687908 0.083682984 0.016797706 0.036980465 0.035045154 0.038491044 0.039328143 0.061850056 0.046968009 0.070959106 0.047352191 0.045866303 0.028459780 0.022676166 0.028725795 0.059099592 0.036803175 0.056415319 0.024056634 0.047235928 0.024365554 0.041753367 0.047234267 0.047711365 0.040401403 0.036456697 0.023427982 0.046571959 0.078690961 0.068998665 0.044518657 0.022536132
0.051843148 -0.048459686 0.016575933 0.062437337 0.020098148 0.020008352 0.021020129 0.020076782 0.032210439 0.040696114 0.022933248 0.047051564 0.026704935 0.027420672 0.045289598 0.031164918 0.022213141 0.033601545 0.026205083 0.039622203 0.021045396 0.026671488 0.042078279 0.020492265 0.005225794 0.025431966 0.026292887 0.023511518 0.035118390 0.034387700 0.074459769 0.036460977 0.028845338 0.028640978
0.019687908 0.016575933 -0.001532143 0.045358416 0.006943931 0.005621591 -0.000305231 0.003258306 0.004397785 0.030116601 0.010312399 0.038422287 0.014211003 0.015879480 0.027952449 0.013256739 0.000681709 0.027651602 0.011651904 0.020805961 0.002870199 0.013131788 0.013690684 0.001182206 0.017104292 0.020884076 0.001174636 0.008565325 0.010947681 0.011466690 0.051156998 0.038904712 0.022461999 0.010450748
0.083682984 0.062437337 0.045358416 0.016304858 0.039939281 0.032010887 0.033380687 0.034017220 0.047910262 0.009862200 0.033924975 0.030825948 0.033692613 0.028937500 0.084289625 0.064268187 0.059930354 0.039966203 0.052222006 0.031648241 0.048828531 0.045464583 0.063081868 0.034960106 0.037968658 0.020964378 0.045359276 0.042131767 0.072165355 0.040827453 0.048297781 0.029341746 0.049396958 0.051849321
0.016797706 0.020098148 0.006943931 0.039939281 -0.014191182 0.012126207 0.010034755 0.014677472 0.018657148 0.028166026 0.017897485 0.033758353 0.020969473 0.019381311 0.021951139 0.019472141 0.005964598 0.024648283 0.015777143 0.027625823 0.011025336 0.024098363 0.015291441 0.014655590 0.023116449 0.021075323 0.011653174 0.012637109 0.009686885 0.009961016 0.045367789 0.037684564 0.019039562 0.018193699
0.036980465 0.020008352 0.005621591 0.032010887 0.012126207 -0.025663869 0.002291851 0.002367343 0.005242099 0.020409500 0.007411744 0.028990986 0.007270750 0.009401314 0.036639880 0.027088925 0.006460405 0.022130717 0.008115016 0.018318340 0.004317397 0.013361877 0.023773218 0.005978525 0.020936586 0.016484197 0.003773117 0.003622420 0.018382736 0.003855451 0.045129240 0.023133848 0.021576233 0.017053006
0.035045154 0.021020129 -0.000305231 0.033380687 0.010034755 0.002291851 -0.013199518 -0.003013770 0.002752121 0.019988749 0.004712668 0.024854556 0.007185148 0.005989009 0.036471006 0.024425657 0.007390182 0.020660609 0.011870561 0.008062643 0.004520224 0.010048141 0.021605978 -0.002402026 0.018532408 0.009456043 -0.003011025 0.003200694 0.017681507 -0.003280799 0.048900094 0.030142300 0.021755952 0.017279699
0.038491044 0.020076782 0.003258306 0.034017220 0.014677472 0.002367343 -0.003013770 -0.002891296 0.006596612 0.017187731 0.005570733 0.027196953 -0.000059251 0.006391732 0.040299345 0.030700933 0.012181080 0.017045731 0.009174353 0.012468216 0.008659054 0.012389005 0.029669160 0.001093272 0.009011673 0.009599870 -0.000835477 0.008672347 0.022587903 0.003868900 0.041729208 0.026374981 0.028888939 0.023239862
0.039328143 0.032210439 0.004397785 0.047910262 0.018657148 0.005242099 0.002752121 0.006596612 -0.001791141 0.032041166 0.007442966 0.034146801 0.012108107 0.012386667 0.042039063 0.023747228 0.006380956 0.026729453 0.013001255 0.018849917 0.009285541 0.002391039 0.017527122 0.002803674 0.027498044 0.013160005 0.000208356 0.003724546 0.017550144 0.000304704 0.062732249 0.040081073 0.029512990 0.019248597
0.061850056 0.040696114 0.030116601 0.009862200 0.028166026 0.020409500 0.019988749 0.017187731 0.032041166 -0.000558373 0.017113760 0.010897093 0.014349829 0.016071076 0.061118230 0.048766419 0.040331945 0.017718857 0.032699697 0.006637374 0.035380173 0.026609778 0.048713818 0.020431856 0.022695806 0.003303841 0.028144328 0.029956508 0.050355576 0.024768351 0.027492279 0.009677935 0.028969646 0.036411032
0.046968009 0.022933248 0.010312399 0.033924975 0.017897485 0.007411744 0.004712668 0.005570733 0.007442966 0.017113760 -0.006612475 0.023492817 0.005161383 0.007370777 0.046440095 0.039366648 0.015764764 0.013249363 0.009442072 0.012945347 0.013230778 0.012168198 0.031808905 0.008259800 0.019728672 -0.000105779 0.005734531 0.007182825 0.031792842 0.002434442 0.046498556 0.017886678 0.021452975 0.023303855
0.070959106 0.047051564 0.038422287 0.030825948 0.033758353 0.028990986 0.024854556 0.027196953 0.034146801 0.010897093 0.023492817 0.010266073 0.028542085 0.020857802 0.070857286 0.049324751 0.045877650 0.029754356 0.040018100 0.017693289 0.039006826 0.034321941 0.049116042 0.024046563 0.034373350 0.014835350 0.031777661 0.032391272 0.055683240 0.030247239 0.060913239 0.035267562 0.035464257 0.042328879
0.047352191 0.026704935 0.014211003 0.033692613 0.020969473 0.007270750 0.007185148 -0.000059251 0.012108107 0.014349829 0.005161383 0.028542085 -0.014588654 0.008680990 0.050425518 0.046275008 0.018030342 0.015519197 0.013707950 0.013667113 0.017888144 0.010314229 0.037431281 0.009513043 0.012640305 0.001328582 0.002607281 0.013361072 0.035237916 0.004748564 0.038248815 0.020020071 0.030982856 0.026758719
0.045866303 0.027420672 0.015879480 0.028937500 0.019381311 0.009401314 0.005989009 0.006391732 0.012386667 0.016071076 0.007370777 0.020857802 0.008680990 0.001789376 0.045445271 0.037572436 0.017711898 0.021749360 0.014493052 0.009787851 0.011033537 0.018521369 0.035676159 0.006409994 0.019909471 0.012533007 0.009062191 0.011455664 0.029297639 0.009349745 0.051167570 0.028326847 0.022636168 0.027887536
0.028459780 0.045289598 0.027952449 0.084289625 0.021951139 0.036639880 0.036471006 0.040299345 0.042039063 0.061118230 0.046440095 0.070857286 0.050425518 0.045445271 0.014990402 0.015797818 0.030320048 0.062297791 0.034324642 0.056757879 0.029432043 0.046922348 0.034297321 0.040842459 0.041984815 0.051747292 0.044880964 0.033312924 0.029046252 0.044547915 0.071766362 0.075031310 0.044076186 0.027840137
0.022676166 0.031164918 0.013256739 0.064268187 0.019472141 0.027088925 0.024425657 0.030700933 0.023747228 0.048766419 0.039366648 0.049324751 0.046275008 0.037572436 0.015797818 -0.019463595 0.016788859 0.063257322 0.026824456 0.030174561 0.010815743 0.033874147 -0.000391731 0.023791974 0.034069993 0.047945507 0.025936592 0.019183239 0.008040966 0.036194209 0.077630192 0.070351124 0.025030229 0.009709680
0.028725795 0.022213141 0.000681709 0.059930354 0.005964598 0.006460405 0.007390182 0.012181080 0.006380956 0.040331945 0.015764764 0.045877650 0.018030342 0.017711898 0.030320048 0.016788859 -0.010657740 0.032291654 0.012807990 0.028366774 0.004424610 0.018039634 0.013828957 0.010726102 0.022331236 0.023963220 0.006485147 0.008909325 0.011490306 0.013903737 0.066276878 0.045625284 0.019523891 0.016662775
0.059099592 0.033601545 0.027651602 0.039966203 0.024648283 0.022130717 0.020660609 0.017045731 0.026729453 0.017718857 0.013249363 0.029754356 0.015519197 0.021749360 0.062297791 0.063257322 0.032291654 -0.002693679 0.026327811 0.030579288 0.033157468 0.027774462 0.058022566 0.022921400 0.026498813 0.013180275 0.021118842 0.030155847 0.046870217 0.020215537 0.045775950 0.029004145 0.040637292 0.037358165
0.036803175 0.026205083 0.011651904 0.052222006 0.015777143 0.008115016 0.011870561 0.009174353 0.013001255 0.032699697 0.009442072 0.040018100 0.013707950 0.014493052 0.034324642 0.026824456 0.012807990 0.026327811 -0.004587054 0.027524330 0.012165331 0.018960521 0.027123364 0.014771244 0.020556286 0.019393303 0.011239710 0.016147649 0.017023973 0.014802894 0.056215189 0.039185978 0.029100440 0.016095314
0.056415319 0.039622203 0.020805961 0.031648241 0.027625823 0.018318340 0.008062643 0.012468216 0.018849917 0.006637374 0.012945347 0.017693289 0.013667113 0.009787851 0.056757879 0.030174561 0.028366774 0.030579288 0.027524330 -0.000084430 0.025284158 0.018570250 0.029624611 0.014678103 0.021187633 0.006425321 0.013814706 0.015991550 0.039846819 0.013941889 0.049000934 0.032789640 0.028618921 0.031814270
0.024056634 0.021045396 0.002870199 0.048828531 0.011025336 0.004317397 0.004520224 0.008659054 0.009285541 0.035380173 0.013230778 0.039006826 0.017888144 0.011033537 0.029432043 0.010815743 0.004424610 0.033157468 0.012165331 0.025284158 -0.000821371 0.012285789 0.007451813 0.003841880 0.025565024 0.021849593 0.003357885 0.007835058 0.005348436 0.011586123 0.057307959 0.036195964 0.012469083 0.011962926
0.047235928 0.026671488 0.013131788 0.045464583 0.024098363 0.013361877 0.010048141 0.012389005 0.002391039 0.026609778 0.012168198 0.034321941 0.010314229 0.018521369 0.046922348 0.033874147 0.018039634 0.027774462 0.018960521 0.018570250 0.012285789 -0.014361918 0.029754961 0.002176659 0.025686260 0.013629645 0.014853325 0.016102543 0.026831206 0.017171970 0.064786196 0.033200655 0.024819674 0.022815708
0.024365554 0.042078279 0.013690684 0.063081868 0.015291441 0.023773218 0.021605978 0.029669160 0.017527122 0.048713818 0.031808905 0.049116042 0.037431281 0.035676159 0.034297321 -0.000391731 0.013828957 0.058022566 0.027123364 0.029624611 0.007451813 0.029754961 -0.000771932 0.018528659 0.034975689 0.043961529 0.025231307 0.018977497 0.014287307 0.032364424 0.079709060 0.064734057 0.019402198 0.017609205
0.041753367 0.020492265 0.001182206 0.034960106 0.014655590 0.005978525 -0.002402026 0.001093272 0.002803674 0.020431856 0.008259800 0.024046563 0.009513043 0.006409994 0.040842459 0.023791974 0.010726102 0.022921400 0.014771244 0.014678103 0.003841880 0.002176659 0.018528659 -0.003164371 0.016837589 0.006104727 -0.002186746 0.000418785 0.020162510 0.001102627 0.052059621 0.026961131 0.017767610 0.017648656
0.047234267 0.005225794 0.017104292 0.037968658 0.023116449 0.020936586 0.018532408 0.009011673 0.027498044 0.022695806 0.019728672 0.034373350 0.012640305 0.019909471 0.041984815 0.034069993 0.022331236 0.026498813 0.020556286 0.021187633 0.025565024 0.025686260 0.034975689 0.016837589 -0.026995800 0.016862122 0.013592099 0.017810334 0.036249086 0.020748585 0.052932937 0.037093204 0.035012528 0.030776460
0.047711365 0.025431966 0.020884076 0.020964378 0.021075323 0.016484197 0.009456043 0.009599870 0.013160005 0.003303841 -0.000105779 0.014835350 0.001328582 0.012533007 0.051747292 0.047945507 0.023963220 0.013180275 0.019393303 0.006425321 0.021849593 0.013629645 0.043961529 0.006104727 0.016862122 -0.002249826 0.011689260 0.017947327 0.034915648 0.008880232 0.046467505 0.019118140 0.023565760 0.028018650
0.040401403 0.026292887 0.001174636 0.045359276 0.011653174 0.003773117 -0.003011025 -0.000835477 0.000208356 0.028144328 0.005734531 0.031777661 0.002607281 0.009062191 0.044880964 0.025936592 0.006485147 0.021118842 0.011239710 0.013814706 0.003357885 0.014853325 0.025231307 -0.002186746 0.013592099 0.011689260 -0.007908820 0.004448569 0.020319279 0.000860768 0.059506517 0.043613039 0.030243810 0.018610615
0.036456697 0.023511518 0.008565325 0.042131767 0.012637109 0.003622420 0.003200694 0.008672347 0.003724546 0.029956508 0.007182825 0.032391272 0.013361072 0.011455664 0.033312924 0.019183239 0.008909325 0.030155847 0.016147649 0.015991550 0.007835058 0.016102543 0.018977497 0.000418785 0.017810334 0.017947327 0.004448569 -0.002800614 0.017622329 0.008191654 0.056549028 0.034226410 0.013701471 0.013905158
0.023427982 0.035118390 0.010947681 0.072165355 0.009686885 0.018382736 0.017681507 0.022587903 0.017550144 0.050355576 0.031792842 0.055683240 0.035237916 0.029297639 0.029046252 0.008040966 0.011490306 0.046870217 0.017023973 0.039846819 0.005348436 0.026831206 0.014287307 0.020162510 0.036249086 0.034915648 0.020319279 0.017622329 0.001286995 0.024527764 0.075179987 0.058748621 0.028321642 0.015591323
0.046571959 0.034387700 0.011466690 0.040827453 0.009961016 0.003855451 -0.003280799 0.003868900 0.000304704 0.024768351 0.002434442 0.030247239 0.004748564 0.009349745 0.044547915 0.036194209 0.013903737 0.020215537 0.014802894 0.013941889 0.011586123 0.017171970 0.032364424 0.001102627 0.020748585 0.008880232 0.000860768 0.008191654 0.024527764 -0.016917411 0.059846774 0.037594341 0.028580911 0.019824458
0.078690961 0.074459769 0.051156998 0.048297781 0.045367789 0.045129240 0.048900094 0.041729208 0.062732249 0.027492279 0.046498556 0.060913239 0.038248815 0.051167570 0.071766362 0.077630192 0.066276878 0.045775950 0.056215189 0.049000934 0.057307959 0.064786196 0.079709060 0.052059621 0.052932937 0.046467505 0.059506517 0.056549028 0.075179987 0.059846774 0.007652441 0.057001181 0.074105993 0.050277479
0.068998665 0.036460977 0.038904712 0.029341746 0.037684564 0.023133848 0.030142300 0.026374981 0.040081073 0.009677935 0.017886678 0.035267562 0.020020071 0.028326847 0.075031310 0.070351124 0.045625284 0.029004145 0.039185978 0.032789640 0.036195964 0.033200655 0.064734057 0.026961131 0.037093204 0.019118140 0.043613039 0.034226410 0.058748621 0.037594341 0.057001181 0.000900738 0.040683132 0.049160324
0.044518657 0.028845338 0.022461999 0.049396958 0.019039562 0.021576233 0.021755952 0.028888939 0.029512990 0.028969646 0.021452975 0.035464257 0.030982856 0.022636168 0.044076186 0.025030229 0.019523891 0.040637292 0.029100440 0.028618921 0.012469083 0.024819674 0.019402198 0.017767610 0.035012528 0.023565760 0.030243810 0.013701471 0.028321642 0.028580911 0.074105993 0.040683132 -0.033368915 0.020775031
0.022536132 0.028640978 0.010450748 0.051849321 0.018193699 0.017053006 0.017279699 0.023239862 0.019248597 0.036411032 0.023303855 0.042328879 0.026758719 0.027887536 0.027840137 0.009709680 0.016662775 0.037358165 0.016095314 0.031814270 0.011962926 0.022815708 0.017609205 0.017648656 0.030776460 0.028018650 0.018610615 0.013905158 0.015591323 0.019824458 0.050277479 0.049160324 0.020775031 0.003810396
