0.019273972 0.057148568 0.020532213 0.076843858 0.020514833 0.037236206 0.036401454 0.038400777 0.041266635 0.063820377 0.046698816 0.073486872 0.054265138 0.049618550 0.031443834 0.020689208 0.030575335 0.061591443 0.039231040 0.057011321 0.024970101 0.051691845 0.024484839 0.039274421 0.049535129 0.049129412 0.040473532 0.038343947 0.019479152 0.049775399 0.083119020 0.070695728 0.044352874 0.024355108
0.057148568 -0.048696321 0.018994417 0.058463249 0.022576936 0.019749155 0.022442101 0.020726506 0.034403753 0.039963834 0.026798295 0.045893993 0.031345297 0.022919649 0.046820574 0.028668547 0.023397855 0.038593374 0.029572431 0.044007577 0.024392029 0.023555672 0.035842039 0.021529274 0.010894162 0.022869080 0.026829341 0.020355966 0.030633446 0.034088615 0.075857036 0.037889697 0.024137435 0.028950792
0.020532213 0.018994417 -0.001594458 0.045276139 0.006994276 0.005425027 -0.000346368 0.003293483 0.004218339 0.031994410 0.010408041 0.039570887 0.014911193 0.017407481 0.028966483 0.012923638 0.001691380 0.029967073 0.013370121 0.020286378 0.002083508 0.013310236 0.013737800 0.001067082 0.019027539 0.021620911 0.001452333 0.009720613 0.011375897 0.013659350 0.052796490 0.042250711 0.024025725 0.010279154
0.076843858 0.058463249 0.045276139 0.015563421 0.041986857 0.029133705 0.034143582 0.031718113 0.045945376 0.011537567 0.033088177 0.036473274 0.031016953 0.032765202 0.075916633 0.065539040 0.054308645 0.042337649 0.053126819 0.033451140 0.051187154 0.039238710 0.060069695 0.034440923 0.043573499 0.024832550 0.043085538 0.039920136 0.059501894 0.038776070 0.040859662 0.032486238 0.044027898 0.051887915
0.020514833 0.022576936 0.006994276 0.041986857 -0.013231791 0.011326181 0.009618070 0.015502743 0.018545050 0.030573241 0.018758304 0.034673423 0.021822991 0.020834913 0.025274413 0.017509382 0.008410571 0.030382611 0.018986985 0.026508220 0.009551607 0.024151143 0.013132663 0.014761953 0.026320489 0.021566497 0.012463685 0.013516635 0.009874392 0.013166447 0.048546143 0.043018553 0.017884847 0.019097874
0.037236206 0.019749155 0.005425027 0.029133705 0.011326181 -0.026862932 0.000987862 0.002039066 0.003087133 0.018460788 0.007179552 0.025080446 0.005534564 0.008873450 0.036446061 0.023850750 0.006431029 0.023821086 0.008929389 0.012707772 0.000745416 0.010026400 0.021874327 0.004254291 0.023342021 0.015196195 0.003705543 0.001364484 0.018598678 0.004462186 0.044041574 0.024583150 0.019103516 0.015883368
0.036401454 0.022442101 -0.000346368 0.034143582 0.009618070 0.000987862 -0.011542244 -0.002029745 0.002942125 0.019639324 0.005907527 0.024205811 0.009395941 0.004108474 0.036059741 0.022920610 0.008235956 0.023566930 0.014143216 0.007475632 0.004677651 0.007985529 0.019137224 -0.002103958 0.021627625 0.008795616 -0.001940276 0.001919207 0.018270008 -0.002001280 0.048205677 0.031937208 0.020358697 0.016475845
0.038400777 0.020726506 0.003293483 0.031718113 0.015502743 0.002039066 -0.002029745 -0.002668113 0.006826296 0.017480923 0.006076774 0.025688637 0.002681153 0.005447213 0.038649779 0.028597025 0.012725569 0.019119371 0.010097478 0.011806756 0.008992244 0.010621157 0.026819574 0.001109924 0.011982838 0.008996136 -0.000316706 0.007927882 0.022083702 0.004635585 0.039414663 0.027394606 0.026404863 0.021559905
0.041266635 0.034403753 0.004218339 0.045945376 0.018545050 0.003087133 0.002942125 0.006826296 -0.001587149 0.030262791 0.009451145 0.031915098 0.016420549 0.009279050 0.042003259 0.021592833 0.007599064 0.029941119 0.015597725 0.017397035 0.009812544 -0.000100128 0.013120824 0.002487428 0.028473817 0.011517292 -0.001075724 0.000847864 0.017415296 0.000721753 0.062835179 0.039755203 0.026187619 0.018079804
0.063820377 0.039963834 0.031994410 0.011537567 0.030573241 0.018460788 0.019639324 0.017480923 0.030262791 0.000099271 0.019419499 0.014056096 0.013055709 0.018510599 0.062105708 0.048395194 0.039879173 0.023978705 0.037025534 0.009414611 0.035126485 0.021962525 0.047810033 0.021843530 0.027947459 0.004135286 0.028396793 0.027997484 0.048014022 0.024982883 0.026990315 0.015782518 0.027710248 0.039025862
0.046698816 0.026798295 0.010408041 0.033088177 0.018758304 0.007179552 0.005907527 0.006076774 0.009451145 0.019419499 -0.007356744 0.027063396 0.008808190 0.014653631 0.047656000 0.040210672 0.016681146 0.016471932 0.012599121 0.012582352 0.013466720 0.016822444 0.034202185 0.007335801 0.021316325 0.003799815 0.006642569 0.009948933 0.029390786 0.007430407 0.049355671 0.022278767 0.024383539 0.024273915
0.073486872 0.045893993 0.039570887 0.036473274 0.034673423 0.025080446 0.024205811 0.025688637 0.031915098 0.014056096 0.027063396 0.015831254 0.026501585 0.022220220 0.072503269 0.049615547 0.044367589 0.036002085 0.044424795 0.023090869 0.039520260 0.029552873 0.047834594 0.026331596 0.037464511 0.015747931 0.030342985 0.030910295 0.047760051 0.029893165 0.061460633 0.040403951 0.036546655 0.045126956
0.054265138 0.031345297 0.014911193 0.031016953 0.021822991 0.005534564 0.009395941 0.002681153 0.016420549 0.013055709 0.008808190 0.026501585 0.001981232 0.007727767 0.054444414 0.042670742 0.022013474 0.024886105 0.020167369 0.013687967 0.019512851 0.013236098 0.033756450 0.008657824 0.017450923 -0.000000239 0.005281622 0.010111578 0.036967549 0.008659751 0.042644374 0.021472678 0.028228426 0.027862443
0.049618550 0.022919649 0.017407481 0.032765202 0.020834913 0.008873450 0.004108474 0.005447213 0.009279050 0.018510599 0.014653631 0.022220220 0.007727767 0.000922889 0.049484666 0.035604753 0.017781362 0.025981430 0.016238183 0.011755561 0.008208819 0.012980908 0.034463100 0.007907994 0.021058524 0.011817008 0.008530297 0.011082027 0.029581547 0.010810799 0.055591643 0.034721438 0.025516907 0.029514175
0.031443834 0.046820574 0.028966483 0.075916633 0.025274413 0.036446061 0.036059741 0.038649779 0.042003259 0.062105708 0.047656000 0.072503269 0.054444414 0.049484666 0.018633757 0.014386223 0.030934487 0.064515114 0.035798121 0.056887522 0.029516555 0.048162006 0.033139490 0.037884168 0.042664818 0.051952980 0.043517053 0.032902561 0.023829164 0.046544224 0.076612264 0.075312026 0.043379173 0.029726131
0.020689208 0.028668547 0.012923638 0.065539040 0.017509382 0.023850750 0.022920610 0.028597025 0.021592833 0.048395194 0.040210672 0.049615547 0.042670742 0.035604753 0.014386223 -0.020592241 0.015038011 0.064361662 0.028242715 0.030982524 0.009739477 0.027867675 -0.003362247 0.024429439 0.035013694 0.046379440 0.024101254 0.016795931 0.001914450 0.034615159 0.073588796 0.070844427 0.023047427 0.008940533
0.030575335 0.023397855 0.001691380 0.054308645 0.008410571 0.006431029 0.008235956 0.012725569 0.007599064 0.039879173 0.016681146 0.044367589 0.022013474 0.017781362 0.030934487 0.015038011 -0.010483017 0.035199795 0.014948250 0.027934209 0.005437044 0.016928639 0.010952650 0.008632441 0.025567343 0.023231275 0.006406960 0.007665774 0.007731931 0.014932120 0.067488410 0.046306156 0.015788814 0.016745845
0.061591443 0.038593374 0.029967073 0.042337649 0.030382611 0.023821086 0.023566930 0.019119371 0.029941119 0.023978705 0.016471932 0.036002085 0.024886105 0.025981430 0.064515114 0.064361662 0.035199795 0.002393786 0.029368768 0.038758315 0.038099106 0.031179106 0.058020633 0.024560252 0.031671628 0.015569150 0.023427717 0.033219751 0.046501283 0.023820817 0.047953460 0.035296332 0.043175362 0.039366983
0.039231040 0.029572431 0.013370121 0.053126819 0.018986985 0.008929389 0.014143216 0.010097478 0.015597725 0.037025534 0.012599121 0.044424795 0.020167369 0.016238183 0.035798121 0.028242715 0.014948250 0.029368768 -0.001449462 0.032926034 0.015961405 0.020799782 0.027342375 0.015882771 0.024105785 0.021025363 0.012447552 0.018872563 0.017427795 0.017415047 0.058713712 0.042611059 0.030995734 0.016929122
0.057011321 0.044007577 0.020286378 0.033451140 0.026508220 0.012707772 0.007475632 0.011806756 0.017397035 0.009414611 0.012582352 0.023090869 0.013687967 0.011755561 0.056887522 0.030982524 0.027934209 0.038758315 0.032926034 -0.001250051 0.025440091 0.016195245 0.029578438 0.014280416 0.026162010 0.009331475 0.012558587 0.014133702 0.035070334 0.014252476 0.047549710 0.037696604 0.028407842 0.033713765
0.024970101 0.024392029 0.002083508 0.051187154 0.009551607 0.000745416 0.004677651 0.008992244 0.009812544 0.035126485 0.013466720 0.039520260 0.019512851 0.008208819 0.029516555 0.009739477 0.005437044 0.038099106 0.015961405 0.025440091 0.000439644 0.010952206 0.002630132 0.004537426 0.028843340 0.021216081 0.003426148 0.005731651 0.002999510 0.012226269 0.054947697 0.039332673 0.010696161 0.010477376
0.051691845 0.023555672 0.013310236 0.039238710 0.024151143 0.010026400 0.007985529 0.010621157 -0.000100128 0.021962525 0.016822444 0.029552873 0.013236098 0.012980908 0.048162006 0.027867675 0.016928639 0.031179106 0.020799782 0.016195245 0.010952206 -0.023760937 0.021382686 0.001188163 0.027348172 0.008370090 0.013388005 0.010220462 0.022265574 0.015147345 0.065123245 0.031753935 0.017526696 0.021438133
0.024484839 0.035842039 0.013737800 0.060069695 0.013132663 0.021874327 0.019137224 0.026819574 0.013120824 0.047810033 0.034202185 0.047834594 0.033756450 0.034463100 0.033139490 -0.003362247 0.010952650 0.058020633 0.027342375 0.029578438 0.002630132 0.021382686 -0.005163655 0.018910885 0.034377031 0.041483179 0.023027912 0.016391583 0.011007705 0.030452427 0.079801872 0.065105006 0.017456669 0.015759543
0.039274421 0.021529274 0.001067082 0.034440923 0.014761953 0.004254291 -0.002103958 0.001109924 0.002487428 0.021843530 0.007335801 0.026331596 0.008657824 0.007907994 0.037884168 0.024429439 0.008632441 0.024560252 0.015882771 0.014280416 0.004537426 0.001188163 0.018910885 -0.002917093 0.019531270 0.007917136 -0.002866890 0.001155752 0.017703192 0.001694672 0.048448503 0.030647231 0.017018214 0.017275330
0.049535129 0.010894162 0.019027539 0.043573499 0.026320489 0.023342021 0.021627625 0.011982838 0.028473817 0.027947459 0.021316325 0.037464511 0.017450923 0.021058524 0.042664818 0.035013694 0.025567343 0.031671628 0.024105785 0.026162010 0.028843340 0.027348172 0.034377031 0.019531270 -0.019744685 0.018440735 0.016729692 0.020083917 0.039254941 0.023696860 0.053855345 0.042676412 0.035836086 0.031332389
0.049129412 0.022869080 0.021620911 0.024832550 0.021566497 0.015196195 0.008795616 0.008996136 0.011517292 0.004135286 0.003799815 0.015747931 -0.000000239 0.011817008 0.051952980 0.046379440 0.023231275 0.015569150 0.021025363 0.009331475 0.021216081 0.008370090 0.041483179 0.007917136 0.018440735 -0.003350720 0.011265816 0.016810400 0.032160383 0.008587888 0.044771582 0.022822725 0.023276323 0.028172629
0.040473532 0.026829341 0.001452333 0.043085538 0.012463685 0.003705543 -0.001940276 -0.000316706 -0.001075724 0.028396793 0.006642569 0.030342985 0.005281622 0.008530297 0.043517053 0.024101254 0.006406960 0.023427717 0.012447552 0.012558587 0.003426148 0.013388005 0.023027912 -0.002866890 0.016729692 0.011265816 -0.010493074 0.004060689 0.020229621 0.002074152 0.057905681 0.045195844 0.027868671 0.017135927
0.038343947 0.020355966 0.009720613 0.039920136 0.013516635 0.001364484 0.001919207 0.007927882 0.000847864 0.027997484 0.009948933 0.030910295 0.010111578 0.011082027 0.032902561 0.016795931 0.007665774 0.033219751 0.018872563 0.014133702 0.005731651 0.010220462 0.016391583 0.001155752 0.020083917 0.016810400 0.004060689 -0.005795836 0.014475560 0.007398673 0.054358039 0.036783889 0.011005247 0.014821998
0.019479152 0.030633446 0.011375897 0.059501894 0.009874392 0.018598678 0.018270008 0.022083702 0.017415296 0.048014022 0.029390786 0.047760051 0.036967549 0.029581547 0.023829164 0.001914450 0.007731931 0.046501283 0.017427795 0.035070334 0.002999510 0.022265574 0.011007705 0.017703192 0.039254941 0.032160383 0.020229621 0.014475560 -0.009494372 0.023638023 0.069520853 0.057452690 0.020491187 0.014072242
0.049775399 0.034088615 0.013659350 0.038776070 0.013166447 0.004462186 -0.002001280 0.004635585 0.000721753 0.024982883 0.007430407 0.029893165 0.008659751 0.010810799 0.046544224 0.034615159 0.014932120 0.023820817 0.017415047 0.014252476 0.012226269 0.015147345 0.030452427 0.001694672 0.023696860 0.008587888 0.002074152 0.007398673 0.023638023 -0.015180614 0.063008070 0.041075155 0.026893174 0.021322716
0.083119020 0.075857036 0.052796490 0.040859662 0.048546143 0.044041574 0.048205677 0.039414663 0.062835179 0.026990315 0.049355671 0.061460633 0.042644374 0.055591643 0.076612264 0.073588796 0.067488410 0.047953460 0.058713712 0.047549710 0.054947697 0.065123245 0.079801872 0.048448503 0.053855345 0.044771582 0.057905681 0.054358039 0.069520853 0.063008070 0.010161091 0.057695813 0.072611377 0.053121559
0.070695728 0.037889697 0.042250711 0.032486238 0.043018553 0.024583150 0.031937208 0.027394606 0.039755203 0.015782518 0.022278767 0.040403951 0.021472678 0.034721438 0.075312026 0.070844427 0.046306156 0.035296332 0.042611059 0.037696604 0.039332673 0.031753935 0.065105006 0.030647231 0.042676412 0.022822725 0.045195844 0.036783889 0.057452690 0.041075155 0.057695813 0.009352401 0.042062379 0.051253404
0.044352874 0.024137435 0.024025725 0.044027898 0.017884847 0.019103516 0.020358697 0.026404863 0.026187619 0.027710248 0.024383539 0.036546655 0.028228426 0.025516907 0.043379173 0.023047427 0.015788814 0.043175362 0.030995734 0.028407842 0.010696161 0.017526696 0.017456669 0.017018214 0.035836086 0.023276323 0.027868671 0.011005247 0.020491187 0.026893174 0.072611377 0.042062379 -0.034987278 0.022870366
0.024355108 0.028950792 0.010279154 0.051887915 0.019097874 0.015883368 0.016475845 0.021559905 0.018079804 0.039025862 0.024273915 0.045126956 0.027862443 0.029514175 0.029726131 0.008940533 0.016745845 0.039366983 0.016929122 0.033713765 0.010477376 0.021438133 0.015759543 0.017275330 0.031332389 0.028172629 0.017135927 0.014821998 0.014072242 0.021322716 0.053121559 0.051253404 0.022870366 0.004072197
