0.000000000 0.253456235 0.151832461 0.286343604 0.133689836 0.169230774 0.177664980 0.213592231 0.185929641 0.253456235 0.194029853 0.217391297 0.198019803 0.217391297 0.084745765 0.104972377 0.156250000 0.273542613 0.224880382 0.164948449 0.124324322 0.185929641 0.079545453 0.129032254 0.235849053 0.221153840 0.160621762 0.147368416 0.124324322 0.173469394 0.344129562 0.263636351 0.109890111 0.151832461
0.253456235 0.000000000 0.105691060 0.035460994 0.123966940 0.088000000 0.079365082 0.042145595 0.070866145 0.000000000 0.062500000 0.038167939 0.058365759 0.038167939 0.172413796 0.152542368 0.101214573 0.021582734 0.030303031 0.092369474 0.133333340 0.070866145 0.177489176 0.128630713 0.018726591 0.034220532 0.096774191 0.110204078 0.133333340 0.083665341 0.099337749 0.010909091 0.147679329 0.105691060
0.151832461 0.105691060 0.000000000 0.140625000 0.018518519 0.017857144 0.026548672 0.063829787 0.035087720 0.105691060 0.043478262 0.067796610 0.047619049 0.067796610 0.067961164 0.047619049 0.004524887 0.126984134 0.075630255 0.013452915 0.028037382 0.035087720 0.073170729 0.023255814 0.087136932 0.071729958 0.009009009 0.004566210 0.028037382 0.022222223 0.202898547 0.116465867 0.042654030 0.000000000
0.286343604 0.035460994 0.140625000 0.000000000 0.158730164 0.123076923 0.114503816 0.077490777 0.106060609 0.035460994 0.097744361 0.073529415 0.093632959 0.073529415 0.206611574 0.186991870 0.136186764 0.013888889 0.065693431 0.127413124 0.167999998 0.106060609 0.211618260 0.163346618 0.054151624 0.069597073 0.131782949 0.145098045 0.167999998 0.118773945 0.064102568 0.024561403 0.182186231 0.140625000
0.133689836 0.123966940 0.018518519 0.158730164 0.000000000 0.036363635 0.045045044 0.082251079 0.053571429 0.123966940 0.061946902 0.086206898 0.066079296 0.086206898 0.049504951 0.029126214 0.023041476 0.145161286 0.094017096 0.031963471 0.009523810 0.053571429 0.054726370 0.004739337 0.105485231 0.090128757 0.027522936 0.013953488 0.009523810 0.040723983 0.220588237 0.134693876 0.024154589 0.018518519
0.169230774 0.088000000 0.017857144 0.123076923 0.036363635 0.000000000 0.008695652 0.046025105 0.017241379 0.088000000 0.025641026 0.050000001 0.029787235 0.050000001 0.085714288 0.065420561 0.013333334 0.109375000 0.057851240 0.004405286 0.045871560 0.017241379 0.090909094 0.041095890 0.069387756 0.053941909 0.008849557 0.022421524 0.045871560 0.004366812 0.185714290 0.098814227 0.060465116 0.017857144
0.177664980 0.079365082 0.026548672 0.114503816 0.045045044 0.008695652 0.000000000 0.037344400 0.008547009 0.079365082 0.016949153 0.041322313 0.021097047 0.041322313 0.094339624 0.074074075 0.022026431 0.100775197 0.049180329 0.013100437 0.054545455 0.008547009 0.099526070 0.049773756 0.060728744 0.045267489 0.017543860 0.031111112 0.054545455 0.004329004 0.177304968 0.090196081 0.069124423 0.026548672
0.213592231 0.042145595 0.063829787 0.077490777 0.082251079 0.046025105 0.037344400 0.000000000 0.028806584 0.042145595 0.020408163 0.003984064 0.016260162 0.003984064 0.131221727 0.111111112 0.059322033 0.063670412 0.011857707 0.050420169 0.091703057 0.028806584 0.136363640 0.086956523 0.023437500 0.007936508 0.054852322 0.068376072 0.091703057 0.041666668 0.140893474 0.053030305 0.106194690 0.063829787
0.185929641 0.070866145 0.035087720 0.106060609 0.053571429 0.017241379 0.008547009 0.028806584 0.000000000 0.070866145 0.008403362 0.032786883 0.012552301 0.032786883 0.102803737 0.082568809 0.030567685 0.092307694 0.040650405 0.021645023 0.063063063 0.000000000 0.107981220 0.058295965 0.052208837 0.036734693 0.026086956 0.039647575 0.063063063 0.012875536 0.169014081 0.081712060 0.077625573 0.035087720
0.253456235 0.000000000 0.105691060 0.035460994 0.123966940 0.088000000 0.079365082 0.042145595 0.070866145 0.000000000 0.062500000 0.038167939 0.058365759 0.038167939 0.172413796 0.152542368 0.101214573 0.021582734 0.030303031 0.092369474 0.133333340 0.070866145 0.177489176 0.128630713 0.018726591 0.034220532 0.096774191 0.110204078 0.133333340 0.083665341 0.099337749 0.010909091 0.147679329 0.105691060
0.194029853 0.062500000 0.043478262 0.097744361 0.061946902 0.025641026 0.016949153 0.020408163 0.008403362 0.062500000 0.000000000 0.024390243 0.004149378 0.024390243 0.111111112 0.090909094 0.038961038 0.083969466 0.032258064 0.030042918 0.071428575 0.008403362 0.116279073 0.066666670 0.043824703 0.028340081 0.034482758 0.048034936 0.071428575 0.021276595 0.160839155 0.073359072 0.085972853 0.043478262
0.217391297 0.038167939 0.067796610 0.073529415 0.086206898 0.050000001 0.041322313 0.003984064 0.032786883 0.038167939 0.024390243 0.000000000 0.020242915 0.000000000 0.135135129 0.115044251 0.063291140 0.059701491 0.007874016 0.054393306 0.095652170 0.032786883 0.140271500 0.090909094 0.019455252 0.003952569 0.058823530 0.072340429 0.095652170 0.045643155 0.136986300 0.049056605 0.110132158 0.067796610
0.198019803 0.058365759 0.047619049 0.093632959 0.066079296 0.029787235 0.021097047 0.016260162 0.012552301 0.058365759 0.004149378 0.020242915 0.000000000 0.020242915 0.115207374 0.095022626 0.043103449 0.079847910 0.028112451 0.034188036 0.075555556 0.012552301 0.120370373 0.070796460 0.039682541 0.024193548 0.038626611 0.052173913 0.075555556 0.025423728 0.156794429 0.069230773 0.090090089 0.047619049
0.217391297 0.038167939 0.067796610 0.073529415 0.086206898 0.050000001 0.041322313 0.003984064 0.032786883 0.038167939 0.024390243 0.000000000 0.020242915 0.000000000 0.135135129 0.115044251 0.063291140 0.059701491 0.007874016 0.054393306 0.095652170 0.032786883 0.140271500 0.090909094 0.019455252 0.003952569 0.058823530 0.072340429 0.095652170 0.045643155 0.136986300 0.049056605 0.110132158 0.067796610
0.084745765 0.172413796 0.067961164 0.206611574 0.049504951 0.085714288 0.094339624 0.131221727 0.102803737 0.172413796 0.111111112 0.135135129 0.115207374 0.135135129 0.000000000 0.020408163 0.072463766 0.193277314 0.142857149 0.081339709 0.039999999 0.102803737 0.005235602 0.044776119 0.154185027 0.139013454 0.076923080 0.063414633 0.039999999 0.090047397 0.267175585 0.182978719 0.025380710 0.067961164
0.104972377 0.152542368 0.047619049 0.186991870 0.029126214 0.065420561 0.074074075 0.111111112 0.082568809 0.152542368 0.090909094 0.115044251 0.095022626 0.115044251 0.020408163 0.000000000 0.052132700 0.173553720 0.122807018 0.061032865 0.019607844 0.082568809 0.025641026 0.024390243 0.134199128 0.118942730 0.056603774 0.043062203 0.019607844 0.069767445 0.248120308 0.163179919 0.004975124 0.047619049
0.156250000 0.101214573 0.004524887 0.136186764 0.023041476 0.013333334 0.022026431 0.059322033 0.030567685 0.101214573 0.038961038 0.063291140 0.043103449 0.063291140 0.072463766 0.052132700 0.000000000 0.122529641 0.071129709 0.008928572 0.032558139 0.030567685 0.077669904 0.027777778 0.082644626 0.067226894 0.004484305 0.009090909 0.032558139 0.017699115 0.198555961 0.112000003 0.047169812 0.004524887
0.273542613 0.021582734 0.126984134 0.013888889 0.145161286 0.109375000 0.100775197 0.063670412 0.092307694 0.021582734 0.083969466 0.059701491 0.079847910 0.059701491 0.193277314 0.173553720 0.122529641 0.000000000 0.051851850 0.113725491 0.154471546 0.092307694 0.198312238 0.149797574 0.040293042 0.055762082 0.118110240 0.131474108 0.154471546 0.105058365 0.077922076 0.010676157 0.168724284 0.126984134
0.224880382 0.030303031 0.075630255 0.065693431 0.094017096 0.057851240 0.049180329 0.011857707 0.040650405 0.030303031 0.032258064 0.007874016 0.028112451 0.007874016 0.142857149 0.122807018 0.071129709 0.051851850 0.000000000 0.062240664 0.103448279 0.040650405 0.147982061 0.098712444 0.011583012 0.003921569 0.066666670 0.080168776 0.103448279 0.053497944 0.129251704 0.041198503 0.117903933 0.075630255
0.164948449 0.092369474 0.013452915 0.127413124 0.031963471 0.004405286 0.013100437 0.050420169 0.021645023 0.092369474 0.030042918 0.054393306 0.034188036 0.054393306 0.081339709 0.061032865 0.008928572 0.113725491 0.062240664 0.000000000 0.041474655 0.021645023 0.086538464 0.036697246 0.073770493 0.058333334 0.004444445 0.018018018 0.041474655 0.008771930 0.189964160 0.103174604 0.056074765 0.013452915
0.124324322 0.133333340 0.028037382 0.167999998 0.009523810 0.045871560 0.054545455 0.091703057 0.063063063 0.133333340 0.071428575 0.095652170 0.075555556 0.095652170 0.039999999 0.019607844 0.032558139 0.154471546 0.103448279 0.041474655 0.000000000 0.063063063 0.045226131 0.004784689 0.114893615 0.099567100 0.037037037 0.023474179 0.000000000 0.050228309 0.229629636 0.144032925 0.014634146 0.028037382
0.185929641 0.070866145 0.035087720 0.106060609 0.053571429 0.017241379 0.008547009 0.028806584 0.000000000 0.070866145 0.008403362 0.032786883 0.012552301 0.032786883 0.102803737 0.082568809 0.030567685 0.092307694 0.040650405 0.021645023 0.063063063 0.000000000 0.107981220 0.058295965 0.052208837 0.036734693 0.026086956 0.039647575 0.063063063 0.012875536 0.169014081 0.081712060 0.077625573 0.035087720
0.079545453 0.177489176 0.073170729 0.211618260 0.054726370 0.090909094 0.099526070 0.136363640 0.107981220 0.177489176 0.116279073 0.140271500 0.120370373 0.140271500 0.005235602 0.025641026 0.077669904 0.198312238 0.147982061 0.086538464 0.045226131 0.107981220 0.000000000 0.050000001 0.159292042 0.144144148 0.082125604 0.068627454 0.045226131 0.095238097 0.272030652 0.188034192 0.030612245 0.073170729
0.129032254 0.128630713 0.023255814 0.163346618 0.004739337 0.041095890 0.049773756 0.086956523 0.058295965 0.128630713 0.066666670 0.090909094 0.070796460 0.090909094 0.044776119 0.024390243 0.027777778 0.149797574 0.098712444 0.036697246 0.004784689 0.058295965 0.050000001 0.000000000 0.110169493 0.094827585 0.032258064 0.018691588 0.004784689 0.045454547 0.225092247 0.139344260 0.019417476 0.023255814
0.235849053 0.018726591 0.087136932 0.054151624 0.105485231 0.069387756 0.060728744 0.023437500 0.052208837 0.018726591 0.043824703 0.019455252 0.039682541 0.019455252 0.154185027 0.134199128 0.082644626 0.040293042 0.011583012 0.073770493 0.114893615 0.052208837 0.159292042 0.110169493 0.000000000 0.015503876 0.078189299 0.091666669 0.114893615 0.065040648 0.117845118 0.029629629 0.129310340 0.087136932
0.221153840 0.034220532 0.071729958 0.069597073 0.090128757 0.053941909 0.045267489 0.007936508 0.036734693 0.034220532 0.028340081 0.003952569 0.024193548 0.003952569 0.139013454 0.118942730 0.067226894 0.055762082 0.003921569 0.058333334 0.099567100 0.036734693 0.144144148 0.094827585 0.015503876 0.000000000 0.062761508 0.076271184 0.099567100 0.049586777 0.133105800 0.045112781 0.114035085 0.071729958
0.160621762 0.096774191 0.009009009 0.131782949 0.027522936 0.008849557 0.017543860 0.054852322 0.026086956 0.096774191 0.034482758 0.058823530 0.038626611 0.058823530 0.076923080 0.056603774 0.004484305 0.118110240 0.066666670 0.004444445 0.037037037 0.026086956 0.082125604 0.032258064 0.078189299 0.062761508 0.000000000 0.013574661 0.037037037 0.013215859 0.194244608 0.107569724 0.051643193 0.009009009
0.147368416 0.110204078 0.004566210 0.145098045 0.013953488 0.022421524 0.031111112 0.068376072 0.039647575 0.110204078 0.048034936 0.072340429 0.052173913 0.072340429 0.063414633 0.043062203 0.009090909 0.131474108 0.080168776 0.018018018 0.023474179 0.039647575 0.068627454 0.018691588 0.091666669 0.076271184 0.013574661 0.000000000 0.023474179 0.026785715 0.207272723 0.120967738 0.038095240 0.004566210
0.124324322 0.133333340 0.028037382 0.167999998 0.009523810 0.045871560 0.054545455 0.091703057 0.063063063 0.133333340 0.071428575 0.095652170 0.075555556 0.095652170 0.039999999 0.019607844 0.032558139 0.154471546 0.103448279 0.041474655 0.000000000 0.063063063 0.045226131 0.004784689 0.114893615 0.099567100 0.037037037 0.023474179 0.000000000 0.050228309 0.229629636 0.144032925 0.014634146 0.028037382
0.173469394 0.083665341 0.022222223 0.118773945 0.040723983 0.004366812 0.004329004 0.041666668 0.012875536 0.083665341 0.021276595 0.045643155 0.025423728 0.045643155 0.090047397 0.069767445 0.017699115 0.105058365 0.053497944 0.008771930 0.050228309 0.012875536 0.095238097 0.045454547 0.065040648 0.049586777 0.013215859 0.026785715 0.050228309 0.000000000 0.181494668 0.094488189 0.064814813 0.022222223
0.344129562 0.099337749 0.202898547 0.064102568 0.220588237 0.185714290 0.177304968 0.140893474 0.169014081 0.099337749 0.160839155 0.136986300 0.156794429 0.136986300 0.267175585 0.248120308 0.198555961 0.077922076 0.129251704 0.189964160 0.229629636 0.169014081 0.272030652 0.225092247 0.117845118 0.133105800 0.194244608 0.207272723 0.229629636 0.181494668 0.000000000 0.088524587 0.243445694 0.202898547
0.263636351 0.010909091 0.116465867 0.024561403 0.134693876 0.098814227 0.090196081 0.053030305 0.081712060 0.010909091 0.073359072 0.049056605 0.069230773 0.049056605 0.182978719 0.163179919 0.112000003 0.010676157 0.041198503 0.103174604 0.144032925 0.081712060 0.188034192 0.139344260 0.029629629 0.045112781 0.107569724 0.120967738 0.144032925 0.094488189 0.088524587 0.000000000 0.158333331 0.116465867
0.109890111 0.147679329 0.042654030 0.182186231 0.024154589 0.060465116 0.069124423 0.106194690 0.077625573 0.147679329 0.085972853 0.110132158 0.090090089 0.110132158 0.025380710 0.004975124 0.047169812 0.168724284 0.117903933 0.056074765 0.014634146 0.077625573 0.030612245 0.019417476 0.129310340 0.114035085 0.051643193 0.038095240 0.014634146 0.064814813 0.243445694 0.158333331 0.000000000 0.042654030
0.151832461 0.105691060 0.000000000 0.140625000 0.018518519 0.017857144 0.026548672 0.063829787 0.035087720 0.105691060 0.043478262 0.067796610 0.047619049 0.067796610 0.067961164 0.047619049 0.004524887 0.126984134 0.075630255 0.013452915 0.028037382 0.035087720 0.073170729 0.023255814 0.087136932 0.071729958 0.009009009 0.004566210 0.028037382 0.022222223 0.202898547 0.116465867 0.042654030 0.000000000
