0.015444523 0.055261094 0.027272712 0.074089423 0.025051111 0.042129476 0.040986259 0.040470727 0.041136734 0.063278496 0.048837714 0.056107398 0.051436216 0.042563401 0.033298485 0.018008325 0.031722825 0.060797088 0.039799903 0.054268353 0.029179035 0.049458619 0.024603907 0.040984616 0.052031673 0.053631611 0.043410793 0.044840574 0.024784146 0.048759356 0.085910574 0.069985896 0.035562128 0.021286378
0.055261094 -0.046595931 0.017651428 0.059744835 0.024157565 0.026863445 0.022116378 0.021474870 0.038672376 0.043363303 0.027203087 0.040854044 0.028177194 0.027276717 0.052657317 0.031518154 0.025482781 0.038692482 0.032907449 0.038398862 0.024932632 0.033583917 0.041963257 0.021414960 0.006683309 0.027158335 0.025198450 0.030827783 0.040223457 0.037537850 0.076694019 0.039579570 0.036681227 0.028438907
0.027272712 0.017651428 -0.001270416 0.037733380 0.010477164 0.010965690 -0.000371001 0.003886460 0.004167201 0.026680235 0.012324949 0.024988996 0.016114984 0.011504838 0.031068670 0.011561446 0.006451800 0.026629783 0.011928380 0.019158708 0.001326236 0.013584574 0.011440565 0.001378057 0.016797330 0.018018162 0.003502739 0.007468192 0.015491460 0.011141529 0.055566274 0.026847349 0.014634513 0.005863808
0.074089423 0.059744835 0.037733380 0.003291339 0.039104529 0.037653387 0.029789008 0.028832434 0.045295298 0.007978879 0.030008476 0.018115897 0.025394903 0.031497061 0.076809317 0.067731157 0.049714662 0.026913509 0.040984355 0.024482280 0.043654662 0.044710726 0.066321827 0.030535076 0.037091039 0.021926071 0.040547676 0.042125765 0.067897737 0.035576411 0.035746917 0.016934734 0.046629980 0.046163030
0.025051111 0.024157565 0.010477164 0.039104529 -0.004972823 0.015976626 0.010682475 0.015787574 0.020985100 0.030394828 0.019005796 0.028295081 0.021436764 0.018040255 0.026813939 0.017899644 0.011014644 0.030390501 0.022103885 0.027100822 0.014099982 0.028539594 0.017744970 0.015285335 0.020754578 0.023195712 0.012490887 0.016977035 0.015654359 0.012899986 0.047747519 0.034935027 0.017522234 0.014548882
0.042129476 0.026863445 0.010965690 0.037653387 0.015976626 -0.019740423 0.006601067 0.004890500 0.009441340 0.026318256 0.010355528 0.028843347 0.010668682 0.010409482 0.040211018 0.027572460 0.010651273 0.026909934 0.015730824 0.023892172 0.011733806 0.018499549 0.026228782 0.008899131 0.019697327 0.021685217 0.006488047 0.012897145 0.024881162 0.008379236 0.050152078 0.026191782 0.024854431 0.015103780
0.040986259 0.022116378 -0.000371001 0.029789008 0.010682475 0.006601067 -0.008533161 -0.001770801 0.002226728 0.018795285 0.006726448 0.016555848 0.010391086 0.004120947 0.037944611 0.023437330 0.008391229 0.019294333 0.012008141 0.007928452 0.002844709 0.011003461 0.022541726 -0.001837464 0.017128140 0.007548577 -0.000470225 0.002792212 0.023368329 -0.002643985 0.052330133 0.019741381 0.017115768 0.013830345
0.040470727 0.021474870 0.003886460 0.028832434 0.015787574 0.004890500 -0.001770801 -0.002406691 0.007485432 0.016109344 0.006417811 0.018165035 0.002792684 0.002536359 0.037861995 0.026324125 0.012731500 0.018568262 0.011911154 0.010115031 0.009953469 0.012337795 0.026089972 0.001114112 0.008367008 0.008318250 -0.000185512 0.008626504 0.024599772 0.003425117 0.039348755 0.020296171 0.022263238 0.017509021
0.041136734 0.038672376 0.004167201 0.045295298 0.020985100 0.009441340 0.002226728 0.007485432 -0.001814133 0.032488853 0.009696178 0.029329754 0.012946926 0.013770282 0.044646114 0.022658238 0.008394042 0.029480651 0.017395886 0.015584840 0.009405673 0.006305549 0.018846810 0.001985118 0.027908482 0.014118167 0.000562802 0.006230056 0.021592975 0.002652133 0.067195751 0.041623734 0.031300727 0.016630962
0.063278496 0.043363303 0.026680235 0.007978879 0.030394828 0.026318256 0.018795285 0.016109344 0.032488853 0.002541524 0.018057797 0.006396977 0.011648225 0.019031685 0.063451946 0.054664083 0.037996560 0.011870390 0.029061703 0.010421066 0.034188621 0.030542105 0.054482110 0.021888446 0.021975817 0.004072111 0.027175676 0.033128902 0.054982703 0.023777116 0.024123481 0.003789250 0.032269102 0.035407033
0.048837714 0.027203087 0.012324949 0.030008476 0.019005796 0.010355528 0.006726448 0.006417811 0.009696178 0.018057797 -0.002811202 0.016850108 0.008117399 0.009775905 0.047432754 0.036956120 0.016617734 0.016764073 0.016441420 0.010681434 0.015014271 0.017390244 0.033398770 0.007392692 0.019379646 0.005842621 0.006982194 0.012093941 0.032453526 0.006969814 0.048659161 0.016041549 0.018660132 0.020065570
0.056107398 0.040854044 0.024988996 0.018115897 0.028295081 0.028843347 0.016555848 0.018165035 0.029329754 0.006396977 0.016850108 0.004720163 0.014372168 0.019663190 0.059389047 0.050498527 0.033114236 0.015431898 0.026924629 0.010544632 0.029658049 0.027759809 0.046262655 0.019342138 0.028502952 0.008058865 0.022484941 0.025437988 0.047957882 0.020066934 0.039566737 0.018186919 0.034214281 0.033730753
0.051436216 0.028177194 0.016114984 0.025394903 0.021436764 0.010668682 0.010391086 0.002792684 0.012946926 0.011648225 0.008117399 0.014372168 -0.009637250 0.008671205 0.051296446 0.043792736 0.019855656 0.017081372 0.016668333 0.010181389 0.018502068 0.013085957 0.038793217 0.007533118 0.011688916 0.005400249 0.006704109 0.016291428 0.038815804 0.007943535 0.042968862 0.012248109 0.024168514 0.023365945
0.042563401 0.027276717 0.011504838 0.031497061 0.018040255 0.010409482 0.004120947 0.002536359 0.013770282 0.019031685 0.009775905 0.019663190 0.008671205 -0.004441526 0.041087516 0.035048652 0.013631317 0.019605363 0.013062987 0.014578868 0.012959335 0.017386878 0.028534295 0.008003240 0.017003391 0.009012129 0.004018584 0.011393141 0.027342472 0.005164347 0.041944668 0.021300593 0.024142850 0.019752046
0.033298485 0.052657317 0.031068670 0.076809317 0.026813939 0.040211018 0.037944611 0.037861995 0.044646114 0.063451946 0.047432754 0.059389047 0.051296446 0.041087516 0.023715083 0.012125360 0.031947676 0.064679503 0.039472215 0.051862530 0.033966899 0.052694283 0.032843247 0.038195096 0.042664029 0.057162218 0.041376382 0.042003047 0.030299259 0.047205493 0.076588936 0.075109601 0.044510864 0.024805095
0.018008325 0.031518154 0.011561446 0.067731157 0.017899644 0.027572460 0.023437330 0.026324125 0.022658238 0.054664083 0.036956120 0.050498527 0.043792736 0.035048652 0.012125360 -0.018056881 0.013540905 0.058261689 0.025837770 0.035794266 0.011948600 0.033948801 0.002783099 0.024749840 0.029691946 0.048214067 0.021782540 0.023095153 0.005139100 0.033254500 0.071892843 0.065714814 0.027315173 0.004270604
0.031722825 0.025482781 0.006451800 0.049714662 0.011014644 0.010651273 0.008391229 0.012731500 0.008394042 0.037996560 0.016617734 0.033114236 0.019855656 0.013631317 0.031947676 0.013540905 -0.006453109 0.033427291 0.015446607 0.024096128 0.006306446 0.018458381 0.010541757 0.009818492 0.024987968 0.023349535 0.007900510 0.010646946 0.013247204 0.013381690 0.066074781 0.040865511 0.011714364 0.012817014
0.060797088 0.038692482 0.026629783 0.026913509 0.030390501 0.026909934 0.019294333 0.018568262 0.029480651 0.011870390 0.016764073 0.015431898 0.017081372 0.019605363 0.064679503 0.058261689 0.033427291 0.001553789 0.029068986 0.022051055 0.032004498 0.029306818 0.054019812 0.020837449 0.029781803 0.010498523 0.021483719 0.028957922 0.050328754 0.020279206 0.041750800 0.025293488 0.034316160 0.034633093
0.039799903 0.032907449 0.011928380 0.040984355 0.022103885 0.015730824 0.012008141 0.011911154 0.017395886 0.029061703 0.016441420 0.026924629 0.016668333 0.013062987 0.039472215 0.025837770 0.015446607 0.029068986 -0.001818333 0.022987060 0.011944917 0.021492146 0.025597226 0.014628302 0.026312027 0.016980875 0.013266092 0.015671175 0.023120757 0.015198355 0.054368228 0.036485031 0.025224403 0.015936539
0.054268353 0.038398862 0.019158708 0.024482280 0.027100822 0.023892172 0.007928452 0.010115031 0.015584840 0.010421066 0.010681434 0.010544632 0.010181389 0.014578868 0.051862530 0.035794266 0.024096128 0.022051055 0.022987060 -0.000528435 0.024003860 0.021587415 0.040268999 0.013553517 0.017121652 0.010672463 0.013775164 0.021613646 0.039623354 0.013360597 0.046977859 0.019366467 0.026426950 0.027045310
0.029179035 0.024932632 0.001326236 0.043654662 0.014099982 0.011733806 0.002844709 0.009953469 0.009405673 0.034188621 0.015014271 0.029658049 0.018502068 0.012959335 0.033966899 0.011948600 0.006306446 0.032004498 0.011944917 0.024003860 -0.005028628 0.015848592 0.010814920 0.003769432 0.024790362 0.020520922 0.005851045 0.007398707 0.013152533 0.012629041 0.061780710 0.031663064 0.010383333 0.010121356
0.049458619 0.033583917 0.013584574 0.044710726 0.028539594 0.018499549 0.011003461 0.012337795 0.006305549 0.030542105 0.017390244 0.027759809 0.013085957 0.017386878 0.052694283 0.033948801 0.018458381 0.029306818 0.021492146 0.021587415 0.015848592 -0.011155594 0.028975902 0.004085867 0.029795021 0.014774956 0.013353741 0.021842988 0.031305738 0.017623883 0.064972661 0.035700969 0.028880812 0.021485066
0.024603907 0.041963257 0.011440565 0.066321827 0.017744970 0.026228782 0.022541726 0.026089972 0.018846810 0.054482110 0.033398770 0.046262655 0.038793217 0.028534295 0.032843247 0.002783099 0.010541757 0.054019812 0.025597226 0.040268999 0.010814920 0.028975902 -0.006417714 0.021960463 0.035307117 0.043466870 0.021892408 0.022310052 0.012880848 0.028850123 0.076862231 0.060650252 0.021619149 0.010637924
0.040984616 0.021414960 0.001378057 0.030535076 0.015285335 0.008899131 -0.001837464 0.001114112 0.001985118 0.021888446 0.007392692 0.019342138 0.007533118 0.008003240 0.038195096 0.024749840 0.009818492 0.020837449 0.014628302 0.013553517 0.003769432 0.004085867 0.021960463 -0.002762272 0.015716899 0.008210341 -0.001728461 0.003751118 0.020879447 0.001031669 0.050553933 0.022086384 0.014642129 0.014228373
0.052031673 0.006683309 0.016797330 0.037091039 0.020754578 0.019697327 0.017128140 0.008367008 0.027908482 0.021975817 0.019379646 0.028502952 0.011688916 0.017003391 0.042664029 0.029691946 0.024987968 0.029781803 0.026312027 0.017121652 0.024790362 0.029795021 0.035307117 0.015716899 -0.033725701 0.017176751 0.013238152 0.019151928 0.037704684 0.022054359 0.058417287 0.028305221 0.035946105 0.026074823
0.053631611 0.027158335 0.018018162 0.021926071 0.023195712 0.021685217 0.007548577 0.008318250 0.014118167 0.004072111 0.005842621 0.008058865 0.005400249 0.009012129 0.057162218 0.048214067 0.023349535 0.010498523 0.016980875 0.010672463 0.020520922 0.014774956 0.043466870 0.008210341 0.017176751 -0.008774180 0.010853715 0.017024614 0.042094205 0.007090844 0.043930769 0.011604946 0.024170969 0.025435233
0.043410793 0.025198450 0.003502739 0.040547676 0.012490887 0.006488047 -0.000470225 -0.000185512 0.000562802 0.027175676 0.006982194 0.022484941 0.006704109 0.004018584 0.041376382 0.021782540 0.007900510 0.021483719 0.013266092 0.013775164 0.005851045 0.013353741 0.021892408 -0.001728461 0.013238152 0.010853715 -0.010564078 0.005165735 0.022782054 0.000065917 0.059534274 0.034129553 0.020333907 0.012427098
0.044840574 0.030827783 0.007468192 0.042125765 0.016977035 0.012897145 0.002792212 0.008626504 0.006230056 0.033128902 0.012093941 0.025437988 0.016291428 0.011393141 0.042003047 0.023095153 0.010646946 0.028957922 0.015671175 0.021613646 0.007398707 0.021842988 0.022310052 0.003751118 0.019151928 0.017024614 0.005165735 -0.000018515 0.026423505 0.009264871 0.061021101 0.035204593 0.022083189 0.014696885
0.024784146 0.040223457 0.015491460 0.067897737 0.015654359 0.024881162 0.023368329 0.024599772 0.021592975 0.054982703 0.032453526 0.047957882 0.038815804 0.027342472 0.030299259 0.005139100 0.013247204 0.050328754 0.023120757 0.039623354 0.013152533 0.031305738 0.012880848 0.020879447 0.037704684 0.042094205 0.022782054 0.026423505 -0.000729413 0.028297156 0.080038346 0.061616145 0.026282284 0.011925707
0.048759356 0.037537850 0.011141529 0.035576411 0.012899986 0.008379236 -0.002643985 0.003425117 0.002652133 0.023777116 0.006969814 0.020066934 0.007943535 0.005164347 0.047205493 0.033254500 0.013381690 0.020279206 0.015198355 0.013360597 0.012629041 0.017623883 0.028850123 0.001031669 0.022054359 0.007090844 0.000065917 0.009264871 0.028297156 -0.017677635 0.057534799 0.033764444 0.025009576 0.016792618
0.085910574 0.076694019 0.055566274 0.035746917 0.047747519 0.050152078 0.052330133 0.039348755 0.067195751 0.024123481 0.048659161 0.039566737 0.042968862 0.041944668 0.076588936 0.071892843 0.066074781 0.041750800 0.054368228 0.046977859 0.061780710 0.064972661 0.076862231 0.050553933 0.058417287 0.043930769 0.059534274 0.061021101 0.080038346 0.057534799 0.000484971 0.049296457 0.063642137 0.046226908
0.069985896 0.039579570 0.026847349 0.016934734 0.034935027 0.026191782 0.019741381 0.020296171 0.041623734 0.003789250 0.016041549 0.018186919 0.012248109 0.021300593 0.075109601 0.065714814 0.040865511 0.025293488 0.036485031 0.019366467 0.031663064 0.035700969 0.060650252 0.022086384 0.028305221 0.011604946 0.034129553 0.035204593 0.061616145 0.033764444 0.049296457 -0.019368231 0.043313701 0.039335042
0.035562128 0.036681227 0.014634513 0.046629980 0.017522234 0.024854431 0.017115768 0.022263238 0.031300727 0.032269102 0.018660132 0.034214281 0.024168514 0.024142850 0.044510864 0.027315173 0.011714364 0.034316160 0.025224403 0.026426950 0.010383333 0.028880812 0.021619149 0.014642129 0.035946105 0.024170969 0.020333907 0.022083189 0.026282284 0.025009576 0.063642137 0.043313701 -0.016429577 0.018475559
0.021286378 0.028438907 0.005863808 0.046163030 0.014548882 0.015103780 0.013830345 0.017509021 0.016630962 0.035407033 0.020065570 0.033730753 0.023365945 0.019752046 0.024805095 0.004270604 0.012817014 0.034633093 0.015936539 0.027045310 0.010121356 0.021485066 0.010637924 0.014228373 0.026074823 0.025435233 0.012427098 0.014696885 0.011925707 0.016792618 0.046226908 0.039335042 0.018475559 -0.005997248
