0.015045162 0.058448158 0.026398705 0.066898949 0.036193263 0.036104631 0.039588369 0.039512981 0.041151173 0.058702186 0.048091181 0.057587653 0.048067585 0.041236546 0.035566349 0.018292012 0.031927906 0.066386744 0.041193631 0.052395098 0.025931176 0.043696932 0.020408209 0.040762149 0.053933665 0.052937269 0.044721115 0.037671514 0.017704496 0.045348652 0.082212135 0.059414130 0.034462959 0.022065420
0.058448158 -0.032094076 0.023322780 0.059551656 0.040086720 0.029917317 0.027663644 0.027268572 0.039032198 0.045741707 0.034242257 0.045633923 0.037050489 0.030016018 0.057029802 0.034979932 0.030371606 0.042956755 0.034889527 0.049487855 0.028402686 0.028932033 0.041476820 0.026426801 0.021156790 0.031075511 0.030023264 0.027349235 0.038401313 0.036139082 0.072942257 0.042548545 0.031776264 0.034197669
0.026398705 0.023322780 -0.001344426 0.037981119 0.010037014 0.003037694 -0.000512551 0.004023614 0.004765003 0.027278766 0.012109736 0.030639170 0.016790817 0.011782106 0.032250538 0.012594620 0.003744052 0.031545617 0.015124674 0.018510234 0.001745600 0.007927594 0.008371261 0.001487892 0.022821996 0.018374745 0.003616967 0.002640281 0.010156918 0.006911170 0.052090894 0.030724155 0.013943193 0.003872807
0.066898949 0.059551656 0.037981119 0.005676255 0.048280586 0.032652140 0.030643487 0.030370137 0.042478714 0.010132923 0.032596353 0.028029390 0.028441699 0.033849694 0.077490345 0.068250515 0.052298237 0.030512607 0.044277966 0.027971506 0.044890691 0.035508893 0.059927478 0.030382272 0.049173284 0.024691595 0.039107304 0.036799889 0.059723854 0.028875459 0.029053951 0.023971912 0.046252154 0.046692327
0.036193263 0.040086720 0.010037014 0.048280586 -0.006529711 0.007499487 0.008054763 0.017299190 0.022543967 0.039369479 0.021955002 0.038786650 0.024392974 0.022112306 0.037259594 0.017283417 0.015021285 0.051978521 0.036428824 0.025692884 0.012332845 0.029911974 0.005146905 0.015559318 0.031062216 0.027387852 0.011515655 0.015573274 0.014839301 0.016457800 0.056679621 0.054212853 0.019417880 0.012187984
0.036104631 0.029917317 0.003037694 0.032652140 0.007499487 -0.031315964 -0.001422225 -0.000069627 0.002937644 0.022379812 0.006319781 0.028217729 0.006422129 0.007474002 0.038586576 0.020870686 0.006328827 0.031778943 0.014315952 0.011403047 0.001226638 0.010842882 0.015763167 0.002533267 0.024949830 0.015547114 -0.000087030 -0.000813282 0.019761944 0.004172680 0.044388339 0.026764695 0.021862421 0.008554565
0.039588369 0.027663644 -0.000512551 0.030643487 0.008054763 -0.001422225 -0.010097334 -0.001695912 0.002990511 0.019579733 0.005946829 0.021553269 0.010886325 0.004122838 0.038530242 0.024700612 0.007859749 0.023662165 0.014908572 0.007103072 0.003692132 0.005595188 0.019543462 -0.001744648 0.022742147 0.007600026 -0.000354831 -0.001514453 0.019844960 -0.006998027 0.048434284 0.026508505 0.016046993 0.011894530
0.039512981 0.027268572 0.004023614 0.030370137 0.017299190 -0.000069627 -0.001695912 -0.002241364 0.007967350 0.017553441 0.006563495 0.022744438 0.004741738 0.003003388 0.038919430 0.026608491 0.013168338 0.025644477 0.015965704 0.010077686 0.010056432 0.009215936 0.022714071 0.001290580 0.016049061 0.009080667 -0.000157272 0.005699736 0.022278046 0.002624799 0.037454125 0.024957871 0.022207024 0.016130814
0.041151173 0.039032198 0.004765003 0.042478714 0.022543967 0.002937644 0.002990511 0.007967350 -0.001486594 0.031032849 0.010126328 0.029943779 0.015348481 0.011864994 0.044231437 0.022736268 0.006169860 0.031070232 0.017971076 0.016703947 0.009249747 -0.001060840 0.015073507 0.002569503 0.029744059 0.012711286 0.000819751 0.000580490 0.018648244 -0.002582094 0.062000789 0.040047836 0.024638761 0.015013332
0.058702186 0.045741707 0.027278766 0.010132923 0.039369479 0.022379812 0.019579733 0.017553441 0.031032849 0.006674540 0.019875120 0.014520765 0.014177470 0.021707591 0.065729514 0.055292744 0.040195026 0.016051073 0.032249674 0.013715207 0.036004994 0.023874914 0.050114349 0.021908991 0.033833828 0.006567048 0.026159503 0.029332560 0.049105193 0.018604394 0.021262407 0.011804156 0.033276431 0.036754891
0.048091181 0.034242257 0.012109736 0.032596353 0.021955002 0.006319781 0.005946829 0.006563495 0.010126328 0.019875120 0.001298462 0.022909479 0.010173125 0.011953774 0.050163899 0.037006568 0.017862419 0.026852090 0.021434082 0.010117012 0.014423453 0.016332919 0.030179175 0.007188196 0.024036266 0.007247808 0.006663526 0.009966185 0.031382076 0.008299288 0.048916109 0.020427950 0.021824855 0.019314000
0.057587653 0.045633923 0.030639170 0.028029390 0.038786650 0.028217729 0.021553269 0.022744438 0.029943779 0.014520765 0.022909479 0.015755691 0.024727801 0.024049707 0.065071180 0.054201774 0.039277256 0.019454669 0.034148350 0.022414193 0.036697552 0.025342092 0.048379522 0.023187393 0.038484782 0.014226200 0.024493394 0.028908135 0.045292817 0.019835364 0.041316636 0.029365076 0.037582397 0.038155913
0.048067585 0.037050489 0.016790817 0.028441699 0.024392974 0.006422129 0.010886325 0.004741738 0.015348481 0.014177470 0.010173125 0.024727801 -0.009001534 0.013427081 0.052121833 0.045207180 0.020959396 0.028591041 0.023859031 0.011425011 0.019615866 0.013398066 0.036351908 0.008607234 0.019257497 0.009580720 0.007192020 0.016406760 0.032093242 0.009736772 0.042851757 0.021275342 0.029344821 0.022442747
0.041236546 0.030016018 0.011782106 0.033849694 0.022112306 0.007474002 0.004122838 0.003003388 0.011864994 0.021707591 0.011953774 0.024049707 0.013427081 -0.003701895 0.043063335 0.033865631 0.015582449 0.025793562 0.017207108 0.015778661 0.013170281 0.013841065 0.024679272 0.007746235 0.024333442 0.010209959 0.002998089 0.009396743 0.025473103 0.004646949 0.040139325 0.030414857 0.023964619 0.019227799
0.035566349 0.057029802 0.032250538 0.077490345 0.037259594 0.038586576 0.038530242 0.038919430 0.044231437 0.065729514 0.050163899 0.065071180 0.052121833 0.043063335 0.024959477 0.011970330 0.033727638 0.076496631 0.044611491 0.055493414 0.032918271 0.050469849 0.026726214 0.039269518 0.045729969 0.061685596 0.042764261 0.039011572 0.023966864 0.048719015 0.075448595 0.070741713 0.044248387 0.024604516
0.018292012 0.034979932 0.012594620 0.068250515 0.017283417 0.020870686 0.024700612 0.026608491 0.022736268 0.055292744 0.037006568 0.054201774 0.045207180 0.033865631 0.011970330 -0.016542543 0.013341194 0.062147696 0.028180495 0.038017683 0.012921028 0.028745571 0.000295790 0.025965992 0.036433332 0.049101267 0.023355495 0.020263091 0.000423291 0.030685186 0.069833070 0.064946383 0.023859307 0.001878146
0.031927906 0.030371606 0.003744052 0.052298237 0.015021285 0.006328827 0.007859749 0.013168338 0.006169860 0.040195026 0.017862419 0.039277256 0.020959396 0.015582449 0.033727638 0.013341194 -0.007510257 0.041366126 0.020678665 0.024616495 0.005927030 0.016998047 0.007057480 0.006830102 0.028489038 0.025832258 0.005256531 0.008232236 0.010249712 0.013798232 0.065908678 0.044121291 0.014226635 0.012358820
0.066386744 0.042956755 0.031545617 0.030512607 0.051978521 0.031778943 0.023662165 0.025644477 0.031070232 0.016051073 0.026852090 0.019454669 0.028591041 0.025793562 0.076496631 0.062147696 0.041366126 0.007976515 0.032922931 0.033444490 0.035565685 0.026995512 0.055353213 0.024985382 0.044803809 0.013801711 0.026275253 0.028041355 0.055257525 0.019490793 0.042860910 0.034953959 0.037552111 0.044357300
0.041193631 0.034889527 0.015124674 0.044277966 0.036428824 0.014315952 0.014908572 0.015965704 0.017971076 0.032249674 0.021434082 0.034148350 0.023859031 0.017207108 0.044611491 0.028180495 0.020678665 0.032922931 0.005155886 0.029426323 0.015565676 0.018795537 0.026469924 0.016945481 0.034849323 0.020489100 0.015151720 0.015377926 0.023363814 0.014608880 0.053865049 0.042007927 0.028636163 0.020111181
0.052395098 0.049487855 0.018510234 0.027971506 0.025692884 0.011403047 0.007103072 0.010077686 0.016703947 0.013715207 0.010117012 0.022414193 0.011425011 0.015778661 0.055493414 0.038017683 0.024616495 0.033444490 0.029426323 -0.001632024 0.023968946 0.013816274 0.033595424 0.013540691 0.029811503 0.012697170 0.013002162 0.015051161 0.034426410 0.007279627 0.044198427 0.028749630 0.027294118 0.023649670
0.025931176 0.028402686 0.001745600 0.044890691 0.012332845 0.001226638 0.003692132 0.010056432 0.009249747 0.036004994 0.014423453 0.036697552 0.019615866 0.013170281 0.032918271 0.012921028 0.005927030 0.035565685 0.015565676 0.023968946 -0.002969107 0.009057311 0.008601220 0.004139987 0.030846406 0.021315355 0.005266233 0.003544148 0.006658167 0.008229359 0.055568833 0.036200080 0.009752305 0.007605501
0.043696932 0.028932033 0.007927594 0.035508893 0.029911974 0.010842882 0.005595188 0.009215936 -0.001060840 0.023874914 0.016332919 0.025342092 0.013398066 0.013841065 0.050469849 0.028745571 0.016998047 0.026995512 0.018795537 0.013816274 0.009057311 -0.021608345 0.021383747 -0.001131057 0.029664770 0.008645128 0.008022632 0.010442637 0.022801273 0.010141114 0.056474209 0.029089082 0.023170343 0.017459402
0.020408209 0.041476820 0.008371261 0.059927478 0.005146905 0.015763167 0.019543462 0.022714071 0.015073507 0.050114349 0.030179175 0.048379522 0.036351908 0.024679272 0.026726214 0.000295790 0.007057480 0.055353213 0.026469924 0.033595424 0.008601220 0.021383747 -0.011202417 0.019427352 0.034915462 0.040954053 0.018706517 0.015026428 0.003706142 0.023819109 0.070779964 0.052263811 0.016683435 0.002706867
0.040762149 0.026426801 0.001487892 0.030382272 0.015559318 0.002533267 -0.001744648 0.001290580 0.002569503 0.021908991 0.007188196 0.023187393 0.008607234 0.007746235 0.039269518 0.025965992 0.006830102 0.024985382 0.016945481 0.013540691 0.004139987 -0.001131057 0.019427352 -0.002508365 0.021510106 0.008058214 -0.001539247 -0.000556104 0.018507311 -0.002640226 0.047454629 0.025541203 0.013204253 0.012995169
0.053933665 0.021156790 0.022821996 0.049173284 0.031062216 0.024949830 0.022742147 0.016049061 0.029744059 0.033833828 0.024036266 0.038484782 0.019257497 0.024333442 0.045729969 0.036433332 0.028489038 0.044803809 0.034849323 0.029811503 0.030846406 0.029664770 0.034915462 0.021510106 -0.011749059 0.024895305 0.020312855 0.023534602 0.039808765 0.026771896 0.059120789 0.044346098 0.034068599 0.029394429
0.052937269 0.031075511 0.018374745 0.024691595 0.027387852 0.015547114 0.007600026 0.009080667 0.012711286 0.006567048 0.007247808 0.014226200 0.009580720 0.010209959 0.061685596 0.049101267 0.025832258 0.013801711 0.020489100 0.012697170 0.021315355 0.008645128 0.040954053 0.008058214 0.024895305 -0.008729957 0.009983047 0.013455335 0.036753237 0.001998567 0.041918486 0.019815452 0.025053173 0.026075494
0.044721115 0.030023264 0.003616967 0.039107304 0.011515655 -0.000087030 -0.000354831 -0.000157272 0.000819751 0.026159503 0.006663526 0.024493394 0.007192020 0.002998089 0.042764261 0.023355495 0.005256531 0.026275253 0.015151720 0.013002162 0.005266233 0.008022632 0.018706517 -0.001539247 0.020312855 0.009983047 -0.009366293 -0.000359387 0.021770559 -0.003926236 0.056740027 0.035534307 0.017524436 0.010944345
0.037671514 0.027349235 0.002640281 0.036799889 0.015573274 -0.000813282 -0.001514453 0.005699736 0.000580490 0.029332560 0.009966185 0.028908135 0.016406760 0.009396743 0.039011572 0.020263091 0.008232236 0.028041355 0.015377926 0.015051161 0.003544148 0.010442637 0.015026428 -0.000556104 0.023534602 0.013455335 -0.000359387 -0.010188431 0.016943488 -0.000816967 0.051270910 0.033884101 0.017776415 0.009872450
0.017704496 0.038401313 0.010156918 0.059723854 0.014839301 0.019761944 0.019844960 0.022278046 0.018648244 0.049105193 0.031382076 0.045292817 0.032093242 0.025473103 0.023966864 0.000423291 0.010249712 0.055257525 0.023363814 0.034426410 0.006658167 0.022801273 0.003706142 0.018507311 0.039808765 0.036753237 0.021770559 0.016943488 -0.012187164 0.022597630 0.068977393 0.054823987 0.019913878 0.007015179
0.045348652 0.036139082 0.006911170 0.028875459 0.016457800 0.004172680 -0.006998027 0.002624799 -0.002582094 0.018604394 0.008299288 0.019835364 0.009736772 0.004646949 0.048719015 0.030685186 0.013798232 0.019490793 0.014608880 0.007279627 0.008229359 0.010141114 0.023819109 -0.002640226 0.026771896 0.001998567 -0.003926236 -0.000816967 0.022597630 -0.025841516 0.050547242 0.033869009 0.023755031 0.017125804
0.082212135 0.072942257 0.052090894 0.029053951 0.056679621 0.044388339 0.048434284 0.037454125 0.062000789 0.021262407 0.048916109 0.041316636 0.042851757 0.040139325 0.075448595 0.069833070 0.065908678 0.042860910 0.053865049 0.044198427 0.055568833 0.056474209 0.070779964 0.047454629 0.059120789 0.041918486 0.056740027 0.051270910 0.068977393 0.050547242 -0.001432581 0.037542798 0.060943455 0.044471793
0.059414130 0.042548545 0.030724155 0.023971912 0.054212853 0.026764695 0.026508505 0.024957871 0.040047836 0.011804156 0.020427950 0.029365076 0.021275342 0.030414857 0.070741713 0.064946383 0.044121291 0.034953959 0.042007927 0.028749630 0.036200080 0.029089082 0.052263811 0.025541203 0.044346098 0.019815452 0.035534307 0.033884101 0.054823987 0.033869009 0.037542798 0.002298199 0.039141007 0.040195212
0.034462959 0.031776264 0.013943193 0.046252154 0.019417880 0.021862421 0.016046993 0.022207024 0.024638761 0.033276431 0.021824855 0.037582397 0.029344821 0.023964619 0.044248387 0.023859307 0.014226635 0.037552111 0.028636163 0.027294118 0.009752305 0.023170343 0.016683435 0.013204253 0.034068599 0.025053173 0.017524436 0.017776415 0.019913878 0.023755031 0.060943455 0.039141007 -0.020816661 0.016833097
0.022065420 0.034197669 0.003872807 0.046692327 0.012187984 0.008554565 0.011894530 0.016130814 0.015013332 0.036754891 0.019314000 0.038155913 0.022442747 0.019227799 0.024604516 0.001878146 0.012358820 0.044357300 0.020111181 0.023649670 0.007605501 0.017459402 0.002706867 0.012995169 0.029394429 0.026075494 0.010944345 0.009872450 0.007015179 0.017125804 0.044471793 0.040195212 0.016833097 -0.010764612
