0.000000000 0.049773756 0.058295965 0.216417909 0.041095890 0.054054055 0.094827585 0.102564104 0.078947365 0.163346618 0.078947365 0.139344260 0.054054055 0.106382981 0.039603960 0.024390243 0.014084507 0.139344260 0.049773756 0.121338911 0.036697246 0.074889868 0.000000000 0.106382981 0.201520920 0.090909094 0.078947365 0.066666670 0.009615385 0.106382981 0.132231399 0.219330862 0.034482758 0.045454547
0.049773756 0.000000000 0.008547009 0.168458775 0.008695652 0.004291845 0.045267489 0.053061225 0.029288704 0.114503816 0.029288704 0.090196081 0.004291845 0.056910571 0.089201875 0.074074075 0.035714287 0.090196081 0.000000000 0.071999997 0.013100437 0.025210084 0.049773756 0.056910571 0.153284669 0.041322313 0.029288704 0.016949153 0.059360731 0.056910571 0.083003953 0.171428576 0.084112152 0.004329004
0.058295965 0.008547009 0.000000000 0.160142347 0.017241379 0.004255319 0.036734693 0.044534411 0.020746889 0.106060609 0.020746889 0.081712060 0.004255319 0.048387095 0.097674422 0.082568809 0.044247787 0.081712060 0.008547009 0.063492067 0.021645023 0.016666668 0.058295965 0.048387095 0.144927531 0.032786883 0.020746889 0.008403362 0.067873307 0.048387095 0.074509807 0.163120568 0.092592590 0.012875536
0.216417909 0.168458775 0.160142347 0.000000000 0.176895306 0.164285719 0.124137931 0.116438359 0.139860138 0.055016182 0.139860138 0.079470202 0.164285719 0.112627983 0.253846169 0.239543721 0.202952027 0.079470202 0.168458775 0.097643100 0.181159422 0.143859655 0.216417909 0.112627983 0.015576324 0.128027678 0.139860138 0.151943460 0.225563914 0.112627983 0.086666666 0.003058104 0.249042138 0.172661871
0.041095890 0.008695652 0.017241379 0.176895306 0.000000000 0.012987013 0.053941909 0.061728396 0.037974682 0.123076923 0.037974682 0.098814227 0.012987013 0.065573767 0.080568723 0.065420561 0.027027028 0.098814227 0.008695652 0.080645159 0.004405286 0.033898305 0.041095890 0.065573767 0.161764711 0.050000001 0.037974682 0.025641026 0.050691243 0.065573767 0.091633469 0.179856122 0.075471699 0.004366812
0.054054055 0.004291845 0.004255319 0.164285719 0.012987013 0.000000000 0.040983606 0.048780486 0.025000000 0.110266156 0.025000000 0.085937500 0.000000000 0.052631579 0.093457945 0.078341015 0.039999999 0.085937500 0.004291845 0.067729086 0.017391304 0.020920502 0.054054055 0.052631579 0.149090916 0.037037037 0.025000000 0.012658228 0.063636363 0.052631579 0.078740157 0.167259783 0.088372096 0.008620690
0.094827585 0.045267489 0.036734693 0.124137931 0.053941909 0.040983606 0.000000000 0.007812500 0.016000001 0.069597073 0.016000001 0.045112781 0.040983606 0.011673152 0.133928567 0.118942730 0.080851063 0.045112781 0.045267489 0.026819924 0.058333334 0.020080321 0.094827585 0.011673152 0.108771928 0.003952569 0.016000001 0.028340081 0.104347825 0.011673152 0.037878789 0.127147764 0.128888890 0.049586777
0.102564104 0.053061225 0.044534411 0.116438359 0.061728396 0.048780486 0.007812500 0.000000000 0.023809524 0.061818182 0.023809524 0.037313432 0.048780486 0.003861004 0.141592920 0.126637548 0.088607594 0.037313432 0.053061225 0.019011406 0.066115700 0.027888447 0.102564104 0.003861004 0.101045296 0.011764706 0.023809524 0.036144577 0.112068966 0.003861004 0.030075189 0.119453922 0.136563882 0.057377048
0.078947365 0.029288704 0.020746889 0.139860138 0.037974682 0.025000000 0.016000001 0.023809524 0.000000000 0.085501857 0.000000000 0.061068702 0.025000000 0.027667984 0.118181817 0.103139013 0.064935066 0.061068702 0.029288704 0.042801555 0.042372882 0.004081632 0.078947365 0.027667984 0.124555163 0.012048192 0.000000000 0.012345679 0.088495575 0.027667984 0.053846154 0.142857149 0.113122173 0.033613447
0.163346618 0.114503816 0.106060609 0.055016182 0.123076923 0.110266156 0.069597073 0.061818182 0.085501857 0.000000000 0.085501857 0.024561403 0.110266156 0.057971016 0.201646090 0.186991870 0.149606302 0.024561403 0.114503816 0.042857144 0.127413124 0.089552239 0.163346618 0.057971016 0.039473683 0.073529415 0.085501857 0.097744361 0.172690764 0.057971016 0.031802122 0.058064517 0.196721315 0.118773945
0.078947365 0.029288704 0.020746889 0.139860138 0.037974682 0.025000000 0.016000001 0.023809524 0.000000000 0.085501857 0.000000000 0.061068702 0.025000000 0.027667984 0.118181817 0.103139013 0.064935066 0.061068702 0.029288704 0.042801555 0.042372882 0.004081632 0.078947365 0.027667984 0.124555163 0.012048192 0.000000000 0.012345679 0.088495575 0.027667984 0.053846154 0.142857149 0.113122173 0.033613447
0.139344260 0.090196081 0.081712060 0.079470202 0.098814227 0.085937500 0.045112781 0.037313432 0.061068702 0.024561403 0.061068702 0.000000000 0.085937500 0.033457249 0.177966103 0.163179919 0.125506073 0.000000000 0.090196081 0.018315019 0.103174604 0.065134101 0.139344260 0.033457249 0.063973062 0.049056605 0.061068702 0.073359072 0.148760334 0.033457249 0.007246377 0.082508251 0.172995776 0.094488189
0.054054055 0.004291845 0.004255319 0.164285719 0.012987013 0.000000000 0.040983606 0.048780486 0.025000000 0.110266156 0.025000000 0.085937500 0.000000000 0.052631579 0.093457945 0.078341015 0.039999999 0.085937500 0.004291845 0.067729086 0.017391304 0.020920502 0.054054055 0.052631579 0.149090916 0.037037037 0.025000000 0.012658228 0.063636363 0.052631579 0.078740157 0.167259783 0.088372096 0.008620690
0.106382981 0.056910571 0.048387095 0.112627983 0.065573767 0.052631579 0.011673152 0.003861004 0.027667984 0.057971016 0.027667984 0.033457249 0.052631579 0.000000000 0.145374447 0.130434781 0.092436977 0.033457249 0.056910571 0.015151516 0.069958851 0.031746034 0.106382981 0.000000000 0.097222224 0.015625000 0.027667984 0.039999999 0.115879826 0.000000000 0.026217228 0.115646258 0.140350878 0.061224490
0.039603960 0.089201875 0.097674422 0.253846169 0.080568723 0.093457945 0.133928567 0.141592920 0.118181817 0.201646090 0.118181817 0.177966103 0.093457945 0.145374447 0.000000000 0.015228426 0.053658538 0.177966103 0.089201875 0.160173163 0.076190479 0.114155248 0.039603960 0.145374447 0.239215687 0.130044848 0.118181817 0.105990782 0.029999999 0.145374447 0.170940176 0.256704986 0.005128205 0.084905662
0.024390243 0.074074075 0.082568809 0.239543721 0.065420561 0.078341015 0.118942730 0.126637548 0.103139013 0.186991870 0.103139013 0.163179919 0.078341015 0.130434781 0.015228426 0.000000000 0.038461540 0.163179919 0.074074075 0.145299152 0.061032865 0.099099100 0.024390243 0.130434781 0.224806204 0.115044251 0.103139013 0.090909094 0.014778325 0.130434781 0.156118140 0.242424250 0.010101010 0.069767445
0.014084507 0.035714287 0.044247787 0.202952027 0.027027028 0.039999999 0.080851063 0.088607594 0.064935066 0.149606302 0.064935066 0.125506073 0.039999999 0.092436977 0.053658538 0.038461540 0.000000000 0.125506073 0.035714287 0.107438013 0.022624435 0.060869563 0.014084507 0.092436977 0.187969923 0.076923080 0.064935066 0.052631579 0.023696683 0.092436977 0.118367344 0.205882356 0.048543688 0.031390134
0.139344260 0.090196081 0.081712060 0.079470202 0.098814227 0.085937500 0.045112781 0.037313432 0.061068702 0.024561403 0.061068702 0.000000000 0.085937500 0.033457249 0.177966103 0.163179919 0.125506073 0.000000000 0.090196081 0.018315019 0.103174604 0.065134101 0.139344260 0.033457249 0.063973062 0.049056605 0.061068702 0.073359072 0.148760334 0.033457249 0.007246377 0.082508251 0.172995776 0.094488189
0.049773756 0.000000000 0.008547009 0.168458775 0.008695652 0.004291845 0.045267489 0.053061225 0.029288704 0.114503816 0.029288704 0.090196081 0.004291845 0.056910571 0.089201875 0.074074075 0.035714287 0.090196081 0.000000000 0.071999997 0.013100437 0.025210084 0.049773756 0.056910571 0.153284669 0.041322313 0.029288704 0.016949153 0.059360731 0.056910571 0.083003953 0.171428576 0.084112152 0.004329004
0.121338911 0.071999997 0.063492067 0.097643100 0.080645159 0.067729086 0.026819924 0.019011406 0.042801555 0.042857144 0.042801555 0.018315019 0.067729086 0.015151516 0.160173163 0.145299152 0.107438013 0.018315019 0.071999997 0.000000000 0.085020244 0.046875000 0.121338911 0.015151516 0.082191780 0.030769231 0.042801555 0.055118110 0.130801693 0.015151516 0.011070111 0.100671142 0.155172408 0.076305218
0.036697246 0.013100437 0.021645023 0.181159422 0.004405286 0.017391304 0.058333334 0.066115700 0.042372882 0.127413124 0.042372882 0.103174604 0.017391304 0.069958851 0.076190479 0.061032865 0.022624435 0.103174604 0.013100437 0.085020244 0.000000000 0.038297873 0.036697246 0.069958851 0.166051656 0.054393306 0.042372882 0.030042918 0.046296295 0.069958851 0.096000001 0.184115529 0.071090050 0.008771930
0.074889868 0.025210084 0.016666668 0.143859655 0.033898305 0.020920502 0.020080321 0.027888447 0.004081632 0.089552239 0.004081632 0.065134101 0.020920502 0.031746034 0.114155248 0.099099100 0.060869563 0.065134101 0.025210084 0.046875000 0.038297873 0.000000000 0.074889868 0.031746034 0.128571436 0.016129032 0.004081632 0.008264462 0.084444441 0.031746034 0.057915058 0.146853149 0.109090909 0.029535865
0.000000000 0.049773756 0.058295965 0.216417909 0.041095890 0.054054055 0.094827585 0.102564104 0.078947365 0.163346618 0.078947365 0.139344260 0.054054055 0.106382981 0.039603960 0.024390243 0.014084507 0.139344260 0.049773756 0.121338911 0.036697246 0.074889868 0.000000000 0.106382981 0.201520920 0.090909094 0.078947365 0.066666670 0.009615385 0.106382981 0.132231399 0.219330862 0.034482758 0.045454547
0.106382981 0.056910571 0.048387095 0.112627983 0.065573767 0.052631579 0.011673152 0.003861004 0.027667984 0.057971016 0.027667984 0.033457249 0.052631579 0.000000000 0.145374447 0.130434781 0.092436977 0.033457249 0.056910571 0.015151516 0.069958851 0.031746034 0.106382981 0.000000000 0.097222224 0.015625000 0.027667984 0.039999999 0.115879826 0.000000000 0.026217228 0.115646258 0.140350878 0.061224490
0.201520920 0.153284669 0.144927531 0.015576324 0.161764711 0.149090916 0.108771928 0.101045296 0.124555163 0.039473683 0.124555163 0.063973062 0.149090916 0.097222224 0.239215687 0.224806204 0.187969923 0.063973062 0.153284669 0.082191780 0.166051656 0.128571436 0.201520920 0.097222224 0.000000000 0.112676054 0.124555163 0.136690646 0.210727975 0.097222224 0.071186438 0.018633541 0.234375000 0.157509163
0.090909094 0.041322313 0.032786883 0.128027678 0.050000001 0.037037037 0.003952569 0.011764706 0.012048192 0.073529415 0.012048192 0.049056605 0.037037037 0.015625000 0.130044848 0.115044251 0.076923080 0.049056605 0.041322313 0.030769231 0.054393306 0.016129032 0.090909094 0.015625000 0.112676054 0.000000000 0.012048192 0.024390243 0.100436680 0.015625000 0.041825093 0.131034479 0.125000000 0.045643155
0.078947365 0.029288704 0.020746889 0.139860138 0.037974682 0.025000000 0.016000001 0.023809524 0.000000000 0.085501857 0.000000000 0.061068702 0.025000000 0.027667984 0.118181817 0.103139013 0.064935066 0.061068702 0.029288704 0.042801555 0.042372882 0.004081632 0.078947365 0.027667984 0.124555163 0.012048192 0.000000000 0.012345679 0.088495575 0.027667984 0.053846154 0.142857149 0.113122173 0.033613447
0.066666670 0.016949153 0.008403362 0.151943460 0.025641026 0.012658228 0.028340081 0.036144577 0.012345679 0.097744361 0.012345679 0.073359072 0.012658228 0.039999999 0.105990782 0.090909094 0.052631579 0.073359072 0.016949153 0.055118110 0.030042918 0.008264462 0.066666670 0.039999999 0.136690646 0.024390243 0.012345679 0.000000000 0.076233186 0.039999999 0.066147856 0.154929578 0.100917429 0.021276595
0.009615385 0.059360731 0.067873307 0.225563914 0.050691243 0.063636363 0.104347825 0.112068966 0.088495575 0.172690764 0.088495575 0.148760334 0.063636363 0.115879826 0.029999999 0.014778325 0.023696683 0.148760334 0.059360731 0.130801693 0.046296295 0.084444441 0.009615385 0.115879826 0.210727975 0.100436680 0.088495575 0.076233186 0.000000000 0.115879826 0.141666666 0.228464425 0.024875622 0.055045873
0.106382981 0.056910571 0.048387095 0.112627983 0.065573767 0.052631579 0.011673152 0.003861004 0.027667984 0.057971016 0.027667984 0.033457249 0.052631579 0.000000000 0.145374447 0.130434781 0.092436977 0.033457249 0.056910571 0.015151516 0.069958851 0.031746034 0.106382981 0.000000000 0.097222224 0.015625000 0.027667984 0.039999999 0.115879826 0.000000000 0.026217228 0.115646258 0.140350878 0.061224490
0.132231399 0.083003953 0.074509807 0.086666666 0.091633469 0.078740157 0.037878789 0.030075189 0.053846154 0.031802122 0.053846154 0.007246377 0.078740157 0.026217228 0.170940176 0.156118140 0.118367344 0.007246377 0.083003953 0.011070111 0.096000001 0.057915058 0.132231399 0.026217228 0.071186438 0.041825093 0.053846154 0.066147856 0.141666666 0.026217228 0.000000000 0.089700997 0.165957451 0.087301590
0.219330862 0.171428576 0.163120568 0.003058104 0.179856122 0.167259783 0.127147764 0.119453922 0.142857149 0.058064517 0.142857149 0.082508251 0.167259783 0.115646258 0.256704986 0.242424250 0.205882356 0.082508251 0.171428576 0.100671142 0.184115529 0.146853149 0.219330862 0.115646258 0.018633541 0.131034479 0.142857149 0.154929578 0.228464425 0.115646258 0.089700997 0.000000000 0.251908392 0.175627246
0.034482758 0.084112152 0.092592590 0.249042138 0.075471699 0.088372096 0.128888890 0.136563882 0.113122173 0.196721315 0.113122173 0.172995776 0.088372096 0.140350878 0.005128205 0.010101010 0.048543688 0.172995776 0.084112152 0.155172408 0.071090050 0.109090909 0.034482758 0.140350878 0.234375000 0.125000000 0.113122173 0.100917429 0.024875622 0.140350878 0.165957451 0.251908392 0.000000000 0.079812206
0.045454547 0.004329004 0.012875536 0.172661871 0.004366812 0.008620690 0.049586777 0.057377048 0.033613447 0.118773945 0.033613447 0.094488189 0.008620690 0.061224490 0.084905662 0.069767445 0.031390134 0.094488189 0.004329004 0.076305218 0.008771930 0.029535865 0.045454547 0.061224490 0.157509163 0.045643155 0.033613447 0.021276595 0.055045873 0.061224490 0.087301590 0.175627246 0.079812206 0.000000000
