0.000000000 0.188118815 0.122994654 0.267857134 0.078651689 0.167512685 0.180000007 0.222748816 0.163265303 0.237209305 0.175879404 0.222748816 0.230046943 0.171717167 0.103825137 0.057471264 0.163265303 0.264573991 0.207729474 0.167512685 0.098901100 0.230046943 0.098901100 0.150259063 0.305084735 0.215311006 0.180000007 0.150259063 0.078651689 0.211538464 0.299145311 0.359375000 0.167512685 0.188118815
0.188118815 0.000000000 0.066666670 0.083969466 0.111111112 0.021276595 0.008403362 0.036144577 0.025641026 0.051383398 0.012658228 0.036144577 0.043824703 0.016949153 0.085972853 0.132075474 0.025641026 0.080459774 0.020408163 0.021276595 0.090909094 0.043824703 0.090909094 0.038961038 0.124087594 0.028340081 0.008403362 0.038961038 0.111111112 0.024390243 0.117647059 0.183673471 0.021276595 0.000000000
0.122994654 0.066666670 0.000000000 0.149797574 0.044776119 0.045454547 0.058295965 0.102564104 0.041095890 0.117647059 0.054054055 0.102564104 0.110169493 0.049773756 0.019417476 0.065989845 0.041095890 0.146341458 0.086956523 0.045454547 0.024390243 0.110169493 0.024390243 0.027777778 0.189189196 0.094827585 0.058295965 0.027777778 0.044776119 0.090909094 0.182879373 0.247311831 0.045454547 0.066666670
0.267857134 0.083969466 0.149797574 0.000000000 0.193277314 0.105058365 0.092307694 0.047970481 0.109375000 0.032727271 0.096525095 0.047970481 0.040293042 0.100775197 0.168724284 0.213675216 0.109375000 0.003533569 0.063670412 0.105058365 0.173553720 0.040293042 0.173553720 0.122529641 0.040540539 0.055762082 0.092307694 0.122529641 0.193277314 0.059701491 0.034013607 0.101265825 0.105058365 0.083969466
0.078651689 0.111111112 0.044776119 0.193277314 0.000000000 0.090047397 0.102803737 0.146666661 0.085714288 0.161572054 0.098591551 0.146666661 0.154185027 0.094339624 0.025380710 0.021276595 0.085714288 0.189873412 0.131221727 0.090047397 0.020408163 0.154185027 0.020408163 0.072463766 0.231999993 0.139013454 0.102803737 0.072463766 0.000000000 0.135135129 0.225806445 0.288888901 0.090047397 0.111111112
0.167512685 0.021276595 0.045454547 0.105058365 0.090047397 0.000000000 0.012875536 0.057377048 0.004366812 0.072580643 0.008620690 0.057377048 0.065040648 0.004329004 0.064814813 0.111111112 0.004366812 0.101562500 0.041666668 0.000000000 0.069767445 0.065040648 0.069767445 0.017699115 0.144981414 0.049586777 0.012875536 0.017699115 0.090047397 0.045643155 0.138576776 0.204152256 0.000000000 0.021276595
0.180000007 0.008403362 0.058295965 0.092307694 0.102803737 0.012875536 0.000000000 0.044534411 0.017241379 0.059760958 0.004255319 0.044534411 0.052208837 0.008547009 0.077625573 0.123809524 0.017241379 0.088803090 0.028806584 0.012875536 0.082568809 0.052208837 0.082568809 0.030567685 0.132352948 0.036734693 0.000000000 0.030567685 0.102803737 0.032786883 0.125925928 0.191780820 0.012875536 0.008403362
0.222748816 0.036144577 0.102564104 0.047970481 0.146666661 0.057377048 0.044534411 0.000000000 0.061728396 0.015267176 0.048780486 0.000000000 0.007692308 0.053061225 0.121739127 0.167420819 0.061728396 0.044444446 0.015748031 0.057377048 0.126637548 0.007692308 0.126637548 0.075000003 0.088339224 0.007812500 0.044534411 0.075000003 0.146666661 0.011764706 0.081850536 0.148514852 0.057377048 0.036144577
0.163265303 0.025641026 0.041095890 0.109375000 0.085714288 0.004366812 0.017241379 0.061728396 0.000000000 0.076923080 0.012987013 0.061728396 0.069387756 0.008695652 0.060465116 0.106796116 0.000000000 0.105882354 0.046025105 0.004366812 0.065420561 0.069387756 0.065420561 0.013333334 0.149253726 0.053941909 0.017241379 0.013333334 0.085714288 0.050000001 0.142857149 0.208333328 0.004366812 0.025641026
0.237209305 0.051383398 0.117647059 0.032727271 0.161572054 0.072580643 0.059760958 0.015267176 0.076923080 0.000000000 0.064000003 0.015267176 0.007575758 0.068273090 0.136752144 0.182222217 0.076923080 0.029197080 0.031007752 0.072580643 0.141630903 0.007575758 0.141630903 0.090163931 0.073170729 0.023076924 0.059760958 0.090163931 0.161572054 0.027027028 0.066666670 0.133550495 0.072580643 0.051383398
0.175879404 0.012658228 0.054054055 0.096525095 0.098591551 0.008620690 0.004255319 0.048780486 0.012987013 0.064000003 0.000000000 0.048780486 0.056451611 0.004291845 0.073394492 0.119617224 0.012987013 0.093023255 0.033057850 0.008620690 0.078341015 0.056451611 0.078341015 0.026315790 0.136531368 0.040983606 0.004255319 0.026315790 0.098591551 0.037037037 0.130111530 0.195876285 0.008620690 0.012658228
0.222748816 0.036144577 0.102564104 0.047970481 0.146666661 0.057377048 0.044534411 0.000000000 0.061728396 0.015267176 0.048780486 0.000000000 0.007692308 0.053061225 0.121739127 0.167420819 0.061728396 0.044444446 0.015748031 0.057377048 0.126637548 0.007692308 0.126637548 0.075000003 0.088339224 0.007812500 0.044534411 0.075000003 0.146666661 0.011764706 0.081850536 0.148514852 0.057377048 0.036144577
0.230046943 0.043824703 0.110169493 0.040293042 0.154185027 0.065040648 0.052208837 0.007692308 0.069387756 0.007575758 0.056451611 0.007692308 0.000000000 0.060728744 0.129310340 0.174887896 0.069387756 0.036764707 0.023437500 0.065040648 0.134199128 0.000000000 0.134199128 0.082644626 0.080701753 0.015503876 0.052208837 0.082644626 0.154185027 0.019455252 0.074204944 0.140983611 0.065040648 0.043824703
0.171717167 0.016949153 0.049773756 0.100775197 0.094339624 0.004329004 0.008547009 0.053061225 0.008695652 0.068273090 0.004291845 0.053061225 0.060728744 0.000000000 0.069124423 0.115384616 0.008695652 0.097276263 0.037344400 0.004329004 0.074074075 0.060728744 0.074074075 0.022026431 0.140740737 0.045267489 0.008547009 0.022026431 0.094339624 0.041322313 0.134328365 0.200000003 0.004329004 0.016949153
0.103825137 0.085972853 0.019417476 0.168724284 0.025380710 0.064814813 0.077625573 0.121739127 0.060465116 0.136752144 0.073394492 0.121739127 0.129310340 0.069124423 0.000000000 0.046632126 0.060465116 0.165289253 0.106194690 0.064814813 0.004975124 0.129310340 0.004975124 0.047169812 0.207843140 0.114035085 0.077625573 0.047169812 0.025380710 0.110132158 0.201581031 0.265454531 0.064814813 0.085972853
0.057471264 0.132075474 0.065989845 0.213675216 0.021276595 0.111111112 0.123809524 0.167420819 0.106796116 0.182222217 0.119617224 0.167420819 0.174887896 0.115384616 0.046632126 0.000000000 0.106796116 0.210300431 0.152073726 0.111111112 0.041666668 0.174887896 0.041666668 0.093596056 0.252032518 0.159817353 0.123809524 0.093596056 0.021276595 0.155963302 0.245901644 0.308270663 0.111111112 0.132075474
0.163265303 0.025641026 0.041095890 0.109375000 0.085714288 0.004366812 0.017241379 0.061728396 0.000000000 0.076923080 0.012987013 0.061728396 0.069387756 0.008695652 0.060465116 0.106796116 0.000000000 0.105882354 0.046025105 0.004366812 0.065420561 0.069387756 0.065420561 0.013333334 0.149253726 0.053941909 0.017241379 0.013333334 0.085714288 0.050000001 0.142857149 0.208333328 0.004366812 0.025641026
0.264573991 0.080459774 0.146341458 0.003533569 0.189873412 0.101562500 0.088803090 0.044444446 0.105882354 0.029197080 0.093023255 0.044444446 0.036764707 0.097276263 0.165289253 0.210300431 0.105882354 0.000000000 0.060150377 0.101562500 0.170124486 0.036764707 0.170124486 0.119047619 0.044067796 0.052238807 0.088803090 0.119047619 0.189873412 0.056179777 0.037542664 0.104761906 0.101562500 0.080459774
0.207729474 0.020408163 0.086956523 0.063670412 0.131221727 0.041666668 0.028806584 0.015748031 0.046025105 0.031007752 0.033057850 0.015748031 0.023437500 0.037344400 0.106194690 0.152073726 0.046025105 0.060150377 0.000000000 0.041666668 0.111111112 0.023437500 0.111111112 0.059322033 0.103942655 0.007936508 0.028806584 0.059322033 0.131221727 0.003984064 0.097472921 0.163879603 0.041666668 0.020408163
0.167512685 0.021276595 0.045454547 0.105058365 0.090047397 0.000000000 0.012875536 0.057377048 0.004366812 0.072580643 0.008620690 0.057377048 0.065040648 0.004329004 0.064814813 0.111111112 0.004366812 0.101562500 0.041666668 0.000000000 0.069767445 0.065040648 0.069767445 0.017699115 0.144981414 0.049586777 0.012875536 0.017699115 0.090047397 0.045643155 0.138576776 0.204152256 0.000000000 0.021276595
0.098901100 0.090909094 0.024390243 0.173553720 0.020408163 0.069767445 0.082568809 0.126637548 0.065420561 0.141630903 0.078341015 0.126637548 0.134199128 0.074074075 0.004975124 0.041666668 0.065420561 0.170124486 0.111111112 0.069767445 0.000000000 0.134199128 0.000000000 0.052132700 0.212598428 0.118942730 0.082568809 0.052132700 0.020408163 0.115044251 0.206349209 0.270072997 0.069767445 0.090909094
0.230046943 0.043824703 0.110169493 0.040293042 0.154185027 0.065040648 0.052208837 0.007692308 0.069387756 0.007575758 0.056451611 0.007692308 0.000000000 0.060728744 0.129310340 0.174887896 0.069387756 0.036764707 0.023437500 0.065040648 0.134199128 0.000000000 0.134199128 0.082644626 0.080701753 0.015503876 0.052208837 0.082644626 0.154185027 0.019455252 0.074204944 0.140983611 0.065040648 0.043824703
0.098901100 0.090909094 0.024390243 0.173553720 0.020408163 0.069767445 0.082568809 0.126637548 0.065420561 0.141630903 0.078341015 0.126637548 0.134199128 0.074074075 0.004975124 0.041666668 0.065420561 0.170124486 0.111111112 0.069767445 0.000000000 0.134199128 0.000000000 0.052132700 0.212598428 0.118942730 0.082568809 0.052132700 0.020408163 0.115044251 0.206349209 0.270072997 0.069767445 0.090909094
0.150259063 0.038961038 0.027777778 0.122529641 0.072463766 0.017699115 0.030567685 0.075000003 0.013333334 0.090163931 0.026315790 0.075000003 0.082644626 0.022026431 0.047169812 0.093596056 0.013333334 0.119047619 0.059322033 0.017699115 0.052132700 0.082644626 0.052132700 0.000000000 0.162264153 0.067226894 0.030567685 0.000000000 0.072463766 0.063291140 0.155893534 0.221052632 0.017699115 0.038961038
0.305084735 0.124087594 0.189189196 0.040540539 0.231999993 0.144981414 0.132352948 0.088339224 0.149253726 0.073170729 0.136531368 0.088339224 0.080701753 0.140740737 0.207843140 0.252032518 0.149253726 0.044067796 0.103942655 0.144981414 0.212598428 0.080701753 0.212598428 0.162264153 0.000000000 0.096085407 0.132352948 0.162264153 0.231999993 0.100000001 0.006535948 0.060975611 0.144981414 0.124087594
0.215311006 0.028340081 0.094827585 0.055762082 0.139013454 0.049586777 0.036734693 0.007812500 0.053941909 0.023076924 0.040983606 0.007812500 0.015503876 0.045267489 0.114035085 0.159817353 0.053941909 0.052238807 0.007936508 0.049586777 0.118942730 0.015503876 0.118942730 0.067226894 0.096085407 0.000000000 0.036734693 0.067226894 0.139013454 0.003952569 0.089605734 0.156146184 0.049586777 0.028340081
0.180000007 0.008403362 0.058295965 0.092307694 0.102803737 0.012875536 0.000000000 0.044534411 0.017241379 0.059760958 0.004255319 0.044534411 0.052208837 0.008547009 0.077625573 0.123809524 0.017241379 0.088803090 0.028806584 0.012875536 0.082568809 0.052208837 0.082568809 0.030567685 0.132352948 0.036734693 0.000000000 0.030567685 0.102803737 0.032786883 0.125925928 0.191780820 0.012875536 0.008403362
0.150259063 0.038961038 0.027777778 0.122529641 0.072463766 0.017699115 0.030567685 0.075000003 0.013333334 0.090163931 0.026315790 0.075000003 0.082644626 0.022026431 0.047169812 0.093596056 0.013333334 0.119047619 0.059322033 0.017699115 0.052132700 0.082644626 0.052132700 0.000000000 0.162264153 0.067226894 0.030567685 0.000000000 0.072463766 0.063291140 0.155893534 0.221052632 0.017699115 0.038961038
0.078651689 0.111111112 0.044776119 0.193277314 0.000000000 0.090047397 0.102803737 0.146666661 0.085714288 0.161572054 0.098591551 0.146666661 0.154185027 0.094339624 0.025380710 0.021276595 0.085714288 0.189873412 0.131221727 0.090047397 0.020408163 0.154185027 0.020408163 0.072463766 0.231999993 0.139013454 0.102803737 0.072463766 0.000000000 0.135135129 0.225806445 0.288888901 0.090047397 0.111111112
0.211538464 0.024390243 0.090909094 0.059701491 0.135135129 0.045643155 0.032786883 0.011764706 0.050000001 0.027027028 0.037037037 0.011764706 0.019455252 0.041322313 0.110132158 0.155963302 0.050000001 0.056179777 0.003984064 0.045643155 0.115044251 0.019455252 0.115044251 0.063291140 0.100000001 0.003952569 0.032786883 0.063291140 0.135135129 0.000000000 0.093525179 0.159999996 0.045643155 0.024390243
0.299145311 0.117647059 0.182879373 0.034013607 0.225806445 0.138576776 0.125925928 0.081850536 0.142857149 0.066666670 0.130111530 0.081850536 0.074204944 0.134328365 0.201581031 0.245901644 0.142857149 0.037542664 0.097472921 0.138576776 0.206349209 0.074204944 0.206349209 0.155893534 0.006535948 0.089605734 0.125925928 0.155893534 0.225806445 0.093525179 0.000000000 0.067484662 0.138576776 0.117647059
0.359375000 0.183673471 0.247311831 0.101265825 0.288888901 0.204152256 0.191780820 0.148514852 0.208333328 0.133550495 0.195876285 0.148514852 0.140983611 0.200000003 0.265454531 0.308270663 0.208333328 0.104761906 0.163879603 0.204152256 0.270072997 0.140983611 0.270072997 0.221052632 0.060975611 0.156146184 0.191780820 0.221052632 0.288888901 0.159999996 0.067484662 0.000000000 0.204152256 0.183673471
0.167512685 0.021276595 0.045454547 0.105058365 0.090047397 0.000000000 0.012875536 0.057377048 0.004366812 0.072580643 0.008620690 0.057377048 0.065040648 0.004329004 0.064814813 0.111111112 0.004366812 0.101562500 0.041666668 0.000000000 0.069767445 0.065040648 0.069767445 0.017699115 0.144981414 0.049586777 0.012875536 0.017699115 0.090047397 0.045643155 0.138576776 0.204152256 0.000000000 0.021276595
0.188118815 0.000000000 0.066666670 0.083969466 0.111111112 0.021276595 0.008403362 0.036144577 0.025641026 0.051383398 0.012658228 0.036144577 0.043824703 0.016949153 0.085972853 0.132075474 0.025641026 0.080459774 0.020408163 0.021276595 0.090909094 0.043824703 0.090909094 0.038961038 0.124087594 0.028340081 0.008403362 0.038961038 0.111111112 0.024390243 0.117647059 0.183673471 0.021276595 0.000000000
