0.012253035 0.053169161 0.021834949 0.076295532 0.014278947 0.040264226 0.036867328 0.039952401 0.045599654 0.060167365 0.048166264 0.074016362 0.048373692 0.044776067 0.031985965 0.016154004 0.031639241 0.067960039 0.040277027 0.057388648 0.024776913 0.047720004 0.018639952 0.039935540 0.052969232 0.045793556 0.041970786 0.037139669 0.017457981 0.050788231 0.087326407 0.069242060 0.040320575 0.025059186
0.053169161 -0.049712185 0.016245604 0.057556991 0.018662877 0.020003345 0.021245338 0.019241577 0.034520112 0.039033674 0.024191264 0.047109082 0.028059669 0.023293797 0.047161635 0.026785985 0.022847697 0.039018434 0.028731117 0.041217010 0.023018889 0.022872785 0.034304768 0.020247854 0.009014857 0.022131076 0.025682706 0.021166265 0.031266220 0.035279877 0.078608483 0.037575468 0.023517877 0.029185295
0.021834949 0.016245604 -0.001294434 0.044094339 0.006320227 0.006896739 -0.000176751 0.003642012 0.004678910 0.028772924 0.010918897 0.037310220 0.014948953 0.014075120 0.028279250 0.009829971 0.002374003 0.031795692 0.015085360 0.019735912 0.002829031 0.011170862 0.007540823 0.001228531 0.019583082 0.018649235 0.001497519 0.007028074 0.007171889 0.014430281 0.049863715 0.040950961 0.018695146 0.011172622
0.076295532 0.057556991 0.044094339 0.017177090 0.037603561 0.031205274 0.034791090 0.032358449 0.047221091 0.012439743 0.032728188 0.039196141 0.032303881 0.033300653 0.079469919 0.062394246 0.056975957 0.046303909 0.056138135 0.033587649 0.051575132 0.040455855 0.058059439 0.035141200 0.046343636 0.023928722 0.044012893 0.042381808 0.059669793 0.042804003 0.041881494 0.036325879 0.045540936 0.054311566
0.014278947 0.018662877 0.006320227 0.037603561 -0.016123082 0.013633685 0.010204767 0.014743897 0.017563567 0.027016314 0.017179664 0.030064650 0.020322479 0.019322410 0.019348338 0.013598002 0.005288610 0.027719855 0.016304029 0.023902416 0.008763095 0.020902578 0.010981986 0.014020542 0.025618311 0.018829755 0.012025554 0.011376681 0.004277019 0.012979906 0.039246868 0.041274618 0.010673461 0.018068213
0.040264226 0.020003345 0.006896739 0.031205274 0.013633685 -0.023582369 0.003166385 0.004081589 0.005356790 0.018827047 0.009256331 0.025407508 0.009470969 0.008816224 0.037817307 0.022339005 0.008833766 0.026771002 0.012693803 0.015086139 0.003831055 0.011427254 0.018756812 0.006481876 0.023813039 0.015184518 0.005593276 0.001564413 0.021123961 0.007906395 0.041059397 0.026530501 0.017097980 0.018858317
0.036867328 0.021245338 -0.000176751 0.034791090 0.010204767 0.003166385 -0.012683284 -0.002112277 0.002360586 0.019920943 0.006071482 0.024681835 0.010122810 0.005774125 0.036512017 0.020559955 0.008154185 0.024064483 0.015508249 0.007235357 0.004106591 0.008483826 0.017271360 -0.002634904 0.020671064 0.008146904 -0.002070815 0.002275344 0.018015238 0.000640450 0.046022519 0.034376722 0.019767661 0.018239949
0.039952401 0.019241577 0.003642012 0.032358449 0.014743897 0.004081589 -0.002112277 -0.002451284 0.007039883 0.016698763 0.006537071 0.025493616 0.004557838 0.005387595 0.039568167 0.026290828 0.012879822 0.021073435 0.011523358 0.011415154 0.008923499 0.010422446 0.024381191 0.001129218 0.011437208 0.007812026 -0.000517605 0.007599420 0.023223691 0.007216192 0.038518276 0.028580701 0.024610400 0.023718160
0.045599654 0.034520112 0.004678910 0.047221091 0.017563567 0.005356790 0.002360586 0.007039883 -0.001613932 0.029249953 0.010781072 0.031192357 0.017952098 0.008525725 0.045870103 0.017911382 0.008704012 0.033108328 0.019179657 0.016869811 0.009320349 -0.001075156 0.007683421 0.002306124 0.029609624 0.008455267 -0.002855751 -0.000872040 0.017629921 0.003734909 0.062755607 0.043573629 0.025282834 0.020382706
0.060167365 0.039033674 0.028772924 0.012439743 0.027016314 0.018827047 0.019920943 0.016698763 0.029249953 0.000715195 0.017676903 0.016398171 0.016239701 0.018992512 0.061875127 0.045691222 0.040317580 0.024769654 0.037591793 0.009354825 0.035184205 0.024173586 0.045042701 0.021863848 0.028199963 0.004178120 0.027716609 0.029009424 0.045990370 0.027232520 0.025129374 0.018837167 0.028177172 0.039368570
0.048166264 0.024191264 0.010918897 0.032728188 0.017179664 0.009256331 0.006071482 0.006537071 0.010781072 0.017676903 -0.002095514 0.026128747 0.009444542 0.012491946 0.047905773 0.037187163 0.016678844 0.020552963 0.015757881 0.012149018 0.013895057 0.015171632 0.030121356 0.007514669 0.021663006 0.002346923 0.006800412 0.008806017 0.030747738 0.010125410 0.047903515 0.022278456 0.020967700 0.025580036
0.074016362 0.047109082 0.037310220 0.039196141 0.030064650 0.025407508 0.024681835 0.025493616 0.031192357 0.016398171 0.026128747 0.018589586 0.032734498 0.021832503 0.077706836 0.045943644 0.047315445 0.039753780 0.047896989 0.023701180 0.039704964 0.033036772 0.045185462 0.027142089 0.038937487 0.014761299 0.030306388 0.032850869 0.047629938 0.033866074 0.063394479 0.044171859 0.039179858 0.047757093
0.048373692 0.028059669 0.014948953 0.032303881 0.020322479 0.009470969 0.010122810 0.004557838 0.017952098 0.016239701 0.009444542 0.032734498 -0.008546819 0.014445496 0.051502436 0.044640459 0.020280289 0.024302678 0.018904442 0.013873566 0.018971991 0.014583015 0.035985090 0.009199820 0.015167506 0.005080941 0.005992686 0.015636388 0.034001365 0.013871598 0.042585220 0.025387302 0.031126805 0.028791752
0.044776067 0.023293797 0.014075120 0.033300653 0.019322410 0.008816224 0.005774125 0.005387595 0.008525725 0.018992512 0.012491946 0.021832503 0.014445496 0.002306819 0.047091551 0.034325287 0.018160352 0.026103340 0.015974397 0.013217126 0.009876300 0.014999548 0.031806733 0.008947654 0.022930525 0.012514912 0.008495304 0.011235647 0.029115099 0.012629889 0.050574914 0.034634225 0.021684218 0.029761445
0.031985965 0.047161635 0.028279250 0.079469919 0.019348338 0.037817307 0.036512017 0.039568167 0.045870103 0.061875127 0.047905773 0.077706836 0.051502436 0.047091551 0.025073044 0.014305814 0.033569776 0.072993234 0.037938032 0.058306474 0.030098647 0.049145415 0.031712979 0.038833119 0.046102885 0.052144326 0.044222265 0.034991592 0.026707843 0.051230289 0.085676908 0.078372717 0.045644019 0.032588277
0.016154004 0.026785985 0.009829971 0.062394246 0.013598002 0.022339005 0.020559955 0.026290828 0.017911382 0.045691222 0.037187163 0.045943644 0.044640459 0.034325287 0.014305814 -0.025251284 0.014771208 0.064385593 0.028277792 0.025257584 0.006559948 0.027512906 -0.007888525 0.022147842 0.033679418 0.043966111 0.022036839 0.014149277 -0.000543122 0.035286937 0.070310801 0.069670871 0.020300172 0.009414478
0.031639241 0.022847697 0.002374003 0.056975957 0.005288610 0.008833766 0.008154185 0.012879822 0.008704012 0.040317580 0.016678844 0.047315445 0.020280289 0.018160352 0.033569776 0.014771208 -0.007371630 0.038856059 0.016463879 0.028176140 0.005125314 0.017975632 0.010242467 0.009112983 0.025856391 0.023333687 0.007255734 0.009699098 0.011762571 0.018654205 0.071979009 0.048812613 0.017058261 0.019353375
0.067960039 0.039018434 0.031795692 0.046303909 0.027719855 0.026771002 0.024064483 0.021073435 0.033108328 0.024769654 0.020552963 0.039753780 0.024302678 0.026103340 0.072993234 0.064385593 0.038856059 0.009200737 0.033798151 0.039064724 0.038422223 0.031826336 0.059815809 0.025743753 0.032848027 0.015326542 0.024833336 0.035499249 0.052136123 0.029872263 0.057381034 0.040586222 0.046919815 0.044871464
0.040277027 0.028731117 0.015085360 0.056138135 0.016304029 0.012693803 0.015508249 0.011523358 0.019179657 0.037591793 0.015757881 0.047896989 0.018904442 0.015974397 0.037938032 0.028277792 0.016463879 0.033798151 0.001321301 0.035259709 0.018135950 0.020881210 0.026109867 0.017305896 0.025412302 0.020876126 0.013583673 0.020948265 0.018831644 0.020853488 0.061293982 0.045111798 0.031417709 0.020036116
0.057388648 0.041217010 0.019735912 0.033587649 0.023902416 0.015086139 0.007235357 0.011415154 0.016869811 0.009354825 0.012149018 0.023701180 0.013873566 0.013217126 0.058306474 0.025257584 0.028176140 0.039064724 0.035259709 -0.001433500 0.024350088 0.016409479 0.025361173 0.014028297 0.025349449 0.006323948 0.011940697 0.015312821 0.030409582 0.017997686 0.043954358 0.041135851 0.028405121 0.035985816
0.024776913 0.023018889 0.002829031 0.051575132 0.008763095 0.003831055 0.004106591 0.008923499 0.009320349 0.035184205 0.013895057 0.039704964 0.018971991 0.009876300 0.030098647 0.006559948 0.005125314 0.038422223 0.018135950 0.024350088 -0.000929421 0.010908462 -0.000713774 0.004116249 0.027784988 0.019224908 0.002925548 0.006039228 0.000115956 0.014615241 0.052325279 0.042493999 0.010326997 0.012754976
0.047720004 0.022872785 0.011170862 0.040455855 0.020902578 0.011427254 0.008483826 0.010422446 -0.001075156 0.024173586 0.015171632 0.033036772 0.014583015 0.014999548 0.049145415 0.027512906 0.017975632 0.031826336 0.020881210 0.016409479 0.010908462 -0.020184614 0.022085937 0.001557447 0.028654046 0.010237599 0.013347670 0.012660107 0.022312950 0.018223044 0.065858260 0.033933818 0.019374620 0.023049960
0.018639952 0.034304768 0.007540823 0.058059439 0.010981986 0.018756812 0.017271360 0.024381191 0.007683421 0.045042701 0.030121356 0.045185462 0.035985090 0.031806733 0.031712979 -0.007888525 0.010242467 0.059815809 0.026109867 0.025361173 -0.000713774 0.022085937 -0.009751387 0.017082941 0.034801323 0.040211335 0.020537943 0.013439383 0.007325354 0.031020537 0.078785092 0.063580647 0.013671201 0.015389945
0.039935540 0.020247854 0.001228531 0.035141200 0.014020542 0.006481876 -0.002634904 0.001129218 0.002306124 0.021863848 0.007514669 0.027142089 0.009199820 0.008947654 0.038833119 0.022147842 0.009112983 0.025743753 0.017305896 0.014028297 0.004116249 0.001557447 0.017082941 -0.002960603 0.018979102 0.007051943 -0.004370989 0.001677954 0.017904088 0.004295871 0.047200214 0.032967448 0.016630968 0.018929811
0.052969232 0.009014857 0.019583082 0.046343636 0.025618311 0.023813039 0.020671064 0.011437208 0.029609624 0.028199963 0.021663006 0.038937487 0.015167506 0.022930525 0.046102885 0.033679418 0.025856391 0.032848027 0.025412302 0.025349449 0.027784988 0.028654046 0.034801323 0.018979102 -0.022663578 0.017622884 0.015541391 0.021613924 0.039101757 0.026669919 0.057756763 0.044867985 0.038097210 0.033867277
0.045793556 0.022131076 0.018649235 0.023928722 0.018829755 0.015184518 0.008146904 0.007812026 0.008455267 0.004178120 0.002346923 0.014761299 0.005080941 0.012514912 0.052144326 0.043966111 0.023333687 0.015326542 0.020876126 0.006323948 0.019224908 0.010237599 0.040211335 0.007051943 0.017622884 -0.002700370 0.009988052 0.016605031 0.031276062 0.010917580 0.042769499 0.023780186 0.022155268 0.029067278
0.041970786 0.025682706 0.001497519 0.044012893 0.012025554 0.005593276 -0.002070815 -0.000517605 -0.002855751 0.027716609 0.006800412 0.030306388 0.005992686 0.008495304 0.044222265 0.022036839 0.007255734 0.024833336 0.013583673 0.011940697 0.002925548 0.013347670 0.020537943 -0.004370989 0.015541391 0.009988052 -0.012485443 0.003923826 0.020200886 0.004840147 0.057926852 0.046103533 0.026687711 0.019161081
0.037139669 0.021166265 0.007028074 0.042381808 0.011376681 0.001564413 0.002275344 0.007599420 -0.000872040 0.029009424 0.008806017 0.032850869 0.015636388 0.011235647 0.034991592 0.014149277 0.009699098 0.035499249 0.020948265 0.015312821 0.006039228 0.012660107 0.013439383 0.001677954 0.021613924 0.016605031 0.003923826 -0.005452946 0.014712514 0.010601280 0.053211179 0.039875254 0.011949496 0.016530538
0.017457981 0.031266220 0.007171889 0.059669793 0.004277019 0.021123961 0.018015238 0.023223691 0.017629921 0.045990370 0.030747738 0.047629938 0.034001365 0.029115099 0.026707843 -0.000543122 0.011762571 0.052136123 0.018831644 0.030409582 0.000115956 0.022312950 0.007325354 0.017904088 0.039101757 0.031276062 0.020200886 0.014712514 -0.008550568 0.027407043 0.077062227 0.059831880 0.020457357 0.015209989
0.050788231 0.035279877 0.014430281 0.042804003 0.012979906 0.007906395 0.000640450 0.007216192 0.003734909 0.027232520 0.010125410 0.033866074 0.013871598 0.012629889 0.051230289 0.035286937 0.018654205 0.029872263 0.020853488 0.017997686 0.014615241 0.018223044 0.031020537 0.004295871 0.026669919 0.010917580 0.004840147 0.010601280 0.027407043 -0.009342633 0.068093151 0.046027366 0.028576963 0.025278460
0.087326407 0.078608483 0.049863715 0.041881494 0.039246868 0.041059397 0.046022519 0.038518276 0.062755607 0.025129374 0.047903515 0.063394479 0.042585220 0.050574914 0.085676908 0.070310801 0.071979009 0.057381034 0.061293982 0.043954358 0.052325279 0.065858260 0.078785092 0.047200214 0.057756763 0.042769499 0.057926852 0.053211179 0.077062227 0.068093151 0.015653279 0.060949948 0.073761605 0.055250574
0.069242060 0.037575468 0.040950961 0.036325879 0.041274618 0.026530501 0.034376722 0.028580701 0.043573629 0.018837167 0.022278456 0.044171859 0.025387302 0.034634225 0.078372717 0.069670871 0.048812613 0.040586222 0.045111798 0.041135851 0.042493999 0.033933818 0.063580647 0.032967448 0.044867985 0.023780186 0.046103533 0.039875254 0.059831880 0.046027366 0.060949948 0.012879081 0.042490587 0.055087782
0.040320575 0.023517877 0.018695146 0.045540936 0.010673461 0.017097980 0.019767661 0.024610400 0.025282834 0.028177172 0.020967700 0.039179858 0.031126805 0.021684218 0.045644019 0.020300172 0.017058261 0.046919815 0.031417709 0.028405121 0.010326997 0.019374620 0.013671201 0.016630968 0.038097210 0.022155268 0.026687711 0.011949496 0.020457357 0.028576963 0.073761605 0.042490587 -0.035217460 0.022356205
0.025059186 0.029185295 0.011172622 0.054311566 0.018068213 0.018858317 0.018239949 0.023718160 0.020382706 0.039368570 0.025580036 0.047757093 0.028791752 0.029761445 0.032588277 0.009414478 0.019353375 0.044871464 0.020036116 0.035985816 0.012754976 0.023049960 0.015389945 0.018929811 0.033867277 0.029067278 0.019161081 0.016530538 0.015209989 0.025278460 0.055250574 0.055087782 0.022356205 0.007732725
