0.000000000 0.277533054 0.175879404 0.327868849 0.103825137 0.226415098 0.240740746 0.188118815 0.145833328 0.286956519 0.264573991 0.308016866 0.277533054 0.188118815 0.219047621 0.171717167 0.192118227 0.296137333 0.150259063 0.286956519 0.203883499 0.207729474 0.122994654 0.244239628 0.203883499 0.277533054 0.192118227 0.215311006 0.103825137 0.271111101 0.371647507 0.277533054 0.299145311 0.132275134
0.277533054 0.000000000 0.106870227 0.055374593 0.178861782 0.054545455 0.039426524 0.094339624 0.137254909 0.010238908 0.013986014 0.033333335 0.000000000 0.094339624 0.062271062 0.111111112 0.090225562 0.020270269 0.132812500 0.010238908 0.078066915 0.074074075 0.159999996 0.035714287 0.078066915 0.000000000 0.090225562 0.066176474 0.178861782 0.006944444 0.104938269 0.000000000 0.023569023 0.150793657
0.175879404 0.106870227 0.000000000 0.161290318 0.073394492 0.052631579 0.067729086 0.012658228 0.030837005 0.116981134 0.093023255 0.139705881 0.106870227 0.012658228 0.044897959 0.004291845 0.016806724 0.126865670 0.026315790 0.116981134 0.029045643 0.033057850 0.054054055 0.071428575 0.029045643 0.106870227 0.016806724 0.040983606 0.073394492 0.100000001 0.209459454 0.106870227 0.130111530 0.044642858
0.327868849 0.055374593 0.161290318 0.000000000 0.231939167 0.109589040 0.094594598 0.148936167 0.191176474 0.045161292 0.069306932 0.022082020 0.055374593 0.148936167 0.117241383 0.165467620 0.144876331 0.035143770 0.186813191 0.045161292 0.132867128 0.128919855 0.213483140 0.090909094 0.132867128 0.055374593 0.144876331 0.121107265 0.231939167 0.062295083 0.049853373 0.055374593 0.031847134 0.204460964
0.103825137 0.178861782 0.073394492 0.231939167 0.000000000 0.125541121 0.140425533 0.085972853 0.042654030 0.188755020 0.165289253 0.210937500 0.178861782 0.085972853 0.117903933 0.069124423 0.090090089 0.198412701 0.047169812 0.188755020 0.102222219 0.106194690 0.019417476 0.144067794 0.102222219 0.178861782 0.090090089 0.114035085 0.000000000 0.172131151 0.278571427 0.178861782 0.201581031 0.028846154
0.226415098 0.054545455 0.052631579 0.109589040 0.125541121 0.000000000 0.015151516 0.039999999 0.083333336 0.064748198 0.040590405 0.087719299 0.054545455 0.039999999 0.007751938 0.056910571 0.035856575 0.074733093 0.078838177 0.064748198 0.023622047 0.019607844 0.106382981 0.018867925 0.023622047 0.054545455 0.035856575 0.011673152 0.125541121 0.047619049 0.158576056 0.054545455 0.078014188 0.097046413
0.240740746 0.039426524 0.067729086 0.094594598 0.140425533 0.015151516 0.000000000 0.055118110 0.098360658 0.049645390 0.025454545 0.072664358 0.039426524 0.055118110 0.022900764 0.071999997 0.050980393 0.059649121 0.093877554 0.049645390 0.038759690 0.034749035 0.121338911 0.003717472 0.038759690 0.039426524 0.050980393 0.026819924 0.140425533 0.032490976 0.143769965 0.039426524 0.062937066 0.112033196
0.188118815 0.094339624 0.012658228 0.148936167 0.085972853 0.039999999 0.055118110 0.000000000 0.043478262 0.104477614 0.080459774 0.127272725 0.094339624 0.000000000 0.032258064 0.016949153 0.004149378 0.114391141 0.038961038 0.104477614 0.016393442 0.020408163 0.066666670 0.058823530 0.016393442 0.094339624 0.004149378 0.028340081 0.085972853 0.087452471 0.197324410 0.094339624 0.117647059 0.057268724
0.145833328 0.137254909 0.030837005 0.191176474 0.042654030 0.083333336 0.098360658 0.043478262 0.000000000 0.147286817 0.123505980 0.169811323 0.137254909 0.043478262 0.075630255 0.026548672 0.047619049 0.157088116 0.004524887 0.147286817 0.059829060 0.063829787 0.023255814 0.102040820 0.059829060 0.137254909 0.047619049 0.071729958 0.042654030 0.130434781 0.238754332 0.137254909 0.160305336 0.013824885
0.286956519 0.010238908 0.116981134 0.045161292 0.188755020 0.064748198 0.049645390 0.104477614 0.147286817 0.000000000 0.024221454 0.023102310 0.010238908 0.104477614 0.072463766 0.121212125 0.100371748 0.010033445 0.142857149 0.000000000 0.088235296 0.084249087 0.169960469 0.045936394 0.088235296 0.010238908 0.100371748 0.076363638 0.188755020 0.017182130 0.094801225 0.010238908 0.013333334 0.160784319
0.264573991 0.013986014 0.093023255 0.069306932 0.165289253 0.040590405 0.025454545 0.080459774 0.123505980 0.024221454 0.000000000 0.047297299 0.013986014 0.080459774 0.048327137 0.097276263 0.076335877 0.034246575 0.119047619 0.024221454 0.064150944 0.060150377 0.146341458 0.021739131 0.064150944 0.013986014 0.076335877 0.052238807 0.165289253 0.007042253 0.118749999 0.013986014 0.037542664 0.137096778
0.308016866 0.033333335 0.139705881 0.022082020 0.210937500 0.087719299 0.072664358 0.127272725 0.169811323 0.023102310 0.047297299 0.000000000 0.033333335 0.127272725 0.095406361 0.143911436 0.123188406 0.013071896 0.165413529 0.023102310 0.111111112 0.107142858 0.192307696 0.068965517 0.111111112 0.033333335 0.123188406 0.099290781 0.210937500 0.040268455 0.071856290 0.033333335 0.009771987 0.183206111
0.277533054 0.000000000 0.106870227 0.055374593 0.178861782 0.054545455 0.039426524 0.094339624 0.137254909 0.010238908 0.013986014 0.033333335 0.000000000 0.094339624 0.062271062 0.111111112 0.090225562 0.020270269 0.132812500 0.010238908 0.078066915 0.074074075 0.159999996 0.035714287 0.078066915 0.000000000 0.090225562 0.066176474 0.178861782 0.006944444 0.104938269 0.000000000 0.023569023 0.150793657
0.188118815 0.094339624 0.012658228 0.148936167 0.085972853 0.039999999 0.055118110 0.000000000 0.043478262 0.104477614 0.080459774 0.127272725 0.094339624 0.000000000 0.032258064 0.016949153 0.004149378 0.114391141 0.038961038 0.104477614 0.016393442 0.020408163 0.066666670 0.058823530 0.016393442 0.094339624 0.004149378 0.028340081 0.085972853 0.087452471 0.197324410 0.094339624 0.117647059 0.057268724
0.219047621 0.062271062 0.044897959 0.117241383 0.117903933 0.007751938 0.022900764 0.032258064 0.075630255 0.072463766 0.048327137 0.095406361 0.062271062 0.032258064 0.000000000 0.049180329 0.028112451 0.082437277 0.071129709 0.072463766 0.015873017 0.011857707 0.098712444 0.026615970 0.015873017 0.062271062 0.028112451 0.003921569 0.117903933 0.055350553 0.166123778 0.062271062 0.085714288 0.089361705
0.171717167 0.111111112 0.004291845 0.165467620 0.069124423 0.056910571 0.071999997 0.016949153 0.026548672 0.121212125 0.097276263 0.143911436 0.111111112 0.016949153 0.049180329 0.000000000 0.021097047 0.131086141 0.022026431 0.121212125 0.033333335 0.037344400 0.049773756 0.075697213 0.033333335 0.111111112 0.021097047 0.045267489 0.069124423 0.104247101 0.213559315 0.111111112 0.134328365 0.040358745
0.192118227 0.090225562 0.016806724 0.144876331 0.090090089 0.035856575 0.050980393 0.004149378 0.047619049 0.100371748 0.076335877 0.123188406 0.090225562 0.004149378 0.028112451 0.021097047 0.000000000 0.110294119 0.043103449 0.100371748 0.012244898 0.016260162 0.070796460 0.054687500 0.012244898 0.090225562 0.000000000 0.024193548 0.090090089 0.083333336 0.193333328 0.090225562 0.113553114 0.061403509
0.296137333 0.020270269 0.126865670 0.035143770 0.198412701 0.074733093 0.059649121 0.114391141 0.157088116 0.010033445 0.034246575 0.013071896 0.020270269 0.114391141 0.082437277 0.131086141 0.110294119 0.000000000 0.152671754 0.010033445 0.098181821 0.094202898 0.179687500 0.055944055 0.098181821 0.020270269 0.110294119 0.086330935 0.198412701 0.027210884 0.084848486 0.020270269 0.003300330 0.170542642
0.150259063 0.132812500 0.026315790 0.186813191 0.047169812 0.078838177 0.093877554 0.038961038 0.004524887 0.142857149 0.119047619 0.165413529 0.132812500 0.038961038 0.071129709 0.022026431 0.043103449 0.152671754 0.000000000 0.142857149 0.055319149 0.059322033 0.027777778 0.097560972 0.055319149 0.132812500 0.043103449 0.067226894 0.047169812 0.125984251 0.234482765 0.132812500 0.155893534 0.018348623
0.286956519 0.010238908 0.116981134 0.045161292 0.188755020 0.064748198 0.049645390 0.104477614 0.147286817 0.000000000 0.024221454 0.023102310 0.010238908 0.104477614 0.072463766 0.121212125 0.100371748 0.010033445 0.142857149 0.000000000 0.088235296 0.084249087 0.169960469 0.045936394 0.088235296 0.010238908 0.100371748 0.076363638 0.188755020 0.017182130 0.094801225 0.010238908 0.013333334 0.160784319
0.203883499 0.078066915 0.029045643 0.132867128 0.102222219 0.023622047 0.038759690 0.016393442 0.059829060 0.088235296 0.064150944 0.111111112 0.078066915 0.016393442 0.015873017 0.033333335 0.012244898 0.098181821 0.055319149 0.088235296 0.000000000 0.004016064 0.082969435 0.042471044 0.000000000 0.078066915 0.012244898 0.011952192 0.102222219 0.071161047 0.181518152 0.078066915 0.101449274 0.073593073
0.207729474 0.074074075 0.033057850 0.128919855 0.106194690 0.019607844 0.034749035 0.020408163 0.063829787 0.084249087 0.060150377 0.107142858 0.074074075 0.020408163 0.011857707 0.037344400 0.016260162 0.094202898 0.059322033 0.084249087 0.004016064 0.000000000 0.086956523 0.038461540 0.004016064 0.074074075 0.016260162 0.007936508 0.106194690 0.067164183 0.177631572 0.074074075 0.097472921 0.077586204
0.122994654 0.159999996 0.054054055 0.213483140 0.019417476 0.106382981 0.121338911 0.066666670 0.023255814 0.169960469 0.146341458 0.192307696 0.159999996 0.066666670 0.098712444 0.049773756 0.070796460 0.179687500 0.027777778 0.169960469 0.082969435 0.086956523 0.000000000 0.125000000 0.082969435 0.159999996 0.070796460 0.094827585 0.019417476 0.153225809 0.260563374 0.159999996 0.182879373 0.009433962
0.244239628 0.035714287 0.071428575 0.090909094 0.144067794 0.018867925 0.003717472 0.058823530 0.102040820 0.045936394 0.021739131 0.068965517 0.035714287 0.058823530 0.026615970 0.075697213 0.054687500 0.055944055 0.097560972 0.045936394 0.042471044 0.038461540 0.125000000 0.000000000 0.042471044 0.035714287 0.054687500 0.030534351 0.144067794 0.028776979 0.140127391 0.035714287 0.059233449 0.115702480
0.203883499 0.078066915 0.029045643 0.132867128 0.102222219 0.023622047 0.038759690 0.016393442 0.059829060 0.088235296 0.064150944 0.111111112 0.078066915 0.016393442 0.015873017 0.033333335 0.012244898 0.098181821 0.055319149 0.088235296 0.000000000 0.004016064 0.082969435 0.042471044 0.000000000 0.078066915 0.012244898 0.011952192 0.102222219 0.071161047 0.181518152 0.078066915 0.101449274 0.073593073
0.277533054 0.000000000 0.106870227 0.055374593 0.178861782 0.054545455 0.039426524 0.094339624 0.137254909 0.010238908 0.013986014 0.033333335 0.000000000 0.094339624 0.062271062 0.111111112 0.090225562 0.020270269 0.132812500 0.010238908 0.078066915 0.074074075 0.159999996 0.035714287 0.078066915 0.000000000 0.090225562 0.066176474 0.178861782 0.006944444 0.104938269 0.000000000 0.023569023 0.150793657
0.192118227 0.090225562 0.016806724 0.144876331 0.090090089 0.035856575 0.050980393 0.004149378 0.047619049 0.100371748 0.076335877 0.123188406 0.090225562 0.004149378 0.028112451 0.021097047 0.000000000 0.110294119 0.043103449 0.100371748 0.012244898 0.016260162 0.070796460 0.054687500 0.012244898 0.090225562 0.000000000 0.024193548 0.090090089 0.083333336 0.193333328 0.090225562 0.113553114 0.061403509
0.215311006 0.066176474 0.040983606 0.121107265 0.114035085 0.011673152 0.026819924 0.028340081 0.071729958 0.076363638 0.052238807 0.099290781 0.066176474 0.028340081 0.003921569 0.045267489 0.024193548 0.086330935 0.067226894 0.076363638 0.011952192 0.007936508 0.094827585 0.030534351 0.011952192 0.066176474 0.024193548 0.000000000 0.114035085 0.059259258 0.169934645 0.066176474 0.089605734 0.085470088
0.103825137 0.178861782 0.073394492 0.231939167 0.000000000 0.125541121 0.140425533 0.085972853 0.042654030 0.188755020 0.165289253 0.210937500 0.178861782 0.085972853 0.117903933 0.069124423 0.090090089 0.198412701 0.047169812 0.188755020 0.102222219 0.106194690 0.019417476 0.144067794 0.102222219 0.178861782 0.090090089 0.114035085 0.000000000 0.172131151 0.278571427 0.178861782 0.201581031 0.028846154
0.271111101 0.006944444 0.100000001 0.062295083 0.172131151 0.047619049 0.032490976 0.087452471 0.130434781 0.017182130 0.007042253 0.040268455 0.006944444 0.087452471 0.055350553 0.104247101 0.083333336 0.027210884 0.125984251 0.017182130 0.071161047 0.067164183 0.153225809 0.028776979 0.071161047 0.006944444 0.083333336 0.059259258 0.172131151 0.000000000 0.111801244 0.006944444 0.030508475 0.143999994
0.371647507 0.104938269 0.209459454 0.049853373 0.278571427 0.158576056 0.143769965 0.197324410 0.238754332 0.094801225 0.118749999 0.071856290 0.104938269 0.197324410 0.166123778 0.213559315 0.193333328 0.084848486 0.234482765 0.094801225 0.181518152 0.177631572 0.260563374 0.140127391 0.181518152 0.104938269 0.193333328 0.169934645 0.278571427 0.111801244 0.000000000 0.104938269 0.081570998 0.251748264
0.277533054 0.000000000 0.106870227 0.055374593 0.178861782 0.054545455 0.039426524 0.094339624 0.137254909 0.010238908 0.013986014 0.033333335 0.000000000 0.094339624 0.062271062 0.111111112 0.090225562 0.020270269 0.132812500 0.010238908 0.078066915 0.074074075 0.159999996 0.035714287 0.078066915 0.000000000 0.090225562 0.066176474 0.178861782 0.006944444 0.104938269 0.000000000 0.023569023 0.150793657
0.299145311 0.023569023 0.130111530 0.031847134 0.201581031 0.078014188 0.062937066 0.117647059 0.160305336 0.013333334 0.037542664 0.009771987 0.023569023 0.117647059 0.085714288 0.134328365 0.113553114 0.003300330 0.155893534 0.013333334 0.101449274 0.097472921 0.182879373 0.059233449 0.101449274 0.023569023 0.113553114 0.089605734 0.201581031 0.030508475 0.081570998 0.023569023 0.000000000 0.173745170
0.132275134 0.150793657 0.044642858 0.204460964 0.028846154 0.097046413 0.112033196 0.057268724 0.013824885 0.160784319 0.137096778 0.183206111 0.150793657 0.057268724 0.089361705 0.040358745 0.061403509 0.170542642 0.018348623 0.160784319 0.073593073 0.077586204 0.009433962 0.115702480 0.073593073 0.150793657 0.061403509 0.085470088 0.028846154 0.143999994 0.251748264 0.150793657 0.173745170 0.000000000
