0.000000000 0.229508191 0.117370889 0.193133041 0.045685280 0.109004736 0.113207549 0.125581399 0.133640558 0.182608694 0.100478470 0.193133041 0.156950668 0.137614682 0.016216217 0.082926832 0.055276383 0.156950668 0.113207549 0.137614682 0.082926832 0.186147183 0.035897437 0.153153151 0.149321273 0.168141589 0.133640558 0.109004736 0.015706806 0.125581399 0.235772356 0.164444447 0.064676620 0.117370889
0.229508191 0.000000000 0.115241639 0.038062282 0.185770750 0.123595506 0.119402982 0.107011072 0.098901100 0.048951048 0.132075474 0.038062282 0.075268820 0.094890513 0.244813278 0.149425283 0.176470593 0.075268820 0.119402982 0.094890513 0.149425283 0.045296166 0.195219129 0.079136692 0.083032489 0.063829787 0.098901100 0.123595506 0.214574903 0.107011072 0.006622517 0.067615658 0.167315170 0.115241639
0.117370889 0.115241639 0.000000000 0.077519380 0.072072074 0.008474576 0.004219409 0.008333334 0.016528925 0.066666670 0.017094018 0.077519380 0.040322579 0.020576132 0.133333340 0.034782607 0.062500000 0.040322579 0.004219409 0.020576132 0.034782607 0.070312500 0.081818178 0.036437247 0.032520324 0.051792830 0.016528925 0.008474576 0.101851851 0.008333334 0.121771216 0.048000000 0.053097345 0.000000000
0.193133041 0.038062282 0.077519380 0.000000000 0.148760334 0.085937500 0.081712060 0.069230773 0.061068702 0.010909091 0.094488189 0.000000000 0.037313432 0.057034221 0.208695650 0.112000003 0.139344260 0.037313432 0.081712060 0.057034221 0.112000003 0.007246377 0.158333331 0.041198503 0.045112781 0.025830258 0.061068702 0.085937500 0.177966103 0.069230773 0.044673540 0.029629629 0.130081296 0.077519380
0.045685280 0.185770750 0.072072074 0.148760334 0.000000000 0.063636363 0.067873307 0.080357142 0.088495575 0.138075307 0.055045873 0.148760334 0.112068966 0.092511013 0.061855670 0.037383176 0.009615385 0.112068966 0.067873307 0.092511013 0.037383176 0.141666666 0.009803922 0.108225107 0.104347825 0.123404257 0.088495575 0.063636363 0.029999999 0.080357142 0.192156866 0.119658120 0.019047620 0.072072074
0.109004736 0.123595506 0.008474576 0.085937500 0.063636363 0.000000000 0.004255319 0.016806724 0.025000000 0.075098813 0.008620690 0.085937500 0.048780486 0.029045643 0.125000000 0.026315790 0.054054055 0.048780486 0.004255319 0.029045643 0.026315790 0.078740157 0.073394492 0.044897959 0.040983606 0.060240965 0.025000000 0.000000000 0.093457945 0.016806724 0.130111530 0.056451611 0.044642858 0.008474576
0.113207549 0.119402982 0.004219409 0.081712060 0.067873307 0.004255319 0.000000000 0.012552301 0.020746889 0.070866145 0.012875536 0.081712060 0.044534411 0.024793388 0.129186600 0.030567685 0.058295965 0.044534411 0.000000000 0.024793388 0.030567685 0.074509807 0.077625573 0.040650405 0.036734693 0.056000002 0.020746889 0.004255319 0.097674422 0.012552301 0.125925928 0.052208837 0.048888888 0.004219409
0.125581399 0.107011072 0.008333334 0.069230773 0.080357142 0.016806724 0.012552301 0.000000000 0.008196721 0.058365759 0.025423728 0.069230773 0.032000002 0.012244898 0.141509429 0.043103449 0.070796460 0.032000002 0.012552301 0.012244898 0.043103449 0.062015504 0.090090089 0.028112451 0.024193548 0.043478262 0.008196721 0.016806724 0.110091746 0.000000000 0.113553114 0.039682541 0.061403509 0.008333334
0.133640558 0.098901100 0.016528925 0.061068702 0.088495575 0.025000000 0.020746889 0.008196721 0.000000000 0.050193049 0.033613447 0.061068702 0.023809524 0.004048583 0.149532706 0.051282052 0.078947365 0.023809524 0.020746889 0.004048583 0.051282052 0.053846154 0.098214284 0.019920319 0.016000001 0.035294119 0.000000000 0.025000000 0.118181817 0.008196721 0.105454542 0.031496063 0.069565214 0.016528925
0.182608694 0.048951048 0.066666670 0.010909091 0.138075307 0.075098813 0.070866145 0.058365759 0.050193049 0.000000000 0.083665341 0.010909091 0.026415095 0.046153847 0.198237881 0.101214573 0.128630713 0.026415095 0.070866145 0.046153847 0.101214573 0.003663004 0.147679329 0.030303031 0.034220532 0.014925373 0.050193049 0.075098813 0.167381972 0.058365759 0.055555556 0.018726591 0.119341567 0.066666670
0.100478470 0.132075474 0.017094018 0.094488189 0.055045873 0.008620690 0.012875536 0.025423728 0.033613447 0.083665341 0.000000000 0.094488189 0.057377048 0.037656903 0.116504855 0.017699115 0.045454547 0.057377048 0.012875536 0.037656903 0.017699115 0.087301590 0.064814813 0.053497944 0.049586777 0.068825908 0.033613447 0.008620690 0.084905662 0.025423728 0.138576776 0.065040648 0.036036037 0.017094018
0.193133041 0.038062282 0.077519380 0.000000000 0.148760334 0.085937500 0.081712060 0.069230773 0.061068702 0.010909091 0.094488189 0.000000000 0.037313432 0.057034221 0.208695650 0.112000003 0.139344260 0.037313432 0.081712060 0.057034221 0.112000003 0.007246377 0.158333331 0.041198503 0.045112781 0.025830258 0.061068702 0.085937500 0.177966103 0.069230773 0.044673540 0.029629629 0.130081296 0.077519380
0.156950668 0.075268820 0.040322579 0.037313432 0.112068966 0.048780486 0.044534411 0.032000002 0.023809524 0.026415095 0.057377048 0.037313432 0.000000000 0.019762846 0.172727272 0.075000003 0.102564104 0.000000000 0.044534411 0.019762846 0.075000003 0.030075189 0.121739127 0.003891051 0.007812500 0.011494253 0.023809524 0.048780486 0.141592920 0.032000002 0.081850536 0.007692308 0.093220338 0.040322579
0.137614682 0.094890513 0.020576132 0.057034221 0.092511013 0.029045643 0.024793388 0.012244898 0.004048583 0.046153847 0.037656903 0.057034221 0.019762846 0.000000000 0.153488368 0.055319149 0.082969435 0.019762846 0.024793388 0.000000000 0.055319149 0.049808428 0.102222219 0.015873017 0.011952192 0.031250000 0.004048583 0.029045643 0.122171946 0.012244898 0.101449274 0.027450981 0.073593073 0.020576132
0.016216217 0.244813278 0.133333340 0.208695650 0.061855670 0.125000000 0.129186600 0.141509429 0.149532706 0.198237881 0.116504855 0.208695650 0.172727272 0.153488368 0.000000000 0.099009901 0.071428575 0.172727272 0.129186600 0.153488368 0.099009901 0.201754391 0.052083332 0.168949768 0.165137619 0.183856502 0.149532706 0.125000000 0.031914894 0.141509429 0.251028806 0.180180177 0.080808081 0.133333340
0.082926832 0.149425283 0.034782607 0.112000003 0.037383176 0.026315790 0.030567685 0.043103449 0.051282052 0.101214573 0.017699115 0.112000003 0.075000003 0.055319149 0.099009901 0.000000000 0.027777778 0.075000003 0.030567685 0.055319149 0.000000000 0.104838707 0.047169812 0.071129709 0.067226894 0.086419754 0.051282052 0.026315790 0.067307696 0.043103449 0.155893534 0.082644626 0.018348623 0.034782607
0.055276383 0.176470593 0.062500000 0.139344260 0.009615385 0.054054055 0.058295965 0.070796460 0.078947365 0.128630713 0.045454547 0.139344260 0.102564104 0.082969435 0.071428575 0.027777778 0.000000000 0.102564104 0.058295965 0.082969435 0.027777778 0.132231399 0.019417476 0.098712444 0.094827585 0.113924049 0.078947365 0.054054055 0.039603960 0.070796460 0.182879373 0.110169493 0.009433962 0.062500000
0.156950668 0.075268820 0.040322579 0.037313432 0.112068966 0.048780486 0.044534411 0.032000002 0.023809524 0.026415095 0.057377048 0.037313432 0.000000000 0.019762846 0.172727272 0.075000003 0.102564104 0.000000000 0.044534411 0.019762846 0.075000003 0.030075189 0.121739127 0.003891051 0.007812500 0.011494253 0.023809524 0.048780486 0.141592920 0.032000002 0.081850536 0.007692308 0.093220338 0.040322579
0.113207549 0.119402982 0.004219409 0.081712060 0.067873307 0.004255319 0.000000000 0.012552301 0.020746889 0.070866145 0.012875536 0.081712060 0.044534411 0.024793388 0.129186600 0.030567685 0.058295965 0.044534411 0.000000000 0.024793388 0.030567685 0.074509807 0.077625573 0.040650405 0.036734693 0.056000002 0.020746889 0.004255319 0.097674422 0.012552301 0.125925928 0.052208837 0.048888888 0.004219409
0.137614682 0.094890513 0.020576132 0.057034221 0.092511013 0.029045643 0.024793388 0.012244898 0.004048583 0.046153847 0.037656903 0.057034221 0.019762846 0.000000000 0.153488368 0.055319149 0.082969435 0.019762846 0.024793388 0.000000000 0.055319149 0.049808428 0.102222219 0.015873017 0.011952192 0.031250000 0.004048583 0.029045643 0.122171946 0.012244898 0.101449274 0.027450981 0.073593073 0.020576132
0.082926832 0.149425283 0.034782607 0.112000003 0.037383176 0.026315790 0.030567685 0.043103449 0.051282052 0.101214573 0.017699115 0.112000003 0.075000003 0.055319149 0.099009901 0.000000000 0.027777778 0.075000003 0.030567685 0.055319149 0.000000000 0.104838707 0.047169812 0.071129709 0.067226894 0.086419754 0.051282052 0.026315790 0.067307696 0.043103449 0.155893534 0.082644626 0.018348623 0.034782607
0.186147183 0.045296166 0.070312500 0.007246377 0.141666666 0.078740157 0.074509807 0.062015504 0.053846154 0.003663004 0.087301590 0.007246377 0.030075189 0.049808428 0.201754391 0.104838707 0.132231399 0.030075189 0.074509807 0.049808428 0.104838707 0.000000000 0.151260510 0.033962265 0.037878789 0.018587360 0.053846154 0.078740157 0.170940176 0.062015504 0.051903114 0.022388060 0.122950822 0.070312500
0.035897437 0.195219129 0.081818178 0.158333331 0.009803922 0.073394492 0.077625573 0.090090089 0.098214284 0.147679329 0.064814813 0.158333331 0.121739127 0.102222219 0.052083332 0.047169812 0.019417476 0.121739127 0.077625573 0.102222219 0.047169812 0.151260510 0.000000000 0.117903933 0.114035085 0.133047208 0.098214284 0.073394492 0.020202020 0.090090089 0.201581031 0.129310340 0.028846154 0.081818178
0.153153151 0.079136692 0.036437247 0.041198503 0.108225107 0.044897959 0.040650405 0.028112451 0.019920319 0.030303031 0.053497944 0.041198503 0.003891051 0.015873017 0.168949768 0.071129709 0.098712444 0.003891051 0.040650405 0.015873017 0.071129709 0.033962265 0.117903933 0.000000000 0.003921569 0.015384615 0.019920319 0.044897959 0.137777776 0.028112451 0.085714288 0.011583012 0.089361705 0.036437247
0.149321273 0.083032489 0.032520324 0.045112781 0.104347825 0.040983606 0.036734693 0.024193548 0.016000001 0.034220532 0.049586777 0.045112781 0.007812500 0.011952192 0.165137619 0.067226894 0.094827585 0.007812500 0.036734693 0.011952192 0.067226894 0.037878789 0.114035085 0.003921569 0.000000000 0.019305019 0.016000001 0.040983606 0.133928567 0.024193548 0.089605734 0.015503876 0.085470088 0.032520324
0.168141589 0.063829787 0.051792830 0.025830258 0.123404257 0.060240965 0.056000002 0.043478262 0.035294119 0.014925373 0.068825908 0.025830258 0.011494253 0.031250000 0.183856502 0.086419754 0.113924049 0.011494253 0.056000002 0.031250000 0.086419754 0.018587360 0.133047208 0.015384615 0.019305019 0.000000000 0.035294119 0.060240965 0.152838424 0.043478262 0.070422538 0.003802281 0.104602508 0.051792830
0.133640558 0.098901100 0.016528925 0.061068702 0.088495575 0.025000000 0.020746889 0.008196721 0.000000000 0.050193049 0.033613447 0.061068702 0.023809524 0.004048583 0.149532706 0.051282052 0.078947365 0.023809524 0.020746889 0.004048583 0.051282052 0.053846154 0.098214284 0.019920319 0.016000001 0.035294119 0.000000000 0.025000000 0.118181817 0.008196721 0.105454542 0.031496063 0.069565214 0.016528925
0.109004736 0.123595506 0.008474576 0.085937500 0.063636363 0.000000000 0.004255319 0.016806724 0.025000000 0.075098813 0.008620690 0.085937500 0.048780486 0.029045643 0.125000000 0.026315790 0.054054055 0.048780486 0.004255319 0.029045643 0.026315790 0.078740157 0.073394492 0.044897959 0.040983606 0.060240965 0.025000000 0.000000000 0.093457945 0.016806724 0.130111530 0.056451611 0.044642858 0.008474576
0.015706806 0.214574903 0.101851851 0.177966103 0.029999999 0.093457945 0.097674422 0.110091746 0.118181817 0.167381972 0.084905662 0.177966103 0.141592920 0.122171946 0.031914894 0.067307696 0.039603960 0.141592920 0.097674422 0.122171946 0.067307696 0.170940176 0.020202020 0.137777776 0.133928567 0.152838424 0.118181817 0.093457945 0.000000000 0.110091746 0.220883533 0.149122804 0.049019609 0.101851851
0.125581399 0.107011072 0.008333334 0.069230773 0.080357142 0.016806724 0.012552301 0.000000000 0.008196721 0.058365759 0.025423728 0.069230773 0.032000002 0.012244898 0.141509429 0.043103449 0.070796460 0.032000002 0.012552301 0.012244898 0.043103449 0.062015504 0.090090089 0.028112451 0.024193548 0.043478262 0.008196721 0.016806724 0.110091746 0.000000000 0.113553114 0.039682541 0.061403509 0.008333334
0.235772356 0.006622517 0.121771216 0.044673540 0.192156866 0.130111530 0.125925928 0.113553114 0.105454542 0.055555556 0.138576776 0.044673540 0.081850536 0.101449274 0.251028806 0.155893534 0.182879373 0.081850536 0.125925928 0.101449274 0.155893534 0.051903114 0.201581031 0.085714288 0.089605734 0.070422538 0.105454542 0.130111530 0.220883533 0.113553114 0.000000000 0.074204944 0.173745170 0.121771216
0.164444447 0.067615658 0.048000000 0.029629629 0.119658120 0.056451611 0.052208837 0.039682541 0.031496063 0.018726591 0.065040648 0.029629629 0.007692308 0.027450981 0.180180177 0.082644626 0.110169493 0.007692308 0.052208837 0.027450981 0.082644626 0.022388060 0.129310340 0.011583012 0.015503876 0.003802281 0.031496063 0.056451611 0.149122804 0.039682541 0.074204944 0.000000000 0.100840338 0.048000000
0.064676620 0.167315170 0.053097345 0.130081296 0.019047620 0.044642858 0.048888888 0.061403509 0.069565214 0.119341567 0.036036037 0.130081296 0.093220338 0.073593073 0.080808081 0.018348623 0.009433962 0.093220338 0.048888888 0.073593073 0.018348623 0.122950822 0.028846154 0.089361705 0.085470088 0.104602508 0.069565214 0.044642858 0.049019609 0.061403509 0.173745170 0.100840338 0.000000000 0.053097345
0.117370889 0.115241639 0.000000000 0.077519380 0.072072074 0.008474576 0.004219409 0.008333334 0.016528925 0.066666670 0.017094018 0.077519380 0.040322579 0.020576132 0.133333340 0.034782607 0.062500000 0.040322579 0.004219409 0.020576132 0.034782607 0.070312500 0.081818178 0.036437247 0.032520324 0.051792830 0.016528925 0.008474576 0.101851851 0.008333334 0.121771216 0.048000000 0.053097345 0.000000000
