0.013995960 0.049059846 0.019146811 0.079044029 0.011617520 0.038379978 0.032627057 0.039936941 0.038971841 0.062780797 0.044928651 0.078479350 0.048587311 0.040048689 0.028573981 0.021976337 0.024661694 0.055452906 0.033222418 0.065868467 0.027449414 0.043684848 0.023310734 0.035240687 0.046466589 0.048622165 0.037760060 0.035671137 0.015307304 0.043897144 0.083472952 0.065216616 0.042966459 0.026243551
0.049059846 -0.054392863 0.014517902 0.055265106 0.017026290 0.020624753 0.019621698 0.019587884 0.030511571 0.037038319 0.022102769 0.045829289 0.024672553 0.020438572 0.043323539 0.030844834 0.018537717 0.029203167 0.021999292 0.041071106 0.020189602 0.018396445 0.039325524 0.018513488 0.004028573 0.023441795 0.023058267 0.018006284 0.027194994 0.030783854 0.077307016 0.035467394 0.024267729 0.029342685
0.019146811 0.014517902 -0.001368525 0.046702962 0.005477278 0.008339554 -0.000368077 0.003477694 0.004309894 0.030498613 0.010413804 0.041767895 0.014043663 0.012799593 0.028093139 0.015668115 -0.003194928 0.025262518 0.009294494 0.022325158 0.003156575 0.008715613 0.014089660 0.001021829 0.018069943 0.022642072 0.000924617 0.006626748 0.008915262 0.010133397 0.050926439 0.043232251 0.023592254 0.011842990
0.079044029 0.055265106 0.046702962 0.021324996 0.039578691 0.037272763 0.037294928 0.037118506 0.048060983 0.013206227 0.036488142 0.038590916 0.033136133 0.026866306 0.078735076 0.073750272 0.058258880 0.036879100 0.051944830 0.041861344 0.054190457 0.041571539 0.063649811 0.037880138 0.040599763 0.026318751 0.045469902 0.043780491 0.067563191 0.044360928 0.045820009 0.033019155 0.053070050 0.058813617
0.011617520 0.017026290 0.005477278 0.039578691 -0.018814774 0.015302455 0.010434987 0.014199292 0.018057078 0.028158721 0.016761323 0.035401970 0.019270770 0.016244838 0.016874623 0.019068513 -0.002400971 0.018868385 0.010301055 0.025600890 0.011766393 0.016970545 0.016286993 0.014265018 0.025100715 0.022829549 0.011712906 0.009523930 0.002947598 0.006286115 0.040981732 0.043805376 0.016415078 0.017412027
0.038379978 0.020624753 0.008339554 0.037272763 0.015302455 -0.019075967 0.004754152 0.005613524 0.008048376 0.023106471 0.010110760 0.034672480 0.009012100 0.010393959 0.039768361 0.033702493 0.008536115 0.022531034 0.009227805 0.020068847 0.007090222 0.011215393 0.028729826 0.008084965 0.021666624 0.021536151 0.006449040 0.004746324 0.021076191 0.005575820 0.047612689 0.034209471 0.026063930 0.021265658
0.032627057 0.019621698 -0.000368077 0.037294928 0.010434987 0.004754152 -0.016615711 -0.003557082 0.001610320 0.021764528 -0.000205592 0.029787542 0.005511901 0.005587119 0.036159649 0.029148078 0.004657760 0.017418157 0.009370110 0.008200393 0.004277405 0.006394396 0.024492860 -0.004735197 0.018998699 0.012774369 -0.005412844 0.002682784 0.016278371 -0.005328372 0.046950571 0.038104810 0.025454547 0.017314576
0.039936941 0.019587884 0.003477694 0.037118506 0.014199292 0.005613524 -0.003557082 -0.003319472 0.006107921 0.019039337 0.003197586 0.032891639 0.000988430 0.002826448 0.044029221 0.035755400 0.012852305 0.014121789 0.006905688 0.013678222 0.008919572 0.008403033 0.033438742 0.000571870 0.009879569 0.012574077 -0.001324192 0.007532492 0.022936115 0.002612316 0.044827946 0.032018092 0.033795778 0.026128067
0.038971841 0.030511571 0.004309894 0.048060983 0.018057078 0.008048376 0.001610320 0.006107921 -0.001789645 0.030807847 0.005081260 0.035514858 0.012604287 0.008959352 0.042075843 0.025452457 0.003171143 0.024481632 0.011016967 0.017737426 0.008919206 -0.001986419 0.017119691 0.001823285 0.027215388 0.014171874 -0.000238879 0.001146945 0.016777782 -0.000648392 0.061845146 0.043364048 0.030312212 0.020354597
0.062780797 0.037038319 0.030498613 0.013206227 0.028158721 0.023106471 0.021764528 0.019039337 0.030807847 0.001895742 0.020524438 0.012416917 0.014828322 0.013637070 0.063566327 0.055580948 0.041708700 0.017235065 0.033981316 0.008702165 0.034033969 0.022519896 0.050194070 0.024312498 0.023467097 0.004437357 0.028538747 0.028032809 0.051358864 0.028103793 0.029588353 0.016236331 0.032850970 0.042746291
0.044928651 0.022102769 0.010413804 0.036488142 0.016761323 0.010110760 -0.000205592 0.003197586 0.005081260 0.020524438 -0.019769810 0.033590022 0.003268908 0.003080429 0.047816202 0.044474952 0.012768469 0.003952453 0.003850142 0.016404020 0.014560404 0.009643399 0.037780948 0.001140618 0.019859634 0.003080692 0.000651402 0.009192003 0.028322028 -0.002310777 0.049188606 0.021610357 0.027589880 0.026946910
0.078479350 0.045829289 0.041767895 0.038590916 0.035401970 0.034672480 0.029787542 0.032891639 0.035514858 0.012416917 0.033590022 0.012541428 0.031696368 0.018584281 0.080065407 0.059979931 0.051534347 0.034311071 0.046515420 0.023531437 0.039964419 0.034578875 0.053637672 0.032653347 0.037246916 0.017569086 0.034709014 0.032537311 0.059233099 0.038562197 0.070812643 0.045071378 0.045666035 0.055169225
0.048587311 0.024672553 0.014043663 0.033136133 0.019270770 0.009012100 0.005511901 0.000988430 0.012604287 0.014828322 0.003268908 0.031696368 -0.008802699 0.003073315 0.051224492 0.047287431 0.018403396 0.013833039 0.012595498 0.016488550 0.018953502 0.008980311 0.035816766 0.003851185 0.012544606 0.002150781 0.001885093 0.011603409 0.034592234 0.004430074 0.042143010 0.018741805 0.032056279 0.028694853
0.040048689 0.020438572 0.012799593 0.026866306 0.016244838 0.010393959 0.005587119 0.002826448 0.008959352 0.013637070 0.003080429 0.018584281 0.003073315 -0.003551520 0.042223759 0.042033404 0.013680013 0.014563654 0.008865194 0.003917668 0.006915584 0.008330924 0.036502425 0.009148931 0.018702630 0.012986022 0.005516639 0.005556799 0.024089335 0.005227314 0.044571314 0.031973198 0.022486273 0.026596012
0.028573981 0.043323539 0.028093139 0.078735076 0.016874623 0.039768361 0.036159649 0.044029221 0.042075843 0.063566327 0.047816202 0.080065407 0.051224492 0.042223759 0.012850144 0.018276468 0.027257800 0.059808098 0.031804826 0.065615878 0.031852406 0.043801606 0.037939619 0.037902027 0.041503258 0.055343173 0.042542513 0.033570729 0.022512052 0.044167701 0.080165654 0.073689252 0.045631386 0.033829242
0.021976337 0.030844834 0.015668115 0.073750272 0.019068513 0.033702493 0.029148078 0.035755400 0.025452457 0.055580948 0.044474952 0.059979931 0.047287431 0.042033404 0.018276468 -0.010415444 0.017300166 0.064055622 0.028058514 0.039232127 0.013018277 0.032475192 0.009693408 0.028193299 0.037271068 0.054881636 0.027989989 0.022186840 0.007365431 0.040207550 0.082568020 0.084353164 0.033581406 0.017379303
0.024661694 0.018537717 -0.003194928 0.058258880 -0.002400971 0.008536115 0.004657760 0.012852305 0.003171143 0.041708700 0.012768469 0.051534347 0.018403396 0.013680013 0.027257800 0.017300166 -0.020660097 0.028079098 0.005740580 0.032019258 0.005672351 0.013847983 0.012839803 0.002593605 0.022610139 0.026185095 0.000315063 0.007911359 0.002387051 0.008657705 0.069142535 0.048071921 0.020662902 0.017471811
0.055452906 0.029203167 0.025262518 0.036879100 0.018868385 0.022531034 0.017418157 0.014121789 0.024481632 0.017235065 0.003952453 0.034311071 0.013833039 0.014563654 0.059808098 0.064055622 0.028079098 -0.011583280 0.020412678 0.032244526 0.033568215 0.021332318 0.057297401 0.018400688 0.024907291 0.013677110 0.017265698 0.027762666 0.040956430 0.014978770 0.044372734 0.025639009 0.039946146 0.036646128
0.033222418 0.021999292 0.009294494 0.051944830 0.010301055 0.009227805 0.009370110 0.006905688 0.011016967 0.033981316 0.003850142 0.046515420 0.012595498 0.008865194 0.031804826 0.028058514 0.005740580 0.020412678 -0.010727879 0.032217525 0.012602393 0.013345080 0.026719453 0.011332024 0.018477712 0.020557452 0.007423080 0.014650399 0.012368280 0.011134678 0.055707630 0.038958862 0.030294187 0.015074553
0.065868467 0.041071106 0.022325158 0.041861344 0.025600890 0.020068847 0.008200393 0.013678222 0.017737426 0.008702165 0.016404020 0.023531437 0.016488550 0.003917668 0.065615878 0.039232127 0.032019258 0.032244526 0.032217525 0.002103777 0.026297703 0.017718405 0.032386508 0.015950695 0.021765551 0.008030863 0.013809284 0.016051728 0.043703802 0.019537913 0.055878866 0.046730570 0.041934840 0.042571753
0.027449414 0.020189602 0.003156575 0.054190457 0.011766393 0.007090222 0.004277405 0.008919572 0.008919206 0.034033969 0.014560404 0.039964419 0.018953502 0.006915584 0.031852406 0.013018277 0.005672351 0.033568215 0.012602393 0.026297703 -0.001659811 0.009701504 0.003560213 0.004197172 0.026143366 0.021759074 0.004028719 0.005040048 0.006176349 0.013155892 0.058556642 0.044565558 0.014764800 0.013875728
0.043684848 0.018396445 0.008715613 0.041571539 0.016970545 0.011215393 0.006394396 0.008403033 -0.001986419 0.022519896 0.009643399 0.034578875 0.008980311 0.008330924 0.043801606 0.032475192 0.013847983 0.021332318 0.013345080 0.017718405 0.009701504 -0.025144909 0.024001624 -0.000224542 0.021217586 0.009615697 0.009123735 0.010072246 0.019591371 0.012334906 0.063370585 0.029326357 0.022246866 0.020365207
0.023310734 0.039325524 0.014089660 0.063649811 0.016286993 0.028729826 0.024492860 0.033438742 0.017119691 0.050194070 0.037780948 0.053637672 0.035816766 0.036502425 0.037939619 0.009693408 0.012839803 0.057297401 0.026719453 0.032386508 0.003560213 0.024001624 0.006954156 0.024333159 0.035397731 0.047901943 0.025402652 0.016695857 0.015410059 0.034431618 0.085901245 0.073612221 0.024272554 0.023010232
0.035240687 0.018513488 0.001021829 0.037880138 0.014265018 0.008084965 -0.004735197 0.000571870 0.001823285 0.024312498 0.001140618 0.032653347 0.003851185 0.009148931 0.037902027 0.028193299 0.002593605 0.018400688 0.011332024 0.015950695 0.004197172 -0.000224542 0.024333159 -0.003150287 0.016982662 0.012419825 -0.002035079 0.002497129 0.015732301 0.000161196 0.048236381 0.036899351 0.021869520 0.019477688
0.046466589 0.004028573 0.018069943 0.040599763 0.025100715 0.021666624 0.018998699 0.009879569 0.027215388 0.023467097 0.019859634 0.037246916 0.012544606 0.018702630 0.041503258 0.037271068 0.022610139 0.024907291 0.018477712 0.021765551 0.026143366 0.021217586 0.035397731 0.016982662 -0.024095926 0.019119702 0.014742550 0.015617749 0.037095666 0.019427121 0.052012350 0.043028392 0.035163686 0.030471163
0.048622165 0.023441795 0.022642072 0.026318751 0.022829549 0.021536151 0.012774369 0.012574077 0.014171874 0.004437357 0.003080692 0.017569086 0.002150781 0.012986022 0.055343173 0.054881636 0.026185095 0.013677110 0.020557452 0.008030863 0.021759074 0.009615697 0.047901943 0.012419825 0.019119702 0.001041040 0.013651358 0.016564965 0.035481215 0.011515033 0.049999200 0.028796853 0.027660660 0.033940610
0.037760060 0.023058267 0.000924617 0.045469902 0.011712906 0.006449040 -0.005412844 -0.001324192 -0.000238879 0.028538747 0.000651402 0.034709014 0.001885093 0.005516639 0.042542513 0.027989989 0.000315063 0.017265698 0.007423080 0.013809284 0.004028719 0.009123735 0.025402652 -0.002035079 0.014742550 0.013651358 -0.009274549 0.002283520 0.018205663 -0.002020998 0.055917792 0.047411889 0.029592060 0.018228184
0.035671137 0.018006284 0.006626748 0.043780491 0.009523930 0.004746324 0.002682784 0.007532492 0.001146945 0.028032809 0.009192003 0.032537311 0.011603409 0.005556799 0.033570729 0.022186840 0.007911359 0.027762666 0.014650399 0.016051728 0.005040048 0.010072246 0.016695857 0.002497129 0.015617749 0.016564965 0.002283520 -0.007514454 0.015173863 0.008196907 0.055352334 0.037115086 0.015779521 0.015741613
0.015307304 0.027194994 0.008915262 0.067563191 0.002947598 0.021076191 0.016278371 0.022936115 0.016777782 0.051358864 0.028322028 0.059233099 0.034592234 0.024089335 0.022512052 0.007365431 0.002387051 0.040956430 0.012368280 0.043703802 0.006176349 0.019591371 0.015410059 0.015732301 0.037095666 0.035481215 0.018205663 0.015173863 -0.011128721 0.020495079 0.070131943 0.057641931 0.024435146 0.016690353
0.043897144 0.030783854 0.010133397 0.044360928 0.006286115 0.005575820 -0.005328372 0.002612316 -0.000648392 0.028103793 -0.002310777 0.038562197 0.004430074 0.005227314 0.044167701 0.040207550 0.008657705 0.014978770 0.011134678 0.019537913 0.013155892 0.012334906 0.034431618 0.000161196 0.019427121 0.011515033 -0.002020998 0.008196907 0.020495079 -0.019924102 0.060849473 0.040767826 0.032319918 0.021706812
0.083472952 0.077307016 0.050926439 0.045820009 0.040981732 0.047612689 0.046950571 0.044827946 0.061845146 0.029588353 0.049188606 0.070812643 0.042143010 0.044571314 0.080165654 0.082568020 0.069142535 0.044372734 0.055707630 0.055878866 0.058556642 0.063370585 0.085901245 0.048236381 0.052012350 0.049999200 0.055917792 0.055352334 0.070131943 0.060849473 0.019081822 0.059718087 0.081555322 0.060578711
0.065216616 0.035467394 0.043232251 0.033019155 0.043805376 0.034209471 0.038104810 0.032018092 0.043364048 0.016236331 0.021610357 0.045071378 0.018741805 0.031973198 0.073689252 0.084353164 0.048071921 0.025639009 0.038958862 0.046730570 0.044565558 0.029326357 0.073612221 0.036899351 0.043028392 0.028796853 0.047411889 0.037115086 0.057641931 0.040767826 0.059718087 0.013498984 0.045769874 0.056386359
0.042966459 0.024267729 0.023592254 0.053070050 0.016415078 0.026063930 0.025454547 0.033795778 0.030312212 0.032850970 0.027589880 0.045666035 0.032056279 0.022486273 0.045631386 0.033581406 0.020662902 0.039946146 0.030294187 0.041934840 0.014764800 0.022246866 0.024272554 0.021869520 0.035163686 0.027660660 0.029592060 0.015779521 0.024435146 0.032319918 0.081555322 0.045769874 -0.024110820 0.029950935
0.026243551 0.029342685 0.011842990 0.058813617 0.017412027 0.021265658 0.017314576 0.026128067 0.020354597 0.042746291 0.026946910 0.055169225 0.028694853 0.026596012 0.033829242 0.017379303 0.017471811 0.036646128 0.015074553 0.042571753 0.013875728 0.020365207 0.023010232 0.019477688 0.030471163 0.033940610 0.018228184 0.015741613 0.016690353 0.021706812 0.060578711 0.056386359 0.029950935 0.010332730
