0.014811289 0.047986619 0.018802937 0.076146558 0.015603624 0.039430816 0.032551095 0.036692686 0.039817389 0.062658153 0.044888254 0.074545078 0.048321463 0.040688157 0.028737085 0.024206541 0.026441781 0.056162339 0.032530408 0.061348498 0.028808611 0.041648850 0.025898779 0.035347737 0.046012022 0.048265018 0.040141847 0.032859303 0.020705793 0.043959796 0.077281550 0.063737288 0.045758031 0.024730079
0.047986619 -0.058186546 0.013848837 0.052965604 0.016164238 0.018756602 0.018064488 0.015850605 0.029832073 0.036110789 0.019196924 0.042215198 0.023901729 0.018149266 0.041857496 0.029857945 0.019012187 0.026931625 0.019643752 0.038176373 0.019984789 0.017905800 0.037263688 0.016878702 0.001710425 0.021636020 0.024270615 0.016755443 0.029333100 0.028681437 0.069774106 0.030718492 0.024245912 0.026581746
0.018802937 0.013848837 -0.001486388 0.046176650 0.006895422 0.009319913 -0.000477690 0.003165861 0.004529743 0.031936716 0.010407856 0.041585855 0.014010796 0.013963291 0.028394621 0.017402865 -0.002592194 0.023007389 0.008293033 0.022223365 0.002650984 0.009542084 0.017777853 0.000993306 0.017257623 0.023604451 0.001441619 0.007779284 0.011269206 0.010256779 0.051918723 0.041880731 0.027356509 0.011421129
0.076146558 0.052965604 0.046176650 0.017165147 0.039259817 0.036231376 0.035722859 0.033153683 0.047979012 0.011856129 0.034070708 0.033984628 0.032119554 0.026108716 0.078472331 0.073877081 0.058396906 0.035831142 0.049866304 0.037286133 0.053341810 0.040863559 0.064680777 0.036260046 0.038548592 0.027138352 0.046849333 0.042387031 0.067441918 0.043479115 0.041670918 0.028515136 0.052879155 0.055595867
0.015603624 0.016164238 0.006895422 0.039259817 -0.014125870 0.016184799 0.009926622 0.014598817 0.018665228 0.028942609 0.017686479 0.035065066 0.019841801 0.016580686 0.021292994 0.023732450 0.003437633 0.018417228 0.011113822 0.025912065 0.010101663 0.018877607 0.020353213 0.014389005 0.023826826 0.024161777 0.012054598 0.010986676 0.009224400 0.008048143 0.045663819 0.041143946 0.023219075 0.019284889
0.039430816 0.018756602 0.009319913 0.036231376 0.016184799 -0.018525053 0.005443532 0.006171337 0.009301119 0.022876924 0.010866042 0.032333374 0.010375547 0.009334316 0.039784819 0.033618420 0.010872435 0.022056352 0.009277072 0.022285409 0.008478817 0.011542639 0.027790986 0.008782363 0.022051413 0.020573793 0.008625272 0.004624628 0.023278296 0.005962891 0.047803108 0.030495605 0.026556700 0.020743018
0.032551095 0.018064488 -0.000477690 0.035722859 0.009926622 0.005443532 -0.016694412 -0.004798673 0.002385339 0.021491600 -0.000770241 0.027673528 0.004832042 0.004914331 0.035731573 0.029810982 0.005354560 0.015056033 0.008735306 0.008452460 0.004036140 0.006627636 0.025709298 -0.004651313 0.018552698 0.012473132 -0.004109666 0.003005169 0.016650783 -0.005428890 0.047988184 0.034789134 0.026638178 0.017044693
0.036692686 0.015850605 0.003165861 0.033153683 0.014598817 0.006171337 -0.004798673 -0.003005725 0.006866261 0.017826490 0.001115515 0.028697319 -0.001265199 0.002901344 0.038917024 0.034799993 0.011176961 0.011205675 0.005075294 0.013167560 0.009218659 0.007271684 0.031798687 0.000692407 0.009277740 0.011609648 -0.000638588 0.006551771 0.021793442 0.001602808 0.040387690 0.027720612 0.031273708 0.023023861
0.039817389 0.029832073 0.004529743 0.047979012 0.018665228 0.009301119 0.002385339 0.006866261 -0.001683724 0.031351704 0.006022132 0.033910215 0.013485042 0.008219526 0.043138970 0.026230324 0.005665567 0.023916589 0.011292264 0.019493982 0.009859372 -0.002072452 0.018219789 0.002236933 0.028167959 0.014044467 0.000350351 0.000877897 0.018233862 0.000023080 0.063574269 0.041239176 0.031857558 0.019984709
0.062658153 0.036110789 0.031936716 0.011856129 0.028942609 0.022876924 0.021491600 0.017826490 0.031351704 0.002751436 0.019397914 0.010387923 0.015304646 0.013573883 0.064976260 0.055991359 0.043085240 0.016362526 0.033597872 0.009323163 0.034405962 0.024197178 0.051505260 0.023966391 0.022574365 0.005662160 0.030446827 0.030299963 0.052917525 0.028385296 0.029140320 0.013110228 0.034441829 0.041873693
0.044888254 0.019196924 0.010407856 0.034070708 0.017686479 0.010866042 -0.000770241 0.001115515 0.006022132 0.019397914 -0.019341305 0.028942574 0.002614312 0.000586290 0.046575528 0.044868149 0.013683833 0.003636579 0.002857075 0.015179066 0.015111910 0.004606471 0.036626779 0.000831439 0.019807931 -0.000068821 0.001337518 0.003021557 0.029939178 -0.003222846 0.042646326 0.016496595 0.026780887 0.025043385
0.074545078 0.042215198 0.041585855 0.033984628 0.035065066 0.032333374 0.027673528 0.028697319 0.033910215 0.010387923 0.028942574 0.008491263 0.029198851 0.017999751 0.078145087 0.058432303 0.050797760 0.031720791 0.043099247 0.020919025 0.038057417 0.035251051 0.052798338 0.030080654 0.034481198 0.018422848 0.035337243 0.033622675 0.059553608 0.036331467 0.065827943 0.040499736 0.043979339 0.051603474
0.048321463 0.023901729 0.014010796 0.032119554 0.019841801 0.010375547 0.004832042 -0.001265199 0.013485042 0.015304646 0.002614312 0.029198851 -0.009703355 0.001883065 0.052026961 0.048763532 0.018229576 0.012685726 0.011937063 0.015416115 0.019770017 0.005596263 0.038308818 0.003346868 0.012384376 0.001085858 0.001976567 0.010439488 0.035747852 0.003952790 0.037942290 0.015649637 0.033690639 0.027952928
0.040688157 0.018149266 0.013963291 0.026108716 0.016580686 0.009334316 0.004914331 0.002901344 0.008219526 0.013573883 0.000586290 0.017999751 0.001883065 -0.003744572 0.042258617 0.041462362 0.015286861 0.011236181 0.007193368 0.005889855 0.005832690 0.011241248 0.035850070 0.008234190 0.016530178 0.012843557 0.006597239 0.008824868 0.026067838 0.004655750 0.047367647 0.028935948 0.025102505 0.026466455
0.028737085 0.041857496 0.028394621 0.078472331 0.021292994 0.039784819 0.035731573 0.038917024 0.043138970 0.064976260 0.046575528 0.078145087 0.052026961 0.042258617 0.013067463 0.019695116 0.029832870 0.061473314 0.030457605 0.062908724 0.032760072 0.043476008 0.038278840 0.037540227 0.040252537 0.054699279 0.045932505 0.031788524 0.028179443 0.043696411 0.073489532 0.071455419 0.048936270 0.032150298
0.024206541 0.029857945 0.017402865 0.073877081 0.023732450 0.033618420 0.029810982 0.034799993 0.026230324 0.055991359 0.044868149 0.058432303 0.048763532 0.041462362 0.019695116 -0.010440979 0.021111662 0.065659478 0.028569302 0.041814223 0.013888762 0.035348829 0.008553226 0.028471710 0.037411310 0.055557005 0.031646065 0.024113175 0.012773041 0.040948249 0.080866575 0.083322234 0.035035152 0.017421469
0.026441781 0.019012187 -0.002592194 0.058396906 0.003437633 0.010872435 0.005354560 0.011176961 0.005665567 0.043085240 0.013683833 0.050797760 0.018229576 0.015286861 0.029832870 0.021111662 -0.015523532 0.028744888 0.006206675 0.031075602 0.005313003 0.014233755 0.016652983 0.003748873 0.021752467 0.026738156 0.003923980 0.007360443 0.007349121 0.010370415 0.068966068 0.046276309 0.025117654 0.017944202
0.056162339 0.026931625 0.023007389 0.035831142 0.018417228 0.022056352 0.015056033 0.011205675 0.023916589 0.016362526 0.003636579 0.031720791 0.012685726 0.011236181 0.061473314 0.065659478 0.028744888 -0.017623708 0.018789738 0.028516745 0.031583942 0.018787432 0.059718341 0.016791563 0.021255918 0.011196785 0.015663696 0.024663370 0.042554639 0.013894173 0.045395143 0.021708841 0.044667106 0.034924135
0.032530408 0.019643752 0.008293033 0.049866304 0.011113822 0.009277072 0.008735306 0.005075294 0.011292264 0.033597872 0.002857075 0.043099247 0.011937063 0.007193368 0.030457605 0.028569302 0.006206675 0.018789738 -0.012116030 0.030053455 0.012703024 0.011627966 0.026761159 0.010804060 0.017167058 0.018978994 0.007601321 0.012643674 0.012301640 0.010118950 0.052518606 0.034596369 0.031536780 0.012925283
0.061348498 0.038176373 0.022223365 0.037286133 0.025912065 0.022285409 0.008452460 0.013167560 0.019493982 0.009323163 0.015179066 0.020919025 0.015416115 0.005889855 0.062908724 0.041814223 0.031075602 0.028516745 0.030053455 0.002191884 0.026945334 0.017134661 0.036650546 0.015674893 0.021759499 0.011754818 0.014972924 0.016553847 0.043391783 0.019401019 0.053358912 0.040198304 0.041322071 0.038909115
0.028808611 0.019984789 0.002650984 0.053341810 0.010101663 0.008478817 0.004036140 0.009218659 0.009859372 0.034405962 0.015111910 0.038057417 0.019770017 0.005832690 0.032760072 0.013888762 0.005313003 0.031583942 0.012703024 0.026945334 -0.001181013 0.009979296 0.005479529 0.004206053 0.025757082 0.022864107 0.003379635 0.005270671 0.008124785 0.013764039 0.060417466 0.042211898 0.016455211 0.012193606
0.041648850 0.017905800 0.009542084 0.040863559 0.018877607 0.011542639 0.006627636 0.007271684 -0.002072452 0.024197178 0.004606471 0.035251051 0.005596263 0.011241248 0.043476008 0.035348829 0.014233755 0.018787432 0.011627966 0.017134661 0.009979296 -0.023178827 0.028393563 -0.000239218 0.020644307 0.012008766 0.011016553 0.011709984 0.021523371 0.011770939 0.060560007 0.028108222 0.026010927 0.020269368
0.025898779 0.037263688 0.017777853 0.064680777 0.020353213 0.027790986 0.025709298 0.031798687 0.018219789 0.051505260 0.036626779 0.052798338 0.038308818 0.035850070 0.038278840 0.008553226 0.016652983 0.059718341 0.026761159 0.036650546 0.005479529 0.028393563 0.002888806 0.025018860 0.035630748 0.047770221 0.029816322 0.020732082 0.019395865 0.034340948 0.083047248 0.071099311 0.025449926 0.023204522
0.035347737 0.016878702 0.000993306 0.036260046 0.014389005 0.008782363 -0.004651313 0.000692407 0.002236933 0.023966391 0.000831439 0.030080654 0.003346868 0.008234190 0.037540227 0.028471710 0.003748873 0.016791563 0.010804060 0.015674893 0.004206053 -0.000239218 0.025018860 -0.003056585 0.016590610 0.011840398 -0.002077770 0.002272538 0.016675338 0.000041695 0.048062138 0.033373252 0.022736333 0.018477788
0.046012022 0.001710425 0.017257623 0.038548592 0.023826826 0.022051413 0.018552698 0.009277740 0.028167959 0.022574365 0.019807931 0.034481198 0.012384376 0.016530178 0.040252537 0.037411310 0.021752467 0.021255918 0.017167058 0.021759499 0.025757082 0.020644307 0.035630748 0.016590610 -0.025355123 0.017894542 0.014074054 0.015080646 0.036868826 0.018513128 0.051091753 0.038826600 0.035663504 0.029327657
0.048265018 0.021636020 0.023604451 0.027138352 0.024161777 0.020573793 0.012473132 0.011609648 0.014044467 0.005662160 -0.000068821 0.018422848 0.001085858 0.012843557 0.054699279 0.055557005 0.026738156 0.011196785 0.018978994 0.011754818 0.022864107 0.012008766 0.047770221 0.011840398 0.017894542 0.001948223 0.014807485 0.019530203 0.037307926 0.010487689 0.049600519 0.026917260 0.030102549 0.032900963
0.040141847 0.024270615 0.001441619 0.046849333 0.012054598 0.008625272 -0.004109666 -0.000638588 0.000350351 0.030446827 0.001337518 0.035337243 0.001976567 0.006597239 0.045932505 0.031646065 0.003923980 0.015663696 0.007601321 0.014972924 0.003379635 0.011016553 0.029816322 -0.002077770 0.014074054 0.014807485 -0.005794011 0.003312112 0.021363238 -0.000572954 0.061109990 0.047312461 0.035777725 0.019489309
0.032859303 0.016755443 0.007779284 0.042387031 0.010986676 0.004624628 0.003005169 0.006551771 0.000877897 0.030299963 0.003021557 0.033622675 0.010439488 0.008824868 0.031788524 0.024113175 0.007360443 0.024663370 0.012643674 0.016553847 0.005270671 0.011709984 0.020732082 0.002272538 0.015080646 0.019530203 0.003312112 -0.003644653 0.015799925 0.006899430 0.055337809 0.035783380 0.017157212 0.015298101
0.020705793 0.029333100 0.011269206 0.067441918 0.009224400 0.023278296 0.016650783 0.021793442 0.018233862 0.052917525 0.029939178 0.059553608 0.035747852 0.026067838 0.028179443 0.012773041 0.007349121 0.042554639 0.012301640 0.043391783 0.008124785 0.021523371 0.019395865 0.016675338 0.036868826 0.037307926 0.021363238 0.015799925 -0.000171094 0.022359345 0.072184011 0.057993539 0.031334091 0.017656105
0.043959796 0.028681437 0.010256779 0.043479115 0.008048143 0.005962891 -0.005428890 0.001602808 0.000023080 0.028385296 -0.003222846 0.036331467 0.003952790 0.004655750 0.043696411 0.040948249 0.010370415 0.013894173 0.010118950 0.019401019 0.013764039 0.011770939 0.034340948 0.000041695 0.018513128 0.010487689 -0.000572954 0.006899430 0.022359345 -0.020246645 0.058684826 0.037470758 0.034036718 0.020585371
0.077281550 0.069774106 0.051918723 0.041670918 0.045663819 0.047803108 0.047988184 0.040387690 0.063574269 0.029140320 0.042646326 0.065827943 0.037942290 0.047367647 0.073489532 0.080866575 0.068966068 0.045395143 0.052518606 0.053358912 0.060417466 0.060560007 0.083047248 0.048062138 0.051091753 0.049600519 0.061109990 0.055337809 0.072184011 0.058684826 0.010340827 0.054056436 0.077786565 0.056769397
0.063737288 0.030718492 0.041880731 0.028515136 0.041143946 0.030495605 0.034789134 0.027720612 0.041239176 0.013110228 0.016496595 0.040499736 0.015649637 0.028935948 0.071455419 0.083322234 0.046276309 0.021708841 0.034596369 0.040198304 0.042211898 0.028108222 0.071099311 0.033373252 0.038826600 0.026917260 0.047312461 0.035783380 0.057993539 0.037470758 0.054056436 0.006756365 0.046999548 0.052830249
0.045758031 0.024245912 0.027356509 0.052879155 0.023219075 0.026556700 0.026638178 0.031273708 0.031857558 0.034441829 0.026780887 0.043979339 0.033690639 0.025102505 0.048936270 0.035035152 0.025117654 0.044667106 0.031536780 0.041322071 0.016455211 0.026010927 0.025449926 0.022736333 0.035663504 0.030102549 0.035777725 0.017157212 0.031334091 0.034036718 0.077786565 0.046999548 -0.021547101 0.031396814
0.024730079 0.026581746 0.011421129 0.055595867 0.019284889 0.020743018 0.017044693 0.023023861 0.019984709 0.041873693 0.025043385 0.051603474 0.027952928 0.026466455 0.032150298 0.017421469 0.017944202 0.034924135 0.012925283 0.038909115 0.012193606 0.020269368 0.023204522 0.018477788 0.029327657 0.032900963 0.019489309 0.015298101 0.017656105 0.020585371 0.056769397 0.052830249 0.031396814 0.008294482
