0.021372218 0.056850389 0.024395078 0.073112898 0.026140254 0.044467717 0.038615465 0.041566338 0.043775551 0.061812170 0.049780071 0.060898792 0.048915416 0.046038471 0.039065421 0.019014223 0.034046032 0.062232297 0.039140500 0.052271225 0.035027500 0.053553801 0.025262002 0.041090105 0.049323175 0.056729153 0.043345466 0.046875730 0.026913684 0.054515623 0.086773902 0.070174009 0.041271277 0.024063624
0.056850389 -0.053802475 0.014441503 0.048487090 0.020947993 0.024946339 0.019371724 0.021161646 0.031242451 0.034868274 0.026249299 0.031727251 0.026609292 0.020443391 0.049411967 0.027081933 0.021372128 0.032870110 0.023822419 0.034463257 0.024661371 0.022275705 0.033881437 0.018367477 0.005064713 0.019884942 0.023583399 0.020630665 0.033388231 0.030025017 0.073461130 0.028781120 0.021298582 0.026765645
0.024395078 0.014441503 -0.001204506 0.039550342 0.010123584 0.009629464 -0.000233613 0.003910307 0.004988182 0.026826121 0.012410331 0.026402017 0.015669787 0.010202392 0.029172050 0.012123959 0.005930943 0.027485419 0.013006774 0.019111365 0.003391087 0.011298466 0.007398441 0.001411551 0.016775161 0.018085068 0.002967128 0.006450918 0.011258161 0.011357954 0.051689170 0.031032039 0.017070593 0.007405403
0.073112898 0.048487090 0.039550342 0.006695509 0.040231314 0.038276084 0.032121886 0.032920390 0.042627487 0.009124481 0.032520097 0.020371394 0.026949983 0.031574819 0.075511649 0.068124123 0.050737195 0.029543884 0.042743288 0.026731620 0.050989814 0.039130569 0.060712852 0.031595118 0.039047807 0.023556486 0.040990461 0.041479655 0.062885776 0.035375416 0.037154052 0.020868735 0.043669377 0.049084589
0.026140254 0.020947993 0.010123584 0.040231314 -0.003703541 0.018684128 0.010333032 0.015481068 0.019579839 0.032161217 0.019249011 0.025875311 0.021111351 0.019862767 0.030964885 0.020472247 0.012169794 0.028311072 0.020046715 0.025958179 0.011645725 0.029837819 0.018956209 0.015194405 0.018237757 0.023681592 0.013042040 0.018435873 0.017280782 0.017681081 0.050404739 0.037159998 0.022088861 0.016087811
0.044467717 0.024946339 0.009629464 0.038276084 0.018684128 -0.013139149 0.005509153 0.008264923 0.009483968 0.026784593 0.013200955 0.027769133 0.010542859 0.015156870 0.045761451 0.029554984 0.013103809 0.028357433 0.014811631 0.022525065 0.010035174 0.020863136 0.028058641 0.009083635 0.018372390 0.022109810 0.007671163 0.013153507 0.028653229 0.013732489 0.053725895 0.031055527 0.029641699 0.019160114
0.038615465 0.019371724 -0.000233613 0.032121886 0.010333032 0.005509153 -0.009945504 -0.002092448 0.002958848 0.019482709 0.006725676 0.017170355 0.010192103 0.002962389 0.036118150 0.024020720 0.007910916 0.019903470 0.012857619 0.007969727 0.003713280 0.009112346 0.018854227 -0.001856911 0.017012199 0.007473314 -0.000663227 0.001984878 0.020762669 -0.002089889 0.049231078 0.025488531 0.019845691 0.015036781
0.041566338 0.021161646 0.003910307 0.032920390 0.015481068 0.008264923 -0.002092448 -0.003050359 0.007163228 0.019126313 0.007074106 0.019563776 0.003811872 0.004747998 0.043153759 0.028844850 0.014303992 0.018395351 0.012398957 0.010442894 0.010157764 0.016286135 0.029400790 0.001086106 0.005223104 0.010596283 -0.000041248 0.012949293 0.026386958 0.009857916 0.045269273 0.024541747 0.030709501 0.019370634
0.043775551 0.031242451 0.004988182 0.042627487 0.019579839 0.009483968 0.002958848 0.007163228 -0.001482165 0.029631276 0.010780068 0.023117296 0.016319269 0.008601039 0.043669447 0.022860112 0.007764050 0.026516931 0.014547870 0.016810037 0.009909814 0.000689562 0.013621385 0.002592363 0.027120482 0.011217660 -0.000319825 0.002194187 0.019454345 0.001300765 0.064824238 0.034545913 0.025285099 0.017170217
0.061812170 0.034868274 0.026826121 0.009124481 0.032161217 0.026784593 0.019482709 0.019126313 0.029631276 0.001327842 0.019607862 0.007779241 0.011796689 0.019964116 0.062988065 0.053253248 0.038214311 0.014618128 0.029694151 0.010615562 0.038240649 0.026552210 0.048837431 0.021392958 0.023990050 0.003985323 0.026461756 0.031208685 0.051222377 0.022639489 0.026049268 0.010347141 0.031208416 0.038319297
0.049780071 0.026249299 0.012410331 0.032520097 0.019249011 0.013200955 0.006725676 0.007074106 0.010780068 0.019607862 -0.000809989 0.018756837 0.008748632 0.012175146 0.051452294 0.040519841 0.017924719 0.016620558 0.017006813 0.011622772 0.017106928 0.020067109 0.035209257 0.008126789 0.017637491 0.008090891 0.007752663 0.014929581 0.033493936 0.012384104 0.051746029 0.018172184 0.024450252 0.022168528
0.060898792 0.031727251 0.026402017 0.020371394 0.025875311 0.027769133 0.017170355 0.019563776 0.023117296 0.007779241 0.018756837 -0.000214696 0.019475942 0.016883386 0.060917802 0.047004472 0.034301117 0.016554385 0.027575172 0.010203057 0.030411711 0.024220373 0.043118589 0.018522423 0.026189253 0.005476058 0.021862553 0.024364250 0.044578619 0.019019047 0.048142865 0.018283378 0.032751732 0.035029165
0.048915416 0.026609292 0.015669787 0.026949983 0.021111351 0.010542859 0.010192103 0.003811872 0.016319269 0.011796689 0.008748632 0.019475942 -0.010152063 0.009270686 0.050824609 0.046024997 0.019815378 0.018379927 0.017808530 0.010482879 0.020855183 0.014003767 0.036500037 0.008933721 0.010520134 0.007903723 0.006761614 0.016807405 0.035553657 0.011741213 0.040482547 0.015906099 0.028075475 0.024375100
0.046038471 0.020443391 0.010202392 0.031574819 0.019862767 0.015156870 0.002962389 0.004747998 0.008601039 0.019964116 0.012175146 0.016883386 0.009270686 -0.001886144 0.046505190 0.034331799 0.015209951 0.019849028 0.010863397 0.013192594 0.011733185 0.017229613 0.029807692 0.006534700 0.015554231 0.008850699 0.003505242 0.012125783 0.029725585 0.008137326 0.050508272 0.026241839 0.026452973 0.022925159
0.039065421 0.049411967 0.029172050 0.075511649 0.030964885 0.045761451 0.036118150 0.043153759 0.043669447 0.062988065 0.051452294 0.060917802 0.050824609 0.046505190 0.030275889 0.015009184 0.034924123 0.067006990 0.038158424 0.052320309 0.037994012 0.055914186 0.034193315 0.038503181 0.042612258 0.059938654 0.042598121 0.043055519 0.035060789 0.053032588 0.085070789 0.075440608 0.048641566 0.029343449
0.019014223 0.027081933 0.012123959 0.068124123 0.020472247 0.029554984 0.024020720 0.028844850 0.022860112 0.053253248 0.040519841 0.047004472 0.046024997 0.034331799 0.015009184 -0.018523693 0.014836513 0.059057470 0.025251262 0.037548609 0.013327807 0.031706803 -0.001925362 0.025395149 0.031301387 0.047069024 0.023679085 0.020774364 0.005492131 0.033837862 0.073628530 0.066366002 0.026616842 0.007380973
0.034046032 0.021372128 0.005930943 0.050737195 0.012169794 0.013103809 0.007910916 0.014303992 0.007764050 0.038214311 0.017924719 0.034301117 0.019815378 0.015209951 0.034924123 0.014836513 -0.002021553 0.034299165 0.015352654 0.024167549 0.008481320 0.019013334 0.010230441 0.009886568 0.023860153 0.024808209 0.008100952 0.011442484 0.013373980 0.016810130 0.070500866 0.042309351 0.014546483 0.015077975
0.062232297 0.032870110 0.027485419 0.029543884 0.028311072 0.028357433 0.019903470 0.018395351 0.026516931 0.014618128 0.016620558 0.016554385 0.018379927 0.019849028 0.067006990 0.059057470 0.034299165 -0.001234479 0.028586980 0.023382008 0.035150968 0.029701883 0.055977315 0.020946674 0.025278743 0.013038720 0.021526296 0.031956561 0.049253345 0.024378974 0.047311470 0.023133589 0.036858067 0.034860581
0.039140500 0.023822419 0.013006774 0.042743288 0.020046715 0.014811631 0.012857619 0.012398957 0.014547870 0.029694151 0.017006813 0.027575172 0.017808530 0.010863397 0.038158424 0.025251262 0.015352654 0.028586980 -0.001828372 0.025341079 0.016567605 0.017742611 0.023205590 0.014709726 0.023647811 0.018099096 0.013072859 0.016321627 0.019909605 0.015426520 0.057373218 0.034347448 0.023560477 0.015821358
0.052271225 0.034463257 0.019111365 0.026731620 0.025958179 0.022525065 0.007969727 0.010442894 0.016810037 0.010615562 0.011622772 0.010203057 0.010482879 0.013192594 0.052320309 0.037548609 0.024167549 0.023382008 0.025341079 -0.000717448 0.026065208 0.018916547 0.034047738 0.013725855 0.017061248 0.009941970 0.013459336 0.019691948 0.036093500 0.014659108 0.043863375 0.023777086 0.030432824 0.029670320
0.035027500 0.024661371 0.003391087 0.050989814 0.011645725 0.010035174 0.003713280 0.010157764 0.009909814 0.038240649 0.017106928 0.030411711 0.020855183 0.011733185 0.037994012 0.013327807 0.008481320 0.035150968 0.016567605 0.026065208 -0.003168265 0.015898965 0.005045632 0.004563258 0.022740483 0.021813031 0.006210514 0.008411899 0.013391148 0.015587927 0.067916669 0.041128300 0.015823400 0.012234664
0.053553801 0.022275705 0.011298466 0.039130569 0.029837819 0.020863136 0.009112346 0.016286135 0.000689562 0.026552210 0.020067109 0.024220373 0.014003767 0.017229613 0.055914186 0.031706803 0.019013334 0.029701883 0.017742611 0.018916547 0.015898965 -0.016831994 0.024991253 0.002265424 0.030357078 0.011476865 0.012791475 0.016677212 0.030104827 0.015717160 0.069093257 0.033216305 0.023431972 0.024126051
0.025262002 0.033881437 0.007398441 0.060712852 0.018956209 0.028058641 0.018854227 0.029400790 0.013621385 0.048837431 0.035209257 0.043118589 0.036500037 0.029807692 0.034193315 -0.001925362 0.010230441 0.055977315 0.023205590 0.034047738 0.005045632 0.024991253 -0.011004224 0.019025104 0.035310533 0.039772045 0.019315530 0.016977504 0.012995011 0.027207494 0.080056340 0.061210897 0.019923287 0.013480700
0.041090105 0.018367477 0.001411551 0.031595118 0.015194405 0.009083635 -0.001856911 0.001086106 0.002592363 0.021392958 0.008126789 0.018522423 0.008933721 0.006534700 0.038503181 0.025395149 0.009886568 0.020946674 0.014709726 0.013725855 0.004563258 0.002265424 0.019025104 -0.002718642 0.015516710 0.007519744 -0.002732506 0.002412298 0.020048426 0.001806539 0.049022704 0.024458367 0.016323691 0.015912486
0.049323175 0.005064713 0.016775161 0.039047807 0.018237757 0.018372390 0.017012199 0.005223104 0.027120482 0.023990050 0.017637491 0.026189253 0.010520134 0.015554231 0.042612258 0.031301387 0.023860153 0.025278743 0.023647811 0.017061248 0.022740483 0.030357078 0.035310533 0.015516710 -0.038257860 0.017760336 0.013158687 0.020383820 0.037640885 0.024275176 0.057101291 0.028897075 0.039093070 0.024982939
0.056729153 0.019884942 0.018085068 0.023556486 0.023681592 0.022109810 0.007473314 0.010596283 0.011217660 0.003985323 0.008090891 0.005476058 0.007903723 0.008850699 0.059938654 0.047069024 0.024808209 0.013038720 0.018099096 0.009941970 0.021813031 0.011476865 0.039772045 0.007519744 0.017760336 -0.011451527 0.010377428 0.015170047 0.040067650 0.006784208 0.048315100 0.016365200 0.024455201 0.028737864
0.043345466 0.023583399 0.002967128 0.040990461 0.013042040 0.007671163 -0.000663227 -0.000041248 -0.000319825 0.026461756 0.007752663 0.021862553 0.006761614 0.003505242 0.042598121 0.023679085 0.008100952 0.021526296 0.013072859 0.013459336 0.006210514 0.012791475 0.019315530 -0.002732506 0.013158687 0.010377428 -0.012920445 0.003873686 0.023300666 0.002022339 0.057390675 0.036959015 0.023139387 0.014458138
0.046875730 0.020630665 0.006450918 0.041479655 0.018435873 0.013153507 0.001984878 0.012949293 0.002194187 0.031208685 0.014929581 0.024364250 0.016807405 0.012125783 0.043055519 0.020774364 0.011442484 0.031956561 0.016321627 0.019691948 0.008411899 0.016677212 0.016977504 0.002412298 0.020383820 0.015170047 0.003873686 -0.003011771 0.024403989 0.007926347 0.064113349 0.038975015 0.020728588 0.018596010
0.026913684 0.033388231 0.011258161 0.062885776 0.017280782 0.028653229 0.020762669 0.026386958 0.019454345 0.051222377 0.033493936 0.044578619 0.035553657 0.029725585 0.035060789 0.005492131 0.013373980 0.049253345 0.019909605 0.036093500 0.013391148 0.030104827 0.012995011 0.020048426 0.037640885 0.040067650 0.023300666 0.024403989 0.000966463 0.031457938 0.078447059 0.059667338 0.025079750 0.014545221
0.054515623 0.030025017 0.011357954 0.035375416 0.017681081 0.013732489 -0.002089889 0.009857916 0.001300765 0.022639489 0.012384104 0.019019047 0.011741213 0.008137326 0.053032588 0.033837862 0.016810130 0.024378974 0.015426520 0.014659108 0.015587927 0.015717160 0.027207494 0.001806539 0.024275176 0.006784208 0.002022339 0.007926347 0.031457938 -0.016073091 0.064614043 0.036163729 0.023844130 0.022974733
0.086773902 0.073461130 0.051689170 0.037154052 0.050404739 0.053725895 0.049231078 0.045269273 0.064824238 0.026049268 0.051746029 0.048142865 0.040482547 0.050508272 0.085070789 0.073628530 0.070500866 0.047311470 0.057373218 0.043863375 0.067916669 0.069093257 0.080056340 0.049022704 0.057101291 0.048315100 0.057390675 0.064113349 0.078447059 0.064614043 0.006950270 0.052690677 0.071870841 0.051863059
0.070174009 0.028781120 0.031032039 0.020868735 0.037159998 0.031055527 0.025488531 0.024541747 0.034545913 0.010347141 0.018172184 0.018283378 0.015906099 0.026241839 0.075440608 0.066366002 0.042309351 0.023133589 0.034347448 0.023777086 0.041128300 0.033216305 0.061210897 0.024458367 0.028897075 0.016365200 0.036959015 0.038975015 0.059667338 0.036163729 0.052690677 -0.013884835 0.041758120 0.042455614
0.041271277 0.021298582 0.017070593 0.043669377 0.022088861 0.029641699 0.019845691 0.030709501 0.025285099 0.031208416 0.024450252 0.032751732 0.028075475 0.026452973 0.048641566 0.026616842 0.014546483 0.036858067 0.023560477 0.030432824 0.015823400 0.023431972 0.019923287 0.016323691 0.039093070 0.024455201 0.023139387 0.020728588 0.025079750 0.023844130 0.071870841 0.041758120 -0.022785895 0.023067920
0.024063624 0.026765645 0.007405403 0.049084589 0.016087811 0.019160114 0.015036781 0.019370634 0.017170217 0.038319297 0.022168528 0.035029165 0.024375100 0.022925159 0.029343449 0.007380973 0.015077975 0.034860581 0.015821358 0.029670320 0.012234664 0.024126051 0.013480700 0.015912486 0.024982939 0.028737864 0.014458138 0.018596010 0.014545221 0.022974733 0.051863059 0.042455614 0.023067920 -0.002556920
