0.000000000 0.065420561 0.043062203 0.176954731 0.005025126 0.103139013 0.103139013 0.122807018 0.099099100 0.170124486 0.145299152 0.186991870 0.159663871 0.074074075 0.019607844 0.024390243 0.065420561 0.134199128 0.099099100 0.152542368 0.082568809 0.141630903 0.047619049 0.118942730 0.163179919 0.145299152 0.107142858 0.082568809 0.069767445 0.103139013 0.283154130 0.137931034 0.196787149 0.019607844
0.065420561 0.000000000 0.022421524 0.112840466 0.070422538 0.037974682 0.037974682 0.057851240 0.033898305 0.105882354 0.080645159 0.123076923 0.095238097 0.008695652 0.045871560 0.041095890 0.000000000 0.069387756 0.033898305 0.088000000 0.017241379 0.076923080 0.017857144 0.053941909 0.098814227 0.080645159 0.042016808 0.017241379 0.004366812 0.037974682 0.221843004 0.073170729 0.133079842 0.045871560
0.043062203 0.022421524 0.000000000 0.134920642 0.048076924 0.060344826 0.060344826 0.080168776 0.056277055 0.128000006 0.102880657 0.145098045 0.117408909 0.031111112 0.023474179 0.018691588 0.022421524 0.091666669 0.056277055 0.110204078 0.039647575 0.099173553 0.004566210 0.076271184 0.120967738 0.102880657 0.064377680 0.039647575 0.026785715 0.060344826 0.243055552 0.095435686 0.155038759 0.023474179
0.176954731 0.112840466 0.134920642 0.000000000 0.181818187 0.075187966 0.075187966 0.055350553 0.079245284 0.007042253 0.032490976 0.010380623 0.017793594 0.104247101 0.157894731 0.153225809 0.112840466 0.043795619 0.079245284 0.025089607 0.095785439 0.036231883 0.130434781 0.059259258 0.014184397 0.032490976 0.071161047 0.095785439 0.108527131 0.075187966 0.111801244 0.039999999 0.020547945 0.157894731
0.005025126 0.070422538 0.048076924 0.181818187 0.000000000 0.108108111 0.108108111 0.127753302 0.104072399 0.174999997 0.150214598 0.191836730 0.164556965 0.079069771 0.024630541 0.029411765 0.070422538 0.139130428 0.104072399 0.157446802 0.087557606 0.146551728 0.052631579 0.123893805 0.168067232 0.150214598 0.112107620 0.087557606 0.074766353 0.108108111 0.287769794 0.142857149 0.201612905 0.024630541
0.103139013 0.037974682 0.060344826 0.075187966 0.108108111 0.000000000 0.000000000 0.019920319 0.004081632 0.068181820 0.042801555 0.085501857 0.057471264 0.029288704 0.083700441 0.078947365 0.037974682 0.031496063 0.004081632 0.050193049 0.020746889 0.039062500 0.055793993 0.016000001 0.061068702 0.042801555 0.004048583 0.020746889 0.033613447 0.000000000 0.185430467 0.035294119 0.095588237 0.083700441
0.103139013 0.037974682 0.060344826 0.075187966 0.108108111 0.000000000 0.000000000 0.019920319 0.004081632 0.068181820 0.042801555 0.085501857 0.057471264 0.029288704 0.083700441 0.078947365 0.037974682 0.031496063 0.004081632 0.050193049 0.020746889 0.039062500 0.055793993 0.016000001 0.061068702 0.042801555 0.004048583 0.020746889 0.033613447 0.000000000 0.185430467 0.035294119 0.095588237 0.083700441
0.122807018 0.057851240 0.080168776 0.055350553 0.127753302 0.019920319 0.019920319 0.000000000 0.024000000 0.048327137 0.022900764 0.065693431 0.037593983 0.049180329 0.103448279 0.098712444 0.057851240 0.011583012 0.024000000 0.030303031 0.040650405 0.019157087 0.075630255 0.003921569 0.041198503 0.022900764 0.015873017 0.040650405 0.053497944 0.019920319 0.166123778 0.015384615 0.075812273 0.103448279
0.099099100 0.033898305 0.056277055 0.079245284 0.104072399 0.004081632 0.004081632 0.024000000 0.000000000 0.072243348 0.046875000 0.089552239 0.061538462 0.025210084 0.079646021 0.074889868 0.033898305 0.035573121 0.000000000 0.054263566 0.016666668 0.043137256 0.051724140 0.020080321 0.065134101 0.046875000 0.008130081 0.016666668 0.029535865 0.004081632 0.189368770 0.039370079 0.099630997 0.079646021
0.170124486 0.105882354 0.128000006 0.007042253 0.174999997 0.068181820 0.068181820 0.048327137 0.072243348 0.000000000 0.025454545 0.017421603 0.010752688 0.097276263 0.151020408 0.146341458 0.105882354 0.036764707 0.072243348 0.018050542 0.088803090 0.029197080 0.123505980 0.052238807 0.007142857 0.025454545 0.064150944 0.088803090 0.101562500 0.068181820 0.118749999 0.032967035 0.027586207 0.151020408
0.145299152 0.080645159 0.102880657 0.032490976 0.150214598 0.042801555 0.042801555 0.022900764 0.046875000 0.025454545 0.000000000 0.042857144 0.014705882 0.071999997 0.126050428 0.121338911 0.080645159 0.011320755 0.046875000 0.007407407 0.063492067 0.003745318 0.098360658 0.026819924 0.018315019 0.000000000 0.038759690 0.063492067 0.076305218 0.042801555 0.143769965 0.007518797 0.053003535 0.126050428
0.186991870 0.123076923 0.145098045 0.010380623 0.191836730 0.085501857 0.085501857 0.065693431 0.089552239 0.017421603 0.042857144 0.000000000 0.028169014 0.114503816 0.167999998 0.163346618 0.123076923 0.054151624 0.089552239 0.035460994 0.106060609 0.046594981 0.140625000 0.069597073 0.024561403 0.042857144 0.081481479 0.106060609 0.118773945 0.085501857 0.101538464 0.050359711 0.010169491 0.167999998
0.159663871 0.095238097 0.117408909 0.017793594 0.164556965 0.057471264 0.057471264 0.037593983 0.061538462 0.010752688 0.014705882 0.028169014 0.000000000 0.086614177 0.140495867 0.135802463 0.095238097 0.026022306 0.061538462 0.007299270 0.078125000 0.018450184 0.112903222 0.041509435 0.003610108 0.014705882 0.053435113 0.078125000 0.090909094 0.057471264 0.129337534 0.022222223 0.038327526 0.140495867
0.074074075 0.008695652 0.031111112 0.104247101 0.079069771 0.029288704 0.029288704 0.049180329 0.025210084 0.097276263 0.071999997 0.114503816 0.086614177 0.000000000 0.054545455 0.049773756 0.008695652 0.060728744 0.025210084 0.079365082 0.008547009 0.068273090 0.026548672 0.045267489 0.090196081 0.071999997 0.033333335 0.008547009 0.004329004 0.029288704 0.213559315 0.064516127 0.124528304 0.054545455
0.019607844 0.045871560 0.023474179 0.157894731 0.024630541 0.083700441 0.083700441 0.103448279 0.079646021 0.151020408 0.126050428 0.167999998 0.140495867 0.054545455 0.000000000 0.004784689 0.045871560 0.114893615 0.079646021 0.133333340 0.063063063 0.122362867 0.028037382 0.099567100 0.144032925 0.126050428 0.087719299 0.063063063 0.050228309 0.083700441 0.265017658 0.118644066 0.177865610 0.000000000
0.024390243 0.041095890 0.018691588 0.153225809 0.029411765 0.078947365 0.078947365 0.098712444 0.074889868 0.146341458 0.121338911 0.163346618 0.135802463 0.049773756 0.004784689 0.000000000 0.041095890 0.110169493 0.074889868 0.128630713 0.058295965 0.117647059 0.023255814 0.094827585 0.139344260 0.121338911 0.082969435 0.058295965 0.045454547 0.078947365 0.260563374 0.113924049 0.173228353 0.004784689
0.065420561 0.000000000 0.022421524 0.112840466 0.070422538 0.037974682 0.037974682 0.057851240 0.033898305 0.105882354 0.080645159 0.123076923 0.095238097 0.008695652 0.045871560 0.041095890 0.000000000 0.069387756 0.033898305 0.088000000 0.017241379 0.076923080 0.017857144 0.053941909 0.098814227 0.080645159 0.042016808 0.017241379 0.004366812 0.037974682 0.221843004 0.073170729 0.133079842 0.045871560
0.134199128 0.069387756 0.091666669 0.043795619 0.139130428 0.031496063 0.031496063 0.011583012 0.035573121 0.036764707 0.011320755 0.054151624 0.026022306 0.060728744 0.114893615 0.110169493 0.069387756 0.000000000 0.035573121 0.018726591 0.052208837 0.007575758 0.087136932 0.015503876 0.029629629 0.011320755 0.027450981 0.052208837 0.065040648 0.031496063 0.154838711 0.003802281 0.064285718 0.114893615
0.099099100 0.033898305 0.056277055 0.079245284 0.104072399 0.004081632 0.004081632 0.024000000 0.000000000 0.072243348 0.046875000 0.089552239 0.061538462 0.025210084 0.079646021 0.074889868 0.033898305 0.035573121 0.000000000 0.054263566 0.016666668 0.043137256 0.051724140 0.020080321 0.065134101 0.046875000 0.008130081 0.016666668 0.029535865 0.004081632 0.189368770 0.039370079 0.099630997 0.079646021
0.152542368 0.088000000 0.110204078 0.025089607 0.157446802 0.050193049 0.050193049 0.030303031 0.054263566 0.018050542 0.007407407 0.035460994 0.007299270 0.079365082 0.133333340 0.128630713 0.088000000 0.018726591 0.054263566 0.000000000 0.070866145 0.011152416 0.105691060 0.034220532 0.010909091 0.007407407 0.046153847 0.070866145 0.083665341 0.050193049 0.136507943 0.014925373 0.045614034 0.133333340
0.082568809 0.017241379 0.039647575 0.095785439 0.087557606 0.020746889 0.020746889 0.040650405 0.016666668 0.088803090 0.063492067 0.106060609 0.078125000 0.008547009 0.063063063 0.058295965 0.017241379 0.052208837 0.016666668 0.070866145 0.000000000 0.059760958 0.035087720 0.036734693 0.081712060 0.063492067 0.024793388 0.000000000 0.012875536 0.020746889 0.205387205 0.056000002 0.116104871 0.063063063
0.141630903 0.076923080 0.099173553 0.036231883 0.146551728 0.039062500 0.039062500 0.019157087 0.043137256 0.029197080 0.003745318 0.046594981 0.018450184 0.068273090 0.122362867 0.117647059 0.076923080 0.007575758 0.043137256 0.011152416 0.059760958 0.000000000 0.094650209 0.023076924 0.022058824 0.003745318 0.035019454 0.059760958 0.072580643 0.039062500 0.147435904 0.003773585 0.056737587 0.122362867
0.047619049 0.017857144 0.004566210 0.130434781 0.052631579 0.055793993 0.055793993 0.075630255 0.051724140 0.123505980 0.098360658 0.140625000 0.112903222 0.026548672 0.028037382 0.023255814 0.017857144 0.087136932 0.051724140 0.105691060 0.035087720 0.094650209 0.000000000 0.071729958 0.116465867 0.098360658 0.059829060 0.035087720 0.022222223 0.055793993 0.238754332 0.090909094 0.150579154 0.028037382
0.118942730 0.053941909 0.076271184 0.059259258 0.123893805 0.016000001 0.016000001 0.003921569 0.020080321 0.052238807 0.026819924 0.069597073 0.041509435 0.045267489 0.099567100 0.094827585 0.053941909 0.015503876 0.020080321 0.034220532 0.036734693 0.023076924 0.071729958 0.000000000 0.045112781 0.026819924 0.011952192 0.036734693 0.049586777 0.016000001 0.169934645 0.019305019 0.079710148 0.099567100
0.163179919 0.098814227 0.120967738 0.014184397 0.168067232 0.061068702 0.061068702 0.041198503 0.065134101 0.007142857 0.018315019 0.024561403 0.003610108 0.090196081 0.144032925 0.139344260 0.098814227 0.029629629 0.065134101 0.010909091 0.081712060 0.022058824 0.116465867 0.045112781 0.000000000 0.018315019 0.057034221 0.081712060 0.094488189 0.061068702 0.125786170 0.025830258 0.034722224 0.144032925
0.145299152 0.080645159 0.102880657 0.032490976 0.150214598 0.042801555 0.042801555 0.022900764 0.046875000 0.025454545 0.000000000 0.042857144 0.014705882 0.071999997 0.126050428 0.121338911 0.080645159 0.011320755 0.046875000 0.007407407 0.063492067 0.003745318 0.098360658 0.026819924 0.018315019 0.000000000 0.038759690 0.063492067 0.076305218 0.042801555 0.143769965 0.007518797 0.053003535 0.126050428
0.107142858 0.042016808 0.064377680 0.071161047 0.112107620 0.004048583 0.004048583 0.015873017 0.008130081 0.064150944 0.038759690 0.081481479 0.053435113 0.033333335 0.087719299 0.082969435 0.042016808 0.027450981 0.008130081 0.046153847 0.024793388 0.035019454 0.059829060 0.011952192 0.057034221 0.038759690 0.000000000 0.024793388 0.037656903 0.004048583 0.181518152 0.031250000 0.091575094 0.087719299
0.082568809 0.017241379 0.039647575 0.095785439 0.087557606 0.020746889 0.020746889 0.040650405 0.016666668 0.088803090 0.063492067 0.106060609 0.078125000 0.008547009 0.063063063 0.058295965 0.017241379 0.052208837 0.016666668 0.070866145 0.000000000 0.059760958 0.035087720 0.036734693 0.081712060 0.063492067 0.024793388 0.000000000 0.012875536 0.020746889 0.205387205 0.056000002 0.116104871 0.063063063
0.069767445 0.004366812 0.026785715 0.108527131 0.074766353 0.033613447 0.033613447 0.053497944 0.029535865 0.101562500 0.076305218 0.118773945 0.090909094 0.004329004 0.050228309 0.045454547 0.004366812 0.065040648 0.029535865 0.083665341 0.012875536 0.072580643 0.022222223 0.049586777 0.094488189 0.076305218 0.037656903 0.012875536 0.000000000 0.033613447 0.217687070 0.068825908 0.128787875 0.050228309
0.103139013 0.037974682 0.060344826 0.075187966 0.108108111 0.000000000 0.000000000 0.019920319 0.004081632 0.068181820 0.042801555 0.085501857 0.057471264 0.029288704 0.083700441 0.078947365 0.037974682 0.031496063 0.004081632 0.050193049 0.020746889 0.039062500 0.055793993 0.016000001 0.061068702 0.042801555 0.004048583 0.020746889 0.033613447 0.000000000 0.185430467 0.035294119 0.095588237 0.083700441
0.283154130 0.221843004 0.243055552 0.111801244 0.287769794 0.185430467 0.185430467 0.166123778 0.189368770 0.118749999 0.143769965 0.101538464 0.129337534 0.213559315 0.265017658 0.260563374 0.221843004 0.154838711 0.189368770 0.136507943 0.205387205 0.147435904 0.238754332 0.169934645 0.125786170 0.143769965 0.181518152 0.205387205 0.217687070 0.185430467 0.000000000 0.151125401 0.091463417 0.265017658
0.137931034 0.073170729 0.095435686 0.039999999 0.142857149 0.035294119 0.035294119 0.015384615 0.039370079 0.032967035 0.007518797 0.050359711 0.022222223 0.064516127 0.118644066 0.113924049 0.073170729 0.003802281 0.039370079 0.014925373 0.056000002 0.003773585 0.090909094 0.019305019 0.025830258 0.007518797 0.031250000 0.056000002 0.068825908 0.035294119 0.151125401 0.000000000 0.060498219 0.118644066
0.196787149 0.133079842 0.155038759 0.020547945 0.201612905 0.095588237 0.095588237 0.075812273 0.099630997 0.027586207 0.053003535 0.010169491 0.038327526 0.124528304 0.177865610 0.173228353 0.133079842 0.064285718 0.099630997 0.045614034 0.116104871 0.056737587 0.150579154 0.079710148 0.034722224 0.053003535 0.091575094 0.116104871 0.128787875 0.095588237 0.091463417 0.060498219 0.000000000 0.177865610
0.019607844 0.045871560 0.023474179 0.157894731 0.024630541 0.083700441 0.083700441 0.103448279 0.079646021 0.151020408 0.126050428 0.167999998 0.140495867 0.054545455 0.000000000 0.004784689 0.045871560 0.114893615 0.079646021 0.133333340 0.063063063 0.122362867 0.028037382 0.099567100 0.144032925 0.126050428 0.087719299 0.063063063 0.050228309 0.083700441 0.265017658 0.118644066 0.177865610 0.000000000
