0.016017195 0.049930230 0.023285313 0.068841979 0.028140578 0.042174056 0.035839193 0.040292446 0.040455095 0.058848280 0.048814364 0.059957109 0.049854197 0.041748889 0.029677467 0.021594981 0.031195242 0.057512153 0.040485132 0.049211811 0.033424426 0.047861416 0.023792999 0.038045909 0.048118562 0.057029471 0.041884214 0.039865650 0.024021180 0.048210692 0.081114605 0.065593749 0.036928490 0.028678343
0.049930230 -0.054564577 0.014181079 0.052368432 0.020023549 0.024134329 0.018997431 0.019278646 0.031675838 0.038279846 0.024824945 0.037806798 0.024725087 0.020248048 0.043440357 0.029834190 0.019248497 0.030046172 0.024251906 0.033833720 0.023966346 0.022260468 0.037170306 0.018292580 0.002043809 0.024829332 0.022491043 0.022687644 0.033239067 0.031012200 0.069553345 0.029072512 0.027071109 0.026977699
0.023285313 0.014181079 -0.001322226 0.040247500 0.010258409 0.011053338 -0.000243465 0.003809123 0.004632733 0.027754510 0.011938230 0.029022209 0.015309505 0.009913713 0.028737873 0.015289684 0.003160695 0.024692856 0.011324592 0.019510590 0.002615174 0.009858182 0.012224443 0.001277780 0.017103162 0.020323567 0.002861279 0.006382436 0.012683068 0.010519033 0.053201742 0.030229412 0.017938549 0.006434687
0.068841979 0.052368432 0.040247500 0.008053564 0.043309681 0.040901616 0.033480082 0.033385210 0.044269651 0.010875967 0.033934977 0.024185620 0.024222720 0.032153845 0.070773587 0.076647028 0.047662571 0.025887700 0.039917808 0.028086519 0.050298177 0.037283149 0.068027452 0.033302803 0.038288828 0.028233055 0.042351939 0.042312145 0.064006619 0.035625152 0.034511626 0.019458283 0.048005272 0.052740399
0.028140578 0.020023549 0.010258409 0.043309681 -0.003207141 0.019590583 0.009840483 0.015823331 0.021545690 0.033053689 0.020094797 0.029561833 0.021815028 0.016395822 0.028741997 0.024549449 0.013501136 0.027312910 0.021137338 0.027085923 0.012275253 0.028497551 0.018629171 0.015371087 0.018687896 0.025847470 0.012817939 0.017546313 0.017677493 0.016832212 0.052891079 0.038844652 0.023515008 0.015731176
0.042174056 0.024134329 0.011053338 0.040901616 0.019590583 -0.014393372 0.006272864 0.007946264 0.011317557 0.028130831 0.013467122 0.032359902 0.011962775 0.011698065 0.042408846 0.032964110 0.012686830 0.026335958 0.015938796 0.025682233 0.014124853 0.018104276 0.028306462 0.009793689 0.019742172 0.025915839 0.008300068 0.013228345 0.027300626 0.011322260 0.051815107 0.032647412 0.029931355 0.019914975
0.035839193 0.018997431 -0.000243465 0.033480082 0.009840483 0.006272864 -0.010238602 -0.002298860 0.003058429 0.020963464 0.003868863 0.020951955 0.007698924 0.002814432 0.035367597 0.027536301 0.007437859 0.017282471 0.011349033 0.008741202 0.003843005 0.007717635 0.022679783 -0.001802198 0.017585719 0.009986952 -0.001028826 0.002748466 0.019015012 -0.002857251 0.049983378 0.026612472 0.021041483 0.012869475
0.040292446 0.019278646 0.003809123 0.033385210 0.015823331 0.007946264 -0.002298860 -0.002952335 0.008042878 0.018631114 0.007004336 0.022058817 0.003551705 0.001438574 0.040925711 0.031154480 0.014158444 0.016488440 0.011675961 0.010645627 0.010350527 0.012716923 0.028993782 0.000920895 0.006828327 0.011565253 -0.000316694 0.010302863 0.025637168 0.006700906 0.043796942 0.025149141 0.030217580 0.019299448
0.040455095 0.031675838 0.004632733 0.044269651 0.021545690 0.011317557 0.003058429 0.008042878 -0.001581491 0.031523935 0.008164948 0.028196093 0.012673465 0.010606084 0.042669415 0.025363412 0.006408412 0.025427278 0.013353474 0.016723800 0.009438742 0.000128259 0.018383700 0.002599107 0.028237995 0.014444284 0.000931264 0.003284518 0.020024404 0.000790567 0.064532816 0.039330702 0.028518278 0.017543584
0.058848280 0.038279846 0.027754510 0.010875967 0.033053689 0.028130831 0.020963464 0.018631114 0.031523935 0.007190249 0.017911155 0.010373984 0.009810081 0.019424878 0.059610322 0.060538203 0.035806827 0.010190335 0.027631372 0.012084972 0.037576605 0.024594698 0.055194907 0.023254883 0.022638660 0.008149141 0.027702488 0.032078534 0.051518649 0.023185045 0.024934310 0.006841090 0.034791589 0.040001296
0.048814364 0.024824945 0.011938230 0.033934977 0.020094797 0.013467122 0.003868863 0.007004336 0.008164948 0.017911155 -0.004306971 0.022024252 0.007375849 0.008514907 0.049748216 0.042553946 0.018323958 0.014038457 0.016354777 0.011159065 0.016676346 0.017197488 0.036387853 0.005378559 0.017585570 0.010128330 0.006663391 0.013306249 0.034139995 0.008549289 0.052157860 0.019570023 0.026452750 0.024115574
0.059957109 0.037806798 0.029022209 0.024185620 0.029561833 0.032359902 0.020951955 0.022058817 0.028196093 0.010373984 0.022024252 0.004341863 0.017598769 0.018920872 0.061260052 0.056996193 0.033435971 0.015303647 0.025646821 0.014826504 0.032548293 0.023730673 0.051996753 0.022806261 0.028294697 0.009717576 0.025138751 0.027549462 0.047796749 0.021788545 0.048042677 0.020394122 0.038843364 0.039006457
0.049854197 0.024725087 0.015309505 0.024222720 0.021815028 0.011962775 0.007698924 0.003551705 0.012673465 0.009810081 0.007375849 0.017598769 -0.011183502 0.007232643 0.050605074 0.049387425 0.019712852 0.014462452 0.016460828 0.008253639 0.019808535 0.010597858 0.039434019 0.005927077 0.011569574 0.008442467 0.005975520 0.014372455 0.036900759 0.007235278 0.041060776 0.011890881 0.026643967 0.025466729
0.041748889 0.020248048 0.009913713 0.032153845 0.016395822 0.011698065 0.002814432 0.001438574 0.010606084 0.019424878 0.008514907 0.018920872 0.007232643 -0.008331321 0.039951384 0.037047252 0.012152167 0.015306540 0.009038059 0.012575887 0.011173701 0.012709329 0.029192148 0.006832197 0.012807425 0.009471100 0.002572884 0.009950019 0.026489973 0.005578415 0.044672079 0.023513656 0.027769003 0.019882251
0.029677467 0.043440357 0.028737873 0.070773587 0.028741997 0.042408846 0.035367597 0.040925711 0.042669415 0.059610322 0.049748216 0.061260052 0.050605074 0.039951384 0.019406309 0.015005649 0.030319426 0.061057299 0.036968902 0.049619108 0.037313089 0.047125321 0.031893514 0.037111662 0.040434565 0.060734689 0.041909136 0.037465215 0.027029613 0.045087609 0.069841444 0.069052853 0.040542670 0.031260334
0.021594981 0.029834190 0.015289684 0.076647028 0.024549449 0.032964110 0.027536301 0.031154480 0.025363412 0.060538203 0.042553946 0.056996193 0.049387425 0.037047252 0.015005649 -0.012201974 0.016252151 0.059281401 0.027841581 0.046978813 0.018880118 0.034037985 0.006238417 0.028553927 0.033617109 0.056877498 0.026283743 0.026956890 0.008693572 0.036704421 0.076265618 0.072795980 0.030992310 0.010504236
0.031195242 0.019248497 0.003160695 0.047662571 0.013501136 0.012686830 0.007437859 0.014158444 0.006408412 0.035806827 0.018323958 0.033435971 0.019712852 0.012152167 0.030319426 0.016252151 -0.009583629 0.030814059 0.012668824 0.023226745 0.006941605 0.013697751 0.010290377 0.007266107 0.023976654 0.024628583 0.006923283 0.006679611 0.012380219 0.012210641 0.064797886 0.037819535 0.011349420 0.016614564
0.057512153 0.030046172 0.024692856 0.025887700 0.027312910 0.026335958 0.017282471 0.016488440 0.025427278 0.010190335 0.014038457 0.015303647 0.014462452 0.015306540 0.061057299 0.059281401 0.030814059 -0.005874880 0.025030334 0.018543182 0.030859474 0.023585798 0.053881310 0.018779159 0.023491902 0.010367393 0.018795162 0.026278187 0.047532167 0.019269167 0.042607550 0.020685244 0.035376266 0.035106391
0.040485132 0.024251906 0.011324592 0.039917808 0.021137338 0.015938796 0.011349033 0.011675961 0.013353474 0.027631372 0.016354777 0.025646821 0.016460828 0.009038059 0.036968902 0.027841581 0.012668824 0.025030334 -0.006057043 0.022662148 0.012247845 0.013869501 0.025815738 0.013868093 0.022166021 0.017555166 0.012363671 0.013037272 0.020267360 0.013186463 0.055678003 0.028539235 0.023234237 0.016232539
0.049211811 0.033833720 0.019510590 0.028086519 0.027085923 0.025682233 0.008741202 0.010645627 0.016723800 0.012084972 0.011159065 0.014826504 0.008253639 0.012575887 0.049619108 0.046978813 0.023226745 0.018543182 0.022662148 0.001442100 0.026412100 0.017392494 0.041928247 0.013872142 0.018498512 0.014564635 0.014218429 0.020631395 0.035874564 0.013683430 0.045034986 0.021000329 0.030908762 0.028967200
0.033424426 0.023966346 0.002615174 0.050298177 0.012275253 0.014124853 0.003843005 0.010350527 0.009438742 0.037576605 0.016676346 0.032548293 0.019808535 0.011173701 0.037313089 0.018880118 0.006941605 0.030859474 0.012247845 0.026412100 -0.005385549 0.013022795 0.013531740 0.004392102 0.024375945 0.023711972 0.006288902 0.007906495 0.015891513 0.014143296 0.068374179 0.037549332 0.016279779 0.010132000
0.047861416 0.022260468 0.009858182 0.037283149 0.028497551 0.018104276 0.007717635 0.012716923 0.000128259 0.024594698 0.017197488 0.023730673 0.010597858 0.012709329 0.047125321 0.034037985 0.013697751 0.023585798 0.013869501 0.017392494 0.013022795 -0.023155812 0.025975065 0.001367962 0.025216600 0.011896480 0.011511921 0.013597956 0.027532943 0.012324857 0.061157387 0.027242605 0.022790689 0.022837251
0.023792999 0.037170306 0.012224443 0.068027452 0.018629171 0.028306462 0.022679783 0.028993782 0.018383700 0.055194907 0.036387853 0.051996753 0.039434019 0.029192148 0.031893514 0.006238417 0.010290377 0.053881310 0.025815738 0.041928247 0.013531740 0.025975065 -0.004511602 0.022401916 0.033531051 0.049116235 0.022377741 0.022861023 0.012964601 0.029355640 0.076579779 0.062294111 0.024485460 0.012124847
0.038045909 0.018292580 0.001277780 0.033302803 0.015371087 0.009793689 -0.001802198 0.000920895 0.002599107 0.023254883 0.005378559 0.022806261 0.005927077 0.006832197 0.037111662 0.028553927 0.007266107 0.018779159 0.013868093 0.013872142 0.004392102 0.001367962 0.022401916 -0.002797133 0.015700944 0.010675851 -0.001732784 0.003181334 0.018253604 0.001278189 0.049835552 0.026748033 0.018239653 0.014690523
0.048118562 0.002043809 0.017103162 0.038288828 0.018687896 0.019742172 0.017585719 0.006828327 0.028237995 0.022638660 0.017585570 0.028294697 0.011569574 0.012807425 0.040434565 0.033617109 0.023976654 0.023491902 0.022166021 0.018498512 0.024375945 0.025216600 0.033531051 0.015700944 -0.031803947 0.018180069 0.013803551 0.017067332 0.035600469 0.021303039 0.055156410 0.029801713 0.034167249 0.022062233
0.057029471 0.024829332 0.020323567 0.028233055 0.025847470 0.025915839 0.009986952 0.011565253 0.014444284 0.008149141 0.010128330 0.009717576 0.008442467 0.009471100 0.060734689 0.056877498 0.024628583 0.010367393 0.017555166 0.014564635 0.023711972 0.011896480 0.049116235 0.010675851 0.018180069 -0.007010259 0.013066788 0.018473951 0.042493343 0.009146731 0.050977126 0.016804477 0.030261092 0.031748563
0.041884214 0.022491043 0.002861279 0.042351939 0.012817939 0.008300068 -0.001028826 -0.000316694 0.000931264 0.027702488 0.006663391 0.025138751 0.005975520 0.002572884 0.041909136 0.026283743 0.006923283 0.018795162 0.012363671 0.014218429 0.006288902 0.011511921 0.022377741 -0.001732784 0.013803551 0.013066788 -0.010217591 0.003807684 0.021802077 0.000558298 0.058745164 0.037415922 0.023744561 0.013236235
0.039865650 0.022687644 0.006382436 0.042312145 0.017546313 0.013228345 0.002748466 0.010302863 0.003284518 0.032078534 0.013306249 0.027549462 0.014372455 0.009950019 0.037465215 0.026956890 0.006679611 0.026278187 0.013037272 0.020631395 0.007906495 0.013597956 0.022861023 0.003181334 0.017067332 0.018473951 0.003807684 -0.002023354 0.021900760 0.006829628 0.058206614 0.033815827 0.022175249 0.017128304
0.024021180 0.033239067 0.012683068 0.064006619 0.017677493 0.027300626 0.019015012 0.025637168 0.020024404 0.051518649 0.034139995 0.047796749 0.036900759 0.026489973 0.027029613 0.008693572 0.012380219 0.047532167 0.020267360 0.035874564 0.015891513 0.027532943 0.012964601 0.018253604 0.035600469 0.042493343 0.021802077 0.021900760 -0.000865714 0.028028125 0.074352607 0.059714902 0.026500436 0.017355232
0.048210692 0.031012200 0.010519033 0.035625152 0.016832212 0.011322260 -0.002857251 0.006700906 0.000790567 0.023185045 0.008549289 0.021788545 0.007235278 0.005578415 0.045087609 0.036704421 0.012210641 0.019269167 0.013186463 0.013683430 0.014143296 0.012324857 0.029355640 0.001278189 0.021303039 0.009146731 0.000558298 0.006829628 0.028028125 -0.018712154 0.057459455 0.033554688 0.025757294 0.023468599
0.081114605 0.069553345 0.053201742 0.034511626 0.052891079 0.051815107 0.049983378 0.043796942 0.064532816 0.024934310 0.052157860 0.048042677 0.041060776 0.044672079 0.069841444 0.076265618 0.064797886 0.042607550 0.055678003 0.045034986 0.068374179 0.061157387 0.076579779 0.049835552 0.055156410 0.050977126 0.058745164 0.058206614 0.074352607 0.057459455 -0.000545684 0.046215616 0.065937355 0.056946360
0.065593749 0.029072512 0.030229412 0.019458283 0.038844652 0.032647412 0.026612472 0.025149141 0.039330702 0.006841090 0.019570023 0.020394122 0.011890881 0.023513656 0.069052853 0.072795980 0.037819535 0.020685244 0.028539235 0.021000329 0.037549332 0.027242605 0.062294111 0.026748033 0.029801713 0.016804477 0.037415922 0.033815827 0.059714902 0.033554688 0.046215616 -0.009822764 0.045482233 0.044550225
0.036928490 0.027071109 0.017938549 0.048005272 0.023515008 0.029931355 0.021041483 0.030217580 0.028518278 0.034791589 0.026452750 0.038843364 0.026643967 0.027769003 0.040542670 0.030992310 0.011349420 0.035376266 0.023234237 0.030908762 0.016279779 0.022790689 0.024485460 0.018239653 0.034167249 0.030261092 0.023744561 0.022175249 0.026500436 0.025757294 0.065937355 0.045482233 -0.014819935 0.029059837
0.028678343 0.026977699 0.006434687 0.052740399 0.015731176 0.019914975 0.012869475 0.019299448 0.017543584 0.040001296 0.024115574 0.039006457 0.025466729 0.019882251 0.031260334 0.010504236 0.016614564 0.035106391 0.016232539 0.028967200 0.010132000 0.022837251 0.012124847 0.014690523 0.022062233 0.031748563 0.013236235 0.017128304 0.017355232 0.023468599 0.056946360 0.044550225 0.029059837 -0.000538906
