0.000000000 0.085470088 0.108333334 0.167315170 0.036036037 0.164062500 0.140562251 0.126530617 0.164062500 0.160784319 0.170542642 0.164062500 0.104602508 0.104602508 0.049019609 0.004694836 0.073593073 0.157480314 0.077586204 0.201492533 0.089361705 0.160784319 0.065502182 0.154150203 0.170542642 0.143999994 0.093220338 0.126530617 0.040358745 0.119341567 0.291390717 0.143999994 0.031674210 0.031674210
0.085470088 0.000000000 0.023076924 0.083032489 0.049586777 0.079710148 0.055762082 0.041509435 0.079710148 0.076363638 0.086330935 0.079710148 0.019305019 0.019305019 0.133928567 0.090128757 0.011952192 0.072992697 0.007936508 0.118055552 0.003921569 0.076363638 0.020080321 0.069597073 0.086330935 0.059259258 0.007812500 0.041509435 0.045267489 0.034220532 0.211180121 0.059259258 0.053941909 0.053941909
0.108333334 0.023076924 0.000000000 0.060070671 0.072580643 0.056737587 0.032727271 0.018450184 0.056737587 0.053380784 0.063380279 0.056737587 0.003773585 0.003773585 0.156521738 0.112970710 0.035019454 0.050000001 0.031007752 0.095238097 0.019157087 0.053380784 0.043137256 0.046594981 0.063380279 0.036231883 0.015267176 0.018450184 0.068273090 0.011152416 0.189024389 0.036231883 0.076923080 0.076923080
0.167315170 0.083032489 0.060070671 0.000000000 0.132075474 0.003344482 0.027397260 0.041666668 0.003344482 0.006711409 0.003322259 0.003344482 0.063829787 0.063829787 0.214574903 0.171875000 0.094890513 0.010101010 0.090909094 0.035369776 0.079136692 0.006711409 0.102941178 0.013513514 0.003322259 0.023890786 0.075268820 0.041666668 0.127819553 0.048951048 0.130434781 0.023890786 0.136363640 0.136363640
0.036036037 0.049586777 0.072580643 0.132075474 0.000000000 0.128787875 0.105058365 0.090909094 0.128787875 0.125475287 0.135338351 0.128787875 0.068825908 0.068825908 0.084905662 0.040723983 0.037656903 0.122137405 0.041666668 0.166666672 0.053497944 0.125475287 0.029535865 0.118773945 0.135338351 0.108527131 0.057377048 0.090909094 0.004329004 0.083665341 0.258064508 0.108527131 0.004366812 0.004366812
0.164062500 0.079710148 0.056737587 0.003344482 0.128787875 0.000000000 0.024054984 0.038327526 0.000000000 0.003367003 0.006666667 0.000000000 0.060498219 0.060498219 0.211382121 0.168627456 0.091575094 0.006756757 0.087591238 0.038709678 0.075812273 0.003367003 0.099630997 0.010169491 0.006666667 0.020547945 0.071942449 0.038327526 0.124528304 0.045614034 0.133720934 0.020547945 0.133079842 0.133079842
0.140562251 0.055762082 0.032727271 0.027397260 0.105058365 0.024054984 0.000000000 0.014285714 0.024054984 0.020689655 0.030716723 0.024054984 0.036496349 0.036496349 0.188284516 0.145161286 0.067669176 0.017301038 0.063670412 0.062706269 0.051851850 0.020689655 0.075757578 0.013888889 0.030716723 0.003508772 0.047970481 0.014285714 0.100775197 0.021582734 0.157270029 0.003508772 0.109375000 0.109375000
0.126530617 0.041509435 0.018450184 0.041666668 0.090909094 0.038327526 0.014285714 0.000000000 0.038327526 0.034965035 0.044982698 0.038327526 0.022222223 0.022222223 0.174468085 0.131147534 0.053435113 0.031578947 0.049429659 0.076923080 0.037593983 0.034965035 0.061538462 0.028169014 0.044982698 0.017793594 0.033707865 0.000000000 0.086614177 0.007299270 0.171171173 0.017793594 0.095238097 0.095238097
0.164062500 0.079710148 0.056737587 0.003344482 0.128787875 0.000000000 0.024054984 0.038327526 0.000000000 0.003367003 0.006666667 0.000000000 0.060498219 0.060498219 0.211382121 0.168627456 0.091575094 0.006756757 0.087591238 0.038709678 0.075812273 0.003367003 0.099630997 0.010169491 0.006666667 0.020547945 0.071942449 0.038327526 0.124528304 0.045614034 0.133720934 0.020547945 0.133079842 0.133079842
0.160784319 0.076363638 0.053380784 0.006711409 0.125475287 0.003367003 0.020689655 0.034965035 0.003367003 0.000000000 0.010033445 0.003367003 0.057142857 0.057142857 0.208163261 0.165354326 0.088235296 0.003389830 0.084249087 0.042071197 0.072463766 0.000000000 0.096296296 0.006802721 0.010033445 0.017182130 0.068592057 0.034965035 0.121212125 0.042253520 0.137026235 0.017182130 0.129770994 0.129770994
0.170542642 0.086330935 0.063380279 0.003322259 0.135338351 0.006666667 0.030716723 0.044982698 0.006666667 0.010033445 0.000000000 0.006666667 0.067137808 0.067137808 0.217741936 0.175097272 0.098181821 0.013422819 0.094202898 0.032051284 0.082437277 0.010033445 0.106227107 0.016835017 0.000000000 0.027210884 0.078571431 0.044982698 0.131086141 0.052264810 0.127167627 0.027210884 0.139622644 0.139622644
0.164062500 0.079710148 0.056737587 0.003344482 0.128787875 0.000000000 0.024054984 0.038327526 0.000000000 0.003367003 0.006666667 0.000000000 0.060498219 0.060498219 0.211382121 0.168627456 0.091575094 0.006756757 0.087591238 0.038709678 0.075812273 0.003367003 0.099630997 0.010169491 0.006666667 0.020547945 0.071942449 0.038327526 0.124528304 0.045614034 0.133720934 0.020547945 0.133079842 0.133079842
0.104602508 0.019305019 0.003773585 0.063829787 0.068825908 0.060498219 0.036496349 0.022222223 0.060498219 0.057142857 0.067137808 0.060498219 0.000000000 0.000000000 0.152838424 0.109243698 0.031250000 0.053763442 0.027237354 0.098976113 0.015384615 0.057142857 0.039370079 0.050359711 0.067137808 0.039999999 0.011494253 0.022222223 0.064516127 0.014925373 0.192660555 0.039999999 0.073170729 0.073170729
0.104602508 0.019305019 0.003773585 0.063829787 0.068825908 0.060498219 0.036496349 0.022222223 0.060498219 0.057142857 0.067137808 0.060498219 0.000000000 0.000000000 0.152838424 0.109243698 0.031250000 0.053763442 0.027237354 0.098976113 0.015384615 0.057142857 0.039370079 0.050359711 0.067137808 0.039999999 0.011494253 0.022222223 0.064516127 0.014925373 0.192660555 0.039999999 0.073170729 0.073170729
0.049019609 0.133928567 0.156521738 0.214574903 0.084905662 0.211382121 0.188284516 0.174468085 0.211382121 0.208163261 0.217741936 0.211382121 0.152838424 0.152838424 0.000000000 0.044334974 0.122171946 0.204918027 0.126126125 0.248062015 0.137777776 0.208163261 0.114155248 0.201646090 0.217741936 0.191666663 0.141592920 0.174468085 0.089201875 0.167381972 0.335616440 0.191666663 0.080568723 0.080568723
0.004694836 0.090128757 0.112970710 0.171875000 0.040723983 0.168627456 0.145161286 0.131147534 0.168627456 0.165354326 0.175097272 0.168627456 0.109243698 0.109243698 0.044334974 0.000000000 0.078260869 0.162055343 0.082251079 0.205992505 0.094017096 0.165354326 0.070175439 0.158730164 0.175097272 0.148594379 0.097872339 0.131147534 0.045045044 0.123966940 0.295681059 0.148594379 0.036363635 0.036363635
0.073593073 0.011952192 0.035019454 0.094890513 0.037656903 0.091575094 0.067669176 0.053435113 0.091575094 0.088235296 0.098181821 0.091575094 0.031250000 0.031250000 0.122171946 0.078260869 0.000000000 0.084870845 0.004016064 0.129824564 0.015873017 0.088235296 0.008130081 0.081481479 0.098181821 0.071161047 0.019762846 0.053435113 0.033333335 0.046153847 0.222570539 0.071161047 0.042016808 0.042016808
0.157480314 0.072992697 0.050000001 0.010101010 0.122137405 0.006756757 0.017301038 0.031578947 0.006756757 0.003389830 0.013422819 0.006756757 0.053763442 0.053763442 0.204918027 0.162055343 0.084870845 0.000000000 0.080882356 0.045454547 0.069090910 0.003389830 0.092936806 0.003412969 0.013422819 0.013793103 0.065217391 0.031578947 0.117870726 0.038869258 0.140350878 0.013793103 0.126436785 0.126436785
0.077586204 0.007936508 0.031007752 0.090909094 0.041666668 0.087591238 0.063670412 0.049429659 0.087591238 0.084249087 0.094202898 0.087591238 0.027237354 0.027237354 0.126126125 0.082251079 0.004016064 0.080882356 0.000000000 0.125874132 0.011857707 0.084249087 0.012145749 0.077490777 0.094202898 0.067164183 0.015748031 0.049429659 0.037344400 0.042145595 0.218750000 0.067164183 0.046025105 0.046025105
0.201492533 0.118055552 0.095238097 0.035369776 0.166666672 0.038709678 0.062706269 0.076923080 0.038709678 0.042071197 0.032051284 0.038709678 0.098976113 0.098976113 0.248062015 0.205992505 0.129824564 0.045454547 0.125874132 0.000000000 0.114186853 0.042071197 0.137809187 0.048859935 0.032051284 0.059210528 0.110344827 0.076923080 0.162454873 0.084175088 0.095505618 0.059210528 0.170909092 0.170909092
0.089361705 0.003921569 0.019157087 0.079136692 0.053497944 0.075812273 0.051851850 0.037593983 0.075812273 0.072463766 0.082437277 0.075812273 0.015384615 0.015384615 0.137777776 0.094017096 0.015873017 0.069090910 0.011857707 0.114186853 0.000000000 0.072463766 0.024000000 0.065693431 0.082437277 0.055350553 0.003891051 0.037593983 0.049180329 0.030303031 0.207430348 0.055350553 0.057851240 0.057851240
0.160784319 0.076363638 0.053380784 0.006711409 0.125475287 0.003367003 0.020689655 0.034965035 0.003367003 0.000000000 0.010033445 0.003367003 0.057142857 0.057142857 0.208163261 0.165354326 0.088235296 0.003389830 0.084249087 0.042071197 0.072463766 0.000000000 0.096296296 0.006802721 0.010033445 0.017182130 0.068592057 0.034965035 0.121212125 0.042253520 0.137026235 0.017182130 0.129770994 0.129770994
0.065502182 0.020080321 0.043137256 0.102941178 0.029535865 0.099630997 0.075757578 0.061538462 0.099630997 0.096296296 0.106227107 0.099630997 0.039370079 0.039370079 0.114155248 0.070175439 0.008130081 0.092936806 0.012145749 0.137809187 0.024000000 0.096296296 0.000000000 0.089552239 0.106227107 0.079245284 0.027888447 0.061538462 0.025210084 0.054263566 0.230283916 0.079245284 0.033898305 0.033898305
0.154150203 0.069597073 0.046594981 0.013513514 0.118773945 0.010169491 0.013888889 0.028169014 0.010169491 0.006802721 0.016835017 0.010169491 0.050359711 0.050359711 0.201646090 0.158730164 0.081481479 0.003412969 0.077490777 0.048859935 0.065693431 0.006802721 0.089552239 0.000000000 0.016835017 0.010380623 0.061818182 0.028169014 0.114503816 0.035460994 0.143695012 0.010380623 0.123076923 0.123076923
0.170542642 0.086330935 0.063380279 0.003322259 0.135338351 0.006666667 0.030716723 0.044982698 0.006666667 0.010033445 0.000000000 0.006666667 0.067137808 0.067137808 0.217741936 0.175097272 0.098181821 0.013422819 0.094202898 0.032051284 0.082437277 0.010033445 0.106227107 0.016835017 0.000000000 0.027210884 0.078571431 0.044982698 0.131086141 0.052264810 0.127167627 0.027210884 0.139622644 0.139622644
0.143999994 0.059259258 0.036231883 0.023890786 0.108527131 0.020547945 0.003508772 0.017793594 0.020547945 0.017182130 0.027210884 0.020547945 0.039999999 0.039999999 0.191666663 0.148594379 0.071161047 0.013793103 0.067164183 0.059210528 0.055350553 0.017182130 0.079245284 0.010380623 0.027210884 0.000000000 0.051470589 0.017793594 0.104247101 0.025089607 0.153846160 0.000000000 0.112840466 0.112840466
0.093220338 0.007812500 0.015267176 0.075268820 0.057377048 0.071942449 0.047970481 0.033707865 0.071942449 0.068592057 0.078571431 0.071942449 0.011494253 0.011494253 0.141592920 0.097872339 0.019762846 0.065217391 0.015748031 0.110344827 0.003891051 0.068592057 0.027888447 0.061818182 0.078571431 0.051470589 0.000000000 0.033707865 0.053061225 0.026415095 0.203703701 0.051470589 0.061728396 0.061728396
0.126530617 0.041509435 0.018450184 0.041666668 0.090909094 0.038327526 0.014285714 0.000000000 0.038327526 0.034965035 0.044982698 0.038327526 0.022222223 0.022222223 0.174468085 0.131147534 0.053435113 0.031578947 0.049429659 0.076923080 0.037593983 0.034965035 0.061538462 0.028169014 0.044982698 0.017793594 0.033707865 0.000000000 0.086614177 0.007299270 0.171171173 0.017793594 0.095238097 0.095238097
0.040358745 0.045267489 0.068273090 0.127819553 0.004329004 0.124528304 0.100775197 0.086614177 0.124528304 0.121212125 0.131086141 0.124528304 0.064516127 0.064516127 0.089201875 0.045045044 0.033333335 0.117870726 0.037344400 0.162454873 0.049180329 0.121212125 0.025210084 0.114503816 0.131086141 0.104247101 0.053061225 0.086614177 0.000000000 0.079365082 0.254019290 0.104247101 0.008695652 0.008695652
0.119341567 0.034220532 0.011152416 0.048951048 0.083665341 0.045614034 0.021582734 0.007299270 0.045614034 0.042253520 0.052264810 0.045614034 0.014925373 0.014925373 0.167381972 0.123966940 0.046153847 0.038869258 0.042145595 0.084175088 0.030303031 0.042253520 0.054263566 0.035460994 0.052264810 0.025089607 0.026415095 0.007299270 0.079365082 0.000000000 0.178247735 0.025089607 0.088000000 0.088000000
0.291390717 0.211180121 0.189024389 0.130434781 0.258064508 0.133720934 0.157270029 0.171171173 0.133720934 0.137026235 0.127167627 0.133720934 0.192660555 0.192660555 0.335616440 0.295681059 0.222570539 0.140350878 0.218750000 0.095505618 0.207430348 0.137026235 0.230283916 0.143695012 0.127167627 0.153846160 0.203703701 0.171171173 0.254019290 0.178247735 0.000000000 0.153846160 0.262135923 0.262135923
0.143999994 0.059259258 0.036231883 0.023890786 0.108527131 0.020547945 0.003508772 0.017793594 0.020547945 0.017182130 0.027210884 0.020547945 0.039999999 0.039999999 0.191666663 0.148594379 0.071161047 0.013793103 0.067164183 0.059210528 0.055350553 0.017182130 0.079245284 0.010380623 0.027210884 0.000000000 0.051470589 0.017793594 0.104247101 0.025089607 0.153846160 0.000000000 0.112840466 0.112840466
0.031674210 0.053941909 0.076923080 0.136363640 0.004366812 0.133079842 0.109375000 0.095238097 0.133079842 0.129770994 0.139622644 0.133079842 0.073170729 0.073170729 0.080568723 0.036363635 0.042016808 0.126436785 0.046025105 0.170909092 0.057851240 0.129770994 0.033898305 0.123076923 0.139622644 0.112840466 0.061728396 0.095238097 0.008695652 0.088000000 0.262135923 0.112840466 0.000000000 0.000000000
0.031674210 0.053941909 0.076923080 0.136363640 0.004366812 0.133079842 0.109375000 0.095238097 0.133079842 0.129770994 0.139622644 0.133079842 0.073170729 0.073170729 0.080568723 0.036363635 0.042016808 0.126436785 0.046025105 0.170909092 0.057851240 0.129770994 0.033898305 0.123076923 0.139622644 0.112840466 0.061728396 0.095238097 0.008695652 0.088000000 0.262135923 0.112840466 0.000000000 0.000000000
