0.024515975 0.057363838 0.019228317 0.080830105 0.014510731 0.036508985 0.031316906 0.037991256 0.035317343 0.061251014 0.048288636 0.079177856 0.046200134 0.048816361 0.035374038 0.027232397 0.027972966 0.055175088 0.032541074 0.062998571 0.019499334 0.043135665 0.028096488 0.035111662 0.047011476 0.048009735 0.038181975 0.038465284 0.027056457 0.043585204 0.082921281 0.064036652 0.049710140 0.023581894
0.057363838 -0.060309317 0.017310390 0.053950582 0.014355849 0.022160431 0.022452597 0.021441111 0.032342888 0.033499323 0.022789352 0.039549455 0.025780961 0.020657757 0.047594965 0.030007679 0.020284817 0.030652763 0.019308150 0.037408106 0.019962151 0.020024460 0.035619587 0.018967535 0.006609938 0.023949912 0.026553102 0.016879845 0.034985188 0.031834058 0.073871538 0.035757460 0.021742603 0.026133787
0.019228317 0.017310390 -0.001498429 0.047175102 0.007040592 0.007351220 -0.000543514 0.003289689 0.003529225 0.031792868 0.011105477 0.041530695 0.014069720 0.015333069 0.029908508 0.017515047 -0.002174431 0.025373530 0.007147656 0.022642568 0.001881340 0.009000787 0.017208152 0.000987625 0.018852718 0.022930367 0.001268382 0.007472760 0.011597025 0.008615909 0.052488822 0.043202609 0.025654858 0.011189987
0.080830105 0.053950582 0.047175102 0.026689544 0.036451690 0.039074883 0.037433308 0.035685074 0.048144087 0.015329355 0.036699552 0.043420020 0.034182753 0.030621894 0.081027120 0.078128807 0.056648754 0.031619925 0.043526068 0.043976851 0.053610474 0.042420298 0.064296767 0.037197795 0.038263552 0.029723004 0.046785414 0.047834244 0.070520058 0.041706655 0.044937938 0.028497186 0.058209661 0.054623671
0.014510731 0.014355849 0.007040592 0.036451690 -0.011823279 0.014484039 0.010617584 0.014429739 0.018864024 0.024377596 0.018410033 0.027364817 0.020902745 0.010322979 0.017471220 0.019678183 0.003391104 0.021475215 0.008504151 0.026178688 0.012491224 0.015304110 0.009789933 0.014557236 0.026027406 0.019051613 0.012869230 0.006014297 0.006206737 0.005029994 0.036745936 0.036503468 0.012471397 0.015299117
0.036508985 0.022160431 0.007351220 0.039074883 0.014484039 -0.022257678 0.003693757 0.004055898 0.006257811 0.024642156 0.009944503 0.035488639 0.008135514 0.009554156 0.039463311 0.034318220 0.007950829 0.021263054 0.005594579 0.024140757 0.006030429 0.010039262 0.028044514 0.007354201 0.023156870 0.019772638 0.005536921 0.005651843 0.020407613 0.002338929 0.047262967 0.031190637 0.027197786 0.018867198
0.031316906 0.022452597 -0.000543514 0.037433308 0.010617584 0.003693757 -0.015580697 -0.003430374 0.000692340 0.023219522 -0.000556937 0.029263766 0.003841318 0.006611386 0.038228992 0.030615546 0.005899195 0.017641865 0.007449675 0.009130606 0.003557729 0.006936599 0.027605440 -0.003779975 0.019752624 0.012972507 -0.004132827 0.003396074 0.017045381 -0.006117727 0.049844008 0.038589943 0.027661514 0.018572904
0.037991256 0.021441111 0.003289689 0.035685074 0.014429739 0.004055898 -0.003430374 -0.003472536 0.005151744 0.018372405 0.003444804 0.029755987 -0.001163084 0.003675915 0.044245809 0.036310565 0.012610388 0.014407759 0.004903484 0.013713810 0.007327886 0.007479753 0.033399347 0.000618736 0.011546441 0.010620486 -0.000943337 0.006935843 0.023740740 0.000045874 0.044003263 0.030087337 0.032815542 0.024378769
0.035317343 0.032342888 0.003529225 0.048144087 0.018864024 0.006257811 0.000692340 0.005151744 -0.001894831 0.032610878 0.003921757 0.035919629 0.009802803 0.010107395 0.040878709 0.027636033 0.002477716 0.023564443 0.008309464 0.018363791 0.008465311 -0.002216903 0.020229118 0.001775998 0.026573656 0.014622374 -0.000646906 0.002798469 0.016171867 -0.003568561 0.060800888 0.041936308 0.031556271 0.019390194
0.061251014 0.033499323 0.031792868 0.015329355 0.024377596 0.024642156 0.023219522 0.018372405 0.032610878 0.003349088 0.017485872 0.015723802 0.012920131 0.016746609 0.061908349 0.057423532 0.038730577 0.012579110 0.025879737 0.010809982 0.038068183 0.024110463 0.049887754 0.023404863 0.023148935 0.009593700 0.029327486 0.030032702 0.050836593 0.025374150 0.028272768 0.013513752 0.034109708 0.038475499
0.048288636 0.022789352 0.011105477 0.036699552 0.018410033 0.009944503 -0.000556937 0.003444804 0.003921757 0.017485872 -0.005583143 0.027128302 0.005357978 0.002414607 0.048539378 0.043849066 0.016277494 0.007069967 0.005249206 0.017297802 0.013909520 0.005321359 0.031548753 0.003083871 0.021051500 -0.003320717 0.002938761 0.006988836 0.033139847 -0.002843859 0.044072866 0.013375337 0.023090202 0.024505962
0.079177856 0.039549455 0.041530695 0.043420020 0.027364817 0.035488639 0.029263766 0.029755987 0.035919629 0.015723802 0.027128302 0.016521126 0.032234840 0.019979145 0.079339042 0.060981277 0.046816278 0.026328083 0.034357198 0.026693700 0.043092027 0.035722937 0.051422331 0.029689027 0.034128178 0.021801358 0.034116108 0.035012998 0.060854230 0.033886455 0.067635849 0.039557040 0.048099115 0.047911912
0.046200134 0.025780961 0.014069720 0.034182753 0.020902745 0.008135514 0.003841318 -0.001163084 0.009802803 0.012920131 0.005357978 0.032234840 -0.014478888 0.005655644 0.050778713 0.050357126 0.017484451 0.011234764 0.009734584 0.016412208 0.017713701 0.004922139 0.037039015 0.003491801 0.013514323 0.000231504 0.001207469 0.012954207 0.034926862 0.000938810 0.036865465 0.014830437 0.031963460 0.027064830
0.048816361 0.020657757 0.015333069 0.030621894 0.010322979 0.009554156 0.006611386 0.003675915 0.010107395 0.016746609 0.002414607 0.019979145 0.005655644 -0.007297337 0.051115014 0.043531232 0.015144370 0.016147556 0.005612914 0.008526438 0.008926908 0.011036618 0.037614301 0.008241568 0.020041823 0.013705540 0.006359085 0.005100124 0.029816121 0.004079946 0.054307163 0.035120461 0.028229419 0.027021855
0.035374038 0.047594965 0.029908508 0.081027120 0.017471220 0.039463311 0.038228992 0.044245809 0.040878709 0.061908349 0.048539378 0.079339042 0.050778713 0.051115014 0.020260479 0.020043589 0.029466748 0.060091689 0.029574869 0.062631056 0.026550453 0.044197679 0.038366884 0.038129400 0.044737373 0.054795515 0.045660179 0.033167060 0.033555694 0.044862721 0.077762529 0.070976511 0.048404939 0.029221935
0.027232397 0.030007679 0.017515047 0.078128807 0.019678183 0.034318220 0.030615546 0.036310565 0.027636033 0.057423532 0.043849066 0.060981277 0.050357126 0.043531232 0.020043589 -0.010895547 0.018422093 0.064398624 0.024485037 0.044636708 0.016455187 0.034540288 0.005812316 0.029176610 0.038882188 0.057137191 0.030377373 0.023083394 0.013476077 0.040019959 0.080693513 0.081458271 0.033841968 0.013732133
0.027972966 0.020284817 -0.002174431 0.056648754 0.003391104 0.007950829 0.005899195 0.012610388 0.002477716 0.038730577 0.016277494 0.046816278 0.017484451 0.015144370 0.029466748 0.018422093 -0.016637469 0.029186793 0.006403712 0.030350113 0.001995555 0.011855905 0.011625669 0.004721295 0.023754187 0.022822171 0.003298894 0.006451774 0.007454456 0.008401861 0.064039834 0.042488411 0.017242771 0.013427284
0.055175088 0.030652763 0.025373530 0.031619925 0.021475215 0.021263054 0.017641865 0.014407759 0.023564443 0.012579110 0.007069967 0.026328083 0.011234764 0.016147556 0.060091689 0.064398624 0.029186793 -0.009417538 0.019194141 0.026882725 0.029871989 0.019171156 0.055777475 0.018975675 0.026836138 0.010469325 0.018538373 0.025520019 0.042904776 0.013273120 0.041537672 0.022080828 0.035213977 0.034160011
0.032541074 0.019308150 0.007147656 0.043526068 0.008504151 0.005594579 0.007449675 0.004903484 0.008309464 0.025879737 0.005249206 0.034357198 0.009734584 0.005612914 0.029574869 0.024485037 0.006403712 0.019194141 -0.014968392 0.022019666 0.007343665 0.008818715 0.020640047 0.009341317 0.017391618 0.015076834 0.006543155 0.008601198 0.011407185 0.007673994 0.050497469 0.030809352 0.022463571 0.010448152
0.062998571 0.037408106 0.022642568 0.043976851 0.026178688 0.024140757 0.009130606 0.013713810 0.018363791 0.010809982 0.017297802 0.026693700 0.016412208 0.008526438 0.062631056 0.044636708 0.030350113 0.026882725 0.022019666 0.004952481 0.027816381 0.017851466 0.034332685 0.015938848 0.020963643 0.013345275 0.015704345 0.020000124 0.044962652 0.015106514 0.055535801 0.042043522 0.043243814 0.039788827
0.019499334 0.019962151 0.001881340 0.053610474 0.012491224 0.006030429 0.003557729 0.007327886 0.008465311 0.038068183 0.013909520 0.043092027 0.017713701 0.008926908 0.026550453 0.016455187 0.001995555 0.029871989 0.007343665 0.027816381 0.000830792 0.008566587 0.010700618 0.004219369 0.025823144 0.024865821 0.002623108 0.008632514 0.004847550 0.008732362 0.053560458 0.041871674 0.016985089 0.012755843
0.043135665 0.020024460 0.009000787 0.042420298 0.015304110 0.010039262 0.006936599 0.007479753 -0.002216903 0.024110463 0.005321359 0.035722937 0.004922139 0.011036618 0.044197679 0.034540288 0.011855905 0.019171156 0.008818715 0.017851466 0.008566587 -0.024513539 0.026311535 -0.000893540 0.022066085 0.011351618 0.009334354 0.010990558 0.020851985 0.009873460 0.059255302 0.027154826 0.023093777 0.017768731
0.028096488 0.035619587 0.017208152 0.064296767 0.009789933 0.028044514 0.027605440 0.033399347 0.020229118 0.049887754 0.031548753 0.051422331 0.037039015 0.037614301 0.038366884 0.005812316 0.011625669 0.055777475 0.020640047 0.034332685 0.010700618 0.026311535 0.001073673 0.023258761 0.037925795 0.048942436 0.027422095 0.015525717 0.018662896 0.033199143 0.081632860 0.069576204 0.021941582 0.017895617
0.035111662 0.018967535 0.000987625 0.037197795 0.014557236 0.007354201 -0.003779975 0.000618736 0.001775998 0.023404863 0.003083871 0.029689027 0.003491801 0.008241568 0.038129400 0.029176610 0.004721295 0.018975675 0.009341317 0.015938848 0.004219369 -0.000893540 0.023258761 -0.003087543 0.017688327 0.011162468 -0.002023469 0.001866804 0.017090149 -0.001579383 0.047820725 0.033912797 0.020557791 0.018209660
0.047011476 0.006609938 0.018852718 0.038263552 0.026027406 0.023156870 0.019752624 0.011546441 0.026573656 0.023148935 0.021051500 0.034128178 0.013514323 0.020041823 0.044737373 0.038882188 0.023754187 0.026836138 0.017391618 0.020963643 0.025823144 0.022066085 0.037925795 0.017688327 -0.021188477 0.019026579 0.016173964 0.015283708 0.038998231 0.018917650 0.054727681 0.043934710 0.035823490 0.032936789
0.048009735 0.023949912 0.022930367 0.029723004 0.019051613 0.019772638 0.012972507 0.010620486 0.014622374 0.009593700 -0.003320717 0.021801358 0.000231504 0.013705540 0.054795515 0.057137191 0.022822171 0.010469325 0.015076834 0.013345275 0.024865821 0.011351618 0.048942436 0.011162468 0.019026579 0.003801279 0.012648132 0.019512082 0.036079612 0.008056231 0.049615178 0.027985429 0.031017130 0.029588943
0.038181975 0.026553102 0.001268382 0.046785414 0.012869230 0.005536921 -0.004132827 -0.000943337 -0.000646906 0.029327486 0.002938761 0.034116108 0.001207469 0.006359085 0.045660179 0.030377373 0.003298894 0.018538373 0.006543155 0.015704345 0.002623108 0.009334354 0.027422095 -0.002023469 0.016173964 0.012648132 -0.005853745 0.002623011 0.020383757 -0.003343130 0.058890585 0.047178965 0.031526569 0.018660247
0.038465284 0.016879845 0.007472760 0.047834244 0.006014297 0.005651843 0.003396074 0.006935843 0.002798469 0.030032702 0.006988836 0.035012998 0.012954207 0.005100124 0.033167060 0.023083394 0.006451774 0.025520019 0.008601198 0.020000124 0.008632514 0.010990558 0.015525717 0.001866804 0.015283708 0.019512082 0.002623011 -0.005346522 0.016704686 0.005936462 0.056417529 0.035302226 0.017856911 0.012726088
0.027056457 0.034985188 0.011597025 0.070520058 0.006206737 0.020407613 0.017045381 0.023740740 0.016171867 0.050836593 0.033139847 0.060854230 0.034926862 0.029816121 0.033555694 0.013476077 0.007454456 0.042904776 0.011407185 0.044962652 0.004847550 0.020851985 0.018662896 0.017090149 0.038998231 0.036079612 0.020383757 0.016704686 0.003918193 0.021074835 0.074321903 0.057913855 0.029963400 0.015333103
0.043585204 0.031834058 0.008615909 0.041706655 0.005029994 0.002338929 -0.006117727 0.000045874 -0.003568561 0.025374150 -0.002843859 0.033886455 0.000938810 0.004079946 0.044862721 0.040019959 0.008401861 0.013273120 0.007673994 0.015106514 0.008732362 0.009873460 0.033199143 -0.001579383 0.018917650 0.008056231 -0.003343130 0.005936462 0.021074835 -0.024033727 0.058183677 0.035290200 0.031198375 0.017508933
0.082921281 0.073871538 0.052488822 0.044937938 0.036745936 0.047262967 0.049844008 0.044003263 0.060800888 0.028272768 0.044072866 0.067635849 0.036865465 0.054307163 0.077762529 0.080693513 0.064039834 0.041537672 0.050497469 0.055535801 0.053560458 0.059255302 0.081632860 0.047820725 0.054727681 0.049615178 0.058890585 0.056417529 0.074321903 0.058183677 0.011708885 0.050452292 0.075926162 0.050075404
0.064036652 0.035757460 0.043202609 0.028497186 0.036503468 0.031190637 0.038589943 0.030087337 0.041936308 0.013513752 0.013375337 0.039557040 0.014830437 0.035120461 0.070976511 0.081458271 0.042488411 0.022080828 0.030809352 0.042043522 0.041871674 0.027154826 0.069576204 0.033912797 0.043934710 0.027985429 0.047178965 0.035302226 0.057913855 0.035290200 0.050452292 0.006280452 0.041457377 0.048446655
0.049710140 0.021742603 0.025654858 0.058209661 0.012471397 0.027197786 0.027661514 0.032815542 0.031556271 0.034109708 0.023090202 0.048099115 0.031963460 0.028229419 0.048404939 0.033841968 0.017242771 0.035213977 0.022463571 0.043243814 0.016985089 0.023093777 0.021941582 0.020557791 0.035823490 0.031017130 0.031526569 0.017856911 0.029963400 0.031198375 0.075926162 0.041457377 -0.023056664 0.022429399
0.023581894 0.026133787 0.011189987 0.054623671 0.015299117 0.018867198 0.018572904 0.024378769 0.019390194 0.038475499 0.024505962 0.047911912 0.027064830 0.027021855 0.029221935 0.013732133 0.013427284 0.034160011 0.010448152 0.039788827 0.012755843 0.017768731 0.017895617 0.018209660 0.032936789 0.029588943 0.018660247 0.012726088 0.015333103 0.017508933 0.050075404 0.048446655 0.022429399 0.002881259
