0.000000000 0.081081077 0.154228851 0.273504287 0.050279330 0.141414136 0.216589868 0.220183492 0.119170986 0.220183492 0.205607474 0.209302321 0.244444445 0.166666672 0.103896104 0.076086953 0.194312796 0.386281580 0.223744288 0.145728648 0.100529097 0.186602876 0.100529097 0.166666672 0.198113203 0.251101315 0.186602876 0.198113203 0.114583336 0.241071433 0.386281580 0.128205135 0.234234229 0.055555556
0.081081077 0.000000000 0.074074075 0.196787149 0.030927835 0.061032865 0.137931034 0.141630903 0.038461540 0.141630903 0.126637548 0.130434781 0.166666672 0.086757988 0.183431953 0.005025126 0.115044251 0.315068483 0.145299152 0.065420561 0.019607844 0.107142858 0.019607844 0.086757988 0.118942730 0.173553720 0.107142858 0.118942730 0.033816423 0.163179919 0.315068483 0.047619049 0.156118140 0.025641026
0.154228851 0.074074075 0.000000000 0.124528304 0.104761906 0.013100437 0.064516127 0.068273090 0.035714287 0.068273090 0.053061225 0.056910571 0.093750000 0.012765957 0.254054040 0.079069771 0.041322313 0.246753246 0.071999997 0.008695652 0.054545455 0.033333335 0.054545455 0.012765957 0.045267489 0.100775197 0.033333335 0.045267489 0.040358745 0.090196081 0.246753246 0.026548672 0.083003953 0.099526070
0.273504287 0.196787149 0.124528304 0.000000000 0.226337448 0.137404576 0.060498219 0.056737587 0.159533069 0.056737587 0.071942449 0.068100356 0.031141868 0.111940302 0.366972476 0.201612905 0.083636366 0.126099706 0.053003535 0.133079842 0.177865610 0.091575094 0.177865610 0.111940302 0.079710148 0.024054984 0.091575094 0.079710148 0.164062500 0.034722224 0.126099706 0.150579154 0.041958041 0.221311480
0.050279330 0.030927835 0.104761906 0.226337448 0.000000000 0.091787443 0.168141589 0.171806172 0.069306932 0.171806172 0.156950668 0.160714284 0.196581200 0.117370889 0.153374240 0.025906736 0.145454541 0.342657357 0.175438598 0.096153848 0.050505050 0.137614682 0.050505050 0.117370889 0.149321273 0.203389823 0.137614682 0.149321273 0.064676620 0.193133041 0.342657357 0.078431375 0.186147183 0.005291005
0.141414136 0.061032865 0.013100437 0.137404576 0.091787443 0.000000000 0.077551022 0.081300810 0.022624435 0.081300810 0.066115700 0.069958851 0.106719367 0.025862070 0.241758242 0.066037737 0.054393306 0.259016395 0.085020244 0.004405286 0.041474655 0.046413504 0.041474655 0.025862070 0.058333334 0.113725491 0.046413504 0.058333334 0.027272727 0.103174604 0.259016395 0.013452915 0.096000001 0.086538464
0.216589868 0.137931034 0.064516127 0.060498219 0.168141589 0.077551022 0.000000000 0.003773585 0.100000001 0.003773585 0.011494253 0.007633588 0.029411765 0.051792830 0.313432842 0.142857149 0.023255814 0.185185179 0.007518797 0.073170729 0.118644066 0.031250000 0.118644066 0.051792830 0.019305019 0.036496349 0.031250000 0.019305019 0.104602508 0.025830258 0.185185179 0.090909094 0.018587360 0.162995592
0.220183492 0.141630903 0.068273090 0.056737587 0.171806172 0.081300810 0.003773585 0.000000000 0.103734441 0.000000000 0.015267176 0.011406844 0.025641026 0.055555556 0.316831678 0.146551728 0.027027028 0.181538463 0.003745318 0.076923080 0.122362867 0.035019454 0.122362867 0.055555556 0.023076924 0.032727271 0.035019454 0.023076924 0.108333334 0.022058824 0.181538463 0.094650209 0.014814815 0.166666672
0.119170986 0.038461540 0.035714287 0.159533069 0.069306932 0.022624435 0.100000001 0.103734441 0.000000000 0.103734441 0.088607594 0.092436977 0.129032254 0.048458152 0.220338985 0.043478262 0.076923080 0.280000001 0.107438013 0.027027028 0.018867925 0.068965517 0.018867925 0.048458152 0.080851063 0.136000007 0.068965517 0.080851063 0.004651163 0.125506073 0.280000001 0.009174312 0.118367344 0.064039409
0.220183492 0.141630903 0.068273090 0.056737587 0.171806172 0.081300810 0.003773585 0.000000000 0.103734441 0.000000000 0.015267176 0.011406844 0.025641026 0.055555556 0.316831678 0.146551728 0.027027028 0.181538463 0.003745318 0.076923080 0.122362867 0.035019454 0.122362867 0.055555556 0.023076924 0.032727271 0.035019454 0.023076924 0.108333334 0.022058824 0.181538463 0.094650209 0.014814815 0.166666672
0.205607474 0.126637548 0.053061225 0.071942449 0.156950668 0.066115700 0.011494253 0.015267176 0.088607594 0.015267176 0.000000000 0.003861004 0.040892195 0.040322579 0.303030312 0.131578952 0.011764706 0.196261689 0.019011406 0.061728396 0.107296139 0.019762846 0.107296139 0.040322579 0.007812500 0.047970481 0.019762846 0.007812500 0.093220338 0.037313432 0.196261689 0.079497911 0.030075189 0.151785716
0.209302321 0.130434781 0.056910571 0.068100356 0.160714284 0.069958851 0.007633588 0.011406844 0.092436977 0.011406844 0.003861004 0.000000000 0.037037037 0.044176705 0.306532651 0.135371178 0.015625000 0.192546591 0.015151516 0.065573767 0.111111112 0.023622047 0.111111112 0.044176705 0.011673152 0.044117648 0.023622047 0.011673152 0.097046413 0.033457249 0.192546591 0.083333336 0.026217228 0.155555561
0.244444445 0.166666672 0.093750000 0.031141868 0.196581200 0.106719367 0.029411765 0.025641026 0.129032254 0.025641026 0.040892195 0.037037037 0.000000000 0.081081077 0.339712918 0.171548113 0.052631579 0.156626508 0.021897810 0.102362208 0.147540987 0.060606062 0.147540987 0.081081077 0.048689138 0.007092198 0.060606062 0.048689138 0.133603245 0.003584229 0.156626508 0.119999997 0.010830325 0.191489369
0.166666672 0.086757988 0.012765957 0.111940302 0.117370889 0.025862070 0.051792830 0.055555556 0.048458152 0.055555556 0.040322579 0.044176705 0.081081077 0.000000000 0.265957445 0.091743119 0.028571429 0.234726682 0.059288539 0.021459227 0.067264572 0.020576132 0.067264572 0.000000000 0.032520324 0.088122606 0.020576132 0.032520324 0.053097345 0.077519380 0.234726682 0.039301310 0.070312500 0.112149529
0.103896104 0.183431953 0.254054040 0.366972476 0.153374240 0.241758242 0.313432842 0.316831678 0.220338985 0.316831678 0.303030312 0.306532651 0.339712918 0.265957445 0.000000000 0.178571433 0.292307705 0.471264362 0.320197046 0.245901644 0.202312142 0.284974098 0.202312142 0.265957445 0.295918375 0.345971555 0.284974098 0.295918375 0.215909094 0.336538464 0.471264362 0.229050279 0.330097079 0.158536583
0.076086953 0.005025126 0.079069771 0.201612905 0.025906736 0.066037737 0.142857149 0.146551728 0.043478262 0.146551728 0.131578952 0.135371178 0.171548113 0.091743119 0.178571433 0.000000000 0.119999997 0.319587618 0.150214598 0.070422538 0.024630541 0.112107620 0.024630541 0.091743119 0.123893805 0.178423241 0.112107620 0.123893805 0.038834952 0.168067232 0.319587618 0.052631579 0.161016956 0.020618556
0.194312796 0.115044251 0.041322313 0.083636366 0.145454541 0.054393306 0.023255814 0.027027028 0.076923080 0.027027028 0.011764706 0.015625000 0.052631579 0.028571429 0.292307705 0.119999997 0.000000000 0.207547173 0.030769231 0.050000001 0.095652170 0.008000000 0.095652170 0.028571429 0.003952569 0.059701491 0.008000000 0.003952569 0.081545062 0.049056605 0.207547173 0.067796610 0.041825093 0.140271500
0.386281580 0.315068483 0.246753246 0.126099706 0.342657357 0.259016395 0.185185179 0.181538463 0.280000001 0.181538463 0.196261689 0.192546591 0.156626508 0.234726682 0.471264362 0.319587618 0.207547173 0.000000000 0.177914113 0.254901975 0.297297299 0.215189874 0.297297299 0.234726682 0.203761756 0.149700597 0.215189874 0.203761756 0.284280926 0.160120845 0.000000000 0.271523178 0.167173252 0.337979108
0.223744288 0.145299152 0.071999997 0.053003535 0.175438598 0.085020244 0.007518797 0.003745318 0.107438013 0.003745318 0.019011406 0.015151516 0.021897810 0.059288539 0.320197046 0.150214598 0.030769231 0.177914113 0.000000000 0.080645159 0.126050428 0.038759690 0.126050428 0.059288539 0.026819924 0.028985508 0.038759690 0.026819924 0.112033196 0.018315019 0.177914113 0.098360658 0.011070111 0.170305684
0.145728648 0.065420561 0.008695652 0.133079842 0.096153848 0.004405286 0.073170729 0.076923080 0.027027028 0.076923080 0.061728396 0.065573767 0.102362208 0.021459227 0.245901644 0.070422538 0.050000001 0.254901975 0.080645159 0.000000000 0.045871560 0.042016808 0.045871560 0.021459227 0.053941909 0.109375000 0.042016808 0.053941909 0.031674210 0.098814227 0.254901975 0.017857144 0.091633469 0.090909094
0.100529097 0.019607844 0.054545455 0.177865610 0.050505050 0.041474655 0.118644066 0.122362867 0.018867925 0.122362867 0.107296139 0.111111112 0.147540987 0.067264572 0.202312142 0.024630541 0.095652170 0.297297299 0.126050428 0.045871560 0.000000000 0.087719299 0.000000000 0.067264572 0.099567100 0.154471546 0.087719299 0.099567100 0.014218009 0.144032925 0.297297299 0.028037382 0.136929467 0.045226131
0.186602876 0.107142858 0.033333335 0.091575094 0.137614682 0.046413504 0.031250000 0.035019454 0.068965517 0.035019454 0.019762846 0.023622047 0.060606062 0.020576132 0.284974098 0.112107620 0.008000000 0.215189874 0.038759690 0.042016808 0.087719299 0.000000000 0.087719299 0.020576132 0.011952192 0.067669176 0.000000000 0.011952192 0.073593073 0.057034221 0.215189874 0.059829060 0.049808428 0.132420093
0.100529097 0.019607844 0.054545455 0.177865610 0.050505050 0.041474655 0.118644066 0.122362867 0.018867925 0.122362867 0.107296139 0.111111112 0.147540987 0.067264572 0.202312142 0.024630541 0.095652170 0.297297299 0.126050428 0.045871560 0.000000000 0.087719299 0.000000000 0.067264572 0.099567100 0.154471546 0.087719299 0.099567100 0.014218009 0.144032925 0.297297299 0.028037382 0.136929467 0.045226131
0.166666672 0.086757988 0.012765957 0.111940302 0.117370889 0.025862070 0.051792830 0.055555556 0.048458152 0.055555556 0.040322579 0.044176705 0.081081077 0.000000000 0.265957445 0.091743119 0.028571429 0.234726682 0.059288539 0.021459227 0.067264572 0.020576132 0.067264572 0.000000000 0.032520324 0.088122606 0.020576132 0.032520324 0.053097345 0.077519380 0.234726682 0.039301310 0.070312500 0.112149529
0.198113203 0.118942730 0.045267489 0.079710148 0.149321273 0.058333334 0.019305019 0.023076924 0.080851063 0.023076924 0.007812500 0.011673152 0.048689138 0.032520324 0.295918375 0.123893805 0.003952569 0.203761756 0.026819924 0.053941909 0.099567100 0.011952192 0.099567100 0.032520324 0.000000000 0.055762082 0.011952192 0.000000000 0.085470088 0.045112781 0.203761756 0.071729958 0.037878789 0.144144148
0.251101315 0.173553720 0.100775197 0.024054984 0.203389823 0.113725491 0.036496349 0.032727271 0.136000007 0.032727271 0.047970481 0.044117648 0.007092198 0.088122606 0.345971555 0.178423241 0.059701491 0.149700597 0.028985508 0.109375000 0.154471546 0.067669176 0.154471546 0.088122606 0.055762082 0.000000000 0.067669176 0.055762082 0.140562251 0.010676157 0.149700597 0.126984134 0.017921148 0.198312238
0.186602876 0.107142858 0.033333335 0.091575094 0.137614682 0.046413504 0.031250000 0.035019454 0.068965517 0.035019454 0.019762846 0.023622047 0.060606062 0.020576132 0.284974098 0.112107620 0.008000000 0.215189874 0.038759690 0.042016808 0.087719299 0.000000000 0.087719299 0.020576132 0.011952192 0.067669176 0.000000000 0.011952192 0.073593073 0.057034221 0.215189874 0.059829060 0.049808428 0.132420093
0.198113203 0.118942730 0.045267489 0.079710148 0.149321273 0.058333334 0.019305019 0.023076924 0.080851063 0.023076924 0.007812500 0.011673152 0.048689138 0.032520324 0.295918375 0.123893805 0.003952569 0.203761756 0.026819924 0.053941909 0.099567100 0.011952192 0.099567100 0.032520324 0.000000000 0.055762082 0.011952192 0.000000000 0.085470088 0.045112781 0.203761756 0.071729958 0.037878789 0.144144148
0.114583336 0.033816423 0.040358745 0.164062500 0.064676620 0.027272727 0.104602508 0.108333334 0.004651163 0.108333334 0.093220338 0.097046413 0.133603245 0.053097345 0.215909094 0.038834952 0.081545062 0.284280926 0.112033196 0.031674210 0.014218009 0.073593073 0.014218009 0.053097345 0.085470088 0.140562251 0.073593073 0.085470088 0.000000000 0.130081296 0.284280926 0.013824885 0.122950822 0.059405942
0.241071433 0.163179919 0.090196081 0.034722224 0.193133041 0.103174604 0.025830258 0.022058824 0.125506073 0.022058824 0.037313432 0.033457249 0.003584229 0.077519380 0.336538464 0.168067232 0.049056605 0.160120845 0.018315019 0.098814227 0.144032925 0.057034221 0.144032925 0.077519380 0.045112781 0.010676157 0.057034221 0.045112781 0.130081296 0.000000000 0.160120845 0.116465867 0.007246377 0.188034192
0.386281580 0.315068483 0.246753246 0.126099706 0.342657357 0.259016395 0.185185179 0.181538463 0.280000001 0.181538463 0.196261689 0.192546591 0.156626508 0.234726682 0.471264362 0.319587618 0.207547173 0.000000000 0.177914113 0.254901975 0.297297299 0.215189874 0.297297299 0.234726682 0.203761756 0.149700597 0.215189874 0.203761756 0.284280926 0.160120845 0.000000000 0.271523178 0.167173252 0.337979108
0.128205135 0.047619049 0.026548672 0.150579154 0.078431375 0.013452915 0.090909094 0.094650209 0.009174312 0.094650209 0.079497911 0.083333336 0.119999997 0.039301310 0.229050279 0.052631579 0.067796610 0.271523178 0.098360658 0.017857144 0.028037382 0.059829060 0.028037382 0.039301310 0.071729958 0.126984134 0.059829060 0.071729958 0.013824885 0.116465867 0.271523178 0.000000000 0.109311745 0.073170729
0.234234229 0.156118140 0.083003953 0.041958041 0.186147183 0.096000001 0.018587360 0.014814815 0.118367344 0.014814815 0.030075189 0.026217228 0.010830325 0.070312500 0.330097079 0.161016956 0.041825093 0.167173252 0.011070111 0.091633469 0.136929467 0.049808428 0.136929467 0.070312500 0.037878789 0.017921148 0.049808428 0.037878789 0.122950822 0.007246377 0.167173252 0.109311745 0.000000000 0.181034476
0.055555556 0.025641026 0.099526070 0.221311480 0.005291005 0.086538464 0.162995592 0.166666672 0.064039409 0.166666672 0.151785716 0.155555561 0.191489369 0.112149529 0.158536583 0.020618556 0.140271500 0.337979108 0.170305684 0.090909094 0.045226131 0.132420093 0.045226131 0.112149529 0.144144148 0.198312238 0.132420093 0.144144148 0.059405942 0.188034192 0.337979108 0.073170729 0.181034476 0.000000000
