0.000000000 0.096774191 0.042735044 0.179487184 0.021834061 0.013215859 0.078189299 0.070539422 0.026086956 0.151515156 0.085714288 0.128404662 0.151515156 0.089430891 0.142857149 0.008849557 0.017543860 0.104000002 0.042735044 0.154716983 0.013215859 0.135135129 0.000000000 0.093117408 0.100401610 0.118110240 0.042735044 0.050847456 0.030303031 0.100401610 0.314984709 0.157894731 0.078189299 0.004484305
0.096774191 0.000000000 0.054263566 0.084175088 0.075098813 0.083665341 0.018726591 0.026415095 0.070866145 0.055555556 0.011152416 0.032028470 0.055555556 0.007407407 0.236363634 0.088000000 0.079365082 0.007299270 0.054263566 0.058823530 0.083665341 0.038869258 0.096774191 0.003690037 0.003663004 0.021582734 0.054263566 0.046153847 0.066666670 0.003663004 0.225071222 0.062068965 0.018726591 0.101214573
0.042735044 0.054263566 0.000000000 0.137809187 0.020920502 0.029535865 0.035573121 0.027888447 0.016666668 0.109489053 0.043137256 0.086142324 0.109489053 0.046875000 0.184466019 0.033898305 0.025210084 0.061538462 0.000000000 0.112727270 0.029535865 0.092936806 0.042735044 0.050583657 0.057915058 0.075757578 0.000000000 0.008130081 0.012448133 0.057915058 0.275964379 0.115942031 0.035573121 0.047210302
0.179487184 0.084175088 0.137809187 0.000000000 0.158273384 0.166666672 0.102739729 0.110344827 0.154121861 0.028753994 0.095238097 0.052287582 0.028753994 0.091525421 0.314285725 0.170909092 0.162454873 0.076923080 0.137809187 0.025477707 0.166666672 0.045454547 0.179487184 0.087837838 0.080536909 0.062706269 0.137809187 0.129824564 0.150000006 0.080536909 0.143617019 0.022222223 0.102739729 0.183823526
0.021834061 0.075098813 0.020920502 0.158273384 0.000000000 0.008620690 0.056451611 0.048780486 0.004255319 0.130111530 0.064000003 0.106870227 0.130111530 0.067729086 0.164179102 0.012987013 0.004291845 0.082352944 0.020920502 0.133333340 0.008620690 0.113636367 0.021834061 0.071428575 0.078740157 0.096525095 0.020920502 0.029045643 0.008474576 0.078740157 0.295180708 0.136531368 0.056451611 0.026315790
0.013215859 0.083665341 0.029535865 0.166666672 0.008620690 0.000000000 0.065040648 0.057377048 0.012875536 0.138576776 0.072580643 0.115384616 0.138576776 0.076305218 0.155778900 0.004366812 0.004329004 0.090909094 0.029535865 0.141791046 0.000000000 0.122137405 0.013215859 0.079999998 0.087301590 0.105058365 0.029535865 0.037656903 0.017094018 0.087301590 0.303030312 0.144981414 0.065040648 0.017699115
0.078189299 0.018726591 0.035573121 0.102739729 0.056451611 0.065040648 0.000000000 0.007692308 0.052208837 0.074204944 0.007575758 0.050724637 0.074204944 0.011320755 0.218604654 0.069387756 0.060728744 0.026022306 0.035573121 0.077464789 0.065040648 0.057553958 0.078189299 0.015037594 0.022388060 0.040293042 0.035573121 0.027450981 0.048000000 0.022388060 0.242774561 0.080701753 0.000000000 0.082644626
0.070539422 0.026415095 0.027888447 0.110344827 0.048780486 0.057377048 0.007692308 0.000000000 0.044534411 0.081850536 0.015267176 0.058394160 0.081850536 0.019011406 0.211267605 0.061728396 0.053061225 0.033707865 0.027888447 0.085106380 0.057377048 0.065217391 0.070539422 0.022727273 0.030075189 0.047970481 0.027888447 0.019762846 0.040322579 0.030075189 0.250000000 0.088339224 0.007692308 0.075000003
0.026086956 0.070866145 0.016666668 0.154121861 0.004255319 0.012875536 0.052208837 0.044534411 0.000000000 0.125925928 0.059760958 0.102661595 0.125925928 0.063492067 0.168316826 0.017241379 0.008547009 0.078125000 0.016666668 0.129151285 0.012875536 0.109433964 0.026086956 0.067193680 0.074509807 0.092307694 0.016666668 0.024793388 0.004219409 0.074509807 0.291291296 0.132352948 0.052208837 0.030567685
0.151515156 0.055555556 0.109489053 0.028753994 0.130111530 0.138576776 0.074204944 0.081850536 0.125925928 0.000000000 0.066666670 0.023569023 0.000000000 0.062937066 0.288135588 0.142857149 0.134328365 0.048275862 0.109489053 0.003278689 0.138576776 0.016722407 0.151515156 0.059233449 0.051903114 0.034013607 0.109489053 0.101449274 0.121771216 0.051903114 0.171662122 0.006535948 0.074204944 0.155893534
0.085714288 0.011152416 0.043137256 0.095238097 0.064000003 0.072580643 0.007575758 0.015267176 0.059760958 0.066666670 0.000000000 0.043165468 0.066666670 0.003745318 0.225806445 0.076923080 0.068273090 0.018450184 0.043137256 0.069930069 0.072580643 0.050000001 0.085714288 0.007462686 0.014814815 0.032727271 0.043137256 0.035019454 0.055555556 0.014814815 0.235632181 0.073170729 0.007575758 0.090163931
0.128404662 0.032028470 0.086142324 0.052287582 0.106870227 0.115384616 0.050724637 0.058394160 0.102661595 0.023569023 0.043165468 0.000000000 0.023569023 0.039426524 0.266375542 0.119691119 0.111111112 0.024734983 0.086142324 0.026845638 0.115384616 0.006849315 0.128404662 0.035714287 0.028368793 0.010452962 0.086142324 0.078066915 0.098484851 0.028368793 0.194444448 0.030100334 0.050724637 0.132812500
0.151515156 0.055555556 0.109489053 0.028753994 0.130111530 0.138576776 0.074204944 0.081850536 0.125925928 0.000000000 0.066666670 0.023569023 0.000000000 0.062937066 0.288135588 0.142857149 0.134328365 0.048275862 0.109489053 0.003278689 0.138576776 0.016722407 0.151515156 0.059233449 0.051903114 0.034013607 0.109489053 0.101449274 0.121771216 0.051903114 0.171662122 0.006535948 0.074204944 0.155893534
0.089430891 0.007407407 0.046875000 0.091525421 0.067729086 0.076305218 0.011320755 0.019011406 0.063492067 0.062937066 0.003745318 0.039426524 0.062937066 0.000000000 0.229357794 0.080645159 0.071999997 0.014705882 0.046875000 0.066202089 0.076305218 0.046263345 0.089430891 0.003717472 0.011070111 0.028985508 0.046875000 0.038759690 0.059288539 0.011070111 0.232091695 0.069444448 0.011320755 0.093877554
0.142857149 0.236363634 0.184466019 0.314285725 0.164179102 0.155778900 0.218604654 0.211267605 0.168316826 0.288135588 0.225806445 0.266375542 0.288135588 0.229357794 0.000000000 0.151515156 0.159999996 0.243243247 0.184466019 0.291139245 0.155778900 0.272727281 0.142857149 0.232876718 0.239819005 0.256637156 0.184466019 0.192307696 0.172413796 0.239819005 0.438127100 0.294117659 0.218604654 0.138461545
0.008849557 0.088000000 0.033898305 0.170909092 0.012987013 0.004366812 0.069387756 0.061728396 0.017241379 0.142857149 0.076923080 0.119691119 0.142857149 0.080645159 0.151515156 0.000000000 0.008695652 0.095238097 0.033898305 0.146067411 0.004366812 0.126436785 0.008849557 0.084337346 0.091633469 0.109375000 0.033898305 0.042016808 0.021459227 0.091633469 0.306990892 0.149253726 0.069387756 0.013333334
0.017543860 0.079365082 0.025210084 0.162454873 0.004291845 0.004329004 0.060728744 0.053061225 0.008547009 0.134328365 0.068273090 0.111111112 0.134328365 0.071999997 0.159999996 0.008695652 0.000000000 0.086614177 0.025210084 0.137546465 0.004329004 0.117870726 0.017543860 0.075697213 0.083003953 0.100775197 0.025210084 0.033333335 0.012765957 0.083003953 0.299093664 0.140740737 0.060728744 0.022026431
0.104000002 0.007299270 0.061538462 0.076923080 0.082352944 0.090909094 0.026022306 0.033707865 0.078125000 0.048275862 0.018450184 0.024734983 0.048275862 0.014705882 0.243243247 0.095238097 0.086614177 0.000000000 0.061538462 0.051546391 0.090909094 0.031578947 0.104000002 0.010989011 0.003636364 0.014285714 0.061538462 0.053435113 0.073929958 0.003636364 0.218130305 0.054794520 0.026022306 0.108433738
0.042735044 0.054263566 0.000000000 0.137809187 0.020920502 0.029535865 0.035573121 0.027888447 0.016666668 0.109489053 0.043137256 0.086142324 0.109489053 0.046875000 0.184466019 0.033898305 0.025210084 0.061538462 0.000000000 0.112727270 0.029535865 0.092936806 0.042735044 0.050583657 0.057915058 0.075757578 0.000000000 0.008130081 0.012448133 0.057915058 0.275964379 0.115942031 0.035573121 0.047210302
0.154716983 0.058823530 0.112727270 0.025477707 0.133333340 0.141791046 0.077464789 0.085106380 0.129151285 0.003278689 0.069930069 0.026845638 0.003278689 0.066202089 0.291139245 0.146067411 0.137546465 0.051546391 0.112727270 0.000000000 0.141791046 0.020000000 0.154716983 0.062500000 0.055172414 0.037288137 0.112727270 0.104693137 0.125000000 0.055172414 0.168478265 0.003257329 0.077464789 0.159090906
0.013215859 0.083665341 0.029535865 0.166666672 0.008620690 0.000000000 0.065040648 0.057377048 0.012875536 0.138576776 0.072580643 0.115384616 0.138576776 0.076305218 0.155778900 0.004366812 0.004329004 0.090909094 0.029535865 0.141791046 0.000000000 0.122137405 0.013215859 0.079999998 0.087301590 0.105058365 0.029535865 0.037656903 0.017094018 0.087301590 0.303030312 0.144981414 0.065040648 0.017699115
0.135135129 0.038869258 0.092936806 0.045454547 0.113636367 0.122137405 0.057553958 0.065217391 0.109433964 0.016722407 0.050000001 0.006849315 0.016722407 0.046263345 0.272727281 0.126436785 0.117870726 0.031578947 0.092936806 0.020000000 0.122137405 0.000000000 0.135135129 0.042553190 0.035211269 0.017301038 0.092936806 0.084870845 0.105263159 0.035211269 0.187845305 0.023255814 0.057553958 0.139534891
0.000000000 0.096774191 0.042735044 0.179487184 0.021834061 0.013215859 0.078189299 0.070539422 0.026086956 0.151515156 0.085714288 0.128404662 0.151515156 0.089430891 0.142857149 0.008849557 0.017543860 0.104000002 0.042735044 0.154716983 0.013215859 0.135135129 0.000000000 0.093117408 0.100401610 0.118110240 0.042735044 0.050847456 0.030303031 0.100401610 0.314984709 0.157894731 0.078189299 0.004484305
0.093117408 0.003690037 0.050583657 0.087837838 0.071428575 0.079999998 0.015037594 0.022727273 0.067193680 0.059233449 0.007462686 0.035714287 0.059233449 0.003717472 0.232876718 0.084337346 0.075697213 0.010989011 0.050583657 0.062500000 0.079999998 0.042553190 0.093117408 0.000000000 0.007352941 0.025270758 0.050583657 0.042471044 0.062992126 0.007352941 0.228571430 0.065743946 0.015037594 0.097560972
0.100401610 0.003663004 0.057915058 0.080536909 0.078740157 0.087301590 0.022388060 0.030075189 0.074509807 0.051903114 0.014814815 0.028368793 0.051903114 0.011070111 0.239819005 0.091633469 0.083003953 0.003636364 0.057915058 0.055172414 0.087301590 0.035211269 0.100401610 0.007352941 0.000000000 0.017921148 0.057915058 0.049808428 0.070312500 0.000000000 0.221590906 0.058419243 0.022388060 0.104838707
0.118110240 0.021582734 0.075757578 0.062706269 0.096525095 0.105058365 0.040293042 0.047970481 0.092307694 0.034013607 0.032727271 0.010452962 0.034013607 0.028985508 0.256637156 0.109375000 0.100775197 0.014285714 0.075757578 0.037288137 0.105058365 0.017301038 0.118110240 0.025270758 0.017921148 0.000000000 0.075757578 0.067669176 0.088122606 0.017921148 0.204481795 0.040540539 0.040293042 0.122529641
0.042735044 0.054263566 0.000000000 0.137809187 0.020920502 0.029535865 0.035573121 0.027888447 0.016666668 0.109489053 0.043137256 0.086142324 0.109489053 0.046875000 0.184466019 0.033898305 0.025210084 0.061538462 0.000000000 0.112727270 0.029535865 0.092936806 0.042735044 0.050583657 0.057915058 0.075757578 0.000000000 0.008130081 0.012448133 0.057915058 0.275964379 0.115942031 0.035573121 0.047210302
0.050847456 0.046153847 0.008130081 0.129824564 0.029045643 0.037656903 0.027450981 0.019762846 0.024793388 0.101449274 0.035019454 0.078066915 0.101449274 0.038759690 0.192307696 0.042016808 0.033333335 0.053435113 0.008130081 0.104693137 0.037656903 0.084870845 0.050847456 0.042471044 0.049808428 0.067669176 0.008130081 0.000000000 0.020576132 0.049808428 0.268436581 0.107913665 0.027450981 0.055319149
0.030303031 0.066666670 0.012448133 0.150000006 0.008474576 0.017094018 0.048000000 0.040322579 0.004219409 0.121771216 0.055555556 0.098484851 0.121771216 0.059288539 0.172413796 0.021459227 0.012765957 0.073929958 0.012448133 0.125000000 0.017094018 0.105263159 0.030303031 0.062992126 0.070312500 0.088122606 0.012448133 0.020576132 0.000000000 0.070312500 0.287425160 0.128205135 0.048000000 0.034782607
0.100401610 0.003663004 0.057915058 0.080536909 0.078740157 0.087301590 0.022388060 0.030075189 0.074509807 0.051903114 0.014814815 0.028368793 0.051903114 0.011070111 0.239819005 0.091633469 0.083003953 0.003636364 0.057915058 0.055172414 0.087301590 0.035211269 0.100401610 0.007352941 0.000000000 0.017921148 0.057915058 0.049808428 0.070312500 0.000000000 0.221590906 0.058419243 0.022388060 0.104838707
0.314984709 0.225071222 0.275964379 0.143617019 0.295180708 0.303030312 0.242774561 0.250000000 0.291291296 0.171662122 0.235632181 0.194444448 0.171662122 0.232091695 0.438127100 0.306990892 0.299093664 0.218130305 0.275964379 0.168478265 0.303030312 0.187845305 0.314984709 0.228571430 0.221590906 0.204481795 0.275964379 0.268436581 0.287425160 0.221590906 0.000000000 0.165311649 0.242774561 0.319018394
0.157894731 0.062068965 0.115942031 0.022222223 0.136531368 0.144981414 0.080701753 0.088339224 0.132352948 0.006535948 0.073170729 0.030100334 0.006535948 0.069444448 0.294117659 0.149253726 0.140740737 0.054794520 0.115942031 0.003257329 0.144981414 0.023255814 0.157894731 0.065743946 0.058419243 0.040540539 0.115942031 0.107913665 0.128205135 0.058419243 0.165311649 0.000000000 0.080701753 0.162264153
0.078189299 0.018726591 0.035573121 0.102739729 0.056451611 0.065040648 0.000000000 0.007692308 0.052208837 0.074204944 0.007575758 0.050724637 0.074204944 0.011320755 0.218604654 0.069387756 0.060728744 0.026022306 0.035573121 0.077464789 0.065040648 0.057553958 0.078189299 0.015037594 0.022388060 0.040293042 0.035573121 0.027450981 0.048000000 0.022388060 0.242774561 0.080701753 0.000000000 0.082644626
0.004484305 0.101214573 0.047210302 0.183823526 0.026315790 0.017699115 0.082644626 0.075000003 0.030567685 0.155893534 0.090163931 0.132812500 0.155893534 0.093877554 0.138461545 0.013333334 0.022026431 0.108433738 0.047210302 0.159090906 0.017699115 0.139534891 0.004484305 0.097560972 0.104838707 0.122529641 0.047210302 0.055319149 0.034782607 0.104838707 0.319018394 0.162264153 0.082644626 0.000000000
