0.016504165 0.053137772 0.020350333 0.079339340 0.013398425 0.038173966 0.034486555 0.039727245 0.042698763 0.062838107 0.046205103 0.074930564 0.046658911 0.047951780 0.027910719 0.021147411 0.029823020 0.065375507 0.039648354 0.057706881 0.023281323 0.050208122 0.023902405 0.043270744 0.047405433 0.047641471 0.040519837 0.039894477 0.017965447 0.050598875 0.081147984 0.071834952 0.042351082 0.025426831
0.053137772 -0.049075313 0.017400322 0.058001030 0.019448549 0.020300720 0.021197919 0.020601654 0.033021346 0.039621972 0.023630265 0.046380717 0.027132690 0.025461128 0.043651998 0.028436115 0.022204913 0.037645251 0.027314477 0.040705960 0.021137301 0.024471195 0.037593894 0.020699238 0.005581895 0.023604047 0.025826018 0.021870175 0.030535784 0.034176365 0.073683694 0.037231676 0.024482192 0.030076558
0.020350333 0.017400322 -0.001599012 0.045913100 0.005356167 0.006228716 -0.000462668 0.003367689 0.004390118 0.031475648 0.010120722 0.040091850 0.014138044 0.017288266 0.028997263 0.012372285 0.001087184 0.030272236 0.013926827 0.020524297 0.002009876 0.014399770 0.013381379 0.001153020 0.017077738 0.021180993 0.000965480 0.009602346 0.009481221 0.014427776 0.052364029 0.041364327 0.022699613 0.011523105
0.079339340 0.058001030 0.045913100 0.017127216 0.037796784 0.030805249 0.034921259 0.033911865 0.048136942 0.012175689 0.033312894 0.036851846 0.032591514 0.030274451 0.077334188 0.064451873 0.057383984 0.044515181 0.053361543 0.033885438 0.050475694 0.041148297 0.060563218 0.035371769 0.042238295 0.023525679 0.044078078 0.041694134 0.061661702 0.039987359 0.041857671 0.035097323 0.046940394 0.053842977
0.013398425 0.019448549 0.005356167 0.037796784 -0.018862182 0.012545012 0.010052339 0.014383350 0.018081050 0.027830437 0.016823636 0.031544469 0.020163912 0.019060900 0.018440669 0.015549580 0.004002101 0.025732160 0.016123869 0.024609126 0.008758307 0.022932259 0.012561953 0.013792837 0.023758231 0.019177599 0.011542192 0.011636785 0.003307786 0.011182127 0.040165607 0.037764136 0.012496635 0.016312404
0.038173966 0.020300720 0.006228716 0.030805249 0.012545012 -0.024429323 0.002555627 0.003002687 0.004690059 0.019620113 0.007860584 0.026840899 0.007836988 0.009902191 0.037461907 0.024591047 0.007508469 0.023969954 0.010665279 0.014362095 0.003060277 0.013529246 0.022857282 0.005122352 0.021216117 0.016547993 0.004259591 0.002512765 0.018994145 0.006404919 0.044918634 0.023517232 0.019849805 0.017849468
0.034486555 0.021197919 -0.000462668 0.034921259 0.010052339 0.002555627 -0.012671334 -0.002197548 0.002584002 0.021250527 0.004969006 0.026371790 0.008186596 0.007267435 0.036402378 0.023586968 0.007540472 0.021881111 0.013704171 0.007701926 0.004225860 0.010475567 0.021649741 -0.002480592 0.018865168 0.010043684 -0.002719643 0.003808002 0.016860252 -0.000300574 0.048113391 0.032956034 0.022302574 0.017585028
0.039727245 0.020601654 0.003367689 0.033911865 0.014383350 0.003002687 -0.002197548 -0.002771325 0.006906410 0.018092487 0.006267987 0.027682517 0.002769623 0.006569590 0.041235395 0.028702840 0.012992471 0.020354258 0.011423928 0.012126371 0.008125576 0.013229862 0.028460849 0.001238119 0.009322906 0.009003460 -0.000841126 0.009181512 0.022067808 0.006597950 0.042320397 0.027624164 0.027625917 0.023965681
0.042698763 0.033021346 0.004390118 0.048136942 0.018081050 0.004690059 0.002584002 0.006906410 -0.001542348 0.030662965 0.009972375 0.033013627 0.016706023 0.008706393 0.043982841 0.021122836 0.007945672 0.030368675 0.015899595 0.019024836 0.009763004 0.000275386 0.012314610 0.003313002 0.028822530 0.010349812 -0.000854279 0.001153287 0.017961200 0.002106913 0.064557016 0.041473351 0.027182637 0.019358099
0.062838107 0.039621972 0.031475648 0.012175689 0.027830437 0.019620113 0.021250527 0.018092487 0.030662965 0.001272013 0.018340886 0.014329550 0.016328176 0.017259598 0.060561664 0.047360606 0.040933046 0.022744732 0.035524841 0.009087132 0.035755113 0.024151990 0.047505755 0.020228066 0.025764149 0.004320843 0.028375896 0.028431932 0.048633076 0.025030058 0.026542243 0.016359851 0.029329516 0.039429918
0.046205103 0.023630265 0.010120722 0.033312894 0.016823636 0.007860584 0.004969006 0.006267987 0.009972375 0.018340886 -0.006665039 0.026790489 0.005887181 0.012394668 0.046551820 0.039176993 0.015899012 0.018437576 0.013015669 0.012567244 0.012788530 0.016573617 0.032901183 0.008375573 0.019517900 0.001964026 0.006237234 0.009647634 0.028912473 0.008601673 0.047292843 0.021250127 0.021993756 0.024946600
0.074930564 0.046380717 0.040091850 0.036851846 0.031544469 0.026840899 0.026371790 0.027682517 0.033013627 0.014329550 0.026790489 0.015606128 0.032232601 0.020195531 0.072889060 0.048335150 0.047140565 0.036685653 0.044165514 0.022777174 0.040141847 0.032764785 0.047592323 0.024986595 0.036616333 0.015593853 0.031120645 0.031375956 0.049438190 0.030514317 0.062101562 0.042319525 0.039122771 0.046867643
0.046658911 0.027132690 0.014138044 0.032591514 0.020163912 0.007836988 0.008186596 0.002769623 0.016706023 0.016328176 0.005887181 0.032232601 -0.012474444 0.013298430 0.050292835 0.045980707 0.019535284 0.022049889 0.017363826 0.013993390 0.017829848 0.015068290 0.037895635 0.010590553 0.012858228 0.003985029 0.004748723 0.015630830 0.032805182 0.011137787 0.040637176 0.024406387 0.030995268 0.028142646
0.047951780 0.025461128 0.017288266 0.030274451 0.019060900 0.009902191 0.007267435 0.006569590 0.008706393 0.017259598 0.012394668 0.020195531 0.013298430 0.001785375 0.045672067 0.034294426 0.018315244 0.025202466 0.016795665 0.009802096 0.009531721 0.016910775 0.033429369 0.005254844 0.019310664 0.012752425 0.008751492 0.009125687 0.028669517 0.009911772 0.052243683 0.030390171 0.022177035 0.029875914
0.027910719 0.043651998 0.028997263 0.077334188 0.018440669 0.037461907 0.036402378 0.041235395 0.043982841 0.060561664 0.046551820 0.072889060 0.050292835 0.045672067 0.014694008 0.014210833 0.030780140 0.068888932 0.036503896 0.057841457 0.029123208 0.047227636 0.031952988 0.041265182 0.041295521 0.050841421 0.044339195 0.034491763 0.021740559 0.046276301 0.071322769 0.076713733 0.039875157 0.030723270
0.021147411 0.028436115 0.012372285 0.064451873 0.015549580 0.024591047 0.023586968 0.028702840 0.021122836 0.047360606 0.039176993 0.048335150 0.045980707 0.034294426 0.014210833 -0.022110758 0.015705043 0.064106867 0.027766090 0.028891318 0.009626215 0.029986139 -0.005136123 0.022009442 0.033039805 0.045790084 0.023572274 0.015459090 0.001603331 0.034687907 0.074072242 0.069294110 0.023345709 0.009614146
0.029823020 0.022204913 0.001087184 0.057383984 0.004002101 0.007508469 0.007540472 0.012992471 0.007945672 0.040933046 0.015899012 0.047140565 0.019535284 0.018315244 0.030780140 0.015705043 -0.010334658 0.036947519 0.015175735 0.028708961 0.004148295 0.018964875 0.012142637 0.011348285 0.022651818 0.023582406 0.006184530 0.009997591 0.008592360 0.016524635 0.067339621 0.047609601 0.016985765 0.018503038
0.065375507 0.037645251 0.030272236 0.044515181 0.025732160 0.023969954 0.021881111 0.020354258 0.030368675 0.022744732 0.018437576 0.036685653 0.022049889 0.025202466 0.068888932 0.064106867 0.036947519 0.007285133 0.032301631 0.036752827 0.034599666 0.031790964 0.059999041 0.025977999 0.028606493 0.014045286 0.023441929 0.033660360 0.049276754 0.026262611 0.052421752 0.040247079 0.043695293 0.043180265
0.039648354 0.027314477 0.013926827 0.053361543 0.016123869 0.010665279 0.013704171 0.011423928 0.015899595 0.035524841 0.013015669 0.044165514 0.017363826 0.016795665 0.036503896 0.027766090 0.015175735 0.032301631 -0.000405073 0.031611666 0.014155555 0.021340543 0.027713349 0.017253123 0.022355109 0.020801423 0.012956779 0.019247411 0.017901871 0.018676154 0.058708049 0.044477366 0.029421229 0.019363794
0.057706881 0.040705960 0.020524297 0.033885438 0.024609126 0.014362095 0.007701926 0.012126371 0.019024836 0.009087132 0.012567244 0.022777174 0.013993390 0.009802096 0.057841457 0.028891318 0.028708961 0.036752827 0.031611666 -0.000838225 0.025140945 0.016650312 0.028788552 0.014542906 0.024499495 0.006892463 0.012444148 0.015020188 0.034421518 0.014846569 0.048241213 0.038965162 0.029742427 0.034278899
0.023281323 0.021137301 0.002009876 0.050475694 0.008758307 0.003060277 0.004225860 0.008125576 0.009763004 0.035755113 0.012788530 0.040141847 0.017829848 0.009531721 0.029123208 0.009626215 0.004148295 0.034599666 0.014155555 0.025140945 -0.000171943 0.011355694 0.005180822 0.004266189 0.026787305 0.020909533 0.002571264 0.007310907 0.001792857 0.012945138 0.054779842 0.037976876 0.012551779 0.011114505
0.050208122 0.024471195 0.014399770 0.041148297 0.022932259 0.013529246 0.010475567 0.013229862 0.000275386 0.024151990 0.016573617 0.032764785 0.015068290 0.016910775 0.047227636 0.029986139 0.018964875 0.031790964 0.021340543 0.016650312 0.011355694 -0.017760176 0.025565580 0.000892883 0.026008060 0.012037463 0.014907626 0.013315862 0.024559338 0.017549708 0.066265531 0.034591988 0.021177273 0.024532299
0.023902405 0.037593894 0.013381379 0.060563218 0.012561953 0.022857282 0.021649741 0.028460849 0.012314610 0.047505755 0.032901183 0.047592323 0.037895635 0.033429369 0.031952988 -0.005136123 0.012142637 0.059999041 0.027713349 0.028788552 0.005180822 0.025565580 -0.006300978 0.016687773 0.032696076 0.042570680 0.023044690 0.014572427 0.009578851 0.030492086 0.078364819 0.063306019 0.017243739 0.016793441
0.043270744 0.020699238 0.001153020 0.035371769 0.013792837 0.005122352 -0.002480592 0.001238119 0.003313002 0.020228066 0.008375573 0.024986595 0.010590553 0.005254844 0.041265182 0.022009442 0.011348285 0.025977999 0.017253123 0.014542906 0.004266189 0.000892883 0.016687773 -0.003107010 0.018660743 0.005109313 -0.002810475 -0.000562815 0.019858254 0.002577508 0.050504077 0.030278439 0.017223340 0.018553313
0.047405433 0.005581895 0.017077738 0.042238295 0.023758231 0.021216117 0.018865168 0.009322906 0.028822530 0.025764149 0.019517900 0.036616333 0.012858228 0.019310664 0.041295521 0.033039805 0.022651818 0.028606493 0.022355109 0.024499495 0.026787305 0.026008060 0.032696076 0.018660743 -0.025665659 0.015916146 0.013892449 0.018890696 0.036666013 0.022896856 0.051556610 0.039581005 0.033717170 0.029793449
0.047641471 0.023604047 0.021180993 0.023525679 0.019177599 0.016547993 0.010043684 0.009003460 0.010349812 0.004320843 0.001964026 0.015593853 0.003985029 0.012752425 0.050841421 0.045790084 0.023582406 0.014045286 0.020801423 0.006892463 0.020909533 0.012037463 0.042570680 0.005109313 0.015916146 -0.001662869 0.010704528 0.016615152 0.031900398 0.009344007 0.044967491 0.021451505 0.024037680 0.029411430
0.040519837 0.025826018 0.000965480 0.044078078 0.011542192 0.004259591 -0.002719643 -0.000841126 -0.000854279 0.028375896 0.006237234 0.031120645 0.004748723 0.008751492 0.044339195 0.023572274 0.006184530 0.023441929 0.012956779 0.012444148 0.002571264 0.014907626 0.023044690 -0.002810475 0.013892449 0.010704528 -0.010539252 0.004263772 0.019498195 0.003194985 0.058551837 0.043810427 0.027656568 0.018313333
0.039894477 0.021870175 0.009602346 0.041694134 0.011636785 0.002512765 0.003808002 0.009181512 0.001153287 0.028431932 0.009647634 0.031375956 0.015630830 0.009125687 0.034491763 0.015459090 0.009997591 0.033660360 0.019247411 0.015020188 0.007310907 0.013315862 0.014572427 -0.000562815 0.018890696 0.016615152 0.004263772 -0.006928816 0.015590430 0.008118819 0.056266613 0.037374802 0.013391603 0.015965987
0.017965447 0.030535784 0.009481221 0.061661702 0.003307786 0.018994145 0.016860252 0.022067808 0.017961200 0.048633076 0.028912473 0.049438190 0.032805182 0.028669517 0.021740559 0.001603331 0.008592360 0.049276754 0.017901871 0.034421518 0.001792857 0.024559338 0.009578851 0.019858254 0.036666013 0.031900398 0.019498195 0.015590430 -0.010448210 0.024750642 0.069688633 0.057609439 0.020700518 0.014548643
0.050598875 0.034176365 0.014427776 0.039987359 0.011182127 0.006404919 -0.000300574 0.006597950 0.002106913 0.025030058 0.008601673 0.030514317 0.011137787 0.009911772 0.046276301 0.034687907 0.016524635 0.026262611 0.018676154 0.014846569 0.012945138 0.017549708 0.030492086 0.002577508 0.022896856 0.009344007 0.003194985 0.008118819 0.024750642 -0.013386375 0.062375687 0.040430799 0.026638936 0.023281535
0.081147984 0.073683694 0.052364029 0.041857671 0.040165607 0.044918634 0.048113391 0.042320397 0.064557016 0.026542243 0.047292843 0.062101562 0.040637176 0.052243683 0.071322769 0.074072242 0.067339621 0.052421752 0.058708049 0.048241213 0.054779842 0.066265531 0.078364819 0.050504077 0.051556610 0.044967491 0.058551837 0.056266613 0.069688633 0.062375687 0.006737657 0.058453836 0.069717295 0.054133493
0.071834952 0.037231676 0.041364327 0.035097323 0.037764136 0.023517232 0.032956034 0.027624164 0.041473351 0.016359851 0.021250127 0.042319525 0.024406387 0.030390171 0.076713733 0.069294110 0.047609601 0.040247079 0.044477366 0.038965162 0.037976876 0.034591988 0.063306019 0.030278439 0.039581005 0.021451505 0.043810427 0.037374802 0.057609439 0.040430799 0.058453836 0.010463484 0.041631117 0.052472834
0.042351082 0.024482192 0.022699613 0.046940394 0.012496635 0.019849805 0.022302574 0.027625917 0.027182637 0.029329516 0.021993756 0.039122771 0.030995268 0.022177035 0.039875157 0.023345709 0.016985765 0.043695293 0.029421229 0.029742427 0.012551779 0.021177273 0.017243739 0.017223340 0.033717170 0.024037680 0.027656568 0.013391603 0.020700518 0.026638936 0.069717295 0.041631117 -0.031364929 0.022748390
0.025426831 0.030076558 0.011523105 0.053842977 0.016312404 0.017849468 0.017585028 0.023965681 0.019358099 0.039429918 0.024946600 0.046867643 0.028142646 0.029875914 0.030723270 0.009614146 0.018503038 0.043180265 0.019363794 0.034278899 0.011114505 0.024532299 0.016793441 0.018553313 0.029793449 0.029411430 0.018313333 0.015965987 0.014548643 0.023281535 0.054133493 0.052472834 0.022748390 0.006955998
