0.000000000 0.010204081 0.053658538 0.208163261 0.039603960 0.101851851 0.084905662 0.105990782 0.156521738 0.170940176 0.130044848 0.174468085 0.141592920 0.097674422 0.010204081 0.031914894 0.010416667 0.177966103 0.039603960 0.149122804 0.062801935 0.145374447 0.005128205 0.071770333 0.076190479 0.152838424 0.110091746 0.084905662 0.026455026 0.084905662 0.224000007 0.217741936 0.077777781 0.080568723
0.010204081 0.000000000 0.043478262 0.198380560 0.029411765 0.091743119 0.074766353 0.095890410 0.146551728 0.161016956 0.119999997 0.164556965 0.131578952 0.087557606 0.000000000 0.042105265 0.020618556 0.168067232 0.029411765 0.139130428 0.052631579 0.135371178 0.005076142 0.061611373 0.066037737 0.142857149 0.100000001 0.074766353 0.036649216 0.074766353 0.214285716 0.208000004 0.087912090 0.070422538
0.053658538 0.043478262 0.000000000 0.156250000 0.014084507 0.048458152 0.031390134 0.052631579 0.103734441 0.118367344 0.076923080 0.121951222 0.088607594 0.044247787 0.043478262 0.085427135 0.064039409 0.125506073 0.014084507 0.096234307 0.009174312 0.092436977 0.048543688 0.018181818 0.022624435 0.100000001 0.056768559 0.031390134 0.079999998 0.031390134 0.172413796 0.166023165 0.130890056 0.027027028
0.208163261 0.198380560 0.156250000 0.000000000 0.169960469 0.108614229 0.125475287 0.104477614 0.053380784 0.038596492 0.080291972 0.034965035 0.068592057 0.112781957 0.198380560 0.238493726 0.218107000 0.031358887 0.169960469 0.060931899 0.147286817 0.064748198 0.203252032 0.138461545 0.134099618 0.057142857 0.100371748 0.125475287 0.233333334 0.125475287 0.016611295 0.010033445 0.281385273 0.129770994
0.039603960 0.029411765 0.014084507 0.169960469 0.000000000 0.062500000 0.045454547 0.066666670 0.117647059 0.132231399 0.090909094 0.135802463 0.102564104 0.058295965 0.029411765 0.071428575 0.050000001 0.139344260 0.000000000 0.110169493 0.023255814 0.106382981 0.034482758 0.032258064 0.036697246 0.113924049 0.070796460 0.045454547 0.065989845 0.045454547 0.186046511 0.179687500 0.117021278 0.041095890
0.101851851 0.091743119 0.048458152 0.108614229 0.062500000 0.000000000 0.017094018 0.004184100 0.055555556 0.070312500 0.028571429 0.073929958 0.040322579 0.004219409 0.091743119 0.133333340 0.112149529 0.077519380 0.062500000 0.048000000 0.039301310 0.044176705 0.096774191 0.030303031 0.025862070 0.051792830 0.008333334 0.017094018 0.127962083 0.017094018 0.125000000 0.118518516 0.178217828 0.021459227
0.084905662 0.074766353 0.031390134 0.125475287 0.045454547 0.017094018 0.000000000 0.021276595 0.072580643 0.087301590 0.045643155 0.090909094 0.057377048 0.012875536 0.074766353 0.116504855 0.095238097 0.094488189 0.045454547 0.065040648 0.022222223 0.061224490 0.079812206 0.013215859 0.008771930 0.068825908 0.025423728 0.000000000 0.111111112 0.000000000 0.141791046 0.135338351 0.161616161 0.004366812
0.105990782 0.095890410 0.052631579 0.104477614 0.066666670 0.004184100 0.021276595 0.000000000 0.051383398 0.066147856 0.024390243 0.069767445 0.036144577 0.008403362 0.095890410 0.137440756 0.116279073 0.073359072 0.066666670 0.043824703 0.043478262 0.039999999 0.100917429 0.034482758 0.030042918 0.047619049 0.004149378 0.021276595 0.132075474 0.021276595 0.120879121 0.114391141 0.182266012 0.025641026
0.156521738 0.146551728 0.103734441 0.053380784 0.117647059 0.055555556 0.072580643 0.051383398 0.000000000 0.014814815 0.027027028 0.018450184 0.015267176 0.059760958 0.146551728 0.187500000 0.166666672 0.022058824 0.117647059 0.007575758 0.094650209 0.011406844 0.151515156 0.085714288 0.081300810 0.003773585 0.047244094 0.072580643 0.182222217 0.072580643 0.069930069 0.063380279 0.231481478 0.076923080
0.170940176 0.161016956 0.118367344 0.038596492 0.132231399 0.070312500 0.087301590 0.066147856 0.014814815 0.000000000 0.041825093 0.003636364 0.030075189 0.074509807 0.161016956 0.201754391 0.181034476 0.007246377 0.132231399 0.022388060 0.109311745 0.026217228 0.165957451 0.100401610 0.096000001 0.018587360 0.062015504 0.087301590 0.196506545 0.087301590 0.055172414 0.048611112 0.245454550 0.091633469
0.130044848 0.119999997 0.076923080 0.080291972 0.090909094 0.028571429 0.045643155 0.024390243 0.027027028 0.041825093 0.000000000 0.045454547 0.011764706 0.032786883 0.119999997 0.161290318 0.140271500 0.049056605 0.090909094 0.019455252 0.067796610 0.015625000 0.125000000 0.058823530 0.054393306 0.023255814 0.020242915 0.045643155 0.155963302 0.045643155 0.096774191 0.090252705 0.205741629 0.050000001
0.174468085 0.164556965 0.121951222 0.034965035 0.135802463 0.073929958 0.090909094 0.069767445 0.018450184 0.003636364 0.045454547 0.000000000 0.033707865 0.078125000 0.164556965 0.205240175 0.184549361 0.003610108 0.135802463 0.026022306 0.112903222 0.029850746 0.169491529 0.104000002 0.099601597 0.022222223 0.065637067 0.090909094 0.200000003 0.090909094 0.051546391 0.044982698 0.248868778 0.095238097
0.141592920 0.131578952 0.088607594 0.068592057 0.102564104 0.040322579 0.057377048 0.036144577 0.015267176 0.030075189 0.011764706 0.033707865 0.000000000 0.044534411 0.131578952 0.172727272 0.151785716 0.037313432 0.102564104 0.007692308 0.079497911 0.003861004 0.136563882 0.070539422 0.066115700 0.011494253 0.032000002 0.057377048 0.167420819 0.057377048 0.085106380 0.078571431 0.216981128 0.061728396
0.097674422 0.087557606 0.044247787 0.112781957 0.058295965 0.004219409 0.012875536 0.008403362 0.059760958 0.074509807 0.032786883 0.078125000 0.044534411 0.000000000 0.087557606 0.129186600 0.107981220 0.081712060 0.058295965 0.052208837 0.035087720 0.048387095 0.092592590 0.026086956 0.021645023 0.056000002 0.012552301 0.012875536 0.123809524 0.012875536 0.129151285 0.122676581 0.174129352 0.017241379
0.010204081 0.000000000 0.043478262 0.198380560 0.029411765 0.091743119 0.074766353 0.095890410 0.146551728 0.161016956 0.119999997 0.164556965 0.131578952 0.087557606 0.000000000 0.042105265 0.020618556 0.168067232 0.029411765 0.139130428 0.052631579 0.135371178 0.005076142 0.061611373 0.066037737 0.142857149 0.100000001 0.074766353 0.036649216 0.074766353 0.214285716 0.208000004 0.087912090 0.070422538
0.031914894 0.042105265 0.085427135 0.238493726 0.071428575 0.133333340 0.116504855 0.137440756 0.187500000 0.201754391 0.161290318 0.205240175 0.172727272 0.129186600 0.042105265 0.000000000 0.021505376 0.208695650 0.071428575 0.180180177 0.094527364 0.176470593 0.037037037 0.103448279 0.107843138 0.183856502 0.141509429 0.116504855 0.005464481 0.116504855 0.254098356 0.247933879 0.045977011 0.112195119
0.010416667 0.020618556 0.064039409 0.218107000 0.050000001 0.112149529 0.095238097 0.116279073 0.166666672 0.181034476 0.140271500 0.184549361 0.151785716 0.107981220 0.020618556 0.021505376 0.000000000 0.188034192 0.050000001 0.159292042 0.073170729 0.155555561 0.015544041 0.082125604 0.086538464 0.162995592 0.120370373 0.095238097 0.016042780 0.095238097 0.233870968 0.227642283 0.067415729 0.090909094
0.177966103 0.168067232 0.125506073 0.031358887 0.139344260 0.077519380 0.094488189 0.073359072 0.022058824 0.007246377 0.049056605 0.003610108 0.037313432 0.081712060 0.168067232 0.208695650 0.188034192 0.000000000 0.139344260 0.029629629 0.116465867 0.033457249 0.172995776 0.107569724 0.103174604 0.025830258 0.069230773 0.094488189 0.203463197 0.094488189 0.047945205 0.041379310 0.252252251 0.098814227
0.039603960 0.029411765 0.014084507 0.169960469 0.000000000 0.062500000 0.045454547 0.066666670 0.117647059 0.132231399 0.090909094 0.135802463 0.102564104 0.058295965 0.029411765 0.071428575 0.050000001 0.139344260 0.000000000 0.110169493 0.023255814 0.106382981 0.034482758 0.032258064 0.036697246 0.113924049 0.070796460 0.045454547 0.065989845 0.045454547 0.186046511 0.179687500 0.117021278 0.041095890
0.149122804 0.139130428 0.096234307 0.060931899 0.110169493 0.048000000 0.065040648 0.043824703 0.007575758 0.022388060 0.019455252 0.026022306 0.007692308 0.052208837 0.139130428 0.180180177 0.159292042 0.029629629 0.110169493 0.000000000 0.087136932 0.003831418 0.144104809 0.078189299 0.073770493 0.003802281 0.039682541 0.065040648 0.174887896 0.065040648 0.077464789 0.070921987 0.224299058 0.069387756
0.062801935 0.052631579 0.009174312 0.147286817 0.023255814 0.039301310 0.022222223 0.043478262 0.094650209 0.109311745 0.067796610 0.112903222 0.079497911 0.035087720 0.052631579 0.094527364 0.073170729 0.116465867 0.023255814 0.087136932 0.000000000 0.083333336 0.057692308 0.009009009 0.013452915 0.090909094 0.047619049 0.022222223 0.089108914 0.022222223 0.163498104 0.157088116 0.139896378 0.017857144
0.145374447 0.135371178 0.092436977 0.064748198 0.106382981 0.044176705 0.061224490 0.039999999 0.011406844 0.026217228 0.015625000 0.029850746 0.003861004 0.048387095 0.135371178 0.176470593 0.155555561 0.033457249 0.106382981 0.003831418 0.083333336 0.000000000 0.140350878 0.074380167 0.069958851 0.007633588 0.035856575 0.061224490 0.171171173 0.061224490 0.081272088 0.074733093 0.220657274 0.065573767
0.005128205 0.005076142 0.048543688 0.203252032 0.034482758 0.096774191 0.079812206 0.100917429 0.151515156 0.165957451 0.125000000 0.169491529 0.136563882 0.092592590 0.005076142 0.037037037 0.015544041 0.172995776 0.034482758 0.144104809 0.057692308 0.140350878 0.000000000 0.066666670 0.071090050 0.147826090 0.105022833 0.079812206 0.031578947 0.079812206 0.219123513 0.212851405 0.082872927 0.075471699
0.071770333 0.061611373 0.018181818 0.138461545 0.032258064 0.030303031 0.013215859 0.034482758 0.085714288 0.100401610 0.058823530 0.104000002 0.070539422 0.026086956 0.061611373 0.103448279 0.082125604 0.107569724 0.032258064 0.078189299 0.009009009 0.074380167 0.066666670 0.000000000 0.004444445 0.081967212 0.038626611 0.013215859 0.098039217 0.013215859 0.154716983 0.148288980 0.148717955 0.008849557
0.076190479 0.066037737 0.022624435 0.134099618 0.036697246 0.025862070 0.008771930 0.030042918 0.081300810 0.096000001 0.054393306 0.099601597 0.066115700 0.021645023 0.066037737 0.107843138 0.086538464 0.103174604 0.036697246 0.073770493 0.013452915 0.069958851 0.071090050 0.004444445 0.000000000 0.077551022 0.034188036 0.008771930 0.102439024 0.008771930 0.150375932 0.143939391 0.153061226 0.004405286
0.152838424 0.142857149 0.100000001 0.057142857 0.113924049 0.051792830 0.068825908 0.047619049 0.003773585 0.018587360 0.023255814 0.022222223 0.011494253 0.056000002 0.142857149 0.183856502 0.162995592 0.025830258 0.113924049 0.003802281 0.090909094 0.007633588 0.147826090 0.081967212 0.077551022 0.000000000 0.043478262 0.068825908 0.178571433 0.068825908 0.073684208 0.067137808 0.227906972 0.073170729
0.110091746 0.100000001 0.056768559 0.100371748 0.070796460 0.008333334 0.025423728 0.004149378 0.047244094 0.062015504 0.020242915 0.065637067 0.032000002 0.012552301 0.100000001 0.141509429 0.120370373 0.069230773 0.070796460 0.039682541 0.047619049 0.035856575 0.105022833 0.038626611 0.034188036 0.043478262 0.000000000 0.025423728 0.136150241 0.025423728 0.116788320 0.110294119 0.186274514 0.029787235
0.084905662 0.074766353 0.031390134 0.125475287 0.045454547 0.017094018 0.000000000 0.021276595 0.072580643 0.087301590 0.045643155 0.090909094 0.057377048 0.012875536 0.074766353 0.116504855 0.095238097 0.094488189 0.045454547 0.065040648 0.022222223 0.061224490 0.079812206 0.013215859 0.008771930 0.068825908 0.025423728 0.000000000 0.111111112 0.000000000 0.141791046 0.135338351 0.161616161 0.004366812
0.026455026 0.036649216 0.079999998 0.233333334 0.065989845 0.127962083 0.111111112 0.132075474 0.182222217 0.196506545 0.155963302 0.200000003 0.167420819 0.123809524 0.036649216 0.005464481 0.016042780 0.203463197 0.065989845 0.174887896 0.089108914 0.171171173 0.031578947 0.098039217 0.102439024 0.178571433 0.136150241 0.111111112 0.000000000 0.111111112 0.248979598 0.242798358 0.051428571 0.106796116
0.084905662 0.074766353 0.031390134 0.125475287 0.045454547 0.017094018 0.000000000 0.021276595 0.072580643 0.087301590 0.045643155 0.090909094 0.057377048 0.012875536 0.074766353 0.116504855 0.095238097 0.094488189 0.045454547 0.065040648 0.022222223 0.061224490 0.079812206 0.013215859 0.008771930 0.068825908 0.025423728 0.000000000 0.111111112 0.000000000 0.141791046 0.135338351 0.161616161 0.004366812
0.224000007 0.214285716 0.172413796 0.016611295 0.186046511 0.125000000 0.141791046 0.120879121 0.069930069 0.055172414 0.096774191 0.051546391 0.085106380 0.129151285 0.214285716 0.254098356 0.233870968 0.047945205 0.186046511 0.077464789 0.163498104 0.081272088 0.219123513 0.154716983 0.150375932 0.073684208 0.116788320 0.141791046 0.248979598 0.141791046 0.000000000 0.006578947 0.296610177 0.146067411
0.217741936 0.208000004 0.166023165 0.010033445 0.179687500 0.118518516 0.135338351 0.114391141 0.063380279 0.048611112 0.090252705 0.044982698 0.078571431 0.122676581 0.208000004 0.247933879 0.227642283 0.041379310 0.179687500 0.070921987 0.157088116 0.074733093 0.212851405 0.148288980 0.143939391 0.067137808 0.110294119 0.135338351 0.242798358 0.135338351 0.006578947 0.000000000 0.290598303 0.139622644
0.077777781 0.087912090 0.130890056 0.281385273 0.117021278 0.178217828 0.161616161 0.182266012 0.231481478 0.245454550 0.205741629 0.248868778 0.216981128 0.174129352 0.087912090 0.045977011 0.067415729 0.252252251 0.117021278 0.224299058 0.139896378 0.220657274 0.082872927 0.148717955 0.153061226 0.227906972 0.186274514 0.161616161 0.051428571 0.161616161 0.296610177 0.290598303 0.000000000 0.157360405
0.080568723 0.070422538 0.027027028 0.129770994 0.041095890 0.021459227 0.004366812 0.025641026 0.076923080 0.091633469 0.050000001 0.095238097 0.061728396 0.017241379 0.070422538 0.112195119 0.090909094 0.098814227 0.041095890 0.069387756 0.017857144 0.065573767 0.075471699 0.008849557 0.004405286 0.073170729 0.029787235 0.004366812 0.106796116 0.004366812 0.146067411 0.139622644 0.157360405 0.000000000
