0.016759120 0.057666183 0.021575097 0.078788131 0.022684496 0.039661124 0.036912147 0.041024674 0.043287959 0.060569208 0.048053227 0.067652240 0.052795529 0.047361623 0.028842703 0.017677806 0.032266423 0.068622641 0.042311400 0.057260722 0.024399366 0.050441515 0.021595547 0.039543521 0.050948694 0.047300305 0.042209510 0.038173430 0.019424777 0.051017046 0.086266622 0.070968322 0.039238125 0.022402730
0.057666183 -0.051560674 0.017568920 0.059585422 0.022349341 0.019242369 0.021780137 0.021601016 0.034235381 0.037476860 0.026262194 0.040766746 0.029772455 0.022473842 0.047011349 0.026641853 0.024745276 0.041645516 0.032012586 0.041731995 0.023258928 0.023461169 0.034080792 0.021019218 0.008654373 0.022341270 0.027126363 0.020297399 0.032228157 0.035629384 0.078580990 0.037943691 0.024331551 0.027758002
0.021575097 0.017568920 -0.001387432 0.043650005 0.008023109 0.005850427 -0.000190002 0.003593381 0.004582799 0.029170929 0.010569744 0.033887953 0.014702673 0.013857475 0.027935229 0.010774364 0.003130512 0.031125784 0.015181123 0.019343190 0.002701458 0.011599773 0.008979046 0.001179128 0.018866017 0.019284282 0.001313556 0.006996627 0.008978967 0.013588406 0.051755909 0.038873162 0.020212658 0.008778835
0.078788131 0.059585422 0.043650005 0.021133553 0.040725295 0.029328333 0.034066796 0.032362364 0.046541378 0.014077973 0.032265753 0.034100752 0.031552661 0.033940062 0.078087926 0.065449774 0.056438141 0.045094714 0.055939294 0.034769602 0.051532365 0.042231917 0.061868131 0.034753513 0.039490037 0.025926370 0.042621311 0.043848764 0.063035041 0.042999625 0.045266919 0.033948153 0.050839432 0.051513739
0.022684496 0.022349341 0.008023109 0.040725295 -0.011021448 0.012509223 0.009571186 0.015535068 0.018535431 0.029331554 0.018886343 0.028158095 0.021513863 0.018389868 0.026278732 0.015957931 0.009741884 0.032641049 0.021136869 0.025257593 0.009331085 0.024314392 0.010614830 0.014830267 0.024984354 0.020260807 0.011928675 0.011930525 0.010496648 0.015386075 0.049098484 0.040588032 0.016529029 0.017961560
0.039661124 0.019242369 0.005850427 0.029328333 0.012509223 -0.026119256 0.001937204 0.003174248 0.004419468 0.018094722 0.008008000 0.022127882 0.007050204 0.006996226 0.036650404 0.023115331 0.007753079 0.025497979 0.011831975 0.014381741 0.003038616 0.009767486 0.018200889 0.005295411 0.023184840 0.014400840 0.004399380 -0.000247326 0.020221435 0.005716132 0.042993184 0.022860676 0.018045552 0.015563663
0.036912147 0.021780137 -0.000190002 0.034066796 0.009571186 0.001937204 -0.010850979 -0.001897625 0.002800090 0.019848343 0.005775650 0.021912554 0.009252274 0.004643938 0.036372200 0.022127928 0.008120263 0.023248043 0.015556052 0.007082500 0.004746521 0.008281603 0.018240094 -0.001908127 0.020549711 0.008633188 -0.002085950 0.001791524 0.018202964 -0.000520379 0.048437756 0.031158490 0.021202149 0.016561922
0.041024674 0.021601016 0.003593381 0.032362364 0.015535068 0.003174248 -0.001897625 -0.002634483 0.006926439 0.017100817 0.006585896 0.021968480 0.004461845 0.004188574 0.040190898 0.027012153 0.013530432 0.021152796 0.012410484 0.011187266 0.008438005 0.011198789 0.025190646 0.001102251 0.011201799 0.007824721 -0.000599178 0.007530490 0.023154218 0.006749574 0.041143876 0.026418516 0.026647704 0.021187648
0.043287959 0.034235381 0.004582799 0.046541378 0.018535431 0.004419468 0.002800090 0.006926439 -0.001592482 0.029363535 0.009879977 0.028287139 0.016978012 0.009123829 0.043795075 0.019999770 0.007938335 0.030939467 0.017682415 0.016533963 0.009696537 -0.000452663 0.011623533 0.002419971 0.029007226 0.010761098 -0.001457474 0.000112237 0.017803555 0.002468579 0.064460717 0.039279297 0.026407961 0.018639456
0.060569208 0.037476860 0.029170929 0.014077973 0.029331554 0.018094722 0.019848343 0.017100817 0.029363535 0.001783703 0.017325284 0.013085814 0.012022922 0.019486167 0.059117310 0.049571618 0.039515167 0.022428267 0.036734439 0.009867829 0.035731643 0.023554189 0.047037549 0.021816388 0.023457590 0.006270433 0.027384920 0.028965902 0.046853356 0.026490433 0.026378294 0.015489686 0.031055655 0.036924575
0.048053227 0.026262194 0.010569744 0.032265753 0.018886343 0.008008000 0.005775650 0.006585896 0.009879977 0.017325284 -0.003481203 0.021279864 0.009496775 0.011873355 0.046798125 0.036959894 0.016830536 0.020406447 0.015847918 0.011539193 0.013113556 0.015456740 0.030644698 0.007142047 0.021074064 0.001833256 0.006679222 0.008106528 0.030153073 0.009017007 0.048435807 0.020356737 0.020916317 0.022642728
0.067652240 0.040766746 0.033887953 0.034100752 0.028158095 0.022127882 0.021912554 0.021968480 0.028287139 0.013085814 0.021279864 0.010685425 0.023195211 0.019346518 0.066578411 0.048174888 0.041265465 0.030023262 0.041277491 0.017975293 0.037274726 0.028151106 0.045220878 0.023790179 0.030038152 0.014861486 0.026060833 0.030113265 0.045104846 0.029008927 0.056929965 0.032478560 0.039004952 0.039643265
0.052795529 0.029772455 0.014702673 0.031552661 0.021513863 0.007050204 0.009252274 0.004461845 0.016978012 0.012022922 0.009496775 0.023195211 -0.001437459 0.010069430 0.053251624 0.041376710 0.021274181 0.026599187 0.020838983 0.012636011 0.018835116 0.012777247 0.033949472 0.008537009 0.015906025 0.000994206 0.006100685 0.011606946 0.036247518 0.011057673 0.042907231 0.020995678 0.028248921 0.027338706
0.047361623 0.022473842 0.013857475 0.033940062 0.018389868 0.006996226 0.004643938 0.004188574 0.009123829 0.019486167 0.011873355 0.019346518 0.010069430 -0.002873816 0.044226140 0.035386726 0.017160229 0.024269424 0.016234204 0.014009729 0.009988329 0.013539733 0.029049451 0.008398644 0.017509604 0.010667784 0.006651194 0.009747066 0.027373830 0.010992030 0.050707802 0.028616060 0.025498647 0.024049932
0.028842703 0.047011349 0.027935229 0.078087926 0.026278732 0.036650404 0.036372200 0.040190898 0.043795075 0.059117310 0.046798125 0.066578411 0.053251624 0.044226140 0.017403932 0.012070578 0.031670347 0.070693448 0.038065031 0.057591878 0.029888364 0.046858940 0.029254708 0.037963498 0.041619234 0.049858663 0.043919846 0.033217981 0.022779472 0.046783667 0.075177297 0.074485913 0.038658928 0.025826350
0.017677806 0.026641853 0.010774364 0.065449774 0.015957931 0.023115331 0.022127928 0.027012153 0.019999770 0.049571618 0.036959894 0.048174888 0.041376710 0.035386726 0.012070578 -0.019029770 0.014158430 0.062421061 0.027658349 0.030002890 0.009235941 0.028151382 -0.002855926 0.023537861 0.030681115 0.046290927 0.022024201 0.017305432 0.001146639 0.034912247 0.072235398 0.069228724 0.025476996 0.006992529
0.032266423 0.024745276 0.003130512 0.056438141 0.009741884 0.007753079 0.008120263 0.013530432 0.007938335 0.039515167 0.016830536 0.041265465 0.021274181 0.017160229 0.031670347 0.014158430 -0.004921551 0.039166138 0.017480796 0.027647343 0.004502645 0.017983221 0.009590031 0.009497407 0.024329938 0.023055170 0.008396939 0.008350571 0.011455473 0.017469851 0.070931196 0.046999257 0.015863243 0.015663818
0.068622641 0.041645516 0.031125784 0.045094714 0.032641049 0.025497979 0.023248043 0.021152796 0.030939467 0.022428267 0.020406447 0.030023262 0.026599187 0.024269424 0.070693448 0.062421061 0.039166138 0.009802014 0.034708120 0.036496535 0.036008447 0.032101095 0.058796391 0.024948953 0.030775785 0.014344026 0.024663417 0.033252925 0.051704846 0.028996706 0.056170736 0.038624778 0.044516303 0.040341221
0.042311400 0.032012586 0.015181123 0.055939294 0.021136869 0.011831975 0.015556052 0.012410484 0.017682415 0.036734439 0.015847918 0.041277491 0.020838983 0.016234204 0.038065031 0.027658349 0.017480796 0.034708120 0.002258502 0.034061428 0.016405540 0.021856261 0.027163863 0.017218230 0.024997074 0.021298114 0.014228974 0.020259902 0.019905873 0.020484254 0.061849341 0.044518314 0.030463863 0.017810630
0.057260722 0.041731995 0.019343190 0.034769602 0.025257593 0.014381741 0.007082500 0.011187266 0.016533963 0.009867829 0.011539193 0.017975293 0.012636011 0.014009729 0.057591878 0.030002890 0.027647343 0.036496535 0.034061428 -0.001368567 0.024694778 0.017428905 0.030516576 0.013791007 0.022576585 0.009914748 0.011448549 0.016251426 0.036271896 0.018152447 0.049466953 0.036917761 0.032950893 0.033919983
0.024399366 0.023258928 0.002701458 0.051532365 0.009331085 0.003038616 0.004746521 0.008438005 0.009696537 0.035731643 0.013113556 0.037274726 0.018835116 0.009988329 0.029888364 0.009235941 0.004502645 0.036008447 0.016405540 0.024694778 0.000383654 0.011343047 0.004049044 0.004468858 0.027852081 0.021578908 0.002657682 0.006933942 0.002673415 0.013565863 0.055278368 0.037959736 0.013080820 0.011638667
0.050441515 0.023461169 0.011599773 0.042231917 0.024314392 0.009767486 0.008281603 0.011198789 -0.000452663 0.023554189 0.015456740 0.028151106 0.012777247 0.013539733 0.046858940 0.028151382 0.017983221 0.032101095 0.021856261 0.017428905 0.011343047 -0.022205673 0.021100933 0.001511475 0.024528656 0.009587260 0.013217716 0.011432402 0.023052759 0.017073104 0.066457085 0.032352805 0.020427357 0.020203890
0.021595547 0.034080792 0.008979046 0.061868131 0.010614830 0.018200889 0.018240094 0.025190646 0.011623533 0.047037549 0.030644698 0.045220878 0.033949472 0.029049451 0.029254708 -0.002855926 0.009590031 0.058796391 0.027163863 0.030516576 0.004049044 0.021100933 -0.011930272 0.018283717 0.029517107 0.039598007 0.020042438 0.013914939 0.006683942 0.029509529 0.077539012 0.060025007 0.017927585 0.010976988
0.039543521 0.021019218 0.001179128 0.034753513 0.014830267 0.005295411 -0.001908127 0.001102251 0.002419971 0.021816388 0.007142047 0.023790179 0.008537009 0.008398644 0.037963498 0.023537861 0.009497407 0.024948953 0.017218230 0.013791007 0.004468858 0.001511475 0.018283717 -0.002877920 0.018490674 0.007821592 -0.003333676 0.001403987 0.017744869 0.003190214 0.048932593 0.030464273 0.017587397 0.017088789
0.050948694 0.008654373 0.018866017 0.039490037 0.024984354 0.023184840 0.020549711 0.011201799 0.029007226 0.023457590 0.021074064 0.030038152 0.015906025 0.017509604 0.041619234 0.030681115 0.024329938 0.030775785 0.024997074 0.022576585 0.027852081 0.024528656 0.029517107 0.018490674 -0.020355962 0.014814366 0.015574828 0.016329711 0.039628491 0.022411266 0.051953074 0.037158810 0.031112464 0.031288266
0.047300305 0.022341270 0.019284282 0.025926370 0.020260807 0.014400840 0.008633188 0.007824721 0.010761098 0.006270433 0.001833256 0.014861486 0.000994206 0.010667784 0.049858663 0.046290927 0.023055170 0.014344026 0.021298114 0.009914748 0.021578908 0.009587260 0.039598007 0.007821592 0.014814366 -0.003101837 0.009592117 0.017123824 0.031549059 0.009620365 0.043758646 0.020857848 0.025789563 0.025393043
0.042209510 0.027126363 0.001313556 0.042621311 0.011928675 0.004399380 -0.002085950 -0.000599178 -0.001457474 0.027384920 0.006679222 0.026060833 0.006100685 0.006651194 0.043919846 0.022024201 0.008396939 0.024663417 0.014228974 0.011448549 0.002657682 0.013217716 0.020042438 -0.003333676 0.015574828 0.009592117 -0.011335454 0.002638392 0.020319518 0.003544221 0.059323411 0.043216474 0.027123105 0.016181404
0.038173430 0.020297399 0.006996627 0.043848764 0.011930525 -0.000247326 0.001791524 0.007530490 0.000112237 0.028965902 0.008106528 0.030113265 0.011606946 0.009747066 0.033217981 0.017305432 0.008350571 0.033252925 0.020259902 0.016251426 0.006933942 0.011432402 0.013914939 0.001403987 0.016329711 0.017123824 0.002638392 -0.006090425 0.014538018 0.009081259 0.055298332 0.036265343 0.015298918 0.012877080
0.019424777 0.032228157 0.008978967 0.063035041 0.010496648 0.020221435 0.018202964 0.023154218 0.017803555 0.046853356 0.030153073 0.045104846 0.036247518 0.027373830 0.022779472 0.001146639 0.011455473 0.051704846 0.019905873 0.036271896 0.002673415 0.023052759 0.006683942 0.017744869 0.039628491 0.031549059 0.020319518 0.014538018 -0.009081692 0.025900405 0.073293805 0.057503190 0.020413039 0.010438858
0.051017046 0.035629384 0.013588406 0.042999625 0.015386075 0.005716132 -0.000520379 0.006749574 0.002468579 0.026490433 0.009017007 0.029008927 0.011057673 0.010992030 0.046783667 0.034912247 0.017469851 0.028996706 0.020484254 0.018152447 0.013565863 0.017073104 0.029509529 0.003190214 0.022411266 0.009620365 0.003544221 0.009081259 0.025900405 -0.011642890 0.066234663 0.043598648 0.028074831 0.020162046
0.086266622 0.078580990 0.051755909 0.045266919 0.049098484 0.042993184 0.048437756 0.041143876 0.064460717 0.026378294 0.048435807 0.056929965 0.042907231 0.050707802 0.075177297 0.072235398 0.070931196 0.056170736 0.061849341 0.049466953 0.055278368 0.066457085 0.077539012 0.048932593 0.051953074 0.043758646 0.059323411 0.055298332 0.073293805 0.066234663 0.010344746 0.058514338 0.072089776 0.047895513
0.070968322 0.037943691 0.038873162 0.033948153 0.040588032 0.022860676 0.031158490 0.026418516 0.039279297 0.015489686 0.020356737 0.032478560 0.020995678 0.028616060 0.074485913 0.069228724 0.046999257 0.038624778 0.044518314 0.036917761 0.037959736 0.032352805 0.060025007 0.030464273 0.037158810 0.020857848 0.043216474 0.036265343 0.057503190 0.043598648 0.058514338 0.005430564 0.042471942 0.046864148
0.039238125 0.024331551 0.020212658 0.050839432 0.016529029 0.018045552 0.021202149 0.026647704 0.026407961 0.031055655 0.020916317 0.039004952 0.028248921 0.025498647 0.038658928 0.025476996 0.015863243 0.044516303 0.030463863 0.032950893 0.013080820 0.020427357 0.017927585 0.017587397 0.031112464 0.025789563 0.027123105 0.015298918 0.020413039 0.028074831 0.072089776 0.042471942 -0.025471743 0.018852465
0.022402730 0.027758002 0.008778835 0.051513739 0.017961560 0.015563663 0.016561922 0.021187648 0.018639456 0.036924575 0.022642728 0.039643265 0.027338706 0.024049932 0.025826350 0.006992529 0.015663818 0.040341221 0.017810630 0.033919983 0.011638667 0.020203890 0.010976988 0.017088789 0.031288266 0.025393043 0.016181404 0.012877080 0.010438858 0.020162046 0.047895513 0.046864148 0.018852465 -0.000183886
