0.000000000 0.206896558 0.061224490 0.266932279 0.132075474 0.119617224 0.098039217 0.093596056 0.106796116 0.217021272 0.155963302 0.226890758 0.140186921 0.119617224 0.093596056 0.000000000 0.123809524 0.167420819 0.089108914 0.119617224 0.065989845 0.098039217 0.041666668 0.144186050 0.178571433 0.182222217 0.127962083 0.140186921 0.031578947 0.123809524 0.323529422 0.252032518 0.174887896 0.056410257
0.206896558 0.000000000 0.147540987 0.063545153 0.076923080 0.089494161 0.111111112 0.115537852 0.102362208 0.010600707 0.052631579 0.020979021 0.068702288 0.089494161 0.115537852 0.206896558 0.085271321 0.040892195 0.119999997 0.089494161 0.142857149 0.111111112 0.166666672 0.064638786 0.029411765 0.025641026 0.081081077 0.068702288 0.176470593 0.085271321 0.125000000 0.047619049 0.033210333 0.152263373
0.061224490 0.147540987 0.000000000 0.209125474 0.071428575 0.058823530 0.037037037 0.032558139 0.045871560 0.157894731 0.095652170 0.167999998 0.079646021 0.058823530 0.032558139 0.061224490 0.063063063 0.107296139 0.028037382 0.058823530 0.004784689 0.037037037 0.019607844 0.083700441 0.118644066 0.122362867 0.067264572 0.079646021 0.029702971 0.063063063 0.267605633 0.193798453 0.114893615 0.004830918
0.266932279 0.063545153 0.209125474 0.000000000 0.139784947 0.152173907 0.173431739 0.177777782 0.164835170 0.052980132 0.115789473 0.042622950 0.131672591 0.152173907 0.177777782 0.266932279 0.148014441 0.104166664 0.182156131 0.152173907 0.204545453 0.173431739 0.227799222 0.127659574 0.092783503 0.089041099 0.143884897 0.131672591 0.237354085 0.148014441 0.061946902 0.015974442 0.096551724 0.213740453
0.132075474 0.076923080 0.071428575 0.139784947 0.000000000 0.012658228 0.034482758 0.038961038 0.025641026 0.087452471 0.024390243 0.097744361 0.008264462 0.012658228 0.038961038 0.132075474 0.008403362 0.036144577 0.043478262 0.012658228 0.066666670 0.034482758 0.090909094 0.012345679 0.047619049 0.051383398 0.004184100 0.008264462 0.100917429 0.008403362 0.200000003 0.124087594 0.043824703 0.076233186
0.119617224 0.089494161 0.058823530 0.152173907 0.012658228 0.000000000 0.021834061 0.026315790 0.012987013 0.100000001 0.037037037 0.110266156 0.020920502 0.000000000 0.026315790 0.119617224 0.004255319 0.048780486 0.030837005 0.000000000 0.054054055 0.021834061 0.078341015 0.025000000 0.060240965 0.064000003 0.008474576 0.020920502 0.088372096 0.004255319 0.212121218 0.136531368 0.056451611 0.063636363
0.098039217 0.111111112 0.037037037 0.173431739 0.034482758 0.021834061 0.000000000 0.004484305 0.008849557 0.121568628 0.058823530 0.131782949 0.042735044 0.021834061 0.004484305 0.098039217 0.026086956 0.070539422 0.009009009 0.021834061 0.032258064 0.000000000 0.056603774 0.046808511 0.081967212 0.085714288 0.030303031 0.042735044 0.066666670 0.026086956 0.232876718 0.157894731 0.078189299 0.041860465
0.093596056 0.115537852 0.032558139 0.177777782 0.038961038 0.026315790 0.004484305 0.000000000 0.013333334 0.125984251 0.063291140 0.136186764 0.047210302 0.026315790 0.000000000 0.093596056 0.030567685 0.075000003 0.004524887 0.026315790 0.027777778 0.004484305 0.052132700 0.051282052 0.086419754 0.090163931 0.034782607 0.047210302 0.062200956 0.030567685 0.237113401 0.162264153 0.082644626 0.037383176
0.106796116 0.102362208 0.045871560 0.164835170 0.025641026 0.012987013 0.008849557 0.013333334 0.000000000 0.112840466 0.050000001 0.123076923 0.033898305 0.012987013 0.013333334 0.106796116 0.017241379 0.061728396 0.017857144 0.012987013 0.041095890 0.008849557 0.065420561 0.037974682 0.073170729 0.076923080 0.021459227 0.033898305 0.075471699 0.017241379 0.224489793 0.149253726 0.069387756 0.050691243
0.217021272 0.010600707 0.157894731 0.052980132 0.087452471 0.100000001 0.121568628 0.125984251 0.112840466 0.000000000 0.063197024 0.010380623 0.079245284 0.100000001 0.125984251 0.217021272 0.095785439 0.051470589 0.130434781 0.100000001 0.153225809 0.121568628 0.176954731 0.075187966 0.039999999 0.036231883 0.091603056 0.079245284 0.186721995 0.095785439 0.114551082 0.037037037 0.043795619 0.162601620
0.155963302 0.052631579 0.095652170 0.115789473 0.024390243 0.037037037 0.058823530 0.063291140 0.050000001 0.063197024 0.000000000 0.073529415 0.016129032 0.037037037 0.063291140 0.155963302 0.032786883 0.011764706 0.067796610 0.037037037 0.090909094 0.058823530 0.115044251 0.012048192 0.023255814 0.027027028 0.028571429 0.016129032 0.125000000 0.032786883 0.176470593 0.100000001 0.019455252 0.100436680
0.226890758 0.020979021 0.167999998 0.042622950 0.097744361 0.110266156 0.131782949 0.136186764 0.123076923 0.010380623 0.073529415 0.000000000 0.089552239 0.110266156 0.136186764 0.226890758 0.106060609 0.061818182 0.140625000 0.110266156 0.163346618 0.131782949 0.186991870 0.085501857 0.050359711 0.046594981 0.101886794 0.089552239 0.196721315 0.106060609 0.104294479 0.026666667 0.054151624 0.172690764
0.140186921 0.068702288 0.079646021 0.131672591 0.008264462 0.020920502 0.042735044 0.047210302 0.033898305 0.079245284 0.016129032 0.089552239 0.000000000 0.020920502 0.047210302 0.140186921 0.016666668 0.027888447 0.051724140 0.020920502 0.074889868 0.042735044 0.099099100 0.004081632 0.039370079 0.043137256 0.012448133 0.000000000 0.109090909 0.016666668 0.192052975 0.115942031 0.035573121 0.084444441
0.119617224 0.089494161 0.058823530 0.152173907 0.012658228 0.000000000 0.021834061 0.026315790 0.012987013 0.100000001 0.037037037 0.110266156 0.020920502 0.000000000 0.026315790 0.119617224 0.004255319 0.048780486 0.030837005 0.000000000 0.054054055 0.021834061 0.078341015 0.025000000 0.060240965 0.064000003 0.008474576 0.020920502 0.088372096 0.004255319 0.212121218 0.136531368 0.056451611 0.063636363
0.093596056 0.115537852 0.032558139 0.177777782 0.038961038 0.026315790 0.004484305 0.000000000 0.013333334 0.125984251 0.063291140 0.136186764 0.047210302 0.026315790 0.000000000 0.093596056 0.030567685 0.075000003 0.004524887 0.026315790 0.027777778 0.004484305 0.052132700 0.051282052 0.086419754 0.090163931 0.034782607 0.047210302 0.062200956 0.030567685 0.237113401 0.162264153 0.082644626 0.037383176
0.000000000 0.206896558 0.061224490 0.266932279 0.132075474 0.119617224 0.098039217 0.093596056 0.106796116 0.217021272 0.155963302 0.226890758 0.140186921 0.119617224 0.093596056 0.000000000 0.123809524 0.167420819 0.089108914 0.119617224 0.065989845 0.098039217 0.041666668 0.144186050 0.178571433 0.182222217 0.127962083 0.140186921 0.031578947 0.123809524 0.323529422 0.252032518 0.174887896 0.056410257
0.123809524 0.085271321 0.063063063 0.148014441 0.008403362 0.004255319 0.026086956 0.030567685 0.017241379 0.095785439 0.032786883 0.106060609 0.016666668 0.004255319 0.030567685 0.123809524 0.000000000 0.044534411 0.035087720 0.004255319 0.058295965 0.026086956 0.082568809 0.020746889 0.056000002 0.059760958 0.004219409 0.016666668 0.092592590 0.000000000 0.208053693 0.132352948 0.052208837 0.067873307
0.167420819 0.040892195 0.107296139 0.104166664 0.036144577 0.048780486 0.070539422 0.075000003 0.061728396 0.051470589 0.011764706 0.061818182 0.027888447 0.048780486 0.075000003 0.167420819 0.044534411 0.000000000 0.079497911 0.048780486 0.102564104 0.070539422 0.126637548 0.023809524 0.011494253 0.015267176 0.040322579 0.027888447 0.136563882 0.044534411 0.165048540 0.088339224 0.007692308 0.112068966
0.089108914 0.119999997 0.028037382 0.182156131 0.043478262 0.030837005 0.009009009 0.004524887 0.017857144 0.130434781 0.067796610 0.140625000 0.051724140 0.030837005 0.004524887 0.089108914 0.035087720 0.079497911 0.000000000 0.030837005 0.023255814 0.009009009 0.047619049 0.055793993 0.090909094 0.094650209 0.039301310 0.051724140 0.057692308 0.035087720 0.241379306 0.166666672 0.087136932 0.032863848
0.119617224 0.089494161 0.058823530 0.152173907 0.012658228 0.000000000 0.021834061 0.026315790 0.012987013 0.100000001 0.037037037 0.110266156 0.020920502 0.000000000 0.026315790 0.119617224 0.004255319 0.048780486 0.030837005 0.000000000 0.054054055 0.021834061 0.078341015 0.025000000 0.060240965 0.064000003 0.008474576 0.020920502 0.088372096 0.004255319 0.212121218 0.136531368 0.056451611 0.063636363
0.065989845 0.142857149 0.004784689 0.204545453 0.066666670 0.054054055 0.032258064 0.027777778 0.041095890 0.153225809 0.090909094 0.163346618 0.074889868 0.054054055 0.027777778 0.065989845 0.058295965 0.102564104 0.023255814 0.054054055 0.000000000 0.032258064 0.024390243 0.078947365 0.113924049 0.117647059 0.062500000 0.074889868 0.034482758 0.058295965 0.263157904 0.189189196 0.110169493 0.009615385
0.098039217 0.111111112 0.037037037 0.173431739 0.034482758 0.021834061 0.000000000 0.004484305 0.008849557 0.121568628 0.058823530 0.131782949 0.042735044 0.021834061 0.004484305 0.098039217 0.026086956 0.070539422 0.009009009 0.021834061 0.032258064 0.000000000 0.056603774 0.046808511 0.081967212 0.085714288 0.030303031 0.042735044 0.066666670 0.026086956 0.232876718 0.157894731 0.078189299 0.041860465
0.041666668 0.166666672 0.019607844 0.227799222 0.090909094 0.078341015 0.056603774 0.052132700 0.065420561 0.176954731 0.115044251 0.186991870 0.099099100 0.078341015 0.052132700 0.041666668 0.082568809 0.126637548 0.047619049 0.078341015 0.024390243 0.056603774 0.000000000 0.103139013 0.137931034 0.141630903 0.086757988 0.099099100 0.010101010 0.082568809 0.285714298 0.212598428 0.134199128 0.014778325
0.144186050 0.064638786 0.083700441 0.127659574 0.012345679 0.025000000 0.046808511 0.051282052 0.037974682 0.075187966 0.012048192 0.085501857 0.004081632 0.025000000 0.051282052 0.144186050 0.020746889 0.023809524 0.055793993 0.025000000 0.078947365 0.046808511 0.103139013 0.000000000 0.035294119 0.039062500 0.016528925 0.004081632 0.113122173 0.020746889 0.188118815 0.111913361 0.031496063 0.088495575
0.178571433 0.029411765 0.118644066 0.092783503 0.047619049 0.060240965 0.081967212 0.086419754 0.073170729 0.039999999 0.023255814 0.050359711 0.039370079 0.060240965 0.086419754 0.178571433 0.056000002 0.011494253 0.090909094 0.060240965 0.113924049 0.081967212 0.137931034 0.035294119 0.000000000 0.003773585 0.051792830 0.039370079 0.147826090 0.056000002 0.153846160 0.076923080 0.003802281 0.123404257
0.182222217 0.025641026 0.122362867 0.089041099 0.051383398 0.064000003 0.085714288 0.090163931 0.076923080 0.036231883 0.027027028 0.046594981 0.043137256 0.064000003 0.090163931 0.182222217 0.059760958 0.015267176 0.094650209 0.064000003 0.117647059 0.085714288 0.141630903 0.039062500 0.003773585 0.000000000 0.055555556 0.043137256 0.151515156 0.059760958 0.150159746 0.073170729 0.007575758 0.127118647
0.127962083 0.081081077 0.067264572 0.143884897 0.004184100 0.008474576 0.030303031 0.034782607 0.021459227 0.091603056 0.028571429 0.101886794 0.012448133 0.008474576 0.034782607 0.127962083 0.004219409 0.040322579 0.039301310 0.008474576 0.062500000 0.030303031 0.086757988 0.016528925 0.051792830 0.055555556 0.000000000 0.012448133 0.096774191 0.004219409 0.204013377 0.128205135 0.048000000 0.072072074
0.140186921 0.068702288 0.079646021 0.131672591 0.008264462 0.020920502 0.042735044 0.047210302 0.033898305 0.079245284 0.016129032 0.089552239 0.000000000 0.020920502 0.047210302 0.140186921 0.016666668 0.027888447 0.051724140 0.020920502 0.074889868 0.042735044 0.099099100 0.004081632 0.039370079 0.043137256 0.012448133 0.000000000 0.109090909 0.016666668 0.192052975 0.115942031 0.035573121 0.084444441
0.031578947 0.176470593 0.029702971 0.237354085 0.100917429 0.088372096 0.066666670 0.062200956 0.075471699 0.186721995 0.125000000 0.196721315 0.109090909 0.088372096 0.062200956 0.031578947 0.092592590 0.136563882 0.057692308 0.088372096 0.034482758 0.066666670 0.010101010 0.113122173 0.147826090 0.151515156 0.096774191 0.109090909 0.000000000 0.092592590 0.294964015 0.222222224 0.144104809 0.024875622
0.123809524 0.085271321 0.063063063 0.148014441 0.008403362 0.004255319 0.026086956 0.030567685 0.017241379 0.095785439 0.032786883 0.106060609 0.016666668 0.004255319 0.030567685 0.123809524 0.000000000 0.044534411 0.035087720 0.004255319 0.058295965 0.026086956 0.082568809 0.020746889 0.056000002 0.059760958 0.004219409 0.016666668 0.092592590 0.000000000 0.208053693 0.132352948 0.052208837 0.067873307
0.323529422 0.125000000 0.267605633 0.061946902 0.200000003 0.212121218 0.232876718 0.237113401 0.224489793 0.114551082 0.176470593 0.104294479 0.192052975 0.212121218 0.237113401 0.323529422 0.208053693 0.165048540 0.241379306 0.212121218 0.263157904 0.232876718 0.285714298 0.188118815 0.153846160 0.150159746 0.204013377 0.192052975 0.294964015 0.208053693 0.000000000 0.077844314 0.157556266 0.272084802
0.252032518 0.047619049 0.193798453 0.015974442 0.124087594 0.136531368 0.157894731 0.162264153 0.149253726 0.037037037 0.100000001 0.026666667 0.115942031 0.136531368 0.162264153 0.252032518 0.132352948 0.088339224 0.166666672 0.136531368 0.189189196 0.157894731 0.212598428 0.111913361 0.076923080 0.073170729 0.128205135 0.115942031 0.222222224 0.132352948 0.077844314 0.000000000 0.080701753 0.198443577
0.174887896 0.033210333 0.114893615 0.096551724 0.043824703 0.056451611 0.078189299 0.082644626 0.069387756 0.043795619 0.019455252 0.054151624 0.035573121 0.056451611 0.082644626 0.174887896 0.052208837 0.007692308 0.087136932 0.056451611 0.110169493 0.078189299 0.134199128 0.031496063 0.003802281 0.007575758 0.048000000 0.035573121 0.144104809 0.052208837 0.157556266 0.080701753 0.000000000 0.119658120
0.056410257 0.152263373 0.004830918 0.213740453 0.076233186 0.063636363 0.041860465 0.037383176 0.050691243 0.162601620 0.100436680 0.172690764 0.084444441 0.063636363 0.037383176 0.056410257 0.067873307 0.112068966 0.032863848 0.063636363 0.009615385 0.041860465 0.014778325 0.088495575 0.123404257 0.127118647 0.072072074 0.084444441 0.024875622 0.067873307 0.272084802 0.198443577 0.119658120 0.000000000
