0.015207731 0.048400417 0.019389998 0.076067254 0.014484171 0.038037974 0.034257095 0.038743135 0.040383760 0.062267333 0.046740808 0.073203713 0.048582152 0.042164546 0.027417343 0.024620324 0.027808893 0.062033460 0.036709338 0.059444133 0.027466537 0.044060230 0.021893650 0.039382659 0.046898142 0.048171617 0.041602045 0.035057917 0.016970661 0.046410315 0.077960238 0.067193285 0.040058427 0.024009889
0.048400417 -0.055214260 0.014290846 0.055867258 0.016519837 0.018683575 0.018768329 0.017736686 0.030201666 0.039175268 0.022261962 0.045594059 0.024051078 0.022280829 0.041569192 0.029877963 0.019248474 0.031289957 0.022463875 0.039722458 0.020396343 0.020908473 0.038361177 0.017630653 0.001945514 0.022905931 0.025316853 0.019632593 0.027849685 0.031263851 0.070527047 0.033911601 0.026781881 0.027663559
0.019389998 0.014290846 -0.001511573 0.045890603 0.006084869 0.007240517 -0.000387160 0.003330340 0.004527961 0.031500265 0.010227310 0.039876819 0.014038643 0.014910623 0.028321898 0.014450308 -0.000755684 0.026971104 0.011564786 0.021237304 0.002927317 0.011080220 0.014083304 0.001109730 0.017121762 0.022275807 0.001163545 0.007762977 0.010064128 0.012236436 0.051817358 0.042093292 0.024827359 0.011411228
0.076067254 0.055867258 0.045890603 0.015558302 0.038693856 0.034293186 0.035420530 0.034580506 0.047549192 0.011487125 0.035536703 0.033939123 0.031158103 0.028950732 0.077344686 0.070062697 0.056882791 0.039956532 0.050149634 0.035260782 0.051571377 0.040370949 0.064914957 0.035258196 0.041829497 0.025310796 0.047278337 0.041565094 0.065477848 0.042401649 0.041791894 0.032447897 0.049205948 0.054927025
0.014484171 0.016519837 0.006084869 0.038693856 -0.017252820 0.013476267 0.009876273 0.014273638 0.018430835 0.028150655 0.016683470 0.032007240 0.019679762 0.017264165 0.019190550 0.019963006 0.003167361 0.022359572 0.014302830 0.024490405 0.010963554 0.019865068 0.014479187 0.013933338 0.023674779 0.021817276 0.011292781 0.010137024 0.005315708 0.009311605 0.042898916 0.040370405 0.016602963 0.017367804
0.038037974 0.018683575 0.007240517 0.034293186 0.013476267 -0.022144396 0.003623869 0.003935541 0.007047309 0.021616571 0.008932907 0.029645238 0.008432100 0.009141600 0.038127989 0.029074274 0.008419603 0.022010064 0.009580057 0.017796392 0.005587703 0.011956621 0.025002502 0.007014380 0.021167573 0.018565513 0.005284431 0.003447271 0.019960165 0.005948071 0.046721898 0.027653717 0.024638444 0.018868925
0.034257095 0.018768329 -0.000387160 0.035420530 0.009876273 0.003623869 -0.013663094 -0.003050346 0.002863313 0.020843191 0.002587589 0.025820402 0.007454980 0.004990377 0.036540687 0.025964588 0.007438630 0.018847477 0.011777213 0.007937161 0.004250955 0.007856836 0.022248242 -0.002193647 0.018715465 0.010686641 -0.002704406 0.002327465 0.017241918 -0.002460610 0.048836820 0.033593308 0.024682065 0.017682683
0.038743135 0.017736686 0.003330340 0.034580506 0.014273638 0.003935541 -0.003050346 -0.002949233 0.006916065 0.018585538 0.004546761 0.028370682 0.001463987 0.004606914 0.041176267 0.032569613 0.012806117 0.016468016 0.009336673 0.012609746 0.009148146 0.010118275 0.029735859 0.000981921 0.009037847 0.010806577 -0.000925747 0.007667254 0.022131754 0.004409933 0.043001838 0.029398369 0.031055192 0.024024077
0.040383760 0.030201666 0.004527961 0.047549192 0.018430835 0.007047309 0.002863313 0.006916065 -0.001679147 0.031533934 0.007477098 0.033585183 0.014357701 0.009720436 0.043035187 0.024406273 0.006324590 0.026754558 0.013448173 0.018940665 0.009707991 -0.000795613 0.016355243 0.002652752 0.027873006 0.013315639 -0.000124726 0.001430320 0.017689953 0.001300329 0.063682832 0.041761011 0.029987756 0.020064984
0.062267333 0.039175268 0.031500265 0.011487125 0.028150655 0.021616571 0.020843191 0.018585538 0.031533934 0.002267594 0.020524174 0.011532943 0.015210560 0.015476106 0.063616686 0.050788544 0.041695248 0.019901067 0.033598557 0.009214628 0.034388453 0.023880683 0.051644355 0.021584373 0.025220104 0.004083929 0.030397635 0.028834317 0.051256858 0.027540235 0.028949227 0.015375532 0.033003628 0.041131295
0.046740808 0.022261962 0.010227310 0.035536703 0.016683470 0.008932907 0.002587589 0.004546761 0.007477098 0.020524174 -0.012681057 0.029723512 0.005345009 0.007785112 0.048996031 0.044651341 0.016463712 0.013455793 0.009917088 0.013919370 0.014086584 0.011614269 0.036436789 0.007238518 0.018798402 0.003456542 0.005033637 0.009298852 0.029681712 0.003291945 0.049248870 0.023077562 0.027722746 0.026289353
0.073203713 0.045594059 0.039876819 0.033939123 0.032007240 0.029645238 0.025820402 0.028370682 0.033585183 0.011532943 0.029723512 0.010450393 0.029137835 0.018447444 0.075478137 0.051800750 0.047613963 0.033322163 0.041710205 0.020937627 0.038142338 0.033548374 0.052602179 0.026053432 0.036180209 0.015059953 0.033512365 0.031247880 0.054084331 0.033944365 0.064409718 0.040708482 0.043278813 0.048713975
0.048582152 0.024051078 0.014038643 0.031158103 0.019679762 0.008432100 0.007454980 0.001463987 0.014357701 0.015210560 0.005345009 0.029137835 -0.008794076 0.006211710 0.051227447 0.047613829 0.019539600 0.019137725 0.015483852 0.014638755 0.019186005 0.008690442 0.036595423 0.008626377 0.013126358 0.003272778 0.004827533 0.011631560 0.034890622 0.007061717 0.039622337 0.020432323 0.030599158 0.027725413
0.042164546 0.022280829 0.014910623 0.028950732 0.017264165 0.009141600 0.004990377 0.004606914 0.009720436 0.015476106 0.007785112 0.018447444 0.006211710 -0.001821555 0.043048918 0.036359072 0.016053155 0.017835498 0.011204040 0.007849335 0.007812956 0.013688104 0.034195289 0.006118180 0.018056948 0.011273666 0.007224664 0.007774245 0.026266286 0.007720428 0.049286202 0.030120106 0.026463088 0.027889473
0.027417343 0.041569192 0.028321898 0.077344686 0.019190550 0.038127989 0.036540687 0.041176267 0.043035187 0.063616686 0.048996031 0.075478137 0.051227447 0.043048918 0.012323929 0.018106408 0.029220030 0.067109883 0.033739999 0.062612355 0.032891184 0.044156164 0.033326425 0.039502237 0.041064560 0.052809175 0.047245774 0.032710761 0.022267245 0.044607453 0.070826933 0.074925795 0.041779004 0.030455956
0.024620324 0.029877963 0.014450308 0.070062697 0.019963006 0.029074274 0.025964588 0.032569613 0.024406273 0.050788544 0.044651341 0.051800750 0.047613829 0.036359072 0.018106408 -0.018434491 0.018466000 0.066614226 0.028327812 0.036476593 0.011377227 0.032719776 -0.001350739 0.026441447 0.035634335 0.048733488 0.028157078 0.018032379 0.006867887 0.039098561 0.080217600 0.077221245 0.029340167 0.013009487
0.027808893 0.019248474 -0.000755684 0.056882791 0.003167361 0.008419603 0.007438630 0.012806117 0.006324590 0.041695248 0.016463712 0.047613963 0.019539600 0.016053155 0.029220030 0.018466000 -0.013749174 0.033817999 0.011696824 0.029946895 0.005998180 0.015578936 0.012762414 0.008652719 0.022392977 0.025126174 0.006738159 0.007671542 0.006570506 0.013208304 0.066478133 0.047364019 0.019141443 0.018015519
0.062033460 0.031289957 0.026971104 0.039956532 0.022359572 0.022010064 0.018847477 0.016468016 0.026754558 0.019901067 0.013455793 0.033322163 0.019137725 0.017835498 0.067109883 0.066614226 0.033817999 -0.002821602 0.027497146 0.032341719 0.033941705 0.024585254 0.058899596 0.021657404 0.025219057 0.013473972 0.020674611 0.027990136 0.046288196 0.020530071 0.051093563 0.032977790 0.043962993 0.040112291
0.036709338 0.022463875 0.011564786 0.050149634 0.014302830 0.009580057 0.011777213 0.009336673 0.013448173 0.033598557 0.009917088 0.041710205 0.015483852 0.011204040 0.033739999 0.028327812 0.011696824 0.027497146 -0.005094785 0.030842921 0.014025414 0.015360843 0.025387133 0.014325019 0.020486690 0.019612085 0.011763969 0.014588278 0.015373178 0.014689103 0.055557072 0.039937384 0.028485995 0.016613208
0.059444133 0.039722458 0.021237304 0.035260782 0.024490405 0.017796392 0.007937161 0.012609746 0.018940665 0.009214628 0.013919370 0.020937627 0.014638755 0.007849335 0.062612355 0.036476593 0.029946895 0.032341719 0.030842921 0.000281973 0.025943037 0.016450530 0.035052653 0.015115540 0.023733191 0.009316836 0.013659067 0.015863966 0.040289760 0.017937794 0.053694155 0.040567335 0.036321931 0.037517302
0.027466537 0.020396343 0.002927317 0.051571377 0.010963554 0.005587703 0.004250955 0.009148146 0.009707991 0.034388453 0.014086584 0.038142338 0.019186005 0.007812956 0.032891184 0.011377227 0.005998180 0.033941705 0.014025414 0.025943037 -0.001391801 0.010055491 0.005085942 0.004283217 0.026949048 0.021540370 0.003487100 0.005301090 0.005938801 0.013742016 0.060516201 0.041926347 0.014212444 0.013003077
0.044060230 0.020908473 0.011080220 0.040370949 0.019865068 0.011956621 0.007856836 0.010118275 -0.000795613 0.023880683 0.011614269 0.033548374 0.008690442 0.013688104 0.044156164 0.032719776 0.015578936 0.024585254 0.015360843 0.016450530 0.010055491 -0.020696625 0.026940718 0.000020165 0.022866726 0.011341791 0.012907678 0.012020523 0.022098148 0.015013589 0.062154014 0.030803824 0.024504410 0.021875352
0.021893650 0.038361177 0.014083304 0.064914957 0.014479187 0.025002502 0.022248242 0.029735859 0.016355243 0.051644355 0.036436789 0.052602179 0.036595423 0.034195289 0.033326425 -0.001350739 0.012762414 0.058899596 0.025387133 0.035052653 0.005085942 0.026940718 -0.000633977 0.020136025 0.033491015 0.044305466 0.025084920 0.017822962 0.012726886 0.032535143 0.079235256 0.068167992 0.025250101 0.018926023
0.039382659 0.017630653 0.001109730 0.035258196 0.013933338 0.007014380 -0.002193647 0.000981921 0.002652752 0.021584373 0.007238518 0.026053432 0.008626377 0.006118180 0.039502237 0.026441447 0.008652719 0.021657404 0.014325019 0.015115540 0.004283217 0.000020165 0.020136025 -0.003017509 0.017329488 0.008246480 -0.002463580 0.000191267 0.018692065 0.002107336 0.050069377 0.029874582 0.019505715 0.018637620
0.046898142 0.001945514 0.017121762 0.041829497 0.023674779 0.021167573 0.018715465 0.009037847 0.027873006 0.025220104 0.018798402 0.036180209 0.013126358 0.018056948 0.041064560 0.035634335 0.022392977 0.025219057 0.020486690 0.023733191 0.026949048 0.022866726 0.033491015 0.017329488 -0.026458580 0.017729562 0.013614002 0.016709127 0.036030374 0.020672366 0.051882543 0.040628992 0.035760172 0.029681537
0.048171617 0.022905931 0.022275807 0.025310796 0.021817276 0.018565513 0.010686641 0.010806577 0.013315639 0.004083929 0.003456542 0.015059953 0.003272778 0.011273666 0.052809175 0.048733488 0.025126174 0.013473972 0.019612085 0.009316836 0.021540370 0.011341791 0.044305466 0.008246480 0.017729562 -0.002225757 0.013144472 0.016343201 0.034936704 0.010527653 0.047394477 0.024608679 0.027709652 0.030897707
0.041602045 0.025316853 0.001163545 0.047278337 0.011292781 0.005284431 -0.002704406 -0.000925747 -0.000124726 0.030397635 0.005033637 0.033512365 0.004827533 0.007224664 0.047245774 0.028157078 0.006738159 0.020674611 0.011763969 0.013659067 0.003487100 0.012907678 0.025084920 -0.002463580 0.013614002 0.013144472 -0.007795697 0.002934018 0.020904878 0.001662104 0.062689036 0.047627524 0.033689473 0.019718783
0.035057917 0.019632593 0.007762977 0.041565094 0.010137024 0.003447271 0.002327465 0.007667254 0.001430320 0.028834317 0.009298852 0.031247880 0.011631560 0.007774245 0.032710761 0.018032379 0.007671542 0.027990136 0.014588278 0.015863966 0.005301090 0.012020523 0.017822962 0.000191267 0.016709127 0.016343201 0.002934018 -0.006368510 0.015384528 0.008136380 0.055559494 0.035117969 0.016435223 0.014968516
0.016970661 0.027849685 0.010064128 0.065477848 0.005315708 0.019960165 0.017241918 0.022131754 0.017689953 0.051256858 0.029681712 0.054084331 0.034890622 0.026266286 0.022267245 0.006867887 0.006570506 0.046288196 0.015373178 0.040289760 0.005938801 0.022098148 0.012726886 0.018692065 0.036030374 0.034936704 0.020904878 0.015384528 -0.008925739 0.022900786 0.068461686 0.057873309 0.024248701 0.015508604
0.046410315 0.031263851 0.012236436 0.042401649 0.009311605 0.005948071 -0.002460610 0.004409933 0.001300329 0.027540235 0.003291945 0.033944365 0.007061717 0.007720428 0.044607453 0.039098561 0.013208304 0.020530071 0.014689103 0.017937794 0.013742016 0.015013589 0.032535143 0.002107336 0.020672366 0.010527653 0.001662104 0.008136380 0.022900786 -0.015868355 0.060016416 0.040202975 0.030767336 0.021867651
0.077960238 0.070527047 0.051817358 0.041791894 0.042898916 0.046721898 0.048836820 0.043001838 0.063682832 0.028949227 0.049248870 0.064409718 0.039622337 0.049286202 0.070826933 0.080217600 0.066478133 0.051093563 0.055557072 0.053694155 0.060516201 0.062154014 0.079235256 0.050069377 0.051882543 0.047394477 0.062689036 0.055559494 0.068461686 0.060016416 0.006639790 0.057604361 0.072384261 0.055053830
0.067193285 0.033911601 0.042093292 0.032447897 0.040370405 0.027653717 0.033593308 0.029398369 0.041761011 0.015375532 0.023077562 0.040708482 0.020432323 0.030120106 0.074925795 0.077221245 0.047364019 0.032977790 0.039937384 0.040567335 0.041926347 0.030803824 0.068167992 0.029874582 0.040628992 0.024608679 0.047627524 0.035117969 0.057873309 0.040202975 0.057604361 0.012073807 0.046047345 0.054329112
0.040058427 0.026781881 0.024827359 0.049205948 0.016602963 0.024638444 0.024682065 0.031055192 0.029987756 0.033003628 0.027722746 0.043278813 0.030599158 0.026463088 0.041779004 0.029340167 0.019141443 0.043962993 0.028485995 0.036321931 0.014212444 0.024504410 0.025250101 0.019505715 0.035760172 0.027709652 0.033689473 0.016435223 0.024248701 0.030767336 0.072384261 0.046047345 -0.021486707 0.026731102
0.024009889 0.027663559 0.011411228 0.054927025 0.017367804 0.018868925 0.017682683 0.024024077 0.020064984 0.041131295 0.026289353 0.048713975 0.027725413 0.027889473 0.030455956 0.013009487 0.018015519 0.040112291 0.016613208 0.037517302 0.013003077 0.021875352 0.018926023 0.018637620 0.029681537 0.030897707 0.019718783 0.014968516 0.015508604 0.021867651 0.055053830 0.054329112 0.026731102 0.007408174
