0.015866509 0.060154956 0.023365984 0.070149414 0.029899400 0.038448732 0.037230331 0.039735585 0.044607371 0.058667824 0.047964055 0.060528435 0.047922868 0.041736733 0.033973739 0.020102387 0.030536423 0.063846856 0.040901236 0.058476046 0.029724292 0.046118684 0.021215478 0.038093362 0.052819632 0.054151244 0.041774400 0.039151423 0.019906333 0.048674840 0.090722993 0.068538822 0.032415390 0.025397578
0.060154956 -0.042184189 0.020153441 0.055816129 0.031760804 0.026904393 0.024858635 0.024862692 0.036466733 0.040111654 0.031409126 0.039902337 0.033447105 0.026261980 0.054650523 0.035782680 0.025769893 0.039907999 0.032360237 0.048208989 0.026454788 0.026469953 0.041046999 0.025426032 0.016556248 0.026053099 0.029197535 0.023841893 0.038582876 0.035263032 0.078531191 0.040766694 0.026772652 0.033848234
0.023365984 0.020153441 -0.001244769 0.040814910 0.010335892 0.005221731 -0.000212691 0.003790477 0.004710504 0.027702736 0.011276617 0.031669762 0.015444649 0.011592004 0.028399689 0.011908143 0.001888897 0.030896384 0.015398166 0.019183721 0.002874374 0.009396681 0.008714806 0.001341639 0.020881092 0.019065032 0.002392808 0.004690245 0.009653001 0.009945839 0.050850678 0.035695042 0.015262090 0.005404847
0.070149414 0.055816129 0.040814910 0.011127938 0.046256773 0.033445179 0.033451870 0.030313883 0.043519940 0.011230602 0.031041641 0.027729755 0.027489658 0.032167215 0.073031902 0.073476829 0.048561282 0.031073455 0.046509400 0.033971671 0.049923312 0.037221361 0.063559480 0.033716541 0.044140335 0.026475228 0.041689053 0.041283134 0.062324330 0.034862235 0.033972800 0.026600538 0.043525755 0.049259186
0.029899400 0.031760804 0.010335892 0.046256773 -0.006091009 0.012780562 0.009176172 0.016537454 0.021597652 0.034935653 0.020900995 0.034989193 0.023228658 0.019047175 0.032487933 0.015757700 0.012799481 0.039701179 0.028103121 0.027368356 0.012580452 0.026429061 0.008496531 0.015412737 0.027262498 0.024417181 0.012317270 0.014390979 0.014774899 0.016305480 0.053206518 0.048643839 0.014457729 0.015562799
0.038448732 0.026904393 0.005221731 0.033445179 0.012780562 -0.025980616 0.000946295 0.001940967 0.005234513 0.022547135 0.007770547 0.028237892 0.007289441 0.007430345 0.039334685 0.023958869 0.007199402 0.028216334 0.012854970 0.015416596 0.004135553 0.010616031 0.019535799 0.004621222 0.023859940 0.016667848 0.002501163 0.001996044 0.021229278 0.004702322 0.044912074 0.028314944 0.019344941 0.012850038
0.037230331 0.024858635 -0.000212691 0.033451870 0.009176172 0.000946295 -0.011813504 -0.002076719 0.002674543 0.020538351 0.005631397 0.022519235 0.009955488 0.004318505 0.035558272 0.024005005 0.007762399 0.023656528 0.015343739 0.006938189 0.004159059 0.007214174 0.019384446 -0.002573030 0.021173077 0.008652223 -0.002058039 0.000566025 0.018536070 -0.003792923 0.047628824 0.030170105 0.017947558 0.012478452
0.039735585 0.024862692 0.003790477 0.030313883 0.016537454 0.001940967 -0.002076719 -0.002352114 0.007644335 0.017207149 0.006531443 0.022453323 0.004420280 0.002423163 0.039064433 0.026201991 0.013123658 0.023110041 0.013939440 0.010232918 0.009910380 0.008838332 0.023551608 0.001126124 0.013902405 0.008768443 -0.000374687 0.005632567 0.022737831 0.003196053 0.038199782 0.026193336 0.021137133 0.017832480
0.044607371 0.036466733 0.004710504 0.043519940 0.021597652 0.005234513 0.002674543 0.007644335 -0.001485723 0.029107532 0.010708926 0.026449651 0.017056299 0.010284388 0.045311444 0.023509162 0.007837459 0.029797796 0.016992342 0.016795700 0.008288684 -0.001324447 0.015142731 0.002634236 0.029920932 0.011081212 0.000756077 -0.000635453 0.019947015 -0.000512360 0.065250665 0.039136723 0.023818519 0.016436135
0.058667824 0.040111654 0.027702736 0.011230602 0.034935653 0.022547135 0.020538351 0.017207149 0.029107532 0.004514205 0.017472651 0.013189340 0.012465278 0.020524515 0.060254984 0.058260012 0.036270671 0.016497025 0.033276502 0.012887859 0.035715256 0.024828006 0.051300079 0.024003524 0.028911781 0.006022738 0.027276034 0.028957322 0.049708538 0.021701979 0.020902030 0.013464328 0.031077322 0.037394345
0.047964055 0.031409126 0.011276617 0.031041641 0.020900995 0.007770547 0.005631397 0.006531443 0.010708926 0.017472651 -0.002382659 0.021856150 0.008467586 0.010082740 0.049133353 0.036824472 0.017109087 0.021740541 0.017598249 0.011582173 0.014977131 0.014382957 0.030771643 0.006786019 0.022944059 0.006497413 0.006473400 0.008759689 0.031246934 0.007431581 0.050126661 0.021355927 0.017865529 0.021691464
0.060528435 0.039902337 0.031669762 0.027729755 0.034989193 0.028237892 0.022519235 0.022453323 0.026449651 0.013189340 0.021856150 0.012281895 0.023688506 0.022556113 0.063383281 0.057999846 0.036005143 0.022038944 0.035361148 0.019693810 0.035152819 0.025422256 0.050440360 0.025782758 0.035259895 0.012149112 0.026255876 0.027829731 0.047917094 0.021837883 0.041382954 0.030634282 0.036450692 0.039525222
0.047922868 0.033447105 0.015444649 0.027489658 0.023228658 0.007289441 0.009955488 0.004420280 0.017056299 0.012465278 0.008467586 0.023688506 -0.010231822 0.011130003 0.050688304 0.044249590 0.020144669 0.023582475 0.020154482 0.013133448 0.019858828 0.011827084 0.035626948 0.007586269 0.017540757 0.009057575 0.006172111 0.014383383 0.033433639 0.009571775 0.044039547 0.021777416 0.025391344 0.024057910
0.041736733 0.026261980 0.011592004 0.032167215 0.019047175 0.007430345 0.004318505 0.002423163 0.010284388 0.020524515 0.010082740 0.022556113 0.011130003 -0.005665272 0.041488089 0.035376564 0.013120232 0.023068959 0.014563343 0.015193828 0.012729500 0.011434650 0.026239105 0.008774438 0.021868799 0.008973362 0.003773685 0.008254156 0.025143823 0.003700111 0.039596695 0.028404614 0.020042244 0.019933134
0.033973739 0.054650523 0.028399689 0.073031902 0.032487933 0.039334685 0.035558272 0.039064433 0.045311444 0.060254984 0.049133353 0.063383281 0.050688304 0.041488089 0.025018126 0.012347643 0.032125518 0.069040902 0.040182903 0.057831347 0.033335418 0.047935005 0.028360620 0.037569605 0.044323310 0.057595767 0.041440167 0.035670407 0.026304726 0.047552627 0.079880297 0.074981377 0.038762748 0.029437676
0.020102387 0.035782680 0.011908143 0.073476829 0.015757700 0.023958869 0.024005005 0.026201991 0.023509162 0.058260012 0.036824472 0.057999846 0.044249590 0.035376564 0.012347643 -0.018164858 0.014267267 0.063371934 0.029198606 0.039222851 0.013933238 0.031779468 0.000372564 0.025031071 0.033032116 0.051884502 0.021337222 0.023157343 0.002401603 0.034629896 0.074162826 0.072438851 0.027208829 0.004105104
0.030536423 0.025769893 0.001888897 0.048561282 0.012799481 0.007199402 0.007762399 0.013123658 0.007837459 0.036270671 0.017109087 0.036005143 0.020144669 0.013120232 0.032125518 0.014267267 -0.011815194 0.036137689 0.016568445 0.026152056 0.006117994 0.013739099 0.007940283 0.006662874 0.027651541 0.023177274 0.005476978 0.005617995 0.010394225 0.012119146 0.065897129 0.043137118 0.006641280 0.014513195
0.063846856 0.039907999 0.030896384 0.031073455 0.039701179 0.028216334 0.023656528 0.023110041 0.029797796 0.016497025 0.021740541 0.022038944 0.023582475 0.023068959 0.069040902 0.063371934 0.036137689 0.009065054 0.033770062 0.032357261 0.036449719 0.026648071 0.055649754 0.025855692 0.038229384 0.014719456 0.025454432 0.028654279 0.051488884 0.021834616 0.044878419 0.035705049 0.033263002 0.041978654
0.040901236 0.032360237 0.015398166 0.046509400 0.028103121 0.012854970 0.015343739 0.013939440 0.016992342 0.033276502 0.017598249 0.035361148 0.020154482 0.014563343 0.040182903 0.029198606 0.016568445 0.033770062 0.004037607 0.031770766 0.016951874 0.017878147 0.026584126 0.017876865 0.029943543 0.021702521 0.014974743 0.016640816 0.021977644 0.016186668 0.057874911 0.043637678 0.024682481 0.018590515
0.058476046 0.048208989 0.019183721 0.033971671 0.027368356 0.015416596 0.006938189 0.010232918 0.016795700 0.012887859 0.011582173 0.019693810 0.013133448 0.015193828 0.057831347 0.039222851 0.026152056 0.032357261 0.031770766 -0.001455183 0.024645025 0.017898032 0.037648547 0.013717994 0.025284821 0.011541056 0.013102489 0.018267870 0.039228376 0.014632626 0.050284617 0.033177990 0.032786805 0.028898228
0.029724292 0.026454788 0.002874374 0.049923312 0.012580452 0.004135553 0.004159059 0.009910380 0.008288684 0.035715256 0.014977131 0.035152819 0.019858828 0.012729500 0.033335418 0.013933238 0.006117994 0.036449719 0.016951874 0.024645025 -0.003453750 0.011341905 0.008947778 0.004798209 0.030314552 0.021393992 0.005960458 0.005268347 0.009539038 0.012177893 0.059667997 0.038962428 0.011878444 0.008782700
0.046118684 0.026469953 0.009396681 0.037221361 0.026429061 0.010616031 0.007214174 0.008838332 -0.001324447 0.024828006 0.014382957 0.025422256 0.011827084 0.011434650 0.047935005 0.031779468 0.013739099 0.026648071 0.017878147 0.017898032 0.011341905 -0.022888016 0.022844104 0.001209580 0.027316608 0.009782227 0.010031973 0.011514805 0.023273582 0.011220141 0.061086729 0.029156614 0.018306907 0.017941136
0.021215478 0.041046999 0.008714806 0.063559480 0.008496531 0.019535799 0.019384446 0.023551608 0.015142731 0.051300079 0.030771643 0.050440360 0.035626948 0.026239105 0.028360620 0.000372564 0.007940283 0.055649754 0.026584126 0.037648547 0.008947778 0.022844104 -0.010315426 0.019599915 0.033318359 0.042724881 0.018154539 0.017603353 0.005806776 0.026279131 0.075142428 0.059993856 0.018122001 0.005225303
0.038093362 0.025426032 0.001341639 0.033716541 0.015412737 0.004621222 -0.002573030 0.001126124 0.002634236 0.024003524 0.006786019 0.025782758 0.007586269 0.008774438 0.037569605 0.025031071 0.006662874 0.025855692 0.017876865 0.013717994 0.004798209 0.001209580 0.019599915 -0.002813130 0.020158125 0.009936297 -0.001843894 0.001917465 0.017232362 0.000817532 0.048710603 0.032023769 0.015790327 0.013768017
0.052819632 0.016556248 0.020881092 0.044140335 0.027262498 0.023859940 0.021173077 0.013902405 0.029920932 0.028911781 0.022944059 0.035259895 0.017540757 0.021868799 0.044323310 0.033032116 0.027651541 0.038229384 0.029943543 0.025284821 0.030314552 0.027316608 0.033318359 0.020158125 -0.016375892 0.021056214 0.018705679 0.019677082 0.039890051 0.024453003 0.057463523 0.042360205 0.032055825 0.029087769
0.054151244 0.026053099 0.019065032 0.026475228 0.024417181 0.016667848 0.008652223 0.008768443 0.011081212 0.006022738 0.006497413 0.012149112 0.009057575 0.008973362 0.057595767 0.051884502 0.023177274 0.014719456 0.021702521 0.011541056 0.021393992 0.009782227 0.042724881 0.009936297 0.021056214 -0.009038575 0.011177877 0.014255634 0.038743582 0.005859003 0.041720219 0.019235173 0.024367783 0.026802398
0.041774400 0.029197535 0.002392808 0.041689053 0.012317270 0.002501163 -0.002058039 -0.000374687 0.000756077 0.027276034 0.006473400 0.026255876 0.006172111 0.003773685 0.041440167 0.021337222 0.005476978 0.025454432 0.014974743 0.013102489 0.005960458 0.010031973 0.018154539 -0.001843894 0.018705679 0.011177877 -0.011499351 0.001572672 0.020299383 -0.000696346 0.058102846 0.040923890 0.019787451 0.012066130
0.039151423 0.023841893 0.004690245 0.041283134 0.014390979 0.001996044 0.000566025 0.005632567 -0.000635453 0.028957322 0.008759689 0.027829731 0.014383383 0.008254156 0.035670407 0.023157343 0.005617995 0.028654279 0.016640816 0.018267870 0.005268347 0.011514805 0.017603353 0.001917465 0.019677082 0.014255634 0.001572672 -0.006870188 0.017736441 0.003873487 0.052826658 0.034535311 0.016597219 0.011489739
0.019906333 0.038582876 0.009653001 0.062324330 0.014774899 0.021229278 0.018536070 0.022737831 0.019947015 0.049708538 0.031246934 0.047917094 0.033433639 0.025143823 0.026304726 0.002401603 0.010394225 0.051488884 0.021977644 0.039228376 0.009539038 0.023273582 0.005806776 0.017232362 0.039890051 0.038743582 0.020299383 0.017736441 -0.008908683 0.025206253 0.075150594 0.059624210 0.017720107 0.011936828
0.048674840 0.035263032 0.009945839 0.034862235 0.016305480 0.004702322 -0.003792923 0.003196053 -0.000512360 0.021701979 0.007431581 0.021837883 0.009571775 0.003700111 0.047552627 0.034629896 0.012119146 0.021834616 0.016186668 0.014632626 0.012177893 0.011220141 0.026279131 0.000817532 0.024453003 0.005859003 -0.000696346 0.003873487 0.025206253 -0.020676581 0.057757333 0.037237532 0.020428788 0.019232713
0.090722993 0.078531191 0.050850678 0.033972800 0.053206518 0.044912074 0.047628824 0.038199782 0.065250665 0.020902030 0.050126661 0.041382954 0.044039547 0.039596695 0.079880297 0.074162826 0.065897129 0.044878419 0.057874911 0.050284617 0.059667997 0.061086729 0.075142428 0.048710603 0.057463523 0.041720219 0.058102846 0.052826658 0.075150594 0.057757333 0.006362922 0.046093632 0.062060382 0.050113469
0.068538822 0.040766694 0.035695042 0.026600538 0.048643839 0.028314944 0.030170105 0.026193336 0.039136723 0.013464328 0.021355927 0.030634282 0.021777416 0.028404614 0.074981377 0.072438851 0.043137118 0.035705049 0.043637678 0.033177990 0.038962428 0.029156614 0.059993856 0.032023769 0.042360205 0.019235173 0.040923890 0.034535311 0.059624210 0.037237532 0.046093632 0.005238675 0.037985943 0.045325998
0.032415390 0.026772652 0.015262090 0.043525755 0.014457729 0.019344941 0.017947558 0.021137133 0.023818519 0.031077322 0.017865529 0.036450692 0.025391344 0.020042244 0.038762748 0.027208829 0.006641280 0.033263002 0.024682481 0.032786805 0.011878444 0.018306907 0.018122001 0.015790327 0.032055825 0.024367783 0.019787451 0.016597219 0.017720107 0.020428788 0.062060382 0.037985943 -0.027593117 0.017321544
0.025397578 0.033848234 0.005404847 0.049259186 0.015562799 0.012850038 0.012478452 0.017832480 0.016436135 0.037394345 0.021691464 0.039525222 0.024057910 0.019933134 0.029437676 0.004105104 0.014513195 0.041978654 0.018590515 0.028898228 0.008782700 0.017941136 0.005225303 0.013768017 0.029087769 0.026802398 0.012066130 0.011489739 0.011936828 0.019232713 0.050113469 0.045325998 0.017321544 -0.005097767
