0.021010704 0.051904373 0.028458793 0.074501231 0.023873735 0.040267475 0.035325319 0.041049980 0.041186113 0.063482851 0.050197352 0.054591089 0.045705482 0.042039435 0.037838243 0.023348350 0.031168003 0.060801484 0.039291680 0.056769144 0.028928580 0.044006892 0.022636063 0.037674293 0.045989849 0.061812479 0.042752281 0.040911995 0.028329363 0.049489819 0.090054184 0.064694315 0.040185980 0.024421094
0.051904373 -0.059720635 0.010704395 0.047065157 0.019596076 0.023729971 0.017045802 0.020783124 0.028063964 0.031841602 0.027152918 0.032228470 0.025421321 0.017637765 0.047542728 0.029653801 0.015616958 0.029006401 0.017801657 0.032266684 0.016585728 0.016213579 0.034933079 0.016177898 0.002995354 0.017927144 0.020558214 0.014250670 0.034666650 0.025572838 0.066022918 0.028200805 0.023607422 0.025477435
0.028458793 0.010704395 -0.001515872 0.044224307 0.011687405 0.015551189 -0.000688801 0.003985711 0.004206363 0.027319517 0.015095114 0.024011346 0.017065065 0.007653010 0.032725785 0.020394158 0.006205931 0.021502990 0.007830510 0.022138085 0.001044095 0.007310460 0.013621938 0.001287862 0.016442221 0.020004878 0.004753691 0.005562232 0.016060334 0.010720342 0.057725966 0.031671572 0.023872666 0.007987564
0.074501231 0.047065157 0.044224307 0.015274763 0.045258142 0.044885159 0.036360778 0.037545439 0.045545436 0.014278178 0.036930680 0.024899269 0.027197599 0.032865927 0.076850519 0.084219828 0.049830426 0.024614342 0.039225131 0.037065282 0.051502105 0.037003882 0.071469158 0.035717454 0.040093780 0.032216236 0.045023456 0.044937234 0.069951385 0.036598146 0.036474288 0.022271371 0.055588268 0.053563584
0.023873735 0.019596076 0.011687405 0.045258142 -0.005690841 0.017875470 0.011294216 0.015228778 0.020797540 0.034291178 0.019365434 0.029439382 0.021265171 0.013413371 0.028134890 0.024840374 0.011997246 0.029236812 0.018716972 0.029361285 0.015111662 0.022111682 0.015877459 0.015722726 0.022169542 0.027657671 0.013441289 0.013895109 0.016673801 0.013608526 0.047508486 0.042578325 0.018620959 0.013257322
0.040267475 0.023729971 0.015551189 0.044885159 0.017875470 -0.015270193 0.007063736 0.008406816 0.011825377 0.030747879 0.014366804 0.030251494 0.011654437 0.009473646 0.044218689 0.035080992 0.012495304 0.028607287 0.015080275 0.029278949 0.015270876 0.014102414 0.025989501 0.010427915 0.020656599 0.028848749 0.009559238 0.012785574 0.027746648 0.011227740 0.054462049 0.033275593 0.028288085 0.017395681
0.035325319 0.017045802 -0.000688801 0.036360778 0.011294216 0.007063736 -0.008505356 -0.002721574 0.002651061 0.020895448 0.003744233 0.020618249 0.007798200 0.000886730 0.034994222 0.030231345 0.006979196 0.016581260 0.009451715 0.009345690 0.004293125 0.004577941 0.021514481 -0.001788640 0.017954372 0.010294862 -0.000638488 0.001454609 0.019653028 -0.003494109 0.048487902 0.030773863 0.022221638 0.013600186
0.041049980 0.020783124 0.003985711 0.037545439 0.015228778 0.008406816 -0.002721574 -0.003321312 0.007368981 0.020908674 0.008146089 0.022750994 0.005074541 -0.000666558 0.045389976 0.033569280 0.014450978 0.020616813 0.011968040 0.011412249 0.009532683 0.010853918 0.027943887 0.000753805 0.007329791 0.013049118 -0.000667696 0.008959336 0.028261472 0.007655798 0.046196342 0.029417755 0.032442171 0.018594012
0.041186113 0.028063964 0.004206363 0.045545436 0.020797540 0.011825377 0.002651061 0.007368981 -0.001623158 0.029943641 0.008403818 0.025279041 0.013294385 0.007295376 0.042994592 0.027726453 0.006398511 0.023450984 0.010279133 0.017549366 0.008204364 -0.004218501 0.017015135 0.002143592 0.027918264 0.013400190 0.000331517 0.000566512 0.019927118 -0.000721553 0.062879689 0.038562268 0.028330952 0.016706463
0.063482851 0.031841602 0.027319517 0.014278178 0.034291178 0.030747879 0.020895448 0.020908674 0.029943641 0.008432995 0.019714687 0.008799345 0.011549986 0.018735951 0.065410830 0.065612078 0.035647132 0.007197421 0.024446372 0.015569091 0.035908185 0.022343863 0.057245065 0.023069844 0.022691896 0.008614576 0.027526753 0.031450689 0.056423575 0.022377670 0.025122624 0.009078460 0.040703475 0.040940925
0.050197352 0.027152918 0.015095114 0.036930680 0.019365434 0.014366804 0.003744233 0.008146089 0.008403818 0.019714687 -0.000698611 0.018118192 0.007279208 0.007724423 0.055709876 0.045972157 0.019285709 0.018913511 0.015204205 0.014842322 0.016790684 0.013860596 0.035986427 0.005555380 0.018483564 0.011661854 0.007233562 0.011679288 0.037413191 0.009315446 0.057869457 0.022307714 0.028538862 0.022921866
0.054591089 0.032228470 0.024011346 0.024899269 0.029439382 0.030251494 0.020618249 0.022750994 0.025279041 0.008799345 0.018118192 0.014738347 0.017196886 0.020141009 0.059206128 0.056093976 0.030974045 0.016092356 0.024681611 0.012934091 0.030613527 0.021620585 0.048589997 0.021433787 0.028318560 0.010037350 0.020713903 0.024343954 0.045761667 0.018937815 0.036420740 0.026341954 0.039826855 0.036329683
0.045705482 0.025421321 0.017065065 0.027197599 0.021265171 0.011654437 0.007798200 0.005074541 0.013294385 0.011549986 0.007279208 0.017196886 -0.013329666 0.007969832 0.051497903 0.051172674 0.019940846 0.017694399 0.015652755 0.009990881 0.019547082 0.008368358 0.037731834 0.006046406 0.011406088 0.010560087 0.005827317 0.015006959 0.034480311 0.008332203 0.044396702 0.018969920 0.030396400 0.023696611
0.042039435 0.017637765 0.007653010 0.032865927 0.013413371 0.009473646 0.000886730 -0.000666558 0.007295376 0.018735951 0.007724423 0.020141009 0.007969832 -0.012681082 0.041604158 0.037362225 0.010372961 0.016872292 0.007333843 0.009998739 0.008646723 0.009463411 0.026140597 0.004724037 0.011904236 0.008590842 -0.000348884 0.005877085 0.026102075 0.003645068 0.041530862 0.025205705 0.025931034 0.016391797
0.037838243 0.047542728 0.032725785 0.076850519 0.028134890 0.044218689 0.034994222 0.045389976 0.042994592 0.065410830 0.055709876 0.059206128 0.051497903 0.041604158 0.028647186 0.017904665 0.032601044 0.070103183 0.036756027 0.056182951 0.032638825 0.048781268 0.031585272 0.037682008 0.040954676 0.065734215 0.042226262 0.035654992 0.036764342 0.049105566 0.081829734 0.071874328 0.048905797 0.028755430
0.023348350 0.029653801 0.020394158 0.084219828 0.024840374 0.035080992 0.030231345 0.033569280 0.027726453 0.065612078 0.045972157 0.056093976 0.051172674 0.037362225 0.017904665 -0.008053726 0.017862502 0.060725093 0.027758680 0.056876019 0.020834923 0.032489177 0.006993549 0.030941544 0.035506189 0.062809855 0.029835794 0.029869303 0.012591477 0.038713112 0.082872942 0.076647878 0.034618314 0.010826008
0.031168003 0.015616958 0.006205931 0.049830426 0.011997246 0.012495304 0.006979196 0.014450978 0.006398511 0.035647132 0.019285709 0.030974045 0.019940846 0.010372961 0.032601044 0.017862502 -0.008660574 0.030213133 0.009769299 0.025811944 0.004953317 0.010462051 0.009024733 0.007491681 0.023489369 0.024969339 0.007993467 0.004767755 0.012789685 0.011113288 0.064931989 0.038148731 0.012877668 0.014461770
0.060801484 0.029006401 0.021502990 0.024614342 0.029236812 0.028607287 0.016581260 0.020616813 0.023450984 0.007197421 0.018913511 0.016092356 0.017694399 0.016872292 0.070103183 0.060725093 0.030213133 -0.000034709 0.023865188 0.015946155 0.026081305 0.022356015 0.053888362 0.018336305 0.026618063 0.007378498 0.016982619 0.020753581 0.053234816 0.018466868 0.039286762 0.025650688 0.037993371 0.036330689
0.039291680 0.017801657 0.007830510 0.039225131 0.018716972 0.015080275 0.009451715 0.011968040 0.010279133 0.024446372 0.015204205 0.024681611 0.015652755 0.007333843 0.036756027 0.027758680 0.009769299 0.023865188 -0.010795426 0.021245750 0.007301824 0.010155971 0.023521774 0.011822165 0.021369040 0.014931056 0.009492075 0.008138478 0.019641740 0.010081636 0.051248979 0.031439450 0.025137831 0.014392059
0.056769144 0.032266684 0.022138085 0.037065282 0.029361285 0.029278949 0.009345690 0.011412249 0.017549366 0.015569091 0.014842322 0.012934091 0.009990881 0.009998739 0.056182951 0.056876019 0.025811944 0.015946155 0.021245750 0.005326889 0.027227985 0.014339378 0.046124402 0.015136077 0.017632134 0.016738381 0.016659737 0.022735782 0.042266551 0.015004871 0.053464007 0.029131167 0.044510998 0.032212000
0.028928580 0.016585728 0.001044095 0.051502105 0.015111662 0.015270876 0.004293125 0.009532683 0.008204364 0.035908185 0.016790684 0.030613527 0.019547082 0.008646723 0.032638825 0.020834923 0.004953317 0.026081305 0.007301824 0.027227985 -0.004611956 0.007894802 0.013730241 0.004320413 0.024468334 0.022266923 0.006333967 0.006398063 0.014327868 0.011566991 0.060808927 0.037071615 0.019403804 0.011059425
0.044006892 0.016213579 0.007310460 0.037003882 0.022111682 0.014102414 0.004577941 0.010853918 -0.004218501 0.022343863 0.013860596 0.021620585 0.008368358 0.009463411 0.048781268 0.032489177 0.010462051 0.022356015 0.010155971 0.014339378 0.007894802 -0.026756875 0.022550186 -0.002192539 0.022019148 0.010128226 0.006982129 0.009258032 0.025458246 0.009456046 0.058297101 0.025232647 0.023117604 0.017325452
0.022636063 0.034933079 0.013621938 0.071469158 0.015877459 0.025989501 0.021514481 0.027943887 0.017015135 0.057245065 0.035986427 0.048589997 0.037731834 0.026140597 0.031585272 0.006993549 0.009024733 0.053888362 0.023521774 0.046124402 0.013730241 0.022550186 -0.007502586 0.021192711 0.031176206 0.051440012 0.021201527 0.022389300 0.012907744 0.028626928 0.079398848 0.060947143 0.024603201 0.009502561
0.037674293 0.016177898 0.001287862 0.035717454 0.015722726 0.010427915 -0.001788640 0.000753805 0.002143592 0.023069844 0.005555380 0.021433787 0.006046406 0.004724037 0.037682008 0.030941544 0.007491681 0.018336305 0.011822165 0.015136077 0.004320413 -0.002192539 0.021192711 -0.002798186 0.016127413 0.010923898 -0.001744120 0.001473102 0.019188186 0.000430938 0.048978753 0.029199477 0.018588487 0.014742808
0.045989849 0.002995354 0.016442221 0.040093780 0.022169542 0.020656599 0.017954372 0.007329791 0.027918264 0.022691896 0.018483564 0.028318560 0.011406088 0.011904236 0.040954676 0.035506189 0.023489369 0.026618063 0.021369040 0.017632134 0.024468334 0.022019148 0.031176206 0.016127413 -0.029396601 0.018498108 0.014224255 0.014255833 0.036676057 0.020382766 0.054366037 0.036320597 0.033540823 0.024179159
0.061812479 0.017927144 0.020004878 0.032216236 0.027657671 0.028848749 0.010294862 0.013049118 0.013400190 0.008614576 0.011661854 0.010037350 0.010560087 0.008590842 0.065734215 0.062809855 0.024969339 0.007378498 0.014931056 0.016738381 0.022266923 0.010128226 0.051440012 0.010923898 0.018498108 -0.006660197 0.013344288 0.017779021 0.046616927 0.008829422 0.050928004 0.020674080 0.037779350 0.032864258
0.042752281 0.020558214 0.004753691 0.045023456 0.013441289 0.009559238 -0.000638488 -0.000667696 0.000331517 0.027526753 0.007233562 0.020713903 0.005827317 -0.000348884 0.042226262 0.029835794 0.007993467 0.016982619 0.009492075 0.016659737 0.006333967 0.006982129 0.021201527 -0.001744120 0.014224255 0.013344288 -0.009421032 0.002403888 0.023759836 -0.000232287 0.060633376 0.038014688 0.023850955 0.013621344
0.040911995 0.014250670 0.005562232 0.044937234 0.013895109 0.012785574 0.001454609 0.008959336 0.000566512 0.031450689 0.011679288 0.024343954 0.015006959 0.005877085 0.035654992 0.029869303 0.004767755 0.020753581 0.008138478 0.022735782 0.006398063 0.009258032 0.022389300 0.001473102 0.014255833 0.017779021 0.002403888 -0.003577359 0.021170614 0.004359019 0.056682952 0.031069662 0.024424203 0.013719123
0.028329363 0.034666650 0.016060334 0.069951385 0.016673801 0.027746648 0.019653028 0.028261472 0.019927118 0.056423575 0.037413191 0.045761667 0.034480311 0.026102075 0.036764342 0.012591477 0.012789685 0.053234816 0.019641740 0.042266551 0.014327868 0.025458246 0.012907744 0.019188186 0.036676057 0.046616927 0.023759836 0.021170614 0.004852599 0.029425334 0.080871478 0.061229400 0.027923975 0.014635643
0.049489819 0.025572838 0.010720342 0.036598146 0.013608526 0.011227740 -0.003494109 0.007655798 -0.000721553 0.022377670 0.009315446 0.018937815 0.008332203 0.003645068 0.049105566 0.038713112 0.011113288 0.018466868 0.010081636 0.015004871 0.011566991 0.009456046 0.028626928 0.000430938 0.020382766 0.008829422 -0.000232287 0.004359019 0.029425334 -0.019606296 0.057223376 0.032474790 0.027057091 0.020167701
0.090054184 0.066022918 0.057725966 0.036474288 0.047508486 0.054462049 0.048487902 0.046196342 0.062879689 0.025122624 0.057869457 0.036420740 0.044396702 0.041530862 0.081829734 0.082872942 0.064931989 0.039286762 0.051248979 0.053464007 0.060808927 0.058297101 0.079398848 0.048978753 0.054366037 0.050928004 0.060633376 0.056682952 0.080871478 0.057223376 0.009058775 0.039687388 0.070547782 0.052667886
0.064694315 0.028200805 0.031671572 0.022271371 0.042578325 0.033275593 0.030773863 0.029417755 0.038562268 0.009078460 0.022307714 0.026341954 0.018969920 0.025205705 0.071874328 0.076647878 0.038148731 0.025650688 0.031439450 0.029131167 0.037071615 0.025232647 0.060947143 0.029199477 0.036320597 0.020674080 0.038014688 0.031069662 0.061229400 0.032474790 0.039687388 -0.006136775 0.041916016 0.043378450
0.040185980 0.023607422 0.023872666 0.055588268 0.018620959 0.028288085 0.022221638 0.032442171 0.028330952 0.040703475 0.028538862 0.039826855 0.030396400 0.025931034 0.048905797 0.034618314 0.012877668 0.037993371 0.025137831 0.044510998 0.019403804 0.023117604 0.024603201 0.018588487 0.033540823 0.037779350 0.023850955 0.024424203 0.027923975 0.027057091 0.070547782 0.041916016 -0.015549857 0.023132067
0.024421094 0.025477435 0.007987564 0.053563584 0.013257322 0.017395681 0.013600186 0.018594012 0.016706463 0.040940925 0.022921866 0.036329683 0.023696611 0.016391797 0.028755430 0.010826008 0.014461770 0.036330689 0.014392059 0.032212000 0.011059425 0.017325452 0.009502561 0.014742808 0.024179159 0.032864258 0.013621344 0.013719123 0.014635643 0.020167701 0.052667886 0.043378450 0.023132067 -0.005818484
