0.016270172 0.055548444 0.019454328 0.071886770 0.028848095 0.034113497 0.033934250 0.037820421 0.043310173 0.058458667 0.046865355 0.065969050 0.046471130 0.040107369 0.030293517 0.019667719 0.028167460 0.062176067 0.038486004 0.054414481 0.025480587 0.045009818 0.020389840 0.036276203 0.051520891 0.046303805 0.040514506 0.030666683 0.018136758 0.044435281 0.076598406 0.059029192 0.041741207 0.020130113
0.055548444 -0.043874018 0.019777525 0.062094204 0.031119267 0.021215172 0.023861501 0.024160605 0.038314953 0.042780019 0.031140938 0.047729462 0.031088129 0.024915470 0.050522376 0.031540908 0.025970705 0.043050144 0.030461388 0.046681661 0.026193246 0.024476996 0.038400814 0.023289129 0.015025239 0.025346864 0.031231156 0.021049067 0.034161150 0.034670427 0.071518384 0.039173752 0.027779592 0.029707205
0.019454328 0.019777525 -0.001444714 0.042997118 0.007044964 0.003682885 -0.000297203 0.003493840 0.004968230 0.030222576 0.010305456 0.037639391 0.014438491 0.013904030 0.027959004 0.012621100 -0.000824016 0.029912302 0.013147268 0.019755248 0.003377156 0.009489627 0.012031510 0.001120633 0.020393001 0.020685669 0.001725466 0.006214847 0.010575375 0.010370640 0.050333373 0.038031593 0.019229818 0.007358708
0.071886770 0.062094204 0.042997118 0.017734922 0.046346486 0.027277291 0.033352017 0.032244988 0.048716009 0.013423984 0.034298431 0.037772674 0.030255239 0.029457217 0.078175694 0.068501793 0.054698508 0.043972231 0.052533820 0.034080029 0.051991723 0.038385946 0.060014106 0.034128953 0.044787742 0.025758645 0.044586677 0.039797585 0.061867885 0.036250886 0.037717700 0.027537771 0.048135832 0.046933640
0.028848095 0.031119267 0.007044964 0.046346486 -0.015533132 0.007060499 0.007790040 0.016383566 0.021254413 0.033563834 0.020129956 0.039403424 0.023641666 0.019685222 0.034365077 0.018781198 0.011980838 0.038148671 0.025355659 0.025446869 0.010563837 0.024642073 0.008507123 0.015063142 0.031180456 0.024626033 0.011838962 0.012858121 0.014169041 0.013211117 0.057155658 0.051680680 0.020316701 0.016669063
0.034113497 0.021215172 0.003682885 0.027277291 0.007060499 -0.030442221 -0.000060210 0.000668870 0.001913419 0.017930670 0.005247070 0.025067549 0.005748888 0.006410655 0.035378143 0.023987576 0.004776102 0.022166530 0.006897515 0.011939981 0.000857578 0.006716358 0.020389909 0.003464286 0.025422577 0.014217637 0.002135128 -0.000836052 0.016780389 0.001120706 0.042391706 0.022742022 0.015007744 0.012362301
0.033934250 0.023861501 -0.000297203 0.033352017 0.007790040 -0.000060210 -0.012705354 -0.002244939 0.002886661 0.020677920 0.002555351 0.025404569 0.007110139 0.005263238 0.035813153 0.024890129 0.007530040 0.021810967 0.013392663 0.007481712 0.005169388 0.006401533 0.021154871 -0.002811669 0.021319199 0.009872683 -0.001902988 0.001763432 0.016409518 -0.003944828 0.047755826 0.031378984 0.019328550 0.014663767
0.037820421 0.024160605 0.003493840 0.032244988 0.016383566 0.000668870 -0.002244939 -0.002545200 0.007761490 0.018007956 0.005514715 0.026562978 0.001146674 0.004629439 0.040185593 0.029147213 0.012980793 0.020533655 0.010725611 0.011704894 0.009347708 0.008949703 0.027215837 0.001004853 0.015358273 0.009686511 -0.000157876 0.006741387 0.022010664 0.003157145 0.040437620 0.026529107 0.025500944 0.019939445
0.043310173 0.038314953 0.004968230 0.048716009 0.021254413 0.001913419 0.002886661 0.007761490 -0.001453896 0.031444244 0.010577111 0.032891579 0.016433485 0.008690890 0.046213549 0.022691982 0.008749782 0.031982273 0.017750371 0.019647965 0.010930857 -0.001934711 0.013115587 0.002624769 0.030382281 0.011727982 0.000890223 -0.001451992 0.019045155 -0.000758030 0.066453531 0.040344611 0.027513258 0.016771490
0.058458667 0.042780019 0.030222576 0.013423984 0.033563834 0.017930670 0.020677920 0.018007956 0.031444244 0.005099991 0.019967230 0.015847353 0.013676467 0.017547071 0.063155562 0.052917015 0.040365610 0.023361564 0.036062445 0.010623868 0.037537821 0.021675240 0.048857331 0.023480631 0.029248906 0.005143702 0.029781118 0.029863574 0.045839168 0.023473434 0.024860173 0.012389082 0.030155398 0.035853691
0.046865355 0.031140938 0.010305456 0.034298431 0.020129956 0.005247070 0.002555351 0.005514715 0.010577111 0.019967230 -0.007596749 0.027861184 0.003302380 0.009222162 0.051116616 0.040078230 0.017371917 0.019792132 0.012559873 0.011535843 0.013012622 0.014798941 0.034803525 0.003951087 0.023768071 0.002331863 0.006245118 0.005752198 0.030862503 0.003997659 0.050296336 0.020770064 0.025016846 0.022761017
0.065969050 0.047729462 0.037639391 0.037772674 0.039403424 0.025067549 0.025404569 0.026562978 0.032891579 0.015847353 0.027861184 0.017820854 0.029423852 0.021168066 0.071972951 0.054679666 0.044322163 0.035238810 0.042528223 0.024439240 0.041896183 0.028791068 0.048938833 0.027893445 0.038292464 0.017139276 0.031834617 0.032928549 0.050952781 0.028033633 0.055395171 0.036124818 0.036945064 0.040987771
0.046471130 0.031088129 0.014438491 0.030255239 0.023641666 0.005748888 0.007110139 0.001146674 0.016433485 0.013676467 0.003302380 0.029423852 -0.015860250 0.008734919 0.050499991 0.046122611 0.018910054 0.019964624 0.016268397 0.012848800 0.018628677 0.010449739 0.037356243 0.004865122 0.018796811 0.003294395 0.004316541 0.010858629 0.032484785 0.004734177 0.037766814 0.018263221 0.029957369 0.024896501
0.040107369 0.024915470 0.013904030 0.029457217 0.019685222 0.006410655 0.005263238 0.004629439 0.008690890 0.017547071 0.009222162 0.021168066 0.008734919 -0.000903659 0.043851957 0.036768854 0.015645059 0.023641048 0.012128688 0.010863684 0.010663452 0.010067850 0.031061508 0.009339072 0.024258986 0.010762129 0.008084296 0.010752218 0.026200818 0.006221557 0.044901654 0.031064739 0.017171346 0.023669679
0.030293517 0.050522376 0.027959004 0.078175694 0.034365077 0.035378143 0.035813153 0.040185593 0.046213549 0.063155562 0.051116616 0.071972951 0.050499991 0.043851957 0.020792184 0.014317115 0.030913427 0.070084967 0.035696685 0.057297505 0.030364994 0.046686754 0.032640561 0.037611172 0.045405954 0.053144842 0.046084099 0.030775100 0.025706179 0.044986460 0.070421115 0.070068076 0.045663439 0.026993414
0.019667719 0.031540908 0.012621100 0.068501793 0.018781198 0.023987576 0.024890129 0.029147213 0.022691982 0.052917015 0.040078230 0.054679666 0.046122611 0.036768854 0.014317115 -0.015922939 0.015091980 0.063421495 0.026962858 0.035286486 0.012468474 0.028924696 0.002261469 0.026274286 0.036756400 0.048859306 0.024790011 0.020490570 0.004587623 0.034002472 0.072251551 0.070755228 0.025860038 0.007314752
0.028167460 0.025970705 -0.000824016 0.054698508 0.011980838 0.004776102 0.007530040 0.012980793 0.008749782 0.040365610 0.017371917 0.044322163 0.018910054 0.015645059 0.030913427 0.015091980 -0.013960932 0.036995217 0.013153782 0.027494173 0.005349881 0.014963279 0.010871850 0.005284942 0.027317423 0.023798939 0.006406651 0.005513779 0.006900567 0.011722197 0.064522505 0.043137595 0.016106263 0.013866775
0.062176067 0.043050144 0.029912302 0.043972231 0.038148671 0.022166530 0.021810967 0.020533655 0.031982273 0.023361564 0.019792132 0.035238810 0.019964624 0.023641048 0.070084967 0.063421495 0.036995217 0.008558940 0.031180013 0.036850713 0.036427144 0.028469384 0.058584280 0.023237966 0.035249334 0.015927915 0.025390659 0.029756613 0.049715079 0.023123827 0.049557664 0.035684418 0.045140576 0.038947091
0.038486004 0.030461388 0.013147268 0.052533820 0.025355659 0.006897515 0.013392663 0.010725611 0.017750371 0.036062445 0.012559873 0.042528223 0.016268397 0.012128688 0.035696685 0.026962858 0.013153782 0.031180013 -0.001140304 0.033056539 0.016484512 0.016668409 0.025455147 0.014909722 0.026875265 0.020180650 0.013498768 0.014312295 0.017022960 0.014231442 0.054429393 0.036942314 0.029407768 0.014601773
0.054414481 0.046681661 0.019755248 0.034080029 0.025446869 0.011939981 0.007481712 0.011704894 0.019647965 0.010623868 0.011535843 0.024439240 0.012848800 0.010863684 0.057297505 0.035286486 0.027494173 0.036850713 0.033056539 -0.001261165 0.026912283 0.014503127 0.029788513 0.014250844 0.028142799 0.011426104 0.012921225 0.014378506 0.035988770 0.011515195 0.047242478 0.033761792 0.029967949 0.027827103
0.025480587 0.026193246 0.003377156 0.051991723 0.010563837 0.000857578 0.005169388 0.009347708 0.010930857 0.037537821 0.013012622 0.041896183 0.018628677 0.010663452 0.030364994 0.012468474 0.005349881 0.036427144 0.016484512 0.026912283 0.001694694 0.010144163 0.007216051 0.004781051 0.029660769 0.023169942 0.004173318 0.006491873 0.005567275 0.010991808 0.057094429 0.038574174 0.012956610 0.009360631
0.045009818 0.024476996 0.009489627 0.038385946 0.024642073 0.006716358 0.006401533 0.008949703 -0.001934711 0.021675240 0.014798941 0.028791068 0.010449739 0.010067850 0.046686754 0.028924696 0.014963279 0.028469384 0.016668409 0.014503127 0.010144163 -0.026464101 0.021280538 0.000027953 0.026324032 0.007158358 0.012404196 0.008929403 0.021718869 0.011159308 0.058811098 0.026311046 0.016806403 0.017129211
0.020389840 0.038400814 0.012031510 0.060014106 0.008507123 0.020389909 0.021154871 0.027215837 0.013115587 0.048857331 0.034803525 0.048938833 0.037356243 0.031061508 0.032640561 0.002261469 0.010871850 0.058584280 0.025455147 0.029788513 0.007216051 0.021280538 -0.003983751 0.021421583 0.036148403 0.042010091 0.023386026 0.018463418 0.011700469 0.029081367 0.073753685 0.060033955 0.015414858 0.013122862
0.036276203 0.023289129 0.001120633 0.034128953 0.015063142 0.003464286 -0.002811669 0.001004853 0.002624769 0.023480631 0.003951087 0.027893445 0.004865122 0.009339072 0.037611172 0.026274286 0.005284942 0.023237966 0.014909722 0.014250844 0.004781051 0.000027953 0.021421583 -0.002843346 0.020506483 0.009692163 -0.001914408 0.001523367 0.016040510 0.000091401 0.047509301 0.030440008 0.017007757 0.015496993
0.051520891 0.015025239 0.020393001 0.044787742 0.031180456 0.025422577 0.021319199 0.015358273 0.030382281 0.029248906 0.023768071 0.038292464 0.018796811 0.024258986 0.045405954 0.036756400 0.027317423 0.035249334 0.026875265 0.028142799 0.029660769 0.026324032 0.036148403 0.020506483 -0.012356414 0.020450342 0.019841274 0.019278150 0.040235221 0.023984939 0.055997763 0.044084862 0.034369618 0.033403188
0.046303805 0.025346864 0.020685669 0.025758645 0.024626033 0.014217637 0.009872683 0.009686511 0.011727982 0.005143702 0.002331863 0.017139276 0.003294395 0.010762129 0.053144842 0.048859306 0.023798939 0.015927915 0.020180650 0.011426104 0.023169942 0.007158358 0.042010091 0.009692163 0.020450342 -0.003720492 0.012501238 0.016919632 0.033588551 0.006784111 0.042359740 0.022163995 0.021856396 0.026406981
0.040514506 0.031231156 0.001725466 0.044586677 0.011838962 0.002135128 -0.001902988 -0.000157876 0.000890223 0.029781118 0.006245118 0.031834617 0.004316541 0.008084296 0.046084099 0.024790011 0.006406651 0.025390659 0.013498768 0.012921225 0.004173318 0.012404196 0.023386026 -0.001914408 0.019841274 0.012501238 -0.006891132 0.002912426 0.021182191 0.000917222 0.060309403 0.045917977 0.027941689 0.015797878
0.030666683 0.021049067 0.006214847 0.039797585 0.012858121 -0.000836052 0.001763432 0.006741387 -0.001451992 0.029863574 0.005752198 0.032928549 0.010858629 0.010752218 0.030775100 0.020490570 0.005513779 0.029756613 0.014312295 0.014378506 0.006491873 0.008929403 0.018463418 0.001523367 0.019278150 0.016919632 0.002912426 -0.003950641 0.013562166 0.004220992 0.049467936 0.035098176 0.009605449 0.011128722
0.018136758 0.034161150 0.010575375 0.061867885 0.014169041 0.016780389 0.016409518 0.022010664 0.019045155 0.045839168 0.030862503 0.050952781 0.032484785 0.026200818 0.025706179 0.004587623 0.006900567 0.049715079 0.017022960 0.035988770 0.005567275 0.021718869 0.011700469 0.016040510 0.040235221 0.033588551 0.021182191 0.013562166 -0.006502742 0.022089321 0.066602886 0.054016009 0.021635801 0.011726611
0.044435281 0.034670427 0.010370640 0.036250886 0.013211117 0.001120706 -0.003944828 0.003157145 -0.000758030 0.023473434 0.003997659 0.028033633 0.004734177 0.006221557 0.044986460 0.034002472 0.011722197 0.023123827 0.014231442 0.011515195 0.010991808 0.011159308 0.029081367 0.000091401 0.023984939 0.006784111 0.000917222 0.004220992 0.022089321 -0.020121964 0.055886995 0.036293745 0.024302848 0.017384222
0.076598406 0.071518384 0.050333373 0.037717700 0.057155658 0.042391706 0.047755826 0.040437620 0.066453531 0.024860173 0.050296336 0.055395171 0.037766814 0.044901654 0.070421115 0.072251551 0.064522505 0.049557664 0.054429393 0.047242478 0.057094429 0.058811098 0.073753685 0.047509301 0.055997763 0.042359740 0.060309403 0.049467936 0.066602886 0.055886995 -0.000549836 0.044951059 0.067325875 0.046827320
0.059029192 0.039173752 0.038031593 0.027537771 0.051680680 0.022742022 0.031378984 0.026529107 0.040344611 0.012389082 0.020770064 0.036124818 0.018263221 0.031064739 0.070068076 0.070755228 0.043137595 0.035684418 0.036942314 0.033761792 0.038574174 0.026311046 0.060033955 0.030440008 0.044084862 0.022163995 0.045917977 0.035098176 0.054016009 0.036293745 0.044951059 0.006395124 0.034374122 0.044147357
0.041741207 0.027779592 0.019229818 0.048135832 0.020316701 0.015007744 0.019328550 0.025500944 0.027513258 0.030155398 0.025016846 0.036945064 0.029957369 0.017171346 0.045663439 0.025860038 0.016106263 0.045140576 0.029407768 0.029967949 0.012956610 0.016806403 0.015414858 0.017007757 0.034369618 0.021856396 0.027941689 0.009605449 0.021635801 0.024302848 0.067325875 0.034374122 -0.035833590 0.017484605
0.020130113 0.029707205 0.007358708 0.046933640 0.016669063 0.012362301 0.014663767 0.019939445 0.016771490 0.035853691 0.022761017 0.040987771 0.024896501 0.023669679 0.026993414 0.007314752 0.013866775 0.038947091 0.014601773 0.027827103 0.009360631 0.017129211 0.013122862 0.015496993 0.033403188 0.026406981 0.015797878 0.011128722 0.011726611 0.017384222 0.046827320 0.044147357 0.017484605 -0.001432449
