0.000000000 0.126903549 0.160975605 0.258620679 0.245614037 0.177033499 0.188679248 0.218181819 0.192488268 0.242290750 0.200000003 0.248908296 0.286307067 0.180952385 0.039106146 0.156862751 0.135678396 0.228699550 0.094736844 0.232142851 0.184834123 0.192488268 0.156862751 0.180952385 0.245614037 0.207373276 0.200000003 0.184834123 0.113402061 0.200000003 0.434210539 0.280334741 0.295081973 0.148514852
0.126903549 0.000000000 0.034782607 0.136186764 0.122529641 0.051282052 0.063291140 0.093877554 0.067226894 0.119047619 0.075000003 0.125984251 0.165413529 0.055319149 0.088235296 0.030567685 0.008928572 0.104838707 0.032558139 0.108433738 0.059322033 0.067226894 0.030567685 0.055319149 0.122529641 0.082644626 0.075000003 0.059322033 0.013698630 0.075000003 0.325227976 0.159090906 0.174721196 0.022026431
0.160975605 0.034782607 0.000000000 0.101886794 0.088122606 0.016528925 0.028571429 0.059288539 0.032520324 0.084615387 0.040322579 0.091603056 0.131386861 0.020576132 0.122641511 0.004219409 0.025862070 0.070312500 0.067264572 0.073929958 0.024590164 0.032520324 0.004219409 0.020576132 0.088122606 0.048000000 0.040322579 0.024590164 0.048458152 0.040322579 0.293768555 0.125000000 0.140794218 0.012765957
0.258620679 0.136186764 0.101886794 0.000000000 0.013888889 0.085501857 0.073529415 0.042857144 0.069597073 0.017421603 0.061818182 0.010380623 0.029900333 0.081481479 0.221757323 0.106060609 0.127413124 0.031802122 0.167999998 0.028169014 0.077490777 0.069597073 0.106060609 0.081481479 0.013888889 0.054151624 0.061818182 0.077490777 0.149606302 0.061818182 0.197802201 0.023411371 0.039473683 0.114503816
0.245614037 0.122529641 0.088122606 0.013888889 0.000000000 0.071698114 0.059701491 0.028985508 0.055762082 0.003533569 0.047970481 0.003508772 0.043771043 0.067669176 0.208510637 0.092307694 0.113725491 0.017921148 0.154471546 0.014285714 0.063670412 0.055762082 0.092307694 0.067669176 0.000000000 0.040293042 0.047970481 0.063670412 0.136000007 0.047970481 0.211111113 0.037288137 0.053333335 0.100775197
0.177033499 0.051282052 0.016528925 0.085501857 0.071698114 0.000000000 0.012048192 0.042801555 0.016000001 0.068181820 0.023809524 0.075187966 0.115107916 0.004048583 0.138888896 0.020746889 0.042372882 0.053846154 0.083700441 0.057471264 0.008064516 0.016000001 0.020746889 0.004048583 0.071698114 0.031496063 0.023809524 0.008064516 0.064935066 0.023809524 0.278592378 0.108695649 0.124555163 0.029288704
0.188679248 0.063291140 0.028571429 0.073529415 0.059701491 0.012048192 0.000000000 0.030769231 0.003952569 0.056179777 0.011764706 0.063197024 0.103202850 0.008000000 0.150684938 0.032786883 0.054393306 0.041825093 0.095652170 0.045454547 0.003984064 0.003952569 0.032786883 0.008000000 0.059701491 0.019455252 0.011764706 0.003984064 0.076923080 0.011764706 0.267441869 0.096774191 0.112676054 0.041322313
0.218181819 0.093877554 0.059288539 0.042857144 0.028985508 0.042801555 0.030769231 0.000000000 0.026819924 0.025454545 0.019011406 0.032490976 0.072664358 0.038759690 0.180616736 0.063492067 0.085020244 0.011070111 0.126050428 0.014705882 0.034749035 0.026819924 0.063492067 0.038759690 0.028985508 0.011320755 0.019011406 0.034749035 0.107438013 0.019011406 0.238636360 0.066202089 0.082191780 0.071999997
0.192488268 0.067226894 0.032520324 0.069597073 0.055762082 0.016000001 0.003952569 0.026819924 0.000000000 0.052238807 0.007812500 0.059259258 0.099290781 0.011952192 0.154545456 0.036734693 0.058333334 0.037878789 0.099567100 0.041509435 0.007936508 0.000000000 0.036734693 0.011952192 0.055762082 0.015503876 0.007812500 0.007936508 0.080851063 0.007812500 0.263768107 0.092857145 0.108771928 0.045267489
0.242290750 0.119047619 0.084615387 0.017421603 0.003533569 0.068181820 0.056179777 0.025454545 0.052238807 0.000000000 0.044444446 0.007042253 0.047297299 0.064150944 0.205128208 0.088803090 0.110236220 0.014388490 0.151020408 0.010752688 0.060150377 0.052238807 0.088803090 0.064150944 0.003533569 0.036764707 0.044444446 0.060150377 0.132530123 0.044444446 0.214484677 0.040816326 0.056856189 0.097276263
0.200000003 0.075000003 0.040322579 0.061818182 0.047970481 0.023809524 0.011764706 0.019011406 0.007812500 0.044444446 0.000000000 0.051470589 0.091549292 0.019762846 0.162162155 0.044534411 0.066115700 0.030075189 0.107296139 0.033707865 0.015748031 0.007812500 0.044534411 0.019762846 0.047970481 0.007692308 0.000000000 0.015748031 0.088607594 0.000000000 0.256484151 0.085106380 0.101045296 0.053061225
0.248908296 0.125984251 0.091603056 0.010380623 0.003508772 0.075187966 0.063197024 0.032490976 0.059259258 0.007042253 0.051470589 0.000000000 0.040268455 0.071161047 0.211864412 0.095785439 0.117187500 0.021428572 0.157894731 0.017793594 0.067164183 0.059259258 0.095785439 0.071161047 0.003508772 0.043795619 0.051470589 0.067164183 0.139442235 0.051470589 0.207756236 0.033783782 0.049833886 0.104247101
0.286307067 0.165413529 0.131386861 0.029900333 0.043771043 0.115107916 0.103202850 0.072664358 0.099290781 0.047297299 0.091549292 0.040268455 0.000000000 0.111111112 0.250000000 0.135531142 0.156716421 0.061643835 0.196911201 0.058020476 0.107142858 0.099290781 0.135531142 0.111111112 0.043771043 0.083916083 0.091549292 0.107142858 0.178707227 0.091549292 0.168900803 0.006493506 0.009584664 0.143911436
0.180952385 0.055319149 0.020576132 0.081481479 0.067669176 0.004048583 0.008000000 0.038759690 0.011952192 0.064150944 0.019762846 0.071161047 0.111111112 0.000000000 0.142857149 0.024793388 0.046413504 0.049808428 0.087719299 0.053435113 0.004016064 0.011952192 0.024793388 0.000000000 0.067669176 0.027450981 0.019762846 0.004016064 0.068965517 0.019762846 0.274853796 0.104693137 0.120567374 0.033333335
0.039106146 0.088235296 0.122641511 0.221757323 0.208510637 0.138888896 0.150684938 0.180616736 0.154545456 0.205128208 0.162162155 0.211864412 0.250000000 0.142857149 0.000000000 0.118483409 0.097087376 0.191304341 0.055837564 0.194805190 0.146788985 0.154545456 0.118483409 0.142857149 0.208510637 0.169642851 0.162162155 0.146788985 0.074626863 0.162162155 0.401929259 0.243902445 0.258964151 0.110047847
0.156862751 0.030567685 0.004219409 0.106060609 0.092307694 0.020746889 0.032786883 0.063492067 0.036734693 0.088803090 0.044534411 0.095785439 0.135531142 0.024793388 0.118483409 0.000000000 0.021645023 0.074509807 0.063063063 0.078125000 0.028806584 0.036734693 0.000000000 0.024793388 0.092307694 0.052208837 0.044534411 0.028806584 0.044247787 0.044534411 0.297619045 0.129151285 0.144927531 0.008547009
0.135678396 0.008928572 0.025862070 0.127413124 0.113725491 0.042372882 0.054393306 0.085020244 0.058333334 0.110236220 0.066115700 0.117187500 0.156716421 0.046413504 0.097087376 0.021645023 0.000000000 0.096000001 0.041474655 0.099601597 0.050420169 0.058333334 0.021645023 0.046413504 0.113725491 0.073770493 0.066115700 0.050420169 0.022624435 0.066115700 0.317220539 0.150375932 0.166051656 0.013100437
0.228699550 0.104838707 0.070312500 0.031802122 0.017921148 0.053846154 0.041825093 0.011070111 0.037878789 0.014388490 0.030075189 0.021428572 0.061643835 0.049808428 0.191304341 0.074509807 0.096000001 0.000000000 0.136929467 0.003636364 0.045801528 0.037878789 0.074509807 0.049808428 0.017921148 0.022388060 0.030075189 0.045801528 0.118367344 0.030075189 0.228169009 0.055172414 0.071186438 0.083003953
0.094736844 0.032558139 0.067264572 0.167999998 0.154471546 0.083700441 0.095652170 0.126050428 0.099567100 0.151020408 0.107296139 0.157894731 0.196911201 0.087719299 0.055837564 0.063063063 0.041474655 0.136929467 0.000000000 0.140495867 0.091703057 0.099567100 0.063063063 0.087719299 0.154471546 0.114893615 0.107296139 0.091703057 0.018867925 0.107296139 0.354037255 0.190661475 0.206106871 0.054545455
0.232142851 0.108433738 0.073929958 0.028169014 0.014285714 0.057471264 0.045454547 0.014705882 0.041509435 0.010752688 0.033707865 0.017793594 0.058020476 0.053435113 0.194805190 0.078125000 0.099601597 0.003636364 0.140495867 0.000000000 0.049429659 0.041509435 0.078125000 0.053435113 0.014285714 0.026022306 0.033707865 0.049429659 0.121951222 0.033707865 0.224719107 0.051546391 0.067567565 0.086614177
0.184834123 0.059322033 0.024590164 0.077490777 0.063670412 0.008064516 0.003984064 0.034749035 0.007936508 0.060150377 0.015748031 0.067164183 0.107142858 0.004016064 0.146788985 0.028806584 0.050420169 0.045801528 0.091703057 0.049429659 0.000000000 0.007936508 0.028806584 0.004016064 0.063670412 0.023437500 0.015748031 0.000000000 0.072961375 0.015748031 0.271137029 0.100719422 0.116607770 0.037344400
0.192488268 0.067226894 0.032520324 0.069597073 0.055762082 0.016000001 0.003952569 0.026819924 0.000000000 0.052238807 0.007812500 0.059259258 0.099290781 0.011952192 0.154545456 0.036734693 0.058333334 0.037878789 0.099567100 0.041509435 0.007936508 0.000000000 0.036734693 0.011952192 0.055762082 0.015503876 0.007812500 0.007936508 0.080851063 0.007812500 0.263768107 0.092857145 0.108771928 0.045267489
0.156862751 0.030567685 0.004219409 0.106060609 0.092307694 0.020746889 0.032786883 0.063492067 0.036734693 0.088803090 0.044534411 0.095785439 0.135531142 0.024793388 0.118483409 0.000000000 0.021645023 0.074509807 0.063063063 0.078125000 0.028806584 0.036734693 0.000000000 0.024793388 0.092307694 0.052208837 0.044534411 0.028806584 0.044247787 0.044534411 0.297619045 0.129151285 0.144927531 0.008547009
0.180952385 0.055319149 0.020576132 0.081481479 0.067669176 0.004048583 0.008000000 0.038759690 0.011952192 0.064150944 0.019762846 0.071161047 0.111111112 0.000000000 0.142857149 0.024793388 0.046413504 0.049808428 0.087719299 0.053435113 0.004016064 0.011952192 0.024793388 0.000000000 0.067669176 0.027450981 0.019762846 0.004016064 0.068965517 0.019762846 0.274853796 0.104693137 0.120567374 0.033333335
0.245614037 0.122529641 0.088122606 0.013888889 0.000000000 0.071698114 0.059701491 0.028985508 0.055762082 0.003533569 0.047970481 0.003508772 0.043771043 0.067669176 0.208510637 0.092307694 0.113725491 0.017921148 0.154471546 0.014285714 0.063670412 0.055762082 0.092307694 0.067669176 0.000000000 0.040293042 0.047970481 0.063670412 0.136000007 0.047970481 0.211111113 0.037288137 0.053333335 0.100775197
0.207373276 0.082644626 0.048000000 0.054151624 0.040293042 0.031496063 0.019455252 0.011320755 0.015503876 0.036764707 0.007692308 0.043795619 0.083916083 0.027450981 0.169642851 0.052208837 0.073770493 0.022388060 0.114893615 0.026022306 0.023437500 0.015503876 0.052208837 0.027450981 0.040293042 0.000000000 0.007692308 0.023437500 0.096234307 0.007692308 0.249283671 0.077464789 0.093425609 0.060728744
0.200000003 0.075000003 0.040322579 0.061818182 0.047970481 0.023809524 0.011764706 0.019011406 0.007812500 0.044444446 0.000000000 0.051470589 0.091549292 0.019762846 0.162162155 0.044534411 0.066115700 0.030075189 0.107296139 0.033707865 0.015748031 0.007812500 0.044534411 0.019762846 0.047970481 0.007692308 0.000000000 0.015748031 0.088607594 0.000000000 0.256484151 0.085106380 0.101045296 0.053061225
0.184834123 0.059322033 0.024590164 0.077490777 0.063670412 0.008064516 0.003984064 0.034749035 0.007936508 0.060150377 0.015748031 0.067164183 0.107142858 0.004016064 0.146788985 0.028806584 0.050420169 0.045801528 0.091703057 0.049429659 0.000000000 0.007936508 0.028806584 0.004016064 0.063670412 0.023437500 0.015748031 0.000000000 0.072961375 0.015748031 0.271137029 0.100719422 0.116607770 0.037344400
0.113402061 0.013698630 0.048458152 0.149606302 0.136000007 0.064935066 0.076923080 0.107438013 0.080851063 0.132530123 0.088607594 0.139442235 0.178707227 0.068965517 0.074626863 0.044247787 0.022624435 0.118367344 0.018867925 0.121951222 0.072961375 0.080851063 0.044247787 0.068965517 0.136000007 0.096234307 0.088607594 0.072961375 0.000000000 0.088607594 0.337423325 0.172413796 0.187969923 0.035714287
0.200000003 0.075000003 0.040322579 0.061818182 0.047970481 0.023809524 0.011764706 0.019011406 0.007812500 0.044444446 0.000000000 0.051470589 0.091549292 0.019762846 0.162162155 0.044534411 0.066115700 0.030075189 0.107296139 0.033707865 0.015748031 0.007812500 0.044534411 0.019762846 0.047970481 0.007692308 0.000000000 0.015748031 0.088607594 0.000000000 0.256484151 0.085106380 0.101045296 0.053061225
0.434210539 0.325227976 0.293768555 0.197802201 0.211111113 0.278592378 0.267441869 0.238636360 0.263768107 0.214484677 0.256484151 0.207756236 0.168900803 0.274853796 0.401929259 0.297619045 0.317220539 0.228169009 0.354037255 0.224719107 0.271137029 0.263768107 0.297619045 0.274853796 0.211111113 0.249283671 0.256484151 0.271137029 0.337423325 0.256484151 0.000000000 0.175202161 0.159574464 0.305389225
0.280334741 0.159090906 0.125000000 0.023411371 0.037288137 0.108695649 0.096774191 0.066202089 0.092857145 0.040816326 0.085106380 0.033783782 0.006493506 0.104693137 0.243902445 0.129151285 0.150375932 0.055172414 0.190661475 0.051546391 0.100719422 0.092857145 0.129151285 0.104693137 0.037288137 0.077464789 0.085106380 0.100719422 0.172413796 0.085106380 0.175202161 0.000000000 0.016077170 0.137546465
0.295081973 0.174721196 0.140794218 0.039473683 0.053333335 0.124555163 0.112676054 0.082191780 0.108771928 0.056856189 0.101045296 0.049833886 0.009584664 0.120567374 0.258964151 0.144927531 0.166051656 0.071186438 0.206106871 0.067567565 0.116607770 0.108771928 0.144927531 0.120567374 0.053333335 0.093425609 0.101045296 0.116607770 0.187969923 0.101045296 0.159574464 0.016077170 0.000000000 0.153284669
0.148514852 0.022026431 0.012765957 0.114503816 0.100775197 0.029288704 0.041322313 0.071999997 0.045267489 0.097276263 0.053061225 0.104247101 0.143911436 0.033333335 0.110047847 0.008547009 0.013100437 0.083003953 0.054545455 0.086614177 0.037344400 0.045267489 0.008547009 0.033333335 0.100775197 0.060728744 0.053061225 0.037344400 0.035714287 0.053061225 0.305389225 0.137546465 0.153284669 0.000000000
