0.014049504 0.052220501 0.022647364 0.068794832 0.031005982 0.041766636 0.035458509 0.039152101 0.040314663 0.061773803 0.048399273 0.057544697 0.048028380 0.039408479 0.037004501 0.020578606 0.031398382 0.058661591 0.036781594 0.050726645 0.032586217 0.045560196 0.023799172 0.037544370 0.050493505 0.051524386 0.041651543 0.039459623 0.025984142 0.045690440 0.081504598 0.060504999 0.035915349 0.026364930
0.052220501 -0.050207946 0.015642788 0.050833162 0.023818363 0.025050761 0.020563688 0.019205466 0.031987455 0.038829241 0.026198596 0.034818642 0.026452800 0.019290676 0.050638422 0.031201271 0.021907356 0.031289577 0.025419503 0.036417581 0.024292730 0.021931577 0.038474426 0.020508673 0.006061425 0.022501498 0.025300989 0.021002065 0.035481766 0.030249037 0.069165342 0.026757885 0.024945196 0.028528474
0.022647364 0.015642788 -0.001285849 0.039704591 0.010463277 0.010434815 -0.000298842 0.003703804 0.004629686 0.028150532 0.011574886 0.028235547 0.014897615 0.010380109 0.029039511 0.014746040 0.003276803 0.024098111 0.012957562 0.019345846 0.003065306 0.010191386 0.012045346 0.001338870 0.016934684 0.019531272 0.002761509 0.006183766 0.012851489 0.009915070 0.053295232 0.029252749 0.018688787 0.005845112
0.068794832 0.050833162 0.039704591 0.006537788 0.041548047 0.037874624 0.032090917 0.028809866 0.042778954 0.010082442 0.031333093 0.021915374 0.023153976 0.026888493 0.076938838 0.073782459 0.050238140 0.024602341 0.044328462 0.027344059 0.049166858 0.038565271 0.066965118 0.032561816 0.036695749 0.025177749 0.041704830 0.041847359 0.064154640 0.036298230 0.035285071 0.013723524 0.048603542 0.049183190
0.031005982 0.023818363 0.010463277 0.041548047 -0.001457653 0.019871240 0.009623323 0.016186399 0.022288913 0.033733055 0.020979183 0.029449999 0.022077587 0.018228386 0.035233758 0.025571680 0.014202815 0.026564557 0.022092186 0.027939739 0.011329526 0.030893818 0.021416355 0.015511462 0.017768327 0.026382782 0.013115324 0.019715257 0.021624433 0.016915793 0.056077179 0.039173074 0.029645035 0.015413304
0.041766636 0.025050761 0.010434815 0.037874624 0.019871240 -0.016285157 0.005788665 0.006201596 0.010535777 0.027888656 0.012343510 0.029963834 0.010816201 0.009586003 0.043722309 0.032788474 0.011690388 0.025748182 0.014009284 0.025778387 0.013224952 0.016515726 0.027903123 0.009111551 0.020533141 0.023111330 0.007896818 0.012252860 0.026803894 0.008072440 0.050475191 0.028922416 0.028247928 0.018433001
0.035458509 0.020563688 -0.000298842 0.032090917 0.009623323 0.005788665 -0.013239231 -0.002687497 0.002765832 0.020181006 0.002772844 0.019638734 0.006316753 0.003739543 0.034965754 0.027376777 0.007166970 0.016316392 0.012842652 0.008183114 0.004039350 0.007926152 0.022680817 -0.002986669 0.017243771 0.009432646 -0.002254359 0.002128122 0.019092258 -0.004108361 0.050331119 0.025149146 0.021334708 0.012616734
0.039152101 0.019205466 0.003703804 0.028809866 0.016186399 0.006201596 -0.002687497 -0.002516085 0.007491832 0.016539143 0.005561335 0.018180689 0.000549914 0.001105879 0.038534001 0.030673269 0.012361529 0.014490759 0.010340938 0.010628322 0.010050663 0.009511923 0.027065691 0.001053154 0.008260828 0.009085248 0.000065333 0.007042065 0.024166083 0.002347475 0.039652213 0.019895790 0.025005208 0.017699709
0.040314663 0.031987455 0.004629686 0.042778954 0.022288913 0.010535777 0.002765832 0.007491832 -0.001554328 0.031032931 0.006982094 0.026099153 0.011486851 0.009355253 0.044267394 0.025261343 0.007092389 0.024852596 0.014513778 0.017054046 0.009569705 -0.000163163 0.018288191 0.002582854 0.028874185 0.013008583 0.000903001 0.002527682 0.020219132 -0.000785324 0.064589001 0.036610104 0.027495604 0.017178249
0.061773803 0.038829241 0.028150532 0.010082442 0.033733055 0.027888656 0.020181006 0.016539143 0.031032931 0.008641502 0.018542487 0.007093429 0.010651289 0.015972055 0.068207979 0.059936296 0.039916907 0.009481607 0.033027340 0.011549312 0.036718525 0.025958886 0.056992806 0.023745513 0.022208054 0.005277527 0.028413408 0.032762878 0.053540707 0.025012882 0.027552823 0.002309723 0.037510820 0.039735060
0.048399273 0.026198596 0.011574886 0.031333093 0.020979183 0.012343510 0.002772844 0.005561335 0.006982094 0.018542487 -0.008239778 0.019380625 0.002896335 0.004717503 0.051343061 0.042391106 0.017232567 0.013944371 0.011926206 0.011404818 0.015885567 0.013438022 0.035804201 0.004002244 0.018878786 0.004681103 0.005590151 0.012057867 0.033816662 0.003944965 0.050463855 0.016305933 0.024718741 0.022806510
0.057544697 0.034818642 0.028235547 0.021915374 0.029449999 0.029963834 0.019638734 0.018180689 0.026099153 0.007093429 0.019380625 0.002466138 0.015807541 0.014863018 0.064145520 0.054300576 0.035695326 0.013798038 0.030962259 0.012686066 0.031366821 0.024484187 0.050295413 0.022281429 0.027476180 0.009365834 0.024497103 0.025915977 0.047001399 0.021521827 0.045436796 0.017354980 0.038217902 0.037045598
0.048028380 0.026452800 0.014897615 0.023153976 0.022077587 0.010816201 0.006316753 0.000549914 0.011486851 0.010651289 0.002896335 0.015807541 -0.016207334 0.005116495 0.051041249 0.048210740 0.018540677 0.013378333 0.015172465 0.006941429 0.019629022 0.008466501 0.038354769 0.004126097 0.011615316 0.003696696 0.003857439 0.013951790 0.036014173 0.004275989 0.039705671 0.011134681 0.026956879 0.024111848
0.039408479 0.019290676 0.010380109 0.026888493 0.018228386 0.009586003 0.003739543 0.001105879 0.009355253 0.015972055 0.004717503 0.014863018 0.005116495 -0.009402376 0.039886788 0.036566131 0.011908272 0.013551298 0.009182528 0.012926605 0.011389538 0.009330146 0.027125286 0.007645374 0.017219726 0.007054416 0.003908778 0.006245874 0.024439052 0.000594784 0.038846951 0.018388776 0.020342447 0.019279206
0.037004501 0.050638422 0.029039511 0.076938838 0.035233758 0.043722309 0.034965754 0.038534001 0.044267394 0.068207979 0.051343061 0.064145520 0.051041249 0.039886788 0.029148338 0.017385788 0.034280922 0.066840529 0.036687672 0.053282149 0.035459578 0.053885974 0.035745531 0.037594788 0.041769076 0.060384061 0.042520232 0.041399390 0.036518671 0.049994081 0.080706254 0.070587970 0.052163117 0.031711131
0.020578606 0.031201271 0.014746040 0.073782459 0.025571680 0.032788474 0.027376777 0.030673269 0.025261343 0.059936296 0.042391106 0.054300576 0.048210740 0.036566131 0.017385788 -0.012668149 0.016526857 0.060249142 0.028218377 0.044104129 0.016922258 0.033641987 0.006530551 0.028759548 0.034839913 0.053011447 0.026450207 0.025250303 0.010894399 0.035706069 0.076089397 0.071098372 0.031793736 0.009799743
0.031398382 0.021907356 0.003276803 0.050238140 0.014202815 0.011690388 0.007166970 0.012361529 0.007092389 0.039916907 0.017232567 0.035695326 0.018540677 0.011908272 0.034280922 0.016526857 -0.007604367 0.032544132 0.014578237 0.024164759 0.007123729 0.016285557 0.012187012 0.007277789 0.024046458 0.024906075 0.006594786 0.009509722 0.013382606 0.013047463 0.067249954 0.039780557 0.015828356 0.015372988
0.058661591 0.031289577 0.024098111 0.024602341 0.026564557 0.025748182 0.016316392 0.014490759 0.024852596 0.009481607 0.013944371 0.013798038 0.013378333 0.013551298 0.066840529 0.060249142 0.032544132 -0.007044636 0.026315592 0.017612763 0.028596561 0.025299206 0.056481041 0.018454105 0.022425141 0.009294972 0.018660478 0.026789993 0.049220804 0.019421199 0.044489160 0.018259572 0.039345365 0.033632234
0.036781594 0.025419503 0.012957562 0.044328462 0.022092186 0.014009284 0.012842652 0.010340938 0.014513778 0.033027340 0.011926206 0.030962259 0.015172465 0.009182528 0.036687672 0.028218377 0.014578237 0.026315592 -0.001608294 0.026062593 0.015975988 0.016415326 0.026626373 0.014954947 0.022998001 0.020102696 0.012763010 0.016616177 0.019385692 0.013742873 0.055399951 0.031637881 0.026346110 0.014443475
0.050726645 0.036417581 0.019345846 0.027344059 0.027939739 0.025778387 0.008183114 0.010628322 0.017054046 0.011549312 0.011404818 0.012686066 0.006941429 0.012926605 0.053282149 0.044104129 0.024164759 0.017612763 0.026062593 0.000511493 0.026115132 0.018294353 0.040928956 0.013943312 0.017708743 0.012384362 0.014145007 0.020182915 0.038085207 0.014573628 0.046626970 0.019839168 0.033727996 0.028744020
0.032586217 0.024292730 0.003065306 0.049166858 0.011329526 0.013224952 0.004039350 0.010050663 0.009569705 0.036718525 0.015885567 0.031366821 0.019629022 0.011389538 0.035459578 0.016922258 0.007123729 0.028596561 0.015975988 0.026115132 -0.003638410 0.013730317 0.012247391 0.004636942 0.023387646 0.022979371 0.006323852 0.007779996 0.014946275 0.014409569 0.067133613 0.034115169 0.016504142 0.008684400
0.045560196 0.021931577 0.010191386 0.038565271 0.030893818 0.016515726 0.007926152 0.009511923 -0.000163163 0.025958886 0.013438022 0.024484187 0.008466501 0.009330146 0.053885974 0.033641987 0.016285557 0.025299206 0.016415326 0.018294353 0.013730317 -0.021267198 0.026454421 0.002047799 0.027986201 0.011009447 0.011905130 0.014194224 0.028123446 0.012036764 0.060575426 0.026984144 0.023753656 0.022670969
0.023799172 0.038474426 0.012045346 0.066965118 0.021416355 0.027903123 0.022680817 0.027065691 0.018288191 0.056992806 0.035804201 0.050295413 0.038354769 0.027125286 0.035745531 0.006530551 0.012187012 0.056481041 0.026626373 0.040928956 0.012247391 0.026454421 -0.002876438 0.022882031 0.036486223 0.045607615 0.022991061 0.021894228 0.016354444 0.028740555 0.077088609 0.062284075 0.025990693 0.013785600
0.037544370 0.020508673 0.001338870 0.032561816 0.015511462 0.009111551 -0.002986669 0.001053154 0.002582854 0.023745513 0.004002244 0.022281429 0.004126097 0.007645374 0.037594788 0.028759548 0.007277789 0.018454105 0.014954947 0.013943312 0.004636942 0.002047799 0.022882031 -0.002744967 0.015669273 0.010248728 -0.001721315 0.003461570 0.018173244 0.000339651 0.050263338 0.025756303 0.019158849 0.014042784
0.050493505 0.006061425 0.016934684 0.036695749 0.017768327 0.020533141 0.017243771 0.008260828 0.028874185 0.022208054 0.018878786 0.027476180 0.011615316 0.017219726 0.041769076 0.034839913 0.024046458 0.022425141 0.022998001 0.017708743 0.023387646 0.027986201 0.036486223 0.015669273 -0.033761267 0.018152852 0.013752164 0.018317506 0.037693396 0.022438025 0.058046520 0.029299626 0.039634794 0.022742953
0.051524386 0.022501498 0.019531272 0.025177749 0.026382782 0.023111330 0.009432646 0.009085248 0.013008583 0.005277527 0.004681103 0.009365834 0.003696696 0.007054416 0.060384061 0.053011447 0.024906075 0.009294972 0.020102696 0.012384362 0.022979371 0.011009447 0.045607615 0.010248728 0.018152852 -0.007051893 0.012117439 0.016841944 0.040576383 0.007584769 0.045516238 0.014883414 0.028626300 0.029414823
0.041651543 0.025300989 0.002761509 0.041704830 0.013115324 0.007896818 -0.002254359 0.000065333 0.000903001 0.028413408 0.005590151 0.024497103 0.003857439 0.003908778 0.042520232 0.026450207 0.006594786 0.018660478 0.012763010 0.014145007 0.006323852 0.011905130 0.022991061 -0.001721315 0.013752164 0.012117439 -0.009072660 0.004168553 0.021955410 -0.000531389 0.059713591 0.037068781 0.025203027 0.012910322
0.039459623 0.021002065 0.006183766 0.041847359 0.019715257 0.012252860 0.002128122 0.007042065 0.002527682 0.032762878 0.012057867 0.025915977 0.013951790 0.006245874 0.041399390 0.025250303 0.009509722 0.026789993 0.016616177 0.020182915 0.007779996 0.014194224 0.021894228 0.003461570 0.018317506 0.016841944 0.004168553 -0.002967119 0.023456093 0.007393166 0.058084402 0.033125158 0.023075916 0.017270381
0.025984142 0.035481766 0.012851489 0.064154640 0.021624433 0.026803894 0.019092258 0.024166083 0.020219132 0.053540707 0.033816662 0.047001399 0.036014173 0.024439052 0.036518671 0.010894399 0.013382606 0.049220804 0.019385692 0.038085207 0.014946275 0.028123446 0.016354444 0.018173244 0.037693396 0.040576383 0.021955410 0.023456093 0.005339777 0.026941186 0.076400809 0.057771042 0.028789610 0.016306616
0.045690440 0.030249037 0.009915070 0.036298230 0.016915793 0.008072440 -0.004108361 0.002347475 -0.000785324 0.025012882 0.003944965 0.021521827 0.004275989 0.000594784 0.049994081 0.035706069 0.013047463 0.019421199 0.013742873 0.014573628 0.014409569 0.012036764 0.028740555 0.000339651 0.022438025 0.007584769 -0.000531389 0.007393166 0.026941186 -0.020542886 0.056540590 0.032713600 0.024919929 0.021078359
0.081504598 0.069165342 0.053295232 0.035285071 0.056077179 0.050475191 0.050331119 0.039652213 0.064589001 0.027552823 0.050463855 0.045436796 0.039705671 0.038846951 0.080706254 0.076089397 0.067249954 0.044489160 0.055399951 0.046626970 0.067133613 0.060575426 0.077088609 0.050263338 0.058046520 0.045516238 0.059713591 0.058084402 0.076400809 0.056540590 -0.000135701 0.041856747 0.065029010 0.055044793
0.060504999 0.026757885 0.029252749 0.013723524 0.039173074 0.028922416 0.025149146 0.019895790 0.036610104 0.002309723 0.016305933 0.017354980 0.011134681 0.018388776 0.070587970 0.071098372 0.039780557 0.018259572 0.031637881 0.019839168 0.034115169 0.026984144 0.062284075 0.025756303 0.029299626 0.014883414 0.037068781 0.033125158 0.057771042 0.032713600 0.041856747 -0.013336532 0.044901654 0.040313087
0.035915349 0.024945196 0.018688787 0.048603542 0.029645035 0.028247928 0.021334708 0.025005208 0.027495604 0.037510820 0.024718741 0.038217902 0.026956879 0.020342447 0.052163117 0.031793736 0.015828356 0.039345365 0.026346110 0.033727996 0.016504142 0.023753656 0.025990693 0.019158849 0.039634794 0.028626300 0.025203027 0.023075916 0.028789610 0.024919929 0.065029010 0.044901654 -0.014544912 0.029536532
0.026364930 0.028528474 0.005845112 0.049183190 0.015413304 0.018433001 0.012616734 0.017699709 0.017178249 0.039735060 0.022806510 0.037045598 0.024111848 0.019279206 0.031711131 0.009799743 0.015372988 0.033632234 0.014443475 0.028744020 0.008684400 0.022670969 0.013785600 0.014042784 0.022742953 0.029414823 0.012910322 0.017270381 0.016306616 0.021078359 0.055044793 0.040313087 0.029536532 -0.003344886
