0.000000000 0.268722475 0.161616161 0.275109172 0.299578071 0.293617010 0.227906972 0.227906972 0.224299058 0.293617010 0.299578071 0.296610177 0.296610177 0.186274514 0.271929830 0.194174752 0.144329891 0.308333337 0.165829152 0.245454550 0.201923072 0.242009133 0.161616161 0.235023037 0.262222230 0.245454550 0.182266012 0.209523812 0.148717955 0.209523812 0.471337587 0.311203331 0.385185182 0.209523812
0.268722475 0.000000000 0.111969113 0.006896552 0.033557046 0.027027028 0.043478262 0.043478262 0.047272727 0.027027028 0.033557046 0.030303031 0.030303031 0.086792454 0.003460208 0.078651689 0.129411772 0.043189369 0.107692309 0.024911031 0.070631973 0.028571429 0.111969113 0.035971224 0.006993007 0.024911031 0.090909094 0.062730625 0.125000000 0.062730625 0.231999993 0.046357617 0.129909366 0.062730625
0.161616161 0.111969113 0.000000000 0.118773945 0.144981414 0.138576776 0.068825908 0.068825908 0.065040648 0.138576776 0.144981414 0.141791046 0.141791046 0.025423728 0.115384616 0.033613447 0.017699115 0.154411763 0.004329004 0.087301590 0.041666668 0.083665341 0.000000000 0.076305218 0.105058365 0.087301590 0.021276595 0.049586777 0.013215859 0.049586777 0.335260123 0.157509163 0.238410592 0.049586777
0.275109172 0.006896552 0.118773945 0.000000000 0.026666667 0.020134227 0.050359711 0.050359711 0.054151624 0.020134227 0.026666667 0.023411371 0.023411371 0.093632959 0.003436426 0.085501857 0.136186764 0.036303632 0.114503816 0.031802122 0.077490777 0.035460994 0.118773945 0.042857144 0.013888889 0.031802122 0.097744361 0.069597073 0.131782949 0.069597073 0.225464195 0.039473683 0.123123124 0.069597073
0.299578071 0.033557046 0.144981414 0.026666667 0.000000000 0.006535948 0.076923080 0.076923080 0.080701753 0.006535948 0.000000000 0.003257329 0.003257329 0.119999997 0.030100334 0.111913361 0.162264153 0.009646302 0.140740737 0.058419243 0.103942655 0.062068965 0.144981414 0.069444448 0.040540539 0.058419243 0.124087594 0.096085407 0.157894731 0.096085407 0.200000003 0.012820513 0.096774191 0.096085407
0.293617010 0.027027028 0.138576776 0.020134227 0.006535948 0.000000000 0.070422538 0.070422538 0.074204944 0.000000000 0.006535948 0.003278689 0.003278689 0.113553114 0.023569023 0.105454542 0.155893534 0.016181231 0.134328365 0.051903114 0.097472921 0.055555556 0.138576776 0.062937066 0.034013607 0.051903114 0.117647059 0.089605734 0.151515156 0.089605734 0.206266314 0.019354839 0.103244841 0.089605734
0.227906972 0.043478262 0.068825908 0.050359711 0.076923080 0.070422538 0.000000000 0.000000000 0.003802281 0.070422538 0.076923080 0.073684208 0.073684208 0.043478262 0.046931408 0.035294119 0.086419754 0.086505190 0.064516127 0.018587360 0.027237354 0.014925373 0.068825908 0.007518797 0.036496349 0.018587360 0.047619049 0.019305019 0.081967212 0.019305019 0.272727281 0.089655176 0.172413796 0.019305019
0.227906972 0.043478262 0.068825908 0.050359711 0.076923080 0.070422538 0.000000000 0.000000000 0.003802281 0.070422538 0.076923080 0.073684208 0.073684208 0.043478262 0.046931408 0.035294119 0.086419754 0.086505190 0.064516127 0.018587360 0.027237354 0.014925373 0.068825908 0.007518797 0.036496349 0.018587360 0.047619049 0.019305019 0.081967212 0.019305019 0.272727281 0.089655176 0.172413796 0.019305019
0.224299058 0.047272727 0.065040648 0.054151624 0.080701753 0.074204944 0.003802281 0.003802281 0.000000000 0.074204944 0.080701753 0.077464789 0.077464789 0.039682541 0.050724637 0.031496063 0.082644626 0.090277776 0.060728744 0.022388060 0.023437500 0.018726591 0.065040648 0.011320755 0.040293042 0.022388060 0.043824703 0.015503876 0.078189299 0.015503876 0.276243091 0.093425609 0.176100627 0.015503876
0.293617010 0.027027028 0.138576776 0.020134227 0.006535948 0.000000000 0.070422538 0.070422538 0.074204944 0.000000000 0.006535948 0.003278689 0.003278689 0.113553114 0.023569023 0.105454542 0.155893534 0.016181231 0.134328365 0.051903114 0.097472921 0.055555556 0.138576776 0.062937066 0.034013607 0.051903114 0.117647059 0.089605734 0.151515156 0.089605734 0.206266314 0.019354839 0.103244841 0.089605734
0.299578071 0.033557046 0.144981414 0.026666667 0.000000000 0.006535948 0.076923080 0.076923080 0.080701753 0.006535948 0.000000000 0.003257329 0.003257329 0.119999997 0.030100334 0.111913361 0.162264153 0.009646302 0.140740737 0.058419243 0.103942655 0.062068965 0.144981414 0.069444448 0.040540539 0.058419243 0.124087594 0.096085407 0.157894731 0.096085407 0.200000003 0.012820513 0.096774191 0.096085407
0.296610177 0.030303031 0.141791046 0.023411371 0.003257329 0.003278689 0.073684208 0.073684208 0.077464789 0.003278689 0.003257329 0.000000000 0.000000000 0.116788320 0.026845638 0.108695649 0.159090906 0.012903226 0.137546465 0.055172414 0.100719422 0.058823530 0.141791046 0.066202089 0.037288137 0.055172414 0.120879121 0.092857145 0.154716983 0.092857145 0.203125000 0.016077170 0.100000001 0.092857145
0.296610177 0.030303031 0.141791046 0.023411371 0.003257329 0.003278689 0.073684208 0.073684208 0.077464789 0.003278689 0.003257329 0.000000000 0.000000000 0.116788320 0.026845638 0.108695649 0.159090906 0.012903226 0.137546465 0.055172414 0.100719422 0.058823530 0.141791046 0.066202089 0.037288137 0.055172414 0.120879121 0.092857145 0.154716983 0.092857145 0.203125000 0.016077170 0.100000001 0.092857145
0.186274514 0.086792454 0.025423728 0.093632959 0.119999997 0.113553114 0.043478262 0.043478262 0.039682541 0.113553114 0.119999997 0.116788320 0.116788320 0.000000000 0.090225562 0.008196721 0.043103449 0.129496396 0.021097047 0.062015504 0.016260162 0.058365759 0.025423728 0.050980393 0.079847910 0.062015504 0.004149378 0.024193548 0.038626611 0.024193548 0.312500000 0.132616490 0.214285716 0.024193548
0.271929830 0.003460208 0.115384616 0.003436426 0.030100334 0.023569023 0.046931408 0.046931408 0.050724637 0.023569023 0.030100334 0.026845638 0.026845638 0.090225562 0.000000000 0.082089551 0.132812500 0.039735101 0.111111112 0.028368793 0.074074075 0.032028470 0.115384616 0.039426524 0.010452962 0.028368793 0.094339624 0.066176474 0.128404662 0.066176474 0.228723407 0.042904291 0.126506031 0.066176474
0.194174752 0.078651689 0.033613447 0.085501857 0.111913361 0.105454542 0.035294119 0.035294119 0.031496063 0.105454542 0.111913361 0.108695649 0.108695649 0.008196721 0.082089551 0.000000000 0.051282052 0.121428572 0.029288704 0.053846154 0.008064516 0.050193049 0.033613447 0.042801555 0.071698114 0.053846154 0.012345679 0.016000001 0.046808511 0.016000001 0.305084735 0.124555163 0.206451610 0.016000001
0.144329891 0.129411772 0.017699115 0.136186764 0.162264153 0.155893534 0.086419754 0.086419754 0.082644626 0.155893534 0.162264153 0.159090906 0.159090906 0.043103449 0.132812500 0.051282052 0.000000000 0.171641797 0.022026431 0.104838707 0.059322033 0.101214573 0.017699115 0.093877554 0.122529641 0.104838707 0.038961038 0.067226894 0.004484305 0.067226894 0.350877196 0.174721196 0.255033553 0.067226894
0.308333337 0.043189369 0.154411763 0.036303632 0.009646302 0.016181231 0.086505190 0.086505190 0.090277776 0.016181231 0.009646302 0.012903226 0.012903226 0.129496396 0.039735101 0.121428572 0.171641797 0.000000000 0.150183156 0.068027213 0.113475174 0.071672358 0.154411763 0.079037800 0.050167225 0.068027213 0.133574009 0.105633803 0.167286247 0.105633803 0.190721646 0.003174603 0.087209299 0.105633803
0.165829152 0.107692309 0.004329004 0.114503816 0.140740737 0.134328365 0.064516127 0.064516127 0.060728744 0.134328365 0.140740737 0.137546465 0.137546465 0.021097047 0.111111112 0.029288704 0.022026431 0.150183156 0.000000000 0.083003953 0.037344400 0.079365082 0.004329004 0.071999997 0.100775197 0.083003953 0.016949153 0.045267489 0.017543860 0.045267489 0.331412107 0.153284669 0.234323427 0.045267489
0.245454550 0.024911031 0.087301590 0.031802122 0.058419243 0.051903114 0.018587360 0.018587360 0.022388060 0.051903114 0.058419243 0.055172414 0.055172414 0.062015504 0.028368793 0.053846154 0.104838707 0.068027213 0.083003953 0.000000000 0.045801528 0.003663004 0.087301590 0.011070111 0.017921148 0.000000000 0.066147856 0.037878789 0.100401610 0.037878789 0.255434781 0.071186438 0.154320985 0.037878789
0.201923072 0.070631973 0.041666668 0.077490777 0.103942655 0.097472921 0.027237354 0.027237354 0.023437500 0.097472921 0.103942655 0.100719422 0.100719422 0.016260162 0.074074075 0.008064516 0.059322033 0.113475174 0.037344400 0.045801528 0.000000000 0.042145595 0.041666668 0.034749035 0.063670412 0.045801528 0.020408163 0.007936508 0.054852322 0.007936508 0.297752798 0.116607770 0.198717952 0.007936508
0.242009133 0.028571429 0.083665341 0.035460994 0.062068965 0.055555556 0.014925373 0.014925373 0.018726591 0.055555556 0.062068965 0.058823530 0.058823530 0.058365759 0.032028470 0.050193049 0.101214573 0.071672358 0.079365082 0.003663004 0.042145595 0.000000000 0.083665341 0.007407407 0.021582734 0.003663004 0.062500000 0.034220532 0.096774191 0.034220532 0.258855581 0.074829929 0.157894731 0.034220532
0.161616161 0.111969113 0.000000000 0.118773945 0.144981414 0.138576776 0.068825908 0.068825908 0.065040648 0.138576776 0.144981414 0.141791046 0.141791046 0.025423728 0.115384616 0.033613447 0.017699115 0.154411763 0.004329004 0.087301590 0.041666668 0.083665341 0.000000000 0.076305218 0.105058365 0.087301590 0.021276595 0.049586777 0.013215859 0.049586777 0.335260123 0.157509163 0.238410592 0.049586777
0.235023037 0.035971224 0.076305218 0.042857144 0.069444448 0.062937066 0.007518797 0.007518797 0.011320755 0.062937066 0.069444448 0.066202089 0.066202089 0.050980393 0.039426524 0.042801555 0.093877554 0.079037800 0.071999997 0.011070111 0.034749035 0.007407407 0.076305218 0.000000000 0.028985508 0.011070111 0.055118110 0.026819924 0.089430891 0.026819924 0.265753418 0.082191780 0.165109038 0.026819924
0.262222230 0.006993007 0.105058365 0.013888889 0.040540539 0.034013607 0.036496349 0.036496349 0.040293042 0.034013607 0.040540539 0.037288137 0.037288137 0.079847910 0.010452962 0.071698114 0.122529641 0.050167225 0.100775197 0.017921148 0.063670412 0.021582734 0.105058365 0.028985508 0.000000000 0.017921148 0.083969466 0.055762082 0.118110240 0.055762082 0.238605902 0.053333335 0.136778116 0.055762082
0.245454550 0.024911031 0.087301590 0.031802122 0.058419243 0.051903114 0.018587360 0.018587360 0.022388060 0.051903114 0.058419243 0.055172414 0.055172414 0.062015504 0.028368793 0.053846154 0.104838707 0.068027213 0.083003953 0.000000000 0.045801528 0.003663004 0.087301590 0.011070111 0.017921148 0.000000000 0.066147856 0.037878789 0.100401610 0.037878789 0.255434781 0.071186438 0.154320985 0.037878789
0.182266012 0.090909094 0.021276595 0.097744361 0.124087594 0.117647059 0.047619049 0.047619049 0.043824703 0.117647059 0.124087594 0.120879121 0.120879121 0.004149378 0.094339624 0.012345679 0.038961038 0.133574009 0.016949153 0.066147856 0.020408163 0.062500000 0.021276595 0.055118110 0.083969466 0.066147856 0.000000000 0.028340081 0.034482758 0.028340081 0.316239327 0.136690646 0.218241036 0.028340081
0.209523812 0.062730625 0.049586777 0.069597073 0.096085407 0.089605734 0.019305019 0.019305019 0.015503876 0.089605734 0.096085407 0.092857145 0.092857145 0.024193548 0.066176474 0.016000001 0.067226894 0.105633803 0.045267489 0.037878789 0.007936508 0.034220532 0.049586777 0.026819924 0.055762082 0.037878789 0.028340081 0.000000000 0.062761508 0.000000000 0.290502787 0.108771928 0.191082805 0.000000000
0.148717955 0.125000000 0.013215859 0.131782949 0.157894731 0.151515156 0.081967212 0.081967212 0.078189299 0.151515156 0.157894731 0.154716983 0.154716983 0.038626611 0.128404662 0.046808511 0.004484305 0.167286247 0.017543860 0.100401610 0.054852322 0.096774191 0.013215859 0.089430891 0.118110240 0.100401610 0.034482758 0.062761508 0.000000000 0.062761508 0.346938789 0.170370370 0.250836134 0.062761508
0.209523812 0.062730625 0.049586777 0.069597073 0.096085407 0.089605734 0.019305019 0.019305019 0.015503876 0.089605734 0.096085407 0.092857145 0.092857145 0.024193548 0.066176474 0.016000001 0.067226894 0.105633803 0.045267489 0.037878789 0.007936508 0.034220532 0.049586777 0.026819924 0.055762082 0.037878789 0.028340081 0.000000000 0.062761508 0.000000000 0.290502787 0.108771928 0.191082805 0.000000000
0.471337587 0.231999993 0.335260123 0.225464195 0.200000003 0.206266314 0.272727281 0.272727281 0.276243091 0.206266314 0.200000003 0.203125000 0.203125000 0.312500000 0.228723407 0.305084735 0.350877196 0.190721646 0.331412107 0.255434781 0.297752798 0.258855581 0.335260123 0.265753418 0.238605902 0.255434781 0.316239327 0.290502787 0.346938789 0.290502787 0.000000000 0.187660664 0.105263159 0.290502787
0.311203331 0.046357617 0.157509163 0.039473683 0.012820513 0.019354839 0.089655176 0.089655176 0.093425609 0.019354839 0.012820513 0.016077170 0.016077170 0.132616490 0.042904291 0.124555163 0.174721196 0.003174603 0.153284669 0.071186438 0.116607770 0.074829929 0.157509163 0.082191780 0.053333335 0.071186438 0.136690646 0.108771928 0.170370370 0.108771928 0.187660664 0.000000000 0.084057972 0.108771928
0.385185182 0.129909366 0.238410592 0.123123124 0.096774191 0.103244841 0.172413796 0.172413796 0.176100627 0.103244841 0.096774191 0.100000001 0.100000001 0.214285716 0.126506031 0.206451610 0.255033553 0.087209299 0.234323427 0.154320985 0.198717952 0.157894731 0.238410592 0.165109038 0.136778116 0.154320985 0.218241036 0.191082805 0.250836134 0.191082805 0.105263159 0.084057972 0.000000000 0.191082805
0.209523812 0.062730625 0.049586777 0.069597073 0.096085407 0.089605734 0.019305019 0.019305019 0.015503876 0.089605734 0.096085407 0.092857145 0.092857145 0.024193548 0.066176474 0.016000001 0.067226894 0.105633803 0.045267489 0.037878789 0.007936508 0.034220532 0.049586777 0.026819924 0.055762082 0.037878789 0.028340081 0.000000000 0.062761508 0.000000000 0.290502787 0.108771928 0.191082805 0.000000000
