0.016630877 0.058675922 0.022720672 0.068006396 0.025911245 0.037007555 0.038413271 0.039539270 0.042849544 0.055840798 0.047728077 0.063563317 0.048935957 0.041548602 0.037411835 0.021483883 0.029426452 0.062341809 0.041180477 0.057463877 0.025017364 0.044384584 0.024388641 0.039399441 0.053178567 0.054174870 0.042487495 0.035153557 0.023426948 0.046468794 0.082315467 0.071136609 0.035556611 0.024095599
0.058675922 -0.041475460 0.019463070 0.055411138 0.028685886 0.024466308 0.024242265 0.023775263 0.035236198 0.039182488 0.028425781 0.043601111 0.032272182 0.026025224 0.056928802 0.036023252 0.025303762 0.036169715 0.029493589 0.049184140 0.023864087 0.025093086 0.044679396 0.023514822 0.015706401 0.027463559 0.028830489 0.021620912 0.039747518 0.031800725 0.072241329 0.040453676 0.026781254 0.032140903
0.022720672 0.019463070 -0.001240516 0.038877551 0.009938707 0.004693689 -0.000169484 0.003781487 0.004502918 0.027151108 0.010988442 0.032868221 0.015713220 0.011910071 0.028686887 0.012600413 -0.000175139 0.028520849 0.014030014 0.019461120 0.002516934 0.008105714 0.011060420 0.001387386 0.020936035 0.019045832 0.002944119 0.004452803 0.010727528 0.007354825 0.049915820 0.034190569 0.014806227 0.005262445
0.068006396 0.055411138 0.038877551 0.008337859 0.042316251 0.029977489 0.031217346 0.028895913 0.040980004 0.010414388 0.027783679 0.032085478 0.024563897 0.032968886 0.077816933 0.073938072 0.048206989 0.027554834 0.043619052 0.032000110 0.045143161 0.036373578 0.068428591 0.030930981 0.041584931 0.026485639 0.040470056 0.039286524 0.063176930 0.029801715 0.032298714 0.027385186 0.046752654 0.048215833
0.025911245 0.028685886 0.009938707 0.042316251 -0.008039547 0.013464730 0.009796202 0.016123304 0.021077184 0.033122629 0.020121545 0.035650853 0.023086358 0.019085577 0.029348377 0.016125079 0.010856198 0.036752742 0.025384817 0.027444484 0.011511015 0.025534429 0.011083880 0.015259765 0.027279967 0.023184510 0.013002238 0.014389928 0.014402345 0.013607623 0.047820184 0.042913962 0.014971619 0.015070986
0.037007555 0.024466308 0.004693689 0.029977489 0.013464730 -0.026363010 0.000873056 0.001995286 0.004232697 0.020780636 0.006872389 0.027024686 0.007398948 0.007206082 0.038278095 0.024576515 0.006399995 0.025675822 0.011347924 0.014842516 0.002565404 0.009864901 0.020594858 0.004384816 0.024793440 0.014351158 0.002911330 0.000727417 0.021247825 0.002170817 0.042149369 0.024425011 0.019419519 0.012889053
0.038413271 0.024242265 -0.000169484 0.031217346 0.009796202 0.000873056 -0.012031139 -0.002360480 0.002420158 0.019469995 0.005582757 0.022063067 0.009824339 0.004428159 0.037126370 0.025439387 0.007676186 0.020863362 0.013726750 0.007115396 0.003735634 0.005867981 0.021872379 -0.002765178 0.022208305 0.007733003 -0.001453877 0.000361927 0.020313213 -0.006660969 0.048791647 0.026389854 0.016779972 0.012962712
0.039539270 0.023775263 0.003781487 0.028895913 0.016123304 0.001995286 -0.002360480 -0.002247763 0.007530231 0.016407903 0.006647510 0.022611760 0.003722580 0.002345584 0.038955793 0.027136281 0.012811856 0.021067111 0.013182796 0.010619717 0.009108689 0.008151624 0.024696259 0.001219391 0.014561448 0.008012653 0.000379580 0.005269460 0.023916876 0.001491189 0.037042338 0.023693504 0.021026360 0.017769109
0.042849544 0.035236198 0.004502918 0.040980004 0.021077184 0.004232697 0.002420158 0.007530231 -0.001451234 0.028836511 0.008731373 0.028309556 0.014757828 0.010851162 0.045431133 0.024169125 0.005654715 0.027178761 0.015137766 0.016572986 0.007705588 -0.002526569 0.017835490 0.002248282 0.029169779 0.011333953 0.000695520 -0.000705578 0.019907476 -0.003887862 0.063365325 0.038298681 0.023416763 0.016177014
0.055840798 0.039182488 0.027151108 0.010414388 0.033122629 0.020780636 0.019469995 0.016407903 0.028836511 0.006438902 0.011779052 0.016657446 0.008577606 0.020898886 0.061105832 0.058625620 0.035647281 0.012254992 0.030215673 0.014013710 0.035555832 0.024012258 0.053821594 0.021725589 0.027733658 0.007738863 0.026685497 0.028669624 0.049698949 0.018202860 0.019562865 0.014400631 0.031814069 0.036382992
0.047728077 0.028425781 0.010988442 0.027783679 0.020121545 0.006872389 0.005582757 0.006647510 0.008731373 0.011779052 -0.007489420 0.020697398 0.005628269 0.008115966 0.049016133 0.038249496 0.016059520 0.016552230 0.014237143 0.011378739 0.013090571 0.009911269 0.031828821 0.006045902 0.023548611 0.005135481 0.007408118 0.004645477 0.032347899 0.002146245 0.045312066 0.018372227 0.016174247 0.021193236
0.063563317 0.043601111 0.032868221 0.032085478 0.035650853 0.027024686 0.022063067 0.022611760 0.028309556 0.016657446 0.020697398 0.016771413 0.023473712 0.023525482 0.071943507 0.060704365 0.038506869 0.020090062 0.034793928 0.026219063 0.036988415 0.028048620 0.057241477 0.024430364 0.034762651 0.015340306 0.027558036 0.031676233 0.051666535 0.020940015 0.048254061 0.035339694 0.040744100 0.041582890
0.048935957 0.032272182 0.015713220 0.024563897 0.023086358 0.007398948 0.009824339 0.003722580 0.014757828 0.008577606 0.005628269 0.023473712 -0.012192137 0.010407341 0.052609902 0.046078909 0.020021923 0.019604567 0.019032111 0.012741512 0.018490873 0.009085044 0.037838906 0.007223037 0.019305278 0.007405103 0.006540084 0.012501586 0.036299482 0.005390842 0.040752493 0.021123149 0.025273217 0.024562690
0.041548602 0.026025224 0.011910071 0.032968886 0.019085577 0.007206082 0.004428159 0.002345584 0.010851162 0.020898886 0.008115966 0.023525482 0.010407341 -0.005484790 0.042966343 0.036283955 0.013473887 0.021285208 0.014015195 0.018040584 0.012455443 0.012132639 0.028239248 0.008064923 0.021053176 0.009429999 0.004409657 0.009497672 0.026528189 0.002972789 0.040014394 0.026263794 0.021527920 0.020344585
0.037411835 0.056928802 0.028686887 0.077816933 0.029348377 0.038278095 0.037126370 0.038955793 0.045431133 0.061105832 0.049016133 0.071943507 0.052609902 0.042966343 0.028544240 0.013034904 0.033677533 0.071324483 0.041840039 0.060650308 0.029115118 0.050890148 0.030426586 0.038335245 0.042886794 0.061591499 0.042466398 0.033778660 0.031296566 0.049311947 0.078072958 0.079298437 0.045863762 0.028983690
0.021483883 0.036023252 0.012600413 0.073938072 0.016125079 0.024576515 0.025439387 0.027136281 0.024169125 0.058625620 0.038249496 0.060704365 0.046078909 0.036283955 0.013034904 -0.016966673 0.014825907 0.063419752 0.029965397 0.041709714 0.013437231 0.032480765 0.002120943 0.026411219 0.034343608 0.052903723 0.023159001 0.024008129 0.004534408 0.034745507 0.073797278 0.072078705 0.028557040 0.004379417
0.029426452 0.025303762 -0.000175139 0.048206989 0.010856198 0.006399995 0.007676186 0.012811856 0.005654715 0.035647281 0.016059520 0.038506869 0.020021923 0.013473887 0.033677533 0.014825907 -0.013834832 0.034298971 0.015174028 0.026460044 0.002672646 0.013540061 0.010638330 0.005556775 0.026786800 0.023758795 0.004762526 0.004667239 0.012440415 0.009704972 0.063051432 0.043753080 0.010701113 0.013959541
0.062341809 0.036169715 0.028520849 0.027554834 0.036752742 0.025675822 0.020863362 0.021067111 0.027178761 0.012254992 0.016552230 0.020090062 0.019604567 0.021285208 0.071324483 0.063419752 0.034298971 0.002967209 0.029568210 0.030180158 0.032438476 0.024099831 0.057500910 0.022345586 0.035480186 0.011892704 0.023964109 0.024700101 0.053143963 0.016996056 0.039611548 0.035072997 0.033415575 0.040475730
0.041180477 0.029493589 0.014030014 0.043619052 0.025384817 0.011347924 0.013726750 0.013182796 0.015137766 0.030215673 0.014237143 0.034793928 0.019032111 0.014015195 0.041840039 0.029965397 0.015174028 0.029568210 0.001249669 0.030463167 0.013758631 0.016349599 0.029178683 0.015879922 0.028697763 0.020176746 0.014866956 0.013460159 0.022970365 0.012654264 0.053519040 0.042491175 0.025586722 0.018141156
0.057463877 0.049184140 0.019461120 0.032000110 0.027444484 0.014842516 0.007115396 0.010619717 0.016572986 0.014013710 0.011378739 0.026219063 0.012741512 0.018040584 0.060650308 0.041709714 0.026460044 0.030180158 0.030463167 -0.001001857 0.023609612 0.017488904 0.042903773 0.013998215 0.026504673 0.013089234 0.013927002 0.019775826 0.040426508 0.009970727 0.051183086 0.033446409 0.033923268 0.029746518
0.025017364 0.023864087 0.002516934 0.045143161 0.011511015 0.002565404 0.003735634 0.009108689 0.007705588 0.035555832 0.013090571 0.036988415 0.018490873 0.012455443 0.029115118 0.013437231 0.002672646 0.032438476 0.013758631 0.023609612 -0.002639361 0.008807914 0.011534760 0.003973866 0.029096065 0.021168912 0.005303937 0.005749500 0.006541408 0.008076579 0.055066694 0.034789767 0.009544195 0.007316150
0.044384584 0.025093086 0.008105714 0.036373578 0.025534429 0.009864901 0.005867981 0.008151624 -0.002526569 0.024012258 0.009911269 0.028048620 0.009085044 0.012132639 0.050890148 0.032480765 0.013540061 0.024099831 0.016349599 0.017488904 0.008807914 -0.022700597 0.026099140 -0.000743212 0.024961568 0.009779894 0.009326855 0.010253625 0.025412822 0.008795856 0.056593988 0.030799789 0.021267330 0.018314019
0.024388641 0.044679396 0.011060420 0.068428591 0.011083880 0.020594858 0.021872379 0.024696259 0.017835490 0.053821594 0.031828821 0.057241477 0.037838906 0.028239248 0.030426586 0.002120943 0.010638330 0.057500910 0.029178683 0.042903773 0.011534760 0.026099140 -0.007993884 0.021299632 0.033335254 0.047060162 0.020557554 0.021863006 0.009231045 0.028950604 0.076899201 0.062740371 0.022721818 0.007192885
0.039399441 0.023514822 0.001387386 0.030930981 0.015259765 0.004384816 -0.002765178 0.001219391 0.002248282 0.021725589 0.006045902 0.024430364 0.007223037 0.008064923 0.038335245 0.026411219 0.005556775 0.022345586 0.015879922 0.013998215 0.003973866 -0.000743212 0.021299632 -0.002635339 0.020890623 0.008408922 -0.001599172 0.000523181 0.018977016 -0.002271246 0.047620721 0.027288925 0.013828311 0.013972688
0.053178567 0.015706401 0.020936035 0.041584931 0.027279967 0.024793440 0.022208305 0.014561448 0.029169779 0.027733658 0.023548611 0.034762651 0.019305278 0.021053176 0.042886794 0.034343608 0.026786800 0.035480186 0.028697763 0.026504673 0.029096065 0.024961568 0.033335254 0.020890623 -0.013110725 0.020222828 0.020388931 0.018684434 0.041618749 0.022010561 0.055233076 0.038634337 0.028587859 0.028776323
0.054174870 0.027463559 0.019045832 0.026485639 0.023184510 0.014351158 0.007733003 0.008012653 0.011333953 0.007738863 0.005135481 0.015340306 0.007405103 0.009429999 0.061591499 0.052903723 0.023758795 0.011892704 0.020176746 0.013089234 0.021168912 0.009779894 0.047060162 0.008408922 0.020222828 -0.008633833 0.011069594 0.015596000 0.039203696 0.002769739 0.045177303 0.018766057 0.025779847 0.026499003
0.042487495 0.028830489 0.002944119 0.040470056 0.013002238 0.002911330 -0.001453877 0.000379580 0.000695520 0.026685497 0.007408118 0.027558036 0.006540084 0.004409657 0.042466398 0.023159001 0.004762526 0.023964109 0.014866956 0.013927002 0.005303937 0.009326855 0.020557554 -0.001599172 0.020388931 0.011069594 -0.009323580 0.001279396 0.022231802 -0.002388675 0.057038680 0.039540574 0.019789310 0.012688604
0.035153557 0.021620912 0.004452803 0.039286524 0.014389928 0.000727417 0.000361927 0.005269460 -0.000705578 0.028669624 0.004645477 0.031676233 0.012501586 0.009497672 0.033778660 0.024008129 0.004667239 0.024700101 0.013460159 0.019775826 0.005749500 0.010253625 0.021863006 0.000523181 0.018684434 0.015596000 0.001279396 -0.005655825 0.017428551 -0.000360277 0.048880596 0.034010455 0.015815880 0.011436964
0.023426948 0.039747518 0.010727528 0.063176930 0.014402345 0.021247825 0.020313213 0.023916876 0.019907476 0.049698949 0.032347899 0.051666535 0.036299482 0.026528189 0.031296566 0.004534408 0.012440415 0.053143963 0.022970365 0.040426508 0.006541408 0.025412822 0.009231045 0.018977016 0.041618749 0.039203696 0.022231802 0.017428551 -0.003857219 0.026577223 0.073814608 0.061363369 0.022594221 0.013120225
0.046468794 0.031800725 0.007354825 0.029801715 0.013607623 0.002170817 -0.006660969 0.001491189 -0.003887862 0.018202860 0.002146245 0.020940015 0.005390842 0.002972789 0.049311947 0.034745507 0.009704972 0.016996056 0.012654264 0.009970727 0.008076579 0.008795856 0.028950604 -0.002271246 0.022010561 0.002769739 -0.002388675 -0.000360277 0.026577223 -0.026350683 0.051813740 0.035221040 0.022053134 0.017933477
0.082315467 0.072241329 0.049915820 0.032298714 0.047820184 0.042149369 0.048791647 0.037042338 0.063365325 0.019562865 0.045312066 0.048254061 0.040752493 0.040014394 0.078072958 0.073797278 0.063051432 0.039611548 0.053519040 0.051183086 0.055066694 0.056593988 0.076899201 0.047620721 0.055233076 0.045177303 0.057038680 0.048880596 0.073814608 0.051813740 0.000862429 0.047089443 0.061374269 0.047160923
0.071136609 0.040453676 0.034190569 0.027385186 0.042913962 0.024425011 0.026389854 0.023693504 0.038298681 0.014400631 0.018372227 0.035339694 0.021123149 0.026263794 0.079298437 0.072078705 0.043753080 0.035072997 0.042491175 0.033446409 0.034789767 0.030799789 0.062740371 0.027288925 0.038634337 0.018766057 0.039540574 0.034010455 0.061363369 0.035221040 0.047089443 0.002198912 0.041735016 0.043531716
0.035556611 0.026781254 0.014806227 0.046752654 0.014971619 0.019419519 0.016779972 0.021026360 0.023416763 0.031814069 0.016174247 0.040744100 0.025273217 0.021527920 0.045863762 0.028557040 0.010701113 0.033415575 0.025586722 0.033923268 0.009544195 0.021267330 0.022721818 0.013828311 0.028587859 0.025779847 0.019789310 0.015815880 0.022594221 0.022053134 0.061374269 0.041735016 -0.022412054 0.018978998
0.024095599 0.032140903 0.005262445 0.048215833 0.015070986 0.012889053 0.012962712 0.017769109 0.016177014 0.036382992 0.021193236 0.041582890 0.024562690 0.020344585 0.028983690 0.004379417 0.013959541 0.040475730 0.018141156 0.029746518 0.007316150 0.018314019 0.007192885 0.013972688 0.028776323 0.026499003 0.012688604 0.011436964 0.013120225 0.017933477 0.047160923 0.043531716 0.018978998 -0.005055971
