0.000000000 0.009523810 0.018867925 0.174603179 0.009523810 0.058823530 0.041474655 0.058823530 0.000000000 0.177865610 0.083700441 0.154471546 0.103448279 0.103448279 0.155555561 0.050505050 0.041474655 0.235294119 0.032558139 0.075555556 0.018867925 0.054545455 0.009708738 0.071428575 0.050228309 0.087719299 0.058823530 0.067264572 0.028037382 0.067264572 0.196911201 0.019607844 0.072164945 0.071428575
0.009523810 0.000000000 0.009345794 0.165354326 0.000000000 0.049327355 0.031963471 0.049327355 0.009523810 0.168627456 0.074235804 0.145161286 0.094017096 0.094017096 0.164835170 0.059999999 0.031963471 0.226277366 0.023041476 0.066079296 0.009345794 0.045045044 0.019230770 0.061946902 0.040723983 0.078260869 0.049327355 0.057777777 0.018518519 0.057777777 0.187739462 0.029126214 0.081632651 0.061946902
0.018867925 0.009345794 0.000000000 0.156250000 0.009345794 0.039999999 0.022624435 0.039999999 0.018867925 0.159533069 0.064935066 0.136000007 0.084745765 0.084745765 0.173913047 0.069306932 0.022624435 0.217391297 0.013698630 0.056768559 0.000000000 0.035714287 0.028571429 0.052631579 0.031390134 0.068965517 0.039999999 0.048458152 0.009174312 0.048458152 0.178707227 0.038461540 0.090909094 0.052631579
0.174603179 0.165354326 0.156250000 0.000000000 0.165354326 0.116981134 0.134099618 0.116981134 0.174603179 0.003367003 0.092250921 0.020689655 0.072463766 0.072463766 0.321428567 0.223140493 0.134099618 0.063291140 0.142857149 0.100371748 0.156250000 0.121212125 0.184000000 0.104477614 0.125475287 0.088235296 0.116981134 0.108614229 0.147286817 0.108614229 0.023102310 0.193548381 0.243697479 0.104477614
0.009523810 0.000000000 0.009345794 0.165354326 0.000000000 0.049327355 0.031963471 0.049327355 0.009523810 0.168627456 0.074235804 0.145161286 0.094017096 0.094017096 0.164835170 0.059999999 0.031963471 0.226277366 0.023041476 0.066079296 0.009345794 0.045045044 0.019230770 0.061946902 0.040723983 0.078260869 0.049327355 0.057777777 0.018518519 0.057777777 0.187739462 0.029126214 0.081632651 0.061946902
0.058823530 0.049327355 0.039999999 0.116981134 0.049327355 0.000000000 0.017391304 0.000000000 0.058823530 0.120300755 0.025000000 0.096525095 0.044897959 0.044897959 0.212435231 0.109004736 0.017391304 0.178947374 0.026315790 0.016806724 0.039999999 0.004291845 0.068493150 0.012658228 0.008620690 0.029045643 0.000000000 0.008474576 0.030837005 0.008474576 0.139705881 0.078341015 0.130434781 0.012658228
0.041474655 0.031963471 0.022624435 0.134099618 0.031963471 0.017391304 0.000000000 0.017391304 0.041474655 0.137404576 0.042372882 0.113725491 0.062240664 0.062240664 0.195767194 0.091787443 0.000000000 0.195729539 0.008928572 0.034188036 0.022624435 0.013100437 0.051162791 0.030042918 0.008771930 0.046413504 0.017391304 0.025862070 0.013452915 0.025862070 0.156716421 0.061032865 0.113300495 0.030042918
0.058823530 0.049327355 0.039999999 0.116981134 0.049327355 0.000000000 0.017391304 0.000000000 0.058823530 0.120300755 0.025000000 0.096525095 0.044897959 0.044897959 0.212435231 0.109004736 0.017391304 0.178947374 0.026315790 0.016806724 0.039999999 0.004291845 0.068493150 0.012658228 0.008620690 0.029045643 0.000000000 0.008474576 0.030837005 0.008474576 0.139705881 0.078341015 0.130434781 0.012658228
0.000000000 0.009523810 0.018867925 0.174603179 0.009523810 0.058823530 0.041474655 0.058823530 0.000000000 0.177865610 0.083700441 0.154471546 0.103448279 0.103448279 0.155555561 0.050505050 0.041474655 0.235294119 0.032558139 0.075555556 0.018867925 0.054545455 0.009708738 0.071428575 0.050228309 0.087719299 0.058823530 0.067264572 0.028037382 0.067264572 0.196911201 0.019607844 0.072164945 0.071428575
0.177865610 0.168627456 0.159533069 0.003367003 0.168627456 0.120300755 0.137404576 0.120300755 0.177865610 0.000000000 0.095588237 0.024054984 0.075812273 0.075812273 0.324444443 0.226337448 0.137404576 0.059936907 0.146153852 0.103703700 0.159533069 0.124528304 0.187251002 0.107806690 0.128787875 0.091575094 0.120300755 0.111940302 0.150579154 0.111940302 0.019736841 0.196787149 0.246861920 0.107806690
0.083700441 0.074235804 0.064935066 0.092250921 0.074235804 0.025000000 0.042372882 0.025000000 0.083700441 0.095588237 0.000000000 0.071698114 0.019920319 0.019920319 0.236180902 0.133640558 0.042372882 0.154639170 0.051282052 0.008196721 0.064935066 0.029288704 0.093333334 0.012345679 0.033613447 0.004048583 0.025000000 0.016528925 0.055793993 0.016528925 0.115107916 0.103139013 0.154929578 0.012345679
0.154471546 0.145161286 0.136000007 0.020689655 0.145161286 0.096525095 0.113725491 0.096525095 0.154471546 0.024054984 0.071698114 0.000000000 0.051851850 0.051851850 0.302752286 0.203389823 0.113725491 0.083870970 0.122529641 0.079847910 0.136000007 0.100775197 0.163934425 0.083969466 0.105058365 0.067669176 0.096525095 0.088122606 0.126984134 0.088122606 0.043771043 0.173553720 0.224137932 0.083969466
0.103448279 0.094017096 0.084745765 0.072463766 0.094017096 0.044897959 0.062240664 0.044897959 0.103448279 0.075812273 0.019920319 0.051851850 0.000000000 0.000000000 0.254901975 0.153153151 0.062240664 0.135135129 0.071129709 0.028112451 0.084745765 0.049180329 0.113043480 0.032258064 0.053497944 0.015873017 0.044897959 0.036437247 0.075630255 0.036437247 0.095406361 0.122807018 0.174311921 0.032258064
0.103448279 0.094017096 0.084745765 0.072463766 0.094017096 0.044897959 0.062240664 0.044897959 0.103448279 0.075812273 0.019920319 0.051851850 0.000000000 0.000000000 0.254901975 0.153153151 0.062240664 0.135135129 0.071129709 0.028112451 0.084745765 0.049180329 0.113043480 0.032258064 0.053497944 0.015873017 0.044897959 0.036437247 0.075630255 0.036437247 0.095406361 0.122807018 0.174311921 0.032258064
0.155555561 0.164835170 0.173913047 0.321428567 0.164835170 0.212435231 0.195767194 0.212435231 0.155555561 0.324444443 0.236180902 0.302752286 0.254901975 0.254901975 0.000000000 0.105882354 0.195767194 0.377049178 0.187165782 0.228426397 0.173913047 0.208333328 0.146067411 0.224489793 0.204188481 0.239999995 0.212435231 0.220512822 0.182795703 0.220512822 0.341991335 0.136363640 0.084337346 0.224489793
0.050505050 0.059999999 0.069306932 0.223140493 0.059999999 0.109004736 0.091787443 0.109004736 0.050505050 0.226337448 0.133640558 0.203389823 0.153153151 0.153153151 0.105882354 0.000000000 0.091787443 0.282442749 0.082926832 0.125581399 0.069306932 0.104761906 0.040816326 0.121495329 0.100478470 0.137614682 0.109004736 0.117370889 0.078431375 0.117370889 0.244979918 0.030927835 0.021739131 0.121495329
0.041474655 0.031963471 0.022624435 0.134099618 0.031963471 0.017391304 0.000000000 0.017391304 0.041474655 0.137404576 0.042372882 0.113725491 0.062240664 0.062240664 0.195767194 0.091787443 0.000000000 0.195729539 0.008928572 0.034188036 0.022624435 0.013100437 0.051162791 0.030042918 0.008771930 0.046413504 0.017391304 0.025862070 0.013452915 0.025862070 0.156716421 0.061032865 0.113300495 0.030042918
0.235294119 0.226277366 0.217391297 0.063291140 0.226277366 0.178947374 0.195729539 0.178947374 0.235294119 0.059936907 0.154639170 0.083870970 0.135135129 0.135135129 0.377049178 0.282442749 0.195729539 0.000000000 0.204301074 0.162629753 0.217391297 0.183098584 0.244444445 0.166666672 0.187279150 0.150684938 0.178947374 0.170731708 0.208633095 0.170731708 0.040247679 0.253731340 0.302325577 0.166666672
0.032558139 0.023041476 0.013698630 0.142857149 0.023041476 0.026315790 0.008928572 0.026315790 0.032558139 0.146153852 0.051282052 0.122529641 0.071129709 0.071129709 0.187165782 0.082926832 0.008928572 0.204301074 0.000000000 0.043103449 0.013698630 0.022026431 0.042253520 0.038961038 0.017699115 0.055319149 0.026315790 0.034782607 0.004524887 0.034782607 0.165413529 0.052132700 0.104477614 0.038961038
0.075555556 0.066079296 0.056768559 0.100371748 0.066079296 0.016806724 0.034188036 0.016806724 0.075555556 0.103703700 0.008196721 0.079847910 0.028112451 0.028112451 0.228426397 0.125581399 0.034188036 0.162629753 0.043103449 0.000000000 0.056768559 0.021097047 0.085201792 0.004149378 0.025423728 0.012244898 0.016806724 0.008333334 0.047619049 0.008333334 0.123188406 0.095022626 0.146919429 0.004149378
0.018867925 0.009345794 0.000000000 0.156250000 0.009345794 0.039999999 0.022624435 0.039999999 0.018867925 0.159533069 0.064935066 0.136000007 0.084745765 0.084745765 0.173913047 0.069306932 0.022624435 0.217391297 0.013698630 0.056768559 0.000000000 0.035714287 0.028571429 0.052631579 0.031390134 0.068965517 0.039999999 0.048458152 0.009174312 0.048458152 0.178707227 0.038461540 0.090909094 0.052631579
0.054545455 0.045045044 0.035714287 0.121212125 0.045045044 0.004291845 0.013100437 0.004291845 0.054545455 0.124528304 0.029288704 0.100775197 0.049180329 0.049180329 0.208333328 0.104761906 0.013100437 0.183098584 0.022026431 0.021097047 0.035714287 0.000000000 0.064220183 0.016949153 0.004329004 0.033333335 0.004291845 0.012765957 0.026548672 0.012765957 0.143911436 0.074074075 0.126213595 0.016949153
0.009708738 0.019230770 0.028571429 0.184000000 0.019230770 0.068493150 0.051162791 0.068493150 0.009708738 0.187251002 0.093333334 0.163934425 0.113043480 0.113043480 0.146067411 0.040816326 0.051162791 0.244444445 0.042253520 0.085201792 0.028571429 0.064220183 0.000000000 0.081081077 0.059907835 0.097345136 0.068493150 0.076923080 0.037735850 0.076923080 0.206225678 0.009900990 0.062500000 0.081081077
0.071428575 0.061946902 0.052631579 0.104477614 0.061946902 0.012658228 0.030042918 0.012658228 0.071428575 0.107806690 0.012345679 0.083969466 0.032258064 0.032258064 0.224489793 0.121495329 0.030042918 0.166666672 0.038961038 0.004149378 0.052631579 0.016949153 0.081081077 0.000000000 0.021276595 0.016393442 0.012658228 0.004184100 0.043478262 0.004184100 0.127272725 0.090909094 0.142857149 0.000000000
0.050228309 0.040723983 0.031390134 0.125475287 0.040723983 0.008620690 0.008771930 0.008620690 0.050228309 0.128787875 0.033613447 0.105058365 0.053497944 0.053497944 0.204188481 0.100478470 0.008771930 0.187279150 0.017699115 0.025423728 0.031390134 0.004329004 0.059907835 0.021276595 0.000000000 0.037656903 0.008620690 0.017094018 0.022222223 0.017094018 0.148148149 0.069767445 0.121951222 0.021276595
0.087719299 0.078260869 0.068965517 0.088235296 0.078260869 0.029045643 0.046413504 0.029045643 0.087719299 0.091575094 0.004048583 0.067669176 0.015873017 0.015873017 0.239999995 0.137614682 0.046413504 0.150684938 0.055319149 0.012244898 0.068965517 0.033333335 0.097345136 0.016393442 0.037656903 0.000000000 0.029045643 0.020576132 0.059829060 0.020576132 0.111111112 0.107142858 0.158878505 0.016393442
0.058823530 0.049327355 0.039999999 0.116981134 0.049327355 0.000000000 0.017391304 0.000000000 0.058823530 0.120300755 0.025000000 0.096525095 0.044897959 0.044897959 0.212435231 0.109004736 0.017391304 0.178947374 0.026315790 0.016806724 0.039999999 0.004291845 0.068493150 0.012658228 0.008620690 0.029045643 0.000000000 0.008474576 0.030837005 0.008474576 0.139705881 0.078341015 0.130434781 0.012658228
0.067264572 0.057777777 0.048458152 0.108614229 0.057777777 0.008474576 0.025862070 0.008474576 0.067264572 0.111940302 0.016528925 0.088122606 0.036437247 0.036437247 0.220512822 0.117370889 0.025862070 0.170731708 0.034782607 0.008333334 0.048458152 0.012765957 0.076923080 0.004184100 0.017094018 0.020576132 0.008474576 0.000000000 0.039301310 0.000000000 0.131386861 0.086757988 0.138755977 0.004184100
0.028037382 0.018518519 0.009174312 0.147286817 0.018518519 0.030837005 0.013452915 0.030837005 0.028037382 0.150579154 0.055793993 0.126984134 0.075630255 0.075630255 0.182795703 0.078431375 0.013452915 0.208633095 0.004524887 0.047619049 0.009174312 0.026548672 0.037735850 0.043478262 0.022222223 0.059829060 0.030837005 0.039301310 0.000000000 0.039301310 0.169811323 0.047619049 0.100000001 0.043478262
0.067264572 0.057777777 0.048458152 0.108614229 0.057777777 0.008474576 0.025862070 0.008474576 0.067264572 0.111940302 0.016528925 0.088122606 0.036437247 0.036437247 0.220512822 0.117370889 0.025862070 0.170731708 0.034782607 0.008333334 0.048458152 0.012765957 0.076923080 0.004184100 0.017094018 0.020576132 0.008474576 0.000000000 0.039301310 0.000000000 0.131386861 0.086757988 0.138755977 0.004184100
0.196911201 0.187739462 0.178707227 0.023102310 0.187739462 0.139705881 0.156716421 0.139705881 0.196911201 0.019736841 0.115107916 0.043771043 0.095406361 0.095406361 0.341991335 0.244979918 0.156716421 0.040247679 0.165413529 0.123188406 0.178707227 0.143911436 0.206225678 0.127272725 0.148148149 0.111111112 0.139705881 0.131386861 0.169811323 0.131386861 0.000000000 0.215686277 0.265306115 0.127272725
0.019607844 0.029126214 0.038461540 0.193548381 0.029126214 0.078341015 0.061032865 0.078341015 0.019607844 0.196787149 0.103139013 0.173553720 0.122807018 0.122807018 0.136363640 0.030927835 0.061032865 0.253731340 0.052132700 0.095022626 0.038461540 0.074074075 0.009900990 0.090909094 0.069767445 0.107142858 0.078341015 0.086757988 0.047619049 0.086757988 0.215686277 0.000000000 0.052631579 0.090909094
0.072164945 0.081632651 0.090909094 0.243697479 0.081632651 0.130434781 0.113300495 0.130434781 0.072164945 0.246861920 0.154929578 0.224137932 0.174311921 0.174311921 0.084337346 0.021739131 0.113300495 0.302325577 0.104477614 0.146919429 0.090909094 0.126213595 0.062500000 0.142857149 0.121951222 0.158878505 0.130434781 0.138755977 0.100000001 0.138755977 0.265306115 0.052631579 0.000000000 0.142857149
0.071428575 0.061946902 0.052631579 0.104477614 0.061946902 0.012658228 0.030042918 0.012658228 0.071428575 0.107806690 0.012345679 0.083969466 0.032258064 0.032258064 0.224489793 0.121495329 0.030042918 0.166666672 0.038961038 0.004149378 0.052631579 0.016949153 0.081081077 0.000000000 0.021276595 0.016393442 0.012658228 0.004184100 0.043478262 0.004184100 0.127272725 0.090909094 0.142857149 0.000000000
