0.000000000 0.145228222 0.059360731 0.134453788 0.000000000 0.092511013 0.084444441 0.100436680 0.141666666 0.123404257 0.108225107 0.169354841 0.127118647 0.108225107 0.055045873 0.108225107 0.004830918 0.104347825 0.088495575 0.169354841 0.037383176 0.159183666 0.059360731 0.145228222 0.152263373 0.119658120 0.084444441 0.059360731 0.004878049 0.080357142 0.162601620 0.159183666 0.155737698 0.092511013
0.145228222 0.000000000 0.086614177 0.010989011 0.145228222 0.053435113 0.061538462 0.045454547 0.003636364 0.022222223 0.037593983 0.024734983 0.018450184 0.037593983 0.090909094 0.037593983 0.140495867 0.041509435 0.057471264 0.024734983 0.108433738 0.014285714 0.086614177 0.000000000 0.007194245 0.026022306 0.061538462 0.086614177 0.150000006 0.065637067 0.017793594 0.014285714 0.010752688 0.053435113
0.059360731 0.086614177 0.000000000 0.075697213 0.059360731 0.033333335 0.025210084 0.041322313 0.083003953 0.064516127 0.049180329 0.111111112 0.068273090 0.049180329 0.004329004 0.049180329 0.054545455 0.045267489 0.029288704 0.111111112 0.022026431 0.100775197 0.000000000 0.086614177 0.093750000 0.060728744 0.025210084 0.000000000 0.064220183 0.021097047 0.104247101 0.100775197 0.097276263 0.033333335
0.134453788 0.010989011 0.075697213 0.000000000 0.134453788 0.042471044 0.050583657 0.034482758 0.007352941 0.011235955 0.026615970 0.035714287 0.007462686 0.026615970 0.079999998 0.026615970 0.129707113 0.030534351 0.046511628 0.035714287 0.097560972 0.025270758 0.075697213 0.010989011 0.018181818 0.015037594 0.050583657 0.075697213 0.139240503 0.054687500 0.028776979 0.025270758 0.021739131 0.042471044
0.000000000 0.145228222 0.059360731 0.134453788 0.000000000 0.092511013 0.084444441 0.100436680 0.141666666 0.123404257 0.108225107 0.169354841 0.127118647 0.108225107 0.055045873 0.108225107 0.004830918 0.104347825 0.088495575 0.169354841 0.037383176 0.159183666 0.059360731 0.145228222 0.152263373 0.119658120 0.084444441 0.059360731 0.004878049 0.080357142 0.162601620 0.159183666 0.155737698 0.092511013
0.092511013 0.053435113 0.033333335 0.042471044 0.092511013 0.000000000 0.008130081 0.008000000 0.049808428 0.031250000 0.015873017 0.078066915 0.035019454 0.015873017 0.037656903 0.015873017 0.087719299 0.011952192 0.004048583 0.078066915 0.055319149 0.067669176 0.033333335 0.053435113 0.060606062 0.027450981 0.008130081 0.033333335 0.097345136 0.012244898 0.071161047 0.067669176 0.064150944 0.000000000
0.084444441 0.061538462 0.025210084 0.050583657 0.084444441 0.008130081 0.000000000 0.016129032 0.057915058 0.039370079 0.024000000 0.086142324 0.043137256 0.024000000 0.029535865 0.024000000 0.079646021 0.020080321 0.004081632 0.086142324 0.047210302 0.075757578 0.025210084 0.061538462 0.068702288 0.035573121 0.000000000 0.025210084 0.089285716 0.004115226 0.079245284 0.075757578 0.072243348 0.008130081
0.100436680 0.045454547 0.041322313 0.034482758 0.100436680 0.008000000 0.016129032 0.000000000 0.041825093 0.023255814 0.007874016 0.070110701 0.027027028 0.007874016 0.045643155 0.007874016 0.095652170 0.003952569 0.012048192 0.070110701 0.063291140 0.059701491 0.041322313 0.045454547 0.052631579 0.019455252 0.016129032 0.041322313 0.105263159 0.020242915 0.063197024 0.059701491 0.056179777 0.008000000
0.141666666 0.003636364 0.083003953 0.007352941 0.141666666 0.049808428 0.057915058 0.041825093 0.000000000 0.018587360 0.033962265 0.028368793 0.014814815 0.033962265 0.087301590 0.033962265 0.136929467 0.037878789 0.053846154 0.028368793 0.104838707 0.017921148 0.083003953 0.003636364 0.010830325 0.022388060 0.057915058 0.083003953 0.146443516 0.062015504 0.021428572 0.017921148 0.014388490 0.049808428
0.123404257 0.022222223 0.064516127 0.011235955 0.123404257 0.031250000 0.039370079 0.023255814 0.018587360 0.000000000 0.015384615 0.046931408 0.003773585 0.015384615 0.068825908 0.015384615 0.118644066 0.019305019 0.035294119 0.046931408 0.086419754 0.036496349 0.064516127 0.022222223 0.029411765 0.003802281 0.039370079 0.064516127 0.128205135 0.043478262 0.039999999 0.036496349 0.032967035 0.031250000
0.108225107 0.037593983 0.049180329 0.026615970 0.108225107 0.015873017 0.024000000 0.007874016 0.033962265 0.015384615 0.000000000 0.062271062 0.019157087 0.000000000 0.053497944 0.000000000 0.103448279 0.003921569 0.019920319 0.062271062 0.071129709 0.051851850 0.049180329 0.037593983 0.044776119 0.011583012 0.024000000 0.049180329 0.113043480 0.028112451 0.055350553 0.051851850 0.048327137 0.015873017
0.169354841 0.024734983 0.111111112 0.035714287 0.169354841 0.078066915 0.086142324 0.070110701 0.028368793 0.046931408 0.062271062 0.000000000 0.043165468 0.062271062 0.115384616 0.062271062 0.164658636 0.066176474 0.082089551 0.000000000 0.132812500 0.010452962 0.111111112 0.024734983 0.017543860 0.050724637 0.086142324 0.111111112 0.174089074 0.090225562 0.006944444 0.010452962 0.013986014 0.078066915
0.127118647 0.018450184 0.068273090 0.007462686 0.127118647 0.035019454 0.043137256 0.027027028 0.014814815 0.003773585 0.019157087 0.043165468 0.000000000 0.019157087 0.072580643 0.019157087 0.122362867 0.023076924 0.039062500 0.043165468 0.090163931 0.032727271 0.068273090 0.018450184 0.025641026 0.007575758 0.043137256 0.068273090 0.131914899 0.047244094 0.036231883 0.032727271 0.029197080 0.035019454
0.108225107 0.037593983 0.049180329 0.026615970 0.108225107 0.015873017 0.024000000 0.007874016 0.033962265 0.015384615 0.000000000 0.062271062 0.019157087 0.000000000 0.053497944 0.000000000 0.103448279 0.003921569 0.019920319 0.062271062 0.071129709 0.051851850 0.049180329 0.037593983 0.044776119 0.011583012 0.024000000 0.049180329 0.113043480 0.028112451 0.055350553 0.051851850 0.048327137 0.015873017
0.055045873 0.090909094 0.004329004 0.079999998 0.055045873 0.037656903 0.029535865 0.045643155 0.087301590 0.068825908 0.053497944 0.115384616 0.072580643 0.053497944 0.000000000 0.053497944 0.050228309 0.049586777 0.033613447 0.115384616 0.017699115 0.105058365 0.004329004 0.090909094 0.098039217 0.065040648 0.029535865 0.004329004 0.059907835 0.025423728 0.108527131 0.105058365 0.101562500 0.037656903
0.108225107 0.037593983 0.049180329 0.026615970 0.108225107 0.015873017 0.024000000 0.007874016 0.033962265 0.015384615 0.000000000 0.062271062 0.019157087 0.000000000 0.053497944 0.000000000 0.103448279 0.003921569 0.019920319 0.062271062 0.071129709 0.051851850 0.049180329 0.037593983 0.044776119 0.011583012 0.024000000 0.049180329 0.113043480 0.028112451 0.055350553 0.051851850 0.048327137 0.015873017
0.004830918 0.140495867 0.054545455 0.129707113 0.004830918 0.087719299 0.079646021 0.095652170 0.136929467 0.118644066 0.103448279 0.164658636 0.122362867 0.103448279 0.050228309 0.103448279 0.000000000 0.099567100 0.083700441 0.164658636 0.032558139 0.154471546 0.054545455 0.140495867 0.147540987 0.114893615 0.079646021 0.054545455 0.009708738 0.075555556 0.157894731 0.154471546 0.151020408 0.087719299
0.104347825 0.041509435 0.045267489 0.030534351 0.104347825 0.011952192 0.020080321 0.003952569 0.037878789 0.019305019 0.003921569 0.066176474 0.023076924 0.003921569 0.049586777 0.003921569 0.099567100 0.000000000 0.016000001 0.066176474 0.067226894 0.055762082 0.045267489 0.041509435 0.048689138 0.015503876 0.020080321 0.045267489 0.109170303 0.024193548 0.059259258 0.055762082 0.052238807 0.011952192
0.088495575 0.057471264 0.029288704 0.046511628 0.088495575 0.004048583 0.004081632 0.012048192 0.053846154 0.035294119 0.019920319 0.082089551 0.039062500 0.019920319 0.033613447 0.019920319 0.083700441 0.016000001 0.000000000 0.082089551 0.051282052 0.071698114 0.029288704 0.057471264 0.064638786 0.031496063 0.004081632 0.029288704 0.093333334 0.008196721 0.075187966 0.071698114 0.068181820 0.004048583
0.169354841 0.024734983 0.111111112 0.035714287 0.169354841 0.078066915 0.086142324 0.070110701 0.028368793 0.046931408 0.062271062 0.000000000 0.043165468 0.062271062 0.115384616 0.062271062 0.164658636 0.066176474 0.082089551 0.000000000 0.132812500 0.010452962 0.111111112 0.024734983 0.017543860 0.050724637 0.086142324 0.111111112 0.174089074 0.090225562 0.006944444 0.010452962 0.013986014 0.078066915
0.037383176 0.108433738 0.022026431 0.097560972 0.037383176 0.055319149 0.047210302 0.063291140 0.104838707 0.086419754 0.071129709 0.132812500 0.090163931 0.071129709 0.017699115 0.071129709 0.032558139 0.067226894 0.051282052 0.132812500 0.000000000 0.122529641 0.022026431 0.108433738 0.115537852 0.082644626 0.047210302 0.022026431 0.042253520 0.043103449 0.125984251 0.122529641 0.119047619 0.055319149
0.159183666 0.014285714 0.100775197 0.025270758 0.159183666 0.067669176 0.075757578 0.059701491 0.017921148 0.036496349 0.051851850 0.010452962 0.032727271 0.051851850 0.105058365 0.051851850 0.154471546 0.055762082 0.071698114 0.010452962 0.122529641 0.000000000 0.100775197 0.014285714 0.007092198 0.040293042 0.075757578 0.100775197 0.163934425 0.079847910 0.003508772 0.000000000 0.003533569 0.067669176
0.059360731 0.086614177 0.000000000 0.075697213 0.059360731 0.033333335 0.025210084 0.041322313 0.083003953 0.064516127 0.049180329 0.111111112 0.068273090 0.049180329 0.004329004 0.049180329 0.054545455 0.045267489 0.029288704 0.111111112 0.022026431 0.100775197 0.000000000 0.086614177 0.093750000 0.060728744 0.025210084 0.000000000 0.064220183 0.021097047 0.104247101 0.100775197 0.097276263 0.033333335
0.145228222 0.000000000 0.086614177 0.010989011 0.145228222 0.053435113 0.061538462 0.045454547 0.003636364 0.022222223 0.037593983 0.024734983 0.018450184 0.037593983 0.090909094 0.037593983 0.140495867 0.041509435 0.057471264 0.024734983 0.108433738 0.014285714 0.086614177 0.000000000 0.007194245 0.026022306 0.061538462 0.086614177 0.150000006 0.065637067 0.017793594 0.014285714 0.010752688 0.053435113
0.152263373 0.007194245 0.093750000 0.018181818 0.152263373 0.060606062 0.068702288 0.052631579 0.010830325 0.029411765 0.044776119 0.017543860 0.025641026 0.044776119 0.098039217 0.044776119 0.147540987 0.048689138 0.064638786 0.017543860 0.115537852 0.007092198 0.093750000 0.007194245 0.000000000 0.033210333 0.068702288 0.093750000 0.157024801 0.072796933 0.010600707 0.007092198 0.003558719 0.060606062
0.119658120 0.026022306 0.060728744 0.015037594 0.119658120 0.027450981 0.035573121 0.019455252 0.022388060 0.003802281 0.011583012 0.050724637 0.007575758 0.011583012 0.065040648 0.011583012 0.114893615 0.015503876 0.031496063 0.050724637 0.082644626 0.040293042 0.060728744 0.026022306 0.033210333 0.000000000 0.035573121 0.060728744 0.124463521 0.039682541 0.043795619 0.040293042 0.036764707 0.027450981
0.084444441 0.061538462 0.025210084 0.050583657 0.084444441 0.008130081 0.000000000 0.016129032 0.057915058 0.039370079 0.024000000 0.086142324 0.043137256 0.024000000 0.029535865 0.024000000 0.079646021 0.020080321 0.004081632 0.086142324 0.047210302 0.075757578 0.025210084 0.061538462 0.068702288 0.035573121 0.000000000 0.025210084 0.089285716 0.004115226 0.079245284 0.075757578 0.072243348 0.008130081
0.059360731 0.086614177 0.000000000 0.075697213 0.059360731 0.033333335 0.025210084 0.041322313 0.083003953 0.064516127 0.049180329 0.111111112 0.068273090 0.049180329 0.004329004 0.049180329 0.054545455 0.045267489 0.029288704 0.111111112 0.022026431 0.100775197 0.000000000 0.086614177 0.093750000 0.060728744 0.025210084 0.000000000 0.064220183 0.021097047 0.104247101 0.100775197 0.097276263 0.033333335
0.004878049 0.150000006 0.064220183 0.139240503 0.004878049 0.097345136 0.089285716 0.105263159 0.146443516 0.128205135 0.113043480 0.174089074 0.131914899 0.113043480 0.059907835 0.113043480 0.009708738 0.109170303 0.093333334 0.174089074 0.042253520 0.163934425 0.064220183 0.150000006 0.157024801 0.124463521 0.089285716 0.064220183 0.000000000 0.085201792 0.167346939 0.163934425 0.160493821 0.097345136
0.080357142 0.065637067 0.021097047 0.054687500 0.080357142 0.012244898 0.004115226 0.020242915 0.062015504 0.043478262 0.028112451 0.090225562 0.047244094 0.028112451 0.025423728 0.028112451 0.075555556 0.024193548 0.008196721 0.090225562 0.043103449 0.079847910 0.021097047 0.065637067 0.072796933 0.039682541 0.004115226 0.021097047 0.085201792 0.000000000 0.083333336 0.079847910 0.076335877 0.012244898
0.162601620 0.017793594 0.104247101 0.028776979 0.162601620 0.071161047 0.079245284 0.063197024 0.021428572 0.039999999 0.055350553 0.006944444 0.036231883 0.055350553 0.108527131 0.055350553 0.157894731 0.059259258 0.075187966 0.006944444 0.125984251 0.003508772 0.104247101 0.017793594 0.010600707 0.043795619 0.079245284 0.104247101 0.167346939 0.083333336 0.000000000 0.003508772 0.007042253 0.071161047
0.159183666 0.014285714 0.100775197 0.025270758 0.159183666 0.067669176 0.075757578 0.059701491 0.017921148 0.036496349 0.051851850 0.010452962 0.032727271 0.051851850 0.105058365 0.051851850 0.154471546 0.055762082 0.071698114 0.010452962 0.122529641 0.000000000 0.100775197 0.014285714 0.007092198 0.040293042 0.075757578 0.100775197 0.163934425 0.079847910 0.003508772 0.000000000 0.003533569 0.067669176
0.155737698 0.010752688 0.097276263 0.021739131 0.155737698 0.064150944 0.072243348 0.056179777 0.014388490 0.032967035 0.048327137 0.013986014 0.029197080 0.048327137 0.101562500 0.048327137 0.151020408 0.052238807 0.068181820 0.013986014 0.119047619 0.003533569 0.097276263 0.010752688 0.003558719 0.036764707 0.072243348 0.097276263 0.160493821 0.076335877 0.007042253 0.003533569 0.000000000 0.064150944
0.092511013 0.053435113 0.033333335 0.042471044 0.092511013 0.000000000 0.008130081 0.008000000 0.049808428 0.031250000 0.015873017 0.078066915 0.035019454 0.015873017 0.037656903 0.015873017 0.087719299 0.011952192 0.004048583 0.078066915 0.055319149 0.067669176 0.033333335 0.053435113 0.060606062 0.027450981 0.008130081 0.033333335 0.097345136 0.012244898 0.071161047 0.067669176 0.064150944 0.000000000
