0.000000000 0.017699115 0.071129709 0.201438844 0.071129709 0.051282052 0.112000003 0.119047619 0.075000003 0.155893534 0.097560972 0.152671754 0.059322033 0.129411772 0.082926832 0.000000000 0.022026431 0.262458473 0.038961038 0.078838177 0.047210302 0.051282052 0.004524887 0.059322033 0.017699115 0.146153852 0.067226894 0.067226894 0.030567685 0.097560972 0.333333343 0.142857149 0.027777778 0.004524887
0.017699115 0.000000000 0.053497944 0.184397161 0.053497944 0.033613447 0.094488189 0.101562500 0.057377048 0.138576776 0.079999998 0.135338351 0.041666668 0.111969113 0.100478470 0.017699115 0.004329004 0.245901644 0.021276595 0.061224490 0.029535865 0.033613447 0.022222223 0.041666668 0.000000000 0.128787875 0.049586777 0.049586777 0.012875536 0.079999998 0.317507416 0.125475287 0.045454547 0.022222223
0.071129709 0.053497944 0.000000000 0.132203385 0.000000000 0.019920319 0.041198503 0.048327137 0.003891051 0.085714288 0.026615970 0.082437277 0.011857707 0.058823530 0.153153151 0.071129709 0.049180329 0.194968551 0.032258064 0.007751938 0.024000000 0.019920319 0.075630255 0.011857707 0.053497944 0.075812273 0.003921569 0.003921569 0.040650405 0.026615970 0.268571436 0.072463766 0.098712444 0.075630255
0.201438844 0.184397161 0.132203385 0.000000000 0.132203385 0.151724145 0.091503270 0.084415585 0.128378376 0.047021944 0.105960265 0.050314464 0.143835619 0.073954985 0.279693484 0.201438844 0.180212021 0.064425774 0.163763061 0.124579124 0.155709341 0.151724145 0.205776170 0.143835619 0.184397161 0.056962024 0.136054426 0.136054426 0.171929821 0.105960265 0.141388178 0.060317460 0.227941170 0.205776170
0.071129709 0.053497944 0.000000000 0.132203385 0.000000000 0.019920319 0.041198503 0.048327137 0.003891051 0.085714288 0.026615970 0.082437277 0.011857707 0.058823530 0.153153151 0.071129709 0.049180329 0.194968551 0.032258064 0.007751938 0.024000000 0.019920319 0.075630255 0.011857707 0.053497944 0.075812273 0.003921569 0.003921569 0.040650405 0.026615970 0.268571436 0.072463766 0.098712444 0.075630255
0.051282052 0.033613447 0.019920319 0.151724145 0.019920319 0.000000000 0.061068702 0.068181820 0.023809524 0.105454542 0.046511628 0.102189779 0.008064516 0.078651689 0.133640558 0.051282052 0.029288704 0.214057505 0.012345679 0.027667984 0.004081632 0.000000000 0.055793993 0.008064516 0.033613447 0.095588237 0.016000001 0.016000001 0.020746889 0.046511628 0.286956519 0.092250921 0.078947365 0.055793993
0.112000003 0.094488189 0.041198503 0.091503270 0.041198503 0.061068702 0.000000000 0.007142857 0.037313432 0.044673540 0.014598540 0.041379310 0.053030305 0.017667845 0.193133041 0.112000003 0.090196081 0.155015200 0.073359072 0.033457249 0.065134101 0.061068702 0.116465867 0.053030305 0.094488189 0.034722224 0.045112781 0.045112781 0.081712060 0.014598540 0.229916900 0.031358887 0.139344260 0.116465867
0.119047619 0.101562500 0.048327137 0.084415585 0.048327137 0.068181820 0.007142857 0.000000000 0.044444446 0.037542664 0.021739131 0.034246575 0.060150377 0.010526316 0.200000003 0.119047619 0.097276263 0.148036256 0.080459774 0.040590405 0.072243348 0.068181820 0.123505980 0.060150377 0.101562500 0.027586207 0.052238807 0.052238807 0.088803090 0.021739131 0.223140493 0.024221454 0.146341458 0.123505980
0.075000003 0.057377048 0.003891051 0.128378376 0.003891051 0.023809524 0.037313432 0.044444446 0.000000000 0.081850536 0.022727273 0.078571431 0.015748031 0.054945055 0.156950668 0.075000003 0.053061225 0.191222563 0.036144577 0.003861004 0.027888447 0.023809524 0.079497911 0.015748031 0.057377048 0.071942449 0.007812500 0.007812500 0.044534411 0.022727273 0.264957279 0.068592057 0.102564104 0.079497911
0.155893534 0.138576776 0.085714288 0.047021944 0.085714288 0.105454542 0.044673540 0.037542664 0.081850536 0.000000000 0.059233449 0.003300330 0.097472921 0.027027028 0.235772356 0.155893534 0.134328365 0.111111112 0.117647059 0.078014188 0.109489053 0.105454542 0.160305336 0.097472921 0.138576776 0.009966778 0.089605734 0.089605734 0.125925928 0.059233449 0.187165782 0.013333334 0.182879373 0.160305336
0.097560972 0.079999998 0.026615970 0.105960265 0.026615970 0.046511628 0.014598540 0.021739131 0.022727273 0.059233449 0.000000000 0.055944055 0.038461540 0.032258064 0.179039299 0.097560972 0.075697213 0.169230774 0.058823530 0.018867925 0.050583657 0.046511628 0.102040820 0.038461540 0.079999998 0.049295776 0.030534351 0.030534351 0.067193680 0.000000000 0.243697479 0.045936394 0.125000000 0.102040820
0.152671754 0.135338351 0.082437277 0.050314464 0.082437277 0.102189779 0.041379310 0.034246575 0.078571431 0.003300330 0.055944055 0.000000000 0.094202898 0.023728814 0.232653067 0.152671754 0.131086141 0.114369504 0.114391141 0.074733093 0.106227107 0.102189779 0.157088116 0.094202898 0.135338351 0.006666667 0.086330935 0.086330935 0.122676581 0.055944055 0.190348521 0.010033445 0.179687500 0.157088116
0.059322033 0.041666668 0.011857707 0.143835619 0.011857707 0.008064516 0.053030305 0.060150377 0.015748031 0.097472921 0.038461540 0.094202898 0.000000000 0.070631973 0.141552508 0.059322033 0.037344400 0.206349209 0.020408163 0.019607844 0.012145749 0.008064516 0.063829787 0.000000000 0.041666668 0.087591238 0.007936508 0.007936508 0.028806584 0.038461540 0.279538900 0.084249087 0.086956523 0.063829787
0.129411772 0.111969113 0.058823530 0.073954985 0.058823530 0.078651689 0.017667845 0.010526316 0.054945055 0.027027028 0.032258064 0.023728814 0.070631973 0.000000000 0.210084036 0.129411772 0.107692309 0.137724549 0.090909094 0.051094890 0.082706764 0.078651689 0.133858263 0.070631973 0.111969113 0.017064847 0.062730625 0.062730625 0.099236645 0.032258064 0.213114753 0.013698630 0.156626508 0.133858263
0.082926832 0.100478470 0.153153151 0.279693484 0.153153151 0.133640558 0.193133041 0.200000003 0.156950668 0.235772356 0.179039299 0.232653067 0.141552508 0.210084036 0.000000000 0.082926832 0.104761906 0.338028163 0.121495329 0.160714284 0.129629627 0.133640558 0.078431375 0.141552508 0.100478470 0.226337448 0.149321273 0.149321273 0.113207549 0.179039299 0.405063301 0.223140493 0.055276383 0.078431375
0.000000000 0.017699115 0.071129709 0.201438844 0.071129709 0.051282052 0.112000003 0.119047619 0.075000003 0.155893534 0.097560972 0.152671754 0.059322033 0.129411772 0.082926832 0.000000000 0.022026431 0.262458473 0.038961038 0.078838177 0.047210302 0.051282052 0.004524887 0.059322033 0.017699115 0.146153852 0.067226894 0.067226894 0.030567685 0.097560972 0.333333343 0.142857149 0.027777778 0.004524887
0.022026431 0.004329004 0.049180329 0.180212021 0.049180329 0.029288704 0.090196081 0.097276263 0.053061225 0.134328365 0.075697213 0.131086141 0.037344400 0.107692309 0.104761906 0.022026431 0.000000000 0.241830066 0.016949153 0.056910571 0.025210084 0.029288704 0.026548672 0.037344400 0.004329004 0.124528304 0.045267489 0.045267489 0.008547009 0.075697213 0.313609481 0.121212125 0.049773756 0.026548672
0.262458473 0.245901644 0.194968551 0.064425774 0.194968551 0.214057505 0.155015200 0.148036256 0.191222563 0.111111112 0.169230774 0.114369504 0.206349209 0.137724549 0.338028163 0.262458473 0.241830066 0.000000000 0.225806445 0.187500000 0.217948720 0.214057505 0.266666681 0.206349209 0.245901644 0.120943956 0.198738173 0.198738173 0.233766228 0.169230774 0.077669904 0.124260359 0.288135588 0.266666681
0.038961038 0.021276595 0.032258064 0.163763061 0.032258064 0.012345679 0.073359072 0.080459774 0.036144577 0.117647059 0.058823530 0.114391141 0.020408163 0.090909094 0.121495329 0.038961038 0.016949153 0.225806445 0.000000000 0.039999999 0.008264462 0.012345679 0.043478262 0.020408163 0.021276595 0.107806690 0.028340081 0.028340081 0.008403362 0.058823530 0.298245609 0.104477614 0.066666670 0.043478262
0.078838177 0.061224490 0.007751938 0.124579124 0.007751938 0.027667984 0.033457249 0.040590405 0.003861004 0.078014188 0.018867925 0.074733093 0.019607844 0.051094890 0.160714284 0.078838177 0.056910571 0.187500000 0.039999999 0.000000000 0.031746034 0.027667984 0.083333336 0.019607844 0.061224490 0.068100356 0.011673152 0.011673152 0.048387095 0.018867925 0.261363626 0.064748198 0.106382981 0.083333336
0.047210302 0.029535865 0.024000000 0.155709341 0.024000000 0.004081632 0.065134101 0.072243348 0.027888447 0.109489053 0.050583657 0.106227107 0.012145749 0.082706764 0.129629627 0.047210302 0.025210084 0.217948720 0.008264462 0.031746034 0.000000000 0.004081632 0.051724140 0.012145749 0.029535865 0.099630997 0.020080321 0.020080321 0.016666668 0.050583657 0.290697664 0.096296296 0.074889868 0.051724140
0.051282052 0.033613447 0.019920319 0.151724145 0.019920319 0.000000000 0.061068702 0.068181820 0.023809524 0.105454542 0.046511628 0.102189779 0.008064516 0.078651689 0.133640558 0.051282052 0.029288704 0.214057505 0.012345679 0.027667984 0.004081632 0.000000000 0.055793993 0.008064516 0.033613447 0.095588237 0.016000001 0.016000001 0.020746889 0.046511628 0.286956519 0.092250921 0.078947365 0.055793993
0.004524887 0.022222223 0.075630255 0.205776170 0.075630255 0.055793993 0.116465867 0.123505980 0.079497911 0.160305336 0.102040820 0.157088116 0.063829787 0.133858263 0.078431375 0.004524887 0.026548672 0.266666681 0.043478262 0.083333336 0.051724140 0.055793993 0.000000000 0.063829787 0.022222223 0.150579154 0.071729958 0.071729958 0.035087720 0.102040820 0.337349385 0.147286817 0.023255814 0.000000000
0.059322033 0.041666668 0.011857707 0.143835619 0.011857707 0.008064516 0.053030305 0.060150377 0.015748031 0.097472921 0.038461540 0.094202898 0.000000000 0.070631973 0.141552508 0.059322033 0.037344400 0.206349209 0.020408163 0.019607844 0.012145749 0.008064516 0.063829787 0.000000000 0.041666668 0.087591238 0.007936508 0.007936508 0.028806584 0.038461540 0.279538900 0.084249087 0.086956523 0.063829787
0.017699115 0.000000000 0.053497944 0.184397161 0.053497944 0.033613447 0.094488189 0.101562500 0.057377048 0.138576776 0.079999998 0.135338351 0.041666668 0.111969113 0.100478470 0.017699115 0.004329004 0.245901644 0.021276595 0.061224490 0.029535865 0.033613447 0.022222223 0.041666668 0.000000000 0.128787875 0.049586777 0.049586777 0.012875536 0.079999998 0.317507416 0.125475287 0.045454547 0.022222223
0.146153852 0.128787875 0.075812273 0.056962024 0.075812273 0.095588237 0.034722224 0.027586207 0.071942449 0.009966778 0.049295776 0.006666667 0.087591238 0.017064847 0.226337448 0.146153852 0.124528304 0.120943956 0.107806690 0.068100356 0.099630997 0.095588237 0.150579154 0.087591238 0.128787875 0.000000000 0.079710148 0.079710148 0.116104871 0.049295776 0.196765497 0.003367003 0.173228353 0.150579154
0.067226894 0.049586777 0.003921569 0.136054426 0.003921569 0.016000001 0.045112781 0.052238807 0.007812500 0.089605734 0.030534351 0.086330935 0.007936508 0.062730625 0.149321273 0.067226894 0.045267489 0.198738173 0.028340081 0.011673152 0.020080321 0.016000001 0.071729958 0.007936508 0.049586777 0.079710148 0.000000000 0.000000000 0.036734693 0.030534351 0.272206306 0.076363638 0.094827585 0.071729958
0.067226894 0.049586777 0.003921569 0.136054426 0.003921569 0.016000001 0.045112781 0.052238807 0.007812500 0.089605734 0.030534351 0.086330935 0.007936508 0.062730625 0.149321273 0.067226894 0.045267489 0.198738173 0.028340081 0.011673152 0.020080321 0.016000001 0.071729958 0.007936508 0.049586777 0.079710148 0.000000000 0.000000000 0.036734693 0.030534351 0.272206306 0.076363638 0.094827585 0.071729958
0.030567685 0.012875536 0.040650405 0.171929821 0.040650405 0.020746889 0.081712060 0.088803090 0.044534411 0.125925928 0.067193680 0.122676581 0.028806584 0.099236645 0.113207549 0.030567685 0.008547009 0.233766228 0.008403362 0.048387095 0.016666668 0.020746889 0.035087720 0.028806584 0.012875536 0.116104871 0.036734693 0.036734693 0.000000000 0.067193680 0.305882365 0.112781957 0.058295965 0.035087720
0.097560972 0.079999998 0.026615970 0.105960265 0.026615970 0.046511628 0.014598540 0.021739131 0.022727273 0.059233449 0.000000000 0.055944055 0.038461540 0.032258064 0.179039299 0.097560972 0.075697213 0.169230774 0.058823530 0.018867925 0.050583657 0.046511628 0.102040820 0.038461540 0.079999998 0.049295776 0.030534351 0.030534351 0.067193680 0.000000000 0.243697479 0.045936394 0.125000000 0.102040820
0.333333343 0.317507416 0.268571436 0.141388178 0.268571436 0.286956519 0.229916900 0.223140493 0.264957279 0.187165782 0.243697479 0.190348521 0.279538900 0.213114753 0.405063301 0.333333343 0.313609481 0.077669904 0.298245609 0.261363626 0.290697664 0.286956519 0.337349385 0.279538900 0.317507416 0.196765497 0.272206306 0.272206306 0.305882365 0.243697479 0.000000000 0.200000003 0.357798159 0.337349385
0.142857149 0.125475287 0.072463766 0.060317460 0.072463766 0.092250921 0.031358887 0.024221454 0.068592057 0.013333334 0.045936394 0.010033445 0.084249087 0.013698630 0.223140493 0.142857149 0.121212125 0.124260359 0.104477614 0.064748198 0.096296296 0.092250921 0.147286817 0.084249087 0.125475287 0.003367003 0.076363638 0.076363638 0.112781957 0.045936394 0.200000003 0.000000000 0.169960469 0.147286817
0.027777778 0.045454547 0.098712444 0.227941170 0.098712444 0.078947365 0.139344260 0.146341458 0.102564104 0.182879373 0.125000000 0.179687500 0.086956523 0.156626508 0.055276383 0.027777778 0.049773756 0.288135588 0.066666670 0.106382981 0.074889868 0.078947365 0.023255814 0.086956523 0.045454547 0.173228353 0.094827585 0.094827585 0.058295965 0.125000000 0.357798159 0.169960469 0.000000000 0.023255814
0.004524887 0.022222223 0.075630255 0.205776170 0.075630255 0.055793993 0.116465867 0.123505980 0.079497911 0.160305336 0.102040820 0.157088116 0.063829787 0.133858263 0.078431375 0.004524887 0.026548672 0.266666681 0.043478262 0.083333336 0.051724140 0.055793993 0.000000000 0.063829787 0.022222223 0.150579154 0.071729958 0.071729958 0.035087720 0.102040820 0.337349385 0.147286817 0.023255814 0.000000000
