0.000000000 0.049019609 0.031674210 0.173745170 0.000000000 0.061403509 0.073593073 0.085470088 0.048888888 0.126530617 0.053097345 0.147410363 0.077586204 0.097046413 0.169398904 0.064676620 0.022831051 0.143999994 0.108333334 0.126530617 0.065502182 0.081545062 0.013824885 0.061403509 0.144385025 0.112033196 0.069565214 0.053097345 0.013824885 0.097046413 0.173745170 0.073593073 0.014218009 0.031674210
0.049019609 0.000000000 0.080568723 0.220883533 0.049019609 0.110091746 0.122171946 0.133928567 0.097674422 0.174468085 0.101851851 0.195020750 0.126126125 0.145374447 0.121387281 0.015706806 0.071770333 0.191666663 0.156521738 0.174468085 0.114155248 0.130044848 0.062801935 0.110091746 0.096045196 0.160173163 0.118181817 0.101851851 0.062801935 0.145374447 0.220883533 0.122171946 0.034825869 0.080568723
0.031674210 0.080568723 0.000000000 0.142857149 0.031674210 0.029787235 0.042016808 0.053941909 0.017241379 0.095238097 0.021459227 0.116279073 0.046025105 0.065573767 0.200000003 0.096153848 0.008849557 0.112840466 0.076923080 0.095238097 0.033898305 0.050000001 0.017857144 0.029787235 0.175257728 0.080645159 0.037974682 0.021459227 0.017857144 0.065573767 0.142857149 0.042016808 0.045871560 0.000000000
0.173745170 0.220883533 0.142857149 0.000000000 0.173745170 0.113553114 0.101449274 0.089605734 0.125925928 0.048275862 0.121771216 0.027027028 0.097472921 0.078014188 0.333333343 0.235772356 0.151515156 0.030508475 0.066666670 0.048275862 0.109489053 0.093525179 0.160305336 0.113553114 0.310344815 0.062937066 0.105454542 0.121771216 0.160305336 0.078014188 0.000000000 0.101449274 0.187500000 0.142857149
0.000000000 0.049019609 0.031674210 0.173745170 0.000000000 0.061403509 0.073593073 0.085470088 0.048888888 0.126530617 0.053097345 0.147410363 0.077586204 0.097046413 0.169398904 0.064676620 0.022831051 0.143999994 0.108333334 0.126530617 0.065502182 0.081545062 0.013824885 0.061403509 0.144385025 0.112033196 0.069565214 0.053097345 0.013824885 0.097046413 0.173745170 0.073593073 0.014218009 0.031674210
0.061403509 0.110091746 0.029787235 0.113553114 0.061403509 0.000000000 0.012244898 0.024193548 0.012552301 0.065637067 0.008333334 0.086792454 0.016260162 0.035856575 0.228426397 0.125581399 0.038626611 0.083333336 0.047244094 0.065637067 0.004115226 0.020242915 0.047619049 0.000000000 0.203980103 0.050980393 0.008196721 0.008333334 0.047619049 0.035856575 0.113553114 0.012244898 0.075555556 0.029787235
0.073593073 0.122171946 0.042016808 0.101449274 0.073593073 0.012244898 0.000000000 0.011952192 0.024793388 0.053435113 0.020576132 0.074626863 0.004016064 0.023622047 0.239999995 0.137614682 0.050847456 0.071161047 0.035019454 0.053435113 0.008130081 0.008000000 0.059829060 0.012244898 0.215686277 0.038759690 0.004048583 0.020576132 0.059829060 0.023622047 0.101449274 0.000000000 0.087719299 0.042016808
0.085470088 0.133928567 0.053941909 0.089605734 0.085470088 0.024193548 0.011952192 0.000000000 0.036734693 0.041509435 0.032520324 0.062730625 0.007936508 0.011673152 0.251231521 0.149321273 0.062761508 0.059259258 0.023076924 0.041509435 0.020080321 0.003952569 0.071729958 0.024193548 0.227053136 0.026819924 0.016000001 0.032520324 0.071729958 0.011673152 0.089605734 0.011952192 0.099567100 0.053941909
0.048888888 0.097674422 0.017241379 0.125925928 0.048888888 0.012552301 0.024793388 0.036734693 0.000000000 0.078125000 0.004219409 0.099236645 0.028806584 0.048387095 0.216494843 0.113207549 0.026086956 0.095785439 0.059760958 0.078125000 0.016666668 0.032786883 0.035087720 0.012552301 0.191919193 0.063492067 0.020746889 0.004219409 0.035087720 0.048387095 0.125925928 0.024793388 0.063063063 0.017241379
0.126530617 0.174468085 0.095238097 0.048275862 0.126530617 0.065637067 0.053435113 0.041509435 0.078125000 0.000000000 0.073929958 0.021276595 0.049429659 0.029850746 0.289719611 0.189655170 0.104000002 0.017793594 0.018450184 0.000000000 0.061538462 0.045454547 0.112903222 0.065637067 0.266055048 0.014705882 0.057471264 0.073929958 0.112903222 0.029850746 0.048275862 0.053435113 0.140495867 0.095238097
0.053097345 0.101851851 0.021459227 0.121771216 0.053097345 0.008333334 0.020576132 0.032520324 0.004219409 0.073929958 0.000000000 0.095057033 0.024590164 0.044176705 0.220512822 0.117370889 0.030303031 0.091603056 0.055555556 0.073929958 0.012448133 0.028571429 0.039301310 0.008333334 0.195979893 0.059288539 0.016528925 0.000000000 0.039301310 0.044176705 0.121771216 0.020576132 0.067264572 0.021459227
0.147410363 0.195020750 0.116279073 0.027027028 0.147410363 0.086792454 0.074626863 0.062730625 0.099236645 0.021276595 0.095057033 0.000000000 0.070631973 0.051094890 0.309090912 0.210084036 0.125000000 0.003484321 0.039711192 0.021276595 0.082706764 0.066666670 0.133858263 0.086792454 0.285714298 0.035971224 0.078651689 0.095057033 0.133858263 0.051094890 0.027027028 0.074626863 0.161290318 0.116279073
0.077586204 0.126126125 0.046025105 0.097472921 0.077586204 0.016260162 0.004016064 0.007936508 0.028806584 0.049429659 0.024590164 0.070631973 0.000000000 0.019607844 0.243781090 0.141552508 0.054852322 0.067164183 0.031007752 0.049429659 0.012145749 0.003984064 0.063829787 0.016260162 0.219512194 0.034749035 0.008064516 0.024590164 0.063829787 0.019607844 0.097472921 0.004016064 0.091703057 0.046025105
0.097046413 0.145374447 0.065573767 0.078014188 0.097046413 0.035856575 0.023622047 0.011673152 0.048387095 0.029850746 0.044176705 0.051094890 0.019607844 0.000000000 0.262135923 0.160714284 0.074380167 0.047619049 0.011406844 0.029850746 0.031746034 0.015625000 0.083333336 0.035856575 0.238095239 0.015151516 0.027667984 0.044176705 0.083333336 0.000000000 0.078014188 0.023622047 0.111111112 0.065573767
0.169398904 0.121387281 0.200000003 0.333333343 0.169398904 0.228426397 0.239999995 0.251231521 0.216494843 0.289719611 0.220512822 0.309090912 0.243781090 0.262135923 0.000000000 0.105882354 0.191489369 0.305936068 0.272727281 0.289719611 0.232323229 0.247524753 0.182795703 0.228426397 0.025641026 0.276190490 0.236180902 0.220512822 0.182795703 0.262135923 0.333333343 0.239999995 0.155555561 0.200000003
0.064676620 0.015706806 0.096153848 0.235772356 0.064676620 0.125581399 0.137614682 0.149321273 0.113207549 0.189655170 0.117370889 0.210084036 0.141552508 0.160714284 0.105882354 0.000000000 0.087378643 0.206751049 0.171806172 0.189655170 0.129629627 0.145454541 0.078431375 0.125581399 0.080459774 0.175438598 0.133640558 0.117370889 0.078431375 0.160714284 0.235772356 0.137614682 0.050505050 0.096153848
0.022831051 0.071770333 0.008849557 0.151515156 0.022831051 0.038626611 0.050847456 0.062761508 0.026086956 0.104000002 0.030303031 0.125000000 0.054852322 0.074380167 0.191489369 0.087378643 0.000000000 0.121568628 0.085714288 0.104000002 0.042735044 0.058823530 0.009009009 0.038626611 0.166666672 0.089430891 0.046808511 0.030303031 0.009009009 0.074380167 0.151515156 0.050847456 0.037037037 0.008849557
0.143999994 0.191666663 0.112840466 0.030508475 0.143999994 0.083333336 0.071161047 0.059259258 0.095785439 0.017793594 0.091603056 0.003484321 0.067164183 0.047619049 0.305936068 0.206751049 0.121568628 0.000000000 0.036231883 0.017793594 0.079245284 0.063197024 0.130434781 0.083333336 0.282511204 0.032490976 0.075187966 0.091603056 0.130434781 0.047619049 0.030508475 0.071161047 0.157894731 0.112840466
0.108333334 0.156521738 0.076923080 0.066666670 0.108333334 0.047244094 0.035019454 0.023076924 0.059760958 0.018450184 0.055555556 0.039711192 0.031007752 0.011406844 0.272727281 0.171806172 0.085714288 0.036231883 0.000000000 0.018450184 0.043137256 0.027027028 0.094650209 0.047244094 0.248826295 0.003745318 0.039062500 0.055555556 0.094650209 0.011406844 0.066666670 0.035019454 0.122362867 0.076923080
0.126530617 0.174468085 0.095238097 0.048275862 0.126530617 0.065637067 0.053435113 0.041509435 0.078125000 0.000000000 0.073929958 0.021276595 0.049429659 0.029850746 0.289719611 0.189655170 0.104000002 0.017793594 0.018450184 0.000000000 0.061538462 0.045454547 0.112903222 0.065637067 0.266055048 0.014705882 0.057471264 0.073929958 0.112903222 0.029850746 0.048275862 0.053435113 0.140495867 0.095238097
0.065502182 0.114155248 0.033898305 0.109489053 0.065502182 0.004115226 0.008130081 0.020080321 0.016666668 0.061538462 0.012448133 0.082706764 0.012145749 0.031746034 0.232323229 0.129629627 0.042735044 0.079245284 0.043137256 0.061538462 0.000000000 0.016129032 0.051724140 0.004115226 0.207920790 0.046875000 0.004081632 0.012448133 0.051724140 0.031746034 0.109489053 0.008130081 0.079646021 0.033898305
0.081545062 0.130044848 0.050000001 0.093525179 0.081545062 0.020242915 0.008000000 0.003952569 0.032786883 0.045454547 0.028571429 0.066666670 0.003984064 0.015625000 0.247524753 0.145454541 0.058823530 0.063197024 0.027027028 0.045454547 0.016129032 0.000000000 0.067796610 0.020242915 0.223300964 0.030769231 0.012048192 0.028571429 0.067796610 0.015625000 0.093525179 0.008000000 0.095652170 0.050000001
0.013824885 0.062801935 0.017857144 0.160305336 0.013824885 0.047619049 0.059829060 0.071729958 0.035087720 0.112903222 0.039301310 0.133858263 0.063829787 0.083333336 0.182795703 0.078431375 0.009009009 0.130434781 0.094650209 0.112903222 0.051724140 0.067796610 0.000000000 0.047619049 0.157894731 0.098360658 0.055793993 0.039301310 0.000000000 0.083333336 0.160305336 0.059829060 0.028037382 0.017857144
0.061403509 0.110091746 0.029787235 0.113553114 0.061403509 0.000000000 0.012244898 0.024193548 0.012552301 0.065637067 0.008333334 0.086792454 0.016260162 0.035856575 0.228426397 0.125581399 0.038626611 0.083333336 0.047244094 0.065637067 0.004115226 0.020242915 0.047619049 0.000000000 0.203980103 0.050980393 0.008196721 0.008333334 0.047619049 0.035856575 0.113553114 0.012244898 0.075555556 0.029787235
0.144385025 0.096045196 0.175257728 0.310344815 0.144385025 0.203980103 0.215686277 0.227053136 0.191919193 0.266055048 0.195979893 0.285714298 0.219512194 0.238095239 0.025641026 0.080459774 0.166666672 0.282511204 0.248826295 0.266055048 0.207920790 0.223300964 0.157894731 0.203980103 0.000000000 0.252336442 0.211822659 0.195979893 0.157894731 0.238095239 0.310344815 0.215686277 0.130434781 0.175257728
0.112033196 0.160173163 0.080645159 0.062937066 0.112033196 0.050980393 0.038759690 0.026819924 0.063492067 0.014705882 0.059288539 0.035971224 0.034749035 0.015151516 0.276190490 0.175438598 0.089430891 0.032490976 0.003745318 0.014705882 0.046875000 0.030769231 0.098360658 0.050980393 0.252336442 0.000000000 0.042801555 0.059288539 0.098360658 0.015151516 0.062937066 0.038759690 0.126050428 0.080645159
0.069565214 0.118181817 0.037974682 0.105454542 0.069565214 0.008196721 0.004048583 0.016000001 0.020746889 0.057471264 0.016528925 0.078651689 0.008064516 0.027667984 0.236180902 0.133640558 0.046808511 0.075187966 0.039062500 0.057471264 0.004081632 0.012048192 0.055793993 0.008196721 0.211822659 0.042801555 0.000000000 0.016528925 0.055793993 0.027667984 0.105454542 0.004048583 0.083700441 0.037974682
0.053097345 0.101851851 0.021459227 0.121771216 0.053097345 0.008333334 0.020576132 0.032520324 0.004219409 0.073929958 0.000000000 0.095057033 0.024590164 0.044176705 0.220512822 0.117370889 0.030303031 0.091603056 0.055555556 0.073929958 0.012448133 0.028571429 0.039301310 0.008333334 0.195979893 0.059288539 0.016528925 0.000000000 0.039301310 0.044176705 0.121771216 0.020576132 0.067264572 0.021459227
0.013824885 0.062801935 0.017857144 0.160305336 0.013824885 0.047619049 0.059829060 0.071729958 0.035087720 0.112903222 0.039301310 0.133858263 0.063829787 0.083333336 0.182795703 0.078431375 0.009009009 0.130434781 0.094650209 0.112903222 0.051724140 0.067796610 0.000000000 0.047619049 0.157894731 0.098360658 0.055793993 0.039301310 0.000000000 0.083333336 0.160305336 0.059829060 0.028037382 0.017857144
0.097046413 0.145374447 0.065573767 0.078014188 0.097046413 0.035856575 0.023622047 0.011673152 0.048387095 0.029850746 0.044176705 0.051094890 0.019607844 0.000000000 0.262135923 0.160714284 0.074380167 0.047619049 0.011406844 0.029850746 0.031746034 0.015625000 0.083333336 0.035856575 0.238095239 0.015151516 0.027667984 0.044176705 0.083333336 0.000000000 0.078014188 0.023622047 0.111111112 0.065573767
0.173745170 0.220883533 0.142857149 0.000000000 0.173745170 0.113553114 0.101449274 0.089605734 0.125925928 0.048275862 0.121771216 0.027027028 0.097472921 0.078014188 0.333333343 0.235772356 0.151515156 0.030508475 0.066666670 0.048275862 0.109489053 0.093525179 0.160305336 0.113553114 0.310344815 0.062937066 0.105454542 0.121771216 0.160305336 0.078014188 0.000000000 0.101449274 0.187500000 0.142857149
0.073593073 0.122171946 0.042016808 0.101449274 0.073593073 0.012244898 0.000000000 0.011952192 0.024793388 0.053435113 0.020576132 0.074626863 0.004016064 0.023622047 0.239999995 0.137614682 0.050847456 0.071161047 0.035019454 0.053435113 0.008130081 0.008000000 0.059829060 0.012244898 0.215686277 0.038759690 0.004048583 0.020576132 0.059829060 0.023622047 0.101449274 0.000000000 0.087719299 0.042016808
0.014218009 0.034825869 0.045871560 0.187500000 0.014218009 0.075555556 0.087719299 0.099567100 0.063063063 0.140495867 0.067264572 0.161290318 0.091703057 0.111111112 0.155555561 0.050505050 0.037037037 0.157894731 0.122362867 0.140495867 0.079646021 0.095652170 0.028037382 0.075555556 0.130434781 0.126050428 0.083700441 0.067264572 0.028037382 0.111111112 0.187500000 0.087719299 0.000000000 0.045871560
0.031674210 0.080568723 0.000000000 0.142857149 0.031674210 0.029787235 0.042016808 0.053941909 0.017241379 0.095238097 0.021459227 0.116279073 0.046025105 0.065573767 0.200000003 0.096153848 0.008849557 0.112840466 0.076923080 0.095238097 0.033898305 0.050000001 0.017857144 0.029787235 0.175257728 0.080645159 0.037974682 0.021459227 0.017857144 0.065573767 0.142857149 0.042016808 0.045871560 0.000000000
