0.016999984 0.048316993 0.024336446 0.065758519 0.038232900 0.038779046 0.035735182 0.037345670 0.039037645 0.057568394 0.046441402 0.053767312 0.044861630 0.039277665 0.034199171 0.026925430 0.029422220 0.054077379 0.034959476 0.049000449 0.040602639 0.042833976 0.025438609 0.037219856 0.046949223 0.054517344 0.041650914 0.038690321 0.028228728 0.044349514 0.078055352 0.049330600 0.040584944 0.028213698
0.048316993 -0.058414482 0.015445443 0.055338599 0.021110101 0.023468481 0.019648120 0.017267592 0.031954933 0.040352780 0.022796057 0.038069852 0.024993815 0.017982187 0.045906112 0.035699051 0.020057937 0.025117565 0.023349600 0.035425633 0.029228587 0.023507178 0.040472168 0.018514372 -0.000158493 0.027784646 0.022682199 0.024094440 0.034431752 0.031612054 0.074192025 0.029021077 0.033091567 0.025281997
0.024336446 0.015445443 -0.001222807 0.040131539 0.010554938 0.010356889 -0.000437248 0.003734370 0.005104428 0.028160086 0.013119112 0.028129337 0.015747314 0.007357554 0.030289520 0.019774783 0.003462125 0.021622336 0.007766798 0.020402342 0.003321204 0.008741403 0.014592132 0.001431006 0.018702719 0.021384839 0.003828139 0.004685544 0.014192781 0.007396691 0.054517742 0.031797484 0.020650119 0.005591629
0.065758519 0.055338599 0.040131539 0.007130291 0.047960803 0.039729856 0.032898173 0.032715436 0.045069024 0.010939592 0.029896598 0.024987120 0.022937682 0.030070001 0.073339075 0.081342548 0.049262289 0.016231349 0.035096854 0.028860386 0.055592526 0.036023609 0.068988770 0.032489061 0.042355895 0.029327676 0.041925177 0.040391885 0.065788403 0.030756593 0.035502180 0.014588824 0.054118428 0.051952615
0.038232900 0.021110101 0.010554938 0.047960803 -0.002270172 0.023784015 0.008778273 0.016951378 0.022875831 0.035848759 0.023492590 0.030404128 0.022607367 0.012496614 0.039889410 0.036987156 0.016758487 0.019480951 0.021196401 0.028879497 0.013524251 0.031393208 0.027635425 0.016167928 0.015764037 0.031042181 0.013910675 0.018795207 0.027085049 0.018136486 0.064542636 0.045156930 0.042660281 0.018031148
0.038779046 0.023468481 0.010356889 0.039729856 0.023784015 -0.014275930 0.005411744 0.007320907 0.009359051 0.026318952 0.012296643 0.028600417 0.009828012 0.009830667 0.043180626 0.037007794 0.010760842 0.020284524 0.010455870 0.025049919 0.014669674 0.014173312 0.028789375 0.008565632 0.019823553 0.024970975 0.007229434 0.009230542 0.028666761 0.007683537 0.051948018 0.028882083 0.033559676 0.020373076
0.035735182 0.019648120 -0.000437248 0.032898173 0.008778273 0.005411744 -0.013516378 -0.002218965 0.002600008 0.020291418 0.003576305 0.019874064 0.006687130 0.000079328 0.035958361 0.032001827 0.007089600 0.014699798 0.007850345 0.009127216 0.003194273 0.005953656 0.024270492 -0.003289303 0.019274969 0.010316503 -0.001847000 0.000082096 0.019639257 -0.006916585 0.050478239 0.029242922 0.021637537 0.012004402
0.037345670 0.017267592 0.003734370 0.032715436 0.016951378 0.007320907 -0.002218965 -0.003078933 0.007498806 0.017479587 0.004940928 0.020447049 -0.000182064 -0.001217315 0.038718466 0.036444113 0.012455661 0.012081459 0.007905770 0.010823091 0.011333250 0.009472197 0.029693229 0.000897961 0.006900286 0.012324028 0.000029803 0.006924539 0.025024142 0.003395258 0.042233061 0.023776663 0.030191947 0.017714111
0.039037645 0.031954933 0.005104428 0.045069024 0.022875831 0.009359051 0.002600008 0.007498806 -0.001567507 0.032177404 0.005779955 0.028126882 0.011066994 0.008099772 0.042692427 0.029362880 0.005092821 0.022297103 0.010650123 0.018306449 0.011513291 -0.001410657 0.019963767 0.002605875 0.028452737 0.015860513 0.000846384 0.002168963 0.020191453 -0.002188494 0.064826034 0.038040921 0.029833106 0.016227994
0.057568394 0.040352780 0.028160086 0.010939592 0.035848759 0.026318952 0.020291418 0.017479587 0.032177404 0.008314159 0.014289286 0.011714450 0.008819545 0.016558064 0.061899669 0.065896444 0.037299782 0.002904983 0.024402332 0.013202641 0.042136021 0.023981942 0.057171263 0.022740083 0.024776325 0.009744034 0.027413664 0.031446293 0.051002815 0.019671246 0.026407955 0.004208818 0.039388947 0.038818143
0.046441402 0.022796057 0.013119112 0.029896598 0.023492590 0.012296643 0.003576305 0.004940928 0.005779955 0.014289286 -0.012602404 0.015017694 -0.000079107 0.002534232 0.048524346 0.048278928 0.016504725 0.006555721 0.009047559 0.012490783 0.019633675 0.009346241 0.036383927 0.004050475 0.019146312 0.006939162 0.005790147 0.008501778 0.033565972 0.002092389 0.047408432 0.009762451 0.024884079 0.023154544
0.053767312 0.038069852 0.028129337 0.024987120 0.030404128 0.028600417 0.019874064 0.020447049 0.028126882 0.011714450 0.015017694 0.011126556 0.016470855 0.017640172 0.058318369 0.058523759 0.033820312 0.007594395 0.023432788 0.016328827 0.036530256 0.022106368 0.050963499 0.021568863 0.029823523 0.013462337 0.023199547 0.026307026 0.045160357 0.016750885 0.046471108 0.019092761 0.039397467 0.035625096
0.044861630 0.024993815 0.015747314 0.022937682 0.022607367 0.009828012 0.006687130 -0.000182064 0.011066994 0.008819545 -0.000079107 0.016470855 -0.019179862 0.003996418 0.048961673 0.053892352 0.017779876 0.009889171 0.012575481 0.005272188 0.021574546 0.007373214 0.040163688 0.004077516 0.010951195 0.007364364 0.003606758 0.013753941 0.033432711 0.003868113 0.038784400 0.010473154 0.030639494 0.022941714
0.039277665 0.017982187 0.007357554 0.030070001 0.012496614 0.009830667 0.000079328 -0.001217315 0.008099772 0.016558064 0.002534232 0.017640172 0.003996418 -0.013603568 0.038077936 0.041009855 0.010594910 0.005963236 0.004383329 0.009725089 0.008613809 0.009909920 0.029838251 0.004156223 0.010015123 0.009050641 0.000203894 0.005397316 0.024766084 0.001480270 0.044658326 0.022912692 0.029311873 0.015178633
0.034199171 0.045906112 0.030289520 0.073339075 0.039889410 0.043180626 0.035958361 0.038718466 0.042692427 0.061899669 0.048524346 0.058318369 0.048961673 0.038077936 0.023444880 0.021921750 0.031206928 0.055426642 0.033850368 0.050129078 0.043122511 0.048422229 0.036228396 0.037320167 0.037815336 0.062650248 0.042365797 0.037782695 0.034280270 0.046984941 0.076687112 0.056105509 0.051806338 0.031357978
0.026925430 0.035699051 0.019774783 0.081342548 0.036987156 0.037007794 0.032001827 0.036444113 0.029362880 0.065896444 0.048278928 0.058523759 0.053892352 0.041009855 0.021921750 -0.004707726 0.019737564 0.060459014 0.027554706 0.055551313 0.028104786 0.036171060 0.011802478 0.032599144 0.040799096 0.062127635 0.031466715 0.030030999 0.019032789 0.037855234 0.082091033 0.074191891 0.038695861 0.016371544
0.029422220 0.020057937 0.003462125 0.049262289 0.016758487 0.010760842 0.007089600 0.012455661 0.005092821 0.037299782 0.016504725 0.033820312 0.017779876 0.010594910 0.031206928 0.019737564 -0.012226860 0.026540782 0.010064136 0.023310188 0.009982292 0.013219366 0.012488754 0.005856895 0.022849932 0.026275199 0.005330679 0.006479869 0.012684351 0.010773743 0.066309430 0.034600716 0.016817672 0.014946944
0.054077379 0.025117565 0.021622336 0.016231349 0.019480951 0.020284524 0.014699798 0.012081459 0.022297103 0.002904983 0.006555721 0.007594395 0.009889171 0.005963236 0.055426642 0.060459014 0.026540782 -0.014040068 0.016385030 0.012958489 0.026254507 0.015602408 0.050062109 0.016178751 0.023967646 0.004164357 0.017169842 0.016613346 0.041577697 0.009350726 0.035934187 0.008704547 0.024566589 0.025816835
0.034959476 0.023349600 0.007766798 0.035096854 0.021196401 0.010455870 0.007850345 0.007905770 0.010650123 0.024402332 0.009047559 0.023432788 0.012575481 0.004383329 0.033850368 0.027554706 0.010064136 0.016385030 -0.012786662 0.018189533 0.009883293 0.009765082 0.023580384 0.010555532 0.021073384 0.014674891 0.008763081 0.007334700 0.017172864 0.006555749 0.053173769 0.024239402 0.023673946 0.011174003
0.049000449 0.035425633 0.020402342 0.028860386 0.028879497 0.025049919 0.009127216 0.010823091 0.018306449 0.013202641 0.012490783 0.016328827 0.005272188 0.009725089 0.050129078 0.055551313 0.023310188 0.012958489 0.018189533 0.003131768 0.029769445 0.016264008 0.045468129 0.014317061 0.021268826 0.017240833 0.015605500 0.019814700 0.038348772 0.009983459 0.044552647 0.024177015 0.037596937 0.028823618
0.040602639 0.029228587 0.003321204 0.055592526 0.013524251 0.014669674 0.003194273 0.011333250 0.011513291 0.042136021 0.019633675 0.036530256 0.021574546 0.008613809 0.043122511 0.028104786 0.009982292 0.026254507 0.009883293 0.029769445 -0.002288321 0.014820617 0.019334309 0.004791581 0.026378501 0.029033678 0.007564653 0.008124730 0.021558756 0.012746151 0.076476857 0.049138457 0.028155027 0.012736785
0.042833976 0.023507178 0.008741403 0.036023609 0.031393208 0.014173312 0.005953656 0.009472197 -0.001410657 0.023981942 0.009346241 0.022106368 0.007373214 0.009909920 0.048422229 0.036171060 0.013219366 0.015602408 0.009765082 0.016264008 0.014820617 -0.024791755 0.025927592 -0.000797145 0.024655851 0.011493952 0.008951819 0.010943912 0.026401896 0.007877896 0.061696928 0.020046862 0.025978593 0.020035276
0.025438609 0.040472168 0.014592132 0.068988770 0.027635425 0.028789375 0.024270492 0.029693229 0.019963767 0.057171263 0.036383927 0.050963499 0.040163688 0.029838251 0.036228396 0.011802478 0.012488754 0.050062109 0.023580384 0.045468129 0.019334309 0.025927592 -0.000360638 0.023583246 0.036214978 0.050850704 0.024036989 0.023652915 0.018684439 0.028125834 0.079540536 0.057130344 0.030690325 0.016008893
0.037219856 0.018514372 0.001431006 0.032489061 0.016167928 0.008565632 -0.003289303 0.000897961 0.002605875 0.022740083 0.004050475 0.021568863 0.004077516 0.004156223 0.037320167 0.032599144 0.005856895 0.016178751 0.010555532 0.014317061 0.004791581 -0.000797145 0.023583246 -0.002654474 0.017194564 0.011008194 -0.001652134 0.000793471 0.018745894 -0.002288678 0.049685098 0.026639126 0.018345516 0.013739979
0.046949223 -0.000158493 0.018702719 0.042355895 0.015764037 0.019823553 0.019274969 0.006900286 0.028452737 0.024776325 0.019146312 0.029823523 0.010951195 0.010015123 0.037815336 0.040799096 0.022849932 0.023967646 0.021073384 0.021268826 0.026378501 0.024655851 0.036214978 0.017194564 -0.032794952 0.021731164 0.015870519 0.017138388 0.035296585 0.021561868 0.054272901 0.034697562 0.035105608 0.020217881
0.054517344 0.027784646 0.021384839 0.029327676 0.031042181 0.024970975 0.010316503 0.012324028 0.015860513 0.009744034 0.006939162 0.013462337 0.007364364 0.009050641 0.062650248 0.062127635 0.026275199 0.004164357 0.014674891 0.017240833 0.029033678 0.011493952 0.050850704 0.011008194 0.021731164 -0.003149126 0.013425101 0.018410305 0.044073474 0.005505810 0.051456161 0.018803619 0.035640389 0.032799032
0.041650914 0.022682199 0.003828139 0.041925177 0.013910675 0.007229434 -0.001847000 0.000029803 0.000846384 0.027413664 0.005790147 0.023199547 0.003606758 0.000203894 0.042365797 0.031466715 0.005330679 0.017169842 0.008763081 0.015605500 0.007564653 0.008951819 0.024036989 -0.001652134 0.015870519 0.013425101 -0.008721950 0.001673095 0.023015816 -0.002887818 0.058236241 0.037711993 0.023795163 0.012832219
0.038690321 0.024094440 0.004685544 0.040391885 0.018795207 0.009230542 0.000082096 0.006924539 0.002168963 0.031446293 0.008501778 0.026307026 0.013753941 0.005397316 0.037782695 0.030030999 0.006479869 0.016613346 0.007334700 0.019814700 0.008124730 0.010943912 0.023652915 0.000793471 0.017138388 0.018410305 0.001673095 -0.005320430 0.021810776 0.001083091 0.058855787 0.028984375 0.026321497 0.014891621
0.028228728 0.034431752 0.014192781 0.065788403 0.027085049 0.028666761 0.019639257 0.025024142 0.020191453 0.051002815 0.033565972 0.045160357 0.033432711 0.024766084 0.034280270 0.019032789 0.012684351 0.041577697 0.017172864 0.038348772 0.021558756 0.026401896 0.018684439 0.018745894 0.035296585 0.044073474 0.023015816 0.021810776 0.011637388 0.026944645 0.076885000 0.050691761 0.033732265 0.018297460
0.044349514 0.031612054 0.007396691 0.030756593 0.018136486 0.007683537 -0.006916585 0.003395258 -0.002188494 0.019671246 0.002092389 0.016750885 0.003868113 0.001480270 0.046984941 0.037855234 0.010773743 0.009350726 0.006555749 0.009983459 0.012746151 0.007877896 0.028125834 -0.002288678 0.021561868 0.005505810 -0.002887818 0.001083091 0.026944645 -0.025966782 0.057521470 0.025693672 0.027680961 0.020553242
0.078055352 0.074192025 0.054517742 0.035502180 0.064542636 0.051948018 0.050478239 0.042233061 0.064826034 0.026407955 0.047408432 0.046471108 0.038784400 0.044658326 0.076687112 0.082091033 0.066309430 0.035934187 0.053173769 0.044552647 0.076476857 0.061696928 0.079540536 0.049685098 0.054272901 0.051456161 0.058236241 0.058855787 0.076885000 0.057521470 0.002011478 0.032805175 0.075951405 0.058059070
0.049330600 0.029021077 0.031797484 0.014588824 0.045156930 0.028882083 0.029242922 0.023776663 0.038040921 0.004208818 0.009762451 0.019092761 0.010473154 0.022912692 0.056105509 0.074191891 0.034600716 0.008704547 0.024239402 0.024177015 0.049138457 0.020046862 0.057130344 0.026639126 0.034697562 0.018803619 0.037711993 0.028984375 0.050691761 0.025693672 0.032805175 -0.015781667 0.033411954 0.038390450
0.040584944 0.033091567 0.020650119 0.054118428 0.042660281 0.033559676 0.021637537 0.030191947 0.029833106 0.039388947 0.024884079 0.039397467 0.030639494 0.029311873 0.051806338 0.038695861 0.016817672 0.024566589 0.023673946 0.037596937 0.028155027 0.025978593 0.030690325 0.018345516 0.035105608 0.035640389 0.023795163 0.026321497 0.033732265 0.027680961 0.075951405 0.033411954 -0.001413733 0.035470486
0.028213698 0.025281997 0.005591629 0.051952615 0.018031148 0.020373076 0.012004402 0.017714111 0.016227994 0.038818143 0.023154544 0.035625096 0.022941714 0.015178633 0.031357978 0.016371544 0.014946944 0.025816835 0.011174003 0.028823618 0.012736785 0.020035276 0.016008893 0.013739979 0.020217881 0.032799032 0.012832219 0.014891621 0.018297460 0.020553242 0.058059070 0.038390450 0.035470486 -0.002590107
