0.000000000 0.116071425 0.079069771 0.244274810 0.066037737 0.135371178 0.142857149 0.127753302 0.095890410 0.168067232 0.157446802 0.214285716 0.146551728 0.070422538 0.116071425 0.038834952 0.108108111 0.157446802 0.048076924 0.191836730 0.108108111 0.123893805 0.024630541 0.153846160 0.188524589 0.204819277 0.142857149 0.066037737 0.038834952 0.157446802 0.285198569 0.220472440 0.112107620 0.074766353
0.116071425 0.000000000 0.037344400 0.131944448 0.050420169 0.019607844 0.027237354 0.011857707 0.020408163 0.053030305 0.042145595 0.100719422 0.031007752 0.046025105 0.000000000 0.077586204 0.008064516 0.042145595 0.068376072 0.077490777 0.008064516 0.007936508 0.091703057 0.038461540 0.074074075 0.090909094 0.027237354 0.050420169 0.077586204 0.042145595 0.174917489 0.107142858 0.004016064 0.041666668
0.079069771 0.037344400 0.000000000 0.168458775 0.013100437 0.056910571 0.064516127 0.049180329 0.016949153 0.090196081 0.079365082 0.137546465 0.068273090 0.008695652 0.037344400 0.040358745 0.029288704 0.079365082 0.031111112 0.114503816 0.029288704 0.045267489 0.054545455 0.075697213 0.111111112 0.127819553 0.064516127 0.013100437 0.040358745 0.079365082 0.210884348 0.143911436 0.033333335 0.004329004
0.244274810 0.131944448 0.168458775 0.000000000 0.181159422 0.112627983 0.105084747 0.120274916 0.151943460 0.079470202 0.090301007 0.031645570 0.101351351 0.176895306 0.131944448 0.207407400 0.139860138 0.090301007 0.198529407 0.055016182 0.139860138 0.124137931 0.220973790 0.093959734 0.058441557 0.041533545 0.105084747 0.181159422 0.207407400 0.090301007 0.043988269 0.025157232 0.135888502 0.172661871
0.066037737 0.050420169 0.013100437 0.181159422 0.000000000 0.069958851 0.077551022 0.062240664 0.030042918 0.103174604 0.092369474 0.150375932 0.081300810 0.004405286 0.050420169 0.027272727 0.042372882 0.092369474 0.018018018 0.127413124 0.042372882 0.058333334 0.041474655 0.088709675 0.124031007 0.140684411 0.077551022 0.000000000 0.027272727 0.092369474 0.223367691 0.156716421 0.046413504 0.008771930
0.135371178 0.019607844 0.056910571 0.112627983 0.069958851 0.000000000 0.007633588 0.007751938 0.039999999 0.033457249 0.022556391 0.081272088 0.011406844 0.065573767 0.019607844 0.097046413 0.027667984 0.022556391 0.087866105 0.057971016 0.027667984 0.011673152 0.111111112 0.018867925 0.054545455 0.071428575 0.007633588 0.069958851 0.097046413 0.022556391 0.155844152 0.087719299 0.023622047 0.061224490
0.142857149 0.027237354 0.064516127 0.105084747 0.077551022 0.007633588 0.000000000 0.015384615 0.047619049 0.025830258 0.014925373 0.073684208 0.003773585 0.073170729 0.027237354 0.104602508 0.035294119 0.014925373 0.095435686 0.050359711 0.035294119 0.019305019 0.118644066 0.011235955 0.046931408 0.063829787 0.000000000 0.077551022 0.104602508 0.014925373 0.148387089 0.080139376 0.031250000 0.068825908
0.127753302 0.011857707 0.049180329 0.120274916 0.062240664 0.007751938 0.015384615 0.000000000 0.032258064 0.041198503 0.030303031 0.088967972 0.019157087 0.057851240 0.011857707 0.089361705 0.019920319 0.030303031 0.080168776 0.065693431 0.019920319 0.003921569 0.103448279 0.026615970 0.062271062 0.079136692 0.015384615 0.062240664 0.089361705 0.030303031 0.163398698 0.095406361 0.015873017 0.053497944
0.095890410 0.020408163 0.016949153 0.151943460 0.030042918 0.039999999 0.047619049 0.032258064 0.000000000 0.073359072 0.062500000 0.120879121 0.051383398 0.025641026 0.020408163 0.057268724 0.012345679 0.062500000 0.048034936 0.097744361 0.012345679 0.028340081 0.071428575 0.058823530 0.094339624 0.111111112 0.047619049 0.030042918 0.057268724 0.062500000 0.194630876 0.127272725 0.016393442 0.021276595
0.168067232 0.053030305 0.090196081 0.079470202 0.103174604 0.033457249 0.025830258 0.041198503 0.073359072 0.000000000 0.010909091 0.047945205 0.022058824 0.098814227 0.053030305 0.130081296 0.061068702 0.010909091 0.120967738 0.024561403 0.061068702 0.045112781 0.144032925 0.014598540 0.021126760 0.038062282 0.025830258 0.103174604 0.130081296 0.010909091 0.123028390 0.054421768 0.057034221 0.094488189
0.157446802 0.042145595 0.079365082 0.090301007 0.092369474 0.022556391 0.014925373 0.030303031 0.062500000 0.010909091 0.000000000 0.058823530 0.011152416 0.088000000 0.042145595 0.119341567 0.050193049 0.000000000 0.110204078 0.035460994 0.050193049 0.034220532 0.133333340 0.003690037 0.032028470 0.048951048 0.014925373 0.092369474 0.119341567 0.000000000 0.133757964 0.065292098 0.046153847 0.083665341
0.214285716 0.100719422 0.137546465 0.031645570 0.150375932 0.081272088 0.073684208 0.088967972 0.120879121 0.047945205 0.058823530 0.000000000 0.069930069 0.146067411 0.100719422 0.176923081 0.108695649 0.058823530 0.167938933 0.023411371 0.108695649 0.092857145 0.190661475 0.062500000 0.026845638 0.009900990 0.073684208 0.150375932 0.176923081 0.058823530 0.075528704 0.006493506 0.104693137 0.141791046
0.146551728 0.031007752 0.068273090 0.101351351 0.081300810 0.011406844 0.003773585 0.019157087 0.051383398 0.022058824 0.011152416 0.069930069 0.000000000 0.076923080 0.031007752 0.108333334 0.039062500 0.011152416 0.099173553 0.046594981 0.039062500 0.023076924 0.122362867 0.007462686 0.043165468 0.060070671 0.003773585 0.081300810 0.108333334 0.011152416 0.144694537 0.076388888 0.035019454 0.072580643
0.070422538 0.046025105 0.008695652 0.176895306 0.004405286 0.065573767 0.073170729 0.057851240 0.025641026 0.098814227 0.088000000 0.146067411 0.076923080 0.000000000 0.046025105 0.031674210 0.037974682 0.088000000 0.022421524 0.123076923 0.037974682 0.053941909 0.045871560 0.084337346 0.119691119 0.136363640 0.073170729 0.004405286 0.031674210 0.088000000 0.219178081 0.152416363 0.042016808 0.004366812
0.116071425 0.000000000 0.037344400 0.131944448 0.050420169 0.019607844 0.027237354 0.011857707 0.020408163 0.053030305 0.042145595 0.100719422 0.031007752 0.046025105 0.000000000 0.077586204 0.008064516 0.042145595 0.068376072 0.077490777 0.008064516 0.007936508 0.091703057 0.038461540 0.074074075 0.090909094 0.027237354 0.050420169 0.077586204 0.042145595 0.174917489 0.107142858 0.004016064 0.041666668
0.038834952 0.077586204 0.040358745 0.207407400 0.027272727 0.097046413 0.104602508 0.089361705 0.057268724 0.130081296 0.119341567 0.176923081 0.108333334 0.031674210 0.077586204 0.000000000 0.069565214 0.119341567 0.009259259 0.154150203 0.069565214 0.085470088 0.014218009 0.115702480 0.150793657 0.167315170 0.104602508 0.027272727 0.000000000 0.119341567 0.249122813 0.183206111 0.073593073 0.036036037
0.108108111 0.008064516 0.029288704 0.139860138 0.042372882 0.027667984 0.035294119 0.019920319 0.012345679 0.061068702 0.050193049 0.108695649 0.039062500 0.037974682 0.008064516 0.069565214 0.000000000 0.050193049 0.060344826 0.085501857 0.000000000 0.016000001 0.083700441 0.046511628 0.082089551 0.098901100 0.035294119 0.042372882 0.069565214 0.050193049 0.182724252 0.115107916 0.004048583 0.033613447
0.157446802 0.042145595 0.079365082 0.090301007 0.092369474 0.022556391 0.014925373 0.030303031 0.062500000 0.010909091 0.000000000 0.058823530 0.011152416 0.088000000 0.042145595 0.119341567 0.050193049 0.000000000 0.110204078 0.035460994 0.050193049 0.034220532 0.133333340 0.003690037 0.032028470 0.048951048 0.014925373 0.092369474 0.119341567 0.000000000 0.133757964 0.065292098 0.046153847 0.083665341
0.048076924 0.068376072 0.031111112 0.198529407 0.018018018 0.087866105 0.095435686 0.080168776 0.048034936 0.120967738 0.110204078 0.167938933 0.099173553 0.022421524 0.068376072 0.009259259 0.060344826 0.110204078 0.000000000 0.145098045 0.060344826 0.076271184 0.023474179 0.106557377 0.141732290 0.158301160 0.095435686 0.018018018 0.009259259 0.110204078 0.240418121 0.174242422 0.064377680 0.026785715
0.191836730 0.077490777 0.114503816 0.055016182 0.127413124 0.057971016 0.050359711 0.065693431 0.097744361 0.024561403 0.035460994 0.023411371 0.046594981 0.123076923 0.077490777 0.154150203 0.085501857 0.035460994 0.145098045 0.000000000 0.085501857 0.069597073 0.167999998 0.039145909 0.003436426 0.013513514 0.050359711 0.127413124 0.154150203 0.035460994 0.098765433 0.029900333 0.081481479 0.118773945
0.108108111 0.008064516 0.029288704 0.139860138 0.042372882 0.027667984 0.035294119 0.019920319 0.012345679 0.061068702 0.050193049 0.108695649 0.039062500 0.037974682 0.008064516 0.069565214 0.000000000 0.050193049 0.060344826 0.085501857 0.000000000 0.016000001 0.083700441 0.046511628 0.082089551 0.098901100 0.035294119 0.042372882 0.069565214 0.050193049 0.182724252 0.115107916 0.004048583 0.033613447
0.123893805 0.007936508 0.045267489 0.124137931 0.058333334 0.011673152 0.019305019 0.003921569 0.028340081 0.045112781 0.034220532 0.092857145 0.023076924 0.053941909 0.007936508 0.085470088 0.016000001 0.034220532 0.076271184 0.069597073 0.016000001 0.000000000 0.099567100 0.030534351 0.066176474 0.083032489 0.019305019 0.058333334 0.085470088 0.034220532 0.167213112 0.099290781 0.011952192 0.049586777
0.024630541 0.091703057 0.054545455 0.220973790 0.041474655 0.111111112 0.118644066 0.103448279 0.071428575 0.144032925 0.133333340 0.190661475 0.122362867 0.045871560 0.091703057 0.014218009 0.083700441 0.133333340 0.023474179 0.167999998 0.083700441 0.099567100 0.000000000 0.129707113 0.164658636 0.181102365 0.118644066 0.041474655 0.014218009 0.133333340 0.262411356 0.196911201 0.087719299 0.050228309
0.153846160 0.038461540 0.075697213 0.093959734 0.088709675 0.018867925 0.011235955 0.026615970 0.058823530 0.014598540 0.003690037 0.062500000 0.007462686 0.084337346 0.038461540 0.115702480 0.046511628 0.003690037 0.106557377 0.039145909 0.046511628 0.030534351 0.129707113 0.000000000 0.035714287 0.052631579 0.011235955 0.088709675 0.115702480 0.003690037 0.137380198 0.068965517 0.042471044 0.079999998
0.188524589 0.074074075 0.111111112 0.058441557 0.124031007 0.054545455 0.046931408 0.062271062 0.094339624 0.021126760 0.032028470 0.026845638 0.043165468 0.119691119 0.074074075 0.150793657 0.082089551 0.032028470 0.141732290 0.003436426 0.082089551 0.066176474 0.164658636 0.035714287 0.000000000 0.016949153 0.046931408 0.124031007 0.150793657 0.032028470 0.102167182 0.033333335 0.078066915 0.115384616
0.204819277 0.090909094 0.127819553 0.041533545 0.140684411 0.071428575 0.063829787 0.079136692 0.111111112 0.038062282 0.048951048 0.009900990 0.060070671 0.136363640 0.090909094 0.167315170 0.098901100 0.048951048 0.158301160 0.013513514 0.098901100 0.083032489 0.181102365 0.052631579 0.016949153 0.000000000 0.063829787 0.140684411 0.167315170 0.048951048 0.085365854 0.016393442 0.094890513 0.132075474
0.142857149 0.027237354 0.064516127 0.105084747 0.077551022 0.007633588 0.000000000 0.015384615 0.047619049 0.025830258 0.014925373 0.073684208 0.003773585 0.073170729 0.027237354 0.104602508 0.035294119 0.014925373 0.095435686 0.050359711 0.035294119 0.019305019 0.118644066 0.011235955 0.046931408 0.063829787 0.000000000 0.077551022 0.104602508 0.014925373 0.148387089 0.080139376 0.031250000 0.068825908
0.066037737 0.050420169 0.013100437 0.181159422 0.000000000 0.069958851 0.077551022 0.062240664 0.030042918 0.103174604 0.092369474 0.150375932 0.081300810 0.004405286 0.050420169 0.027272727 0.042372882 0.092369474 0.018018018 0.127413124 0.042372882 0.058333334 0.041474655 0.088709675 0.124031007 0.140684411 0.077551022 0.000000000 0.027272727 0.092369474 0.223367691 0.156716421 0.046413504 0.008771930
0.038834952 0.077586204 0.040358745 0.207407400 0.027272727 0.097046413 0.104602508 0.089361705 0.057268724 0.130081296 0.119341567 0.176923081 0.108333334 0.031674210 0.077586204 0.000000000 0.069565214 0.119341567 0.009259259 0.154150203 0.069565214 0.085470088 0.014218009 0.115702480 0.150793657 0.167315170 0.104602508 0.027272727 0.000000000 0.119341567 0.249122813 0.183206111 0.073593073 0.036036037
0.157446802 0.042145595 0.079365082 0.090301007 0.092369474 0.022556391 0.014925373 0.030303031 0.062500000 0.010909091 0.000000000 0.058823530 0.011152416 0.088000000 0.042145595 0.119341567 0.050193049 0.000000000 0.110204078 0.035460994 0.050193049 0.034220532 0.133333340 0.003690037 0.032028470 0.048951048 0.014925373 0.092369474 0.119341567 0.000000000 0.133757964 0.065292098 0.046153847 0.083665341
0.285198569 0.174917489 0.210884348 0.043988269 0.223367691 0.155844152 0.148387089 0.163398698 0.194630876 0.123028390 0.133757964 0.075528704 0.144694537 0.219178081 0.174917489 0.249122813 0.182724252 0.133757964 0.240418121 0.098765433 0.182724252 0.167213112 0.262411356 0.137380198 0.102167182 0.085365854 0.148387089 0.223367691 0.249122813 0.133757964 0.000000000 0.069069073 0.178807944 0.215017065
0.220472440 0.107142858 0.143911436 0.025157232 0.156716421 0.087719299 0.080139376 0.095406361 0.127272725 0.054421768 0.065292098 0.006493506 0.076388888 0.152416363 0.107142858 0.183206111 0.115107916 0.065292098 0.174242422 0.029900333 0.115107916 0.099290781 0.196911201 0.068965517 0.033333335 0.016393442 0.080139376 0.156716421 0.183206111 0.065292098 0.069069073 0.000000000 0.111111112 0.148148149
0.112107620 0.004016064 0.033333335 0.135888502 0.046413504 0.023622047 0.031250000 0.015873017 0.016393442 0.057034221 0.046153847 0.104693137 0.035019454 0.042016808 0.004016064 0.073593073 0.004048583 0.046153847 0.064377680 0.081481479 0.004048583 0.011952192 0.087719299 0.042471044 0.078066915 0.094890513 0.031250000 0.046413504 0.073593073 0.046153847 0.178807944 0.111111112 0.000000000 0.037656903
0.074766353 0.041666668 0.004329004 0.172661871 0.008771930 0.061224490 0.068825908 0.053497944 0.021276595 0.094488189 0.083665341 0.141791046 0.072580643 0.004366812 0.041666668 0.036036037 0.033613447 0.083665341 0.026785715 0.118773945 0.033613447 0.049586777 0.050228309 0.079999998 0.115384616 0.132075474 0.068825908 0.008771930 0.036036037 0.083665341 0.215017065 0.148148149 0.037656903 0.000000000
