0.023554800 0.051952008 0.021973865 0.078751490 0.021842379 0.044820689 0.037069712 0.039713237 0.040320605 0.060533121 0.047997113 0.059898309 0.046180461 0.043853987 0.028780511 0.027252086 0.031900011 0.055982761 0.037763894 0.054470159 0.034817617 0.051047646 0.028928636 0.042017534 0.042973593 0.054803710 0.041201420 0.046182431 0.031070761 0.051642202 0.084381640 0.069170654 0.044618458 0.027301023
0.051952008 -0.057791427 0.012184659 0.050718524 0.016532708 0.023059621 0.017224131 0.016867977 0.029387254 0.034128461 0.021748822 0.032312587 0.023161614 0.018014317 0.039318681 0.028937364 0.017926041 0.023453141 0.021139739 0.032151945 0.020550314 0.021800209 0.036896154 0.015973084 -0.003261128 0.020117508 0.020719172 0.019557824 0.033234928 0.027098637 0.070334069 0.024866095 0.025224930 0.025040004
0.021973865 0.012184659 -0.001250670 0.042733643 0.010332091 0.013074722 -0.000140466 0.003555548 0.004847640 0.028140653 0.011830417 0.028951462 0.014717896 0.009791459 0.027883671 0.015414273 0.003656537 0.022828870 0.008232113 0.020643711 0.003074585 0.012245302 0.013180831 0.001361876 0.013822476 0.020666862 0.002520310 0.007788511 0.013133863 0.011104059 0.053712912 0.032844253 0.020364594 0.007558512
0.078751490 0.050718524 0.042733643 0.013806928 0.038725954 0.043306157 0.033607624 0.032931354 0.046557046 0.011608172 0.034885660 0.021703947 0.030130498 0.030839497 0.074377328 0.077571779 0.053994343 0.019350808 0.043152362 0.032357492 0.052504353 0.046039507 0.074052267 0.033572964 0.031868897 0.027642038 0.043603115 0.048195094 0.071086019 0.039658692 0.043561906 0.021480095 0.055853918 0.054272994
0.021842379 0.016532708 0.010332091 0.038725954 -0.005713705 0.019148871 0.011251403 0.014887844 0.019924412 0.029605357 0.018200675 0.026371468 0.020307202 0.013974246 0.022001110 0.025197627 0.008991597 0.021786844 0.013160741 0.027578302 0.013426105 0.025227204 0.022090834 0.015283067 0.016925583 0.024008449 0.013094405 0.013489574 0.015270371 0.010149091 0.045690715 0.032987803 0.019731928 0.014155867
0.044820689 0.023059621 0.013074722 0.043306157 0.019148871 -0.010261850 0.010030750 0.009793599 0.013496039 0.027747372 0.014717394 0.031931799 0.012681168 0.013480796 0.040510945 0.039003402 0.014099390 0.024528047 0.014676581 0.028695401 0.019105610 0.020830758 0.032703079 0.014334557 0.016450237 0.026270078 0.010991554 0.017037679 0.029933546 0.012249013 0.051192816 0.031540405 0.031587690 0.022287220
0.037069712 0.017224131 -0.000140466 0.033607624 0.011251403 0.010030750 -0.010074357 -0.002217246 0.003113797 0.019722447 0.006586401 0.018307105 0.008852544 0.001467845 0.036815219 0.027813559 0.007569184 0.015159641 0.007897033 0.009050402 0.003205874 0.009999090 0.023754517 -0.002184734 0.014521079 0.009606051 -0.001216223 0.002627028 0.021539617 -0.002324906 0.051858731 0.025333641 0.022343043 0.014693602
0.039713237 0.016867977 0.003555548 0.032931354 0.014887844 0.009793599 -0.002217246 -0.003143884 0.007161694 0.017579338 0.006237305 0.019767262 0.000707896 0.000656989 0.038725760 0.034490466 0.012616975 0.013005275 0.007438090 0.011244377 0.010051847 0.013531978 0.031717017 0.000879725 0.002182988 0.010770514 -0.000456647 0.009318329 0.025257003 0.004217194 0.044124942 0.021769475 0.030457634 0.019381670
0.040320605 0.029387254 0.004847640 0.046557046 0.019924412 0.013496039 0.003113797 0.007161694 -0.001657070 0.031687781 0.007513445 0.027284993 0.012232798 0.009317429 0.041601557 0.026709475 0.007030892 0.022648104 0.010380803 0.018447878 0.010071555 0.002609229 0.019803714 0.002601135 0.024570383 0.014644430 0.000773464 0.004583202 0.019946579 0.001044603 0.065314308 0.037993118 0.029611692 0.017497726
0.060533121 0.034128461 0.028140653 0.011608172 0.029605357 0.027747372 0.019722447 0.017579338 0.031687781 0.002941740 0.017643915 0.008521167 0.011207223 0.018055180 0.057026148 0.057398710 0.037949834 0.005054045 0.027831186 0.011195416 0.035631582 0.028922459 0.054576226 0.020650214 0.018109370 0.007176070 0.026973248 0.031846877 0.053338297 0.022777306 0.026869750 0.007779989 0.036297910 0.038859665
0.047997113 0.021748822 0.011830417 0.034885660 0.018200675 0.014717394 0.006586401 0.006237305 0.007513445 0.017643915 -0.009669709 0.019244723 0.002642835 0.006433061 0.046650581 0.046446390 0.016476043 0.008849008 0.009110330 0.013685499 0.017707534 0.014969015 0.037950732 0.008991701 0.014811483 0.007393981 0.007026253 0.013300451 0.033577662 0.008372148 0.050468288 0.017209675 0.024860669 0.023438666
0.059898309 0.032312587 0.028951462 0.021703947 0.026371468 0.031931799 0.018307105 0.019767262 0.027284993 0.008521167 0.019244723 0.003596801 0.019121313 0.016804129 0.056128405 0.051493004 0.035037458 0.008214101 0.026947919 0.011604755 0.030165568 0.027052402 0.049678441 0.017561970 0.023720898 0.010457724 0.023044869 0.025984209 0.047437064 0.018768597 0.049061041 0.018394943 0.038565416 0.036305748
0.046180461 0.023161614 0.014717896 0.030130498 0.020307202 0.012681168 0.008852544 0.000707896 0.012232798 0.011207223 0.002642835 0.019121313 -0.016251462 0.006608399 0.048387025 0.050948560 0.018405655 0.011361923 0.011606351 0.011521232 0.020484436 0.011539592 0.040435165 0.008855903 0.006132963 0.007506515 0.004665602 0.017122004 0.034960501 0.009346045 0.040395766 0.016397532 0.029821239 0.024679987
0.043853987 0.018014317 0.009791459 0.030839497 0.013974246 0.013480796 0.001467845 0.000656989 0.009317429 0.018055180 0.006433061 0.016804129 0.006608399 -0.010270640 0.038350984 0.040010318 0.012873476 0.009631980 0.008456765 0.011484458 0.009313693 0.016116798 0.033309229 0.004492817 0.006417677 0.008777456 0.001841975 0.008039158 0.026658915 0.002117820 0.047680963 0.016853660 0.030465983 0.019098192
0.028780511 0.039318681 0.027883671 0.074377328 0.022001110 0.040510945 0.036815219 0.038725760 0.041601557 0.057026148 0.046650581 0.056128405 0.048387025 0.038350984 0.013949162 0.017515784 0.028740603 0.054879732 0.031764932 0.053035200 0.037438363 0.045479212 0.033307821 0.040014938 0.036941834 0.054059409 0.041881822 0.038819663 0.028686330 0.043795288 0.069664195 0.066187352 0.038806051 0.028701387
0.027252086 0.028937364 0.015414273 0.077571779 0.025197627 0.039003402 0.027813559 0.034490466 0.026709475 0.057398710 0.046446390 0.051493004 0.050948560 0.040010318 0.017515784 -0.012128761 0.018733855 0.057278022 0.026640657 0.046860024 0.017073557 0.037723899 0.006856021 0.028989613 0.033946395 0.052815106 0.028111387 0.026113614 0.016569383 0.038114317 0.082104117 0.078482404 0.034974515 0.014855986
0.031900011 0.017926041 0.003656537 0.053994343 0.008991597 0.014099390 0.007569184 0.012616975 0.007030892 0.037949834 0.016476043 0.035037458 0.018405655 0.012873476 0.028740603 0.018733855 -0.007535526 0.027670994 0.011212902 0.025453050 0.008030541 0.017954228 0.013929108 0.010024401 0.018604606 0.025294140 0.007165301 0.010681598 0.013319480 0.013794933 0.067609943 0.040706657 0.017326560 0.015675172
0.055982761 0.023453141 0.022828870 0.019350808 0.021786844 0.024528047 0.015159641 0.013005275 0.022648104 0.005054045 0.008849008 0.008214101 0.011361923 0.009631980 0.054879732 0.057278022 0.027670994 -0.012359288 0.019082692 0.014467293 0.026422855 0.021015953 0.050883204 0.015404289 0.018628379 0.005858976 0.017133700 0.020662166 0.043059886 0.013132187 0.038689308 0.008984642 0.027893439 0.029748935
0.037763894 0.021139739 0.008232113 0.043152362 0.013160741 0.014676581 0.007897033 0.007438090 0.010380803 0.027831186 0.009110330 0.026947919 0.011606351 0.008456765 0.031764932 0.026640657 0.011212902 0.019082692 -0.008773006 0.019421626 0.008885141 0.018469550 0.027159063 0.010165186 0.012967766 0.017077738 0.007414562 0.014194170 0.018024974 0.011866926 0.058262210 0.030813444 0.029406400 0.012204903
0.054470159 0.032151945 0.020643711 0.032357492 0.027578302 0.028695401 0.009050402 0.011244377 0.018447878 0.011195416 0.013685499 0.011604755 0.011521232 0.011484458 0.053035200 0.046860024 0.025453050 0.014467293 0.019421626 0.003595325 0.027609607 0.022531755 0.046113625 0.014908893 0.013811762 0.014108131 0.015191549 0.024269328 0.042419467 0.017070454 0.050118178 0.026097380 0.036891297 0.033306085
0.034817617 0.020550314 0.003074585 0.052504353 0.013426105 0.019105610 0.003205874 0.010051847 0.010071555 0.035631582 0.017707534 0.030165568 0.020484436 0.009313693 0.037438363 0.017073557 0.008030541 0.026422855 0.008885141 0.027609607 -0.005301082 0.017118536 0.013911212 0.003490668 0.020220473 0.023646461 0.006383069 0.009286348 0.017098397 0.015478561 0.070822701 0.040136766 0.018629886 0.012716950
0.051047646 0.021800209 0.012245302 0.046039507 0.025227204 0.020830758 0.009999090 0.013531978 0.002609229 0.028922459 0.014969015 0.027052402 0.011539592 0.016116798 0.045479212 0.037723899 0.017954228 0.021015953 0.018469550 0.022531755 0.017118536 -0.014551420 0.030410562 0.002954839 0.023040906 0.014626178 0.012637771 0.019413648 0.030823775 0.015375577 0.066464774 0.032915790 0.030362628 0.024278682
0.028928636 0.036896154 0.013180831 0.074052267 0.022090834 0.032703079 0.023754517 0.031717017 0.019803714 0.054576226 0.037950732 0.049678441 0.040435165 0.033309229 0.033307821 0.006856021 0.013929108 0.050883204 0.027159063 0.046113625 0.013911212 0.030410562 -0.001645744 0.023655923 0.033800587 0.046357106 0.023716502 0.024212506 0.019974299 0.030531170 0.081565082 0.070495233 0.030040219 0.018428411
0.042017534 0.015973084 0.001361876 0.033572964 0.015283067 0.014334557 -0.002184734 0.000879725 0.002601135 0.020650214 0.008991701 0.017561970 0.008855903 0.004492817 0.040014938 0.028989613 0.010024401 0.015404289 0.010165186 0.014908893 0.003490668 0.002954839 0.023655923 -0.003002946 0.012667247 0.008452638 -0.001835149 0.002689731 0.022894993 0.002070095 0.053159192 0.022180732 0.018617421 0.016915480
0.042973593 -0.003261128 0.013822476 0.031868897 0.016925583 0.016450237 0.014521079 0.002182988 0.024570383 0.018109370 0.014811483 0.023720898 0.006132963 0.006417677 0.036941834 0.033946395 0.018604606 0.018628379 0.012967766 0.013811762 0.020220473 0.023040906 0.033800587 0.012667247 -0.043650560 0.015005276 0.010143661 0.012941092 0.031192884 0.016700603 0.050864432 0.019779900 0.032670520 0.019251473
0.054803710 0.020117508 0.020666862 0.027642038 0.024008449 0.026270078 0.009606051 0.010770514 0.014644430 0.007176070 0.007393981 0.010457724 0.007506515 0.008777456 0.054059409 0.052815106 0.025294140 0.005858976 0.017077738 0.014108131 0.023646461 0.014626178 0.046357106 0.008452638 0.015005276 -0.004639182 0.012090757 0.018764086 0.042490825 0.007913757 0.049317211 0.017370133 0.030411104 0.030176455
0.041201420 0.020719172 0.002520310 0.043603115 0.013094405 0.010991554 -0.001216223 -0.000456647 0.000773464 0.026973248 0.007026253 0.023044869 0.004665602 0.001841975 0.041881822 0.028111387 0.007165301 0.017133700 0.007414562 0.015191549 0.006383069 0.012637771 0.023716502 -0.001835149 0.010143661 0.012090757 -0.010062063 0.004335910 0.023080401 0.000990520 0.058611624 0.036998387 0.024746664 0.014278987
0.046182431 0.019557824 0.007788511 0.048195094 0.013489574 0.017037679 0.002627028 0.009318329 0.004583202 0.031846877 0.013300451 0.025984209 0.017122004 0.008039158 0.038819663 0.026113614 0.010681598 0.020662166 0.014194170 0.024269328 0.009286348 0.019413648 0.024212506 0.002689731 0.012941092 0.018764086 0.004335910 0.000491507 0.025375394 0.009586958 0.064906202 0.036539756 0.026924916 0.018054679
0.031070761 0.033234928 0.013133863 0.071086019 0.015270371 0.029933546 0.021539617 0.025257003 0.019946579 0.053338297 0.033577662 0.047437064 0.034960501 0.026658915 0.028686330 0.016569383 0.013319480 0.043059886 0.018024974 0.042419467 0.017098397 0.030823775 0.019974299 0.022894993 0.031192884 0.042490825 0.023080401 0.025375394 0.009042576 0.029604753 0.078942247 0.058500633 0.031370789 0.017416520
0.051642202 0.027098637 0.011104059 0.039658692 0.010149091 0.012249013 -0.002324906 0.004217194 0.001044603 0.022777306 0.008372148 0.018768597 0.009346045 0.002117820 0.043795288 0.038114317 0.013794933 0.013132187 0.011866926 0.017070454 0.015478561 0.015375577 0.030531170 0.002070095 0.016700603 0.007913757 0.000990520 0.009586958 0.029604753 -0.016311362 0.061428525 0.030100536 0.026155598 0.020218937
0.084381640 0.070334069 0.053712912 0.043561906 0.045690715 0.051192816 0.051858731 0.044124942 0.065314308 0.026869750 0.050468288 0.049061041 0.040395766 0.047680963 0.069664195 0.082104117 0.067609943 0.038689308 0.058262210 0.050118178 0.070822701 0.066464774 0.081565082 0.053159192 0.050864432 0.049317211 0.058611624 0.064906202 0.078942247 0.061428525 0.004086439 0.052311126 0.073450848 0.057481267
0.069170654 0.024866095 0.032844253 0.021480095 0.032987803 0.031540405 0.025333641 0.021769475 0.037993118 0.007779989 0.017209675 0.018394943 0.016397532 0.016853660 0.066187352 0.078482404 0.040706657 0.008984642 0.030813444 0.026097380 0.040136766 0.032915790 0.070495233 0.022180732 0.019779900 0.017370133 0.036998387 0.036539756 0.058500633 0.030100536 0.052311126 -0.022271819 0.048211962 0.040109754
0.044618458 0.025224930 0.020364594 0.055853918 0.019731928 0.031587690 0.022343043 0.030457634 0.029611692 0.036297910 0.024860669 0.038565416 0.029821239 0.030465983 0.038806051 0.034974515 0.017326560 0.027893439 0.029406400 0.036891297 0.018629886 0.030362628 0.030040219 0.018617421 0.032670520 0.030411104 0.024746664 0.026924916 0.031370789 0.026155598 0.073450848 0.048211962 -0.007860817 0.029270347
0.027301023 0.025040004 0.007558512 0.054272994 0.014155867 0.022287220 0.014693602 0.019381670 0.017497726 0.038859665 0.023438666 0.036305748 0.024679987 0.019098192 0.028701387 0.014855986 0.015675172 0.029748935 0.012204903 0.033306085 0.012716950 0.024278682 0.018428411 0.016915480 0.019251473 0.030176455 0.014278987 0.018054679 0.017416520 0.020218937 0.057481267 0.040109754 0.029270347 -0.001215458
