0.016731184 0.051474951 0.019673558 0.075515434 0.019916918 0.036600806 0.033151433 0.037298512 0.042362511 0.061387397 0.045338761 0.070742443 0.047351643 0.043049566 0.029715575 0.025522346 0.028082129 0.060939468 0.036250688 0.059763655 0.026308255 0.045513429 0.023455558 0.036801938 0.049015593 0.047127120 0.039880499 0.033976480 0.021307178 0.046434417 0.077273607 0.066415161 0.038609378 0.022854000
0.051474951 -0.051337071 0.015680436 0.058852173 0.020508919 0.018461552 0.021225141 0.017730076 0.034004275 0.040482048 0.022935782 0.046323061 0.027082231 0.021261005 0.044567484 0.031346232 0.021647416 0.034752969 0.025285404 0.045647189 0.023526518 0.020898085 0.036781736 0.019555578 0.007646650 0.022521708 0.025178216 0.019406660 0.032729238 0.032198682 0.069648981 0.035407849 0.024479512 0.027433295
0.019673558 0.015680436 -0.001401869 0.044144098 0.007102009 0.005594730 -0.000325403 0.003399598 0.004772833 0.029831208 0.010237118 0.037765190 0.014460369 0.013209694 0.027964769 0.013391559 -0.000235607 0.028048046 0.011329683 0.020801809 0.003015337 0.009264776 0.012546452 0.001118342 0.019616723 0.020679329 0.001688422 0.006064901 0.010660069 0.011606167 0.050873715 0.039817095 0.020902298 0.009432834
0.075515434 0.058852173 0.044144098 0.017194942 0.041388258 0.030955229 0.035480890 0.031385370 0.048282653 0.012565436 0.032427445 0.037403472 0.031732604 0.030000523 0.078273132 0.070044331 0.056962837 0.041417278 0.052860010 0.036428683 0.052922584 0.039925098 0.063634664 0.035169099 0.044072315 0.024843676 0.044488758 0.041926928 0.066364817 0.040288106 0.039911449 0.032454278 0.048441455 0.053556368
0.019916918 0.020508919 0.007102009 0.041388258 -0.014174435 0.011387711 0.009154811 0.015312416 0.019278403 0.029016813 0.018383125 0.034619443 0.021501973 0.017142564 0.025974432 0.020946797 0.008188679 0.027753824 0.016914278 0.025182623 0.009986617 0.019887837 0.014073710 0.014527924 0.027077612 0.022355301 0.012091715 0.009934563 0.010947950 0.011450520 0.049370952 0.043155659 0.016893448 0.018876668
0.036600806 0.018461552 0.005594730 0.030955229 0.011387711 -0.026158310 0.002147743 0.002329525 0.004812870 0.019192412 0.007180234 0.026819427 0.007284657 0.006658104 0.036357284 0.026043445 0.006633158 0.021851638 0.007447296 0.015072289 0.003346057 0.008252479 0.022332162 0.005382879 0.023692954 0.016067840 0.004136993 0.000255405 0.018307919 0.003821104 0.044138499 0.024794828 0.019840755 0.015722120
0.033151433 0.021225141 -0.000325403 0.035480890 0.009154811 0.002147743 -0.012653000 -0.002720515 0.002504386 0.022040715 0.002013782 0.027370423 0.006493215 0.006724342 0.036552895 0.026625508 0.007378836 0.019738484 0.011173878 0.007730538 0.003886148 0.007330598 0.024110377 -0.002762542 0.020438157 0.011770023 -0.002223441 0.003145212 0.016649019 -0.001684370 0.049150057 0.035139747 0.024558708 0.016912617
0.037298512 0.017730076 0.003399598 0.031385370 0.015312416 0.002329525 -0.002720515 -0.002491236 0.007311793 0.016498920 0.004890571 0.024970965 0.001462748 0.002838522 0.038133509 0.030329207 0.012066474 0.017071977 0.007937613 0.012237338 0.009312058 0.007055422 0.026681077 0.001000601 0.012242535 0.008983076 -0.000214110 0.004889016 0.022472784 0.003153564 0.038978063 0.026362995 0.024497304 0.021174621
0.042362511 0.034004275 0.004772833 0.048282653 0.019278403 0.004812870 0.002504386 0.007311793 -0.001572575 0.030748282 0.010129596 0.032764487 0.016747395 0.008082940 0.044717692 0.023411158 0.008236596 0.029517230 0.015039613 0.019838357 0.010743248 -0.001567752 0.014221152 0.002474785 0.029414319 0.010947484 0.000301370 -0.000323686 0.019062549 0.001022252 0.065803230 0.041864522 0.027361380 0.019168016
0.061387397 0.040482048 0.029831208 0.012565436 0.029016813 0.019192412 0.022040715 0.016498920 0.030748282 0.002245023 0.018020894 0.014587978 0.015133362 0.016223762 0.062777705 0.050290234 0.041192628 0.020849057 0.035591945 0.010051023 0.036190894 0.022385694 0.050082292 0.022866800 0.027466938 0.004378714 0.028523181 0.029528167 0.049242012 0.025892388 0.026443273 0.014765292 0.031609699 0.039233997
0.045338761 0.022935782 0.010237118 0.032427445 0.018383125 0.007180234 0.002013782 0.004890571 0.010129596 0.018020894 -0.011338817 0.025499616 0.004693711 0.006759550 0.046536855 0.042124376 0.015904428 0.014576342 0.008837529 0.013229256 0.013790997 0.011724761 0.033233069 0.004907745 0.021650672 0.000441954 0.005220657 0.005599906 0.029915091 0.002730317 0.045696855 0.020383246 0.021116916 0.023440897
0.070742443 0.046323061 0.037765190 0.037403472 0.034619443 0.026819427 0.027370423 0.024970965 0.032764487 0.014587978 0.025499616 0.016956441 0.029766785 0.020514514 0.073437005 0.052371487 0.046547052 0.033779256 0.043452743 0.025311995 0.041165628 0.030528687 0.050796241 0.027728008 0.037923031 0.016542858 0.031515557 0.032834072 0.055123653 0.031376511 0.059279807 0.040675670 0.041355886 0.046394400
0.047351643 0.027082231 0.014460369 0.031732604 0.021501973 0.007284657 0.006493215 0.001462748 0.016747395 0.015133362 0.004693711 0.029766785 -0.011219816 0.007940713 0.050963547 0.048066553 0.019804496 0.019544432 0.015326479 0.015291641 0.019364357 0.010828276 0.037268221 0.006147593 0.015895151 0.001920884 0.004389445 0.011603775 0.034668140 0.006731897 0.038871352 0.021148469 0.029376220 0.026945196
0.043049566 0.021261005 0.013209694 0.030000523 0.017142564 0.006658104 0.006724342 0.002838522 0.008082940 0.016223762 0.006759550 0.020514514 0.007940713 -0.003416851 0.044026382 0.035896417 0.016040355 0.019631043 0.011935445 0.010134219 0.008550734 0.009073485 0.032225110 0.008252552 0.021272443 0.012022320 0.006614367 0.007857794 0.026876558 0.007443541 0.047725834 0.029747115 0.024000021 0.025688021
0.029715575 0.044567484 0.027964769 0.078273132 0.025974432 0.036357284 0.036552895 0.038133509 0.044717692 0.062777705 0.046536855 0.073437005 0.050963547 0.044026382 0.016657695 0.018631019 0.031607147 0.066821426 0.034704071 0.062179759 0.030889267 0.044894740 0.033861011 0.037919935 0.043864638 0.052822120 0.044313382 0.031182671 0.028176155 0.045651838 0.071965858 0.074484482 0.041477323 0.029799480
0.025522346 0.031346232 0.013391559 0.070044331 0.020946797 0.026043445 0.026625508 0.030329207 0.023411158 0.050290234 0.042124376 0.052371487 0.048066553 0.035896417 0.018631019 -0.020103294 0.018663218 0.067561850 0.030424487 0.035574272 0.012006043 0.030496554 -0.003170311 0.026830502 0.037315048 0.048331913 0.026955940 0.017541680 0.008098729 0.038013704 0.078017399 0.076293997 0.026970057 0.011338582
0.028082129 0.021647416 -0.000235607 0.056962837 0.008188679 0.006633158 0.007378836 0.012066474 0.008236596 0.041192628 0.015904428 0.046547052 0.019804496 0.016040355 0.031607147 0.018663218 -0.012070449 0.034696389 0.011903660 0.030199716 0.005213402 0.014980066 0.013137471 0.006263651 0.025096543 0.024737988 0.005215433 0.006581973 0.010321420 0.013665222 0.066744387 0.046883937 0.017128840 0.017204069
0.060939468 0.034752969 0.028048046 0.041417278 0.027753824 0.021851638 0.019738484 0.017071977 0.029517230 0.020849057 0.014576342 0.033779256 0.019544432 0.019631043 0.066821426 0.067561850 0.034696389 0.000174467 0.027214695 0.036049820 0.035246108 0.025439370 0.058908917 0.021782458 0.029942458 0.013781562 0.021607166 0.028647810 0.048809908 0.021626651 0.048952833 0.033773609 0.041405626 0.039074630
0.036250688 0.025285404 0.011329683 0.052860010 0.016914278 0.007447296 0.011173878 0.007937613 0.015039613 0.035591945 0.008837529 0.043452743 0.015326479 0.011935445 0.034704071 0.030424487 0.011903660 0.027214695 -0.006031327 0.033020213 0.014244141 0.015954636 0.026915997 0.013552729 0.022160910 0.019936621 0.010493089 0.015611303 0.016379178 0.014829537 0.055926278 0.040171444 0.028891478 0.015313442
0.059763655 0.045647189 0.020801809 0.036428683 0.025182623 0.015072289 0.007730538 0.012237338 0.019838357 0.010051023 0.013229256 0.025311995 0.015291641 0.010134219 0.062179759 0.035574272 0.030199716 0.036049820 0.033020213 -0.000623750 0.027131941 0.016720492 0.034772299 0.014850516 0.026784336 0.009226616 0.013742702 0.016127914 0.040675566 0.015893945 0.052858539 0.041064568 0.034702059 0.036521509
0.026308255 0.023526518 0.003015337 0.052922584 0.009986617 0.003346057 0.003886148 0.009312058 0.010743248 0.036190894 0.013790997 0.041165628 0.019364357 0.008550734 0.030889267 0.012006043 0.005213402 0.035246108 0.014244141 0.027131941 0.001361221 0.010629280 0.005944794 0.004441069 0.028522637 0.021214513 0.003889821 0.006466020 0.005029632 0.012495543 0.058384724 0.041117273 0.013500078 0.011468749
0.045513429 0.020898085 0.009264776 0.039925098 0.019887837 0.008252479 0.007330598 0.007055422 -0.001567752 0.022385694 0.011724761 0.030528687 0.010828276 0.009073485 0.044894740 0.030496554 0.014980066 0.025439370 0.015954636 0.016720492 0.010629280 -0.025143869 0.022228563 -0.000074312 0.024425890 0.007778615 0.010606511 0.009785581 0.022207651 0.013106762 0.060089208 0.027626066 0.019659296 0.018556794
0.023455558 0.036781736 0.012546452 0.063634664 0.014073710 0.022332162 0.024110377 0.026681077 0.014221152 0.050082292 0.033233069 0.050796241 0.037268221 0.032225110 0.033861011 -0.003170311 0.013137471 0.058908917 0.026915997 0.034772299 0.005944794 0.022228563 -0.003571801 0.021642491 0.036024630 0.043860257 0.024221549 0.016873382 0.012777533 0.031789348 0.076663047 0.065449692 0.021455679 0.016462944
0.036801938 0.019555578 0.001118342 0.035169099 0.014527924 0.005382879 -0.002762542 0.001000601 0.002474785 0.022866800 0.004907745 0.027728008 0.006147593 0.008252552 0.037919935 0.026830502 0.006263651 0.021782458 0.013552729 0.014850516 0.004441069 -0.000074312 0.021642491 -0.002972314 0.018865783 0.009329091 -0.001933441 0.001190855 0.017040538 0.001553892 0.048331346 0.032005012 0.018608311 0.017386144
0.049015593 0.007646650 0.019616723 0.044072315 0.027077612 0.023692954 0.020438157 0.012242535 0.029414319 0.027466938 0.021650672 0.037923031 0.015895151 0.021272443 0.043864638 0.037315048 0.025096543 0.029942458 0.022160910 0.026784336 0.028522637 0.024425890 0.036024630 0.018865783 -0.019685157 0.019059580 0.017037533 0.017957296 0.039112546 0.022986073 0.054830451 0.044162534 0.035715997 0.032416500
0.047127120 0.022521708 0.020679329 0.024843676 0.022355301 0.016067840 0.011770023 0.008983076 0.010947484 0.004378714 0.000441954 0.016542858 0.001920884 0.012022320 0.052822120 0.048331913 0.024737988 0.013781562 0.019936621 0.009226616 0.021214513 0.007778615 0.043860257 0.009329091 0.019059580 -0.001018729 0.012154625 0.016553450 0.035493515 0.009629010 0.045217682 0.024735034 0.026039824 0.029228352
0.039880499 0.025178216 0.001688422 0.044488758 0.012091715 0.004136993 -0.002223441 -0.000214110 0.000301370 0.028523181 0.005220657 0.031515557 0.004389445 0.006614367 0.044313382 0.026955940 0.005215433 0.021607166 0.010493089 0.013742702 0.003889821 0.010606511 0.024221549 -0.001933441 0.017037533 0.012154625 -0.008906556 0.001935088 0.020404682 0.001125063 0.058627684 0.045560043 0.028109049 0.017353633
0.033976480 0.019406660 0.006064901 0.041926928 0.009934563 0.000255405 0.003145212 0.004889016 -0.000323686 0.029528167 0.005599906 0.032834072 0.011603775 0.007857794 0.031182671 0.017541680 0.006581973 0.028647810 0.015611303 0.016127914 0.006466020 0.009785581 0.016873382 0.001190855 0.017957296 0.016553450 0.001935088 -0.005626313 0.014806790 0.006468667 0.052077375 0.034121267 0.014649715 0.012690480
0.021307178 0.032729238 0.010660069 0.066364817 0.010947950 0.018307919 0.016649019 0.022472784 0.019062549 0.049242012 0.029915091 0.055123653 0.034668140 0.026876558 0.028176155 0.008098729 0.010321420 0.048809908 0.016379178 0.040675566 0.005029632 0.022207651 0.012777533 0.017040538 0.039112546 0.035493515 0.020404682 0.014806790 -0.002326198 0.024577204 0.072415054 0.058796778 0.024202857 0.015528495
0.046434417 0.032198682 0.011606167 0.040288106 0.011450520 0.003821104 -0.001684370 0.003153564 0.001022252 0.025892388 0.002730317 0.031376511 0.006731897 0.007443541 0.045651838 0.038013704 0.013665222 0.021626651 0.014829537 0.015893945 0.012495543 0.013106762 0.031789348 0.001553892 0.022986073 0.009629010 0.001125063 0.006468667 0.024577204 -0.016313884 0.058876619 0.039791606 0.027881928 0.020435829
0.077273607 0.069648981 0.050873715 0.039911449 0.049370952 0.044138499 0.049150057 0.038978063 0.065803230 0.026443273 0.045696855 0.059279807 0.038871352 0.047725834 0.071965858 0.078017399 0.066744387 0.048952833 0.055926278 0.052858539 0.058384724 0.060089208 0.076663047 0.048331346 0.054830451 0.045217682 0.058627684 0.052077375 0.072415054 0.058876619 0.002903841 0.053607248 0.066518605 0.051741697
0.066415161 0.035407849 0.039817095 0.032454278 0.043155659 0.024794828 0.035139747 0.026362995 0.041864522 0.014765292 0.020383246 0.040675670 0.021148469 0.029747115 0.074484482 0.076293997 0.046883937 0.033773609 0.040171444 0.041064568 0.041117273 0.027626066 0.065449692 0.032005012 0.044162534 0.024735034 0.045560043 0.034121267 0.058796778 0.039791606 0.053607248 0.011092737 0.041818805 0.050909594
0.038609378 0.024479512 0.020902298 0.048441455 0.016893448 0.019840755 0.024558708 0.024497304 0.027361380 0.031609699 0.021116916 0.041355886 0.029376220 0.024000021 0.041477323 0.026970057 0.017128840 0.041405626 0.028891478 0.034702059 0.013500078 0.019659296 0.021455679 0.018608311 0.035715997 0.026039824 0.028109049 0.014649715 0.024202857 0.027881928 0.066518605 0.041818805 -0.025551070 0.022815155
0.022854000 0.027433295 0.009432834 0.053556368 0.018876668 0.015722120 0.016912617 0.021174621 0.019168016 0.039233997 0.023440897 0.046394400 0.026945196 0.025688021 0.029799480 0.011338582 0.017204069 0.039074630 0.015313442 0.036521509 0.011468749 0.018556794 0.016462944 0.017386144 0.032416500 0.029228352 0.017353633 0.012690480 0.015528495 0.020435829 0.051741697 0.050909594 0.022815155 0.003779132
