0.014116751 0.049709037 0.020812372 0.078004926 0.015545392 0.041215926 0.038100541 0.039129008 0.042581744 0.064529724 0.047654424 0.071836941 0.054595616 0.042391241 0.029564600 0.019927921 0.030945947 0.061927080 0.038481917 0.059935212 0.023187175 0.048359290 0.023669550 0.039788127 0.046063952 0.048440401 0.041347444 0.037560754 0.021296766 0.048749436 0.085727535 0.069109708 0.043276444 0.022275481
0.049709037 -0.059888799 0.014889664 0.049171895 0.014949973 0.020539377 0.017144235 0.016656829 0.028474122 0.033081956 0.021291351 0.034584403 0.023080654 0.018106131 0.042546071 0.027955526 0.019830789 0.029262114 0.024017744 0.032199502 0.017010367 0.018828811 0.037027415 0.015986362 -0.000204630 0.019451620 0.023525922 0.016874984 0.029729571 0.030286282 0.074978158 0.027083030 0.021647455 0.023877271
0.020812372 0.014889664 -0.001559406 0.045247212 0.008704920 0.010078116 -0.000255950 0.003202036 0.004002162 0.032310024 0.010759220 0.037249926 0.014408463 0.015094221 0.028858202 0.015183528 0.002243421 0.025474507 0.011599131 0.021082569 0.002176181 0.013855707 0.016593838 0.001089159 0.014879907 0.022558242 0.001055553 0.010626988 0.012165641 0.013895384 0.053500608 0.040635724 0.027538652 0.010849893
0.078004926 0.049171895 0.045247212 0.016528245 0.035608198 0.037897475 0.035102338 0.031821825 0.045651805 0.012356074 0.033343080 0.029574664 0.031154044 0.026193064 0.075744644 0.071257606 0.055627711 0.033889230 0.050850362 0.034135997 0.049644016 0.041929699 0.065287359 0.035292670 0.032699235 0.026038181 0.043798946 0.043850247 0.066804886 0.044106282 0.042455327 0.026045648 0.053694077 0.050779279
0.015545392 0.014949973 0.008704920 0.035608198 -0.012289406 0.016233254 0.011075750 0.014657252 0.018367475 0.026820090 0.017390300 0.026762029 0.019816801 0.015391736 0.018721074 0.018407796 0.005441643 0.022126354 0.012796055 0.025798805 0.012398895 0.020513419 0.016391177 0.014556255 0.022606615 0.021457413 0.012457315 0.011096751 0.008011963 0.009656159 0.038491335 0.036129985 0.017258752 0.016889388
0.041215926 0.020539377 0.010078116 0.037897475 0.016233254 -0.016425699 0.006357155 0.006763650 0.009486907 0.025398215 0.011623209 0.031761542 0.011258516 0.012266474 0.040674619 0.032852124 0.011911821 0.024615373 0.013048543 0.024337839 0.008274225 0.016511213 0.029582219 0.009446980 0.019465229 0.020974532 0.008515028 0.009123644 0.024238253 0.009614553 0.049617495 0.031405479 0.028846279 0.020376943
0.038100541 0.017144235 -0.000255950 0.035102338 0.011075750 0.006357155 -0.010464558 -0.002674268 0.002666461 0.018709091 0.006838079 0.020168660 0.009611033 0.001735106 0.037136260 0.024942214 0.008144517 0.018981703 0.012483049 0.008214233 0.004269790 0.008380096 0.019646693 -0.002027125 0.016963588 0.009077137 -0.002403910 0.002010351 0.020762345 -0.000228675 0.049891945 0.028924387 0.023956697 0.017104952
0.039129008 0.016656829 0.003202036 0.031821825 0.014657252 0.006763650 -0.002674268 -0.003000232 0.006289910 0.017773261 0.005141369 0.023433879 0.001014247 0.003678670 0.039164249 0.031496223 0.012472508 0.013972730 0.008243814 0.011993015 0.008288966 0.011504529 0.030459082 0.000903226 0.006510163 0.010100085 -0.000916908 0.009262258 0.023262462 0.005319358 0.041260712 0.025871281 0.030729979 0.022339119
0.042581744 0.028474122 0.004002162 0.045651805 0.018367475 0.009486907 0.002666461 0.006289910 -0.001605980 0.028836042 0.010170748 0.026674518 0.016061809 0.006197793 0.042526454 0.022558846 0.007123856 0.025243588 0.013293935 0.016521495 0.008352050 -0.000397377 0.013437542 0.002202695 0.025772247 0.011784457 -0.001774051 0.000762620 0.018470665 0.002833303 0.063997515 0.036122356 0.029646728 0.018420376
0.064529724 0.033081956 0.032310024 0.012356074 0.026820090 0.025398215 0.018709091 0.017773261 0.028836042 0.001287534 0.019244706 0.007375021 0.013811289 0.014424464 0.064365558 0.055749193 0.042291623 0.016581234 0.036066324 0.009292231 0.034654509 0.024399325 0.053179529 0.021745982 0.018221358 0.004528219 0.029207923 0.030448852 0.054014370 0.028935563 0.030281605 0.011398392 0.035790179 0.038904995
0.047654424 0.021291351 0.010759220 0.033343080 0.017390300 0.011623209 0.006838079 0.005141369 0.010170748 0.019244706 -0.009357754 0.023912717 0.008763574 0.005812133 0.046889894 0.040771831 0.016458685 0.012620714 0.009603624 0.013983505 0.013426088 0.015156785 0.034483954 0.007841354 0.017951064 0.002643903 0.005191065 0.009807535 0.031535462 0.005718945 0.049372122 0.019968126 0.025324516 0.023885272
0.071836941 0.034584403 0.037249926 0.029574664 0.026762029 0.031761542 0.020168660 0.023433879 0.026674518 0.007375021 0.023912717 0.000581846 0.021869350 0.014004115 0.071630940 0.054842435 0.044378020 0.024635216 0.040669724 0.014241138 0.034908801 0.030259833 0.051277511 0.023250984 0.025968039 0.013024611 0.028863387 0.029739529 0.053906433 0.031953372 0.061476704 0.029244475 0.042843245 0.042180546
0.054595616 0.023080654 0.014408463 0.031154044 0.019816801 0.011258516 0.009611033 0.001014247 0.016061809 0.013811289 0.008763574 0.021869350 0.000215003 0.002395848 0.054234866 0.044221751 0.020988999 0.018425435 0.016539490 0.012931523 0.017298784 0.012263240 0.035840120 0.008134046 0.009087984 0.000693352 0.003945224 0.011906859 0.039583921 0.010592166 0.044071835 0.018297266 0.033009782 0.027438896
0.042391241 0.018106131 0.015094221 0.026193064 0.015391736 0.012266474 0.001735106 0.003678670 0.006197793 0.014424464 0.005812133 0.014004115 0.002395848 -0.003174417 0.042730749 0.041667432 0.015947875 0.014653267 0.012095153 0.007705249 0.008349393 0.012642311 0.036807157 0.005867090 0.013874520 0.010532627 0.006461794 0.009255838 0.026804579 0.007125781 0.047359973 0.024292715 0.025571818 0.024784107
0.029564600 0.042546071 0.028858202 0.075744644 0.018721074 0.040674619 0.037136260 0.039164249 0.042526454 0.064365558 0.046889894 0.071630940 0.054234866 0.042730749 0.016590625 0.016217407 0.031879961 0.063921303 0.035137214 0.057497799 0.028138120 0.047998447 0.037778333 0.038303643 0.038009904 0.052933954 0.043855481 0.034813263 0.027995706 0.046311796 0.079333633 0.074675217 0.046508461 0.027958672
0.019927921 0.027955526 0.015183528 0.071257606 0.018407796 0.032852124 0.024942214 0.031496223 0.022558846 0.055749193 0.040771831 0.054842435 0.044221751 0.041667432 0.016217407 -0.012071273 0.017732710 0.062906086 0.028497098 0.037308965 0.012058882 0.034164164 0.010032242 0.026423290 0.031906463 0.052389897 0.026542543 0.024225539 0.009652024 0.038623821 0.080374509 0.080065995 0.034813456 0.011978119
0.030945947 0.019830789 0.002243421 0.055627711 0.005441643 0.011911821 0.008144517 0.012472508 0.007123856 0.042291623 0.016458685 0.044378020 0.020988999 0.015947875 0.031879961 0.017732710 -0.007534573 0.031897459 0.013375756 0.028482648 0.003786488 0.018638812 0.016494181 0.009914721 0.020374589 0.025252018 0.007008518 0.010403041 0.011657221 0.016258894 0.070912585 0.046358969 0.022154309 0.017108280
0.061927080 0.029262114 0.025474507 0.033889230 0.022126354 0.024615373 0.018981703 0.013972730 0.025243588 0.016581234 0.012620714 0.024635216 0.018425435 0.014653267 0.063921303 0.062906086 0.031897459 -0.010523342 0.024380349 0.027347606 0.030181954 0.026717782 0.060000759 0.020138396 0.019792136 0.011375385 0.017999958 0.029655274 0.045882516 0.021291681 0.047712293 0.022305038 0.044175655 0.036226630
0.038481917 0.024017744 0.011599131 0.050850362 0.012796055 0.013048543 0.012483049 0.008243814 0.013293935 0.036066324 0.009603624 0.040669724 0.016539490 0.012095153 0.035137214 0.028497098 0.013375756 0.024380349 -0.005942971 0.029974718 0.011723174 0.019799519 0.030251760 0.014144182 0.017194547 0.020761833 0.010246653 0.019109108 0.017072324 0.016980017 0.060143396 0.038804330 0.033643693 0.016130414
0.059935212 0.032199502 0.021082569 0.034135997 0.025798805 0.024337839 0.008214233 0.011993015 0.016521495 0.009292231 0.013983505 0.014241138 0.012931523 0.007705249 0.057497799 0.037308965 0.028482648 0.027347606 0.029974718 0.000798265 0.024416773 0.019009758 0.035533622 0.014816343 0.015866784 0.010177077 0.013413133 0.018227093 0.041694693 0.020980028 0.050216973 0.034001589 0.040041480 0.035153799
0.023187175 0.017010367 0.002176181 0.049644016 0.012398895 0.008274225 0.004269790 0.008288966 0.008352050 0.034654509 0.013426088 0.034908801 0.017298784 0.008349393 0.028138120 0.012058882 0.003786488 0.030181954 0.011723174 0.024416773 -0.001396987 0.010883818 0.006751493 0.003923055 0.023414459 0.022838060 0.002911143 0.007521393 0.005339007 0.013660820 0.054887481 0.035485841 0.015849080 0.011792600
0.048359290 0.018828811 0.013855707 0.041929699 0.020513419 0.016511213 0.008380096 0.011504529 -0.000397377 0.024399325 0.015156785 0.030259833 0.012263240 0.012642311 0.047998447 0.034164164 0.018638812 0.026717782 0.019799519 0.019009758 0.010883818 -0.020282798 0.027416209 0.001618963 0.022222374 0.011137813 0.014365502 0.013296090 0.026494805 0.017198088 0.068193927 0.031430043 0.024441203 0.021300834
0.023669550 0.037027415 0.016593838 0.065287359 0.016391177 0.029582219 0.019646693 0.030459082 0.013437542 0.053179529 0.034483954 0.051277511 0.035840120 0.036807157 0.037778333 0.010032242 0.016494181 0.060000759 0.030251760 0.035533622 0.006751493 0.027416209 0.005557224 0.020322470 0.031382035 0.045423631 0.026349818 0.020722631 0.019045558 0.033622086 0.087500691 0.072814919 0.027377119 0.018897766
0.039788127 0.015986362 0.001089159 0.035292670 0.014556255 0.009446980 -0.002027125 0.000903226 0.002202695 0.021745982 0.007841354 0.023250984 0.008134046 0.005867090 0.038303643 0.026423290 0.009914721 0.020138396 0.014144182 0.014816343 0.003923055 0.001618963 0.020322470 -0.002946217 0.014742688 0.008772570 -0.003292398 0.001988054 0.019587899 0.003276902 0.049972333 0.028543541 0.020500634 0.017521841
0.046063952 -0.000204630 0.014879907 0.032699235 0.022606615 0.019465229 0.016963588 0.006510163 0.025772247 0.018221358 0.017951064 0.025968039 0.009087984 0.013874520 0.038009904 0.031906463 0.020374589 0.019792136 0.017194547 0.015866784 0.023414459 0.022222374 0.031382035 0.014742688 -0.031759992 0.014784551 0.011387102 0.015057679 0.035649203 0.019026920 0.048732918 0.030409461 0.033368267 0.027704908
0.048440401 0.019451620 0.022558242 0.026038181 0.021457413 0.020974532 0.009077137 0.010100085 0.011784457 0.004528219 0.002643903 0.013024611 0.000693352 0.010532627 0.052933954 0.052389897 0.025252018 0.011375385 0.020761833 0.010177077 0.022838060 0.011137813 0.045423631 0.008772570 0.014784551 -0.001621835 0.012380041 0.018426592 0.036425240 0.010617545 0.046645373 0.020574134 0.028505487 0.028214186
0.041347444 0.023525922 0.001055553 0.043798946 0.012457315 0.008515028 -0.002403910 -0.000916908 -0.001774051 0.029207923 0.005191065 0.028863387 0.003945224 0.006461794 0.043855481 0.026542543 0.007008518 0.017999958 0.010246653 0.013413133 0.002911143 0.014365502 0.026349818 -0.003292398 0.011387102 0.012380041 -0.009864395 0.005382278 0.020796809 0.002770187 0.059189752 0.043273661 0.032605320 0.017929191
0.037560754 0.016874984 0.010626988 0.043850247 0.011096751 0.009123644 0.002010351 0.009262258 0.000762620 0.030448852 0.009807535 0.029739529 0.011906859 0.009255838 0.034813263 0.024225539 0.010403041 0.029655274 0.019109108 0.018227093 0.007521393 0.013296090 0.020722631 0.001988054 0.015057679 0.018426592 0.005382278 -0.003773898 0.019675922 0.010544227 0.057739653 0.036509395 0.018259929 0.014877249
0.021296766 0.029729571 0.012165641 0.066804886 0.008011963 0.024238253 0.020762345 0.023262462 0.018470665 0.054014370 0.031535462 0.053906433 0.039583921 0.026804579 0.027995706 0.009652024 0.011657221 0.045882516 0.017072324 0.041694693 0.005339007 0.026494805 0.019045558 0.019587899 0.035649203 0.036425240 0.020796809 0.019675922 -0.001230875 0.026182376 0.075558931 0.059566818 0.028933605 0.014956742
0.048749436 0.030286282 0.013895384 0.044106282 0.009656159 0.009614553 -0.000228675 0.005319358 0.002833303 0.028935563 0.005718945 0.031953372 0.010592166 0.007125781 0.046311796 0.038623821 0.016258894 0.021291681 0.016980017 0.020980028 0.013660820 0.017198088 0.033622086 0.003276902 0.019026920 0.010617545 0.002770187 0.010544227 0.026182376 -0.013046877 0.064432681 0.040036414 0.031790711 0.020199856
0.085727535 0.074978158 0.053500608 0.042455327 0.038491335 0.049617495 0.049891945 0.041260712 0.063997515 0.030281605 0.049372122 0.061476704 0.044071835 0.047359973 0.079333633 0.080374509 0.070912585 0.047712293 0.060143396 0.050216973 0.054887481 0.068193927 0.087500691 0.049972333 0.048732918 0.046645373 0.059189752 0.057739653 0.075558931 0.064432681 0.013902070 0.057883795 0.080672368 0.051548682
0.069109708 0.027083030 0.040635724 0.026045648 0.036129985 0.031405479 0.028924387 0.025871281 0.036122356 0.011398392 0.019968126 0.029244475 0.018297266 0.024292715 0.074675217 0.080065995 0.046358969 0.022305038 0.038804330 0.034001589 0.035485841 0.031430043 0.072814919 0.028543541 0.030409461 0.020574134 0.043273661 0.036509395 0.059566818 0.040036414 0.057883795 -0.003960781 0.049336016 0.049840510
0.043276444 0.021647455 0.027538652 0.053694077 0.017258752 0.028846279 0.023956697 0.030729979 0.029646728 0.035790179 0.025324516 0.042843245 0.033009782 0.025571818 0.046508461 0.034813456 0.022154309 0.044175655 0.033643693 0.040041480 0.015849080 0.024441203 0.027377119 0.020500634 0.033368267 0.028505487 0.032605320 0.018259929 0.028933605 0.031790711 0.080672368 0.049336016 -0.020031538 0.023754662
0.022275481 0.023877271 0.010849893 0.050779279 0.016889388 0.020376943 0.017104952 0.022339119 0.018420376 0.038904995 0.023885272 0.042180546 0.027438896 0.024784107 0.027958672 0.011978119 0.017108280 0.036226630 0.016130414 0.035153799 0.011792600 0.021300834 0.018897766 0.017521841 0.027704908 0.028214186 0.017929191 0.014877249 0.014956742 0.020199856 0.051548682 0.049840510 0.023754662 0.002886299
