0.000000000 0.021459227 0.008849557 0.179856122 0.065420561 0.033898305 0.012987013 0.050000001 0.037974682 0.091633469 0.037974682 0.112840466 0.070422538 0.012987013 0.045871560 0.045871560 0.017241379 0.119691119 0.037974682 0.057851240 0.055555556 0.061728396 0.096153848 0.050000001 0.091633469 0.046025105 0.013333334 0.033898305 0.022421524 0.021459227 0.091633469 0.065573767 0.046025105 0.065420561
0.021459227 0.000000000 0.030303031 0.159010604 0.086757988 0.012448133 0.008474576 0.028571429 0.016528925 0.070312500 0.016528925 0.091603056 0.091743119 0.008474576 0.067264572 0.067264572 0.004219409 0.098484851 0.016528925 0.036437247 0.076923080 0.040322579 0.117370889 0.028571429 0.070312500 0.024590164 0.034782607 0.012448133 0.043859649 0.000000000 0.070312500 0.044176705 0.024590164 0.086757988
0.008849557 0.030303031 0.000000000 0.188405797 0.056603774 0.042735044 0.021834061 0.058823530 0.046808511 0.100401610 0.046808511 0.121568628 0.061611373 0.021834061 0.037037037 0.037037037 0.026086956 0.128404662 0.046808511 0.066666670 0.046728972 0.070539422 0.087378643 0.058823530 0.100401610 0.054852322 0.004484305 0.042735044 0.013574661 0.030303031 0.100401610 0.074380167 0.054852322 0.056603774
0.179856122 0.159010604 0.188405797 0.000000000 0.242424250 0.146853149 0.167259783 0.131034479 0.142857149 0.089700997 0.142857149 0.068403907 0.247148290 0.167259783 0.223880604 0.223880604 0.163120568 0.061488673 0.142857149 0.123287670 0.233082712 0.119453922 0.271317840 0.131034479 0.089700997 0.134948090 0.192727268 0.146853149 0.201465204 0.159010604 0.089700997 0.115646258 0.134948090 0.242424250
0.065420561 0.086757988 0.056603774 0.242424250 0.000000000 0.099099100 0.078341015 0.115044251 0.103139013 0.156118140 0.103139013 0.176954731 0.005025126 0.078341015 0.019607844 0.019607844 0.082568809 0.183673471 0.103139013 0.122807018 0.009900990 0.126637548 0.030927835 0.115044251 0.156118140 0.111111112 0.052132700 0.099099100 0.043062203 0.086757988 0.156118140 0.130434781 0.111111112 0.000000000
0.033898305 0.012448133 0.042735044 0.146853149 0.099099100 0.000000000 0.020920502 0.016129032 0.004081632 0.057915058 0.004081632 0.079245284 0.104072399 0.020920502 0.079646021 0.079646021 0.016666668 0.086142324 0.004081632 0.024000000 0.089285716 0.027888447 0.129629627 0.016129032 0.057915058 0.012145749 0.047210302 0.000000000 0.056277055 0.012448133 0.057915058 0.031746034 0.012145749 0.099099100
0.012987013 0.008474576 0.021834061 0.167259783 0.078341015 0.020920502 0.000000000 0.037037037 0.025000000 0.078740157 0.025000000 0.100000001 0.083333336 0.000000000 0.058823530 0.058823530 0.004255319 0.106870227 0.025000000 0.044897959 0.068493150 0.048780486 0.109004736 0.037037037 0.078740157 0.033057850 0.026315790 0.020920502 0.035398230 0.008474576 0.078740157 0.052631579 0.033057850 0.078341015
0.050000001 0.028571429 0.058823530 0.131034479 0.115044251 0.016129032 0.037037037 0.000000000 0.012048192 0.041825093 0.012048192 0.063197024 0.119999997 0.037037037 0.095652170 0.095652170 0.032786883 0.070110701 0.012048192 0.007874016 0.105263159 0.011764706 0.145454541 0.000000000 0.041825093 0.003984064 0.063291140 0.016129032 0.072340429 0.028571429 0.041825093 0.015625000 0.003984064 0.115044251
0.037974682 0.016528925 0.046808511 0.142857149 0.103139013 0.004081632 0.025000000 0.012048192 0.000000000 0.053846154 0.000000000 0.075187966 0.108108111 0.025000000 0.083700441 0.083700441 0.020746889 0.082089551 0.000000000 0.019920319 0.093333334 0.023809524 0.133640558 0.012048192 0.053846154 0.008064516 0.051282052 0.004081632 0.060344826 0.016528925 0.053846154 0.027667984 0.008064516 0.103139013
0.091633469 0.070312500 0.100401610 0.089700997 0.156118140 0.057915058 0.078740157 0.041825093 0.053846154 0.000000000 0.053846154 0.021428572 0.161016956 0.078740157 0.136929467 0.136929467 0.074509807 0.028368793 0.053846154 0.033962265 0.146443516 0.030075189 0.186147183 0.041825093 0.000000000 0.045801528 0.104838707 0.057915058 0.113821141 0.070312500 0.000000000 0.026217228 0.045801528 0.156118140
0.037974682 0.016528925 0.046808511 0.142857149 0.103139013 0.004081632 0.025000000 0.012048192 0.000000000 0.053846154 0.000000000 0.075187966 0.108108111 0.025000000 0.083700441 0.083700441 0.020746889 0.082089551 0.000000000 0.019920319 0.093333334 0.023809524 0.133640558 0.012048192 0.053846154 0.008064516 0.051282052 0.004081632 0.060344826 0.016528925 0.053846154 0.027667984 0.008064516 0.103139013
0.112840466 0.091603056 0.121568628 0.068403907 0.176954731 0.079245284 0.100000001 0.063197024 0.075187966 0.021428572 0.075187966 0.000000000 0.181818187 0.100000001 0.157894731 0.157894731 0.095785439 0.006944444 0.075187966 0.055350553 0.167346939 0.051470589 0.206751049 0.063197024 0.021428572 0.067164183 0.125984251 0.079245284 0.134920642 0.091603056 0.021428572 0.047619049 0.067164183 0.176954731
0.070422538 0.091743119 0.061611373 0.247148290 0.005025126 0.104072399 0.083333336 0.119999997 0.108108111 0.161016956 0.108108111 0.181818187 0.000000000 0.083333336 0.024630541 0.024630541 0.087557606 0.188524589 0.108108111 0.127753302 0.014925373 0.131578952 0.025906736 0.119999997 0.161016956 0.116071425 0.057142857 0.104072399 0.048076924 0.091743119 0.161016956 0.135371178 0.116071425 0.005025126
0.012987013 0.008474576 0.021834061 0.167259783 0.078341015 0.020920502 0.000000000 0.037037037 0.025000000 0.078740157 0.025000000 0.100000001 0.083333336 0.000000000 0.058823530 0.058823530 0.004255319 0.106870227 0.025000000 0.044897959 0.068493150 0.048780486 0.109004736 0.037037037 0.078740157 0.033057850 0.026315790 0.020920502 0.035398230 0.008474576 0.078740157 0.052631579 0.033057850 0.078341015
0.045871560 0.067264572 0.037037037 0.223880604 0.019607844 0.079646021 0.058823530 0.095652170 0.083700441 0.136929467 0.083700441 0.157894731 0.024630541 0.058823530 0.000000000 0.000000000 0.063063063 0.164658636 0.083700441 0.103448279 0.009708738 0.107296139 0.050505050 0.095652170 0.136929467 0.091703057 0.032558139 0.079646021 0.023474179 0.067264572 0.136929467 0.111111112 0.091703057 0.019607844
0.045871560 0.067264572 0.037037037 0.223880604 0.019607844 0.079646021 0.058823530 0.095652170 0.083700441 0.136929467 0.083700441 0.157894731 0.024630541 0.058823530 0.000000000 0.000000000 0.063063063 0.164658636 0.083700441 0.103448279 0.009708738 0.107296139 0.050505050 0.095652170 0.136929467 0.091703057 0.032558139 0.079646021 0.023474179 0.067264572 0.136929467 0.111111112 0.091703057 0.019607844
0.017241379 0.004219409 0.026086956 0.163120568 0.082568809 0.016666668 0.004255319 0.032786883 0.020746889 0.074509807 0.020746889 0.095785439 0.087557606 0.004255319 0.063063063 0.063063063 0.000000000 0.102661595 0.020746889 0.040650405 0.072727270 0.044534411 0.113207549 0.032786883 0.074509807 0.028806584 0.030567685 0.016666668 0.039647575 0.004219409 0.074509807 0.048387095 0.028806584 0.082568809
0.119691119 0.098484851 0.128404662 0.061488673 0.183673471 0.086142324 0.106870227 0.070110701 0.082089551 0.028368793 0.082089551 0.006944444 0.188524589 0.106870227 0.164658636 0.164658636 0.102661595 0.000000000 0.082089551 0.062271062 0.174089074 0.058394160 0.213389128 0.070110701 0.028368793 0.074074075 0.132812500 0.086142324 0.141732290 0.098484851 0.028368793 0.054545455 0.074074075 0.183673471
0.037974682 0.016528925 0.046808511 0.142857149 0.103139013 0.004081632 0.025000000 0.012048192 0.000000000 0.053846154 0.000000000 0.075187966 0.108108111 0.025000000 0.083700441 0.083700441 0.020746889 0.082089551 0.000000000 0.019920319 0.093333334 0.023809524 0.133640558 0.012048192 0.053846154 0.008064516 0.051282052 0.004081632 0.060344826 0.016528925 0.053846154 0.027667984 0.008064516 0.103139013
0.057851240 0.036437247 0.066666670 0.123287670 0.122807018 0.024000000 0.044897959 0.007874016 0.019920319 0.033962265 0.019920319 0.055350553 0.127753302 0.044897959 0.103448279 0.103448279 0.040650405 0.062271062 0.019920319 0.000000000 0.113043480 0.003891051 0.153153151 0.007874016 0.033962265 0.011857707 0.071129709 0.024000000 0.080168776 0.036437247 0.033962265 0.007751938 0.011857707 0.122807018
0.055555556 0.076923080 0.046728972 0.233082712 0.009900990 0.089285716 0.068493150 0.105263159 0.093333334 0.146443516 0.093333334 0.167346939 0.014925373 0.068493150 0.009708738 0.009708738 0.072727270 0.174089074 0.093333334 0.113043480 0.000000000 0.116883114 0.040816326 0.105263159 0.146443516 0.101321585 0.042253520 0.089285716 0.033175357 0.076923080 0.146443516 0.120689653 0.101321585 0.009900990
0.061728396 0.040322579 0.070539422 0.119453922 0.126637548 0.027888447 0.048780486 0.011764706 0.023809524 0.030075189 0.023809524 0.051470589 0.131578952 0.048780486 0.107296139 0.107296139 0.044534411 0.058394160 0.023809524 0.003891051 0.116883114 0.000000000 0.156950668 0.011764706 0.030075189 0.015748031 0.075000003 0.027888447 0.084033616 0.040322579 0.030075189 0.003861004 0.015748031 0.126637548
0.096153848 0.117370889 0.087378643 0.271317840 0.030927835 0.129629627 0.109004736 0.145454541 0.133640558 0.186147183 0.133640558 0.206751049 0.025906736 0.109004736 0.050505050 0.050505050 0.113207549 0.213389128 0.133640558 0.153153151 0.040816326 0.156950668 0.000000000 0.145454541 0.186147183 0.141552508 0.082926832 0.129629627 0.073891625 0.117370889 0.186147183 0.160714284 0.141552508 0.030927835
0.050000001 0.028571429 0.058823530 0.131034479 0.115044251 0.016129032 0.037037037 0.000000000 0.012048192 0.041825093 0.012048192 0.063197024 0.119999997 0.037037037 0.095652170 0.095652170 0.032786883 0.070110701 0.012048192 0.007874016 0.105263159 0.011764706 0.145454541 0.000000000 0.041825093 0.003984064 0.063291140 0.016129032 0.072340429 0.028571429 0.041825093 0.015625000 0.003984064 0.115044251
0.091633469 0.070312500 0.100401610 0.089700997 0.156118140 0.057915058 0.078740157 0.041825093 0.053846154 0.000000000 0.053846154 0.021428572 0.161016956 0.078740157 0.136929467 0.136929467 0.074509807 0.028368793 0.053846154 0.033962265 0.146443516 0.030075189 0.186147183 0.041825093 0.000000000 0.045801528 0.104838707 0.057915058 0.113821141 0.070312500 0.000000000 0.026217228 0.045801528 0.156118140
0.046025105 0.024590164 0.054852322 0.134948090 0.111111112 0.012145749 0.033057850 0.003984064 0.008064516 0.045801528 0.008064516 0.067164183 0.116071425 0.033057850 0.091703057 0.091703057 0.028806584 0.074074075 0.008064516 0.011857707 0.101321585 0.015748031 0.141552508 0.003984064 0.045801528 0.000000000 0.059322033 0.012145749 0.068376072 0.024590164 0.045801528 0.019607844 0.000000000 0.111111112
0.013333334 0.034782607 0.004484305 0.192727268 0.052132700 0.047210302 0.026315790 0.063291140 0.051282052 0.104838707 0.051282052 0.125984251 0.057142857 0.026315790 0.032558139 0.032558139 0.030567685 0.132812500 0.051282052 0.071129709 0.042253520 0.075000003 0.082926832 0.063291140 0.104838707 0.059322033 0.000000000 0.047210302 0.009090909 0.034782607 0.104838707 0.078838177 0.059322033 0.052132700
0.033898305 0.012448133 0.042735044 0.146853149 0.099099100 0.000000000 0.020920502 0.016129032 0.004081632 0.057915058 0.004081632 0.079245284 0.104072399 0.020920502 0.079646021 0.079646021 0.016666668 0.086142324 0.004081632 0.024000000 0.089285716 0.027888447 0.129629627 0.016129032 0.057915058 0.012145749 0.047210302 0.000000000 0.056277055 0.012448133 0.057915058 0.031746034 0.012145749 0.099099100
0.022421524 0.043859649 0.013574661 0.201465204 0.043062203 0.056277055 0.035398230 0.072340429 0.060344826 0.113821141 0.060344826 0.134920642 0.048076924 0.035398230 0.023474179 0.023474179 0.039647575 0.141732290 0.060344826 0.080168776 0.033175357 0.084033616 0.073891625 0.072340429 0.113821141 0.068376072 0.009090909 0.056277055 0.000000000 0.043859649 0.113821141 0.087866105 0.068376072 0.043062203
0.021459227 0.000000000 0.030303031 0.159010604 0.086757988 0.012448133 0.008474576 0.028571429 0.016528925 0.070312500 0.016528925 0.091603056 0.091743119 0.008474576 0.067264572 0.067264572 0.004219409 0.098484851 0.016528925 0.036437247 0.076923080 0.040322579 0.117370889 0.028571429 0.070312500 0.024590164 0.034782607 0.012448133 0.043859649 0.000000000 0.070312500 0.044176705 0.024590164 0.086757988
0.091633469 0.070312500 0.100401610 0.089700997 0.156118140 0.057915058 0.078740157 0.041825093 0.053846154 0.000000000 0.053846154 0.021428572 0.161016956 0.078740157 0.136929467 0.136929467 0.074509807 0.028368793 0.053846154 0.033962265 0.146443516 0.030075189 0.186147183 0.041825093 0.000000000 0.045801528 0.104838707 0.057915058 0.113821141 0.070312500 0.000000000 0.026217228 0.045801528 0.156118140
0.065573767 0.044176705 0.074380167 0.115646258 0.130434781 0.031746034 0.052631579 0.015625000 0.027667984 0.026217228 0.027667984 0.047619049 0.135371178 0.052631579 0.111111112 0.111111112 0.048387095 0.054545455 0.027667984 0.007751938 0.120689653 0.003861004 0.160714284 0.015625000 0.026217228 0.019607844 0.078838177 0.031746034 0.087866105 0.044176705 0.026217228 0.000000000 0.019607844 0.130434781
0.046025105 0.024590164 0.054852322 0.134948090 0.111111112 0.012145749 0.033057850 0.003984064 0.008064516 0.045801528 0.008064516 0.067164183 0.116071425 0.033057850 0.091703057 0.091703057 0.028806584 0.074074075 0.008064516 0.011857707 0.101321585 0.015748031 0.141552508 0.003984064 0.045801528 0.000000000 0.059322033 0.012145749 0.068376072 0.024590164 0.045801528 0.019607844 0.000000000 0.111111112
0.065420561 0.086757988 0.056603774 0.242424250 0.000000000 0.099099100 0.078341015 0.115044251 0.103139013 0.156118140 0.103139013 0.176954731 0.005025126 0.078341015 0.019607844 0.019607844 0.082568809 0.183673471 0.103139013 0.122807018 0.009900990 0.126637548 0.030927835 0.115044251 0.156118140 0.111111112 0.052132700 0.099099100 0.043062203 0.086757988 0.156118140 0.130434781 0.111111112 0.000000000
