0.000000000 0.023041476 0.027777778 0.139534891 0.004524887 0.090163931 0.034782607 0.101214573 0.104838707 0.101214573 0.075000003 0.119047619 0.101214573 0.063291140 0.008928572 0.013698630 0.034782607 0.097560972 0.008928572 0.108433738 0.022026431 0.090163931 0.004524887 0.000000000 0.026315790 0.063291140 0.047210302 0.017699115 0.027777778 0.075000003 0.142857149 0.198555961 0.093877554 0.030567685
0.023041476 0.000000000 0.004739337 0.162055343 0.018518519 0.112970710 0.057777777 0.123966940 0.127572015 0.123966940 0.097872339 0.141700402 0.123966940 0.086206898 0.031963471 0.009345794 0.057777777 0.120331950 0.031963471 0.131147534 0.045045044 0.112970710 0.018518519 0.023041476 0.049327355 0.086206898 0.070175439 0.040723983 0.004739337 0.097872339 0.165354326 0.220588237 0.116666667 0.053571429
0.027777778 0.004739337 0.000000000 0.166666672 0.023255814 0.117647059 0.062500000 0.128630713 0.132231399 0.128630713 0.102564104 0.146341458 0.128630713 0.090909094 0.036697246 0.014084507 0.062500000 0.125000000 0.036697246 0.135802463 0.049773756 0.117647059 0.023255814 0.027777778 0.054054055 0.090909094 0.074889868 0.045454547 0.000000000 0.102564104 0.169960469 0.225092247 0.121338911 0.058295965
0.139534891 0.162055343 0.166666672 0.000000000 0.143968865 0.050000001 0.105263159 0.038869258 0.035211269 0.038869258 0.065217391 0.020833334 0.038869258 0.076923080 0.130769238 0.152941182 0.105263159 0.042553190 0.130769238 0.031578947 0.117870726 0.050000001 0.143968865 0.139534891 0.113636367 0.076923080 0.092936806 0.122137405 0.166666672 0.065217391 0.003389830 0.060702875 0.046263345 0.109433964
0.004524887 0.018518519 0.023255814 0.143968865 0.000000000 0.094650209 0.039301310 0.105691060 0.109311745 0.105691060 0.079497911 0.123505980 0.105691060 0.067796610 0.013452915 0.009174312 0.039301310 0.102040820 0.013452915 0.112903222 0.026548672 0.094650209 0.000000000 0.004524887 0.030837005 0.067796610 0.051724140 0.022222223 0.023255814 0.079497911 0.147286817 0.202898547 0.098360658 0.035087720
0.090163931 0.112970710 0.117647059 0.050000001 0.094650209 0.000000000 0.055555556 0.011152416 0.014814815 0.011152416 0.015267176 0.029197080 0.011152416 0.027027028 0.081300810 0.103734441 0.055555556 0.007462686 0.081300810 0.018450184 0.068273090 0.000000000 0.094650209 0.090163931 0.064000003 0.027027028 0.043137256 0.072580643 0.117647059 0.015267176 0.053380784 0.110367894 0.003745318 0.059760958
0.034782607 0.057777777 0.062500000 0.105263159 0.039301310 0.055555556 0.000000000 0.066666670 0.070312500 0.066666670 0.040322579 0.084615387 0.066666670 0.028571429 0.025862070 0.048458152 0.000000000 0.062992126 0.025862070 0.073929958 0.012765957 0.055555556 0.039301310 0.034782607 0.008474576 0.028571429 0.012448133 0.017094018 0.062500000 0.040322579 0.108614229 0.164912283 0.059288539 0.004219409
0.101214573 0.123966940 0.128630713 0.038869258 0.105691060 0.011152416 0.066666670 0.000000000 0.003663004 0.000000000 0.026415095 0.018050542 0.000000000 0.038167939 0.092369474 0.114754096 0.066666670 0.003690037 0.092369474 0.007299270 0.079365082 0.011152416 0.105691060 0.101214573 0.075098813 0.038167939 0.054263566 0.083665341 0.128630713 0.026415095 0.042253520 0.099337749 0.007407407 0.070866145
0.104838707 0.127572015 0.132231399 0.035211269 0.109311745 0.014814815 0.070312500 0.003663004 0.000000000 0.003663004 0.030075189 0.014388490 0.003663004 0.041825093 0.096000001 0.118367344 0.070312500 0.007352941 0.096000001 0.003636364 0.083003953 0.014814815 0.109311745 0.104838707 0.078740157 0.041825093 0.057915058 0.087301590 0.132231399 0.030075189 0.038596492 0.095709570 0.011070111 0.074509807
0.101214573 0.123966940 0.128630713 0.038869258 0.105691060 0.011152416 0.066666670 0.000000000 0.003663004 0.000000000 0.026415095 0.018050542 0.000000000 0.038167939 0.092369474 0.114754096 0.066666670 0.003690037 0.092369474 0.007299270 0.079365082 0.011152416 0.105691060 0.101214573 0.075098813 0.038167939 0.054263566 0.083665341 0.128630713 0.026415095 0.042253520 0.099337749 0.007407407 0.070866145
0.075000003 0.097872339 0.102564104 0.065217391 0.079497911 0.015267176 0.040322579 0.026415095 0.030075189 0.026415095 0.000000000 0.044444446 0.026415095 0.011764706 0.066115700 0.088607594 0.040322579 0.022727273 0.066115700 0.033707865 0.053061225 0.015267176 0.079497911 0.075000003 0.048780486 0.011764706 0.027888447 0.057377048 0.102564104 0.000000000 0.068592057 0.125423729 0.019011406 0.044534411
0.119047619 0.141700402 0.146341458 0.020833334 0.123505980 0.029197080 0.084615387 0.018050542 0.014388490 0.018050542 0.044444446 0.000000000 0.018050542 0.056179777 0.110236220 0.132530123 0.084615387 0.021739131 0.110236220 0.010752688 0.097276263 0.029197080 0.123505980 0.119047619 0.093023255 0.056179777 0.072243348 0.101562500 0.146341458 0.044444446 0.024221454 0.081433222 0.025454545 0.088803090
0.101214573 0.123966940 0.128630713 0.038869258 0.105691060 0.011152416 0.066666670 0.000000000 0.003663004 0.000000000 0.026415095 0.018050542 0.000000000 0.038167939 0.092369474 0.114754096 0.066666670 0.003690037 0.092369474 0.007299270 0.079365082 0.011152416 0.105691060 0.101214573 0.075098813 0.038167939 0.054263566 0.083665341 0.128630713 0.026415095 0.042253520 0.099337749 0.007407407 0.070866145
0.063291140 0.086206898 0.090909094 0.076923080 0.067796610 0.027027028 0.028571429 0.038167939 0.041825093 0.038167939 0.011764706 0.056179777 0.038167939 0.000000000 0.054393306 0.076923080 0.028571429 0.034482758 0.054393306 0.045454547 0.041322313 0.027027028 0.067796610 0.063291140 0.037037037 0.000000000 0.016129032 0.045643155 0.090909094 0.011764706 0.080291972 0.136986300 0.030769231 0.032786883
0.008928572 0.031963471 0.036697246 0.130769238 0.013452915 0.081300810 0.025862070 0.092369474 0.096000001 0.092369474 0.066115700 0.110236220 0.092369474 0.054393306 0.000000000 0.022624435 0.025862070 0.088709675 0.000000000 0.099601597 0.013100437 0.081300810 0.013452915 0.008928572 0.017391304 0.054393306 0.038297873 0.008771930 0.036697246 0.066115700 0.134099618 0.189964160 0.085020244 0.021645023
0.013698630 0.009345794 0.014084507 0.152941182 0.009174312 0.103734441 0.048458152 0.114754096 0.118367344 0.114754096 0.088607594 0.132530123 0.114754096 0.076923080 0.022624435 0.000000000 0.048458152 0.111111112 0.022624435 0.121951222 0.035714287 0.103734441 0.009174312 0.013698630 0.039999999 0.076923080 0.060869563 0.031390134 0.014084507 0.088607594 0.156250000 0.211678833 0.107438013 0.044247787
0.034782607 0.057777777 0.062500000 0.105263159 0.039301310 0.055555556 0.000000000 0.066666670 0.070312500 0.066666670 0.040322579 0.084615387 0.066666670 0.028571429 0.025862070 0.048458152 0.000000000 0.062992126 0.025862070 0.073929958 0.012765957 0.055555556 0.039301310 0.034782607 0.008474576 0.028571429 0.012448133 0.017094018 0.062500000 0.040322579 0.108614229 0.164912283 0.059288539 0.004219409
0.097560972 0.120331950 0.125000000 0.042553190 0.102040820 0.007462686 0.062992126 0.003690037 0.007352941 0.003690037 0.022727273 0.021739131 0.003690037 0.034482758 0.088709675 0.111111112 0.062992126 0.000000000 0.088709675 0.010989011 0.075697213 0.007462686 0.102040820 0.097560972 0.071428575 0.034482758 0.050583657 0.079999998 0.125000000 0.022727273 0.045936394 0.102990031 0.003717472 0.067193680
0.008928572 0.031963471 0.036697246 0.130769238 0.013452915 0.081300810 0.025862070 0.092369474 0.096000001 0.092369474 0.066115700 0.110236220 0.092369474 0.054393306 0.000000000 0.022624435 0.025862070 0.088709675 0.000000000 0.099601597 0.013100437 0.081300810 0.013452915 0.008928572 0.017391304 0.054393306 0.038297873 0.008771930 0.036697246 0.066115700 0.134099618 0.189964160 0.085020244 0.021645023
0.108433738 0.131147534 0.135802463 0.031578947 0.112903222 0.018450184 0.073929958 0.007299270 0.003636364 0.007299270 0.033707865 0.010752688 0.007299270 0.045454547 0.099601597 0.121951222 0.073929958 0.010989011 0.099601597 0.000000000 0.086614177 0.018450184 0.112903222 0.108433738 0.082352944 0.045454547 0.061538462 0.090909094 0.135802463 0.033707865 0.034965035 0.092105262 0.014705882 0.078125000
0.022026431 0.045045044 0.049773756 0.117870726 0.026548672 0.068273090 0.012765957 0.079365082 0.083003953 0.079365082 0.053061225 0.097276263 0.079365082 0.041322313 0.013100437 0.035714287 0.012765957 0.075697213 0.013100437 0.086614177 0.000000000 0.068273090 0.026548672 0.022026431 0.004291845 0.041322313 0.025210084 0.004329004 0.049773756 0.053061225 0.121212125 0.177304968 0.071999997 0.008547009
0.090163931 0.112970710 0.117647059 0.050000001 0.094650209 0.000000000 0.055555556 0.011152416 0.014814815 0.011152416 0.015267176 0.029197080 0.011152416 0.027027028 0.081300810 0.103734441 0.055555556 0.007462686 0.081300810 0.018450184 0.068273090 0.000000000 0.094650209 0.090163931 0.064000003 0.027027028 0.043137256 0.072580643 0.117647059 0.015267176 0.053380784 0.110367894 0.003745318 0.059760958
0.004524887 0.018518519 0.023255814 0.143968865 0.000000000 0.094650209 0.039301310 0.105691060 0.109311745 0.105691060 0.079497911 0.123505980 0.105691060 0.067796610 0.013452915 0.009174312 0.039301310 0.102040820 0.013452915 0.112903222 0.026548672 0.094650209 0.000000000 0.004524887 0.030837005 0.067796610 0.051724140 0.022222223 0.023255814 0.079497911 0.147286817 0.202898547 0.098360658 0.035087720
0.000000000 0.023041476 0.027777778 0.139534891 0.004524887 0.090163931 0.034782607 0.101214573 0.104838707 0.101214573 0.075000003 0.119047619 0.101214573 0.063291140 0.008928572 0.013698630 0.034782607 0.097560972 0.008928572 0.108433738 0.022026431 0.090163931 0.004524887 0.000000000 0.026315790 0.063291140 0.047210302 0.017699115 0.027777778 0.075000003 0.142857149 0.198555961 0.093877554 0.030567685
0.026315790 0.049327355 0.054054055 0.113636367 0.030837005 0.064000003 0.008474576 0.075098813 0.078740157 0.075098813 0.048780486 0.093023255 0.075098813 0.037037037 0.017391304 0.039999999 0.008474576 0.071428575 0.017391304 0.082352944 0.004291845 0.064000003 0.030837005 0.026315790 0.000000000 0.037037037 0.020920502 0.008620690 0.054054055 0.048780486 0.116981134 0.173144877 0.067729086 0.004255319
0.063291140 0.086206898 0.090909094 0.076923080 0.067796610 0.027027028 0.028571429 0.038167939 0.041825093 0.038167939 0.011764706 0.056179777 0.038167939 0.000000000 0.054393306 0.076923080 0.028571429 0.034482758 0.054393306 0.045454547 0.041322313 0.027027028 0.067796610 0.063291140 0.037037037 0.000000000 0.016129032 0.045643155 0.090909094 0.011764706 0.080291972 0.136986300 0.030769231 0.032786883
0.047210302 0.070175439 0.074889868 0.092936806 0.051724140 0.043137256 0.012448133 0.054263566 0.057915058 0.054263566 0.027888447 0.072243348 0.054263566 0.016129032 0.038297873 0.060869563 0.012448133 0.050583657 0.038297873 0.061538462 0.025210084 0.043137256 0.051724140 0.047210302 0.020920502 0.016129032 0.000000000 0.029535865 0.074889868 0.027888447 0.096296296 0.152777776 0.046875000 0.016666668
0.017699115 0.040723983 0.045454547 0.122137405 0.022222223 0.072580643 0.017094018 0.083665341 0.087301590 0.083665341 0.057377048 0.101562500 0.083665341 0.045643155 0.008771930 0.031390134 0.017094018 0.079999998 0.008771930 0.090909094 0.004329004 0.072580643 0.022222223 0.017699115 0.008620690 0.045643155 0.029535865 0.000000000 0.045454547 0.057377048 0.125475287 0.181494668 0.076305218 0.012875536
0.027777778 0.004739337 0.000000000 0.166666672 0.023255814 0.117647059 0.062500000 0.128630713 0.132231399 0.128630713 0.102564104 0.146341458 0.128630713 0.090909094 0.036697246 0.014084507 0.062500000 0.125000000 0.036697246 0.135802463 0.049773756 0.117647059 0.023255814 0.027777778 0.054054055 0.090909094 0.074889868 0.045454547 0.000000000 0.102564104 0.169960469 0.225092247 0.121338911 0.058295965
0.075000003 0.097872339 0.102564104 0.065217391 0.079497911 0.015267176 0.040322579 0.026415095 0.030075189 0.026415095 0.000000000 0.044444446 0.026415095 0.011764706 0.066115700 0.088607594 0.040322579 0.022727273 0.066115700 0.033707865 0.053061225 0.015267176 0.079497911 0.075000003 0.048780486 0.011764706 0.027888447 0.057377048 0.102564104 0.000000000 0.068592057 0.125423729 0.019011406 0.044534411
0.142857149 0.165354326 0.169960469 0.003389830 0.147286817 0.053380784 0.108614229 0.042253520 0.038596492 0.042253520 0.068592057 0.024221454 0.042253520 0.080291972 0.134099618 0.156250000 0.108614229 0.045936394 0.134099618 0.034965035 0.121212125 0.053380784 0.147286817 0.142857149 0.116981134 0.080291972 0.096296296 0.125475287 0.169960469 0.068592057 0.000000000 0.057324842 0.049645390 0.112781957
0.198555961 0.220588237 0.225092247 0.060702875 0.202898547 0.110367894 0.164912283 0.099337749 0.095709570 0.099337749 0.125423729 0.081433222 0.099337749 0.136986300 0.189964160 0.211678833 0.164912283 0.102990031 0.189964160 0.092105262 0.177304968 0.110367894 0.202898547 0.198555961 0.173144877 0.136986300 0.152777776 0.181494668 0.225092247 0.125423729 0.057324842 0.000000000 0.106666669 0.169014081
0.093877554 0.116666667 0.121338911 0.046263345 0.098360658 0.003745318 0.059288539 0.007407407 0.011070111 0.007407407 0.019011406 0.025454545 0.007407407 0.030769231 0.085020244 0.107438013 0.059288539 0.003717472 0.085020244 0.014705882 0.071999997 0.003745318 0.098360658 0.093877554 0.067729086 0.030769231 0.046875000 0.076305218 0.121338911 0.019011406 0.049645390 0.106666669 0.000000000 0.063492067
0.030567685 0.053571429 0.058295965 0.109433964 0.035087720 0.059760958 0.004219409 0.070866145 0.074509807 0.070866145 0.044534411 0.088803090 0.070866145 0.032786883 0.021645023 0.044247787 0.004219409 0.067193680 0.021645023 0.078125000 0.008547009 0.059760958 0.035087720 0.030567685 0.004255319 0.032786883 0.016666668 0.012875536 0.058295965 0.044534411 0.112781957 0.169014081 0.063492067 0.000000000
