0.016056294 0.055871628 0.024569862 0.067252859 0.027356531 0.038999394 0.036251135 0.039604399 0.041308176 0.058009367 0.048472330 0.059661299 0.048249610 0.042281866 0.034093373 0.019899603 0.030273920 0.061408095 0.040236954 0.056896880 0.028921679 0.046217062 0.023592511 0.040239915 0.052337099 0.053104758 0.042774171 0.037099391 0.020452864 0.046411984 0.079140909 0.068389364 0.035285428 0.023209773
0.055871628 -0.043672688 0.018876322 0.053373016 0.028001312 0.024227183 0.023247520 0.022444535 0.034777790 0.039765988 0.029673152 0.039852902 0.030282645 0.025284523 0.051761061 0.032950602 0.024597121 0.037824139 0.029914454 0.045840643 0.025214907 0.024722373 0.038806673 0.022537243 0.013414226 0.025183301 0.026809582 0.022018796 0.034935519 0.032785103 0.073489115 0.037740625 0.026881872 0.030756231
0.024569862 0.018876322 -0.001292633 0.039361827 0.010046502 0.007081311 -0.000510481 0.003921667 0.004834910 0.026972530 0.011977278 0.029991589 0.016142512 0.011330944 0.030798987 0.012973078 0.003902159 0.028544715 0.014480750 0.019569896 0.002397149 0.010294252 0.009762117 0.001395920 0.020355457 0.018280320 0.003176359 0.004560684 0.012003908 0.009571016 0.053139836 0.031423077 0.016087512 0.006230292
0.067252859 0.053373016 0.039361827 0.007438626 0.041816063 0.031663552 0.031965937 0.029155061 0.042662319 0.010003632 0.031192450 0.026705822 0.025272839 0.032882228 0.073407650 0.071178690 0.049255684 0.030824732 0.045262583 0.030716706 0.047300849 0.037326176 0.061640210 0.031238098 0.042624261 0.024557451 0.040161457 0.039368279 0.060061768 0.033487216 0.035082802 0.024786057 0.045709141 0.047608294
0.027356531 0.028001312 0.010046502 0.041816063 -0.004442373 0.015817875 0.009359137 0.016452301 0.021608878 0.033159848 0.020513121 0.030855291 0.022424977 0.018602639 0.030822527 0.019641725 0.011639538 0.034207270 0.025074232 0.026818357 0.011946643 0.027747065 0.016654938 0.015281050 0.024502903 0.023894802 0.012995347 0.014786041 0.016697234 0.014423253 0.052951187 0.041338719 0.019069990 0.015158692
0.038999394 0.024227183 0.007081311 0.031663552 0.015817875 -0.022712715 0.002814158 0.003802025 0.006656982 0.022084396 0.009566827 0.026211437 0.008126719 0.008518741 0.038749717 0.027439140 0.008366538 0.025970612 0.012589738 0.018156469 0.006003494 0.012231893 0.023038659 0.006536788 0.023121443 0.017115897 0.004860851 0.003389549 0.022186408 0.004109178 0.045726534 0.025154412 0.021507006 0.014070593
0.036251135 0.023247520 -0.000510481 0.031965937 0.009359137 0.002814158 -0.012860355 -0.002500455 0.002937680 0.020070719 0.004566517 0.021577308 0.008721201 0.003719118 0.035733085 0.025167705 0.007497625 0.020652570 0.014186865 0.007135101 0.004148799 0.007688106 0.020952374 -0.002266501 0.020644397 0.008257093 -0.002001958 0.000941674 0.019403677 -0.004440543 0.048939500 0.026854487 0.018583119 0.013091121
0.039604399 0.022444535 0.003921667 0.029155061 0.016452301 0.003802025 -0.002500455 -0.002358031 0.007679639 0.016610635 0.006303378 0.020353064 0.002710383 0.001708452 0.038238607 0.028307835 0.012645839 0.019121822 0.012335821 0.010720896 0.009857359 0.009553860 0.026381418 0.001255480 0.011733547 0.008668464 0.000217973 0.005954180 0.023381768 0.002481697 0.038724046 0.022306837 0.022437025 0.017407328
0.041308176 0.034777790 0.004834910 0.042662319 0.021608878 0.006656982 0.002937680 0.007679639 -0.001497303 0.030427314 0.008888698 0.028229525 0.014094753 0.010938669 0.043966327 0.023708198 0.006187356 0.028162820 0.016058242 0.017746495 0.009222658 -0.000352382 0.016527582 0.002508899 0.029444436 0.012341124 0.000791094 0.001007021 0.019346494 -0.001154488 0.064780980 0.039334573 0.025259223 0.016645821
0.058009367 0.039765988 0.026972530 0.010003632 0.033159848 0.022084396 0.020070719 0.016610635 0.030427314 0.005182601 0.017902136 0.012189941 0.011378015 0.020878373 0.062307682 0.057123818 0.037767559 0.015589166 0.032623731 0.013166835 0.035826102 0.025021695 0.050246134 0.021596640 0.027787179 0.005232521 0.026342250 0.029584626 0.049948703 0.021806316 0.025207819 0.011981815 0.033232398 0.037421454
0.048472330 0.029673152 0.011977278 0.031192450 0.020513121 0.009566827 0.004566517 0.006303378 0.008888698 0.017902136 -0.005807556 0.021175846 0.005894060 0.008956432 0.049293563 0.039355196 0.017201565 0.017996170 0.015556671 0.011724206 0.014726775 0.015045877 0.035428420 0.007375346 0.020862170 0.007225019 0.007047745 0.010023582 0.032146487 0.006023224 0.049542323 0.018703753 0.021946289 0.020758528
0.059661299 0.039852902 0.029991589 0.026705822 0.030855291 0.026211437 0.021577308 0.020353064 0.028229525 0.012189941 0.021175846 0.009892609 0.021596631 0.021076236 0.063763946 0.055435646 0.036843937 0.020517932 0.033964578 0.019419158 0.034985740 0.025932925 0.047687523 0.022001594 0.032955833 0.010844434 0.024788242 0.028145468 0.046540238 0.021952841 0.049713090 0.026785042 0.037295818 0.037471421
0.048249610 0.030282645 0.016142512 0.025272839 0.022424977 0.008126719 0.008721201 0.002710383 0.014094753 0.011378015 0.005894060 0.021596631 -0.012219938 0.009259675 0.050486848 0.045770191 0.019505639 0.018953199 0.018388920 0.012600866 0.019451255 0.010821268 0.038021237 0.008140504 0.015705200 0.007803216 0.006594109 0.013547257 0.034918390 0.006501842 0.039367005 0.018084399 0.025697291 0.023780182
0.042281866 0.025284523 0.011330944 0.032882228 0.018602639 0.008518741 0.003719118 0.001708452 0.010938669 0.020878373 0.008956432 0.021076236 0.009259675 -0.006171189 0.042205840 0.036950238 0.013946868 0.020932894 0.014154139 0.016067581 0.012484497 0.013731256 0.029333446 0.007228758 0.018565219 0.009645270 0.003255073 0.010048755 0.026141126 0.004910043 0.045998357 0.024058538 0.025348028 0.019306930
0.034093373 0.051761061 0.030798987 0.073407650 0.030822527 0.038749717 0.035733085 0.038238607 0.043966327 0.062307682 0.049293563 0.063763946 0.050486848 0.042205840 0.023850007 0.013991837 0.032039363 0.067152150 0.039136440 0.059143554 0.033575442 0.049581595 0.033690400 0.039256625 0.043641474 0.059663761 0.042590581 0.036431242 0.027554544 0.046579909 0.074634098 0.073673904 0.043144345 0.026597921
0.019899603 0.032950602 0.012973078 0.071178690 0.019641725 0.027439140 0.025167705 0.028307835 0.023708198 0.057123818 0.039355196 0.055435646 0.045770191 0.036950238 0.013991837 -0.015085756 0.014795545 0.061460868 0.028364696 0.040861465 0.013867887 0.032469369 0.004207070 0.026501030 0.034452923 0.050937470 0.023586197 0.022673238 0.005108398 0.033952057 0.073636189 0.072809964 0.029461781 0.006293216
0.030273920 0.024597121 0.003902159 0.049255684 0.011639538 0.008366538 0.007497625 0.012645839 0.006187356 0.037767559 0.017201565 0.036843937 0.019505639 0.013946868 0.032039363 0.014795545 -0.011644121 0.035074413 0.016054301 0.026575243 0.006198100 0.015520021 0.010795269 0.007797398 0.026362680 0.024498302 0.005713386 0.006932209 0.009646076 0.012237638 0.066107705 0.042764436 0.011990344 0.013584178
0.061408095 0.037824139 0.028544715 0.030824732 0.034207270 0.025970612 0.020652570 0.019121822 0.028162820 0.015589166 0.017996170 0.020517932 0.018953199 0.020932894 0.067152150 0.061460868 0.035074413 0.003871080 0.031843878 0.029057410 0.034169618 0.027139027 0.056428604 0.021786805 0.032270826 0.013917082 0.022145886 0.028785119 0.049635202 0.021397114 0.046657655 0.030414533 0.037083000 0.036873661
0.040236954 0.029914454 0.014480750 0.045262583 0.025074232 0.012589738 0.014186865 0.012335821 0.016058242 0.032623731 0.015556671 0.033964578 0.018388920 0.014154139 0.039136440 0.028364696 0.016054301 0.031843878 0.002199110 0.030467696 0.015710106 0.018156633 0.027006291 0.015986875 0.027891006 0.021110531 0.013787673 0.016245004 0.021036375 0.015469423 0.057842277 0.041190285 0.027085776 0.016730828
0.056896880 0.045840643 0.019569896 0.030716706 0.026818357 0.018156469 0.007135101 0.010720896 0.017746495 0.013166835 0.011724206 0.019419158 0.012600866 0.016067581 0.059143554 0.040861465 0.026575243 0.029057410 0.030467696 -0.001122320 0.024719490 0.019941986 0.040165167 0.014056439 0.022579389 0.011530695 0.013630648 0.019506909 0.039770186 0.013841831 0.051621903 0.031265844 0.034176540 0.030313578
0.028921679 0.025214907 0.002397149 0.047300849 0.011946643 0.006003494 0.004148799 0.009857359 0.009222658 0.035826102 0.014726775 0.034985740 0.019451255 0.012484497 0.033575442 0.013867887 0.006198100 0.034169618 0.015710106 0.024719490 -0.003250875 0.011900604 0.008781587 0.004048428 0.028469697 0.021017173 0.005683036 0.005783937 0.009848310 0.011496862 0.061391458 0.036918133 0.011520183 0.009579308
0.046217062 0.024722373 0.010294252 0.037326176 0.027747065 0.012231893 0.007688106 0.009553860 -0.000352382 0.025021695 0.015045877 0.025932925 0.010821268 0.013731256 0.049581595 0.032469369 0.015520021 0.027139027 0.018156633 0.019941986 0.011900604 -0.021482132 0.024009753 0.000774949 0.028904123 0.010418341 0.010512994 0.012161011 0.024512310 0.011628167 0.061839767 0.030580863 0.022478871 0.019590270
0.023592511 0.038806673 0.009762117 0.061640210 0.016654938 0.023038659 0.020952374 0.026381418 0.016527582 0.050246134 0.035428420 0.047687523 0.038021237 0.029333446 0.033690400 0.004207070 0.010795269 0.056428604 0.027006291 0.040165167 0.008781587 0.024009753 -0.008782499 0.020895261 0.037376996 0.041534562 0.021152496 0.016645234 0.011218551 0.026657682 0.076635912 0.061398692 0.022085138 0.011423510
0.040239915 0.022537243 0.001395920 0.031238098 0.015281050 0.006536788 -0.002266501 0.001255480 0.002508899 0.021596640 0.007375346 0.022001594 0.008140504 0.007228758 0.039256625 0.026501030 0.007797398 0.021786805 0.015986875 0.014056439 0.004048428 0.000774949 0.020895261 -0.002738031 0.019208096 0.007769398 -0.001691159 0.000507978 0.019789657 -0.000498041 0.049427148 0.025102442 0.015171625 0.014810499
0.052337099 0.013414226 0.020355457 0.042624261 0.024502903 0.023121443 0.020644397 0.011733547 0.029444436 0.027787179 0.020862170 0.032955833 0.015705200 0.018565219 0.043641474 0.034452923 0.026362680 0.032270826 0.027891006 0.022579389 0.028469697 0.028904123 0.037376996 0.019208096 -0.023498574 0.020697124 0.017577071 0.020085158 0.039692022 0.024077559 0.057431519 0.036257561 0.034866001 0.027049337
0.053104758 0.025183301 0.018280320 0.024557451 0.023894802 0.017115897 0.008257093 0.008668464 0.012341124 0.005232521 0.007225019 0.010844434 0.007803216 0.009645270 0.059663761 0.050937470 0.024498302 0.013917082 0.021110531 0.011530695 0.021017173 0.010418341 0.041534562 0.007769398 0.020697124 -0.010574371 0.010380525 0.014182309 0.038979106 0.005909942 0.047735892 0.018340982 0.026087280 0.027550142
0.042774171 0.026809582 0.003176359 0.040161457 0.012995347 0.004860851 -0.002001958 0.000217973 0.000791094 0.026342250 0.007047745 0.024788242 0.006594109 0.003255073 0.042590581 0.023586197 0.005713386 0.022145886 0.013787673 0.013630648 0.005683036 0.010512994 0.021152496 -0.001691159 0.017577071 0.010380525 -0.010076823 0.001153937 0.022805057 -0.001654924 0.056495681 0.037429992 0.020469539 0.013166202
0.037099391 0.022018796 0.004560684 0.039368279 0.014786041 0.003389549 0.000941674 0.005954180 0.001007021 0.029584626 0.010023582 0.028145468 0.013547257 0.010048755 0.036431242 0.022673238 0.006932209 0.028785119 0.016245004 0.019506909 0.005783937 0.012161011 0.016645234 0.000507978 0.020085158 0.014182309 0.001153937 -0.006094545 0.017751880 0.003808499 0.056154493 0.034505375 0.018365573 0.012754699
0.020452864 0.034935519 0.012003908 0.060061768 0.016697234 0.022186408 0.019403677 0.023381768 0.019346494 0.049948703 0.032146487 0.046540238 0.034918390 0.026141126 0.027554544 0.005108398 0.009646076 0.049635202 0.021036375 0.039770186 0.009848310 0.024512310 0.011218551 0.019789657 0.039692022 0.038979106 0.022805057 0.017751880 -0.006167850 0.024016395 0.070976593 0.058273792 0.021280162 0.012297605
0.046411984 0.032785103 0.009571016 0.033487216 0.014423253 0.004109178 -0.004440543 0.002481697 -0.001154488 0.021806316 0.006023224 0.021952841 0.006501842 0.004910043 0.046579909 0.033952057 0.012237638 0.021397114 0.015469423 0.013841831 0.011496862 0.011628167 0.026657682 -0.000498041 0.024077559 0.005909942 -0.001654924 0.003808499 0.024016395 -0.021239428 0.057314105 0.035896458 0.024141060 0.017789613
0.079140909 0.073489115 0.053139836 0.035082802 0.052951187 0.045726534 0.048939500 0.038724046 0.064780980 0.025207819 0.049542323 0.049713090 0.039367005 0.045998357 0.074634098 0.073636189 0.066107705 0.046657655 0.057842277 0.051621903 0.061391458 0.061839767 0.076635912 0.049427148 0.057431519 0.047735892 0.056495681 0.056154493 0.070976593 0.057314105 0.000163835 0.052236170 0.068780795 0.049216993
0.068389364 0.037740625 0.031423077 0.024786057 0.041338719 0.025154412 0.026854487 0.022306837 0.039334573 0.011981815 0.018703753 0.026785042 0.018084399 0.024058538 0.073673904 0.072809964 0.042764436 0.030414533 0.041190285 0.031265844 0.036918133 0.030580863 0.061398692 0.025102442 0.036257561 0.018340982 0.037429992 0.034505375 0.058273792 0.035896458 0.052236170 -0.006495319 0.042896956 0.040023722
0.035285428 0.026881872 0.016087512 0.045709141 0.019069990 0.021507006 0.018583119 0.022437025 0.025259223 0.033232398 0.021946289 0.037295818 0.025697291 0.025348028 0.043144345 0.029461781 0.011990344 0.037083000 0.027085776 0.034176540 0.011520183 0.022478871 0.022085138 0.015171625 0.034866001 0.026087280 0.020469539 0.018365573 0.021280162 0.024141060 0.068780795 0.042896956 -0.018202540 0.019612439
0.023209773 0.030756231 0.006230292 0.047608294 0.015158692 0.014070593 0.013091121 0.017407328 0.016645821 0.037421454 0.020758528 0.037471421 0.023780182 0.019306930 0.026597921 0.006293216 0.013584178 0.036873661 0.016730828 0.030313578 0.009579308 0.019590270 0.011423510 0.014810499 0.027049337 0.027550142 0.013166202 0.012754699 0.012297605 0.017789613 0.049216993 0.040023722 0.019612439 -0.006544732
