0.000000000 0.254901975 0.232323229 0.289719611 0.276190490 0.262135923 0.251231521 0.258536577 0.239999995 0.318385661 0.286384970 0.330396473 0.265700489 0.272727281 0.182795703 0.204188481 0.204188481 0.299539179 0.279620856 0.321428567 0.208333328 0.283018857 0.228426397 0.254901975 0.258536577 0.265700489 0.247524753 0.258536577 0.155555561 0.247524753 0.408560306 0.283018857 0.232323229 0.224489793
0.254901975 0.000000000 0.024000000 0.037593983 0.022900764 0.007751938 0.003921569 0.003891051 0.015873017 0.069090910 0.033962265 0.082437277 0.011583012 0.019157087 0.075630255 0.053497944 0.053497944 0.048327137 0.026615970 0.072463766 0.049180329 0.030303031 0.028112451 0.000000000 0.003891051 0.011583012 0.007874016 0.003891051 0.103448279 0.007874016 0.171521038 0.030303031 0.024000000 0.032258064
0.232323229 0.024000000 0.000000000 0.061538462 0.046875000 0.031746034 0.020080321 0.027888447 0.008130081 0.092936806 0.057915058 0.106227107 0.035573121 0.043137256 0.051724140 0.029535865 0.029535865 0.072243348 0.050583657 0.096296296 0.025210084 0.054263566 0.004115226 0.024000000 0.027888447 0.035573121 0.016129032 0.027888447 0.079646021 0.016129032 0.194719478 0.054263566 0.000000000 0.008264462
0.289719611 0.037593983 0.061538462 0.000000000 0.014705882 0.029850746 0.041509435 0.033707865 0.053435113 0.031578947 0.003636364 0.044982698 0.026022306 0.018450184 0.112903222 0.090909094 0.090909094 0.010752688 0.010989011 0.034965035 0.086614177 0.007299270 0.065637067 0.037593983 0.033707865 0.026022306 0.045454547 0.033707865 0.140495867 0.045454547 0.134796232 0.007299270 0.061538462 0.069767445
0.276190490 0.022900764 0.046875000 0.014705882 0.000000000 0.015151516 0.026819924 0.019011406 0.038759690 0.046263345 0.011070111 0.059649121 0.011320755 0.003745318 0.098360658 0.076305218 0.076305218 0.025454545 0.003717472 0.049645390 0.071999997 0.007407407 0.050980393 0.022900764 0.019011406 0.011320755 0.030769231 0.019011406 0.126050428 0.030769231 0.149206355 0.007407407 0.046875000 0.055118110
0.262135923 0.007751938 0.031746034 0.029850746 0.015151516 0.000000000 0.011673152 0.003861004 0.023622047 0.061371841 0.026217228 0.074733093 0.003831418 0.011406844 0.083333336 0.061224490 0.061224490 0.040590405 0.018867925 0.064748198 0.056910571 0.022556391 0.035856575 0.007751938 0.003861004 0.003831418 0.015625000 0.003861004 0.111111112 0.015625000 0.163987145 0.022556391 0.031746034 0.039999999
0.251231521 0.003921569 0.020080321 0.041509435 0.026819924 0.011673152 0.000000000 0.007812500 0.011952192 0.072992697 0.037878789 0.086330935 0.015503876 0.023076924 0.071729958 0.049586777 0.049586777 0.052238807 0.030534351 0.076363638 0.045267489 0.034220532 0.024193548 0.003921569 0.007812500 0.015503876 0.003952569 0.007812500 0.099567100 0.003952569 0.175324678 0.034220532 0.020080321 0.028340081
0.258536577 0.003891051 0.027888447 0.033707865 0.019011406 0.003861004 0.007812500 0.000000000 0.019762846 0.065217391 0.030075189 0.078571431 0.007692308 0.015267176 0.079497911 0.057377048 0.057377048 0.044444446 0.022727273 0.068592057 0.053061225 0.026415095 0.032000002 0.003891051 0.000000000 0.007692308 0.011764706 0.000000000 0.107296139 0.011764706 0.167741939 0.026415095 0.027888447 0.036144577
0.239999995 0.015873017 0.008130081 0.053435113 0.038759690 0.023622047 0.011952192 0.019762846 0.000000000 0.084870845 0.049808428 0.098181821 0.027450981 0.035019454 0.059829060 0.037656903 0.037656903 0.064150944 0.042471044 0.088235296 0.033333335 0.046153847 0.012244898 0.015873017 0.019762846 0.027450981 0.008000000 0.019762846 0.087719299 0.008000000 0.186885253 0.046153847 0.008130081 0.016393442
0.318385661 0.069090910 0.092936806 0.031578947 0.046263345 0.061371841 0.072992697 0.065217391 0.084870845 0.000000000 0.035211269 0.013422819 0.057553958 0.050000001 0.143968865 0.122137405 0.122137405 0.020833334 0.042553190 0.003389830 0.117870726 0.038869258 0.097014926 0.069090910 0.065217391 0.057553958 0.076923080 0.065217391 0.171314746 0.076923080 0.103658535 0.038869258 0.092936806 0.101123594
0.286384970 0.033962265 0.057915058 0.003636364 0.011070111 0.026217228 0.037878789 0.030075189 0.049808428 0.035211269 0.000000000 0.048611112 0.022388060 0.014814815 0.109311745 0.087301590 0.087301590 0.014388490 0.007352941 0.038596492 0.083003953 0.003663004 0.062015504 0.033962265 0.030075189 0.022388060 0.041825093 0.030075189 0.136929467 0.041825093 0.138364777 0.003663004 0.057915058 0.066147856
0.330396473 0.082437277 0.106227107 0.044982698 0.059649121 0.074733093 0.086330935 0.078571431 0.098181821 0.013422819 0.048611112 0.000000000 0.070921987 0.063380279 0.157088116 0.135338351 0.135338351 0.034246575 0.055944055 0.010033445 0.131086141 0.052264810 0.110294119 0.082437277 0.078571431 0.070921987 0.090252705 0.078571431 0.184313729 0.090252705 0.090361446 0.052264810 0.106227107 0.114391141
0.265700489 0.011583012 0.035573121 0.026022306 0.011320755 0.003831418 0.015503876 0.007692308 0.027450981 0.057553958 0.022388060 0.070921987 0.000000000 0.007575758 0.087136932 0.065040648 0.065040648 0.036764707 0.015037594 0.060931899 0.060728744 0.018726591 0.039682541 0.011583012 0.007692308 0.000000000 0.019455252 0.007692308 0.114893615 0.019455252 0.160256416 0.018726591 0.035573121 0.043824703
0.272727281 0.019157087 0.043137256 0.018450184 0.003745318 0.011406844 0.023076924 0.015267176 0.035019454 0.050000001 0.014814815 0.063380279 0.007575758 0.000000000 0.094650209 0.072580643 0.072580643 0.029197080 0.007462686 0.053380784 0.068273090 0.011152416 0.047244094 0.019157087 0.015267176 0.007575758 0.027027028 0.015267176 0.122362867 0.027027028 0.152866244 0.011152416 0.043137256 0.051383398
0.182795703 0.075630255 0.051724140 0.112903222 0.098360658 0.083333336 0.071729958 0.079497911 0.059829060 0.143968865 0.109311745 0.157088116 0.087136932 0.094650209 0.000000000 0.022222223 0.022222223 0.123505980 0.102040820 0.147286817 0.026548672 0.105691060 0.047619049 0.075630255 0.079497911 0.087136932 0.067796610 0.079497911 0.028037382 0.067796610 0.243986249 0.105691060 0.051724140 0.043478262
0.204188481 0.053497944 0.029535865 0.090909094 0.076305218 0.061224490 0.049586777 0.057377048 0.037656903 0.122137405 0.087301590 0.135338351 0.065040648 0.072580643 0.022222223 0.000000000 0.000000000 0.101562500 0.079999998 0.125475287 0.004329004 0.083665341 0.025423728 0.053497944 0.057377048 0.065040648 0.045643155 0.057377048 0.050228309 0.045643155 0.222972974 0.083665341 0.029535865 0.021276595
0.204188481 0.053497944 0.029535865 0.090909094 0.076305218 0.061224490 0.049586777 0.057377048 0.037656903 0.122137405 0.087301590 0.135338351 0.065040648 0.072580643 0.022222223 0.000000000 0.000000000 0.101562500 0.079999998 0.125475287 0.004329004 0.083665341 0.025423728 0.053497944 0.057377048 0.065040648 0.045643155 0.057377048 0.050228309 0.045643155 0.222972974 0.083665341 0.029535865 0.021276595
0.299539179 0.048327137 0.072243348 0.010752688 0.025454545 0.040590405 0.052238807 0.044444446 0.064150944 0.020833334 0.014388490 0.034246575 0.036764707 0.029197080 0.123505980 0.101562500 0.101562500 0.000000000 0.021739131 0.024221454 0.097276263 0.018050542 0.076335877 0.048327137 0.044444446 0.036764707 0.056179777 0.044444446 0.151020408 0.056179777 0.124223605 0.018050542 0.072243348 0.080459774
0.279620856 0.026615970 0.050583657 0.010989011 0.003717472 0.018867925 0.030534351 0.022727273 0.042471044 0.042553190 0.007352941 0.055944055 0.015037594 0.007462686 0.102040820 0.079999998 0.079999998 0.021739131 0.000000000 0.045936394 0.075697213 0.003690037 0.054687500 0.026615970 0.022727273 0.015037594 0.034482758 0.022727273 0.129707113 0.034482758 0.145569623 0.003690037 0.050583657 0.058823530
0.321428567 0.072463766 0.096296296 0.034965035 0.049645390 0.064748198 0.076363638 0.068592057 0.088235296 0.003389830 0.038596492 0.010033445 0.060931899 0.053380784 0.147286817 0.125475287 0.125475287 0.024221454 0.045936394 0.000000000 0.121212125 0.042253520 0.100371748 0.072463766 0.068592057 0.060931899 0.080291972 0.068592057 0.174603179 0.080291972 0.100303948 0.042253520 0.096296296 0.104477614
0.208333328 0.049180329 0.025210084 0.086614177 0.071999997 0.056910571 0.045267489 0.053061225 0.033333335 0.117870726 0.083003953 0.131086141 0.060728744 0.068273090 0.026548672 0.004329004 0.004329004 0.097276263 0.075697213 0.121212125 0.000000000 0.079365082 0.021097047 0.049180329 0.053061225 0.060728744 0.041322313 0.053061225 0.054545455 0.041322313 0.218855217 0.079365082 0.025210084 0.016949153
0.283018857 0.030303031 0.054263566 0.007299270 0.007407407 0.022556391 0.034220532 0.026415095 0.046153847 0.038869258 0.003663004 0.052264810 0.018726591 0.011152416 0.105691060 0.083665341 0.083665341 0.018050542 0.003690037 0.042253520 0.079365082 0.000000000 0.058365759 0.030303031 0.026415095 0.018726591 0.038167939 0.026415095 0.133333340 0.038167939 0.141955838 0.000000000 0.054263566 0.062500000
0.228426397 0.028112451 0.004115226 0.065637067 0.050980393 0.035856575 0.024193548 0.032000002 0.012244898 0.097014926 0.062015504 0.110294119 0.039682541 0.047244094 0.047619049 0.025423728 0.025423728 0.076335877 0.054687500 0.100371748 0.021097047 0.058365759 0.000000000 0.028112451 0.032000002 0.039682541 0.020242915 0.032000002 0.075555556 0.020242915 0.198675498 0.058365759 0.004115226 0.004149378
0.254901975 0.000000000 0.024000000 0.037593983 0.022900764 0.007751938 0.003921569 0.003891051 0.015873017 0.069090910 0.033962265 0.082437277 0.011583012 0.019157087 0.075630255 0.053497944 0.053497944 0.048327137 0.026615970 0.072463766 0.049180329 0.030303031 0.028112451 0.000000000 0.003891051 0.011583012 0.007874016 0.003891051 0.103448279 0.007874016 0.171521038 0.030303031 0.024000000 0.032258064
0.258536577 0.003891051 0.027888447 0.033707865 0.019011406 0.003861004 0.007812500 0.000000000 0.019762846 0.065217391 0.030075189 0.078571431 0.007692308 0.015267176 0.079497911 0.057377048 0.057377048 0.044444446 0.022727273 0.068592057 0.053061225 0.026415095 0.032000002 0.003891051 0.000000000 0.007692308 0.011764706 0.000000000 0.107296139 0.011764706 0.167741939 0.026415095 0.027888447 0.036144577
0.265700489 0.011583012 0.035573121 0.026022306 0.011320755 0.003831418 0.015503876 0.007692308 0.027450981 0.057553958 0.022388060 0.070921987 0.000000000 0.007575758 0.087136932 0.065040648 0.065040648 0.036764707 0.015037594 0.060931899 0.060728744 0.018726591 0.039682541 0.011583012 0.007692308 0.000000000 0.019455252 0.007692308 0.114893615 0.019455252 0.160256416 0.018726591 0.035573121 0.043824703
0.247524753 0.007874016 0.016129032 0.045454547 0.030769231 0.015625000 0.003952569 0.011764706 0.008000000 0.076923080 0.041825093 0.090252705 0.019455252 0.027027028 0.067796610 0.045643155 0.045643155 0.056179777 0.034482758 0.080291972 0.041322313 0.038167939 0.020242915 0.007874016 0.011764706 0.019455252 0.000000000 0.011764706 0.095652170 0.000000000 0.179153100 0.038167939 0.016129032 0.024390243
0.258536577 0.003891051 0.027888447 0.033707865 0.019011406 0.003861004 0.007812500 0.000000000 0.019762846 0.065217391 0.030075189 0.078571431 0.007692308 0.015267176 0.079497911 0.057377048 0.057377048 0.044444446 0.022727273 0.068592057 0.053061225 0.026415095 0.032000002 0.003891051 0.000000000 0.007692308 0.011764706 0.000000000 0.107296139 0.011764706 0.167741939 0.026415095 0.027888447 0.036144577
0.155555561 0.103448279 0.079646021 0.140495867 0.126050428 0.111111112 0.099567100 0.107296139 0.087719299 0.171314746 0.136929467 0.184313729 0.114893615 0.122362867 0.028037382 0.050228309 0.050228309 0.151020408 0.129707113 0.174603179 0.054545455 0.133333340 0.075555556 0.103448279 0.107296139 0.114893615 0.095652170 0.107296139 0.000000000 0.095652170 0.270175427 0.133333340 0.079646021 0.071428575
0.247524753 0.007874016 0.016129032 0.045454547 0.030769231 0.015625000 0.003952569 0.011764706 0.008000000 0.076923080 0.041825093 0.090252705 0.019455252 0.027027028 0.067796610 0.045643155 0.045643155 0.056179777 0.034482758 0.080291972 0.041322313 0.038167939 0.020242915 0.007874016 0.011764706 0.019455252 0.000000000 0.011764706 0.095652170 0.000000000 0.179153100 0.038167939 0.016129032 0.024390243
0.408560306 0.171521038 0.194719478 0.134796232 0.149206355 0.163987145 0.175324678 0.167741939 0.186885253 0.103658535 0.138364777 0.090361446 0.160256416 0.152866244 0.243986249 0.222972974 0.222972974 0.124223605 0.145569623 0.100303948 0.218855217 0.141955838 0.198675498 0.171521038 0.167741939 0.160256416 0.179153100 0.167741939 0.270175427 0.179153100 0.000000000 0.141955838 0.194719478 0.202657804
0.283018857 0.030303031 0.054263566 0.007299270 0.007407407 0.022556391 0.034220532 0.026415095 0.046153847 0.038869258 0.003663004 0.052264810 0.018726591 0.011152416 0.105691060 0.083665341 0.083665341 0.018050542 0.003690037 0.042253520 0.079365082 0.000000000 0.058365759 0.030303031 0.026415095 0.018726591 0.038167939 0.026415095 0.133333340 0.038167939 0.141955838 0.000000000 0.054263566 0.062500000
0.232323229 0.024000000 0.000000000 0.061538462 0.046875000 0.031746034 0.020080321 0.027888447 0.008130081 0.092936806 0.057915058 0.106227107 0.035573121 0.043137256 0.051724140 0.029535865 0.029535865 0.072243348 0.050583657 0.096296296 0.025210084 0.054263566 0.004115226 0.024000000 0.027888447 0.035573121 0.016129032 0.027888447 0.079646021 0.016129032 0.194719478 0.054263566 0.000000000 0.008264462
0.224489793 0.032258064 0.008264462 0.069767445 0.055118110 0.039999999 0.028340081 0.036144577 0.016393442 0.101123594 0.066147856 0.114391141 0.043824703 0.051383398 0.043478262 0.021276595 0.021276595 0.080459774 0.058823530 0.104477614 0.016949153 0.062500000 0.004149378 0.032258064 0.036144577 0.043824703 0.024390243 0.036144577 0.071428575 0.024390243 0.202657804 0.062500000 0.008264462 0.000000000
