0.016558295 0.055889212 0.020993028 0.080436140 0.017249782 0.037970394 0.035126619 0.039264437 0.045110554 0.058302805 0.047499046 0.078550659 0.049390964 0.046313249 0.030424286 0.017707434 0.030255903 0.065313756 0.040905282 0.058379032 0.022203535 0.047044214 0.021694401 0.038933221 0.051964637 0.047841169 0.041010763 0.034881555 0.018185711 0.050781630 0.085308462 0.069418848 0.042352136 0.025507212
0.055889212 -0.045363057 0.019151881 0.064194679 0.022142859 0.019945122 0.023142431 0.020494554 0.037817590 0.040349863 0.025755584 0.052877355 0.030024655 0.024466753 0.047275424 0.028416509 0.024512535 0.040709365 0.030975040 0.046762571 0.024007294 0.023857474 0.037582099 0.022172309 0.012019595 0.023746531 0.027322866 0.020928448 0.032279111 0.036137231 0.078070141 0.041163385 0.025579385 0.030673573
0.020993028 0.019151881 -0.001468652 0.046626519 0.005208659 0.004972336 -0.000402107 0.003483598 0.004504688 0.030706739 0.010549597 0.042124987 0.014761469 0.017242692 0.029148448 0.011402684 0.000831071 0.032466143 0.014437453 0.020254852 0.001847090 0.011488561 0.010355106 0.001064803 0.020683652 0.020597771 0.001000658 0.007667733 0.008685864 0.014565698 0.051636487 0.044097535 0.020960283 0.012169411
0.080436140 0.064194679 0.046626519 0.021361407 0.041274104 0.028468922 0.035146657 0.032259785 0.048860669 0.013389248 0.033442441 0.042704701 0.033677567 0.032898806 0.082610212 0.062732548 0.059537485 0.049160428 0.060057323 0.035789527 0.051206246 0.041973531 0.059390124 0.035937957 0.045669131 0.022373740 0.044257976 0.042126585 0.062265165 0.042703331 0.044657674 0.037255220 0.048443690 0.055952836
0.017249782 0.022142859 0.005208659 0.041274104 -0.019120099 0.010189929 0.009304959 0.015148067 0.017897507 0.028607551 0.018084835 0.035898507 0.021366805 0.020415943 0.022577204 0.012873601 0.006005911 0.031142874 0.018361103 0.024446014 0.005942130 0.020208888 0.006411418 0.014235822 0.028242067 0.018420978 0.011266409 0.010134453 0.004089360 0.012427256 0.042900283 0.044277962 0.011188510 0.018732453
0.037970394 0.019945122 0.004972336 0.028468922 0.010189929 -0.028550863 0.001105486 0.001620107 0.002374164 0.017271129 0.006713259 0.023979841 0.006927768 0.006729729 0.035944991 0.021332793 0.006216602 0.025812827 0.010211272 0.011619090 0.002057654 0.008208770 0.016869869 0.004222854 0.025209703 0.012835987 0.002911560 -0.001547739 0.017701034 0.004402655 0.039269231 0.025113393 0.013864341 0.016578635
0.035126619 0.023142431 -0.000402107 0.035146657 0.009304959 0.001105486 -0.013632145 -0.002872307 0.002203093 0.020955153 0.005467752 0.027101595 0.009171396 0.007332952 0.036261644 0.022311131 0.007773183 0.024669008 0.014844008 0.007149858 0.004421757 0.007974206 0.018653914 -0.002995400 0.021356156 0.009162234 -0.002780251 0.002386157 0.016429076 -0.000447135 0.046215788 0.036441520 0.019879654 0.017919000
0.039264437 0.020494554 0.003483598 0.032259785 0.015148067 0.001620107 -0.002872307 -0.002261712 0.007368254 0.015844911 0.006433991 0.026745733 0.004215238 0.004505549 0.038517181 0.025663443 0.012537761 0.021954104 0.011494485 0.011661610 0.008801879 0.008169247 0.022609513 0.001161634 0.014435427 0.007259640 -0.000626711 0.004892705 0.022316284 0.005138304 0.036801036 0.028569017 0.022283159 0.022917228
0.045110554 0.037817590 0.004504688 0.048860669 0.017897507 0.002374164 0.002203093 0.007368254 -0.001653974 0.029154884 0.010789344 0.032744631 0.018491559 0.009067791 0.047210969 0.018398030 0.009119228 0.034802884 0.019901298 0.016834084 0.008844407 -0.001584638 0.007664211 0.002314101 0.030655824 0.008851448 -0.001422411 -0.002263231 0.018565249 0.003042543 0.064725518 0.045272835 0.025534134 0.020514552
0.058302805 0.040349863 0.030706739 0.013389248 0.028607551 0.017271129 0.020955153 0.015844911 0.029154884 0.003065723 0.016297089 0.018509764 0.012620846 0.020217162 0.059029944 0.048455745 0.039525256 0.023345247 0.036894109 0.008934375 0.036372140 0.024163760 0.047375552 0.021622064 0.027274877 0.005182981 0.027630944 0.029290289 0.045989994 0.025567058 0.024255887 0.019438433 0.028170284 0.038871184
0.047499046 0.025755584 0.010549597 0.033442441 0.018084835 0.006713259 0.005467752 0.006433991 0.010789344 0.016297089 -0.004241541 0.027674690 0.009284854 0.010136538 0.047041062 0.036209006 0.016448796 0.020909056 0.014759541 0.012293655 0.012795830 0.013121305 0.029367920 0.007206969 0.023515934 0.001720887 0.006548989 0.005798016 0.029726243 0.008147188 0.046693482 0.022440998 0.019366205 0.025026318
0.078550659 0.052877355 0.042124987 0.042704701 0.035898507 0.023979841 0.027101595 0.026745733 0.032744631 0.018509764 0.027674690 0.020482428 0.032880642 0.023246352 0.081222385 0.048410714 0.051044796 0.044479210 0.052255489 0.025025088 0.041786510 0.035083931 0.048320103 0.028634701 0.040037245 0.014153473 0.032668866 0.034198135 0.052096900 0.034476824 0.067965984 0.048265055 0.040733688 0.050777830
0.049390964 0.030024655 0.014761469 0.033677567 0.021366805 0.006927768 0.009171396 0.004215238 0.018491559 0.012620846 0.009284854 0.032880642 -0.005764941 0.010624043 0.051891007 0.042304806 0.020700129 0.025305029 0.020178594 0.014834647 0.018239386 0.011978813 0.033536214 0.009121596 0.018623302 0.003005255 0.006084846 0.011092374 0.034306452 0.011323659 0.041130040 0.023742773 0.028580209 0.028387729
0.046313249 0.024466753 0.017242692 0.032898806 0.020415943 0.006729729 0.007332952 0.004505549 0.009067791 0.020217162 0.010136538 0.023246352 0.010624043 0.002694279 0.045088917 0.035481974 0.018041221 0.026953794 0.016319621 0.012924719 0.011504638 0.013349086 0.032513734 0.009124106 0.023205360 0.011142215 0.009073460 0.011040023 0.027512617 0.009793594 0.048890069 0.035971113 0.019533234 0.029575177
0.030424286 0.047275424 0.029148448 0.082610212 0.022577204 0.035944991 0.036261644 0.038517181 0.047210969 0.059029944 0.047041062 0.081222385 0.051891007 0.045088917 0.018551787 0.013056112 0.032277074 0.068477392 0.037561733 0.060257208 0.028127491 0.045967549 0.032046124 0.038582895 0.044201560 0.051577665 0.044264622 0.031480562 0.023794783 0.047900163 0.078820936 0.075988278 0.043502681 0.031347618
0.017707434 0.028416509 0.011402684 0.062732548 0.012873601 0.021332793 0.022311131 0.025663443 0.018398030 0.048455745 0.036209006 0.048410714 0.042304806 0.035481974 0.013056112 -0.021043312 0.014257273 0.063752398 0.027785037 0.025298851 0.009013760 0.027627112 -0.003051581 0.022790574 0.033274792 0.044355109 0.021909337 0.016797652 -0.000253955 0.034304127 0.070025787 0.071024552 0.021156203 0.009443466
0.030255903 0.024512535 0.000831071 0.059537485 0.006005911 0.006216602 0.007773183 0.012537761 0.009119228 0.039525256 0.016448796 0.051044796 0.020700129 0.018041221 0.032277074 0.014257273 -0.010667013 0.038204566 0.015570770 0.029458312 0.003397375 0.016343843 0.010291670 0.007701541 0.026308818 0.023540633 0.005771999 0.007142671 0.009115288 0.016622582 0.069782540 0.049126901 0.016698811 0.019128710
0.065313756 0.040709365 0.032466143 0.049160428 0.031142874 0.025812827 0.024669008 0.021954104 0.034802884 0.023345247 0.020909056 0.044479210 0.025305029 0.026953794 0.068477392 0.063752398 0.038204566 0.009455692 0.033104461 0.042555533 0.037315816 0.030244203 0.058753233 0.026454046 0.035914645 0.017112512 0.025853049 0.032865636 0.050106287 0.027805148 0.053066179 0.041968234 0.044974338 0.044104274
0.040905282 0.030975040 0.014437453 0.060057323 0.018361103 0.010211272 0.014844008 0.011494485 0.019901298 0.036894109 0.014759541 0.052255489 0.020178594 0.016319621 0.037561733 0.027785037 0.015570770 0.033104461 0.000675887 0.037262376 0.015895568 0.019588865 0.026232179 0.017255891 0.026964532 0.021821439 0.013078394 0.018616021 0.018040102 0.019955553 0.060471974 0.046144277 0.032041568 0.019920141
0.058379032 0.046762571 0.020254852 0.035789527 0.024446014 0.011619090 0.007149858 0.011661610 0.016834084 0.008934375 0.012293655 0.025025088 0.014834647 0.012924719 0.060257208 0.025298851 0.029458312 0.042555533 0.037262376 -0.001325625 0.024150629 0.015978662 0.023262335 0.014110225 0.027776318 0.005088751 0.011699721 0.013759623 0.032325890 0.016629098 0.045878503 0.042371947 0.027802272 0.036047485
0.022203535 0.024007294 0.001847090 0.051206246 0.005942130 0.002057654 0.004421757 0.008801879 0.008844407 0.036372140 0.012795830 0.041786510 0.018239386 0.011504638 0.028127491 0.009013760 0.003397375 0.037315816 0.015895568 0.024150629 -0.000188631 0.010407667 0.002515651 0.004326751 0.028787710 0.021306593 0.001949952 0.006783576 0.000179434 0.013579885 0.051336020 0.041248675 0.010879032 0.011947098
0.047044214 0.023857474 0.011488561 0.041973531 0.020208888 0.008208770 0.007974206 0.008169247 -0.001584638 0.024163760 0.013121305 0.035083931 0.011978813 0.013349086 0.045967549 0.027627112 0.016343843 0.030244203 0.019588865 0.015978662 0.010407667 -0.021948401 0.022791084 0.000551192 0.025953148 0.008611292 0.011755039 0.011081982 0.020548079 0.015523290 0.063094616 0.032634754 0.018486036 0.021378115
0.021694401 0.037582099 0.010355106 0.059390124 0.006411418 0.016869869 0.018653914 0.022609513 0.007664211 0.047375552 0.029367920 0.048320103 0.033536214 0.032513734 0.032046124 -0.003051581 0.010291670 0.058753233 0.026232179 0.023262335 0.002515651 0.022791084 -0.007378198 0.017254911 0.031297393 0.040273070 0.019760100 0.016699769 0.007340895 0.030471455 0.077948511 0.062829450 0.015498552 0.015823252
0.038933221 0.022172309 0.001064803 0.035937957 0.014235822 0.004222854 -0.002995400 0.001161634 0.002314101 0.021622064 0.007206969 0.028634701 0.009121596 0.009124106 0.038582895 0.022790574 0.007701541 0.026454046 0.017255891 0.014110225 0.004326751 0.000551192 0.017254911 -0.003011697 0.020750346 0.007232017 -0.003591628 0.000472744 0.016891589 0.003202797 0.047169954 0.033857379 0.015861059 0.018678412
0.051964637 0.012019595 0.020683652 0.045669131 0.028242067 0.025209703 0.021356156 0.014435427 0.030655824 0.027274877 0.023515934 0.040037245 0.018623302 0.023205360 0.044201560 0.033274792 0.026308818 0.035914645 0.026964532 0.027776318 0.028787710 0.025953148 0.031297393 0.020750346 -0.014455046 0.018015435 0.017881617 0.018420827 0.040523209 0.025632825 0.054613389 0.046561610 0.032974299 0.034012362
0.047841169 0.023746531 0.020597771 0.022373740 0.018420978 0.012835987 0.009162234 0.007259640 0.008851448 0.005182981 0.001720887 0.014153473 0.003005255 0.011142215 0.051577665 0.044355109 0.023540633 0.017112512 0.021821439 0.005088751 0.021306593 0.008611292 0.040273070 0.007232017 0.018015435 -0.004912492 0.010190050 0.015893094 0.030434974 0.008894311 0.041908205 0.023849223 0.020124026 0.028686335
0.041010763 0.027322866 0.001000658 0.044257976 0.011266409 0.002911560 -0.002780251 -0.000626711 -0.001422411 0.027630944 0.006548989 0.032668866 0.006084846 0.009073460 0.044264622 0.021909337 0.005771999 0.025853049 0.013078394 0.011699721 0.001949952 0.011755039 0.019760100 -0.003591628 0.017881617 0.010190050 -0.011367161 0.001994621 0.018926773 0.003181647 0.057405081 0.047337867 0.025760002 0.019103227
0.034881555 0.020928448 0.007667733 0.042126585 0.010134453 -0.001547739 0.002386157 0.004892705 -0.002263231 0.029290289 0.005798016 0.034198135 0.011092374 0.011040023 0.031480562 0.016797652 0.007142671 0.032865636 0.018616021 0.013759623 0.006783576 0.011081982 0.016699769 0.000472744 0.018420827 0.015893094 0.001994621 -0.004592508 0.012486417 0.007509784 0.050776083 0.037744664 0.010523897 0.014552167
0.018185711 0.032279111 0.008685864 0.062265165 0.004089360 0.017701034 0.016429076 0.022316284 0.018565249 0.045989994 0.029726243 0.052096900 0.034306452 0.027512617 0.023794783 -0.000253955 0.009115288 0.050106287 0.018040102 0.032325890 0.000179434 0.020548079 0.007340895 0.016891589 0.040523209 0.030434974 0.018926773 0.012486417 -0.010947408 0.024694242 0.072490811 0.058041446 0.019589631 0.014170682
0.050781630 0.036137231 0.014565698 0.042703331 0.012427256 0.004402655 -0.000447135 0.005138304 0.003042543 0.025567058 0.008147188 0.034476824 0.011323659 0.009793594 0.047900163 0.034304127 0.016622582 0.027805148 0.019955553 0.016629098 0.013579885 0.015523290 0.030471455 0.003202797 0.025632825 0.008894311 0.003181647 0.007509784 0.024694242 -0.012916893 0.064112037 0.043726493 0.026778936 0.023410656
0.085308462 0.078070141 0.051636487 0.044657674 0.042900283 0.039269231 0.046215788 0.036801036 0.064725518 0.024255887 0.046693482 0.067965984 0.041130040 0.048890069 0.078820936 0.070025787 0.069782540 0.053066179 0.060471974 0.045878503 0.051336020 0.063094616 0.077948511 0.047169954 0.054613389 0.041908205 0.057405081 0.050776083 0.072490811 0.064112037 0.012220053 0.058395930 0.072171733 0.053835798
0.069418848 0.041163385 0.044097535 0.037255220 0.044277962 0.025113393 0.036441520 0.028569017 0.045272835 0.019438433 0.022440998 0.048265055 0.023742773 0.035971113 0.075988278 0.071024552 0.049126901 0.041968234 0.046144277 0.042371947 0.041248675 0.032634754 0.062829450 0.033857379 0.046561610 0.023849223 0.047337867 0.037744664 0.058041446 0.043726493 0.058395930 0.017571375 0.040405646 0.055011593
0.042352136 0.025579385 0.020960283 0.048443690 0.011188510 0.013864341 0.019879654 0.022283159 0.025534134 0.028170284 0.019366205 0.040733688 0.028580209 0.019533234 0.043502681 0.021156203 0.016698811 0.044974338 0.032041568 0.027802272 0.010879032 0.018486036 0.015498552 0.015861059 0.032974299 0.020124026 0.025760002 0.010523897 0.019589631 0.026778936 0.072171733 0.040405646 -0.036217071 0.021611080
0.025507212 0.030673573 0.012169411 0.055952836 0.018732453 0.016578635 0.017919000 0.022917228 0.020514552 0.038871184 0.025026318 0.050777830 0.028387729 0.029575177 0.031347618 0.009443466 0.019128710 0.044104274 0.019920141 0.036047485 0.011947098 0.021378115 0.015823252 0.018678412 0.034012362 0.028686335 0.019103227 0.014552167 0.014170682 0.023410656 0.053835798 0.055011593 0.021611080 0.007665936
