0.000000000 0.213592231 0.160621762 0.286343604 0.114754096 0.224880382 0.177664980 0.270270258 0.242990658 0.298701286 0.246511623 0.289473683 0.270270258 0.221153840 0.147368416 0.181818187 0.138297871 0.164948449 0.201970443 0.242990658 0.209756091 0.209756091 0.189999998 0.224880382 0.173469394 0.221153840 0.189999998 0.221153840 0.151832461 0.221153840 0.336065561 0.298701286 0.289473683 0.173469394
0.213592231 0.000000000 0.054852322 0.077490777 0.101321585 0.011857707 0.037344400 0.060150377 0.031007752 0.090909094 0.034749035 0.080882356 0.060150377 0.007936508 0.068376072 0.033057850 0.077586204 0.050420169 0.012145749 0.031007752 0.004016064 0.004016064 0.024590164 0.011857707 0.041666668 0.007936508 0.024590164 0.007936508 0.063829787 0.007936508 0.131944448 0.090909094 0.080882356 0.041666668
0.160621762 0.054852322 0.000000000 0.131782949 0.046728972 0.066666670 0.017543860 0.114624508 0.085714288 0.145038173 0.089430891 0.135135129 0.114624508 0.062761508 0.013574661 0.021834061 0.022831051 0.004444445 0.042735044 0.085714288 0.050847456 0.050847456 0.030303031 0.066666670 0.013215859 0.062761508 0.030303031 0.062761508 0.009009009 0.062761508 0.185454547 0.145038173 0.135135129 0.013215859
0.286343604 0.077490777 0.131782949 0.000000000 0.177419350 0.065693431 0.114503816 0.017421603 0.046594981 0.013513514 0.042857144 0.003412969 0.017421603 0.069597073 0.145098045 0.110266156 0.154150203 0.127413124 0.089552239 0.046594981 0.081481479 0.081481479 0.101886794 0.065693431 0.118773945 0.069597073 0.101886794 0.069597073 0.140625000 0.069597073 0.055016182 0.013513514 0.003412969 0.118773945
0.114754096 0.101321585 0.046728972 0.177419350 0.000000000 0.113043480 0.064220183 0.160493821 0.131914899 0.190476194 0.135593221 0.180722892 0.160493821 0.109170303 0.033175357 0.068493150 0.023923445 0.051162791 0.089285716 0.131914899 0.097345136 0.097345136 0.076923080 0.113043480 0.059907835 0.109170303 0.076923080 0.109170303 0.037735850 0.109170303 0.230188683 0.190476194 0.180722892 0.059907835
0.224880382 0.011857707 0.066666670 0.065693431 0.113043480 0.000000000 0.049180329 0.048327137 0.019157087 0.079136692 0.022900764 0.069090910 0.048327137 0.003921569 0.080168776 0.044897959 0.089361705 0.062240664 0.024000000 0.019157087 0.015873017 0.015873017 0.036437247 0.000000000 0.053497944 0.003921569 0.036437247 0.003921569 0.075630255 0.003921569 0.120274916 0.079136692 0.069090910 0.053497944
0.177664980 0.037344400 0.017543860 0.114503816 0.064220183 0.049180329 0.000000000 0.097276263 0.068273090 0.127819553 0.071999997 0.117870726 0.097276263 0.045267489 0.031111112 0.004291845 0.040358745 0.013100437 0.025210084 0.068273090 0.033333335 0.033333335 0.012765957 0.049180329 0.004329004 0.045267489 0.012765957 0.045267489 0.026548672 0.045267489 0.168458775 0.127819553 0.117870726 0.004329004
0.270270258 0.060150377 0.114624508 0.017421603 0.160493821 0.048327137 0.097276263 0.000000000 0.029197080 0.030927835 0.025454545 0.020833334 0.000000000 0.052238807 0.128000006 0.093023255 0.137096778 0.110236220 0.072243348 0.029197080 0.064150944 0.064150944 0.084615387 0.048327137 0.101562500 0.052238807 0.084615387 0.052238807 0.123505980 0.052238807 0.072368421 0.030927835 0.020833334 0.101562500
0.242990658 0.031007752 0.085714288 0.046594981 0.131914899 0.019157087 0.068273090 0.029197080 0.000000000 0.060070671 0.003745318 0.050000001 0.029197080 0.023076924 0.099173553 0.064000003 0.108333334 0.081300810 0.043137256 0.000000000 0.035019454 0.035019454 0.055555556 0.019157087 0.072580643 0.023076924 0.055555556 0.023076924 0.094650209 0.023076924 0.101351351 0.060070671 0.050000001 0.072580643
0.298701286 0.090909094 0.145038173 0.013513514 0.190476194 0.079136692 0.127819553 0.030927835 0.060070671 0.000000000 0.056338027 0.010101010 0.030927835 0.083032489 0.158301160 0.123595506 0.167315170 0.140684411 0.102941178 0.060070671 0.094890513 0.094890513 0.115241639 0.079136692 0.132075474 0.083032489 0.115241639 0.083032489 0.153846160 0.083032489 0.041533545 0.000000000 0.010101010 0.132075474
0.246511623 0.034749035 0.089430891 0.042857144 0.135593221 0.022900764 0.071999997 0.025454545 0.003745318 0.056338027 0.000000000 0.046263345 0.025454545 0.026819924 0.102880657 0.067729086 0.112033196 0.085020244 0.046875000 0.003745318 0.038759690 0.038759690 0.059288539 0.022900764 0.076305218 0.026819924 0.059288539 0.026819924 0.098360658 0.026819924 0.097643100 0.056338027 0.046263345 0.076305218
0.289473683 0.080882356 0.135135129 0.003412969 0.180722892 0.069090910 0.117870726 0.020833334 0.050000001 0.010101010 0.046263345 0.000000000 0.020833334 0.072992697 0.148437500 0.113636367 0.157480314 0.130769238 0.092936806 0.050000001 0.084870845 0.084870845 0.105263159 0.069090910 0.122137405 0.072992697 0.105263159 0.072992697 0.143968865 0.072992697 0.051612902 0.010101010 0.000000000 0.122137405
0.270270258 0.060150377 0.114624508 0.017421603 0.160493821 0.048327137 0.097276263 0.000000000 0.029197080 0.030927835 0.025454545 0.020833334 0.000000000 0.052238807 0.128000006 0.093023255 0.137096778 0.110236220 0.072243348 0.029197080 0.064150944 0.064150944 0.084615387 0.048327137 0.101562500 0.052238807 0.084615387 0.052238807 0.123505980 0.052238807 0.072368421 0.030927835 0.020833334 0.101562500
0.221153840 0.007936508 0.062761508 0.069597073 0.109170303 0.003921569 0.045267489 0.052238807 0.023076924 0.083032489 0.026819924 0.072992697 0.052238807 0.000000000 0.076271184 0.040983606 0.085470088 0.058333334 0.020080321 0.023076924 0.011952192 0.011952192 0.032520324 0.003921569 0.049586777 0.000000000 0.032520324 0.000000000 0.071729958 0.000000000 0.124137931 0.083032489 0.072992697 0.049586777
0.147368416 0.068376072 0.013574661 0.145098045 0.033175357 0.080168776 0.031111112 0.128000006 0.099173553 0.158301160 0.102880657 0.148437500 0.128000006 0.076271184 0.000000000 0.035398230 0.009259259 0.018018018 0.056277055 0.099173553 0.064377680 0.064377680 0.043859649 0.080168776 0.026785715 0.076271184 0.043859649 0.076271184 0.004566210 0.076271184 0.198529407 0.158301160 0.148437500 0.026785715
0.181818187 0.033057850 0.021834061 0.110266156 0.068493150 0.044897959 0.004291845 0.093023255 0.064000003 0.123595506 0.067729086 0.113636367 0.093023255 0.040983606 0.035398230 0.000000000 0.044642858 0.017391304 0.020920502 0.064000003 0.029045643 0.029045643 0.008474576 0.044897959 0.008620690 0.040983606 0.008474576 0.040983606 0.030837005 0.040983606 0.164285719 0.123595506 0.113636367 0.008620690
0.138297871 0.077586204 0.022831051 0.154150203 0.023923445 0.089361705 0.040358745 0.137096778 0.108333334 0.167315170 0.112033196 0.157480314 0.137096778 0.085470088 0.009259259 0.044642858 0.000000000 0.027272727 0.065502182 0.108333334 0.073593073 0.073593073 0.053097345 0.089361705 0.036036037 0.085470088 0.053097345 0.085470088 0.013824885 0.085470088 0.207407400 0.167315170 0.157480314 0.036036037
0.164948449 0.050420169 0.004444445 0.127413124 0.051162791 0.062240664 0.013100437 0.110236220 0.081300810 0.140684411 0.085020244 0.130769238 0.110236220 0.058333334 0.018018018 0.017391304 0.027272727 0.000000000 0.038297873 0.081300810 0.046413504 0.046413504 0.025862070 0.062240664 0.008771930 0.058333334 0.025862070 0.058333334 0.013452915 0.058333334 0.181159422 0.140684411 0.130769238 0.008771930
0.201970443 0.012145749 0.042735044 0.089552239 0.089285716 0.024000000 0.025210084 0.072243348 0.043137256 0.102941178 0.046875000 0.092936806 0.072243348 0.020080321 0.056277055 0.020920502 0.065502182 0.038297873 0.000000000 0.043137256 0.008130081 0.008130081 0.012448133 0.024000000 0.029535865 0.020080321 0.012448133 0.020080321 0.051724140 0.020080321 0.143859655 0.102941178 0.092936806 0.029535865
0.242990658 0.031007752 0.085714288 0.046594981 0.131914899 0.019157087 0.068273090 0.029197080 0.000000000 0.060070671 0.003745318 0.050000001 0.029197080 0.023076924 0.099173553 0.064000003 0.108333334 0.081300810 0.043137256 0.000000000 0.035019454 0.035019454 0.055555556 0.019157087 0.072580643 0.023076924 0.055555556 0.023076924 0.094650209 0.023076924 0.101351351 0.060070671 0.050000001 0.072580643
0.209756091 0.004016064 0.050847456 0.081481479 0.097345136 0.015873017 0.033333335 0.064150944 0.035019454 0.094890513 0.038759690 0.084870845 0.064150944 0.011952192 0.064377680 0.029045643 0.073593073 0.046413504 0.008130081 0.035019454 0.000000000 0.000000000 0.020576132 0.015873017 0.037656903 0.011952192 0.020576132 0.011952192 0.059829060 0.011952192 0.135888502 0.094890513 0.084870845 0.037656903
0.209756091 0.004016064 0.050847456 0.081481479 0.097345136 0.015873017 0.033333335 0.064150944 0.035019454 0.094890513 0.038759690 0.084870845 0.064150944 0.011952192 0.064377680 0.029045643 0.073593073 0.046413504 0.008130081 0.035019454 0.000000000 0.000000000 0.020576132 0.015873017 0.037656903 0.011952192 0.020576132 0.011952192 0.059829060 0.011952192 0.135888502 0.094890513 0.084870845 0.037656903
0.189999998 0.024590164 0.030303031 0.101886794 0.076923080 0.036437247 0.012765957 0.084615387 0.055555556 0.115241639 0.059288539 0.105263159 0.084615387 0.032520324 0.043859649 0.008474576 0.053097345 0.025862070 0.012448133 0.055555556 0.020576132 0.020576132 0.000000000 0.036437247 0.017094018 0.032520324 0.000000000 0.032520324 0.039301310 0.032520324 0.156028375 0.115241639 0.105263159 0.017094018
0.224880382 0.011857707 0.066666670 0.065693431 0.113043480 0.000000000 0.049180329 0.048327137 0.019157087 0.079136692 0.022900764 0.069090910 0.048327137 0.003921569 0.080168776 0.044897959 0.089361705 0.062240664 0.024000000 0.019157087 0.015873017 0.015873017 0.036437247 0.000000000 0.053497944 0.003921569 0.036437247 0.003921569 0.075630255 0.003921569 0.120274916 0.079136692 0.069090910 0.053497944
0.173469394 0.041666668 0.013215859 0.118773945 0.059907835 0.053497944 0.004329004 0.101562500 0.072580643 0.132075474 0.076305218 0.122137405 0.101562500 0.049586777 0.026785715 0.008620690 0.036036037 0.008771930 0.029535865 0.072580643 0.037656903 0.037656903 0.017094018 0.053497944 0.000000000 0.049586777 0.017094018 0.049586777 0.022222223 0.049586777 0.172661871 0.132075474 0.122137405 0.000000000
0.221153840 0.007936508 0.062761508 0.069597073 0.109170303 0.003921569 0.045267489 0.052238807 0.023076924 0.083032489 0.026819924 0.072992697 0.052238807 0.000000000 0.076271184 0.040983606 0.085470088 0.058333334 0.020080321 0.023076924 0.011952192 0.011952192 0.032520324 0.003921569 0.049586777 0.000000000 0.032520324 0.000000000 0.071729958 0.000000000 0.124137931 0.083032489 0.072992697 0.049586777
0.189999998 0.024590164 0.030303031 0.101886794 0.076923080 0.036437247 0.012765957 0.084615387 0.055555556 0.115241639 0.059288539 0.105263159 0.084615387 0.032520324 0.043859649 0.008474576 0.053097345 0.025862070 0.012448133 0.055555556 0.020576132 0.020576132 0.000000000 0.036437247 0.017094018 0.032520324 0.000000000 0.032520324 0.039301310 0.032520324 0.156028375 0.115241639 0.105263159 0.017094018
0.221153840 0.007936508 0.062761508 0.069597073 0.109170303 0.003921569 0.045267489 0.052238807 0.023076924 0.083032489 0.026819924 0.072992697 0.052238807 0.000000000 0.076271184 0.040983606 0.085470088 0.058333334 0.020080321 0.023076924 0.011952192 0.011952192 0.032520324 0.003921569 0.049586777 0.000000000 0.032520324 0.000000000 0.071729958 0.000000000 0.124137931 0.083032489 0.072992697 0.049586777
0.151832461 0.063829787 0.009009009 0.140625000 0.037735850 0.075630255 0.026548672 0.123505980 0.094650209 0.153846160 0.098360658 0.143968865 0.123505980 0.071729958 0.004566210 0.030837005 0.013824885 0.013452915 0.051724140 0.094650209 0.059829060 0.059829060 0.039301310 0.075630255 0.022222223 0.071729958 0.039301310 0.071729958 0.000000000 0.071729958 0.194139197 0.153846160 0.143968865 0.022222223
0.221153840 0.007936508 0.062761508 0.069597073 0.109170303 0.003921569 0.045267489 0.052238807 0.023076924 0.083032489 0.026819924 0.072992697 0.052238807 0.000000000 0.076271184 0.040983606 0.085470088 0.058333334 0.020080321 0.023076924 0.011952192 0.011952192 0.032520324 0.003921569 0.049586777 0.000000000 0.032520324 0.000000000 0.071729958 0.000000000 0.124137931 0.083032489 0.072992697 0.049586777
0.336065561 0.131944448 0.185454547 0.055016182 0.230188683 0.120274916 0.168458775 0.072368421 0.101351351 0.041533545 0.097643100 0.051612902 0.072368421 0.124137931 0.198529407 0.164285719 0.207407400 0.181159422 0.143859655 0.101351351 0.135888502 0.135888502 0.156028375 0.120274916 0.172661871 0.124137931 0.156028375 0.124137931 0.194139197 0.124137931 0.000000000 0.041533545 0.051612902 0.172661871
0.298701286 0.090909094 0.145038173 0.013513514 0.190476194 0.079136692 0.127819553 0.030927835 0.060070671 0.000000000 0.056338027 0.010101010 0.030927835 0.083032489 0.158301160 0.123595506 0.167315170 0.140684411 0.102941178 0.060070671 0.094890513 0.094890513 0.115241639 0.079136692 0.132075474 0.083032489 0.115241639 0.083032489 0.153846160 0.083032489 0.041533545 0.000000000 0.010101010 0.132075474
0.289473683 0.080882356 0.135135129 0.003412969 0.180722892 0.069090910 0.117870726 0.020833334 0.050000001 0.010101010 0.046263345 0.000000000 0.020833334 0.072992697 0.148437500 0.113636367 0.157480314 0.130769238 0.092936806 0.050000001 0.084870845 0.084870845 0.105263159 0.069090910 0.122137405 0.072992697 0.105263159 0.072992697 0.143968865 0.072992697 0.051612902 0.010101010 0.000000000 0.122137405
0.173469394 0.041666668 0.013215859 0.118773945 0.059907835 0.053497944 0.004329004 0.101562500 0.072580643 0.132075474 0.076305218 0.122137405 0.101562500 0.049586777 0.026785715 0.008620690 0.036036037 0.008771930 0.029535865 0.072580643 0.037656903 0.037656903 0.017094018 0.053497944 0.000000000 0.049586777 0.017094018 0.049586777 0.022222223 0.049586777 0.172661871 0.132075474 0.122137405 0.000000000
