0.015559142 0.054863475 0.022296512 0.067791522 0.028674461 0.035338715 0.036607087 0.038202330 0.039353020 0.058005624 0.046434890 0.061353434 0.047512922 0.040068701 0.038117766 0.020126468 0.028731329 0.061003350 0.038944408 0.058560841 0.027390236 0.043951213 0.021087261 0.039635595 0.052222375 0.048160583 0.040692903 0.039085582 0.017675363 0.046931922 0.079001874 0.059964396 0.036200434 0.023846921
0.054863475 -0.037309866 0.019953009 0.059045017 0.031640261 0.023642667 0.024987333 0.023724098 0.040032435 0.044446107 0.029552598 0.046743609 0.031141113 0.027295578 0.056994744 0.033764951 0.025510143 0.041626401 0.032293197 0.050820719 0.027293682 0.028774198 0.040581949 0.024015149 0.015668146 0.027946465 0.028648267 0.026958648 0.034570694 0.034234304 0.072046220 0.039643850 0.031299397 0.032948583
0.022296512 0.019953009 -0.001224914 0.039828576 0.009298365 0.004698799 -0.000259682 0.003813769 0.004557187 0.027639002 0.011257417 0.032707632 0.015452594 0.011129994 0.029322868 0.012802525 0.001127861 0.029038861 0.013839690 0.019872876 0.002797726 0.009621412 0.009635139 0.001462434 0.021235863 0.018915508 0.002811906 0.004172289 0.010833723 0.008635043 0.051096763 0.033072229 0.015468553 0.006155771
0.067791522 0.059045017 0.039828576 0.009763300 0.046039473 0.030003216 0.032062329 0.029737692 0.047300801 0.011317416 0.031225221 0.031198120 0.025359271 0.031852506 0.080891058 0.069928467 0.049760200 0.032545019 0.045883521 0.033860866 0.048027433 0.040522877 0.063404143 0.031717997 0.046268236 0.025683913 0.042310286 0.041026071 0.060091332 0.032439917 0.033026442 0.024704466 0.049552381 0.050497867
0.028674461 0.031640261 0.009298365 0.046039473 -0.008967436 0.011289177 0.008767562 0.016499523 0.022407165 0.034841258 0.020636577 0.036549155 0.022932196 0.018497137 0.033244334 0.019119658 0.011523035 0.038303696 0.027134035 0.026458818 0.013172074 0.028067360 0.009294931 0.015419611 0.025784999 0.024776563 0.012472968 0.014103684 0.015400268 0.013455221 0.054160554 0.047803719 0.019239036 0.016852733
0.035338715 0.023642667 0.004698799 0.030003216 0.011289177 -0.029367251 0.001081217 0.000974938 0.004426421 0.019987229 0.006050871 0.026222482 0.006146689 0.005076768 0.035481147 0.024876833 0.005052411 0.024499241 0.009675094 0.014545496 0.003873147 0.009494244 0.018562147 0.004586237 0.024504438 0.014641875 0.002360053 -0.000686188 0.017954862 0.000572920 0.041688103 0.024373576 0.017481923 0.011759366
0.036607087 0.024987333 -0.000259682 0.032062329 0.008767562 0.001081217 -0.013006335 -0.003294146 0.002441820 0.019644244 0.005633176 0.022427659 0.009028789 0.003741531 0.036550965 0.025091792 0.007784913 0.021455918 0.013731085 0.007026993 0.003992460 0.007336837 0.020367553 -0.002652938 0.021580780 0.008556392 -0.002457014 -0.000783068 0.020011500 -0.005358924 0.049258757 0.027944056 0.017448660 0.013546571
0.038202330 0.023724098 0.003813769 0.029737692 0.016499523 0.000974938 -0.003294146 -0.002261227 0.007639141 0.016542783 0.006246272 0.022523522 0.002161850 0.002121426 0.038520295 0.028506473 0.012395910 0.020964185 0.012317759 0.011016106 0.010090336 0.008766490 0.024016999 0.001289504 0.013786815 0.008249595 0.000026329 0.004922278 0.022184495 0.001138921 0.037688486 0.024013607 0.021548327 0.018260431
0.039353020 0.040032435 0.004557187 0.047300801 0.022407165 0.004426421 0.002441820 0.007639141 -0.001730253 0.033813473 0.008553147 0.033860818 0.012897573 0.013320242 0.046057783 0.023948731 0.006286098 0.032405701 0.018121436 0.018108208 0.010041031 0.002690923 0.016902773 0.002125805 0.029979445 0.014426826 0.000931612 0.003231562 0.019841295 -0.000173731 0.065662652 0.045602381 0.030553531 0.017809920
0.058005624 0.044446107 0.027639002 0.011317416 0.034841258 0.019987229 0.019644244 0.016542783 0.033813473 0.006869171 0.017282508 0.015393828 0.011013058 0.019498685 0.066346362 0.055544138 0.037650023 0.016479157 0.032738123 0.014166500 0.036279403 0.027274428 0.051851343 0.021753605 0.030129127 0.006480350 0.028023195 0.030299941 0.048931926 0.020363539 0.023372883 0.011106359 0.034726150 0.038230315
0.046434890 0.029552598 0.011257417 0.031225221 0.020636577 0.006050871 0.005633176 0.006246272 0.008553147 0.017282508 -0.006864325 0.022997284 0.005268916 0.007835402 0.049977042 0.039515655 0.016437538 0.019476604 0.014905150 0.012246883 0.014706803 0.012922974 0.031369999 0.007395809 0.022804230 0.002798655 0.006573627 0.008989200 0.030017618 0.005542824 0.047324710 0.018839788 0.020067679 0.021718360
0.061353434 0.046743609 0.032707632 0.031198120 0.036549155 0.026222482 0.022427659 0.022523522 0.033860818 0.015393828 0.022997284 0.015657514 0.022996202 0.022178113 0.071408495 0.055324607 0.038625598 0.023844063 0.036108613 0.024812190 0.037828740 0.030438542 0.051282156 0.023752350 0.037335269 0.015961323 0.028376726 0.030687770 0.047839634 0.021516427 0.048488058 0.030324886 0.041057922 0.041431528
0.047512922 0.031141113 0.015452594 0.025359271 0.022932196 0.006146689 0.009028789 0.002161850 0.012897573 0.011013058 0.005268916 0.022996202 -0.013111996 0.008336915 0.052398916 0.046610035 0.019583695 0.019574581 0.017771279 0.012841669 0.019042913 0.009490250 0.036584571 0.007659410 0.017693926 0.003790902 0.005269912 0.013788668 0.034372084 0.006765216 0.039682187 0.016818207 0.025699712 0.024509234
0.040068701 0.027295578 0.011129994 0.031852506 0.018497137 0.005076768 0.003741531 0.002121426 0.013320242 0.019498685 0.007835402 0.022178113 0.008336915 -0.005614381 0.042364806 0.035611164 0.012907909 0.022558410 0.013780482 0.014968139 0.012497252 0.013529276 0.026194686 0.007152270 0.021822462 0.008887777 0.004354457 0.007267091 0.023732681 0.001182279 0.041010335 0.027706534 0.022560934 0.020269305
0.038117766 0.056994744 0.029322868 0.080891058 0.033244334 0.035481147 0.036550965 0.038520295 0.046057783 0.066346362 0.049977042 0.071408495 0.052398916 0.042364806 0.030984258 0.015067355 0.033986330 0.073750421 0.041094400 0.062523484 0.033313800 0.053071927 0.028892310 0.039932705 0.044856749 0.057684712 0.042159326 0.039872557 0.029082227 0.050329875 0.079999015 0.072502658 0.050625414 0.030107327
0.020126468 0.033764951 0.012802525 0.069928467 0.019119658 0.024876833 0.025091792 0.028506473 0.023948731 0.055544138 0.039515655 0.055324607 0.046610035 0.035611164 0.015067355 -0.015820738 0.014699322 0.061175056 0.027439492 0.040364459 0.013276785 0.031702168 0.002207551 0.026623866 0.036268987 0.049362946 0.024624426 0.020714909 0.004711823 0.032512166 0.072230041 0.068375513 0.027130444 0.006536387
0.028731329 0.025510143 0.001127861 0.049760200 0.011523035 0.005052411 0.007784913 0.012395910 0.006286098 0.037650023 0.016437538 0.038625598 0.019583695 0.012907909 0.033986330 0.014699322 -0.013933977 0.035510100 0.014835673 0.027798675 0.006090424 0.014876254 0.008553933 0.007264167 0.027660802 0.022442501 0.004772014 0.007219270 0.006962105 0.011246253 0.063631199 0.040130746 0.011786665 0.014298378
0.061003350 0.041626401 0.029038861 0.032545019 0.038303696 0.024499241 0.021455918 0.020964185 0.032405701 0.016479157 0.019476604 0.023844063 0.019574581 0.022558410 0.073750421 0.061175056 0.035510100 0.008457683 0.033064790 0.031866632 0.035098176 0.029255906 0.054938957 0.022546077 0.037114833 0.013378888 0.024327595 0.030031752 0.049372349 0.019963574 0.044202246 0.032192335 0.039450221 0.041338563
0.038944408 0.032293197 0.013839690 0.045883521 0.027134035 0.009675094 0.013731085 0.012317759 0.018121436 0.032738123 0.014905150 0.036108613 0.017771279 0.013780482 0.041094400 0.027439492 0.014835673 0.033064790 0.002350900 0.031005893 0.015450524 0.019398047 0.025828287 0.015529012 0.029553397 0.019900363 0.014381255 0.016426740 0.020202449 0.013785259 0.054973327 0.039400861 0.027670512 0.017894082
0.058560841 0.050820719 0.019872876 0.033860866 0.026458818 0.014545496 0.007026993 0.011016106 0.018108208 0.014166500 0.012246883 0.024812190 0.012841669 0.014968139 0.062523484 0.040364459 0.027798675 0.031866632 0.031005893 -0.000781767 0.025394198 0.020237327 0.039490633 0.014408819 0.025789417 0.013470324 0.014003629 0.018746946 0.040801328 0.012821909 0.052391324 0.034254547 0.035942048 0.031622387
0.027390236 0.027293682 0.002797726 0.048027433 0.013172074 0.003873147 0.003992460 0.010090336 0.010041031 0.036279403 0.014706803 0.037828740 0.019042913 0.012497252 0.033313800 0.013276785 0.006090424 0.035098176 0.015450524 0.025394198 -0.002432013 0.012168413 0.009604783 0.004064540 0.030779880 0.022703934 0.006228238 0.004884550 0.009877058 0.010149942 0.059026644 0.038535479 0.011827352 0.010522883
0.043951213 0.028774198 0.009621412 0.040522877 0.028067360 0.009494244 0.007336837 0.008766490 0.002690923 0.027274428 0.012922974 0.030438542 0.009490250 0.013529276 0.053071927 0.031702168 0.014876254 0.029255906 0.019398047 0.020237327 0.012168413 -0.018094141 0.024287021 0.000419431 0.028388737 0.010844789 0.010678023 0.014848541 0.023109732 0.011520108 0.060296282 0.030958753 0.025647489 0.019702271
0.021087261 0.040581949 0.009635139 0.063404143 0.009294931 0.018562147 0.020367553 0.024016999 0.016902773 0.051851343 0.031369999 0.051282156 0.036584571 0.026194686 0.028892310 0.002207551 0.008553933 0.054938957 0.025828287 0.039490633 0.009604783 0.024287021 -0.008327708 0.020376626 0.034945246 0.041403074 0.020200405 0.016780894 0.008001252 0.025340633 0.072904408 0.056512140 0.020170892 0.007502634
0.039635595 0.024015149 0.001462434 0.031717997 0.015419611 0.004586237 -0.002652938 0.001289504 0.002125805 0.021753605 0.007395809 0.023752350 0.007659410 0.007152270 0.039932705 0.026623866 0.007264167 0.022546077 0.015529012 0.014408819 0.004064540 0.000419431 0.020376626 -0.002643934 0.020777101 0.008038168 -0.001708468 -0.000264402 0.019547055 -0.001178056 0.049169801 0.025600176 0.014465111 0.015053853
0.052222375 0.015668146 0.021235863 0.046268236 0.025784999 0.024504438 0.021580780 0.013786815 0.029979445 0.030129127 0.022804230 0.037335269 0.017693926 0.021822462 0.044856749 0.036268987 0.027660802 0.037114833 0.029553397 0.025789417 0.030779880 0.028388737 0.034945246 0.020777101 -0.018435173 0.021135235 0.018448612 0.020761739 0.040281370 0.024367077 0.058664665 0.040970001 0.034667522 0.029715834
0.048160583 0.027946465 0.018915508 0.025683913 0.024776563 0.014641875 0.008556392 0.008249595 0.014426826 0.006480350 0.002798655 0.015961323 0.003790902 0.008887777 0.057684712 0.049362946 0.022442501 0.013378888 0.019900363 0.013470324 0.022703934 0.010844789 0.041403074 0.008038168 0.021135235 -0.005458113 0.010968968 0.015309902 0.035157584 0.003331038 0.041262440 0.019288011 0.025549309 0.026779555
0.040692903 0.028648267 0.002811906 0.042310286 0.012472968 0.002360053 -0.002457014 0.000026329 0.000931612 0.028023195 0.006573627 0.028376726 0.005269912 0.004354457 0.042159326 0.024624426 0.004772014 0.024327595 0.014381255 0.014003629 0.006228238 0.010678023 0.020200405 -0.001708468 0.018448612 0.010968968 -0.010117520 0.002213448 0.020221673 -0.001179701 0.057556506 0.040829770 0.021569701 0.013126218
0.039085582 0.026958648 0.004172289 0.041026071 0.014103684 -0.000686188 -0.000783068 0.004922278 0.003231562 0.030299941 0.008989200 0.030687770 0.013788668 0.007267091 0.039872557 0.020714909 0.007219270 0.030031752 0.016426740 0.018746946 0.004884550 0.014848541 0.016780894 -0.000264402 0.020761739 0.015309902 0.002213448 -0.008267410 0.017403256 0.001940211 0.056239169 0.035549372 0.020741433 0.012873832
0.017675363 0.034570694 0.010833723 0.060091332 0.015400268 0.017954862 0.020011500 0.022184495 0.019841295 0.048931926 0.030017618 0.047839634 0.034372084 0.023732681 0.029082227 0.004711823 0.006962105 0.049372349 0.020202449 0.040801328 0.009877058 0.023109732 0.008001252 0.019547055 0.040281370 0.035157584 0.020221673 0.017403256 -0.010422923 0.023264511 0.067569464 0.053624608 0.019537393 0.012325159
0.046931922 0.034234304 0.008635043 0.032439917 0.013455221 0.000572920 -0.005358924 0.001138921 -0.000173731 0.020363539 0.005542824 0.021516427 0.006765216 0.001182279 0.050329875 0.032512166 0.011246253 0.019963574 0.013785259 0.012821909 0.010149942 0.011520108 0.025340633 -0.001178056 0.024367077 0.003331038 -0.001179701 0.001940211 0.023264511 -0.023798466 0.054582171 0.030952670 0.022591865 0.017585695
0.079001874 0.072046220 0.051096763 0.033026442 0.054160554 0.041688103 0.049258757 0.037688486 0.065662652 0.023372883 0.047324710 0.048488058 0.039682187 0.041010335 0.079999015 0.072230041 0.063631199 0.044202246 0.054973327 0.052391324 0.059026644 0.060296282 0.072904408 0.049169801 0.058664665 0.041262440 0.057556506 0.056239169 0.067569464 0.054582171 -0.002022011 0.041050881 0.065427944 0.049173009
0.059964396 0.039643850 0.033072229 0.024704466 0.047803719 0.024373576 0.027944056 0.024013607 0.045602381 0.011106359 0.018839788 0.030324886 0.016818207 0.027706534 0.072502658 0.068375513 0.040130746 0.032192335 0.039400861 0.034254547 0.038535479 0.030958753 0.056512140 0.025600176 0.040970001 0.019288011 0.040829770 0.035549372 0.053624608 0.030952670 0.041050881 0.000843294 0.040351994 0.043470085
0.036200434 0.031299397 0.015468553 0.049552381 0.019239036 0.017481923 0.017448660 0.021548327 0.030553531 0.034726150 0.020067679 0.041057922 0.025699712 0.022560934 0.050625414 0.027130444 0.011786665 0.039450221 0.027670512 0.035942048 0.011827352 0.025647489 0.020170892 0.014465111 0.034667522 0.025549309 0.021569701 0.020741433 0.019537393 0.022591865 0.065427944 0.040351994 -0.017788336 0.021489739
0.023846921 0.032948583 0.006155771 0.050497867 0.016852733 0.011759366 0.013546571 0.018260431 0.017809920 0.038230315 0.021718360 0.041431528 0.024509234 0.020269305 0.030107327 0.006536387 0.014298378 0.041338563 0.017894082 0.031622387 0.010522883 0.019702271 0.007502634 0.015053853 0.029715834 0.026779555 0.013126218 0.012873832 0.012325159 0.017585695 0.049173009 0.043470085 0.021489739 -0.003414689
