0.017264359 0.054480784 0.021009140 0.081399560 0.022745889 0.039077252 0.035305187 0.040014468 0.040153578 0.058157474 0.047079049 0.069066964 0.049878675 0.045011006 0.028677538 0.020270482 0.031916052 0.061150003 0.039033540 0.057891283 0.026064267 0.047272384 0.022903144 0.039271887 0.053093567 0.046600487 0.042274646 0.035146989 0.026058545 0.049255587 0.083541989 0.072957478 0.038859520 0.022822896
0.054480784 -0.045724235 0.017159974 0.062502891 0.022971427 0.021808436 0.021956380 0.020404479 0.033253469 0.040228900 0.024114251 0.046030730 0.028305048 0.024744933 0.043685019 0.029528273 0.023413718 0.034735605 0.026702091 0.044131447 0.023586167 0.024175957 0.038109951 0.021061379 0.009027193 0.023723777 0.026773591 0.021369739 0.037060089 0.034378521 0.075131491 0.037764117 0.025321810 0.027823713
0.021009140 0.017159974 -0.001364534 0.043289244 0.008001851 0.005909545 -0.000252432 0.003500429 0.004563726 0.028721696 0.010152012 0.035514839 0.014565758 0.014301282 0.027985018 0.011258265 0.001527122 0.028857462 0.012957553 0.019717187 0.002985644 0.010988609 0.010779374 0.001179480 0.018995084 0.018980576 0.001455767 0.006602812 0.010854327 0.012110474 0.051287845 0.038217563 0.019064156 0.009196448
0.081399560 0.062502891 0.043289244 0.017522812 0.040213469 0.032205991 0.032761242 0.031395767 0.045312539 0.011049466 0.032292504 0.033527207 0.031953856 0.032280106 0.081104502 0.063496560 0.057793252 0.037471484 0.051392574 0.032597110 0.049120549 0.044534601 0.064535156 0.034020111 0.040489033 0.021905230 0.043107007 0.044338115 0.070069544 0.042243436 0.048022419 0.031319767 0.049995657 0.051742807
0.022745889 0.022971427 0.008001851 0.040213469 -0.010636684 0.011868021 0.009271249 0.015339810 0.019191792 0.027403735 0.018700186 0.031524722 0.022221856 0.018782996 0.028718360 0.017235402 0.009293699 0.028094776 0.020245621 0.026443332 0.010382246 0.023649171 0.011119367 0.014853651 0.024486542 0.018050261 0.011799993 0.011248091 0.013458017 0.012968957 0.048943009 0.040153831 0.016565058 0.017964654
0.039077252 0.021808436 0.005909545 0.032205991 0.011868021 -0.025412314 0.002358245 0.002520467 0.005680182 0.020636864 0.007495901 0.027806818 0.008157743 0.009004466 0.037588466 0.025674958 0.007148784 0.023411438 0.010078311 0.017792683 0.004669648 0.011987879 0.022076085 0.006032029 0.022645656 0.015263114 0.003934893 0.002950043 0.018783286 0.005299410 0.045085274 0.023915101 0.020836111 0.016023476
0.035305187 0.021956380 -0.000252432 0.032761242 0.009271249 0.002358245 -0.013741182 -0.002998410 0.002542364 0.020368317 0.004394303 0.023733199 0.007480430 0.006676876 0.036169309 0.023091897 0.007310151 0.021701224 0.012941479 0.007004177 0.004354371 0.008604795 0.020747744 -0.002677186 0.019574761 0.008840326 -0.002903036 0.002619766 0.016984947 -0.002045183 0.048471253 0.030456588 0.020561606 0.016673192
0.040014468 0.020404479 0.003500429 0.031395767 0.015339810 0.002520467 -0.002998410 -0.002499086 0.006990382 0.015883133 0.006074891 0.023265999 0.002118852 0.004511021 0.039375771 0.027258556 0.012564663 0.018470109 0.010609712 0.011250441 0.009025288 0.009693252 0.025588157 0.001092750 0.011378505 0.006963532 -0.000422996 0.006078186 0.023454012 0.004400773 0.039784789 0.025361195 0.024158120 0.021092903
0.040153578 0.033253469 0.004563726 0.045312539 0.019191792 0.005680182 0.002542364 0.006990382 -0.001759996 0.030723831 0.007514479 0.031406332 0.012967081 0.012299379 0.042438723 0.021766396 0.006699335 0.027942326 0.014344506 0.016865864 0.009039801 0.000685436 0.016184606 0.002318447 0.027989419 0.012022534 0.000173053 0.002249684 0.017721636 0.001439821 0.063133806 0.040477980 0.026585262 0.018671563
0.058157474 0.040228900 0.028721696 0.011049466 0.027403735 0.020636864 0.020368317 0.015883133 0.030723831 0.002343940 0.016162211 0.014383109 0.010315375 0.018969137 0.055920668 0.049423054 0.037993751 0.016318221 0.031583287 0.007958335 0.035345383 0.025917359 0.049195282 0.021423467 0.024082774 0.005761944 0.026628241 0.030804610 0.046962060 0.024912493 0.025358174 0.011408832 0.029918417 0.036001153
0.047079049 0.024114251 0.010152012 0.032292504 0.018700186 0.007495901 0.004394303 0.006074891 0.007514479 0.016162211 -0.008013527 0.022446476 0.007044394 0.008170221 0.046826735 0.037548590 0.015932443 0.015202842 0.012022007 0.011913969 0.013246821 0.012234308 0.031190529 0.006964045 0.021335877 -0.000371237 0.006532460 0.006020675 0.031363472 0.005162597 0.046903394 0.020005889 0.019084696 0.022574950
0.069066964 0.046030730 0.035514839 0.033527207 0.031524722 0.027806818 0.023733199 0.023265999 0.031406332 0.014383109 0.022446476 0.013747308 0.025819063 0.020663690 0.066454202 0.048737302 0.043141462 0.026508078 0.037936255 0.019705787 0.038126554 0.032284293 0.049401745 0.024781801 0.033584483 0.014580581 0.028235584 0.033911660 0.053010330 0.029500214 0.059926815 0.034646384 0.038705699 0.041320708
0.049878675 0.028305048 0.014565758 0.031953856 0.022221856 0.008157743 0.007480430 0.002118852 0.012967081 0.010315375 0.007044394 0.025819063 -0.009072237 0.008660300 0.053037066 0.043291532 0.020422764 0.019358445 0.016825920 0.013772083 0.018404879 0.010378709 0.036168084 0.007307918 0.015525653 0.000302472 0.005038666 0.011672265 0.037083186 0.008088483 0.041622847 0.021323487 0.027551591 0.026871976
0.045011006 0.024744933 0.014301282 0.032280106 0.018782996 0.009004466 0.006676876 0.004511021 0.012299379 0.018969137 0.008170221 0.020663690 0.008660300 -0.001557536 0.038057838 0.035201602 0.015708279 0.020179875 0.012834878 0.014682737 0.012509238 0.013772383 0.029424444 0.009108730 0.021847922 0.009744948 0.007333101 0.010238115 0.026616033 0.007240599 0.045956720 0.026717611 0.021038083 0.023712093
0.028677538 0.043685019 0.027985018 0.081104502 0.028718360 0.037588466 0.036169309 0.039375771 0.042438723 0.055920668 0.046826735 0.066454202 0.053037066 0.038057838 0.019596532 0.012069582 0.031472094 0.062300786 0.035039030 0.060180787 0.031785801 0.043566238 0.027684573 0.039003063 0.046984270 0.047767334 0.044778660 0.029261660 0.028792260 0.043953106 0.070602432 0.073554866 0.035116047 0.026079062
0.020270482 0.029528273 0.011258265 0.063496560 0.017235402 0.025674958 0.023091897 0.027258556 0.021766396 0.049423054 0.037548590 0.048737302 0.043291532 0.035201602 0.012069582 -0.020142725 0.014590998 0.060404412 0.025222223 0.028930765 0.009352790 0.030472929 -0.001571395 0.023920406 0.032743476 0.045988847 0.022857375 0.018527104 0.005087891 0.034708817 0.074184529 0.066838808 0.024284478 0.007853918
0.031916052 0.023413718 0.001527122 0.057793252 0.009293699 0.007148784 0.007310151 0.012564663 0.006699335 0.037993751 0.015932443 0.043141462 0.020422764 0.015708279 0.031472094 0.014590998 -0.006844908 0.033650532 0.015013822 0.028276257 0.004961505 0.016495157 0.010286509 0.008948298 0.025617074 0.021690629 0.007496468 0.006536568 0.013186857 0.015273279 0.068900965 0.046760641 0.015025534 0.015639015
0.061150003 0.034735605 0.028857462 0.037471484 0.028094776 0.023411438 0.021701224 0.018470109 0.027942326 0.016318221 0.015202842 0.026508078 0.019358445 0.020179875 0.062300786 0.060404412 0.033650532 0.001336031 0.028411513 0.031437296 0.035302896 0.026064921 0.054400176 0.023062538 0.030998647 0.011632883 0.022629648 0.028334152 0.047717717 0.021646488 0.044041038 0.030582665 0.034918491 0.036140211
0.039033540 0.026702091 0.012957553 0.051392574 0.020245621 0.010078311 0.012941479 0.010609712 0.014344506 0.031583287 0.012022007 0.037936255 0.016825920 0.012834878 0.035039030 0.025222223 0.015013822 0.028411513 -0.001899075 0.029562270 0.014199123 0.016967859 0.024685286 0.014936403 0.025155488 0.018102534 0.013020782 0.014637475 0.019348333 0.016079133 0.057307199 0.041665860 0.025188673 0.016273623
0.057891283 0.044131447 0.019717187 0.032597110 0.026443332 0.017792683 0.007004177 0.011250441 0.016865864 0.007958335 0.011913969 0.019705787 0.013772083 0.014682737 0.060180787 0.028930765 0.028276257 0.031437296 0.029562270 -0.000977580 0.024163906 0.019363787 0.033082299 0.013928153 0.022099273 0.006807125 0.012518692 0.018349029 0.039823242 0.017162642 0.052667238 0.035237543 0.031072162 0.033584341
0.026064267 0.023586167 0.002985644 0.049120549 0.010382246 0.004669648 0.004354371 0.009025288 0.009039801 0.035345383 0.013246821 0.038126554 0.018404879 0.012509238 0.031785801 0.009352790 0.004961505 0.035302896 0.014199123 0.024163906 -0.001480188 0.011933127 0.006836126 0.004111020 0.026656859 0.021304589 0.003527897 0.007558335 0.005770988 0.013417091 0.059030671 0.037750065 0.011804387 0.012231752
0.047272384 0.024175957 0.010988609 0.044534601 0.023649171 0.011987879 0.008604795 0.009693252 0.000685436 0.025917359 0.012234308 0.032284293 0.010378709 0.013772383 0.043566238 0.030472929 0.016495157 0.026064921 0.016967859 0.019363787 0.011933127 -0.019303378 0.024944684 0.001499539 0.026962511 0.010129793 0.012449803 0.013164623 0.025109809 0.015332892 0.063557535 0.031888060 0.021408789 0.019925132
0.022903144 0.038109951 0.010779374 0.064535156 0.011119367 0.022076085 0.020747744 0.025588157 0.016184606 0.049195282 0.031190529 0.049401745 0.036168084 0.029424444 0.027684573 -0.001571395 0.010286509 0.054400176 0.024685286 0.033082299 0.006836126 0.024944684 -0.006813824 0.019942619 0.034653883 0.040756915 0.021397660 0.017764658 0.008387145 0.029596958 0.076604411 0.060934402 0.019434134 0.013246977
0.039271887 0.021061379 0.001179480 0.034020111 0.014853651 0.006032029 -0.002677186 0.001092750 0.002318447 0.021423467 0.006964045 0.024781801 0.007307918 0.009108730 0.039003063 0.023920406 0.008948298 0.023062538 0.014936403 0.013928153 0.004111020 0.001499539 0.019942619 -0.003006524 0.018261228 0.007362744 -0.001961075 0.001359668 0.018413721 0.002211161 0.049794022 0.028976414 0.016563075 0.017458312
0.053093567 0.009027193 0.018995084 0.040489033 0.024486542 0.022645656 0.019574761 0.011378505 0.027989419 0.024082774 0.021335877 0.033584483 0.015525653 0.021847922 0.046984270 0.032743476 0.025617074 0.030998647 0.025155488 0.022099273 0.026656859 0.026962511 0.034653883 0.018261228 -0.022458363 0.015758196 0.015741512 0.017979836 0.039175920 0.024319310 0.057982333 0.039619222 0.036022898 0.032760113
0.046600487 0.023723777 0.018980576 0.021905230 0.018050261 0.015263114 0.008840326 0.006963532 0.012022534 0.005761944 -0.000371237 0.014580581 0.000302472 0.009744948 0.047767334 0.045988847 0.021690629 0.011632883 0.018102534 0.006807125 0.021304589 0.010129793 0.040756915 0.007362744 0.015758196 -0.004122600 0.008947023 0.017098192 0.031911131 0.007625433 0.042469095 0.015933774 0.023767326 0.025329417
0.042274646 0.026773591 0.001455767 0.043107007 0.011799993 0.003934893 -0.002903036 -0.000422996 0.000173053 0.026628241 0.006532460 0.028235584 0.005038666 0.007333101 0.044778660 0.022857375 0.007496468 0.022629648 0.013020782 0.012518692 0.003527897 0.012449803 0.021397660 -0.001961075 0.015741512 0.008947023 -0.009991486 0.001995286 0.020607386 0.001800283 0.059271079 0.042979561 0.026206858 0.016639913
0.035146989 0.021369739 0.006602812 0.044338115 0.011248091 0.002950043 0.002619766 0.006078186 0.002249684 0.030804610 0.006020675 0.033911660 0.011672265 0.010238115 0.029261660 0.018527104 0.006536568 0.028334152 0.014637475 0.018349029 0.007558335 0.013164623 0.017764658 0.001359668 0.017979836 0.017098192 0.001995286 -0.002492696 0.015387534 0.007182141 0.053830836 0.034266781 0.014782645 0.012254996
0.026058545 0.037060089 0.010854327 0.070069544 0.013458017 0.018783286 0.016984947 0.023454012 0.017721636 0.046962060 0.031363472 0.053010330 0.037083186 0.026616033 0.028792260 0.005087891 0.013186857 0.047717717 0.019348333 0.039823242 0.005770988 0.025109809 0.008387145 0.018413721 0.039175920 0.031911131 0.020607386 0.015387534 0.001068415 0.026518568 0.079264633 0.061845072 0.024234802 0.014010787
0.049255587 0.034378521 0.012110474 0.042243436 0.012968957 0.005299410 -0.002045183 0.004400773 0.001439821 0.024912493 0.005162597 0.029500214 0.008088483 0.007240599 0.043953106 0.034708817 0.015273279 0.021646488 0.016079133 0.017162642 0.013417091 0.015332892 0.029596958 0.002211161 0.024319310 0.007625433 0.001800283 0.007182141 0.026518568 -0.015471242 0.061229415 0.040534317 0.025962362 0.019217798
0.083541989 0.075131491 0.051287845 0.048022419 0.048943009 0.045085274 0.048471253 0.039784789 0.063133806 0.025358174 0.046903394 0.059926815 0.041622847 0.045956720 0.070602432 0.074184529 0.068900965 0.044041038 0.057307199 0.052667238 0.059030671 0.063557535 0.076604411 0.049794022 0.057982333 0.042469095 0.059271079 0.053830836 0.079264633 0.061229415 0.005758338 0.058687244 0.069595844 0.047646858
0.072957478 0.037764117 0.038217563 0.031319767 0.040153831 0.023915101 0.030456588 0.025361195 0.040477980 0.011408832 0.020005889 0.034646384 0.021323487 0.026717611 0.073554866 0.066838808 0.046760641 0.030582665 0.041665860 0.035237543 0.037750065 0.031888060 0.060934402 0.028976414 0.039619222 0.015933774 0.042979561 0.034266781 0.061845072 0.040534317 0.058687244 0.004353523 0.040915344 0.046945564
0.038859520 0.025321810 0.019064156 0.049995657 0.016565058 0.020836111 0.020561606 0.024158120 0.026585262 0.029918417 0.019084696 0.038705699 0.027551591 0.021038083 0.035116047 0.024284478 0.015025534 0.034918491 0.025188673 0.031072162 0.011804387 0.021408789 0.019434134 0.016563075 0.036022898 0.023767326 0.026206858 0.014782645 0.024234802 0.025962362 0.069595844 0.040915344 -0.028243784 0.018494502
0.022822896 0.027823713 0.009196448 0.051742807 0.017964654 0.016023476 0.016673192 0.021092903 0.018671563 0.036001153 0.022574950 0.041320708 0.026871976 0.023712093 0.026079062 0.007853918 0.015639015 0.036140211 0.016273623 0.033584341 0.012231752 0.019925132 0.013246977 0.017458312 0.032760113 0.025329417 0.016639913 0.012254996 0.014010787 0.019217798 0.047646858 0.046945564 0.018494502 0.000814985
