0.024253022 0.054046623 0.020854156 0.078954831 0.025386982 0.042431079 0.035657495 0.037498597 0.040926844 0.064170279 0.046420172 0.065846704 0.048156261 0.041515939 0.035036024 0.026626777 0.032616306 0.053074516 0.034376390 0.056880061 0.028992835 0.047317915 0.029714622 0.036924642 0.042444967 0.058381993 0.039589427 0.044527508 0.029230062 0.045741636 0.083825633 0.066375315 0.047060564 0.026562948
0.054046623 -0.059395723 0.012639450 0.049732171 0.019599423 0.024814827 0.017388066 0.018736595 0.028854406 0.032697022 0.022526678 0.031566434 0.022937847 0.017374506 0.045662723 0.032146096 0.019935310 0.023072742 0.018169578 0.033950172 0.017943271 0.019050309 0.038633883 0.016718445 -0.000931412 0.019090248 0.021870581 0.016630676 0.033424743 0.024755362 0.067653514 0.026501147 0.026238199 0.026632749
0.020854156 0.012639450 -0.001235880 0.043234136 0.010585396 0.011185042 -0.000102142 0.003488156 0.004626619 0.028736649 0.011546877 0.031131838 0.014497149 0.009040072 0.027470993 0.017480826 0.001124162 0.021185096 0.006726143 0.021331135 0.003150868 0.009157422 0.014108676 0.001273927 0.015172998 0.021750851 0.002317533 0.006832044 0.012478700 0.007635386 0.052667223 0.034179166 0.022133650 0.006883652
0.078954831 0.049732171 0.043234136 0.015815910 0.041072652 0.044182729 0.034310039 0.033258732 0.045309685 0.012183938 0.034592729 0.023999626 0.026942454 0.028663747 0.079891533 0.085654616 0.054982457 0.017023096 0.039584972 0.035613962 0.050385639 0.042321604 0.076085739 0.034705721 0.030207267 0.029337807 0.044359408 0.047060490 0.070845254 0.037580725 0.044434514 0.019749928 0.060867026 0.054711878
0.025386982 0.019599423 0.010585396 0.041072652 -0.000592954 0.020001199 0.010709393 0.015225464 0.020561647 0.032500017 0.019587178 0.030888293 0.021016270 0.014790904 0.028664900 0.029190706 0.011127102 0.020321935 0.013765177 0.028544698 0.012461755 0.025264516 0.024651011 0.015494633 0.017950697 0.027390288 0.012997276 0.015662700 0.017854517 0.009316124 0.052193701 0.036990941 0.027700491 0.014725557
0.042431079 0.024814827 0.011185042 0.044182729 0.020001199 -0.011122494 0.007790068 0.008766611 0.012319084 0.030365895 0.013453494 0.035354570 0.011618115 0.012248509 0.042964876 0.039335568 0.013927907 0.022749307 0.011543577 0.029871717 0.013970101 0.017802630 0.033710662 0.010685039 0.017641384 0.027872410 0.008930513 0.015063651 0.029275760 0.007419741 0.053349745 0.033782139 0.035699319 0.021311469
0.035657495 0.017388066 -0.000102142 0.034310039 0.010709393 0.007790068 -0.011275459 -0.002808659 0.002708081 0.019720834 0.003323217 0.019758098 0.006126039 0.000892856 0.035872329 0.031255975 0.006965892 0.013277700 0.006747743 0.009299824 0.003995747 0.006940951 0.024347564 -0.002855243 0.016059721 0.010313259 -0.002041769 0.001913865 0.020694140 -0.005441668 0.051232670 0.027206553 0.024156559 0.014019734
0.037498597 0.018736595 0.003488156 0.033258732 0.015225464 0.008766611 -0.002808659 -0.003252080 0.007220117 0.018706530 0.003491111 0.023175569 -0.001485412 0.000477732 0.039674837 0.036514640 0.012711186 0.011488990 0.006170286 0.011860058 0.009287572 0.010955076 0.032355860 0.000726004 0.004670675 0.012742817 -0.000741586 0.009333116 0.024820834 0.001278399 0.043639228 0.024169486 0.033053994 0.018605726
0.040926844 0.028854406 0.004626619 0.045309685 0.020561647 0.012319084 0.002708081 0.007220117 -0.001607758 0.029936641 0.006509603 0.026198443 0.011146382 0.007275233 0.042987704 0.028545264 0.007020858 0.020235015 0.008175889 0.018263973 0.008674423 -0.001452802 0.019836836 0.002256959 0.025761176 0.013864404 0.000630447 0.001894820 0.020006973 -0.002509934 0.065190174 0.036946803 0.030211542 0.017340887
0.064170279 0.032697022 0.028736649 0.012183938 0.032500017 0.030365895 0.019720834 0.018706530 0.029936641 0.004418525 0.017450720 0.006014489 0.008576611 0.016576283 0.064226404 0.065329328 0.040279798 0.002868984 0.025704635 0.011949208 0.033802629 0.025781980 0.058445491 0.022814037 0.017383944 0.005852620 0.027993184 0.030507401 0.056413643 0.022444690 0.028046649 0.007168341 0.040758394 0.041240606
0.046420172 0.022526678 0.011546877 0.034592729 0.019587178 0.013453494 0.003323217 0.003491111 0.006509603 0.017450720 -0.016097492 0.022113085 0.000897740 0.001106219 0.047879402 0.046486396 0.016015001 0.002761105 0.004402777 0.014783453 0.016130870 0.008341863 0.037148781 0.003112974 0.017062116 0.007585987 0.003954647 0.011760483 0.032383911 -0.001028910 0.048732810 0.015697494 0.024144405 0.023056932
0.065846704 0.031566434 0.031131838 0.023999626 0.030888293 0.035354570 0.019758098 0.023175569 0.026198443 0.006014489 0.022113085 0.000144389 0.016048457 0.017396033 0.065739229 0.062627897 0.039271772 0.009252954 0.026841877 0.013388356 0.030340552 0.027377097 0.055595756 0.022636130 0.024459075 0.009163992 0.025876528 0.025487820 0.052955326 0.021367738 0.050755575 0.023201739 0.045256108 0.041454103
0.048156261 0.022937847 0.014497149 0.026942454 0.021016270 0.011618115 0.006126039 -0.001485412 0.011146382 0.008576611 0.000897740 0.016048457 -0.016556324 0.001045054 0.050579213 0.052070618 0.016958082 0.005092751 0.007597552 0.009627839 0.018983217 0.005381073 0.039856561 0.003095916 0.008408352 0.004950731 0.002812181 0.014562247 0.037475128 0.001801856 0.040649418 0.009075361 0.029029597 0.025085229
0.041515939 0.017374506 0.009040072 0.028663747 0.014790904 0.012248509 0.000892856 0.000477732 0.007275233 0.016576283 0.001106219 0.017396033 0.001045054 -0.009766325 0.039671179 0.042408459 0.012526826 0.008434964 0.004995678 0.010032996 0.007770686 0.011824699 0.033176333 0.005119232 0.008648340 0.009104637 0.000956350 0.006447423 0.025404118 -0.001118081 0.042363696 0.021264590 0.030969644 0.018217232
0.035036024 0.045662723 0.027470993 0.079891533 0.028664900 0.042964876 0.035872329 0.039674837 0.042987704 0.064226404 0.047879402 0.065739229 0.050579213 0.039671179 0.022462549 0.020398760 0.032220569 0.055911668 0.030543795 0.057102948 0.032343868 0.048665345 0.038574472 0.037062854 0.034740463 0.061373770 0.041256972 0.039424703 0.033354685 0.042838819 0.076506779 0.068049625 0.050890855 0.030151915
0.026626777 0.032146096 0.017480826 0.085654616 0.029190706 0.039335568 0.031255975 0.036514640 0.028545264 0.065329328 0.046486396 0.062627897 0.052070618 0.042408459 0.020398760 -0.006079419 0.020107813 0.060762458 0.026625173 0.055359498 0.019953674 0.037550546 0.013189011 0.030865837 0.035330568 0.060344573 0.029407086 0.030754779 0.017069455 0.037752267 0.081254244 0.083898455 0.040793318 0.016121782
0.032616306 0.019935310 0.001124162 0.054982457 0.011127102 0.013927907 0.006965892 0.012711186 0.007020858 0.040279798 0.016015001 0.039271772 0.016958082 0.012526826 0.032220569 0.020107813 -0.009750050 0.026931059 0.009167314 0.026559217 0.005568517 0.016367048 0.016015841 0.006514873 0.018583523 0.027872946 0.004972369 0.010103552 0.013109123 0.010840662 0.067439318 0.041980214 0.020503281 0.015461621
0.053074516 0.023072742 0.021185096 0.017023096 0.020321935 0.022749307 0.013277700 0.011488990 0.020235015 0.002868984 0.002761105 0.009252954 0.005092751 0.008434964 0.055911668 0.060762458 0.026931059 -0.016784351 0.016805690 0.011360296 0.024132267 0.017789045 0.052519821 0.014672079 0.017630234 0.005336534 0.014799492 0.019159134 0.041587070 0.009272311 0.037469346 0.009736486 0.030727310 0.027660027
0.034376390 0.018169578 0.006726143 0.039584972 0.013765177 0.011543577 0.006747743 0.006170286 0.008175889 0.025704635 0.004402777 0.026841877 0.007597552 0.004995678 0.030543795 0.026625173 0.009167314 0.016805690 -0.013494957 0.018232375 0.006527799 0.012232695 0.024590498 0.009176197 0.013275969 0.015949937 0.006126089 0.009911617 0.014410194 0.006666035 0.051650345 0.028659260 0.026632072 0.009228701
0.056880061 0.033950172 0.021331135 0.035613962 0.028544698 0.029871717 0.009299824 0.011860058 0.018263973 0.011949208 0.014783453 0.013388356 0.009627839 0.010032996 0.057102948 0.055359498 0.026559217 0.011360296 0.018232375 0.005224616 0.027007142 0.019165117 0.048376903 0.015221039 0.014729004 0.015407356 0.016077306 0.023589782 0.043932077 0.014269914 0.055767443 0.027830312 0.044644032 0.034351163
0.028992835 0.017943271 0.003150868 0.050385639 0.012461755 0.013970101 0.003995747 0.009287572 0.008674423 0.033802629 0.016130870 0.030340552 0.018983217 0.007770686 0.032343868 0.019953674 0.005568517 0.024132267 0.006527799 0.027007142 -0.004142932 0.011188064 0.013691206 0.004314853 0.022341095 0.022767738 0.006238703 0.006900583 0.013851091 0.011591762 0.064979568 0.035493743 0.018071929 0.009999929
0.047317915 0.019050309 0.009157422 0.042321604 0.025264516 0.017802630 0.006940951 0.010955076 -0.001452802 0.025781980 0.008341863 0.027377097 0.005381073 0.011824699 0.048665345 0.037550546 0.016367048 0.017789045 0.012232695 0.019165117 0.011188064 -0.020830519 0.029635837 0.000215786 0.018787894 0.013093580 0.009618077 0.014453962 0.026825927 0.009294832 0.060289763 0.028520092 0.029531192 0.020906126
0.029714622 0.038633883 0.014108676 0.076085739 0.024651011 0.033710662 0.024347564 0.032355860 0.019836836 0.058445491 0.037148781 0.055595756 0.039856561 0.033176333 0.038574472 0.013189011 0.016015841 0.052519821 0.024590498 0.048376903 0.013691206 0.029635837 0.003907591 0.024131263 0.031409863 0.050300874 0.023973785 0.024581827 0.020964827 0.028838092 0.079057351 0.071045332 0.035136588 0.019159392
0.036924642 0.016718445 0.001273927 0.034705721 0.015494633 0.010685039 -0.002855243 0.000726004 0.002256959 0.022814037 0.003112974 0.022636130 0.003095916 0.005119232 0.037062854 0.030865837 0.006514873 0.014672079 0.009176197 0.015221039 0.004314853 0.000215786 0.024131263 -0.002848923 0.013993718 0.011111180 -0.001740743 0.002585271 0.018929129 -0.002005483 0.049877439 0.027209487 0.020585576 0.015119291
0.042444967 -0.000931412 0.015172998 0.030207267 0.017950697 0.017641384 0.016059721 0.004670675 0.025761176 0.017383944 0.017062116 0.024459075 0.008408352 0.008648340 0.034740463 0.035330568 0.018583523 0.017630234 0.013275969 0.014729004 0.022341095 0.018787894 0.031409863 0.013993718 -0.033543095 0.015211039 0.012172724 0.011383537 0.033914879 0.013992901 0.050378531 0.025031675 0.030379094 0.020466663
0.058381993 0.019090248 0.021750851 0.029337807 0.027390288 0.027872410 0.010313259 0.012742817 0.013864404 0.005852620 0.007585987 0.009163992 0.004950731 0.009104637 0.061373770 0.060344573 0.027872946 0.005336534 0.015949937 0.015407356 0.022767738 0.013093580 0.050300874 0.011111180 0.015211039 -0.005506761 0.013643695 0.017648984 0.045557112 0.007832080 0.050905962 0.020202562 0.035078462 0.033099160
0.039589427 0.021870581 0.002317533 0.044359408 0.012997276 0.008930513 -0.002041769 -0.000741586 0.000630447 0.027993184 0.003954647 0.025876528 0.002812181 0.000956350 0.041256972 0.029407086 0.004972369 0.014799492 0.006126089 0.016077306 0.006238703 0.009618077 0.023973785 -0.001740743 0.012172724 0.013643695 -0.007807207 0.003834987 0.021992438 -0.003084052 0.058734000 0.038130630 0.026289441 0.013478798
0.044527508 0.016630676 0.006832044 0.047060490 0.015662700 0.015063651 0.001913865 0.009333116 0.001894820 0.030507401 0.011760483 0.025487820 0.014562247 0.006447423 0.039424703 0.030754779 0.010103552 0.019159134 0.009911617 0.023589782 0.006900583 0.014453962 0.024581827 0.002585271 0.011383537 0.017648984 0.003834987 -0.002894357 0.024420507 0.005674903 0.061706908 0.034498233 0.027728431 0.017368790
0.029230062 0.033424743 0.012478700 0.070845254 0.017854517 0.029275760 0.020694140 0.024820834 0.020006973 0.056413643 0.032383911 0.052955326 0.037475128 0.025404118 0.033354685 0.017069455 0.013109123 0.041587070 0.014410194 0.043932077 0.013851091 0.026825927 0.020964827 0.018929129 0.033914879 0.045557112 0.021992438 0.024420507 0.008652503 0.023627387 0.075371370 0.058198832 0.032562811 0.016391886
0.045741636 0.024755362 0.007635386 0.037580725 0.009316124 0.007419741 -0.005441668 0.001278399 -0.002509934 0.022444690 -0.001028910 0.021367738 0.001801856 -0.001118081 0.042838819 0.037752267 0.010840662 0.009272311 0.006666035 0.014269914 0.011591762 0.009294832 0.028838092 -0.002005483 0.013992901 0.007832080 -0.003084052 0.005674903 0.023627387 -0.024687855 0.054999709 0.028854650 0.025896780 0.016833631
0.083825633 0.067653514 0.052667223 0.044434514 0.052193701 0.053349745 0.051232670 0.043639228 0.065190174 0.028046649 0.048732810 0.050755575 0.040649418 0.042363696 0.076506779 0.081254244 0.067439318 0.037469346 0.051650345 0.055767443 0.064979568 0.060289763 0.079057351 0.049877439 0.050378531 0.050905962 0.058734000 0.061706908 0.075371370 0.054999709 0.004301056 0.047309577 0.069679491 0.057357900
0.066375315 0.026501147 0.034179166 0.019749928 0.036990941 0.033782139 0.027206553 0.024169486 0.036946803 0.007168341 0.015697494 0.023201739 0.009075361 0.021264590 0.068049625 0.083898455 0.041980214 0.009736486 0.028659260 0.027830312 0.035493743 0.028520092 0.071045332 0.027209487 0.025031675 0.020202562 0.038130630 0.034498233 0.058198832 0.028854650 0.047309577 -0.014093772 0.051126808 0.041364588
0.047060564 0.026238199 0.022133650 0.060867026 0.027700491 0.035699319 0.024156559 0.033053994 0.030211542 0.040758394 0.024144405 0.045256108 0.029029597 0.030969644 0.050890855 0.040793318 0.020503281 0.030727310 0.026632072 0.044644032 0.018071929 0.029531192 0.035136588 0.020585576 0.030379094 0.035078462 0.026289441 0.027728431 0.032562811 0.025896780 0.069679491 0.051126808 -0.002701499 0.032906983
0.026562948 0.026632749 0.006883652 0.054711878 0.014725557 0.021311469 0.014019734 0.018605726 0.017340887 0.041240606 0.023056932 0.041454103 0.025085229 0.018217232 0.030151915 0.016121782 0.015461621 0.027660027 0.009228701 0.034351163 0.009999929 0.020906126 0.019159392 0.015119291 0.020466663 0.033099160 0.013478798 0.017368790 0.016391886 0.016833631 0.057357900 0.041364588 0.032906983 -0.002175903
