0.019651808 0.054028638 0.020041479 0.076108143 0.019329866 0.035536043 0.033233047 0.038066298 0.042533059 0.057648264 0.046071425 0.072970040 0.047035471 0.044820320 0.030918773 0.021803223 0.027902335 0.060902525 0.037764672 0.060751718 0.025246669 0.044733502 0.022408759 0.037540276 0.051397961 0.050579201 0.039670009 0.033210602 0.021976877 0.046811257 0.078453913 0.069924504 0.038946152 0.024555482
0.054028638 -0.046693306 0.017640982 0.066246301 0.023522729 0.020331228 0.022836579 0.021021485 0.036122829 0.043366831 0.024653191 0.055435032 0.028943576 0.027216710 0.048016548 0.032438710 0.022715783 0.037057251 0.027139470 0.051431887 0.024610579 0.024159221 0.040948585 0.021751981 0.011445072 0.028181363 0.025553780 0.023103219 0.036520515 0.034870125 0.073267452 0.043691326 0.029885471 0.031559642
0.020041479 0.017640982 -0.001344857 0.043582343 0.006147493 0.004139069 -0.000294287 0.003587384 0.004782439 0.028640566 0.010249141 0.038876485 0.014745279 0.013309087 0.027821859 0.012042227 -0.001325891 0.029687058 0.012012224 0.020496648 0.003113542 0.008430799 0.010844272 0.001175786 0.020354219 0.019920219 0.001722408 0.004992062 0.009095794 0.010192863 0.049860202 0.040207956 0.017803244 0.009169986
0.076108143 0.066246301 0.043582343 0.018608093 0.043458071 0.029087676 0.035217967 0.033151917 0.047803115 0.012779122 0.031496588 0.041379862 0.031829357 0.035189278 0.080053315 0.069671825 0.054335166 0.042405356 0.050378166 0.037772276 0.050972853 0.039889973 0.064527318 0.034491777 0.045858152 0.024748879 0.043003831 0.041945651 0.068056703 0.036914743 0.041409597 0.036763888 0.046472225 0.054486066
0.019329866 0.023522729 0.006147493 0.043458071 -0.018053407 0.009625271 0.008837393 0.015326520 0.018998170 0.028538331 0.018496452 0.038812809 0.022176271 0.018137261 0.025628302 0.016621388 0.007821440 0.030219227 0.018549433 0.025577355 0.008988240 0.019266197 0.009499872 0.014484930 0.030101342 0.021618746 0.012066246 0.009240532 0.008047746 0.010211045 0.047877919 0.046213038 0.012545962 0.017901961
0.035536043 0.020331228 0.004139069 0.029087676 0.009625271 -0.028851688 0.000727286 0.001315038 0.002162388 0.017885977 0.005701536 0.027358731 0.006360137 0.006646702 0.036095008 0.023627844 0.004937335 0.022782449 0.006330910 0.011380477 0.000841036 0.006513330 0.020700540 0.003763525 0.025149874 0.014144438 0.002588597 -0.001561125 0.016511157 0.001759313 0.043270018 0.024815729 0.016345542 0.014912022
0.033233047 0.022836579 -0.000294287 0.035217967 0.008837393 0.000727286 -0.013391377 -0.002449983 0.002354937 0.021539602 0.002704868 0.028827677 0.007369586 0.006601385 0.036389027 0.024906432 0.006576831 0.021904340 0.012064316 0.007385633 0.004232071 0.006648155 0.022292867 -0.002829127 0.021135252 0.010770723 -0.002936675 0.002270628 0.015973497 -0.003045015 0.048021566 0.035502050 0.021282703 0.016625497
0.038066298 0.021021485 0.003587384 0.033151917 0.015326520 0.001315038 -0.002449983 -0.002499401 0.007133251 0.016527578 0.005966327 0.028879127 0.002628027 0.004119875 0.040237561 0.028705390 0.012834323 0.019605340 0.009400740 0.012204140 0.009013556 0.007247014 0.026652712 0.001074477 0.015027533 0.009583622 -0.000130955 0.005167075 0.022654161 0.003101246 0.040288910 0.028906297 0.024147894 0.022379888
0.042533059 0.036122829 0.004782439 0.047803115 0.018998170 0.002162388 0.002354937 0.007133251 -0.001560815 0.030211629 0.010125822 0.033877350 0.016956933 0.009244225 0.045148827 0.022628861 0.008471220 0.031029150 0.015340349 0.019428100 0.009977940 -0.002121246 0.013312867 0.002488561 0.029924473 0.010989476 0.000452797 -0.001101957 0.018728836 -0.000958844 0.065806389 0.042695284 0.025281232 0.018541306
0.057648264 0.043366831 0.028640566 0.012779122 0.028538331 0.017885977 0.021539602 0.016527578 0.030211629 0.003939649 0.015668930 0.018531812 0.011932867 0.019091807 0.058531515 0.052049860 0.036857054 0.019484734 0.031695195 0.010753442 0.036000822 0.022874514 0.049410507 0.021942401 0.027971301 0.004699542 0.026574746 0.029477330 0.046181150 0.022213254 0.023898371 0.016001021 0.028492022 0.036976941
0.046071425 0.024653191 0.010249141 0.031496588 0.018496452 0.005701536 0.002704868 0.005966327 0.010125822 0.015668930 -0.009270387 0.025856156 0.004663242 0.008141737 0.046258703 0.038563389 0.015778150 0.015429723 0.010421411 0.012641247 0.013353760 0.009671612 0.031025670 0.005825185 0.023226308 0.003176411 0.005769311 0.002962331 0.030437842 0.002155863 0.044794708 0.020704869 0.017797483 0.023451895
0.072970040 0.055435032 0.038876485 0.041379862 0.038812809 0.027358731 0.028827677 0.028879127 0.033877350 0.018531812 0.025856156 0.023550808 0.032121729 0.026575331 0.075992711 0.055672083 0.044654824 0.036458917 0.042067334 0.030113852 0.041918352 0.032577872 0.053928670 0.028562766 0.040180735 0.016138967 0.031567305 0.035388522 0.057615772 0.029829420 0.061686955 0.047226835 0.040351786 0.048958436
0.047035471 0.028943576 0.014745279 0.031829357 0.022176271 0.006360137 0.007369586 0.002628027 0.016956933 0.011932867 0.004663242 0.032121729 -0.012780992 0.011153851 0.050759420 0.046302535 0.019984569 0.019943830 0.016089531 0.015740890 0.018824326 0.009431494 0.037003562 0.006979656 0.018722888 0.005750235 0.004930355 0.011036145 0.034452673 0.006310152 0.038810510 0.024348363 0.028065715 0.027295209
0.044820320 0.027216710 0.013309087 0.035189278 0.018137261 0.006646702 0.006601385 0.004119875 0.009244225 0.019091807 0.008141737 0.026575331 0.011153851 -0.002740487 0.045277573 0.036022864 0.014445476 0.022985078 0.011759963 0.014840709 0.010801515 0.010444941 0.031408228 0.008486744 0.023103191 0.009989901 0.005985914 0.009242950 0.027586821 0.006518953 0.048346404 0.033209242 0.021692704 0.026673654
0.030918773 0.048016548 0.027821859 0.080053315 0.025628302 0.036095008 0.036389027 0.040237561 0.045148827 0.058531515 0.046258703 0.075992711 0.050759420 0.045277573 0.018172322 0.014654532 0.028946925 0.064900517 0.034250040 0.063972093 0.030535024 0.043490667 0.032092068 0.038054477 0.044790395 0.053928092 0.042926092 0.029587863 0.027580662 0.044323206 0.070440911 0.077118888 0.039661422 0.030948220
0.021803223 0.032438710 0.012042227 0.069671825 0.016621388 0.023627844 0.024906432 0.028705390 0.022628861 0.052049860 0.038563389 0.055672083 0.046302535 0.036022864 0.014654532 -0.017823201 0.014559863 0.063423306 0.025898308 0.036114268 0.011590545 0.029226905 -0.000418167 0.025697801 0.036047108 0.046298638 0.023776665 0.018808160 0.004022768 0.033544108 0.073390827 0.072366774 0.024727119 0.008831874
0.027902335 0.022715783 -0.001325891 0.054335166 0.007821440 0.004937335 0.006576831 0.012834323 0.008471220 0.036857054 0.015778150 0.044654824 0.019984569 0.014445476 0.028946925 0.014559863 -0.015225881 0.034875616 0.011210543 0.029758416 0.005527595 0.012592437 0.007869773 0.005615342 0.026993599 0.022628427 0.003686981 0.003305680 0.009411092 0.010171635 0.063307934 0.045185156 0.011171856 0.015954230
0.060902525 0.037057251 0.029687058 0.042405356 0.030219227 0.022782449 0.021904340 0.019605340 0.031029150 0.019484734 0.015429723 0.036458917 0.019943830 0.022985078 0.064900517 0.063423306 0.034875616 0.003189072 0.028402433 0.039604519 0.036915921 0.025208808 0.056727305 0.023686424 0.034626447 0.016911937 0.023237521 0.028490154 0.049575090 0.021515746 0.045553245 0.037634011 0.038180720 0.040412374
0.037764672 0.027139470 0.012012224 0.050378166 0.018549433 0.006330910 0.012064316 0.009400740 0.015340349 0.031695195 0.010421411 0.042067334 0.016089531 0.011759963 0.034250040 0.025898308 0.011210543 0.028402433 -0.003920279 0.032040283 0.014318528 0.013887079 0.023841634 0.014221541 0.025325499 0.019373326 0.011197232 0.012633339 0.016811695 0.013295779 0.053596627 0.040480502 0.024219710 0.015714377
0.060751718 0.051431887 0.020496648 0.037772276 0.025577355 0.011380477 0.007385633 0.012204140 0.019428100 0.010753442 0.012641247 0.030113852 0.015740890 0.014840709 0.063972093 0.036114268 0.029758416 0.039604519 0.032040283 -0.001222640 0.025571059 0.016802132 0.034636412 0.014529146 0.029846311 0.009333616 0.013159236 0.016575664 0.040390328 0.012269687 0.054506980 0.043736033 0.032094155 0.035873428
0.025246669 0.024610579 0.003113542 0.050972853 0.008988240 0.000841036 0.004232071 0.009013556 0.009977940 0.036000822 0.013353760 0.041918352 0.018824326 0.010801515 0.030535024 0.011590545 0.005527595 0.036915921 0.014318528 0.025571059 -0.000189174 0.009792255 0.006404029 0.004344508 0.029838240 0.021405326 0.004250013 0.006057635 0.003837836 0.010859371 0.057617743 0.041063119 0.010818965 0.010792350
0.044733502 0.024159221 0.008430799 0.039889973 0.019266197 0.006513330 0.006648155 0.007247014 -0.002121246 0.022874514 0.009671612 0.032577872 0.009431494 0.010444941 0.043490667 0.029226905 0.012592437 0.025208808 0.013887079 0.016802132 0.009792255 -0.025522310 0.022128334 -0.000788995 0.024809223 0.007761972 0.009039346 0.009051057 0.021202629 0.010484185 0.058232747 0.028667584 0.017294794 0.017808985
0.022408759 0.040948585 0.010844272 0.064527318 0.009499872 0.020700540 0.022292867 0.026652712 0.013312867 0.049410507 0.031025670 0.053928670 0.037003562 0.031408228 0.032092068 -0.000418167 0.007869773 0.056727305 0.023841634 0.034636412 0.006404029 0.022128334 -0.004405200 0.020280622 0.034715060 0.041251503 0.021332305 0.017291822 0.008736866 0.028797138 0.074764758 0.064251408 0.018560247 0.014040045
0.037540276 0.021751981 0.001175786 0.034491777 0.014484930 0.003763525 -0.002829127 0.001074477 0.002488561 0.021942401 0.005825185 0.028562766 0.006979656 0.008486744 0.038054477 0.025697801 0.005615342 0.023686424 0.014221541 0.014529146 0.004344508 -0.000788995 0.020280622 -0.002972536 0.020732328 0.008372324 -0.001803059 0.000178217 0.017041925 0.000011375 0.047761679 0.032165073 0.015903627 0.017186690
0.051397961 0.011445072 0.020354219 0.045858152 0.030101342 0.025149874 0.021135252 0.015027533 0.029924473 0.027971301 0.023226308 0.040180735 0.018722888 0.023103191 0.044790395 0.036047108 0.026993599 0.034626447 0.025325499 0.029846311 0.029838240 0.024809223 0.034715060 0.020732328 -0.013079013 0.019988004 0.019661477 0.017855577 0.041946337 0.023378586 0.054965403 0.047078822 0.032717839 0.034585290
0.050579201 0.028181363 0.019920219 0.024748879 0.021618746 0.014144438 0.010770723 0.009583622 0.010989476 0.004699542 0.003176411 0.016138967 0.005750235 0.009989901 0.053928092 0.046298638 0.022628427 0.016911937 0.019373326 0.009333616 0.021405326 0.007761972 0.041251503 0.008372324 0.019988004 -0.007745225 0.010960686 0.015048261 0.034944255 0.006547726 0.044302009 0.024066092 0.020677429 0.028479092
0.039670009 0.025553780 0.001722408 0.043003831 0.012066246 0.002588597 -0.002936675 -0.000130955 0.000452797 0.026574746 0.005769311 0.031567305 0.004930355 0.005985914 0.042926092 0.023776665 0.003686981 0.023237521 0.011197232 0.013159236 0.004250013 0.009039346 0.021332305 -0.001803059 0.019661477 0.010960686 -0.009772666 0.000221624 0.020167354 -0.000742260 0.055907033 0.044898558 0.023437800 0.016627036
0.033210602 0.023103219 0.004992062 0.041945651 0.009240532 -0.001561125 0.002270628 0.005167075 -0.001101957 0.029477330 0.002962331 0.035388522 0.011036145 0.009242950 0.029587863 0.018808160 0.003305680 0.028490154 0.012633339 0.016575664 0.006057635 0.009051057 0.017291822 0.000178217 0.017855577 0.015048261 0.000221624 -0.005192466 0.013310082 0.003299491 0.050242145 0.034980763 0.011659913 0.011586821
0.021976877 0.036520515 0.009095794 0.068056703 0.008047746 0.016511157 0.015973497 0.022654161 0.018728836 0.046181150 0.030437842 0.057615772 0.034452673 0.027586821 0.027580662 0.004022768 0.009411092 0.049575090 0.016811695 0.040390328 0.003837836 0.021202629 0.008736866 0.017041925 0.041946337 0.034944255 0.020167354 0.013310082 -0.005071220 0.023626702 0.073072791 0.060501751 0.021705292 0.015624579
0.046811257 0.034870125 0.010192863 0.036914743 0.010211045 0.001759313 -0.003045015 0.003101246 -0.000958844 0.022213254 0.002155863 0.029829420 0.006310152 0.006518953 0.044323206 0.033544108 0.010171635 0.021515746 0.013295779 0.012269687 0.010859371 0.010484185 0.028797138 0.000011375 0.023378586 0.006547726 -0.000742260 0.003299491 0.023626702 -0.019883964 0.056605764 0.039111085 0.022635831 0.019777594
0.078453913 0.073267452 0.049860202 0.041409597 0.047877919 0.043270018 0.048021566 0.040288910 0.065806389 0.023898371 0.044794708 0.061686955 0.038810510 0.048346404 0.070440911 0.073390827 0.063307934 0.045553245 0.053596627 0.054506980 0.057617743 0.058232747 0.074764758 0.047761679 0.054965403 0.044302009 0.055907033 0.050242145 0.073072791 0.056605764 0.002071138 0.054853935 0.064490937 0.051669229
0.069924504 0.043691326 0.040207956 0.036763888 0.046213038 0.024815729 0.035502050 0.028906297 0.042695284 0.016001021 0.020704869 0.047226835 0.024348363 0.033209242 0.077118888 0.072366774 0.045185156 0.037634011 0.040480502 0.043736033 0.041063119 0.028667584 0.064251408 0.032165073 0.047078822 0.024066092 0.044898558 0.034980763 0.060501751 0.039111085 0.054853935 0.017236844 0.038692102 0.052862681
0.038946152 0.029885471 0.017803244 0.046472225 0.012545962 0.016345542 0.021282703 0.024147894 0.025281232 0.028492022 0.017797483 0.040351786 0.028065715 0.021692704 0.039661422 0.024727119 0.011171856 0.038180720 0.024219710 0.032094155 0.010818965 0.017294794 0.018560247 0.015903627 0.032717839 0.020677429 0.023437800 0.011659913 0.021705292 0.022635831 0.064490937 0.038692102 -0.033089187 0.019975938
0.024555482 0.031559642 0.009169986 0.054486066 0.017901961 0.014912022 0.016625497 0.022379888 0.018541306 0.036976941 0.023451895 0.048958436 0.027295209 0.026673654 0.030948220 0.008831874 0.015954230 0.040412374 0.015714377 0.035873428 0.010792350 0.017808985 0.014040045 0.017186690 0.034585290 0.028479092 0.016627036 0.011586821 0.015624579 0.019777594 0.051669229 0.052862681 0.019975938 0.004464885
