0.021955308 0.056980498 0.022037920 0.074565388 0.024055880 0.041342344 0.036048837 0.040564094 0.043740142 0.059783034 0.049645036 0.072771534 0.052654378 0.047980439 0.028323242 0.021148868 0.033235036 0.063320689 0.040433984 0.055006672 0.024366152 0.053222381 0.024034191 0.040601425 0.050740723 0.049786400 0.042741947 0.037177965 0.022677351 0.053395249 0.086605608 0.074450165 0.044039406 0.025898809
0.056980498 -0.048265576 0.016660936 0.056703560 0.021487724 0.021629274 0.021566708 0.019659298 0.035053723 0.038563579 0.024525454 0.046114575 0.029678624 0.021562580 0.043250278 0.028847337 0.023001758 0.036267921 0.027049223 0.042207934 0.024428610 0.023827339 0.036590204 0.020820584 0.008088658 0.022001930 0.025314992 0.020174395 0.031079257 0.034426842 0.075347595 0.035616964 0.023351241 0.027843244
0.022037920 0.016660936 -0.001313594 0.042367168 0.008429695 0.007175311 -0.000190104 0.003627098 0.004666341 0.028835841 0.010906057 0.035027731 0.015254294 0.013407745 0.027596721 0.010836173 0.002494324 0.029974561 0.013545394 0.019157616 0.002791103 0.011076605 0.009535367 0.001264520 0.019318677 0.019249633 0.002071110 0.006906755 0.009673199 0.012924189 0.050626483 0.038120806 0.018146977 0.008338508
0.074565388 0.056703560 0.042367168 0.015037585 0.041952405 0.032803394 0.034097400 0.030958179 0.045823593 0.012325825 0.029966000 0.038926721 0.028907679 0.032502864 0.069959566 0.066039205 0.053845130 0.037690587 0.048629239 0.032405894 0.051073909 0.039713778 0.063705631 0.033427853 0.039786838 0.025248183 0.041525140 0.042681742 0.060576797 0.039779011 0.039892524 0.033303536 0.043611035 0.050497536
0.024055880 0.021487724 0.008429695 0.041952405 -0.009873016 0.013860090 0.009409387 0.015390363 0.018759890 0.030827949 0.019341962 0.032030560 0.022694156 0.019326942 0.026488071 0.018155502 0.010140941 0.031022295 0.020300867 0.025791485 0.008891951 0.025020827 0.012391759 0.014967440 0.024527490 0.021688307 0.012758987 0.013396058 0.013044451 0.015811436 0.047282655 0.039925966 0.017618056 0.018059341
0.041342344 0.021629274 0.007175311 0.032803394 0.013860090 -0.021652764 0.003430882 0.004318875 0.005169400 0.021611378 0.008959899 0.026605943 0.008845607 0.011300191 0.038379557 0.024667580 0.009712471 0.025753070 0.011573718 0.016610518 0.002749459 0.012586262 0.023606697 0.006470194 0.022828974 0.017008523 0.005999754 0.004533187 0.022060860 0.009560330 0.046735462 0.026293922 0.020962641 0.017249115
0.036048837 0.021566708 -0.000190104 0.034097400 0.009409387 0.003430882 -0.011479557 -0.001868255 0.002506746 0.021307344 0.005715691 0.023532758 0.009186879 0.005989285 0.035730895 0.022767588 0.007913805 0.022591023 0.013589528 0.007353105 0.004081286 0.008619932 0.020157756 -0.001970865 0.020358557 0.009469816 -0.001442241 0.003621169 0.017978476 -0.000750057 0.047354307 0.031377580 0.020182669 0.015429935
0.040564094 0.019659298 0.003627098 0.030958179 0.015390363 0.004318875 -0.001868255 -0.002509922 0.006996294 0.016717058 0.006731495 0.023091257 0.004593009 0.004010768 0.038534869 0.027012588 0.013072710 0.019529786 0.010991579 0.010885170 0.008556942 0.010323132 0.025109358 0.001233223 0.011527613 0.008024212 0.000214286 0.006946811 0.023818122 0.005996703 0.038383294 0.025170820 0.024187572 0.020661607
0.043740142 0.035053723 0.004666341 0.045823593 0.018759890 0.005169400 0.002506746 0.006996294 -0.001556515 0.029986110 0.010537673 0.030384082 0.017847953 0.008384624 0.044291556 0.020718278 0.007918416 0.031379234 0.016375776 0.016941983 0.010317500 -0.000106846 0.012101502 0.002568282 0.029307855 0.010534553 -0.000640845 0.000439385 0.018285116 0.000780861 0.063889526 0.039155293 0.024458334 0.017363321
0.059783034 0.038563579 0.028835841 0.012325825 0.030827949 0.021611378 0.021307344 0.016717058 0.029986110 0.002047439 0.015907153 0.017648248 0.010843961 0.019628823 0.054819051 0.049269259 0.038752235 0.019158574 0.032443065 0.011062774 0.036865074 0.023925297 0.049766779 0.021505715 0.024306733 0.006086738 0.026821762 0.030948211 0.045725390 0.025547275 0.024659323 0.016496502 0.027898435 0.037217684
0.049645036 0.024525454 0.010906057 0.029966000 0.019341962 0.008959899 0.005715691 0.006731495 0.010537673 0.015907153 -0.001213974 0.021890622 0.010686733 0.010008578 0.046481911 0.037315972 0.016739646 0.018821251 0.014787725 0.011148642 0.013920341 0.014393734 0.029922739 0.007633076 0.022023689 0.002085660 0.007487003 0.006061242 0.031308644 0.007642174 0.046519198 0.019030254 0.018005064 0.023253322
0.072771534 0.046114575 0.035027731 0.038926721 0.032030560 0.026605943 0.023532758 0.023091257 0.030384082 0.017648248 0.021890622 0.019901492 0.027013950 0.020109184 0.068406425 0.049153488 0.043859243 0.031493757 0.039797910 0.024297854 0.039605826 0.031088658 0.051330924 0.024599807 0.031863287 0.014505707 0.026986934 0.034480203 0.049327761 0.030210817 0.061647076 0.039441235 0.038129218 0.042959347
0.052654378 0.029678624 0.015254294 0.028907679 0.022694156 0.008845607 0.009186879 0.004593009 0.017847953 0.010843961 0.010686733 0.027013950 -0.003131837 0.009951184 0.052554850 0.043673109 0.021337826 0.024367172 0.019359484 0.012431295 0.019379769 0.013985700 0.035454895 0.009451898 0.016556058 0.002697157 0.007179758 0.011699272 0.035842378 0.010104354 0.042434368 0.022207700 0.027351376 0.027255140
0.047980439 0.021562580 0.013407745 0.032502864 0.019326942 0.011300191 0.005989285 0.004010768 0.008384624 0.019628823 0.010008578 0.020109184 0.009951184 -0.001506038 0.040368050 0.033253960 0.017109530 0.021473663 0.012880703 0.013593997 0.009351361 0.012316681 0.031988196 0.007639686 0.017838348 0.009718338 0.006558896 0.011614256 0.027920282 0.011883132 0.048738956 0.028299846 0.021341570 0.025439158
0.028323242 0.043250278 0.027596721 0.069959566 0.026488071 0.038379557 0.035730895 0.038534869 0.044291556 0.054819051 0.046481911 0.068406425 0.052554850 0.040368050 0.016528955 0.012902712 0.030593645 0.061988235 0.035128161 0.054000106 0.030810054 0.045332424 0.028906185 0.038095955 0.042094078 0.048538242 0.043007649 0.029118039 0.021238074 0.045320332 0.070737049 0.072909117 0.036837474 0.028062282
0.021148868 0.028847337 0.010836173 0.066039205 0.018155502 0.024667580 0.022767588 0.027012588 0.020718278 0.049269259 0.037315972 0.049153488 0.043673109 0.033253960 0.012902712 -0.022573732 0.015097182 0.063003086 0.026349548 0.031042702 0.009873321 0.027914569 -0.004509558 0.023383060 0.031916276 0.044529263 0.022341898 0.017693831 0.001959320 0.034669038 0.073140897 0.068159461 0.021432567 0.007048680
0.033235036 0.023001758 0.002494324 0.053845130 0.010140941 0.009712471 0.007913805 0.013072710 0.007918416 0.038752235 0.016739646 0.043859243 0.021337826 0.017109530 0.030593645 0.015097182 -0.005612134 0.035075642 0.015733257 0.026472006 0.004203399 0.018101253 0.011193232 0.009450426 0.024256825 0.023402151 0.007827773 0.007482285 0.011838203 0.018078484 0.069598712 0.047311869 0.015991827 0.017136777
0.063320689 0.036267921 0.029974561 0.037690587 0.031022295 0.025753070 0.022591023 0.019529786 0.031379234 0.019158574 0.018821251 0.031493757 0.024367172 0.021473663 0.061988235 0.063003086 0.035075642 0.003570843 0.029914338 0.035201851 0.037697248 0.029898321 0.054822415 0.024731211 0.031672798 0.013973495 0.023972796 0.029718315 0.046962291 0.023890987 0.045497201 0.034238540 0.038531095 0.038419828
0.040433984 0.027049223 0.013545394 0.048629239 0.020300867 0.011573718 0.013589528 0.010991579 0.016375776 0.032443065 0.014787725 0.039797910 0.019359484 0.012880703 0.035128161 0.026349548 0.015733257 0.029914338 -0.000784669 0.029747650 0.015613295 0.018828779 0.024810262 0.015737323 0.024155317 0.018822312 0.013300131 0.015337908 0.018424429 0.017781764 0.057288039 0.041247770 0.025919549 0.016762475
0.055006672 0.042207934 0.019157616 0.032405894 0.025791485 0.016610518 0.007353105 0.010885170 0.016941983 0.011062774 0.011148642 0.024297854 0.012431295 0.013593997 0.054000106 0.031042702 0.026472006 0.035201851 0.029747650 -0.001214350 0.025025133 0.017476179 0.033212755 0.013523576 0.023033705 0.010010070 0.011925088 0.017995883 0.035652079 0.014886018 0.045771983 0.034610994 0.027902771 0.030930549
0.024366152 0.024428610 0.002791103 0.051073909 0.008891951 0.002749459 0.004081286 0.008556942 0.010317500 0.036865074 0.013920341 0.039605826 0.019379769 0.009351361 0.030810054 0.009873321 0.004203399 0.037697248 0.015613295 0.025025133 0.000981397 0.012042061 0.003738726 0.004647701 0.027933273 0.021538151 0.003495381 0.007738309 0.003019674 0.011589391 0.054476134 0.037109077 0.010657500 0.008571268
0.053222381 0.023827339 0.011076605 0.039713778 0.025020827 0.012586262 0.008619932 0.010323132 -0.000106846 0.023925297 0.014393734 0.031088658 0.013985700 0.012316681 0.045332424 0.027914569 0.018101253 0.029898321 0.018828779 0.017476179 0.012042061 -0.022940949 0.023161868 0.001086114 0.024862278 0.007653825 0.012290531 0.012133310 0.023553677 0.016746294 0.066409111 0.032877252 0.017393790 0.021191336
0.024034191 0.036590204 0.009535367 0.063705631 0.012391759 0.023606697 0.020157756 0.025109358 0.012101502 0.049766779 0.029922739 0.051330924 0.035454895 0.031988196 0.028906185 -0.004509558 0.011193232 0.054822415 0.024810262 0.033212755 0.003738726 0.023161868 -0.005960494 0.018711926 0.030075070 0.041066993 0.020448197 0.019439470 0.011309226 0.033663452 0.079800963 0.064937890 0.019791819 0.012737683
0.040601425 0.020820584 0.001264520 0.033427853 0.014967440 0.006470194 -0.001970865 0.001233223 0.002568282 0.021505715 0.007633076 0.024599807 0.009451898 0.007639686 0.038095955 0.023383060 0.009450426 0.024731211 0.015737323 0.013523576 0.004647701 0.001086114 0.018711926 -0.002912994 0.018919542 0.007338252 -0.002683978 0.001397836 0.018066837 0.002044467 0.048130963 0.029261546 0.015167247 0.016546482
0.050740723 0.008088658 0.019318677 0.039786838 0.024527490 0.022828974 0.020358557 0.011527613 0.029307855 0.024306733 0.022023689 0.031863287 0.016556058 0.017838348 0.042094078 0.031916276 0.024256825 0.031672798 0.024155317 0.023033705 0.027933273 0.024862278 0.030075070 0.018919542 -0.019987721 0.016027629 0.016860439 0.016838685 0.039833151 0.021987218 0.051131550 0.036753509 0.030316079 0.029624991
0.049786400 0.022001930 0.019249633 0.025248183 0.021688307 0.017008523 0.009469816 0.008024212 0.010534553 0.006086738 0.002085660 0.014505707 0.002697157 0.009718338 0.048538242 0.044529263 0.023402151 0.013973495 0.018822312 0.010010070 0.021538151 0.007653825 0.041066993 0.007338252 0.016027629 -0.005000744 0.009983188 0.017342601 0.032261290 0.009252974 0.042935099 0.020312842 0.021032406 0.026695896
0.042741947 0.025314992 0.002071110 0.041525140 0.012758987 0.005999754 -0.001442241 0.000214286 -0.000640845 0.026821762 0.007487003 0.026986934 0.007179758 0.006558896 0.043007649 0.022341898 0.007827773 0.023972796 0.013300131 0.011925088 0.003495381 0.012290531 0.020448197 -0.002683978 0.016860439 0.009983188 -0.011483395 0.002378149 0.021857917 0.002845248 0.057251059 0.042728867 0.024071675 0.016051013
0.037177965 0.020174395 0.006906755 0.042681742 0.013396058 0.004533187 0.003621169 0.006946811 0.000439385 0.030948211 0.006061242 0.034480203 0.011699272 0.011614256 0.029118039 0.017693831 0.007482285 0.029718315 0.015337908 0.017995883 0.007738309 0.012133310 0.019439470 0.001397836 0.016838685 0.017342601 0.002378149 -0.001481444 0.015008647 0.009131953 0.053211223 0.037733041 0.012625292 0.013613588
0.022677351 0.031079257 0.009673199 0.060576797 0.013044451 0.022060860 0.017978476 0.023818122 0.018285116 0.045725390 0.031308644 0.049327761 0.035842378 0.027920282 0.021238074 0.001959320 0.011838203 0.046962291 0.018424429 0.035652079 0.003019674 0.023553677 0.011309226 0.018066837 0.039833151 0.032261290 0.021857917 0.015008647 -0.006574645 0.027484357 0.072330445 0.059218656 0.020847993 0.014929991
0.053395249 0.034426842 0.012924189 0.039779011 0.015811436 0.009560330 -0.000750057 0.005996703 0.000780861 0.025547275 0.007642174 0.030210817 0.010104354 0.011883132 0.045320332 0.034669038 0.018078484 0.023890987 0.017781764 0.014886018 0.011589391 0.016746294 0.033663452 0.002044467 0.021987218 0.009252974 0.002845248 0.009131953 0.027484357 -0.009413357 0.067174613 0.045114487 0.028210472 0.023662180
0.086605608 0.075347595 0.050626483 0.039892524 0.047282655 0.046735462 0.047354307 0.038383294 0.063889526 0.024659323 0.046519198 0.061647076 0.042434368 0.048738956 0.070737049 0.073140897 0.069598712 0.045497201 0.057288039 0.045771983 0.054476134 0.066409111 0.079800963 0.048130963 0.051131550 0.042935099 0.057251059 0.053211223 0.072330445 0.067174613 0.008353701 0.057744924 0.072859146 0.052044205
0.074450165 0.035616964 0.038120806 0.033303536 0.039925966 0.026293922 0.031377580 0.025170820 0.039155293 0.016496502 0.019030254 0.039441235 0.022207700 0.028299846 0.072909117 0.068159461 0.047311869 0.034238540 0.041247770 0.034610994 0.037109077 0.032877252 0.064937890 0.029261546 0.036753509 0.020312842 0.042728867 0.037733041 0.059218656 0.045114487 0.057744924 0.004473731 0.041905202 0.047549613
0.044039406 0.023351241 0.018146977 0.043611035 0.017618056 0.020962641 0.020182669 0.024187572 0.024458334 0.027898435 0.018005064 0.038129218 0.027351376 0.021341570 0.036837474 0.021432567 0.015991827 0.038531095 0.025919549 0.027902771 0.010657500 0.017393790 0.019791819 0.015167247 0.030316079 0.021032406 0.024071675 0.012625292 0.020847993 0.028210472 0.072859146 0.041905202 -0.035833094 0.021526050
0.025898809 0.027843244 0.008338508 0.050497536 0.018059341 0.017249115 0.015429935 0.020661607 0.017363321 0.037217684 0.023253322 0.042959347 0.027255140 0.025439158 0.028062282 0.007048680 0.017136777 0.038419828 0.016762475 0.030930549 0.008571268 0.021191336 0.012737683 0.016546482 0.029624991 0.026695896 0.016051013 0.013613588 0.014929991 0.023662180 0.052044205 0.047549613 0.021526050 0.001721572
