0.000000000 0.027027028 0.004608295 0.178707227 0.146245062 0.052631579 0.056768559 0.072961375 0.092436977 0.129032254 0.111111112 0.152941182 0.129032254 0.100000001 0.043478262 0.004608295 0.013698630 0.092436977 0.035714287 0.088607594 0.039999999 0.139442235 0.009174312 0.100000001 0.159533069 0.092436977 0.056768559 0.080851063 0.014084507 0.035714287 0.200000003 0.114754096 0.000000000 0.004608295
0.027027028 0.000000000 0.022421524 0.152416363 0.119691119 0.025641026 0.029787235 0.046025105 0.065573767 0.102362208 0.084337346 0.126436785 0.102362208 0.073170729 0.070422538 0.022421524 0.013333334 0.065573767 0.008695652 0.061728396 0.012987013 0.112840466 0.017857144 0.073170729 0.133079842 0.065573767 0.029787235 0.053941909 0.041095890 0.008695652 0.173913047 0.088000000 0.027027028 0.022421524
0.004608295 0.022421524 0.000000000 0.174242422 0.141732290 0.048034936 0.052173913 0.068376072 0.087866105 0.124497995 0.106557377 0.148437500 0.124497995 0.095435686 0.048076924 0.000000000 0.009090909 0.087866105 0.031111112 0.084033616 0.035398230 0.134920642 0.004566210 0.095435686 0.155038759 0.087866105 0.052173913 0.076271184 0.018691588 0.031111112 0.195571959 0.110204078 0.004608295 0.000000000
0.178707227 0.152416363 0.174242422 0.000000000 0.033333335 0.127272725 0.123188406 0.107142858 0.087719299 0.050847456 0.068965517 0.026490066 0.050847456 0.080139376 0.220472440 0.174242422 0.165413529 0.087719299 0.143911436 0.091549292 0.139705881 0.040268455 0.169811323 0.080139376 0.019736841 0.087719299 0.123188406 0.099290781 0.192307696 0.143911436 0.022082020 0.065292098 0.178707227 0.174242422
0.146245062 0.119691119 0.141732290 0.033333335 0.000000000 0.094339624 0.090225562 0.074074075 0.054545455 0.017543860 0.035714287 0.006849315 0.017543860 0.046931408 0.188524589 0.141732290 0.132812500 0.054545455 0.111111112 0.058394160 0.106870227 0.006944444 0.137254909 0.046931408 0.013605442 0.054545455 0.090225562 0.066176474 0.159999996 0.111111112 0.055374593 0.032028470 0.146245062 0.141732290
0.052631579 0.025641026 0.048034936 0.127272725 0.094339624 0.000000000 0.004149378 0.020408163 0.039999999 0.076923080 0.058823530 0.101123594 0.076923080 0.047619049 0.095890410 0.048034936 0.038961038 0.039999999 0.016949153 0.036144577 0.012658228 0.087452471 0.043478262 0.047619049 0.107806690 0.039999999 0.004149378 0.028340081 0.066666670 0.016949153 0.148936167 0.062500000 0.052631579 0.048034936
0.056768559 0.029787235 0.052173913 0.123188406 0.090225562 0.004149378 0.000000000 0.016260162 0.035856575 0.072796933 0.054687500 0.097014926 0.072796933 0.043478262 0.100000001 0.052173913 0.043103449 0.035856575 0.021097047 0.032000002 0.016806724 0.083333336 0.047619049 0.043478262 0.103703700 0.035856575 0.000000000 0.024193548 0.070796460 0.021097047 0.144876331 0.058365759 0.056768559 0.052173913
0.072961375 0.046025105 0.068376072 0.107142858 0.074074075 0.020408163 0.016260162 0.000000000 0.019607844 0.056603774 0.038461540 0.080882356 0.056603774 0.027237354 0.116071425 0.068376072 0.059322033 0.019607844 0.037344400 0.015748031 0.033057850 0.067164183 0.063829787 0.027237354 0.087591238 0.019607844 0.016260162 0.007936508 0.086956523 0.037344400 0.128919855 0.042145595 0.072961375 0.068376072
0.092436977 0.065573767 0.087866105 0.087719299 0.054545455 0.039999999 0.035856575 0.019607844 0.000000000 0.037037037 0.018867925 0.061371841 0.037037037 0.007633588 0.135371178 0.087866105 0.078838177 0.000000000 0.056910571 0.003861004 0.052631579 0.047619049 0.083333336 0.007633588 0.068100356 0.000000000 0.035856575 0.011673152 0.106382981 0.056910571 0.109589040 0.022556391 0.092436977 0.087866105
0.129032254 0.102362208 0.124497995 0.050847456 0.017543860 0.076923080 0.072796933 0.056603774 0.037037037 0.000000000 0.018181818 0.024390243 0.000000000 0.029411765 0.171548113 0.124497995 0.115537852 0.037037037 0.093750000 0.040892195 0.089494161 0.010600707 0.119999997 0.029411765 0.031141868 0.037037037 0.072796933 0.048689138 0.142857149 0.093750000 0.072847679 0.014492754 0.129032254 0.124497995
0.111111112 0.084337346 0.106557377 0.068965517 0.035714287 0.058823530 0.054687500 0.038461540 0.018867925 0.018181818 0.000000000 0.042553190 0.018181818 0.011235955 0.153846160 0.106557377 0.097560972 0.018867925 0.075697213 0.022727273 0.071428575 0.028776979 0.102040820 0.011235955 0.049295776 0.018867925 0.054687500 0.030534351 0.125000000 0.075697213 0.090909094 0.003690037 0.111111112 0.106557377
0.152941182 0.126436785 0.148437500 0.026490066 0.006849315 0.101123594 0.097014926 0.080882356 0.061371841 0.024390243 0.042553190 0.000000000 0.024390243 0.053763442 0.195121944 0.148437500 0.139534891 0.061371841 0.117870726 0.065217391 0.113636367 0.013793103 0.143968865 0.053763442 0.006756757 0.061371841 0.097014926 0.072992697 0.166666672 0.117870726 0.048543688 0.038869258 0.152941182 0.148437500
0.129032254 0.102362208 0.124497995 0.050847456 0.017543860 0.076923080 0.072796933 0.056603774 0.037037037 0.000000000 0.018181818 0.024390243 0.000000000 0.029411765 0.171548113 0.124497995 0.115537852 0.037037037 0.093750000 0.040892195 0.089494161 0.010600707 0.119999997 0.029411765 0.031141868 0.037037037 0.072796933 0.048689138 0.142857149 0.093750000 0.072847679 0.014492754 0.129032254 0.124497995
0.100000001 0.073170729 0.095435686 0.080139376 0.046931408 0.047619049 0.043478262 0.027237354 0.007633588 0.029411765 0.011235955 0.053763442 0.029411765 0.000000000 0.142857149 0.095435686 0.086419754 0.007633588 0.064516127 0.011494253 0.060240965 0.039999999 0.090909094 0.000000000 0.060498219 0.007633588 0.043478262 0.019305019 0.113924049 0.064516127 0.102040820 0.014925373 0.100000001 0.095435686
0.043478262 0.070422538 0.048076924 0.220472440 0.188524589 0.095890410 0.100000001 0.116071425 0.135371178 0.171548113 0.153846160 0.195121944 0.171548113 0.142857149 0.000000000 0.048076924 0.057142857 0.135371178 0.079069771 0.131578952 0.083333336 0.181818187 0.052631579 0.142857149 0.201612905 0.135371178 0.100000001 0.123893805 0.029411765 0.079069771 0.241379306 0.157446802 0.043478262 0.048076924
0.004608295 0.022421524 0.000000000 0.174242422 0.141732290 0.048034936 0.052173913 0.068376072 0.087866105 0.124497995 0.106557377 0.148437500 0.124497995 0.095435686 0.048076924 0.000000000 0.009090909 0.087866105 0.031111112 0.084033616 0.035398230 0.134920642 0.004566210 0.095435686 0.155038759 0.087866105 0.052173913 0.076271184 0.018691588 0.031111112 0.195571959 0.110204078 0.004608295 0.000000000
0.013698630 0.013333334 0.009090909 0.165413529 0.132812500 0.038961038 0.043103449 0.059322033 0.078838177 0.115537852 0.097560972 0.139534891 0.115537852 0.086419754 0.057142857 0.009090909 0.000000000 0.078838177 0.022026431 0.075000003 0.026315790 0.125984251 0.004524887 0.086419754 0.146153852 0.078838177 0.043103449 0.067226894 0.027777778 0.022026431 0.186813191 0.101214573 0.013698630 0.009090909
0.092436977 0.065573767 0.087866105 0.087719299 0.054545455 0.039999999 0.035856575 0.019607844 0.000000000 0.037037037 0.018867925 0.061371841 0.037037037 0.007633588 0.135371178 0.087866105 0.078838177 0.000000000 0.056910571 0.003861004 0.052631579 0.047619049 0.083333336 0.007633588 0.068100356 0.000000000 0.035856575 0.011673152 0.106382981 0.056910571 0.109589040 0.022556391 0.092436977 0.087866105
0.035714287 0.008695652 0.031111112 0.143911436 0.111111112 0.016949153 0.021097047 0.037344400 0.056910571 0.093750000 0.075697213 0.117870726 0.093750000 0.064516127 0.079069771 0.031111112 0.022026431 0.056910571 0.000000000 0.053061225 0.004291845 0.104247101 0.026548672 0.064516127 0.124528304 0.056910571 0.021097047 0.045267489 0.049773756 0.000000000 0.165467620 0.079365082 0.035714287 0.031111112
0.088607594 0.061728396 0.084033616 0.091549292 0.058394160 0.036144577 0.032000002 0.015748031 0.003861004 0.040892195 0.022727273 0.065217391 0.040892195 0.011494253 0.131578952 0.084033616 0.075000003 0.003861004 0.053061225 0.000000000 0.048780486 0.051470589 0.079497911 0.011494253 0.071942449 0.003861004 0.032000002 0.007812500 0.102564104 0.053061225 0.113402061 0.026415095 0.088607594 0.084033616
0.039999999 0.012987013 0.035398230 0.139705881 0.106870227 0.012658228 0.016806724 0.033057850 0.052631579 0.089494161 0.071428575 0.113636367 0.089494161 0.060240965 0.083333336 0.035398230 0.026315790 0.052631579 0.004291845 0.048780486 0.000000000 0.100000001 0.030837005 0.060240965 0.120300755 0.052631579 0.016806724 0.040983606 0.054054055 0.004291845 0.161290318 0.075098813 0.039999999 0.035398230
0.139442235 0.112840466 0.134920642 0.040268455 0.006944444 0.087452471 0.083333336 0.067164183 0.047619049 0.010600707 0.028776979 0.013793103 0.010600707 0.039999999 0.181818187 0.134920642 0.125984251 0.047619049 0.104247101 0.051470589 0.100000001 0.000000000 0.130434781 0.039999999 0.020547945 0.047619049 0.083333336 0.059259258 0.153225809 0.104247101 0.062295083 0.025089607 0.139442235 0.134920642
0.009174312 0.017857144 0.004566210 0.169811323 0.137254909 0.043478262 0.047619049 0.063829787 0.083333336 0.119999997 0.102040820 0.143968865 0.119999997 0.090909094 0.052631579 0.004566210 0.004524887 0.083333336 0.026548672 0.079497911 0.030837005 0.130434781 0.000000000 0.090909094 0.150579154 0.083333336 0.047619049 0.071729958 0.023255814 0.026548672 0.191176474 0.105691060 0.009174312 0.004566210
0.100000001 0.073170729 0.095435686 0.080139376 0.046931408 0.047619049 0.043478262 0.027237354 0.007633588 0.029411765 0.011235955 0.053763442 0.029411765 0.000000000 0.142857149 0.095435686 0.086419754 0.007633588 0.064516127 0.011494253 0.060240965 0.039999999 0.090909094 0.000000000 0.060498219 0.007633588 0.043478262 0.019305019 0.113924049 0.064516127 0.102040820 0.014925373 0.100000001 0.095435686
0.159533069 0.133079842 0.155038759 0.019736841 0.013605442 0.107806690 0.103703700 0.087591238 0.068100356 0.031141868 0.049295776 0.006756757 0.031141868 0.060498219 0.201612905 0.155038759 0.146153852 0.068100356 0.124528304 0.071942449 0.120300755 0.020547945 0.150579154 0.060498219 0.000000000 0.068100356 0.103703700 0.079710148 0.173228353 0.124528304 0.041800644 0.045614034 0.159533069 0.155038759
0.092436977 0.065573767 0.087866105 0.087719299 0.054545455 0.039999999 0.035856575 0.019607844 0.000000000 0.037037037 0.018867925 0.061371841 0.037037037 0.007633588 0.135371178 0.087866105 0.078838177 0.000000000 0.056910571 0.003861004 0.052631579 0.047619049 0.083333336 0.007633588 0.068100356 0.000000000 0.035856575 0.011673152 0.106382981 0.056910571 0.109589040 0.022556391 0.092436977 0.087866105
0.056768559 0.029787235 0.052173913 0.123188406 0.090225562 0.004149378 0.000000000 0.016260162 0.035856575 0.072796933 0.054687500 0.097014926 0.072796933 0.043478262 0.100000001 0.052173913 0.043103449 0.035856575 0.021097047 0.032000002 0.016806724 0.083333336 0.047619049 0.043478262 0.103703700 0.035856575 0.000000000 0.024193548 0.070796460 0.021097047 0.144876331 0.058365759 0.056768559 0.052173913
0.080851063 0.053941909 0.076271184 0.099290781 0.066176474 0.028340081 0.024193548 0.007936508 0.011673152 0.048689138 0.030534351 0.072992697 0.048689138 0.019305019 0.123893805 0.076271184 0.067226894 0.011673152 0.045267489 0.007812500 0.040983606 0.059259258 0.071729958 0.019305019 0.079710148 0.011673152 0.024193548 0.000000000 0.094827585 0.045267489 0.121107265 0.034220532 0.080851063 0.076271184
0.014084507 0.041095890 0.018691588 0.192307696 0.159999996 0.066666670 0.070796460 0.086956523 0.106382981 0.142857149 0.125000000 0.166666672 0.142857149 0.113924049 0.029411765 0.018691588 0.027777778 0.106382981 0.049773756 0.102564104 0.054054055 0.153225809 0.023255814 0.113924049 0.173228353 0.106382981 0.070796460 0.094827585 0.000000000 0.049773756 0.213483140 0.128630713 0.014084507 0.018691588
0.035714287 0.008695652 0.031111112 0.143911436 0.111111112 0.016949153 0.021097047 0.037344400 0.056910571 0.093750000 0.075697213 0.117870726 0.093750000 0.064516127 0.079069771 0.031111112 0.022026431 0.056910571 0.000000000 0.053061225 0.004291845 0.104247101 0.026548672 0.064516127 0.124528304 0.056910571 0.021097047 0.045267489 0.049773756 0.000000000 0.165467620 0.079365082 0.035714287 0.031111112
0.200000003 0.173913047 0.195571959 0.022082020 0.055374593 0.148936167 0.144876331 0.128919855 0.109589040 0.072847679 0.090909094 0.048543688 0.072847679 0.102040820 0.241379306 0.195571959 0.186813191 0.109589040 0.165467620 0.113402061 0.161290318 0.062295083 0.191176474 0.102040820 0.041800644 0.109589040 0.144876331 0.121107265 0.213483140 0.165467620 0.000000000 0.087248325 0.200000003 0.195571959
0.114754096 0.088000000 0.110204078 0.065292098 0.032028470 0.062500000 0.058365759 0.042145595 0.022556391 0.014492754 0.003690037 0.038869258 0.014492754 0.014925373 0.157446802 0.110204078 0.101214573 0.022556391 0.079365082 0.026415095 0.075098813 0.025089607 0.105691060 0.014925373 0.045614034 0.022556391 0.058365759 0.034220532 0.128630713 0.079365082 0.087248325 0.000000000 0.114754096 0.110204078
0.000000000 0.027027028 0.004608295 0.178707227 0.146245062 0.052631579 0.056768559 0.072961375 0.092436977 0.129032254 0.111111112 0.152941182 0.129032254 0.100000001 0.043478262 0.004608295 0.013698630 0.092436977 0.035714287 0.088607594 0.039999999 0.139442235 0.009174312 0.100000001 0.159533069 0.092436977 0.056768559 0.080851063 0.014084507 0.035714287 0.200000003 0.114754096 0.000000000 0.004608295
0.004608295 0.022421524 0.000000000 0.174242422 0.141732290 0.048034936 0.052173913 0.068376072 0.087866105 0.124497995 0.106557377 0.148437500 0.124497995 0.095435686 0.048076924 0.000000000 0.009090909 0.087866105 0.031111112 0.084033616 0.035398230 0.134920642 0.004566210 0.095435686 0.155038759 0.087866105 0.052173913 0.076271184 0.018691588 0.031111112 0.195571959 0.110204078 0.004608295 0.000000000
