0.014871423 0.057941943 0.021412645 0.072179206 0.022188790 0.039251748 0.037675109 0.039203323 0.040560652 0.066572547 0.047984630 0.065562032 0.046503000 0.042928308 0.034594350 0.017742041 0.030802583 0.063326910 0.039887622 0.057559650 0.029735805 0.048012815 0.021844871 0.040745754 0.051528554 0.051809184 0.040719263 0.044976883 0.017358236 0.050314888 0.090131119 0.068718292 0.034459259 0.029198747
0.057941943 -0.046140965 0.018707305 0.051388368 0.026866304 0.026786104 0.022588903 0.024081983 0.035214931 0.039252311 0.030621894 0.039110348 0.032147709 0.025271295 0.053518102 0.030088967 0.024256477 0.038511507 0.029808298 0.041236818 0.023349963 0.027728159 0.038096238 0.021656161 0.013119793 0.023569223 0.027141361 0.022572625 0.034985997 0.033679347 0.071825244 0.038155638 0.025238138 0.035619155
0.021412645 0.018707305 -0.001275967 0.041734166 0.008245647 0.007213200 -0.000142743 0.003679099 0.004821319 0.029710542 0.011003719 0.034116626 0.014511748 0.012789578 0.027720649 0.011604383 0.001424688 0.030037183 0.014953999 0.019780219 0.003264515 0.012063319 0.009577854 0.001329090 0.018771438 0.019982409 0.001715043 0.007503392 0.009146959 0.011462574 0.050927393 0.036768366 0.017107751 0.007425148
0.072179206 0.051388368 0.041734166 0.008848086 0.042302132 0.036074668 0.033488005 0.031559240 0.044318765 0.009863691 0.032933012 0.026772143 0.028935883 0.030573245 0.074476190 0.069014080 0.049870044 0.029786384 0.044860415 0.031619355 0.048958138 0.040058486 0.062217444 0.032794621 0.044448718 0.025305707 0.042440690 0.041048773 0.063239522 0.036708571 0.032128565 0.023392847 0.042649854 0.052871093
0.022188790 0.026866304 0.008245647 0.042302132 -0.011884879 0.014772343 0.009986169 0.015508326 0.020446837 0.032856848 0.018927027 0.033170693 0.021107901 0.019721327 0.025962811 0.016384039 0.008773692 0.033223148 0.023559403 0.026972447 0.012609263 0.027834082 0.012170579 0.015126804 0.022213228 0.023241444 0.011904223 0.016347025 0.010052320 0.014454326 0.047535345 0.040715441 0.013385175 0.016328741
0.039251748 0.026786104 0.007213200 0.036074668 0.014772343 -0.022133555 0.004013753 0.003941141 0.007556138 0.025331957 0.009556250 0.031214736 0.008483141 0.010377100 0.039781421 0.026185755 0.008899396 0.028614102 0.014527760 0.020387862 0.008320916 0.016027881 0.022863582 0.007601062 0.021394907 0.019153120 0.004736925 0.008413892 0.022024477 0.007426843 0.047233745 0.028810015 0.021771453 0.016499881
0.037675109 0.022588903 -0.000142743 0.033488005 0.009986169 0.004013753 -0.011630811 -0.002940060 0.002621565 0.019421076 0.005994404 0.021993127 0.009857491 0.004259233 0.036116723 0.023588782 0.007822422 0.021316173 0.014121031 0.007882313 0.003901234 0.009005656 0.019850058 -0.001979884 0.019461095 0.008633204 -0.002492485 0.001409805 0.019904749 -0.002272884 0.048787806 0.028335234 0.018803909 0.014099046
0.039203323 0.024081983 0.003679099 0.031559240 0.015508326 0.003941141 -0.002940060 -0.002537888 0.007607441 0.018291721 0.006535555 0.023913974 0.003257159 0.004241200 0.039674740 0.026505159 0.013026597 0.022287881 0.013905443 0.010930933 0.009920280 0.012530735 0.025399832 0.001097820 0.010143175 0.009174396 -0.000701886 0.009007147 0.022958891 0.004876012 0.039693996 0.026179459 0.023756089 0.020097252
0.040560652 0.035214931 0.004821319 0.044318765 0.020446837 0.007556138 0.002621565 0.007607441 -0.001667294 0.031786866 0.009591855 0.030778499 0.014124339 0.012217092 0.043066770 0.022210635 0.006422277 0.029649284 0.016762313 0.016913822 0.009142112 0.002651076 0.015896492 0.002342222 0.028800830 0.013180950 0.000032398 0.003360267 0.018728076 0.001167716 0.063578025 0.041490212 0.025759190 0.018124374
0.066572547 0.039252311 0.029710542 0.009863691 0.032856848 0.025331957 0.019421076 0.018291721 0.031786866 0.003489959 0.021283541 0.009506525 0.017978592 0.018513987 0.067697339 0.054319993 0.039715365 0.016046451 0.033505499 0.011420965 0.033925299 0.028280811 0.052784495 0.021899285 0.028035630 0.004162470 0.028347310 0.029566288 0.053958640 0.024901433 0.023881787 0.010136137 0.033127524 0.042552829
0.047984630 0.030621894 0.011003719 0.032933012 0.018927027 0.009556250 0.005994404 0.006535555 0.009591855 0.021283541 -0.001641260 0.024409667 0.007804526 0.011463933 0.050643679 0.037829768 0.017258361 0.021175964 0.018011665 0.012347034 0.015360464 0.018176319 0.033252243 0.007691524 0.020344306 0.006345886 0.006339994 0.013472835 0.031427592 0.009602151 0.051993176 0.020913739 0.021088911 0.024797166
0.065562032 0.039110348 0.034116626 0.026772143 0.033170693 0.031214736 0.021993127 0.023913974 0.030778499 0.009506525 0.024409667 0.009164494 0.027509935 0.021503650 0.067648761 0.052984376 0.038676653 0.022287311 0.035211828 0.018444769 0.034250543 0.030818954 0.049704790 0.023074782 0.035062514 0.013431886 0.027526241 0.027554806 0.050276004 0.024608957 0.043531850 0.028801493 0.037818342 0.043840237
0.046503000 0.032147709 0.014511748 0.028935883 0.021107901 0.008483141 0.009857491 0.003257159 0.014124339 0.017978592 0.007804526 0.027509935 -0.012184304 0.011927793 0.051069565 0.044791766 0.019777896 0.022214541 0.019936536 0.011975694 0.019682793 0.014227509 0.037376959 0.008986088 0.013506449 0.007731831 0.005297921 0.018385522 0.031663455 0.011431701 0.044371694 0.021309264 0.028110953 0.025921183
0.042928308 0.025271295 0.012789578 0.030573245 0.019721327 0.010377100 0.004259233 0.004241200 0.012217092 0.018513987 0.011463933 0.021503650 0.011927793 -0.002160214 0.043683309 0.033854499 0.014162740 0.024111956 0.015284833 0.013394779 0.011190722 0.017240796 0.027657760 0.007523324 0.020710742 0.009146111 0.004578497 0.008816741 0.025959335 0.004830876 0.038717218 0.029216910 0.022587158 0.024345700
0.034594350 0.053518102 0.027720649 0.074476190 0.025962811 0.039781421 0.036116723 0.039674740 0.043066770 0.067697339 0.050643679 0.067648761 0.051069565 0.043683309 0.027020749 0.012349113 0.032516412 0.070683062 0.040514473 0.056757011 0.033284612 0.053182282 0.030421214 0.038921606 0.044858173 0.056006011 0.041229095 0.041548047 0.026661031 0.049695536 0.080717511 0.074901804 0.042288516 0.034866698
0.017742041 0.030088967 0.011604383 0.069014080 0.016384039 0.026185755 0.023588782 0.026505159 0.022210635 0.054319993 0.037829768 0.052984376 0.044791766 0.033854499 0.012349113 -0.018773470 0.013416143 0.058835756 0.026153862 0.037230607 0.012095454 0.031296950 -0.000214184 0.025051499 0.031601064 0.047711238 0.022226173 0.020752450 0.002025604 0.033485804 0.070912138 0.066238590 0.025273910 0.006319329
0.030802583 0.024256477 0.001424688 0.049870044 0.008773692 0.008899396 0.007822422 0.013026597 0.006422277 0.039715365 0.017258361 0.038676653 0.019777896 0.014162740 0.032516412 0.013416143 -0.010732229 0.036019858 0.016749125 0.026094027 0.006491422 0.017170116 0.008605324 0.008887514 0.026187507 0.023162998 0.005695651 0.009718468 0.009104367 0.013799595 0.066212051 0.043176819 0.009148635 0.017337210
0.063326910 0.038511507 0.030037183 0.029786384 0.033223148 0.028614102 0.021316173 0.022287881 0.029649284 0.016046451 0.021175964 0.022287311 0.022214541 0.024111956 0.070683062 0.058835756 0.036019858 0.008098805 0.033720743 0.027232023 0.033492856 0.031588189 0.055643909 0.022267230 0.035047691 0.013231430 0.023580313 0.030511456 0.050438486 0.022572758 0.043541994 0.034115877 0.035603374 0.044826534
0.039887622 0.029808298 0.014953999 0.044860415 0.023559403 0.014527760 0.014121031 0.013905443 0.016762313 0.033505499 0.018011665 0.035211828 0.019936536 0.015284833 0.040514473 0.026153862 0.016749125 0.033720743 0.003015384 0.028469654 0.014898204 0.021971071 0.026017306 0.015845418 0.028542193 0.020273641 0.014151071 0.017768731 0.021221139 0.016697790 0.055700179 0.042986389 0.025657099 0.021300960
0.057559650 0.041236818 0.019780219 0.031619355 0.026972447 0.020387862 0.007882313 0.010930933 0.016913822 0.011420965 0.012347034 0.018444769 0.011975694 0.013394779 0.056757011 0.037230607 0.026094027 0.027232023 0.028469654 0.000546152 0.025382470 0.019357998 0.036949296 0.014485916 0.021766176 0.011272971 0.013788665 0.018960984 0.038631879 0.016656931 0.048931632 0.029507196 0.030778091 0.032199018
0.029735805 0.023349963 0.003264515 0.048958138 0.012609263 0.008320916 0.003901234 0.009920280 0.009142112 0.033925299 0.015360464 0.034250543 0.019682793 0.011190722 0.033284612 0.012095454 0.006491422 0.033492856 0.014898204 0.025382470 -0.003781959 0.012744970 0.007447654 0.004104964 0.027301222 0.021523781 0.006029538 0.005166814 0.009569410 0.013856364 0.060481958 0.037339710 0.011154870 0.010097914
0.048012815 0.027728159 0.012063319 0.040058486 0.027834082 0.016027881 0.009005656 0.012530735 0.002651076 0.028280811 0.018176319 0.030818954 0.014227509 0.017240796 0.053182282 0.031296950 0.017170116 0.031588189 0.021971071 0.019357998 0.012744970 -0.013403390 0.026220024 0.002055926 0.030003484 0.012640510 0.011978459 0.017504834 0.026309574 0.015881218 0.062916614 0.035561591 0.024832666 0.024957761
0.021844871 0.038096238 0.009577854 0.062217444 0.012170579 0.022863582 0.019850058 0.025399832 0.015896492 0.052784495 0.033252243 0.049704790 0.037376959 0.027657760 0.030421214 -0.000214184 0.008605324 0.055643909 0.026017306 0.036949296 0.007447654 0.026220024 -0.009821430 0.019858349 0.034864906 0.040970594 0.019368667 0.017400485 0.007647801 0.027196338 0.073672816 0.059823498 0.019044187 0.009104993
0.040745754 0.021656161 0.001329090 0.032794621 0.015126804 0.007601062 -0.001979884 0.001097820 0.002342222 0.021899285 0.007691524 0.023074782 0.008986088 0.007523324 0.038921606 0.025051499 0.008887514 0.022267230 0.015845418 0.014485916 0.004104964 0.002055926 0.019858349 -0.002745463 0.018067280 0.008108106 -0.001859859 0.001789201 0.019553855 0.001690537 0.049619850 0.026639225 0.015295021 0.016127644
0.051528554 0.013119793 0.018771438 0.044448718 0.022213228 0.021394907 0.019461095 0.010143175 0.028800830 0.028035630 0.020344306 0.035062514 0.013506449 0.020710742 0.044858173 0.031601064 0.026187507 0.035047691 0.028542193 0.021766176 0.027301222 0.030003484 0.034864906 0.018067280 -0.027443303 0.019430529 0.015161647 0.021491919 0.039130509 0.024813516 0.059496075 0.038063250 0.036140919 0.028010445
0.051809184 0.023569223 0.019982409 0.025305707 0.023241444 0.019153120 0.008633204 0.009174396 0.013180950 0.004162470 0.006345886 0.013431886 0.007731831 0.009146111 0.056006011 0.047711238 0.023162998 0.013231430 0.020273641 0.011272971 0.021523781 0.012640510 0.040970594 0.008108106 0.019430529 -0.006236967 0.010679752 0.015389392 0.036365934 0.007008234 0.039796717 0.017996917 0.024212696 0.028853979
0.040719263 0.027141361 0.001715043 0.042440690 0.011904223 0.004736925 -0.002492485 -0.000701886 0.000032398 0.028347310 0.006339994 0.027526241 0.005297921 0.004578497 0.041229095 0.022226173 0.005695651 0.023580313 0.014151071 0.013788665 0.006029538 0.011978459 0.019368667 -0.001859859 0.015161647 0.010679752 -0.012396918 0.004152543 0.019992322 0.000823185 0.058747541 0.039788708 0.021297051 0.013611197
0.044976883 0.022572625 0.007503392 0.041048773 0.016347025 0.008413892 0.001409805 0.009007147 0.003360267 0.029566288 0.013472835 0.027554806 0.018385522 0.008816741 0.041548047 0.020752450 0.009718468 0.030511456 0.017768731 0.018960984 0.005166814 0.017504834 0.017400485 0.001789201 0.021491919 0.015389392 0.004152543 -0.007148184 0.021991985 0.008134717 0.056193057 0.037239674 0.019865315 0.018079497
0.017358236 0.034985997 0.009146959 0.063239522 0.010052320 0.022024477 0.019904749 0.022958891 0.018728076 0.053958640 0.031427592 0.050276004 0.031663455 0.025959335 0.026661031 0.002025604 0.009104367 0.050438486 0.021221139 0.038631879 0.009569410 0.026309574 0.007647801 0.019553855 0.039130509 0.036365934 0.019992322 0.021991985 -0.010268603 0.025343556 0.074522488 0.057795972 0.018059097 0.016166704
0.050314888 0.033679347 0.011462574 0.036708571 0.014454326 0.007426843 -0.002272884 0.004876012 0.001167716 0.024901433 0.009602151 0.024608957 0.011431701 0.004830876 0.049695536 0.033485804 0.013799595 0.022572758 0.016697790 0.016656931 0.013856364 0.015881218 0.027196338 0.001690537 0.024813516 0.007008234 0.000823185 0.008134717 0.025343556 -0.017196260 0.059073016 0.036297373 0.022281967 0.023400299
0.090131119 0.071825244 0.050927393 0.032128565 0.047535345 0.047233745 0.048787806 0.039693996 0.063578025 0.023881787 0.051993176 0.043531850 0.044371694 0.038717218 0.080717511 0.070912138 0.066212051 0.043541994 0.055700179 0.048931632 0.060481958 0.062916614 0.073672816 0.049619850 0.059496075 0.039796717 0.058747541 0.056193057 0.074522488 0.059073016 0.004219335 0.044585638 0.060425282 0.055789754
0.068718292 0.038155638 0.036768366 0.023392847 0.040715441 0.028810015 0.028335234 0.026179459 0.041490212 0.010136137 0.020913739 0.028801493 0.021309264 0.029216910 0.074901804 0.066238590 0.043176819 0.034115877 0.042986389 0.029507196 0.037339710 0.035561591 0.059823498 0.026639225 0.038063250 0.017996917 0.039788708 0.037239674 0.057795972 0.036297373 0.044585638 -0.000726864 0.038675576 0.049107391
0.034459259 0.025238138 0.017107751 0.042649854 0.013385175 0.021771453 0.018803909 0.023756089 0.025759190 0.033127524 0.021088911 0.037818342 0.028110953 0.022587158 0.042288516 0.025273910 0.009148635 0.035603374 0.025657099 0.030778091 0.011154870 0.024832666 0.019044187 0.015295021 0.036140919 0.024212696 0.021297051 0.019865315 0.018059097 0.022281967 0.060425282 0.038675576 -0.024741013 0.023350760
0.029198747 0.035619155 0.007425148 0.052871093 0.016328741 0.016499881 0.014099046 0.020097252 0.018124374 0.042552829 0.024797166 0.043840237 0.025921183 0.024345700 0.034866698 0.006319329 0.017337210 0.044826534 0.021300960 0.032199018 0.010097914 0.024957761 0.009104993 0.016127644 0.028010445 0.028853979 0.013611197 0.018079497 0.016166704 0.023400299 0.055789754 0.049107391 0.023350760 0.001970032
