0.019396706 0.049113274 0.019755770 0.079315454 0.019327553 0.035566442 0.031990327 0.035952114 0.039455362 0.062159352 0.044035621 0.073397614 0.045237992 0.042696334 0.028372865 0.028362464 0.026655117 0.053848997 0.031466983 0.064707913 0.024101561 0.041416056 0.026126849 0.035204519 0.046540871 0.051071670 0.037527375 0.032465313 0.025089990 0.043310344 0.076824047 0.067568958 0.037380107 0.022241943
0.049113274 -0.053801265 0.013920088 0.059229676 0.019048726 0.019361854 0.019193389 0.017594159 0.030611362 0.039719187 0.020595275 0.046757020 0.024336712 0.021990918 0.042009931 0.033335838 0.019394357 0.027525719 0.019839782 0.044017971 0.020074120 0.018005287 0.040107008 0.017857928 0.004809687 0.024824662 0.022791484 0.018325593 0.033158649 0.030827638 0.069092192 0.036073826 0.027095011 0.026376890
0.019755770 0.013920088 -0.001272584 0.045139607 0.008897133 0.006917945 -0.000318877 0.003462517 0.004679899 0.028673952 0.011029602 0.036759540 0.014688427 0.010487514 0.028074838 0.015659409 -0.000534278 0.025270544 0.007275222 0.022189140 0.003330464 0.007060383 0.012731824 0.001139911 0.019023130 0.020734642 0.001939177 0.004442222 0.011223532 0.008900477 0.051531401 0.038945645 0.020156138 0.009148127
0.079315454 0.059229676 0.045139607 0.018345404 0.043474041 0.039170254 0.036182866 0.034435946 0.047478974 0.012158017 0.036269538 0.034903623 0.032725591 0.031299025 0.079175010 0.078769237 0.059151474 0.029537141 0.044967949 0.039878812 0.052024011 0.041572955 0.069921508 0.036535598 0.039971702 0.025412511 0.046332233 0.044624586 0.072381705 0.042305686 0.045717642 0.031061959 0.055986658 0.057123404
0.019327553 0.019048726 0.008897133 0.043474041 -0.009256134 0.013694922 0.009813682 0.015154706 0.019283868 0.029003484 0.018726906 0.035934091 0.021314826 0.014847189 0.024209835 0.026780622 0.007853383 0.022358371 0.012869515 0.027777353 0.011829649 0.018107941 0.018912297 0.014845914 0.026047897 0.024951801 0.012455367 0.009381171 0.012610320 0.008021172 0.049683038 0.043138854 0.018461756 0.018403279
0.035566442 0.019361854 0.006917945 0.039170254 0.013694922 -0.024274988 0.002780134 0.002955997 0.006834595 0.023837969 0.007935639 0.034658015 0.007389559 0.007883416 0.037524734 0.033707608 0.007219668 0.020379495 0.005195745 0.022973068 0.006464469 0.008177562 0.026913416 0.006297603 0.022829805 0.020637944 0.004422813 0.002684924 0.019896837 0.002521432 0.046590962 0.031003997 0.024321446 0.016499743
0.031990327 0.019193389 -0.000318877 0.036182866 0.009813682 0.002780134 -0.014065624 -0.003113638 0.002612600 0.021116355 0.000251510 0.026957124 0.005090884 0.003706973 0.035705663 0.029385814 0.005519062 0.017647915 0.007536089 0.008242193 0.004842203 0.004869023 0.024518749 -0.003290636 0.020031139 0.012034739 -0.003383826 0.001509684 0.016148681 -0.005049915 0.048481926 0.034944199 0.023756161 0.016180709
0.035952114 0.017594159 0.003462517 0.034435946 0.015154706 0.002955997 -0.003113638 -0.002994468 0.006837087 0.017198678 0.002527816 0.027793929 -0.000933713 0.001884275 0.038975757 0.034956850 0.011669529 0.014204175 0.005069242 0.013103327 0.008973106 0.005546510 0.030163925 0.000734561 0.011384316 0.011678990 -0.000660164 0.004797605 0.021888737 0.000851975 0.040766940 0.028865490 0.027290767 0.020994108
0.039455362 0.030611362 0.004679899 0.047478974 0.019283868 0.006834595 0.002612600 0.006837087 -0.001711299 0.030348998 0.006525643 0.032277454 0.012511388 0.008104554 0.042896960 0.026526634 0.005534800 0.024340220 0.008820799 0.019132301 0.009196172 -0.003523814 0.017920708 0.002149282 0.028307974 0.013130425 0.000463614 -0.000191485 0.018296264 -0.001627997 0.064133272 0.041285265 0.027949523 0.018830527
0.062159352 0.039719187 0.028673952 0.012158017 0.029003484 0.023837969 0.021116355 0.017198678 0.030348998 0.002839618 0.019579239 0.012058923 0.013066207 0.015095122 0.062242933 0.056984946 0.040842913 0.011009096 0.027751470 0.009637356 0.036046620 0.022616299 0.053579822 0.023064297 0.023210874 0.003889126 0.028439991 0.030882111 0.052155174 0.025363605 0.029677778 0.012115001 0.036958344 0.040138882
0.044035621 0.020595275 0.011029602 0.036269538 0.018726906 0.007935639 0.000251510 0.002527816 0.006525643 0.019579239 -0.017778914 0.029100858 -0.000703153 0.004923089 0.046754088 0.046748668 0.015056403 0.005413258 0.003723605 0.016239282 0.013715145 0.006165294 0.036864217 0.002289914 0.021091379 0.003860002 0.002108955 0.002996355 0.030474856 -0.001914800 0.045170907 0.022013281 0.022116262 0.023484789
0.073397614 0.046757020 0.036759540 0.034903623 0.035934091 0.034658015 0.026957124 0.027793929 0.032277454 0.012058923 0.029100858 0.012018122 0.029997384 0.020991806 0.072842568 0.059190653 0.047701597 0.022982957 0.035415888 0.023208253 0.040161129 0.031882405 0.055362102 0.028428268 0.034661841 0.014635334 0.032600164 0.034403596 0.059260733 0.032716665 0.063557498 0.038895406 0.048949420 0.048825838
0.045237992 0.024336712 0.014688427 0.032725591 0.021314826 0.007389559 0.005090884 -0.000933713 0.012511388 0.013066207 -0.000703153 0.029997384 -0.017329628 0.005983043 0.049714118 0.051524282 0.017305424 0.010939900 0.008940695 0.016570425 0.018185621 0.005272714 0.039084449 0.003560607 0.014129037 0.003901210 0.001809942 0.009846329 0.034412038 0.002214942 0.038304422 0.019027516 0.028203946 0.026394296
0.042696334 0.021990918 0.010487514 0.031299025 0.014847189 0.007883416 0.003706973 0.001884275 0.008104554 0.015095122 0.004923089 0.020991806 0.005983043 -0.009091750 0.042699270 0.040917683 0.014683600 0.013860624 0.006774459 0.008540527 0.009096836 0.007472876 0.033710547 0.007076748 0.018018624 0.010718822 0.004257307 0.006540302 0.026045879 0.003981717 0.048082121 0.029022086 0.029618144 0.023631513
0.028372865 0.042009931 0.028074838 0.079175010 0.024209835 0.037524734 0.035705663 0.038975757 0.042896960 0.062242933 0.046754088 0.072842568 0.049714118 0.042699270 0.010321933 0.019831074 0.028191939 0.057149105 0.029232999 0.065089725 0.030294914 0.040265813 0.034316652 0.037318397 0.042068839 0.054196913 0.042388856 0.029330101 0.028663844 0.042771548 0.068341918 0.071330108 0.037575874 0.027538607
0.028362464 0.033335838 0.015659409 0.078769237 0.026780622 0.033707608 0.029385814 0.034956850 0.026526634 0.056984946 0.046748668 0.059190653 0.051524282 0.040917683 0.019831074 -0.011235939 0.020771418 0.063410260 0.026089810 0.047844730 0.015507809 0.033908591 0.004529679 0.028701467 0.038182177 0.052413117 0.029969364 0.022596562 0.016954884 0.040647954 0.083870925 0.082129605 0.034302779 0.014925780
0.026655117 0.019394357 -0.000534278 0.059151474 0.007853383 0.007219668 0.005519062 0.011669529 0.005534800 0.040842913 0.015056403 0.047701597 0.017305424 0.014683600 0.028191939 0.020771418 -0.014997412 0.028996348 0.006224399 0.031449545 0.004207937 0.012121750 0.013994365 0.004140852 0.023359530 0.026530240 0.002181584 0.004659424 0.009818831 0.010406904 0.066446081 0.047024779 0.013663465 0.014643501
0.053848997 0.027525719 0.025270544 0.029537141 0.022358371 0.020379495 0.017647915 0.014204175 0.024340220 0.011009096 0.005413258 0.022982957 0.010939900 0.013860624 0.057149105 0.063410260 0.028996348 -0.009177852 0.019011050 0.024657652 0.030253615 0.017634470 0.054267608 0.018484425 0.026970770 0.011588617 0.018454121 0.022459393 0.042471614 0.014128151 0.040544633 0.022675440 0.030758450 0.032574382
0.031466983 0.019839782 0.007275222 0.044967949 0.012869515 0.005195745 0.007536089 0.005069242 0.008820799 0.027751470 0.003723605 0.035415888 0.008940695 0.006774459 0.029232999 0.026089810 0.006224399 0.019011050 -0.013945781 0.024116656 0.007985304 0.008193301 0.023009330 0.009525796 0.018162372 0.016698945 0.006688374 0.008061673 0.012316419 0.009222841 0.050679646 0.034517415 0.022536032 0.010697267
0.064707913 0.044017971 0.022189140 0.039878812 0.027777353 0.022973068 0.008242193 0.013103327 0.019132301 0.009637356 0.016239282 0.023208253 0.016570425 0.008540527 0.065089725 0.047844730 0.031449545 0.024657652 0.024116656 0.003819576 0.027201233 0.018505761 0.043177482 0.015702737 0.022260066 0.009219605 0.015718553 0.019662254 0.047123853 0.015686911 0.061384104 0.041984845 0.044112694 0.040452048
0.024101561 0.020074120 0.003330464 0.052024011 0.011829649 0.006464469 0.004842203 0.008973106 0.009196172 0.036046620 0.013715145 0.040161129 0.018185621 0.009096836 0.030294914 0.015507809 0.004207937 0.030253615 0.007985304 0.027201233 -0.000295771 0.008636303 0.011310331 0.004455822 0.027005112 0.023200786 0.004713511 0.006783215 0.008813761 0.010419129 0.058775779 0.040475097 0.015366749 0.012345811
0.041416056 0.018005287 0.007060383 0.041572955 0.018107941 0.008177562 0.004869023 0.005546510 -0.003523814 0.022616299 0.006165294 0.031882405 0.005272714 0.007472876 0.040265813 0.033908591 0.012121750 0.017634470 0.008193301 0.018505761 0.008636303 -0.028081313 0.023634678 -0.002116669 0.020600732 0.008577041 0.007754720 0.007977769 0.020123985 0.009334659 0.057151988 0.025827205 0.020133831 0.016364578
0.026126849 0.040107008 0.012731824 0.069921508 0.018912297 0.026913416 0.024518749 0.030163925 0.017920708 0.053579822 0.036864217 0.055362102 0.039084449 0.033710547 0.034316652 0.004529679 0.013994365 0.054267608 0.023009330 0.043177482 0.011310331 0.023634678 -0.000697404 0.023567801 0.036130339 0.045176208 0.025360938 0.018820409 0.017061085 0.032622792 0.077755496 0.069439948 0.026884174 0.018413160
0.035204519 0.017857928 0.001139911 0.036535598 0.014845914 0.006297603 -0.003290636 0.000734561 0.002149282 0.023064297 0.002289914 0.028428268 0.003560607 0.007076748 0.037318397 0.028701467 0.004140852 0.018484425 0.009525796 0.015702737 0.004455822 -0.002116669 0.023567801 -0.003040886 0.017986346 0.011004750 -0.001902925 0.000539526 0.016789252 -0.001135167 0.048307683 0.033141106 0.019200072 0.017048614
0.046540871 0.004809687 0.019023130 0.039971702 0.026047897 0.022829805 0.020031139 0.011384316 0.028307974 0.023210874 0.021091379 0.034661841 0.014129037 0.018018624 0.042068839 0.038182177 0.023359530 0.026970770 0.018162372 0.022260066 0.027005112 0.020600732 0.036130339 0.017986346 -0.020970453 0.019717084 0.016538730 0.014991187 0.037813008 0.019150591 0.053389929 0.042502150 0.033849470 0.030934384
0.051071670 0.024824662 0.020734642 0.025412511 0.024951801 0.020637944 0.012034739 0.011678990 0.013130425 0.003889126 0.003860002 0.014635334 0.003901210 0.010718822 0.054196913 0.052413117 0.026530240 0.011588617 0.016698945 0.009219605 0.023200786 0.008577041 0.045176208 0.011004750 0.019717084 -0.003196049 0.013727263 0.016583238 0.038820863 0.009944445 0.048500434 0.025060268 0.029782342 0.030986294
0.037527375 0.022791484 0.001939177 0.046332233 0.012455367 0.004422813 -0.003383826 -0.000660164 0.000463614 0.028439991 0.002108955 0.032600164 0.001809942 0.004257307 0.042388856 0.029969364 0.002181584 0.018454121 0.006688374 0.015718553 0.004713511 0.007754720 0.025360938 -0.001902925 0.016538730 0.013727263 -0.007939347 0.000747077 0.019426804 -0.002670259 0.056836378 0.045711286 0.026726138 0.015907045
0.032465313 0.018325593 0.004442222 0.044624586 0.009381171 0.002684924 0.001509684 0.004797605 -0.000191485 0.030882111 0.002996355 0.034403596 0.009846329 0.006540302 0.029330101 0.022596562 0.004659424 0.022459393 0.008061673 0.019662254 0.006783215 0.007977769 0.018820409 0.000539526 0.014991187 0.016583238 0.000747077 -0.005366176 0.013951288 0.004023107 0.052571923 0.034052603 0.017333288 0.011665673
0.025089990 0.033158649 0.011223532 0.072381705 0.012610320 0.019896837 0.016148681 0.021888737 0.018296264 0.052155174 0.030474856 0.059260733 0.034412038 0.026045879 0.028663844 0.016954884 0.009818831 0.042471614 0.012316419 0.047123853 0.008813761 0.020123985 0.017061085 0.016789252 0.037813008 0.038820863 0.019426804 0.013951288 0.004945329 0.022728965 0.073370703 0.060504351 0.025850933 0.014720308
0.043310344 0.030827638 0.008900477 0.042305686 0.008021172 0.002521432 -0.005049915 0.000851975 -0.001627997 0.025363605 -0.001914800 0.032716665 0.002214942 0.003981717 0.042771548 0.040647954 0.010406904 0.014128151 0.009222841 0.015686911 0.010419129 0.009334659 0.032622792 -0.001135167 0.019150591 0.009944445 -0.002670259 0.004023107 0.022728965 -0.021035716 0.057875052 0.038354248 0.028702151 0.017520813
0.076824047 0.069092192 0.051531401 0.045717642 0.049683038 0.046590962 0.048481926 0.040766940 0.064133272 0.029677778 0.045170907 0.063557498 0.038304422 0.048082121 0.068341918 0.083870925 0.066446081 0.040544633 0.050679646 0.061384104 0.058775779 0.057151988 0.077755496 0.048307683 0.053389929 0.048500434 0.056836378 0.052571923 0.073370703 0.057875052 0.005118383 0.053670418 0.065623716 0.051229872
0.067568958 0.036073826 0.038945645 0.031061959 0.043138854 0.031003997 0.034944199 0.028865490 0.041285265 0.012115001 0.022013281 0.038895406 0.019027516 0.029022086 0.071330108 0.082129605 0.047024779 0.022675440 0.034517415 0.041984845 0.040475097 0.025827205 0.069439948 0.033141106 0.042502150 0.025060268 0.045711286 0.034052603 0.060504351 0.038354248 0.053670418 0.008709222 0.046573408 0.050509002
0.037380107 0.027095011 0.020156138 0.055986658 0.018461756 0.024321446 0.023756161 0.027290767 0.027949523 0.036958344 0.022116262 0.048949420 0.028203946 0.029618144 0.037575874 0.034302779 0.013663465 0.030758450 0.022536032 0.044112694 0.015366749 0.020133831 0.026884174 0.019200072 0.033849470 0.029782342 0.026726138 0.017333288 0.025850933 0.028702151 0.065623716 0.046573408 -0.015727419 0.023483841
0.022241943 0.026376890 0.009148127 0.057123404 0.018403279 0.016499743 0.016180709 0.020994108 0.018830527 0.040138882 0.023484789 0.048825838 0.026394296 0.023631513 0.027538607 0.014925780 0.014643501 0.032574382 0.010697267 0.040452048 0.012345811 0.016364578 0.018413160 0.017048614 0.030934384 0.030986294 0.015907045 0.011665673 0.014720308 0.017520813 0.051229872 0.050509002 0.023483841 0.001698691
