0.000000000 0.068376072 0.026785715 0.134920642 0.099173553 0.084033616 0.091666669 0.110204078 0.076271184 0.151750967 0.076271184 0.180451125 0.064377680 0.080168776 0.056277055 0.009090909 0.013953488 0.134920642 0.022421524 0.099173553 0.064377680 0.124497995 0.048034936 0.072340429 0.022421524 0.106557377 0.052173913 0.087866105 0.018018018 0.039647575 0.186567158 0.068376072 0.134920642 0.022421524
0.068376072 0.000000000 0.041666668 0.067164183 0.031007752 0.015748031 0.023437500 0.042145595 0.007936508 0.084249087 0.007936508 0.113475174 0.004016064 0.011857707 0.012145749 0.059322033 0.082251079 0.067164183 0.046025105 0.031007752 0.004016064 0.056603774 0.020408163 0.003984064 0.046025105 0.038461540 0.016260162 0.019607844 0.050420169 0.028806584 0.119718313 0.000000000 0.067164183 0.046025105
0.026785715 0.041666668 0.000000000 0.108527131 0.072580643 0.057377048 0.065040648 0.083665341 0.049586777 0.125475287 0.049586777 0.154411763 0.037656903 0.053497944 0.029535865 0.017699115 0.040723983 0.108527131 0.004366812 0.072580643 0.037656903 0.098039217 0.021276595 0.045643155 0.004366812 0.079999998 0.025423728 0.061224490 0.008771930 0.012875536 0.160583943 0.041666668 0.108527131 0.004366812
0.134920642 0.067164183 0.108527131 0.000000000 0.036231883 0.051470589 0.043795619 0.025089607 0.059259258 0.017182130 0.059259258 0.046666667 0.071161047 0.055350553 0.079245284 0.125984251 0.148594379 0.000000000 0.112840466 0.036231883 0.071161047 0.010600707 0.087452471 0.063197024 0.112840466 0.028776979 0.083333336 0.047619049 0.117187500 0.095785439 0.052980132 0.067164183 0.000000000 0.112840466
0.099173553 0.031007752 0.072580643 0.036231883 0.000000000 0.015267176 0.007575758 0.011152416 0.023076924 0.053380784 0.023076924 0.082758620 0.035019454 0.019157087 0.043137256 0.090163931 0.112970710 0.036231883 0.076923080 0.000000000 0.035019454 0.025641026 0.051383398 0.027027028 0.076923080 0.007462686 0.047244094 0.011406844 0.081300810 0.059760958 0.089041099 0.031007752 0.036231883 0.076923080
0.084033616 0.015748031 0.057377048 0.051470589 0.015267176 0.000000000 0.007692308 0.026415095 0.007812500 0.068592057 0.007812500 0.097902097 0.019762846 0.003891051 0.027888447 0.075000003 0.097872339 0.051470589 0.061728396 0.015267176 0.019762846 0.040892195 0.036144577 0.011764706 0.061728396 0.022727273 0.032000002 0.003861004 0.066115700 0.044534411 0.104166664 0.015748031 0.051470589 0.061728396
0.091666669 0.023437500 0.065040648 0.043795619 0.007575758 0.007692308 0.000000000 0.018726591 0.015503876 0.060931899 0.015503876 0.090277776 0.027450981 0.011583012 0.035573121 0.082644626 0.105485231 0.043795619 0.069387756 0.007575758 0.027450981 0.033210333 0.043824703 0.019455252 0.069387756 0.015037594 0.039682541 0.003831418 0.073770493 0.052208837 0.096551724 0.023437500 0.043795619 0.069387756
0.110204078 0.042145595 0.083665341 0.025089607 0.011152416 0.026415095 0.018726591 0.000000000 0.034220532 0.042253520 0.034220532 0.071672358 0.046153847 0.030303031 0.054263566 0.101214573 0.123966940 0.025089607 0.088000000 0.011152416 0.046153847 0.014492754 0.062500000 0.038167939 0.088000000 0.003690037 0.058365759 0.022556391 0.092369474 0.070866145 0.077966101 0.042145595 0.025089607 0.088000000
0.076271184 0.007936508 0.049586777 0.059259258 0.023076924 0.007812500 0.015503876 0.034220532 0.000000000 0.076363638 0.000000000 0.105633803 0.011952192 0.003921569 0.020080321 0.067226894 0.090128757 0.059259258 0.053941909 0.023076924 0.011952192 0.048689138 0.028340081 0.003952569 0.053941909 0.030534351 0.024193548 0.011673152 0.058333334 0.036734693 0.111888111 0.007936508 0.059259258 0.053941909
0.151750967 0.084249087 0.125475287 0.017182130 0.053380784 0.068592057 0.060931899 0.042253520 0.076363638 0.000000000 0.076363638 0.029508196 0.088235296 0.072463766 0.096296296 0.142857149 0.165354326 0.017182130 0.129770994 0.053380784 0.088235296 0.027777778 0.104477614 0.080291972 0.129770994 0.045936394 0.100371748 0.064748198 0.134099618 0.112781957 0.035830621 0.084249087 0.017182130 0.129770994
0.076271184 0.007936508 0.049586777 0.059259258 0.023076924 0.007812500 0.015503876 0.034220532 0.000000000 0.076363638 0.000000000 0.105633803 0.011952192 0.003921569 0.020080321 0.067226894 0.090128757 0.059259258 0.053941909 0.023076924 0.011952192 0.048689138 0.028340081 0.003952569 0.053941909 0.030534351 0.024193548 0.011673152 0.058333334 0.036734693 0.111888111 0.007936508 0.059259258 0.053941909
0.180451125 0.113475174 0.154411763 0.046666667 0.082758620 0.097902097 0.090277776 0.071672358 0.105633803 0.029508196 0.105633803 0.000000000 0.117437720 0.101754382 0.125448033 0.171641797 0.193916351 0.046666667 0.158671588 0.082758620 0.117437720 0.057239056 0.133574009 0.109540634 0.158671588 0.075342469 0.129496396 0.094076656 0.162962958 0.141818181 0.006329114 0.113475174 0.046666667 0.158671588
0.064377680 0.004016064 0.037656903 0.071161047 0.035019454 0.019762846 0.027450981 0.046153847 0.011952192 0.088235296 0.011952192 0.117437720 0.000000000 0.015873017 0.008130081 0.055319149 0.078260869 0.071161047 0.042016808 0.035019454 0.000000000 0.060606062 0.016393442 0.008000000 0.042016808 0.042471044 0.012244898 0.023622047 0.046413504 0.024793388 0.123674914 0.004016064 0.071161047 0.042016808
0.080168776 0.011857707 0.053497944 0.055350553 0.019157087 0.003891051 0.011583012 0.030303031 0.003921569 0.072463766 0.003921569 0.101754382 0.015873017 0.000000000 0.024000000 0.071129709 0.094017096 0.055350553 0.057851240 0.019157087 0.015873017 0.044776119 0.032258064 0.007874016 0.057851240 0.026615970 0.028112451 0.007751938 0.062240664 0.040650405 0.108013935 0.011857707 0.055350553 0.057851240
0.056277055 0.012145749 0.029535865 0.079245284 0.043137256 0.027888447 0.035573121 0.054263566 0.020080321 0.096296296 0.020080321 0.125448033 0.008130081 0.024000000 0.000000000 0.047210302 0.070175439 0.079245284 0.033898305 0.043137256 0.008130081 0.068702288 0.008264462 0.016129032 0.033898305 0.050583657 0.004115226 0.031746034 0.038297873 0.016666668 0.131672591 0.012145749 0.079245284 0.033898305
0.009090909 0.059322033 0.017699115 0.125984251 0.090163931 0.075000003 0.082644626 0.101214573 0.067226894 0.142857149 0.067226894 0.171641797 0.055319149 0.071129709 0.047210302 0.000000000 0.023041476 0.125984251 0.013333334 0.090163931 0.055319149 0.115537852 0.038961038 0.063291140 0.013333334 0.097560972 0.043103449 0.078838177 0.008928572 0.030567685 0.177777782 0.059322033 0.125984251 0.013333334
0.013953488 0.082251079 0.040723983 0.148594379 0.112970710 0.097872339 0.105485231 0.123966940 0.090128757 0.165354326 0.090128757 0.193916351 0.078260869 0.094017096 0.070175439 0.023041476 0.000000000 0.148594379 0.036363635 0.112970710 0.078260869 0.138211384 0.061946902 0.086206898 0.036363635 0.120331950 0.066079296 0.101694912 0.031963471 0.053571429 0.200000003 0.082251079 0.148594379 0.036363635
0.134920642 0.067164183 0.108527131 0.000000000 0.036231883 0.051470589 0.043795619 0.025089607 0.059259258 0.017182130 0.059259258 0.046666667 0.071161047 0.055350553 0.079245284 0.125984251 0.148594379 0.000000000 0.112840466 0.036231883 0.071161047 0.010600707 0.087452471 0.063197024 0.112840466 0.028776979 0.083333336 0.047619049 0.117187500 0.095785439 0.052980132 0.067164183 0.000000000 0.112840466
0.022421524 0.046025105 0.004366812 0.112840466 0.076923080 0.061728396 0.069387756 0.088000000 0.053941909 0.129770994 0.053941909 0.158671588 0.042016808 0.057851240 0.033898305 0.013333334 0.036363635 0.112840466 0.000000000 0.076923080 0.042016808 0.102362208 0.025641026 0.050000001 0.000000000 0.084337346 0.029787235 0.065573767 0.004405286 0.017241379 0.164835170 0.046025105 0.112840466 0.000000000
0.099173553 0.031007752 0.072580643 0.036231883 0.000000000 0.015267176 0.007575758 0.011152416 0.023076924 0.053380784 0.023076924 0.082758620 0.035019454 0.019157087 0.043137256 0.090163931 0.112970710 0.036231883 0.076923080 0.000000000 0.035019454 0.025641026 0.051383398 0.027027028 0.076923080 0.007462686 0.047244094 0.011406844 0.081300810 0.059760958 0.089041099 0.031007752 0.036231883 0.076923080
0.064377680 0.004016064 0.037656903 0.071161047 0.035019454 0.019762846 0.027450981 0.046153847 0.011952192 0.088235296 0.011952192 0.117437720 0.000000000 0.015873017 0.008130081 0.055319149 0.078260869 0.071161047 0.042016808 0.035019454 0.000000000 0.060606062 0.016393442 0.008000000 0.042016808 0.042471044 0.012244898 0.023622047 0.046413504 0.024793388 0.123674914 0.004016064 0.071161047 0.042016808
0.124497995 0.056603774 0.098039217 0.010600707 0.025641026 0.040892195 0.033210333 0.014492754 0.048689138 0.027777778 0.048689138 0.057239056 0.060606062 0.044776119 0.068702288 0.115537852 0.138211384 0.010600707 0.102362208 0.025641026 0.060606062 0.000000000 0.076923080 0.052631579 0.102362208 0.018181818 0.072796933 0.037037037 0.106719367 0.085271321 0.063545153 0.056603774 0.010600707 0.102362208
0.048034936 0.020408163 0.021276595 0.087452471 0.051383398 0.036144577 0.043824703 0.062500000 0.028340081 0.104477614 0.028340081 0.133574009 0.016393442 0.032258064 0.008264462 0.038961038 0.061946902 0.087452471 0.025641026 0.051383398 0.016393442 0.076923080 0.000000000 0.024390243 0.025641026 0.058823530 0.004149378 0.039999999 0.030042918 0.008403362 0.139784947 0.020408163 0.087452471 0.025641026
0.072340429 0.003984064 0.045643155 0.063197024 0.027027028 0.011764706 0.019455252 0.038167939 0.003952569 0.080291972 0.003952569 0.109540634 0.008000000 0.007874016 0.016129032 0.063291140 0.086206898 0.063197024 0.050000001 0.027027028 0.008000000 0.052631579 0.024390243 0.000000000 0.050000001 0.034482758 0.020242915 0.015625000 0.054393306 0.032786883 0.115789473 0.003984064 0.063197024 0.050000001
0.022421524 0.046025105 0.004366812 0.112840466 0.076923080 0.061728396 0.069387756 0.088000000 0.053941909 0.129770994 0.053941909 0.158671588 0.042016808 0.057851240 0.033898305 0.013333334 0.036363635 0.112840466 0.000000000 0.076923080 0.042016808 0.102362208 0.025641026 0.050000001 0.000000000 0.084337346 0.029787235 0.065573767 0.004405286 0.017241379 0.164835170 0.046025105 0.112840466 0.000000000
0.106557377 0.038461540 0.079999998 0.028776979 0.007462686 0.022727273 0.015037594 0.003690037 0.030534351 0.045936394 0.030534351 0.075342469 0.042471044 0.026615970 0.050583657 0.097560972 0.120331950 0.028776979 0.084337346 0.007462686 0.042471044 0.018181818 0.058823530 0.034482758 0.084337346 0.000000000 0.054687500 0.018867925 0.088709675 0.067193680 0.081632651 0.038461540 0.028776979 0.084337346
0.052173913 0.016260162 0.025423728 0.083333336 0.047244094 0.032000002 0.039682541 0.058365759 0.024193548 0.100371748 0.024193548 0.129496396 0.012244898 0.028112451 0.004115226 0.043103449 0.066079296 0.083333336 0.029787235 0.047244094 0.012244898 0.072796933 0.004149378 0.020242915 0.029787235 0.054687500 0.000000000 0.035856575 0.034188036 0.012552301 0.135714293 0.016260162 0.083333336 0.029787235
0.087866105 0.019607844 0.061224490 0.047619049 0.011406844 0.003861004 0.003831418 0.022556391 0.011673152 0.064748198 0.011673152 0.094076656 0.023622047 0.007751938 0.031746034 0.078838177 0.101694912 0.047619049 0.065573767 0.011406844 0.023622047 0.037037037 0.039999999 0.015625000 0.065573767 0.018867925 0.035856575 0.000000000 0.069958851 0.048387095 0.100346021 0.019607844 0.047619049 0.065573767
0.018018018 0.050420169 0.008771930 0.117187500 0.081300810 0.066115700 0.073770493 0.092369474 0.058333334 0.134099618 0.058333334 0.162962958 0.046413504 0.062240664 0.038297873 0.008928572 0.031963471 0.117187500 0.004405286 0.081300810 0.046413504 0.106719367 0.030042918 0.054393306 0.004405286 0.088709675 0.034188036 0.069958851 0.000000000 0.021645023 0.169117644 0.050420169 0.117187500 0.004405286
0.039647575 0.028806584 0.012875536 0.095785439 0.059760958 0.044534411 0.052208837 0.070866145 0.036734693 0.112781957 0.036734693 0.141818181 0.024793388 0.040650405 0.016666668 0.030567685 0.053571429 0.095785439 0.017241379 0.059760958 0.024793388 0.085271321 0.008403362 0.032786883 0.017241379 0.067193680 0.012552301 0.048387095 0.021645023 0.000000000 0.148014441 0.028806584 0.095785439 0.017241379
0.186567158 0.119718313 0.160583943 0.052980132 0.089041099 0.104166664 0.096551724 0.077966101 0.111888111 0.035830621 0.111888111 0.006329114 0.123674914 0.108013935 0.131672591 0.177777782 0.200000003 0.052980132 0.164835170 0.089041099 0.123674914 0.063545153 0.139784947 0.115789473 0.164835170 0.081632651 0.135714293 0.100346021 0.169117644 0.148014441 0.000000000 0.119718313 0.052980132 0.164835170
0.068376072 0.000000000 0.041666668 0.067164183 0.031007752 0.015748031 0.023437500 0.042145595 0.007936508 0.084249087 0.007936508 0.113475174 0.004016064 0.011857707 0.012145749 0.059322033 0.082251079 0.067164183 0.046025105 0.031007752 0.004016064 0.056603774 0.020408163 0.003984064 0.046025105 0.038461540 0.016260162 0.019607844 0.050420169 0.028806584 0.119718313 0.000000000 0.067164183 0.046025105
0.134920642 0.067164183 0.108527131 0.000000000 0.036231883 0.051470589 0.043795619 0.025089607 0.059259258 0.017182130 0.059259258 0.046666667 0.071161047 0.055350553 0.079245284 0.125984251 0.148594379 0.000000000 0.112840466 0.036231883 0.071161047 0.010600707 0.087452471 0.063197024 0.112840466 0.028776979 0.083333336 0.047619049 0.117187500 0.095785439 0.052980132 0.067164183 0.000000000 0.112840466
0.022421524 0.046025105 0.004366812 0.112840466 0.076923080 0.061728396 0.069387756 0.088000000 0.053941909 0.129770994 0.053941909 0.158671588 0.042016808 0.057851240 0.033898305 0.013333334 0.036363635 0.112840466 0.000000000 0.076923080 0.042016808 0.102362208 0.025641026 0.050000001 0.000000000 0.084337346 0.029787235 0.065573767 0.004405286 0.017241379 0.164835170 0.046025105 0.112840466 0.000000000
