0.000000000 0.133004919 0.133004919 0.207207203 0.185185179 0.196347028 0.133004919 0.221238941 0.210762337 0.241379306 0.192660555 0.234782606 0.192660555 0.188940093 0.022222223 0.177570090 0.149758458 0.269709557 0.133004919 0.281632662 0.157894731 0.200000003 0.177570090 0.173708916 0.169811323 0.217777774 0.141463414 0.157894731 0.102040820 0.177570090 0.317829460 0.203619912 0.137254909 0.203619912
0.133004919 0.000000000 0.000000000 0.076305218 0.053497944 0.065040648 0.000000000 0.090909094 0.079999998 0.111969113 0.061224490 0.105058365 0.061224490 0.057377048 0.111111112 0.045643155 0.017094018 0.141791046 0.000000000 0.154411763 0.025423728 0.068825908 0.045643155 0.041666668 0.037656903 0.087301590 0.008620690 0.025423728 0.031390134 0.045643155 0.192982450 0.072580643 0.004329004 0.072580643
0.133004919 0.000000000 0.000000000 0.076305218 0.053497944 0.065040648 0.000000000 0.090909094 0.079999998 0.111969113 0.061224490 0.105058365 0.061224490 0.057377048 0.111111112 0.045643155 0.017094018 0.141791046 0.000000000 0.154411763 0.025423728 0.068825908 0.045643155 0.041666668 0.037656903 0.087301590 0.008620690 0.025423728 0.031390134 0.045643155 0.192982450 0.072580643 0.004329004 0.072580643
0.207207203 0.076305218 0.076305218 0.000000000 0.022900764 0.011320755 0.076305218 0.014705882 0.003717472 0.035971224 0.015151516 0.028985508 0.015151516 0.019011406 0.185840711 0.030769231 0.059288539 0.066202089 0.076305218 0.079037800 0.050980393 0.007518797 0.030769231 0.034749035 0.038759690 0.011070111 0.067729086 0.050980393 0.107438013 0.030769231 0.118421055 0.003745318 0.071999997 0.003745318
0.185185179 0.053497944 0.053497944 0.022900764 0.000000000 0.011583012 0.053497944 0.037593983 0.026615970 0.058823530 0.007751938 0.051851850 0.007751938 0.003891051 0.163636357 0.007874016 0.036437247 0.088967972 0.053497944 0.101754382 0.028112451 0.015384615 0.007874016 0.011857707 0.015873017 0.033962265 0.044897959 0.028112451 0.084745765 0.007874016 0.140939593 0.019157087 0.049180329 0.019157087
0.196347028 0.065040648 0.065040648 0.011320755 0.011583012 0.000000000 0.065040648 0.026022306 0.015037594 0.047272727 0.003831418 0.040293042 0.003831418 0.007692308 0.174887896 0.019455252 0.048000000 0.077464789 0.065040648 0.090277776 0.039682541 0.003802281 0.019455252 0.023437500 0.027450981 0.022388060 0.056451611 0.039682541 0.096234307 0.019455252 0.129568100 0.007575758 0.060728744 0.007575758
0.133004919 0.000000000 0.000000000 0.076305218 0.053497944 0.065040648 0.000000000 0.090909094 0.079999998 0.111969113 0.061224490 0.105058365 0.061224490 0.057377048 0.111111112 0.045643155 0.017094018 0.141791046 0.000000000 0.154411763 0.025423728 0.068825908 0.045643155 0.041666668 0.037656903 0.087301590 0.008620690 0.025423728 0.031390134 0.045643155 0.192982450 0.072580643 0.004329004 0.072580643
0.221238941 0.090909094 0.090909094 0.014705882 0.037593983 0.026022306 0.090909094 0.000000000 0.010989011 0.021276595 0.029850746 0.014285714 0.029850746 0.033707865 0.200000003 0.045454547 0.073929958 0.051546391 0.090909094 0.064406782 0.065637067 0.022222223 0.045454547 0.049429659 0.053435113 0.003636364 0.082352944 0.065637067 0.121951222 0.045454547 0.103896104 0.018450184 0.086614177 0.018450184
0.210762337 0.079999998 0.079999998 0.003717472 0.026615970 0.015037594 0.079999998 0.010989011 0.000000000 0.032258064 0.018867925 0.025270758 0.018867925 0.022727273 0.189427316 0.034482758 0.062992126 0.062500000 0.079999998 0.075342469 0.054687500 0.011235955 0.034482758 0.038461540 0.042471044 0.007352941 0.071428575 0.054687500 0.111111112 0.034482758 0.114754096 0.007462686 0.075697213 0.007462686
0.241379306 0.111969113 0.111969113 0.035971224 0.058823530 0.047272727 0.111969113 0.021276595 0.032258064 0.000000000 0.051094890 0.006993007 0.051094890 0.054945055 0.220338985 0.066666670 0.095057033 0.030303031 0.111969113 0.043189369 0.086792454 0.043478262 0.066666670 0.070631973 0.074626863 0.024911031 0.103448279 0.086792454 0.142857149 0.066666670 0.082802549 0.039711192 0.107692309 0.039711192
0.192660555 0.061224490 0.061224490 0.015151516 0.007751938 0.003831418 0.061224490 0.029850746 0.018867925 0.051094890 0.000000000 0.044117648 0.000000000 0.003861004 0.171171173 0.015625000 0.044176705 0.081272088 0.061224490 0.094076656 0.035856575 0.007633588 0.015625000 0.019607844 0.023622047 0.026217228 0.052631579 0.035856575 0.092436977 0.015625000 0.133333340 0.011406844 0.056910571 0.011406844
0.234782606 0.105058365 0.105058365 0.028985508 0.051851850 0.040293042 0.105058365 0.014285714 0.025270758 0.006993007 0.044117648 0.000000000 0.044117648 0.047970481 0.213675216 0.059701491 0.088122606 0.037288137 0.105058365 0.050167225 0.079847910 0.036496349 0.059701491 0.063670412 0.067669176 0.017921148 0.096525095 0.079847910 0.136000007 0.059701491 0.089743592 0.032727271 0.100775197 0.032727271
0.192660555 0.061224490 0.061224490 0.015151516 0.007751938 0.003831418 0.061224490 0.029850746 0.018867925 0.051094890 0.000000000 0.044117648 0.000000000 0.003861004 0.171171173 0.015625000 0.044176705 0.081272088 0.061224490 0.094076656 0.035856575 0.007633588 0.015625000 0.019607844 0.023622047 0.026217228 0.052631579 0.035856575 0.092436977 0.015625000 0.133333340 0.011406844 0.056910571 0.011406844
0.188940093 0.057377048 0.057377048 0.019011406 0.003891051 0.007692308 0.057377048 0.033707865 0.022727273 0.054945055 0.003861004 0.047970481 0.003861004 0.000000000 0.167420819 0.011764706 0.040322579 0.085106380 0.057377048 0.097902097 0.032000002 0.011494253 0.011764706 0.015748031 0.019762846 0.030075189 0.048780486 0.032000002 0.088607594 0.011764706 0.137123749 0.015267176 0.053061225 0.015267176
0.022222223 0.111111112 0.111111112 0.185840711 0.163636357 0.174887896 0.111111112 0.200000003 0.189427316 0.220338985 0.171171173 0.213675216 0.171171173 0.167420819 0.000000000 0.155963302 0.127962083 0.248979598 0.111111112 0.261044174 0.136150241 0.178571433 0.155963302 0.152073726 0.148148149 0.196506545 0.119617224 0.136150241 0.079999998 0.155963302 0.297709912 0.182222217 0.115384616 0.182222217
0.177570090 0.045643155 0.045643155 0.030769231 0.007874016 0.019455252 0.045643155 0.045454547 0.034482758 0.066666670 0.015625000 0.059701491 0.015625000 0.011764706 0.155963302 0.000000000 0.028571429 0.096774191 0.045643155 0.109540634 0.020242915 0.023255814 0.000000000 0.003984064 0.008000000 0.041825093 0.037037037 0.020242915 0.076923080 0.000000000 0.148648649 0.027027028 0.041322313 0.027027028
0.149758458 0.017094018 0.017094018 0.059288539 0.036437247 0.048000000 0.017094018 0.073929958 0.062992126 0.095057033 0.044176705 0.088122606 0.044176705 0.040322579 0.127962083 0.028571429 0.000000000 0.125000000 0.017094018 0.137681156 0.008333334 0.051792830 0.028571429 0.024590164 0.020576132 0.070312500 0.008474576 0.008333334 0.048458152 0.028571429 0.176470593 0.055555556 0.012765957 0.055555556
0.269709557 0.141791046 0.141791046 0.066202089 0.088967972 0.077464789 0.141791046 0.051546391 0.062500000 0.030303031 0.081272088 0.037288137 0.081272088 0.085106380 0.248979598 0.096774191 0.125000000 0.000000000 0.141791046 0.012903226 0.116788320 0.073684208 0.096774191 0.100719422 0.104693137 0.055172414 0.133333340 0.116788320 0.172413796 0.096774191 0.052631579 0.069930069 0.137546465 0.069930069
0.133004919 0.000000000 0.000000000 0.076305218 0.053497944 0.065040648 0.000000000 0.090909094 0.079999998 0.111969113 0.061224490 0.105058365 0.061224490 0.057377048 0.111111112 0.045643155 0.017094018 0.141791046 0.000000000 0.154411763 0.025423728 0.068825908 0.045643155 0.041666668 0.037656903 0.087301590 0.008620690 0.025423728 0.031390134 0.045643155 0.192982450 0.072580643 0.004329004 0.072580643
0.281632662 0.154411763 0.154411763 0.079037800 0.101754382 0.090277776 0.154411763 0.064406782 0.075342469 0.043189369 0.094076656 0.050167225 0.094076656 0.097902097 0.261044174 0.109540634 0.137681156 0.012903226 0.154411763 0.000000000 0.129496396 0.086505190 0.109540634 0.113475174 0.117437720 0.068027213 0.145985395 0.129496396 0.184905663 0.109540634 0.039755352 0.082758620 0.150183156 0.082758620
0.157894731 0.025423728 0.025423728 0.050980393 0.028112451 0.039682541 0.025423728 0.065637067 0.054687500 0.086792454 0.035856575 0.079847910 0.035856575 0.032000002 0.136150241 0.020242915 0.008333334 0.116788320 0.025423728 0.129496396 0.000000000 0.043478262 0.020242915 0.016260162 0.012244898 0.062015504 0.016806724 0.000000000 0.056768559 0.020242915 0.168384880 0.047244094 0.021097047 0.047244094
0.200000003 0.068825908 0.068825908 0.007518797 0.015384615 0.003802281 0.068825908 0.022222223 0.011235955 0.043478262 0.007633588 0.036496349 0.007633588 0.011494253 0.178571433 0.023255814 0.051792830 0.073684208 0.068825908 0.086505190 0.043478262 0.000000000 0.023255814 0.027237354 0.031250000 0.018587360 0.060240965 0.043478262 0.100000001 0.023255814 0.125827819 0.003773585 0.064516127 0.003773585
0.177570090 0.045643155 0.045643155 0.030769231 0.007874016 0.019455252 0.045643155 0.045454547 0.034482758 0.066666670 0.015625000 0.059701491 0.015625000 0.011764706 0.155963302 0.000000000 0.028571429 0.096774191 0.045643155 0.109540634 0.020242915 0.023255814 0.000000000 0.003984064 0.008000000 0.041825093 0.037037037 0.020242915 0.076923080 0.000000000 0.148648649 0.027027028 0.041322313 0.027027028
0.173708916 0.041666668 0.041666668 0.034749035 0.011857707 0.023437500 0.041666668 0.049429659 0.038461540 0.070631973 0.019607844 0.063670412 0.019607844 0.015748031 0.152073726 0.003984064 0.024590164 0.100719422 0.041666668 0.113475174 0.016260162 0.027237354 0.003984064 0.000000000 0.004016064 0.045801528 0.033057850 0.016260162 0.072961375 0.003984064 0.152542368 0.031007752 0.037344400 0.031007752
0.169811323 0.037656903 0.037656903 0.038759690 0.015873017 0.027450981 0.037656903 0.053435113 0.042471044 0.074626863 0.023622047 0.067669176 0.023622047 0.019762846 0.148148149 0.008000000 0.020576132 0.104693137 0.037656903 0.117437720 0.012244898 0.031250000 0.008000000 0.004016064 0.000000000 0.049808428 0.029045643 0.012244898 0.068965517 0.008000000 0.156462580 0.035019454 0.033333335 0.035019454
0.217777774 0.087301590 0.087301590 0.011070111 0.033962265 0.022388060 0.087301590 0.003636364 0.007352941 0.024911031 0.026217228 0.017921148 0.026217228 0.030075189 0.196506545 0.041825093 0.070312500 0.055172414 0.087301590 0.068027213 0.062015504 0.018587360 0.041825093 0.045801528 0.049808428 0.000000000 0.078740157 0.062015504 0.118367344 0.041825093 0.107491858 0.014814815 0.083003953 0.014814815
0.141463414 0.008620690 0.008620690 0.067729086 0.044897959 0.056451611 0.008620690 0.082352944 0.071428575 0.103448279 0.052631579 0.096525095 0.052631579 0.048780486 0.119617224 0.037037037 0.008474576 0.133333340 0.008620690 0.145985395 0.016806724 0.060240965 0.037037037 0.033057850 0.029045643 0.078740157 0.000000000 0.016806724 0.039999999 0.037037037 0.184668988 0.064000003 0.004291845 0.064000003
0.157894731 0.025423728 0.025423728 0.050980393 0.028112451 0.039682541 0.025423728 0.065637067 0.054687500 0.086792454 0.035856575 0.079847910 0.035856575 0.032000002 0.136150241 0.020242915 0.008333334 0.116788320 0.025423728 0.129496396 0.000000000 0.043478262 0.020242915 0.016260162 0.012244898 0.062015504 0.016806724 0.000000000 0.056768559 0.020242915 0.168384880 0.047244094 0.021097047 0.047244094
0.102040820 0.031390134 0.031390134 0.107438013 0.084745765 0.096234307 0.031390134 0.121951222 0.111111112 0.142857149 0.092436977 0.136000007 0.092436977 0.088607594 0.079999998 0.076923080 0.048458152 0.172413796 0.031390134 0.184905663 0.056768559 0.100000001 0.076923080 0.072961375 0.068965517 0.118367344 0.039999999 0.056768559 0.000000000 0.076923080 0.223021582 0.103734441 0.035714287 0.103734441
0.177570090 0.045643155 0.045643155 0.030769231 0.007874016 0.019455252 0.045643155 0.045454547 0.034482758 0.066666670 0.015625000 0.059701491 0.015625000 0.011764706 0.155963302 0.000000000 0.028571429 0.096774191 0.045643155 0.109540634 0.020242915 0.023255814 0.000000000 0.003984064 0.008000000 0.041825093 0.037037037 0.020242915 0.076923080 0.000000000 0.148648649 0.027027028 0.041322313 0.027027028
0.317829460 0.192982450 0.192982450 0.118421055 0.140939593 0.129568100 0.192982450 0.103896104 0.114754096 0.082802549 0.133333340 0.089743592 0.133333340 0.137123749 0.297709912 0.148648649 0.176470593 0.052631579 0.192982450 0.039755352 0.168384880 0.125827819 0.148648649 0.152542368 0.156462580 0.107491858 0.184668988 0.168384880 0.223021582 0.148648649 0.000000000 0.122112215 0.188811183 0.122112215
0.203619912 0.072580643 0.072580643 0.003745318 0.019157087 0.007575758 0.072580643 0.018450184 0.007462686 0.039711192 0.011406844 0.032727271 0.011406844 0.015267176 0.182222217 0.027027028 0.055555556 0.069930069 0.072580643 0.082758620 0.047244094 0.003773585 0.027027028 0.031007752 0.035019454 0.014814815 0.064000003 0.047244094 0.103734441 0.027027028 0.122112215 0.000000000 0.068273090 0.000000000
0.137254909 0.004329004 0.004329004 0.071999997 0.049180329 0.060728744 0.004329004 0.086614177 0.075697213 0.107692309 0.056910571 0.100775197 0.056910571 0.053061225 0.115384616 0.041322313 0.012765957 0.137546465 0.004329004 0.150183156 0.021097047 0.064516127 0.041322313 0.037344400 0.033333335 0.083003953 0.004291845 0.021097047 0.035714287 0.041322313 0.188811183 0.068273090 0.000000000 0.068273090
0.203619912 0.072580643 0.072580643 0.003745318 0.019157087 0.007575758 0.072580643 0.018450184 0.007462686 0.039711192 0.011406844 0.032727271 0.011406844 0.015267176 0.182222217 0.027027028 0.055555556 0.069930069 0.072580643 0.082758620 0.047244094 0.003773585 0.027027028 0.031007752 0.035019454 0.014814815 0.064000003 0.047244094 0.103734441 0.027027028 0.122112215 0.000000000 0.068273090 0.000000000
