0.000000000 0.134883717 0.105769232 0.154545456 0.010638298 0.118483409 0.138888896 0.142857149 0.088235296 0.205128208 0.180616736 0.176991150 0.158371046 0.146788985 0.051020410 0.031250000 0.083743840 0.165919289 0.126760557 0.205128208 0.083743840 0.114285715 0.046153847 0.126760557 0.208510637 0.180616736 0.142857149 0.142857149 0.065326631 0.142857149 0.369491518 0.231404960 0.187772930 0.105769232
0.134883717 0.000000000 0.029535865 0.020080321 0.124423966 0.016666668 0.004081632 0.008130081 0.047210302 0.072243348 0.046875000 0.043137256 0.024000000 0.012145749 0.084444441 0.104072399 0.051724140 0.031746034 0.008264462 0.072243348 0.051724140 0.020920502 0.089285716 0.008264462 0.075757578 0.046875000 0.008130081 0.008130081 0.070175439 0.008130081 0.246913582 0.099630997 0.054263566 0.029535865
0.105769232 0.029535865 0.000000000 0.049586777 0.095238097 0.012875536 0.033613447 0.037656903 0.017699115 0.101562500 0.076305218 0.072580643 0.053497944 0.041666668 0.055045873 0.074766353 0.022222223 0.061224490 0.021276595 0.101562500 0.022222223 0.008620690 0.059907835 0.021276595 0.105058365 0.076305218 0.037656903 0.037656903 0.040723983 0.037656903 0.274447948 0.128787875 0.083665341 0.000000000
0.154545456 0.020080321 0.049586777 0.000000000 0.144144148 0.036734693 0.016000001 0.011952192 0.067226894 0.052238807 0.026819924 0.023076924 0.003921569 0.007936508 0.104347825 0.123893805 0.071729958 0.011673152 0.028340081 0.052238807 0.071729958 0.040983606 0.109170303 0.028340081 0.055762082 0.026819924 0.011952192 0.011952192 0.090128757 0.011952192 0.227963522 0.079710148 0.034220532 0.049586777
0.010638298 0.124423966 0.095238097 0.144144148 0.000000000 0.107981220 0.128440365 0.132420093 0.077669904 0.194915250 0.170305684 0.166666672 0.147982061 0.136363640 0.040404040 0.020618556 0.073170729 0.155555561 0.116279073 0.194915250 0.073170729 0.103773586 0.035532996 0.116279073 0.198312238 0.170305684 0.132420093 0.132420093 0.054726370 0.132420093 0.360269368 0.221311480 0.177489176 0.095238097
0.118483409 0.016666668 0.012875536 0.036734693 0.107981220 0.000000000 0.020746889 0.024793388 0.030567685 0.088803090 0.063492067 0.059760958 0.040650405 0.028806584 0.067873307 0.087557606 0.035087720 0.048387095 0.008403362 0.088803090 0.035087720 0.004255319 0.072727270 0.008403362 0.092307694 0.063492067 0.024793388 0.024793388 0.053571429 0.024793388 0.262499988 0.116104871 0.070866145 0.012875536
0.138888896 0.004081632 0.033613447 0.016000001 0.128440365 0.020746889 0.000000000 0.004048583 0.051282052 0.068181820 0.042801555 0.039062500 0.019920319 0.008064516 0.088495575 0.108108111 0.055793993 0.027667984 0.012345679 0.068181820 0.055793993 0.025000000 0.093333334 0.012345679 0.071698114 0.042801555 0.004048583 0.004048583 0.074235804 0.004048583 0.243076921 0.095588237 0.050193049 0.033613447
0.142857149 0.008130081 0.037656903 0.011952192 0.132420093 0.024793388 0.004048583 0.000000000 0.055319149 0.064150944 0.038759690 0.035019454 0.015873017 0.004016064 0.092511013 0.112107620 0.059829060 0.023622047 0.016393442 0.064150944 0.059829060 0.029045643 0.097345136 0.016393442 0.067669176 0.038759690 0.000000000 0.000000000 0.078260869 0.000000000 0.239263803 0.091575094 0.046153847 0.037656903
0.088235296 0.047210302 0.017699115 0.067226894 0.077669904 0.030567685 0.051282052 0.055319149 0.000000000 0.119047619 0.093877554 0.090163931 0.071129709 0.059322033 0.037383176 0.057142857 0.004524887 0.078838177 0.038961038 0.119047619 0.004524887 0.026315790 0.042253520 0.038961038 0.122529641 0.093877554 0.055319149 0.055319149 0.023041476 0.055319149 0.290734828 0.146153852 0.101214573 0.017699115
0.205128208 0.072243348 0.101562500 0.052238807 0.194915250 0.088803090 0.068181820 0.064150944 0.119047619 0.000000000 0.025454545 0.029197080 0.048327137 0.060150377 0.155737698 0.174999997 0.123505980 0.040590405 0.080459774 0.000000000 0.123505980 0.093023255 0.160493821 0.080459774 0.003533569 0.025454545 0.064150944 0.064150944 0.141700402 0.064150944 0.177842572 0.027586207 0.018050542 0.101562500
0.180616736 0.046875000 0.076305218 0.026819924 0.170305684 0.063492067 0.042801555 0.038759690 0.093877554 0.025454545 0.000000000 0.003745318 0.022900764 0.034749035 0.130801693 0.150214598 0.098360658 0.015151516 0.055118110 0.025454545 0.098360658 0.067729086 0.135593221 0.055118110 0.028985508 0.000000000 0.038759690 0.038759690 0.116666667 0.038759690 0.202380955 0.053003535 0.007407407 0.076305218
0.176991150 0.043137256 0.072580643 0.023076924 0.166666672 0.059760958 0.039062500 0.035019454 0.090163931 0.029197080 0.003745318 0.000000000 0.019157087 0.031007752 0.127118647 0.146551728 0.094650209 0.011406844 0.051383398 0.029197080 0.094650209 0.064000003 0.131914899 0.051383398 0.032727271 0.003745318 0.035019454 0.035019454 0.112970710 0.035019454 0.205970153 0.056737587 0.011152416 0.072580643
0.158371046 0.024000000 0.053497944 0.003921569 0.147982061 0.040650405 0.019920319 0.015873017 0.071129709 0.048327137 0.022900764 0.019157087 0.000000000 0.011857707 0.108225107 0.127753302 0.075630255 0.007751938 0.032258064 0.048327137 0.075630255 0.044897959 0.113043480 0.032258064 0.051851850 0.022900764 0.015873017 0.015873017 0.094017096 0.015873017 0.224242419 0.075812273 0.030303031 0.053497944
0.146788985 0.012145749 0.041666668 0.007936508 0.136363640 0.028806584 0.008064516 0.004016064 0.059322033 0.060150377 0.034749035 0.031007752 0.011857707 0.000000000 0.096491225 0.116071425 0.063829787 0.019607844 0.020408163 0.060150377 0.063829787 0.033057850 0.101321585 0.020408163 0.063670412 0.034749035 0.004016064 0.004016064 0.082251079 0.004016064 0.235474005 0.087591238 0.042145595 0.041666668
0.051020410 0.084444441 0.055045873 0.104347825 0.040404040 0.067873307 0.088495575 0.092511013 0.037383176 0.155737698 0.130801693 0.127118647 0.108225107 0.096491225 0.000000000 0.019801980 0.032863848 0.115879826 0.076233186 0.155737698 0.032863848 0.063636363 0.004878049 0.076233186 0.159183666 0.130801693 0.092511013 0.092511013 0.014354067 0.092511013 0.324590176 0.182539687 0.138075307 0.055045873
0.031250000 0.104072399 0.074766353 0.123893805 0.020618556 0.087557606 0.108108111 0.112107620 0.057142857 0.174999997 0.150214598 0.146551728 0.127753302 0.116071425 0.019801980 0.000000000 0.052631579 0.135371178 0.095890410 0.174999997 0.052631579 0.083333336 0.014925373 0.095890410 0.178423241 0.150214598 0.112107620 0.112107620 0.034146342 0.112107620 0.342192680 0.201612905 0.157446802 0.074766353
0.083743840 0.051724140 0.022222223 0.071729958 0.073170729 0.035087720 0.055793993 0.059829060 0.004524887 0.123505980 0.098360658 0.094650209 0.075630255 0.063829787 0.032863848 0.052631579 0.000000000 0.083333336 0.043478262 0.123505980 0.000000000 0.030837005 0.037735850 0.043478262 0.126984134 0.098360658 0.059829060 0.059829060 0.018518519 0.059829060 0.294871807 0.150579154 0.105691060 0.022222223
0.165919289 0.031746034 0.061224490 0.011673152 0.155555561 0.048387095 0.027667984 0.023622047 0.078838177 0.040590405 0.015151516 0.011406844 0.007751938 0.019607844 0.115879826 0.135371178 0.083333336 0.000000000 0.039999999 0.040590405 0.083333336 0.052631579 0.120689653 0.039999999 0.044117648 0.015151516 0.023622047 0.023622047 0.101694912 0.023622047 0.216867477 0.068100356 0.022556391 0.061224490
0.126760557 0.008264462 0.021276595 0.028340081 0.116279073 0.008403362 0.012345679 0.016393442 0.038961038 0.080459774 0.055118110 0.051383398 0.032258064 0.020408163 0.076233186 0.095890410 0.043478262 0.039999999 0.000000000 0.080459774 0.043478262 0.012658228 0.081081077 0.000000000 0.083969466 0.055118110 0.016393442 0.016393442 0.061946902 0.016393442 0.254658371 0.107806690 0.062500000 0.021276595
0.205128208 0.072243348 0.101562500 0.052238807 0.194915250 0.088803090 0.068181820 0.064150944 0.119047619 0.000000000 0.025454545 0.029197080 0.048327137 0.060150377 0.155737698 0.174999997 0.123505980 0.040590405 0.080459774 0.000000000 0.123505980 0.093023255 0.160493821 0.080459774 0.003533569 0.025454545 0.064150944 0.064150944 0.141700402 0.064150944 0.177842572 0.027586207 0.018050542 0.101562500
0.083743840 0.051724140 0.022222223 0.071729958 0.073170729 0.035087720 0.055793993 0.059829060 0.004524887 0.123505980 0.098360658 0.094650209 0.075630255 0.063829787 0.032863848 0.052631579 0.000000000 0.083333336 0.043478262 0.123505980 0.000000000 0.030837005 0.037735850 0.043478262 0.126984134 0.098360658 0.059829060 0.059829060 0.018518519 0.059829060 0.294871807 0.150579154 0.105691060 0.022222223
0.114285715 0.020920502 0.008620690 0.040983606 0.103773586 0.004255319 0.025000000 0.029045643 0.026315790 0.093023255 0.067729086 0.064000003 0.044897959 0.033057850 0.063636363 0.083333336 0.030837005 0.052631579 0.012658228 0.093023255 0.030837005 0.000000000 0.068493150 0.012658228 0.096525095 0.067729086 0.029045643 0.029045643 0.049327355 0.029045643 0.266457677 0.120300755 0.075098813 0.008620690
0.046153847 0.089285716 0.059907835 0.109170303 0.035532996 0.072727270 0.093333334 0.097345136 0.042253520 0.160493821 0.135593221 0.131914899 0.113043480 0.101321585 0.004878049 0.014925373 0.037735850 0.120689653 0.081081077 0.160493821 0.037735850 0.068493150 0.000000000 0.081081077 0.163934425 0.135593221 0.097345136 0.097345136 0.019230770 0.097345136 0.328947365 0.187251002 0.142857149 0.059907835
0.126760557 0.008264462 0.021276595 0.028340081 0.116279073 0.008403362 0.012345679 0.016393442 0.038961038 0.080459774 0.055118110 0.051383398 0.032258064 0.020408163 0.076233186 0.095890410 0.043478262 0.039999999 0.000000000 0.080459774 0.043478262 0.012658228 0.081081077 0.000000000 0.083969466 0.055118110 0.016393442 0.016393442 0.061946902 0.016393442 0.254658371 0.107806690 0.062500000 0.021276595
0.208510637 0.075757578 0.105058365 0.055762082 0.198312238 0.092307694 0.071698114 0.067669176 0.122529641 0.003533569 0.028985508 0.032727271 0.051851850 0.063670412 0.159183666 0.178423241 0.126984134 0.044117648 0.083969466 0.003533569 0.126984134 0.096525095 0.163934425 0.083969466 0.000000000 0.028985508 0.067669176 0.067669176 0.145161286 0.067669176 0.174418598 0.024054984 0.021582734 0.105058365
0.180616736 0.046875000 0.076305218 0.026819924 0.170305684 0.063492067 0.042801555 0.038759690 0.093877554 0.025454545 0.000000000 0.003745318 0.022900764 0.034749035 0.130801693 0.150214598 0.098360658 0.015151516 0.055118110 0.025454545 0.098360658 0.067729086 0.135593221 0.055118110 0.028985508 0.000000000 0.038759690 0.038759690 0.116666667 0.038759690 0.202380955 0.053003535 0.007407407 0.076305218
0.142857149 0.008130081 0.037656903 0.011952192 0.132420093 0.024793388 0.004048583 0.000000000 0.055319149 0.064150944 0.038759690 0.035019454 0.015873017 0.004016064 0.092511013 0.112107620 0.059829060 0.023622047 0.016393442 0.064150944 0.059829060 0.029045643 0.097345136 0.016393442 0.067669176 0.038759690 0.000000000 0.000000000 0.078260869 0.000000000 0.239263803 0.091575094 0.046153847 0.037656903
0.142857149 0.008130081 0.037656903 0.011952192 0.132420093 0.024793388 0.004048583 0.000000000 0.055319149 0.064150944 0.038759690 0.035019454 0.015873017 0.004016064 0.092511013 0.112107620 0.059829060 0.023622047 0.016393442 0.064150944 0.059829060 0.029045643 0.097345136 0.016393442 0.067669176 0.038759690 0.000000000 0.000000000 0.078260869 0.000000000 0.239263803 0.091575094 0.046153847 0.037656903
0.065326631 0.070175439 0.040723983 0.090128757 0.054726370 0.053571429 0.074235804 0.078260869 0.023041476 0.141700402 0.116666667 0.112970710 0.094017096 0.082251079 0.014354067 0.034146342 0.018518519 0.101694912 0.061946902 0.141700402 0.018518519 0.049327355 0.019230770 0.061946902 0.145161286 0.116666667 0.078260869 0.078260869 0.000000000 0.078260869 0.311688304 0.168627456 0.123966940 0.040723983
0.142857149 0.008130081 0.037656903 0.011952192 0.132420093 0.024793388 0.004048583 0.000000000 0.055319149 0.064150944 0.038759690 0.035019454 0.015873017 0.004016064 0.092511013 0.112107620 0.059829060 0.023622047 0.016393442 0.064150944 0.059829060 0.029045643 0.097345136 0.016393442 0.067669176 0.038759690 0.000000000 0.000000000 0.078260869 0.000000000 0.239263803 0.091575094 0.046153847 0.037656903
0.369491518 0.246913582 0.274447948 0.227963522 0.360269368 0.262499988 0.243076921 0.239263803 0.290734828 0.177842572 0.202380955 0.205970153 0.224242419 0.235474005 0.324590176 0.342192680 0.294871807 0.216867477 0.254658371 0.177842572 0.294871807 0.266457677 0.328947365 0.254658371 0.174418598 0.202380955 0.239263803 0.239263803 0.311688304 0.239263803 0.000000000 0.150997147 0.195266277 0.274447948
0.231404960 0.099630997 0.128787875 0.079710148 0.221311480 0.116104871 0.095588237 0.091575094 0.146153852 0.027586207 0.053003535 0.056737587 0.075812273 0.087591238 0.182539687 0.201612905 0.150579154 0.068100356 0.107806690 0.027586207 0.150579154 0.120300755 0.187251002 0.107806690 0.024054984 0.053003535 0.091575094 0.091575094 0.168627456 0.091575094 0.150997147 0.000000000 0.045614034 0.128787875
0.187772930 0.054263566 0.083665341 0.034220532 0.177489176 0.070866145 0.050193049 0.046153847 0.101214573 0.018050542 0.007407407 0.011152416 0.030303031 0.042145595 0.138075307 0.157446802 0.105691060 0.022556391 0.062500000 0.018050542 0.105691060 0.075098813 0.142857149 0.062500000 0.021582734 0.007407407 0.046153847 0.046153847 0.123966940 0.046153847 0.195266277 0.045614034 0.000000000 0.083665341
0.105769232 0.029535865 0.000000000 0.049586777 0.095238097 0.012875536 0.033613447 0.037656903 0.017699115 0.101562500 0.076305218 0.072580643 0.053497944 0.041666668 0.055045873 0.074766353 0.022222223 0.061224490 0.021276595 0.101562500 0.022222223 0.008620690 0.059907835 0.021276595 0.105058365 0.076305218 0.037656903 0.037656903 0.040723983 0.037656903 0.274447948 0.128787875 0.083665341 0.000000000
