0.019856039 0.050084628 0.019982172 0.073486224 0.024512051 0.038218826 0.033092417 0.037334301 0.041525312 0.056079023 0.045880891 0.071603462 0.047355048 0.047164269 0.029935561 0.023919044 0.028183591 0.057190910 0.034381509 0.062049419 0.025802031 0.043205813 0.024102382 0.036275946 0.048829518 0.051562011 0.039356984 0.034188777 0.023767572 0.044710100 0.077777222 0.065686576 0.041346051 0.025160719
0.050084628 -0.055076342 0.014236224 0.054619480 0.019441608 0.020172833 0.018840389 0.017742669 0.031559352 0.035482220 0.022054933 0.042792000 0.025051743 0.018632686 0.041606221 0.030951992 0.018805973 0.027171383 0.018589027 0.042242676 0.020717166 0.016114531 0.034809012 0.017609090 0.005296587 0.022000574 0.024130769 0.015799414 0.030237254 0.027970485 0.069679558 0.031994134 0.021788675 0.026027273
0.019982172 0.014236224 -0.001278273 0.045365710 0.008752362 0.007488046 -0.000201145 0.003504221 0.004514259 0.029586447 0.011110500 0.037321702 0.014721357 0.011500176 0.027551591 0.016005579 -0.001175674 0.025876816 0.008651587 0.021397661 0.003222278 0.007075684 0.012257750 0.001240794 0.019864382 0.021995004 0.002120187 0.005017214 0.011190558 0.009432003 0.050790746 0.041102365 0.021490145 0.008271616
0.073486224 0.054619480 0.045365710 0.020607632 0.046286870 0.038590971 0.036088239 0.034575988 0.048225310 0.014943046 0.033792600 0.039501309 0.029048469 0.036549717 0.075700797 0.082563072 0.054937534 0.028902655 0.041991755 0.041725293 0.053443447 0.037694734 0.068317190 0.035732985 0.041696802 0.031074392 0.046679288 0.043352764 0.066778205 0.038800932 0.042722300 0.032380328 0.052897699 0.056249797
0.024512051 0.019441608 0.008752362 0.046286870 -0.005431213 0.016510643 0.009522090 0.015804559 0.018495847 0.031806014 0.020560738 0.035559680 0.022215314 0.016375119 0.027938208 0.025971975 0.010225132 0.024925986 0.015984558 0.027009370 0.010258808 0.020847514 0.017901465 0.015213434 0.025663555 0.025062459 0.013374118 0.011418568 0.015292962 0.012782944 0.053409401 0.046888500 0.025903746 0.019522522
0.038218826 0.020172833 0.007488046 0.038590971 0.016510643 -0.019516718 0.003119680 0.005323768 0.005960335 0.023306089 0.010002727 0.032333106 0.008917489 0.011233472 0.040400401 0.033171069 0.009478829 0.020890426 0.007127713 0.020945668 0.004797306 0.009053260 0.025698453 0.006708039 0.023656506 0.019631017 0.006830485 0.002827622 0.023421112 0.006359787 0.050624322 0.034546275 0.026940303 0.018834639
0.033092417 0.018840389 -0.000201145 0.036088239 0.009522090 0.003119680 -0.012932844 -0.002252988 0.002467450 0.021160744 0.002299624 0.024748255 0.006882869 0.001817135 0.035270065 0.029139692 0.006695798 0.018549161 0.008450920 0.008152165 0.004899593 0.004161022 0.021793103 -0.002699872 0.021080950 0.011044602 -0.001838588 0.000563364 0.016944930 -0.004865294 0.047541365 0.034800470 0.022359354 0.015031725
0.037334301 0.017742669 0.003504221 0.034575988 0.015804559 0.005323768 -0.002252988 -0.003076252 0.006486900 0.017607303 0.004829650 0.026529081 0.001544922 0.001594972 0.039771769 0.034035373 0.012637410 0.014797162 0.006862829 0.012358831 0.008694997 0.006788420 0.028620306 0.000899889 0.011804620 0.010895323 -0.000065159 0.005643316 0.023159629 0.003141363 0.041836955 0.029123068 0.029319683 0.020953089
0.041525312 0.031559352 0.004514259 0.048225310 0.018495847 0.005960335 0.002467450 0.006486900 -0.001526387 0.030029656 0.009981550 0.029670483 0.015785325 0.005511879 0.044365395 0.027045365 0.007232774 0.026866337 0.009831447 0.018842269 0.009904329 -0.004852448 0.015501776 0.002264180 0.029758880 0.013199432 -0.000024110 -0.001745988 0.018676326 -0.002217915 0.065229215 0.039934248 0.028086847 0.017650656
0.056079023 0.035482220 0.029586447 0.014943046 0.031806014 0.023306089 0.021160744 0.017607303 0.030029656 0.005857936 0.013433238 0.017090237 0.008430508 0.019544106 0.057065573 0.061314560 0.037474036 0.010149437 0.025269452 0.013913333 0.037097193 0.020247055 0.050105862 0.022371562 0.024416327 0.008351625 0.028779909 0.028104704 0.047220450 0.022342430 0.025322037 0.015611487 0.031798415 0.038487241
0.045880891 0.022054933 0.011110500 0.033792600 0.020560738 0.010002727 0.002299624 0.004829650 0.009981550 0.013433238 -0.012966613 0.026017016 0.003819777 0.007348963 0.046840090 0.043789621 0.016173217 0.011301961 0.007099370 0.015016844 0.014363002 0.007797451 0.033667263 0.004137156 0.022445744 0.004722504 0.004836636 0.003805301 0.030630743 0.000049004 0.045930080 0.020207508 0.022502944 0.024166185
0.071603462 0.042792000 0.037321702 0.039501309 0.035559680 0.032333106 0.024748255 0.026529081 0.029670483 0.017090237 0.026017016 0.015394218 0.026719438 0.022683265 0.073451884 0.067352310 0.044527948 0.019202406 0.031790961 0.025538523 0.038677432 0.028228890 0.055277064 0.026431832 0.032832369 0.016352164 0.031855661 0.031777706 0.055755619 0.029257540 0.064707324 0.039448731 0.046342924 0.048131842
0.047355048 0.025051743 0.014721357 0.029048469 0.022215314 0.008917489 0.006882869 0.001544922 0.015785325 0.008430508 0.003819777 0.026719438 -0.012559000 0.007441382 0.050618406 0.050122913 0.018799581 0.016503274 0.011800179 0.014627862 0.019197833 0.006253546 0.037357554 0.005436430 0.016783284 0.005526456 0.004552480 0.010116599 0.034860380 0.003468048 0.039063681 0.017904526 0.029226299 0.026638985
0.047164269 0.018632686 0.011500176 0.036549717 0.016375119 0.011233472 0.001817135 0.001594972 0.005511879 0.019544106 0.007348963 0.022683265 0.007441382 -0.009914845 0.046057031 0.044679075 0.015476165 0.010814346 0.006522965 0.012593450 0.007365009 0.007926254 0.032134879 0.005742330 0.014442965 0.009030169 0.004790167 0.006570851 0.029009316 0.007144228 0.052847382 0.034051947 0.030950483 0.024976838
0.029935561 0.041606221 0.027551591 0.075700797 0.027938208 0.040400401 0.035270065 0.039771769 0.044365395 0.057065573 0.046840090 0.073451884 0.050618406 0.046057031 0.013550473 0.016744444 0.028820613 0.057917662 0.030670347 0.062367260 0.030476615 0.041824162 0.032231599 0.037103053 0.041718956 0.054968536 0.043732598 0.030080503 0.027030207 0.042985871 0.071081452 0.068992615 0.041214168 0.029437184
0.023919044 0.030951992 0.016005579 0.082563072 0.025971975 0.033171069 0.029139692 0.034035373 0.027045365 0.061314560 0.043789621 0.067352310 0.050122913 0.044679075 0.016744444 -0.008913063 0.017122343 0.061464332 0.025371455 0.053809732 0.017160989 0.032205984 0.008078137 0.029350048 0.037868932 0.056495305 0.028798532 0.024734862 0.011486441 0.038073491 0.079209052 0.084912136 0.035452653 0.014275745
0.028183591 0.018805973 -0.001175674 0.054937534 0.010225132 0.009478829 0.006695798 0.012637410 0.007232774 0.037474036 0.016173217 0.044527948 0.018799581 0.015476165 0.028820613 0.017122343 -0.014620161 0.029446591 0.008606030 0.029034834 0.004545628 0.011960438 0.011198886 0.005047998 0.023966063 0.025241984 0.004857833 0.004535828 0.008867564 0.011114700 0.065863639 0.045391910 0.016205341 0.016290862
0.057190910 0.027171383 0.025876816 0.028902655 0.024925986 0.020890426 0.018549161 0.014797162 0.026866337 0.010149437 0.011301961 0.019202406 0.016503274 0.010814346 0.057917662 0.061464332 0.029446591 -0.004334431 0.020500571 0.026327811 0.032792524 0.017461564 0.050282475 0.019661682 0.029452341 0.010368587 0.019844085 0.021664632 0.043188240 0.013772760 0.038532704 0.019526763 0.029566443 0.032675683
0.034381509 0.018589027 0.008651587 0.041991755 0.015984558 0.007127713 0.008450920 0.006862829 0.009831447 0.025269452 0.007099370 0.031790961 0.011800179 0.006522965 0.030670347 0.025371455 0.008606030 0.020500571 -0.012200847 0.022762567 0.008897787 0.007534212 0.020086382 0.010388478 0.019894991 0.015419584 0.009167343 0.007042868 0.013633334 0.009110353 0.052255429 0.033243023 0.020558286 0.011811459
0.062049419 0.042242676 0.021397661 0.041725293 0.027009370 0.020945668 0.008152165 0.012358831 0.018842269 0.013913333 0.015016844 0.025538523 0.014627862 0.012593450 0.062367260 0.053809732 0.029034834 0.026327811 0.022762567 0.002575817 0.027088337 0.015672650 0.044017632 0.015129965 0.024489870 0.015784934 0.015327920 0.018814124 0.043235641 0.014572072 0.057576977 0.042743735 0.045662545 0.037782125
0.025802031 0.020717166 0.003222278 0.053443447 0.010258808 0.004797306 0.004899593 0.008694997 0.009904329 0.037097193 0.014363002 0.038677432 0.019197833 0.007365009 0.030476615 0.017160989 0.004545628 0.032792524 0.008897787 0.027088337 0.000393206 0.007692832 0.009734446 0.004706723 0.028732631 0.024540689 0.004582198 0.005862853 0.008818191 0.009973660 0.058517598 0.040389869 0.015245766 0.010101402
0.043205813 0.016114531 0.007075684 0.037694734 0.020847514 0.009053260 0.004161022 0.006788420 -0.004852448 0.020247055 0.007797451 0.028228890 0.006253546 0.007926254 0.041824162 0.032205984 0.011960438 0.017461564 0.007534212 0.015672650 0.007692832 -0.030920722 0.020197995 -0.002947800 0.020780753 0.006771251 0.009300436 0.005510362 0.020645145 0.008265512 0.059155650 0.026686516 0.017059874 0.017004129
0.024102382 0.034809012 0.012257750 0.068317190 0.017901465 0.025698453 0.021793103 0.028620306 0.015501776 0.050105862 0.033667263 0.055277064 0.037357554 0.032134879 0.032231599 0.008078137 0.011198886 0.050282475 0.020086382 0.044017632 0.009734446 0.020197995 -0.005965538 0.021274358 0.033172578 0.042940434 0.024153467 0.015972607 0.013910577 0.028355028 0.077214278 0.066551648 0.021560833 0.015225470
0.036275946 0.017609090 0.001240794 0.035732985 0.015213434 0.006708039 -0.002699872 0.000899889 0.002264180 0.022371562 0.004137156 0.026431832 0.005436430 0.005742330 0.037103053 0.029350048 0.005047998 0.019661682 0.010388478 0.015129965 0.004706723 -0.002947800 0.021274358 -0.002831946 0.019334206 0.010448784 -0.001862968 -0.000299513 0.017086364 -0.001235355 0.047655050 0.032593083 0.018210987 0.016338492
0.048829518 0.005296587 0.019864382 0.041696802 0.025663555 0.023656506 0.021080950 0.011804620 0.029758880 0.024416327 0.022445744 0.032832369 0.016783284 0.014442965 0.041718956 0.037868932 0.023966063 0.029452341 0.019894991 0.024489870 0.028732631 0.020780753 0.033172578 0.019334206 -0.017449131 0.019056700 0.017322147 0.014712576 0.039476003 0.019155851 0.052585311 0.039309964 0.032216415 0.030133892
0.051562011 0.022000574 0.021995004 0.031074392 0.025062459 0.019631017 0.011044602 0.010895323 0.013199432 0.008351625 0.004722504 0.016352164 0.005526456 0.009030169 0.054968536 0.056495305 0.025241984 0.010368587 0.015419584 0.015784934 0.024540689 0.006771251 0.042940434 0.010448784 0.019056700 -0.003819764 0.013767559 0.015471579 0.037334621 0.007626256 0.048133183 0.025228182 0.026520632 0.030195247
0.039356984 0.024130769 0.002120187 0.046679288 0.013374118 0.006830485 -0.001838588 -0.000065159 -0.000024110 0.028779909 0.004836636 0.031855661 0.004552480 0.004790167 0.043732598 0.028798532 0.004857833 0.019844085 0.009167343 0.015327920 0.004582198 0.009300436 0.024153467 -0.001862968 0.017322147 0.013767559 -0.008352406 0.001563492 0.021269493 -0.000032349 0.058611266 0.047591537 0.029590882 0.016177291
0.034188777 0.015799414 0.005017214 0.043352764 0.011418568 0.002827622 0.000563364 0.005643316 -0.001745988 0.028104704 0.003805301 0.031777706 0.010116599 0.006570851 0.030080503 0.024734862 0.004535828 0.021664632 0.007042868 0.018814124 0.005862853 0.005510362 0.015972607 -0.000299513 0.014712576 0.015471579 0.001563492 -0.008071624 0.014361985 0.002561311 0.053130787 0.035306111 0.013746733 0.012015222
0.023767572 0.030237254 0.011190558 0.066778205 0.015292962 0.023421112 0.016944930 0.023159629 0.018676326 0.047220450 0.030630743 0.055755619 0.034860380 0.029009316 0.027030207 0.011486441 0.008867564 0.043188240 0.013633334 0.043235641 0.008818191 0.020645145 0.013910577 0.017086364 0.039476003 0.037334621 0.021269493 0.014361985 0.000622405 0.023729105 0.071965456 0.059430208 0.025551625 0.015733218
0.044710100 0.027970485 0.009432003 0.038800932 0.012782944 0.006359787 -0.004865294 0.003141363 -0.002217915 0.022342430 0.000049004 0.029257540 0.003468048 0.007144228 0.042985871 0.038073491 0.011114700 0.013772760 0.009110353 0.014572072 0.009973660 0.008265512 0.028355028 -0.001235355 0.019155851 0.007626256 -0.000032349 0.002561311 0.023729105 -0.019667221 0.058795694 0.039913554 0.025994515 0.019849138
0.077777222 0.069679558 0.050790746 0.042722300 0.053409401 0.050624322 0.047541365 0.041836955 0.065229215 0.025322037 0.045930080 0.064707324 0.039063681 0.052847382 0.071081452 0.079209052 0.065863639 0.038532704 0.052255429 0.057576977 0.058517598 0.059155650 0.077214278 0.047655050 0.052585311 0.048133183 0.058611266 0.053130787 0.071965456 0.058795694 0.006673295 0.050905719 0.071367815 0.054609787
0.065686576 0.031994134 0.041102365 0.032380328 0.046888500 0.034546275 0.034800470 0.029123068 0.039934248 0.015611487 0.020207508 0.039448731 0.017904526 0.034051947 0.068992615 0.084912136 0.045391910 0.019526763 0.033243023 0.042743735 0.040389869 0.026686516 0.066551648 0.032593083 0.039309964 0.025228182 0.047591537 0.035306111 0.059430208 0.039913554 0.050905719 0.006850742 0.044159673 0.050545085
0.041346051 0.021788675 0.021490145 0.052897699 0.025903746 0.026940303 0.022359354 0.029319683 0.028086847 0.031798415 0.022502944 0.046342924 0.029226299 0.030950483 0.041214168 0.035452653 0.016205341 0.029566443 0.020558286 0.045662545 0.015245766 0.017059874 0.021560833 0.018210987 0.032216415 0.026520632 0.029590882 0.013746733 0.025551625 0.025994515 0.071367815 0.044159673 -0.024018388 0.027043469
0.025160719 0.026027273 0.008271616 0.056249797 0.019522522 0.018834639 0.015031725 0.020953089 0.017650656 0.038487241 0.024166185 0.048131842 0.026638985 0.024976838 0.029437184 0.014275745 0.016290862 0.032675683 0.011811459 0.037782125 0.010101402 0.017004129 0.015225470 0.016338492 0.030133892 0.030195247 0.016177291 0.012015222 0.015733218 0.019849138 0.054609787 0.050545085 0.027043469 0.002229298
