0.016845824 0.052046977 0.023810275 0.068947464 0.026903460 0.040169224 0.034562856 0.037686534 0.039823942 0.058870412 0.046698716 0.055726804 0.048306741 0.038153842 0.036482610 0.024789132 0.028958768 0.053320400 0.034459125 0.062894061 0.030080369 0.044701051 0.025763659 0.036679827 0.047365755 0.056257427 0.041526563 0.035411015 0.026089178 0.042000376 0.080742128 0.067624144 0.038139194 0.019814823
0.052046977 -0.055338532 0.014453589 0.049185164 0.021828901 0.025251409 0.019681536 0.019063670 0.030679781 0.035093129 0.026206836 0.032008160 0.025682651 0.018625781 0.049888186 0.034409165 0.020260181 0.026253520 0.021032104 0.041654084 0.021038348 0.019402800 0.039456278 0.019342547 0.005075736 0.021391727 0.024215998 0.017899442 0.034514945 0.028926339 0.070304044 0.028353548 0.026270431 0.024346163
0.023810275 0.014453589 -0.001270205 0.040608741 0.011093718 0.011185872 -0.000422268 0.003705983 0.004378212 0.026988989 0.012404967 0.027302114 0.015663447 0.008598792 0.029986234 0.017289476 0.003699184 0.022310460 0.009036212 0.021032602 0.002544626 0.009498892 0.014139927 0.001333687 0.016871357 0.019880101 0.003654743 0.005555636 0.014305692 0.008087005 0.055990323 0.031204510 0.020281836 0.005688772
0.068947464 0.049185164 0.040608741 0.009716224 0.040990304 0.039102636 0.033079829 0.029805709 0.042819384 0.010877077 0.031262934 0.022975290 0.022722926 0.028413571 0.074981235 0.080952741 0.049187005 0.018936347 0.039204672 0.034292676 0.049284544 0.038403872 0.071082100 0.032914758 0.035112444 0.027960736 0.042435117 0.043228533 0.065167658 0.035134561 0.037526149 0.019982273 0.053286616 0.045399368
0.026903460 0.021828901 0.011093718 0.040990304 0.001768804 0.020451095 0.010557106 0.016145445 0.020915952 0.032871906 0.020433396 0.028398745 0.022113681 0.014364760 0.031969659 0.027839821 0.011685137 0.022645853 0.017347125 0.030128531 0.014176594 0.024021436 0.025010502 0.015825149 0.021519203 0.027055910 0.014244873 0.014557116 0.020167349 0.010323679 0.053173028 0.038154010 0.026887106 0.014217185
0.040169224 0.025251409 0.011185872 0.039102636 0.020451095 -0.014544129 0.005592917 0.006574493 0.010201035 0.027751332 0.012735482 0.029716406 0.011016352 0.009387560 0.043925446 0.036315545 0.011392498 0.022709571 0.011997655 0.028744694 0.012755350 0.014623199 0.031064253 0.009150337 0.020386141 0.025700174 0.008167142 0.009121252 0.028030939 0.006070299 0.052270487 0.032857250 0.031032296 0.015838560
0.034562856 0.019681536 -0.000422268 0.033079829 0.010557106 0.005592917 -0.013915204 -0.003235692 0.002445250 0.020622421 0.001202062 0.020590793 0.005764333 0.001738488 0.034543633 0.030033676 0.006985068 0.015571831 0.009503271 0.007651099 0.004310149 0.006369296 0.024344601 -0.003421040 0.017725114 0.010135202 -0.002345554 0.001723072 0.019723844 -0.006603641 0.050183721 0.027150540 0.022271594 0.012566418
0.037686534 0.019063670 0.003705983 0.029805709 0.016145445 0.006574493 -0.003235692 -0.002806978 0.007131652 0.016967949 0.003398672 0.019017998 -0.000224507 -0.000743490 0.038653042 0.033692084 0.012192077 0.012983821 0.007906194 0.011242260 0.009789225 0.007838393 0.029719489 0.000928037 0.008507947 0.010710960 0.000207721 0.005752139 0.024349485 0.000124669 0.041319747 0.022224005 0.026785688 0.016233755
0.039823942 0.030679781 0.004378212 0.042819384 0.020915952 0.010201035 0.002445250 0.007131652 -0.001580395 0.030048005 0.005509828 0.025699895 0.011045193 0.007785032 0.042840227 0.027586007 0.005352451 0.022142394 0.010682529 0.017616261 0.008778994 -0.002089962 0.019771950 0.002260400 0.027914036 0.013436622 0.000522087 0.000874638 0.020022834 -0.002879120 0.064473428 0.037175789 0.028334305 0.014984515
0.058870412 0.035093129 0.026988989 0.010877077 0.032871906 0.027751332 0.020622421 0.016967949 0.030048005 0.006682117 0.015555440 0.008806647 0.007902002 0.017323734 0.063765541 0.064895317 0.037475009 0.005305353 0.027100295 0.013739437 0.035732202 0.024375437 0.057518110 0.023224354 0.021571465 0.006718368 0.027679469 0.031573802 0.053680845 0.023065316 0.026643693 0.008297488 0.038983122 0.035914961
0.046698716 0.026206836 0.012404967 0.031262934 0.020433396 0.012735482 0.001202062 0.003398672 0.005509828 0.015555440 -0.014777894 0.016732886 0.001240023 0.001192740 0.050688900 0.045233477 0.016723515 0.005274502 0.008104696 0.014665995 0.015830101 0.010478655 0.038174201 0.002312210 0.018887371 0.008137104 0.004357564 0.006662968 0.033789679 -0.001326298 0.049619660 0.018632520 0.024694890 0.019385964
0.055726804 0.032008160 0.027302114 0.022975290 0.028398745 0.029716406 0.020590793 0.019017998 0.025699895 0.008806647 0.016732886 0.006160803 0.013703585 0.016819464 0.060196001 0.060300183 0.033975314 0.010034021 0.026373293 0.013583478 0.031704158 0.021646436 0.051861774 0.022239473 0.027042292 0.009289401 0.023972392 0.027029071 0.046383679 0.020553727 0.045378398 0.020012546 0.039694019 0.033308432
0.048306741 0.025682651 0.015663447 0.022722926 0.022113681 0.011016352 0.005764333 -0.000224507 0.011045193 0.007902002 0.001240023 0.013703585 -0.016249519 0.002925738 0.051419482 0.050746985 0.017747503 0.008725079 0.011195090 0.010723412 0.019070301 0.007499424 0.040173963 0.003621992 0.011330910 0.005907724 0.004122071 0.011611948 0.037584361 0.001330776 0.040416680 0.013403040 0.027974572 0.022730518
0.038153842 0.018625781 0.008598792 0.028413571 0.014364760 0.009387560 0.001738488 -0.000743490 0.007785032 0.017323734 0.001192740 0.016819464 0.002925738 -0.011819888 0.038644768 0.040569626 0.010666769 0.009545228 0.006219322 0.011700528 0.009825027 0.007986324 0.030793982 0.005571376 0.013365490 0.008460797 0.001493354 0.006375283 0.024306826 -0.000332628 0.041712895 0.017706048 0.025747551 0.014809359
0.036482610 0.049888186 0.029986234 0.074981235 0.031969659 0.043925446 0.034543633 0.038653042 0.042840227 0.063765541 0.050688900 0.060196001 0.051419482 0.038644768 0.028582279 0.020674881 0.032571301 0.058026001 0.033568636 0.063410297 0.033559602 0.049771070 0.039197206 0.037331708 0.039829478 0.064053632 0.042793233 0.033936281 0.035697836 0.045290507 0.081367917 0.073553070 0.052874550 0.024194919
0.024789132 0.034409165 0.017289476 0.080952741 0.027839821 0.036315545 0.030033676 0.033692084 0.027586007 0.064895317 0.045233477 0.060300183 0.050746985 0.040569626 0.020674881 -0.007473368 0.018052673 0.061204299 0.028274486 0.056150183 0.019820247 0.036107078 0.012324974 0.030021602 0.037259609 0.060972858 0.028608827 0.028170710 0.014991136 0.037444871 0.080701180 0.085287586 0.038659334 0.009565140
0.028958768 0.020260181 0.003699184 0.049187005 0.011685137 0.011392498 0.006985068 0.012192077 0.005352451 0.037475009 0.016723515 0.033975314 0.017747503 0.010666769 0.032571301 0.018052673 -0.013787762 0.027748860 0.009915759 0.028038867 0.006150764 0.013028309 0.013315223 0.005451093 0.023264628 0.026088715 0.005140130 0.005358993 0.011005331 0.009203810 0.065297209 0.041092359 0.014110275 0.011198599
0.053320400 0.026253520 0.022310460 0.018936347 0.022645853 0.022709571 0.015571831 0.012983821 0.022142394 0.005305353 0.005274502 0.010034021 0.008725079 0.009545228 0.058026001 0.061204299 0.027748860 -0.012278639 0.020134825 0.015147565 0.026972104 0.017083935 0.052655313 0.016887084 0.023415862 0.006331377 0.017135656 0.019960426 0.043250207 0.011782423 0.037885323 0.011352891 0.029522134 0.026910765
0.034459125 0.021032104 0.009036212 0.039204672 0.017347125 0.011997655 0.009503271 0.007906194 0.010682529 0.027100295 0.008104696 0.026373293 0.011195090 0.006219322 0.033568636 0.028274486 0.009915759 0.020134825 -0.008919083 0.023793709 0.009920608 0.011182069 0.024960034 0.011892265 0.020330554 0.017344909 0.009374248 0.009896781 0.017203648 0.009570497 0.053009067 0.031209603 0.025191586 0.009784658
0.062894061 0.041654084 0.021032602 0.034292676 0.030128531 0.028744694 0.007651099 0.011242260 0.017616261 0.013739437 0.014665995 0.013583478 0.010723412 0.011700528 0.063410297 0.056150183 0.028038867 0.015147565 0.023793709 0.002561675 0.026570667 0.022661559 0.054946553 0.014801583 0.015128287 0.014814878 0.016185734 0.025512982 0.048210144 0.015050484 0.061646558 0.030905355 0.050569125 0.032241300
0.030080369 0.021038348 0.002544626 0.049284544 0.014176594 0.012755350 0.004310149 0.009789225 0.008778994 0.035732202 0.015830101 0.031704158 0.019070301 0.009825027 0.033559602 0.019820247 0.006150764 0.026972104 0.009920608 0.026570667 -0.003247256 0.011990167 0.015698891 0.004607865 0.024131551 0.022644376 0.006620660 0.008300275 0.015382091 0.011352015 0.065952912 0.036328536 0.018427420 0.010227666
0.044701051 0.019402800 0.009498892 0.038403872 0.024021436 0.014623199 0.006369296 0.007838393 -0.002089962 0.024375437 0.010478655 0.021646436 0.007499424 0.007986324 0.049771070 0.036107078 0.013028309 0.017083935 0.011182069 0.022661559 0.011990167 -0.024843581 0.026360143 -0.000123738 0.022860248 0.011904906 0.009920515 0.011368247 0.025058135 0.009557616 0.060824059 0.024862137 0.023332927 0.015762083
0.025763659 0.039456278 0.014139927 0.071082100 0.025010502 0.031064253 0.024344601 0.029719489 0.019771950 0.057518110 0.038174201 0.051861774 0.040173963 0.030793982 0.039197206 0.012324974 0.013315223 0.052655313 0.024960034 0.054946553 0.015698891 0.026360143 0.001218066 0.024259519 0.037044987 0.051250197 0.024491671 0.022611652 0.019659379 0.029729009 0.078455061 0.072709084 0.030785862 0.014583966
0.036679827 0.019342547 0.001333687 0.032914758 0.015825149 0.009150337 -0.003421040 0.000928037 0.002260400 0.023224354 0.002312210 0.022239473 0.003621992 0.005571376 0.037331708 0.030021602 0.005451093 0.016887084 0.011892265 0.014801583 0.004607865 -0.000123738 0.024259519 -0.002735017 0.016126614 0.011016360 -0.001658487 0.001773585 0.018840300 -0.002225723 0.049885742 0.027670164 0.019238688 0.013213544
0.047365755 0.005075736 0.016871357 0.035112444 0.021519203 0.020386141 0.017725114 0.008507947 0.027914036 0.021571465 0.018887371 0.027042292 0.011330910 0.013365490 0.039829478 0.037259609 0.023264628 0.023415862 0.020330554 0.015128287 0.024131551 0.022860248 0.037044987 0.016126614 -0.029832168 0.017842092 0.014798920 0.014929622 0.037674725 0.017601253 0.055289235 0.029890232 0.035666108 0.024351094
0.056257427 0.021391727 0.019880101 0.027960736 0.027055910 0.025700174 0.010135202 0.010710960 0.013436622 0.006718368 0.008137104 0.009289401 0.005907724 0.008460797 0.064053632 0.060972858 0.026088715 0.006331377 0.017344909 0.014814878 0.022644376 0.011904906 0.051250197 0.011016360 0.017842092 -0.007852327 0.013403032 0.018217474 0.044833742 0.009089527 0.052078675 0.019034732 0.034868762 0.028589766
0.041526563 0.024215998 0.003654743 0.042435117 0.014244873 0.008167142 -0.002345554 0.000207721 0.000522087 0.027679469 0.004357564 0.023972392 0.004122071 0.001493354 0.042793233 0.028608827 0.005140130 0.017135656 0.009374248 0.016185734 0.006620660 0.009920515 0.024491671 -0.001658487 0.014798920 0.013403032 -0.007924421 0.002034217 0.023649652 -0.003522068 0.059465852 0.038881272 0.024513703 0.012585026
0.035411015 0.017899442 0.005555636 0.043228533 0.014557116 0.009121252 0.001723072 0.005752139 0.000874638 0.031573802 0.006662968 0.027029071 0.011611948 0.006375283 0.033936281 0.028170710 0.005358993 0.019960426 0.009896781 0.025512982 0.008300275 0.011368247 0.022611652 0.001773585 0.014929622 0.018217474 0.002034217 -0.002698876 0.018876208 0.003793352 0.055491336 0.032178488 0.021506298 0.010203687
0.026089178 0.034514945 0.014305692 0.065167658 0.020167349 0.028030939 0.019723844 0.024349485 0.020022834 0.053680845 0.033789679 0.046383679 0.037584361 0.024306826 0.035697836 0.014991136 0.011005331 0.043250207 0.017203648 0.048210144 0.015382091 0.025058135 0.019659379 0.018840300 0.037674725 0.044833742 0.023649652 0.018876208 0.006024098 0.023313925 0.074800476 0.061593339 0.028629087 0.011195122
0.042000376 0.028926339 0.008087005 0.035134561 0.010323679 0.006070299 -0.006603641 0.000124669 -0.002879120 0.023065316 -0.001326298 0.020553727 0.001330776 -0.000332628 0.045290507 0.037444871 0.009203810 0.011782423 0.009570497 0.015050484 0.011352015 0.009557616 0.029729009 -0.002225723 0.017601253 0.009089527 -0.003522068 0.003793352 0.023313925 -0.023439109 0.055351026 0.033070758 0.027158322 0.012160840
0.080742128 0.070304044 0.055990323 0.037526149 0.053173028 0.052270487 0.050183721 0.041319747 0.064473428 0.026643693 0.049619660 0.045378398 0.040416680 0.041712895 0.081367917 0.080701180 0.065297209 0.037885323 0.053009067 0.061646558 0.065952912 0.060824059 0.078455061 0.049885742 0.055289235 0.052078675 0.059465852 0.055491336 0.074800476 0.055351026 0.002499487 0.050971918 0.068090081 0.047150712
0.067624144 0.028353548 0.031204510 0.019982273 0.038154010 0.032857250 0.027150540 0.022224005 0.037175789 0.008297488 0.018632520 0.020012546 0.013403040 0.017706048 0.073553070 0.085287586 0.041092359 0.011352891 0.031209603 0.030905355 0.036328536 0.024862137 0.072709084 0.027670164 0.029890232 0.019034732 0.038881272 0.032178488 0.061593339 0.033070758 0.050971918 -0.015322462 0.052149594 0.038077485
0.038139194 0.026270431 0.020281836 0.053286616 0.026887106 0.031032296 0.022271594 0.026785688 0.028334305 0.038983122 0.024694890 0.039694019 0.027974572 0.025747551 0.052874550 0.038659334 0.014110275 0.029522134 0.025191586 0.050569125 0.018427420 0.023332927 0.030785862 0.019238688 0.035666108 0.034868762 0.024513703 0.021506298 0.028629087 0.027158322 0.068090081 0.052149594 -0.008316919 0.020479539
0.019814823 0.024346163 0.005688772 0.045399368 0.014217185 0.015838560 0.012566418 0.016233755 0.014984515 0.035914961 0.019385964 0.033308432 0.022730518 0.014809359 0.024194919 0.009565140 0.011198599 0.026910765 0.009784658 0.032241300 0.010227666 0.015762083 0.014583966 0.013213544 0.024351094 0.028589766 0.012585026 0.010203687 0.011195122 0.012160840 0.047150712 0.038077485 0.020479539 -0.009036029
