0.015085073 0.050889604 0.019673513 0.075689286 0.018419150 0.034402937 0.033101607 0.036939204 0.042164557 0.056261025 0.046203785 0.068006679 0.047028005 0.040894225 0.034574389 0.020830046 0.027577693 0.060169976 0.037104890 0.059622727 0.027412370 0.044938631 0.019770237 0.038335703 0.050052099 0.046902567 0.039421581 0.033055626 0.018986449 0.045363255 0.075664118 0.061080094 0.042950220 0.023741869
0.050889604 -0.047470056 0.016885139 0.063106753 0.021831453 0.020340290 0.021972993 0.019261852 0.034894682 0.041398272 0.026431236 0.050176512 0.028227080 0.024466395 0.050419547 0.031783689 0.021905515 0.036165413 0.026126131 0.047792867 0.024700262 0.022795653 0.038156249 0.021322349 0.010026237 0.025318673 0.026133455 0.021359190 0.033210024 0.033223718 0.073181570 0.037441246 0.027937587 0.029764289
0.019673513 0.016885139 -0.001319780 0.044362620 0.006410833 0.004065190 -0.000281363 0.003558143 0.004806054 0.029099362 0.010938965 0.038362831 0.015116604 0.013042729 0.028184172 0.012821537 0.000039471 0.030347504 0.012808212 0.020838507 0.003208202 0.009268968 0.009295860 0.001261490 0.020742226 0.019992169 0.001980653 0.005170636 0.009213792 0.010835127 0.049486607 0.040183358 0.019417647 0.009271908
0.075689286 0.063106753 0.044362620 0.019126270 0.044137985 0.030712498 0.034894627 0.032320473 0.048554666 0.013980618 0.037141930 0.039213829 0.032984283 0.032413967 0.087368220 0.070138767 0.056723714 0.045452788 0.054393072 0.037485704 0.052720685 0.039616916 0.061849661 0.035050809 0.046651922 0.025131917 0.045224965 0.040080547 0.068387441 0.037701301 0.041714184 0.032952424 0.049695671 0.055246618
0.018419150 0.021831453 0.006410833 0.044137985 -0.016197708 0.010914311 0.009478459 0.015496138 0.018667430 0.031332843 0.019090908 0.038245462 0.021827886 0.021167919 0.025727820 0.018935228 0.006944895 0.030678920 0.017881669 0.026625589 0.010204623 0.021796286 0.010855531 0.014417700 0.028066657 0.023108043 0.012785816 0.011427565 0.009266324 0.012053411 0.046872396 0.048010036 0.017936591 0.018781157
0.034402937 0.020340290 0.004065190 0.030712498 0.010914311 -0.028317163 0.000301428 0.001041036 0.001538142 0.019712899 0.006982219 0.028480444 0.006391959 0.009397973 0.037313923 0.025026377 0.005642683 0.024217483 0.007009088 0.011619762 -0.000409502 0.008365186 0.021307684 0.003338568 0.024520332 0.015876494 0.002928222 -0.000489375 0.018657459 0.003849515 0.045744069 0.029581700 0.018572690 0.016393563
0.033101607 0.021972993 -0.000281363 0.034894627 0.009478459 0.000301428 -0.013182685 -0.002705610 0.002481044 0.021473765 0.003702323 0.027559141 0.008007019 0.006057104 0.035364639 0.025364920 0.007500889 0.022508137 0.012694014 0.007732146 0.004276944 0.007026348 0.020258948 -0.002346536 0.021387640 0.010305260 -0.002221775 0.001736539 0.016479811 -0.002640379 0.046604402 0.035902984 0.021063305 0.016406447
0.036939204 0.019261852 0.003558143 0.032320473 0.015496138 0.001041036 -0.002705610 -0.002450576 0.007153883 0.016721567 0.006111172 0.026660088 0.002353296 0.003867691 0.039138902 0.029589988 0.012178864 0.019513760 0.009445130 0.012331553 0.009489004 0.007848889 0.024747718 0.001205151 0.014023202 0.009135068 0.000006149 0.005061749 0.022229906 0.003226548 0.037649419 0.028086649 0.024530560 0.021615447
0.042164557 0.034894682 0.004806054 0.048554666 0.018667430 0.001538142 0.002481044 0.007153883 -0.001467140 0.030519795 0.010353368 0.033266425 0.017755505 0.007578126 0.044904105 0.022805482 0.008077154 0.031502731 0.016390294 0.019942835 0.010610498 -0.002000012 0.010768418 0.002817580 0.029971659 0.010648517 -0.000387103 -0.001639460 0.018497158 -0.000499991 0.062641568 0.041224945 0.027018465 0.017978044
0.056261025 0.041398272 0.029099362 0.013980618 0.031332843 0.019712899 0.021473765 0.016721567 0.030519795 0.003561532 0.019906627 0.017728020 0.012865044 0.018887479 0.063069731 0.052174360 0.038551219 0.021522261 0.034021467 0.012500422 0.036485184 0.022278249 0.047605373 0.021609254 0.028921312 0.005303720 0.028562628 0.027619511 0.048254542 0.022896649 0.023686100 0.016476460 0.029372148 0.038708150
0.046203785 0.026431236 0.010938965 0.037141930 0.019090908 0.006982219 0.003702323 0.006111172 0.010353368 0.019906627 -0.006632291 0.030526439 0.006684982 0.011457762 0.052954756 0.042795837 0.017180718 0.017309224 0.012273308 0.014140271 0.013960319 0.015959878 0.034774385 0.007563562 0.022315666 0.005096957 0.006643886 0.009359061 0.031772621 0.007075554 0.051460315 0.024098327 0.027071152 0.026400521
0.068006679 0.050176512 0.038362831 0.039213829 0.038245462 0.028480444 0.027559141 0.026660088 0.033266425 0.017728020 0.030526439 0.019777436 0.030851156 0.023720386 0.079090923 0.054672599 0.045559801 0.036594003 0.043947183 0.027772564 0.041623421 0.029705469 0.050160605 0.027131770 0.040257916 0.016776212 0.032673933 0.031738058 0.054217033 0.029211927 0.059181109 0.041804157 0.038562585 0.047628131
0.047028005 0.028227080 0.015116604 0.032984283 0.021827886 0.006391959 0.008007019 0.002353296 0.017755505 0.012865044 0.006684982 0.030851156 -0.010583397 0.009133403 0.052822985 0.047278754 0.020041779 0.020576499 0.017059678 0.015922617 0.019771937 0.011835246 0.035415925 0.009003876 0.018258430 0.004381920 0.005305689 0.011872493 0.034203470 0.007275136 0.038331475 0.020069890 0.030963786 0.027259383
0.040894225 0.024466395 0.013042729 0.032413967 0.021167919 0.009397973 0.006057104 0.003867691 0.007578126 0.018887479 0.011457762 0.023720386 0.009133403 0.000899866 0.048202991 0.036659576 0.015597158 0.023840666 0.012101332 0.012138110 0.008964244 0.010656903 0.032023422 0.006759529 0.022097208 0.011265185 0.007734390 0.008510167 0.029005256 0.007654944 0.049524345 0.036884390 0.019912170 0.028385064
0.034574389 0.050419547 0.028184172 0.087368220 0.025727820 0.037313923 0.035364639 0.039138902 0.044904105 0.063069731 0.052954756 0.079090923 0.052822985 0.048202991 0.031050583 0.017430007 0.033596508 0.071296126 0.036433645 0.063110724 0.030575510 0.049975753 0.032196492 0.039185900 0.044552431 0.056808703 0.044584870 0.032026213 0.031258889 0.049431544 0.082500681 0.076505736 0.052687526 0.034636166
0.020830046 0.031783689 0.012821537 0.070138767 0.018935228 0.025026377 0.025364920 0.029589988 0.022805482 0.052174360 0.042795837 0.054672599 0.047278754 0.036659576 0.017430007 -0.018218072 0.016145512 0.066128343 0.028298268 0.036557987 0.011683781 0.028998263 -0.001820793 0.025594579 0.037323397 0.047423393 0.025662564 0.017439587 0.005212376 0.034739606 0.073815987 0.074183486 0.025829872 0.010457135
0.027577693 0.021905515 0.000039471 0.056723714 0.006944895 0.005642683 0.007500889 0.012178864 0.008077154 0.038551219 0.017180718 0.045559801 0.020041779 0.015597158 0.033596508 0.016145512 -0.014009681 0.035169963 0.012496142 0.029632365 0.005884605 0.014662990 0.009646842 0.008089686 0.026154738 0.023818567 0.005197155 0.005971059 0.009075017 0.012690308 0.064998232 0.044923320 0.016712498 0.017227896
0.060169976 0.036165413 0.030347504 0.045452788 0.030678920 0.024217483 0.022508137 0.019513760 0.031502731 0.021522261 0.017309224 0.036594003 0.020576499 0.023840666 0.071296126 0.066128343 0.035169963 0.003713906 0.029116606 0.040894397 0.038973317 0.028478138 0.057406336 0.024973676 0.033442918 0.017044775 0.024220770 0.031741604 0.049741678 0.023480371 0.047567729 0.033933923 0.044778988 0.041690283
0.037104890 0.026126131 0.012808212 0.054393072 0.017881669 0.007009088 0.012694014 0.009445130 0.016390294 0.034021467 0.012273308 0.043947183 0.017059678 0.012101332 0.036433645 0.028298268 0.012496142 0.029116606 -0.002585519 0.034523260 0.016545303 0.016607452 0.024176273 0.015651237 0.025124151 0.020379463 0.012098139 0.015467348 0.016827654 0.014895923 0.054735657 0.039280627 0.030024992 0.016308626
0.059622727 0.047792867 0.020838507 0.037485704 0.026625589 0.011619762 0.007732146 0.012331553 0.019942835 0.012500422 0.014140271 0.027772564 0.015922617 0.012138110 0.063110724 0.036557987 0.029632365 0.040894397 0.034523260 -0.000347580 0.026704276 0.016092036 0.030077983 0.014846155 0.029399063 0.010106394 0.013968687 0.014045984 0.040162880 0.012509558 0.048415571 0.041744605 0.034042686 0.034449950
0.027412370 0.024700262 0.003208202 0.052720685 0.010204623 -0.000409502 0.004276944 0.009489004 0.010610498 0.036485184 0.013960319 0.041623421 0.019771937 0.008964244 0.030575510 0.011683781 0.005884605 0.038973317 0.016545303 0.026704276 0.000395186 0.010002461 0.002178271 0.004662762 0.030664159 0.021219730 0.004378503 0.004619122 0.004275993 0.011296231 0.055215411 0.042419333 0.012046902 0.010317069
0.044938631 0.022795653 0.009268968 0.039616916 0.021796286 0.008365186 0.007026348 0.007848889 -0.002000012 0.022278249 0.015959878 0.029705469 0.011835246 0.010656903 0.049975753 0.028998263 0.014662990 0.028478138 0.016607452 0.016092036 0.010002461 -0.025514428 0.020474786 -0.000551034 0.026005402 0.006926967 0.011484496 0.008202128 0.023108412 0.011772261 0.060588144 0.029195556 0.017546818 0.019845946
0.019770237 0.038156249 0.009295860 0.061849661 0.010855531 0.021307684 0.020258948 0.024747718 0.010768418 0.047605373 0.034774385 0.050160605 0.035415925 0.032023422 0.032196492 -0.001820793 0.009646842 0.057406336 0.024176273 0.030077983 0.002178271 0.020474786 -0.005471826 0.017676609 0.033792682 0.040854588 0.021784386 0.014505457 0.010686365 0.028558794 0.076862790 0.064571410 0.016165035 0.014954166
0.038335703 0.021322349 0.001261490 0.035050809 0.014417700 0.003338568 -0.002346536 0.001205151 0.002817580 0.021609254 0.007563562 0.027131770 0.009003876 0.006759529 0.039185900 0.025594579 0.008089686 0.024973676 0.015651237 0.014846155 0.004662762 -0.000551034 0.017676609 -0.002934043 0.021027748 0.007392077 -0.002520952 -0.000811891 0.017682683 0.000397305 0.047039937 0.030662088 0.016700380 0.017061632
0.050052099 0.010026237 0.020742226 0.046651922 0.028066657 0.024520332 0.021387640 0.014023202 0.029971659 0.028921312 0.022315666 0.040257916 0.018258430 0.022097208 0.044552431 0.037323397 0.026154738 0.033442918 0.025124151 0.029399063 0.030664159 0.026005402 0.033792682 0.021027748 -0.015257159 0.020272713 0.018560275 0.019040767 0.039887369 0.023851708 0.053814150 0.044839766 0.035728045 0.032703497
0.046902567 0.025318673 0.019992169 0.025131917 0.023108043 0.015876494 0.010305260 0.009135068 0.010648517 0.005303720 0.005096957 0.016776212 0.004381920 0.011265185 0.056808703 0.047423393 0.023818567 0.017044775 0.020379463 0.010106394 0.021219730 0.006926967 0.040854588 0.007392077 0.020272713 -0.004962169 0.012223359 0.014219427 0.035226334 0.007353560 0.044288300 0.025684843 0.021300549 0.029822698
0.039421581 0.026133455 0.001980653 0.045224965 0.012785816 0.002928222 -0.002221775 0.000006149 -0.000387103 0.028562628 0.006643886 0.032673933 0.005305689 0.007734390 0.044584870 0.025662564 0.005197155 0.024220770 0.012098139 0.013968687 0.004378503 0.011484496 0.021784386 -0.002520952 0.018560275 0.012223359 -0.010173250 0.002231980 0.020557165 0.001343683 0.057354845 0.047523789 0.027355939 0.017610371
0.033055626 0.021359190 0.005170636 0.040080547 0.011427565 -0.000489375 0.001736539 0.005061749 -0.001639460 0.027619511 0.009359061 0.031738058 0.011872493 0.008510167 0.032026213 0.017439587 0.005971059 0.031741604 0.015467348 0.014045984 0.004619122 0.008202128 0.014505457 -0.000811891 0.019040767 0.014219427 0.002231980 -0.008460887 0.015350384 0.003929669 0.051394034 0.035985954 0.009400658 0.013247036
0.018986449 0.033210024 0.009213792 0.068387441 0.009266324 0.018657459 0.016479811 0.022229906 0.018497158 0.048254542 0.031772621 0.054217033 0.034203470 0.029005256 0.031258889 0.005212376 0.009075017 0.049741678 0.016827654 0.040162880 0.004275993 0.023108412 0.010686365 0.017682683 0.039887369 0.035226334 0.020557165 0.015350384 -0.004499109 0.024959102 0.072694123 0.059128322 0.025719464 0.016839700
0.045363255 0.033223718 0.010835127 0.037701301 0.012053411 0.003849515 -0.002640379 0.003226548 -0.000499991 0.022896649 0.007075554 0.029211927 0.007275136 0.007654944 0.049431544 0.034739606 0.012690308 0.023480371 0.014895923 0.012509558 0.011296231 0.011772261 0.028558794 0.000397305 0.023851708 0.007353560 0.001343683 0.003929669 0.024959102 -0.018043781 0.059853874 0.039710321 0.024822049 0.021648858
0.075664118 0.073181570 0.049486607 0.041714184 0.046872396 0.045744069 0.046604402 0.037649419 0.062641568 0.023686100 0.051460315 0.059181109 0.038331475 0.049524345 0.082500681 0.073815987 0.064998232 0.047567729 0.054735657 0.048415571 0.055215411 0.060588144 0.076862790 0.047039937 0.053814150 0.044288300 0.057354845 0.051394034 0.072694123 0.059853874 0.007494543 0.050676376 0.070973851 0.054234475
0.061080094 0.037441246 0.040183358 0.032952424 0.048010036 0.029581700 0.035902984 0.028086649 0.041224945 0.016476460 0.024098327 0.041804157 0.020069890 0.036884390 0.076505736 0.074183486 0.044923320 0.033933923 0.039280627 0.041744605 0.042419333 0.029195556 0.064571410 0.030662088 0.044839766 0.025684843 0.047523789 0.035985954 0.059128322 0.039710321 0.050676376 0.012330785 0.039279219 0.053097226
0.042950220 0.027937587 0.019417647 0.049695671 0.017936591 0.018572690 0.021063305 0.024530560 0.027018465 0.029372148 0.027071152 0.038562585 0.030963786 0.019912170 0.052687526 0.025829872 0.016712498 0.044778988 0.030024992 0.034042686 0.012046902 0.017546818 0.016165035 0.016700380 0.035728045 0.021300549 0.027355939 0.009400658 0.025719464 0.024822049 0.070973851 0.039279219 -0.034481473 0.023525521
0.023741869 0.029764289 0.009271908 0.055246618 0.018781157 0.016393563 0.016406447 0.021615447 0.017978044 0.038708150 0.026400521 0.047628131 0.027259383 0.028385064 0.034636166 0.010457135 0.017227896 0.041690283 0.016308626 0.034449950 0.010317069 0.019845946 0.014954166 0.017061632 0.032703497 0.029822698 0.017610371 0.013247036 0.016839700 0.021648858 0.054234475 0.053097226 0.023525521 0.006142266
