0.016526431 0.046382099 0.023262894 0.056602370 0.031851944 0.048709072 0.036334667 0.040484156 0.041988049 0.054873601 0.055360224 0.052846313 0.047351964 0.038012020 0.028215993 0.027871782 0.031591404 0.046114802 0.042328287 0.048483387 0.036013417 0.048359118 0.038311206 0.046038225 0.044797137 0.049828820 0.048195750 0.041592292 0.025273155 0.046308454 0.090427078 0.075547174 0.046047118 0.025452331
0.046382099 -0.062323004 0.010108801 0.041904733 0.013807610 0.022126820 0.014803704 0.012138151 0.026589258 0.032786667 0.016768109 0.020689584 0.020256087 0.011410981 0.035323627 0.034066211 0.014769136 0.011030361 0.018778576 0.026313735 0.018742245 0.020237647 0.044987485 0.015066777 -0.014674763 0.020259606 0.022374619 0.020293096 0.027062682 0.024142679 0.070207834 0.008301893 0.027416792 0.015941225
0.023262894 0.010108801 -0.001435616 0.039993059 0.011889809 0.016224496 -0.000120801 0.003026723 0.003940980 0.031648345 0.012311669 0.018756863 0.015174801 0.006902829 0.028248314 0.020537727 0.003351368 0.012770460 0.008522302 0.018751774 0.003063516 0.011306413 0.021322785 0.001278257 0.007643523 0.022083757 0.003403900 0.010032422 0.014720471 0.010322894 0.056136943 0.024647046 0.024543067 0.002314650
0.056602370 0.041904733 0.039993059 0.006965775 0.035945352 0.034334354 0.033642825 0.027166529 0.041093498 0.011571685 0.017243950 0.017849693 0.013107777 0.024400882 0.054727554 0.079066098 0.042940717 0.008305538 0.037466519 0.024124701 0.049355090 0.035280079 0.069454283 0.031210797 0.025319908 0.030416466 0.042076346 0.043263167 0.054238178 0.031925134 0.029793596 0.006414955 0.044107243 0.036214784
0.031851944 0.013807610 0.011889809 0.035945352 0.002724873 0.025070693 0.012015201 0.016110698 0.021263707 0.031589217 0.022036802 0.009772844 0.022105670 0.009499243 0.026606672 0.037074503 0.013685947 0.007115705 0.014589785 0.029740538 0.015200376 0.029802833 0.036969155 0.016542351 0.008782463 0.025323598 0.016097771 0.020367322 0.023910886 0.013069728 0.052232865 0.025160333 0.039158382 0.011724820
0.048709072 0.022126820 0.016224496 0.034334354 0.025070693 0.010052751 0.012319105 0.013732247 0.019524455 0.026248913 0.018401975 0.022011066 0.014664548 0.011908866 0.042323224 0.046288095 0.018158425 0.016470300 0.019018117 0.027514506 0.024088731 0.021029368 0.041739628 0.018779248 0.014679778 0.027600300 0.018809728 0.019499233 0.034335211 0.014321497 0.056382351 0.026010200 0.034182444 0.021140050
0.036334667 0.014803704 -0.000120801 0.033642825 0.012015201 0.012319105 -0.016264740 -0.004899528 0.001451843 0.021836502 -0.004550741 0.008535685 0.002611279 -0.000199819 0.034896139 0.035194125 0.006632816 0.005387017 0.007567157 0.008659011 0.003684527 0.009131787 0.030947624 -0.002560819 0.007362705 0.012116598 -0.001763909 0.006211812 0.022481259 -0.004449075 0.053162090 0.016046861 0.026401535 0.009578357
0.040484156 0.012138151 0.003026723 0.027166529 0.016110698 0.013732247 -0.004899528 -0.003395807 0.006262462 0.015695883 0.000040205 0.004880166 -0.003147783 -0.003796813 0.035380062 0.039449289 0.011178853 0.001104515 0.005405936 0.009615551 0.009351110 0.010820445 0.035872713 0.000580827 -0.003291663 0.009683466 0.000809239 0.009548806 0.027241759 0.002218857 0.043237444 0.011995035 0.030881763 0.014383312
0.041988049 0.026589258 0.003940980 0.041093498 0.021263707 0.019524455 0.001451843 0.006262462 -0.001736028 0.030792583 0.000508135 0.012555927 0.007712747 0.004022643 0.041830525 0.031941667 0.006270166 0.010879907 0.010306605 0.015398149 0.008263229 0.000172495 0.028397135 0.001635793 0.017962664 0.014180632 0.000754547 0.005093508 0.021957252 0.000882862 0.069121137 0.026490025 0.033666011 0.012163956
0.054873601 0.032786667 0.031648345 0.011571685 0.031589217 0.026248913 0.021836502 0.015695883 0.030792583 0.013433031 0.004780946 0.005191327 0.001982117 0.014750367 0.052793920 0.066942379 0.034935195 -0.007072955 0.029053126 0.013616925 0.041950755 0.028097561 0.063376196 0.024131376 0.008611303 0.012910865 0.029894462 0.037241172 0.048277691 0.023601046 0.028684165 -0.001719339 0.039871275 0.031849511
0.055360224 0.016768109 0.012311669 0.017243950 0.022036802 0.018401975 -0.004550741 0.000040205 0.000508135 0.004780946 -0.015701942 -0.006853778 -0.005564329 -0.007258764 0.047943719 0.054939233 0.015435517 -0.015009369 0.007726636 0.004020458 0.015133214 0.012320193 0.055162296 -0.001143084 0.008169755 -0.005238580 0.004053845 0.006328999 0.041151639 -0.000340867 0.051586576 0.006816059 0.038724490 0.022039182
0.052846313 0.020689584 0.018756863 0.017849693 0.009772844 0.022011066 0.008535685 0.004880166 0.012555927 0.005191327 -0.006853778 -0.027882781 0.001071474 -0.004044939 0.046163179 0.057719119 0.023695385 -0.023646353 0.014316443 -0.000513338 0.018649768 0.018640617 0.058202099 0.005895570 -0.005064943 0.005320998 0.014040687 0.023847705 0.039022934 0.014217499 0.045081072 -0.030961152 0.039807767 0.012409632
0.047351964 0.020256087 0.015174801 0.013107777 0.022105670 0.014664548 0.002611279 -0.003147783 0.007712747 0.001982117 -0.005564329 0.001071474 -0.024328424 -0.000563059 0.047371104 0.055171620 0.015279885 -0.003844779 0.010690417 -0.002533484 0.017663904 0.007480692 0.046718922 0.001713881 -0.001079554 -0.000172806 0.002866567 0.012751492 0.037178539 0.001463311 0.040373154 0.006566115 0.032180101 0.020303942
0.038012020 0.011410981 0.006902829 0.024400882 0.009499243 0.011908866 -0.000199819 -0.003796813 0.004022643 0.014750367 -0.007258764 -0.004044939 -0.000563059 -0.017765634 0.029285843 0.043554768 0.007429771 -0.005745471 0.000740487 0.006042829 0.004757298 0.008991038 0.034251511 0.000430787 -0.003049749 0.006999587 0.000116942 0.006846100 0.022092640 -0.001629010 0.037728976 -0.007404577 0.023902202 0.007677917
0.028215993 0.035323627 0.028248314 0.054727554 0.026606672 0.042323224 0.034896139 0.035380062 0.041830525 0.052793920 0.047943719 0.046163179 0.047371104 0.029285843 0.018155120 0.020119784 0.027211186 0.042127270 0.030890632 0.043730360 0.034290604 0.043863013 0.039928094 0.041888651 0.029831421 0.050586998 0.044098422 0.034143493 0.028500970 0.040104892 0.076436818 0.053558324 0.041632473 0.020085957
0.027871782 0.034066211 0.020537727 0.079066098 0.037074503 0.046288095 0.035194125 0.039449289 0.031941667 0.066942379 0.054939233 0.057719119 0.055171620 0.043554768 0.020119784 -0.000968058 0.021537814 0.057701848 0.037289221 0.055788711 0.027847936 0.043084677 0.026570417 0.035913289 0.036192037 0.063099407 0.039716844 0.036960877 0.021177068 0.044023078 0.091176108 0.089859560 0.046252981 0.018212222
0.031591404 0.014769136 0.003351368 0.042940717 0.013685947 0.018158425 0.006632816 0.011178853 0.006270166 0.034935195 0.015435517 0.023695385 0.015279885 0.007429771 0.027211186 0.021537814 -0.005440015 0.017205697 0.011425384 0.021127729 0.006679991 0.015298902 0.020974968 0.010370251 0.014525198 0.023405373 0.010043655 0.009266563 0.011774611 0.011373955 0.068787374 0.033784818 0.018653529 0.010873432
0.046114802 0.011030361 0.012770460 0.008305538 0.007115705 0.016470300 0.005387017 0.001104515 0.010879907 -0.007072955 -0.015009369 -0.023646353 -0.003844779 -0.005745471 0.042127270 0.057701848 0.017205697 -0.038417004 0.005816975 -0.004035759 0.010427032 0.010608122 0.049635623 0.001906912 -0.003323210 -0.003114678 0.006320396 0.012530815 0.034818094 0.003510899 0.026420990 -0.037297845 0.020523237 0.009029826
0.042328287 0.018778576 0.008522302 0.037466519 0.014589785 0.019018117 0.007567157 0.005405936 0.010306605 0.029053126 0.007726636 0.014316443 0.010690417 0.000740487 0.030890632 0.037289221 0.011425384 0.005816975 -0.009271912 0.019937132 0.010982748 0.019851401 0.041031785 0.011798749 0.004651426 0.017704118 0.011163611 0.019545270 0.022130029 0.013797873 0.061864749 0.023059607 0.040856786 0.007878763
0.048483387 0.026313735 0.018751774 0.024124701 0.029740538 0.027514506 0.008659011 0.009615551 0.015398149 0.013616925 0.004020458 -0.000513338 -0.002533484 0.006042829 0.043730360 0.055788711 0.021127729 -0.004035759 0.019937132 0.001468139 0.027385026 0.018690903 0.056034923 0.013905119 0.003678537 0.015815534 0.015527990 0.025255345 0.039961867 0.014868647 0.049809851 0.008148604 0.044737656 0.022010846
0.036013417 0.018742245 0.003063516 0.049355090 0.015200376 0.024088731 0.003684527 0.009351110 0.008263229 0.041950755 0.015133214 0.018649768 0.017663904 0.004757298 0.034290604 0.027847936 0.006679991 0.010427032 0.010982748 0.027385026 -0.002912684 0.015782101 0.030825172 0.003616967 0.009810027 0.027031289 0.007171989 0.014816938 0.020142777 0.016190691 0.072496764 0.025003284 0.032435462 0.005644519
0.048359118 0.020237647 0.011306413 0.035280079 0.029802833 0.021029368 0.009131787 0.010820445 0.000172495 0.028097561 0.012320193 0.018640617 0.007480692 0.008991038 0.043863013 0.043084677 0.015298902 0.010608122 0.019851401 0.018690903 0.015782101 -0.018938087 0.041208882 0.003124964 0.018478449 0.013920913 0.018561140 0.018603155 0.027129075 0.015077235 0.068075873 0.027190663 0.029292926 0.020302244
0.038311206 0.044987485 0.021322785 0.069454283 0.036969155 0.041739628 0.030947624 0.035872713 0.028397135 0.063376196 0.055162296 0.058202099 0.046718922 0.034251511 0.039928094 0.026570417 0.020974968 0.049635623 0.041031785 0.056034923 0.030825172 0.041208882 0.023449041 0.035548769 0.036433142 0.056161858 0.038647100 0.039542738 0.028860833 0.039458524 0.096163802 0.100028321 0.050928161 0.027263880
0.046038225 0.015066777 0.001278257 0.031210797 0.016542351 0.018779248 -0.002560819 0.000580827 0.001635793 0.024131376 -0.001143084 0.005895570 0.001713881 0.000430787 0.041888651 0.035913289 0.010370251 0.001906912 0.011798749 0.013905119 0.003616967 0.003124964 0.035548769 -0.003179837 0.002898918 0.010757552 -0.001596850 0.006468074 0.025038902 0.003531909 0.060045704 0.011857595 0.029425904 0.011487797
0.044797137 -0.014674763 0.007643523 0.025319908 0.008782463 0.014679778 0.007362705 -0.003291663 0.017962664 0.008611303 0.008169755 -0.005064943 -0.001079554 -0.003049749 0.029831421 0.036192037 0.014525198 -0.003323210 0.004651426 0.003678537 0.009810027 0.018478449 0.036433142 0.002898918 -0.061918553 0.008027600 0.002878182 0.008640680 0.035312492 0.007049985 0.046087153 -0.009945128 0.037561677 0.008787639
0.049828820 0.020259606 0.022083757 0.030416466 0.025323598 0.027600300 0.012116598 0.009683466 0.014180632 0.012910865 -0.005238580 0.005320998 -0.000172806 0.006999587 0.050586998 0.063099407 0.023405373 -0.003114678 0.017704118 0.015815534 0.027031289 0.013920913 0.056161858 0.010757552 0.008027600 0.002470899 0.014464569 0.024862252 0.038207456 0.009526134 0.050299861 0.008439597 0.034348056 0.023511823
0.048195750 0.022374619 0.003403900 0.042076346 0.016097771 0.018809728 -0.001763909 0.000809239 0.000754547 0.029894462 0.004053845 0.014040687 0.002866567 0.000116942 0.044098422 0.039716844 0.010043655 0.006320396 0.011163611 0.015527990 0.007171989 0.018561140 0.038647100 -0.001596850 0.002878182 0.014464569 -0.004398103 0.009459647 0.029665733 0.003821637 0.067591891 0.038167614 0.042256914 0.013120921
0.041592292 0.020293096 0.010032422 0.043263167 0.020367322 0.019499233 0.006211812 0.009548806 0.005093508 0.037241172 0.006328999 0.023847705 0.012751492 0.006846100 0.034143493 0.036960877 0.009266563 0.012530815 0.019545270 0.025255345 0.014816938 0.018603155 0.039542738 0.006468074 0.008640680 0.024862252 0.009459647 0.007352658 0.022423211 0.011278579 0.064951643 0.036203973 0.030928055 0.014094837
0.025273155 0.027062682 0.014720471 0.054238178 0.023910886 0.034335211 0.022481259 0.027241759 0.021957252 0.048277691 0.041151639 0.039022934 0.037178539 0.022092640 0.028500970 0.021177068 0.011774611 0.034818094 0.022130029 0.039961867 0.020142777 0.027129075 0.028860833 0.025038902 0.035312492 0.038207456 0.029665733 0.022423211 0.010396285 0.024583101 0.077343449 0.065124415 0.028756982 0.015969831
0.046308454 0.024142679 0.010322894 0.031925134 0.013069728 0.014321497 -0.004449075 0.002218857 0.000882862 0.023601046 -0.000340867 0.014217499 0.001463311 -0.001629010 0.040104892 0.044023078 0.011373955 0.003510899 0.013797873 0.014868647 0.016190691 0.015077235 0.039458524 0.003531909 0.007049985 0.009526134 0.003821637 0.011278579 0.024583101 -0.016934879 0.062418908 0.020765038 0.031048074 0.013981936
0.090427078 0.070207834 0.056136943 0.029793596 0.052232865 0.056382351 0.053162090 0.043237444 0.069121137 0.028684165 0.051586576 0.045081072 0.040373154 0.037728976 0.076436818 0.091176108 0.068787374 0.026420990 0.061864749 0.049809851 0.072496764 0.068075873 0.096163802 0.060045704 0.046087153 0.050299861 0.067591891 0.064951643 0.077343449 0.062418908 0.013287529 0.047223765 0.081361443 0.052394491
0.075547174 0.008301893 0.024647046 0.006414955 0.025160333 0.026010200 0.016046861 0.011995035 0.026490025 -0.001719339 0.006816059 -0.030961152 0.006566115 -0.007404577 0.053558324 0.089859560 0.033784818 -0.037297845 0.023059607 0.008148604 0.025003284 0.027190663 0.100028321 0.011857595 -0.009945128 0.008439597 0.038167614 0.036203973 0.065124415 0.020765038 0.047223765 -0.071372107 0.071485303 0.025519449
0.046047118 0.027416792 0.024543067 0.044107243 0.039158382 0.034182444 0.026401535 0.030881763 0.033666011 0.039871275 0.038724490 0.039807767 0.032180101 0.023902202 0.041632473 0.046252981 0.018653529 0.020523237 0.040856786 0.044737656 0.032435462 0.029292926 0.050928161 0.029425904 0.037561677 0.034348056 0.042256914 0.030928055 0.028756982 0.031048074 0.081361443 0.071485303 -0.003012437 0.036534905
0.025452331 0.015941225 0.002314650 0.036214784 0.011724820 0.021140050 0.009578357 0.014383312 0.012163956 0.031849511 0.022039182 0.012409632 0.020303942 0.007677917 0.020085957 0.018212222 0.010873432 0.009029826 0.007878763 0.022010846 0.005644519 0.020302244 0.027263880 0.011487797 0.008787639 0.023511823 0.013120921 0.014094837 0.015969831 0.013981936 0.052394491 0.025519449 0.036534905 -0.011467513
