0.000000000 0.085714288 0.058823530 0.175965667 0.258687258 0.142857149 0.090047397 0.150442481 0.200000003 0.209876537 0.213114753 0.165217385 0.238095239 0.154185027 0.076923080 0.085714288 0.058823530 0.247058824 0.142857149 0.172413796 0.090047397 0.186440676 0.111111112 0.154185027 0.209876537 0.131221727 0.106976748 0.115207374 0.067961164 0.063414633 0.342465758 0.182978719 0.119266056 0.119266056
0.085714288 0.000000000 0.027027028 0.091633469 0.176895306 0.057851240 0.004366812 0.065573767 0.116279073 0.126436785 0.129770994 0.080645159 0.155555561 0.069387756 0.008849557 0.000000000 0.027027028 0.164835170 0.057851240 0.088000000 0.004366812 0.102362208 0.025641026 0.069387756 0.126436785 0.046025105 0.021459227 0.029787235 0.017857144 0.022421524 0.264516115 0.098814227 0.033898305 0.033898305
0.058823530 0.027027028 0.000000000 0.118367344 0.202952027 0.084745765 0.031390134 0.092436977 0.142857149 0.152941182 0.156250000 0.107438013 0.181818187 0.096234307 0.018181818 0.027027028 0.000000000 0.191011235 0.084745765 0.114754096 0.031390134 0.129032254 0.052631579 0.096234307 0.152941182 0.072961375 0.048458152 0.056768559 0.009174312 0.004608295 0.289473683 0.125506073 0.060869563 0.060869563
0.175965667 0.091633469 0.118367344 0.000000000 0.086666666 0.033962265 0.087301590 0.026217228 0.024911031 0.035211269 0.038596492 0.011070111 0.064846419 0.022388060 0.100401610 0.091633469 0.118367344 0.074324325 0.033962265 0.003663004 0.087301590 0.010830325 0.066147856 0.022388060 0.035211269 0.045801528 0.070312500 0.062015504 0.109311745 0.113821141 0.177177176 0.007246377 0.057915058 0.057915058
0.258687258 0.176895306 0.202952027 0.086666666 0.000000000 0.120274916 0.172661871 0.112627983 0.061889250 0.051612902 0.048231512 0.097643100 0.021943573 0.108843535 0.185454547 0.176895306 0.202952027 0.012422360 0.120274916 0.090301007 0.172661871 0.075907588 0.151943460 0.108843535 0.051612902 0.131944448 0.156028375 0.147887319 0.194139197 0.198529407 0.091922008 0.079470202 0.143859655 0.143859655
0.142857149 0.057851240 0.084745765 0.033962265 0.120274916 0.000000000 0.053497944 0.007751938 0.058823530 0.069090910 0.072463766 0.022900764 0.098591551 0.011583012 0.066666670 0.057851240 0.084745765 0.108013935 0.000000000 0.030303031 0.053497944 0.044776119 0.032258064 0.011583012 0.069090910 0.011857707 0.036437247 0.028112451 0.075630255 0.080168776 0.209876537 0.041198503 0.024000000 0.024000000
0.090047397 0.004366812 0.031390134 0.087301590 0.172661871 0.053497944 0.000000000 0.061224490 0.111969113 0.122137405 0.125475287 0.076305218 0.151291519 0.065040648 0.013215859 0.004366812 0.031390134 0.160583943 0.053497944 0.083665341 0.000000000 0.098039217 0.021276595 0.065040648 0.122137405 0.041666668 0.017094018 0.025423728 0.022222223 0.026785715 0.260450155 0.094488189 0.029535865 0.029535865
0.150442481 0.065573767 0.092436977 0.026217228 0.112627983 0.007751938 0.061224490 0.000000000 0.051094890 0.061371841 0.064748198 0.015151516 0.090909094 0.003831418 0.074380167 0.065573767 0.092436977 0.100346021 0.007751938 0.022556391 0.061224490 0.037037037 0.039999999 0.003831418 0.061371841 0.019607844 0.044176705 0.035856575 0.083333336 0.087866105 0.202453986 0.033457249 0.031746034 0.031746034
0.200000003 0.116279073 0.142857149 0.024911031 0.061889250 0.058823530 0.111969113 0.051094890 0.000000000 0.010309278 0.013698630 0.035971224 0.039999999 0.047272727 0.125000000 0.116279073 0.142857149 0.049504951 0.058823530 0.028571429 0.111969113 0.014084507 0.090909094 0.047272727 0.010309278 0.070631973 0.095057033 0.086792454 0.133858263 0.138339922 0.152941182 0.017667845 0.082706764 0.082706764
0.209876537 0.126436785 0.152941182 0.035211269 0.051612902 0.069090910 0.122137405 0.061371841 0.010309278 0.000000000 0.003389830 0.046263345 0.029702971 0.057553958 0.135135129 0.126436785 0.152941182 0.039215688 0.069090910 0.038869258 0.122137405 0.024390243 0.101123594 0.057553958 0.000000000 0.080882356 0.105263159 0.097014926 0.143968865 0.148437500 0.142857149 0.027972028 0.092936806 0.092936806
0.213114753 0.129770994 0.156250000 0.038596492 0.048231512 0.072463766 0.125475287 0.064748198 0.013698630 0.003389830 0.000000000 0.049645390 0.026315790 0.060931899 0.138461545 0.129770994 0.156250000 0.035830621 0.072463766 0.042253520 0.125475287 0.027777778 0.104477614 0.060931899 0.003389830 0.084249087 0.108614229 0.100371748 0.147286817 0.151750967 0.139534891 0.031358887 0.096296296 0.096296296
0.165217385 0.080645159 0.107438013 0.011070111 0.097643100 0.022900764 0.076305218 0.015151516 0.035971224 0.046263345 0.049645390 0.000000000 0.075862072 0.011320755 0.089430891 0.080645159 0.107438013 0.085324235 0.022900764 0.007407407 0.076305218 0.021897810 0.055118110 0.011320755 0.046263345 0.034749035 0.059288539 0.050980393 0.098360658 0.102880657 0.187878788 0.018315019 0.046875000 0.046875000
0.238095239 0.155555561 0.181818187 0.064846419 0.021943573 0.098591551 0.151291519 0.090909094 0.039999999 0.029702971 0.026315790 0.075862072 0.000000000 0.087108016 0.164179102 0.155555561 0.181818187 0.009523810 0.098591551 0.068493150 0.151291519 0.054054055 0.130434781 0.087108016 0.029702971 0.110320285 0.134545460 0.126353785 0.172932327 0.177358493 0.113636367 0.057627119 0.122302160 0.122302160
0.154185027 0.069387756 0.096234307 0.022388060 0.108843535 0.011583012 0.065040648 0.003831418 0.047272727 0.057553958 0.060931899 0.011320755 0.087108016 0.000000000 0.078189299 0.069387756 0.096234307 0.096551724 0.011583012 0.018726591 0.065040648 0.033210333 0.043824703 0.000000000 0.057553958 0.023437500 0.048000000 0.039682541 0.087136932 0.091666669 0.198776752 0.029629629 0.035573121 0.035573121
0.076923080 0.008849557 0.018181818 0.100401610 0.185454547 0.066666670 0.013215859 0.074380167 0.125000000 0.135135129 0.138461545 0.089430891 0.164179102 0.078189299 0.000000000 0.008849557 0.018181818 0.173431739 0.066666670 0.096774191 0.013215859 0.111111112 0.034482758 0.078189299 0.135135129 0.054852322 0.030303031 0.038626611 0.009009009 0.013574661 0.272727281 0.107569724 0.042735044 0.042735044
0.085714288 0.000000000 0.027027028 0.091633469 0.176895306 0.057851240 0.004366812 0.065573767 0.116279073 0.126436785 0.129770994 0.080645159 0.155555561 0.069387756 0.008849557 0.000000000 0.027027028 0.164835170 0.057851240 0.088000000 0.004366812 0.102362208 0.025641026 0.069387756 0.126436785 0.046025105 0.021459227 0.029787235 0.017857144 0.022421524 0.264516115 0.098814227 0.033898305 0.033898305
0.058823530 0.027027028 0.000000000 0.118367344 0.202952027 0.084745765 0.031390134 0.092436977 0.142857149 0.152941182 0.156250000 0.107438013 0.181818187 0.096234307 0.018181818 0.027027028 0.000000000 0.191011235 0.084745765 0.114754096 0.031390134 0.129032254 0.052631579 0.096234307 0.152941182 0.072961375 0.048458152 0.056768559 0.009174312 0.004608295 0.289473683 0.125506073 0.060869563 0.060869563
0.247058824 0.164835170 0.191011235 0.074324325 0.012422360 0.108013935 0.160583943 0.100346021 0.049504951 0.039215688 0.035830621 0.085324235 0.009523810 0.096551724 0.173431739 0.164835170 0.191011235 0.000000000 0.108013935 0.077966101 0.160583943 0.063545153 0.139784947 0.096551724 0.039215688 0.119718313 0.143884897 0.135714293 0.182156131 0.186567158 0.104225352 0.067114092 0.131672591 0.131672591
0.142857149 0.057851240 0.084745765 0.033962265 0.120274916 0.000000000 0.053497944 0.007751938 0.058823530 0.069090910 0.072463766 0.022900764 0.098591551 0.011583012 0.066666670 0.057851240 0.084745765 0.108013935 0.000000000 0.030303031 0.053497944 0.044776119 0.032258064 0.011583012 0.069090910 0.011857707 0.036437247 0.028112451 0.075630255 0.080168776 0.209876537 0.041198503 0.024000000 0.024000000
0.172413796 0.088000000 0.114754096 0.003663004 0.090301007 0.030303031 0.083665341 0.022556391 0.028571429 0.038869258 0.042253520 0.007407407 0.068493150 0.018726591 0.096774191 0.088000000 0.114754096 0.077966101 0.030303031 0.000000000 0.083665341 0.014492754 0.062500000 0.018726591 0.038869258 0.042145595 0.066666670 0.058365759 0.105691060 0.110204078 0.180722892 0.010909091 0.054263566 0.054263566
0.090047397 0.004366812 0.031390134 0.087301590 0.172661871 0.053497944 0.000000000 0.061224490 0.111969113 0.122137405 0.125475287 0.076305218 0.151291519 0.065040648 0.013215859 0.004366812 0.031390134 0.160583943 0.053497944 0.083665341 0.000000000 0.098039217 0.021276595 0.065040648 0.122137405 0.041666668 0.017094018 0.025423728 0.022222223 0.026785715 0.260450155 0.094488189 0.029535865 0.029535865
0.186440676 0.102362208 0.129032254 0.010830325 0.075907588 0.044776119 0.098039217 0.037037037 0.014084507 0.024390243 0.027777778 0.021897810 0.054054055 0.033210333 0.111111112 0.102362208 0.129032254 0.063545153 0.044776119 0.014492754 0.098039217 0.000000000 0.076923080 0.033210333 0.024390243 0.056603774 0.081081077 0.072796933 0.119999997 0.124497995 0.166666672 0.003584229 0.068702288 0.068702288
0.111111112 0.025641026 0.052631579 0.066147856 0.151943460 0.032258064 0.021276595 0.039999999 0.090909094 0.101123594 0.104477614 0.055118110 0.130434781 0.043824703 0.034482758 0.025641026 0.052631579 0.139784947 0.032258064 0.062500000 0.021276595 0.076923080 0.000000000 0.043824703 0.101123594 0.020408163 0.004184100 0.004149378 0.043478262 0.048034936 0.240506336 0.073359072 0.008264462 0.008264462
0.154185027 0.069387756 0.096234307 0.022388060 0.108843535 0.011583012 0.065040648 0.003831418 0.047272727 0.057553958 0.060931899 0.011320755 0.087108016 0.000000000 0.078189299 0.069387756 0.096234307 0.096551724 0.011583012 0.018726591 0.065040648 0.033210333 0.043824703 0.000000000 0.057553958 0.023437500 0.048000000 0.039682541 0.087136932 0.091666669 0.198776752 0.029629629 0.035573121 0.035573121
0.209876537 0.126436785 0.152941182 0.035211269 0.051612902 0.069090910 0.122137405 0.061371841 0.010309278 0.000000000 0.003389830 0.046263345 0.029702971 0.057553958 0.135135129 0.126436785 0.152941182 0.039215688 0.069090910 0.038869258 0.122137405 0.024390243 0.101123594 0.057553958 0.000000000 0.080882356 0.105263159 0.097014926 0.143968865 0.148437500 0.142857149 0.027972028 0.092936806 0.092936806
0.131221727 0.046025105 0.072961375 0.045801528 0.131944448 0.011857707 0.041666668 0.019607844 0.070631973 0.080882356 0.084249087 0.034749035 0.110320285 0.023437500 0.054852322 0.046025105 0.072961375 0.119718313 0.011857707 0.042145595 0.041666668 0.056603774 0.020408163 0.023437500 0.080882356 0.000000000 0.024590164 0.016260162 0.063829787 0.068376072 0.221183807 0.053030305 0.012145749 0.012145749
0.106976748 0.021459227 0.048458152 0.070312500 0.156028375 0.036437247 0.017094018 0.044176705 0.095057033 0.105263159 0.108614229 0.059288539 0.134545460 0.048000000 0.030303031 0.021459227 0.048458152 0.143884897 0.036437247 0.066666670 0.017094018 0.081081077 0.004184100 0.048000000 0.105263159 0.024590164 0.000000000 0.008333334 0.039301310 0.043859649 0.244444445 0.077519380 0.012448133 0.012448133
0.115207374 0.029787235 0.056768559 0.062015504 0.147887319 0.028112451 0.025423728 0.035856575 0.086792454 0.097014926 0.100371748 0.050980393 0.126353785 0.039682541 0.038626611 0.029787235 0.056768559 0.135714293 0.028112451 0.058365759 0.025423728 0.072796933 0.004149378 0.039682541 0.097014926 0.016260162 0.008333334 0.000000000 0.047619049 0.052173913 0.236593053 0.069230773 0.004115226 0.004115226
0.067961164 0.017857144 0.009174312 0.109311745 0.194139197 0.075630255 0.022222223 0.083333336 0.133858263 0.143968865 0.147286817 0.098360658 0.172932327 0.087136932 0.009009009 0.017857144 0.009174312 0.182156131 0.075630255 0.105691060 0.022222223 0.119999997 0.043478262 0.087136932 0.143968865 0.063829787 0.039301310 0.047619049 0.000000000 0.004566210 0.281045765 0.116465867 0.051724140 0.051724140
0.063414633 0.022421524 0.004608295 0.113821141 0.198529407 0.080168776 0.026785715 0.087866105 0.138339922 0.148437500 0.151750967 0.102880657 0.177358493 0.091666669 0.013574661 0.022421524 0.004608295 0.186567158 0.080168776 0.110204078 0.026785715 0.124497995 0.048034936 0.091666669 0.148437500 0.068376072 0.043859649 0.052173913 0.004566210 0.000000000 0.285245895 0.120967738 0.056277055 0.056277055
0.342465758 0.264516115 0.289473683 0.177177176 0.091922008 0.209876537 0.260450155 0.202453986 0.152941182 0.142857149 0.139534891 0.187878788 0.113636367 0.198776752 0.272727281 0.264516115 0.289473683 0.104225352 0.209876537 0.180722892 0.260450155 0.166666672 0.240506336 0.198776752 0.142857149 0.221183807 0.244444445 0.236593053 0.281045765 0.285245895 0.000000000 0.170149252 0.232704401 0.232704401
0.182978719 0.098814227 0.125506073 0.007246377 0.079470202 0.041198503 0.094488189 0.033457249 0.017667845 0.027972028 0.031358887 0.018315019 0.057627119 0.029629629 0.107569724 0.098814227 0.125506073 0.067114092 0.041198503 0.010909091 0.094488189 0.003584229 0.073359072 0.029629629 0.027972028 0.053030305 0.077519380 0.069230773 0.116465867 0.120967738 0.170149252 0.000000000 0.065134101 0.065134101
0.119266056 0.033898305 0.060869563 0.057915058 0.143859655 0.024000000 0.029535865 0.031746034 0.082706764 0.092936806 0.096296296 0.046875000 0.122302160 0.035573121 0.042735044 0.033898305 0.060869563 0.131672591 0.024000000 0.054263566 0.029535865 0.068702288 0.008264462 0.035573121 0.092936806 0.012145749 0.012448133 0.004115226 0.051724140 0.056277055 0.232704401 0.065134101 0.000000000 0.000000000
0.119266056 0.033898305 0.060869563 0.057915058 0.143859655 0.024000000 0.029535865 0.031746034 0.082706764 0.092936806 0.096296296 0.046875000 0.122302160 0.035573121 0.042735044 0.033898305 0.060869563 0.131672591 0.024000000 0.054263566 0.029535865 0.068702288 0.008264462 0.035573121 0.092936806 0.012145749 0.012448133 0.004115226 0.051724140 0.056277055 0.232704401 0.065134101 0.000000000 0.000000000
