0.000000000 0.033057850 0.029045643 0.167259783 0.044897959 0.060240965 0.078740157 0.060240965 0.004291845 0.126865670 0.100000001 0.126865670 0.110266156 0.085937500 0.058823530 0.039999999 0.025000000 0.136531368 0.029045643 0.113636367 0.000000000 0.060240965 0.004291845 0.064000003 0.044897959 0.123595506 0.093023255 0.078740157 0.044642858 0.078740157 0.237785012 0.136531368 0.044642858 0.008474576
0.033057850 0.000000000 0.004016064 0.134948090 0.011857707 0.027237354 0.045801528 0.027237354 0.037344400 0.094202898 0.067164183 0.094202898 0.077490777 0.053030305 0.091703057 0.072961375 0.008064516 0.103942655 0.004016064 0.080882356 0.033057850 0.027237354 0.037344400 0.031007752 0.011857707 0.090909094 0.060150377 0.045801528 0.077586204 0.045801528 0.206349209 0.103942655 0.077586204 0.024590164
0.029045643 0.004016064 0.000000000 0.138888896 0.015873017 0.031250000 0.049808428 0.031250000 0.033333335 0.098181821 0.071161047 0.098181821 0.081481479 0.057034221 0.087719299 0.068965517 0.004048583 0.107913665 0.000000000 0.084870845 0.029045643 0.031250000 0.033333335 0.035019454 0.015873017 0.094890513 0.064150944 0.049808428 0.073593073 0.049808428 0.210191086 0.107913665 0.073593073 0.020576132
0.167259783 0.134948090 0.138888896 0.000000000 0.123287670 0.108108111 0.089700997 0.108108111 0.171428576 0.041269843 0.068403907 0.041269843 0.058064517 0.082508251 0.223880604 0.205882356 0.142857149 0.031446543 0.138888896 0.054662380 0.167259783 0.108108111 0.171428576 0.104377106 0.123287670 0.044585988 0.075409837 0.089700997 0.210332111 0.089700997 0.073446326 0.031446543 0.210332111 0.159010604
0.044897959 0.011857707 0.015873017 0.123287670 0.000000000 0.015384615 0.033962265 0.015384615 0.049180329 0.082437277 0.055350553 0.082437277 0.065693431 0.041198503 0.103448279 0.084745765 0.019920319 0.092198581 0.015873017 0.069090910 0.044897959 0.015384615 0.049180329 0.019157087 0.000000000 0.079136692 0.048327137 0.033962265 0.089361705 0.033962265 0.194968551 0.092198581 0.089361705 0.036437247
0.060240965 0.027237354 0.031250000 0.108108111 0.015384615 0.000000000 0.018587360 0.000000000 0.064516127 0.067137808 0.039999999 0.067137808 0.050359711 0.025830258 0.118644066 0.100000001 0.035294119 0.076923080 0.031250000 0.053763442 0.060240965 0.000000000 0.064516127 0.003773585 0.015384615 0.063829787 0.032967035 0.018587360 0.104602508 0.018587360 0.180124223 0.076923080 0.104602508 0.051792830
0.078740157 0.045801528 0.049808428 0.089700997 0.033962265 0.018587360 0.000000000 0.018587360 0.083003953 0.048611112 0.021428572 0.048611112 0.031802122 0.007246377 0.136929467 0.118367344 0.053846154 0.058419243 0.049808428 0.035211269 0.078740157 0.018587360 0.083003953 0.014814815 0.033962265 0.045296166 0.014388490 0.000000000 0.122950822 0.000000000 0.162079513 0.058419243 0.122950822 0.070312500
0.060240965 0.027237354 0.031250000 0.108108111 0.015384615 0.000000000 0.018587360 0.000000000 0.064516127 0.067137808 0.039999999 0.067137808 0.050359711 0.025830258 0.118644066 0.100000001 0.035294119 0.076923080 0.031250000 0.053763442 0.060240965 0.000000000 0.064516127 0.003773585 0.015384615 0.063829787 0.032967035 0.018587360 0.104602508 0.018587360 0.180124223 0.076923080 0.104602508 0.051792830
0.004291845 0.037344400 0.033333335 0.171428576 0.049180329 0.064516127 0.083003953 0.064516127 0.000000000 0.131086141 0.104247101 0.131086141 0.114503816 0.090196081 0.054545455 0.035714287 0.029288704 0.140740737 0.033333335 0.117870726 0.004291845 0.064516127 0.000000000 0.068273090 0.049180329 0.127819553 0.097276263 0.083003953 0.040358745 0.083003953 0.241830066 0.140740737 0.040358745 0.012765957
0.126865670 0.094202898 0.098181821 0.041269843 0.082437277 0.067137808 0.048611112 0.067137808 0.131086141 0.000000000 0.027210884 0.000000000 0.016835017 0.041379310 0.184313729 0.166023165 0.102189779 0.009836066 0.098181821 0.013422819 0.126865670 0.067137808 0.131086141 0.063380279 0.082437277 0.003322259 0.034246575 0.048611112 0.170542642 0.048611112 0.114369504 0.009836066 0.170542642 0.118518516
0.100000001 0.067164183 0.071161047 0.068403907 0.055350553 0.039999999 0.021428572 0.039999999 0.104247101 0.027210884 0.000000000 0.027210884 0.010380623 0.014184397 0.157894731 0.139442235 0.075187966 0.037037037 0.071161047 0.013793103 0.100000001 0.039999999 0.104247101 0.036231883 0.055350553 0.023890786 0.007042253 0.021428572 0.143999994 0.021428572 0.141141146 0.037037037 0.143999994 0.091603056
0.126865670 0.094202898 0.098181821 0.041269843 0.082437277 0.067137808 0.048611112 0.067137808 0.131086141 0.000000000 0.027210884 0.000000000 0.016835017 0.041379310 0.184313729 0.166023165 0.102189779 0.009836066 0.098181821 0.013422819 0.126865670 0.067137808 0.131086141 0.063380279 0.082437277 0.003322259 0.034246575 0.048611112 0.170542642 0.048611112 0.114369504 0.009836066 0.170542642 0.118518516
0.110266156 0.077490777 0.081481479 0.058064517 0.065693431 0.050359711 0.031802122 0.050359711 0.114503816 0.016835017 0.010380623 0.016835017 0.000000000 0.024561403 0.167999998 0.149606302 0.085501857 0.026666667 0.081481479 0.003412969 0.110266156 0.050359711 0.114503816 0.046594981 0.065693431 0.013513514 0.017421603 0.031802122 0.154150203 0.031802122 0.130952388 0.026666667 0.154150203 0.101886794
0.085937500 0.053030305 0.057034221 0.082508251 0.041198503 0.025830258 0.007246377 0.025830258 0.090196081 0.041379310 0.014184397 0.041379310 0.024561403 0.000000000 0.144032925 0.125506073 0.061068702 0.051194537 0.057034221 0.027972028 0.085937500 0.025830258 0.090196081 0.022058824 0.041198503 0.038062282 0.007142857 0.007246377 0.130081296 0.007246377 0.155015200 0.051194537 0.130081296 0.077519380
0.058823530 0.091703057 0.087719299 0.223880604 0.103448279 0.118644066 0.136929467 0.118644066 0.054545455 0.184313729 0.157894731 0.184313729 0.167999998 0.144032925 0.000000000 0.018867925 0.083700441 0.193798453 0.087719299 0.171314746 0.058823530 0.118644066 0.054545455 0.122362867 0.103448279 0.181102365 0.151020408 0.136929467 0.014218009 0.136929467 0.292517006 0.193798453 0.014218009 0.067264572
0.039999999 0.072961375 0.068965517 0.205882356 0.084745765 0.100000001 0.118367344 0.100000001 0.035714287 0.166023165 0.139442235 0.166023165 0.149606302 0.125506073 0.018867925 0.000000000 0.064935066 0.175572515 0.068965517 0.152941182 0.039999999 0.100000001 0.035714287 0.103734441 0.084745765 0.162790701 0.132530123 0.118367344 0.004651163 0.118367344 0.275167793 0.175572515 0.004651163 0.048458152
0.025000000 0.008064516 0.004048583 0.142857149 0.019920319 0.035294119 0.053846154 0.035294119 0.029288704 0.102189779 0.075187966 0.102189779 0.085501857 0.061068702 0.083700441 0.064935066 0.000000000 0.111913361 0.004048583 0.088888891 0.025000000 0.035294119 0.029288704 0.039062500 0.019920319 0.098901100 0.068181820 0.053846154 0.069565214 0.053846154 0.214057505 0.111913361 0.069565214 0.016528925
0.136531368 0.103942655 0.107913665 0.031446543 0.092198581 0.076923080 0.058419243 0.076923080 0.140740737 0.009836066 0.037037037 0.009836066 0.026666667 0.051194537 0.193798453 0.175572515 0.111913361 0.000000000 0.107913665 0.023255814 0.136531368 0.076923080 0.140740737 0.073170729 0.092198581 0.013157895 0.044067796 0.058419243 0.180076629 0.058419243 0.104651161 0.000000000 0.180076629 0.128205135
0.029045643 0.004016064 0.000000000 0.138888896 0.015873017 0.031250000 0.049808428 0.031250000 0.033333335 0.098181821 0.071161047 0.098181821 0.081481479 0.057034221 0.087719299 0.068965517 0.004048583 0.107913665 0.000000000 0.084870845 0.029045643 0.031250000 0.033333335 0.035019454 0.015873017 0.094890513 0.064150944 0.049808428 0.073593073 0.049808428 0.210191086 0.107913665 0.073593073 0.020576132
0.113636367 0.080882356 0.084870845 0.054662380 0.069090910 0.053763442 0.035211269 0.053763442 0.117870726 0.013422819 0.013793103 0.013422819 0.003412969 0.027972028 0.171314746 0.152941182 0.088888891 0.023255814 0.084870845 0.000000000 0.113636367 0.053763442 0.117870726 0.050000001 0.069090910 0.010101010 0.020833334 0.035211269 0.157480314 0.035211269 0.127596438 0.023255814 0.157480314 0.105263159
0.000000000 0.033057850 0.029045643 0.167259783 0.044897959 0.060240965 0.078740157 0.060240965 0.004291845 0.126865670 0.100000001 0.126865670 0.110266156 0.085937500 0.058823530 0.039999999 0.025000000 0.136531368 0.029045643 0.113636367 0.000000000 0.060240965 0.004291845 0.064000003 0.044897959 0.123595506 0.093023255 0.078740157 0.044642858 0.078740157 0.237785012 0.136531368 0.044642858 0.008474576
0.060240965 0.027237354 0.031250000 0.108108111 0.015384615 0.000000000 0.018587360 0.000000000 0.064516127 0.067137808 0.039999999 0.067137808 0.050359711 0.025830258 0.118644066 0.100000001 0.035294119 0.076923080 0.031250000 0.053763442 0.060240965 0.000000000 0.064516127 0.003773585 0.015384615 0.063829787 0.032967035 0.018587360 0.104602508 0.018587360 0.180124223 0.076923080 0.104602508 0.051792830
0.004291845 0.037344400 0.033333335 0.171428576 0.049180329 0.064516127 0.083003953 0.064516127 0.000000000 0.131086141 0.104247101 0.131086141 0.114503816 0.090196081 0.054545455 0.035714287 0.029288704 0.140740737 0.033333335 0.117870726 0.004291845 0.064516127 0.000000000 0.068273090 0.049180329 0.127819553 0.097276263 0.083003953 0.040358745 0.083003953 0.241830066 0.140740737 0.040358745 0.012765957
0.064000003 0.031007752 0.035019454 0.104377106 0.019157087 0.003773585 0.014814815 0.003773585 0.068273090 0.063380279 0.036231883 0.063380279 0.046594981 0.022058824 0.122362867 0.103734441 0.039062500 0.073170729 0.035019454 0.050000001 0.064000003 0.003773585 0.068273090 0.000000000 0.019157087 0.060070671 0.029197080 0.014814815 0.108333334 0.014814815 0.176470593 0.073170729 0.108333334 0.055555556
0.044897959 0.011857707 0.015873017 0.123287670 0.000000000 0.015384615 0.033962265 0.015384615 0.049180329 0.082437277 0.055350553 0.082437277 0.065693431 0.041198503 0.103448279 0.084745765 0.019920319 0.092198581 0.015873017 0.069090910 0.044897959 0.015384615 0.049180329 0.019157087 0.000000000 0.079136692 0.048327137 0.033962265 0.089361705 0.033962265 0.194968551 0.092198581 0.089361705 0.036437247
0.123595506 0.090909094 0.094890513 0.044585988 0.079136692 0.063829787 0.045296166 0.063829787 0.127819553 0.003322259 0.023890786 0.003322259 0.013513514 0.038062282 0.181102365 0.162790701 0.098901100 0.013157895 0.094890513 0.010101010 0.123595506 0.063829787 0.127819553 0.060070671 0.079136692 0.000000000 0.030927835 0.045296166 0.167315170 0.045296166 0.117647059 0.013157895 0.167315170 0.115241639
0.093023255 0.060150377 0.064150944 0.075409837 0.048327137 0.032967035 0.014388490 0.032967035 0.097276263 0.034246575 0.007042253 0.034246575 0.017421603 0.007142857 0.151020408 0.132530123 0.068181820 0.044067796 0.064150944 0.020833334 0.093023255 0.032967035 0.097276263 0.029197080 0.048327137 0.030927835 0.000000000 0.014388490 0.137096778 0.014388490 0.148036256 0.044067796 0.137096778 0.084615387
0.078740157 0.045801528 0.049808428 0.089700997 0.033962265 0.018587360 0.000000000 0.018587360 0.083003953 0.048611112 0.021428572 0.048611112 0.031802122 0.007246377 0.136929467 0.118367344 0.053846154 0.058419243 0.049808428 0.035211269 0.078740157 0.018587360 0.083003953 0.014814815 0.033962265 0.045296166 0.014388490 0.000000000 0.122950822 0.000000000 0.162079513 0.058419243 0.122950822 0.070312500
0.044642858 0.077586204 0.073593073 0.210332111 0.089361705 0.104602508 0.122950822 0.104602508 0.040358745 0.170542642 0.143999994 0.170542642 0.154150203 0.130081296 0.014218009 0.004651163 0.069565214 0.180076629 0.073593073 0.157480314 0.044642858 0.104602508 0.040358745 0.108333334 0.089361705 0.167315170 0.137096778 0.122950822 0.000000000 0.122950822 0.279461265 0.180076629 0.000000000 0.053097345
0.078740157 0.045801528 0.049808428 0.089700997 0.033962265 0.018587360 0.000000000 0.018587360 0.083003953 0.048611112 0.021428572 0.048611112 0.031802122 0.007246377 0.136929467 0.118367344 0.053846154 0.058419243 0.049808428 0.035211269 0.078740157 0.018587360 0.083003953 0.014814815 0.033962265 0.045296166 0.014388490 0.000000000 0.122950822 0.000000000 0.162079513 0.058419243 0.122950822 0.070312500
0.237785012 0.206349209 0.210191086 0.073446326 0.194968551 0.180124223 0.162079513 0.180124223 0.241830066 0.114369504 0.141141146 0.114369504 0.130952388 0.155015200 0.292517006 0.275167793 0.214057505 0.104651161 0.210191086 0.127596438 0.237785012 0.180124223 0.241830066 0.176470593 0.194968551 0.117647059 0.148036256 0.162079513 0.279461265 0.162079513 0.000000000 0.104651161 0.279461265 0.229773462
0.136531368 0.103942655 0.107913665 0.031446543 0.092198581 0.076923080 0.058419243 0.076923080 0.140740737 0.009836066 0.037037037 0.009836066 0.026666667 0.051194537 0.193798453 0.175572515 0.111913361 0.000000000 0.107913665 0.023255814 0.136531368 0.076923080 0.140740737 0.073170729 0.092198581 0.013157895 0.044067796 0.058419243 0.180076629 0.058419243 0.104651161 0.000000000 0.180076629 0.128205135
0.044642858 0.077586204 0.073593073 0.210332111 0.089361705 0.104602508 0.122950822 0.104602508 0.040358745 0.170542642 0.143999994 0.170542642 0.154150203 0.130081296 0.014218009 0.004651163 0.069565214 0.180076629 0.073593073 0.157480314 0.044642858 0.104602508 0.040358745 0.108333334 0.089361705 0.167315170 0.137096778 0.122950822 0.000000000 0.122950822 0.279461265 0.180076629 0.000000000 0.053097345
0.008474576 0.024590164 0.020576132 0.159010604 0.036437247 0.051792830 0.070312500 0.051792830 0.012765957 0.118518516 0.091603056 0.118518516 0.101886794 0.077519380 0.067264572 0.048458152 0.016528925 0.128205135 0.020576132 0.105263159 0.008474576 0.051792830 0.012765957 0.055555556 0.036437247 0.115241639 0.084615387 0.070312500 0.053097345 0.070312500 0.229773462 0.128205135 0.053097345 0.000000000
