0.000000000 0.016574586 0.109999999 0.245762706 0.135922328 0.135922328 0.172093019 0.164319247 0.118811883 0.236051500 0.175925925 0.215859026 0.140096620 0.175925925 0.077720210 0.043010753 0.127450988 0.212389380 0.131707311 0.172093019 0.131707311 0.144230768 0.082474224 0.140096620 0.096446700 0.219298244 0.156398103 0.160377353 0.043010753 0.152380958 0.320610672 0.293650806 0.144230768 0.109999999
0.016574586 0.000000000 0.093596056 0.230125517 0.119617224 0.119617224 0.155963302 0.148148149 0.102439024 0.220338985 0.159817353 0.200000003 0.123809524 0.159817353 0.061224490 0.026455026 0.111111112 0.196506545 0.115384616 0.155963302 0.115384616 0.127962083 0.065989845 0.123809524 0.079999998 0.203463197 0.140186921 0.144186050 0.026455026 0.136150241 0.305660367 0.278431386 0.127962083 0.093596056
0.109999999 0.093596056 0.000000000 0.139534891 0.026315790 0.026315790 0.063291140 0.055319149 0.008928572 0.129411772 0.067226894 0.108433738 0.030567685 0.067226894 0.032558139 0.067307696 0.017699115 0.104838707 0.022026431 0.063291140 0.022026431 0.034782607 0.027777778 0.030567685 0.013698630 0.112000003 0.047210302 0.051282052 0.067307696 0.043103449 0.218309864 0.189781025 0.034782607 0.000000000
0.245762706 0.230125517 0.139534891 0.000000000 0.113636367 0.113636367 0.076923080 0.084870845 0.130769238 0.010309278 0.072992697 0.031578947 0.109433964 0.072992697 0.171314746 0.204918027 0.122137405 0.035211269 0.117870726 0.076923080 0.117870726 0.105263159 0.166666672 0.109433964 0.152941182 0.027972028 0.092936806 0.088888891 0.204918027 0.097014926 0.081249997 0.051612902 0.105263159 0.139534891
0.135922328 0.119617224 0.026315790 0.113636367 0.000000000 0.000000000 0.037037037 0.029045643 0.017391304 0.103448279 0.040983606 0.082352944 0.004255319 0.040983606 0.058823530 0.093457945 0.008620690 0.078740157 0.004291845 0.037037037 0.004291845 0.008474576 0.054054055 0.004255319 0.039999999 0.085937500 0.020920502 0.025000000 0.093457945 0.016806724 0.193103448 0.164285719 0.008474576 0.026315790
0.135922328 0.119617224 0.026315790 0.113636367 0.000000000 0.000000000 0.037037037 0.029045643 0.017391304 0.103448279 0.040983606 0.082352944 0.004255319 0.040983606 0.058823530 0.093457945 0.008620690 0.078740157 0.004291845 0.037037037 0.004291845 0.008474576 0.054054055 0.004255319 0.039999999 0.085937500 0.020920502 0.025000000 0.093457945 0.016806724 0.193103448 0.164285719 0.008474576 0.026315790
0.172093019 0.155963302 0.063291140 0.076923080 0.037037037 0.037037037 0.000000000 0.008000000 0.054393306 0.066666670 0.003952569 0.045454547 0.032786883 0.003952569 0.095652170 0.130044848 0.045643155 0.041825093 0.041322313 0.000000000 0.041322313 0.028571429 0.090909094 0.032786883 0.076923080 0.049056605 0.016129032 0.012048192 0.130044848 0.020242915 0.157190636 0.128027678 0.028571429 0.063291140
0.164319247 0.148148149 0.055319149 0.084870845 0.029045643 0.029045643 0.008000000 0.000000000 0.046413504 0.074626863 0.011952192 0.053435113 0.024793388 0.011952192 0.087719299 0.122171946 0.037656903 0.049808428 0.033333335 0.008000000 0.033333335 0.020576132 0.082969435 0.024793388 0.068965517 0.057034221 0.008130081 0.004048583 0.122171946 0.012244898 0.164983168 0.135888502 0.020576132 0.055319149
0.118811883 0.102439024 0.008928572 0.130769238 0.017391304 0.017391304 0.054393306 0.046413504 0.000000000 0.120622568 0.058333334 0.099601597 0.021645023 0.058333334 0.041474655 0.076190479 0.008771930 0.096000001 0.013100437 0.054393306 0.013100437 0.025862070 0.036697246 0.021645023 0.022624435 0.103174604 0.038297873 0.042372882 0.076190479 0.034188036 0.209790215 0.181159422 0.025862070 0.008928572
0.236051500 0.220338985 0.129411772 0.010309278 0.103448279 0.103448279 0.066666670 0.074626863 0.120622568 0.000000000 0.062730625 0.021276595 0.099236645 0.062730625 0.161290318 0.195020750 0.111969113 0.024911031 0.107692309 0.066666670 0.107692309 0.095057033 0.156626508 0.099236645 0.142857149 0.017667845 0.082706764 0.078651689 0.195020750 0.086792454 0.091482647 0.061889250 0.095057033 0.129411772
0.175925925 0.159817353 0.067226894 0.072992697 0.040983606 0.040983606 0.003952569 0.011952192 0.058333334 0.062730625 0.000000000 0.041509435 0.036734693 0.000000000 0.099567100 0.133928567 0.049586777 0.037878789 0.045267489 0.003952569 0.045267489 0.032520324 0.094827585 0.036734693 0.080851063 0.045112781 0.020080321 0.016000001 0.133928567 0.024193548 0.153333336 0.124137931 0.032520324 0.067226894
0.215859026 0.200000003 0.108433738 0.031578947 0.082352944 0.082352944 0.045454547 0.053435113 0.099601597 0.021276595 0.041509435 0.000000000 0.078125000 0.041509435 0.140495867 0.174468085 0.090909094 0.003636364 0.086614177 0.045454547 0.086614177 0.073929958 0.135802463 0.078125000 0.121951222 0.003610108 0.061538462 0.057471264 0.174468085 0.065637067 0.112540193 0.083056480 0.073929958 0.108433738
0.140096620 0.123809524 0.030567685 0.109433964 0.004255319 0.004255319 0.032786883 0.024793388 0.021645023 0.099236645 0.036734693 0.078125000 0.000000000 0.036734693 0.063063063 0.097674422 0.012875536 0.074509807 0.008547009 0.032786883 0.008547009 0.004219409 0.058295965 0.000000000 0.044247787 0.081712060 0.016666668 0.020746889 0.097674422 0.012552301 0.189003438 0.160142347 0.004219409 0.030567685
0.175925925 0.159817353 0.067226894 0.072992697 0.040983606 0.040983606 0.003952569 0.011952192 0.058333334 0.062730625 0.000000000 0.041509435 0.036734693 0.000000000 0.099567100 0.133928567 0.049586777 0.037878789 0.045267489 0.003952569 0.045267489 0.032520324 0.094827585 0.036734693 0.080851063 0.045112781 0.020080321 0.016000001 0.133928567 0.024193548 0.153333336 0.124137931 0.032520324 0.067226894
0.077720210 0.061224490 0.032558139 0.171314746 0.058823530 0.058823530 0.095652170 0.087719299 0.041474655 0.161290318 0.099567100 0.140495867 0.063063063 0.099567100 0.000000000 0.034825869 0.050228309 0.136929467 0.054545455 0.095652170 0.054545455 0.067264572 0.004784689 0.063063063 0.018867925 0.144032925 0.079646021 0.083700441 0.034825869 0.075555556 0.249097466 0.220973790 0.067264572 0.032558139
0.043010753 0.026455026 0.067307696 0.204918027 0.093457945 0.093457945 0.130044848 0.122171946 0.076190479 0.195020750 0.133928567 0.174468085 0.097674422 0.133928567 0.034825869 0.000000000 0.084905662 0.170940176 0.089201875 0.130044848 0.089201875 0.101851851 0.039603960 0.097674422 0.053658538 0.177966103 0.114155248 0.118181817 0.000000000 0.110091746 0.281481475 0.253846169 0.101851851 0.067307696
0.127450988 0.111111112 0.017699115 0.122137405 0.008620690 0.008620690 0.045643155 0.037656903 0.008771930 0.111969113 0.049586777 0.090909094 0.012875536 0.049586777 0.050228309 0.084905662 0.000000000 0.087301590 0.004329004 0.045643155 0.004329004 0.017094018 0.045454547 0.012875536 0.031390134 0.094488189 0.029535865 0.033613447 0.084905662 0.025423728 0.201388896 0.172661871 0.017094018 0.017699115
0.212389380 0.196506545 0.104838707 0.035211269 0.078740157 0.078740157 0.041825093 0.049808428 0.096000001 0.024911031 0.037878789 0.003636364 0.074509807 0.037878789 0.136929467 0.170940176 0.087301590 0.000000000 0.083003953 0.041825093 0.083003953 0.070312500 0.132231399 0.074509807 0.118367344 0.007246377 0.057915058 0.053846154 0.170940176 0.062015504 0.116129033 0.086666666 0.070312500 0.104838707
0.131707311 0.115384616 0.022026431 0.117870726 0.004291845 0.004291845 0.041322313 0.033333335 0.013100437 0.107692309 0.045267489 0.086614177 0.008547009 0.045267489 0.054545455 0.089201875 0.004329004 0.083003953 0.000000000 0.041322313 0.000000000 0.012765957 0.049773756 0.008547009 0.035714287 0.090196081 0.025210084 0.029288704 0.089201875 0.021097047 0.197231829 0.168458775 0.012765957 0.022026431
0.172093019 0.155963302 0.063291140 0.076923080 0.037037037 0.037037037 0.000000000 0.008000000 0.054393306 0.066666670 0.003952569 0.045454547 0.032786883 0.003952569 0.095652170 0.130044848 0.045643155 0.041825093 0.041322313 0.000000000 0.041322313 0.028571429 0.090909094 0.032786883 0.076923080 0.049056605 0.016129032 0.012048192 0.130044848 0.020242915 0.157190636 0.128027678 0.028571429 0.063291140
0.131707311 0.115384616 0.022026431 0.117870726 0.004291845 0.004291845 0.041322313 0.033333335 0.013100437 0.107692309 0.045267489 0.086614177 0.008547009 0.045267489 0.054545455 0.089201875 0.004329004 0.083003953 0.000000000 0.041322313 0.000000000 0.012765957 0.049773756 0.008547009 0.035714287 0.090196081 0.025210084 0.029288704 0.089201875 0.021097047 0.197231829 0.168458775 0.012765957 0.022026431
0.144230768 0.127962083 0.034782607 0.105263159 0.008474576 0.008474576 0.028571429 0.020576132 0.025862070 0.095057033 0.032520324 0.073929958 0.004219409 0.032520324 0.067264572 0.101851851 0.017094018 0.070312500 0.012765957 0.028571429 0.012765957 0.000000000 0.062500000 0.004219409 0.048458152 0.077519380 0.012448133 0.016528925 0.101851851 0.008333334 0.184931502 0.156028375 0.000000000 0.034782607
0.082474224 0.065989845 0.027777778 0.166666672 0.054054055 0.054054055 0.090909094 0.082969435 0.036697246 0.156626508 0.094827585 0.135802463 0.058295965 0.094827585 0.004784689 0.039603960 0.045454547 0.132231399 0.049773756 0.090909094 0.049773756 0.062500000 0.000000000 0.058295965 0.014084507 0.139344260 0.074889868 0.078947365 0.039603960 0.070796460 0.244604319 0.216417909 0.062500000 0.027777778
0.140096620 0.123809524 0.030567685 0.109433964 0.004255319 0.004255319 0.032786883 0.024793388 0.021645023 0.099236645 0.036734693 0.078125000 0.000000000 0.036734693 0.063063063 0.097674422 0.012875536 0.074509807 0.008547009 0.032786883 0.008547009 0.004219409 0.058295965 0.000000000 0.044247787 0.081712060 0.016666668 0.020746889 0.097674422 0.012552301 0.189003438 0.160142347 0.004219409 0.030567685
0.096446700 0.079999998 0.013698630 0.152941182 0.039999999 0.039999999 0.076923080 0.068965517 0.022624435 0.142857149 0.080851063 0.121951222 0.044247787 0.080851063 0.018867925 0.053658538 0.031390134 0.118367344 0.035714287 0.076923080 0.035714287 0.048458152 0.014084507 0.044247787 0.000000000 0.125506073 0.060869563 0.064935066 0.053658538 0.056768559 0.231316730 0.202952027 0.048458152 0.013698630
0.219298244 0.203463197 0.112000003 0.027972028 0.085937500 0.085937500 0.049056605 0.057034221 0.103174604 0.017667845 0.045112781 0.003610108 0.081712060 0.045112781 0.144032925 0.177966103 0.094488189 0.007246377 0.090196081 0.049056605 0.090196081 0.077519380 0.139344260 0.081712060 0.125506073 0.000000000 0.065134101 0.061068702 0.177966103 0.069230773 0.108974360 0.079470202 0.077519380 0.112000003
0.156398103 0.140186921 0.047210302 0.092936806 0.020920502 0.020920502 0.016129032 0.008130081 0.038297873 0.082706764 0.020080321 0.061538462 0.016666668 0.020080321 0.079646021 0.114155248 0.029535865 0.057915058 0.025210084 0.016129032 0.025210084 0.012448133 0.074889868 0.016666668 0.060869563 0.065134101 0.000000000 0.004081632 0.114155248 0.004115226 0.172881350 0.143859655 0.012448133 0.047210302
0.160377353 0.144186050 0.051282052 0.088888891 0.025000000 0.025000000 0.012048192 0.004048583 0.042372882 0.078651689 0.016000001 0.057471264 0.020746889 0.016000001 0.083700441 0.118181817 0.033613447 0.053846154 0.029288704 0.012048192 0.029288704 0.016528925 0.078947365 0.020746889 0.064935066 0.061068702 0.004081632 0.000000000 0.118181817 0.008196721 0.168918923 0.139860138 0.016528925 0.051282052
0.043010753 0.026455026 0.067307696 0.204918027 0.093457945 0.093457945 0.130044848 0.122171946 0.076190479 0.195020750 0.133928567 0.174468085 0.097674422 0.133928567 0.034825869 0.000000000 0.084905662 0.170940176 0.089201875 0.130044848 0.089201875 0.101851851 0.039603960 0.097674422 0.053658538 0.177966103 0.114155248 0.118181817 0.000000000 0.110091746 0.281481475 0.253846169 0.101851851 0.067307696
0.152380958 0.136150241 0.043103449 0.097014926 0.016806724 0.016806724 0.020242915 0.012244898 0.034188036 0.086792454 0.024193548 0.065637067 0.012552301 0.024193548 0.075555556 0.110091746 0.025423728 0.062015504 0.021097047 0.020242915 0.021097047 0.008333334 0.070796460 0.012552301 0.056768559 0.069230773 0.004115226 0.008196721 0.110091746 0.000000000 0.176870748 0.147887319 0.008333334 0.043103449
0.320610672 0.305660367 0.218309864 0.081249997 0.193103448 0.193103448 0.157190636 0.164983168 0.209790215 0.091482647 0.153333336 0.112540193 0.189003438 0.153333336 0.249097466 0.281481475 0.201388896 0.116129033 0.197231829 0.157190636 0.197231829 0.184931502 0.244604319 0.189003438 0.231316730 0.108974360 0.172881350 0.168918923 0.281481475 0.176870748 0.000000000 0.029761905 0.184931502 0.218309864
0.293650806 0.278431386 0.189781025 0.051612902 0.164285719 0.164285719 0.128027678 0.135888502 0.181159422 0.061889250 0.124137931 0.083056480 0.160142347 0.124137931 0.220973790 0.253846169 0.172661871 0.086666666 0.168458775 0.128027678 0.168458775 0.156028375 0.216417909 0.160142347 0.202952027 0.079470202 0.143859655 0.139860138 0.253846169 0.147887319 0.029761905 0.000000000 0.156028375 0.189781025
0.144230768 0.127962083 0.034782607 0.105263159 0.008474576 0.008474576 0.028571429 0.020576132 0.025862070 0.095057033 0.032520324 0.073929958 0.004219409 0.032520324 0.067264572 0.101851851 0.017094018 0.070312500 0.012765957 0.028571429 0.012765957 0.000000000 0.062500000 0.004219409 0.048458152 0.077519380 0.012448133 0.016528925 0.101851851 0.008333334 0.184931502 0.156028375 0.000000000 0.034782607
0.109999999 0.093596056 0.000000000 0.139534891 0.026315790 0.026315790 0.063291140 0.055319149 0.008928572 0.129411772 0.067226894 0.108433738 0.030567685 0.067226894 0.032558139 0.067307696 0.017699115 0.104838707 0.022026431 0.063291140 0.022026431 0.034782607 0.027777778 0.030567685 0.013698630 0.112000003 0.047210302 0.051282052 0.067307696 0.043103449 0.218309864 0.189781025 0.034782607 0.000000000
