0.000000000 0.235023037 0.157360405 0.224299058 0.157360405 0.186274514 0.170000002 0.213270143 0.190243900 0.238532111 0.209523812 0.198067635 0.216981128 0.198067635 0.045977011 0.135416672 0.126315787 0.242009133 0.194174752 0.224299058 0.126315787 0.198067635 0.107526883 0.135416672 0.205741629 0.209523812 0.157360405 0.139896378 0.121693119 0.157360405 0.330645174 0.216981128 0.034883723 0.157360405
0.235023037 0.000000000 0.080645159 0.011320755 0.080645159 0.050980393 0.067729086 0.022900764 0.046875000 0.003717472 0.026819924 0.038759690 0.019011406 0.038759690 0.191111118 0.102880657 0.112033196 0.007407407 0.042801555 0.011320755 0.112033196 0.038759690 0.130801693 0.102880657 0.030769231 0.026819924 0.080645159 0.098360658 0.116666667 0.080645159 0.103678927 0.019011406 0.201793715 0.080645159
0.157360405 0.080645159 0.000000000 0.069387756 0.000000000 0.029787235 0.012987013 0.057851240 0.033898305 0.084337346 0.053941909 0.042016808 0.061728396 0.042016808 0.112195119 0.022421524 0.031674210 0.088000000 0.037974682 0.069387756 0.031674210 0.042016808 0.050691243 0.022421524 0.050000001 0.053941909 0.000000000 0.017857144 0.036363635 0.000000000 0.182795703 0.061728396 0.123152710 0.000000000
0.224299058 0.011320755 0.069387756 0.000000000 0.069387756 0.039682541 0.056451611 0.011583012 0.035573121 0.015037594 0.015503876 0.027450981 0.007692308 0.027450981 0.180180177 0.091666669 0.100840338 0.018726591 0.031496063 0.000000000 0.100840338 0.027450981 0.119658120 0.091666669 0.019455252 0.015503876 0.069387756 0.087136932 0.105485231 0.069387756 0.114864863 0.007692308 0.190909088 0.069387756
0.157360405 0.080645159 0.000000000 0.069387756 0.000000000 0.029787235 0.012987013 0.057851240 0.033898305 0.084337346 0.053941909 0.042016808 0.061728396 0.042016808 0.112195119 0.022421524 0.031674210 0.088000000 0.037974682 0.069387756 0.031674210 0.042016808 0.050691243 0.022421524 0.050000001 0.053941909 0.000000000 0.017857144 0.036363635 0.000000000 0.182795703 0.061728396 0.123152710 0.000000000
0.186274514 0.050980393 0.029787235 0.039682541 0.029787235 0.000000000 0.016806724 0.028112451 0.004115226 0.054687500 0.024193548 0.012244898 0.032000002 0.012244898 0.141509429 0.052173913 0.061403509 0.058365759 0.008196721 0.039682541 0.061403509 0.012244898 0.080357142 0.052173913 0.020242915 0.024193548 0.029787235 0.047619049 0.066079296 0.029787235 0.153846160 0.032000002 0.152380958 0.029787235
0.170000002 0.067729086 0.012987013 0.056451611 0.012987013 0.016806724 0.000000000 0.044897959 0.020920502 0.071428575 0.040983606 0.029045643 0.048780486 0.029045643 0.125000000 0.035398230 0.044642858 0.075098813 0.025000000 0.056451611 0.044642858 0.029045643 0.063636363 0.035398230 0.037037037 0.040983606 0.012987013 0.030837005 0.049327355 0.012987013 0.170212761 0.048780486 0.135922328 0.012987013
0.213270143 0.022900764 0.057851240 0.011583012 0.057851240 0.028112451 0.044897959 0.000000000 0.024000000 0.026615970 0.003921569 0.015873017 0.003891051 0.015873017 0.168949768 0.080168776 0.089361705 0.030303031 0.019920319 0.011583012 0.089361705 0.015873017 0.108225107 0.080168776 0.007874016 0.003921569 0.057851240 0.075630255 0.094017096 0.057851240 0.126279861 0.003891051 0.179723501 0.057851240
0.190243900 0.046875000 0.033898305 0.035573121 0.033898305 0.004115226 0.020920502 0.024000000 0.000000000 0.050583657 0.020080321 0.008130081 0.027888447 0.008130081 0.145539910 0.056277055 0.065502182 0.054263566 0.004081632 0.035573121 0.065502182 0.008130081 0.084444441 0.056277055 0.016129032 0.020080321 0.033898305 0.051724140 0.070175439 0.033898305 0.149825782 0.027888447 0.156398103 0.033898305
0.238532111 0.003717472 0.084337346 0.015037594 0.084337346 0.054687500 0.071428575 0.026615970 0.050583657 0.000000000 0.030534351 0.042471044 0.022727273 0.042471044 0.194690272 0.106557377 0.115702480 0.003690037 0.046511628 0.015037594 0.115702480 0.042471044 0.134453788 0.106557377 0.034482758 0.030534351 0.084337346 0.102040820 0.120331950 0.084337346 0.100000001 0.022727273 0.205357149 0.084337346
0.209523812 0.026819924 0.053941909 0.015503876 0.053941909 0.024193548 0.040983606 0.003921569 0.020080321 0.030534351 0.000000000 0.011952192 0.007812500 0.011952192 0.165137619 0.076271184 0.085470088 0.034220532 0.016000001 0.015503876 0.085470088 0.011952192 0.104347825 0.076271184 0.003952569 0.000000000 0.053941909 0.071729958 0.090128757 0.053941909 0.130136982 0.007812500 0.175925925 0.053941909
0.198067635 0.038759690 0.042016808 0.027450981 0.042016808 0.012244898 0.029045643 0.015873017 0.008130081 0.042471044 0.011952192 0.000000000 0.019762846 0.000000000 0.153488368 0.064377680 0.073593073 0.046153847 0.004048583 0.027450981 0.073593073 0.000000000 0.092511013 0.064377680 0.008000000 0.011952192 0.042016808 0.059829060 0.078260869 0.042016808 0.141868517 0.019762846 0.164319247 0.042016808
0.216981128 0.019011406 0.061728396 0.007692308 0.061728396 0.032000002 0.048780486 0.003891051 0.027888447 0.022727273 0.007812500 0.019762846 0.000000000 0.019762846 0.172727272 0.084033616 0.093220338 0.026415095 0.023809524 0.007692308 0.093220338 0.019762846 0.112068966 0.084033616 0.011764706 0.007812500 0.061728396 0.079497911 0.097872339 0.061728396 0.122448981 0.000000000 0.183486238 0.061728396
0.198067635 0.038759690 0.042016808 0.027450981 0.042016808 0.012244898 0.029045643 0.015873017 0.008130081 0.042471044 0.011952192 0.000000000 0.019762846 0.000000000 0.153488368 0.064377680 0.073593073 0.046153847 0.004048583 0.027450981 0.073593073 0.000000000 0.092511013 0.064377680 0.008000000 0.011952192 0.042016808 0.059829060 0.078260869 0.042016808 0.141868517 0.019762846 0.164319247 0.042016808
0.045977011 0.191111118 0.112195119 0.180180177 0.112195119 0.141509429 0.125000000 0.168949768 0.145539910 0.194690272 0.165137619 0.153488368 0.172727272 0.153488368 0.000000000 0.090000004 0.080808081 0.198237881 0.149532706 0.180180177 0.080808081 0.153488368 0.061855670 0.090000004 0.161290318 0.165137619 0.112195119 0.094527364 0.076142132 0.112195119 0.289062500 0.172727272 0.011111111 0.112195119
0.135416672 0.102880657 0.022421524 0.091666669 0.022421524 0.052173913 0.035398230 0.080168776 0.056277055 0.106557377 0.076271184 0.064377680 0.084033616 0.064377680 0.090000004 0.000000000 0.009259259 0.110204078 0.060344826 0.091666669 0.009259259 0.064377680 0.028301887 0.000000000 0.072340429 0.076271184 0.022421524 0.004566210 0.013953488 0.022421524 0.204379559 0.084033616 0.101010099 0.022421524
0.126315787 0.112033196 0.031674210 0.100840338 0.031674210 0.061403509 0.044642858 0.089361705 0.065502182 0.115702480 0.085470088 0.073593073 0.093220338 0.073593073 0.080808081 0.009259259 0.000000000 0.119341567 0.069565214 0.100840338 0.000000000 0.073593073 0.019047620 0.009259259 0.081545062 0.085470088 0.031674210 0.013824885 0.004694836 0.031674210 0.213235289 0.093220338 0.091836736 0.031674210
0.242009133 0.007407407 0.088000000 0.018726591 0.088000000 0.058365759 0.075098813 0.030303031 0.054263566 0.003690037 0.034220532 0.046153847 0.026415095 0.046153847 0.198237881 0.110204078 0.119341567 0.000000000 0.050193049 0.018726591 0.119341567 0.046153847 0.138075307 0.110204078 0.038167939 0.034220532 0.088000000 0.105691060 0.123966940 0.088000000 0.096345514 0.026415095 0.208888888 0.088000000
0.194174752 0.042801555 0.037974682 0.031496063 0.037974682 0.008196721 0.025000000 0.019920319 0.004081632 0.046511628 0.016000001 0.004048583 0.023809524 0.004048583 0.149532706 0.060344826 0.069565214 0.050193049 0.000000000 0.031496063 0.069565214 0.004048583 0.088495575 0.060344826 0.012048192 0.016000001 0.037974682 0.055793993 0.074235804 0.037974682 0.145833328 0.023809524 0.160377353 0.037974682
0.224299058 0.011320755 0.069387756 0.000000000 0.069387756 0.039682541 0.056451611 0.011583012 0.035573121 0.015037594 0.015503876 0.027450981 0.007692308 0.027450981 0.180180177 0.091666669 0.100840338 0.018726591 0.031496063 0.000000000 0.100840338 0.027450981 0.119658120 0.091666669 0.019455252 0.015503876 0.069387756 0.087136932 0.105485231 0.069387756 0.114864863 0.007692308 0.190909088 0.069387756
0.126315787 0.112033196 0.031674210 0.100840338 0.031674210 0.061403509 0.044642858 0.089361705 0.065502182 0.115702480 0.085470088 0.073593073 0.093220338 0.073593073 0.080808081 0.009259259 0.000000000 0.119341567 0.069565214 0.100840338 0.000000000 0.073593073 0.019047620 0.009259259 0.081545062 0.085470088 0.031674210 0.013824885 0.004694836 0.031674210 0.213235289 0.093220338 0.091836736 0.031674210
0.198067635 0.038759690 0.042016808 0.027450981 0.042016808 0.012244898 0.029045643 0.015873017 0.008130081 0.042471044 0.011952192 0.000000000 0.019762846 0.000000000 0.153488368 0.064377680 0.073593073 0.046153847 0.004048583 0.027450981 0.073593073 0.000000000 0.092511013 0.064377680 0.008000000 0.011952192 0.042016808 0.059829060 0.078260869 0.042016808 0.141868517 0.019762846 0.164319247 0.042016808
0.107526883 0.130801693 0.050691243 0.119658120 0.050691243 0.080357142 0.063636363 0.108225107 0.084444441 0.134453788 0.104347825 0.092511013 0.112068966 0.092511013 0.061855670 0.028301887 0.019047620 0.138075307 0.088495575 0.119658120 0.019047620 0.092511013 0.000000000 0.028301887 0.100436680 0.104347825 0.050691243 0.032863848 0.014354067 0.050691243 0.231343284 0.112068966 0.072916664 0.050691243
0.135416672 0.102880657 0.022421524 0.091666669 0.022421524 0.052173913 0.035398230 0.080168776 0.056277055 0.106557377 0.076271184 0.064377680 0.084033616 0.064377680 0.090000004 0.000000000 0.009259259 0.110204078 0.060344826 0.091666669 0.009259259 0.064377680 0.028301887 0.000000000 0.072340429 0.076271184 0.022421524 0.004566210 0.013953488 0.022421524 0.204379559 0.084033616 0.101010099 0.022421524
0.205741629 0.030769231 0.050000001 0.019455252 0.050000001 0.020242915 0.037037037 0.007874016 0.016129032 0.034482758 0.003952569 0.008000000 0.011764706 0.008000000 0.161290318 0.072340429 0.081545062 0.038167939 0.012048192 0.019455252 0.081545062 0.008000000 0.100436680 0.072340429 0.000000000 0.003952569 0.050000001 0.067796610 0.086206898 0.050000001 0.134020612 0.011764706 0.172093019 0.050000001
0.209523812 0.026819924 0.053941909 0.015503876 0.053941909 0.024193548 0.040983606 0.003921569 0.020080321 0.030534351 0.000000000 0.011952192 0.007812500 0.011952192 0.165137619 0.076271184 0.085470088 0.034220532 0.016000001 0.015503876 0.085470088 0.011952192 0.104347825 0.076271184 0.003952569 0.000000000 0.053941909 0.071729958 0.090128757 0.053941909 0.130136982 0.007812500 0.175925925 0.053941909
0.157360405 0.080645159 0.000000000 0.069387756 0.000000000 0.029787235 0.012987013 0.057851240 0.033898305 0.084337346 0.053941909 0.042016808 0.061728396 0.042016808 0.112195119 0.022421524 0.031674210 0.088000000 0.037974682 0.069387756 0.031674210 0.042016808 0.050691243 0.022421524 0.050000001 0.053941909 0.000000000 0.017857144 0.036363635 0.000000000 0.182795703 0.061728396 0.123152710 0.000000000
0.139896378 0.098360658 0.017857144 0.087136932 0.017857144 0.047619049 0.030837005 0.075630255 0.051724140 0.102040820 0.071729958 0.059829060 0.079497911 0.059829060 0.094527364 0.004566210 0.013824885 0.105691060 0.055793993 0.087136932 0.013824885 0.059829060 0.032863848 0.004566210 0.067796610 0.071729958 0.017857144 0.000000000 0.018518519 0.017857144 0.200000003 0.079497911 0.105527639 0.017857144
0.121693119 0.116666667 0.036363635 0.105485231 0.036363635 0.066079296 0.049327355 0.094017096 0.070175439 0.120331950 0.090128757 0.078260869 0.097872339 0.078260869 0.076142132 0.013953488 0.004694836 0.123966940 0.074235804 0.105485231 0.004694836 0.078260869 0.014354067 0.013953488 0.086206898 0.090128757 0.036363635 0.018518519 0.000000000 0.036363635 0.217712179 0.097872339 0.087179489 0.036363635
0.157360405 0.080645159 0.000000000 0.069387756 0.000000000 0.029787235 0.012987013 0.057851240 0.033898305 0.084337346 0.053941909 0.042016808 0.061728396 0.042016808 0.112195119 0.022421524 0.031674210 0.088000000 0.037974682 0.069387756 0.031674210 0.042016808 0.050691243 0.022421524 0.050000001 0.053941909 0.000000000 0.017857144 0.036363635 0.000000000 0.182795703 0.061728396 0.123152710 0.000000000
0.330645174 0.103678927 0.182795703 0.114864863 0.182795703 0.153846160 0.170212761 0.126279861 0.149825782 0.100000001 0.130136982 0.141868517 0.122448981 0.141868517 0.289062500 0.204379559 0.213235289 0.096345514 0.145833328 0.114864863 0.213235289 0.141868517 0.231343284 0.204379559 0.134020612 0.130136982 0.182795703 0.200000003 0.217712179 0.182795703 0.000000000 0.122448981 0.299212605 0.182795703
0.216981128 0.019011406 0.061728396 0.007692308 0.061728396 0.032000002 0.048780486 0.003891051 0.027888447 0.022727273 0.007812500 0.019762846 0.000000000 0.019762846 0.172727272 0.084033616 0.093220338 0.026415095 0.023809524 0.007692308 0.093220338 0.019762846 0.112068966 0.084033616 0.011764706 0.007812500 0.061728396 0.079497911 0.097872339 0.061728396 0.122448981 0.000000000 0.183486238 0.061728396
0.034883723 0.201793715 0.123152710 0.190909088 0.123152710 0.152380958 0.135922328 0.179723501 0.156398103 0.205357149 0.175925925 0.164319247 0.183486238 0.164319247 0.011111111 0.101010099 0.091836736 0.208888888 0.160377353 0.190909088 0.091836736 0.164319247 0.072916664 0.101010099 0.172093019 0.175925925 0.123152710 0.105527639 0.087179489 0.123152710 0.299212605 0.183486238 0.000000000 0.123152710
0.157360405 0.080645159 0.000000000 0.069387756 0.000000000 0.029787235 0.012987013 0.057851240 0.033898305 0.084337346 0.053941909 0.042016808 0.061728396 0.042016808 0.112195119 0.022421524 0.031674210 0.088000000 0.037974682 0.069387756 0.031674210 0.042016808 0.050691243 0.022421524 0.050000001 0.053941909 0.000000000 0.017857144 0.036363635 0.000000000 0.182795703 0.061728396 0.123152710 0.000000000
