0.000000000 0.060109291 0.165048540 0.248908296 0.188679248 0.148514852 0.169082120 0.245614037 0.177033499 0.207373276 0.235555559 0.221719459 0.277310938 0.184834123 0.068322979 0.104166664 0.180952385 0.360594809 0.228699550 0.221719459 0.089947090 0.200000003 0.184834123 0.177033499 0.211009175 0.271186441 0.184834123 0.173076928 0.148514852 0.203703701 0.445161283 0.264957279 0.340996176 0.126903549
0.060109291 0.000000000 0.105990782 0.191666663 0.130044848 0.089201875 0.110091746 0.188284516 0.118181817 0.149122804 0.177966103 0.163793102 0.220883533 0.126126125 0.127906978 0.044334974 0.122171946 0.307142854 0.170940176 0.163793102 0.029999999 0.141592920 0.126126125 0.118181817 0.152838424 0.214574903 0.126126125 0.114155248 0.089201875 0.145374447 0.395638615 0.208163261 0.286764711 0.067307696
0.165048540 0.105990782 0.000000000 0.087452471 0.024390243 0.016949153 0.004149378 0.083969466 0.012345679 0.043824703 0.073359072 0.058823530 0.117647059 0.020408163 0.230769232 0.061946902 0.016393442 0.207920790 0.066147856 0.058823530 0.076233186 0.036144577 0.020408163 0.012345679 0.047619049 0.111111112 0.020408163 0.008264462 0.016949153 0.039999999 0.302325577 0.104477614 0.186440676 0.038961038
0.248908296 0.191666663 0.087452471 0.000000000 0.063197024 0.104247101 0.083333336 0.003508772 0.075187966 0.043795619 0.014184397 0.028776979 0.030508475 0.067164183 0.311926603 0.148594379 0.071161047 0.122699387 0.021428572 0.028776979 0.162601620 0.051470589 0.067164183 0.075187966 0.039999999 0.023890786 0.067164183 0.079245284 0.104247101 0.047619049 0.220708445 0.017182130 0.100628927 0.125984251
0.188679248 0.130044848 0.024390243 0.063197024 0.000000000 0.041322313 0.020242915 0.059701491 0.012048192 0.019455252 0.049056605 0.034482758 0.093525179 0.003984064 0.253731340 0.086206898 0.008000000 0.184466019 0.041825093 0.034482758 0.100436680 0.011764706 0.003984064 0.012048192 0.023255814 0.086956523 0.003984064 0.016129032 0.041322313 0.015625000 0.280000001 0.080291972 0.162790701 0.063291140
0.148514852 0.089201875 0.016949153 0.104247101 0.041322313 0.000000000 0.021097047 0.100775197 0.029288704 0.060728744 0.090196081 0.075697213 0.134328365 0.037344400 0.214659691 0.045045044 0.033333335 0.224080265 0.083003953 0.075697213 0.059360731 0.053061225 0.037344400 0.029288704 0.064516127 0.127819553 0.037344400 0.025210084 0.000000000 0.056910571 0.317647070 0.121212125 0.202749148 0.022026431
0.169082120 0.110091746 0.004149378 0.083333336 0.020242915 0.021097047 0.000000000 0.079847910 0.008196721 0.039682541 0.069230773 0.054687500 0.113553114 0.016260162 0.234693885 0.066079296 0.012244898 0.203947365 0.062015504 0.054687500 0.080357142 0.032000002 0.016260162 0.008196721 0.043478262 0.107011072 0.016260162 0.004115226 0.021097047 0.035856575 0.298550725 0.100371748 0.182432428 0.043103449
0.245614037 0.188284516 0.083969466 0.003508772 0.059701491 0.100775197 0.079847910 0.000000000 0.071698114 0.040293042 0.010676157 0.025270758 0.034013607 0.063670412 0.308755755 0.145161286 0.067669176 0.126153842 0.017921148 0.025270758 0.159183666 0.047970481 0.063670412 0.071698114 0.036496349 0.027397260 0.063670412 0.075757578 0.100775197 0.044117648 0.224043712 0.020689655 0.104100950 0.122529641
0.177033499 0.118181817 0.012345679 0.075187966 0.012048192 0.029288704 0.008196721 0.071698114 0.000000000 0.031496063 0.061068702 0.046511628 0.105454542 0.008064516 0.242424250 0.074235804 0.004048583 0.196078435 0.053846154 0.046511628 0.088495575 0.023809524 0.008064516 0.000000000 0.035294119 0.098901100 0.008064516 0.004081632 0.029288704 0.027667984 0.291066289 0.092250921 0.174496651 0.051282052
0.207373276 0.149122804 0.043824703 0.043795619 0.019455252 0.060728744 0.039682541 0.040293042 0.031496063 0.000000000 0.029629629 0.015037594 0.074204944 0.023437500 0.271844655 0.105485231 0.027450981 0.165605098 0.022388060 0.015037594 0.119658120 0.007692308 0.023437500 0.031496063 0.003802281 0.067615658 0.023437500 0.035573121 0.060728744 0.003831418 0.261971831 0.060931899 0.143790856 0.082644626
0.235555559 0.177966103 0.073359072 0.014184397 0.049056605 0.090196081 0.069230773 0.010676157 0.061068702 0.029629629 0.000000000 0.014598540 0.044673540 0.053030305 0.299065411 0.134693876 0.057034221 0.136645958 0.007246377 0.014598540 0.148760334 0.037313432 0.053030305 0.061068702 0.025830258 0.038062282 0.053030305 0.065134101 0.090196081 0.033457249 0.234159783 0.031358887 0.114649683 0.112000003
0.221719459 0.163793102 0.058823530 0.028776979 0.034482758 0.075697213 0.054687500 0.025270758 0.046511628 0.015037594 0.014598540 0.000000000 0.059233449 0.038461540 0.285714298 0.120331950 0.042471044 0.150943398 0.007352941 0.000000000 0.134453788 0.022727273 0.038461540 0.046511628 0.011235955 0.052631579 0.038461540 0.050583657 0.075697213 0.018867925 0.247910857 0.045936394 0.129032254 0.097560972
0.277310938 0.220883533 0.117647059 0.030508475 0.093525179 0.134328365 0.113553114 0.034013607 0.105454542 0.074204944 0.044673540 0.059233449 0.000000000 0.097472921 0.339207053 0.178294569 0.101449274 0.092537314 0.051903114 0.059233449 0.192156866 0.081850536 0.097472921 0.105454542 0.070422538 0.006622517 0.097472921 0.109489053 0.134328365 0.078014188 0.191489369 0.013333334 0.070336394 0.155893534
0.184834123 0.126126125 0.020408163 0.067164183 0.003984064 0.037344400 0.016260162 0.063670412 0.008064516 0.023437500 0.053030305 0.038461540 0.097472921 0.000000000 0.250000000 0.082251079 0.004016064 0.188311681 0.045801528 0.038461540 0.096491225 0.015748031 0.000000000 0.008064516 0.027237354 0.090909094 0.000000000 0.012145749 0.037344400 0.019607844 0.283667624 0.084249087 0.166666672 0.059322033
0.068322979 0.127906978 0.230769232 0.311926603 0.253731340 0.214659691 0.234693885 0.308755755 0.242424250 0.271844655 0.299065411 0.285714298 0.339207053 0.250000000 0.000000000 0.171270713 0.246231154 0.418604642 0.292452842 0.285714298 0.157303378 0.264705896 0.250000000 0.242424250 0.275362313 0.333333343 0.250000000 0.238578677 0.214659691 0.268292695 0.498327762 0.327354252 0.400000006 0.193548381
0.104166664 0.044334974 0.061946902 0.148594379 0.086206898 0.045045044 0.066079296 0.145161286 0.074235804 0.105485231 0.134693876 0.120331950 0.178294569 0.082251079 0.171270713 0.000000000 0.078260869 0.266435981 0.127572015 0.120331950 0.014354067 0.097872339 0.082251079 0.074235804 0.109243698 0.171875000 0.082251079 0.070175439 0.045045044 0.101694912 0.357575744 0.165354326 0.245551601 0.023041476
0.180952385 0.122171946 0.016393442 0.071161047 0.008000000 0.033333335 0.012244898 0.067669176 0.004048583 0.027450981 0.057034221 0.042471044 0.101449274 0.004016064 0.246231154 0.078260869 0.000000000 0.192182407 0.049808428 0.042471044 0.092511013 0.019762846 0.004016064 0.004048583 0.031250000 0.094890513 0.004016064 0.008130081 0.033333335 0.023622047 0.287356317 0.088235296 0.170568556 0.055319149
0.360594809 0.307142854 0.207920790 0.122699387 0.184466019 0.224080265 0.203947365 0.126153842 0.196078435 0.165605098 0.136645958 0.150943398 0.092537314 0.188311681 0.418604642 0.266435981 0.192182407 0.000000000 0.143749997 0.150943398 0.279720277 0.173076928 0.188311681 0.196078435 0.161904767 0.099099100 0.188311681 0.200000003 0.224080265 0.169329077 0.100737102 0.105740182 0.022346368 0.244897962
0.228699550 0.170940176 0.066147856 0.021428572 0.041825093 0.083003953 0.062015504 0.017921148 0.053846154 0.022388060 0.007246377 0.007352941 0.051903114 0.045801528 0.292452842 0.127572015 0.049808428 0.143749997 0.000000000 0.007352941 0.141666666 0.030075189 0.045801528 0.053846154 0.018587360 0.045296166 0.045801528 0.057915058 0.083003953 0.026217228 0.240997225 0.038596492 0.121794872 0.104838707
0.221719459 0.163793102 0.058823530 0.028776979 0.034482758 0.075697213 0.054687500 0.025270758 0.046511628 0.015037594 0.014598540 0.000000000 0.059233449 0.038461540 0.285714298 0.120331950 0.042471044 0.150943398 0.007352941 0.000000000 0.134453788 0.022727273 0.038461540 0.046511628 0.011235955 0.052631579 0.038461540 0.050583657 0.075697213 0.018867925 0.247910857 0.045936394 0.129032254 0.097560972
0.089947090 0.029999999 0.076233186 0.162601620 0.100436680 0.059360731 0.080357142 0.159183666 0.088495575 0.119658120 0.148760334 0.134453788 0.192156866 0.096491225 0.157303378 0.014354067 0.092511013 0.279720277 0.141666666 0.134453788 0.000000000 0.112068966 0.096491225 0.088495575 0.123404257 0.185770750 0.096491225 0.084444441 0.059360731 0.115879826 0.370030582 0.179282874 0.258992791 0.037383176
0.200000003 0.141592920 0.036144577 0.051470589 0.011764706 0.053061225 0.032000002 0.047970481 0.023809524 0.007692308 0.037313432 0.022727273 0.081850536 0.015748031 0.264705896 0.097872339 0.019762846 0.173076928 0.030075189 0.022727273 0.112068966 0.000000000 0.015748031 0.023809524 0.011494253 0.075268820 0.015748031 0.027888447 0.053061225 0.003861004 0.269121826 0.068592057 0.151315793 0.075000003
0.184834123 0.126126125 0.020408163 0.067164183 0.003984064 0.037344400 0.016260162 0.063670412 0.008064516 0.023437500 0.053030305 0.038461540 0.097472921 0.000000000 0.250000000 0.082251079 0.004016064 0.188311681 0.045801528 0.038461540 0.096491225 0.015748031 0.000000000 0.008064516 0.027237354 0.090909094 0.000000000 0.012145749 0.037344400 0.019607844 0.283667624 0.084249087 0.166666672 0.059322033
0.177033499 0.118181817 0.012345679 0.075187966 0.012048192 0.029288704 0.008196721 0.071698114 0.000000000 0.031496063 0.061068702 0.046511628 0.105454542 0.008064516 0.242424250 0.074235804 0.004048583 0.196078435 0.053846154 0.046511628 0.088495575 0.023809524 0.008064516 0.000000000 0.035294119 0.098901100 0.008064516 0.004081632 0.029288704 0.027667984 0.291066289 0.092250921 0.174496651 0.051282052
0.211009175 0.152838424 0.047619049 0.039999999 0.023255814 0.064516127 0.043478262 0.036496349 0.035294119 0.003802281 0.025830258 0.011235955 0.070422538 0.027237354 0.275362313 0.109243698 0.031250000 0.161904767 0.018587360 0.011235955 0.123404257 0.011494253 0.027237354 0.035294119 0.000000000 0.063829787 0.027237354 0.039370079 0.064516127 0.007633588 0.258426964 0.057142857 0.140065148 0.086419754
0.271186441 0.214574903 0.111111112 0.023890786 0.086956523 0.127819553 0.107011072 0.027397260 0.098901100 0.067615658 0.038062282 0.052631579 0.006622517 0.090909094 0.333333343 0.171875000 0.094890513 0.099099100 0.045296166 0.052631579 0.185770750 0.075268820 0.090909094 0.098901100 0.063829787 0.000000000 0.090909094 0.102941178 0.127819553 0.071428575 0.197860956 0.006711409 0.076923080 0.149425283
0.184834123 0.126126125 0.020408163 0.067164183 0.003984064 0.037344400 0.016260162 0.063670412 0.008064516 0.023437500 0.053030305 0.038461540 0.097472921 0.000000000 0.250000000 0.082251079 0.004016064 0.188311681 0.045801528 0.038461540 0.096491225 0.015748031 0.000000000 0.008064516 0.027237354 0.090909094 0.000000000 0.012145749 0.037344400 0.019607844 0.283667624 0.084249087 0.166666672 0.059322033
0.173076928 0.114155248 0.008264462 0.079245284 0.016129032 0.025210084 0.004115226 0.075757578 0.004081632 0.035573121 0.065134101 0.050583657 0.109489053 0.012145749 0.238578677 0.070175439 0.008130081 0.200000003 0.057915058 0.050583657 0.084444441 0.027888447 0.012145749 0.004081632 0.039370079 0.102941178 0.012145749 0.000000000 0.025210084 0.031746034 0.294797689 0.096296296 0.178451180 0.047210302
0.148514852 0.089201875 0.016949153 0.104247101 0.041322313 0.000000000 0.021097047 0.100775197 0.029288704 0.060728744 0.090196081 0.075697213 0.134328365 0.037344400 0.214659691 0.045045044 0.033333335 0.224080265 0.083003953 0.075697213 0.059360731 0.053061225 0.037344400 0.029288704 0.064516127 0.127819553 0.037344400 0.025210084 0.000000000 0.056910571 0.317647070 0.121212125 0.202749148 0.022026431
0.203703701 0.145374447 0.039999999 0.047619049 0.015625000 0.056910571 0.035856575 0.044117648 0.027667984 0.003831418 0.033457249 0.018867925 0.078014188 0.019607844 0.268292695 0.101694912 0.023622047 0.169329077 0.026217228 0.018867925 0.115879826 0.003861004 0.019607844 0.027667984 0.007633588 0.071428575 0.019607844 0.031746034 0.056910571 0.000000000 0.265536726 0.064748198 0.147540987 0.078838177
0.445161283 0.395638615 0.302325577 0.220708445 0.280000001 0.317647070 0.298550725 0.224043712 0.291066289 0.261971831 0.234159783 0.247910857 0.191489369 0.283667624 0.498327762 0.357575744 0.287356317 0.100737102 0.240997225 0.247910857 0.370030582 0.269121826 0.283667624 0.291066289 0.258426964 0.197860956 0.283667624 0.294797689 0.317647070 0.265536726 0.000000000 0.204301074 0.122807018 0.337313443
0.264957279 0.208163261 0.104477614 0.017182130 0.080291972 0.121212125 0.100371748 0.020689655 0.092250921 0.060931899 0.031358887 0.045936394 0.013333334 0.084249087 0.327354252 0.165354326 0.088235296 0.105740182 0.038596492 0.045936394 0.179282874 0.068592057 0.084249087 0.092250921 0.057142857 0.006711409 0.084249087 0.096296296 0.121212125 0.064748198 0.204301074 0.000000000 0.083591335 0.142857149
0.340996176 0.286764711 0.186440676 0.100628927 0.162790701 0.202749148 0.182432428 0.104100950 0.174496651 0.143790856 0.114649683 0.129032254 0.070336394 0.166666672 0.400000006 0.245551601 0.170568556 0.022346368 0.121794872 0.129032254 0.258992791 0.151315793 0.166666672 0.174496651 0.140065148 0.076923080 0.166666672 0.178451180 0.202749148 0.147540987 0.122807018 0.083591335 0.000000000 0.223776221
0.126903549 0.067307696 0.038961038 0.125984251 0.063291140 0.022026431 0.043103449 0.122529641 0.051282052 0.082644626 0.112000003 0.097560972 0.155893534 0.059322033 0.193548381 0.023041476 0.055319149 0.244897962 0.104838707 0.097560972 0.037383176 0.075000003 0.059322033 0.051282052 0.086419754 0.149425283 0.059322033 0.047210302 0.022026431 0.078838177 0.337313443 0.142857149 0.223776221 0.000000000
