0.014490735 0.053771026 0.019986669 0.080569521 0.013969998 0.037832871 0.034305852 0.038636848 0.041789211 0.060191765 0.046830405 0.077946112 0.052067351 0.047529824 0.027600206 0.017948084 0.027908653 0.061214440 0.038297363 0.060539037 0.025446013 0.046787828 0.023168657 0.039731015 0.051387046 0.047044605 0.040109836 0.038734522 0.016909480 0.048940934 0.082248554 0.070258513 0.040462531 0.026071012
0.053771026 -0.045671046 0.018392330 0.064980865 0.021444844 0.021661706 0.022925831 0.021243518 0.034420334 0.042809416 0.024736388 0.055063117 0.029833570 0.028709654 0.046427369 0.031142367 0.023653250 0.036380764 0.028735526 0.047886919 0.023536809 0.025781373 0.040519476 0.022197509 0.008973110 0.026698152 0.027084813 0.025110234 0.033356614 0.037752703 0.079349056 0.043265026 0.029639550 0.033193421
0.019986669 0.018392330 -0.001491833 0.046467610 0.004830817 0.005878898 -0.000406436 0.003394439 0.004249627 0.030413877 0.010183279 0.042232212 0.014521411 0.016639078 0.028399212 0.011961350 -0.000585304 0.030184213 0.013468899 0.020819029 0.002343324 0.011466220 0.011925546 0.001081840 0.019803617 0.020740287 0.000789946 0.007996544 0.007438746 0.013221427 0.051406659 0.044205837 0.021659093 0.012321366
0.080569521 0.064980865 0.046467610 0.020943131 0.040175244 0.030336274 0.035645526 0.034408815 0.047530938 0.012525085 0.033606574 0.040231243 0.033937685 0.034578614 0.080726586 0.065712608 0.058477163 0.045553759 0.054286145 0.037761949 0.051785558 0.040543102 0.058536608 0.036119998 0.046199597 0.024391042 0.045762550 0.042113271 0.064685710 0.042988088 0.045526326 0.038171612 0.045256417 0.058566749
0.013969998 0.021444844 0.004830817 0.040175244 -0.019853646 0.011901635 0.009737439 0.014902084 0.017444234 0.027415480 0.017194819 0.035417926 0.019885600 0.019681556 0.019220406 0.013043035 0.003730871 0.026640933 0.016327851 0.024324302 0.007638595 0.019772584 0.010171561 0.013893602 0.026766472 0.018514276 0.011370514 0.009843991 0.001735629 0.010172275 0.041620173 0.043676350 0.011514108 0.018160239
0.037832871 0.021661706 0.005878898 0.030336274 0.011901635 -0.025270261 0.002149549 0.002651059 0.004121364 0.018808603 0.007268257 0.027620498 0.006478926 0.008824566 0.036936395 0.025386438 0.007290264 0.024873219 0.010000140 0.012311629 0.002216353 0.010517878 0.020840114 0.004932177 0.023907412 0.015943350 0.003634525 0.000144918 0.017897440 0.005345637 0.043285351 0.027447080 0.018729858 0.018275525
0.034305852 0.022925831 -0.000406436 0.035645526 0.009737439 0.002149549 -0.014262741 -0.003196413 0.002422660 0.021239974 0.004230019 0.028493239 0.007982125 0.007277888 0.036177997 0.023777867 0.007571423 0.023137428 0.013468393 0.007419828 0.004065308 0.008475396 0.020857353 -0.002406072 0.020849857 0.010034322 -0.003648193 0.002823588 0.015972687 -0.001497450 0.047357433 0.036880620 0.022040229 0.017809179
0.038636848 0.021243518 0.003394439 0.034408815 0.014902084 0.002651059 -0.003196413 -0.002707504 0.006606477 0.017207820 0.006230794 0.030306449 0.003398582 0.006230338 0.040022884 0.027843188 0.012808148 0.020106297 0.010804686 0.012434483 0.008664719 0.009942667 0.026780235 0.001060194 0.012684626 0.008784858 -0.001029701 0.007347043 0.021267079 0.005175111 0.040713262 0.030985303 0.026503559 0.024438836
0.041789211 0.034420334 0.004249627 0.047530938 0.017444234 0.004121364 0.002422660 0.006606477 -0.001670255 0.029824480 0.009792265 0.033698231 0.017101303 0.009457182 0.043412931 0.020144308 0.007477490 0.031363517 0.015378124 0.017388459 0.009308346 -0.001479233 0.011867236 0.002421934 0.029269310 0.010613717 -0.001161131 0.000149109 0.017000115 0.000924844 0.063158795 0.042310208 0.025432158 0.020109471
0.060191765 0.042809416 0.030413877 0.012525085 0.027415480 0.018808603 0.021239974 0.017207820 0.029824480 0.001550304 0.016763549 0.015823450 0.013379840 0.018872343 0.059423134 0.050872836 0.039444946 0.022042524 0.034013726 0.008593741 0.034760140 0.023075024 0.045052331 0.021386378 0.026851393 0.005487877 0.027875232 0.027148327 0.047831647 0.026098955 0.025535598 0.017957069 0.027266286 0.039930046
0.046830405 0.024736388 0.010183279 0.033606574 0.017194819 0.007268257 0.004230019 0.006230794 0.009792265 0.016763549 -0.005710040 0.027757656 0.009837760 0.010497006 0.046332262 0.036329426 0.016037332 0.017427228 0.012284218 0.013263651 0.013656041 0.012438283 0.030347127 0.007353232 0.022767965 -0.000116301 0.006270647 0.007278448 0.029633809 0.005397895 0.046885148 0.022001944 0.019493267 0.025485851
0.077946112 0.055063117 0.042232212 0.040231243 0.035417926 0.027620498 0.028493239 0.030306449 0.033698231 0.015823450 0.027757656 0.018199474 0.030310392 0.025377858 0.078301542 0.053674646 0.049864057 0.040158719 0.046599902 0.025082350 0.040546164 0.033921096 0.046491701 0.028414238 0.039682534 0.018198282 0.034254033 0.031737503 0.053657852 0.036086544 0.068004839 0.048467662 0.038907561 0.053024519
0.052067351 0.029833570 0.014521411 0.033937685 0.019885600 0.006478926 0.007982125 0.003398582 0.017101303 0.013379840 0.009837760 0.030310392 0.000491530 0.009147014 0.053558044 0.040867820 0.021257151 0.025252245 0.018652873 0.015960895 0.019102488 0.010486454 0.033157412 0.009285641 0.018703112 -0.000335156 0.005914558 0.011865109 0.036865406 0.009097405 0.042299826 0.023629170 0.027317114 0.029374648
0.047529824 0.028709654 0.016639078 0.034578614 0.019681556 0.008824566 0.007277888 0.006230338 0.009457182 0.018872343 0.010497006 0.025377858 0.009147014 0.001799271 0.047039565 0.039334059 0.018268596 0.024437258 0.016330173 0.012568980 0.009521835 0.014919484 0.031517014 0.008365584 0.020270936 0.012996765 0.008494370 0.008536611 0.028747821 0.012138594 0.053262215 0.036907591 0.024554508 0.031839997
0.027600206 0.046427369 0.028399212 0.080726586 0.019220406 0.036936395 0.036177997 0.040022884 0.043412931 0.059423134 0.046332262 0.078301542 0.053558044 0.047039565 0.014652167 0.012947820 0.029614622 0.062909350 0.036065415 0.062096667 0.030444764 0.045235448 0.031675339 0.039162081 0.043345284 0.051134277 0.044316251 0.034668360 0.022026250 0.047292791 0.075044520 0.076226801 0.040286265 0.032247774
0.017948084 0.031142367 0.011961350 0.065712608 0.013043035 0.025386438 0.023777867 0.027843188 0.020144308 0.050872836 0.036329426 0.053674646 0.040867820 0.039334059 0.012947820 -0.016709384 0.013660317 0.061060175 0.026056053 0.028205790 0.008545124 0.030261822 0.001609956 0.023363627 0.032009650 0.048844524 0.022458235 0.018100183 0.001125786 0.036519654 0.073851451 0.075069405 0.026765067 0.011718000
0.027908653 0.023653250 -0.000585304 0.058477163 0.003730871 0.007290264 0.007571423 0.012808148 0.007477490 0.039444946 0.016037332 0.049864057 0.021257151 0.018268596 0.029614622 0.013660317 -0.013951264 0.034747571 0.013460811 0.030196998 0.005082753 0.016074818 0.011162668 0.008126114 0.025541961 0.023314968 0.005076319 0.008791443 0.007765722 0.014755690 0.067861639 0.049303487 0.015885413 0.019521099
0.061214440 0.036380764 0.030184213 0.045553759 0.026640933 0.024873219 0.023137428 0.020106297 0.031363517 0.022042524 0.017427228 0.040158719 0.025252245 0.024437258 0.062909350 0.061060175 0.034747571 0.004337307 0.029667884 0.042403631 0.039016858 0.027708558 0.056377146 0.025800183 0.034514710 0.014338159 0.023893118 0.033991829 0.046309639 0.023386385 0.046663616 0.037683573 0.039438207 0.041614749
0.038297363 0.028735526 0.013468899 0.054286145 0.016327851 0.010000140 0.013468393 0.010804686 0.015378124 0.034013726 0.012284218 0.046599902 0.018652873 0.016330173 0.036065415 0.026056053 0.013460811 0.029667884 -0.001054272 0.032882906 0.014527175 0.018190127 0.026450748 0.015963029 0.025024297 0.020346783 0.012624555 0.017710315 0.017098716 0.017902549 0.059155837 0.045620650 0.028303556 0.019995131
0.060539037 0.047886919 0.020819029 0.037761949 0.024324302 0.012311629 0.007419828 0.012434483 0.017388459 0.008593741 0.013263651 0.025082350 0.015960895 0.012568980 0.062096667 0.028205790 0.030196998 0.042403631 0.032882906 -0.001067907 0.024655364 0.015067114 0.025705583 0.014630588 0.028852358 0.006779064 0.012649499 0.013820164 0.034531951 0.015592860 0.051086031 0.044848200 0.027177552 0.039253339
0.025446013 0.023536809 0.002343324 0.051785558 0.007638595 0.002216353 0.004065308 0.008664719 0.009308346 0.034760140 0.013656041 0.040546164 0.019102488 0.009521835 0.030444764 0.008545124 0.005082753 0.039016858 0.014527175 0.024655364 -0.000943585 0.009494753 0.002033623 0.004149068 0.029978115 0.020381887 0.002603787 0.005180474 0.001050654 0.012185017 0.055414829 0.042472828 0.009614140 0.012477726
0.046787828 0.025781373 0.011466220 0.040543102 0.019772584 0.010517878 0.008475396 0.009942667 -0.001479233 0.023075024 0.012438283 0.033921096 0.010486454 0.014919484 0.045235448 0.030261822 0.016074818 0.027708558 0.018190127 0.015067114 0.009494753 -0.021117710 0.022947039 0.000296327 0.024825141 0.010555701 0.012201073 0.011093799 0.021269150 0.016635414 0.064185642 0.033053569 0.019727996 0.022703465
0.023168657 0.040519476 0.011925546 0.058536608 0.010171561 0.020840114 0.020857353 0.026780235 0.011867236 0.045052331 0.030347127 0.046491701 0.033157412 0.031517014 0.031675339 0.001609956 0.011162668 0.056377146 0.026450748 0.025705583 0.002033623 0.022947039 -0.010413453 0.017870678 0.031722732 0.041410863 0.021860585 0.011298217 0.006558626 0.031860434 0.077884212 0.062702805 0.015627036 0.016118573
0.039731015 0.022197509 0.001081840 0.036119998 0.013893602 0.004932177 -0.002406072 0.001060194 0.002421934 0.021386378 0.007353232 0.028414238 0.009285641 0.008365584 0.039162081 0.023363627 0.008126114 0.025800183 0.015963029 0.014630588 0.004149068 0.000296327 0.017870678 -0.003108524 0.020285677 0.007208847 -0.002947582 0.000456871 0.017921656 0.002150616 0.049186338 0.032810345 0.016553091 0.019359231
0.051387046 0.008973110 0.019803617 0.046199597 0.026766472 0.023907412 0.020849857 0.012684626 0.029269310 0.026851393 0.022767965 0.039682534 0.018703112 0.020270936 0.043345284 0.032009650 0.025541961 0.034514710 0.025024297 0.028852358 0.029978115 0.024825141 0.031722732 0.020285677 -0.015977915 0.016218351 0.016708227 0.018554710 0.040186297 0.022901697 0.054124571 0.044498913 0.032549582 0.033459246
0.047044605 0.026698152 0.020740287 0.024391042 0.018514276 0.015943350 0.010034322 0.008784858 0.010613717 0.005487877 -0.000116301 0.018198282 -0.000335156 0.012996765 0.051134277 0.048844524 0.023314968 0.014338159 0.020346783 0.006779064 0.020381887 0.010555701 0.041410863 0.007208847 0.016218351 -0.001166169 0.010368844 0.015956134 0.030835632 0.010351322 0.044776581 0.025608903 0.024731044 0.030254219
0.040109836 0.027084813 0.000789946 0.045762550 0.011370514 0.003634525 -0.003648193 -0.001029701 -0.001161131 0.027875232 0.006270647 0.034254033 0.005914558 0.008494370 0.044316251 0.022458235 0.005076319 0.023893118 0.012624555 0.012649499 0.002603787 0.012201073 0.021860585 -0.002947582 0.016708227 0.010368844 -0.011327710 0.002885929 0.018516157 0.001887287 0.058501124 0.047795299 0.027813749 0.019472824
0.038734522 0.025110234 0.007996544 0.042113271 0.009843991 0.000144918 0.002823588 0.007347043 0.000149109 0.027148327 0.007278448 0.031737503 0.011865109 0.008536611 0.034668360 0.018100183 0.008791443 0.033991829 0.017710315 0.013820164 0.005180474 0.011093799 0.011298217 0.000456871 0.018554710 0.015956134 0.002885929 -0.009139173 0.014456876 0.009029986 0.055227362 0.038192526 0.011551667 0.015943751
0.016909480 0.033356614 0.007438746 0.064685710 0.001735629 0.017897440 0.015972687 0.021267079 0.017000115 0.047831647 0.029633809 0.053657852 0.036865406 0.028747821 0.022026250 0.001125786 0.007765722 0.046309639 0.017098716 0.034531951 0.001050654 0.021269150 0.006558626 0.017921656 0.040186297 0.030835632 0.018516157 0.014456876 -0.012384276 0.024355914 0.072669871 0.058839858 0.020926451 0.014775351
0.048940934 0.037752703 0.013221427 0.042988088 0.010172275 0.005345637 -0.001497450 0.005175111 0.000924844 0.026098955 0.005397895 0.036086544 0.009097405 0.012138594 0.047292791 0.036519654 0.014755690 0.023386385 0.017902549 0.015592860 0.012185017 0.016635414 0.031860434 0.002150616 0.022901697 0.010351322 0.001887287 0.009029986 0.024355914 -0.012751188 0.064415701 0.044528078 0.029495249 0.024860840
0.082248554 0.079349056 0.051406659 0.045526326 0.041620173 0.043285351 0.047357433 0.040713262 0.063158795 0.025535598 0.046885148 0.068004839 0.042299826 0.053262215 0.075044520 0.073851451 0.067861639 0.046663616 0.059155837 0.051086031 0.055414829 0.064185642 0.077884212 0.049186338 0.054124571 0.044776581 0.058501124 0.055227362 0.072669871 0.064415701 0.010614283 0.059299067 0.071580663 0.056590185
0.070258513 0.043265026 0.044205837 0.038171612 0.043676350 0.027447080 0.036880620 0.030985303 0.042310208 0.017957069 0.022001944 0.048467662 0.023629170 0.036907591 0.076226801 0.075069405 0.049303487 0.037683573 0.045620650 0.044848200 0.042472828 0.033053569 0.062702805 0.032810345 0.044498913 0.025608903 0.047795299 0.038192526 0.058839858 0.044528078 0.059299067 0.018795192 0.041221574 0.057642478
0.040462531 0.029639550 0.021659093 0.045256417 0.011514108 0.018729858 0.022040229 0.026503559 0.025432158 0.027266286 0.019493267 0.038907561 0.027317114 0.024554508 0.040286265 0.026765067 0.015885413 0.039438207 0.028303556 0.027177552 0.009614140 0.019727996 0.015627036 0.016553091 0.032549582 0.024731044 0.027813749 0.011551667 0.020926451 0.029495249 0.071580663 0.041221574 -0.033041298 0.023985986
0.026071012 0.033193421 0.012321366 0.058566749 0.018160239 0.018275525 0.017809179 0.024438836 0.020109471 0.039930046 0.025485851 0.053024519 0.029374648 0.031839997 0.032247774 0.011718000 0.019521099 0.041614749 0.019995131 0.039253339 0.012477726 0.022703465 0.016118573 0.019359231 0.033459246 0.030254219 0.019472824 0.015943751 0.014775351 0.024860840 0.056590185 0.057642478 0.023985986 0.009886397
