0.000000000 0.144230768 0.118811883 0.190909088 0.123152710 0.179723501 0.127450988 0.198198199 0.140096620 0.242553189 0.187214613 0.219298244 0.190909088 0.140096620 0.105527639 0.077720210 0.123152710 0.285140574 0.109999999 0.232758626 0.144230768 0.164319247 0.101010099 0.148325354 0.152380958 0.229437232 0.127450988 0.127450988 0.068062827 0.183486238 0.328301877 0.273469388 0.190909088 0.131707311
0.144230768 0.000000000 0.025862070 0.048000000 0.021459227 0.036437247 0.017094018 0.055555556 0.004219409 0.101886794 0.044176705 0.077519380 0.048000000 0.004219409 0.039301310 0.067264572 0.021459227 0.146953404 0.034782607 0.091603056 0.000000000 0.020576132 0.043859649 0.004184100 0.008333334 0.088122606 0.017094018 0.017094018 0.076923080 0.040322579 0.193220332 0.134545460 0.048000000 0.012765957
0.118811883 0.025862070 0.000000000 0.073770493 0.004405286 0.062240664 0.008771930 0.081300810 0.021645023 0.127413124 0.069958851 0.103174604 0.073770493 0.021645023 0.013452915 0.041474655 0.004405286 0.172161177 0.008928572 0.117187500 0.025862070 0.046413504 0.018018018 0.030042918 0.034188036 0.113725491 0.008771930 0.008771930 0.051162791 0.066115700 0.217993081 0.159851298 0.073770493 0.013100437
0.190909088 0.048000000 0.073770493 0.000000000 0.069387756 0.011583012 0.065040648 0.007575758 0.052208837 0.054151624 0.003831418 0.029629629 0.000000000 0.052208837 0.087136932 0.114893615 0.069387756 0.099656358 0.082644626 0.043795619 0.048000000 0.027450981 0.091666669 0.043824703 0.039682541 0.040293042 0.065040648 0.065040648 0.124463521 0.007692308 0.146579802 0.087108016 0.000000000 0.060728744
0.123152710 0.021459227 0.004405286 0.069387756 0.000000000 0.057851240 0.004366812 0.076923080 0.017241379 0.123076923 0.065573767 0.098814227 0.069387756 0.017241379 0.017857144 0.045871560 0.000000000 0.167883217 0.013333334 0.112840466 0.021459227 0.042016808 0.022421524 0.025641026 0.029787235 0.109375000 0.004366812 0.004366812 0.055555556 0.061728396 0.213793099 0.155555561 0.069387756 0.008695652
0.179723501 0.036437247 0.062240664 0.011583012 0.057851240 0.000000000 0.053497944 0.019157087 0.040650405 0.065693431 0.007751938 0.041198503 0.011583012 0.040650405 0.075630255 0.103448279 0.057851240 0.111111112 0.071129709 0.055350553 0.036437247 0.015873017 0.080168776 0.032258064 0.028112451 0.051851850 0.053497944 0.053497944 0.113043480 0.003891051 0.157894731 0.098591551 0.011583012 0.049180329
0.127450988 0.017094018 0.008771930 0.065040648 0.004366812 0.053497944 0.000000000 0.072580643 0.012875536 0.118773945 0.061224490 0.094488189 0.065040648 0.012875536 0.022222223 0.050228309 0.004366812 0.163636357 0.017699115 0.108527131 0.017094018 0.037656903 0.026785715 0.021276595 0.025423728 0.105058365 0.000000000 0.000000000 0.059907835 0.057377048 0.209621996 0.151291519 0.065040648 0.004329004
0.198198199 0.055555556 0.081300810 0.007575758 0.076923080 0.019157087 0.072580643 0.000000000 0.059760958 0.046594981 0.011406844 0.022058824 0.007575758 0.059760958 0.094650209 0.122362867 0.076923080 0.092150174 0.090163931 0.036231883 0.055555556 0.035019454 0.099173553 0.051383398 0.047244094 0.032727271 0.072580643 0.072580643 0.131914899 0.015267176 0.139158577 0.079584777 0.007575758 0.068273090
0.140096620 0.004219409 0.021645023 0.052208837 0.017241379 0.040650405 0.012875536 0.059760958 0.000000000 0.106060609 0.048387095 0.081712060 0.052208837 0.000000000 0.035087720 0.063063063 0.017241379 0.151079133 0.030567685 0.095785439 0.004219409 0.024793388 0.039647575 0.008403362 0.012552301 0.092307694 0.012875536 0.012875536 0.072727270 0.044534411 0.197278917 0.138686135 0.052208837 0.008547009
0.242553189 0.101886794 0.127413124 0.054151624 0.123076923 0.065693431 0.118773945 0.046594981 0.106060609 0.000000000 0.057971016 0.024561403 0.054151624 0.106060609 0.140625000 0.167999998 0.123076923 0.045751635 0.136186764 0.010380623 0.101886794 0.081481479 0.145098045 0.097744361 0.093632959 0.013888889 0.118773945 0.118773945 0.177419350 0.061818182 0.093167700 0.033112582 0.054151624 0.114503816
0.187214613 0.044176705 0.069958851 0.003831418 0.065573767 0.007751938 0.061224490 0.011406844 0.048387095 0.057971016 0.000000000 0.033457249 0.003831418 0.048387095 0.083333336 0.111111112 0.065573767 0.103448279 0.078838177 0.047619049 0.044176705 0.023622047 0.087866105 0.039999999 0.035856575 0.044117648 0.061224490 0.061224490 0.120689653 0.003861004 0.150326803 0.090909094 0.003831418 0.056910571
0.219298244 0.077519380 0.103174604 0.029629629 0.098814227 0.041198503 0.094488189 0.022058824 0.081712060 0.024561403 0.033457249 0.000000000 0.029629629 0.081712060 0.116465867 0.144032925 0.098814227 0.070234112 0.112000003 0.014184397 0.077519380 0.057034221 0.120967738 0.073359072 0.069230773 0.010676157 0.094488189 0.094488189 0.153526977 0.037313432 0.117460318 0.057627119 0.029629629 0.090196081
0.190909088 0.048000000 0.073770493 0.000000000 0.069387756 0.011583012 0.065040648 0.007575758 0.052208837 0.054151624 0.003831418 0.029629629 0.000000000 0.052208837 0.087136932 0.114893615 0.069387756 0.099656358 0.082644626 0.043795619 0.048000000 0.027450981 0.091666669 0.043824703 0.039682541 0.040293042 0.065040648 0.065040648 0.124463521 0.007692308 0.146579802 0.087108016 0.000000000 0.060728744
0.140096620 0.004219409 0.021645023 0.052208837 0.017241379 0.040650405 0.012875536 0.059760958 0.000000000 0.106060609 0.048387095 0.081712060 0.052208837 0.000000000 0.035087720 0.063063063 0.017241379 0.151079133 0.030567685 0.095785439 0.004219409 0.024793388 0.039647575 0.008403362 0.012552301 0.092307694 0.012875536 0.012875536 0.072727270 0.044534411 0.197278917 0.138686135 0.052208837 0.008547009
0.105527639 0.039301310 0.013452915 0.087136932 0.017857144 0.075630255 0.022222223 0.094650209 0.035087720 0.140625000 0.083333336 0.116465867 0.087136932 0.035087720 0.000000000 0.028037382 0.017857144 0.185185179 0.004524887 0.130434781 0.039301310 0.059829060 0.004566210 0.043478262 0.047619049 0.126984134 0.022222223 0.022222223 0.037735850 0.079497911 0.230769232 0.172932327 0.087136932 0.026548672
0.077720210 0.067264572 0.041474655 0.114893615 0.045871560 0.103448279 0.050228309 0.122362867 0.063063063 0.167999998 0.111111112 0.144032925 0.114893615 0.063063063 0.028037382 0.000000000 0.045871560 0.212121218 0.032558139 0.157894731 0.067264572 0.087719299 0.023474179 0.071428575 0.075555556 0.154471546 0.050228309 0.050228309 0.009708738 0.107296139 0.257142872 0.200000003 0.114893615 0.054545455
0.123152710 0.021459227 0.004405286 0.069387756 0.000000000 0.057851240 0.004366812 0.076923080 0.017241379 0.123076923 0.065573767 0.098814227 0.069387756 0.017241379 0.017857144 0.045871560 0.000000000 0.167883217 0.013333334 0.112840466 0.021459227 0.042016808 0.022421524 0.025641026 0.029787235 0.109375000 0.004366812 0.004366812 0.055555556 0.061728396 0.213793099 0.155555561 0.069387756 0.008695652
0.285140574 0.146953404 0.172161177 0.099656358 0.167883217 0.111111112 0.163636357 0.092150174 0.151079133 0.045751635 0.103448279 0.070234112 0.099656358 0.151079133 0.185185179 0.212121218 0.167883217 0.000000000 0.180811808 0.056105610 0.146953404 0.126760557 0.189591080 0.142857149 0.138790041 0.059602648 0.163636357 0.163636357 0.221374050 0.107266434 0.047619049 0.012658228 0.099656358 0.159420297
0.109999999 0.034782607 0.008928572 0.082644626 0.013333334 0.071129709 0.017699115 0.090163931 0.030567685 0.136186764 0.078838177 0.112000003 0.082644626 0.030567685 0.004524887 0.032558139 0.013333334 0.180811808 0.000000000 0.125984251 0.034782607 0.055319149 0.009090909 0.038961038 0.043103449 0.122529641 0.017699115 0.017699115 0.042253520 0.075000003 0.226480842 0.168539330 0.082644626 0.022026431
0.232758626 0.091603056 0.117187500 0.043795619 0.112840466 0.055350553 0.108527131 0.036231883 0.095785439 0.010380623 0.047619049 0.014184397 0.043795619 0.095785439 0.130434781 0.157894731 0.112840466 0.056105610 0.125984251 0.000000000 0.091603056 0.071161047 0.134920642 0.087452471 0.083333336 0.003508772 0.108527131 0.108527131 0.167346939 0.051470589 0.103448279 0.043478262 0.043795619 0.104247101
0.144230768 0.000000000 0.025862070 0.048000000 0.021459227 0.036437247 0.017094018 0.055555556 0.004219409 0.101886794 0.044176705 0.077519380 0.048000000 0.004219409 0.039301310 0.067264572 0.021459227 0.146953404 0.034782607 0.091603056 0.000000000 0.020576132 0.043859649 0.004184100 0.008333334 0.088122606 0.017094018 0.017094018 0.076923080 0.040322579 0.193220332 0.134545460 0.048000000 0.012765957
0.164319247 0.020576132 0.046413504 0.027450981 0.042016808 0.015873017 0.037656903 0.035019454 0.024793388 0.081481479 0.023622047 0.057034221 0.027450981 0.024793388 0.059829060 0.087719299 0.042016808 0.126760557 0.055319149 0.071161047 0.020576132 0.000000000 0.064377680 0.016393442 0.012244898 0.067669176 0.037656903 0.037656903 0.097345136 0.019762846 0.173333332 0.114285715 0.027450981 0.033333335
0.101010099 0.043859649 0.018018018 0.091666669 0.022421524 0.080168776 0.026785715 0.099173553 0.039647575 0.145098045 0.087866105 0.120967738 0.091666669 0.039647575 0.004566210 0.023474179 0.022421524 0.189591080 0.009090909 0.134920642 0.043859649 0.064377680 0.000000000 0.048034936 0.052173913 0.131474108 0.026785715 0.026785715 0.033175357 0.084033616 0.235087723 0.177358493 0.091666669 0.031111112
0.148325354 0.004184100 0.030042918 0.043824703 0.025641026 0.032258064 0.021276595 0.051383398 0.008403362 0.097744361 0.039999999 0.073359072 0.043824703 0.008403362 0.043478262 0.071428575 0.025641026 0.142857149 0.038961038 0.087452471 0.004184100 0.016393442 0.048034936 0.000000000 0.004149378 0.083969466 0.021276595 0.021276595 0.081081077 0.036144577 0.189189196 0.130434781 0.043824703 0.016949153
0.152380958 0.008333334 0.034188036 0.039682541 0.029787235 0.028112451 0.025423728 0.047244094 0.012552301 0.093632959 0.035856575 0.069230773 0.039682541 0.012552301 0.047619049 0.075555556 0.029787235 0.138790041 0.043103449 0.083333336 0.008333334 0.012244898 0.052173913 0.004149378 0.000000000 0.079847910 0.025423728 0.025423728 0.085201792 0.032000002 0.185185179 0.126353785 0.039682541 0.021097047
0.229437232 0.088122606 0.113725491 0.040293042 0.109375000 0.051851850 0.105058365 0.032727271 0.092307694 0.013888889 0.044117648 0.010676157 0.040293042 0.092307694 0.126984134 0.154471546 0.109375000 0.059602648 0.122529641 0.003508772 0.088122606 0.067669176 0.131474108 0.083969466 0.079847910 0.000000000 0.105058365 0.105058365 0.163934425 0.047970481 0.106918238 0.046979867 0.040293042 0.100775197
0.127450988 0.017094018 0.008771930 0.065040648 0.004366812 0.053497944 0.000000000 0.072580643 0.012875536 0.118773945 0.061224490 0.094488189 0.065040648 0.012875536 0.022222223 0.050228309 0.004366812 0.163636357 0.017699115 0.108527131 0.017094018 0.037656903 0.026785715 0.021276595 0.025423728 0.105058365 0.000000000 0.000000000 0.059907835 0.057377048 0.209621996 0.151291519 0.065040648 0.004329004
0.127450988 0.017094018 0.008771930 0.065040648 0.004366812 0.053497944 0.000000000 0.072580643 0.012875536 0.118773945 0.061224490 0.094488189 0.065040648 0.012875536 0.022222223 0.050228309 0.004366812 0.163636357 0.017699115 0.108527131 0.017094018 0.037656903 0.026785715 0.021276595 0.025423728 0.105058365 0.000000000 0.000000000 0.059907835 0.057377048 0.209621996 0.151291519 0.065040648 0.004329004
0.068062827 0.076923080 0.051162791 0.124463521 0.055555556 0.113043480 0.059907835 0.131914899 0.072727270 0.177419350 0.120689653 0.153526977 0.124463521 0.072727270 0.037735850 0.009708738 0.055555556 0.221374050 0.042253520 0.167346939 0.076923080 0.097345136 0.033175357 0.081081077 0.085201792 0.163934425 0.059907835 0.059907835 0.000000000 0.116883114 0.266187042 0.209302321 0.124463521 0.064220183
0.183486238 0.040322579 0.066115700 0.007692308 0.061728396 0.003891051 0.057377048 0.015267176 0.044534411 0.061818182 0.003861004 0.037313432 0.007692308 0.044534411 0.079497911 0.107296139 0.061728396 0.107266434 0.075000003 0.051470589 0.040322579 0.019762846 0.084033616 0.036144577 0.032000002 0.047970481 0.057377048 0.057377048 0.116883114 0.000000000 0.154098362 0.094736844 0.007692308 0.053061225
0.328301877 0.193220332 0.217993081 0.146579802 0.213793099 0.157894731 0.209621996 0.139158577 0.197278917 0.093167700 0.150326803 0.117460318 0.146579802 0.197278917 0.230769232 0.257142872 0.213793099 0.047619049 0.226480842 0.103448279 0.193220332 0.173333332 0.235087723 0.189189196 0.185185179 0.106918238 0.209621996 0.209621996 0.266187042 0.154098362 0.000000000 0.060240965 0.146579802 0.205479458
0.273469388 0.134545460 0.159851298 0.087108016 0.155555561 0.098591551 0.151291519 0.079584777 0.138686135 0.033112582 0.090909094 0.057627119 0.087108016 0.138686135 0.172932327 0.200000003 0.155555561 0.012658228 0.168539330 0.043478262 0.134545460 0.114285715 0.177358493 0.130434781 0.126353785 0.046979867 0.151291519 0.151291519 0.209302321 0.094736844 0.060240965 0.000000000 0.087108016 0.147058830
0.190909088 0.048000000 0.073770493 0.000000000 0.069387756 0.011583012 0.065040648 0.007575758 0.052208837 0.054151624 0.003831418 0.029629629 0.000000000 0.052208837 0.087136932 0.114893615 0.069387756 0.099656358 0.082644626 0.043795619 0.048000000 0.027450981 0.091666669 0.043824703 0.039682541 0.040293042 0.065040648 0.065040648 0.124463521 0.007692308 0.146579802 0.087108016 0.000000000 0.060728744
0.131707311 0.012765957 0.013100437 0.060728744 0.008695652 0.049180329 0.004329004 0.068273090 0.008547009 0.114503816 0.056910571 0.090196081 0.060728744 0.008547009 0.026548672 0.054545455 0.008695652 0.159420297 0.022026431 0.104247101 0.012765957 0.033333335 0.031111112 0.016949153 0.021097047 0.100775197 0.004329004 0.004329004 0.064220183 0.053061225 0.205479458 0.147058830 0.060728744 0.000000000
