0.018305937 0.050288618 0.022707675 0.070323780 0.021871898 0.039981917 0.034838479 0.037703529 0.040291637 0.061856106 0.045845546 0.060341891 0.045905836 0.037988916 0.030316917 0.025063742 0.027772976 0.054393344 0.034565914 0.055180464 0.030754097 0.043801267 0.027274825 0.037209351 0.046492029 0.056660146 0.040791746 0.038943432 0.027580220 0.043718789 0.080885142 0.066975646 0.043575086 0.026987042
0.050288618 -0.052555006 0.013809706 0.050456770 0.019392420 0.022823863 0.018744735 0.018266147 0.030742763 0.037411019 0.022035005 0.038747255 0.024765249 0.018376572 0.042996243 0.031418607 0.019034788 0.025739694 0.020466316 0.037711397 0.021740187 0.021355387 0.039027840 0.017749174 0.003799356 0.023606189 0.022350874 0.019261386 0.035674136 0.026844494 0.067418389 0.029008510 0.026145974 0.026972359
0.022707675 0.013809706 -0.001257639 0.041027229 0.010355290 0.011458007 -0.000356025 0.003651548 0.005025233 0.027804900 0.011982388 0.032097112 0.015554998 0.008899047 0.029170012 0.017138712 0.000716783 0.022037029 0.007249563 0.021290006 0.002595877 0.009043146 0.016105603 0.001299946 0.018024627 0.021556005 0.003402442 0.006063016 0.013812539 0.008002100 0.053586558 0.031591561 0.018667731 0.006758744
0.070323780 0.050456770 0.041027229 0.011185028 0.041184828 0.040187459 0.033266444 0.031558752 0.044908427 0.011953929 0.030802624 0.030074950 0.025048988 0.028851390 0.071604177 0.079932980 0.050955102 0.019196238 0.037695270 0.034607414 0.050899059 0.041482586 0.072859555 0.032810677 0.038025070 0.031007996 0.042603597 0.043986604 0.068303943 0.033788372 0.035598852 0.023625813 0.054679330 0.053052913
0.021871898 0.019392420 0.010355290 0.041184828 -0.005445338 0.018278863 0.010505525 0.015446045 0.021335479 0.031145256 0.019025691 0.034005783 0.021104608 0.012998721 0.023539189 0.026513917 0.008976952 0.023306331 0.015610449 0.028192651 0.013013459 0.022762477 0.022120403 0.015247637 0.021604750 0.026523463 0.013192177 0.013663965 0.017325316 0.009419637 0.047797304 0.036492385 0.022148889 0.013026323
0.039981917 0.022823863 0.011458007 0.040187459 0.018278863 -0.016730448 0.006520108 0.006541791 0.011034430 0.028247196 0.011462148 0.034167618 0.010813827 0.008078853 0.039954297 0.035919499 0.010882498 0.022660093 0.010699570 0.028233308 0.014247662 0.014291249 0.030607393 0.009772060 0.021132383 0.026175937 0.008377608 0.011200376 0.027258676 0.005456160 0.050283611 0.031037632 0.029129192 0.018235587
0.034838479 0.018744735 -0.000356025 0.033266444 0.010505525 0.006520108 -0.012648692 -0.002330975 0.003093893 0.020032190 0.002210927 0.023779513 0.007076304 0.001909210 0.035452724 0.029660255 0.006484426 0.015109153 0.007771228 0.008778080 0.003794295 0.006043185 0.025837593 -0.002772342 0.018869214 0.010956182 -0.001690927 0.001754232 0.019828523 -0.005996404 0.049064122 0.026851581 0.019911796 0.012866447
0.037703529 0.018266147 0.003651548 0.031558752 0.015446045 0.006541791 -0.002330975 -0.002856391 0.007670193 0.017280292 0.004225834 0.024575619 0.000601332 -0.000616347 0.037924822 0.033862781 0.012260132 0.013719006 0.007338733 0.011505238 0.009785891 0.008337365 0.030604199 0.000882508 0.008637045 0.011768073 -0.000095060 0.006992978 0.024685062 0.000849545 0.040970620 0.023162687 0.027012570 0.017760040
0.040291637 0.030742763 0.005025233 0.044908427 0.021335479 0.011034430 0.003093893 0.007670193 -0.001528926 0.031693526 0.005883269 0.030590087 0.012356517 0.008485274 0.042733438 0.027631309 0.004043539 0.022152502 0.009589826 0.019872149 0.009924473 -0.001059084 0.021576874 0.002576917 0.028443607 0.015625002 0.000960649 0.002634887 0.020981763 -0.002635909 0.063671894 0.039402775 0.028243447 0.017835468
0.061856106 0.037411019 0.027804900 0.011953929 0.031145256 0.028247196 0.020032190 0.017280292 0.031693526 0.008951996 0.016234407 0.014341448 0.011559742 0.016257750 0.062610112 0.063919365 0.039048299 0.004141881 0.025596483 0.014009431 0.036258955 0.027868323 0.060819086 0.022517711 0.022467820 0.009095198 0.027698018 0.032945633 0.055345885 0.021998601 0.027139507 0.008362543 0.040175200 0.040672928
0.045845546 0.022035005 0.011982388 0.030802624 0.019025691 0.011462148 0.002210927 0.004225834 0.005883269 0.016234407 -0.014400778 0.019230248 0.000282871 0.001217432 0.046168912 0.044949725 0.015882574 0.005971389 0.006415970 0.013364742 0.016056534 0.008190189 0.037384421 0.003389760 0.019546654 0.007301352 0.004827406 0.008239726 0.033180542 -0.001134051 0.047481693 0.017447852 0.022613786 0.022478793
0.060341891 0.038747255 0.032097112 0.030074950 0.034005783 0.034167618 0.023779513 0.024575619 0.030590087 0.014341448 0.019230248 0.017359409 0.020104252 0.021809770 0.061990127 0.060339920 0.038925514 0.013440037 0.029224262 0.024370201 0.037739784 0.029810570 0.055408243 0.024867449 0.032283351 0.017344408 0.026899688 0.031505961 0.052841909 0.022467770 0.046728037 0.031550512 0.044158928 0.044058483
0.045905836 0.024765249 0.015554998 0.025048988 0.021104608 0.010813827 0.007076304 0.000601332 0.012356517 0.011559742 0.000282871 0.020104252 -0.016737534 0.004314099 0.048864819 0.051390719 0.017886098 0.009950243 0.010787845 0.011027941 0.019922389 0.007052655 0.041856810 0.005010825 0.012680635 0.009080505 0.004605024 0.014334639 0.035964984 0.002659013 0.039928447 0.016317464 0.028079651 0.024495795
0.037988916 0.018376572 0.008899047 0.028851390 0.012998721 0.008078853 0.001909210 -0.000616347 0.008485274 0.016257750 0.001217432 0.021809770 0.004314099 -0.011956878 0.035468198 0.038638823 0.010628366 0.009899694 0.005319174 0.011418143 0.009622381 0.009440036 0.029458310 0.005325779 0.013892882 0.008916336 0.001401603 0.006059233 0.023041546 -0.001248582 0.039892547 0.017430499 0.021582557 0.014744821
0.030316917 0.042996243 0.029170012 0.071604177 0.023539189 0.039954297 0.035452724 0.037924822 0.042733438 0.062610112 0.046168912 0.061990127 0.048864819 0.035468198 0.017865898 0.017965849 0.028954696 0.056533195 0.031371862 0.056307122 0.035084620 0.045065619 0.035711914 0.037072372 0.039004803 0.059987515 0.041840315 0.035666421 0.030360041 0.040810272 0.070900708 0.067451268 0.045133617 0.028941076
0.025063742 0.031418607 0.017138712 0.079932980 0.026513917 0.035919499 0.029660255 0.033862781 0.027631309 0.063919365 0.044949725 0.060339920 0.051390719 0.038638823 0.017965849 -0.008191861 0.018087221 0.058728676 0.024978312 0.054861806 0.020128354 0.035922535 0.012095478 0.030550627 0.037245858 0.059360463 0.029178137 0.028193735 0.015404731 0.036357619 0.079559937 0.080529585 0.037086688 0.014660901
0.027772976 0.019034788 0.000716783 0.050955102 0.008976952 0.010882498 0.006484426 0.012260132 0.004043539 0.039048299 0.015882574 0.038925514 0.017886098 0.010628366 0.028954696 0.018087221 -0.015413018 0.027989859 0.008109643 0.026309295 0.006533002 0.014696557 0.013707009 0.004310297 0.022234505 0.027087610 0.003387778 0.007464334 0.013588823 0.008513056 0.065020740 0.041814044 0.017551284 0.015081313
0.054393344 0.025739694 0.022037029 0.019196238 0.023306331 0.022660093 0.015109153 0.013719006 0.022152502 0.004141881 0.005971389 0.013440037 0.009950243 0.009899694 0.056533195 0.058728676 0.027989859 -0.012499690 0.018596373 0.016258530 0.026842840 0.018617079 0.051615227 0.016152171 0.024458326 0.006568745 0.016840454 0.019699600 0.044903129 0.010778571 0.035657674 0.014368301 0.028456299 0.031338014
0.034565914 0.020466316 0.007249563 0.037695270 0.015610449 0.010699570 0.007771228 0.007338733 0.009589826 0.025596483 0.006415970 0.029224262 0.010787845 0.005319174 0.031371862 0.024978312 0.008109643 0.018596373 -0.011379749 0.019639477 0.007662123 0.013659656 0.023864159 0.010026828 0.018922787 0.016192595 0.007582386 0.009053620 0.016888011 0.007696392 0.050490845 0.031058267 0.025068404 0.011409561
0.055180464 0.037711397 0.021290006 0.034607414 0.028192651 0.028233308 0.008778080 0.011505238 0.019872149 0.014009431 0.013364742 0.024370201 0.011027941 0.011418143 0.056307122 0.054861806 0.026309295 0.016258530 0.019639477 0.004285101 0.027417460 0.019885123 0.053968295 0.014964620 0.019850090 0.019119881 0.015987873 0.024057955 0.043842204 0.012645791 0.053597186 0.030175243 0.040580370 0.032966383
0.030754097 0.021740187 0.002595877 0.050899059 0.013013459 0.014247662 0.003794295 0.009785891 0.009924473 0.036258955 0.016056534 0.037739784 0.019922389 0.009622381 0.035084620 0.020128354 0.006533002 0.026842840 0.007662123 0.027417460 -0.004431223 0.012498506 0.018303569 0.004181396 0.025664205 0.025395297 0.006565982 0.008104498 0.015132330 0.011289068 0.066075891 0.038465232 0.015597286 0.009977430
0.043801267 0.021355387 0.009043146 0.041482586 0.022762477 0.014291249 0.006043185 0.008337365 -0.001059084 0.027868323 0.008190189 0.029810570 0.007052655 0.009440036 0.045065619 0.035922535 0.014696557 0.018617079 0.013659656 0.019885123 0.012498506 -0.020382661 0.029091818 -0.000638482 0.020761814 0.015109178 0.008596366 0.015830867 0.028024619 0.010482961 0.061303373 0.029122984 0.030181345 0.018892612
0.027274825 0.039027840 0.016105603 0.072859555 0.022120403 0.030607393 0.025837593 0.030604199 0.021576874 0.060819086 0.037384421 0.055408243 0.041856810 0.029458310 0.035711914 0.012095478 0.013707009 0.051615227 0.023864159 0.053968295 0.018303569 0.029091818 0.002493180 0.025310840 0.036263030 0.052680802 0.026261650 0.025755405 0.019287739 0.029462729 0.079565182 0.068384148 0.030921716 0.017200591
0.037209351 0.017749174 0.001299946 0.032810677 0.015247637 0.009772060 -0.002772342 0.000882508 0.002576917 0.022517711 0.003389760 0.024867449 0.005010825 0.005325779 0.037072372 0.030550627 0.004310297 0.016152171 0.010026828 0.014964620 0.004181396 -0.000638482 0.025310840 -0.002807734 0.016943950 0.011290759 -0.001662234 0.001847804 0.019601671 -0.002140996 0.048807878 0.026236154 0.017016577 0.014688384
0.046492029 0.003799356 0.018024627 0.038025070 0.021604750 0.021132383 0.018869214 0.008637045 0.028443607 0.022467820 0.019546654 0.032283351 0.012680635 0.013892882 0.039004803 0.037245858 0.022234505 0.024458326 0.018922787 0.019850090 0.025664205 0.020761814 0.036263030 0.016943950 -0.027184671 0.019363889 0.015575996 0.015575011 0.035562899 0.017825563 0.053435240 0.030389924 0.029854417 0.022564761
0.056660146 0.023606189 0.021556005 0.031007996 0.026523463 0.026175937 0.010956182 0.011768073 0.015625002 0.009095198 0.007301352 0.017344408 0.009080505 0.008916336 0.059987515 0.059360463 0.027087610 0.006568745 0.016192595 0.019119881 0.025395297 0.015109178 0.052680802 0.011290759 0.019363889 -0.002105258 0.014067773 0.020091727 0.045629390 0.007911028 0.050167345 0.021656390 0.033808131 0.033003461
0.040791746 0.022350874 0.003402442 0.042603597 0.013192177 0.008377608 -0.001690927 -0.000095060 0.000960649 0.027698018 0.004827406 0.026899688 0.004605024 0.001401603 0.041840315 0.029178137 0.003387778 0.016840454 0.007582386 0.015987873 0.006565982 0.008596366 0.026261650 -0.001662234 0.015575996 0.014067773 -0.008118089 0.002874113 0.023316424 -0.003059244 0.058310673 0.037611850 0.022667490 0.013396175
0.038943432 0.019261386 0.006063016 0.043986604 0.013663965 0.011200376 0.001754232 0.006992978 0.002634887 0.032945633 0.008239726 0.031505961 0.014334639 0.006059233 0.035666421 0.028193735 0.007464334 0.019699600 0.009053620 0.024057955 0.008104498 0.015830867 0.025755405 0.001847804 0.015575011 0.020091727 0.002874113 -0.001914084 0.022076396 0.003811318 0.057101700 0.033994716 0.023229828 0.014964518
0.027580220 0.035674136 0.013812539 0.068303943 0.017325316 0.027258676 0.019828523 0.024685062 0.020981763 0.055345885 0.033180542 0.052841909 0.035964984 0.023041546 0.030360041 0.015404731 0.013588823 0.044903129 0.016888011 0.043842204 0.015132330 0.028024619 0.019287739 0.019601671 0.035562899 0.045629390 0.023316424 0.022076396 0.008549645 0.024964463 0.078502968 0.060547605 0.033819035 0.017102465
0.043718789 0.026844494 0.008002100 0.033788372 0.009419637 0.005456160 -0.005996404 0.000849545 -0.002635909 0.021998601 -0.001134051 0.022467770 0.002659013 -0.001248582 0.040810272 0.036357619 0.008513056 0.010778571 0.007696392 0.012645791 0.011289068 0.010482961 0.029462729 -0.002140996 0.017825563 0.007911028 -0.003059244 0.003811318 0.024964463 -0.024987577 0.053861234 0.030654518 0.026432194 0.017309524
0.080885142 0.067418389 0.053586558 0.035598852 0.047797304 0.050283611 0.049064122 0.040970620 0.063671894 0.027139507 0.047481693 0.046728037 0.039928447 0.039892547 0.070900708 0.079559937 0.065020740 0.035657674 0.050490845 0.053597186 0.066075891 0.061303373 0.079565182 0.048807878 0.053435240 0.050167345 0.058310673 0.057101700 0.078502968 0.053861234 0.002233732 0.047269836 0.072170362 0.056975294
0.066975646 0.029008510 0.031591561 0.023625813 0.036492385 0.031037632 0.026851581 0.023162687 0.039402775 0.008362543 0.017447852 0.031550512 0.016317464 0.017430499 0.067451268 0.080529585 0.041814044 0.014368301 0.031058267 0.030175243 0.038465232 0.029122984 0.068384148 0.026236154 0.030389924 0.021656390 0.037611850 0.033994716 0.060547605 0.030654518 0.047269836 -0.012003891 0.047468323 0.041542538
0.043575086 0.026145974 0.018667731 0.054679330 0.022148889 0.029129192 0.019911796 0.027012570 0.028243447 0.040175200 0.022613786 0.044158928 0.028079651 0.021582557 0.045133617 0.037086688 0.017551284 0.028456299 0.025068404 0.040580370 0.015597286 0.030181345 0.030921716 0.017016577 0.029854417 0.033808131 0.022667490 0.023229828 0.033819035 0.026432194 0.072170362 0.047468323 -0.005750753 0.029246558
0.026987042 0.026972359 0.006758744 0.053052913 0.013026323 0.018235587 0.012866447 0.017760040 0.017835468 0.040672928 0.022478793 0.044058483 0.024495795 0.014744821 0.028941076 0.014660901 0.015081313 0.031338014 0.011409561 0.032966383 0.009977430 0.018892612 0.017200591 0.014688384 0.022564761 0.033003461 0.013396175 0.014964518 0.017102465 0.017309524 0.056975294 0.041542538 0.029246558 -0.004922902
