0.019598959 0.064492404 0.025830675 0.077679023 0.030713275 0.036879994 0.037513945 0.039937891 0.041222371 0.060161144 0.048480552 0.065061323 0.050781101 0.047466911 0.040017873 0.017226327 0.033314403 0.069102958 0.045830674 0.051936857 0.030716650 0.049487010 0.019534811 0.038887814 0.052078672 0.057147816 0.042527184 0.040957585 0.019334724 0.051270295 0.091995947 0.070435062 0.039219514 0.024320817
0.064492404 -0.040462896 0.020846050 0.058814410 0.033937432 0.026128372 0.025484273 0.026277522 0.037723973 0.040237784 0.031615421 0.040454116 0.033103369 0.029534284 0.060161650 0.034326345 0.026921086 0.041520789 0.032315873 0.043027297 0.026941160 0.030196140 0.039363027 0.025763517 0.017463215 0.026493128 0.029230924 0.023426546 0.038975235 0.036224626 0.076792769 0.040715382 0.028526485 0.033932984
0.025830675 0.020846050 -0.001175852 0.039768055 0.011006967 0.004173107 -0.000336282 0.004022910 0.004030422 0.026263673 0.012297113 0.029276682 0.016603645 0.013043906 0.030887287 0.011385175 0.005568985 0.031587932 0.015500199 0.018687785 0.001683901 0.011124685 0.006865766 0.001410022 0.021764172 0.017564312 0.003179490 0.004356468 0.010985530 0.010335502 0.052182086 0.033336792 0.015007804 0.006902314
0.077679023 0.058814410 0.039768055 0.009414341 0.047412310 0.030427899 0.031861536 0.031196035 0.042956054 0.010474639 0.031704150 0.025375344 0.028343171 0.037726000 0.084173873 0.069829658 0.050929591 0.034796685 0.047105677 0.027509712 0.046416216 0.043447927 0.061526455 0.033116922 0.043342933 0.023004591 0.040825628 0.039729074 0.064102344 0.035758018 0.035611317 0.026466183 0.048102111 0.051060054
0.030713275 0.033937432 0.011006967 0.047412310 -0.008358585 0.009897665 0.009256974 0.016600059 0.020799337 0.035891436 0.021303751 0.035807237 0.023990683 0.022713332 0.034763277 0.013018806 0.013252540 0.043867566 0.032582741 0.027850786 0.012301834 0.029673172 0.003761678 0.015560568 0.026595891 0.023406420 0.012095040 0.016304206 0.012260624 0.017355401 0.054536358 0.050835773 0.017309239 0.016831391
0.036879994 0.026128372 0.004173107 0.030427899 0.009897665 -0.030115576 -0.000259690 0.000439047 0.003271117 0.021004148 0.005983826 0.026326746 0.006040344 0.007635999 0.036854759 0.020745568 0.005581403 0.028440828 0.013157486 0.013616814 0.002008756 0.011471188 0.015310631 0.003233456 0.023682132 0.013532591 0.000898984 0.000637868 0.018634452 0.003292930 0.042151812 0.027011614 0.019374076 0.011415195
0.037513945 0.025484273 -0.000336282 0.031861536 0.009256974 -0.000259690 -0.012267265 -0.002454620 0.002421800 0.020195218 0.006131924 0.021655310 0.010259595 0.005303946 0.035719141 0.023072319 0.007930429 0.024611019 0.015859421 0.007395734 0.003641789 0.008513439 0.017785691 -0.002854375 0.021689743 0.007470768 -0.001939055 0.000939094 0.018967044 -0.003747477 0.047396015 0.030249108 0.017862454 0.013883701
0.039937891 0.026277522 0.004022910 0.031196035 0.016600059 0.000439047 -0.002454620 -0.002346104 0.007717499 0.017530957 0.006803604 0.022845283 0.004769826 0.004159595 0.039976712 0.024941422 0.013471317 0.025371671 0.016357344 0.009779515 0.010178627 0.011040291 0.021583509 0.001176808 0.013822727 0.008110207 -0.000525869 0.006630826 0.022500608 0.004006412 0.038348548 0.027356012 0.023238080 0.018306766
0.041222371 0.037723973 0.004030422 0.042956054 0.020799337 0.003271117 0.002421800 0.007717499 -0.001660880 0.031258408 0.009731581 0.029780386 0.014050498 0.013490834 0.043516826 0.021595955 0.007054461 0.032615971 0.018956687 0.014092581 0.008391858 0.002293705 0.013557434 0.002436962 0.029084586 0.011646992 -0.000466353 0.001370039 0.018736877 0.000215971 0.061841570 0.043115567 0.026589910 0.016470209
0.060161144 0.040237784 0.026263673 0.010474639 0.035891436 0.021004148 0.020195218 0.017530957 0.031258408 0.002807237 0.017708883 0.012752061 0.010031829 0.023289217 0.062613651 0.055399626 0.036332704 0.017239716 0.031735003 0.010279390 0.034906857 0.028784515 0.048104852 0.023159560 0.028711226 0.004962107 0.025846614 0.028362855 0.049271077 0.021618173 0.017906258 0.013254523 0.031715043 0.037147559
0.048480552 0.031615421 0.012297113 0.031704150 0.021303751 0.005983826 0.006131924 0.006803604 0.009731581 0.017708883 -0.000702035 0.021445181 0.009713819 0.012153435 0.050258383 0.035792142 0.017049428 0.023158919 0.020126102 0.010534670 0.015454463 0.015568091 0.028589133 0.007191145 0.023280485 0.005995263 0.007063309 0.008466275 0.030282717 0.007107112 0.048838805 0.020862551 0.018454799 0.021344788
0.065061323 0.040454116 0.029276682 0.025375344 0.035807237 0.026326746 0.021655310 0.022845283 0.029780386 0.012752061 0.021445181 0.008996092 0.020995911 0.024976162 0.068340659 0.054994196 0.036660131 0.022486109 0.033141658 0.016086660 0.033097021 0.030029042 0.047388174 0.024656471 0.035091590 0.008957069 0.024778461 0.027177881 0.049009807 0.022434730 0.040786296 0.029453300 0.037520416 0.039715976
0.050781101 0.033103369 0.016603645 0.028343171 0.023990683 0.006040344 0.010259595 0.004769826 0.014050498 0.010031829 0.009713819 0.020995911 -0.007066879 0.012703454 0.053528935 0.043770317 0.020352108 0.024011962 0.020749228 0.011699949 0.019685337 0.012382520 0.034469500 0.008067216 0.017987836 0.007608891 0.007778800 0.012998452 0.036132924 0.008871298 0.043945257 0.017863808 0.024630513 0.025079787
0.047466911 0.029534284 0.013043906 0.037726000 0.022713332 0.007635999 0.005303946 0.004159595 0.013490834 0.023289217 0.012153435 0.024976162 0.012703454 -0.001283497 0.048243672 0.034384072 0.015511855 0.028080609 0.018798195 0.017321201 0.014825173 0.017664202 0.025016310 0.009688603 0.022251273 0.010148458 0.004150828 0.011780854 0.027593540 0.007441024 0.043465417 0.034496173 0.026333885 0.022833493
0.040017873 0.060161650 0.030887287 0.084173873 0.034763277 0.036854759 0.035719141 0.039976712 0.043516826 0.062613651 0.050258383 0.068340659 0.053528935 0.048243672 0.032176260 0.010394228 0.034753434 0.076150894 0.045896281 0.053444218 0.034188181 0.054635104 0.024284599 0.038073376 0.044369835 0.061385345 0.041970056 0.036025081 0.027350254 0.051691327 0.085327938 0.077675760 0.047159836 0.029182397
0.017226327 0.034326345 0.011385175 0.069829658 0.013018806 0.020745568 0.023072319 0.024941422 0.021595955 0.055399626 0.035792142 0.054994196 0.043770317 0.034384072 0.010394228 -0.018996188 0.013090130 0.062814854 0.029372174 0.035047792 0.012380494 0.030951833 -0.002325924 0.024239723 0.032129686 0.048506089 0.020661402 0.021232277 -0.000341469 0.032741055 0.070249990 0.068020880 0.025942806 0.003037549
0.033314403 0.026921086 0.005568985 0.050929591 0.013252540 0.005581403 0.007930429 0.013471317 0.007054461 0.036332704 0.017049428 0.036660131 0.020352108 0.015511855 0.034753434 0.013090130 -0.009209969 0.037921194 0.018754810 0.023718029 0.006580496 0.016428733 0.006213521 0.007915015 0.027789712 0.023410711 0.007188445 0.005954163 0.010566140 0.012723548 0.065392733 0.043211035 0.010634347 0.014299265
0.069102958 0.041520789 0.031587932 0.034796685 0.043867566 0.028440828 0.024611019 0.025371671 0.032615971 0.017239716 0.023158919 0.022486109 0.024011962 0.028080609 0.076150894 0.062814854 0.037921194 0.011931503 0.035294615 0.030078176 0.037560482 0.031802490 0.054548878 0.026705412 0.040176243 0.015061291 0.025997596 0.029118134 0.052703302 0.023494622 0.044934120 0.037381642 0.037407681 0.043028500
0.045830674 0.032315873 0.015500199 0.047105677 0.032582741 0.013157486 0.015859421 0.016357344 0.018956687 0.031735003 0.020126102 0.033141658 0.020749228 0.018798195 0.045896281 0.029372174 0.018754810 0.035294615 0.004854189 0.027706262 0.016055679 0.022553766 0.025781043 0.018765677 0.032314200 0.019971527 0.015849961 0.015275534 0.024203768 0.017009703 0.056419246 0.043712541 0.027447985 0.021381892
0.051936857 0.043027297 0.018687785 0.027509712 0.027850786 0.013616814 0.007395734 0.009779515 0.014092581 0.010279390 0.010534670 0.016086660 0.011699949 0.017321201 0.053444218 0.035047792 0.023718029 0.030078176 0.027706262 -0.001466855 0.023400154 0.017744042 0.031366233 0.013167365 0.024242509 0.009002844 0.013148725 0.016680906 0.035108376 0.012199203 0.043622445 0.027666107 0.026592722 0.028671898
0.030716650 0.026941160 0.001683901 0.046416216 0.012301834 0.002008756 0.003641789 0.010178627 0.008391858 0.034906857 0.015454463 0.033097021 0.019685337 0.014825173 0.034188181 0.012380494 0.006580496 0.037560482 0.016055679 0.023400154 -0.005460910 0.013764745 0.005930535 0.004508416 0.029964395 0.019111134 0.005518827 0.004673504 0.009363094 0.012181479 0.059241187 0.038994066 0.011173097 0.010811230
0.049487010 0.030196140 0.011124685 0.043447927 0.029673172 0.011471188 0.008513439 0.011040291 0.002293705 0.028784515 0.015568091 0.030029042 0.012382520 0.017664202 0.054635104 0.030951833 0.016428733 0.031802490 0.022553766 0.017744042 0.013764745 -0.015613347 0.022564135 0.002467760 0.028263431 0.012694143 0.010340526 0.015692895 0.024997242 0.015084291 0.063348055 0.034908488 0.025620334 0.020141719
0.019534811 0.039363027 0.006865766 0.061526455 0.003761678 0.015310631 0.017785691 0.021583509 0.013557434 0.048104852 0.028589133 0.047388174 0.034469500 0.025016310 0.024284599 -0.002325924 0.006213521 0.054548878 0.025781043 0.031366233 0.005930535 0.022564135 -0.014262713 0.017924841 0.031435069 0.039587855 0.016483530 0.015253972 0.002544400 0.024347235 0.071346514 0.054280795 0.016699720 0.004129620
0.038887814 0.025763517 0.001410022 0.033116922 0.015560568 0.003233456 -0.002854375 0.001176808 0.002436962 0.023159560 0.007191145 0.024656471 0.008067216 0.009688603 0.038073376 0.024239723 0.007915015 0.026705412 0.018765677 0.013167365 0.004508416 0.002467760 0.017924841 -0.002746385 0.020337604 0.008555970 -0.002294467 0.001878610 0.017003426 0.000727101 0.048017684 0.031293724 0.015903790 0.014559866
0.052078672 0.017463215 0.021764172 0.043342933 0.026595891 0.023682132 0.021689743 0.013822727 0.029084586 0.028711226 0.023280485 0.035091590 0.017987836 0.022251273 0.044369835 0.032129686 0.027789712 0.040176243 0.032314200 0.024242509 0.029964395 0.028263431 0.031435069 0.020337604 -0.016493818 0.020290522 0.018699737 0.019956477 0.039074235 0.024850352 0.056728259 0.042636536 0.033159927 0.029816302
0.057147816 0.026493128 0.017564312 0.023004591 0.023406420 0.013532591 0.007470768 0.008110207 0.011646992 0.004962107 0.005995263 0.008957069 0.007608891 0.010148458 0.061385345 0.048506089 0.023410711 0.015061291 0.019971527 0.009002844 0.019111134 0.012694143 0.039587855 0.008555970 0.020290522 -0.013190180 0.009729842 0.013224341 0.039272271 0.005520886 0.041760847 0.017615041 0.024101671 0.026866784
0.042527184 0.029230924 0.003179490 0.040825628 0.012095040 0.000898984 -0.001939055 -0.000525869 -0.000466353 0.025846614 0.007063309 0.024778461 0.007778800 0.004150828 0.041970056 0.020661402 0.007188445 0.025997596 0.015849961 0.013148725 0.005518827 0.010340526 0.016483530 -0.002294467 0.018699737 0.009729842 -0.011884454 0.000985849 0.021301869 -0.001154904 0.057827488 0.038817920 0.019050810 0.012983229
0.040957585 0.023426546 0.004356468 0.039729074 0.016304206 0.000637868 0.000939094 0.006630826 0.001370039 0.028362855 0.008466275 0.027177881 0.012998452 0.011780854 0.036025081 0.021232277 0.005954163 0.029118134 0.015275534 0.016680906 0.004673504 0.015692895 0.015253972 0.001878610 0.019956477 0.013224341 0.000985849 -0.006239347 0.018164737 0.003867890 0.050504826 0.034270406 0.016665304 0.012694906
0.019334724 0.038975235 0.010985530 0.064102344 0.012260624 0.018634452 0.018967044 0.022500608 0.018736877 0.049271077 0.030282717 0.049009807 0.036132924 0.027593540 0.027350254 -0.000341469 0.010566140 0.052703302 0.024203768 0.035108376 0.009363094 0.024997242 0.002544400 0.017003426 0.039074235 0.039272271 0.021301869 0.018164737 -0.011659100 0.024366401 0.074550532 0.058081016 0.019797664 0.009146178
0.051270295 0.036224626 0.010335502 0.035758018 0.017355401 0.003292930 -0.003747477 0.004006412 0.000215971 0.021618173 0.007107112 0.022434730 0.008871298 0.007441024 0.051691327 0.032741055 0.012723548 0.023494622 0.017009703 0.012199203 0.012181479 0.015084291 0.024347235 0.000727101 0.024850352 0.005520886 -0.001154904 0.003867890 0.024366401 -0.020392371 0.056488406 0.038059246 0.023235878 0.018827163
0.091995947 0.076792769 0.052182086 0.035611317 0.054536358 0.042151812 0.047396015 0.038348548 0.061841570 0.017906258 0.048838805 0.040786296 0.043945257 0.043465417 0.085327938 0.070249990 0.065392733 0.044934120 0.056419246 0.043622445 0.059241187 0.063348055 0.071346514 0.048017684 0.056728259 0.041760847 0.057827488 0.050504826 0.074550532 0.056488406 0.004503693 0.042468030 0.061859131 0.047569849
0.070435062 0.040715382 0.033336792 0.026466183 0.050835773 0.027011614 0.030249108 0.027356012 0.043115567 0.013254523 0.020862551 0.029453300 0.017863808 0.034496173 0.077675760 0.068020880 0.043211035 0.037381642 0.043712541 0.027666107 0.038994066 0.034908488 0.054280795 0.031293724 0.042636536 0.017615041 0.038817920 0.034270406 0.058081016 0.038059246 0.042468030 0.006395586 0.041621223 0.045925841
0.039219514 0.028526485 0.015007804 0.048102111 0.017309239 0.019374076 0.017862454 0.023238080 0.026589910 0.031715043 0.018454799 0.037520416 0.024630513 0.026333885 0.047159836 0.025942806 0.010634347 0.037407681 0.027447985 0.026592722 0.011173097 0.025620334 0.016699720 0.015903790 0.033159927 0.024101671 0.019050810 0.016665304 0.019797664 0.023235878 0.061859131 0.041621223 -0.021642022 0.018200703
0.024320817 0.033932984 0.006902314 0.051060054 0.016831391 0.011415195 0.013883701 0.018306766 0.016470209 0.037147559 0.021344788 0.039715976 0.025079787 0.022833493 0.029182397 0.003037549 0.014299265 0.043028500 0.021381892 0.028671898 0.010811230 0.020141719 0.004129620 0.014559866 0.029816302 0.026866784 0.012983229 0.012694906 0.009146178 0.018827163 0.047569849 0.045925841 0.018200703 -0.004246389
