0.015005118 0.052976556 0.022511620 0.069476068 0.031204157 0.040602390 0.037543915 0.039103437 0.040168069 0.060610183 0.047898300 0.061781555 0.047045499 0.038830016 0.034949809 0.020626590 0.030838061 0.057365213 0.037010830 0.056068629 0.029910600 0.045886580 0.026286874 0.038425796 0.049431898 0.050712936 0.041505616 0.039311782 0.023619093 0.045621544 0.085533693 0.062474333 0.034066372 0.025838371
0.052976556 -0.046033677 0.016911851 0.052588381 0.026032848 0.026653893 0.021999113 0.021973222 0.033450834 0.039523404 0.027990635 0.038943410 0.029027114 0.021672241 0.049797550 0.032565638 0.022718508 0.030450741 0.026285920 0.041626874 0.023953598 0.022017865 0.043539088 0.021071168 0.008800250 0.024005249 0.027115857 0.021622237 0.034627065 0.030463308 0.071322300 0.031481974 0.024691256 0.029764986
0.022511620 0.016911851 -0.001245042 0.040050179 0.010463555 0.009112634 -0.000164764 0.003694336 0.004583996 0.028175220 0.011351394 0.030102609 0.014777670 0.009971200 0.028210437 0.014398373 0.001850202 0.025200428 0.012460872 0.019669110 0.003030690 0.008934397 0.011397510 0.001369251 0.018283799 0.019621059 0.002461227 0.005510974 0.012160272 0.008788714 0.052733019 0.031804819 0.017982734 0.005281980
0.069476068 0.052588381 0.040050179 0.007481407 0.043093555 0.038325686 0.032398313 0.030924540 0.042643122 0.010134271 0.032453321 0.024699664 0.024657182 0.028281417 0.075196221 0.073997982 0.049936689 0.021199439 0.043041892 0.030129973 0.047999747 0.036048669 0.070339054 0.032270394 0.039018437 0.025109425 0.042939018 0.040625125 0.062894039 0.034388531 0.034818605 0.017839391 0.045518853 0.048865505
0.031204157 0.026032848 0.010463555 0.043093555 -0.002112608 0.018924464 0.009528203 0.016019711 0.020884443 0.034359705 0.020730702 0.030932887 0.022288825 0.019434057 0.034166880 0.024522588 0.013561225 0.029071748 0.023514245 0.027390700 0.012588056 0.029571638 0.019609114 0.015539176 0.019425787 0.025588155 0.012650277 0.017939029 0.019401055 0.016396837 0.055604696 0.040955815 0.027231982 0.016746927
0.040602390 0.026653893 0.009112634 0.038325686 0.018924464 -0.016194850 0.005296748 0.006186623 0.009075150 0.027356368 0.012298009 0.031420156 0.010185934 0.011308890 0.043546792 0.032011684 0.011338718 0.025072023 0.014295116 0.024325997 0.010906843 0.016612131 0.029137805 0.008329095 0.020265143 0.022169525 0.007137940 0.010942330 0.026188048 0.008368922 0.051755950 0.031490255 0.028805520 0.018992621
0.037543915 0.021999113 -0.000164764 0.032398313 0.009528203 0.005296748 -0.011894476 -0.002468021 0.002521156 0.019876409 0.003786872 0.019293217 0.007542070 0.002575951 0.036238287 0.027337253 0.007559882 0.017702349 0.012467517 0.007747412 0.004016603 0.006673823 0.021620877 -0.002937105 0.018893542 0.009011644 -0.002037841 0.000880188 0.019901695 -0.004706237 0.050939415 0.025351685 0.020625627 0.012428439
0.039103437 0.021973222 0.003694336 0.030924540 0.016019711 0.006186623 -0.002468021 -0.002735115 0.007349724 0.017789744 0.006119911 0.021072458 0.001372053 0.002379369 0.039663553 0.030935442 0.013025731 0.016761586 0.011501271 0.010928821 0.009982315 0.010795916 0.027825456 0.000985990 0.008792479 0.009826746 -0.000372297 0.008213349 0.023978632 0.003523202 0.041413140 0.023485832 0.027452750 0.018721683
0.040168069 0.033450834 0.004583996 0.042643122 0.020884443 0.009075150 0.002521156 0.007349724 -0.001596721 0.030696806 0.006333347 0.027394317 0.011772664 0.009402806 0.042387251 0.025080871 0.005833586 0.024753857 0.014218363 0.016513729 0.008993216 -0.001077370 0.018138092 0.002370164 0.028222706 0.013055533 0.000834173 0.001666380 0.018919179 -0.001652958 0.063636608 0.037314855 0.026645448 0.015725184
0.060610183 0.039523404 0.028175220 0.010134271 0.034359705 0.027356368 0.019876409 0.017789744 0.030696806 0.007441761 0.017702550 0.009103536 0.011113066 0.016964609 0.064750582 0.059553646 0.038587578 0.007341909 0.030833900 0.012569275 0.035650846 0.023125047 0.058145113 0.022794442 0.024638446 0.005761445 0.029095981 0.030416921 0.052277938 0.022468042 0.025325429 0.005919900 0.033457637 0.038415588
0.047898300 0.027990635 0.011351394 0.032453321 0.020730702 0.012298009 0.003786872 0.006119911 0.006333347 0.017702550 -0.008037942 0.022007950 0.002671096 0.006569415 0.050684534 0.042088613 0.017382417 0.011680880 0.012868807 0.012378555 0.015443655 0.014440616 0.036449585 0.004165458 0.018969834 0.003723127 0.005480280 0.012171590 0.033029411 0.004604090 0.052310959 0.018812515 0.025200307 0.023508936
0.061781555 0.038943410 0.030102609 0.024699664 0.030932887 0.031420156 0.019293217 0.021072458 0.027394317 0.009103536 0.022007950 0.003143333 0.021417078 0.016309768 0.066699907 0.056820463 0.037145484 0.011559304 0.031404004 0.015432287 0.032254234 0.023903158 0.055603538 0.022356287 0.029856980 0.010685952 0.026705198 0.026078047 0.048609085 0.021594387 0.047069479 0.020955011 0.037827589 0.037971336
0.047045499 0.029027114 0.014777670 0.024657182 0.022288825 0.010185934 0.007542070 0.001372053 0.011772664 0.011113066 0.002671096 0.021417078 -0.016789153 0.007106541 0.050352413 0.048045930 0.019066323 0.014087695 0.016084835 0.009121926 0.019318754 0.009990218 0.038597599 0.004808763 0.012509851 0.004651517 0.003814459 0.015278772 0.033830795 0.005105597 0.042274468 0.016975498 0.029090470 0.024010088
0.038830016 0.021672241 0.009971200 0.028281417 0.019434057 0.011308890 0.002575951 0.002379369 0.009402806 0.016964609 0.006569415 0.016309768 0.007106541 -0.006881364 0.041321471 0.037124507 0.012521665 0.013476101 0.009867444 0.012463911 0.010356998 0.009976145 0.031322077 0.006554287 0.017712740 0.007785909 0.004237797 0.006664000 0.025552932 0.001322081 0.039290383 0.024063312 0.022121975 0.021030713
0.034949809 0.049797550 0.028210437 0.075196221 0.034166880 0.043546792 0.036238287 0.039663553 0.042387251 0.064750582 0.050684534 0.066699907 0.050352413 0.041321471 0.025677858 0.015988573 0.032513104 0.061543651 0.037054516 0.057161599 0.033855215 0.051270299 0.036985725 0.037279278 0.040873237 0.057133801 0.042558342 0.039565999 0.032388065 0.047592934 0.079160698 0.071295455 0.046292923 0.031598754
0.020626590 0.032565638 0.014398373 0.073997982 0.024522588 0.032011684 0.027337253 0.030935442 0.025080871 0.059553646 0.042088613 0.056820463 0.048045930 0.037124507 0.015988573 -0.012830060 0.016108528 0.059334125 0.027898904 0.044902854 0.016052999 0.032891184 0.007539568 0.028397750 0.035214376 0.052944034 0.025999045 0.025007926 0.009047141 0.034790050 0.075976528 0.073705748 0.031045442 0.009090008
0.030838061 0.022718508 0.001850202 0.049936689 0.013561225 0.011338718 0.007559882 0.013025731 0.005833586 0.038587578 0.017382417 0.037145484 0.019066323 0.012521665 0.032513104 0.016108528 -0.010173710 0.030541155 0.014433393 0.025928397 0.006371838 0.015045378 0.013088085 0.006697696 0.024260709 0.023855248 0.006530650 0.008244407 0.011712764 0.011998730 0.067043379 0.040792234 0.012093634 0.015252801
0.057365213 0.030450741 0.025200428 0.021199439 0.029071748 0.025072023 0.017702349 0.016761586 0.024753857 0.007341909 0.011680880 0.011559304 0.014087695 0.013476101 0.061543651 0.059334125 0.030541155 -0.006461840 0.024499629 0.019505903 0.029376240 0.019443210 0.054157205 0.019161845 0.028544351 0.007345231 0.020737642 0.021925811 0.045646720 0.014328913 0.037639104 0.016797755 0.027635215 0.033655379
0.037010830 0.026285920 0.012460872 0.043041892 0.023514245 0.014295116 0.012467517 0.011501271 0.014218363 0.030833900 0.012868807 0.031404004 0.016084835 0.009867444 0.037054516 0.027898904 0.014433393 0.024499629 -0.002138857 0.026933827 0.013754525 0.014873834 0.028313445 0.014442620 0.024409320 0.018732207 0.013270811 0.014505666 0.019415762 0.012588264 0.054967817 0.034476917 0.024329523 0.015434708
0.056068629 0.041626874 0.019669110 0.030129973 0.027390700 0.024325997 0.007747412 0.010928821 0.016513729 0.012569275 0.012378555 0.015432287 0.009121926 0.012463911 0.057161599 0.044902854 0.025928397 0.019505903 0.026933827 0.000285195 0.025503457 0.017356005 0.042400677 0.014235467 0.019331865 0.012286706 0.014133910 0.019851655 0.040351450 0.014209066 0.051548865 0.024678137 0.036700632 0.029230725
0.029910600 0.023953598 0.003030690 0.047999747 0.012588056 0.010906843 0.004016603 0.009982315 0.008993216 0.035650846 0.015443655 0.032254234 0.019318754 0.010356998 0.033855215 0.016052999 0.006371838 0.029376240 0.013754525 0.025503457 -0.003401824 0.010284215 0.011435967 0.004571978 0.026336150 0.022283940 0.006299662 0.005892146 0.014107189 0.011918573 0.062965408 0.034428302 0.013970939 0.008373561
0.045886580 0.022017865 0.008934397 0.036048669 0.029571638 0.016612131 0.006673823 0.010795916 -0.001077370 0.023125047 0.014440616 0.023903158 0.009990218 0.009976145 0.051270299 0.032891184 0.015045378 0.019443210 0.014873834 0.017356005 0.010284215 -0.024589904 0.029559622 0.000237213 0.026689023 0.008489355 0.012312927 0.011035770 0.026116662 0.009929657 0.060585737 0.027057014 0.019804930 0.020998379
0.026286874 0.043539088 0.011397510 0.070339054 0.019609114 0.029137805 0.021620877 0.027825456 0.018138092 0.058145113 0.036449585 0.055603538 0.038597599 0.031322077 0.036985725 0.007539568 0.013088085 0.054157205 0.028313445 0.042400677 0.011435967 0.029559622 -0.000573933 0.021732386 0.032848857 0.047521379 0.022111237 0.024684228 0.017621066 0.031785924 0.081904545 0.067924283 0.030560542 0.013916248
0.038425796 0.021071168 0.001369251 0.032270394 0.015539176 0.008329095 -0.002937105 0.000985990 0.002370164 0.022794442 0.004165458 0.022356287 0.004808763 0.006554287 0.037279278 0.028397750 0.006697696 0.019161845 0.014442620 0.014235467 0.004571978 0.000237213 0.021732386 -0.002663201 0.017121926 0.009430812 -0.001770884 0.001814599 0.018299600 -0.000882518 0.049793378 0.025826922 0.017211990 0.013886232
0.049431898 0.008800250 0.018283799 0.039018437 0.019425787 0.020265143 0.018893542 0.008792479 0.028222706 0.024638446 0.018969834 0.029856980 0.012509851 0.017712740 0.040873237 0.035214376 0.024260709 0.028544351 0.024409320 0.019331865 0.026336150 0.026689023 0.032848857 0.017121926 -0.029163465 0.018590767 0.014301522 0.018233219 0.037012674 0.022079885 0.056882404 0.031922236 0.037080698 0.024530761
0.050712936 0.024005249 0.019621059 0.025109425 0.025588155 0.022169525 0.009011644 0.009826746 0.013055533 0.005761445 0.003723127 0.010685952 0.004651517 0.007785909 0.057133801 0.052944034 0.023855248 0.007345231 0.018732207 0.012286706 0.022283940 0.008489355 0.047521379 0.009430812 0.018590767 -0.005891208 0.012315990 0.015554879 0.038533941 0.005544481 0.043351982 0.016180582 0.025839455 0.027559441
0.041505616 0.027115857 0.002461227 0.042939018 0.012650277 0.007137940 -0.002037841 -0.000372297 0.000834173 0.029095981 0.005480280 0.026705198 0.003814459 0.004237797 0.042558342 0.025999045 0.006530650 0.020737642 0.013270811 0.014133910 0.006299662 0.012312927 0.022111237 -0.001770884 0.014301522 0.012315990 -0.008611087 0.004306623 0.021066278 -0.000212164 0.060785010 0.039754130 0.026330508 0.013026516
0.039311782 0.021622237 0.005510974 0.040625125 0.017939029 0.010942330 0.000880188 0.008213349 0.001666380 0.030416921 0.012171590 0.026078047 0.015278772 0.006664000 0.039565999 0.025007926 0.008244407 0.021925811 0.014505666 0.019851655 0.005892146 0.011035770 0.024684228 0.001814599 0.018233219 0.015554879 0.004306623 -0.005712420 0.021194860 0.004713314 0.056960493 0.033342741 0.019189745 0.014698750
0.023619093 0.034627065 0.012160272 0.062894039 0.019401055 0.026188048 0.019901695 0.023978632 0.018919179 0.052277938 0.033029411 0.048609085 0.033830795 0.025552932 0.032388065 0.009047141 0.011712764 0.045646720 0.019415762 0.040351450 0.014107189 0.026116662 0.017621066 0.018299600 0.037012674 0.038533941 0.021066278 0.021194860 -0.000079460 0.025245868 0.075142860 0.058018453 0.024071755 0.015840391
0.045621544 0.030463308 0.008788714 0.034388531 0.016396837 0.008368922 -0.004706237 0.003523202 -0.001652958 0.022468042 0.004604090 0.021594387 0.005105597 0.001322081 0.047592934 0.034790050 0.011998730 0.014328913 0.012588264 0.014209066 0.011918573 0.009929657 0.031785924 -0.000882518 0.022079885 0.005544481 -0.000212164 0.004713314 0.025245868 -0.022667978 0.056475710 0.033837296 0.021363122 0.019950986
0.085533693 0.071322300 0.052733019 0.034818605 0.055604696 0.051755950 0.050939415 0.041413140 0.063636608 0.025325429 0.052310959 0.047069479 0.042274468 0.039290383 0.079160698 0.075976528 0.067043379 0.037639104 0.054967817 0.051548865 0.062965408 0.060585737 0.081904545 0.049793378 0.056882404 0.043351982 0.060785010 0.056960493 0.075142860 0.056475710 0.003154328 0.042803504 0.062592283 0.053412803
0.062474333 0.031481974 0.031804819 0.017839391 0.040955815 0.031490255 0.025351685 0.023485832 0.037314855 0.005919900 0.018812515 0.020955011 0.016975498 0.024063312 0.071295455 0.073705748 0.040792234 0.016797755 0.034476917 0.024678137 0.034428302 0.027057014 0.067924283 0.025826922 0.031922236 0.016180582 0.039754130 0.033342741 0.058018453 0.033837296 0.042803504 -0.009051248 0.042217299 0.043514617
0.034066372 0.024691256 0.017982734 0.045518853 0.027231982 0.028805520 0.020625627 0.027452750 0.026645448 0.033457637 0.025200307 0.037827589 0.029090470 0.022121975 0.046292923 0.031045442 0.012093634 0.027635215 0.024329523 0.036700632 0.013970939 0.019804930 0.030560542 0.017211990 0.037080698 0.025839455 0.026330508 0.019189745 0.024071755 0.021363122 0.062592283 0.042217299 -0.022172973 0.026776478
0.025838371 0.029764986 0.005281980 0.048865505 0.016746927 0.018992621 0.012428439 0.018721683 0.015725184 0.038415588 0.023508936 0.037971336 0.024010088 0.021030713 0.031598754 0.009090008 0.015252801 0.033655379 0.015434708 0.029230725 0.008373561 0.020998379 0.013916248 0.013886232 0.024530761 0.027559441 0.013026516 0.014698750 0.015840391 0.019950986 0.053412803 0.043514617 0.026776478 -0.001522020
