0.019182369 0.063285708 0.022748955 0.068085805 0.034564771 0.043062199 0.036898848 0.037492577 0.038714964 0.061345093 0.047088549 0.057371635 0.045707397 0.037171379 0.035782129 0.026859334 0.029615965 0.053086974 0.042660289 0.054541439 0.032300383 0.044587471 0.029382857 0.038180739 0.044695869 0.057405893 0.040903803 0.040235203 0.029694336 0.042115536 0.079570137 0.060017951 0.041145694 0.026609998
0.063285708 -0.067887172 0.016987864 0.048199430 0.027657233 0.033274122 0.020539025 0.021437140 0.035614215 0.033620857 0.032665785 0.026898457 0.031056710 0.016510820 0.057867721 0.041369006 0.025574680 0.021656182 0.023225479 0.038733672 0.022744311 0.028422767 0.049723402 0.021200256 0.004364740 0.022848239 0.028392382 0.023442946 0.042938858 0.032956455 0.082653381 0.030922182 0.037825897 0.032140829
0.022748955 0.016987864 -0.001275128 0.039723553 0.011164121 0.013019101 -0.000236397 0.003498253 0.004557363 0.028399516 0.011898998 0.027601587 0.015070617 0.007873531 0.027870055 0.018497529 0.001597900 0.020463815 0.009415808 0.020290064 0.003603108 0.009820405 0.015941145 0.001348371 0.015753474 0.021852197 0.003048704 0.006369885 0.014084745 0.006954802 0.054049868 0.030597910 0.020506274 0.003951220
0.068085805 0.048199430 0.039723553 0.005626738 0.041824110 0.039739244 0.032605898 0.028660294 0.044060096 0.007737284 0.028539250 0.019908054 0.020883031 0.022413438 0.069417208 0.081544966 0.047304191 0.012090283 0.035245437 0.029415321 0.049695872 0.037231021 0.071398705 0.031840667 0.032540202 0.028217340 0.042414587 0.040884495 0.064271808 0.032197338 0.034541540 0.011691330 0.049834758 0.046371039
0.034564771 0.027657233 0.011164121 0.041824110 -0.000090476 0.023106858 0.009890040 0.016512889 0.021992061 0.036170192 0.022204885 0.027399149 0.022384409 0.013767920 0.035305534 0.034007985 0.015074481 0.019956656 0.020699667 0.030112300 0.013499035 0.031810362 0.031403918 0.016206883 0.014823159 0.029254429 0.014496762 0.020026807 0.026078943 0.013007781 0.060993813 0.034758225 0.035716508 0.013786831
0.043062199 0.033274122 0.013019101 0.039739244 0.023106858 -0.008179283 0.009432664 0.008766234 0.013754910 0.030081756 0.014963659 0.031089194 0.011320256 0.010291802 0.042763181 0.040050082 0.013864879 0.023469135 0.017416513 0.028536648 0.017474104 0.019225407 0.035058632 0.012293874 0.018339360 0.028473880 0.010919387 0.015192106 0.032101970 0.007757276 0.052358337 0.028895965 0.033074781 0.020249870
0.036898848 0.020539025 -0.000236397 0.032605898 0.009890040 0.009432664 -0.013312731 -0.004846764 0.001010634 0.020075232 0.001559852 0.017426701 0.005630702 0.000401259 0.035449289 0.032382358 0.007462944 0.012682636 0.008754898 0.008773322 0.004507473 0.007543524 0.026284106 -0.003686946 0.016593538 0.010590944 -0.002962666 0.001941210 0.021272382 -0.008130272 0.052048136 0.024756344 0.022669820 0.011017151
0.037492577 0.021437140 0.003498253 0.028660294 0.016512889 0.008766234 -0.004846764 -0.002881763 0.007040995 0.017336378 0.001550813 0.017221890 -0.002768592 -0.001017208 0.036901828 0.034650572 0.011770284 0.011570297 0.007702726 0.010645095 0.009889071 0.009069772 0.030072059 0.000899991 0.006415068 0.010454868 0.000057278 0.006342060 0.024628175 -0.000823352 0.040880639 0.018922320 0.025490474 0.015365222
0.038714964 0.035614215 0.004557363 0.044060096 0.021992061 0.013754910 0.001010634 0.007040995 -0.001732706 0.033628676 0.002740982 0.027400572 0.008533322 0.008870136 0.042683352 0.028951574 0.005155949 0.022174660 0.012152723 0.017056445 0.009485116 0.001948416 0.023392437 0.002210833 0.025608061 0.015895564 0.000705067 0.003807442 0.021485193 -0.002297486 0.065933026 0.037889324 0.032130554 0.014410824
0.061345093 0.033620857 0.028399516 0.007737284 0.036170192 0.030081756 0.020075232 0.017336378 0.033628676 0.005876974 0.014897409 0.005733552 0.008264588 0.014111791 0.062682159 0.066494562 0.038048856 0.000545175 0.023112250 0.011340920 0.035159566 0.027010970 0.061195746 0.022960808 0.019821569 0.007132683 0.029174978 0.029800087 0.055216983 0.022477914 0.027771950 0.003088966 0.039605930 0.038859896
0.047088549 0.032665785 0.011898998 0.028539250 0.022204885 0.014963659 0.001559852 0.001550813 0.002740982 0.014897409 -0.018209085 0.014964137 -0.004343206 -0.001642398 0.049533881 0.047528833 0.015501983 0.001994384 0.012332276 0.013239115 0.016809644 0.008876581 0.039504953 0.001911635 0.016380668 0.006074773 0.002406691 0.009374556 0.035176970 -0.003588984 0.046869989 0.010099497 0.024066217 0.021396091
0.057371635 0.026898457 0.027601587 0.019908054 0.027399149 0.031089194 0.017426701 0.017221890 0.027400572 0.005733552 0.014964137 0.000436720 0.014267694 0.011776490 0.058179822 0.059454590 0.032754146 0.003238685 0.018303152 0.011965146 0.030295525 0.024160929 0.054530926 0.019552030 0.023172367 0.008561503 0.023599274 0.024015298 0.046194471 0.018257497 0.047150832 0.013722010 0.038547553 0.032983869
0.045707397 0.031056710 0.015070617 0.020883031 0.022384409 0.011320256 0.005630702 -0.002768592 0.008533322 0.008264588 -0.004343206 0.014267694 -0.022740593 0.000721500 0.048902996 0.052710019 0.016197901 0.005648799 0.014077278 0.005953585 0.019864740 0.005660200 0.040318556 0.002645750 0.009059510 0.006243682 0.001345098 0.013655121 0.035059571 -0.001404294 0.037353143 0.008002033 0.027696529 0.021630727
0.037171379 0.016510820 0.007873531 0.022413438 0.013767920 0.010291802 0.000401259 -0.001017208 0.008870136 0.014111791 -0.001642398 0.011776490 0.000721500 -0.012372307 0.035363298 0.038662411 0.009374358 0.007070089 0.001173988 0.006755691 0.006497526 0.009585589 0.030154841 0.004326539 0.011233800 0.004791932 0.001433890 0.002595253 0.023156289 -0.002813715 0.040226657 0.015020723 0.021232678 0.013146216
0.035782129 0.057867721 0.027870055 0.069417208 0.035305534 0.042763181 0.035449289 0.036901828 0.042683352 0.062682159 0.049533881 0.058179822 0.048902996 0.035363298 0.024520377 0.021141782 0.031319592 0.054866627 0.036768962 0.052446280 0.033657506 0.050851010 0.040568933 0.037217688 0.033810131 0.061448995 0.042065375 0.037270248 0.035451036 0.043450177 0.078323223 0.060439069 0.051189840 0.028208051
0.026859334 0.041369006 0.018497529 0.081544966 0.034007985 0.040050082 0.032382358 0.034650572 0.028951574 0.066494562 0.047528833 0.059454590 0.052710019 0.038662411 0.021141782 -0.005334146 0.019217586 0.059147622 0.031123670 0.056978650 0.023377188 0.037783645 0.014301052 0.032176606 0.036012504 0.063011497 0.030728672 0.031510651 0.019488093 0.037391424 0.082712315 0.079554036 0.038477737 0.014119126
0.029615965 0.025574680 0.001597900 0.047304191 0.015074481 0.013864879 0.007462944 0.011770284 0.005155949 0.038048856 0.015501983 0.032754146 0.016197901 0.009374358 0.031319592 0.019217586 -0.013736743 0.026039645 0.011985447 0.024730472 0.006777613 0.014745738 0.015220954 0.006699893 0.020310579 0.025881592 0.005177057 0.007340115 0.012918875 0.008348452 0.065722391 0.035683356 0.015099258 0.013126005
0.053086974 0.021656182 0.020463815 0.012090283 0.019956656 0.023469135 0.012682636 0.011570297 0.022174660 0.000545175 0.001994384 0.003238685 0.005648799 0.007070089 0.054866627 0.059147622 0.026039645 -0.016233191 0.014040403 0.008018354 0.021780420 0.017943766 0.052669380 0.014466692 0.019878283 0.001300337 0.015982674 0.015389189 0.042219084 0.009302269 0.036875363 0.004355494 0.026083194 0.024261773
0.042660289 0.023225479 0.009415808 0.035245437 0.020699667 0.017416513 0.008754898 0.007702726 0.012152723 0.023112250 0.012332276 0.018303152 0.014077278 0.001173988 0.036768962 0.031123670 0.011985447 0.014040403 -0.012358502 0.021276422 0.009322854 0.013323451 0.029421046 0.011793349 0.016968869 0.014824785 0.011431882 0.010068454 0.020505086 0.009840023 0.058024414 0.020660428 0.024679566 0.011337568
0.054541439 0.038733672 0.020290064 0.029415321 0.030112300 0.028536648 0.008773322 0.010645095 0.017056445 0.011340920 0.013239115 0.011965146 0.005953585 0.006755691 0.052446280 0.056978650 0.024730472 0.008018354 0.021276422 0.003842422 0.028993487 0.018133260 0.050309271 0.014522079 0.015644474 0.017255500 0.015745554 0.022759624 0.042661078 0.010687361 0.050723322 0.020915858 0.040926211 0.029036786
0.032300383 0.022744311 0.003603108 0.049695872 0.013499035 0.017474104 0.004507473 0.009889071 0.009485116 0.035159566 0.016809644 0.030295525 0.019864740 0.006497526 0.033657506 0.023377188 0.006777613 0.021780420 0.009322854 0.028993487 -0.000542693 0.012283022 0.018482838 0.004878590 0.023142476 0.026099147 0.007388409 0.009069498 0.016440606 0.010849357 0.067446224 0.034371339 0.019091448 0.008056752
0.044587471 0.028422767 0.009820405 0.037231021 0.031810362 0.019225407 0.007543524 0.009069772 0.001948416 0.027010970 0.008876581 0.024160929 0.005660200 0.009585589 0.050851010 0.037783645 0.014745738 0.017943766 0.013323451 0.018133260 0.012283022 -0.018159825 0.032197520 0.000852227 0.020046920 0.013296597 0.010855425 0.014285410 0.028773744 0.011099479 0.062657967 0.026901647 0.029151050 0.020670440
0.029382857 0.049723402 0.015941145 0.071398705 0.031403918 0.035058632 0.026284106 0.030072059 0.023392437 0.061195746 0.039504953 0.054530926 0.040318556 0.030154841 0.040568933 0.014301052 0.015220954 0.052669380 0.029421046 0.050309271 0.018482838 0.032197520 0.006889261 0.025562480 0.032646585 0.053906403 0.025972538 0.027618747 0.023134887 0.030922061 0.081924066 0.069360778 0.035031401 0.019044288
0.038180739 0.021200256 0.001348371 0.031840667 0.016206883 0.012293874 -0.003686946 0.000899991 0.002210833 0.022960808 0.001911635 0.019552030 0.002645750 0.004326539 0.037217688 0.032176606 0.006699893 0.014466692 0.011793349 0.014522079 0.004878590 0.000852227 0.025562480 -0.002748162 0.014565882 0.011083022 -0.001673410 0.002312775 0.019868376 -0.002669578 0.050892103 0.023591956 0.019021181 0.012540241
0.044695869 0.004364740 0.015753474 0.032540202 0.014823159 0.018339360 0.016593538 0.006415068 0.025608061 0.019821569 0.016380668 0.023172367 0.009059510 0.011233800 0.033810131 0.036012504 0.020310579 0.019878283 0.016968869 0.015644474 0.023142476 0.020046920 0.032646585 0.014565882 -0.032595735 0.015948551 0.013029685 0.012543299 0.034827158 0.013670884 0.050959319 0.021806110 0.028314173 0.016304677
0.057405893 0.022848239 0.021852197 0.028217340 0.029254429 0.028473880 0.010590944 0.010454868 0.015895564 0.007132683 0.006074773 0.008561503 0.006243682 0.004791932 0.061448995 0.063011497 0.025881592 0.001300337 0.014824785 0.017255500 0.026099147 0.013296597 0.053906403 0.011083022 0.015948551 -0.004050910 0.014512106 0.019263519 0.045271076 0.007723717 0.052091625 0.015489716 0.033962231 0.030543245
0.040903803 0.028392382 0.003048704 0.042414587 0.014496762 0.010919387 -0.002962666 0.000057278 0.000705067 0.029174978 0.002406691 0.023599274 0.001345098 0.001433890 0.042065375 0.030728672 0.005177057 0.015982674 0.011431882 0.015745554 0.007388409 0.010855425 0.025972538 -0.001673410 0.013029685 0.014512106 -0.005554022 0.004111841 0.023149149 -0.003819109 0.059279170 0.036802828 0.025312411 0.011594917
0.040235203 0.023442946 0.006369885 0.040884495 0.020026807 0.015192106 0.001941210 0.006342060 0.003807442 0.029800087 0.009374556 0.024015298 0.013655121 0.002595253 0.037270248 0.031510651 0.007340115 0.015389189 0.010068454 0.022759624 0.009069498 0.014285410 0.027618747 0.002312775 0.012543299 0.019263519 0.004111841 -0.002653793 0.022793446 0.004528076 0.059832528 0.030714322 0.025348052 0.015087157
0.029694336 0.042938858 0.014084745 0.064271808 0.026078943 0.032101970 0.021272382 0.024628175 0.021485193 0.055216983 0.035176970 0.046194471 0.035059571 0.023156289 0.035451036 0.019488093 0.012918875 0.042219084 0.020505086 0.042661078 0.016440606 0.028773744 0.023134887 0.019868376 0.034827158 0.045271076 0.023149149 0.022793446 0.013858519 0.023904692 0.075773828 0.055429153 0.031040683 0.016852573
0.042115536 0.032956455 0.006954802 0.032197338 0.013007781 0.007757276 -0.008130272 -0.000823352 -0.002297486 0.022477914 -0.003588984 0.018257497 -0.001404294 -0.002813715 0.043450177 0.037391424 0.008348452 0.009302269 0.009840023 0.010687361 0.010849357 0.011099479 0.030922061 -0.002669578 0.013670884 0.007723717 -0.003819109 0.004528076 0.023904692 -0.025164593 0.054946408 0.027913084 0.026283566 0.015350554
0.079570137 0.082653381 0.054049868 0.034541540 0.060993813 0.052358337 0.052048136 0.040880639 0.065933026 0.027771950 0.046869989 0.047150832 0.037353143 0.040226657 0.078323223 0.082712315 0.065722391 0.036875363 0.058024414 0.050723322 0.067446224 0.062657967 0.081924066 0.050892103 0.050959319 0.052091625 0.059279170 0.059832528 0.075773828 0.054946408 0.001915298 0.041152067 0.071109734 0.056624874
0.060017951 0.030922182 0.030597910 0.011691330 0.034758225 0.028895965 0.024756344 0.018922320 0.037889324 0.003088966 0.010099497 0.013722010 0.008002033 0.015020723 0.060439069 0.079554036 0.035683356 0.004355494 0.020660428 0.020915858 0.034371339 0.026901647 0.069360778 0.023591956 0.021806110 0.015489716 0.036802828 0.030714322 0.055429153 0.027913084 0.041152067 -0.028403290 0.042289793 0.032688573
0.041145694 0.037825897 0.020506274 0.049834758 0.035716508 0.033074781 0.022669820 0.025490474 0.032130554 0.039605930 0.024066217 0.038547553 0.027696529 0.021232678 0.051189840 0.038477737 0.015099258 0.026083194 0.024679566 0.040926211 0.019091448 0.029151050 0.035031401 0.019021181 0.028314173 0.033962231 0.025312411 0.025348052 0.031040683 0.026283566 0.071109734 0.042289793 -0.007184539 0.030884206
0.026609998 0.032140829 0.003951220 0.046371039 0.013786831 0.020249870 0.011017151 0.015365222 0.014410824 0.038859896 0.021396091 0.032983869 0.021630727 0.013146216 0.028208051 0.014119126 0.013126005 0.024261773 0.011337568 0.029036786 0.008056752 0.020670440 0.019044288 0.012540241 0.016304677 0.030543245 0.011594917 0.015087157 0.016852573 0.015350554 0.056624874 0.032688573 0.030884206 -0.008606603
