0.000000000 0.075000003 0.004484305 0.152671754 0.017699115 0.047210302 0.078838177 0.097560972 0.082644626 0.129411772 0.132812500 0.125984251 0.129411772 0.043103449 0.200000003 0.027777778 0.026315790 0.125984251 0.026315790 0.112000003 0.051282052 0.051282052 0.018348623 0.047210302 0.149425283 0.129411772 0.059322033 0.038961038 0.022026431 0.055319149 0.212765962 0.250000000 0.115537852 0.017699115
0.075000003 0.000000000 0.070539422 0.078571431 0.057377048 0.027888447 0.003861004 0.022727273 0.007692308 0.054945055 0.058394160 0.051470589 0.054945055 0.032000002 0.270935953 0.102564104 0.048780486 0.051470589 0.048780486 0.037313432 0.023809524 0.023809524 0.093220338 0.027888447 0.075268820 0.054945055 0.015748031 0.036144577 0.053061225 0.019762846 0.140000001 0.178343952 0.040892195 0.057377048
0.004484305 0.070539422 0.000000000 0.148288980 0.013215859 0.042735044 0.074380167 0.093117408 0.078189299 0.125000000 0.128404662 0.121568628 0.125000000 0.038626611 0.204301074 0.032258064 0.021834061 0.121568628 0.021834061 0.107569724 0.046808511 0.046808511 0.022831051 0.042735044 0.145038173 0.125000000 0.054852322 0.034482758 0.017543860 0.050847456 0.208480567 0.245791242 0.111111112 0.013215859
0.152671754 0.078571431 0.148288980 0.000000000 0.135338351 0.106227107 0.074733093 0.055944055 0.070921987 0.023728814 0.020270269 0.027210884 0.023728814 0.110294119 0.342222214 0.179687500 0.126865670 0.027210884 0.126865670 0.041379310 0.102189779 0.102189779 0.170542642 0.106227107 0.003322259 0.023728814 0.094202898 0.114391141 0.131086141 0.098181821 0.062111802 0.101190478 0.037800688 0.135338351
0.017699115 0.057377048 0.013215859 0.135338351 0.000000000 0.029535865 0.061224490 0.079999998 0.065040648 0.111969113 0.115384616 0.108527131 0.111969113 0.025423728 0.216931224 0.045454547 0.008620690 0.108527131 0.008620690 0.094488189 0.033613447 0.033613447 0.036036037 0.029535865 0.132075474 0.111969113 0.041666668 0.021276595 0.004329004 0.037656903 0.195804194 0.233333334 0.098039217 0.000000000
0.047210302 0.027888447 0.042735044 0.106227107 0.029535865 0.000000000 0.031746034 0.050583657 0.035573121 0.082706764 0.086142324 0.079245284 0.082706764 0.004115226 0.244897962 0.074889868 0.020920502 0.079245284 0.020920502 0.065134101 0.004081632 0.004081632 0.065502182 0.000000000 0.102941178 0.082706764 0.012145749 0.008264462 0.025210084 0.008130081 0.167235494 0.205211729 0.068702288 0.029535865
0.078838177 0.003861004 0.074380167 0.074733093 0.061224490 0.031746034 0.000000000 0.018867925 0.003831418 0.051094890 0.054545455 0.047619049 0.051094890 0.035856575 0.274509817 0.106382981 0.052631579 0.047619049 0.052631579 0.033457249 0.027667984 0.027667984 0.097046413 0.031746034 0.071428575 0.051094890 0.019607844 0.039999999 0.056910571 0.023622047 0.136212617 0.174603179 0.037037037 0.061224490
0.097560972 0.022727273 0.093117408 0.055944055 0.079999998 0.050583657 0.018867925 0.000000000 0.015037594 0.032258064 0.035714287 0.028776979 0.032258064 0.054687500 0.291866034 0.125000000 0.071428575 0.028776979 0.071428575 0.014598540 0.046511628 0.046511628 0.115702480 0.050583657 0.052631579 0.032258064 0.038461540 0.058823530 0.075697213 0.042471044 0.117647059 0.156250000 0.018181818 0.079999998
0.082644626 0.007692308 0.078189299 0.070921987 0.065040648 0.035573121 0.003831418 0.015037594 0.000000000 0.047272727 0.050724637 0.043795619 0.047272727 0.039682541 0.278048784 0.110169493 0.056451611 0.043795619 0.056451611 0.029629629 0.031496063 0.031496063 0.100840338 0.035573121 0.067615658 0.047272727 0.023437500 0.043824703 0.060728744 0.027450981 0.132450327 0.170886070 0.033210333 0.065040648
0.129411772 0.054945055 0.125000000 0.023728814 0.111969113 0.082706764 0.051094890 0.032258064 0.047272727 0.000000000 0.003460208 0.003484321 0.000000000 0.086792454 0.321100920 0.156626508 0.103448279 0.003484321 0.103448279 0.017667845 0.078651689 0.078651689 0.147410363 0.082706764 0.020408163 0.000000000 0.070631973 0.090909094 0.107692309 0.074626863 0.085714288 0.124620058 0.014084507 0.111969113
0.132812500 0.058394160 0.128404662 0.020270269 0.115384616 0.086142324 0.054545455 0.035714287 0.050724637 0.003460208 0.000000000 0.006944444 0.003460208 0.090225562 0.324200898 0.159999996 0.106870227 0.006944444 0.106870227 0.021126760 0.082089551 0.082089551 0.150793657 0.086142324 0.016949153 0.003460208 0.074074075 0.094339624 0.111111112 0.078066915 0.082278483 0.121212125 0.017543860 0.115384616
0.125984251 0.051470589 0.121568628 0.027210884 0.108527131 0.079245284 0.047619049 0.028776979 0.043795619 0.003484321 0.006944444 0.000000000 0.003484321 0.083333336 0.317972362 0.153225809 0.100000001 0.000000000 0.100000001 0.014184397 0.075187966 0.075187966 0.143999994 0.079245284 0.023890786 0.003484321 0.067164183 0.087452471 0.104247101 0.071161047 0.089171976 0.128048778 0.010600707 0.108527131
0.129411772 0.054945055 0.125000000 0.023728814 0.111969113 0.082706764 0.051094890 0.032258064 0.047272727 0.000000000 0.003460208 0.003484321 0.000000000 0.086792454 0.321100920 0.156626508 0.103448279 0.003484321 0.103448279 0.017667845 0.078651689 0.078651689 0.147410363 0.082706764 0.020408163 0.000000000 0.070631973 0.090909094 0.107692309 0.074626863 0.085714288 0.124620058 0.014084507 0.111969113
0.043103449 0.032000002 0.038626611 0.110294119 0.025423728 0.004115226 0.035856575 0.054687500 0.039682541 0.086792454 0.090225562 0.083333336 0.086792454 0.000000000 0.241025642 0.070796460 0.016806724 0.083333336 0.016806724 0.069230773 0.008196721 0.008196721 0.061403509 0.004115226 0.107011072 0.086792454 0.016260162 0.004149378 0.021097047 0.012244898 0.171232879 0.209150329 0.072796933 0.025423728
0.200000003 0.270935953 0.204301074 0.342222214 0.216931224 0.244897962 0.274509817 0.291866034 0.278048784 0.321100920 0.324200898 0.317972362 0.321100920 0.241025642 0.000000000 0.173184350 0.225130886 0.317972362 0.225130886 0.305164307 0.248730958 0.248730958 0.182320446 0.244897962 0.339285702 0.321100920 0.256281406 0.237113401 0.221052632 0.252525240 0.395918369 0.428571433 0.308411211 0.216931224
0.027777778 0.102564104 0.032258064 0.179687500 0.045454547 0.074889868 0.106382981 0.125000000 0.110169493 0.156626508 0.159999996 0.153225809 0.156626508 0.070796460 0.173184350 0.000000000 0.054054055 0.153225809 0.054054055 0.139344260 0.078947365 0.078947365 0.009433962 0.074889868 0.176470593 0.156626508 0.086956523 0.066666670 0.049773756 0.082969435 0.239130437 0.275862068 0.142857149 0.045454547
0.026315790 0.048780486 0.021834061 0.126865670 0.008620690 0.020920502 0.052631579 0.071428575 0.056451611 0.103448279 0.106870227 0.100000001 0.103448279 0.016806724 0.225130886 0.054054055 0.000000000 0.100000001 0.000000000 0.085937500 0.025000000 0.025000000 0.044642858 0.020920502 0.123595506 0.103448279 0.033057850 0.012658228 0.004291845 0.029045643 0.187500000 0.225165561 0.089494161 0.008620690
0.125984251 0.051470589 0.121568628 0.027210884 0.108527131 0.079245284 0.047619049 0.028776979 0.043795619 0.003484321 0.006944444 0.000000000 0.003484321 0.083333336 0.317972362 0.153225809 0.100000001 0.000000000 0.100000001 0.014184397 0.075187966 0.075187966 0.143999994 0.079245284 0.023890786 0.003484321 0.067164183 0.087452471 0.104247101 0.071161047 0.089171976 0.128048778 0.010600707 0.108527131
0.026315790 0.048780486 0.021834061 0.126865670 0.008620690 0.020920502 0.052631579 0.071428575 0.056451611 0.103448279 0.106870227 0.100000001 0.103448279 0.016806724 0.225130886 0.054054055 0.000000000 0.100000001 0.000000000 0.085937500 0.025000000 0.025000000 0.044642858 0.020920502 0.123595506 0.103448279 0.033057850 0.012658228 0.004291845 0.029045643 0.187500000 0.225165561 0.089494161 0.008620690
0.112000003 0.037313432 0.107569724 0.041379310 0.094488189 0.065134101 0.033457249 0.014598540 0.029629629 0.017667845 0.021126760 0.014184397 0.017667845 0.069230773 0.305164307 0.139344260 0.085937500 0.014184397 0.085937500 0.000000000 0.061068702 0.061068702 0.130081296 0.065134101 0.038062282 0.017667845 0.053030305 0.073359072 0.090196081 0.057034221 0.103225805 0.141975313 0.003584229 0.094488189
0.051282052 0.023809524 0.046808511 0.102189779 0.033613447 0.004081632 0.027667984 0.046511628 0.031496063 0.078651689 0.082089551 0.075187966 0.078651689 0.008196721 0.248730958 0.078947365 0.025000000 0.075187966 0.025000000 0.061068702 0.000000000 0.000000000 0.069565214 0.004081632 0.098901100 0.078651689 0.008064516 0.012345679 0.029288704 0.004048583 0.163265303 0.201298699 0.064638786 0.033613447
0.051282052 0.023809524 0.046808511 0.102189779 0.033613447 0.004081632 0.027667984 0.046511628 0.031496063 0.078651689 0.082089551 0.075187966 0.078651689 0.008196721 0.248730958 0.078947365 0.025000000 0.075187966 0.025000000 0.061068702 0.000000000 0.000000000 0.069565214 0.004081632 0.098901100 0.078651689 0.008064516 0.012345679 0.029288704 0.004048583 0.163265303 0.201298699 0.064638786 0.033613447
0.018348623 0.093220338 0.022831051 0.170542642 0.036036037 0.065502182 0.097046413 0.115702480 0.100840338 0.147410363 0.150793657 0.143999994 0.147410363 0.061403509 0.182320446 0.009433962 0.044642858 0.143999994 0.044642858 0.130081296 0.069565214 0.069565214 0.000000000 0.065502182 0.167315170 0.147410363 0.077586204 0.057268724 0.040358745 0.073593073 0.230215833 0.267123282 0.133603245 0.036036037
0.047210302 0.027888447 0.042735044 0.106227107 0.029535865 0.000000000 0.031746034 0.050583657 0.035573121 0.082706764 0.086142324 0.079245284 0.082706764 0.004115226 0.244897962 0.074889868 0.020920502 0.079245284 0.020920502 0.065134101 0.004081632 0.004081632 0.065502182 0.000000000 0.102941178 0.082706764 0.012145749 0.008264462 0.025210084 0.008130081 0.167235494 0.205211729 0.068702288 0.029535865
0.149425283 0.075268820 0.145038173 0.003322259 0.132075474 0.102941178 0.071428575 0.052631579 0.067615658 0.020408163 0.016949153 0.023890786 0.020408163 0.107011072 0.339285702 0.176470593 0.123595506 0.023890786 0.123595506 0.038062282 0.098901100 0.098901100 0.167315170 0.102941178 0.000000000 0.020408163 0.090909094 0.111111112 0.127819553 0.094890513 0.065420561 0.104477614 0.034482758 0.132075474
0.129411772 0.054945055 0.125000000 0.023728814 0.111969113 0.082706764 0.051094890 0.032258064 0.047272727 0.000000000 0.003460208 0.003484321 0.000000000 0.086792454 0.321100920 0.156626508 0.103448279 0.003484321 0.103448279 0.017667845 0.078651689 0.078651689 0.147410363 0.082706764 0.020408163 0.000000000 0.070631973 0.090909094 0.107692309 0.074626863 0.085714288 0.124620058 0.014084507 0.111969113
0.059322033 0.015748031 0.054852322 0.094202898 0.041666668 0.012145749 0.019607844 0.038461540 0.023437500 0.070631973 0.074074075 0.067164183 0.070631973 0.016260162 0.256281406 0.086956523 0.033057850 0.067164183 0.033057850 0.053030305 0.008064516 0.008064516 0.077586204 0.012145749 0.090909094 0.070631973 0.000000000 0.020408163 0.037344400 0.004016064 0.155405402 0.193548381 0.056603774 0.041666668
0.038961038 0.036144577 0.034482758 0.114391141 0.021276595 0.008264462 0.039999999 0.058823530 0.043824703 0.090909094 0.094339624 0.087452471 0.090909094 0.004149378 0.237113401 0.066666670 0.012658228 0.087452471 0.012658228 0.073359072 0.012345679 0.012345679 0.057268724 0.008264462 0.111111112 0.090909094 0.020408163 0.000000000 0.016949153 0.016393442 0.175257728 0.213114753 0.076923080 0.021276595
0.022026431 0.053061225 0.017543860 0.131086141 0.004329004 0.025210084 0.056910571 0.075697213 0.060728744 0.107692309 0.111111112 0.104247101 0.107692309 0.021097047 0.221052632 0.049773756 0.004291845 0.104247101 0.004291845 0.090196081 0.029288704 0.029288704 0.040358745 0.025210084 0.127819553 0.107692309 0.037344400 0.016949153 0.000000000 0.033333335 0.191637635 0.229235888 0.093750000 0.004329004
0.055319149 0.019762846 0.050847456 0.098181821 0.037656903 0.008130081 0.023622047 0.042471044 0.027450981 0.074626863 0.078066915 0.071161047 0.074626863 0.012244898 0.252525240 0.082969435 0.029045643 0.071161047 0.029045643 0.057034221 0.004048583 0.004048583 0.073593073 0.008130081 0.094890513 0.074626863 0.004016064 0.016393442 0.033333335 0.000000000 0.159322038 0.197411001 0.060606062 0.037656903
0.212765962 0.140000001 0.208480567 0.062111802 0.195804194 0.167235494 0.136212617 0.117647059 0.132450327 0.085714288 0.082278483 0.089171976 0.085714288 0.171232879 0.395918369 0.239130437 0.187500000 0.089171976 0.187500000 0.103225805 0.163265303 0.163265303 0.230215833 0.167235494 0.065420561 0.085714288 0.155405402 0.175257728 0.191637635 0.159322038 0.000000000 0.039325844 0.099678457 0.195804194
0.250000000 0.178343952 0.245791242 0.101190478 0.233333334 0.205211729 0.174603179 0.156250000 0.170886070 0.124620058 0.121212125 0.128048778 0.124620058 0.209150329 0.428571433 0.275862068 0.225165561 0.128048778 0.225165561 0.141975313 0.201298699 0.201298699 0.267123282 0.205211729 0.104477614 0.124620058 0.193548381 0.213114753 0.229235888 0.197411001 0.039325844 0.000000000 0.138461545 0.233333334
0.115537852 0.040892195 0.111111112 0.037800688 0.098039217 0.068702288 0.037037037 0.018181818 0.033210333 0.014084507 0.017543860 0.010600707 0.014084507 0.072796933 0.308411211 0.142857149 0.089494161 0.010600707 0.089494161 0.003584229 0.064638786 0.064638786 0.133603245 0.068702288 0.034482758 0.014084507 0.056603774 0.076923080 0.093750000 0.060606062 0.099678457 0.138461545 0.000000000 0.098039217
0.017699115 0.057377048 0.013215859 0.135338351 0.000000000 0.029535865 0.061224490 0.079999998 0.065040648 0.111969113 0.115384616 0.108527131 0.111969113 0.025423728 0.216931224 0.045454547 0.008620690 0.108527131 0.008620690 0.094488189 0.033613447 0.033613447 0.036036037 0.029535865 0.132075474 0.111969113 0.041666668 0.021276595 0.004329004 0.037656903 0.195804194 0.233333334 0.098039217 0.000000000
