0.000000000 0.064935066 0.031390134 0.129032254 0.009174312 0.044247787 0.064935066 0.072961375 0.018181818 0.136000007 0.084745765 0.172413796 0.048458152 0.052631579 0.053658538 0.058823530 0.013698630 0.139442235 0.022624435 0.152941182 0.072961375 0.096234307 0.023696683 0.064935066 0.039999999 0.100000001 0.056768559 0.048458152 0.004608295 0.035714287 0.211678833 0.084745765 0.111111112 0.009345794
0.064935066 0.000000000 0.033613447 0.064638786 0.055793993 0.020746889 0.000000000 0.008064516 0.046808511 0.071698114 0.019920319 0.108695649 0.016528925 0.012345679 0.118181817 0.123287670 0.051282052 0.075187966 0.042372882 0.088888891 0.008064516 0.031496063 0.088495575 0.000000000 0.025000000 0.035294119 0.008196721 0.016528925 0.060344826 0.029288704 0.148788929 0.019920319 0.046511628 0.074235804
0.031390134 0.033613447 0.000000000 0.098039217 0.022222223 0.012875536 0.033613447 0.041666668 0.013215859 0.105058365 0.053497944 0.141791046 0.017094018 0.021276595 0.084905662 0.090047397 0.017699115 0.108527131 0.008771930 0.122137405 0.041666668 0.065040648 0.055045873 0.033613447 0.008620690 0.068825908 0.025423728 0.017094018 0.026785715 0.004329004 0.181494668 0.053497944 0.079999998 0.040723983
0.129032254 0.064638786 0.098039217 0.000000000 0.119999997 0.085271321 0.064638786 0.056603774 0.111111112 0.007092198 0.044776119 0.044368602 0.081081077 0.076923080 0.181434602 0.186440676 0.115537852 0.010600707 0.106719367 0.024390243 0.056603774 0.033210333 0.152263373 0.064638786 0.089494161 0.029411765 0.072796933 0.081081077 0.124497995 0.093750000 0.084967323 0.044776119 0.018181818 0.138211384
0.009174312 0.055793993 0.022222223 0.119999997 0.000000000 0.035087720 0.055793993 0.063829787 0.009009009 0.126984134 0.075630255 0.163498104 0.039301310 0.043478262 0.062801935 0.067961164 0.004524887 0.130434781 0.013452915 0.143968865 0.063829787 0.087136932 0.032863848 0.055793993 0.030837005 0.090909094 0.047619049 0.039301310 0.004566210 0.026548672 0.202898547 0.075630255 0.102040820 0.018518519
0.044247787 0.020746889 0.012875536 0.085271321 0.035087720 0.000000000 0.020746889 0.028806584 0.026086956 0.092307694 0.040650405 0.129151285 0.004219409 0.008403362 0.097674422 0.102803737 0.030567685 0.095785439 0.021645023 0.109433964 0.028806584 0.052208837 0.067873307 0.020746889 0.004255319 0.056000002 0.012552301 0.004219409 0.039647575 0.008547009 0.169014081 0.040650405 0.067193680 0.053571429
0.064935066 0.000000000 0.033613447 0.064638786 0.055793993 0.020746889 0.000000000 0.008064516 0.046808511 0.071698114 0.019920319 0.108695649 0.016528925 0.012345679 0.118181817 0.123287670 0.051282052 0.075187966 0.042372882 0.088888891 0.008064516 0.031496063 0.088495575 0.000000000 0.025000000 0.035294119 0.008196721 0.016528925 0.060344826 0.029288704 0.148788929 0.019920319 0.046511628 0.074235804
0.072961375 0.008064516 0.041666668 0.056603774 0.063829787 0.028806584 0.008064516 0.000000000 0.054852322 0.063670412 0.011857707 0.100719422 0.024590164 0.020408163 0.126126125 0.131221727 0.059322033 0.067164183 0.050420169 0.080882356 0.000000000 0.023437500 0.096491225 0.008064516 0.033057850 0.027237354 0.016260162 0.024590164 0.068376072 0.037344400 0.140893474 0.011857707 0.038461540 0.082251079
0.018181818 0.046808511 0.013215859 0.111111112 0.009009009 0.026086956 0.046808511 0.054852322 0.000000000 0.118110240 0.066666670 0.154716983 0.030303031 0.034482758 0.071770333 0.076923080 0.004484305 0.121568628 0.004444445 0.135135129 0.054852322 0.078189299 0.041860465 0.046808511 0.021834061 0.081967212 0.038626611 0.030303031 0.013574661 0.017543860 0.194244608 0.066666670 0.093117408 0.027522936
0.136000007 0.071698114 0.105058365 0.007092198 0.126984134 0.092307694 0.071698114 0.063670412 0.118110240 0.000000000 0.051851850 0.037288137 0.088122606 0.083969466 0.188284516 0.193277314 0.122529641 0.003508772 0.113725491 0.017301038 0.063670412 0.040293042 0.159183666 0.071698114 0.096525095 0.036496349 0.079847910 0.088122606 0.131474108 0.100775197 0.077922076 0.051851850 0.025270758 0.145161286
0.084745765 0.019920319 0.053497944 0.044776119 0.075630255 0.040650405 0.019920319 0.011857707 0.066666670 0.051851850 0.000000000 0.088967972 0.036437247 0.032258064 0.137777776 0.142857149 0.071129709 0.055350553 0.062240664 0.069090910 0.011857707 0.011583012 0.108225107 0.019920319 0.044897959 0.015384615 0.028112451 0.036437247 0.080168776 0.049180329 0.129251704 0.000000000 0.026615970 0.094017096
0.172413796 0.108695649 0.141791046 0.044368602 0.163498104 0.129151285 0.108695649 0.100719422 0.154716983 0.037288137 0.088967972 0.000000000 0.125000000 0.120879121 0.224000007 0.228915662 0.159090906 0.033783782 0.150375932 0.020000000 0.100719422 0.077464789 0.195312500 0.108695649 0.133333340 0.073684208 0.116788320 0.125000000 0.167938933 0.137546465 0.040752351 0.088967972 0.062500000 0.181467175
0.048458152 0.016528925 0.017094018 0.081081077 0.039301310 0.004219409 0.016528925 0.024590164 0.030303031 0.088122606 0.036437247 0.125000000 0.000000000 0.004184100 0.101851851 0.106976748 0.034782607 0.091603056 0.025862070 0.105263159 0.024590164 0.048000000 0.072072074 0.016528925 0.008474576 0.051792830 0.008333334 0.000000000 0.043859649 0.012765957 0.164912283 0.036437247 0.062992126 0.057777777
0.052631579 0.012345679 0.021276595 0.076923080 0.043478262 0.008403362 0.012345679 0.020408163 0.034482758 0.083969466 0.032258064 0.120879121 0.004184100 0.000000000 0.105990782 0.111111112 0.038961038 0.087452471 0.030042918 0.101123594 0.020408163 0.043824703 0.076233186 0.012345679 0.012658228 0.047619049 0.004149378 0.004184100 0.048034936 0.016949153 0.160839155 0.032258064 0.058823530 0.061946902
0.053658538 0.118181817 0.084905662 0.181434602 0.062801935 0.097674422 0.118181817 0.126126125 0.071770333 0.188284516 0.137777776 0.224000007 0.101851851 0.105990782 0.000000000 0.005181347 0.067307696 0.191666663 0.076190479 0.204918027 0.126126125 0.149122804 0.029999999 0.118181817 0.093457945 0.152838424 0.110091746 0.101851851 0.058252428 0.089201875 0.262357414 0.137777776 0.163793102 0.044334974
0.058823530 0.123287670 0.090047397 0.186440676 0.067961164 0.102803737 0.123287670 0.131221727 0.076923080 0.193277314 0.142857149 0.228915662 0.106976748 0.111111112 0.005181347 0.000000000 0.072463766 0.196652725 0.081339709 0.209876537 0.131221727 0.154185027 0.035175879 0.123287670 0.098591551 0.157894731 0.115207374 0.106976748 0.063414633 0.094339624 0.267175585 0.142857149 0.168831170 0.049504951
0.013698630 0.051282052 0.017699115 0.115537852 0.004524887 0.030567685 0.051282052 0.059322033 0.004484305 0.122529641 0.071129709 0.159090906 0.034782607 0.038961038 0.067307696 0.072463766 0.000000000 0.125984251 0.008928572 0.139534891 0.059322033 0.082644626 0.037383176 0.051282052 0.026315790 0.086419754 0.043103449 0.034782607 0.009090909 0.022026431 0.198555961 0.071129709 0.097560972 0.023041476
0.139442235 0.075187966 0.108527131 0.010600707 0.130434781 0.095785439 0.075187966 0.067164183 0.121568628 0.003508772 0.055350553 0.033783782 0.091603056 0.087452471 0.191666663 0.196652725 0.125984251 0.000000000 0.117187500 0.013793103 0.067164183 0.043795619 0.162601620 0.075187966 0.100000001 0.039999999 0.083333336 0.091603056 0.134920642 0.104247101 0.074433655 0.055350553 0.028776979 0.148594379
0.022624435 0.042372882 0.008771930 0.106719367 0.013452915 0.021645023 0.042372882 0.050420169 0.004444445 0.113725491 0.062240664 0.150375932 0.025862070 0.030042918 0.076190479 0.081339709 0.008928572 0.117187500 0.000000000 0.130769238 0.050420169 0.073770493 0.046296295 0.042372882 0.017391304 0.077551022 0.034188036 0.025862070 0.018018018 0.013100437 0.189964160 0.062240664 0.088709675 0.031963471
0.152941182 0.088888891 0.122137405 0.024390243 0.143968865 0.109433964 0.088888891 0.080882356 0.135135129 0.017301038 0.069090910 0.020000000 0.105263159 0.101123594 0.204918027 0.209876537 0.139534891 0.013793103 0.130769238 0.000000000 0.080882356 0.057553958 0.175999999 0.088888891 0.113636367 0.053763442 0.097014926 0.105263159 0.148437500 0.117870726 0.060702875 0.069090910 0.042553190 0.162055343
0.072961375 0.008064516 0.041666668 0.056603774 0.063829787 0.028806584 0.008064516 0.000000000 0.054852322 0.063670412 0.011857707 0.100719422 0.024590164 0.020408163 0.126126125 0.131221727 0.059322033 0.067164183 0.050420169 0.080882356 0.000000000 0.023437500 0.096491225 0.008064516 0.033057850 0.027237354 0.016260162 0.024590164 0.068376072 0.037344400 0.140893474 0.011857707 0.038461540 0.082251079
0.096234307 0.031496063 0.065040648 0.033210333 0.087136932 0.052208837 0.031496063 0.023437500 0.078189299 0.040293042 0.011583012 0.077464789 0.048000000 0.043824703 0.149122804 0.154185027 0.082644626 0.043795619 0.073770493 0.057553958 0.023437500 0.000000000 0.119658120 0.031496063 0.056451611 0.003802281 0.039682541 0.048000000 0.091666669 0.060728744 0.117845118 0.011583012 0.015037594 0.105485231
0.023696683 0.088495575 0.055045873 0.152263373 0.032863848 0.067873307 0.088495575 0.096491225 0.041860465 0.159183666 0.108225107 0.195312500 0.072072074 0.076233186 0.029999999 0.035175879 0.037383176 0.162601620 0.046296295 0.175999999 0.096491225 0.119658120 0.000000000 0.088495575 0.063636363 0.123404257 0.080357142 0.072072074 0.028301887 0.059360731 0.234200746 0.108225107 0.134453788 0.014354067
0.064935066 0.000000000 0.033613447 0.064638786 0.055793993 0.020746889 0.000000000 0.008064516 0.046808511 0.071698114 0.019920319 0.108695649 0.016528925 0.012345679 0.118181817 0.123287670 0.051282052 0.075187966 0.042372882 0.088888891 0.008064516 0.031496063 0.088495575 0.000000000 0.025000000 0.035294119 0.008196721 0.016528925 0.060344826 0.029288704 0.148788929 0.019920319 0.046511628 0.074235804
0.039999999 0.025000000 0.008620690 0.089494161 0.030837005 0.004255319 0.025000000 0.033057850 0.021834061 0.096525095 0.044897959 0.133333340 0.008474576 0.012658228 0.093457945 0.098591551 0.026315790 0.100000001 0.017391304 0.113636367 0.033057850 0.056451611 0.063636363 0.025000000 0.000000000 0.060240965 0.016806724 0.008474576 0.035398230 0.004291845 0.173144877 0.044897959 0.071428575 0.049327355
0.100000001 0.035294119 0.068825908 0.029411765 0.090909094 0.056000002 0.035294119 0.027237354 0.081967212 0.036496349 0.015384615 0.073684208 0.051792830 0.047619049 0.152838424 0.157894731 0.086419754 0.039999999 0.077551022 0.053763442 0.027237354 0.003802281 0.123404257 0.035294119 0.060240965 0.000000000 0.043478262 0.051792830 0.095435686 0.064516127 0.114093959 0.015384615 0.011235955 0.109243698
0.056768559 0.008196721 0.025423728 0.072796933 0.047619049 0.012552301 0.008196721 0.016260162 0.038626611 0.079847910 0.028112451 0.116788320 0.008333334 0.004149378 0.110091746 0.115207374 0.043103449 0.083333336 0.034188036 0.097014926 0.016260162 0.039682541 0.080357142 0.008196721 0.016806724 0.043478262 0.000000000 0.008333334 0.052173913 0.021097047 0.156794429 0.028112451 0.054687500 0.066079296
0.048458152 0.016528925 0.017094018 0.081081077 0.039301310 0.004219409 0.016528925 0.024590164 0.030303031 0.088122606 0.036437247 0.125000000 0.000000000 0.004184100 0.101851851 0.106976748 0.034782607 0.091603056 0.025862070 0.105263159 0.024590164 0.048000000 0.072072074 0.016528925 0.008474576 0.051792830 0.008333334 0.000000000 0.043859649 0.012765957 0.164912283 0.036437247 0.062992126 0.057777777
0.004608295 0.060344826 0.026785715 0.124497995 0.004566210 0.039647575 0.060344826 0.068376072 0.013574661 0.131474108 0.080168776 0.167938933 0.043859649 0.048034936 0.058252428 0.063414633 0.009090909 0.134920642 0.018018018 0.148437500 0.068376072 0.091666669 0.028301887 0.060344826 0.035398230 0.095435686 0.052173913 0.043859649 0.000000000 0.031111112 0.207272723 0.080168776 0.106557377 0.013953488
0.035714287 0.029288704 0.004329004 0.093750000 0.026548672 0.008547009 0.029288704 0.037344400 0.017543860 0.100775197 0.049180329 0.137546465 0.012765957 0.016949153 0.089201875 0.094339624 0.022026431 0.104247101 0.013100437 0.117870726 0.037344400 0.060728744 0.059360731 0.029288704 0.004291845 0.064516127 0.021097047 0.012765957 0.031111112 0.000000000 0.177304968 0.049180329 0.075697213 0.045045044
0.211678833 0.148788929 0.181494668 0.084967323 0.202898547 0.169014081 0.148788929 0.140893474 0.194244608 0.077922076 0.129251704 0.040752351 0.164912283 0.160839155 0.262357414 0.267175585 0.198555961 0.074433655 0.189964160 0.060702875 0.140893474 0.117845118 0.234200746 0.148788929 0.173144877 0.114093959 0.156794429 0.164912283 0.207272723 0.177304968 0.000000000 0.129251704 0.102990031 0.220588237
0.084745765 0.019920319 0.053497944 0.044776119 0.075630255 0.040650405 0.019920319 0.011857707 0.066666670 0.051851850 0.000000000 0.088967972 0.036437247 0.032258064 0.137777776 0.142857149 0.071129709 0.055350553 0.062240664 0.069090910 0.011857707 0.011583012 0.108225107 0.019920319 0.044897959 0.015384615 0.028112451 0.036437247 0.080168776 0.049180329 0.129251704 0.000000000 0.026615970 0.094017096
0.111111112 0.046511628 0.079999998 0.018181818 0.102040820 0.067193680 0.046511628 0.038461540 0.093117408 0.025270758 0.026615970 0.062500000 0.062992126 0.058823530 0.163793102 0.168831170 0.097560972 0.028776979 0.088709675 0.042553190 0.038461540 0.015037594 0.134453788 0.046511628 0.071428575 0.011235955 0.054687500 0.062992126 0.106557377 0.075697213 0.102990031 0.026615970 0.000000000 0.120331950
0.009345794 0.074235804 0.040723983 0.138211384 0.018518519 0.053571429 0.074235804 0.082251079 0.027522936 0.145161286 0.094017096 0.181467175 0.057777777 0.061946902 0.044334974 0.049504951 0.023041476 0.148594379 0.031963471 0.162055343 0.082251079 0.105485231 0.014354067 0.074235804 0.049327355 0.109243698 0.066079296 0.057777777 0.013953488 0.045045044 0.220588237 0.094017096 0.120331950 0.000000000
