0.000000000 0.142857149 0.192307696 0.269565225 0.142857149 0.184466019 0.138461545 0.138461545 0.138461545 0.214953274 0.218604654 0.266375542 0.192307696 0.151515156 0.111111112 0.061452515 0.086956523 0.232876718 0.129533678 0.218604654 0.086956523 0.192307696 0.111111112 0.176470593 0.222222224 0.236363634 0.180487812 0.129533678 0.086956523 0.155778900 0.377777785 0.338582665 0.125000000 0.222222224
0.142857149 0.000000000 0.050847456 0.131782949 0.000000000 0.042735044 0.004484305 0.004484305 0.004484305 0.074380167 0.078189299 0.128404662 0.050847456 0.008849557 0.032258064 0.082125604 0.056603774 0.093117408 0.013574661 0.078189299 0.056603774 0.050847456 0.032258064 0.034482758 0.081967212 0.096774191 0.038626611 0.013574661 0.056603774 0.013215859 0.248322144 0.205673754 0.018181818 0.081967212
0.192307696 0.050847456 0.000000000 0.081481479 0.050847456 0.008130081 0.055319149 0.055319149 0.055319149 0.023622047 0.027450981 0.078066915 0.000000000 0.042016808 0.082969435 0.132420093 0.107142858 0.042471044 0.064377680 0.027450981 0.107142858 0.000000000 0.082969435 0.016393442 0.031250000 0.046153847 0.012244898 0.064377680 0.107142858 0.037656903 0.200000003 0.156462580 0.068965517 0.031250000
0.269565225 0.131782949 0.081481479 0.000000000 0.131782949 0.089552239 0.136186764 0.136186764 0.136186764 0.057971016 0.054151624 0.003436426 0.081481479 0.123076923 0.163346618 0.211618260 0.186991870 0.039145909 0.145098045 0.054151624 0.186991870 0.081481479 0.163346618 0.097744361 0.050359711 0.035460994 0.093632959 0.145098045 0.186991870 0.118773945 0.120481931 0.075949363 0.149606302 0.050359711
0.142857149 0.000000000 0.050847456 0.131782949 0.000000000 0.042735044 0.004484305 0.004484305 0.004484305 0.074380167 0.078189299 0.128404662 0.050847456 0.008849557 0.032258064 0.082125604 0.056603774 0.093117408 0.013574661 0.078189299 0.056603774 0.050847456 0.032258064 0.034482758 0.081967212 0.096774191 0.038626611 0.013574661 0.056603774 0.013215859 0.248322144 0.205673754 0.018181818 0.081967212
0.184466019 0.042735044 0.008130081 0.089552239 0.042735044 0.000000000 0.047210302 0.047210302 0.047210302 0.031746034 0.035573121 0.086142324 0.008130081 0.033898305 0.074889868 0.124423966 0.099099100 0.050583657 0.056277055 0.035573121 0.099099100 0.008130081 0.074889868 0.008264462 0.039370079 0.054263566 0.004115226 0.056277055 0.099099100 0.029535865 0.207792208 0.164383560 0.060869563 0.039370079
0.138461545 0.004484305 0.055319149 0.136186764 0.004484305 0.047210302 0.000000000 0.000000000 0.000000000 0.078838177 0.082644626 0.132812500 0.055319149 0.013333334 0.027777778 0.077669904 0.052132700 0.097560972 0.009090909 0.082644626 0.052132700 0.055319149 0.027777778 0.038961038 0.086419754 0.101214573 0.043103449 0.009090909 0.052132700 0.017699115 0.252525240 0.209964409 0.013698630 0.086419754
0.138461545 0.004484305 0.055319149 0.136186764 0.004484305 0.047210302 0.000000000 0.000000000 0.000000000 0.078838177 0.082644626 0.132812500 0.055319149 0.013333334 0.027777778 0.077669904 0.052132700 0.097560972 0.009090909 0.082644626 0.052132700 0.055319149 0.027777778 0.038961038 0.086419754 0.101214573 0.043103449 0.009090909 0.052132700 0.017699115 0.252525240 0.209964409 0.013698630 0.086419754
0.138461545 0.004484305 0.055319149 0.136186764 0.004484305 0.047210302 0.000000000 0.000000000 0.000000000 0.078838177 0.082644626 0.132812500 0.055319149 0.013333334 0.027777778 0.077669904 0.052132700 0.097560972 0.009090909 0.082644626 0.052132700 0.055319149 0.027777778 0.038961038 0.086419754 0.101214573 0.043103449 0.009090909 0.052132700 0.017699115 0.252525240 0.209964409 0.013698630 0.086419754
0.214953274 0.074380167 0.023622047 0.057971016 0.074380167 0.031746034 0.078838177 0.078838177 0.078838177 0.000000000 0.003831418 0.054545455 0.023622047 0.065573767 0.106382981 0.155555561 0.130434781 0.018867925 0.087866105 0.003831418 0.130434781 0.023622047 0.106382981 0.039999999 0.007633588 0.022556391 0.035856575 0.087866105 0.130434781 0.061224490 0.177215189 0.133333340 0.092436977 0.007633588
0.218604654 0.078189299 0.027450981 0.054151624 0.078189299 0.035573121 0.082644626 0.082644626 0.082644626 0.003831418 0.000000000 0.050724637 0.027450981 0.069387756 0.110169493 0.159292042 0.134199128 0.015037594 0.091666669 0.000000000 0.134199128 0.027450981 0.110169493 0.043824703 0.003802281 0.018726591 0.039682541 0.091666669 0.134199128 0.065040648 0.173501581 0.129568100 0.096234307 0.003802281
0.266375542 0.128404662 0.078066915 0.003436426 0.128404662 0.086142324 0.132812500 0.132812500 0.132812500 0.054545455 0.050724637 0.000000000 0.078066915 0.119691119 0.159999996 0.208333328 0.183673471 0.035714287 0.141732290 0.050724637 0.183673471 0.078066915 0.159999996 0.094339624 0.046931408 0.032028470 0.090225562 0.141732290 0.183673471 0.115384616 0.123867072 0.079365082 0.146245062 0.046931408
0.192307696 0.050847456 0.000000000 0.081481479 0.050847456 0.008130081 0.055319149 0.055319149 0.055319149 0.023622047 0.027450981 0.078066915 0.000000000 0.042016808 0.082969435 0.132420093 0.107142858 0.042471044 0.064377680 0.027450981 0.107142858 0.000000000 0.082969435 0.016393442 0.031250000 0.046153847 0.012244898 0.064377680 0.107142858 0.037656903 0.200000003 0.156462580 0.068965517 0.031250000
0.151515156 0.008849557 0.042016808 0.123076923 0.008849557 0.033898305 0.013333334 0.013333334 0.013333334 0.065573767 0.069387756 0.119691119 0.042016808 0.000000000 0.041095890 0.090909094 0.065420561 0.084337346 0.022421524 0.069387756 0.065420561 0.042016808 0.041095890 0.025641026 0.073170729 0.088000000 0.029787235 0.022421524 0.065420561 0.004366812 0.239999995 0.197183102 0.027027028 0.073170729
0.111111112 0.032258064 0.082969435 0.163346618 0.032258064 0.074889868 0.027777778 0.027777778 0.027777778 0.106382981 0.110169493 0.159999996 0.082969435 0.041095890 0.000000000 0.050000001 0.024390243 0.125000000 0.018691588 0.110169493 0.024390243 0.082969435 0.000000000 0.066666670 0.113924049 0.128630713 0.070796460 0.018691588 0.024390243 0.045454547 0.278350502 0.236363634 0.014084507 0.113924049
0.061452515 0.082125604 0.132420093 0.211618260 0.082125604 0.124423966 0.077669904 0.077669904 0.077669904 0.155555561 0.159292042 0.208333328 0.132420093 0.090909094 0.050000001 0.000000000 0.025641026 0.173913047 0.068627454 0.159292042 0.025641026 0.132420093 0.050000001 0.116279073 0.162995592 0.177489176 0.120370373 0.068627454 0.025641026 0.095238097 0.323843420 0.283018857 0.064039409 0.162995592
0.086956523 0.056603774 0.107142858 0.186991870 0.056603774 0.099099100 0.052132700 0.052132700 0.052132700 0.130434781 0.134199128 0.183673471 0.107142858 0.065420561 0.024390243 0.025641026 0.000000000 0.148936167 0.043062203 0.134199128 0.000000000 0.107142858 0.024390243 0.090909094 0.137931034 0.152542368 0.095022626 0.043062203 0.000000000 0.069767445 0.300699294 0.259259254 0.038461540 0.137931034
0.232876718 0.093117408 0.042471044 0.039145909 0.093117408 0.050583657 0.097560972 0.097560972 0.097560972 0.018867925 0.015037594 0.035714287 0.042471044 0.084337346 0.125000000 0.173913047 0.148936167 0.000000000 0.106557377 0.015037594 0.148936167 0.042471044 0.125000000 0.058823530 0.011235955 0.003690037 0.054687500 0.106557377 0.148936167 0.079999998 0.158878505 0.114754096 0.111111112 0.011235955
0.129533678 0.013574661 0.064377680 0.145098045 0.013574661 0.056277055 0.009090909 0.009090909 0.009090909 0.087866105 0.091666669 0.141732290 0.064377680 0.022421524 0.018691588 0.068627454 0.043062203 0.106557377 0.000000000 0.091666669 0.043062203 0.064377680 0.018691588 0.048034936 0.095435686 0.110204078 0.052173913 0.000000000 0.043062203 0.026785715 0.261016935 0.218637988 0.004608295 0.095435686
0.218604654 0.078189299 0.027450981 0.054151624 0.078189299 0.035573121 0.082644626 0.082644626 0.082644626 0.003831418 0.000000000 0.050724637 0.027450981 0.069387756 0.110169493 0.159292042 0.134199128 0.015037594 0.091666669 0.000000000 0.134199128 0.027450981 0.110169493 0.043824703 0.003802281 0.018726591 0.039682541 0.091666669 0.134199128 0.065040648 0.173501581 0.129568100 0.096234307 0.003802281
0.086956523 0.056603774 0.107142858 0.186991870 0.056603774 0.099099100 0.052132700 0.052132700 0.052132700 0.130434781 0.134199128 0.183673471 0.107142858 0.065420561 0.024390243 0.025641026 0.000000000 0.148936167 0.043062203 0.134199128 0.000000000 0.107142858 0.024390243 0.090909094 0.137931034 0.152542368 0.095022626 0.043062203 0.000000000 0.069767445 0.300699294 0.259259254 0.038461540 0.137931034
0.192307696 0.050847456 0.000000000 0.081481479 0.050847456 0.008130081 0.055319149 0.055319149 0.055319149 0.023622047 0.027450981 0.078066915 0.000000000 0.042016808 0.082969435 0.132420093 0.107142858 0.042471044 0.064377680 0.027450981 0.107142858 0.000000000 0.082969435 0.016393442 0.031250000 0.046153847 0.012244898 0.064377680 0.107142858 0.037656903 0.200000003 0.156462580 0.068965517 0.031250000
0.111111112 0.032258064 0.082969435 0.163346618 0.032258064 0.074889868 0.027777778 0.027777778 0.027777778 0.106382981 0.110169493 0.159999996 0.082969435 0.041095890 0.000000000 0.050000001 0.024390243 0.125000000 0.018691588 0.110169493 0.024390243 0.082969435 0.000000000 0.066666670 0.113924049 0.128630713 0.070796460 0.018691588 0.024390243 0.045454547 0.278350502 0.236363634 0.014084507 0.113924049
0.176470593 0.034482758 0.016393442 0.097744361 0.034482758 0.008264462 0.038961038 0.038961038 0.038961038 0.039999999 0.043824703 0.094339624 0.016393442 0.025641026 0.066666670 0.116279073 0.090909094 0.058823530 0.048034936 0.043824703 0.090909094 0.016393442 0.066666670 0.000000000 0.047619049 0.062500000 0.004149378 0.048034936 0.090909094 0.021276595 0.215686277 0.172413796 0.052631579 0.047619049
0.222222224 0.081967212 0.031250000 0.050359711 0.081967212 0.039370079 0.086419754 0.086419754 0.086419754 0.007633588 0.003802281 0.046931408 0.031250000 0.073170729 0.113924049 0.162995592 0.137931034 0.011235955 0.095435686 0.003802281 0.137931034 0.031250000 0.113924049 0.047619049 0.000000000 0.014925373 0.043478262 0.095435686 0.137931034 0.068825908 0.169811323 0.125827819 0.100000001 0.000000000
0.236363634 0.096774191 0.046153847 0.035460994 0.096774191 0.054263566 0.101214573 0.101214573 0.101214573 0.022556391 0.018726591 0.032028470 0.046153847 0.088000000 0.128630713 0.177489176 0.152542368 0.003690037 0.110204078 0.018726591 0.152542368 0.046153847 0.128630713 0.062500000 0.014925373 0.000000000 0.058365759 0.110204078 0.152542368 0.083665341 0.155279502 0.111111112 0.114754096 0.014925373
0.180487812 0.038626611 0.012244898 0.093632959 0.038626611 0.004115226 0.043103449 0.043103449 0.043103449 0.035856575 0.039682541 0.090225562 0.012244898 0.029787235 0.070796460 0.120370373 0.095022626 0.054687500 0.052173913 0.039682541 0.095022626 0.012244898 0.070796460 0.004149378 0.043478262 0.058365759 0.000000000 0.052173913 0.095022626 0.025423728 0.211726382 0.168384880 0.056768559 0.043478262
0.129533678 0.013574661 0.064377680 0.145098045 0.013574661 0.056277055 0.009090909 0.009090909 0.009090909 0.087866105 0.091666669 0.141732290 0.064377680 0.022421524 0.018691588 0.068627454 0.043062203 0.106557377 0.000000000 0.091666669 0.043062203 0.064377680 0.018691588 0.048034936 0.095435686 0.110204078 0.052173913 0.000000000 0.043062203 0.026785715 0.261016935 0.218637988 0.004608295 0.095435686
0.086956523 0.056603774 0.107142858 0.186991870 0.056603774 0.099099100 0.052132700 0.052132700 0.052132700 0.130434781 0.134199128 0.183673471 0.107142858 0.065420561 0.024390243 0.025641026 0.000000000 0.148936167 0.043062203 0.134199128 0.000000000 0.107142858 0.024390243 0.090909094 0.137931034 0.152542368 0.095022626 0.043062203 0.000000000 0.069767445 0.300699294 0.259259254 0.038461540 0.137931034
0.155778900 0.013215859 0.037656903 0.118773945 0.013215859 0.029535865 0.017699115 0.017699115 0.017699115 0.061224490 0.065040648 0.115384616 0.037656903 0.004366812 0.045454547 0.095238097 0.069767445 0.079999998 0.026785715 0.065040648 0.069767445 0.037656903 0.045454547 0.021276595 0.068825908 0.083665341 0.025423728 0.026785715 0.069767445 0.000000000 0.235880405 0.192982450 0.031390134 0.068825908
0.377777785 0.248322144 0.200000003 0.120481931 0.248322144 0.207792208 0.252525240 0.252525240 0.252525240 0.177215189 0.173501581 0.123867072 0.200000003 0.239999995 0.278350502 0.323843420 0.300699294 0.158878505 0.261016935 0.173501581 0.300699294 0.200000003 0.278350502 0.215686277 0.169811323 0.155279502 0.211726382 0.261016935 0.300699294 0.235880405 0.000000000 0.044943821 0.265306115 0.169811323
0.338582665 0.205673754 0.156462580 0.075949363 0.205673754 0.164383560 0.209964409 0.209964409 0.209964409 0.133333340 0.129568100 0.079365082 0.156462580 0.197183102 0.236363634 0.283018857 0.259259254 0.114754096 0.218637988 0.129568100 0.259259254 0.156462580 0.236363634 0.172413796 0.125827819 0.111111112 0.168384880 0.218637988 0.259259254 0.192982450 0.044943821 0.000000000 0.223021582 0.125827819
0.125000000 0.018181818 0.068965517 0.149606302 0.018181818 0.060869563 0.013698630 0.013698630 0.013698630 0.092436977 0.096234307 0.146245062 0.068965517 0.027027028 0.014084507 0.064039409 0.038461540 0.111111112 0.004608295 0.096234307 0.038461540 0.068965517 0.014084507 0.052631579 0.100000001 0.114754096 0.056768559 0.004608295 0.038461540 0.031390134 0.265306115 0.223021582 0.000000000 0.100000001
0.222222224 0.081967212 0.031250000 0.050359711 0.081967212 0.039370079 0.086419754 0.086419754 0.086419754 0.007633588 0.003802281 0.046931408 0.031250000 0.073170729 0.113924049 0.162995592 0.137931034 0.011235955 0.095435686 0.003802281 0.137931034 0.031250000 0.113924049 0.047619049 0.000000000 0.014925373 0.043478262 0.095435686 0.137931034 0.068825908 0.169811323 0.125827819 0.100000001 0.000000000
