0.000000000 0.089947090 0.192488268 0.242290750 0.104166664 0.200000003 0.126903549 0.188679248 0.180952385 0.238938048 0.221719459 0.238938048 0.173076928 0.160975605 0.131313130 0.232142851 0.070270270 0.211009175 0.152709365 0.283333331 0.135678396 0.196261689 0.207373276 0.173076928 0.238938048 0.218181819 0.192488268 0.144278601 0.075268820 0.152709365 0.338461548 0.309236944 0.148514852 0.192488268
0.089947090 0.000000000 0.104347825 0.155737698 0.014354067 0.112068966 0.037383176 0.100436680 0.092511013 0.152263373 0.134453788 0.152263373 0.084444441 0.072072074 0.041860465 0.145228222 0.019801980 0.123404257 0.063636363 0.198443577 0.046296295 0.108225107 0.119658120 0.084444441 0.152263373 0.130801693 0.104347825 0.055045873 0.014778325 0.063636363 0.256317675 0.225563914 0.059360731 0.104347825
0.192488268 0.104347825 0.000000000 0.052238807 0.090128757 0.007812500 0.067226894 0.003952569 0.011952192 0.048689138 0.030534351 0.048689138 0.020080321 0.032520324 0.062761508 0.041509435 0.123893805 0.019305019 0.040983606 0.096085407 0.058333334 0.003921569 0.015503876 0.020080321 0.048689138 0.026819924 0.000000000 0.049586777 0.118942730 0.040983606 0.156146184 0.124137931 0.045267489 0.000000000
0.242290750 0.155737698 0.052238807 0.000000000 0.141700402 0.044444446 0.119047619 0.056179777 0.064150944 0.003558719 0.021739131 0.003558719 0.072243348 0.084615387 0.114624508 0.010752688 0.174999997 0.032967035 0.093023255 0.044067796 0.110236220 0.048327137 0.036764707 0.072243348 0.003558719 0.025454545 0.052238807 0.101562500 0.170124486 0.093023255 0.104761906 0.072368421 0.097276263 0.052238807
0.104166664 0.014354067 0.090128757 0.141700402 0.000000000 0.097872339 0.023041476 0.086206898 0.078260869 0.138211384 0.120331950 0.138211384 0.070175439 0.057777777 0.027522936 0.131147534 0.034146342 0.109243698 0.049327355 0.184615389 0.031963471 0.094017096 0.105485231 0.070175439 0.138211384 0.116666667 0.090128757 0.040723983 0.029126214 0.049327355 0.242857143 0.211895913 0.045045044 0.090128757
0.200000003 0.112068966 0.007812500 0.044444446 0.097872339 0.000000000 0.075000003 0.011764706 0.019762846 0.040892195 0.022727273 0.040892195 0.027888447 0.040322579 0.070539422 0.033707865 0.131578952 0.011494253 0.048780486 0.088339224 0.066115700 0.003891051 0.007692308 0.027888447 0.040892195 0.019011406 0.007812500 0.057377048 0.126637548 0.048780486 0.148514852 0.116438359 0.053061225 0.007812500
0.126903549 0.037383176 0.067226894 0.119047619 0.023041476 0.075000003 0.000000000 0.063291140 0.055319149 0.115537852 0.097560972 0.115537852 0.047210302 0.034782607 0.004484305 0.108433738 0.057142857 0.086419754 0.026315790 0.162264153 0.008928572 0.071129709 0.082644626 0.047210302 0.115537852 0.093877554 0.067226894 0.017699115 0.052132700 0.026315790 0.221052632 0.189781025 0.022026431 0.067226894
0.188679248 0.100436680 0.003952569 0.056179777 0.086206898 0.011764706 0.063291140 0.000000000 0.008000000 0.052631579 0.034482758 0.052631579 0.016129032 0.028571429 0.058823530 0.045454547 0.119999997 0.023255814 0.037037037 0.100000001 0.054393306 0.007874016 0.019455252 0.016129032 0.052631579 0.030769231 0.003952569 0.045643155 0.115044251 0.037037037 0.159999996 0.128027678 0.041322313 0.003952569
0.180952385 0.092511013 0.011952192 0.064150944 0.078260869 0.019762846 0.055319149 0.008000000 0.000000000 0.060606062 0.042471044 0.060606062 0.008130081 0.020576132 0.050847456 0.053435113 0.112107620 0.031250000 0.029045643 0.107913665 0.046413504 0.015873017 0.027450981 0.008130081 0.060606062 0.038759690 0.011952192 0.037656903 0.107142858 0.029045643 0.167785242 0.135888502 0.033333335 0.011952192
0.238938048 0.152263373 0.048689138 0.003558719 0.138211384 0.040892195 0.115537852 0.052631579 0.060606062 0.000000000 0.018181818 0.000000000 0.068702288 0.081081077 0.111111112 0.007194245 0.171548113 0.029411765 0.089494161 0.047619049 0.106719367 0.044776119 0.033210333 0.068702288 0.000000000 0.021897810 0.048689138 0.098039217 0.166666672 0.089494161 0.108280256 0.075907588 0.093750000 0.048689138
0.221719459 0.134453788 0.030534351 0.021739131 0.120331950 0.022727273 0.097560972 0.034482758 0.042471044 0.018181818 0.000000000 0.018181818 0.050583657 0.062992126 0.093117408 0.010989011 0.153846160 0.011235955 0.071428575 0.065743946 0.088709675 0.026615970 0.015037594 0.050583657 0.018181818 0.003717472 0.030534351 0.079999998 0.148936167 0.071428575 0.126213595 0.093959734 0.075697213 0.030534351
0.238938048 0.152263373 0.048689138 0.003558719 0.138211384 0.040892195 0.115537852 0.052631579 0.060606062 0.000000000 0.018181818 0.000000000 0.068702288 0.081081077 0.111111112 0.007194245 0.171548113 0.029411765 0.089494161 0.047619049 0.106719367 0.044776119 0.033210333 0.068702288 0.000000000 0.021897810 0.048689138 0.098039217 0.166666672 0.089494161 0.108280256 0.075907588 0.093750000 0.048689138
0.173076928 0.084444441 0.020080321 0.072243348 0.070175439 0.027888447 0.047210302 0.016129032 0.008130081 0.068702288 0.050583657 0.068702288 0.000000000 0.012448133 0.042735044 0.061538462 0.104072399 0.039370079 0.020920502 0.115942031 0.038297873 0.024000000 0.035573121 0.000000000 0.068702288 0.046875000 0.020080321 0.029535865 0.099099100 0.020920502 0.175675675 0.143859655 0.025210084 0.020080321
0.160975605 0.072072074 0.032520324 0.084615387 0.057777777 0.040322579 0.034782607 0.028571429 0.020576132 0.081081077 0.062992126 0.081081077 0.012448133 0.000000000 0.030303031 0.073929958 0.091743119 0.051792830 0.008474576 0.128205135 0.025862070 0.036437247 0.048000000 0.012448133 0.081081077 0.059288539 0.032520324 0.017094018 0.086757988 0.008474576 0.187713310 0.156028375 0.012765957 0.032520324
0.131313130 0.041860465 0.062761508 0.114624508 0.027522936 0.070539422 0.004484305 0.058823530 0.050847456 0.111111112 0.093117408 0.111111112 0.042735044 0.030303031 0.000000000 0.104000002 0.061611373 0.081967212 0.021834061 0.157894731 0.004444445 0.066666670 0.078189299 0.042735044 0.111111112 0.089430891 0.062761508 0.013215859 0.056603774 0.021834061 0.216783211 0.185454547 0.017543860 0.062761508
0.232142851 0.145228222 0.041509435 0.010752688 0.131147534 0.033707865 0.108433738 0.045454547 0.053435113 0.007194245 0.010989011 0.007194245 0.061538462 0.073929958 0.104000002 0.000000000 0.164556965 0.022222223 0.082352944 0.054794520 0.099601597 0.037593983 0.026022306 0.061538462 0.007194245 0.014705882 0.041509435 0.090909094 0.159663871 0.082352944 0.115384616 0.083056480 0.086614177 0.041509435
0.070270270 0.019801980 0.123893805 0.174999997 0.034146342 0.131578952 0.057142857 0.119999997 0.112107620 0.171548113 0.153846160 0.171548113 0.104072399 0.091743119 0.061611373 0.164556965 0.000000000 0.142857149 0.083333336 0.217391297 0.066037737 0.127753302 0.139130428 0.104072399 0.171548113 0.150214598 0.123893805 0.074766353 0.005025126 0.083333336 0.274725288 0.244274810 0.079069771 0.123893805
0.211009175 0.123404257 0.019305019 0.032967035 0.109243698 0.011494253 0.086419754 0.023255814 0.031250000 0.029411765 0.011235955 0.029411765 0.039370079 0.051792830 0.081967212 0.022222223 0.142857149 0.000000000 0.060240965 0.076923080 0.077551022 0.015384615 0.003802281 0.039370079 0.029411765 0.007518797 0.019305019 0.068825908 0.137931034 0.060240965 0.137254909 0.105084747 0.064516127 0.019305019
0.152709365 0.063636363 0.040983606 0.093023255 0.049327355 0.048780486 0.026315790 0.037037037 0.029045643 0.089494161 0.071428575 0.089494161 0.020920502 0.008474576 0.021834061 0.082352944 0.083333336 0.060240965 0.000000000 0.136531368 0.017391304 0.044897959 0.056451611 0.020920502 0.089494161 0.067729086 0.040983606 0.008620690 0.078341015 0.000000000 0.195876285 0.164285719 0.004291845 0.040983606
0.283333331 0.198443577 0.096085407 0.044067796 0.184615389 0.088339224 0.162264153 0.100000001 0.107913665 0.047619049 0.065743946 0.047619049 0.115942031 0.128205135 0.157894731 0.054794520 0.217391297 0.076923080 0.136531368 0.000000000 0.153558046 0.092198581 0.080701753 0.115942031 0.047619049 0.069444448 0.096085407 0.144981414 0.212598428 0.136531368 0.060975611 0.028391168 0.140740737 0.096085407
0.135678396 0.046296295 0.058333334 0.110236220 0.031963471 0.066115700 0.008928572 0.054393306 0.046413504 0.106719367 0.088709675 0.106719367 0.038297873 0.025862070 0.004444445 0.099601597 0.066037737 0.077551022 0.017391304 0.153558046 0.000000000 0.062240664 0.073770493 0.038297873 0.106719367 0.085020244 0.058333334 0.008771930 0.061032865 0.017391304 0.212543547 0.181159422 0.013100437 0.058333334
0.196261689 0.108225107 0.003921569 0.048327137 0.094017096 0.003891051 0.071129709 0.007874016 0.015873017 0.044776119 0.026615970 0.044776119 0.024000000 0.036437247 0.066666670 0.037593983 0.127753302 0.015384615 0.044897959 0.092198581 0.062240664 0.000000000 0.011583012 0.024000000 0.044776119 0.022900764 0.003921569 0.053497944 0.122807018 0.044897959 0.152317882 0.120274916 0.049180329 0.003921569
0.207373276 0.119658120 0.015503876 0.036764707 0.105485231 0.007692308 0.082644626 0.019455252 0.027450981 0.033210333 0.015037594 0.033210333 0.035573121 0.048000000 0.078189299 0.026022306 0.139130428 0.003802281 0.056451611 0.080701753 0.073770493 0.011583012 0.000000000 0.035573121 0.033210333 0.011320755 0.015503876 0.065040648 0.134199128 0.056451611 0.140983611 0.108843535 0.060728744 0.015503876
0.173076928 0.084444441 0.020080321 0.072243348 0.070175439 0.027888447 0.047210302 0.016129032 0.008130081 0.068702288 0.050583657 0.068702288 0.000000000 0.012448133 0.042735044 0.061538462 0.104072399 0.039370079 0.020920502 0.115942031 0.038297873 0.024000000 0.035573121 0.000000000 0.068702288 0.046875000 0.020080321 0.029535865 0.099099100 0.020920502 0.175675675 0.143859655 0.025210084 0.020080321
0.238938048 0.152263373 0.048689138 0.003558719 0.138211384 0.040892195 0.115537852 0.052631579 0.060606062 0.000000000 0.018181818 0.000000000 0.068702288 0.081081077 0.111111112 0.007194245 0.171548113 0.029411765 0.089494161 0.047619049 0.106719367 0.044776119 0.033210333 0.068702288 0.000000000 0.021897810 0.048689138 0.098039217 0.166666672 0.089494161 0.108280256 0.075907588 0.093750000 0.048689138
0.218181819 0.130801693 0.026819924 0.025454545 0.116666667 0.019011406 0.093877554 0.030769231 0.038759690 0.021897810 0.003717472 0.021897810 0.046875000 0.059288539 0.089430891 0.014705882 0.150214598 0.007518797 0.067729086 0.069444448 0.085020244 0.022900764 0.011320755 0.046875000 0.021897810 0.000000000 0.026819924 0.076305218 0.145299152 0.067729086 0.129870132 0.097643100 0.071999997 0.026819924
0.192488268 0.104347825 0.000000000 0.052238807 0.090128757 0.007812500 0.067226894 0.003952569 0.011952192 0.048689138 0.030534351 0.048689138 0.020080321 0.032520324 0.062761508 0.041509435 0.123893805 0.019305019 0.040983606 0.096085407 0.058333334 0.003921569 0.015503876 0.020080321 0.048689138 0.026819924 0.000000000 0.049586777 0.118942730 0.040983606 0.156146184 0.124137931 0.045267489 0.000000000
0.144278601 0.055045873 0.049586777 0.101562500 0.040723983 0.057377048 0.017699115 0.045643155 0.037656903 0.098039217 0.079999998 0.098039217 0.029535865 0.017094018 0.013215859 0.090909094 0.074766353 0.068825908 0.008620690 0.144981414 0.008771930 0.053497944 0.065040648 0.029535865 0.098039217 0.076305218 0.049586777 0.000000000 0.069767445 0.008620690 0.204152256 0.172661871 0.004329004 0.049586777
0.075268820 0.014778325 0.118942730 0.170124486 0.029126214 0.126637548 0.052132700 0.115044251 0.107142858 0.166666672 0.148936167 0.166666672 0.099099100 0.086757988 0.056603774 0.159663871 0.005025126 0.137931034 0.078341015 0.212598428 0.061032865 0.122807018 0.134199128 0.099099100 0.166666672 0.145299152 0.118942730 0.069767445 0.000000000 0.078341015 0.270072997 0.239543721 0.074074075 0.118942730
0.152709365 0.063636363 0.040983606 0.093023255 0.049327355 0.048780486 0.026315790 0.037037037 0.029045643 0.089494161 0.071428575 0.089494161 0.020920502 0.008474576 0.021834061 0.082352944 0.083333336 0.060240965 0.000000000 0.136531368 0.017391304 0.044897959 0.056451611 0.020920502 0.089494161 0.067729086 0.040983606 0.008620690 0.078341015 0.000000000 0.195876285 0.164285719 0.004291845 0.040983606
0.338461548 0.256317675 0.156146184 0.104761906 0.242857143 0.148514852 0.221052632 0.159999996 0.167785242 0.108280256 0.126213595 0.108280256 0.175675675 0.187713310 0.216783211 0.115384616 0.274725288 0.137254909 0.195876285 0.060975611 0.212543547 0.152317882 0.140983611 0.175675675 0.108280256 0.129870132 0.156146184 0.204152256 0.270072997 0.195876285 0.000000000 0.032640949 0.200000003 0.156146184
0.309236944 0.225563914 0.124137931 0.072368421 0.211895913 0.116438359 0.189781025 0.128027678 0.135888502 0.075907588 0.093959734 0.075907588 0.143859655 0.156028375 0.185454547 0.083056480 0.244274810 0.105084747 0.164285719 0.028391168 0.181159422 0.120274916 0.108843535 0.143859655 0.075907588 0.097643100 0.124137931 0.172661871 0.239543721 0.164285719 0.032640949 0.000000000 0.168458775 0.124137931
0.148514852 0.059360731 0.045267489 0.097276263 0.045045044 0.053061225 0.022026431 0.041322313 0.033333335 0.093750000 0.075697213 0.093750000 0.025210084 0.012765957 0.017543860 0.086614177 0.079069771 0.064516127 0.004291845 0.140740737 0.013100437 0.049180329 0.060728744 0.025210084 0.093750000 0.071999997 0.045267489 0.004329004 0.074074075 0.004291845 0.200000003 0.168458775 0.000000000 0.045267489
0.192488268 0.104347825 0.000000000 0.052238807 0.090128757 0.007812500 0.067226894 0.003952569 0.011952192 0.048689138 0.030534351 0.048689138 0.020080321 0.032520324 0.062761508 0.041509435 0.123893805 0.019305019 0.040983606 0.096085407 0.058333334 0.003921569 0.015503876 0.020080321 0.048689138 0.026819924 0.000000000 0.049586777 0.118942730 0.040983606 0.156146184 0.124137931 0.045267489 0.000000000
