0.021330792 0.062542096 0.026696933 0.067231774 0.035951588 0.040703442 0.039517891 0.040509142 0.045667857 0.060241144 0.050171681 0.060844712 0.048546165 0.043972515 0.030957377 0.019737288 0.033053145 0.066849612 0.044041775 0.054447714 0.029399423 0.049074516 0.022332020 0.040865038 0.051705848 0.056883134 0.044234984 0.041935563 0.023849882 0.050911997 0.092463598 0.069964305 0.040032707 0.024485629
0.062542096 -0.044943806 0.018377341 0.049539834 0.033121847 0.027580326 0.023021881 0.025279367 0.034273718 0.038047910 0.032989420 0.036464192 0.032927722 0.025722701 0.050217330 0.034025684 0.024508527 0.038967304 0.029437738 0.042801965 0.024681579 0.022622909 0.039145105 0.022628579 0.015258522 0.024333782 0.027370799 0.021535585 0.037722453 0.033700660 0.076301202 0.036959939 0.027785633 0.032751482
0.026696933 0.018377341 -0.001368619 0.039928392 0.010794739 0.008129788 -0.000409264 0.003911323 0.004519961 0.026819564 0.012472305 0.028448889 0.016317192 0.010380471 0.030589418 0.014143684 0.004366053 0.027749097 0.013618786 0.019147141 0.002349540 0.007087426 0.009713551 0.001402115 0.021631218 0.018331200 0.003579463 0.003712158 0.012813086 0.009538377 0.054074220 0.030992519 0.015294818 0.005106184
0.067231774 0.049539834 0.039928392 0.007585153 0.049038853 0.035135604 0.033600751 0.031557444 0.042371336 0.010610839 0.030305829 0.026894214 0.023326576 0.032421570 0.064202309 0.072044149 0.046406526 0.029150145 0.042457107 0.031494208 0.049617246 0.031941950 0.059903450 0.032105733 0.044555053 0.026958434 0.040502865 0.039257195 0.059875265 0.032417748 0.028910723 0.024176653 0.043257125 0.047369972
0.035951588 0.033121847 0.010794739 0.049038853 -0.003405867 0.016341856 0.009016992 0.016706022 0.023291335 0.038506519 0.021738989 0.031817827 0.023839256 0.015819408 0.034697536 0.020900080 0.016217608 0.043501906 0.032312326 0.026229983 0.012617391 0.029370189 0.011408407 0.016034534 0.024632918 0.026764739 0.012693148 0.016628504 0.020566488 0.020103578 0.056185439 0.047796238 0.020456988 0.011443185
0.040703442 0.027580326 0.008129788 0.035135604 0.016341856 -0.021042004 0.003902110 0.004754679 0.008419732 0.024444370 0.010661969 0.026729176 0.009455764 0.008078068 0.038984511 0.026842408 0.009557859 0.030572928 0.015687851 0.018658087 0.007242938 0.012748757 0.021438591 0.007261762 0.023610551 0.019268256 0.005388815 0.004874310 0.023385044 0.007610200 0.045812134 0.029023696 0.022346258 0.012484095
0.039517891 0.023021881 -0.000409264 0.033600751 0.009016992 0.003902110 -0.008757039 -0.001971377 0.002628720 0.019961391 0.005838796 0.019578993 0.010093483 0.002665200 0.037240975 0.026316715 0.007656257 0.020309344 0.013693457 0.007677911 0.004031559 0.004982583 0.020519653 -0.001759651 0.021708943 0.008031105 -0.000332018 -0.000173639 0.020407006 -0.004203684 0.049568750 0.026237613 0.017220637 0.012415208
0.040509142 0.025279367 0.003911323 0.031557444 0.016706022 0.004754679 -0.001971377 -0.002551860 0.008207444 0.018371841 0.006863846 0.020351060 0.005002063 0.001013762 0.039085083 0.027420817 0.013791666 0.023883194 0.015283387 0.009698078 0.009958402 0.010058249 0.024426758 0.001147203 0.012327733 0.009755647 -0.000230959 0.007070322 0.024105383 0.005413230 0.039389528 0.024978887 0.023647215 0.015627237
0.045667857 0.034273718 0.004519961 0.042371336 0.023291335 0.008419732 0.002628720 0.008207444 -0.001436256 0.029265493 0.011103759 0.024857927 0.016105486 0.010051893 0.045182317 0.024811257 0.007647542 0.027950795 0.015390833 0.016859002 0.008468383 -0.004085684 0.015825717 0.002447335 0.030081499 0.011233218 0.000630951 -0.000941612 0.020449802 -0.001087267 0.065844402 0.037860826 0.024408989 0.016572740
0.060241144 0.038047910 0.026819564 0.010610839 0.038506519 0.024444370 0.019961391 0.018371841 0.029265493 0.006654414 0.016537398 0.012742706 0.010824008 0.021311790 0.057447873 0.057741083 0.035972640 0.015578914 0.031428896 0.014100674 0.037288677 0.021802157 0.049909972 0.022044027 0.028808497 0.007543444 0.026038688 0.029514251 0.049733050 0.021615509 0.021785323 0.012433516 0.033467591 0.037715770
0.050171681 0.032989420 0.012472305 0.030305829 0.021738989 0.010661969 0.005838796 0.006863846 0.011103759 0.016537398 0.001081561 0.020097647 0.009445645 0.009765150 0.049611807 0.038495235 0.018555585 0.024303064 0.019537438 0.010430843 0.015083825 0.015900105 0.032570962 0.007012703 0.021365449 0.006596514 0.007190759 0.010659561 0.033593282 0.009638477 0.052299742 0.020435181 0.022478981 0.019708365
0.060844712 0.036464192 0.028448889 0.026894214 0.031817827 0.026729176 0.019578993 0.020351060 0.024857927 0.012742706 0.020097647 0.009261131 0.020380193 0.019444011 0.057952568 0.054856129 0.033724431 0.018117573 0.030952882 0.018717911 0.034780610 0.020646138 0.046977393 0.021233253 0.032087263 0.011455577 0.022882786 0.026800584 0.044830792 0.020166179 0.041971780 0.023282915 0.034993462 0.035239927
0.048546165 0.032927722 0.016317192 0.023326576 0.023839256 0.009455764 0.010093483 0.005002063 0.016105486 0.010824008 0.009445645 0.020380193 -0.010009645 0.011022759 0.050224055 0.046074968 0.020553229 0.023477204 0.020722838 0.010301495 0.019516937 0.011382725 0.037057556 0.008052699 0.016355723 0.007954237 0.007338301 0.014735956 0.033522576 0.009728989 0.044078678 0.019636638 0.027274484 0.022702081
0.043972515 0.025722701 0.010380471 0.032421570 0.015819408 0.008078068 0.002665200 0.001013762 0.010051893 0.021311790 0.009765150 0.019444011 0.011022759 -0.009205624 0.038823772 0.034040138 0.013138543 0.024078526 0.015291334 0.012370257 0.011679362 0.011942388 0.024980281 0.006565703 0.017911734 0.009165946 0.001908613 0.008542575 0.024960039 0.005984493 0.040033050 0.024301201 0.022110496 0.015170325
0.030957377 0.050217330 0.030589418 0.064202309 0.034697536 0.038984511 0.037240975 0.039085083 0.045182317 0.057447873 0.049611807 0.057952568 0.050224055 0.038823772 0.019146685 0.012276154 0.030511180 0.067788377 0.039406747 0.052741468 0.033595279 0.045077547 0.028582253 0.038010325 0.043056116 0.056635413 0.042611495 0.035358857 0.024170436 0.044837452 0.074164569 0.067928411 0.037810691 0.024981692
0.019737288 0.034025684 0.014143684 0.072044149 0.020900080 0.026842408 0.026316715 0.027420817 0.024811257 0.057741083 0.038495235 0.054856129 0.046074968 0.034040138 0.012276154 -0.015471266 0.014489406 0.060930878 0.028539494 0.042340595 0.015525259 0.030481134 0.002054051 0.027057685 0.034289762 0.052507993 0.024431240 0.023623645 0.003973068 0.034397725 0.075011685 0.069379598 0.026635760 0.003882236
0.033053145 0.024508527 0.004366053 0.046406526 0.016217608 0.009557859 0.007656257 0.013791666 0.007647542 0.035972640 0.018555585 0.033724431 0.020553229 0.013138543 0.030511180 0.014489406 -0.009547751 0.037005693 0.017082749 0.024140770 0.005862590 0.013114225 0.008055727 0.007785765 0.027019389 0.023314798 0.007086936 0.005604220 0.011896838 0.012904299 0.065985784 0.041542117 0.011420585 0.013555375
0.066849612 0.038967304 0.027749097 0.029150145 0.043501906 0.030572928 0.020309344 0.023883194 0.027950795 0.015578914 0.024303064 0.018117573 0.023477204 0.024078526 0.067788377 0.060930878 0.037005693 0.012997562 0.035571076 0.026518958 0.033488546 0.027157553 0.054487865 0.022317935 0.035093304 0.013219902 0.022125218 0.028105868 0.054402649 0.024745774 0.044566102 0.035857733 0.041149378 0.040759020
0.044041775 0.029437738 0.013618786 0.042457107 0.032312326 0.015687851 0.013693457 0.015283387 0.015390833 0.031428896 0.019537438 0.030952882 0.020722838 0.015291334 0.039406747 0.028539494 0.017082749 0.035571076 0.003607398 0.027829517 0.015054559 0.016084354 0.025705285 0.015984124 0.029556032 0.020034160 0.013772653 0.015095268 0.023351291 0.016695503 0.056407951 0.042304635 0.028209884 0.018817671
0.054447714 0.042801965 0.019147141 0.031494208 0.026229983 0.018658087 0.007677911 0.009698078 0.016859002 0.014100674 0.010430843 0.018717911 0.010301495 0.012370257 0.052741468 0.042340595 0.024140770 0.026518958 0.027829517 -0.001198780 0.025298510 0.013319094 0.037443541 0.013745345 0.024183471 0.013039634 0.013351113 0.017615572 0.036106147 0.012535354 0.047586553 0.026535761 0.030161571 0.025208617
0.029399423 0.024681579 0.002349540 0.049617246 0.012617391 0.007242938 0.004031559 0.009958402 0.008468383 0.037288677 0.015083825 0.034780610 0.019516937 0.011679362 0.033595279 0.015525259 0.005862590 0.033488546 0.015054559 0.025298510 -0.002683076 0.008227734 0.009790315 0.004422092 0.030055720 0.022166984 0.005767973 0.005284327 0.010805492 0.011489308 0.060692158 0.036405601 0.011861194 0.008275477
0.049074516 0.022622909 0.007087426 0.031941950 0.029370189 0.012748757 0.004982583 0.010058249 -0.004085684 0.021802157 0.015900105 0.020646138 0.011382725 0.011942388 0.045077547 0.030481134 0.013114225 0.027157553 0.016084354 0.013319094 0.008227734 -0.026647065 0.021317067 -0.001530016 0.026903026 0.006716546 0.008205046 0.008261207 0.024267167 0.010462089 0.058547787 0.027395122 0.021014702 0.017985187
0.022332020 0.039145105 0.009713551 0.059903450 0.011408407 0.021438591 0.020519653 0.024426758 0.015825717 0.049909972 0.032570962 0.046977393 0.037057556 0.024980281 0.028582253 0.002054051 0.008055727 0.054487865 0.025705285 0.037443541 0.009790315 0.021317067 -0.010000326 0.020196686 0.033509158 0.042535320 0.019878637 0.017357361 0.007590758 0.026285982 0.075788587 0.055728894 0.018577313 0.004625862
0.040865038 0.022628579 0.001402115 0.032105733 0.016034534 0.007261762 -0.001759651 0.001147203 0.002447335 0.022044027 0.007012703 0.021233253 0.008052699 0.006565703 0.038010325 0.027057685 0.007785765 0.022317935 0.015984124 0.013745345 0.004422092 -0.001530016 0.020196686 -0.002622768 0.020225126 0.008494394 -0.001625976 0.000411835 0.019027874 0.000015358 0.049436767 0.026121266 0.014413266 0.013587548
0.051705848 0.015258522 0.021631218 0.044555053 0.024632918 0.023610551 0.021708943 0.012327733 0.030081499 0.028808497 0.021365449 0.032087263 0.016355723 0.017911734 0.043056116 0.034289762 0.027019389 0.035093304 0.029556032 0.024183471 0.030055720 0.026903026 0.033509158 0.020225126 -0.019154526 0.021220334 0.018860320 0.019702492 0.038890857 0.024512727 0.056915738 0.037364215 0.030969279 0.025460064
0.056883134 0.024333782 0.018331200 0.026958434 0.026764739 0.019268256 0.008031105 0.009755647 0.011233218 0.007543444 0.006596514 0.011455577 0.007954237 0.009165946 0.056635413 0.052507993 0.023314798 0.013219902 0.020034160 0.013039634 0.022166984 0.006716546 0.042535320 0.008494394 0.021220334 -0.007999409 0.010336576 0.014556434 0.039149605 0.005862501 0.043752834 0.018241575 0.026552279 0.027243206
0.044234984 0.027370799 0.003579463 0.040502865 0.012693148 0.005388815 -0.000332018 -0.000230959 0.000630951 0.026038688 0.007190759 0.022882786 0.007338301 0.001908613 0.042611495 0.024431240 0.007086936 0.022125218 0.013772653 0.013351113 0.005767973 0.008205046 0.019878637 -0.001625976 0.018860320 0.010336576 -0.009347126 0.000501247 0.022777785 -0.001214931 0.059444956 0.036241092 0.018959517 0.011929632
0.041935563 0.021535585 0.003712158 0.039257195 0.016628504 0.004874310 -0.000173639 0.007070322 -0.000941612 0.029514251 0.010659561 0.026800584 0.014735956 0.008542575 0.035358857 0.023623645 0.005604220 0.028105868 0.015095268 0.017615572 0.005284327 0.008261207 0.017357361 0.000411835 0.019702492 0.014556434 0.000501247 -0.007378362 0.018040832 0.003585043 0.053635750 0.033304561 0.018875118 0.011420651
0.023849882 0.037722453 0.012813086 0.059875265 0.020566488 0.023385044 0.020407006 0.024105383 0.020449802 0.049733050 0.033593282 0.044830792 0.033522576 0.024960039 0.024170436 0.003973068 0.011896838 0.054402649 0.023351291 0.036106147 0.010805492 0.024267167 0.007590758 0.019027874 0.038890857 0.039149605 0.022777785 0.018040832 -0.005811736 0.025857592 0.073098324 0.058319520 0.021249857 0.011193143
0.050911997 0.033700660 0.009538377 0.032417748 0.020103578 0.007610200 -0.004203684 0.005413230 -0.001087267 0.021615509 0.009638477 0.020166179 0.009728989 0.005984493 0.044837452 0.034397725 0.012904299 0.024745774 0.016695503 0.012535354 0.011489308 0.010462089 0.026285982 0.000015358 0.024512727 0.005862501 -0.001214931 0.003585043 0.025857592 -0.019188941 0.056641065 0.036352381 0.025991686 0.019460868
0.092463598 0.076301202 0.054074220 0.028910723 0.056185439 0.045812134 0.049568750 0.039389528 0.065844402 0.021785323 0.052299742 0.041971780 0.044078678 0.040033050 0.074164569 0.075011685 0.065985784 0.044566102 0.056407951 0.047586553 0.060692158 0.058547787 0.075788587 0.049436767 0.056915738 0.043752834 0.059444956 0.053635750 0.073098324 0.056641065 0.007371221 0.042256054 0.065970868 0.048409089
0.069964305 0.036959939 0.030992519 0.024176653 0.047796238 0.029023696 0.026237613 0.024978887 0.037860826 0.012433516 0.020435181 0.023282915 0.019636638 0.024301201 0.067928411 0.069379598 0.041542117 0.035857733 0.042304635 0.026535761 0.036405601 0.027395122 0.055728894 0.026121266 0.037364215 0.018241575 0.036241092 0.033304561 0.058319520 0.036352381 0.042256054 -0.002790347 0.039958894 0.038310092
0.040032707 0.027785633 0.015294818 0.043257125 0.020456988 0.022346258 0.017220637 0.023647215 0.024408989 0.033467591 0.022478981 0.034993462 0.027274484 0.022110496 0.037810691 0.026635760 0.011420585 0.041149378 0.028209884 0.030161571 0.011861194 0.021014702 0.018577313 0.014413266 0.030969279 0.026552279 0.018959517 0.018875118 0.021249857 0.025991686 0.065970868 0.039958894 -0.021846488 0.016860373
0.024485629 0.032751482 0.005106184 0.047369972 0.011443185 0.012484095 0.012415208 0.015627237 0.016572740 0.037715770 0.019708365 0.035239927 0.022702081 0.015170325 0.024981692 0.003882236 0.013555375 0.040759020 0.018817671 0.025208617 0.008275477 0.017985187 0.004625862 0.013587548 0.025460064 0.027243206 0.011929632 0.011420651 0.011193143 0.019460868 0.048409089 0.038310092 0.016860373 -0.011602011
