0.000000000 0.256038636 0.180851057 0.327510923 0.153846160 0.214285716 0.193717271 0.263157904 0.230000004 0.309417039 0.270142168 0.309417039 0.226130649 0.233830839 0.094117649 0.114942528 0.172043011 0.206185564 0.245098040 0.306306303 0.189473689 0.202072546 0.149171278 0.237623766 0.202072546 0.256038636 0.218274117 0.237623766 0.134831458 0.245098040 0.448028684 0.339055806 0.248780489 0.144444451
0.256038636 0.000000000 0.078838177 0.078014188 0.106382981 0.044176705 0.065573767 0.007633588 0.027667984 0.057971016 0.015151516 0.057971016 0.031746034 0.023622047 0.165919289 0.145374447 0.087866105 0.052631579 0.011673152 0.054545455 0.069958851 0.056910571 0.111111112 0.019607844 0.056910571 0.000000000 0.039999999 0.019607844 0.125541121 0.011673152 0.216867477 0.090909094 0.007751938 0.115879826
0.180851057 0.078838177 0.000000000 0.155893534 0.027777778 0.034782607 0.013333334 0.086419754 0.051282052 0.136186764 0.093877554 0.136186764 0.047210302 0.055319149 0.088235296 0.067307696 0.009090909 0.026315790 0.067226894 0.132812500 0.008928572 0.022026431 0.032558139 0.059322033 0.022026431 0.078838177 0.038961038 0.059322033 0.047169812 0.067226894 0.290734828 0.168539330 0.071129709 0.037383176
0.327510923 0.078014188 0.155893534 0.000000000 0.182879373 0.121771216 0.142857149 0.070422538 0.105454542 0.020134227 0.062937066 0.020134227 0.109489053 0.101449274 0.240816325 0.220883533 0.164750963 0.130111530 0.089605734 0.023569023 0.147169814 0.134328365 0.187500000 0.097472921 0.134328365 0.078014188 0.117647059 0.097472921 0.201581031 0.089605734 0.141242936 0.012987013 0.085714288 0.192156866
0.153846160 0.106382981 0.027777778 0.182879373 0.000000000 0.062500000 0.041095890 0.113924049 0.078947365 0.163346618 0.121338911 0.163346618 0.074889868 0.082969435 0.060606062 0.039603960 0.018691588 0.054054055 0.094827585 0.159999996 0.036697246 0.049773756 0.004784689 0.086956523 0.049773756 0.106382981 0.066666670 0.086956523 0.019417476 0.094827585 0.315960914 0.195402294 0.098712444 0.009615385
0.214285716 0.044176705 0.034782607 0.121771216 0.062500000 0.000000000 0.021459227 0.051792830 0.016528925 0.101886794 0.059288539 0.101886794 0.012448133 0.020576132 0.122641511 0.101851851 0.043859649 0.008474576 0.032520324 0.098484851 0.025862070 0.012765957 0.067264572 0.024590164 0.012765957 0.044176705 0.004184100 0.024590164 0.081818178 0.032520324 0.258566976 0.134545460 0.036437247 0.072072074
0.193717271 0.065573767 0.013333334 0.142857149 0.041095890 0.021459227 0.000000000 0.073170729 0.037974682 0.123076923 0.080645159 0.123076923 0.033898305 0.042016808 0.101449274 0.080568723 0.022421524 0.012987013 0.053941909 0.119691119 0.004405286 0.008695652 0.045871560 0.046025105 0.008695652 0.065573767 0.025641026 0.046025105 0.060465116 0.053941909 0.278481007 0.155555561 0.057851240 0.050691243
0.263157904 0.007633588 0.086419754 0.070422538 0.113924049 0.051792830 0.073170729 0.000000000 0.035294119 0.050359711 0.007518797 0.050359711 0.039370079 0.031250000 0.173333332 0.152838424 0.095435686 0.060240965 0.019305019 0.046931408 0.077551022 0.064516127 0.118644066 0.027237354 0.064516127 0.007633588 0.047619049 0.027237354 0.133047208 0.019305019 0.209580839 0.083333336 0.015384615 0.123404257
0.230000004 0.027667984 0.051282052 0.105454542 0.078947365 0.016528925 0.037974682 0.035294119 0.000000000 0.085501857 0.042801555 0.085501857 0.004081632 0.004048583 0.138888896 0.118181817 0.060344826 0.025000000 0.016000001 0.082089551 0.042372882 0.029288704 0.083700441 0.008064516 0.029288704 0.027667984 0.012345679 0.008064516 0.098214284 0.016000001 0.243076921 0.118279569 0.019920319 0.088495575
0.309417039 0.057971016 0.136186764 0.020134227 0.163346618 0.101886794 0.123076923 0.050359711 0.085501857 0.000000000 0.042857144 0.000000000 0.089552239 0.081481479 0.221757323 0.201646090 0.145098045 0.110266156 0.069597073 0.003436426 0.127413124 0.114503816 0.167999998 0.077490777 0.114503816 0.057971016 0.097744361 0.077490777 0.182186231 0.069597073 0.160919547 0.033112582 0.065693431 0.172690764
0.270142168 0.015151516 0.093877554 0.062937066 0.121338911 0.059288539 0.080645159 0.007518797 0.042801555 0.042857144 0.000000000 0.042857144 0.046875000 0.038759690 0.180616736 0.160173163 0.102880657 0.067729086 0.026819924 0.039426524 0.085020244 0.071999997 0.126050428 0.034749035 0.071999997 0.015151516 0.055118110 0.034749035 0.140425533 0.026819924 0.202380955 0.075862072 0.022900764 0.130801693
0.309417039 0.057971016 0.136186764 0.020134227 0.163346618 0.101886794 0.123076923 0.050359711 0.085501857 0.000000000 0.042857144 0.000000000 0.089552239 0.081481479 0.221757323 0.201646090 0.145098045 0.110266156 0.069597073 0.003436426 0.127413124 0.114503816 0.167999998 0.077490777 0.114503816 0.057971016 0.097744361 0.077490777 0.182186231 0.069597073 0.160919547 0.033112582 0.065693431 0.172690764
0.226130649 0.031746034 0.047210302 0.109489053 0.074889868 0.012448133 0.033898305 0.039370079 0.004081632 0.089552239 0.046875000 0.089552239 0.000000000 0.008130081 0.134883717 0.114155248 0.056277055 0.020920502 0.020080321 0.086142324 0.038297873 0.025210084 0.079646021 0.012145749 0.025210084 0.031746034 0.008264462 0.012145749 0.094170406 0.020080321 0.246913582 0.122302160 0.024000000 0.084444441
0.233830839 0.023622047 0.055319149 0.101449274 0.082969435 0.020576132 0.042016808 0.031250000 0.004048583 0.081481479 0.038759690 0.081481479 0.008130081 0.000000000 0.142857149 0.122171946 0.064377680 0.029045643 0.011952192 0.078066915 0.046413504 0.033333335 0.087719299 0.004016064 0.033333335 0.023622047 0.016393442 0.004016064 0.102222219 0.011952192 0.239263803 0.114285715 0.015873017 0.092511013
0.094117649 0.165919289 0.088235296 0.240816325 0.060606062 0.122641511 0.101449274 0.173333332 0.138888896 0.221757323 0.180616736 0.221757323 0.134883717 0.142857149 0.000000000 0.021052632 0.079207920 0.114285715 0.154545456 0.218487397 0.097087376 0.110047847 0.055837564 0.146788985 0.110047847 0.165919289 0.126760557 0.146788985 0.041237112 0.154545456 0.369491518 0.253012061 0.158371046 0.051020410
0.114942528 0.145374447 0.067307696 0.220883533 0.039603960 0.101851851 0.080568723 0.152838424 0.118181817 0.201646090 0.160173163 0.201646090 0.114155248 0.122171946 0.021052632 0.000000000 0.058252428 0.093457945 0.133928567 0.198347107 0.076190479 0.089201875 0.034825869 0.126126125 0.089201875 0.145374447 0.105990782 0.126126125 0.020202020 0.133928567 0.351170570 0.233201578 0.137777776 0.029999999
0.172043011 0.087866105 0.009090909 0.164750963 0.018691588 0.043859649 0.022421524 0.095435686 0.060344826 0.145098045 0.102880657 0.145098045 0.056277055 0.064377680 0.079207920 0.058252428 0.000000000 0.035398230 0.076271184 0.141732290 0.018018018 0.031111112 0.023474179 0.068376072 0.031111112 0.087866105 0.048034936 0.068376072 0.038095240 0.076271184 0.299035370 0.177358493 0.080168776 0.028301887
0.206185564 0.052631579 0.026315790 0.130111530 0.054054055 0.008474576 0.012987013 0.060240965 0.025000000 0.110266156 0.067729086 0.110266156 0.020920502 0.029045643 0.114285715 0.093457945 0.035398230 0.000000000 0.040983606 0.106870227 0.017391304 0.004291845 0.058823530 0.033057850 0.004291845 0.052631579 0.012658228 0.033057850 0.073394492 0.040983606 0.266457677 0.142857149 0.044897959 0.063636363
0.245098040 0.011673152 0.067226894 0.089605734 0.094827585 0.032520324 0.053941909 0.019305019 0.016000001 0.069597073 0.026819924 0.069597073 0.020080321 0.011952192 0.154545456 0.133928567 0.076271184 0.040983606 0.000000000 0.066176474 0.058333334 0.045267489 0.099567100 0.007936508 0.045267489 0.011673152 0.028340081 0.007936508 0.114035085 0.000000000 0.227963522 0.102473497 0.003921569 0.104347825
0.306306303 0.054545455 0.132812500 0.023569023 0.159999996 0.098484851 0.119691119 0.046931408 0.082089551 0.003436426 0.039426524 0.003436426 0.086142324 0.078066915 0.218487397 0.198347107 0.141732290 0.106870227 0.066176474 0.000000000 0.124031007 0.111111112 0.164658636 0.074074075 0.111111112 0.054545455 0.094339624 0.074074075 0.178861782 0.066176474 0.164265126 0.036544852 0.062271062 0.169354841
0.189473689 0.069958851 0.008928572 0.147169814 0.036697246 0.025862070 0.004405286 0.077551022 0.042372882 0.127413124 0.085020244 0.127413124 0.038297873 0.046413504 0.097087376 0.076190479 0.018018018 0.017391304 0.058333334 0.124031007 0.000000000 0.013100437 0.041474655 0.050420169 0.013100437 0.069958851 0.030042918 0.050420169 0.056074765 0.058333334 0.282539696 0.159851298 0.062240664 0.046296295
0.202072546 0.056910571 0.022026431 0.134328365 0.049773756 0.012765957 0.008695652 0.064516127 0.029288704 0.114503816 0.071999997 0.114503816 0.025210084 0.033333335 0.110047847 0.089201875 0.031111112 0.004291845 0.045267489 0.111111112 0.013100437 0.000000000 0.054545455 0.037344400 0.000000000 0.056910571 0.016949153 0.037344400 0.069124423 0.045267489 0.270440251 0.147058830 0.049180329 0.059360731
0.149171278 0.111111112 0.032558139 0.187500000 0.004784689 0.067264572 0.045871560 0.118644066 0.083700441 0.167999998 0.126050428 0.167999998 0.079646021 0.087719299 0.055837564 0.034825869 0.023474179 0.058823530 0.099567100 0.164658636 0.041474655 0.054545455 0.000000000 0.091703057 0.054545455 0.111111112 0.071428575 0.091703057 0.014634146 0.099567100 0.320261449 0.200000003 0.103448279 0.004830918
0.237623766 0.019607844 0.059322033 0.097472921 0.086956523 0.024590164 0.046025105 0.027237354 0.008064516 0.077490777 0.034749035 0.077490777 0.012145749 0.004016064 0.146788985 0.126126125 0.068376072 0.033057850 0.007936508 0.074074075 0.050420169 0.037344400 0.091703057 0.000000000 0.037344400 0.019607844 0.020408163 0.000000000 0.106194690 0.007936508 0.235474005 0.110320285 0.011857707 0.096491225
0.202072546 0.056910571 0.022026431 0.134328365 0.049773756 0.012765957 0.008695652 0.064516127 0.029288704 0.114503816 0.071999997 0.114503816 0.025210084 0.033333335 0.110047847 0.089201875 0.031111112 0.004291845 0.045267489 0.111111112 0.013100437 0.000000000 0.054545455 0.037344400 0.000000000 0.056910571 0.016949153 0.037344400 0.069124423 0.045267489 0.270440251 0.147058830 0.049180329 0.059360731
0.256038636 0.000000000 0.078838177 0.078014188 0.106382981 0.044176705 0.065573767 0.007633588 0.027667984 0.057971016 0.015151516 0.057971016 0.031746034 0.023622047 0.165919289 0.145374447 0.087866105 0.052631579 0.011673152 0.054545455 0.069958851 0.056910571 0.111111112 0.019607844 0.056910571 0.000000000 0.039999999 0.019607844 0.125541121 0.011673152 0.216867477 0.090909094 0.007751938 0.115879826
0.218274117 0.039999999 0.038961038 0.117647059 0.066666670 0.004184100 0.025641026 0.047619049 0.012345679 0.097744361 0.055118110 0.097744361 0.008264462 0.016393442 0.126760557 0.105990782 0.048034936 0.012658228 0.028340081 0.094339624 0.030042918 0.016949153 0.071428575 0.020408163 0.016949153 0.039999999 0.000000000 0.020408163 0.085972853 0.028340081 0.254658371 0.130434781 0.032258064 0.076233186
0.237623766 0.019607844 0.059322033 0.097472921 0.086956523 0.024590164 0.046025105 0.027237354 0.008064516 0.077490777 0.034749035 0.077490777 0.012145749 0.004016064 0.146788985 0.126126125 0.068376072 0.033057850 0.007936508 0.074074075 0.050420169 0.037344400 0.091703057 0.000000000 0.037344400 0.019607844 0.020408163 0.000000000 0.106194690 0.007936508 0.235474005 0.110320285 0.011857707 0.096491225
0.134831458 0.125541121 0.047169812 0.201581031 0.019417476 0.081818178 0.060465116 0.133047208 0.098214284 0.182186231 0.140425533 0.182186231 0.094170406 0.102222219 0.041237112 0.020202020 0.038095240 0.073394492 0.114035085 0.178861782 0.056074765 0.069124423 0.014634146 0.106194690 0.069124423 0.125541121 0.085972853 0.106194690 0.000000000 0.114035085 0.333333343 0.214007780 0.117903933 0.009803922
0.245098040 0.011673152 0.067226894 0.089605734 0.094827585 0.032520324 0.053941909 0.019305019 0.016000001 0.069597073 0.026819924 0.069597073 0.020080321 0.011952192 0.154545456 0.133928567 0.076271184 0.040983606 0.000000000 0.066176474 0.058333334 0.045267489 0.099567100 0.007936508 0.045267489 0.011673152 0.028340081 0.007936508 0.114035085 0.000000000 0.227963522 0.102473497 0.003921569 0.104347825
0.448028684 0.216867477 0.290734828 0.141242936 0.315960914 0.258566976 0.278481007 0.209580839 0.243076921 0.160919547 0.202380955 0.160919547 0.246913582 0.239263803 0.369491518 0.351170570 0.299035370 0.266457677 0.227963522 0.164265126 0.282539696 0.270440251 0.320261449 0.235474005 0.270440251 0.216867477 0.254658371 0.235474005 0.333333343 0.227963522 0.000000000 0.128491625 0.224242419 0.324590176
0.339055806 0.090909094 0.168539330 0.012987013 0.195402294 0.134545460 0.155555561 0.083333336 0.118279569 0.033112582 0.075862072 0.033112582 0.122302160 0.114285715 0.253012061 0.233201578 0.177358493 0.142857149 0.102473497 0.036544852 0.159851298 0.147058830 0.200000003 0.110320285 0.147058830 0.090909094 0.130434781 0.110320285 0.214007780 0.102473497 0.128491625 0.000000000 0.098591551 0.204633206
0.248780489 0.007751938 0.071129709 0.085714288 0.098712444 0.036437247 0.057851240 0.015384615 0.019920319 0.065693431 0.022900764 0.065693431 0.024000000 0.015873017 0.158371046 0.137777776 0.080168776 0.044897959 0.003921569 0.062271062 0.062240664 0.049180329 0.103448279 0.011857707 0.049180329 0.007751938 0.032258064 0.011857707 0.117903933 0.003921569 0.224242419 0.098591551 0.000000000 0.108225107
0.144444451 0.115879826 0.037383176 0.192156866 0.009615385 0.072072074 0.050691243 0.123404257 0.088495575 0.172690764 0.130801693 0.172690764 0.084444441 0.092511013 0.051020410 0.029999999 0.028301887 0.063636363 0.104347825 0.169354841 0.046296295 0.059360731 0.004830918 0.096491225 0.059360731 0.115879826 0.076233186 0.096491225 0.009803922 0.104347825 0.324590176 0.204633206 0.108225107 0.000000000
