0.017263610 0.049344979 0.021033488 0.076219842 0.030681340 0.041533403 0.035147827 0.038735650 0.042109765 0.057583481 0.047518805 0.057679240 0.050472092 0.039807081 0.030124053 0.023879915 0.031259850 0.053428814 0.034414452 0.054191075 0.028887812 0.045537516 0.024868602 0.037134353 0.046267159 0.054003946 0.041255701 0.036366221 0.024775367 0.045129210 0.083336130 0.064189129 0.038668029 0.024875049
0.049344979 -0.058054056 0.013515696 0.052420720 0.020236485 0.024249051 0.018219186 0.018606493 0.029414561 0.033365935 0.024263710 0.031349573 0.023646481 0.017768342 0.042748578 0.031284247 0.019807708 0.025810521 0.020270206 0.034125093 0.019039288 0.018231522 0.038109839 0.017585889 0.001533150 0.019688182 0.022539392 0.017036084 0.030513054 0.026843417 0.068719216 0.025167391 0.025503026 0.025165673
0.021033488 0.013515696 -0.001312733 0.043523174 0.010733928 0.010286165 -0.000148771 0.003486077 0.004728280 0.028881378 0.011295984 0.030336961 0.014423190 0.009832214 0.027219938 0.016189789 0.001534381 0.022810619 0.009146713 0.020342862 0.003282220 0.009810049 0.013282315 0.001217648 0.015607722 0.021616887 0.002142748 0.006911412 0.012070957 0.009214306 0.052733347 0.034098998 0.021486795 0.006088316
0.076219842 0.052420720 0.043523174 0.019074850 0.043800402 0.043891389 0.034353256 0.032700706 0.045886606 0.013515427 0.034925602 0.023489818 0.027228773 0.030239193 0.078186423 0.084971592 0.054834072 0.019850232 0.043367933 0.035140648 0.051310971 0.043274891 0.077773996 0.034986671 0.031160843 0.030149931 0.044241704 0.047957882 0.068174079 0.040383585 0.046847560 0.019155068 0.061986011 0.053131327
0.030681340 0.020236485 0.010733928 0.043800402 -0.000525097 0.020484261 0.010159168 0.016080583 0.021766299 0.033549566 0.021043047 0.027630121 0.022263095 0.014769880 0.030416055 0.028891254 0.013278455 0.022287801 0.017754525 0.029178016 0.013106406 0.027882151 0.023470692 0.015812602 0.017087758 0.027251923 0.013298465 0.016898893 0.018994585 0.013587680 0.056762412 0.038192607 0.029399548 0.015968259
0.041533403 0.024249051 0.010286165 0.043891389 0.020484261 -0.015017947 0.006632803 0.007126303 0.012956029 0.029212717 0.012713095 0.032133617 0.012656553 0.010607732 0.041409310 0.036053590 0.012392992 0.023371723 0.012188292 0.028545573 0.014192535 0.017674563 0.030592445 0.009853104 0.018573150 0.026919151 0.008232163 0.012495236 0.026130777 0.008500732 0.053980719 0.032690786 0.031957712 0.018320333
0.035147827 0.018219186 -0.000148771 0.034353256 0.010159168 0.006632803 -0.010786891 -0.002267635 0.002751300 0.020464504 0.002595139 0.019774001 0.005724321 0.001827427 0.035364255 0.029705936 0.007006233 0.014871318 0.009062811 0.008876419 0.004406495 0.007340770 0.023525467 -0.002095297 0.016221598 0.010412414 -0.001391447 0.002742440 0.019468836 -0.004093980 0.050428193 0.027004747 0.023184922 0.013346842
0.038735650 0.018606493 0.003486077 0.032700706 0.016080583 0.007126303 -0.002267635 -0.003012200 0.007688546 0.018200928 0.005248794 0.020125052 -0.000169355 0.000393637 0.038977057 0.033832196 0.012997712 0.013211801 0.008058545 0.011171861 0.009792151 0.011057434 0.030170998 0.000788164 0.005881311 0.011694146 -0.000527886 0.008561696 0.024299776 0.002972003 0.043272529 0.023563623 0.030501377 0.017936587
0.042109765 0.029414561 0.004728280 0.045886606 0.021766299 0.012956029 0.002751300 0.007688546 -0.001577687 0.028919350 0.008549985 0.023303103 0.012372241 0.007798359 0.044124186 0.027812667 0.007644831 0.021688823 0.010502884 0.017783044 0.008317364 -0.001493016 0.019291032 0.002379418 0.026675981 0.012663708 0.000744594 0.001293458 0.020579161 -0.000368675 0.066974342 0.035611194 0.029463485 0.017461605
0.057583481 0.033365935 0.028881378 0.013515427 0.033549566 0.029212717 0.020464504 0.018200928 0.028919350 0.005489121 0.015978698 0.006783864 0.006665875 0.017875446 0.059837840 0.063236639 0.038840517 0.005833554 0.027622288 0.011494890 0.034574650 0.023967758 0.057083227 0.022987505 0.019758377 0.006188799 0.027672514 0.030804355 0.052202404 0.023018224 0.025892252 0.006265149 0.039040357 0.038633607
0.047518805 0.024263710 0.011295984 0.034925602 0.021043047 0.012713095 0.002595139 0.005248794 0.008549985 0.015978698 -0.011885896 0.020182174 0.003389450 0.004563811 0.047513455 0.044887718 0.017081838 0.007374608 0.008471688 0.013127439 0.015754269 0.012982966 0.037097447 0.003615112 0.017361075 0.007601848 0.004775484 0.009141989 0.032216907 0.002478327 0.052404907 0.018649330 0.026114667 0.022128452
0.057679240 0.031349573 0.030336961 0.023489818 0.027630121 0.032133617 0.019774001 0.020125052 0.023303103 0.006783864 0.020182174 -0.000467315 0.012777297 0.015834142 0.060205955 0.059738688 0.036251757 0.009819664 0.027157383 0.011324817 0.030076638 0.023102444 0.053464580 0.021754023 0.024522956 0.007746914 0.024325790 0.026660074 0.047147326 0.021086050 0.046868529 0.017108548 0.042205628 0.036159240
0.050472092 0.023646481 0.014423190 0.027228773 0.022263095 0.012656553 0.005724321 -0.000169355 0.012372241 0.006665875 0.003389450 0.012777297 -0.014316293 0.002799383 0.051242746 0.051082138 0.018088022 0.007699143 0.010643656 0.007963692 0.018504083 0.007997889 0.040215842 0.003507663 0.008542079 0.003944369 0.003756352 0.012455142 0.038211647 0.004407713 0.043474212 0.009507155 0.029062029 0.025033489
0.039807081 0.017768342 0.009832214 0.030239193 0.014769880 0.010607732 0.001827427 0.000393637 0.007798359 0.017875446 0.004563811 0.015834142 0.002799383 -0.010560513 0.038502160 0.040435202 0.012789765 0.010965256 0.007055402 0.011250487 0.009368585 0.010986503 0.031620249 0.005870652 0.010803813 0.008799780 0.001627341 0.008100223 0.024695018 0.001492618 0.042438168 0.019867294 0.029354965 0.017492265
0.030124053 0.042748578 0.027219938 0.078186423 0.030416055 0.041409310 0.035364255 0.038977057 0.044124186 0.059837840 0.047513455 0.060205955 0.051242746 0.038502160 0.015549207 0.016567908 0.030199867 0.057300467 0.031891398 0.054184653 0.033355258 0.045872841 0.034104433 0.036771964 0.038949177 0.058568154 0.041461036 0.034327447 0.027605511 0.041972000 0.072410613 0.067767747 0.042461317 0.026819255
0.023879915 0.031284247 0.016189789 0.084971592 0.028891254 0.036053590 0.029705936 0.033832196 0.027812667 0.063236639 0.044887718 0.059738688 0.051082138 0.040435202 0.016567908 -0.008842036 0.018311480 0.060585443 0.026951179 0.052239560 0.019063491 0.036128528 0.010225821 0.030010361 0.035127077 0.058873557 0.027967736 0.028441494 0.013024611 0.037712201 0.080382973 0.081575111 0.037624341 0.012232415
0.031259850 0.019807708 0.001534381 0.054834072 0.013278455 0.012392992 0.007006233 0.012997712 0.007644831 0.038840517 0.017081838 0.036251757 0.018088022 0.012789765 0.030199867 0.018311480 -0.008143649 0.029243808 0.011443225 0.025281956 0.006072729 0.016149957 0.013977105 0.007129166 0.021297988 0.026862334 0.005998280 0.008002814 0.010967050 0.012349134 0.067273952 0.042322621 0.019031173 0.014411391
0.053428814 0.025810521 0.022810619 0.019850232 0.022287801 0.023371723 0.014871318 0.013211801 0.021688823 0.005833554 0.007374608 0.009819664 0.007699143 0.010965256 0.057300467 0.060585443 0.029243808 -0.012317944 0.020875284 0.013038125 0.026052926 0.019923151 0.053933464 0.016294189 0.020007644 0.006848678 0.016227648 0.021846259 0.043175373 0.013554914 0.039302714 0.012395533 0.033962779 0.028838390
0.034414452 0.020270206 0.009146713 0.043367933 0.017754525 0.012188292 0.009062811 0.008058545 0.010502884 0.027622288 0.008471688 0.027157383 0.010643656 0.007055402 0.031891398 0.026951179 0.011443225 0.020875284 -0.009331446 0.021028388 0.009590374 0.013186747 0.025103714 0.011363325 0.017563447 0.017554659 0.008556865 0.011754289 0.015815541 0.010208958 0.053738557 0.030627457 0.026857752 0.010790549
0.054191075 0.034125093 0.020342862 0.035140648 0.029178016 0.028545573 0.008876419 0.011171861 0.017783044 0.011494890 0.013127439 0.011324817 0.007963692 0.011250487 0.054184653 0.052239560 0.025281956 0.013038125 0.021028388 0.003088691 0.026458953 0.019331699 0.047176331 0.014557931 0.014253912 0.014665543 0.015232614 0.022649195 0.040729046 0.015843250 0.054154553 0.023931667 0.041383605 0.031556010
0.028887812 0.019039288 0.003282220 0.051310971 0.013106406 0.014192535 0.004406495 0.009792151 0.008317364 0.034574650 0.015754269 0.030076638 0.018504083 0.009368585 0.033355258 0.019063491 0.006072729 0.026052926 0.009590374 0.026458953 -0.003689784 0.011348822 0.014128799 0.004485134 0.022576271 0.022621661 0.006117563 0.007912368 0.014371852 0.012759304 0.064794205 0.034311950 0.017974190 0.010506034
0.045537516 0.018231522 0.009810049 0.043274891 0.027882151 0.017674563 0.007340770 0.011057434 -0.001493016 0.023967758 0.012982966 0.023102444 0.007997889 0.010986503 0.045872841 0.036128528 0.016149957 0.019923151 0.013186747 0.019331699 0.011348822 -0.023569897 0.027699970 0.000873334 0.023013044 0.011158230 0.010924173 0.012504153 0.025130704 0.011157896 0.062033944 0.026512016 0.026305949 0.020295994
0.024868602 0.038109839 0.013282315 0.077773996 0.023470692 0.030592445 0.023525467 0.030170998 0.019291032 0.057083227 0.037097447 0.053464580 0.040215842 0.031620249 0.034104433 0.010225821 0.013977105 0.053933464 0.025103714 0.047176331 0.014128799 0.027699970 0.000427149 0.023347342 0.033757221 0.049924858 0.023093583 0.023732994 0.017265841 0.029556230 0.078992710 0.069442049 0.032175642 0.015299918
0.037134353 0.017585889 0.001217648 0.034986671 0.015812602 0.009853104 -0.002095297 0.000788164 0.002379418 0.022987505 0.003615112 0.021754023 0.003507663 0.005870652 0.036771964 0.030010361 0.007129166 0.016294189 0.011363325 0.014557931 0.004485134 0.000873334 0.023347342 -0.002865511 0.014391090 0.010925593 -0.001761996 0.002783595 0.018016595 -0.000337417 0.050066497 0.027058275 0.020033721 0.014425338
0.046267159 0.001533150 0.015607722 0.031160843 0.017087758 0.018573150 0.016221598 0.005881311 0.026675981 0.019758377 0.017361075 0.024522956 0.008542079 0.010803813 0.038949177 0.035127077 0.021297988 0.020007644 0.017563447 0.014253912 0.022576271 0.023013044 0.033757221 0.014391090 -0.034722567 0.016631797 0.012310759 0.014489610 0.035252016 0.017836677 0.053155959 0.026870687 0.034862977 0.021744560
0.054003946 0.019688182 0.021616887 0.030149931 0.027251923 0.026919151 0.010412414 0.011694146 0.012663708 0.006188799 0.007601848 0.007746914 0.003944369 0.008799780 0.058568154 0.058873557 0.026862334 0.006848678 0.017554659 0.014665543 0.022621661 0.011158230 0.049924858 0.010925593 0.016631797 -0.006792553 0.013256036 0.017980047 0.042695113 0.008925549 0.049966119 0.017455105 0.033858985 0.030725438
0.041255701 0.022539392 0.002142748 0.044241704 0.013298465 0.008232163 -0.001391447 -0.000527886 0.000744594 0.027672514 0.004775484 0.024325790 0.003756352 0.001627341 0.041461036 0.027967736 0.005998280 0.016227648 0.008556865 0.015232614 0.006117563 0.010924173 0.023093583 -0.001761996 0.012310759 0.013256036 -0.008311736 0.003154283 0.021543816 -0.001249308 0.059699617 0.037958309 0.025525849 0.013076988
0.036366221 0.017036084 0.006911412 0.047957882 0.016898893 0.012495236 0.002742440 0.008561696 0.001293458 0.030804355 0.009141989 0.026660074 0.012455142 0.008100223 0.034327447 0.028441494 0.008002814 0.021846259 0.011754289 0.022649195 0.007912368 0.012504153 0.023732994 0.002783595 0.014489610 0.017980047 0.003154283 -0.002080396 0.019329835 0.005725630 0.057319321 0.032226562 0.023873763 0.014420100
0.024775367 0.030513054 0.012070957 0.068174079 0.018994585 0.026130777 0.019468836 0.024299776 0.020579161 0.052202404 0.032216907 0.047147326 0.038211647 0.024695018 0.027605511 0.013024611 0.010967050 0.043175373 0.015815541 0.040729046 0.014371852 0.025130704 0.017265841 0.018016595 0.035252016 0.042695113 0.021543816 0.019329835 0.001119482 0.023355138 0.073324904 0.057677049 0.026259473 0.013810650
0.045129210 0.026843417 0.009214306 0.040383585 0.013587680 0.008500732 -0.004093980 0.002972003 -0.000368675 0.023018224 0.002478327 0.021086050 0.004407713 0.001492618 0.041972000 0.037712201 0.012349134 0.013554914 0.010208958 0.015843250 0.012759304 0.011157896 0.029556230 -0.000337417 0.017836677 0.008925549 -0.001249308 0.005725630 0.023355138 -0.021079374 0.057650782 0.032044355 0.026767354 0.017532580
0.083336130 0.068719216 0.052733347 0.046847560 0.056762412 0.053980719 0.050428193 0.043272529 0.066974342 0.025892252 0.052404907 0.046868529 0.043474212 0.042438168 0.072410613 0.080382973 0.067273952 0.039302714 0.053738557 0.054154553 0.064794205 0.062033944 0.078992710 0.050066497 0.053155959 0.049966119 0.059699617 0.057319321 0.073324904 0.057650782 0.005502228 0.047160715 0.068880692 0.054222688
0.064189129 0.025167391 0.034098998 0.019155068 0.038192607 0.032690786 0.027004747 0.023563623 0.035611194 0.006265149 0.018649330 0.017108548 0.009507155 0.019867294 0.067767747 0.081575111 0.042322621 0.012395533 0.030627457 0.023931667 0.034311950 0.026512016 0.069442049 0.027058275 0.026870687 0.017455105 0.037958309 0.032226562 0.057677049 0.032044355 0.047160715 -0.014636025 0.050708137 0.040366039
0.038668029 0.025503026 0.021486795 0.061986011 0.029399548 0.031957712 0.023184922 0.030501377 0.029463485 0.039040357 0.026114667 0.042205628 0.029062029 0.029354965 0.042461317 0.037624341 0.019031173 0.033962779 0.026857752 0.041383605 0.017974190 0.026305949 0.032175642 0.020033721 0.034862977 0.033858985 0.025525849 0.023873763 0.026259473 0.026767354 0.068880692 0.050708137 -0.006542735 0.027391717
0.024875049 0.025165673 0.006088316 0.053131327 0.015968259 0.018320333 0.013346842 0.017936587 0.017461605 0.038633607 0.022128452 0.036159240 0.025033489 0.017492265 0.026819255 0.012232415 0.014411391 0.028838390 0.010790549 0.031556010 0.010506034 0.020295994 0.015299918 0.014425338 0.021744560 0.030725438 0.013076988 0.014420100 0.013810650 0.017532580 0.054222688 0.040366039 0.027391717 -0.004175590
