0.015121182 0.054474905 0.020791346 0.073505312 0.027210157 0.037545510 0.036724895 0.039619256 0.045146994 0.061150856 0.046979491 0.069725566 0.049530964 0.043447226 0.029002475 0.018220000 0.030587593 0.062567279 0.039387360 0.055822495 0.026421705 0.045857843 0.021355905 0.037881196 0.050992858 0.046664134 0.041767448 0.036716655 0.020001564 0.047005128 0.080625653 0.065744281 0.035153937 0.022907915
0.054474905 -0.043412235 0.019099668 0.059167191 0.026931588 0.021576626 0.023673372 0.022191206 0.037109353 0.043044358 0.025623474 0.048177063 0.029643293 0.025666306 0.046935722 0.031341422 0.024833793 0.038273253 0.029451173 0.045047812 0.025009703 0.024681319 0.040090397 0.022533305 0.010438078 0.025216145 0.028606175 0.023391385 0.034643024 0.034149505 0.075294212 0.038252711 0.026261304 0.030270712
0.020791346 0.019099668 -0.001391412 0.042550489 0.008143936 0.005544728 -0.000210902 0.003539605 0.004840364 0.030094601 0.010074456 0.036849257 0.014195871 0.014135237 0.027945895 0.012129351 0.000767433 0.029060751 0.013488029 0.019390419 0.003146022 0.011058495 0.012046497 0.001148747 0.019490076 0.020134198 0.001119897 0.007428371 0.010069357 0.011250215 0.052148186 0.038544729 0.020348698 0.008420122
0.073505312 0.059167191 0.042550489 0.013415523 0.040764295 0.028667450 0.033126343 0.030742195 0.045909837 0.011264631 0.030050915 0.033621874 0.029349890 0.031635351 0.075096764 0.067233123 0.054001912 0.037759498 0.051287599 0.031449549 0.049489915 0.039643198 0.061577123 0.033535991 0.040766418 0.023534391 0.042758767 0.041702744 0.062431447 0.038148347 0.040322684 0.028347407 0.046451945 0.049107660
0.027210157 0.026931588 0.008143936 0.040764295 -0.009989622 0.012036180 0.008356272 0.016106866 0.019216362 0.029310580 0.019764695 0.032778285 0.022110127 0.019081436 0.031208675 0.017386872 0.011964463 0.032748096 0.022511197 0.023825398 0.009099249 0.025695303 0.011072192 0.014972829 0.025421837 0.020939671 0.011385298 0.012581738 0.014233467 0.014580570 0.055482864 0.044581261 0.018817820 0.020084873
0.037545510 0.021576626 0.005544728 0.028667450 0.012036180 -0.026299261 0.001619108 0.002712992 0.004353045 0.018672444 0.006878283 0.024725754 0.006643147 0.007591699 0.036455430 0.025598474 0.007197636 0.023672622 0.009593676 0.014562408 0.003321478 0.009760506 0.021588420 0.005148660 0.023437478 0.014719550 0.004043384 0.000354789 0.018901512 0.002729720 0.044132583 0.023824768 0.018627027 0.015076347
0.036724895 0.023673372 -0.000210902 0.033126343 0.008356272 0.001619108 -0.012815829 -0.002707960 0.002684815 0.019544747 0.005232668 0.022876700 0.008593087 0.004497979 0.036960389 0.023739088 0.008116396 0.022048553 0.014340500 0.006968591 0.004740023 0.007809115 0.020116672 -0.003297335 0.021334257 0.008636541 -0.002661282 0.001295552 0.017662127 -0.003416152 0.050173093 0.029741021 0.020791283 0.015347244
0.039619256 0.022191206 0.003539605 0.030742195 0.016106866 0.002712992 -0.002707960 -0.002462440 0.007451236 0.016975001 0.006104376 0.024514794 0.001684148 0.003971308 0.039135378 0.028068392 0.013028556 0.018728659 0.010504192 0.011017147 0.009152091 0.009759009 0.026735762 0.001040556 0.011993698 0.008287682 -0.000728110 0.007081558 0.022121076 0.003618585 0.040691964 0.025383428 0.025081605 0.020943651
0.045146994 0.037109353 0.004840364 0.045909837 0.019216362 0.004353045 0.002684815 0.007451236 -0.001553093 0.029700667 0.010413719 0.029521195 0.017554551 0.009435725 0.046750341 0.021510996 0.008960700 0.030595247 0.017449327 0.017209414 0.009275753 -0.001138350 0.013215830 0.002433059 0.030089807 0.010554552 0.000489780 -0.000553341 0.019401491 0.000847401 0.068446890 0.040613532 0.026599612 0.018041672
0.061150856 0.043044358 0.030094601 0.011264631 0.029310580 0.018672444 0.019544747 0.016975001 0.029700667 0.003335587 0.017230362 0.012957456 0.013953049 0.018668424 0.062736690 0.053477697 0.040639281 0.020195048 0.036253046 0.008981762 0.035736065 0.024210339 0.050599821 0.023007277 0.025918042 0.004184133 0.028253522 0.029715633 0.048424110 0.024567707 0.028233390 0.012316769 0.032376140 0.037535291
0.046979491 0.025623474 0.010074456 0.030050915 0.019764695 0.006878283 0.005232668 0.006104376 0.010413719 0.017230362 -0.009119626 0.023264628 0.005875488 0.008466677 0.045928415 0.037214503 0.016019767 0.016265666 0.011759515 0.011045303 0.013319978 0.011681421 0.031572383 0.005053866 0.021674674 0.000274372 0.006338811 0.007188753 0.029556468 0.003536101 0.046453077 0.018474244 0.018750217 0.022289000
0.069725566 0.048177063 0.036849257 0.033621874 0.032778285 0.024725754 0.022876700 0.024514794 0.029521195 0.012957456 0.023264628 0.012064211 0.027386520 0.021094821 0.072423890 0.054112397 0.044631511 0.031184336 0.042841762 0.019810524 0.038286500 0.031736534 0.050235983 0.026594324 0.034428671 0.014328439 0.029530779 0.031246912 0.052542731 0.028942987 0.061761282 0.035730153 0.041583441 0.042931225
0.049530964 0.029643293 0.014195871 0.029349890 0.022110127 0.006643147 0.008593087 0.001684148 0.017554551 0.013953049 0.005875488 0.027386520 -0.010575407 0.008641765 0.051089153 0.043617569 0.020054318 0.019669831 0.017431611 0.012875560 0.018539367 0.010071775 0.036050424 0.005603700 0.016031528 0.001505154 0.004406513 0.012815174 0.034276493 0.006724676 0.039947845 0.018467624 0.027585622 0.025636431
0.043447226 0.025666306 0.014135237 0.031635351 0.019081436 0.007591699 0.004497979 0.003971308 0.009435725 0.018668424 0.008466677 0.021094821 0.008641765 -0.002426125 0.043140829 0.038162768 0.016361646 0.021624602 0.013478905 0.013316889 0.011193697 0.013682276 0.031796724 0.009233904 0.019249145 0.009976279 0.006588359 0.009655092 0.026787769 0.006676666 0.049687251 0.028322691 0.024873614 0.024861708
0.029002475 0.046935722 0.027945895 0.075096764 0.031208675 0.036455430 0.036960389 0.039135378 0.046750341 0.062736690 0.045928415 0.072423890 0.051089153 0.043140829 0.018154442 0.013109703 0.031200655 0.064579710 0.035629336 0.057329115 0.030794267 0.045697853 0.032283604 0.037612434 0.042049792 0.050986599 0.044034507 0.034878798 0.025212927 0.044505216 0.072063737 0.072213084 0.038631015 0.028356187
0.018220000 0.031341422 0.012129351 0.067233123 0.017386872 0.025598474 0.023739088 0.028068392 0.021510996 0.053477697 0.037214503 0.054112397 0.043617569 0.038162768 0.013109703 -0.014918524 0.014791250 0.061077531 0.026494430 0.033294961 0.011174042 0.031215115 0.004451086 0.025726810 0.033047665 0.048852123 0.023071300 0.020788774 0.004394493 0.034173295 0.074643061 0.072211966 0.029028939 0.008416765
0.030587593 0.024833793 0.000767433 0.054001912 0.011964463 0.007197636 0.008116396 0.013028556 0.008960700 0.040639281 0.016019767 0.044631511 0.020054318 0.016361646 0.031200655 0.014791250 -0.010018953 0.035289146 0.014702798 0.027507413 0.005371063 0.016350282 0.011956919 0.006745033 0.024801683 0.023257820 0.007006501 0.008654575 0.010767544 0.014095293 0.068390265 0.045483992 0.014222725 0.016441241
0.062567279 0.038273253 0.029060751 0.037759498 0.032748096 0.023672622 0.022048553 0.018728659 0.030595247 0.020195048 0.016265666 0.031184336 0.019669831 0.021624602 0.064579710 0.061077531 0.035289146 0.002055705 0.029403586 0.033052143 0.035293292 0.027534245 0.057256177 0.022598328 0.030285697 0.013252910 0.022676596 0.031898476 0.047930367 0.022504352 0.048024960 0.031702492 0.037945695 0.038451415
0.039387360 0.029451173 0.013488029 0.051287599 0.022511197 0.009593676 0.014340500 0.010504192 0.017449327 0.036253046 0.011759515 0.042841762 0.017431611 0.013478905 0.035629336 0.026494430 0.014702798 0.029403586 -0.001157686 0.032058295 0.015933465 0.018074811 0.026774406 0.015401955 0.024339208 0.020272654 0.012466659 0.018487446 0.017572135 0.015950412 0.057694580 0.039929766 0.027305245 0.016071185
0.055822495 0.045047812 0.019390419 0.031449549 0.023825398 0.014562408 0.006968591 0.011017147 0.017209414 0.008981762 0.011045303 0.019810524 0.012875560 0.013316889 0.057329115 0.033294961 0.027507413 0.033052143 0.032058295 -0.001234843 0.024558254 0.017001398 0.031673983 0.013858991 0.024533674 0.008409221 0.012087958 0.016213018 0.036807716 0.015009255 0.049824275 0.034189269 0.031556152 0.031268328
0.026421705 0.025009703 0.003146022 0.049489915 0.009099249 0.003321478 0.004740023 0.009152091 0.009275753 0.035736065 0.013319978 0.038286500 0.018539367 0.011193697 0.030794267 0.011174042 0.005371063 0.035293292 0.015933465 0.024558254 -0.000496751 0.011053281 0.006936315 0.004525711 0.028874286 0.022039987 0.003519037 0.006749000 0.005108422 0.012366315 0.058316454 0.037748192 0.012903583 0.010006690
0.045857843 0.024681319 0.011058495 0.039643198 0.025695303 0.009760506 0.007809115 0.009759009 -0.001138350 0.024210339 0.011681421 0.031736534 0.010071775 0.013682276 0.045697853 0.031215115 0.016350282 0.027534245 0.018074811 0.017001398 0.011053281 -0.021730442 0.025129028 0.001383372 0.024813915 0.009423457 0.012642443 0.012105901 0.023604356 0.012940796 0.063567631 0.030480187 0.020722257 0.019847060
0.021355905 0.040090397 0.012046497 0.061577123 0.011072192 0.021588420 0.020116672 0.026735762 0.013215830 0.050599821 0.031572383 0.050235983 0.036050424 0.031796724 0.032283604 0.004451086 0.011956919 0.057256177 0.026774406 0.031673983 0.006936315 0.025129028 -0.003505163 0.021204414 0.032778583 0.042233720 0.022134913 0.016866758 0.010861371 0.029216792 0.078775629 0.062208392 0.022460999 0.013588903
0.037881196 0.022533305 0.001148747 0.033535991 0.014972829 0.005148660 -0.003297335 0.001040556 0.002433059 0.023007277 0.005053866 0.026594324 0.005603700 0.009233904 0.037612434 0.025726810 0.006745033 0.022598328 0.015401955 0.013858991 0.004525711 0.001383372 0.021204414 -0.002874394 0.018953403 0.008924805 -0.001942695 0.002232566 0.016575981 0.000839305 0.049064480 0.030462598 0.017870830 0.016305871
0.050992858 0.010438078 0.019490076 0.040766418 0.025421837 0.023437478 0.021334257 0.011993698 0.030089807 0.025918042 0.021674674 0.034428671 0.016031528 0.019249145 0.042049792 0.033047665 0.024801683 0.030285697 0.024339208 0.024533674 0.028874286 0.024813915 0.032778583 0.018953403 -0.018966420 0.017020948 0.016054759 0.017954092 0.038722426 0.021991689 0.053631321 0.037936546 0.032044988 0.030687686
0.046664134 0.025216145 0.020134198 0.023534391 0.020939671 0.014719550 0.008636541 0.008287682 0.010554552 0.004184133 0.000274372 0.014328439 0.001505154 0.009976279 0.050986599 0.048852123 0.023257820 0.013252910 0.020272654 0.008409221 0.022039987 0.009423457 0.042233720 0.008924805 0.017020948 -0.003958482 0.010269359 0.015764847 0.032916464 0.006452516 0.044096366 0.019189645 0.025009977 0.026124347
0.041767448 0.028606175 0.001119897 0.042758767 0.011385298 0.004043384 -0.002661282 -0.000728110 0.000489780 0.028253522 0.006338811 0.029530779 0.004406513 0.006588359 0.044034507 0.023071300 0.007006501 0.022676596 0.012466659 0.012087958 0.003519037 0.012642443 0.022134913 -0.001942695 0.016054759 0.010269359 -0.008497952 0.003169215 0.019844981 0.000939952 0.060175389 0.042841852 0.027227497 0.016035648
0.036716655 0.023391385 0.007428371 0.041702744 0.012581738 0.000354789 0.001295552 0.007081558 -0.000553341 0.029715633 0.007188753 0.031246912 0.012815174 0.009655092 0.034878798 0.020788774 0.008654575 0.031898476 0.018487446 0.016213018 0.006749000 0.012105901 0.016866758 0.002232566 0.017954092 0.015764847 0.003169215 -0.006403714 0.016992480 0.006093287 0.057142295 0.036218479 0.016317207 0.013146073
0.020001564 0.034643024 0.010069357 0.062431447 0.014233467 0.018901512 0.017662127 0.022121076 0.019401491 0.048424110 0.029556468 0.052542731 0.034276493 0.026787769 0.025212927 0.004394493 0.010767544 0.047930367 0.017572135 0.036807716 0.005108422 0.023604356 0.010861371 0.016575981 0.038722426 0.032916464 0.019844981 0.016992480 -0.005368971 0.023971643 0.072904244 0.056283340 0.021150548 0.013884448
0.047005128 0.034149505 0.011250215 0.038148347 0.014580570 0.002729720 -0.003416152 0.003618585 0.000847401 0.024567707 0.003536101 0.028942987 0.006724676 0.006676666 0.044505216 0.034173295 0.014095293 0.022504352 0.015950412 0.015009255 0.012366315 0.012940796 0.029216792 0.000839305 0.021991689 0.006452516 0.000939952 0.006093287 0.023971643 -0.019185457 0.060294785 0.038680617 0.024103118 0.019337680
0.080625653 0.075294212 0.052148186 0.040322684 0.055482864 0.044132583 0.050173093 0.040691964 0.068446890 0.028233390 0.046453077 0.061761282 0.039947845 0.049687251 0.072063737 0.074643061 0.068390265 0.048024960 0.057694580 0.049824275 0.058316454 0.063567631 0.078775629 0.049064480 0.053631321 0.044096366 0.060175389 0.057142295 0.072904244 0.060294785 0.004389511 0.054282933 0.068092652 0.051795498
0.065744281 0.038252711 0.038544729 0.028347407 0.044581261 0.023824768 0.029741021 0.025383428 0.040613532 0.012316769 0.018474244 0.035730153 0.018467624 0.028322691 0.072213084 0.072211966 0.045483992 0.031702492 0.039929766 0.034189269 0.037748192 0.030480187 0.062208392 0.030462598 0.037936546 0.019189645 0.042841852 0.036218479 0.056283340 0.038680617 0.054282933 0.003704928 0.040130414 0.047043949
0.035153937 0.026261304 0.020348698 0.046451945 0.018817820 0.018627027 0.020791283 0.025081605 0.026599612 0.032376140 0.018750217 0.041583441 0.027585622 0.024873614 0.038631015 0.029028939 0.014222725 0.037945695 0.027305245 0.031556152 0.012903583 0.020722257 0.022460999 0.017870830 0.032044988 0.025009977 0.027227497 0.016317207 0.021150548 0.024103118 0.068092652 0.040130414 -0.024496648 0.020568661
0.022907915 0.030270712 0.008420122 0.049107660 0.020084873 0.015076347 0.015347244 0.020943651 0.018041672 0.037535291 0.022289000 0.042931225 0.025636431 0.024861708 0.028356187 0.008416765 0.016441241 0.038451415 0.016071185 0.031268328 0.010006690 0.019847060 0.013588903 0.016305871 0.030687686 0.026124347 0.016035648 0.013146073 0.013884448 0.019337680 0.051795498 0.047043949 0.020568661 0.001330273
