0.018183427 0.053299468 0.018854702 0.078622639 0.017769745 0.036023661 0.032264944 0.036836527 0.039268140 0.061586902 0.044344135 0.074748591 0.046642121 0.043645918 0.031115636 0.023272146 0.026079968 0.058518976 0.035498790 0.063420549 0.024234675 0.044204351 0.024315981 0.037850533 0.047623459 0.048268419 0.037966095 0.035021648 0.022869226 0.044588670 0.077965349 0.069109723 0.038605876 0.023749378
0.053299468 -0.048354510 0.016935868 0.059225090 0.022008665 0.020332001 0.021901580 0.020198273 0.032923616 0.040183570 0.024361514 0.047760449 0.027205803 0.023988871 0.046765290 0.031392545 0.021412585 0.034420785 0.025126923 0.046654344 0.022416033 0.021328365 0.040004596 0.020493293 0.008371923 0.023969572 0.024598308 0.019687582 0.035088629 0.032246210 0.070375159 0.038549408 0.025926931 0.029801492
0.018854702 0.016935868 -0.001390054 0.044829294 0.006303558 0.005706961 -0.000383022 0.003381769 0.004534515 0.030170213 0.009986024 0.039711118 0.014049514 0.013789736 0.028080493 0.014272873 -0.002022881 0.027392514 0.010793531 0.021451216 0.003027863 0.009108890 0.013581473 0.001141874 0.019375706 0.021111915 0.001156851 0.005809512 0.010414731 0.009986300 0.050935756 0.041206431 0.021713328 0.010065045
0.078622639 0.059225090 0.044829294 0.017662145 0.041113164 0.031892624 0.035095312 0.032849982 0.046802796 0.011184581 0.033840179 0.037084922 0.032234542 0.030883279 0.081474394 0.071190298 0.056458414 0.037510730 0.050483238 0.037824541 0.050949953 0.041215207 0.064867750 0.035348564 0.042120159 0.023335442 0.043534245 0.042556755 0.069506466 0.040268272 0.043444559 0.032924123 0.051547371 0.055444419
0.017769745 0.022008665 0.006303558 0.041113164 -0.015512343 0.012270660 0.009265344 0.015021907 0.018983781 0.028458886 0.017885689 0.035604574 0.021023929 0.016577592 0.024103029 0.019627688 0.006434489 0.025727388 0.016378896 0.026232030 0.009999217 0.019673534 0.013116056 0.014505274 0.026373489 0.020988023 0.011677926 0.008993379 0.009387612 0.008781445 0.047783051 0.042662878 0.016064744 0.018050168
0.036023661 0.020332001 0.005706961 0.031892624 0.012270660 -0.025396211 0.002111557 0.002525335 0.005123612 0.020052783 0.007228281 0.029222284 0.006912309 0.007797607 0.037010092 0.028448187 0.006580815 0.022189159 0.007485311 0.015719965 0.003981973 0.008793689 0.023969954 0.005410249 0.022917170 0.016655600 0.003692210 0.000356494 0.018145464 0.002398259 0.044975683 0.027328556 0.021480149 0.016853165
0.032264944 0.021901580 -0.000383022 0.035095312 0.009265344 0.002111557 -0.016091021 -0.004137228 0.002078965 0.021495955 0.000351547 0.027908452 0.005411122 0.005993459 0.035928041 0.027381767 0.005935509 0.019481838 0.010844128 0.007592754 0.004435187 0.006870094 0.023735758 -0.003337964 0.020366680 0.011109896 -0.004713336 0.001874687 0.015486542 -0.005114471 0.048455246 0.035035059 0.024055710 0.017018717
0.036836527 0.020198273 0.003381769 0.032849982 0.015021907 0.002525335 -0.004137228 -0.002686655 0.006932591 0.017087119 0.003244909 0.027812220 0.000145820 0.003546176 0.039643668 0.031485196 0.012004653 0.016981516 0.008227563 0.012756942 0.008980665 0.007505583 0.028285643 0.001006646 0.011968846 0.009580034 -0.000772943 0.005159943 0.021737633 0.001920660 0.040569950 0.028340917 0.026571140 0.022241967
0.039268140 0.032923616 0.004534515 0.046802796 0.018983781 0.005123612 0.002078965 0.006932591 -0.001705736 0.030717773 0.005951981 0.034209725 0.012661857 0.010141183 0.042714886 0.024486080 0.004687613 0.026688218 0.012535003 0.018589810 0.009255279 -0.001662550 0.016986180 0.002393616 0.028011000 0.012631942 0.000490056 0.000464624 0.017439336 -0.000926241 0.063343711 0.042292442 0.028235681 0.019359829
0.061586902 0.040183570 0.030170213 0.011184581 0.028458886 0.020052783 0.021495955 0.017087119 0.030717773 0.002696877 0.018431321 0.014011436 0.013135368 0.016921658 0.063125700 0.053575367 0.039874703 0.016994517 0.032671124 0.008153305 0.035279822 0.023092268 0.051562347 0.021635087 0.025947254 0.003878416 0.027320918 0.028758548 0.050690249 0.024898574 0.027918551 0.014558747 0.033740707 0.039782997
0.044344135 0.024361514 0.009986024 0.033840179 0.017885689 0.007228281 0.000351547 0.003244909 0.005951981 0.018431321 -0.016109612 0.028355453 0.001570513 0.006147438 0.047175795 0.042091966 0.014976887 0.010209570 0.006850032 0.014448543 0.013152771 0.008657885 0.034261420 0.005101828 0.021145798 0.000442222 0.002689628 0.005690175 0.029333992 -0.000788582 0.045202736 0.022232739 0.022034965 0.024054747
0.074748591 0.047760449 0.039711118 0.037084922 0.035604574 0.029222284 0.027908452 0.027812220 0.034209725 0.014011436 0.028355453 0.016236827 0.030869443 0.021993320 0.077315331 0.056584243 0.046943083 0.031481277 0.042271204 0.024762478 0.041043617 0.033410173 0.053728942 0.027788740 0.037659228 0.015725579 0.031503834 0.033509109 0.058580019 0.032420829 0.063583471 0.042265899 0.046028104 0.049236260
0.046642121 0.027205803 0.014049514 0.032234542 0.021023929 0.006912309 0.005411122 0.000145820 0.012661857 0.013135368 0.001570513 0.030869443 -0.013953818 0.007259457 0.050944723 0.047495600 0.018235071 0.015829690 0.013214878 0.016253522 0.018238325 0.007844160 0.037128519 0.006360189 0.015118752 0.001437439 0.002550900 0.011228103 0.034642953 0.003709770 0.038557157 0.020915626 0.028873255 0.027175870
0.043645918 0.023988871 0.013789736 0.030883279 0.016577592 0.007797607 0.005993459 0.003546176 0.010141183 0.016921658 0.006147438 0.021993320 0.007259457 -0.004168607 0.045006640 0.038953513 0.015201293 0.019509666 0.011826670 0.010414819 0.010101695 0.010668853 0.033899173 0.007161524 0.020401018 0.010718370 0.005227938 0.007009476 0.026424877 0.005796823 0.048129015 0.030061167 0.026798256 0.026126098
0.031115636 0.046765290 0.028080493 0.081474394 0.024103029 0.037010092 0.035928041 0.039643668 0.042714886 0.063125700 0.047175795 0.077315331 0.050944723 0.045006640 0.017708998 0.017075595 0.029643331 0.064545475 0.034195583 0.066150919 0.030116007 0.044656821 0.034815691 0.038976666 0.042867161 0.053201023 0.042161357 0.032158226 0.029612036 0.044170387 0.072762765 0.076578781 0.041821845 0.030636469
0.023272146 0.031392545 0.014272873 0.071190298 0.019627688 0.028448187 0.027381767 0.031485196 0.024486080 0.053575367 0.042091966 0.056584243 0.047495600 0.038953513 0.017075595 -0.014265221 0.016794454 0.063795052 0.027249580 0.037711669 0.013173078 0.031717442 0.004140953 0.027287278 0.036773138 0.050277419 0.025962079 0.020214196 0.008213562 0.036846038 0.077860832 0.077212028 0.030774243 0.012389616
0.026079968 0.021412585 -0.002022881 0.056458414 0.006434489 0.006580815 0.005935509 0.012004653 0.004687613 0.039874703 0.014976887 0.046943083 0.018235071 0.015201293 0.029643331 0.016794454 -0.017269608 0.032474611 0.009387068 0.031207109 0.004862889 0.013331951 0.011247426 0.006595569 0.024286497 0.023632679 0.002436923 0.005754493 0.009088770 0.009711517 0.063990250 0.046585038 0.013072882 0.015627725
0.058518976 0.034420785 0.027392514 0.037510730 0.025727388 0.022189159 0.019481838 0.016981516 0.026688218 0.016994517 0.010209570 0.031481277 0.015829690 0.019509666 0.064545475 0.063795052 0.032474611 -0.002410404 0.025764152 0.033442669 0.032931358 0.023241658 0.057487302 0.021383541 0.029215105 0.012783712 0.020370129 0.027083423 0.047365196 0.018544294 0.045895252 0.031976514 0.037161037 0.038082961
0.035498790 0.025126923 0.010793531 0.050483238 0.016378896 0.007485311 0.010844128 0.008227563 0.012535003 0.032671124 0.006850032 0.042271204 0.013214878 0.011826670 0.034195583 0.027249580 0.009387068 0.025764152 -0.006315023 0.031375039 0.011996721 0.013875746 0.026211478 0.013326710 0.021768562 0.018999912 0.009508637 0.013234820 0.015844246 0.012533916 0.054326776 0.040694378 0.026616491 0.015466224
0.063420549 0.046654344 0.021451216 0.037824541 0.026232030 0.015719965 0.007592754 0.012756942 0.018589810 0.008153305 0.014448543 0.024762478 0.016253522 0.010414819 0.066150919 0.037711669 0.031207109 0.033442669 0.031375039 0.000683685 0.025744552 0.018104730 0.034667954 0.015296743 0.025405632 0.006886174 0.013843687 0.016684275 0.043606069 0.015875427 0.058317896 0.043409906 0.038547598 0.039221711
0.024234675 0.022416033 0.003027863 0.050949953 0.009999217 0.003981973 0.004435187 0.008980665 0.009255279 0.035279822 0.013152771 0.041043617 0.018238325 0.010101695 0.030116007 0.013173078 0.004862889 0.032931358 0.011996721 0.025744552 -0.000764813 0.009696495 0.008233782 0.004292235 0.028102687 0.022002010 0.004109763 0.005953001 0.005285870 0.011296842 0.059174571 0.040469512 0.014511542 0.012408763
0.044204351 0.021328365 0.009108890 0.041215207 0.019673534 0.008793689 0.006870094 0.007505583 -0.001662550 0.023092268 0.008657885 0.033410173 0.007844160 0.010668853 0.044656821 0.031717442 0.013331951 0.023241658 0.013875746 0.018104730 0.009696495 -0.024380118 0.024709569 -0.000548154 0.023195971 0.008638998 0.009114946 0.009679254 0.021637127 0.011350058 0.059102260 0.029192576 0.021384915 0.019101735
0.024315981 0.040004596 0.013581473 0.064867750 0.013116056 0.023969954 0.023735758 0.028285643 0.016986180 0.051562347 0.034261420 0.053728942 0.037128519 0.033899173 0.034815691 0.004140953 0.011247426 0.057487302 0.026211478 0.034667954 0.008233782 0.024709569 0.001098275 0.020978840 0.035142504 0.044695705 0.022702806 0.017299913 0.012771580 0.031033389 0.077202506 0.067349836 0.025787026 0.017668810
0.037850533 0.020493293 0.001141874 0.035348564 0.014505274 0.005410249 -0.003337964 0.001006646 0.002393616 0.021635087 0.005101828 0.027788740 0.006360189 0.007161524 0.038976666 0.027287278 0.006595569 0.021383541 0.013326710 0.015296743 0.004292235 -0.000548154 0.020978840 -0.003030651 0.018899558 0.008090457 -0.001910909 -0.000131602 0.017893378 0.000000476 0.049551625 0.031370375 0.018546702 0.018079434
0.047623459 0.008371923 0.019375706 0.042120159 0.026373489 0.022917170 0.020366680 0.011968846 0.028011000 0.025947254 0.021145798 0.037659228 0.015118752 0.020401018 0.042867161 0.036773138 0.024286497 0.029215105 0.021768562 0.025405632 0.028102687 0.023195971 0.035142504 0.018899558 -0.020013571 0.018543873 0.016695160 0.016594332 0.038130421 0.020877929 0.053717069 0.043456078 0.034314588 0.031866506
0.048268419 0.023969572 0.021111915 0.023335442 0.020988023 0.016655600 0.011109896 0.009580034 0.012631942 0.003878416 0.000442222 0.015725579 0.001437439 0.010718370 0.053201023 0.050277419 0.023632679 0.012783712 0.018999912 0.006886174 0.022002010 0.008638998 0.044695705 0.008090457 0.018543873 -0.002980452 0.010876308 0.015064823 0.034969296 0.007882226 0.045541994 0.023115560 0.027183596 0.029306686
0.037966095 0.024598308 0.001156851 0.043534245 0.011677926 0.003692210 -0.004713336 -0.000772943 0.000490056 0.027320918 0.002689628 0.031503834 0.002550900 0.005227938 0.042161357 0.025962079 0.002436923 0.020370129 0.009508637 0.013843687 0.004109763 0.009114946 0.022702806 -0.001910909 0.016695160 0.010876308 -0.009366215 0.000591368 0.018831819 -0.001958164 0.056003723 0.044090297 0.025726032 0.016535008
0.035021648 0.019687582 0.005809512 0.042556755 0.008993379 0.000356494 0.001874687 0.005159943 0.000464624 0.028758548 0.005690175 0.033509109 0.011228103 0.007009476 0.032158226 0.020214196 0.005754493 0.027083423 0.013234820 0.016684275 0.005953001 0.009679254 0.017299913 -0.000131602 0.016594332 0.015064823 0.000591368 -0.007180437 0.014505796 0.004755015 0.053951703 0.034371875 0.016459541 0.012971605
0.022869226 0.035088629 0.010414731 0.069506466 0.009387612 0.018145464 0.015486542 0.021737633 0.017439336 0.050690249 0.029333992 0.058580019 0.034642953 0.026424877 0.029612036 0.008213562 0.009088770 0.047365196 0.015844246 0.043606069 0.005285870 0.021637127 0.012771580 0.017893378 0.038130421 0.034969296 0.018831819 0.014505796 -0.001865305 0.022507586 0.073553011 0.059689637 0.024635809 0.015893139
0.044588670 0.032246210 0.009986300 0.040268272 0.008781445 0.002398259 -0.005114471 0.001920660 -0.000926241 0.024898574 -0.000788582 0.032420829 0.003709770 0.005796823 0.044170387 0.036846038 0.009711517 0.018544294 0.012533916 0.015875427 0.011296842 0.011350058 0.031033389 0.000000476 0.020877929 0.007882226 -0.001958164 0.004755015 0.022507586 -0.020418778 0.056600973 0.038755801 0.026644396 0.019149227
0.077965349 0.070375159 0.050935756 0.043444559 0.047783051 0.044975683 0.048455246 0.040569950 0.063343711 0.027918551 0.045202736 0.063583471 0.038557157 0.048129015 0.072762765 0.077860832 0.063990250 0.045895252 0.054326776 0.058317896 0.059174571 0.059102260 0.077202506 0.049551625 0.053717069 0.045541994 0.056003723 0.053951703 0.073553011 0.056600973 0.003421189 0.055489566 0.066313349 0.052479435
0.069109723 0.038549408 0.041206431 0.032924123 0.042662878 0.027328556 0.035035059 0.028340917 0.042292442 0.014558747 0.022232739 0.042265899 0.020915626 0.030061167 0.076578781 0.077212028 0.046585038 0.031976514 0.040694378 0.043409906 0.040469512 0.029192576 0.067349836 0.031370375 0.043456078 0.023115560 0.044090297 0.034371875 0.059689637 0.038755801 0.055489566 0.012422659 0.044214386 0.052288935
0.038605876 0.025926931 0.021713328 0.051547371 0.016064744 0.021480149 0.024055710 0.026571140 0.028235681 0.033740707 0.022034965 0.046028104 0.028873255 0.026798256 0.041821845 0.030774243 0.013072882 0.037161037 0.026616491 0.038547598 0.014511542 0.021384915 0.025787026 0.018546702 0.034314588 0.027183596 0.025726032 0.016459541 0.024635809 0.026644396 0.066313349 0.044214386 -0.019975964 0.023720559
0.023749378 0.029801492 0.010065045 0.055444419 0.018050168 0.016853165 0.017018717 0.022241967 0.019359829 0.039782997 0.024054747 0.049236260 0.027175870 0.026126098 0.030636469 0.012389616 0.015627725 0.038082961 0.015466224 0.039221711 0.012408763 0.019101735 0.017668810 0.018079434 0.031866506 0.029306686 0.016535008 0.012971605 0.015893139 0.019149227 0.052479435 0.052288935 0.023720559 0.004571162
