0.000000000 0.268817216 0.280423284 0.373271883 0.252747267 0.280423284 0.319999993 0.276595742 0.264864862 0.376146793 0.295336783 0.355450243 0.298969060 0.309644669 0.195266277 0.204678357 0.260869563 0.349282295 0.336585373 0.352380961 0.252747267 0.306122452 0.240223467 0.316582918 0.302564114 0.306122452 0.309644669 0.309644669 0.185628742 0.330049247 0.478927195 0.349282295 0.298969060 0.244444445
0.268817216 0.000000000 0.012552301 0.116104871 0.017241379 0.012552301 0.056000002 0.008403362 0.004255319 0.119402982 0.028806584 0.095785439 0.032786883 0.044534411 0.077625573 0.067873307 0.008547009 0.088803090 0.074509807 0.092307694 0.017241379 0.040650405 0.030567685 0.052208837 0.036734693 0.040650405 0.044534411 0.044534411 0.087557606 0.067193680 0.241157562 0.088803090 0.032786883 0.026086956
0.280423284 0.012552301 0.000000000 0.103703700 0.029787235 0.000000000 0.043478262 0.004149378 0.016806724 0.107011072 0.016260162 0.083333336 0.020242915 0.032000002 0.090090089 0.080357142 0.021097047 0.076335877 0.062015504 0.079847910 0.029787235 0.028112451 0.043103449 0.039682541 0.024193548 0.028112451 0.032000002 0.032000002 0.100000001 0.054687500 0.229299366 0.076335877 0.020242915 0.038626611
0.373271883 0.116104871 0.103703700 0.000000000 0.133079842 0.103703700 0.060498219 0.107806690 0.120300755 0.003344482 0.087591238 0.020547945 0.083636366 0.071942449 0.192000002 0.182539687 0.124528304 0.027586207 0.041958041 0.024054984 0.133079842 0.075812273 0.146153852 0.064285718 0.079710148 0.075812273 0.071942449 0.071942449 0.201612905 0.049295776 0.128654972 0.027586207 0.083636366 0.141762450
0.252747267 0.017241379 0.029787235 0.133079842 0.000000000 0.029787235 0.073170729 0.025641026 0.012987013 0.136363640 0.046025105 0.112840466 0.050000001 0.061728396 0.060465116 0.050691243 0.008695652 0.105882354 0.091633469 0.109375000 0.000000000 0.057851240 0.013333334 0.069387756 0.053941909 0.057851240 0.061728396 0.061728396 0.070422538 0.084337346 0.257328987 0.105882354 0.050000001 0.008849557
0.280423284 0.012552301 0.000000000 0.103703700 0.029787235 0.000000000 0.043478262 0.004149378 0.016806724 0.107011072 0.016260162 0.083333336 0.020242915 0.032000002 0.090090089 0.080357142 0.021097047 0.076335877 0.062015504 0.079847910 0.029787235 0.028112451 0.043103449 0.039682541 0.024193548 0.028112451 0.032000002 0.032000002 0.100000001 0.054687500 0.229299366 0.076335877 0.020242915 0.038626611
0.319999993 0.056000002 0.043478262 0.060498219 0.073170729 0.043478262 0.000000000 0.047619049 0.060240965 0.063829787 0.027237354 0.039999999 0.023255814 0.011494253 0.133047208 0.123404257 0.064516127 0.032967035 0.018587360 0.036496349 0.073170729 0.015384615 0.086419754 0.003802281 0.019305019 0.015384615 0.011494253 0.011494253 0.142857149 0.011235955 0.187692314 0.032967035 0.023255814 0.081967212
0.276595742 0.008403362 0.004149378 0.107806690 0.025641026 0.004149378 0.047619049 0.000000000 0.012658228 0.111111112 0.020408163 0.087452471 0.024390243 0.036144577 0.085972853 0.076233186 0.016949153 0.080459774 0.066147856 0.083969466 0.025641026 0.032258064 0.038961038 0.043824703 0.028340081 0.032258064 0.036144577 0.036144577 0.095890410 0.058823530 0.233226836 0.080459774 0.024390243 0.034482758
0.264864862 0.004255319 0.016806724 0.120300755 0.012987013 0.016806724 0.060240965 0.012658228 0.000000000 0.123595506 0.033057850 0.100000001 0.037037037 0.048780486 0.073394492 0.063636363 0.004291845 0.093023255 0.078740157 0.096525095 0.012987013 0.044897959 0.026315790 0.056451611 0.040983606 0.044897959 0.048780486 0.048780486 0.083333336 0.071428575 0.245161295 0.093023255 0.037037037 0.021834061
0.376146793 0.119402982 0.107011072 0.003344482 0.136363640 0.107011072 0.063829787 0.111111112 0.123595506 0.000000000 0.090909094 0.023890786 0.086956523 0.075268820 0.195219129 0.185770750 0.127819553 0.030927835 0.045296166 0.027397260 0.136363640 0.079136692 0.149425283 0.067615658 0.083032489 0.079136692 0.075268820 0.075268820 0.204819277 0.052631579 0.125364438 0.030927835 0.086956523 0.145038173
0.295336783 0.028806584 0.016260162 0.087591238 0.046025105 0.016260162 0.027237354 0.020408163 0.033057850 0.090909094 0.000000000 0.067164183 0.003984064 0.015748031 0.106194690 0.096491225 0.037344400 0.060150377 0.045801528 0.063670412 0.046025105 0.011857707 0.059322033 0.023437500 0.007936508 0.011857707 0.015748031 0.015748031 0.116071425 0.038461540 0.213836476 0.060150377 0.003984064 0.054852322
0.355450243 0.095785439 0.083333336 0.020547945 0.112840466 0.083333336 0.039999999 0.087452471 0.100000001 0.023890786 0.067164183 0.000000000 0.063197024 0.051470589 0.172131151 0.162601620 0.104247101 0.007042253 0.021428572 0.003508772 0.112840466 0.055350553 0.125984251 0.043795619 0.059259258 0.055350553 0.051470589 0.051470589 0.181818187 0.028776979 0.148809522 0.007042253 0.063197024 0.121568628
0.298969060 0.032786883 0.020242915 0.083636366 0.050000001 0.020242915 0.023255814 0.024390243 0.037037037 0.086956523 0.003984064 0.063197024 0.000000000 0.011764706 0.110132158 0.100436680 0.041322313 0.056179777 0.041825093 0.059701491 0.050000001 0.007874016 0.063291140 0.019455252 0.003952569 0.007874016 0.011764706 0.011764706 0.119999997 0.034482758 0.210031345 0.056179777 0.000000000 0.058823530
0.309644669 0.044534411 0.032000002 0.071942449 0.061728396 0.032000002 0.011494253 0.036144577 0.048780486 0.075268820 0.015748031 0.051470589 0.011764706 0.000000000 0.121739127 0.112068966 0.053061225 0.044444446 0.030075189 0.047970481 0.061728396 0.003891051 0.075000003 0.007692308 0.007812500 0.003891051 0.000000000 0.000000000 0.131578952 0.022727273 0.198757768 0.044444446 0.011764706 0.070539422
0.195266277 0.077625573 0.090090089 0.192000002 0.060465116 0.090090089 0.133047208 0.085972853 0.073394492 0.195219129 0.106194690 0.172131151 0.110132158 0.121739127 0.000000000 0.009803922 0.069124423 0.165289253 0.151260510 0.168724284 0.060465116 0.117903933 0.047169812 0.129310340 0.114035085 0.117903933 0.121739127 0.121739127 0.010000000 0.144067794 0.312925160 0.165289253 0.110132158 0.051643193
0.204678357 0.067873307 0.080357142 0.182539687 0.050691243 0.080357142 0.123404257 0.076233186 0.063636363 0.185770750 0.096491225 0.162601620 0.100436680 0.112068966 0.009803922 0.000000000 0.059360731 0.155737698 0.141666666 0.159183666 0.050691243 0.108225107 0.037383176 0.119658120 0.104347825 0.108225107 0.112068966 0.112068966 0.019801980 0.134453788 0.304054052 0.155737698 0.100436680 0.041860465
0.260869563 0.008547009 0.021097047 0.124528304 0.008695652 0.021097047 0.064516127 0.016949153 0.004291845 0.127819553 0.037344400 0.104247101 0.041322313 0.053061225 0.069124423 0.059360731 0.000000000 0.097276263 0.083003953 0.100775197 0.008695652 0.049180329 0.022026431 0.060728744 0.045267489 0.049180329 0.053061225 0.053061225 0.079069771 0.075697213 0.249190941 0.097276263 0.041322313 0.017543860
0.349282295 0.088803090 0.076335877 0.027586207 0.105882354 0.076335877 0.032967035 0.080459774 0.093023255 0.030927835 0.060150377 0.007042253 0.056179777 0.044444446 0.165289253 0.155737698 0.097276263 0.000000000 0.014388490 0.003533569 0.105882354 0.048327137 0.119047619 0.036764707 0.052238807 0.048327137 0.044444446 0.044444446 0.174999997 0.021739131 0.155688629 0.000000000 0.056179777 0.114624508
0.336585373 0.074509807 0.062015504 0.041958041 0.091633469 0.062015504 0.018587360 0.066147856 0.078740157 0.045296166 0.045801528 0.021428572 0.041825093 0.030075189 0.151260510 0.141666666 0.083003953 0.014388490 0.000000000 0.017921148 0.091633469 0.033962265 0.104838707 0.022388060 0.037878789 0.033962265 0.030075189 0.030075189 0.161016956 0.007352941 0.169696972 0.014388490 0.041825093 0.100401610
0.352380961 0.092307694 0.079847910 0.024054984 0.109375000 0.079847910 0.036496349 0.083969466 0.096525095 0.027397260 0.063670412 0.003508772 0.059701491 0.047970481 0.168724284 0.159183666 0.100775197 0.003533569 0.017921148 0.000000000 0.109375000 0.051851850 0.122529641 0.040293042 0.055762082 0.051851850 0.047970481 0.047970481 0.178423241 0.025270758 0.152238801 0.003533569 0.059701491 0.118110240
0.252747267 0.017241379 0.029787235 0.133079842 0.000000000 0.029787235 0.073170729 0.025641026 0.012987013 0.136363640 0.046025105 0.112840466 0.050000001 0.061728396 0.060465116 0.050691243 0.008695652 0.105882354 0.091633469 0.109375000 0.000000000 0.057851240 0.013333334 0.069387756 0.053941909 0.057851240 0.061728396 0.061728396 0.070422538 0.084337346 0.257328987 0.105882354 0.050000001 0.008849557
0.306122452 0.040650405 0.028112451 0.075812273 0.057851240 0.028112451 0.015384615 0.032258064 0.044897959 0.079136692 0.011857707 0.055350553 0.007874016 0.003891051 0.117903933 0.108225107 0.049180329 0.048327137 0.033962265 0.051851850 0.057851240 0.000000000 0.071129709 0.011583012 0.003921569 0.000000000 0.003891051 0.003891051 0.127753302 0.026615970 0.202492207 0.048327137 0.007874016 0.066666670
0.240223467 0.030567685 0.043103449 0.146153852 0.013333334 0.043103449 0.086419754 0.038961038 0.026315790 0.149425283 0.059322033 0.125984251 0.063291140 0.075000003 0.047169812 0.037383176 0.022026431 0.119047619 0.104838707 0.122529641 0.013333334 0.071129709 0.000000000 0.082644626 0.067226894 0.071129709 0.075000003 0.075000003 0.057142857 0.097560972 0.269736856 0.119047619 0.063291140 0.004484305
0.316582918 0.052208837 0.039682541 0.064285718 0.069387756 0.039682541 0.003802281 0.043824703 0.056451611 0.067615658 0.023437500 0.043795619 0.019455252 0.007692308 0.129310340 0.119658120 0.060728744 0.036764707 0.022388060 0.040293042 0.069387756 0.011583012 0.082644626 0.000000000 0.015503876 0.011583012 0.007692308 0.007692308 0.139130428 0.015037594 0.191358030 0.036764707 0.019455252 0.078189299
0.302564114 0.036734693 0.024193548 0.079710148 0.053941909 0.024193548 0.019305019 0.028340081 0.040983606 0.083032489 0.007936508 0.059259258 0.003952569 0.007812500 0.114035085 0.104347825 0.045267489 0.052238807 0.037878789 0.055762082 0.053941909 0.003921569 0.067226894 0.015503876 0.000000000 0.003921569 0.007812500 0.007812500 0.123893805 0.030534351 0.206249997 0.052238807 0.003952569 0.062761508
0.306122452 0.040650405 0.028112451 0.075812273 0.057851240 0.028112451 0.015384615 0.032258064 0.044897959 0.079136692 0.011857707 0.055350553 0.007874016 0.003891051 0.117903933 0.108225107 0.049180329 0.048327137 0.033962265 0.051851850 0.057851240 0.000000000 0.071129709 0.011583012 0.003921569 0.000000000 0.003891051 0.003891051 0.127753302 0.026615970 0.202492207 0.048327137 0.007874016 0.066666670
0.309644669 0.044534411 0.032000002 0.071942449 0.061728396 0.032000002 0.011494253 0.036144577 0.048780486 0.075268820 0.015748031 0.051470589 0.011764706 0.000000000 0.121739127 0.112068966 0.053061225 0.044444446 0.030075189 0.047970481 0.061728396 0.003891051 0.075000003 0.007692308 0.007812500 0.003891051 0.000000000 0.000000000 0.131578952 0.022727273 0.198757768 0.044444446 0.011764706 0.070539422
0.309644669 0.044534411 0.032000002 0.071942449 0.061728396 0.032000002 0.011494253 0.036144577 0.048780486 0.075268820 0.015748031 0.051470589 0.011764706 0.000000000 0.121739127 0.112068966 0.053061225 0.044444446 0.030075189 0.047970481 0.061728396 0.003891051 0.075000003 0.007692308 0.007812500 0.003891051 0.000000000 0.000000000 0.131578952 0.022727273 0.198757768 0.044444446 0.011764706 0.070539422
0.185628742 0.087557606 0.100000001 0.201612905 0.070422538 0.100000001 0.142857149 0.095890410 0.083333336 0.204819277 0.116071425 0.181818187 0.119999997 0.131578952 0.010000000 0.019801980 0.079069771 0.174999997 0.161016956 0.178423241 0.070422538 0.127753302 0.057142857 0.139130428 0.123893805 0.127753302 0.131578952 0.131578952 0.000000000 0.153846160 0.321917802 0.174999997 0.119999997 0.061611373
0.330049247 0.067193680 0.054687500 0.049295776 0.084337346 0.054687500 0.011235955 0.058823530 0.071428575 0.052631579 0.038461540 0.028776979 0.034482758 0.022727273 0.144067794 0.134453788 0.075697213 0.021739131 0.007352941 0.025270758 0.084337346 0.026615970 0.097560972 0.015037594 0.030534351 0.026615970 0.022727273 0.022727273 0.153846160 0.000000000 0.176829264 0.021739131 0.034482758 0.093117408
0.478927195 0.241157562 0.229299366 0.128654972 0.257328987 0.229299366 0.187692314 0.233226836 0.245161295 0.125364438 0.213836476 0.148809522 0.210031345 0.198757768 0.312925160 0.304054052 0.249190941 0.155688629 0.169696972 0.152238801 0.257328987 0.202492207 0.269736856 0.191358030 0.206249997 0.202492207 0.198757768 0.198757768 0.321917802 0.176829264 0.000000000 0.155688629 0.210031345 0.265573770
0.349282295 0.088803090 0.076335877 0.027586207 0.105882354 0.076335877 0.032967035 0.080459774 0.093023255 0.030927835 0.060150377 0.007042253 0.056179777 0.044444446 0.165289253 0.155737698 0.097276263 0.000000000 0.014388490 0.003533569 0.105882354 0.048327137 0.119047619 0.036764707 0.052238807 0.048327137 0.044444446 0.044444446 0.174999997 0.021739131 0.155688629 0.000000000 0.056179777 0.114624508
0.298969060 0.032786883 0.020242915 0.083636366 0.050000001 0.020242915 0.023255814 0.024390243 0.037037037 0.086956523 0.003984064 0.063197024 0.000000000 0.011764706 0.110132158 0.100436680 0.041322313 0.056179777 0.041825093 0.059701491 0.050000001 0.007874016 0.063291140 0.019455252 0.003952569 0.007874016 0.011764706 0.011764706 0.119999997 0.034482758 0.210031345 0.056179777 0.000000000 0.058823530
0.244444445 0.026086956 0.038626611 0.141762450 0.008849557 0.038626611 0.081967212 0.034482758 0.021834061 0.145038173 0.054852322 0.121568628 0.058823530 0.070539422 0.051643193 0.041860465 0.017543860 0.114624508 0.100401610 0.118110240 0.008849557 0.066666670 0.004484305 0.078189299 0.062761508 0.066666670 0.070539422 0.070539422 0.061611373 0.093117408 0.265573770 0.114624508 0.058823530 0.000000000
