0.000000000 0.087499999 0.093750000 0.250000000 0.084210530 0.142857149 0.147058830 0.134328365 0.134328365 0.201834857 0.212669685 0.212669685 0.179245278 0.155339807 0.017543860 0.005780347 0.134328365 0.201834857 0.201834857 0.212669685 0.138613865 0.129999995 0.049180329 0.129999995 0.038674034 0.201834857 0.147058830 0.103092782 0.089005239 0.183098584 0.348314613 0.226666674 0.194444448 0.098445594
0.087499999 0.000000000 0.179775283 0.330275238 0.170454547 0.227513224 0.231578946 0.219251335 0.219251335 0.284313738 0.294685990 0.294685990 0.262626261 0.239583328 0.070063695 0.081761010 0.219251335 0.284313738 0.284313738 0.294685990 0.223404258 0.215053767 0.136094674 0.215053767 0.125748500 0.284313738 0.231578946 0.188888893 0.175141245 0.266331673 0.422924906 0.308056861 0.277227730 0.184357539
0.093750000 0.179775283 0.000000000 0.159999996 0.009615385 0.049773756 0.054054055 0.041095890 0.041095890 0.110169493 0.121338911 0.121338911 0.086956523 0.062500000 0.111111112 0.099476442 0.041095890 0.110169493 0.110169493 0.121338911 0.045454547 0.036697246 0.044776119 0.036697246 0.055276383 0.110169493 0.054054055 0.009433962 0.004784689 0.090909094 0.263157904 0.135802463 0.102564104 0.004739337
0.250000000 0.330275238 0.159999996 0.000000000 0.169354841 0.111111112 0.106870227 0.119691119 0.119691119 0.050724637 0.039426524 0.039426524 0.074074075 0.098484851 0.266375542 0.255411267 0.119691119 0.050724637 0.050724637 0.039426524 0.115384616 0.124031007 0.203319505 0.124031007 0.213389128 0.050724637 0.106870227 0.150793657 0.164658636 0.070110701 0.107692309 0.024734983 0.058394160 0.155378491
0.084210530 0.170454547 0.009615385 0.169354841 0.000000000 0.059360731 0.063636363 0.050691243 0.050691243 0.119658120 0.130801693 0.130801693 0.096491225 0.072072074 0.101604275 0.089947090 0.050691243 0.119658120 0.119658120 0.130801693 0.055045873 0.046296295 0.035175879 0.046296295 0.045685280 0.119658120 0.063636363 0.019047620 0.004830918 0.100436680 0.272084802 0.145228222 0.112068966 0.014354067
0.142857149 0.227513224 0.049773756 0.111111112 0.059360731 0.000000000 0.004291845 0.008695652 0.008695652 0.060728744 0.071999997 0.071999997 0.037344400 0.012765957 0.159999996 0.148514852 0.008695652 0.060728744 0.060728744 0.071999997 0.004329004 0.013100437 0.094339624 0.013100437 0.104761906 0.060728744 0.004291845 0.040358745 0.054545455 0.041322313 0.216216221 0.086614177 0.053061225 0.045045044
0.147058830 0.231578946 0.054054055 0.106870227 0.063636363 0.004291845 0.000000000 0.012987013 0.012987013 0.056451611 0.067729086 0.067729086 0.033057850 0.008474576 0.164179102 0.152709365 0.012987013 0.056451611 0.056451611 0.067729086 0.008620690 0.017391304 0.098591551 0.017391304 0.109004736 0.056451611 0.000000000 0.044642858 0.058823530 0.037037037 0.212121218 0.082352944 0.048780486 0.049327355
0.134328365 0.219251335 0.041095890 0.119691119 0.050691243 0.008695652 0.012987013 0.000000000 0.000000000 0.069387756 0.080645159 0.080645159 0.046025105 0.021459227 0.151515156 0.140000001 0.000000000 0.069387756 0.069387756 0.080645159 0.004366812 0.004405286 0.085714288 0.004405286 0.096153848 0.069387756 0.012987013 0.031674210 0.045871560 0.050000001 0.224489793 0.095238097 0.061728396 0.036363635
0.134328365 0.219251335 0.041095890 0.119691119 0.050691243 0.008695652 0.012987013 0.000000000 0.000000000 0.069387756 0.080645159 0.080645159 0.046025105 0.021459227 0.151515156 0.140000001 0.000000000 0.069387756 0.069387756 0.080645159 0.004366812 0.004405286 0.085714288 0.004405286 0.096153848 0.069387756 0.012987013 0.031674210 0.045871560 0.050000001 0.224489793 0.095238097 0.061728396 0.036363635
0.201834857 0.284313738 0.110169493 0.050724637 0.119658120 0.060728744 0.056451611 0.069387756 0.069387756 0.000000000 0.011320755 0.011320755 0.023437500 0.048000000 0.218604654 0.207373276 0.069387756 0.000000000 0.000000000 0.011320755 0.065040648 0.073770493 0.154185027 0.073770493 0.164444447 0.000000000 0.056451611 0.100840338 0.114893615 0.019455252 0.157556266 0.026022306 0.007692308 0.105485231
0.212669685 0.294685990 0.121338911 0.039426524 0.130801693 0.071999997 0.067729086 0.080645159 0.080645159 0.011320755 0.000000000 0.000000000 0.034749035 0.059288539 0.229357794 0.218181819 0.080645159 0.011320755 0.011320755 0.000000000 0.076305218 0.085020244 0.165217385 0.085020244 0.175438598 0.011320755 0.067729086 0.112033196 0.126050428 0.030769231 0.146496817 0.014705882 0.019011406 0.116666667
0.212669685 0.294685990 0.121338911 0.039426524 0.130801693 0.071999997 0.067729086 0.080645159 0.080645159 0.011320755 0.000000000 0.000000000 0.034749035 0.059288539 0.229357794 0.218181819 0.080645159 0.011320755 0.011320755 0.000000000 0.076305218 0.085020244 0.165217385 0.085020244 0.175438598 0.011320755 0.067729086 0.112033196 0.126050428 0.030769231 0.146496817 0.014705882 0.019011406 0.116666667
0.179245278 0.262626261 0.086956523 0.074074075 0.096491225 0.037344400 0.033057850 0.046025105 0.046025105 0.023437500 0.034749035 0.034749035 0.000000000 0.024590164 0.196172252 0.184834123 0.046025105 0.023437500 0.023437500 0.034749035 0.041666668 0.050420169 0.131221727 0.050420169 0.141552508 0.023437500 0.033057850 0.077586204 0.091703057 0.003984064 0.180327863 0.049429659 0.015748031 0.082251079
0.155339807 0.239583328 0.062500000 0.098484851 0.072072074 0.012765957 0.008474576 0.021459227 0.021459227 0.048000000 0.059288539 0.059288539 0.024590164 0.000000000 0.172413796 0.160975605 0.021459227 0.048000000 0.048000000 0.059288539 0.017094018 0.025862070 0.106976748 0.025862070 0.117370889 0.048000000 0.008474576 0.053097345 0.067264572 0.028571429 0.204013377 0.073929958 0.040322579 0.057777777
0.017543860 0.070063695 0.111111112 0.266375542 0.101604275 0.159999996 0.164179102 0.151515156 0.151515156 0.218604654 0.229357794 0.229357794 0.196172252 0.172413796 0.000000000 0.011764706 0.151515156 0.218604654 0.218604654 0.229357794 0.155778900 0.147208124 0.066666670 0.147208124 0.056179777 0.218604654 0.164179102 0.120418847 0.106382981 0.200000003 0.363636374 0.243243247 0.211267605 0.115789473
0.005780347 0.081761010 0.099476442 0.255411267 0.089947090 0.148514852 0.152709365 0.140000001 0.140000001 0.207373276 0.218181819 0.218181819 0.184834123 0.160975605 0.011764706 0.000000000 0.140000001 0.207373276 0.207373276 0.218181819 0.144278601 0.135678396 0.054945055 0.135678396 0.044444446 0.207373276 0.152709365 0.108808286 0.094736844 0.188679248 0.353383452 0.232142851 0.200000003 0.104166664
0.134328365 0.219251335 0.041095890 0.119691119 0.050691243 0.008695652 0.012987013 0.000000000 0.000000000 0.069387756 0.080645159 0.080645159 0.046025105 0.021459227 0.151515156 0.140000001 0.000000000 0.069387756 0.069387756 0.080645159 0.004366812 0.004405286 0.085714288 0.004405286 0.096153848 0.069387756 0.012987013 0.031674210 0.045871560 0.050000001 0.224489793 0.095238097 0.061728396 0.036363635
0.201834857 0.284313738 0.110169493 0.050724637 0.119658120 0.060728744 0.056451611 0.069387756 0.069387756 0.000000000 0.011320755 0.011320755 0.023437500 0.048000000 0.218604654 0.207373276 0.069387756 0.000000000 0.000000000 0.011320755 0.065040648 0.073770493 0.154185027 0.073770493 0.164444447 0.000000000 0.056451611 0.100840338 0.114893615 0.019455252 0.157556266 0.026022306 0.007692308 0.105485231
0.201834857 0.284313738 0.110169493 0.050724637 0.119658120 0.060728744 0.056451611 0.069387756 0.069387756 0.000000000 0.011320755 0.011320755 0.023437500 0.048000000 0.218604654 0.207373276 0.069387756 0.000000000 0.000000000 0.011320755 0.065040648 0.073770493 0.154185027 0.073770493 0.164444447 0.000000000 0.056451611 0.100840338 0.114893615 0.019455252 0.157556266 0.026022306 0.007692308 0.105485231
0.212669685 0.294685990 0.121338911 0.039426524 0.130801693 0.071999997 0.067729086 0.080645159 0.080645159 0.011320755 0.000000000 0.000000000 0.034749035 0.059288539 0.229357794 0.218181819 0.080645159 0.011320755 0.011320755 0.000000000 0.076305218 0.085020244 0.165217385 0.085020244 0.175438598 0.011320755 0.067729086 0.112033196 0.126050428 0.030769231 0.146496817 0.014705882 0.019011406 0.116666667
0.138613865 0.223404258 0.045454547 0.115384616 0.055045873 0.004329004 0.008620690 0.004366812 0.004366812 0.065040648 0.076305218 0.076305218 0.041666668 0.017094018 0.155778900 0.144278601 0.004366812 0.065040648 0.065040648 0.076305218 0.000000000 0.008771930 0.090047397 0.008771930 0.100478470 0.065040648 0.008620690 0.036036037 0.050228309 0.045643155 0.220338985 0.090909094 0.057377048 0.040723983
0.129999995 0.215053767 0.036697246 0.124031007 0.046296295 0.013100437 0.017391304 0.004405286 0.004405286 0.073770493 0.085020244 0.085020244 0.050420169 0.025862070 0.147208124 0.135678396 0.004405286 0.073770493 0.073770493 0.085020244 0.008771930 0.000000000 0.081339709 0.000000000 0.091787443 0.073770493 0.017391304 0.027272727 0.041474655 0.054393306 0.228668943 0.099601597 0.066115700 0.031963471
0.049180329 0.136094674 0.044776119 0.203319505 0.035175879 0.094339624 0.098591551 0.085714288 0.085714288 0.154185027 0.165217385 0.165217385 0.131221727 0.106976748 0.066666670 0.054945055 0.085714288 0.154185027 0.154185027 0.165217385 0.090047397 0.081339709 0.000000000 0.081339709 0.010526316 0.154185027 0.098591551 0.054187194 0.039999999 0.135135129 0.304347813 0.179487184 0.146666661 0.049504951
0.129999995 0.215053767 0.036697246 0.124031007 0.046296295 0.013100437 0.017391304 0.004405286 0.004405286 0.073770493 0.085020244 0.085020244 0.050420169 0.025862070 0.147208124 0.135678396 0.004405286 0.073770493 0.073770493 0.085020244 0.008771930 0.000000000 0.081339709 0.000000000 0.091787443 0.073770493 0.017391304 0.027272727 0.041474655 0.054393306 0.228668943 0.099601597 0.066115700 0.031963471
0.038674034 0.125748500 0.055276383 0.213389128 0.045685280 0.104761906 0.109004736 0.096153848 0.096153848 0.164444447 0.175438598 0.175438598 0.141552508 0.117370889 0.056179777 0.044444446 0.096153848 0.164444447 0.164444447 0.175438598 0.100478470 0.091787443 0.010526316 0.091787443 0.000000000 0.164444447 0.109004736 0.064676620 0.050505050 0.145454541 0.313868612 0.189655170 0.156950668 0.059999999
0.201834857 0.284313738 0.110169493 0.050724637 0.119658120 0.060728744 0.056451611 0.069387756 0.069387756 0.000000000 0.011320755 0.011320755 0.023437500 0.048000000 0.218604654 0.207373276 0.069387756 0.000000000 0.000000000 0.011320755 0.065040648 0.073770493 0.154185027 0.073770493 0.164444447 0.000000000 0.056451611 0.100840338 0.114893615 0.019455252 0.157556266 0.026022306 0.007692308 0.105485231
0.147058830 0.231578946 0.054054055 0.106870227 0.063636363 0.004291845 0.000000000 0.012987013 0.012987013 0.056451611 0.067729086 0.067729086 0.033057850 0.008474576 0.164179102 0.152709365 0.012987013 0.056451611 0.056451611 0.067729086 0.008620690 0.017391304 0.098591551 0.017391304 0.109004736 0.056451611 0.000000000 0.044642858 0.058823530 0.037037037 0.212121218 0.082352944 0.048780486 0.049327355
0.103092782 0.188888893 0.009433962 0.150793657 0.019047620 0.040358745 0.044642858 0.031674210 0.031674210 0.100840338 0.112033196 0.112033196 0.077586204 0.053097345 0.120418847 0.108808286 0.031674210 0.100840338 0.100840338 0.112033196 0.036036037 0.027272727 0.054187194 0.027272727 0.064676620 0.100840338 0.044642858 0.000000000 0.014218009 0.081545062 0.254355401 0.126530617 0.093220338 0.004694836
0.089005239 0.175141245 0.004784689 0.164658636 0.004830918 0.054545455 0.058823530 0.045871560 0.045871560 0.114893615 0.126050428 0.126050428 0.091703057 0.067264572 0.106382981 0.094736844 0.045871560 0.114893615 0.114893615 0.126050428 0.050228309 0.041474655 0.039999999 0.041474655 0.050505050 0.114893615 0.058823530 0.014218009 0.000000000 0.095652170 0.267605633 0.140495867 0.107296139 0.009523810
0.183098584 0.266331673 0.090909094 0.070110701 0.100436680 0.041322313 0.037037037 0.050000001 0.050000001 0.019455252 0.030769231 0.030769231 0.003984064 0.028571429 0.200000003 0.188679248 0.050000001 0.019455252 0.019455252 0.030769231 0.045643155 0.054393306 0.135135129 0.054393306 0.145454541 0.019455252 0.037037037 0.081545062 0.095652170 0.000000000 0.176470593 0.045454547 0.011764706 0.086206898
0.348314613 0.422924906 0.263157904 0.107692309 0.272084802 0.216216221 0.212121218 0.224489793 0.224489793 0.157556266 0.146496817 0.146496817 0.180327863 0.204013377 0.363636374 0.353383452 0.224489793 0.157556266 0.157556266 0.146496817 0.220338985 0.228668943 0.304347813 0.228668943 0.313868612 0.157556266 0.212121218 0.254355401 0.267605633 0.176470593 0.000000000 0.132075474 0.165048540 0.258741260
0.226666674 0.308056861 0.135802463 0.024734983 0.145228222 0.086614177 0.082352944 0.095238097 0.095238097 0.026022306 0.014705882 0.014705882 0.049429659 0.073929958 0.243243247 0.232142851 0.095238097 0.026022306 0.026022306 0.014705882 0.090909094 0.099601597 0.179487184 0.099601597 0.189655170 0.026022306 0.082352944 0.126530617 0.140495867 0.045454547 0.132075474 0.000000000 0.033707865 0.131147534
0.194444448 0.277227730 0.102564104 0.058394160 0.112068966 0.053061225 0.048780486 0.061728396 0.061728396 0.007692308 0.019011406 0.019011406 0.015748031 0.040322579 0.211267605 0.200000003 0.061728396 0.007692308 0.007692308 0.019011406 0.057377048 0.066115700 0.146666661 0.066115700 0.156950668 0.007692308 0.048780486 0.093220338 0.107296139 0.011764706 0.165048540 0.033707865 0.000000000 0.097872339
0.098445594 0.184357539 0.004739337 0.155378491 0.014354067 0.045045044 0.049327355 0.036363635 0.036363635 0.105485231 0.116666667 0.116666667 0.082251079 0.057777777 0.115789473 0.104166664 0.036363635 0.105485231 0.105485231 0.116666667 0.040723983 0.031963471 0.049504951 0.031963471 0.059999999 0.105485231 0.049327355 0.004694836 0.009523810 0.086206898 0.258741260 0.131147534 0.097872339 0.000000000
