0.022295339 0.053431742 0.019084470 0.080252886 0.012723370 0.037443228 0.034648463 0.036984708 0.042921830 0.059496168 0.045572728 0.075300448 0.049790867 0.046666041 0.034441669 0.021521956 0.029098975 0.061266378 0.037374876 0.062859125 0.021390010 0.048352472 0.023336718 0.039851625 0.047481101 0.049291618 0.038900558 0.037433214 0.019923251 0.047520697 0.079759903 0.070984066 0.045422424 0.026408037
0.053431742 -0.049867231 0.016383315 0.061647981 0.018697502 0.019779038 0.020805560 0.017900934 0.033415969 0.040120699 0.023305869 0.049636908 0.027017163 0.025732048 0.047906645 0.030403236 0.021109249 0.034875859 0.024416182 0.046555545 0.020432092 0.022796752 0.039530903 0.020077007 0.006773856 0.024778400 0.025303712 0.021572329 0.030597974 0.033018403 0.070555121 0.038712490 0.027155660 0.030375049
0.019084470 0.016383315 -0.001473870 0.046311274 0.005388298 0.006560119 -0.000269837 0.003355965 0.004648085 0.030588157 0.010386813 0.040396430 0.014676319 0.015487926 0.028372768 0.013437594 -0.000714990 0.028914779 0.011537143 0.021548534 0.002387196 0.011085335 0.012440952 0.001177605 0.018971711 0.021419322 0.001498682 0.007421364 0.009776444 0.011830511 0.050568618 0.042137038 0.021883033 0.010954395
0.080252886 0.061647981 0.046311274 0.021037690 0.039732486 0.032083992 0.034961302 0.032420188 0.048172183 0.014017405 0.034536354 0.038612306 0.032596640 0.033403322 0.083488673 0.069242135 0.057254475 0.044987321 0.051586874 0.040303152 0.050509151 0.041620925 0.064864345 0.035683110 0.044097736 0.025695283 0.046080116 0.042554159 0.067392558 0.039672531 0.041898377 0.036160611 0.049037334 0.057052635
0.012723370 0.018697502 0.005388298 0.039732486 -0.018789146 0.013081279 0.010125049 0.014600769 0.018490024 0.028319608 0.017096264 0.033926852 0.020264458 0.018517725 0.018141951 0.015892342 0.001976881 0.024619598 0.013711156 0.025669780 0.008374535 0.019688498 0.011952592 0.014023815 0.026047051 0.020464400 0.012156297 0.010132980 0.003764796 0.008543899 0.039617077 0.041120414 0.013231499 0.016273210
0.037443228 0.019779038 0.006560119 0.032083992 0.013081279 -0.024570921 0.002729547 0.003259926 0.005375310 0.019746473 0.008457689 0.027742382 0.008191211 0.007730835 0.036904100 0.026611723 0.007471505 0.024208561 0.008434832 0.015596650 0.004141893 0.010000533 0.021477789 0.005950763 0.023638029 0.015952298 0.005177527 0.000737635 0.019779138 0.004264888 0.044036433 0.025864255 0.018508419 0.017339922
0.034648463 0.020805560 -0.000269837 0.034961302 0.010125049 0.002729547 -0.012205375 -0.002766185 0.002645375 0.020144640 0.005598107 0.025072917 0.009097672 0.003720756 0.036015596 0.024211833 0.007736878 0.022176469 0.011997068 0.007668089 0.004579568 0.007230075 0.019432319 -0.002202972 0.020953607 0.008951502 -0.002184753 0.000958903 0.018133713 -0.002736108 0.047821987 0.032656703 0.020088993 0.016946776
0.036984708 0.017900934 0.003355965 0.032420188 0.014600769 0.003259926 -0.002766185 -0.002457896 0.007287026 0.016325248 0.005807066 0.026091443 0.002381296 0.003638952 0.038352616 0.028916407 0.011960257 0.018210087 0.008375427 0.012669686 0.008661077 0.008320098 0.025211720 0.001231480 0.011876813 0.008675693 -0.000237205 0.005322779 0.022234334 0.003023990 0.038135219 0.027289374 0.024114914 0.022272393
0.042921830 0.033415969 0.004648085 0.048172183 0.018490024 0.005375310 0.002645375 0.007287026 -0.001528861 0.029591188 0.010644304 0.031353850 0.017849509 0.007518654 0.045149926 0.021521328 0.008200247 0.030999210 0.014541919 0.019291684 0.008830632 -0.001774970 0.011727305 0.002625048 0.029763889 0.010441968 0.000337399 -0.001468651 0.019207431 0.000346447 0.065137252 0.042565975 0.025816590 0.019531507
0.059496168 0.040120699 0.030588157 0.014017405 0.028319608 0.019746473 0.020144640 0.016325248 0.029591188 0.003809667 0.017505186 0.016628243 0.011194714 0.018797085 0.060270093 0.052679375 0.038483426 0.020199019 0.031520203 0.012035058 0.036487482 0.023291020 0.049285572 0.020932768 0.026630936 0.006126974 0.028576771 0.028306361 0.047926430 0.023968214 0.023938214 0.017337719 0.028922822 0.039170723
0.045572728 0.023305869 0.010386813 0.034536354 0.017096264 0.008457689 0.005598107 0.005807066 0.010644304 0.017505186 -0.009867159 0.027818717 0.007863348 0.009752286 0.047899939 0.040115371 0.015916569 0.015182842 0.010362443 0.014708036 0.012691775 0.013670106 0.032628719 0.008019779 0.021307640 0.002248885 0.005965816 0.007684270 0.029198855 0.003959862 0.046393491 0.022371065 0.022477793 0.025240300
0.075300448 0.049636908 0.040396430 0.038612306 0.033926852 0.027742382 0.025072917 0.026091443 0.031353850 0.016628243 0.027818717 0.016596071 0.028222349 0.023656731 0.077797063 0.054477170 0.046496317 0.037325282 0.041453712 0.025808403 0.040410534 0.031640112 0.052465059 0.025651801 0.038614035 0.016852932 0.033187285 0.032018792 0.055313587 0.030777354 0.061004378 0.044106498 0.038794242 0.049737878
0.049790867 0.027017163 0.014676319 0.032596640 0.020264458 0.008191211 0.009097672 0.002381296 0.017849509 0.011194714 0.007863348 0.028222349 -0.005974347 0.007386792 0.052933980 0.044343192 0.020402670 0.021673588 0.016450055 0.016311530 0.017879860 0.011000195 0.034824975 0.009869490 0.016189782 0.001435189 0.005282436 0.010971619 0.036023345 0.006973189 0.038970269 0.022032730 0.028756041 0.027991731
0.046666041 0.025732048 0.015487926 0.033403322 0.018517725 0.007730835 0.003720756 0.003638952 0.007518654 0.018797085 0.009752286 0.023656731 0.007386792 0.000098348 0.048282556 0.038882412 0.016677678 0.023916870 0.011961496 0.011975477 0.009575865 0.011948286 0.034135364 0.005617936 0.021217316 0.011670792 0.007947923 0.008199878 0.028275460 0.007870622 0.049992580 0.033706054 0.022591026 0.029669402
0.034441669 0.047906645 0.028372768 0.083488673 0.018141951 0.036904100 0.036015596 0.038352616 0.045149926 0.060270093 0.047899939 0.077797063 0.052933980 0.048282556 0.023445366 0.015562400 0.032030590 0.068606839 0.034841597 0.064386107 0.026853062 0.048010748 0.033495978 0.039648883 0.043437205 0.054021128 0.044308171 0.032345533 0.026115213 0.046331689 0.075880811 0.078178063 0.046888139 0.033632971
0.021521956 0.030403236 0.013437594 0.069242135 0.015892342 0.026611723 0.024211833 0.028916407 0.021521328 0.052679375 0.040115371 0.054477170 0.044343192 0.038882412 0.015562400 -0.016124625 0.015491105 0.063956611 0.025384897 0.034559108 0.011515330 0.030040262 0.002910362 0.024494505 0.035416182 0.049048565 0.025383919 0.019179644 0.004791777 0.035750605 0.074417278 0.075869694 0.026670720 0.011907035
0.029098975 0.021109249 -0.000714990 0.057254475 0.001976881 0.007471505 0.007736878 0.011960257 0.008200247 0.038483426 0.015916569 0.046496317 0.020402670 0.016677678 0.032030590 0.015491105 -0.014377663 0.034436226 0.011469793 0.030702785 0.002782811 0.015357984 0.010808070 0.009171006 0.024566248 0.023715431 0.004954458 0.006863053 0.006909761 0.012653796 0.064106449 0.047101874 0.016317129 0.018111544
0.061266378 0.034875859 0.028914779 0.044987321 0.024619598 0.024208561 0.022176469 0.018210087 0.030999210 0.020199019 0.015182842 0.037325282 0.021673588 0.023916870 0.068606839 0.063956611 0.034436226 0.001844808 0.028017882 0.040760778 0.033864886 0.027994802 0.057987034 0.024672085 0.030123955 0.015227104 0.022724269 0.031515308 0.047331326 0.022065550 0.047331043 0.037328839 0.043423325 0.041889042
0.037374876 0.024416182 0.011537143 0.051586874 0.013711156 0.008434832 0.011997068 0.008375427 0.014541919 0.031520203 0.010362443 0.041453712 0.016450055 0.011961496 0.034841597 0.025384897 0.011469793 0.028017882 -0.004974794 0.032312147 0.012085172 0.015665241 0.023857331 0.014623102 0.022415860 0.018468898 0.011101876 0.014173643 0.015599125 0.014066592 0.053870659 0.040336274 0.026586827 0.016413637
0.062859125 0.046555545 0.021548534 0.040303152 0.025669780 0.015596650 0.007668089 0.012669686 0.019291684 0.012035058 0.014708036 0.025808403 0.016311530 0.011975477 0.064386107 0.034559108 0.030702785 0.040760778 0.032312147 0.001031298 0.025196642 0.018649392 0.033360399 0.015212282 0.025885176 0.009729896 0.014242129 0.016552195 0.042668633 0.014311284 0.053678639 0.043876480 0.034595169 0.038136531
0.021390010 0.020432092 0.002387196 0.050509151 0.008374535 0.004141893 0.004579568 0.008661077 0.008830632 0.036487482 0.012691775 0.040410534 0.017879860 0.009575865 0.026853062 0.011515330 0.002782811 0.033864886 0.012085172 0.025196642 -0.000522747 0.009822156 0.006611205 0.004068276 0.027525742 0.022256935 0.003168716 0.006532811 0.003278414 0.011233132 0.054447494 0.039054651 0.011825619 0.010770809
0.048352472 0.022796752 0.011085335 0.041620925 0.019688498 0.010000533 0.007230075 0.008320098 -0.001774970 0.023291020 0.013670106 0.031640112 0.011000195 0.011948286 0.048010748 0.030040262 0.015357984 0.027994802 0.015665241 0.018649392 0.009822156 -0.023473352 0.023224032 -0.000190438 0.025442796 0.008709058 0.012269571 0.009903478 0.022848722 0.013660602 0.060626581 0.031202752 0.018649638 0.021167841
0.023336718 0.039530903 0.012440952 0.064864345 0.011952592 0.021477789 0.019432319 0.025211720 0.011727305 0.049285572 0.032628719 0.052465059 0.034824975 0.034135364 0.033495978 0.002910362 0.010808070 0.057987034 0.023857331 0.033360399 0.006611205 0.023224032 -0.002515905 0.017918935 0.034017321 0.042990305 0.022807531 0.016201027 0.011248237 0.030387830 0.076302238 0.066259503 0.019615091 0.016878678
0.039851625 0.020077007 0.001177605 0.035683110 0.014023815 0.005950763 -0.002202972 0.001231480 0.002625048 0.020932768 0.008019779 0.025651801 0.009869490 0.005617936 0.039648883 0.024494505 0.009171006 0.024672085 0.014623102 0.015212282 0.004068276 -0.000190438 0.017918935 -0.003046621 0.019274492 0.006817544 -0.002113403 -0.000857106 0.019004293 0.000914584 0.049138267 0.029571721 0.016338585 0.018037913
0.047481101 0.006773856 0.018971711 0.044097736 0.026047051 0.023638029 0.020953607 0.011876813 0.029763889 0.026630936 0.021307640 0.038614035 0.016189782 0.021217316 0.043437205 0.035416182 0.024566248 0.030123955 0.022415860 0.025885176 0.027525742 0.025442796 0.034017321 0.019274492 -0.021070754 0.018874317 0.016296985 0.018408531 0.038305096 0.022381289 0.053498834 0.044139430 0.035296172 0.031965345
0.049291618 0.024778400 0.021419322 0.025695283 0.020464400 0.015952298 0.008951502 0.008675693 0.010441968 0.006126974 0.002248885 0.016852932 0.001435189 0.011670792 0.054021128 0.049048565 0.023715431 0.015227104 0.018468898 0.009729896 0.022256935 0.008709058 0.042990305 0.006817544 0.018874317 -0.002944831 0.012058019 0.015603103 0.033867031 0.008494054 0.044434559 0.024445940 0.022949733 0.030136889
0.038900558 0.025303712 0.001498682 0.046080116 0.012156297 0.005177527 -0.002184753 -0.000237205 0.000337399 0.028576771 0.005965816 0.033187285 0.005282436 0.007947923 0.044308171 0.025383919 0.004954458 0.022724269 0.011101876 0.014242129 0.003168716 0.012269571 0.022807531 -0.002113403 0.016296985 0.012058019 -0.009684941 0.002887120 0.020022810 0.001072305 0.057680029 0.046564497 0.028201343 0.018421436
0.037433214 0.021572329 0.007421364 0.042554159 0.010132980 0.000737635 0.000958903 0.005322779 -0.001468651 0.028306361 0.007684270 0.032018792 0.010971619 0.008199878 0.032345533 0.019179644 0.006863053 0.031515308 0.014173643 0.016552195 0.006532811 0.009903478 0.016201027 -0.000857106 0.018408531 0.015603103 0.002887120 -0.007428482 0.015264797 0.005888185 0.052612372 0.035766110 0.011300130 0.014295919
0.019923251 0.030597974 0.009776444 0.067392558 0.003764796 0.019779138 0.018133713 0.022234334 0.019207431 0.047926430 0.029198855 0.055313587 0.036023345 0.028275460 0.026115213 0.004791777 0.006909761 0.047331326 0.015599125 0.042668633 0.003278414 0.022848722 0.011248237 0.019004293 0.038305096 0.033867031 0.020022810 0.015264797 -0.009057743 0.022895698 0.067632131 0.058876306 0.023518402 0.015743002
0.047520697 0.033018403 0.011830511 0.039672531 0.008543899 0.004264888 -0.002736108 0.003023990 0.000346447 0.023968214 0.003959862 0.030777354 0.006973189 0.007870622 0.046331689 0.035750605 0.012653796 0.022065550 0.014066592 0.014311284 0.011233132 0.013660602 0.030387830 0.000914584 0.022381289 0.008494054 0.001072305 0.005888185 0.022895698 -0.016770829 0.057959415 0.039021894 0.026235070 0.021368133
0.079759903 0.070555121 0.050568618 0.041898377 0.039617077 0.044036433 0.047821987 0.038135219 0.065137252 0.023938214 0.046393491 0.061004378 0.038970269 0.049992580 0.075880811 0.074417278 0.064106449 0.047331043 0.053870659 0.053678639 0.054447494 0.060626581 0.076302238 0.049138267 0.053498834 0.044434559 0.057680029 0.052612372 0.067632131 0.057959415 0.004235217 0.054839812 0.068465613 0.053984527
0.070984066 0.038712490 0.042137038 0.036160611 0.041120414 0.025864255 0.032656703 0.027289374 0.042565975 0.017337719 0.022371065 0.044106498 0.022032730 0.033706054 0.078178063 0.075869694 0.047101874 0.037328839 0.040336274 0.043876480 0.039054651 0.031202752 0.066259503 0.029571721 0.044139430 0.024445940 0.046564497 0.035766110 0.058876306 0.039021894 0.054839812 0.013638236 0.042179003 0.054543711
0.045422424 0.027155660 0.021883033 0.049037334 0.013231499 0.018508419 0.020088993 0.024114914 0.025816590 0.028922822 0.022477793 0.038794242 0.028756041 0.022591026 0.046888139 0.026670720 0.016317129 0.043423325 0.026586827 0.034595169 0.011825619 0.018649638 0.019615091 0.016338585 0.035296172 0.022949733 0.028201343 0.011300130 0.023518402 0.026235070 0.068465613 0.042179003 -0.033515897 0.024421521
0.026408037 0.030375049 0.010954395 0.057052635 0.016273210 0.017339922 0.016946776 0.022272393 0.019531507 0.039170723 0.025240300 0.049737878 0.027991731 0.029669402 0.033632971 0.011907035 0.018111544 0.041889042 0.016413637 0.038136531 0.010770809 0.021167841 0.016878678 0.018037913 0.031965345 0.030136889 0.018421436 0.014295919 0.015743002 0.021368133 0.053984527 0.054543711 0.024421521 0.007483821
