0.019563649 0.053176820 0.022491913 0.063996084 0.029891439 0.046972923 0.036496013 0.042138066 0.044085711 0.057475738 0.051046025 0.051847607 0.050169602 0.042803533 0.027957963 0.023584822 0.031814210 0.054641258 0.035320997 0.052985676 0.039260466 0.048408240 0.029652650 0.038674019 0.048093852 0.052632738 0.044067480 0.040575191 0.028808173 0.047321498 0.083926439 0.073160626 0.041289099 0.024905603
0.053176820 -0.058480002 0.012831487 0.045154855 0.018959381 0.025684118 0.020098990 0.018175462 0.030221233 0.033361197 0.024803285 0.026113514 0.023942087 0.016702263 0.040814567 0.030980233 0.018020026 0.023638947 0.019201901 0.033826254 0.024629304 0.020778673 0.040383756 0.017055459 -0.001527335 0.020380173 0.022004485 0.019475922 0.032291554 0.027262002 0.070562162 0.021183793 0.022222832 0.023577057
0.022491913 0.012831487 -0.001350130 0.039057005 0.010607744 0.014237396 -0.000211918 0.003616567 0.004868636 0.028021850 0.011348700 0.025144458 0.014439224 0.008842525 0.027357314 0.016076764 0.002669705 0.020813147 0.009220872 0.019136513 0.003446920 0.010610867 0.016009776 0.001263711 0.013954995 0.020829815 0.002885912 0.007282041 0.013130047 0.009243751 0.054219879 0.028496064 0.020166252 0.004365819
0.063996084 0.045154855 0.039057005 0.008345038 0.036564056 0.035506129 0.033621036 0.028705891 0.043520398 0.011231611 0.025916988 0.020771559 0.019824337 0.026807424 0.060753763 0.075489044 0.045207068 0.017025791 0.037009176 0.029759239 0.055258214 0.037261613 0.068930268 0.031011928 0.030252405 0.029075863 0.039631534 0.044076040 0.057387896 0.032883283 0.032671217 0.015488576 0.044786263 0.042039853
0.029891439 0.018959381 0.010607744 0.036564056 0.000325145 0.021849409 0.010288936 0.015588570 0.021282224 0.030839579 0.019831106 0.020526581 0.021522004 0.013042303 0.029144056 0.027217614 0.014239583 0.017868087 0.016285425 0.027082955 0.012973716 0.027802151 0.027976235 0.015658682 0.016155209 0.024203889 0.014625987 0.017515823 0.020890199 0.012460380 0.053027242 0.028295569 0.027658347 0.012094609
0.046972923 0.025684118 0.014237396 0.035506129 0.021849409 -0.005259633 0.010233592 0.012408918 0.018110476 0.026017277 0.017484758 0.026907004 0.016042262 0.013628262 0.040990807 0.039256692 0.016343135 0.022666249 0.016041197 0.026814912 0.023742460 0.019541968 0.035469819 0.013415396 0.018993469 0.026781380 0.014487277 0.016571352 0.030955177 0.011222407 0.051277209 0.029014587 0.030804142 0.020443652
0.036496013 0.020098990 -0.000211918 0.033621036 0.010288936 0.010233592 -0.011643569 -0.002433935 0.003012297 0.022703117 0.001578557 0.018359499 0.006101388 0.002337089 0.036265507 0.030241605 0.008360922 0.013092022 0.010512877 0.007999561 0.003569958 0.010688196 0.028401610 -0.002538793 0.013761009 0.011756439 -0.001205496 0.005506179 0.020739708 -0.002902078 0.053744636 0.024275377 0.027100971 0.011185706
0.042138066 0.018175462 0.003616567 0.028705891 0.015588570 0.012408918 -0.002433935 -0.003033283 0.007671506 0.017083922 0.005592602 0.014238594 0.001646075 -0.001185421 0.039483450 0.034013044 0.013519214 0.009379990 0.007976925 0.010167827 0.010379392 0.012059706 0.033802710 0.000955496 0.003910248 0.009806415 0.000773368 0.009655081 0.026986960 0.003219925 0.045177035 0.017427336 0.030336412 0.016229106
0.044085711 0.030221233 0.004868636 0.043520398 0.021282224 0.018110476 0.003012297 0.007671506 -0.001487492 0.030693732 0.008410732 0.020641699 0.013719737 0.007600040 0.043794893 0.028022870 0.007729316 0.020760573 0.011209968 0.018287163 0.010980340 0.000573960 0.023068812 0.002460664 0.024917234 0.014113640 0.000818063 0.003471036 0.021525456 0.000007375 0.069073930 0.033369862 0.029332023 0.015848704
0.057475738 0.033361197 0.028021850 0.011231611 0.030839579 0.026017277 0.022703117 0.017083922 0.030693732 0.008527065 0.012414908 0.008161236 0.006644734 0.017654773 0.054260910 0.061630473 0.035678975 0.004553793 0.026734330 0.013138447 0.041581821 0.026705263 0.058041155 0.022736803 0.016986363 0.009954719 0.026359571 0.033732779 0.048732460 0.022150164 0.025764409 0.005301217 0.034131847 0.034880314
0.051046025 0.024803285 0.011348700 0.025916988 0.019831106 0.017484758 0.001578557 0.005592602 0.008410732 0.012414908 -0.009821946 0.009897246 0.003750109 0.003833333 0.048615187 0.045224767 0.017719444 0.003993030 0.008596660 0.011353021 0.017321061 0.013373774 0.041458327 0.002975624 0.015461161 0.002573917 0.005985860 0.010245567 0.035890717 0.002535647 0.051567875 0.014666745 0.027735004 0.020818856
0.051847607 0.026113514 0.025144458 0.020771559 0.020526581 0.026907004 0.018359499 0.014238594 0.020641699 0.008161236 0.009897246 0.001124535 0.008721084 0.011849713 0.048745617 0.053265050 0.028523954 0.004082579 0.021682449 0.009232407 0.029719304 0.020390090 0.049481716 0.017679114 0.018135495 0.009986250 0.018445563 0.025462210 0.038367968 0.015583066 0.042401351 0.005930923 0.030686524 0.026369490
0.050169602 0.023942087 0.014439224 0.019824337 0.021522004 0.016042262 0.006101388 0.001646075 0.013719737 0.006644734 0.003750109 0.008721084 -0.014007756 0.004615868 0.049977947 0.050452832 0.018858565 0.008505882 0.012145137 0.006881173 0.020162780 0.009402336 0.043193996 0.004274671 0.006806262 0.003651855 0.005200239 0.014010511 0.037345886 0.004734425 0.041677389 0.009993952 0.029291952 0.023172777
0.042803533 0.016702263 0.008842525 0.026807424 0.013042303 0.013628262 0.002337089 -0.001185421 0.007600040 0.017654773 0.003833333 0.011849713 0.004615868 -0.013825335 0.036646448 0.039794978 0.011234660 0.005236764 0.005427783 0.011247622 0.010364519 0.012289844 0.034287941 0.005282044 0.006949058 0.007666068 0.001546446 0.009501286 0.026074018 0.001507905 0.046126679 0.009658579 0.026369713 0.014097705
0.027957963 0.040814567 0.027357314 0.060753763 0.029144056 0.040990807 0.036265507 0.039483450 0.043794893 0.054260910 0.048615187 0.048745617 0.049977947 0.036646448 0.016771032 0.015567259 0.028436376 0.053720765 0.030480310 0.050269011 0.039399143 0.043120816 0.034725010 0.036511637 0.038981326 0.052247107 0.042873167 0.033473440 0.027480584 0.040060025 0.068825632 0.066547260 0.037195068 0.025361864
0.023584822 0.030980233 0.016076764 0.075489044 0.027217614 0.039256692 0.030241605 0.034013044 0.028022870 0.061630473 0.045224767 0.053265050 0.050452832 0.039794978 0.015567259 -0.009201982 0.017461939 0.058414742 0.026380315 0.050550733 0.022894848 0.036310531 0.012373891 0.029682040 0.033923231 0.056814559 0.028643403 0.029171798 0.013630588 0.037254851 0.080429554 0.081131719 0.035447627 0.010660335
0.031814210 0.018020026 0.002669705 0.045207068 0.014239583 0.016343135 0.008360922 0.013519214 0.007729316 0.035678975 0.017719444 0.028523954 0.018858565 0.011234660 0.028436376 0.017461939 -0.009445707 0.026281465 0.010002984 0.024233533 0.009213530 0.014467241 0.014725126 0.007588088 0.021305235 0.023588676 0.008105460 0.007368998 0.012707645 0.011015165 0.066543646 0.038385209 0.013617693 0.013244124
0.054641258 0.023638947 0.020813147 0.017025791 0.017868087 0.022666249 0.013092022 0.009379990 0.020760573 0.004553793 0.003993030 0.004082579 0.008505882 0.005236764 0.053720765 0.058414742 0.026281465 -0.019926239 0.018058136 0.012396870 0.026429329 0.019322295 0.054365911 0.014417473 0.014016953 0.004904881 0.015164843 0.022108313 0.041797280 0.011847168 0.039715897 0.001051232 0.030057516 0.022707142
0.035320997 0.019201901 0.009220872 0.037009176 0.016285425 0.016041197 0.010512877 0.007976925 0.011209968 0.026734330 0.008596660 0.021682449 0.012145137 0.005427783 0.030480310 0.026380315 0.010002984 0.018058136 -0.009693457 0.021799706 0.013246054 0.012948006 0.026169376 0.011419335 0.016222812 0.016586382 0.009346791 0.012370730 0.016535837 0.009714101 0.054123539 0.026257271 0.022695016 0.009416798
0.052985676 0.033826254 0.019136513 0.029759239 0.027082955 0.026814912 0.007999561 0.010167827 0.018287163 0.013138447 0.011353021 0.009232407 0.006881173 0.011247622 0.050269011 0.050550733 0.024233533 0.012396870 0.021799706 0.000440936 0.027835021 0.022027295 0.052640013 0.013638680 0.011113083 0.016780183 0.014017444 0.025370039 0.039962061 0.015223099 0.051856320 0.019840980 0.040538259 0.026827315
0.039260466 0.024629304 0.003446920 0.055258214 0.012973716 0.023742460 0.003569958 0.010379392 0.010980340 0.041581821 0.017321061 0.029719304 0.020162780 0.010364519 0.039399143 0.022894848 0.009213530 0.026429329 0.013246054 0.027835021 -0.001895295 0.019463485 0.023064224 0.004523856 0.017575633 0.028741693 0.006447439 0.014064932 0.019757751 0.016489958 0.079066299 0.039265476 0.025911653 0.009521723
0.048408240 0.020778673 0.010610867 0.037261613 0.027802151 0.019541968 0.010688196 0.012059706 0.000573960 0.026705263 0.013373774 0.020390090 0.009402336 0.012289844 0.043120816 0.036310531 0.014467241 0.019322295 0.012948006 0.022027295 0.019463485 -0.020660605 0.030472068 0.001746417 0.023219118 0.012732915 0.011538178 0.016084403 0.027320074 0.011869900 0.063039549 0.030465528 0.023540065 0.020242730
0.029652650 0.040383756 0.016009776 0.068930268 0.027976235 0.035469819 0.028401610 0.033802710 0.023068812 0.058041155 0.041458327 0.049481716 0.043193996 0.034287941 0.034725010 0.012373891 0.014725126 0.054365911 0.026169376 0.052640013 0.023064224 0.030472068 0.004741929 0.025932634 0.036767628 0.050639749 0.026641283 0.028231673 0.021662278 0.031856753 0.082245596 0.078392342 0.030010968 0.017974956
0.038674019 0.017055459 0.001263711 0.031011928 0.015658682 0.013415396 -0.002538793 0.000955496 0.002460664 0.022736803 0.002975624 0.017679114 0.004274671 0.005282044 0.036511637 0.029682040 0.007588088 0.014417473 0.011419335 0.013638680 0.004523856 0.001746417 0.025932634 -0.002696742 0.012908041 0.010505529 -0.001634849 0.003434011 0.019529382 -0.000355058 0.051081333 0.022387236 0.019324433 0.012913194
0.048093852 -0.001527335 0.013954995 0.030252405 0.016155209 0.018993469 0.013761009 0.003910248 0.024917234 0.016986363 0.015461161 0.018135495 0.006806262 0.006949058 0.038981326 0.033923231 0.021305235 0.014016953 0.016222812 0.011113083 0.017575633 0.023219118 0.036767628 0.012908041 -0.040217482 0.013208378 0.011597918 0.013638544 0.036406629 0.016735211 0.054557111 0.013889508 0.034826741 0.017889703
0.052632738 0.020380173 0.020829815 0.029075863 0.024203889 0.026781380 0.011756439 0.009806415 0.014113640 0.009954719 0.002573917 0.009986250 0.003651855 0.007666068 0.052247107 0.056814559 0.023588676 0.004904881 0.016586382 0.016780183 0.028741693 0.012732915 0.050639749 0.010505529 0.013208378 -0.001945738 0.011774218 0.021327309 0.038416490 0.007612760 0.048854753 0.013989501 0.029152483 0.026124874
0.044067480 0.022004485 0.002885912 0.039631534 0.014625987 0.014487277 -0.001205496 0.000773368 0.000818063 0.026359571 0.005985860 0.018445563 0.005200239 0.001546446 0.042873167 0.028643403 0.008105460 0.015164843 0.009346791 0.014017444 0.006447439 0.011538178 0.026641283 -0.001634849 0.011597918 0.011774218 -0.006885257 0.003118663 0.025140515 -0.000952560 0.060732964 0.033958353 0.025296113 0.013107574
0.040575191 0.019475922 0.007282041 0.044076040 0.017515823 0.016571352 0.005506179 0.009655081 0.003471036 0.033732779 0.010245567 0.025462210 0.014010511 0.009501286 0.033473440 0.029171798 0.007368998 0.022108313 0.012370730 0.025370039 0.014064932 0.016084403 0.028231673 0.003434011 0.013638544 0.021327309 0.003118663 0.002072521 0.021469027 0.006799668 0.060485139 0.036767323 0.022533197 0.014689588
0.028808173 0.032291554 0.013130047 0.057387896 0.020890199 0.030955177 0.020739708 0.026986960 0.021525456 0.048732460 0.035890717 0.038367968 0.037345886 0.026074018 0.027480584 0.013630588 0.012707645 0.041797280 0.016535837 0.039962061 0.019757751 0.027320074 0.021662278 0.019529382 0.036406629 0.038416490 0.025140515 0.021469027 0.006297413 0.025026638 0.075686209 0.061572783 0.026984600 0.014741851
0.047321498 0.027262002 0.009243751 0.032883283 0.012460380 0.011222407 -0.002902078 0.003219925 0.000007375 0.022150164 0.002535647 0.015583066 0.004734425 0.001507905 0.040060025 0.037254851 0.011015165 0.011847168 0.009714101 0.015223099 0.016489958 0.011869900 0.031856753 -0.000355058 0.016735211 0.007612760 -0.000952560 0.006799668 0.025026638 -0.021287095 0.057549812 0.029728990 0.024196222 0.016627574
0.083926439 0.070562162 0.054219879 0.032671217 0.053027242 0.051277209 0.053744636 0.045177035 0.069073930 0.025764409 0.051567875 0.042401351 0.041677389 0.046126679 0.068825632 0.080429554 0.066543646 0.039715897 0.054123539 0.051856320 0.079066299 0.063039549 0.082245596 0.051081333 0.054557111 0.048854753 0.060732964 0.060485139 0.075686209 0.057549812 0.001586609 0.055713527 0.068730853 0.054332606
0.073160626 0.021183793 0.028496064 0.015488576 0.028295569 0.029014587 0.024275377 0.017427336 0.033369862 0.005301217 0.014666745 0.005930923 0.009993952 0.009658579 0.066547260 0.081131719 0.038385209 0.001051232 0.026257271 0.019840980 0.039265476 0.030465528 0.078392342 0.022387236 0.013889508 0.013989501 0.033958353 0.036767323 0.061572783 0.029728990 0.055713527 -0.034074917 0.049089033 0.032095727
0.041289099 0.022222832 0.020166252 0.044786263 0.027658347 0.030804142 0.027100971 0.030336412 0.029332023 0.034131847 0.027735004 0.030686524 0.029291952 0.026369713 0.037195068 0.035447627 0.013617693 0.030057516 0.022695016 0.040538259 0.025911653 0.023540065 0.030010968 0.019324433 0.034826741 0.029152483 0.025296113 0.022533197 0.026984600 0.024196222 0.068730853 0.049089033 -0.019389078 0.026768183
0.024905603 0.023577057 0.004365819 0.042039853 0.012094609 0.020443652 0.011185706 0.016229106 0.015848704 0.034880314 0.020818856 0.026369490 0.023172777 0.014097705 0.025361864 0.010660335 0.013244124 0.022707142 0.009416798 0.026827315 0.009521723 0.020242730 0.017974956 0.012913194 0.017889703 0.026124874 0.013107574 0.014689588 0.014741851 0.016627574 0.054332606 0.032095727 0.026768183 -0.009295272
