0.018254125 0.050608195 0.019742554 0.080471873 0.021432368 0.035797153 0.032441162 0.037052751 0.042979158 0.057306699 0.046094120 0.066997841 0.046911251 0.039731123 0.028588984 0.021415964 0.029150184 0.060980283 0.035446495 0.057862248 0.025687538 0.043205738 0.019407842 0.037674595 0.047750991 0.045256611 0.041559730 0.030064430 0.018144721 0.044522330 0.077194393 0.058466181 0.043828499 0.021038685
0.050608195 -0.053388238 0.017412223 0.059590559 0.020556126 0.019634970 0.021441361 0.018478364 0.033618126 0.037851878 0.024243690 0.043299958 0.026329476 0.021032711 0.042777732 0.030177889 0.021310991 0.033690408 0.024014477 0.040227085 0.021679703 0.020889807 0.037391786 0.019356020 0.006422111 0.023051146 0.027512452 0.018447483 0.029079936 0.031318054 0.070540592 0.033390641 0.024196802 0.026836738
0.019742554 0.017412223 -0.001598564 0.047613323 0.006699750 0.005960147 -0.000663455 0.003208162 0.004513467 0.032722149 0.010680025 0.040754721 0.014107053 0.016097156 0.029722745 0.016264733 -0.000647865 0.026553048 0.009987167 0.021732103 0.002435375 0.011888817 0.016855380 0.001008497 0.018230729 0.023449132 0.001430442 0.008262785 0.011617383 0.011695687 0.053382140 0.041828033 0.025585912 0.010844111
0.080471873 0.059590559 0.047613323 0.024505369 0.042111553 0.033737734 0.035889346 0.033184003 0.051624194 0.014056718 0.035768371 0.036747620 0.033991866 0.027612405 0.082070388 0.073270284 0.059543256 0.041787967 0.053581178 0.037824877 0.053502366 0.043495394 0.064506173 0.036841817 0.039932247 0.027226914 0.047104456 0.043285195 0.067592114 0.041559704 0.045544364 0.029062940 0.057833940 0.053212743
0.021432368 0.020556126 0.006699750 0.042111553 -0.013981981 0.011923238 0.009330102 0.015565271 0.019255543 0.030412726 0.019334065 0.034746327 0.021541107 0.017368320 0.026059544 0.022152938 0.007401412 0.024831718 0.015548453 0.026731338 0.010301393 0.022162221 0.015539482 0.014674703 0.025588829 0.023283998 0.011996632 0.010895623 0.010290411 0.010007655 0.050367277 0.043348849 0.022017175 0.018743847
0.035797153 0.019634970 0.005960147 0.033737734 0.011923238 -0.025420561 0.002325848 0.002520745 0.005324378 0.022006743 0.007757874 0.030104261 0.006275344 0.008805513 0.037258733 0.030150095 0.006587959 0.020261725 0.006298060 0.018499736 0.004089447 0.010949638 0.026084188 0.005709874 0.022607544 0.018331224 0.004119424 0.002798150 0.018925004 0.003654313 0.045883376 0.027106861 0.022982989 0.016834680
0.032441162 0.021441361 -0.000663455 0.035889346 0.009330102 0.002325848 -0.014306230 -0.003533321 0.002296689 0.022993740 0.000492064 0.028051058 0.004353154 0.007348605 0.036752850 0.029022394 0.006313806 0.017883588 0.009923290 0.008653441 0.004232973 0.008853831 0.026066750 -0.002230119 0.019475665 0.012709532 -0.002537807 0.004267490 0.016848326 -0.003009295 0.049060348 0.035452567 0.025182141 0.017380569
0.037052751 0.018478364 0.003208162 0.033184003 0.015565271 0.002520745 -0.003533321 -0.002808659 0.007040282 0.017711574 0.003277260 0.026356399 -0.001407957 0.004148174 0.038759295 0.032615513 0.011689499 0.015081084 0.006564582 0.012707194 0.008989304 0.008805186 0.029613789 0.000956524 0.010858227 0.010461991 -0.000468482 0.006236549 0.021125982 0.002524094 0.039855350 0.026731238 0.027489489 0.021826422
0.042979158 0.033618126 0.004513467 0.051624194 0.019255543 0.005324378 0.002296689 0.007040282 -0.001518968 0.031089481 0.010457676 0.032806858 0.016385157 0.006981747 0.045545690 0.024351671 0.008148789 0.028355878 0.013809077 0.020775627 0.010368692 -0.001310956 0.013860943 0.002902925 0.029223155 0.012225904 0.000314902 -0.000838150 0.019047705 0.000564624 0.066220507 0.040709749 0.030797996 0.018481709
0.057306699 0.037851878 0.032722149 0.014056718 0.030412726 0.022006743 0.022993740 0.017711574 0.031089481 0.003092627 0.019552285 0.013084411 0.013755690 0.016053263 0.060701281 0.054264899 0.041336797 0.018908508 0.034258828 0.009204719 0.036275677 0.024151964 0.049925528 0.021958973 0.024656482 0.006643408 0.030169576 0.030881127 0.048687905 0.025682705 0.027401527 0.012727669 0.032500140 0.038221948
0.046094120 0.024243690 0.010680025 0.035768371 0.019334065 0.007757874 0.000492064 0.003277260 0.010457676 0.019552285 -0.015479011 0.027698614 0.000815438 0.007202816 0.047432303 0.043942906 0.015849920 0.010924845 0.006070888 0.014106040 0.013596085 0.010814272 0.036840752 0.006091953 0.020675329 0.001337482 0.005114654 0.004088320 0.029202448 0.000912612 0.045735043 0.020019583 0.025876891 0.024475796
0.066997841 0.043299958 0.040754721 0.036747620 0.034746327 0.030104261 0.028051058 0.026356399 0.032806858 0.013084411 0.027698614 0.012525558 0.029376872 0.018835908 0.070910186 0.056218471 0.046464838 0.031506911 0.041961014 0.020619564 0.040427752 0.032570913 0.050183143 0.026697656 0.034902681 0.018592713 0.032638807 0.034271162 0.053072747 0.031043548 0.060595840 0.036099277 0.040481642 0.044187583
0.046911251 0.026329476 0.014107053 0.033991866 0.021541107 0.006275344 0.004353154 -0.001407957 0.016385157 0.013755690 0.000815438 0.029376872 -0.015252011 0.005756046 0.050385136 0.048078444 0.017315116 0.015200743 0.011934702 0.014189115 0.018524526 0.008191061 0.037755877 0.006340983 0.014062396 0.001567970 0.002662227 0.009964589 0.033277780 0.003642155 0.036643639 0.016022030 0.032333456 0.026197080
0.039731123 0.021032711 0.016097156 0.027612405 0.017368320 0.008805513 0.007348605 0.004148174 0.006981747 0.016053263 0.007202816 0.018835908 0.005756046 -0.002902187 0.042732976 0.040375464 0.016142182 0.017373864 0.010775300 0.007802932 0.008680290 0.012261992 0.034910873 0.006512420 0.019835949 0.012724549 0.007309403 0.010432942 0.026555546 0.006387347 0.049104489 0.030053893 0.020438801 0.026401965
0.028588984 0.042777732 0.029722745 0.082070388 0.026059544 0.037258733 0.036752850 0.038759295 0.045545690 0.060701281 0.047432303 0.070910186 0.050385136 0.042732976 0.012545312 0.016246820 0.028927412 0.064836025 0.032599516 0.058985494 0.030854516 0.043495405 0.033772126 0.038824268 0.042433809 0.051976971 0.047511637 0.029694414 0.023904601 0.043199535 0.069310695 0.067341253 0.044176172 0.027937546
0.021415964 0.030177889 0.016264733 0.073270284 0.022152938 0.030150095 0.029022394 0.032615513 0.024351671 0.054264899 0.043942906 0.056218471 0.048078444 0.040375464 0.016246820 -0.013502080 0.018202534 0.065969750 0.028205274 0.038040590 0.013554160 0.033269946 0.005218437 0.027668305 0.037089758 0.053138606 0.028738048 0.023118801 0.008928344 0.038297467 0.078912243 0.077807315 0.030626198 0.012485697
0.029150184 0.021310991 -0.000647865 0.059543256 0.007401412 0.006587959 0.006313806 0.011689499 0.008148789 0.041336797 0.015849920 0.046464838 0.017315116 0.016142182 0.028927412 0.018202534 -0.015204688 0.032164119 0.008746805 0.029518023 0.004902850 0.015433844 0.014367043 0.007669181 0.023324022 0.025042035 0.006333476 0.006339497 0.005568551 0.011586035 0.065574616 0.043902572 0.020302791 0.015338928
0.060980283 0.033690408 0.026553048 0.041787967 0.024831718 0.020261725 0.017883588 0.015081084 0.028355878 0.018908508 0.010924845 0.031506911 0.015200743 0.017373864 0.064836025 0.065969750 0.032164119 -0.005556457 0.023714483 0.032059290 0.033113115 0.024427382 0.059171788 0.021326555 0.026374388 0.012790589 0.020385878 0.026335839 0.044919513 0.018501684 0.047914535 0.027026063 0.044317536 0.036852781
0.035446495 0.024014477 0.009987167 0.053581178 0.015548453 0.006298060 0.009923290 0.006564582 0.013809077 0.034258828 0.006070888 0.041961014 0.011934702 0.010775300 0.032599516 0.028205274 0.008746805 0.023714483 -0.008991975 0.029982246 0.012459259 0.015094223 0.026896086 0.013240933 0.019650180 0.019374453 0.009652150 0.013495270 0.013745145 0.012476591 0.053790700 0.035490982 0.030690374 0.013577535
0.057862248 0.040227085 0.021732103 0.037824877 0.026731338 0.018499736 0.008653441 0.012707194 0.020775627 0.009204719 0.014106040 0.020619564 0.014189115 0.007802932 0.058985494 0.038040590 0.029518023 0.032059290 0.029982246 0.000600767 0.026905488 0.017193383 0.031757921 0.015118811 0.023140067 0.011418536 0.014326637 0.015678037 0.040114835 0.015040076 0.050482009 0.036397483 0.036670558 0.033388928
0.025687538 0.021679703 0.002435375 0.053502366 0.010301393 0.004089447 0.004232973 0.008989304 0.010368692 0.036275677 0.013596085 0.040427752 0.018524526 0.008680290 0.030854516 0.013554160 0.004902850 0.033113115 0.012459259 0.026905488 0.000288320 0.010673789 0.007170329 0.004620893 0.026883587 0.023430884 0.003097814 0.006639958 0.006988481 0.011917219 0.058317687 0.039444774 0.015380822 0.011204875
0.043205738 0.020889807 0.011888817 0.043495394 0.022162221 0.010949638 0.008853831 0.008805186 -0.001310956 0.024151964 0.010814272 0.032570913 0.008191061 0.012261992 0.043495405 0.033269946 0.015433844 0.024427382 0.015094223 0.017193383 0.010673789 -0.022046518 0.026269391 0.000269889 0.023811040 0.011327943 0.012829400 0.011868378 0.021699984 0.013466939 0.060957216 0.028233372 0.022274962 0.019864172
0.019407842 0.037391786 0.016855380 0.064506173 0.015539482 0.026084188 0.026066750 0.029613789 0.013860943 0.049925528 0.036840752 0.050183143 0.037755877 0.034910873 0.033772126 0.005218437 0.014367043 0.059171788 0.026896086 0.031757921 0.007170329 0.026269391 0.001016118 0.020828603 0.036026958 0.046308786 0.026798766 0.021083709 0.016598763 0.032523081 0.079517849 0.066183411 0.019910621 0.018944399
0.037674595 0.019356020 0.001008497 0.036841817 0.014674703 0.005709874 -0.002230119 0.000956524 0.002902925 0.021958973 0.006091953 0.026697656 0.006340983 0.006512420 0.038824268 0.027668305 0.007669181 0.021326555 0.013240933 0.015118811 0.004620893 0.000269889 0.020828603 -0.003061254 0.017977716 0.009186745 -0.002152966 0.000481733 0.017631546 0.000726733 0.049093578 0.029693833 0.019463144 0.017299058
0.047750991 0.006422111 0.018230729 0.039932247 0.025588829 0.022607544 0.019475665 0.010858227 0.029223155 0.024656482 0.020675329 0.034902681 0.014062396 0.019835949 0.042433809 0.037089758 0.023324022 0.026374388 0.019650180 0.023140067 0.026883587 0.023811040 0.036026958 0.017977716 -0.022312446 0.018698892 0.015634570 0.016740885 0.037460923 0.020903140 0.053022347 0.040596966 0.034499139 0.031113330
0.045256611 0.023051146 0.023449132 0.027226914 0.023283998 0.018331224 0.012709532 0.010461991 0.012225904 0.006643408 0.001337482 0.018592713 0.001567970 0.012724549 0.051976971 0.053138606 0.025042035 0.012790589 0.019374453 0.011418536 0.023430884 0.011327943 0.046308786 0.009186745 0.018698892 0.000783093 0.013356953 0.019863872 0.034574576 0.009501911 0.047372963 0.024996320 0.026549395 0.029687176
0.041559730 0.027512452 0.001430442 0.047104456 0.011996632 0.004119424 -0.002537807 -0.000468482 0.000314902 0.030169576 0.005114654 0.032638807 0.002662227 0.007309403 0.047511637 0.028738048 0.006333476 0.020385878 0.009652150 0.014326637 0.003097814 0.012829400 0.026798766 -0.002152966 0.015634570 0.013356953 -0.004978265 0.002331878 0.021594368 0.000590426 0.062168628 0.046787787 0.032299455 0.018886155
0.030064430 0.018447483 0.008262785 0.043285195 0.010895623 0.002798150 0.004267490 0.006236549 -0.000838150 0.030881127 0.004088320 0.034271162 0.009964589 0.010432942 0.029694414 0.023118801 0.006339497 0.026335839 0.013495270 0.015678037 0.006639958 0.011868378 0.021083709 0.000481733 0.016740885 0.019863872 0.002331878 -0.002023578 0.013629320 0.006162532 0.053495318 0.035856873 0.013939738 0.013121376
0.018144721 0.029079936 0.011617383 0.067592114 0.010290411 0.018925004 0.016848326 0.021125982 0.019047705 0.048687905 0.029202448 0.053072747 0.033277780 0.026555546 0.023904601 0.008928344 0.005568551 0.044919513 0.013745145 0.040114835 0.006988481 0.021699984 0.016598763 0.017631546 0.037460923 0.034574576 0.021594368 0.013629320 -0.004461374 0.021715632 0.066840902 0.054290570 0.025038710 0.013825600
0.044522330 0.031318054 0.011695687 0.041559704 0.010007655 0.003654313 -0.003009295 0.002524094 0.000564624 0.025682705 0.000912612 0.031043548 0.003642155 0.006387347 0.043199535 0.038297467 0.011586035 0.018501684 0.012476591 0.015040076 0.011917219 0.013466939 0.032523081 0.000726733 0.020903140 0.009501911 0.000590426 0.006162532 0.021715632 -0.018535502 0.058117196 0.036270443 0.029341092 0.019133288
0.077194393 0.070540592 0.053382140 0.045544364 0.050367277 0.045883376 0.049060348 0.039855350 0.066220507 0.027401527 0.045735043 0.060595840 0.036643639 0.049104489 0.069310695 0.078912243 0.065574616 0.047914535 0.053790700 0.050482009 0.058317687 0.060957216 0.079517849 0.049093578 0.053022347 0.047372963 0.062168628 0.053495318 0.066840902 0.058117196 0.006023115 0.049572557 0.073547825 0.051453348
0.058466181 0.033390641 0.041828033 0.029062940 0.043348849 0.027106861 0.035452567 0.026731238 0.040709749 0.012727669 0.020019583 0.036099277 0.016022030 0.030053893 0.067341253 0.077807315 0.043902572 0.027026063 0.035490982 0.036397483 0.039444774 0.028233372 0.066183411 0.029693833 0.040596966 0.024996320 0.046787787 0.035856873 0.054290570 0.036270443 0.049572557 0.005261846 0.039594911 0.048289850
0.043828499 0.024196802 0.025585912 0.057833940 0.022017175 0.022982989 0.025182141 0.027489489 0.030797996 0.032500140 0.025876891 0.040481642 0.032333456 0.020438801 0.044176172 0.030626198 0.020302791 0.044317536 0.030690374 0.036670558 0.015380822 0.022274962 0.019910621 0.019463144 0.034499139 0.026549395 0.032299455 0.013939738 0.025038710 0.029341092 0.073547825 0.039594911 -0.027627662 0.022938911
0.021038685 0.026836738 0.010844111 0.053212743 0.018743847 0.016834680 0.017380569 0.021826422 0.018481709 0.038221948 0.024475796 0.044187583 0.026197080 0.026401965 0.027937546 0.012485697 0.015338928 0.036852781 0.013577535 0.033388928 0.011204875 0.019864172 0.018944399 0.017299058 0.031113330 0.029687176 0.018886155 0.013121376 0.013825600 0.019133288 0.051453348 0.048289850 0.022938911 0.003804728
