0.016441550 0.058839209 0.023416730 0.068735570 0.025405208 0.037451461 0.036308412 0.039781563 0.041863889 0.056400396 0.048522733 0.059274148 0.050614078 0.043064378 0.039457902 0.017312411 0.032953400 0.066387936 0.043416802 0.054961588 0.023663677 0.044996027 0.019624511 0.038919169 0.054157004 0.059393235 0.045928381 0.034373973 0.023480341 0.048303399 0.089320317 0.070826024 0.036738798 0.024482042
0.058839209 -0.037009984 0.020054732 0.056058474 0.028738122 0.025653232 0.024778262 0.025515933 0.035450112 0.040945329 0.030617468 0.043844044 0.032293424 0.027127152 0.056324586 0.033860803 0.024780113 0.041564003 0.031324640 0.048903283 0.025168790 0.022910994 0.040625311 0.024323830 0.019447289 0.031829879 0.029168684 0.021454951 0.040668070 0.032927319 0.077307336 0.041722741 0.026133962 0.032355428
0.023416730 0.020054732 -0.001236054 0.040206697 0.010059641 0.004914082 -0.000209005 0.003946504 0.004286952 0.027452467 0.011821537 0.033576645 0.016351331 0.012650467 0.028682893 0.012918189 -0.000456296 0.031644262 0.015325243 0.019466326 0.002006226 0.006321939 0.008836979 0.001395404 0.021553883 0.019113079 0.003173996 0.003528337 0.008427828 0.007650169 0.047656100 0.037709348 0.013875160 0.005837080
0.068735570 0.056058474 0.040206697 0.010824032 0.046198949 0.033646140 0.033566590 0.032673188 0.042372599 0.012737453 0.031547502 0.032684673 0.025448013 0.036907934 0.077590607 0.073279791 0.046539582 0.034237012 0.044876315 0.034086861 0.047289871 0.033126712 0.064844295 0.033004746 0.049371045 0.031329658 0.041238070 0.040029213 0.065437607 0.031167515 0.031380408 0.030831549 0.047624215 0.050389681
0.025405208 0.028738122 0.010059641 0.046198949 -0.010680769 0.013202032 0.009909096 0.016269015 0.021007419 0.034395404 0.020640383 0.035851140 0.023844695 0.018178616 0.029286994 0.014354995 0.012826215 0.042125627 0.027799375 0.028302005 0.011831978 0.020835005 0.003343276 0.015523829 0.031970449 0.024112355 0.013326335 0.011206033 0.010188581 0.015123423 0.044535898 0.050534323 0.011658739 0.014072056
0.037451461 0.025653232 0.004914082 0.033646140 0.013202032 -0.025443524 0.000795144 0.002999936 0.004309129 0.021872045 0.008686103 0.028756509 0.008388964 0.007577277 0.039965808 0.022091208 0.006224858 0.031352725 0.013349644 0.014429117 0.002175085 0.006781568 0.015819555 0.004785431 0.027043324 0.013964026 0.002800004 -0.000903498 0.021685351 0.004680063 0.040354319 0.031041322 0.019217845 0.012660371
0.036308412 0.024778262 -0.000209005 0.033566590 0.009909096 0.000795144 -0.013097232 -0.002063476 0.002618128 0.020812649 0.005745790 0.025107777 0.010921575 0.004907411 0.034823265 0.024692124 0.006718939 0.024481218 0.015434684 0.007566138 0.004017132 0.004240355 0.018668085 -0.002708789 0.021662574 0.007956994 -0.001166296 0.000145987 0.017852314 -0.005406991 0.043851711 0.032826468 0.015902601 0.012831690
0.039781563 0.025515933 0.003946504 0.032673188 0.016269015 0.002999936 -0.002063476 -0.002396945 0.007685293 0.018022690 0.007608558 0.024638075 0.007289052 0.002447221 0.041871578 0.025363214 0.013876798 0.027070828 0.016211560 0.010554501 0.008957647 0.006886018 0.020844437 0.001207022 0.017429225 0.008907542 0.000248493 0.004852638 0.024390189 0.004684115 0.037034057 0.030301010 0.022283178 0.017987551
0.041863889 0.035450112 0.004286952 0.042372599 0.021007419 0.004309129 0.002618128 0.007685293 -0.001523010 0.029549278 0.009602034 0.030234110 0.015759829 0.011609020 0.043658368 0.023158085 0.003592355 0.030728724 0.016429164 0.016165299 0.007628999 -0.004513921 0.014805364 0.002259992 0.029365644 0.011664409 -0.000200077 -0.001055637 0.018857937 -0.003193054 0.059373878 0.042161733 0.022554167 0.016249917
0.056400396 0.040945329 0.027452467 0.012737453 0.034395404 0.021872045 0.020812649 0.018022690 0.029549278 0.007342691 0.014492359 0.018779308 0.010077087 0.022857210 0.061621189 0.056476325 0.033733614 0.017989267 0.031535778 0.015900884 0.036704510 0.021206431 0.050310746 0.022588478 0.032683671 0.010952350 0.025830235 0.028955534 0.050389238 0.019109022 0.019894347 0.017876269 0.032230966 0.037445370
0.048522733 0.030617468 0.011821537 0.031547502 0.020640383 0.008686103 0.005745790 0.007608558 0.009602034 0.014492359 -0.000598805 0.021533020 0.011033655 0.011030682 0.052344844 0.036975745 0.018150557 0.024950793 0.019532230 0.011851897 0.013583228 0.011378967 0.028712913 0.007562387 0.025197204 0.007687030 0.008404505 0.005458028 0.033568330 0.007173000 0.048268512 0.024111252 0.018533327 0.022065988
0.059274148 0.043844044 0.033576645 0.032684673 0.035851140 0.028756509 0.025107777 0.024638075 0.030234110 0.018779308 0.021533020 0.022101050 0.022016253 0.025934361 0.065918416 0.056906007 0.034679305 0.025271244 0.035322115 0.026885543 0.039485291 0.022738324 0.050909460 0.026053045 0.038276132 0.018755924 0.025608400 0.031992629 0.047925569 0.022142950 0.042421948 0.036808215 0.038299829 0.040533420
0.050614078 0.032293424 0.016351331 0.025448013 0.023844695 0.008388964 0.010921575 0.007289052 0.015759829 0.010077087 0.011033655 0.022016253 -0.006419173 0.013767118 0.053739011 0.046901062 0.021176878 0.025103677 0.021375034 0.013815849 0.018531060 0.009656115 0.036066104 0.009663349 0.023330048 0.011079037 0.010090879 0.011272093 0.037373014 0.007873841 0.042721413 0.022948749 0.024500594 0.025710434
0.043064378 0.027127152 0.012650467 0.036907934 0.018178616 0.007577277 0.004907411 0.002447221 0.011609020 0.022857210 0.011030682 0.025934361 0.013767118 -0.006417237 0.044410646 0.033267461 0.014087532 0.027216084 0.016776035 0.019599674 0.013447287 0.009415023 0.022896655 0.008648369 0.025086939 0.012098817 0.004647778 0.009152221 0.026207160 0.005834971 0.041205682 0.032225728 0.020529911 0.019481011
0.039457902 0.056324586 0.028682893 0.077590607 0.029286994 0.039965808 0.034823265 0.041871578 0.043658368 0.061621189 0.052344844 0.065918416 0.053739011 0.044410646 0.032004435 0.010857934 0.036147811 0.079714738 0.045187578 0.057901073 0.028559551 0.047808845 0.023162967 0.038234826 0.048601095 0.066763334 0.044438731 0.029897954 0.031130021 0.051259339 0.083599381 0.083126009 0.046755128 0.029325558
0.017312411 0.033860803 0.012918189 0.073279791 0.014354995 0.022091208 0.024692124 0.025363214 0.023158085 0.056476325 0.036975745 0.056906007 0.046901062 0.033267461 0.010857934 -0.017003652 0.014411600 0.061978608 0.029732388 0.042580068 0.013351701 0.028318580 -0.001256114 0.025781423 0.036181603 0.053279500 0.024853604 0.021016255 -0.000784395 0.032459270 0.071877189 0.069328025 0.022881225 0.002603217
0.032953400 0.024780113 -0.000456296 0.046539582 0.012826215 0.006224858 0.006718939 0.013876798 0.003592355 0.033733614 0.018150557 0.034679305 0.021176878 0.014087532 0.036147811 0.014411600 -0.011446920 0.036848281 0.015493178 0.025334327 0.000758725 0.010236458 0.007933995 0.005271779 0.030920818 0.023724228 0.006960663 0.001536963 0.013073540 0.008107495 0.065047637 0.041846670 0.008646627 0.014680598
0.066387936 0.041564003 0.031644262 0.034237012 0.042125627 0.031352725 0.024481218 0.027070828 0.030728724 0.017989267 0.024950793 0.025271244 0.025103677 0.027216084 0.079714738 0.061978608 0.036848281 0.014864115 0.035299666 0.035576474 0.036241248 0.024850257 0.056169849 0.026140915 0.043415524 0.019587390 0.025974080 0.028117020 0.059146013 0.023642737 0.047035024 0.044768259 0.040667467 0.045865297
0.043416802 0.031324640 0.015325243 0.044876315 0.027799375 0.013349644 0.015434684 0.016211560 0.016429164 0.031535778 0.019532230 0.035322115 0.021375034 0.016776035 0.045187578 0.029732388 0.015493178 0.035299666 0.003423329 0.032032214 0.014870334 0.013817861 0.027894817 0.017628210 0.034695517 0.023340214 0.015942406 0.013863593 0.025010439 0.013919932 0.056949548 0.045246229 0.026505828 0.020885203
0.054961588 0.048903283 0.019466326 0.034086861 0.028302005 0.014429117 0.007566138 0.010554501 0.016165299 0.015900884 0.011851897 0.026885543 0.013815849 0.019599674 0.057901073 0.042580068 0.025334327 0.035576474 0.032032214 -0.000443867 0.023361173 0.013882346 0.037975334 0.014012900 0.030944102 0.013683576 0.014233221 0.018566608 0.038272627 0.010083044 0.045203637 0.036541075 0.031466518 0.028556366
0.023663677 0.025168790 0.002006226 0.047289871 0.011831978 0.002175085 0.004017132 0.008957647 0.007628999 0.036704510 0.013583228 0.039485291 0.018531060 0.013447287 0.028559551 0.013351701 0.000758725 0.036241248 0.014870334 0.023361173 -0.003547796 0.006533193 0.009256664 0.003854382 0.029404577 0.020398792 0.004003938 0.005207667 0.003699712 0.008367040 0.050713163 0.040267620 0.008954823 0.007734113
0.044996027 0.022910994 0.006321939 0.033126712 0.020835005 0.006781568 0.004240355 0.006886018 -0.004513921 0.021206431 0.011378967 0.022738324 0.009656115 0.009415023 0.047808845 0.028318580 0.010236458 0.024850257 0.013817861 0.013882346 0.006533193 -0.029534485 0.020305574 -0.002280893 0.027793203 0.008312708 0.007740682 0.006188726 0.020923391 0.006003453 0.056507893 0.025115278 0.015344290 0.014929925
0.019624511 0.040625311 0.008836979 0.064844295 0.003343276 0.015819555 0.018668085 0.020844437 0.014805364 0.050310746 0.028712913 0.050909460 0.036066104 0.022896655 0.023162967 -0.001256114 0.007933995 0.056169849 0.027894817 0.037975334 0.009256664 0.020305574 -0.015390009 0.018654874 0.033484217 0.046124004 0.019367982 0.016989108 -0.001013079 0.025862154 0.074861228 0.056132324 0.014582325 0.000514653
0.038919169 0.024323830 0.001395404 0.033004746 0.015523829 0.004785431 -0.002708789 0.001207022 0.002259992 0.022588478 0.007562387 0.026053045 0.009663349 0.008648369 0.038234826 0.025781423 0.005271779 0.026140915 0.017628210 0.014012900 0.003854382 -0.002280893 0.018654874 -0.002656639 0.021259325 0.008900981 -0.001998425 -0.000086757 0.018075747 -0.000981876 0.045371920 0.032529138 0.013534132 0.014263541
0.054157004 0.019447289 0.021553883 0.049371045 0.031970449 0.027043324 0.021662574 0.017429225 0.029365644 0.032683671 0.025197204 0.038276132 0.023330048 0.025086939 0.048601095 0.036181603 0.030920818 0.043415524 0.034695517 0.030944102 0.029404577 0.027793203 0.033484217 0.021259325 -0.007437099 0.025190797 0.021562964 0.021264900 0.043394681 0.026998995 0.058804952 0.050572515 0.032799348 0.032453865
0.059393235 0.031829879 0.019113079 0.031329658 0.024112355 0.013964026 0.007956994 0.008907542 0.011664409 0.010952350 0.007687030 0.018755924 0.011079037 0.012098817 0.066763334 0.053279500 0.023724228 0.019587390 0.023340214 0.013683576 0.020398792 0.008312708 0.046124004 0.008900981 0.025190797 -0.009193785 0.010366357 0.016167382 0.042029075 0.004080608 0.047195427 0.024272330 0.028642714 0.027941398
0.045928381 0.029168684 0.003173996 0.041238070 0.013326335 0.002800004 -0.001166296 0.000248493 -0.000200077 0.025830235 0.008404505 0.025608400 0.010090879 0.004647778 0.044438731 0.024853604 0.006960663 0.025974080 0.015942406 0.014233221 0.004003938 0.007740682 0.019367982 -0.001998425 0.021562964 0.010366357 -0.010265116 -0.000819006 0.023543604 -0.003018696 0.057153750 0.040902302 0.018241156 0.013770629
0.034373973 0.021454951 0.003528337 0.040029213 0.011206033 -0.000903498 0.000145987 0.004852638 -0.001055637 0.028955534 0.005458028 0.031992629 0.011272093 0.009152221 0.029897954 0.021016255 0.001536963 0.028117020 0.013863593 0.018566608 0.005207667 0.006188726 0.016989108 -0.000086757 0.021264900 0.016167382 -0.000819006 -0.006199129 0.014324851 -0.000772444 0.046215814 0.034530811 0.013041256 0.009051513
0.023480341 0.040668070 0.008427828 0.065437607 0.010188581 0.021685351 0.017852314 0.024390189 0.018857937 0.050389238 0.033568330 0.047925569 0.037373014 0.026207160 0.031130021 -0.000784395 0.013073540 0.059146013 0.025010439 0.038272627 0.003699712 0.020923391 -0.001013079 0.018075747 0.043394681 0.042029075 0.023543604 0.014324851 -0.007336465 0.027222998 0.075994492 0.065756850 0.022631574 0.009931889
0.048303399 0.032927319 0.007650169 0.031167515 0.015123423 0.004680063 -0.005406991 0.004684115 -0.003193054 0.019109022 0.007173000 0.022142950 0.007873841 0.005834971 0.051259339 0.032459270 0.008107495 0.023642737 0.013919932 0.010083044 0.008367040 0.006003453 0.025862154 -0.000981876 0.026998995 0.004080608 -0.003018696 -0.000772444 0.027222998 -0.024673495 0.052120380 0.039405957 0.023601335 0.019801997
0.089320317 0.077307336 0.047656100 0.031380408 0.044535898 0.040354319 0.043851711 0.037034057 0.059373878 0.019894347 0.048268512 0.042421948 0.042721413 0.041205682 0.083599381 0.071877189 0.065047637 0.047035024 0.056949548 0.045203637 0.050713163 0.056507893 0.074861228 0.045371920 0.058804952 0.047195427 0.057153750 0.046215814 0.075994492 0.052120380 0.007651459 0.044837754 0.065555304 0.045625016
0.070826024 0.041722741 0.037709348 0.030831549 0.050534323 0.031041322 0.032826468 0.030301010 0.042161733 0.017876269 0.024111252 0.036808215 0.022948749 0.032225728 0.083126009 0.069328025 0.041846670 0.044768259 0.045246229 0.036541075 0.040267620 0.025115278 0.056132324 0.032529138 0.050572515 0.024272330 0.040902302 0.034530811 0.065756850 0.039405957 0.044837754 0.014066920 0.041924842 0.048263472
0.036738798 0.026133962 0.013875160 0.047624215 0.011658739 0.019217845 0.015902601 0.022283178 0.022554167 0.032230966 0.018533327 0.038299829 0.024500594 0.020529911 0.046755128 0.022881225 0.008646627 0.040667467 0.026505828 0.031466518 0.008954823 0.015344290 0.014582325 0.013534132 0.032799348 0.028642714 0.018241156 0.013041256 0.022631574 0.023601335 0.065555304 0.041924842 -0.025957853 0.016632996
0.024482042 0.032355428 0.005837080 0.050389681 0.014072056 0.012660371 0.012831690 0.017987551 0.016249917 0.037445370 0.022065988 0.040533420 0.025710434 0.019481011 0.029325558 0.002603217 0.014680598 0.045865297 0.020885203 0.028556366 0.007734113 0.014929925 0.000514653 0.014263541 0.032453865 0.027941398 0.013770629 0.009051513 0.009931889 0.019801997 0.045625016 0.048263472 0.016632996 -0.006214224
