0.017045017 0.055421643 0.020531602 0.066035584 0.025294468 0.036116086 0.034398824 0.038894355 0.043259181 0.056227311 0.047443185 0.064621776 0.052500974 0.041980483 0.033601206 0.017601160 0.029936340 0.063755922 0.041197516 0.062754408 0.027209170 0.043712519 0.018644432 0.039962593 0.054498464 0.045472436 0.042358790 0.031121457 0.017453548 0.045767438 0.077686578 0.063543044 0.034293637 0.021999823
0.055421643 -0.040583078 0.019709103 0.060526479 0.027854724 0.021807957 0.024522992 0.021815676 0.038233660 0.045660231 0.026639599 0.052617557 0.033536553 0.027408594 0.050368093 0.032658145 0.024958480 0.038535792 0.030829523 0.056084186 0.027532797 0.025528150 0.040356450 0.024904713 0.015049945 0.027592257 0.029282406 0.023638371 0.033052698 0.035748642 0.074655026 0.041659530 0.029254347 0.031094622
0.020531602 0.019709103 -0.001319711 0.042157724 0.006952902 0.004591804 -0.000278352 0.003609331 0.004747634 0.029434983 0.010421136 0.037148926 0.015171391 0.013587429 0.027772481 0.011879800 -0.000777671 0.030502547 0.014645830 0.020183150 0.003318736 0.009085207 0.010501944 0.001334759 0.020646676 0.019629989 0.002101045 0.005249746 0.009205015 0.010725633 0.050218597 0.040007297 0.018117301 0.007951231
0.066035584 0.060526479 0.042157724 0.012471408 0.044336583 0.027610030 0.033761863 0.029694706 0.045631349 0.012467008 0.028788676 0.037105843 0.028040333 0.033142481 0.074412711 0.067135319 0.051944964 0.038381152 0.050479330 0.037365690 0.050554033 0.036167584 0.060785323 0.033074666 0.048761129 0.025961522 0.043843601 0.038955234 0.059034199 0.035320938 0.034411609 0.031813443 0.040491622 0.048038945
0.025294468 0.027854724 0.006952902 0.044336583 -0.012622854 0.010277159 0.008552892 0.016167983 0.019537954 0.030857177 0.019964200 0.036890864 0.022681322 0.020592034 0.030646930 0.016743740 0.010307178 0.035025615 0.024180725 0.024990715 0.009580342 0.022419298 0.009440578 0.014604770 0.030775547 0.021178756 0.013091596 0.010858994 0.012539100 0.013949532 0.051786620 0.049630556 0.016505890 0.019634284
0.036116086 0.021807957 0.004591804 0.027610030 0.010277159 -0.029319070 0.000838052 0.001505144 0.002913753 0.017073968 0.006135794 0.023656461 0.006399692 0.005159311 0.035239890 0.023092430 0.005627910 0.024117406 0.009481668 0.011187142 0.001845271 0.006338236 0.018118396 0.004003120 0.025647566 0.012630367 0.003783332 -0.003153065 0.018076435 0.001067979 0.040228821 0.023412719 0.013665763 0.013103108
0.034398824 0.024522992 -0.000278352 0.033761863 0.008552892 0.000838052 -0.014947245 -0.003451505 0.002518186 0.020804552 0.003735371 0.025397465 0.008123751 0.005163903 0.035230789 0.023991024 0.007100155 0.023305910 0.014596273 0.006437487 0.004649537 0.006502439 0.020325817 -0.003064836 0.021060633 0.009241420 -0.002352280 0.001060032 0.016807999 -0.004094477 0.047328033 0.033414342 0.019245170 0.014842900
0.038894355 0.021815676 0.003609331 0.029694706 0.016167983 0.001505144 -0.003451505 -0.002235409 0.007366588 0.016008625 0.006293863 0.024030427 0.003560604 0.003030914 0.038162295 0.027369615 0.012398595 0.020139219 0.011416000 0.011556994 0.009617122 0.006881393 0.024320364 0.001373314 0.015796481 0.007504553 0.000318805 0.003900080 0.022256559 0.002445689 0.036761168 0.026351934 0.021657115 0.020161171
0.043259181 0.038233660 0.004747634 0.045631349 0.019537954 0.002913753 0.002518186 0.007366588 -0.001494090 0.030659020 0.010167673 0.031780601 0.018204130 0.008884978 0.045694217 0.021315683 0.008005543 0.032940105 0.018262533 0.018790226 0.010060905 -0.002479878 0.013085674 0.002846539 0.030016575 0.011066541 0.000437632 -0.001924532 0.018867552 -0.000431353 0.063925199 0.041519139 0.023787964 0.016684512
0.056227311 0.045660231 0.029434983 0.012467008 0.030857177 0.017073968 0.020804552 0.016008625 0.030659020 0.005850209 0.016082499 0.018088914 0.012385996 0.019073961 0.061618213 0.052447479 0.038912125 0.022055890 0.036215514 0.013494492 0.036966290 0.022868503 0.049372964 0.021630470 0.031788360 0.005930545 0.028383482 0.028790712 0.046108697 0.022945603 0.023856193 0.015702855 0.028058823 0.035793945
0.047443185 0.026639599 0.010421136 0.028788676 0.019964200 0.006135794 0.003735371 0.006293863 0.010167673 0.016082499 -0.007943775 0.022914382 0.009266263 0.008646791 0.047392663 0.037166499 0.016103633 0.017187497 0.013073985 0.012466482 0.013706105 0.010054803 0.030288588 0.007531059 0.023859482 0.000090406 0.007453447 0.003384557 0.029656092 0.003076303 0.044532735 0.019781526 0.017144389 0.022271853
0.064621776 0.052617557 0.037148926 0.037105843 0.036890864 0.023656461 0.025397465 0.024030427 0.031780601 0.018088914 0.022914382 0.020928323 0.026964942 0.023860736 0.073571622 0.054221097 0.043848306 0.033787888 0.043675698 0.029243441 0.040794730 0.029626539 0.051216137 0.025575500 0.041505445 0.017472953 0.031095978 0.032226436 0.050378770 0.027873848 0.057118297 0.040733226 0.036956374 0.042829663
0.052500974 0.033536553 0.015171391 0.028040333 0.022681322 0.006399692 0.008123751 0.003560604 0.018204130 0.012385996 0.009266263 0.026964942 -0.002316815 0.008987436 0.055754054 0.043482088 0.021608252 0.025751315 0.021343859 0.015841959 0.019488428 0.010119697 0.035868995 0.009777417 0.021496816 0.001583548 0.007217124 0.009630019 0.036313955 0.007640601 0.041020617 0.021302447 0.026676718 0.026000351
0.041980483 0.027408594 0.013587429 0.033142481 0.020592034 0.005159311 0.005163903 0.003030914 0.008884978 0.019073961 0.008646791 0.023860736 0.008987436 -0.001788758 0.046162933 0.036654606 0.016225262 0.023108587 0.015159109 0.015450833 0.010622141 0.011237036 0.029960634 0.006865808 0.025114499 0.009454021 0.007604778 0.008766333 0.026904108 0.007054570 0.048918512 0.033452973 0.022234568 0.026043274
0.033601206 0.050368093 0.027772481 0.074412711 0.030646930 0.035239890 0.035230789 0.038162295 0.045694217 0.061618213 0.047392663 0.073571622 0.055754054 0.046162933 0.024811473 0.013744886 0.032472193 0.066152558 0.038167499 0.065826997 0.031142101 0.046502665 0.030715391 0.039939377 0.047378864 0.052488931 0.045004264 0.030589189 0.025451075 0.046690755 0.075201303 0.075418271 0.043723620 0.030433590
0.017601160 0.032658145 0.011879800 0.067135319 0.016743740 0.023092430 0.023991024 0.027369615 0.021315683 0.052447479 0.037166499 0.054221097 0.043482088 0.036654606 0.013744886 -0.017062398 0.013845644 0.062227845 0.027728032 0.035013411 0.010897117 0.028350312 0.001160054 0.024248268 0.037206531 0.047165655 0.024051974 0.018366072 0.002708760 0.033110935 0.071283504 0.072818041 0.024373798 0.007431194
0.029936340 0.024958480 -0.000777671 0.051944964 0.010307178 0.005627910 0.007100155 0.012398595 0.008005543 0.038912125 0.016103633 0.043848306 0.021608252 0.016225262 0.032472193 0.013845644 -0.013202203 0.035341583 0.014733544 0.030276716 0.005488582 0.014231570 0.009271248 0.007690131 0.028533828 0.022764400 0.006322606 0.005135627 0.007404955 0.012330768 0.066533476 0.046322137 0.013471024 0.016160868
0.063755922 0.038535792 0.030502547 0.038381152 0.035025615 0.024117406 0.023305910 0.020139219 0.032940105 0.022055890 0.017187497 0.033787888 0.025751315 0.023108587 0.066152558 0.062227845 0.035341583 0.005050635 0.031134957 0.043900196 0.039773904 0.026599120 0.055675291 0.026637379 0.037022654 0.015203697 0.025126399 0.029993556 0.046898842 0.022336463 0.044628628 0.035010263 0.038634144 0.039203662
0.041197516 0.030829523 0.014645830 0.050479330 0.024180725 0.009481668 0.014596273 0.011416000 0.018262533 0.036215514 0.013073985 0.043675698 0.021343859 0.015159109 0.038167499 0.027728032 0.014733544 0.031134957 0.001706179 0.037865002 0.017858898 0.017208252 0.026700582 0.017732374 0.029047020 0.021187486 0.014656520 0.016583044 0.018893387 0.016583985 0.056931037 0.043711551 0.028196797 0.017721865
0.062754408 0.056084186 0.020183150 0.037365690 0.024990715 0.011187142 0.006437487 0.011556994 0.018790226 0.013494492 0.012466482 0.029243441 0.015841959 0.015450833 0.065826997 0.035013411 0.030276716 0.043900196 0.037865002 -0.001657440 0.025542505 0.017311092 0.036328364 0.014233282 0.031226156 0.012093345 0.013555095 0.016206261 0.041132875 0.015038752 0.053445313 0.044174321 0.033553060 0.033306744
0.027209170 0.027532797 0.003318736 0.050554033 0.009580342 0.001845271 0.004649537 0.009617122 0.010060905 0.036966290 0.013706105 0.040794730 0.019488428 0.010622141 0.031142101 0.010897117 0.005488582 0.039773904 0.017858898 0.025542505 0.000185071 0.009741134 0.006352350 0.004711872 0.030122142 0.022418650 0.004655695 0.005249308 0.005422652 0.011608748 0.055952184 0.041023023 0.009689158 0.009286957
0.043712519 0.025528150 0.009085207 0.036167584 0.022419298 0.006338236 0.006502439 0.006881393 -0.002479878 0.022868503 0.010054803 0.029626539 0.010119697 0.011237036 0.046502665 0.028350312 0.014231570 0.026599120 0.017208252 0.017311092 0.009741134 -0.025133554 0.021711132 -0.000903540 0.028513245 0.007355139 0.011248431 0.008473251 0.020666623 0.010990260 0.059107870 0.028950037 0.016165368 0.017273284
0.018644432 0.040356450 0.010501944 0.060785323 0.009440578 0.018118396 0.020325817 0.024320364 0.013085674 0.049372964 0.030288588 0.051216137 0.035868995 0.029960634 0.030715391 0.001160054 0.009271248 0.055675291 0.026700582 0.036328364 0.006352350 0.021711132 -0.007252149 0.018816100 0.037235804 0.040230907 0.021872949 0.015593372 0.008331409 0.027515445 0.075279534 0.062537909 0.017279260 0.011605510
0.039962593 0.024904713 0.001334759 0.033074666 0.014604770 0.004003120 -0.003064836 0.001373314 0.002846539 0.021630470 0.007531059 0.025575500 0.009777417 0.006865808 0.039939377 0.024248268 0.007690131 0.026637379 0.017732374 0.014233282 0.004711872 -0.000903540 0.018816100 -0.002843763 0.021790922 0.007249271 -0.001956917 -0.001267058 0.018274728 0.000251135 0.047731616 0.029254854 0.014577040 0.015623183
0.054498464 0.015049945 0.020646676 0.048761129 0.030775547 0.025647566 0.021060633 0.015796481 0.030016575 0.031788360 0.023859482 0.041505445 0.021496816 0.025114499 0.047378864 0.037206531 0.028533828 0.037022654 0.029047020 0.031226156 0.030122142 0.028513245 0.037235804 0.021790922 -0.012572169 0.021140596 0.020110274 0.021252505 0.040514253 0.026526537 0.058673047 0.048293531 0.038091935 0.035426877
0.045472436 0.027592257 0.019629989 0.025961522 0.021178756 0.012630367 0.009241420 0.007504553 0.011066541 0.005930545 0.000090406 0.017472953 0.001583548 0.009454021 0.052488931 0.047165655 0.022764400 0.015203697 0.021187486 0.012093345 0.022418650 0.007355139 0.040230907 0.007249271 0.021140596 -0.004974436 0.010847624 0.014991509 0.031550877 0.005891177 0.041565485 0.022314548 0.021251049 0.025566379
0.042358790 0.029282406 0.002101045 0.043843601 0.013091596 0.003783332 -0.002352280 0.000318805 0.000437632 0.028383482 0.007453447 0.031095978 0.007217124 0.007604778 0.045004264 0.024051974 0.006322606 0.025126399 0.014656520 0.013555095 0.004655695 0.011248431 0.021872949 -0.001956917 0.020110274 0.010847624 -0.009686874 0.001567332 0.021228887 0.001471310 0.059570532 0.047154423 0.026606085 0.017066112
0.031121457 0.023638371 0.005249746 0.038955234 0.010858994 -0.003153065 0.001060032 0.003900080 -0.001924532 0.028790712 0.003384557 0.032226436 0.009630019 0.008766333 0.030589189 0.018366072 0.005135627 0.029993556 0.016583044 0.016206261 0.005249308 0.008473251 0.015593372 -0.001267058 0.021252505 0.014991509 0.001567332 -0.007395335 0.012717925 0.003080009 0.049824998 0.034968130 0.009509254 0.010168790
0.017453548 0.033052698 0.009205015 0.059034199 0.012539100 0.018076435 0.016807999 0.022256559 0.018867552 0.046108697 0.029656092 0.050378770 0.036313955 0.026904108 0.025451075 0.002708760 0.007404955 0.046898842 0.018893387 0.041132875 0.005422652 0.020666623 0.008331409 0.018274728 0.040514253 0.031550877 0.021228887 0.012717925 -0.009778298 0.022445276 0.068714969 0.057391718 0.019121801 0.013106997
0.045767438 0.035748642 0.010725633 0.035320938 0.013949532 0.001067979 -0.004094477 0.002445689 -0.000431353 0.022945603 0.003076303 0.027873848 0.007640601 0.007054570 0.046690755 0.033110935 0.012330768 0.022336463 0.016583985 0.015038752 0.011608748 0.010990260 0.027515445 0.000251135 0.026526537 0.005891177 0.001471310 0.003080009 0.022445276 -0.019358218 0.058240257 0.039886378 0.022237593 0.019142192
0.077686578 0.074655026 0.050218597 0.034411609 0.051786620 0.040228821 0.047328033 0.036761168 0.063925199 0.023856193 0.044532735 0.057118297 0.041020617 0.048918512 0.075201303 0.071283504 0.066533476 0.044628628 0.056931037 0.053445313 0.055952184 0.059107870 0.075279534 0.047731616 0.058673047 0.041565485 0.059570532 0.049824998 0.068714969 0.058240257 0.003183575 0.052480921 0.065354168 0.050395709
0.063543044 0.041659530 0.040007297 0.031813443 0.049630556 0.023412719 0.033414342 0.026351934 0.041519139 0.015702855 0.019781526 0.040733226 0.021302447 0.033452973 0.075418271 0.072818041 0.046322137 0.035010263 0.043711551 0.044174321 0.041023023 0.028950037 0.062537909 0.029254854 0.048293531 0.022314548 0.047154423 0.034968130 0.057391718 0.039886378 0.052480921 0.011562072 0.039260056 0.050182730
0.034293637 0.029254347 0.018117301 0.040491622 0.016505890 0.013665763 0.019245170 0.021657115 0.023787964 0.028058823 0.017144389 0.036956374 0.026676718 0.022234568 0.043723620 0.024373798 0.013471024 0.038634144 0.028196797 0.033553060 0.009689158 0.016165368 0.017279260 0.014577040 0.038091935 0.021251049 0.026606085 0.009509254 0.019121801 0.022237593 0.065354168 0.039260056 -0.035614904 0.018951502
0.021999823 0.031094622 0.007951231 0.048038945 0.019634284 0.013103108 0.014842900 0.020161171 0.016684512 0.035793945 0.022271853 0.042829663 0.026000351 0.026043274 0.030433590 0.007431194 0.016160868 0.039203662 0.017721865 0.033306744 0.009286957 0.017273284 0.011605510 0.015623183 0.035426877 0.025566379 0.017066112 0.010168790 0.013106997 0.019142192 0.050395709 0.050182730 0.018951502 0.001946680
