0.011541983 0.054793704 0.027651325 0.068645731 0.021812227 0.043273307 0.036147837 0.041032176 0.042951673 0.060656313 0.050092798 0.065426663 0.049934067 0.043225303 0.028462512 0.015091811 0.031672470 0.065072611 0.041671127 0.052891213 0.031185180 0.046754844 0.017736448 0.039153881 0.052118730 0.063888513 0.046063256 0.038857192 0.012835477 0.050433449 0.110539488 0.075576350 0.034674168 0.031454273
0.054793704 -0.048497599 0.015645791 0.050384305 0.023021996 0.026586916 0.022818077 0.021655127 0.037974879 0.036789134 0.028044486 0.037823360 0.027967028 0.023501068 0.047139011 0.028945779 0.022374827 0.037636798 0.028662901 0.031877313 0.021742303 0.024185937 0.034150019 0.023003427 0.008851048 0.022328712 0.023484120 0.019582629 0.031043885 0.035544470 0.082000613 0.038027503 0.021042434 0.032375477
0.027651325 0.015645791 -0.001073986 0.042369373 0.011277928 0.011459614 -0.000266371 0.003997446 0.003797852 0.027097106 0.013212248 0.028794685 0.016394854 0.011257323 0.029969845 0.012063905 0.006385013 0.030861108 0.015469359 0.018851722 0.000601697 0.012184844 0.006326448 0.001403336 0.017946862 0.017688081 0.002839533 0.006209524 0.010923619 0.015518384 0.052196465 0.037265901 0.016437570 0.008820030
0.068645731 0.050384305 0.042369373 0.011856671 0.043704554 0.040340073 0.037758596 0.033098966 0.050097190 0.012169722 0.033203997 0.029180992 0.027109612 0.033871241 0.067468651 0.072047152 0.050170183 0.032057323 0.045754876 0.028092291 0.050720364 0.040387020 0.060201801 0.037245605 0.042402335 0.029055733 0.041494668 0.042839494 0.061993659 0.041391764 0.032694183 0.029336786 0.041324705 0.052987464
0.021812227 0.023021996 0.011277928 0.043704554 -0.011973722 0.017470866 0.010516120 0.015767159 0.019763090 0.032562207 0.019644119 0.032307371 0.022068374 0.017516464 0.022384902 0.013878671 0.007953301 0.033229966 0.025388127 0.028349744 0.013245365 0.022631558 0.007792518 0.015221933 0.025319912 0.022960180 0.012602371 0.013538001 0.004824000 0.015603423 0.042140927 0.048245899 0.012329446 0.016702678
0.043273307 0.026586916 0.011459614 0.040340073 0.017470866 -0.016125463 0.005559891 0.006581849 0.011552406 0.027197542 0.012659081 0.033871677 0.011376418 0.012214899 0.041594423 0.027105963 0.011675892 0.031932022 0.019753557 0.023820493 0.011710878 0.015055321 0.021986213 0.009416816 0.022634007 0.023222934 0.007923773 0.009314714 0.023432888 0.011969307 0.049381632 0.039095674 0.023033351 0.019964255
0.036147837 0.022818077 -0.000266371 0.037758596 0.010516120 0.005559891 -0.014560129 -0.003435942 0.002233401 0.022930471 0.005821643 0.025571285 0.009112947 0.006083084 0.035067443 0.022595618 0.007828649 0.025129743 0.017473996 0.008079646 0.003981064 0.008775776 0.017899407 -0.003592700 0.019492136 0.009738049 -0.002448442 0.003814209 0.016917264 0.000336247 0.044928301 0.037954412 0.019825401 0.014348488
0.041032176 0.021655127 0.003997446 0.033098966 0.015767159 0.006581849 -0.003435942 -0.002703652 0.007215531 0.018022289 0.007110014 0.023717355 0.005367417 0.003338166 0.039181266 0.024898948 0.013115732 0.023645734 0.016060755 0.009629888 0.009596924 0.009447180 0.022112442 0.000936107 0.011339453 0.009242029 -0.000955294 0.007281102 0.022543613 0.007205172 0.037693940 0.032137260 0.022434285 0.020665912
0.042951673 0.037974879 0.003797852 0.050097190 0.019763090 0.011552406 0.002233401 0.007215531 -0.002025364 0.034485776 0.010905215 0.033226512 0.015496506 0.014080674 0.046456791 0.021348447 0.008936569 0.034158487 0.021307139 0.013673471 0.006985160 0.001715356 0.013906890 0.002271533 0.028945161 0.013094171 -0.002198139 0.003171927 0.020593213 0.007038844 0.064596146 0.051954385 0.029721648 0.019318989
0.060656313 0.036789134 0.027097106 0.012169722 0.032562207 0.027197542 0.022930471 0.018022289 0.034485776 0.003053846 0.019910358 0.011922892 0.014420362 0.020701552 0.058908790 0.055952542 0.037686434 0.017117051 0.032039937 0.009484034 0.035075411 0.028875912 0.048495546 0.025439786 0.024176763 0.005743312 0.025225654 0.031136993 0.050124966 0.028469633 0.022371385 0.015633343 0.029981473 0.040978290
0.050092798 0.028044486 0.013212248 0.033203997 0.019644119 0.012659081 0.005821643 0.007110014 0.010905215 0.019910358 0.000707041 0.024506543 0.010618810 0.011980543 0.049218327 0.036276173 0.017556230 0.022701964 0.021506716 0.010946378 0.016177017 0.015294884 0.030083707 0.007525377 0.021721128 0.009545811 0.007594908 0.010310321 0.031193305 0.011460338 0.054991446 0.028044570 0.019986916 0.026069093
0.065426663 0.037823360 0.028794685 0.029180992 0.032307371 0.033871677 0.025571285 0.023717355 0.033226512 0.011922892 0.024506543 0.005979907 0.024181003 0.022429513 0.064070255 0.055644069 0.038807202 0.023603475 0.033496566 0.012211369 0.030355986 0.031023620 0.047998469 0.027738564 0.031375758 0.005314188 0.022471145 0.029704206 0.049913920 0.030716287 0.038403198 0.029395653 0.035475478 0.042544611
0.049934067 0.027967028 0.016394854 0.027109612 0.022068374 0.011376418 0.009112947 0.005367417 0.015496506 0.014420362 0.010618810 0.024181003 -0.003447047 0.012112617 0.049946420 0.043435693 0.019813586 0.023555096 0.021190921 0.009717338 0.019386187 0.012505700 0.033824533 0.008156800 0.014351854 0.010418339 0.007401728 0.013918666 0.034224853 0.012959585 0.046746179 0.024599444 0.025955064 0.027100045
0.043225303 0.023501068 0.011257323 0.033871241 0.017516464 0.012214899 0.006083084 0.003338166 0.014080674 0.020701552 0.011980543 0.022429513 0.012112617 -0.003922332 0.040754974 0.033543516 0.014024812 0.024187926 0.015905846 0.013112871 0.011802748 0.012814198 0.024409045 0.010298421 0.020487987 0.008208167 0.002181496 0.009565085 0.022631666 0.008840011 0.035334375 0.033045314 0.019378548 0.022518789
0.028462512 0.047139011 0.029969845 0.067468651 0.022384902 0.041594423 0.035067443 0.039181266 0.046456791 0.058908790 0.049218327 0.064070255 0.049946420 0.040754974 0.021667546 0.010240124 0.030711193 0.067604005 0.041683938 0.046449330 0.033930972 0.045529082 0.025920838 0.038140461 0.043256659 0.061928548 0.042032544 0.032701954 0.019921601 0.047498375 0.087669879 0.078800805 0.036783691 0.033327308
0.015091811 0.028945779 0.012063905 0.072047152 0.013878671 0.027105963 0.022595618 0.024898948 0.021348447 0.055952542 0.036276173 0.055644069 0.043435693 0.033543516 0.010240124 -0.019792344 0.012481748 0.060660627 0.028437663 0.037771463 0.012789061 0.029521609 -0.002983661 0.023804765 0.030080989 0.050909065 0.020664269 0.021480385 -0.002240139 0.034956627 0.071582630 0.072799712 0.025245389 0.006207253
0.031672470 0.022374827 0.006385013 0.050170183 0.007953301 0.011675892 0.007828649 0.013115732 0.008936569 0.037686434 0.017556230 0.038807202 0.019813586 0.014024812 0.030711193 0.012481748 -0.011198843 0.037269954 0.018810619 0.022423919 0.006714016 0.014969719 0.005607426 0.007266086 0.025541676 0.026655931 0.007422300 0.006719935 0.006035025 0.016200287 0.071581662 0.049191892 0.009347443 0.018052761
0.065072611 0.037636798 0.030861108 0.032057323 0.033229966 0.031932022 0.025129743 0.023645734 0.034158487 0.017117051 0.022701964 0.023603475 0.023555096 0.024187926 0.067604005 0.060660627 0.037269954 0.010070808 0.035101581 0.024921941 0.036269061 0.028659508 0.053611539 0.026944254 0.036274590 0.016131049 0.024081836 0.029417153 0.047917403 0.027274687 0.048320338 0.040112384 0.033227399 0.045833416
0.041671127 0.028662901 0.015469359 0.045754876 0.025388127 0.019753557 0.017473996 0.016060755 0.021307139 0.032039937 0.021506716 0.033496566 0.021190921 0.015905846 0.041683938 0.028437663 0.018810619 0.035101581 0.004161283 0.025470572 0.015445543 0.020746088 0.024844490 0.020212695 0.029252056 0.021971267 0.014787086 0.016322378 0.022043446 0.021847012 0.063784003 0.048605554 0.024014097 0.025000455
0.052891213 0.031877313 0.018851722 0.028092291 0.028349744 0.023820493 0.008079646 0.009629888 0.013673471 0.009484034 0.010946378 0.012211369 0.009717338 0.013112871 0.046449330 0.037771463 0.022423919 0.024921941 0.025470572 -0.000519837 0.022745900 0.019273631 0.032568194 0.013063766 0.017521350 0.008071457 0.012979794 0.019524213 0.037056003 0.019167522 0.038684111 0.025790192 0.028260244 0.029114604
0.031185180 0.021742303 0.000601697 0.050720364 0.013245365 0.011710878 0.003981064 0.009596924 0.006985160 0.035075411 0.016177017 0.030355986 0.019386187 0.011802748 0.033930972 0.012789061 0.006714016 0.036269061 0.015445543 0.022745900 -0.006092709 0.015424874 0.005168973 0.004201981 0.023919111 0.016157975 0.003474606 0.006956309 0.010134099 0.018437263 0.054659739 0.040389407 0.012745261 0.010192974
0.046754844 0.024185937 0.012184844 0.040387020 0.022631558 0.015055321 0.008775776 0.009447180 0.001715356 0.028875912 0.015294884 0.031023620 0.012505700 0.012814198 0.045529082 0.029521609 0.014969719 0.028659508 0.020746088 0.019273631 0.015424874 -0.019521683 0.021347119 0.002421554 0.025461560 0.016973890 0.010846841 0.015440030 0.019437477 0.017075609 0.071387172 0.034841530 0.020130744 0.020645162
0.017736448 0.034150019 0.006326448 0.060201801 0.007792518 0.021986213 0.017899407 0.022112442 0.013906890 0.048495546 0.030083707 0.047998469 0.033824533 0.024409045 0.025920838 -0.002983661 0.005607426 0.053611539 0.024844490 0.032568194 0.005168973 0.021347119 -0.015684746 0.018517477 0.029975228 0.042307165 0.015473003 0.015649687 0.001341342 0.027436841 0.075863764 0.060327038 0.014711043 0.004621565
0.039153881 0.023003427 0.001403336 0.037245605 0.015221933 0.009416816 -0.003592700 0.000936107 0.002271533 0.025439786 0.007525377 0.027738564 0.008156800 0.010298421 0.038140461 0.023804765 0.007266086 0.026944254 0.020212695 0.013063766 0.004201981 0.002421554 0.018517477 -0.003053026 0.017814182 0.010796469 -0.004282075 0.003964487 0.017385051 0.005390822 0.049058236 0.039046321 0.017684208 0.016466236
0.052118730 0.008851048 0.017946862 0.042402335 0.025319912 0.022634007 0.019492136 0.011339453 0.028945161 0.024176763 0.021721128 0.031375758 0.014351854 0.020487987 0.043256659 0.030080989 0.025541676 0.036274590 0.029252056 0.017521350 0.023919111 0.025461560 0.029975228 0.017814182 -0.022382703 0.015878085 0.014397416 0.016729280 0.037908603 0.023564374 0.049489342 0.044577748 0.031257439 0.028553916
0.063888513 0.022328712 0.017688081 0.029055733 0.022960180 0.023222934 0.009738049 0.009242029 0.013094171 0.005743312 0.009545811 0.005314188 0.010418339 0.008208167 0.061928548 0.050909065 0.026655931 0.016131049 0.021971267 0.008071457 0.016157975 0.016973890 0.042307165 0.010796469 0.015878085 -0.017503493 0.008780486 0.016561747 0.042693563 0.016194567 0.041491382 0.018116383 0.027396694 0.029866878
0.046063256 0.023484120 0.002839533 0.041494668 0.012602371 0.007923773 -0.002448442 -0.000955294 -0.002198139 0.025225654 0.007594908 0.022471145 0.007401728 0.002181496 0.042032544 0.020664269 0.007422300 0.024081836 0.014787086 0.012979794 0.003474606 0.010846841 0.015473003 -0.004282075 0.014397416 0.008780486 -0.014628106 0.000975630 0.022960849 0.003048181 0.057695553 0.040161192 0.020181190 0.014397470
0.038857192 0.019582629 0.006209524 0.042839494 0.013538001 0.009314714 0.003814209 0.007281102 0.003171927 0.031136993 0.010310321 0.029704206 0.013918666 0.009565085 0.032701954 0.021480385 0.006719935 0.029417153 0.016322378 0.019524213 0.006956309 0.015440030 0.015649687 0.003964487 0.016729280 0.016561747 0.000975630 -0.001907483 0.017062902 0.010898018 0.051743817 0.036882017 0.015287615 0.014614705
0.012835477 0.031043885 0.010923619 0.061993659 0.004824000 0.023432888 0.016917264 0.022543613 0.020593213 0.050124966 0.031193305 0.049913920 0.034224853 0.022631666 0.019921601 -0.002240139 0.006035025 0.047917403 0.022043446 0.037056003 0.010134099 0.019437477 0.001341342 0.017385051 0.037908603 0.042693563 0.022960849 0.017062902 -0.016556058 0.022803713 0.079179622 0.063030362 0.015750675 0.012773875
0.050433449 0.035544470 0.015518384 0.041391764 0.015603423 0.011969307 0.000336247 0.007205172 0.007038844 0.028469633 0.011460338 0.030716287 0.012959585 0.008840011 0.047498375 0.034956627 0.016200287 0.027274687 0.021847012 0.019167522 0.018437263 0.017075609 0.027436841 0.005390822 0.023564374 0.016194567 0.003048181 0.010898018 0.022803713 -0.010260990 0.070275903 0.045987740 0.025179073 0.026132818
0.110539488 0.082000613 0.052196465 0.032694183 0.042140927 0.049381632 0.044928301 0.037693940 0.064596146 0.022371385 0.054991446 0.038403198 0.046746179 0.035334375 0.087669879 0.071582630 0.071581662 0.048320338 0.063784003 0.038684111 0.054659739 0.071387172 0.075863764 0.049058236 0.049489342 0.041491382 0.057695553 0.051743817 0.079179622 0.070275903 0.018959749 0.049979713 0.074209511 0.055644184
0.075576350 0.038027503 0.037265901 0.029336786 0.048245899 0.039095674 0.037954412 0.032137260 0.051954385 0.015633343 0.028044570 0.029395653 0.024599444 0.033045314 0.078800805 0.072799712 0.049191892 0.040112384 0.048605554 0.025790192 0.040389407 0.034841530 0.060327038 0.039046321 0.044577748 0.018116383 0.040161192 0.036882017 0.063030362 0.045987740 0.049979713 0.013118990 0.038050890 0.055932447
0.034674168 0.021042434 0.016437570 0.041324705 0.012329446 0.023033351 0.019825401 0.022434285 0.029721648 0.029981473 0.019986916 0.035475478 0.025955064 0.019378548 0.036783691 0.025245389 0.009347443 0.033227399 0.024014097 0.028260244 0.012745261 0.020130744 0.014711043 0.017684208 0.031257439 0.027396694 0.020181190 0.015287615 0.015750675 0.025179073 0.074209511 0.038050890 -0.029609844 0.021494485
0.031454273 0.032375477 0.008820030 0.052987464 0.016702678 0.019964255 0.014348488 0.020665912 0.019318989 0.040978290 0.026069093 0.042544611 0.027100045 0.022518789 0.033327308 0.006207253 0.018052761 0.045833416 0.025000455 0.029114604 0.010192974 0.020645162 0.004621565 0.016466236 0.028553916 0.029866878 0.014397470 0.014614705 0.012773875 0.026132818 0.055644184 0.055932447 0.021494485 0.002571035
