0.000000000 0.109999999 0.127450988 0.229437232 0.087179489 0.164319247 0.127450988 0.208888888 0.160377353 0.261410803 0.205357149 0.208888888 0.175925925 0.164319247 0.152380958 0.229437232 0.091836736 0.232758626 0.091836736 0.215859026 0.105527639 0.164319247 0.148325354 0.168224305 0.172093019 0.201793715 0.160377353 0.148325354 0.082474224 0.144230768 0.345588237 0.232758626 0.077720210 0.105527639
0.109999999 0.000000000 0.017699115 0.122529641 0.023041476 0.055319149 0.017699115 0.101214573 0.051282052 0.155893534 0.097560972 0.101214573 0.067226894 0.055319149 0.043103449 0.122529641 0.018348623 0.125984251 0.018348623 0.108433738 0.004524887 0.055319149 0.038961038 0.059322033 0.063291140 0.093877554 0.051282052 0.038961038 0.027777778 0.034782607 0.244897962 0.125984251 0.032558139 0.004524887
0.127450988 0.017699115 0.000000000 0.105058365 0.040723983 0.037656903 0.000000000 0.083665341 0.033613447 0.138576776 0.079999998 0.083665341 0.049586777 0.037656903 0.025423728 0.105058365 0.036036037 0.108527131 0.036036037 0.090909094 0.022222223 0.037656903 0.021276595 0.041666668 0.045643155 0.076305218 0.033613447 0.021276595 0.045454547 0.017094018 0.228187919 0.108527131 0.050228309 0.022222223
0.229437232 0.122529641 0.105058365 0.000000000 0.145161286 0.067669176 0.105058365 0.021582734 0.071698114 0.034013607 0.025270758 0.021582734 0.055762082 0.067669176 0.079847910 0.000000000 0.140562251 0.003508772 0.140562251 0.014285714 0.126984134 0.067669176 0.083969466 0.063670412 0.059701491 0.028985508 0.071698114 0.083969466 0.149797574 0.088122606 0.126153842 0.003508772 0.154471546 0.126984134
0.087179489 0.023041476 0.040723983 0.145161286 0.000000000 0.078260869 0.040723983 0.123966940 0.074235804 0.178294569 0.120331950 0.123966940 0.090128757 0.078260869 0.066079296 0.145161286 0.004694836 0.148594379 0.004694836 0.131147534 0.018518519 0.078260869 0.061946902 0.082251079 0.086206898 0.116666667 0.074235804 0.061946902 0.004739337 0.057777777 0.266435981 0.148594379 0.009523810 0.018518519
0.164319247 0.055319149 0.037656903 0.067669176 0.078260869 0.000000000 0.037656903 0.046153847 0.004048583 0.101449274 0.042471044 0.046153847 0.011952192 0.000000000 0.012244898 0.067669176 0.073593073 0.071161047 0.073593073 0.053435113 0.059829060 0.000000000 0.016393442 0.004016064 0.008000000 0.038759690 0.004048583 0.016393442 0.082969435 0.020576132 0.192182407 0.071161047 0.087719299 0.059829060
0.127450988 0.017699115 0.000000000 0.105058365 0.040723983 0.037656903 0.000000000 0.083665341 0.033613447 0.138576776 0.079999998 0.083665341 0.049586777 0.037656903 0.025423728 0.105058365 0.036036037 0.108527131 0.036036037 0.090909094 0.022222223 0.037656903 0.021276595 0.041666668 0.045643155 0.076305218 0.033613447 0.021276595 0.045454547 0.017094018 0.228187919 0.108527131 0.050228309 0.022222223
0.208888888 0.101214573 0.083665341 0.021582734 0.123966940 0.046153847 0.083665341 0.000000000 0.050193049 0.055555556 0.003690037 0.000000000 0.034220532 0.046153847 0.058365759 0.021582734 0.119341567 0.025089607 0.119341567 0.007299270 0.105691060 0.046153847 0.062500000 0.042145595 0.038167939 0.007407407 0.050193049 0.062500000 0.128630713 0.066666670 0.147335425 0.025089607 0.133333340 0.105691060
0.160377353 0.051282052 0.033613447 0.071698114 0.074235804 0.004048583 0.033613447 0.050193049 0.000000000 0.105454542 0.046511628 0.050193049 0.016000001 0.004048583 0.008196721 0.071698114 0.069565214 0.075187966 0.069565214 0.057471264 0.055793993 0.004048583 0.012345679 0.008064516 0.012048192 0.042801555 0.000000000 0.012345679 0.078947365 0.016528925 0.196078435 0.075187966 0.083700441 0.055793993
0.261410803 0.155893534 0.138576776 0.034013607 0.178294569 0.101449274 0.138576776 0.055555556 0.105454542 0.000000000 0.059233449 0.055555556 0.089605734 0.101449274 0.113553114 0.034013607 0.173745170 0.030508475 0.173745170 0.048275862 0.160305336 0.101449274 0.117647059 0.097472921 0.093525179 0.062937066 0.105454542 0.117647059 0.182879373 0.121771216 0.092537314 0.030508475 0.187500000 0.160305336
0.205357149 0.097560972 0.079999998 0.025270758 0.120331950 0.042471044 0.079999998 0.003690037 0.046511628 0.059233449 0.000000000 0.003690037 0.030534351 0.042471044 0.054687500 0.025270758 0.115702480 0.028776979 0.115702480 0.010989011 0.102040820 0.042471044 0.058823530 0.038461540 0.034482758 0.003717472 0.046511628 0.058823530 0.125000000 0.062992126 0.150943398 0.028776979 0.129707113 0.102040820
0.208888888 0.101214573 0.083665341 0.021582734 0.123966940 0.046153847 0.083665341 0.000000000 0.050193049 0.055555556 0.003690037 0.000000000 0.034220532 0.046153847 0.058365759 0.021582734 0.119341567 0.025089607 0.119341567 0.007299270 0.105691060 0.046153847 0.062500000 0.042145595 0.038167939 0.007407407 0.050193049 0.062500000 0.128630713 0.066666670 0.147335425 0.025089607 0.133333340 0.105691060
0.175925925 0.067226894 0.049586777 0.055762082 0.090128757 0.011952192 0.049586777 0.034220532 0.016000001 0.089605734 0.030534351 0.034220532 0.000000000 0.011952192 0.024193548 0.055762082 0.085470088 0.059259258 0.085470088 0.041509435 0.071729958 0.011952192 0.028340081 0.007936508 0.003952569 0.026819924 0.016000001 0.028340081 0.094827585 0.032520324 0.180645168 0.059259258 0.099567100 0.071729958
0.164319247 0.055319149 0.037656903 0.067669176 0.078260869 0.000000000 0.037656903 0.046153847 0.004048583 0.101449274 0.042471044 0.046153847 0.011952192 0.000000000 0.012244898 0.067669176 0.073593073 0.071161047 0.073593073 0.053435113 0.059829060 0.000000000 0.016393442 0.004016064 0.008000000 0.038759690 0.004048583 0.016393442 0.082969435 0.020576132 0.192182407 0.071161047 0.087719299 0.059829060
0.152380958 0.043103449 0.025423728 0.079847910 0.066079296 0.012244898 0.025423728 0.058365759 0.008196721 0.113553114 0.054687500 0.058365759 0.024193548 0.012244898 0.000000000 0.079847910 0.061403509 0.083333336 0.061403509 0.065637067 0.047619049 0.012244898 0.004149378 0.016260162 0.020242915 0.050980393 0.008196721 0.004149378 0.070796460 0.008333334 0.203947365 0.083333336 0.075555556 0.047619049
0.229437232 0.122529641 0.105058365 0.000000000 0.145161286 0.067669176 0.105058365 0.021582734 0.071698114 0.034013607 0.025270758 0.021582734 0.055762082 0.067669176 0.079847910 0.000000000 0.140562251 0.003508772 0.140562251 0.014285714 0.126984134 0.067669176 0.083969466 0.063670412 0.059701491 0.028985508 0.071698114 0.083969466 0.149797574 0.088122606 0.126153842 0.003508772 0.154471546 0.126984134
0.091836736 0.018348623 0.036036037 0.140562251 0.004694836 0.073593073 0.036036037 0.119341567 0.069565214 0.173745170 0.115702480 0.119341567 0.085470088 0.073593073 0.061403509 0.140562251 0.000000000 0.143999994 0.000000000 0.126530617 0.013824885 0.073593073 0.057268724 0.077586204 0.081545062 0.112033196 0.069565214 0.057268724 0.009433962 0.053097345 0.262068957 0.143999994 0.014218009 0.013824885
0.232758626 0.125984251 0.108527131 0.003508772 0.148594379 0.071161047 0.108527131 0.025089607 0.075187966 0.030508475 0.028776979 0.025089607 0.059259258 0.071161047 0.083333336 0.003508772 0.143999994 0.000000000 0.143999994 0.017793594 0.130434781 0.071161047 0.087452471 0.067164183 0.063197024 0.032490976 0.075187966 0.087452471 0.153225809 0.091603056 0.122699387 0.000000000 0.157894731 0.130434781
0.091836736 0.018348623 0.036036037 0.140562251 0.004694836 0.073593073 0.036036037 0.119341567 0.069565214 0.173745170 0.115702480 0.119341567 0.085470088 0.073593073 0.061403509 0.140562251 0.000000000 0.143999994 0.000000000 0.126530617 0.013824885 0.073593073 0.057268724 0.077586204 0.081545062 0.112033196 0.069565214 0.057268724 0.009433962 0.053097345 0.262068957 0.143999994 0.014218009 0.013824885
0.215859026 0.108433738 0.090909094 0.014285714 0.131147534 0.053435113 0.090909094 0.007299270 0.057471264 0.048275862 0.010989011 0.007299270 0.041509435 0.053435113 0.065637067 0.014285714 0.126530617 0.017793594 0.126530617 0.000000000 0.112903222 0.053435113 0.069767445 0.049429659 0.045454547 0.014705882 0.057471264 0.069767445 0.135802463 0.073929958 0.140186921 0.017793594 0.140495867 0.112903222
0.105527639 0.004524887 0.022222223 0.126984134 0.018518519 0.059829060 0.022222223 0.105691060 0.055793993 0.160305336 0.102040820 0.105691060 0.071729958 0.059829060 0.047619049 0.126984134 0.013824885 0.130434781 0.013824885 0.112903222 0.000000000 0.059829060 0.043478262 0.063829787 0.067796610 0.098360658 0.055793993 0.043478262 0.023255814 0.039301310 0.249146760 0.130434781 0.028037382 0.000000000
0.164319247 0.055319149 0.037656903 0.067669176 0.078260869 0.000000000 0.037656903 0.046153847 0.004048583 0.101449274 0.042471044 0.046153847 0.011952192 0.000000000 0.012244898 0.067669176 0.073593073 0.071161047 0.073593073 0.053435113 0.059829060 0.000000000 0.016393442 0.004016064 0.008000000 0.038759690 0.004048583 0.016393442 0.082969435 0.020576132 0.192182407 0.071161047 0.087719299 0.059829060
0.148325354 0.038961038 0.021276595 0.083969466 0.061946902 0.016393442 0.021276595 0.062500000 0.012345679 0.117647059 0.058823530 0.062500000 0.028340081 0.016393442 0.004149378 0.083969466 0.057268724 0.087452471 0.057268724 0.069767445 0.043478262 0.016393442 0.000000000 0.020408163 0.024390243 0.055118110 0.012345679 0.000000000 0.066666670 0.004184100 0.207920790 0.087452471 0.071428575 0.043478262
0.168224305 0.059322033 0.041666668 0.063670412 0.082251079 0.004016064 0.041666668 0.042145595 0.008064516 0.097472921 0.038461540 0.042145595 0.007936508 0.004016064 0.016260162 0.063670412 0.077586204 0.067164183 0.077586204 0.049429659 0.063829787 0.004016064 0.020408163 0.000000000 0.003984064 0.034749035 0.008064516 0.020408163 0.086956523 0.024590164 0.188311681 0.067164183 0.091703057 0.063829787
0.172093019 0.063291140 0.045643155 0.059701491 0.086206898 0.008000000 0.045643155 0.038167939 0.012048192 0.093525179 0.034482758 0.038167939 0.003952569 0.008000000 0.020242915 0.059701491 0.081545062 0.063197024 0.081545062 0.045454547 0.067796610 0.008000000 0.024390243 0.003984064 0.000000000 0.030769231 0.012048192 0.024390243 0.090909094 0.028571429 0.184466019 0.063197024 0.095652170 0.067796610
0.201793715 0.093877554 0.076305218 0.028985508 0.116666667 0.038759690 0.076305218 0.007407407 0.042801555 0.062937066 0.003717472 0.007407407 0.026819924 0.038759690 0.050980393 0.028985508 0.112033196 0.032490976 0.112033196 0.014705882 0.098360658 0.038759690 0.055118110 0.034749035 0.030769231 0.000000000 0.042801555 0.055118110 0.121338911 0.059288539 0.154574126 0.032490976 0.126050428 0.098360658
0.160377353 0.051282052 0.033613447 0.071698114 0.074235804 0.004048583 0.033613447 0.050193049 0.000000000 0.105454542 0.046511628 0.050193049 0.016000001 0.004048583 0.008196721 0.071698114 0.069565214 0.075187966 0.069565214 0.057471264 0.055793993 0.004048583 0.012345679 0.008064516 0.012048192 0.042801555 0.000000000 0.012345679 0.078947365 0.016528925 0.196078435 0.075187966 0.083700441 0.055793993
0.148325354 0.038961038 0.021276595 0.083969466 0.061946902 0.016393442 0.021276595 0.062500000 0.012345679 0.117647059 0.058823530 0.062500000 0.028340081 0.016393442 0.004149378 0.083969466 0.057268724 0.087452471 0.057268724 0.069767445 0.043478262 0.016393442 0.000000000 0.020408163 0.024390243 0.055118110 0.012345679 0.000000000 0.066666670 0.004184100 0.207920790 0.087452471 0.071428575 0.043478262
0.082474224 0.027777778 0.045454547 0.149797574 0.004739337 0.082969435 0.045454547 0.128630713 0.078947365 0.182879373 0.125000000 0.128630713 0.094827585 0.082969435 0.070796460 0.149797574 0.009433962 0.153225809 0.009433962 0.135802463 0.023255814 0.082969435 0.066666670 0.086956523 0.090909094 0.121338911 0.078947365 0.066666670 0.000000000 0.062500000 0.270833343 0.153225809 0.004784689 0.023255814
0.144230768 0.034782607 0.017094018 0.088122606 0.057777777 0.020576132 0.017094018 0.066666670 0.016528925 0.121771216 0.062992126 0.066666670 0.032520324 0.020576132 0.008333334 0.088122606 0.053097345 0.091603056 0.053097345 0.073929958 0.039301310 0.020576132 0.004184100 0.024590164 0.028571429 0.059288539 0.016528925 0.004184100 0.062500000 0.000000000 0.211920530 0.091603056 0.067264572 0.039301310
0.345588237 0.244897962 0.228187919 0.126153842 0.266435981 0.192182407 0.228187919 0.147335425 0.196078435 0.092537314 0.150943398 0.147335425 0.180645168 0.192182407 0.203947365 0.126153842 0.262068957 0.122699387 0.262068957 0.140186921 0.249146760 0.192182407 0.207920790 0.188311681 0.184466019 0.154574126 0.196078435 0.207920790 0.270833343 0.211920530 0.000000000 0.122699387 0.275261313 0.249146760
0.232758626 0.125984251 0.108527131 0.003508772 0.148594379 0.071161047 0.108527131 0.025089607 0.075187966 0.030508475 0.028776979 0.025089607 0.059259258 0.071161047 0.083333336 0.003508772 0.143999994 0.000000000 0.143999994 0.017793594 0.130434781 0.071161047 0.087452471 0.067164183 0.063197024 0.032490976 0.075187966 0.087452471 0.153225809 0.091603056 0.122699387 0.000000000 0.157894731 0.130434781
0.077720210 0.032558139 0.050228309 0.154471546 0.009523810 0.087719299 0.050228309 0.133333340 0.083700441 0.187500000 0.129707113 0.133333340 0.099567100 0.087719299 0.075555556 0.154471546 0.014218009 0.157894731 0.014218009 0.140495867 0.028037382 0.087719299 0.071428575 0.091703057 0.095652170 0.126050428 0.083700441 0.071428575 0.004784689 0.067264572 0.275261313 0.157894731 0.000000000 0.028037382
0.105527639 0.004524887 0.022222223 0.126984134 0.018518519 0.059829060 0.022222223 0.105691060 0.055793993 0.160305336 0.102040820 0.105691060 0.071729958 0.059829060 0.047619049 0.126984134 0.013824885 0.130434781 0.013824885 0.112903222 0.000000000 0.059829060 0.043478262 0.063829787 0.067796610 0.098360658 0.055793993 0.043478262 0.023255814 0.039301310 0.249146760 0.130434781 0.028037382 0.000000000
