0.022187445 0.054639395 0.022163041 0.067169145 0.033082187 0.045742169 0.036159031 0.039628915 0.042631771 0.060572341 0.048541881 0.058561310 0.049986947 0.042733848 0.033651110 0.027730327 0.032413144 0.056431942 0.038425814 0.055129413 0.035437655 0.051139891 0.028483788 0.039175231 0.047253095 0.053740837 0.043144595 0.039110448 0.028814763 0.048755303 0.083032370 0.072074138 0.041572608 0.024535580
0.054639395 -0.052423179 0.014684759 0.047675297 0.020273402 0.024685457 0.019466804 0.017300867 0.031854134 0.036404252 0.023717847 0.032869637 0.026224185 0.016808191 0.044084437 0.032251779 0.019432548 0.026748303 0.022353448 0.038303465 0.026761608 0.021023445 0.038589645 0.018611696 0.002864384 0.021902490 0.024081267 0.019157693 0.031870894 0.028767785 0.069916621 0.024645958 0.021325205 0.023547944
0.022163041 0.014684759 -0.001295741 0.039057020 0.010504056 0.010115406 -0.000173719 0.003554432 0.004848802 0.028666332 0.011112889 0.028701145 0.014745357 0.009742798 0.027259897 0.014632333 0.002151614 0.023993539 0.010901719 0.019160464 0.003642272 0.010081045 0.013684713 0.001334873 0.016743399 0.020571889 0.002865124 0.006662710 0.012898983 0.009173898 0.052493192 0.031831738 0.018888900 0.004077270
0.067169145 0.047675297 0.039057020 0.005846061 0.040697210 0.037930112 0.032129094 0.027923619 0.042386182 0.009859359 0.028482597 0.024028242 0.021549875 0.027016422 0.065970324 0.073087320 0.046117712 0.020939171 0.038660787 0.028684029 0.052431107 0.035673972 0.066474073 0.031006869 0.034486722 0.026336871 0.040391192 0.040370628 0.059086982 0.033246893 0.032509841 0.019771256 0.041279461 0.043983348
0.033082187 0.020273402 0.010504056 0.040697210 0.000285076 0.022009103 0.009813556 0.016200185 0.020404279 0.033215936 0.021258440 0.026258551 0.022837281 0.017453432 0.034427635 0.026081286 0.015064892 0.023780346 0.019392606 0.027669284 0.011106523 0.029100941 0.026998838 0.015696608 0.018409327 0.026457114 0.014765298 0.019039672 0.023272377 0.017093845 0.056021154 0.036105126 0.030432995 0.014137799
0.045742169 0.024685457 0.010115406 0.037930112 0.022009103 -0.009309115 0.005627992 0.007122790 0.010163096 0.027658954 0.013768319 0.028218459 0.012236773 0.013349831 0.046281122 0.035160970 0.013165978 0.023340905 0.013506609 0.025559686 0.011147059 0.018323036 0.033730399 0.009700611 0.018633220 0.023777124 0.009632356 0.011475679 0.031305395 0.012834510 0.055879585 0.032278832 0.033134390 0.019291446
0.036159031 0.019466804 -0.000173719 0.032129094 0.009813556 0.005627992 -0.011577068 -0.001880625 0.002948573 0.020919053 0.003764429 0.019075774 0.007292130 0.002324232 0.034918185 0.027268164 0.007488003 0.016749581 0.010814287 0.007588844 0.004046878 0.007723094 0.024129599 -0.002046955 0.017536346 0.010253647 -0.000881950 0.002982182 0.019506821 -0.004372480 0.050189208 0.024831042 0.021318899 0.011390176
0.039628915 0.017300867 0.003554432 0.027923619 0.016200185 0.007122790 -0.001880625 -0.002638738 0.007119157 0.016399384 0.005882385 0.016552422 0.001672849 0.000243912 0.037590671 0.031314123 0.012350529 0.013103351 0.008295741 0.010416130 0.010000739 0.009083023 0.028713208 0.001110414 0.007881495 0.009351356 0.000798160 0.006833419 0.025194516 0.002294572 0.039807472 0.019192245 0.024704069 0.016153559
0.042631771 0.031854134 0.004848802 0.042386182 0.020404279 0.010163096 0.002948573 0.007119157 -0.001448625 0.030724252 0.008742535 0.024780959 0.014150290 0.006815501 0.042283174 0.026496198 0.007332258 0.023545960 0.012966419 0.017935168 0.011305128 -0.000289586 0.019223580 0.002572554 0.027258400 0.013283645 0.000700359 0.002112083 0.019771300 -0.001863489 0.065696582 0.034014016 0.026095457 0.014172942
0.060572341 0.036404252 0.028666332 0.009859359 0.033215936 0.027658954 0.020919053 0.016399384 0.030724252 0.005518753 0.015712962 0.010326684 0.009251375 0.017111167 0.058818839 0.058371313 0.036644049 0.008357590 0.028034389 0.013064064 0.040543318 0.024774516 0.056434140 0.022667360 0.021044359 0.007713698 0.027737334 0.031880952 0.048989169 0.023022000 0.025677331 0.008441120 0.031712592 0.035724230
0.048541881 0.023717847 0.011112889 0.028482597 0.021258440 0.013768319 0.003764429 0.005882385 0.008742535 0.015712962 -0.009357427 0.016492931 0.005147790 0.005815164 0.047551028 0.044250660 0.016669799 0.008654551 0.012002576 0.011730589 0.016238047 0.014353275 0.036419831 0.005432774 0.018468659 0.004762596 0.007065526 0.008234745 0.033179041 0.003500149 0.048452634 0.016510697 0.022324448 0.020732295
0.058561310 0.032869637 0.028701145 0.024028242 0.026258551 0.028218459 0.019075774 0.016552422 0.024780959 0.010326684 0.016492931 0.005142618 0.015539508 0.014185438 0.056670442 0.051945247 0.032254372 0.010265313 0.025312074 0.015577788 0.035396181 0.021841222 0.050812490 0.019983187 0.024210894 0.011384465 0.022837652 0.028147681 0.043147407 0.019593148 0.046564020 0.017859627 0.032267805 0.031548221
0.049986947 0.026224185 0.014745357 0.021549875 0.022837281 0.012236773 0.007292130 0.001672849 0.014150290 0.009251375 0.005147790 0.015539508 -0.012645110 0.005245363 0.050150465 0.050430469 0.019532265 0.012627894 0.015511462 0.009781376 0.020774649 0.010898635 0.040110052 0.005789717 0.011637255 0.004534964 0.005573462 0.012685442 0.036558151 0.004435494 0.039733328 0.014546523 0.027321238 0.023251422
0.042733848 0.016808191 0.009742798 0.027016422 0.017453432 0.013349831 0.002324232 0.000243912 0.006815501 0.017111167 0.005815164 0.014185438 0.005245363 -0.008388765 0.039983030 0.035708316 0.011588264 0.010139661 0.005654570 0.010987563 0.008870631 0.010033205 0.032204457 0.005779130 0.012350962 0.007841066 0.003439390 0.008736609 0.027065868 0.005132392 0.045595177 0.018190254 0.023867443 0.017608516
0.033651110 0.044084437 0.027259897 0.065970324 0.034427635 0.046281122 0.034918185 0.037590671 0.042283174 0.058818839 0.047551028 0.056670442 0.050150465 0.039983030 0.021239202 0.018860651 0.030412208 0.056095429 0.033932671 0.052936520 0.036225144 0.048105590 0.036052480 0.037002023 0.038396694 0.054833081 0.043093413 0.033401534 0.032081157 0.046011753 0.073185757 0.071068391 0.042511359 0.026734231
0.027730327 0.032251779 0.014632333 0.073087320 0.026081286 0.035160970 0.027268164 0.031314123 0.026496198 0.058371313 0.044250660 0.051945247 0.050430469 0.035708316 0.018860651 -0.011286646 0.017721178 0.059339251 0.027735943 0.046225674 0.019069262 0.035634071 0.006648418 0.028964391 0.033443216 0.053549662 0.028199060 0.023943357 0.014144715 0.036619604 0.081101567 0.074045613 0.031272337 0.008379417
0.032413144 0.019432548 0.002151614 0.046117712 0.015064892 0.013165978 0.007488003 0.012350529 0.007332258 0.036644049 0.016669799 0.032254372 0.019532265 0.011588264 0.030412208 0.017721178 -0.008916100 0.028164232 0.011978601 0.024893533 0.008075046 0.014533559 0.012740817 0.007984070 0.022468980 0.023441195 0.007816700 0.006030890 0.012404893 0.012093604 0.066309318 0.039679054 0.012212233 0.013020772
0.056431942 0.026748303 0.023993539 0.020939171 0.023780346 0.023340905 0.016749581 0.013103351 0.023545960 0.008357590 0.008654551 0.010265313 0.012627894 0.010139661 0.056095429 0.059339251 0.028164232 -0.010662891 0.021425128 0.019349836 0.031491227 0.019940507 0.052070014 0.017679803 0.022507042 0.008206787 0.018553767 0.023033436 0.042718641 0.013721027 0.037856959 0.010758307 0.027747596 0.027447160
0.038425814 0.022353448 0.010901719 0.038660787 0.019392606 0.013506609 0.010814287 0.008295741 0.012966419 0.028034389 0.012002576 0.025312074 0.015511462 0.005654570 0.033932671 0.027735943 0.011978601 0.021425128 -0.006113127 0.024583265 0.015185639 0.013877726 0.025491847 0.012900974 0.019585676 0.016797617 0.011504894 0.012209844 0.017850235 0.011357134 0.054401919 0.028192081 0.021210434 0.010891344
0.055129413 0.038303465 0.019160464 0.028684029 0.027669284 0.025559686 0.007588844 0.010416130 0.017935168 0.013064064 0.011730589 0.015577788 0.009781376 0.010987563 0.052936520 0.046225674 0.024893533 0.019349836 0.024583265 -0.000339390 0.027652187 0.019900948 0.047496434 0.013777566 0.016813837 0.014944082 0.014041922 0.022119790 0.040153500 0.013228241 0.049277216 0.024781670 0.036501810 0.026673390
0.035437655 0.026761608 0.003642272 0.052431107 0.011106523 0.011147059 0.004046878 0.010000739 0.011305128 0.040543318 0.016238047 0.035396181 0.020774649 0.008870631 0.036225144 0.019069262 0.008075046 0.031491227 0.015185639 0.027652187 0.000695545 0.016069448 0.015863035 0.004773776 0.023170643 0.026683517 0.006308540 0.010974410 0.016202211 0.012808638 0.069478802 0.038614802 0.018974755 0.006913193
0.051139891 0.021023445 0.010081045 0.035673972 0.029100941 0.018323036 0.007723094 0.009083023 -0.000289586 0.024774516 0.014353275 0.021841222 0.010898635 0.010033205 0.048105590 0.035634071 0.014533559 0.019940507 0.013877726 0.019900948 0.016069448 -0.022919942 0.027656808 0.001038064 0.022913463 0.009853024 0.011993336 0.012531534 0.026780576 0.012674748 0.063411191 0.028744556 0.019623147 0.019466672
0.028483788 0.038589645 0.013684713 0.066474073 0.026998838 0.033730399 0.024129599 0.028713208 0.019223580 0.056434140 0.036419831 0.050812490 0.040110052 0.032204457 0.036052480 0.006648418 0.012740817 0.052070014 0.025491847 0.047496434 0.015863035 0.027656808 0.000612207 0.023754450 0.034267563 0.047130290 0.025042845 0.023308042 0.019434657 0.032259218 0.080929458 0.073101774 0.025667408 0.015446389
0.039175231 0.018611696 0.001334873 0.031006869 0.015696608 0.009700611 -0.002046955 0.001110414 0.002572554 0.022667360 0.005432774 0.019983187 0.005789717 0.005779130 0.037002023 0.028964391 0.007984070 0.017679803 0.012900974 0.013777566 0.004773776 0.001038064 0.023754450 -0.002659062 0.015731912 0.009884436 -0.001635891 0.002483532 0.019207455 -0.000503939 0.050152723 0.024430981 0.017592456 0.012901195
0.047253095 0.002864384 0.016743399 0.034486722 0.018409327 0.018633220 0.017536346 0.007881495 0.027258400 0.021044359 0.018468659 0.024210894 0.011637255 0.012350962 0.038396694 0.033443216 0.022468980 0.022507042 0.019585676 0.016813837 0.023170643 0.022913463 0.034267563 0.015731912 -0.030746324 0.016324740 0.014577018 0.015795652 0.037788421 0.018237583 0.052425072 0.023410683 0.032599404 0.020787336
0.053740837 0.021902490 0.020571889 0.026336871 0.026457114 0.023777124 0.010253647 0.009351356 0.013283645 0.007713698 0.004762596 0.011384465 0.004534964 0.007841066 0.054833081 0.053549662 0.023441195 0.008206787 0.016797617 0.014944082 0.026683517 0.009853024 0.047130290 0.009884436 0.016324740 -0.004692219 0.012284445 0.018099237 0.038190365 0.007310648 0.046803158 0.017914504 0.025111035 0.026769042
0.043144595 0.024081267 0.002865124 0.040391192 0.014765298 0.009632356 -0.000881950 0.000798160 0.000700359 0.027737334 0.007065526 0.022837652 0.005573462 0.003439390 0.043093413 0.028199060 0.007816700 0.018553767 0.011504894 0.014041922 0.006308540 0.011993336 0.025042845 -0.001635891 0.014577018 0.012284445 -0.008440499 0.003267474 0.024131596 -0.000442472 0.059536930 0.038579382 0.025431298 0.012799598
0.039110448 0.019157693 0.006662710 0.040370628 0.019039672 0.011475679 0.002982182 0.006833419 0.002112083 0.031880952 0.008234745 0.028147681 0.012685442 0.008736609 0.033401534 0.023943357 0.006030890 0.023033436 0.012209844 0.022119790 0.010974410 0.012531534 0.023308042 0.002483532 0.015795652 0.018099237 0.003267474 -0.001948945 0.019263888 0.005917392 0.055537470 0.036262788 0.016160447 0.013314499
0.028814763 0.031870894 0.012898983 0.059086982 0.023272377 0.031305395 0.019506821 0.025194516 0.019771300 0.048989169 0.033179041 0.043147407 0.036558151 0.027065868 0.032081157 0.014144715 0.012404893 0.042718641 0.017850235 0.040153500 0.016202211 0.026780576 0.019434657 0.019207455 0.037788421 0.038190365 0.024131596 0.019263888 0.005592679 0.027181365 0.074726291 0.061494455 0.025413807 0.014708905
0.048755303 0.028767785 0.009173898 0.033246893 0.017093845 0.012834510 -0.004372480 0.002294572 -0.001863489 0.023022000 0.003500149 0.019593148 0.004435494 0.005132392 0.046011753 0.036619604 0.012093604 0.013721027 0.011357134 0.013228241 0.012808638 0.012674748 0.032259218 -0.000503939 0.018237583 0.007310648 -0.000442472 0.005917392 0.027181365 -0.016993567 0.060492821 0.036929913 0.025632391 0.018925376
0.083032370 0.069916621 0.052493192 0.032509841 0.056021154 0.055879585 0.050189208 0.039807472 0.065696582 0.025677331 0.048452634 0.046564020 0.039733328 0.045595177 0.073185757 0.081101567 0.066309318 0.037856959 0.054401919 0.049277216 0.069478802 0.063411191 0.080929458 0.050152723 0.052425072 0.046803158 0.059536930 0.055537470 0.074726291 0.060492821 0.001690157 0.052919634 0.067599900 0.052275162
0.072074138 0.024645958 0.031831738 0.019771256 0.036105126 0.032278832 0.024831042 0.019192245 0.034014016 0.008441120 0.016510697 0.017859627 0.014546523 0.018190254 0.071068391 0.074045613 0.039679054 0.010758307 0.028192081 0.024781670 0.038614802 0.028744556 0.073101774 0.024430981 0.023410683 0.017914504 0.038579382 0.036262788 0.061494455 0.036929913 0.052919634 -0.020371675 0.046317589 0.036421832
0.041572608 0.021325205 0.018888900 0.041279461 0.030432995 0.033134390 0.021318899 0.024704069 0.026095457 0.031712592 0.022324448 0.032267805 0.027321238 0.023867443 0.042511359 0.031272337 0.012212233 0.027747596 0.021210434 0.036501810 0.018974755 0.019623147 0.025667408 0.017592456 0.032599404 0.025111035 0.025431298 0.016160447 0.025413807 0.025632391 0.067599900 0.046317589 -0.025084481 0.025356637
0.024535580 0.023547944 0.004077270 0.043983348 0.014137799 0.019291446 0.011390176 0.016153559 0.014172942 0.035724230 0.020732295 0.031548221 0.023251422 0.017608516 0.026734231 0.008379417 0.013020772 0.027447160 0.010891344 0.026673390 0.006913193 0.019466672 0.015446389 0.012901195 0.020787336 0.026769042 0.012799598 0.013314499 0.014708905 0.018925376 0.052275162 0.036421832 0.025356637 -0.007697711
