0.000000000 0.013215859 0.004366812 0.068825908 0.065040648 0.057377048 0.111969113 0.087301590 0.098039217 0.122137405 0.101562500 0.157509163 0.111969113 0.132075474 0.008620690 0.079999998 0.004329004 0.111969113 0.049586777 0.041666668 0.029535865 0.083665341 0.029535865 0.083665341 0.013215859 0.105058365 0.045643155 0.098039217 0.008771930 0.045643155 0.335260123 0.108527131 0.049586777 0.033613447
0.013215859 0.000000000 0.008849557 0.081967212 0.078189299 0.070539422 0.125000000 0.100401610 0.111111112 0.135135129 0.114624508 0.170370370 0.125000000 0.145038173 0.021834061 0.093117408 0.017543860 0.125000000 0.062761508 0.054852322 0.042735044 0.096774191 0.042735044 0.096774191 0.000000000 0.118110240 0.058823530 0.111111112 0.004444445 0.058823530 0.346938789 0.121568628 0.062761508 0.046808511
0.004366812 0.008849557 0.000000000 0.073170729 0.069387756 0.061728396 0.116279073 0.091633469 0.102362208 0.126436785 0.105882354 0.161764711 0.116279073 0.136363640 0.012987013 0.084337346 0.008695652 0.116279073 0.053941909 0.046025105 0.033898305 0.088000000 0.033898305 0.088000000 0.008849557 0.109375000 0.050000001 0.102362208 0.004405286 0.050000001 0.339130431 0.112840466 0.053941909 0.037974682
0.068825908 0.081967212 0.073170729 0.000000000 0.003802281 0.011494253 0.043478262 0.018587360 0.029411765 0.053763442 0.032967035 0.089655176 0.043478262 0.063829787 0.060240965 0.011235955 0.064516127 0.043478262 0.019305019 0.027237354 0.039370079 0.014925373 0.039370079 0.014925373 0.081967212 0.036496349 0.023255814 0.029411765 0.077551022 0.023255814 0.272727281 0.039999999 0.019305019 0.035294119
0.065040648 0.078189299 0.069387756 0.003802281 0.000000000 0.007692308 0.047272727 0.022388060 0.033210333 0.057553958 0.036764707 0.093425609 0.047272727 0.067615658 0.056451611 0.015037594 0.060728744 0.047272727 0.015503876 0.023437500 0.035573121 0.018726591 0.035573121 0.018726591 0.078189299 0.040293042 0.019455252 0.033210333 0.073770493 0.019455252 0.276243091 0.043795619 0.015503876 0.031496063
0.057377048 0.070539422 0.061728396 0.011494253 0.007692308 0.000000000 0.054945055 0.030075189 0.040892195 0.065217391 0.044444446 0.101045296 0.054945055 0.075268820 0.048780486 0.022727273 0.053061225 0.054945055 0.007812500 0.015748031 0.027888447 0.026415095 0.027888447 0.026415095 0.070539422 0.047970481 0.011764706 0.040892195 0.066115700 0.011764706 0.283333331 0.051470589 0.007812500 0.023809524
0.111969113 0.125000000 0.116279073 0.043478262 0.047272727 0.054945055 0.000000000 0.024911031 0.014084507 0.010309278 0.010526316 0.046357617 0.000000000 0.020408163 0.103448279 0.032258064 0.107692309 0.000000000 0.062730625 0.070631973 0.082706764 0.028571429 0.082706764 0.028571429 0.125000000 0.006993007 0.066666670 0.014084507 0.120622568 0.066666670 0.231999993 0.003484321 0.062730625 0.078651689
0.087301590 0.100401610 0.091633469 0.018587360 0.022388060 0.030075189 0.024911031 0.000000000 0.010830325 0.035211269 0.014388490 0.071186438 0.024911031 0.045296166 0.078740157 0.007352941 0.083003953 0.024911031 0.037878789 0.045801528 0.057915058 0.003663004 0.057915058 0.003663004 0.100401610 0.017921148 0.041825093 0.010830325 0.096000001 0.041825093 0.255434781 0.021428572 0.037878789 0.053846154
0.098039217 0.111111112 0.102362208 0.029411765 0.033210333 0.040892195 0.014084507 0.010830325 0.000000000 0.024390243 0.003558719 0.060402684 0.014084507 0.034482758 0.089494161 0.018181818 0.093750000 0.014084507 0.048689138 0.056603774 0.068702288 0.014492754 0.068702288 0.014492754 0.111111112 0.007092198 0.052631579 0.000000000 0.106719367 0.052631579 0.245283023 0.010600707 0.048689138 0.064638786
0.122137405 0.135135129 0.126436785 0.053763442 0.057553958 0.065217391 0.010309278 0.035211269 0.024390243 0.000000000 0.020833334 0.036065575 0.010309278 0.010101010 0.113636367 0.042553190 0.117870726 0.010309278 0.072992697 0.080882356 0.092936806 0.038869258 0.092936806 0.038869258 0.135135129 0.017301038 0.076923080 0.024390243 0.130769238 0.076923080 0.222222224 0.013793103 0.072992697 0.088888891
0.101562500 0.114624508 0.105882354 0.032967035 0.036764707 0.044444446 0.010526316 0.014388490 0.003558719 0.020833334 0.000000000 0.056856189 0.010526316 0.030927835 0.093023255 0.021739131 0.097276263 0.010526316 0.052238807 0.060150377 0.072243348 0.018050542 0.072243348 0.018050542 0.114624508 0.003533569 0.056179777 0.003558719 0.110236220 0.056179777 0.241935477 0.007042253 0.052238807 0.068181820
0.157509163 0.170370370 0.161764711 0.089655176 0.093425609 0.101045296 0.046357617 0.071186438 0.060402684 0.036065575 0.056856189 0.000000000 0.046357617 0.025974026 0.149090916 0.078498296 0.153284669 0.046357617 0.108771928 0.116607770 0.128571436 0.074829929 0.128571436 0.074829929 0.170370370 0.053333335 0.112676054 0.060402684 0.166051656 0.112676054 0.187660664 0.049833886 0.108771928 0.124555163
0.111969113 0.125000000 0.116279073 0.043478262 0.047272727 0.054945055 0.000000000 0.024911031 0.014084507 0.010309278 0.010526316 0.046357617 0.000000000 0.020408163 0.103448279 0.032258064 0.107692309 0.000000000 0.062730625 0.070631973 0.082706764 0.028571429 0.082706764 0.028571429 0.125000000 0.006993007 0.066666670 0.014084507 0.120622568 0.066666670 0.231999993 0.003484321 0.062730625 0.078651689
0.132075474 0.145038173 0.136363640 0.063829787 0.067615658 0.075268820 0.020408163 0.045296166 0.034482758 0.010101010 0.030927835 0.025974026 0.020408163 0.000000000 0.123595506 0.052631579 0.127819553 0.020408163 0.083032489 0.090909094 0.102941178 0.048951048 0.102941178 0.048951048 0.145038173 0.027397260 0.086956523 0.034482758 0.140684411 0.086956523 0.212598428 0.023890786 0.083032489 0.098901100
0.008620690 0.021834061 0.012987013 0.060240965 0.056451611 0.048780486 0.103448279 0.078740157 0.089494161 0.113636367 0.093023255 0.149090916 0.103448279 0.123595506 0.000000000 0.071428575 0.004291845 0.103448279 0.040983606 0.033057850 0.020920502 0.075098813 0.020920502 0.075098813 0.021834061 0.096525095 0.037037037 0.089494161 0.017391304 0.037037037 0.327586204 0.100000001 0.040983606 0.025000000
0.079999998 0.093117408 0.084337346 0.011235955 0.015037594 0.022727273 0.032258064 0.007352941 0.018181818 0.042553190 0.021739131 0.078498296 0.032258064 0.052631579 0.071428575 0.000000000 0.075697213 0.032258064 0.030534351 0.038461540 0.050583657 0.003690037 0.050583657 0.003690037 0.093117408 0.025270758 0.034482758 0.018181818 0.088709675 0.034482758 0.262295067 0.028776979 0.030534351 0.046511628
0.004329004 0.017543860 0.008695652 0.064516127 0.060728744 0.053061225 0.107692309 0.083003953 0.093750000 0.117870726 0.097276263 0.153284669 0.107692309 0.127819553 0.004291845 0.075697213 0.000000000 0.107692309 0.045267489 0.037344400 0.025210084 0.079365082 0.025210084 0.079365082 0.017543860 0.100775197 0.041322313 0.093750000 0.013100437 0.041322313 0.331412107 0.104247101 0.045267489 0.029288704
0.111969113 0.125000000 0.116279073 0.043478262 0.047272727 0.054945055 0.000000000 0.024911031 0.014084507 0.010309278 0.010526316 0.046357617 0.000000000 0.020408163 0.103448279 0.032258064 0.107692309 0.000000000 0.062730625 0.070631973 0.082706764 0.028571429 0.082706764 0.028571429 0.125000000 0.006993007 0.066666670 0.014084507 0.120622568 0.066666670 0.231999993 0.003484321 0.062730625 0.078651689
0.049586777 0.062761508 0.053941909 0.019305019 0.015503876 0.007812500 0.062730625 0.037878789 0.048689138 0.072992697 0.052238807 0.108771928 0.062730625 0.083032489 0.040983606 0.030534351 0.045267489 0.062730625 0.000000000 0.007936508 0.020080321 0.034220532 0.020080321 0.034220532 0.062761508 0.055762082 0.003952569 0.048689138 0.058333334 0.003952569 0.290502787 0.059259258 0.000000000 0.016000001
0.041666668 0.054852322 0.046025105 0.027237354 0.023437500 0.015748031 0.070631973 0.045801528 0.056603774 0.080882356 0.060150377 0.116607770 0.070631973 0.090909094 0.033057850 0.038461540 0.037344400 0.070631973 0.007936508 0.000000000 0.012145749 0.042145595 0.012145749 0.042145595 0.054852322 0.063670412 0.003984064 0.056603774 0.050420169 0.003984064 0.297752798 0.067164183 0.007936508 0.008064516
0.029535865 0.042735044 0.033898305 0.039370079 0.035573121 0.027888447 0.082706764 0.057915058 0.068702288 0.092936806 0.072243348 0.128571436 0.082706764 0.102941178 0.020920502 0.050583657 0.025210084 0.082706764 0.020080321 0.012145749 0.000000000 0.054263566 0.000000000 0.054263566 0.042735044 0.075757578 0.016129032 0.068702288 0.038297873 0.016129032 0.308781862 0.079245284 0.020080321 0.004081632
0.083665341 0.096774191 0.088000000 0.014925373 0.018726591 0.026415095 0.028571429 0.003663004 0.014492754 0.038869258 0.018050542 0.074829929 0.028571429 0.048951048 0.075098813 0.003690037 0.079365082 0.028571429 0.034220532 0.042145595 0.054263566 0.000000000 0.054263566 0.000000000 0.096774191 0.021582734 0.038167939 0.014492754 0.092369474 0.038167939 0.258855581 0.025089607 0.034220532 0.050193049
0.029535865 0.042735044 0.033898305 0.039370079 0.035573121 0.027888447 0.082706764 0.057915058 0.068702288 0.092936806 0.072243348 0.128571436 0.082706764 0.102941178 0.020920502 0.050583657 0.025210084 0.082706764 0.020080321 0.012145749 0.000000000 0.054263566 0.000000000 0.054263566 0.042735044 0.075757578 0.016129032 0.068702288 0.038297873 0.016129032 0.308781862 0.079245284 0.020080321 0.004081632
0.083665341 0.096774191 0.088000000 0.014925373 0.018726591 0.026415095 0.028571429 0.003663004 0.014492754 0.038869258 0.018050542 0.074829929 0.028571429 0.048951048 0.075098813 0.003690037 0.079365082 0.028571429 0.034220532 0.042145595 0.054263566 0.000000000 0.054263566 0.000000000 0.096774191 0.021582734 0.038167939 0.014492754 0.092369474 0.038167939 0.258855581 0.025089607 0.034220532 0.050193049
0.013215859 0.000000000 0.008849557 0.081967212 0.078189299 0.070539422 0.125000000 0.100401610 0.111111112 0.135135129 0.114624508 0.170370370 0.125000000 0.145038173 0.021834061 0.093117408 0.017543860 0.125000000 0.062761508 0.054852322 0.042735044 0.096774191 0.042735044 0.096774191 0.000000000 0.118110240 0.058823530 0.111111112 0.004444445 0.058823530 0.346938789 0.121568628 0.062761508 0.046808511
0.105058365 0.118110240 0.109375000 0.036496349 0.040293042 0.047970481 0.006993007 0.017921148 0.007092198 0.017301038 0.003533569 0.053333335 0.006993007 0.027397260 0.096525095 0.025270758 0.100775197 0.006993007 0.055762082 0.063670412 0.075757578 0.021582734 0.075757578 0.021582734 0.118110240 0.000000000 0.059701491 0.007092198 0.113725491 0.059701491 0.238605902 0.003508772 0.055762082 0.071698114
0.045643155 0.058823530 0.050000001 0.023255814 0.019455252 0.011764706 0.066666670 0.041825093 0.052631579 0.076923080 0.056179777 0.112676054 0.066666670 0.086956523 0.037037037 0.034482758 0.041322313 0.066666670 0.003952569 0.003984064 0.016129032 0.038167939 0.016129032 0.038167939 0.058823530 0.059701491 0.000000000 0.052631579 0.054393306 0.000000000 0.294117659 0.063197024 0.003952569 0.012048192
0.098039217 0.111111112 0.102362208 0.029411765 0.033210333 0.040892195 0.014084507 0.010830325 0.000000000 0.024390243 0.003558719 0.060402684 0.014084507 0.034482758 0.089494161 0.018181818 0.093750000 0.014084507 0.048689138 0.056603774 0.068702288 0.014492754 0.068702288 0.014492754 0.111111112 0.007092198 0.052631579 0.000000000 0.106719367 0.052631579 0.245283023 0.010600707 0.048689138 0.064638786
0.008771930 0.004444445 0.004405286 0.077551022 0.073770493 0.066115700 0.120622568 0.096000001 0.106719367 0.130769238 0.110236220 0.166051656 0.120622568 0.140684411 0.017391304 0.088709675 0.013100437 0.120622568 0.058333334 0.050420169 0.038297873 0.092369474 0.038297873 0.092369474 0.004444445 0.113725491 0.054393306 0.106719367 0.000000000 0.054393306 0.343023270 0.117187500 0.058333334 0.042372882
0.045643155 0.058823530 0.050000001 0.023255814 0.019455252 0.011764706 0.066666670 0.041825093 0.052631579 0.076923080 0.056179777 0.112676054 0.066666670 0.086956523 0.037037037 0.034482758 0.041322313 0.066666670 0.003952569 0.003984064 0.016129032 0.038167939 0.016129032 0.038167939 0.058823530 0.059701491 0.000000000 0.052631579 0.054393306 0.000000000 0.294117659 0.063197024 0.003952569 0.012048192
0.335260123 0.346938789 0.339130431 0.272727281 0.276243091 0.283333331 0.231999993 0.255434781 0.245283023 0.222222224 0.241935477 0.187660664 0.231999993 0.212598428 0.327586204 0.262295067 0.331412107 0.231999993 0.290502787 0.297752798 0.308781862 0.258855581 0.308781862 0.258855581 0.346938789 0.238605902 0.294117659 0.245283023 0.343023270 0.294117659 0.000000000 0.235294119 0.290502787 0.305084735
0.108527131 0.121568628 0.112840466 0.039999999 0.043795619 0.051470589 0.003484321 0.021428572 0.010600707 0.013793103 0.007042253 0.049833886 0.003484321 0.023890786 0.100000001 0.028776979 0.104247101 0.003484321 0.059259258 0.067164183 0.079245284 0.025089607 0.079245284 0.025089607 0.121568628 0.003508772 0.063197024 0.010600707 0.117187500 0.063197024 0.235294119 0.000000000 0.059259258 0.075187966
0.049586777 0.062761508 0.053941909 0.019305019 0.015503876 0.007812500 0.062730625 0.037878789 0.048689138 0.072992697 0.052238807 0.108771928 0.062730625 0.083032489 0.040983606 0.030534351 0.045267489 0.062730625 0.000000000 0.007936508 0.020080321 0.034220532 0.020080321 0.034220532 0.062761508 0.055762082 0.003952569 0.048689138 0.058333334 0.003952569 0.290502787 0.059259258 0.000000000 0.016000001
0.033613447 0.046808511 0.037974682 0.035294119 0.031496063 0.023809524 0.078651689 0.053846154 0.064638786 0.088888891 0.068181820 0.124555163 0.078651689 0.098901100 0.025000000 0.046511628 0.029288704 0.078651689 0.016000001 0.008064516 0.004081632 0.050193049 0.004081632 0.050193049 0.046808511 0.071698114 0.012048192 0.064638786 0.042372882 0.012048192 0.305084735 0.075187966 0.016000001 0.000000000
