0.000000000 0.216589868 0.186602876 0.341085285 0.065934069 0.223744288 0.237668157 0.209302321 0.247787610 0.285714298 0.209302321 0.260869563 0.170731708 0.247787610 0.100529097 0.137055844 0.141414136 0.212962970 0.154228851 0.270386279 0.170731708 0.254385978 0.141414136 0.230769232 0.182692304 0.251101315 0.170731708 0.212962970 0.128205135 0.234234229 0.372693717 0.198113203 0.282700419 0.105263159
0.216589868 0.000000000 0.031250000 0.134426236 0.152838424 0.007518797 0.022222223 0.007633588 0.032967035 0.073684208 0.007633588 0.046931408 0.047619049 0.032967035 0.118644066 0.081967212 0.077551022 0.003802281 0.064516127 0.057142857 0.047619049 0.039999999 0.077551022 0.014925373 0.035294119 0.036496349 0.047619049 0.003802281 0.090909094 0.018587360 0.169811323 0.019305019 0.070422538 0.113924049
0.186602876 0.031250000 0.000000000 0.164983168 0.122171946 0.038759690 0.053435113 0.023622047 0.064150944 0.104693137 0.023622047 0.078066915 0.016393442 0.064150944 0.087719299 0.050847456 0.046413504 0.027450981 0.033333335 0.088235296 0.016393442 0.071161047 0.046413504 0.046153847 0.004048583 0.067669176 0.016393442 0.027450981 0.059829060 0.049808428 0.200000003 0.011952192 0.101449274 0.082969435
0.341085285 0.134426236 0.164983168 0.000000000 0.281481475 0.127035826 0.112540193 0.141914189 0.101910830 0.061349694 0.141914189 0.088050313 0.180887371 0.101910830 0.249097466 0.214035094 0.209790215 0.138157889 0.197231829 0.077881619 0.180887371 0.094936706 0.209790215 0.119741097 0.168918923 0.098412700 0.180887371 0.138157889 0.222614840 0.116129033 0.036211699 0.153333336 0.064615384 0.244604319
0.065934069 0.152838424 0.122171946 0.281481475 0.000000000 0.160173163 0.174468085 0.145374447 0.184873953 0.224000007 0.145374447 0.198347107 0.105990782 0.184873953 0.034825869 0.071770333 0.076190479 0.149122804 0.089201875 0.208163261 0.105990782 0.191666663 0.076190479 0.167381972 0.118181817 0.188284516 0.105990782 0.149122804 0.062801935 0.170940176 0.314487636 0.133928567 0.220883533 0.039603960
0.223744288 0.007518797 0.038759690 0.127035826 0.160173163 0.000000000 0.014705882 0.015151516 0.025454545 0.066202089 0.015151516 0.039426524 0.055118110 0.025454545 0.126050428 0.089430891 0.085020244 0.011320755 0.071999997 0.049645390 0.055118110 0.032490976 0.085020244 0.007407407 0.042801555 0.028985508 0.055118110 0.011320755 0.098360658 0.011070111 0.162499994 0.026819924 0.062937066 0.121338911
0.237668157 0.022222223 0.053435113 0.112540193 0.174468085 0.014705882 0.000000000 0.029850746 0.010752688 0.051546391 0.029850746 0.024734983 0.069767445 0.010752688 0.140495867 0.104000002 0.099601597 0.026022306 0.086614177 0.034965035 0.069767445 0.017793594 0.099601597 0.007299270 0.057471264 0.014285714 0.069767445 0.026022306 0.112903222 0.003636364 0.148148149 0.041509435 0.048275862 0.135802463
0.209302321 0.007633588 0.023622047 0.141914189 0.145374447 0.015151516 0.029850746 0.000000000 0.040590405 0.081272088 0.000000000 0.054545455 0.039999999 0.040590405 0.111111112 0.074380167 0.069958851 0.003831418 0.056910571 0.064748198 0.039999999 0.047619049 0.069958851 0.022556391 0.027667984 0.044117648 0.039999999 0.003831418 0.083333336 0.026217228 0.177215189 0.011673152 0.078014188 0.106382981
0.247787610 0.032967035 0.064150944 0.101910830 0.184873953 0.025454545 0.010752688 0.040590405 0.000000000 0.040816326 0.040590405 0.013986014 0.080459774 0.000000000 0.151020408 0.114624508 0.110236220 0.036764707 0.097276263 0.024221454 0.080459774 0.007042253 0.110236220 0.018050542 0.068181820 0.003533569 0.080459774 0.036764707 0.123505980 0.014388490 0.137614682 0.052238807 0.037542664 0.146341458
0.285714298 0.073684208 0.104693137 0.061349694 0.224000007 0.066202089 0.051546391 0.081272088 0.040816326 0.000000000 0.081272088 0.026845638 0.120879121 0.040816326 0.190661475 0.154716983 0.150375932 0.077464789 0.137546465 0.016611295 0.120879121 0.033783782 0.150375932 0.058823530 0.108695649 0.037288137 0.120879121 0.077464789 0.163498104 0.055172414 0.097345136 0.092857145 0.003278689 0.186046511
0.209302321 0.007633588 0.023622047 0.141914189 0.145374447 0.015151516 0.029850746 0.000000000 0.040590405 0.081272088 0.000000000 0.054545455 0.039999999 0.040590405 0.111111112 0.074380167 0.069958851 0.003831418 0.056910571 0.064748198 0.039999999 0.047619049 0.069958851 0.022556391 0.027667984 0.044117648 0.039999999 0.003831418 0.083333336 0.026217228 0.177215189 0.011673152 0.078014188 0.106382981
0.260869563 0.046931408 0.078066915 0.088050313 0.198347107 0.039426524 0.024734983 0.054545455 0.013986014 0.026845638 0.054545455 0.000000000 0.094339624 0.013986014 0.164658636 0.128404662 0.124031007 0.050724637 0.111111112 0.010238908 0.094339624 0.006944444 0.124031007 0.032028470 0.082089551 0.010452962 0.094339624 0.050724637 0.137254909 0.028368793 0.123867072 0.066176474 0.023569023 0.159999996
0.170731708 0.047619049 0.016393442 0.180887371 0.105990782 0.055118110 0.069767445 0.039999999 0.080459774 0.120879121 0.039999999 0.094339624 0.000000000 0.080459774 0.071428575 0.034482758 0.030042918 0.043824703 0.016949153 0.104477614 0.000000000 0.087452471 0.030042918 0.062500000 0.012345679 0.083969466 0.000000000 0.043824703 0.043478262 0.066147856 0.215686277 0.028340081 0.117647059 0.066666670
0.247787610 0.032967035 0.064150944 0.101910830 0.184873953 0.025454545 0.010752688 0.040590405 0.000000000 0.040816326 0.040590405 0.013986014 0.080459774 0.000000000 0.151020408 0.114624508 0.110236220 0.036764707 0.097276263 0.024221454 0.080459774 0.007042253 0.110236220 0.018050542 0.068181820 0.003533569 0.080459774 0.036764707 0.123505980 0.014388490 0.137614682 0.052238807 0.037542664 0.146341458
0.100529097 0.118644066 0.087719299 0.249097466 0.034825869 0.126050428 0.140495867 0.111111112 0.151020408 0.190661475 0.111111112 0.164658636 0.071428575 0.151020408 0.000000000 0.037037037 0.041474655 0.114893615 0.054545455 0.174603179 0.071428575 0.157894731 0.041474655 0.133333340 0.083700441 0.154471546 0.071428575 0.114893615 0.028037382 0.136929467 0.282758623 0.099567100 0.187500000 0.004784689
0.137055844 0.081967212 0.050847456 0.214035094 0.071770333 0.089430891 0.104000002 0.074380167 0.114624508 0.154716983 0.074380167 0.128404662 0.034482758 0.114624508 0.037037037 0.000000000 0.004444445 0.078189299 0.017543860 0.138461545 0.034482758 0.121568628 0.004444445 0.096774191 0.046808511 0.118110240 0.034482758 0.078189299 0.009009009 0.100401610 0.248322144 0.062761508 0.151515156 0.032258064
0.141414136 0.077551022 0.046413504 0.209790215 0.076190479 0.085020244 0.099601597 0.069958851 0.110236220 0.150375932 0.069958851 0.124031007 0.030042918 0.110236220 0.041474655 0.004444445 0.000000000 0.073770493 0.013100437 0.134099618 0.030042918 0.117187500 0.000000000 0.092369474 0.042372882 0.113725491 0.030042918 0.073770493 0.013452915 0.096000001 0.244147152 0.058333334 0.147169814 0.036697246
0.212962970 0.003802281 0.027450981 0.138157889 0.149122804 0.011320755 0.026022306 0.003831418 0.036764707 0.077464789 0.003831418 0.050724637 0.043824703 0.036764707 0.114893615 0.078189299 0.073770493 0.000000000 0.060728744 0.060931899 0.043824703 0.043795619 0.073770493 0.018726591 0.031496063 0.040293042 0.043824703 0.000000000 0.087136932 0.022388060 0.173501581 0.015503876 0.074204944 0.110169493
0.154228851 0.064516127 0.033333335 0.197231829 0.089201875 0.071999997 0.086614177 0.056910571 0.097276263 0.137546465 0.056910571 0.111111112 0.016949153 0.097276263 0.054545455 0.017543860 0.013100437 0.060728744 0.000000000 0.121212125 0.016949153 0.104247101 0.013100437 0.079365082 0.029288704 0.100775197 0.016949153 0.060728744 0.026548672 0.083003953 0.231788084 0.045267489 0.134328365 0.049773756
0.270386279 0.057142857 0.088235296 0.077881619 0.208163261 0.049645390 0.034965035 0.064748198 0.024221454 0.016611295 0.064748198 0.010238908 0.104477614 0.024221454 0.174603179 0.138461545 0.134099618 0.060931899 0.121212125 0.000000000 0.104477614 0.017182130 0.134099618 0.042253520 0.092250921 0.020689655 0.104477614 0.060931899 0.147286817 0.038596492 0.113772452 0.076363638 0.013333334 0.169960469
0.170731708 0.047619049 0.016393442 0.180887371 0.105990782 0.055118110 0.069767445 0.039999999 0.080459774 0.120879121 0.039999999 0.094339624 0.000000000 0.080459774 0.071428575 0.034482758 0.030042918 0.043824703 0.016949153 0.104477614 0.000000000 0.087452471 0.030042918 0.062500000 0.012345679 0.083969466 0.000000000 0.043824703 0.043478262 0.066147856 0.215686277 0.028340081 0.117647059 0.066666670
0.254385978 0.039999999 0.071161047 0.094936706 0.191666663 0.032490976 0.017793594 0.047619049 0.007042253 0.033783782 0.047619049 0.006944444 0.087452471 0.007042253 0.157894731 0.121568628 0.117187500 0.043795619 0.104247101 0.017182130 0.087452471 0.000000000 0.117187500 0.025089607 0.075187966 0.003508772 0.087452471 0.043795619 0.130434781 0.021428572 0.130699083 0.059259258 0.030508475 0.153225809
0.141414136 0.077551022 0.046413504 0.209790215 0.076190479 0.085020244 0.099601597 0.069958851 0.110236220 0.150375932 0.069958851 0.124031007 0.030042918 0.110236220 0.041474655 0.004444445 0.000000000 0.073770493 0.013100437 0.134099618 0.030042918 0.117187500 0.000000000 0.092369474 0.042372882 0.113725491 0.030042918 0.073770493 0.013452915 0.096000001 0.244147152 0.058333334 0.147169814 0.036697246
0.230769232 0.014925373 0.046153847 0.119741097 0.167381972 0.007407407 0.007299270 0.022556391 0.018050542 0.058823530 0.022556391 0.032028470 0.062500000 0.018050542 0.133333340 0.096774191 0.092369474 0.018726591 0.079365082 0.042253520 0.062500000 0.025089607 0.092369474 0.000000000 0.050193049 0.021582734 0.062500000 0.018726591 0.105691060 0.003663004 0.155279502 0.034220532 0.055555556 0.128630713
0.182692304 0.035294119 0.004048583 0.168918923 0.118181817 0.042801555 0.057471264 0.027667984 0.068181820 0.108695649 0.027667984 0.082089551 0.012345679 0.068181820 0.083700441 0.046808511 0.042372882 0.031496063 0.029288704 0.092250921 0.012345679 0.075187966 0.042372882 0.050193049 0.000000000 0.071698114 0.012345679 0.031496063 0.055793993 0.053846154 0.203883499 0.016000001 0.105454542 0.078947365
0.251101315 0.036496349 0.067669176 0.098412700 0.188284516 0.028985508 0.014285714 0.044117648 0.003533569 0.037288137 0.044117648 0.010452962 0.083969466 0.003533569 0.154471546 0.118110240 0.113725491 0.040293042 0.100775197 0.020689655 0.083969466 0.003508772 0.113725491 0.021582734 0.071698114 0.000000000 0.083969466 0.040293042 0.126984134 0.017921148 0.134146348 0.055762082 0.034013607 0.149797574
0.170731708 0.047619049 0.016393442 0.180887371 0.105990782 0.055118110 0.069767445 0.039999999 0.080459774 0.120879121 0.039999999 0.094339624 0.000000000 0.080459774 0.071428575 0.034482758 0.030042918 0.043824703 0.016949153 0.104477614 0.000000000 0.087452471 0.030042918 0.062500000 0.012345679 0.083969466 0.000000000 0.043824703 0.043478262 0.066147856 0.215686277 0.028340081 0.117647059 0.066666670
0.212962970 0.003802281 0.027450981 0.138157889 0.149122804 0.011320755 0.026022306 0.003831418 0.036764707 0.077464789 0.003831418 0.050724637 0.043824703 0.036764707 0.114893615 0.078189299 0.073770493 0.000000000 0.060728744 0.060931899 0.043824703 0.043795619 0.073770493 0.018726591 0.031496063 0.040293042 0.043824703 0.000000000 0.087136932 0.022388060 0.173501581 0.015503876 0.074204944 0.110169493
0.128205135 0.090909094 0.059829060 0.222614840 0.062801935 0.098360658 0.112903222 0.083333336 0.123505980 0.163498104 0.083333336 0.137254909 0.043478262 0.123505980 0.028037382 0.009009009 0.013452915 0.087136932 0.026548672 0.147286817 0.043478262 0.130434781 0.013452915 0.105691060 0.055793993 0.126984134 0.043478262 0.087136932 0.000000000 0.109311745 0.256756753 0.071729958 0.160305336 0.023255814
0.234234229 0.018587360 0.049808428 0.116129033 0.170940176 0.011070111 0.003636364 0.026217228 0.014388490 0.055172414 0.026217228 0.028368793 0.066147856 0.014388490 0.136929467 0.100401610 0.096000001 0.022388060 0.083003953 0.038596492 0.066147856 0.021428572 0.096000001 0.003663004 0.053846154 0.017921148 0.066147856 0.022388060 0.109311745 0.000000000 0.151702791 0.037878789 0.051903114 0.132231399
0.372693717 0.169811323 0.200000003 0.036211699 0.314487636 0.162499994 0.148148149 0.177215189 0.137614682 0.097345136 0.177215189 0.123867072 0.215686277 0.137614682 0.282758623 0.248322144 0.244147152 0.173501581 0.231788084 0.113772452 0.215686277 0.130699083 0.244147152 0.155279502 0.203883499 0.134146348 0.215686277 0.173501581 0.256756753 0.151702791 0.000000000 0.188498408 0.100591719 0.278350502
0.198113203 0.019305019 0.011952192 0.153333336 0.133928567 0.026819924 0.041509435 0.011673152 0.052238807 0.092857145 0.011673152 0.066176474 0.028340081 0.052238807 0.099567100 0.062761508 0.058333334 0.015503876 0.045267489 0.076363638 0.028340081 0.059259258 0.058333334 0.034220532 0.016000001 0.055762082 0.028340081 0.015503876 0.071729958 0.037878789 0.188498408 0.000000000 0.089605734 0.094827585
0.282700419 0.070422538 0.101449274 0.064615384 0.220883533 0.062937066 0.048275862 0.078014188 0.037542664 0.003278689 0.078014188 0.023569023 0.117647059 0.037542664 0.187500000 0.151515156 0.147169814 0.074204944 0.134328365 0.013333334 0.117647059 0.030508475 0.147169814 0.055555556 0.105454542 0.034013607 0.117647059 0.074204944 0.160305336 0.051903114 0.100591719 0.089605734 0.000000000 0.182879373
0.105263159 0.113924049 0.082969435 0.244604319 0.039603960 0.121338911 0.135802463 0.106382981 0.146341458 0.186046511 0.106382981 0.159999996 0.066666670 0.146341458 0.004784689 0.032258064 0.036697246 0.110169493 0.049773756 0.169960469 0.066666670 0.153225809 0.036697246 0.128630713 0.078947365 0.149797574 0.066666670 0.110169493 0.023255814 0.132231399 0.278350502 0.094827585 0.182879373 0.000000000
