0.000000000 0.057692308 0.057692308 0.212851405 0.020000000 0.140350878 0.109090909 0.092592590 0.066666670 0.209677413 0.128888890 0.193415642 0.100917429 0.071090050 0.113122173 0.062200956 0.039215688 0.209677413 0.088372096 0.176470593 0.066666670 0.179916322 0.034482758 0.092592590 0.151515156 0.169491529 0.121076234 0.096774191 0.034482758 0.121076234 0.300000012 0.260377347 0.005076142 0.075471699
0.057692308 0.000000000 0.000000000 0.157088116 0.037735850 0.083333336 0.051724140 0.035087720 0.009009009 0.153846160 0.071729958 0.137254909 0.043478262 0.013452915 0.055793993 0.004524887 0.018518519 0.153846160 0.030837005 0.119999997 0.009009009 0.123505980 0.023255814 0.035087720 0.094650209 0.112903222 0.063829787 0.039301310 0.023255814 0.063829787 0.246575341 0.205776170 0.052631579 0.017857144
0.057692308 0.000000000 0.000000000 0.157088116 0.037735850 0.083333336 0.051724140 0.035087720 0.009009009 0.153846160 0.071729958 0.137254909 0.043478262 0.013452915 0.055793993 0.004524887 0.018518519 0.153846160 0.030837005 0.119999997 0.009009009 0.123505980 0.023255814 0.035087720 0.094650209 0.112903222 0.063829787 0.039301310 0.023255814 0.063829787 0.246575341 0.205776170 0.052631579 0.017857144
0.212851405 0.157088116 0.157088116 0.000000000 0.193675891 0.074733093 0.106227107 0.122676581 0.148288980 0.003322259 0.086330935 0.020270269 0.114391141 0.143939391 0.102189779 0.152671754 0.175097272 0.003322259 0.126865670 0.037800688 0.148288980 0.034246575 0.179687500 0.122676581 0.063380279 0.044982698 0.094202898 0.118518516 0.179687500 0.094202898 0.093093090 0.050314464 0.208000004 0.139622644
0.020000000 0.037735850 0.037735850 0.193675891 0.000000000 0.120689653 0.089285716 0.072727270 0.046728972 0.190476194 0.109170303 0.174089074 0.081081077 0.051162791 0.093333334 0.042253520 0.019230770 0.190476194 0.068493150 0.157024801 0.046728972 0.160493821 0.014492754 0.072727270 0.131914899 0.150000006 0.101321585 0.076923080 0.014492754 0.101321585 0.281690150 0.241635695 0.014925373 0.055555556
0.140350878 0.083333336 0.083333336 0.074733093 0.120689653 0.000000000 0.031746034 0.048387095 0.074380167 0.071428575 0.011673152 0.054545455 0.039999999 0.069958851 0.027667984 0.078838177 0.101694912 0.071428575 0.052631579 0.037037037 0.074380167 0.040590405 0.106382981 0.048387095 0.011406844 0.029850746 0.019607844 0.044176705 0.106382981 0.019607844 0.166666672 0.124579124 0.135371178 0.065573767
0.109090909 0.051724140 0.051724140 0.106227107 0.089285716 0.031746034 0.000000000 0.016666668 0.042735044 0.102941178 0.020080321 0.086142324 0.008264462 0.038297873 0.004081632 0.047210302 0.070175439 0.102941178 0.020920502 0.068702288 0.042735044 0.072243348 0.074889868 0.016666668 0.043137256 0.061538462 0.012145749 0.012448133 0.074889868 0.012145749 0.197368428 0.155709341 0.104072399 0.033898305
0.092592590 0.035087720 0.035087720 0.122676581 0.072727270 0.048387095 0.016666668 0.000000000 0.026086956 0.119402982 0.036734693 0.102661595 0.008403362 0.021645023 0.020746889 0.030567685 0.053571429 0.119402982 0.004255319 0.085271321 0.026086956 0.088803090 0.058295965 0.000000000 0.059760958 0.078125000 0.028806584 0.004219409 0.058295965 0.028806584 0.213333338 0.171929821 0.087557606 0.017241379
0.066666670 0.009009009 0.009009009 0.148288980 0.046728972 0.074380167 0.042735044 0.026086956 0.000000000 0.145038173 0.062761508 0.128404662 0.034482758 0.004444445 0.046808511 0.004484305 0.027522936 0.145038173 0.021834061 0.111111112 0.000000000 0.114624508 0.032258064 0.026086956 0.085714288 0.104000002 0.054852322 0.030303031 0.032258064 0.054852322 0.238095239 0.197132617 0.061611373 0.008849557
0.209677413 0.153846160 0.153846160 0.003322259 0.190476194 0.071428575 0.102941178 0.119402982 0.145038173 0.000000000 0.083032489 0.016949153 0.111111112 0.140684411 0.098901100 0.149425283 0.171875000 0.000000000 0.123595506 0.034482758 0.145038173 0.030927835 0.176470593 0.119402982 0.060070671 0.041666668 0.090909094 0.115241639 0.176470593 0.090909094 0.096385539 0.053627759 0.204819277 0.136363640
0.128888890 0.071729958 0.071729958 0.086330935 0.109170303 0.011673152 0.020080321 0.036734693 0.062761508 0.083032489 0.000000000 0.066176474 0.028340081 0.058333334 0.016000001 0.067226894 0.090128757 0.083032489 0.040983606 0.048689138 0.062761508 0.052238807 0.094827585 0.036734693 0.023076924 0.041509435 0.007936508 0.032520324 0.094827585 0.007936508 0.177993521 0.136054426 0.123893805 0.053941909
0.193415642 0.137254909 0.137254909 0.020270269 0.174089074 0.054545455 0.086142324 0.102661595 0.128404662 0.016949153 0.066176474 0.000000000 0.094339624 0.124031007 0.082089551 0.132812500 0.155378491 0.016949153 0.106870227 0.017543860 0.128404662 0.013986014 0.159999996 0.102661595 0.043165468 0.024734983 0.074074075 0.098484851 0.159999996 0.074074075 0.113149844 0.070512824 0.188524589 0.119691119
0.100917429 0.043478262 0.043478262 0.114391141 0.081081077 0.039999999 0.008264462 0.008403362 0.034482758 0.111111112 0.028340081 0.094339624 0.000000000 0.030042918 0.012345679 0.038961038 0.061946902 0.111111112 0.012658228 0.076923080 0.034482758 0.080459774 0.066666670 0.008403362 0.051383398 0.069767445 0.020408163 0.004184100 0.066666670 0.020408163 0.205298007 0.163763061 0.095890410 0.025641026
0.071090050 0.013452915 0.013452915 0.143939391 0.051162791 0.069958851 0.038297873 0.021645023 0.004444445 0.140684411 0.058333334 0.124031007 0.030042918 0.000000000 0.042372882 0.008928572 0.031963471 0.140684411 0.017391304 0.106719367 0.004444445 0.110236220 0.036697246 0.021645023 0.081300810 0.099601597 0.050420169 0.025862070 0.036697246 0.050420169 0.233898312 0.192857146 0.066037737 0.004405286
0.113122173 0.055793993 0.055793993 0.102189779 0.093333334 0.027667984 0.004081632 0.020746889 0.046808511 0.098901100 0.016000001 0.082089551 0.012345679 0.042372882 0.000000000 0.051282052 0.074235804 0.098901100 0.025000000 0.064638786 0.046808511 0.068181820 0.078947365 0.020746889 0.039062500 0.057471264 0.008064516 0.016528925 0.078947365 0.008064516 0.193442628 0.151724145 0.108108111 0.037974682
0.062200956 0.004524887 0.004524887 0.152671754 0.042253520 0.078838177 0.047210302 0.030567685 0.004484305 0.149425283 0.067226894 0.132812500 0.038961038 0.008928572 0.051282052 0.000000000 0.023041476 0.149425283 0.026315790 0.115537852 0.004484305 0.119047619 0.027777778 0.030567685 0.090163931 0.108433738 0.059322033 0.034782607 0.027777778 0.059322033 0.242320821 0.201438844 0.057142857 0.013333334
0.039215688 0.018518519 0.018518519 0.175097272 0.019230770 0.101694912 0.070175439 0.053571429 0.027522936 0.171875000 0.090128757 0.155378491 0.061946902 0.031963471 0.074235804 0.023041476 0.000000000 0.171875000 0.049327355 0.138211384 0.027522936 0.141700402 0.004739337 0.053571429 0.112970710 0.131147534 0.082251079 0.057777777 0.004739337 0.082251079 0.263888896 0.223443225 0.034146342 0.036363635
0.209677413 0.153846160 0.153846160 0.003322259 0.190476194 0.071428575 0.102941178 0.119402982 0.145038173 0.000000000 0.083032489 0.016949153 0.111111112 0.140684411 0.098901100 0.149425283 0.171875000 0.000000000 0.123595506 0.034482758 0.145038173 0.030927835 0.176470593 0.119402982 0.060070671 0.041666668 0.090909094 0.115241639 0.176470593 0.090909094 0.096385539 0.053627759 0.204819277 0.136363640
0.088372096 0.030837005 0.030837005 0.126865670 0.068493150 0.052631579 0.020920502 0.004255319 0.021834061 0.123595506 0.040983606 0.106870227 0.012658228 0.017391304 0.025000000 0.026315790 0.049327355 0.123595506 0.000000000 0.089494161 0.021834061 0.093023255 0.054054055 0.004255319 0.064000003 0.082352944 0.033057850 0.008474576 0.054054055 0.033057850 0.217391297 0.176056340 0.083333336 0.012987013
0.176470593 0.119999997 0.119999997 0.037800688 0.157024801 0.037037037 0.068702288 0.085271321 0.111111112 0.034482758 0.048689138 0.017543860 0.076923080 0.106719367 0.064638786 0.115537852 0.138211384 0.034482758 0.089494161 0.000000000 0.111111112 0.003558719 0.142857149 0.085271321 0.025641026 0.007194245 0.056603774 0.081081077 0.142857149 0.056603774 0.130434781 0.087947883 0.171548113 0.102362208
0.066666670 0.009009009 0.009009009 0.148288980 0.046728972 0.074380167 0.042735044 0.026086956 0.000000000 0.145038173 0.062761508 0.128404662 0.034482758 0.004444445 0.046808511 0.004484305 0.027522936 0.145038173 0.021834061 0.111111112 0.000000000 0.114624508 0.032258064 0.026086956 0.085714288 0.104000002 0.054852322 0.030303031 0.032258064 0.054852322 0.238095239 0.197132617 0.061611373 0.008849557
0.179916322 0.123505980 0.123505980 0.034246575 0.160493821 0.040590405 0.072243348 0.088803090 0.114624508 0.030927835 0.052238807 0.013986014 0.080459774 0.110236220 0.068181820 0.119047619 0.141700402 0.030927835 0.093023255 0.003558719 0.114624508 0.000000000 0.146341458 0.088803090 0.029197080 0.010752688 0.060150377 0.084615387 0.146341458 0.060150377 0.126934990 0.084415585 0.174999997 0.105882354
0.034482758 0.023255814 0.023255814 0.179687500 0.014492754 0.106382981 0.074889868 0.058295965 0.032258064 0.176470593 0.094827585 0.159999996 0.066666670 0.036697246 0.078947365 0.027777778 0.004739337 0.176470593 0.054054055 0.142857149 0.032258064 0.146341458 0.000000000 0.058295965 0.117647059 0.135802463 0.086956523 0.062500000 0.000000000 0.086956523 0.268292695 0.227941170 0.029411765 0.041095890
0.092592590 0.035087720 0.035087720 0.122676581 0.072727270 0.048387095 0.016666668 0.000000000 0.026086956 0.119402982 0.036734693 0.102661595 0.008403362 0.021645023 0.020746889 0.030567685 0.053571429 0.119402982 0.004255319 0.085271321 0.026086956 0.088803090 0.058295965 0.000000000 0.059760958 0.078125000 0.028806584 0.004219409 0.058295965 0.028806584 0.213333338 0.171929821 0.087557606 0.017241379
0.151515156 0.094650209 0.094650209 0.063380279 0.131914899 0.011406844 0.043137256 0.059760958 0.085714288 0.060070671 0.023076924 0.043165468 0.051383398 0.081300810 0.039062500 0.090163931 0.112970710 0.060070671 0.064000003 0.025641026 0.085714288 0.029197080 0.117647059 0.059760958 0.000000000 0.018450184 0.031007752 0.055555556 0.117647059 0.031007752 0.155555561 0.113333337 0.146551728 0.076923080
0.169491529 0.112903222 0.112903222 0.044982698 0.150000006 0.029850746 0.061538462 0.078125000 0.104000002 0.041666668 0.041509435 0.024734983 0.069767445 0.099601597 0.057471264 0.108433738 0.131147534 0.041666668 0.082352944 0.007194245 0.104000002 0.010752688 0.135802463 0.078125000 0.018450184 0.000000000 0.049429659 0.073929958 0.135802463 0.049429659 0.137500003 0.095081970 0.164556965 0.095238097
0.121076234 0.063829787 0.063829787 0.094202898 0.101321585 0.019607844 0.012145749 0.028806584 0.054852322 0.090909094 0.007936508 0.074074075 0.020408163 0.050420169 0.008064516 0.059322033 0.082251079 0.090909094 0.033057850 0.056603774 0.054852322 0.060150377 0.086956523 0.028806584 0.031007752 0.049429659 0.000000000 0.024590164 0.086956523 0.000000000 0.185667753 0.143835619 0.116071425 0.046025105
0.096774191 0.039301310 0.039301310 0.118518516 0.076923080 0.044176705 0.012448133 0.004219409 0.030303031 0.115241639 0.032520324 0.098484851 0.004184100 0.025862070 0.016528925 0.034782607 0.057777777 0.115241639 0.008474576 0.081081077 0.030303031 0.084615387 0.062500000 0.004219409 0.055555556 0.073929958 0.024590164 0.000000000 0.062500000 0.024590164 0.209302321 0.167832166 0.091743119 0.021459227
0.034482758 0.023255814 0.023255814 0.179687500 0.014492754 0.106382981 0.074889868 0.058295965 0.032258064 0.176470593 0.094827585 0.159999996 0.066666670 0.036697246 0.078947365 0.027777778 0.004739337 0.176470593 0.054054055 0.142857149 0.032258064 0.146341458 0.000000000 0.058295965 0.117647059 0.135802463 0.086956523 0.062500000 0.000000000 0.086956523 0.268292695 0.227941170 0.029411765 0.041095890
0.121076234 0.063829787 0.063829787 0.094202898 0.101321585 0.019607844 0.012145749 0.028806584 0.054852322 0.090909094 0.007936508 0.074074075 0.020408163 0.050420169 0.008064516 0.059322033 0.082251079 0.090909094 0.033057850 0.056603774 0.054852322 0.060150377 0.086956523 0.028806584 0.031007752 0.049429659 0.000000000 0.024590164 0.086956523 0.000000000 0.185667753 0.143835619 0.116071425 0.046025105
0.300000012 0.246575341 0.246575341 0.093093090 0.281690150 0.166666672 0.197368428 0.213333338 0.238095239 0.096385539 0.177993521 0.113149844 0.205298007 0.233898312 0.193442628 0.242320821 0.263888896 0.096385539 0.217391297 0.130434781 0.238095239 0.126934990 0.268292695 0.213333338 0.155555561 0.137500003 0.185667753 0.209302321 0.268292695 0.185667753 0.000000000 0.042979944 0.295373678 0.229729727
0.260377347 0.205776170 0.205776170 0.050314464 0.241635695 0.124579124 0.155709341 0.171929821 0.197132617 0.053627759 0.136054426 0.070512824 0.163763061 0.192857146 0.151724145 0.201438844 0.223443225 0.053627759 0.176056340 0.087947883 0.197132617 0.084415585 0.227941170 0.171929821 0.113333337 0.095081970 0.143835619 0.167832166 0.227941170 0.143835619 0.042979944 0.000000000 0.255639106 0.188612103
0.005076142 0.052631579 0.052631579 0.208000004 0.014925373 0.135371178 0.104072399 0.087557606 0.061611373 0.204819277 0.123893805 0.188524589 0.095890410 0.066037737 0.108108111 0.057142857 0.034146342 0.204819277 0.083333336 0.171548113 0.061611373 0.174999997 0.029411765 0.087557606 0.146551728 0.164556965 0.116071425 0.091743119 0.029411765 0.116071425 0.295373678 0.255639106 0.000000000 0.070422538
0.075471699 0.017857144 0.017857144 0.139622644 0.055555556 0.065573767 0.033898305 0.017241379 0.008849557 0.136363640 0.053941909 0.119691119 0.025641026 0.004405286 0.037974682 0.013333334 0.036363635 0.136363640 0.012987013 0.102362208 0.008849557 0.105882354 0.041095890 0.017241379 0.076923080 0.095238097 0.046025105 0.021459227 0.041095890 0.046025105 0.229729727 0.188612103 0.070422538 0.000000000
