0.000000000 0.122448981 0.173076928 0.322834641 0.232142851 0.165048540 0.228699550 0.214611873 0.169082120 0.258620679 0.169082120 0.225225225 0.225225225 0.192488268 0.075268820 0.126903549 0.156862751 0.228699550 0.099476442 0.221719459 0.196261689 0.160975605 0.140000001 0.188679248 0.225225225 0.221719459 0.221719459 0.203703701 0.089947090 0.245614037 0.448717952 0.184834123 0.140000001 0.140000001
0.122448981 0.000000000 0.051724140 0.208633095 0.112903222 0.043478262 0.109311745 0.094650209 0.047619049 0.140625000 0.047619049 0.105691060 0.105691060 0.071729958 0.047619049 0.004524887 0.035087720 0.109311745 0.023255814 0.102040820 0.075630255 0.039301310 0.017857144 0.067796610 0.105691060 0.102040820 0.102040820 0.083333336 0.032863848 0.126984134 0.345238090 0.063829787 0.017857144 0.017857144
0.173076928 0.051724140 0.000000000 0.158620685 0.061538462 0.008264462 0.057915058 0.043137256 0.004115226 0.089552239 0.004115226 0.054263566 0.054263566 0.020080321 0.099099100 0.047210302 0.016666668 0.057915058 0.074889868 0.050583657 0.024000000 0.012448133 0.033898305 0.016129032 0.054263566 0.050583657 0.050583657 0.031746034 0.084444441 0.075757578 0.298850566 0.012145749 0.033898305 0.033898305
0.322834641 0.208633095 0.158620685 0.000000000 0.098039217 0.166666672 0.101639345 0.116279073 0.162629753 0.070063695 0.162629753 0.105263159 0.105263159 0.138983056 0.253731340 0.204301074 0.174825177 0.101639345 0.230769232 0.108910888 0.135135129 0.170731708 0.191489369 0.142857149 0.105263159 0.108910888 0.108910888 0.127516776 0.239852399 0.083870970 0.147208124 0.146757677 0.191489369 0.191489369
0.232142851 0.112903222 0.061538462 0.098039217 0.000000000 0.069767445 0.003636364 0.018450184 0.065637067 0.028169014 0.065637067 0.007299270 0.007299270 0.041509435 0.159663871 0.108433738 0.078125000 0.003636364 0.135802463 0.010989011 0.037593983 0.073929958 0.095238097 0.045454547 0.007299270 0.010989011 0.010989011 0.029850746 0.145228222 0.014285714 0.241758242 0.049429659 0.095238097 0.095238097
0.165048540 0.043478262 0.008264462 0.166666672 0.069767445 0.000000000 0.066147856 0.051383398 0.004149378 0.097744361 0.004149378 0.062500000 0.062500000 0.028340081 0.090909094 0.038961038 0.008403362 0.066147856 0.066666670 0.058823530 0.032258064 0.004184100 0.025641026 0.024390243 0.062500000 0.058823530 0.058823530 0.039999999 0.076233186 0.083969466 0.306358367 0.020408163 0.025641026 0.025641026
0.228699550 0.109311745 0.057915058 0.101639345 0.003636364 0.066147856 0.000000000 0.014814815 0.062015504 0.031802122 0.062015504 0.003663004 0.003663004 0.037878789 0.156118140 0.104838707 0.074509807 0.000000000 0.132231399 0.007352941 0.033962265 0.070312500 0.091633469 0.041825093 0.003663004 0.007352941 0.007352941 0.026217228 0.141666666 0.017921148 0.245179057 0.045801528 0.091633469 0.091633469
0.214611873 0.094650209 0.043137256 0.116279073 0.018450184 0.051383398 0.014814815 0.000000000 0.047244094 0.046594981 0.047244094 0.011152416 0.011152416 0.023076924 0.141630903 0.090163931 0.059760958 0.014814815 0.117647059 0.007462686 0.019157087 0.055555556 0.076923080 0.027027028 0.011152416 0.007462686 0.007462686 0.011406844 0.127118647 0.032727271 0.259052932 0.031007752 0.076923080 0.076923080
0.169082120 0.047619049 0.004115226 0.162629753 0.065637067 0.004149378 0.062015504 0.047244094 0.000000000 0.093632959 0.000000000 0.058365759 0.058365759 0.024193548 0.095022626 0.043103449 0.012552301 0.062015504 0.070796460 0.054687500 0.028112451 0.008333334 0.029787235 0.020242915 0.058365759 0.054687500 0.054687500 0.035856575 0.080357142 0.079847910 0.302593648 0.016260162 0.029787235 0.029787235
0.258620679 0.140625000 0.089552239 0.070063695 0.028169014 0.097744361 0.031802122 0.046594981 0.093632959 0.000000000 0.093632959 0.035460994 0.035460994 0.069597073 0.186991870 0.136186764 0.106060609 0.031802122 0.163346618 0.039145909 0.065693431 0.101886794 0.123076923 0.073529415 0.035460994 0.039145909 0.039145909 0.057971016 0.172690764 0.013888889 0.215053767 0.077490777 0.123076923 0.123076923
0.169082120 0.047619049 0.004115226 0.162629753 0.065637067 0.004149378 0.062015504 0.047244094 0.000000000 0.093632959 0.000000000 0.058365759 0.058365759 0.024193548 0.095022626 0.043103449 0.012552301 0.062015504 0.070796460 0.054687500 0.028112451 0.008333334 0.029787235 0.020242915 0.058365759 0.054687500 0.054687500 0.035856575 0.080357142 0.079847910 0.302593648 0.016260162 0.029787235 0.029787235
0.225225225 0.105691060 0.054263566 0.105263159 0.007299270 0.062500000 0.003663004 0.011152416 0.058365759 0.035460994 0.058365759 0.000000000 0.000000000 0.034220532 0.152542368 0.101214573 0.070866145 0.003663004 0.128630713 0.003690037 0.030303031 0.066666670 0.088000000 0.038167939 0.000000000 0.003690037 0.003690037 0.022556391 0.138075307 0.021582734 0.248618782 0.042145595 0.088000000 0.088000000
0.225225225 0.105691060 0.054263566 0.105263159 0.007299270 0.062500000 0.003663004 0.011152416 0.058365759 0.035460994 0.058365759 0.000000000 0.000000000 0.034220532 0.152542368 0.101214573 0.070866145 0.003663004 0.128630713 0.003690037 0.030303031 0.066666670 0.088000000 0.038167939 0.000000000 0.003690037 0.003690037 0.022556391 0.138075307 0.021582734 0.248618782 0.042145595 0.088000000 0.088000000
0.192488268 0.071729958 0.020080321 0.138983056 0.041509435 0.028340081 0.037878789 0.023076924 0.024193548 0.069597073 0.024193548 0.034220532 0.034220532 0.000000000 0.118942730 0.067226894 0.036734693 0.037878789 0.094827585 0.030534351 0.003921569 0.032520324 0.053941909 0.003952569 0.034220532 0.030534351 0.030534351 0.011673152 0.104347825 0.055762082 0.280453265 0.007936508 0.053941909 0.053941909
0.075268820 0.047619049 0.099099100 0.253731340 0.159663871 0.090909094 0.156118140 0.141630903 0.095022626 0.186991870 0.095022626 0.152542368 0.152542368 0.118942730 0.000000000 0.052132700 0.082568809 0.156118140 0.024390243 0.148936167 0.122807018 0.086757988 0.065420561 0.115044251 0.152542368 0.148936167 0.148936167 0.130434781 0.014778325 0.173553720 0.386503071 0.111111112 0.065420561 0.065420561
0.126903549 0.004524887 0.047210302 0.204301074 0.108433738 0.038961038 0.104838707 0.090163931 0.043103449 0.136186764 0.043103449 0.101214573 0.101214573 0.067226894 0.052132700 0.000000000 0.030567685 0.104838707 0.027777778 0.097560972 0.071129709 0.034782607 0.013333334 0.063291140 0.101214573 0.097560972 0.097560972 0.078838177 0.037383176 0.122529641 0.341246277 0.059322033 0.013333334 0.013333334
0.156862751 0.035087720 0.016666668 0.174825177 0.078125000 0.008403362 0.074509807 0.059760958 0.012552301 0.106060609 0.012552301 0.070866145 0.070866145 0.036734693 0.082568809 0.030567685 0.000000000 0.074509807 0.058295965 0.067193680 0.040650405 0.004219409 0.017241379 0.032786883 0.070866145 0.067193680 0.067193680 0.048387095 0.067873307 0.092307694 0.313953489 0.028806584 0.017241379 0.017241379
0.228699550 0.109311745 0.057915058 0.101639345 0.003636364 0.066147856 0.000000000 0.014814815 0.062015504 0.031802122 0.062015504 0.003663004 0.003663004 0.037878789 0.156118140 0.104838707 0.074509807 0.000000000 0.132231399 0.007352941 0.033962265 0.070312500 0.091633469 0.041825093 0.003663004 0.007352941 0.007352941 0.026217228 0.141666666 0.017921148 0.245179057 0.045801528 0.091633469 0.091633469
0.099476442 0.023255814 0.074889868 0.230769232 0.135802463 0.066666670 0.132231399 0.117647059 0.070796460 0.163346618 0.070796460 0.128630713 0.128630713 0.094827585 0.024390243 0.027777778 0.058295965 0.132231399 0.000000000 0.125000000 0.098712444 0.062500000 0.041095890 0.090909094 0.128630713 0.125000000 0.125000000 0.106382981 0.009615385 0.149797574 0.365558922 0.086956523 0.041095890 0.041095890
0.221719459 0.102040820 0.050583657 0.108910888 0.010989011 0.058823530 0.007352941 0.007462686 0.054687500 0.039145909 0.054687500 0.003690037 0.003690037 0.030534351 0.148936167 0.097560972 0.067193680 0.007352941 0.125000000 0.000000000 0.026615970 0.062992126 0.084337346 0.034482758 0.003690037 0.000000000 0.000000000 0.018867925 0.134453788 0.025270758 0.252077550 0.038461540 0.084337346 0.084337346
0.196261689 0.075630255 0.024000000 0.135135129 0.037593983 0.032258064 0.033962265 0.019157087 0.028112451 0.065693431 0.028112451 0.030303031 0.030303031 0.003921569 0.122807018 0.071129709 0.040650405 0.033962265 0.098712444 0.026615970 0.000000000 0.036437247 0.057851240 0.007874016 0.030303031 0.026615970 0.026615970 0.007751938 0.108225107 0.051851850 0.276836157 0.011857707 0.057851240 0.057851240
0.160975605 0.039301310 0.012448133 0.170731708 0.073929958 0.004184100 0.070312500 0.055555556 0.008333334 0.101886794 0.008333334 0.066666670 0.066666670 0.032520324 0.086757988 0.034782607 0.004219409 0.070312500 0.062500000 0.062992126 0.036437247 0.000000000 0.021459227 0.028571429 0.066666670 0.062992126 0.062992126 0.044176705 0.072072074 0.088122606 0.310144931 0.024590164 0.021459227 0.021459227
0.140000001 0.017857144 0.033898305 0.191489369 0.095238097 0.025641026 0.091633469 0.076923080 0.029787235 0.123076923 0.029787235 0.088000000 0.088000000 0.053941909 0.065420561 0.013333334 0.017241379 0.091633469 0.041095890 0.084337346 0.057851240 0.021459227 0.000000000 0.050000001 0.088000000 0.084337346 0.084337346 0.065573767 0.050691243 0.109375000 0.329411775 0.046025105 0.000000000 0.000000000
0.188679248 0.067796610 0.016129032 0.142857149 0.045454547 0.024390243 0.041825093 0.027027028 0.020242915 0.073529415 0.020242915 0.038167939 0.038167939 0.003952569 0.115044251 0.063291140 0.032786883 0.041825093 0.090909094 0.034482758 0.007874016 0.028571429 0.050000001 0.000000000 0.038167939 0.034482758 0.034482758 0.015625000 0.100436680 0.059701491 0.284090906 0.003984064 0.050000001 0.050000001
0.225225225 0.105691060 0.054263566 0.105263159 0.007299270 0.062500000 0.003663004 0.011152416 0.058365759 0.035460994 0.058365759 0.000000000 0.000000000 0.034220532 0.152542368 0.101214573 0.070866145 0.003663004 0.128630713 0.003690037 0.030303031 0.066666670 0.088000000 0.038167939 0.000000000 0.003690037 0.003690037 0.022556391 0.138075307 0.021582734 0.248618782 0.042145595 0.088000000 0.088000000
0.221719459 0.102040820 0.050583657 0.108910888 0.010989011 0.058823530 0.007352941 0.007462686 0.054687500 0.039145909 0.054687500 0.003690037 0.003690037 0.030534351 0.148936167 0.097560972 0.067193680 0.007352941 0.125000000 0.000000000 0.026615970 0.062992126 0.084337346 0.034482758 0.003690037 0.000000000 0.000000000 0.018867925 0.134453788 0.025270758 0.252077550 0.038461540 0.084337346 0.084337346
0.221719459 0.102040820 0.050583657 0.108910888 0.010989011 0.058823530 0.007352941 0.007462686 0.054687500 0.039145909 0.054687500 0.003690037 0.003690037 0.030534351 0.148936167 0.097560972 0.067193680 0.007352941 0.125000000 0.000000000 0.026615970 0.062992126 0.084337346 0.034482758 0.003690037 0.000000000 0.000000000 0.018867925 0.134453788 0.025270758 0.252077550 0.038461540 0.084337346 0.084337346
0.203703701 0.083333336 0.031746034 0.127516776 0.029850746 0.039999999 0.026217228 0.011406844 0.035856575 0.057971016 0.035856575 0.022556391 0.022556391 0.011673152 0.130434781 0.078838177 0.048387095 0.026217228 0.106382981 0.018867925 0.007751938 0.044176705 0.065573767 0.015625000 0.022556391 0.018867925 0.018867925 0.000000000 0.115879826 0.044117648 0.269662917 0.019607844 0.065573767 0.065573767
0.089947090 0.032863848 0.084444441 0.239852399 0.145228222 0.076233186 0.141666666 0.127118647 0.080357142 0.172690764 0.080357142 0.138075307 0.138075307 0.104347825 0.014778325 0.037383176 0.067873307 0.141666666 0.009615385 0.134453788 0.108225107 0.072072074 0.050691243 0.100436680 0.138075307 0.134453788 0.134453788 0.115879826 0.000000000 0.159183666 0.373860180 0.096491225 0.050691243 0.050691243
0.245614037 0.126984134 0.075757578 0.083870970 0.014285714 0.083969466 0.017921148 0.032727271 0.079847910 0.013888889 0.079847910 0.021582734 0.021582734 0.055762082 0.173553720 0.122529641 0.092307694 0.017921148 0.149797574 0.025270758 0.051851850 0.088122606 0.109375000 0.059701491 0.021582734 0.025270758 0.025270758 0.044117648 0.159183666 0.000000000 0.228260875 0.063670412 0.109375000 0.109375000
0.448717952 0.345238090 0.298850566 0.147208124 0.241758242 0.306358367 0.245179057 0.259052932 0.302593648 0.215053767 0.302593648 0.248618782 0.248618782 0.280453265 0.386503071 0.341246277 0.313953489 0.245179057 0.365558922 0.252077550 0.276836157 0.310144931 0.329411775 0.284090906 0.248618782 0.252077550 0.252077550 0.269662917 0.373860180 0.228260875 0.000000000 0.287749290 0.329411775 0.329411775
0.184834123 0.063829787 0.012145749 0.146757677 0.049429659 0.020408163 0.045801528 0.031007752 0.016260162 0.077490777 0.016260162 0.042145595 0.042145595 0.007936508 0.111111112 0.059322033 0.028806584 0.045801528 0.086956523 0.038461540 0.011857707 0.024590164 0.046025105 0.003984064 0.042145595 0.038461540 0.038461540 0.019607844 0.096491225 0.063670412 0.287749290 0.000000000 0.046025105 0.046025105
0.140000001 0.017857144 0.033898305 0.191489369 0.095238097 0.025641026 0.091633469 0.076923080 0.029787235 0.123076923 0.029787235 0.088000000 0.088000000 0.053941909 0.065420561 0.013333334 0.017241379 0.091633469 0.041095890 0.084337346 0.057851240 0.021459227 0.000000000 0.050000001 0.088000000 0.084337346 0.084337346 0.065573767 0.050691243 0.109375000 0.329411775 0.046025105 0.000000000 0.000000000
0.140000001 0.017857144 0.033898305 0.191489369 0.095238097 0.025641026 0.091633469 0.076923080 0.029787235 0.123076923 0.029787235 0.088000000 0.088000000 0.053941909 0.065420561 0.013333334 0.017241379 0.091633469 0.041095890 0.084337346 0.057851240 0.021459227 0.000000000 0.050000001 0.088000000 0.084337346 0.084337346 0.065573767 0.050691243 0.109375000 0.329411775 0.046025105 0.000000000 0.000000000
