0.016363714 0.051429905 0.022925764 0.069568530 0.030400883 0.043963581 0.037523352 0.040242296 0.040466726 0.056677334 0.048989154 0.057063702 0.048835531 0.039531022 0.027351707 0.021007985 0.030756440 0.056172878 0.037268132 0.057773151 0.029597314 0.044137254 0.025113968 0.038186412 0.052083217 0.051474430 0.042317417 0.034814149 0.027705962 0.045449056 0.082160071 0.069913432 0.035566621 0.022866530
0.051429905 -0.048926003 0.015068423 0.051395014 0.024715537 0.026776265 0.020168332 0.020448331 0.034930877 0.036413383 0.026330743 0.035283946 0.025995985 0.020054897 0.041883871 0.030573323 0.022083811 0.029514389 0.022359934 0.041203439 0.022784892 0.022219043 0.039817084 0.019503426 0.007683372 0.022552760 0.024495997 0.018804261 0.037463862 0.030134307 0.069339849 0.031272814 0.025137357 0.027093709
0.022925764 0.015068423 -0.001299613 0.039670553 0.010640620 0.011650573 -0.000226921 0.003668936 0.004346086 0.027081834 0.011174042 0.028783467 0.015071450 0.010270094 0.029146960 0.014211837 0.002134352 0.023405060 0.010258619 0.019792434 0.002635008 0.009023263 0.014000546 0.001290385 0.017653059 0.019951029 0.002840262 0.005588615 0.012869478 0.009460724 0.054365411 0.029958325 0.017375428 0.005652267
0.069568530 0.051395014 0.039670553 0.010585509 0.040653370 0.039110962 0.031771556 0.029416146 0.044780590 0.010727838 0.030615008 0.025455957 0.024141051 0.028182285 0.069732249 0.074226737 0.050253801 0.021307489 0.040165655 0.032182399 0.048838228 0.039777987 0.071683913 0.031741537 0.036267728 0.027415300 0.040796541 0.043102875 0.065143973 0.036079809 0.038959850 0.021401813 0.050177716 0.046087537
0.030400883 0.024715537 0.010640620 0.040653370 -0.001686276 0.018562857 0.009920573 0.015842672 0.021823410 0.031212650 0.019925138 0.028289029 0.022801466 0.014632598 0.030665172 0.024244435 0.012809056 0.026571678 0.022443732 0.027499188 0.013345718 0.026790593 0.021093566 0.015570087 0.020947821 0.023285620 0.013403282 0.015656093 0.020105748 0.013399033 0.053352393 0.036233645 0.022201616 0.012669703
0.043963581 0.026776265 0.011650573 0.039110962 0.018562857 -0.016022250 0.007836900 0.006654486 0.011449518 0.026775738 0.012086341 0.030817470 0.012398966 0.008904102 0.041275077 0.033119496 0.012072842 0.024789246 0.015850529 0.027210953 0.014321927 0.015624071 0.029266894 0.010200004 0.021408370 0.023203455 0.008765779 0.010334333 0.026841633 0.007939639 0.050723799 0.028792515 0.026574697 0.015544735
0.037523352 0.020168332 -0.000226921 0.031771556 0.009920573 0.007836900 -0.010521255 -0.002416065 0.002359665 0.019502733 0.003237938 0.018915756 0.008069632 0.003143898 0.037777122 0.027274648 0.007474345 0.015974715 0.010324053 0.007437827 0.003626564 0.006912897 0.024787944 -0.002596184 0.017936856 0.009417841 -0.001553910 0.001870664 0.020673793 -0.003963692 0.052110989 0.022445086 0.019739771 0.013326589
0.040242296 0.020448331 0.003668936 0.029416146 0.015842672 0.006654486 -0.002416065 -0.002585734 0.007803785 0.016344769 0.005213685 0.018836379 0.001583849 0.000217568 0.038177051 0.030101852 0.012724022 0.015340997 0.010450144 0.010469455 0.009968140 0.009027379 0.028294712 0.001006365 0.009314357 0.008584158 0.000030486 0.006405073 0.024216544 0.002161139 0.040512737 0.020536996 0.024479978 0.016559485
0.040466726 0.034930877 0.004346086 0.044780590 0.021823410 0.011449518 0.002359665 0.007803785 -0.001712578 0.032051694 0.006646925 0.028621769 0.011774989 0.010229301 0.042397492 0.025121484 0.007315706 0.025853630 0.014638511 0.017149517 0.009496666 0.001272898 0.020620845 0.002178677 0.029136440 0.013878366 0.000720282 0.003053951 0.021654682 0.000290260 0.065614492 0.041796848 0.030850951 0.015761171
0.056677334 0.036413383 0.027081834 0.010727838 0.031212650 0.026775738 0.019502733 0.016344769 0.032051694 0.007304784 0.013304207 0.010884412 0.008195993 0.017027643 0.056311451 0.058214605 0.037201863 0.007058407 0.026742203 0.012198240 0.035997473 0.025499340 0.056146026 0.022097554 0.022181345 0.007768312 0.026691549 0.031234784 0.050888248 0.022574358 0.025423467 0.006699812 0.034283213 0.035045639
0.048989154 0.026330743 0.011174042 0.030615008 0.019925138 0.012086341 0.003237938 0.005213685 0.006646925 0.013304207 -0.009885445 0.017564498 0.002929945 0.002584205 0.047326867 0.040909611 0.016875600 0.010067303 0.011959098 0.011737132 0.014958898 0.010791263 0.035796814 0.003352986 0.019548614 0.002384211 0.004760888 0.005996442 0.033836409 0.001914129 0.049028613 0.017139347 0.022187147 0.019745104
0.057063702 0.035283946 0.028783467 0.025455957 0.028289029 0.030817470 0.018915756 0.018836379 0.028621769 0.010884412 0.017564498 0.006977696 0.016565325 0.015995039 0.056759782 0.055203520 0.035224520 0.011215221 0.026239682 0.016604364 0.033616737 0.025426222 0.053085256 0.021460645 0.027122483 0.012349090 0.023758659 0.029167144 0.047019213 0.021395922 0.047655843 0.020499259 0.037657082 0.034301594
0.048835531 0.025995985 0.015071450 0.024141051 0.022801466 0.012398966 0.008069632 0.001583849 0.011774989 0.008195993 0.002929945 0.016565325 -0.014505067 0.005602062 0.050652452 0.047622498 0.018993227 0.011794082 0.013991248 0.011166907 0.018868633 0.007563076 0.040228240 0.005094836 0.012994093 0.004830178 0.004791505 0.012063742 0.037595846 0.004561219 0.041377094 0.015386871 0.026072238 0.023846805
0.039531022 0.020054897 0.010270094 0.028182285 0.014632598 0.008904102 0.003143898 0.000217568 0.010229301 0.017027643 0.002584205 0.015995039 0.005602062 -0.010461409 0.034419708 0.036099389 0.011024263 0.011876187 0.007485719 0.013516203 0.011820379 0.008994196 0.027948301 0.006705455 0.016054079 0.007255406 0.002930749 0.006887645 0.022661138 0.000233635 0.039755091 0.014379401 0.018766088 0.015441993
0.027351707 0.041883871 0.029146960 0.069732249 0.030665172 0.041275077 0.037777122 0.038177051 0.042397492 0.056311451 0.047326867 0.056759782 0.050652452 0.034419708 0.017743263 0.013946002 0.028892275 0.055958766 0.033226855 0.059370317 0.034721032 0.041390009 0.032129835 0.037339438 0.043686595 0.053626537 0.042733200 0.031128762 0.028004497 0.040266402 0.068133801 0.068613112 0.034041829 0.024628201
0.021007985 0.030573323 0.014211837 0.074226737 0.024244435 0.033119496 0.027274648 0.030101852 0.025121484 0.058214605 0.040909611 0.055203520 0.047622498 0.036099389 0.013946002 -0.012452954 0.015683331 0.057761535 0.025831994 0.046265706 0.016230118 0.032438368 0.007902676 0.028094484 0.034521736 0.053075545 0.025739351 0.024407661 0.010088635 0.034814555 0.076373070 0.074301407 0.030567467 0.007444508
0.030756440 0.022083811 0.002134352 0.050253801 0.012809056 0.012072842 0.007474345 0.012724022 0.007315706 0.037201863 0.016875600 0.035224520 0.018993227 0.011024263 0.028892275 0.015683331 -0.010387776 0.030460976 0.013727969 0.026661303 0.006715589 0.015015624 0.012570681 0.006249403 0.024659939 0.023844171 0.005396651 0.006208998 0.013702126 0.011883014 0.066332333 0.042424273 0.013798571 0.012527622
0.056172878 0.029514389 0.023405060 0.021307489 0.026571678 0.024789246 0.015974715 0.015340997 0.025853630 0.007058407 0.010067303 0.011215221 0.011794082 0.011876187 0.055958766 0.057761535 0.030460976 -0.006852373 0.023003880 0.018215446 0.028659740 0.021101544 0.052961357 0.017742617 0.026428849 0.006554401 0.018411174 0.021836367 0.046387836 0.014946511 0.038570236 0.017931867 0.030498739 0.030169893
0.037268132 0.022359934 0.010258619 0.040165655 0.022443732 0.015850529 0.010324053 0.010450144 0.014638511 0.026742203 0.011959098 0.026239682 0.013991248 0.007485719 0.033226855 0.025831994 0.013727969 0.023003880 -0.007126063 0.025018614 0.011164370 0.014135302 0.026275519 0.012921658 0.024063196 0.016407520 0.011426979 0.010908619 0.020592686 0.011933524 0.054107733 0.033891767 0.024089359 0.014214153
0.057773151 0.041203439 0.019792434 0.032182399 0.027499188 0.027210953 0.007437827 0.010469455 0.017149517 0.012198240 0.011737132 0.016604364 0.011166907 0.013516203 0.059370317 0.046265706 0.026661303 0.018215446 0.025018614 -0.000049951 0.025423152 0.020545894 0.050601803 0.014037815 0.016826600 0.014801890 0.013902584 0.023464996 0.042847700 0.016279273 0.057750605 0.027143393 0.039703690 0.029574223
0.029597314 0.022784892 0.002635008 0.048838228 0.013345718 0.014321927 0.003626564 0.009968140 0.009496666 0.035997473 0.014958898 0.033616737 0.018868633 0.011820379 0.034721032 0.016230118 0.006715589 0.028659740 0.011164370 0.025423152 -0.003710360 0.012566335 0.015777741 0.004327903 0.024969479 0.023845792 0.005854524 0.008358382 0.014455335 0.012933917 0.066875145 0.035405166 0.015673302 0.010157997
0.044137254 0.022219043 0.009023263 0.039777987 0.026790593 0.015624071 0.006912897 0.009027379 0.001272898 0.025499340 0.010791263 0.025426222 0.007563076 0.008994196 0.041390009 0.032438368 0.015015624 0.021101544 0.014135302 0.020545894 0.012566335 -0.021391194 0.027081951 0.000059547 0.025805095 0.010891754 0.009712927 0.012734039 0.027207429 0.011391876 0.060307693 0.030446859 0.024025554 0.017482590
0.025113968 0.039817084 0.014000546 0.071683913 0.021093566 0.029266894 0.024787944 0.028294712 0.020620845 0.056146026 0.035796814 0.053085256 0.040228240 0.027948301 0.032129835 0.007902676 0.012570681 0.052961357 0.026275519 0.050601803 0.015777741 0.027081951 -0.000557020 0.023758590 0.036680307 0.047794148 0.023807894 0.023077562 0.015862554 0.029641692 0.078540370 0.068583362 0.025754927 0.012327618
0.038186412 0.019503426 0.001290385 0.031741537 0.015570087 0.010200004 -0.002596184 0.001006365 0.002178677 0.022097554 0.003352986 0.021460645 0.005094836 0.006705455 0.037339438 0.028094484 0.006249403 0.017742617 0.012921658 0.014037815 0.004327903 0.000059547 0.023758590 -0.002734117 0.016657671 0.009658883 -0.001648097 0.001860477 0.019118918 -0.000492156 0.049869150 0.024593987 0.016470967 0.013858979
0.052083217 0.007683372 0.017653059 0.036267728 0.020947821 0.021408370 0.017936856 0.009314357 0.029136440 0.022181345 0.019548614 0.027122483 0.012994093 0.016054079 0.043686595 0.034521736 0.024659939 0.026428849 0.024063196 0.016826600 0.024969479 0.025805095 0.036680307 0.016657671 -0.028565504 0.016389390 0.015049688 0.016909540 0.038088515 0.020969462 0.057204492 0.028943483 0.035250779 0.024638038
0.051474430 0.022552760 0.019951029 0.027415300 0.023285620 0.023203455 0.009417841 0.008584158 0.013878366 0.007768312 0.002384211 0.012349090 0.004830178 0.007255406 0.053626537 0.053075545 0.023844171 0.006554401 0.016407520 0.014801890 0.023845792 0.010891754 0.047794148 0.009658883 0.016389390 -0.004371561 0.011481908 0.018226018 0.039462291 0.007246077 0.047923710 0.014130462 0.027191833 0.025423702
0.042317417 0.024495997 0.002840262 0.040796541 0.013403282 0.008765779 -0.001553910 0.000030486 0.000720282 0.026691549 0.004760888 0.023758659 0.004791505 0.002930749 0.042733200 0.025739351 0.005396651 0.018411174 0.011426979 0.013902584 0.005854524 0.009712927 0.023807894 -0.001648097 0.015049688 0.011481908 -0.007986158 0.001950474 0.022800786 -0.001518513 0.059069790 0.036576834 0.022398669 0.012650047
0.034814149 0.018804261 0.005588615 0.043102875 0.015656093 0.010334333 0.001870664 0.006405073 0.003053951 0.031234784 0.005996442 0.029167144 0.012063742 0.006887645 0.031128762 0.024407661 0.006208998 0.021836367 0.010908619 0.023464996 0.008358382 0.012734039 0.023077562 0.001860477 0.016909540 0.018226018 0.001950474 -0.002433710 0.019058503 0.004639894 0.054938838 0.032924697 0.018680157 0.011416579
0.027705962 0.037463862 0.012869478 0.065143973 0.020105748 0.026841633 0.020673793 0.024216544 0.021654682 0.050888248 0.033836409 0.047019213 0.037595846 0.022661138 0.028004497 0.010088635 0.013702126 0.046387836 0.020592686 0.042847700 0.014455335 0.027207429 0.015862554 0.019118918 0.038088515 0.039462291 0.022800786 0.019058503 0.006327571 0.025805729 0.078519620 0.061116450 0.027222876 0.011976469
0.045449056 0.030134307 0.009460724 0.036079809 0.013399033 0.007939639 -0.003963692 0.002161139 0.000290260 0.022574358 0.001914129 0.021395922 0.004561219 0.000233635 0.040266402 0.034814555 0.011883014 0.014946511 0.011933524 0.016279273 0.012933917 0.011391876 0.029641692 -0.000492156 0.020969462 0.007246077 -0.001518513 0.004639894 0.025805729 -0.021178868 0.056551270 0.034234725 0.024164736 0.015585791
0.082160071 0.069339849 0.054365411 0.038959850 0.053352393 0.050723799 0.052110989 0.040512737 0.065614492 0.025423467 0.049028613 0.047655843 0.041377094 0.039755091 0.068133801 0.076373070 0.066332333 0.038570236 0.054107733 0.057750605 0.066875145 0.060307693 0.078540370 0.049869150 0.057204492 0.047923710 0.059069790 0.054938838 0.078519620 0.056551270 0.002067929 0.051655062 0.065240048 0.048502579
0.069913432 0.031272814 0.029958325 0.021401813 0.036233645 0.028792515 0.022445086 0.020536996 0.041796848 0.006699812 0.017139347 0.020499259 0.015386871 0.014379401 0.068613112 0.074301407 0.042424273 0.017931867 0.033891767 0.027143393 0.035405166 0.030446859 0.068583362 0.024593987 0.028943483 0.014130462 0.036576834 0.032924697 0.061116450 0.034234725 0.051655062 -0.014782503 0.046678759 0.035313107
0.035566621 0.025137357 0.017375428 0.050177716 0.022201616 0.026574697 0.019739771 0.024479978 0.030850951 0.034283213 0.022187147 0.037657082 0.026072238 0.018766088 0.034041829 0.030567467 0.013798571 0.030498739 0.024089359 0.039703690 0.015673302 0.024025554 0.025754927 0.016470967 0.035250779 0.027191833 0.022398669 0.018680157 0.027222876 0.024164736 0.065240048 0.046678759 -0.016483665 0.019185789
0.022866530 0.027093709 0.005652267 0.046087537 0.012669703 0.015544735 0.013326589 0.016559485 0.015761171 0.035045639 0.019745104 0.034301594 0.023846805 0.015441993 0.024628201 0.007444508 0.012527622 0.030169893 0.014214153 0.029574223 0.010157997 0.017482590 0.012327618 0.013858979 0.024638038 0.025423702 0.012650047 0.011416579 0.011976469 0.015585791 0.048502579 0.035313107 0.019185789 -0.009250470
