0.014818019 0.054061435 0.023971483 0.067280762 0.023819109 0.035944939 0.037623733 0.039559338 0.039737035 0.056862846 0.047707908 0.058712989 0.046855617 0.039581146 0.037689831 0.019186288 0.028411329 0.062502518 0.039517093 0.060087673 0.028360724 0.042446367 0.018932633 0.038949620 0.055122800 0.052806232 0.041389547 0.036767434 0.017051127 0.047028854 0.079561003 0.059019588 0.030205855 0.025236206
0.054061435 -0.038966302 0.019894036 0.060307428 0.029284773 0.025744686 0.024533264 0.027054563 0.036765855 0.044287525 0.031914890 0.046777703 0.032258522 0.027968476 0.058407474 0.032706793 0.025771661 0.043817088 0.033068579 0.052290566 0.027896432 0.027342344 0.039203815 0.023546878 0.018610276 0.030232813 0.027425563 0.026830137 0.036541726 0.036089670 0.072667971 0.043573529 0.029004874 0.034967631
0.023971483 0.019894036 -0.001274390 0.040768079 0.009620092 0.005475468 -0.000372097 0.004027174 0.004735897 0.027345477 0.012270499 0.031652033 0.016292220 0.010898284 0.030850695 0.012608357 0.002409809 0.031151144 0.014409302 0.020326817 0.002333418 0.008096369 0.007567081 0.001407430 0.022326492 0.018692765 0.003357271 0.002855709 0.009451827 0.009069012 0.051000789 0.033337183 0.014012361 0.006575527
0.067280762 0.060307428 0.040768079 0.011239756 0.046756234 0.034405652 0.033319965 0.035440225 0.044947151 0.012305741 0.034966346 0.030144827 0.028681532 0.033738352 0.081186578 0.070585400 0.049935941 0.035128109 0.045723863 0.037348401 0.049779408 0.036997467 0.061884515 0.032867204 0.053949457 0.027675558 0.042495914 0.040154524 0.061589755 0.032780815 0.030578494 0.026531875 0.041386485 0.054056730
0.023819109 0.029284773 0.009620092 0.046756234 -0.015116705 0.011560898 0.009418821 0.015760053 0.020796306 0.033925615 0.019567505 0.036670804 0.022255443 0.019141700 0.028804546 0.017183075 0.009097981 0.037207730 0.025256962 0.026842602 0.014213232 0.023267105 0.007312779 0.015075767 0.028981660 0.025059169 0.012295410 0.012800745 0.008518199 0.013493956 0.049147576 0.048950035 0.013116812 0.015644643
0.035944939 0.025744686 0.005475468 0.034405652 0.011560898 -0.027260991 0.001438198 0.002278472 0.004633186 0.021789946 0.007669820 0.029264122 0.007298992 0.007053804 0.038347438 0.024322450 0.006334887 0.028027900 0.011663804 0.014899771 0.004643934 0.009209261 0.018154439 0.004819869 0.026140999 0.016528266 0.002787224 0.000487906 0.019756610 0.003726395 0.043829653 0.029738963 0.018427484 0.013269921
0.037623733 0.024533264 -0.000372097 0.033319965 0.009418821 0.001438198 -0.010419110 -0.002251285 0.002929681 0.019847719 0.006122179 0.022372486 0.010980418 0.003443119 0.037404537 0.024561137 0.007730991 0.023429258 0.014200447 0.007329340 0.003672240 0.005764743 0.018706819 -0.001975274 0.021731732 0.007841228 -0.001017894 -0.001587224 0.019750677 -0.004793077 0.048287515 0.029298017 0.016763577 0.013722713
0.039559338 0.027054563 0.004027174 0.035440225 0.015760053 0.002278472 -0.002251285 -0.002657338 0.007902055 0.019094659 0.007314676 0.026796151 0.006344406 0.003578400 0.044229761 0.027901743 0.014124370 0.025891930 0.015338743 0.011680092 0.010628259 0.010174212 0.024343956 0.001089135 0.015243610 0.010604662 -0.000191875 0.007422160 0.024581719 0.005292116 0.042058010 0.030913267 0.025819112 0.020561762
0.039737035 0.036765855 0.004735897 0.044947151 0.020796306 0.004633186 0.002929681 0.007902055 -0.001550956 0.031336442 0.009358285 0.031381626 0.014973762 0.010993701 0.044003692 0.022902165 0.004477547 0.031085905 0.016673241 0.018315118 0.009587076 -0.001570273 0.014349528 0.002456991 0.029792495 0.013294817 0.000482326 0.000465124 0.018431256 -0.000974327 0.062155996 0.042099208 0.023627454 0.017120395
0.056862846 0.044287525 0.027345477 0.012305741 0.033925615 0.021789946 0.019847719 0.019094659 0.031336442 0.006760809 0.019007191 0.015323083 0.013278805 0.020007571 0.065406978 0.054955266 0.036825273 0.018397905 0.031972639 0.016089244 0.036937207 0.024038622 0.049493924 0.022116488 0.034130525 0.007108702 0.027212873 0.029121013 0.048501760 0.020432590 0.020971093 0.012529148 0.028858813 0.039405603
0.047707908 0.031914890 0.012270499 0.034966346 0.019567505 0.007669820 0.006122179 0.007314676 0.009358285 0.019007191 -0.000359207 0.025196990 0.009677246 0.010642066 0.054115042 0.039231937 0.017765444 0.023966793 0.018490722 0.013485791 0.015787283 0.014300239 0.031366922 0.007461975 0.024799792 0.008226696 0.006940000 0.010066442 0.032302096 0.009158842 0.050696515 0.023109498 0.021316255 0.024050463
0.058712989 0.046777703 0.031652033 0.030144827 0.036670804 0.029264122 0.022372486 0.026796151 0.031381626 0.015323083 0.025196990 0.016455945 0.025184643 0.024032889 0.069406614 0.054156870 0.037732191 0.025545081 0.034994036 0.025159936 0.037473749 0.026421959 0.049183276 0.024299089 0.041583430 0.014586588 0.027292740 0.028844144 0.046699584 0.021339459 0.043198302 0.032102361 0.035014372 0.043495845
0.046855617 0.032258522 0.016292220 0.028681532 0.022255443 0.007298992 0.010980418 0.006344406 0.014973762 0.013278805 0.009677246 0.025184643 -0.009313088 0.011600278 0.053089585 0.046346620 0.020056553 0.024766631 0.020217324 0.014527597 0.020058472 0.010937028 0.035526905 0.009053012 0.020044310 0.010130684 0.006804861 0.014418854 0.032970026 0.010171046 0.041231133 0.021180363 0.026424829 0.025531556
0.039581146 0.027968476 0.010898284 0.033738352 0.019141700 0.007053804 0.003443119 0.003578400 0.010993701 0.020007571 0.010642066 0.024032889 0.011600278 -0.005167447 0.045014828 0.034118608 0.012953848 0.024245935 0.013533778 0.016745821 0.012924498 0.011054596 0.024780724 0.007233106 0.025659177 0.009340746 0.003629440 0.007362340 0.024608035 0.002919599 0.040036172 0.032540254 0.019770669 0.022488620
0.037689831 0.058407474 0.030850695 0.081186578 0.028804546 0.038347438 0.037404537 0.044229761 0.044003692 0.065406978 0.054115042 0.069406614 0.053089585 0.045014828 0.033254940 0.014371952 0.034319956 0.076039448 0.042162579 0.066130988 0.035360117 0.050826896 0.027511004 0.039205045 0.053433761 0.063642859 0.042419426 0.038600322 0.027462758 0.051195174 0.080140628 0.076699004 0.044605702 0.034158226
0.019186288 0.032706793 0.012608357 0.070585400 0.017183075 0.024322450 0.024561137 0.027901743 0.022902165 0.054955266 0.039231937 0.054156870 0.046346620 0.034118608 0.014371952 -0.017176760 0.013901608 0.061708592 0.026947733 0.041102126 0.013054538 0.028745804 -0.000832087 0.025947645 0.036849439 0.049187019 0.023857478 0.019260898 0.001784163 0.032199554 0.070437446 0.067709729 0.023771986 0.006005049
0.028411329 0.025771661 0.002409809 0.049935941 0.009097981 0.006334887 0.007730991 0.014124370 0.004477547 0.036825273 0.017765444 0.037732191 0.020056553 0.012953848 0.034319956 0.013901608 -0.014463311 0.037233584 0.015224067 0.028151833 0.006276586 0.012928836 0.006192135 0.006253421 0.030767109 0.024106188 0.004470258 0.005554460 0.006667779 0.011780687 0.062804177 0.041547470 0.005355208 0.015375709
0.062502518 0.043817088 0.031151144 0.035128109 0.037207730 0.028027900 0.023429258 0.025891930 0.031085905 0.018397905 0.023966793 0.025545081 0.024766631 0.024245935 0.076039448 0.061708592 0.037233584 0.011438187 0.034217220 0.037137147 0.037845388 0.027825713 0.055242583 0.024701871 0.043471102 0.017247159 0.025626494 0.030893542 0.051243160 0.023042468 0.044937812 0.035505317 0.034894250 0.044907715
0.039517093 0.033068579 0.014409302 0.045723863 0.025256962 0.011663804 0.014200447 0.015338743 0.016673241 0.031972639 0.018490722 0.034994036 0.020217324 0.013533778 0.042162579 0.026947733 0.015224067 0.034217220 0.002582340 0.033015180 0.015946731 0.016423745 0.024487445 0.016124737 0.033813678 0.020892616 0.014682340 0.014899985 0.020188153 0.014572999 0.053634867 0.039816797 0.022668839 0.019438170
0.060087673 0.052290566 0.020326817 0.037348401 0.026842602 0.014899771 0.007329340 0.011680092 0.018315118 0.016089244 0.013485791 0.025159936 0.014527597 0.016745821 0.066130988 0.041102126 0.028151833 0.037137147 0.033015180 0.000155565 0.025964133 0.017448774 0.037585758 0.014665378 0.029616553 0.014279943 0.014408517 0.017867060 0.040937901 0.013095561 0.053104054 0.038741313 0.034493107 0.033739913
0.028360724 0.027896432 0.002333418 0.049779408 0.014213232 0.004643934 0.003672240 0.010628259 0.009587076 0.036937207 0.015787283 0.037473749 0.020058472 0.012924498 0.035360117 0.013054538 0.006276586 0.037845388 0.015946731 0.025964133 -0.003126443 0.010131698 0.007388919 0.004221790 0.032195665 0.021991871 0.006282233 0.003732475 0.008301863 0.010500134 0.058717027 0.041386977 0.009924781 0.011401013
0.042446367 0.027342344 0.008096369 0.036997467 0.023267105 0.009209261 0.005764743 0.010174212 -0.001570273 0.024038622 0.014300239 0.026421959 0.010937028 0.011054596 0.050826896 0.028745804 0.012928836 0.027825713 0.016423745 0.017448774 0.010131698 -0.023839664 0.020604363 -0.001103536 0.031637698 0.009501659 0.008673497 0.010109611 0.020538535 0.009917296 0.056353766 0.028481053 0.017199116 0.018429633
0.018932633 0.039203815 0.007567081 0.061884515 0.007312779 0.018154439 0.018706819 0.024343956 0.014349528 0.049493924 0.031366922 0.049183276 0.035526905 0.024780724 0.027511004 -0.000832087 0.006192135 0.055242583 0.024487445 0.037585758 0.007388919 0.020604363 -0.012376964 0.018684011 0.036859289 0.041092210 0.018038809 0.014258340 0.004021807 0.024318878 0.070173830 0.056693505 0.015621046 0.005859510
0.038949620 0.023546878 0.001407430 0.032867204 0.015075767 0.004819869 -0.001975274 0.001089135 0.002456991 0.022116488 0.007461975 0.024299089 0.009053012 0.007233106 0.039205045 0.025947645 0.006253421 0.024701871 0.016124737 0.014665378 0.004221790 -0.001103536 0.018684011 -0.002693611 0.021311333 0.008451493 -0.001674355 -0.000730819 0.018367250 -0.000653331 0.047474306 0.028292617 0.013707508 0.015106475
0.055122800 0.018610276 0.022326492 0.053949457 0.028981660 0.026140999 0.021731732 0.015243610 0.029792495 0.034130525 0.024799792 0.041583430 0.020044310 0.025659177 0.053433761 0.036849439 0.030767109 0.043471102 0.033813678 0.029616553 0.032195665 0.031637698 0.036859289 0.021311333 -0.013697170 0.026070056 0.019649241 0.024101626 0.043522365 0.029495183 0.064208165 0.051024668 0.040784307 0.034524389
0.052806232 0.030232813 0.018692765 0.027675558 0.025059169 0.016528266 0.007841228 0.010604662 0.013294817 0.007108702 0.008226696 0.014586588 0.010130684 0.009340746 0.063642859 0.049187019 0.024106188 0.017247159 0.020892616 0.014279943 0.021991871 0.009501659 0.041092210 0.008451493 0.026070056 -0.008704018 0.011507284 0.013502138 0.037288003 0.004456619 0.043255284 0.021885328 0.022460837 0.029798569
0.041389547 0.027425563 0.003357271 0.042495914 0.012295410 0.002787224 -0.001017894 -0.000191875 0.000482326 0.027212873 0.006940000 0.027292740 0.006804861 0.003629440 0.042419426 0.023857478 0.004470258 0.025626494 0.014682340 0.014408517 0.006282233 0.008673497 0.018038809 -0.001674355 0.019649241 0.011507284 -0.011384431 0.000701486 0.020891402 -0.000830567 0.056413531 0.041198857 0.019816699 0.013413252
0.036767434 0.026830137 0.002855709 0.040154524 0.012800745 0.000487906 -0.001587224 0.007422160 0.000465124 0.029121013 0.010066442 0.028844144 0.014418854 0.007362340 0.038600322 0.019260898 0.005554460 0.030893542 0.014899985 0.017867060 0.003732475 0.010109611 0.014258340 -0.000730819 0.024101626 0.013502138 0.000701486 -0.010224499 0.016701819 0.000972384 0.052009240 0.035312664 0.014135268 0.013099352
0.017051127 0.036541726 0.009451827 0.061589755 0.008518199 0.019756610 0.019750677 0.024581719 0.018431256 0.048501760 0.032302096 0.046699584 0.032970026 0.024608035 0.027462758 0.001784163 0.006667779 0.051243160 0.020188153 0.040937901 0.008301863 0.020538535 0.004021807 0.018367250 0.043522365 0.037288003 0.020891402 0.016701819 -0.012371162 0.023407273 0.069455177 0.056735117 0.016452510 0.011874639
0.047028854 0.036089670 0.009069012 0.032780815 0.013493956 0.003726395 -0.004793077 0.005292116 -0.000974327 0.020432590 0.009158842 0.021339459 0.010171046 0.002919599 0.051195174 0.032199554 0.011780687 0.023042468 0.014572999 0.013095561 0.010500134 0.009917296 0.024318878 -0.000653331 0.029495183 0.004456619 -0.000830567 0.000972384 0.023407273 -0.022516958 0.053326681 0.033340201 0.018014198 0.020085897
0.079561003 0.072667971 0.051000789 0.030578494 0.049147576 0.043829653 0.048287515 0.042058010 0.062155996 0.020971093 0.050696515 0.043198302 0.041231133 0.040036172 0.080140628 0.070437446 0.062804177 0.044937812 0.053634867 0.053104054 0.058717027 0.056353766 0.070173830 0.047474306 0.064208165 0.043255284 0.056413531 0.052009240 0.069455177 0.053326681 -0.001787355 0.039425276 0.055611208 0.050935004
0.059019588 0.043573529 0.033337183 0.026531875 0.048950035 0.029738963 0.029298017 0.030913267 0.042099208 0.012529148 0.023109498 0.032102361 0.021180363 0.032540254 0.076699004 0.067709729 0.041547470 0.035505317 0.039816797 0.038741313 0.041386977 0.028481053 0.056693505 0.028292617 0.051024668 0.021885328 0.041198857 0.035312664 0.056735117 0.033340201 0.039425276 0.008414336 0.034172997 0.050253421
0.030205855 0.029004874 0.014012361 0.041386485 0.013116812 0.018427484 0.016763577 0.025819112 0.023627454 0.028858813 0.021316255 0.035014372 0.026424829 0.019770669 0.044605702 0.023771986 0.005355208 0.034894250 0.022668839 0.034493107 0.009924781 0.017199116 0.015621046 0.013707508 0.040784307 0.022460837 0.019816699 0.014135268 0.016452510 0.018014198 0.055611208 0.034172997 -0.030274544 0.019963229
0.025236206 0.034967631 0.006575527 0.054056730 0.015644643 0.013269921 0.013722713 0.020561762 0.017120395 0.039405603 0.024050463 0.043495845 0.025531556 0.022488620 0.034158226 0.006005049 0.015375709 0.044907715 0.019438170 0.033739913 0.011401013 0.018429633 0.005859510 0.015106475 0.034524389 0.029798569 0.013413252 0.013099352 0.011874639 0.020085897 0.050935004 0.050253421 0.019963229 -0.000751050
