0.000000000 0.151260510 0.081818178 0.182186231 0.117903933 0.121739127 0.110132158 0.188755020 0.110132158 0.182186231 0.136752144 0.198412701 0.147679329 0.140425533 0.030612245 0.147679329 0.121739127 0.175510198 0.098214284 0.172131151 0.051643193 0.158333331 0.102222219 0.161825731 0.136752144 0.168724284 0.133047208 0.094170406 0.047169812 0.136752144 0.262773722 0.147679329 0.182186231 0.165289253
0.151260510 0.000000000 0.070312500 0.031802122 0.033962265 0.030075189 0.041825093 0.038596492 0.041825093 0.031802122 0.014814815 0.048611112 0.003663004 0.011070111 0.181034476 0.003663004 0.030075189 0.024911031 0.053846154 0.021428572 0.100401610 0.007246377 0.049808428 0.010830325 0.014814815 0.017921148 0.018587360 0.057915058 0.104838707 0.014814815 0.116129033 0.003663004 0.031802122 0.014388490
0.081818178 0.070312500 0.000000000 0.101886794 0.036437247 0.040322579 0.028571429 0.108614229 0.028571429 0.101886794 0.055555556 0.118518516 0.066666670 0.059288539 0.112149529 0.066666670 0.040322579 0.095057033 0.016528925 0.091603056 0.030303031 0.077519380 0.020576132 0.081081077 0.055555556 0.088122606 0.051792830 0.012448133 0.034782607 0.055555556 0.184931502 0.066666670 0.101886794 0.084615387
0.182186231 0.031802122 0.101886794 0.000000000 0.065693431 0.061818182 0.073529415 0.006802721 0.073529415 0.000000000 0.046594981 0.016835017 0.035460994 0.042857144 0.211618260 0.035460994 0.061818182 0.006896552 0.085501857 0.010380623 0.131782949 0.024561403 0.081481479 0.020979021 0.046594981 0.013888889 0.050359711 0.089552239 0.136186764 0.046594981 0.084639497 0.035460994 0.000000000 0.017421603
0.117903933 0.033962265 0.036437247 0.065693431 0.000000000 0.003891051 0.007874016 0.072463766 0.007874016 0.065693431 0.019157087 0.082437277 0.030303031 0.022900764 0.147982061 0.030303031 0.003891051 0.058823530 0.019920319 0.055350553 0.066666670 0.041198503 0.015873017 0.044776119 0.019157087 0.051851850 0.015384615 0.024000000 0.071129709 0.019157087 0.149501666 0.030303031 0.065693431 0.048327137
0.121739127 0.030075189 0.040322579 0.061818182 0.003891051 0.000000000 0.011764706 0.068592057 0.011764706 0.061818182 0.015267176 0.078571431 0.026415095 0.019011406 0.151785716 0.026415095 0.000000000 0.054945055 0.023809524 0.051470589 0.070539422 0.037313432 0.019762846 0.040892195 0.015267176 0.047970481 0.011494253 0.027888447 0.075000003 0.015267176 0.145695359 0.026415095 0.061818182 0.044444446
0.110132158 0.041825093 0.028571429 0.073529415 0.007874016 0.011764706 0.000000000 0.080291972 0.000000000 0.073529415 0.027027028 0.090252705 0.038167939 0.030769231 0.140271500 0.038167939 0.011764706 0.066666670 0.012048192 0.063197024 0.058823530 0.049056605 0.008000000 0.052631579 0.027027028 0.059701491 0.023255814 0.016129032 0.063291140 0.027027028 0.157190636 0.038167939 0.073529415 0.056179777
0.188755020 0.038596492 0.108614229 0.006802721 0.072463766 0.068592057 0.080291972 0.000000000 0.080291972 0.006802721 0.053380784 0.010033445 0.042253520 0.049645390 0.218107000 0.042253520 0.068592057 0.013698630 0.092250921 0.017182130 0.138461545 0.031358887 0.088235296 0.027777778 0.053380784 0.020689655 0.057142857 0.096296296 0.142857149 0.053380784 0.077881619 0.042253520 0.006802721 0.024221454
0.110132158 0.041825093 0.028571429 0.073529415 0.007874016 0.011764706 0.000000000 0.080291972 0.000000000 0.073529415 0.027027028 0.090252705 0.038167939 0.030769231 0.140271500 0.038167939 0.011764706 0.066666670 0.012048192 0.063197024 0.058823530 0.049056605 0.008000000 0.052631579 0.027027028 0.059701491 0.023255814 0.016129032 0.063291140 0.027027028 0.157190636 0.038167939 0.073529415 0.056179777
0.182186231 0.031802122 0.101886794 0.000000000 0.065693431 0.061818182 0.073529415 0.006802721 0.073529415 0.000000000 0.046594981 0.016835017 0.035460994 0.042857144 0.211618260 0.035460994 0.061818182 0.006896552 0.085501857 0.010380623 0.131782949 0.024561403 0.081481479 0.020979021 0.046594981 0.013888889 0.050359711 0.089552239 0.136186764 0.046594981 0.084639497 0.035460994 0.000000000 0.017421603
0.136752144 0.014814815 0.055555556 0.046594981 0.019157087 0.015267176 0.027027028 0.053380784 0.027027028 0.046594981 0.000000000 0.063380279 0.011152416 0.003745318 0.166666672 0.011152416 0.015267176 0.039711192 0.039062500 0.036231883 0.085714288 0.022058824 0.035019454 0.025641026 0.000000000 0.032727271 0.003773585 0.043137256 0.090163931 0.000000000 0.130718961 0.011152416 0.046594981 0.029197080
0.198412701 0.048611112 0.118518516 0.016835017 0.082437277 0.078571431 0.090252705 0.010033445 0.090252705 0.016835017 0.063380279 0.000000000 0.052264810 0.059649121 0.227642283 0.052264810 0.078571431 0.023728814 0.102189779 0.027210884 0.148288980 0.041379310 0.098181821 0.037800688 0.063380279 0.030716723 0.067137808 0.106227107 0.152671754 0.063380279 0.067901231 0.052264810 0.016835017 0.034246575
0.147679329 0.003663004 0.066666670 0.035460994 0.030303031 0.026415095 0.038167939 0.042253520 0.038167939 0.035460994 0.011152416 0.052264810 0.000000000 0.007407407 0.177489176 0.000000000 0.026415095 0.028571429 0.050193049 0.025089607 0.096774191 0.010909091 0.046153847 0.014492754 0.011152416 0.021582734 0.014925373 0.054263566 0.101214573 0.011152416 0.119741097 0.000000000 0.035460994 0.018050542
0.140425533 0.011070111 0.059288539 0.042857144 0.022900764 0.019011406 0.030769231 0.049645390 0.030769231 0.042857144 0.003745318 0.059649121 0.007407407 0.000000000 0.170305684 0.007407407 0.019011406 0.035971224 0.042801555 0.032490976 0.089430891 0.018315019 0.038759690 0.021897810 0.003745318 0.028985508 0.007518797 0.046875000 0.093877554 0.003745318 0.127035826 0.007407407 0.042857144 0.025454545
0.030612245 0.181034476 0.112149529 0.211618260 0.147982061 0.151785716 0.140271500 0.218107000 0.140271500 0.211618260 0.166666672 0.227642283 0.177489176 0.170305684 0.000000000 0.177489176 0.151785716 0.205020919 0.128440365 0.201680675 0.082125604 0.188034192 0.132420093 0.191489369 0.166666672 0.198312238 0.162995592 0.124423966 0.077669904 0.166666672 0.291044772 0.177489176 0.211618260 0.194915250
0.147679329 0.003663004 0.066666670 0.035460994 0.030303031 0.026415095 0.038167939 0.042253520 0.038167939 0.035460994 0.011152416 0.052264810 0.000000000 0.007407407 0.177489176 0.000000000 0.026415095 0.028571429 0.050193049 0.025089607 0.096774191 0.010909091 0.046153847 0.014492754 0.011152416 0.021582734 0.014925373 0.054263566 0.101214573 0.011152416 0.119741097 0.000000000 0.035460994 0.018050542
0.121739127 0.030075189 0.040322579 0.061818182 0.003891051 0.000000000 0.011764706 0.068592057 0.011764706 0.061818182 0.015267176 0.078571431 0.026415095 0.019011406 0.151785716 0.026415095 0.000000000 0.054945055 0.023809524 0.051470589 0.070539422 0.037313432 0.019762846 0.040892195 0.015267176 0.047970481 0.011494253 0.027888447 0.075000003 0.015267176 0.145695359 0.026415095 0.061818182 0.044444446
0.175510198 0.024911031 0.095057033 0.006896552 0.058823530 0.054945055 0.066666670 0.013698630 0.066666670 0.006896552 0.039711192 0.023728814 0.028571429 0.035971224 0.205020919 0.028571429 0.054945055 0.000000000 0.078651689 0.003484321 0.125000000 0.017667845 0.074626863 0.014084507 0.039711192 0.006993007 0.043478262 0.082706764 0.129411772 0.039711192 0.091482647 0.028571429 0.006896552 0.010526316
0.098214284 0.053846154 0.016528925 0.085501857 0.019920319 0.023809524 0.012048192 0.092250921 0.012048192 0.085501857 0.039062500 0.102189779 0.050193049 0.042801555 0.128440365 0.050193049 0.023809524 0.078651689 0.000000000 0.075187966 0.046808511 0.061068702 0.004048583 0.064638786 0.039062500 0.071698114 0.035294119 0.004081632 0.051282052 0.039062500 0.168918923 0.050193049 0.085501857 0.068181820
0.172131151 0.021428572 0.091603056 0.010380623 0.055350553 0.051470589 0.063197024 0.017182130 0.063197024 0.010380623 0.036231883 0.027210884 0.025089607 0.032490976 0.201680675 0.025089607 0.051470589 0.003484321 0.075187966 0.000000000 0.121568628 0.014184397 0.071161047 0.010600707 0.036231883 0.003508772 0.039999999 0.079245284 0.125984251 0.036231883 0.094936706 0.025089607 0.010380623 0.007042253
0.051643193 0.100401610 0.030303031 0.131782949 0.066666670 0.070539422 0.058823530 0.138461545 0.058823530 0.131782949 0.085714288 0.148288980 0.096774191 0.089430891 0.082125604 0.096774191 0.070539422 0.125000000 0.046808511 0.121568628 0.000000000 0.107569724 0.050847456 0.111111112 0.085714288 0.118110240 0.081967212 0.042735044 0.004484305 0.085714288 0.214035094 0.096774191 0.131782949 0.114624508
0.158333331 0.007246377 0.077519380 0.024561403 0.041198503 0.037313432 0.049056605 0.031358887 0.049056605 0.024561403 0.022058824 0.041379310 0.010909091 0.018315019 0.188034192 0.010909091 0.037313432 0.017667845 0.061068702 0.014184397 0.107569724 0.000000000 0.057034221 0.003584229 0.022058824 0.010676157 0.025830258 0.065134101 0.112000003 0.022058824 0.108974360 0.010909091 0.024561403 0.007142857
0.102222219 0.049808428 0.020576132 0.081481479 0.015873017 0.019762846 0.008000000 0.088235296 0.008000000 0.081481479 0.035019454 0.098181821 0.046153847 0.038759690 0.132420093 0.046153847 0.019762846 0.074626863 0.004048583 0.071161047 0.050847456 0.057034221 0.000000000 0.060606062 0.035019454 0.067669176 0.031250000 0.008130081 0.055319149 0.035019454 0.164983168 0.046153847 0.081481479 0.064150944
0.161825731 0.010830325 0.081081077 0.020979021 0.044776119 0.040892195 0.052631579 0.027777778 0.052631579 0.020979021 0.025641026 0.037800688 0.014492754 0.021897810 0.191489369 0.014492754 0.040892195 0.014084507 0.064638786 0.010600707 0.111111112 0.003584229 0.060606062 0.000000000 0.025641026 0.007092198 0.029411765 0.068702288 0.115537852 0.025641026 0.105431311 0.014492754 0.020979021 0.003558719
0.136752144 0.014814815 0.055555556 0.046594981 0.019157087 0.015267176 0.027027028 0.053380784 0.027027028 0.046594981 0.000000000 0.063380279 0.011152416 0.003745318 0.166666672 0.011152416 0.015267176 0.039711192 0.039062500 0.036231883 0.085714288 0.022058824 0.035019454 0.025641026 0.000000000 0.032727271 0.003773585 0.043137256 0.090163931 0.000000000 0.130718961 0.011152416 0.046594981 0.029197080
0.168724284 0.017921148 0.088122606 0.013888889 0.051851850 0.047970481 0.059701491 0.020689655 0.059701491 0.013888889 0.032727271 0.030716723 0.021582734 0.028985508 0.198312238 0.021582734 0.047970481 0.006993007 0.071698114 0.003508772 0.118110240 0.010676157 0.067669176 0.007092198 0.032727271 0.000000000 0.036496349 0.075757578 0.122529641 0.032727271 0.098412700 0.021582734 0.013888889 0.003533569
0.133047208 0.018587360 0.051792830 0.050359711 0.015384615 0.011494253 0.023255814 0.057142857 0.023255814 0.050359711 0.003773585 0.067137808 0.014925373 0.007518797 0.162995592 0.014925373 0.011494253 0.043478262 0.035294119 0.039999999 0.081967212 0.025830258 0.031250000 0.029411765 0.003773585 0.036496349 0.000000000 0.039370079 0.086419754 0.003773585 0.134426236 0.014925373 0.050359711 0.032967035
0.094170406 0.057915058 0.012448133 0.089552239 0.024000000 0.027888447 0.016129032 0.096296296 0.016129032 0.089552239 0.043137256 0.106227107 0.054263566 0.046875000 0.124423966 0.054263566 0.027888447 0.082706764 0.004081632 0.079245284 0.042735044 0.065134101 0.008130081 0.068702288 0.043137256 0.075757578 0.039370079 0.000000000 0.047210302 0.043137256 0.172881350 0.054263566 0.089552239 0.072243348
0.047169812 0.104838707 0.034782607 0.136186764 0.071129709 0.075000003 0.063291140 0.142857149 0.063291140 0.136186764 0.090163931 0.152671754 0.101214573 0.093877554 0.077669904 0.101214573 0.075000003 0.129411772 0.051282052 0.125984251 0.004484305 0.112000003 0.055319149 0.115537852 0.090163931 0.122529641 0.086419754 0.047210302 0.000000000 0.090163931 0.218309864 0.101214573 0.136186764 0.119047619
0.136752144 0.014814815 0.055555556 0.046594981 0.019157087 0.015267176 0.027027028 0.053380784 0.027027028 0.046594981 0.000000000 0.063380279 0.011152416 0.003745318 0.166666672 0.011152416 0.015267176 0.039711192 0.039062500 0.036231883 0.085714288 0.022058824 0.035019454 0.025641026 0.000000000 0.032727271 0.003773585 0.043137256 0.090163931 0.000000000 0.130718961 0.011152416 0.046594981 0.029197080
0.262773722 0.116129033 0.184931502 0.084639497 0.149501666 0.145695359 0.157190636 0.077881619 0.157190636 0.084639497 0.130718961 0.067901231 0.119741097 0.127035826 0.291044772 0.119741097 0.145695359 0.091482647 0.168918923 0.094936706 0.214035094 0.108974360 0.164983168 0.105431311 0.130718961 0.098412700 0.134426236 0.172881350 0.218309864 0.130718961 0.000000000 0.119741097 0.084639497 0.101910830
0.147679329 0.003663004 0.066666670 0.035460994 0.030303031 0.026415095 0.038167939 0.042253520 0.038167939 0.035460994 0.011152416 0.052264810 0.000000000 0.007407407 0.177489176 0.000000000 0.026415095 0.028571429 0.050193049 0.025089607 0.096774191 0.010909091 0.046153847 0.014492754 0.011152416 0.021582734 0.014925373 0.054263566 0.101214573 0.011152416 0.119741097 0.000000000 0.035460994 0.018050542
0.182186231 0.031802122 0.101886794 0.000000000 0.065693431 0.061818182 0.073529415 0.006802721 0.073529415 0.000000000 0.046594981 0.016835017 0.035460994 0.042857144 0.211618260 0.035460994 0.061818182 0.006896552 0.085501857 0.010380623 0.131782949 0.024561403 0.081481479 0.020979021 0.046594981 0.013888889 0.050359711 0.089552239 0.136186764 0.046594981 0.084639497 0.035460994 0.000000000 0.017421603
0.165289253 0.014388490 0.084615387 0.017421603 0.048327137 0.044444446 0.056179777 0.024221454 0.056179777 0.017421603 0.029197080 0.034246575 0.018050542 0.025454545 0.194915250 0.018050542 0.044444446 0.010526316 0.068181820 0.007042253 0.114624508 0.007142857 0.064150944 0.003558719 0.029197080 0.003533569 0.032967035 0.072243348 0.119047619 0.029197080 0.101910830 0.018050542 0.017421603 0.000000000
