0.000000000 0.154185027 0.085714288 0.150442481 0.142857149 0.131221727 0.106976748 0.161572054 0.127272725 0.172413796 0.168831170 0.196652725 0.161572054 0.102803737 0.010309278 0.039999999 0.072463766 0.154185027 0.044776119 0.216326535 0.067961164 0.142857149 0.085714288 0.131221727 0.154185027 0.175965667 0.111111112 0.102803737 0.035175879 0.115207374 0.301818192 0.182978719 0.049504951 0.094339624
0.154185027 0.000000000 0.069387756 0.003831418 0.011583012 0.023437500 0.048000000 0.007575758 0.027450981 0.018726591 0.015037594 0.043795619 0.007575758 0.052208837 0.144104809 0.114893615 0.082644626 0.000000000 0.110169493 0.064285718 0.087136932 0.011583012 0.069387756 0.023437500 0.000000000 0.022388060 0.043824703 0.052208837 0.119658120 0.039682541 0.154838711 0.029629629 0.105485231 0.060728744
0.085714288 0.069387756 0.000000000 0.065573767 0.057851240 0.046025105 0.021459227 0.076923080 0.042016808 0.088000000 0.084337346 0.112840466 0.076923080 0.017241379 0.075471699 0.045871560 0.013333334 0.069387756 0.041095890 0.133079842 0.017857144 0.057851240 0.000000000 0.046025105 0.069387756 0.091633469 0.025641026 0.017241379 0.050691243 0.029787235 0.221843004 0.098814227 0.036363635 0.008695652
0.150442481 0.003831418 0.065573767 0.000000000 0.007751938 0.019607844 0.044176705 0.011406844 0.023622047 0.022556391 0.018867925 0.047619049 0.011406844 0.048387095 0.140350878 0.111111112 0.078838177 0.003831418 0.106382981 0.068100356 0.083333336 0.007751938 0.065573767 0.019607844 0.003831418 0.026217228 0.039999999 0.048387095 0.115879826 0.035856575 0.158576056 0.033457249 0.101694912 0.056910571
0.142857149 0.011583012 0.057851240 0.007751938 0.000000000 0.011857707 0.036437247 0.019157087 0.015873017 0.030303031 0.026615970 0.055350553 0.019157087 0.040650405 0.132743359 0.103448279 0.071129709 0.011583012 0.098712444 0.075812273 0.075630255 0.000000000 0.057851240 0.011857707 0.011583012 0.033962265 0.032258064 0.040650405 0.108225107 0.028112451 0.166123778 0.041198503 0.094017096 0.049180329
0.131221727 0.023437500 0.046025105 0.019607844 0.011857707 0.000000000 0.024590164 0.031007752 0.004016064 0.042145595 0.038461540 0.067164183 0.031007752 0.028806584 0.121076234 0.091703057 0.059322033 0.023437500 0.086956523 0.087591238 0.063829787 0.011857707 0.046025105 0.000000000 0.023437500 0.045801528 0.020408163 0.028806584 0.096491225 0.016260162 0.177631572 0.053030305 0.082251079 0.037344400
0.106976748 0.048000000 0.021459227 0.044176705 0.036437247 0.024590164 0.000000000 0.055555556 0.020576132 0.066666670 0.062992126 0.091603056 0.055555556 0.004219409 0.096774191 0.067264572 0.034782607 0.048000000 0.062500000 0.111940302 0.039301310 0.036437247 0.021459227 0.024590164 0.048000000 0.070312500 0.004184100 0.004219409 0.072072074 0.008333334 0.201342285 0.077519380 0.057777777 0.012765957
0.161572054 0.007575758 0.076923080 0.011406844 0.019157087 0.031007752 0.055555556 0.000000000 0.035019454 0.011152416 0.007462686 0.036231883 0.000000000 0.059760958 0.151515156 0.122362867 0.090163931 0.007575758 0.117647059 0.056737587 0.094650209 0.019157087 0.076923080 0.031007752 0.007575758 0.014814815 0.051383398 0.059760958 0.127118647 0.047244094 0.147435904 0.022058824 0.112970710 0.068273090
0.127272725 0.027450981 0.042016808 0.023622047 0.015873017 0.004016064 0.020576132 0.035019454 0.000000000 0.046153847 0.042471044 0.071161047 0.035019454 0.024793388 0.117117114 0.087719299 0.055319149 0.027450981 0.082969435 0.091575094 0.059829060 0.015873017 0.042016808 0.004016064 0.027450981 0.049808428 0.016393442 0.024793388 0.092511013 0.012244898 0.181518152 0.057034221 0.078260869 0.033333335
0.172413796 0.018726591 0.088000000 0.022556391 0.030303031 0.042145595 0.066666670 0.011152416 0.046153847 0.000000000 0.003690037 0.025089607 0.011152416 0.070866145 0.162393168 0.133333340 0.101214573 0.018726591 0.128630713 0.045614034 0.105691060 0.030303031 0.088000000 0.042145595 0.018726591 0.003663004 0.062500000 0.070866145 0.138075307 0.058365759 0.136507943 0.010909091 0.123966940 0.079365082
0.168831170 0.015037594 0.084337346 0.018867925 0.026615970 0.038461540 0.062992126 0.007462686 0.042471044 0.003690037 0.000000000 0.028776979 0.007462686 0.067193680 0.158798277 0.129707113 0.097560972 0.015037594 0.125000000 0.049295776 0.102040820 0.026615970 0.084337346 0.038461540 0.015037594 0.007352941 0.058823530 0.067193680 0.134453788 0.054687500 0.140127391 0.014598540 0.120331950 0.075697213
0.196652725 0.043795619 0.112840466 0.047619049 0.055350553 0.067164183 0.091603056 0.036231883 0.071161047 0.025089607 0.028776979 0.000000000 0.036231883 0.095785439 0.186721995 0.157894731 0.125984251 0.043795619 0.153225809 0.020547945 0.130434781 0.055350553 0.112840466 0.067164183 0.043795619 0.021428572 0.087452471 0.095785439 0.162601620 0.083333336 0.111801244 0.014184397 0.148594379 0.104247101
0.161572054 0.007575758 0.076923080 0.011406844 0.019157087 0.031007752 0.055555556 0.000000000 0.035019454 0.011152416 0.007462686 0.036231883 0.000000000 0.059760958 0.151515156 0.122362867 0.090163931 0.007575758 0.117647059 0.056737587 0.094650209 0.019157087 0.076923080 0.031007752 0.007575758 0.014814815 0.051383398 0.059760958 0.127118647 0.047244094 0.147435904 0.022058824 0.112970710 0.068273090
0.102803737 0.052208837 0.017241379 0.048387095 0.040650405 0.028806584 0.004219409 0.059760958 0.024793388 0.070866145 0.067193680 0.095785439 0.059760958 0.000000000 0.092592590 0.063063063 0.030567685 0.052208837 0.058295965 0.116104871 0.035087720 0.040650405 0.017241379 0.028806584 0.052208837 0.074509807 0.008403362 0.000000000 0.067873307 0.012552301 0.205387205 0.081712060 0.053571429 0.008547009
0.010309278 0.144104809 0.075471699 0.140350878 0.132743359 0.121076234 0.096774191 0.151515156 0.117117114 0.162393168 0.158798277 0.186721995 0.151515156 0.092592590 0.000000000 0.029702971 0.062200956 0.144104809 0.034482758 0.206477731 0.057692308 0.132743359 0.075471699 0.121076234 0.144104809 0.165957451 0.100917429 0.092592590 0.024875622 0.105022833 0.292418778 0.172995776 0.039215688 0.084112152
0.039999999 0.114893615 0.045871560 0.111111112 0.103448279 0.091703057 0.067264572 0.122362867 0.087719299 0.133333340 0.129707113 0.157894731 0.122362867 0.063063063 0.029702971 0.000000000 0.032558139 0.114893615 0.004784689 0.177865610 0.028037382 0.103448279 0.045871560 0.091703057 0.114893615 0.136929467 0.071428575 0.063063063 0.004830918 0.075555556 0.265017658 0.144032925 0.009523810 0.054545455
0.072463766 0.082644626 0.013333334 0.078838177 0.071129709 0.059322033 0.034782607 0.090163931 0.055319149 0.101214573 0.097560972 0.125984251 0.090163931 0.030567685 0.062200956 0.032558139 0.000000000 0.082644626 0.027777778 0.146153852 0.004524887 0.071129709 0.013333334 0.059322033 0.082644626 0.104838707 0.038961038 0.030567685 0.037383176 0.043103449 0.234482765 0.112000003 0.023041476 0.022026431
0.154185027 0.000000000 0.069387756 0.003831418 0.011583012 0.023437500 0.048000000 0.007575758 0.027450981 0.018726591 0.015037594 0.043795619 0.007575758 0.052208837 0.144104809 0.114893615 0.082644626 0.000000000 0.110169493 0.064285718 0.087136932 0.011583012 0.069387756 0.023437500 0.000000000 0.022388060 0.043824703 0.052208837 0.119658120 0.039682541 0.154838711 0.029629629 0.105485231 0.060728744
0.044776119 0.110169493 0.041095890 0.106382981 0.098712444 0.086956523 0.062500000 0.117647059 0.082969435 0.128630713 0.125000000 0.153225809 0.117647059 0.058295965 0.034482758 0.004784689 0.027777778 0.110169493 0.000000000 0.173228353 0.023255814 0.098712444 0.041095890 0.086956523 0.110169493 0.132231399 0.066666670 0.058295965 0.009615385 0.070796460 0.260563374 0.139344260 0.004739337 0.049773756
0.216326535 0.064285718 0.133079842 0.068100356 0.075812273 0.087591238 0.111940302 0.056737587 0.091575094 0.045614034 0.049295776 0.020547945 0.056737587 0.116104871 0.206477731 0.177865610 0.146153852 0.064285718 0.173228353 0.000000000 0.150579154 0.075812273 0.133079842 0.087591238 0.064285718 0.041958041 0.107806690 0.116104871 0.182539687 0.103703700 0.091463417 0.034722224 0.168627456 0.124528304
0.067961164 0.087136932 0.017857144 0.083333336 0.075630255 0.063829787 0.039301310 0.094650209 0.059829060 0.105691060 0.102040820 0.130434781 0.094650209 0.035087720 0.057692308 0.028037382 0.004524887 0.087136932 0.023255814 0.150579154 0.000000000 0.075630255 0.017857144 0.063829787 0.087136932 0.109311745 0.043478262 0.035087720 0.032863848 0.047619049 0.238754332 0.116465867 0.018518519 0.026548672
0.142857149 0.011583012 0.057851240 0.007751938 0.000000000 0.011857707 0.036437247 0.019157087 0.015873017 0.030303031 0.026615970 0.055350553 0.019157087 0.040650405 0.132743359 0.103448279 0.071129709 0.011583012 0.098712444 0.075812273 0.075630255 0.000000000 0.057851240 0.011857707 0.011583012 0.033962265 0.032258064 0.040650405 0.108225107 0.028112451 0.166123778 0.041198503 0.094017096 0.049180329
0.085714288 0.069387756 0.000000000 0.065573767 0.057851240 0.046025105 0.021459227 0.076923080 0.042016808 0.088000000 0.084337346 0.112840466 0.076923080 0.017241379 0.075471699 0.045871560 0.013333334 0.069387756 0.041095890 0.133079842 0.017857144 0.057851240 0.000000000 0.046025105 0.069387756 0.091633469 0.025641026 0.017241379 0.050691243 0.029787235 0.221843004 0.098814227 0.036363635 0.008695652
0.131221727 0.023437500 0.046025105 0.019607844 0.011857707 0.000000000 0.024590164 0.031007752 0.004016064 0.042145595 0.038461540 0.067164183 0.031007752 0.028806584 0.121076234 0.091703057 0.059322033 0.023437500 0.086956523 0.087591238 0.063829787 0.011857707 0.046025105 0.000000000 0.023437500 0.045801528 0.020408163 0.028806584 0.096491225 0.016260162 0.177631572 0.053030305 0.082251079 0.037344400
0.154185027 0.000000000 0.069387756 0.003831418 0.011583012 0.023437500 0.048000000 0.007575758 0.027450981 0.018726591 0.015037594 0.043795619 0.007575758 0.052208837 0.144104809 0.114893615 0.082644626 0.000000000 0.110169493 0.064285718 0.087136932 0.011583012 0.069387756 0.023437500 0.000000000 0.022388060 0.043824703 0.052208837 0.119658120 0.039682541 0.154838711 0.029629629 0.105485231 0.060728744
0.175965667 0.022388060 0.091633469 0.026217228 0.033962265 0.045801528 0.070312500 0.014814815 0.049808428 0.003663004 0.007352941 0.021428572 0.014814815 0.074509807 0.165957451 0.136929467 0.104838707 0.022388060 0.132231399 0.041958041 0.109311745 0.033962265 0.091633469 0.045801528 0.022388060 0.000000000 0.066147856 0.074509807 0.141666666 0.062015504 0.132911399 0.007246377 0.127572015 0.083003953
0.111111112 0.043824703 0.025641026 0.039999999 0.032258064 0.020408163 0.004184100 0.051383398 0.016393442 0.062500000 0.058823530 0.087452471 0.051383398 0.008403362 0.100917429 0.071428575 0.038961038 0.043824703 0.066666670 0.107806690 0.043478262 0.032258064 0.025641026 0.020408163 0.043824703 0.066147856 0.000000000 0.008403362 0.076233186 0.004149378 0.197324410 0.073359072 0.061946902 0.016949153
0.102803737 0.052208837 0.017241379 0.048387095 0.040650405 0.028806584 0.004219409 0.059760958 0.024793388 0.070866145 0.067193680 0.095785439 0.059760958 0.000000000 0.092592590 0.063063063 0.030567685 0.052208837 0.058295965 0.116104871 0.035087720 0.040650405 0.017241379 0.028806584 0.052208837 0.074509807 0.008403362 0.000000000 0.067873307 0.012552301 0.205387205 0.081712060 0.053571429 0.008547009
0.035175879 0.119658120 0.050691243 0.115879826 0.108225107 0.096491225 0.072072074 0.127118647 0.092511013 0.138075307 0.134453788 0.162601620 0.127118647 0.067873307 0.024875622 0.004830918 0.037383176 0.119658120 0.009615385 0.182539687 0.032863848 0.108225107 0.050691243 0.096491225 0.119658120 0.141666666 0.076233186 0.067873307 0.000000000 0.080357142 0.269503534 0.148760334 0.014354067 0.059360731
0.115207374 0.039682541 0.029787235 0.035856575 0.028112451 0.016260162 0.008333334 0.047244094 0.012244898 0.058365759 0.054687500 0.083333336 0.047244094 0.012552301 0.105022833 0.075555556 0.043103449 0.039682541 0.070796460 0.103703700 0.047619049 0.028112451 0.029787235 0.016260162 0.039682541 0.062015504 0.004149378 0.012552301 0.080357142 0.000000000 0.193333328 0.069230773 0.066079296 0.021097047
0.301818192 0.154838711 0.221843004 0.158576056 0.166123778 0.177631572 0.201342285 0.147435904 0.181518152 0.136507943 0.140127391 0.111801244 0.147435904 0.205387205 0.292418778 0.265017658 0.234482765 0.154838711 0.260563374 0.091463417 0.238754332 0.166123778 0.221843004 0.177631572 0.154838711 0.132911399 0.197324410 0.205387205 0.269503534 0.193333328 0.000000000 0.125786170 0.256140351 0.213559315
0.182978719 0.029629629 0.098814227 0.033457249 0.041198503 0.053030305 0.077519380 0.022058824 0.057034221 0.010909091 0.014598540 0.014184397 0.022058824 0.081712060 0.172995776 0.144032925 0.112000003 0.029629629 0.139344260 0.034722224 0.116465867 0.041198503 0.098814227 0.053030305 0.029629629 0.007246377 0.073359072 0.081712060 0.148760334 0.069230773 0.125786170 0.000000000 0.134693876 0.090196081
0.049504951 0.105485231 0.036363635 0.101694912 0.094017096 0.082251079 0.057777777 0.112970710 0.078260869 0.123966940 0.120331950 0.148594379 0.112970710 0.053571429 0.039215688 0.009523810 0.023041476 0.105485231 0.004739337 0.168627456 0.018518519 0.094017096 0.036363635 0.082251079 0.105485231 0.127572015 0.061946902 0.053571429 0.014354067 0.066079296 0.256140351 0.134693876 0.000000000 0.045045044
0.094339624 0.060728744 0.008695652 0.056910571 0.049180329 0.037344400 0.012765957 0.068273090 0.033333335 0.079365082 0.075697213 0.104247101 0.068273090 0.008547009 0.084112152 0.054545455 0.022026431 0.060728744 0.049773756 0.124528304 0.026548672 0.049180329 0.008695652 0.037344400 0.060728744 0.083003953 0.016949153 0.008547009 0.059360731 0.021097047 0.213559315 0.090196081 0.045045044 0.000000000
