0.000000000 0.138121545 0.152173907 0.333333343 0.076923080 0.204081640 0.174603179 0.216080397 0.239024386 0.290909082 0.227722779 0.318777293 0.208121821 0.195876285 0.187500000 0.108571425 0.178947374 0.344537824 0.216080397 0.264150947 0.142857149 0.178947374 0.098265894 0.178947374 0.253588527 0.264150947 0.204081640 0.216080397 0.071428575 0.191709846 0.264150947 0.284403682 0.128491625 0.133333340
0.138121545 0.000000000 0.014354067 0.204633206 0.061855670 0.067873307 0.037383176 0.080357142 0.104347825 0.159183666 0.092511013 0.188976377 0.072072074 0.059360731 0.050691243 0.029999999 0.041860465 0.216730043 0.080357142 0.130801693 0.004830918 0.041860465 0.040404040 0.041860465 0.119658120 0.130801693 0.067873307 0.080357142 0.067357510 0.055045873 0.130801693 0.152263373 0.009803922 0.004878049
0.152173907 0.014354067 0.000000000 0.190839693 0.076142132 0.053571429 0.023041476 0.066079296 0.090128757 0.145161286 0.078260869 0.175097272 0.057777777 0.045045044 0.036363635 0.044334974 0.027522936 0.203007519 0.066079296 0.116666667 0.009523810 0.027522936 0.054726370 0.027522936 0.105485231 0.116666667 0.053571429 0.066079296 0.081632651 0.040723983 0.116666667 0.138211384 0.024154589 0.019230770
0.333333343 0.204633206 0.190839693 0.000000000 0.263157904 0.138686135 0.168539330 0.126353785 0.102473497 0.046979867 0.114285715 0.016286645 0.134545460 0.147058830 0.155555561 0.233201578 0.164179102 0.012658228 0.126353785 0.075862072 0.200000003 0.164179102 0.243027896 0.164179102 0.087108016 0.075862072 0.138686135 0.126353785 0.268292695 0.151291519 0.075862072 0.054054055 0.214007780 0.209302321
0.076923080 0.061855670 0.076142132 0.263157904 0.000000000 0.129186600 0.099009901 0.141509429 0.165137619 0.218884125 0.153488368 0.247933879 0.133333340 0.120772950 0.112195119 0.031914894 0.103448279 0.274900407 0.141509429 0.191111118 0.066666670 0.103448279 0.021505376 0.103448279 0.180180177 0.191111118 0.129186600 0.141509429 0.005524862 0.116504855 0.191111118 0.212121218 0.052083332 0.056994818
0.204081640 0.067873307 0.053571429 0.138686135 0.129186600 0.000000000 0.030567685 0.012552301 0.036734693 0.092307694 0.024793388 0.122676581 0.004219409 0.008547009 0.017241379 0.097674422 0.026086956 0.151079133 0.012552301 0.063492067 0.063063063 0.026086956 0.107981220 0.026086956 0.052208837 0.063492067 0.000000000 0.012552301 0.134615391 0.012875536 0.063492067 0.085271321 0.077625573 0.072727270
0.174603179 0.037383176 0.023041476 0.168539330 0.099009901 0.030567685 0.000000000 0.043103449 0.067226894 0.122529641 0.055319149 0.152671754 0.034782607 0.022026431 0.013333334 0.067307696 0.004484305 0.180811808 0.043103449 0.093877554 0.032558139 0.004484305 0.077669904 0.004484305 0.082644626 0.093877554 0.030567685 0.043103449 0.104477614 0.017699115 0.093877554 0.115537852 0.047169812 0.042253520
0.216080397 0.080357142 0.066079296 0.126353785 0.141509429 0.012552301 0.043103449 0.000000000 0.024193548 0.079847910 0.012244898 0.110294119 0.008333334 0.021097047 0.029787235 0.110091746 0.038626611 0.138790041 0.000000000 0.050980393 0.075555556 0.038626611 0.120370373 0.038626611 0.039682541 0.050980393 0.012552301 0.000000000 0.146919429 0.025423728 0.050980393 0.072796933 0.090090089 0.085201792
0.239024386 0.104347825 0.090128757 0.102473497 0.165137619 0.036734693 0.067226894 0.024193548 0.000000000 0.055762082 0.011952192 0.086330935 0.032520324 0.045267489 0.053941909 0.133928567 0.062761508 0.114982575 0.024193548 0.026819924 0.099567100 0.062761508 0.144144148 0.062761508 0.015503876 0.026819924 0.036734693 0.024193548 0.170506909 0.049586777 0.026819924 0.048689138 0.114035085 0.109170303
0.290909082 0.159183666 0.145161286 0.046979867 0.218884125 0.092307694 0.122529641 0.079847910 0.055762082 0.000000000 0.067669176 0.030716723 0.088122606 0.100775197 0.109375000 0.188284516 0.118110240 0.059602648 0.079847910 0.028985508 0.154471546 0.118110240 0.198312238 0.118110240 0.040293042 0.028985508 0.092307694 0.079847910 0.224137932 0.105058365 0.028985508 0.007092198 0.168724284 0.163934425
0.227722779 0.092511013 0.078260869 0.114285715 0.153488368 0.024793388 0.055319149 0.012244898 0.011952192 0.067669176 0.000000000 0.098181821 0.020576132 0.033333335 0.042016808 0.122171946 0.050847456 0.126760557 0.012244898 0.038759690 0.087719299 0.050847456 0.132420093 0.050847456 0.027450981 0.038759690 0.024793388 0.012244898 0.158878505 0.037656903 0.038759690 0.060606062 0.102222219 0.097345136
0.318777293 0.188976377 0.175097272 0.016286645 0.247933879 0.122676581 0.152671754 0.110294119 0.086330935 0.030716723 0.098181821 0.000000000 0.118518516 0.131086141 0.139622644 0.217741936 0.148288980 0.028938906 0.110294119 0.059649121 0.184313729 0.148288980 0.227642283 0.148288980 0.070921987 0.059649121 0.122676581 0.110294119 0.253112048 0.135338351 0.059649121 0.037800688 0.198412701 0.193675891
0.208121821 0.072072074 0.057777777 0.134545460 0.133333340 0.004219409 0.034782607 0.008333334 0.032520324 0.088122606 0.020576132 0.118518516 0.000000000 0.012765957 0.021459227 0.101851851 0.030303031 0.146953404 0.008333334 0.059288539 0.067264572 0.030303031 0.112149529 0.030303031 0.048000000 0.059288539 0.004219409 0.008333334 0.138755977 0.017094018 0.059288539 0.081081077 0.081818178 0.076923080
0.195876285 0.059360731 0.045045044 0.147058830 0.120772950 0.008547009 0.022026431 0.021097047 0.045267489 0.100775197 0.033333335 0.131086141 0.012765957 0.000000000 0.008695652 0.089201875 0.017543860 0.159420297 0.021097047 0.071999997 0.054545455 0.017543860 0.099526070 0.017543860 0.060728744 0.071999997 0.008547009 0.021097047 0.126213595 0.004329004 0.071999997 0.093750000 0.069124423 0.064220183
0.187500000 0.050691243 0.036363635 0.155555561 0.112195119 0.017241379 0.013333334 0.029787235 0.053941909 0.109375000 0.042016808 0.139622644 0.021459227 0.008695652 0.000000000 0.080568723 0.008849557 0.167883217 0.029787235 0.080645159 0.045871560 0.008849557 0.090909094 0.008849557 0.069387756 0.080645159 0.017241379 0.029787235 0.117647059 0.004366812 0.080645159 0.102362208 0.060465116 0.055555556
0.108571425 0.029999999 0.044334974 0.233201578 0.031914894 0.097674422 0.067307696 0.110091746 0.133928567 0.188284516 0.122171946 0.217741936 0.101851851 0.089201875 0.080568723 0.000000000 0.071770333 0.245136186 0.110091746 0.160173163 0.034825869 0.071770333 0.010416667 0.071770333 0.149122804 0.160173163 0.097674422 0.110091746 0.037433155 0.084905662 0.160173163 0.181434602 0.020202020 0.025125628
0.178947374 0.041860465 0.027522936 0.164179102 0.103448279 0.026086956 0.004484305 0.038626611 0.062761508 0.118110240 0.050847456 0.148288980 0.030303031 0.017543860 0.008849557 0.071770333 0.000000000 0.176470593 0.038626611 0.089430891 0.037037037 0.000000000 0.082125604 0.000000000 0.078189299 0.089430891 0.026086956 0.038626611 0.108910888 0.013215859 0.089430891 0.111111112 0.051643193 0.046728972
0.344537824 0.216730043 0.203007519 0.012658228 0.274900407 0.151079133 0.180811808 0.138790041 0.114982575 0.059602648 0.126760557 0.028938906 0.146953404 0.159420297 0.167883217 0.245136186 0.176470593 0.000000000 0.138790041 0.088435374 0.212121218 0.176470593 0.254901975 0.176470593 0.099656358 0.088435374 0.151079133 0.138790041 0.280000001 0.163636357 0.088435374 0.066666670 0.226053640 0.221374050
0.216080397 0.080357142 0.066079296 0.126353785 0.141509429 0.012552301 0.043103449 0.000000000 0.024193548 0.079847910 0.012244898 0.110294119 0.008333334 0.021097047 0.029787235 0.110091746 0.038626611 0.138790041 0.000000000 0.050980393 0.075555556 0.038626611 0.120370373 0.038626611 0.039682541 0.050980393 0.012552301 0.000000000 0.146919429 0.025423728 0.050980393 0.072796933 0.090090089 0.085201792
0.264150947 0.130801693 0.116666667 0.075862072 0.191111118 0.063492067 0.093877554 0.050980393 0.026819924 0.028985508 0.038759690 0.059649121 0.059288539 0.071999997 0.080645159 0.160173163 0.089430891 0.088435374 0.050980393 0.000000000 0.126050428 0.089430891 0.170305684 0.089430891 0.011320755 0.000000000 0.063492067 0.050980393 0.196428567 0.076305218 0.000000000 0.021897810 0.140425533 0.135593221
0.142857149 0.004830918 0.009523810 0.200000003 0.066666670 0.063063063 0.032558139 0.075555556 0.099567100 0.154471546 0.087719299 0.184313729 0.067264572 0.054545455 0.045871560 0.034825869 0.037037037 0.212121218 0.075555556 0.126050428 0.000000000 0.037037037 0.045226131 0.037037037 0.114893615 0.126050428 0.063063063 0.075555556 0.072164945 0.050228309 0.126050428 0.147540987 0.014634146 0.009708738
0.178947374 0.041860465 0.027522936 0.164179102 0.103448279 0.026086956 0.004484305 0.038626611 0.062761508 0.118110240 0.050847456 0.148288980 0.030303031 0.017543860 0.008849557 0.071770333 0.000000000 0.176470593 0.038626611 0.089430891 0.037037037 0.000000000 0.082125604 0.000000000 0.078189299 0.089430891 0.026086956 0.038626611 0.108910888 0.013215859 0.089430891 0.111111112 0.051643193 0.046728972
0.098265894 0.040404040 0.054726370 0.243027896 0.021505376 0.107981220 0.077669904 0.120370373 0.144144148 0.198312238 0.132420093 0.227642283 0.112149529 0.099526070 0.090909094 0.010416667 0.082125604 0.254901975 0.120370373 0.170305684 0.045226131 0.082125604 0.000000000 0.082125604 0.159292042 0.170305684 0.107981220 0.120370373 0.027027028 0.095238097 0.170305684 0.191489369 0.030612245 0.035532996
0.178947374 0.041860465 0.027522936 0.164179102 0.103448279 0.026086956 0.004484305 0.038626611 0.062761508 0.118110240 0.050847456 0.148288980 0.030303031 0.017543860 0.008849557 0.071770333 0.000000000 0.176470593 0.038626611 0.089430891 0.037037037 0.000000000 0.082125604 0.000000000 0.078189299 0.089430891 0.026086956 0.038626611 0.108910888 0.013215859 0.089430891 0.111111112 0.051643193 0.046728972
0.253588527 0.119658120 0.105485231 0.087108016 0.180180177 0.052208837 0.082644626 0.039682541 0.015503876 0.040293042 0.027450981 0.070921987 0.048000000 0.060728744 0.069387756 0.149122804 0.078189299 0.099656358 0.039682541 0.011320755 0.114893615 0.078189299 0.159292042 0.078189299 0.000000000 0.011320755 0.052208837 0.039682541 0.185520366 0.065040648 0.011320755 0.033210333 0.129310340 0.124463521
0.264150947 0.130801693 0.116666667 0.075862072 0.191111118 0.063492067 0.093877554 0.050980393 0.026819924 0.028985508 0.038759690 0.059649121 0.059288539 0.071999997 0.080645159 0.160173163 0.089430891 0.088435374 0.050980393 0.000000000 0.126050428 0.089430891 0.170305684 0.089430891 0.011320755 0.000000000 0.063492067 0.050980393 0.196428567 0.076305218 0.000000000 0.021897810 0.140425533 0.135593221
0.204081640 0.067873307 0.053571429 0.138686135 0.129186600 0.000000000 0.030567685 0.012552301 0.036734693 0.092307694 0.024793388 0.122676581 0.004219409 0.008547009 0.017241379 0.097674422 0.026086956 0.151079133 0.012552301 0.063492067 0.063063063 0.026086956 0.107981220 0.026086956 0.052208837 0.063492067 0.000000000 0.012552301 0.134615391 0.012875536 0.063492067 0.085271321 0.077625573 0.072727270
0.216080397 0.080357142 0.066079296 0.126353785 0.141509429 0.012552301 0.043103449 0.000000000 0.024193548 0.079847910 0.012244898 0.110294119 0.008333334 0.021097047 0.029787235 0.110091746 0.038626611 0.138790041 0.000000000 0.050980393 0.075555556 0.038626611 0.120370373 0.038626611 0.039682541 0.050980393 0.012552301 0.000000000 0.146919429 0.025423728 0.050980393 0.072796933 0.090090089 0.085201792
0.071428575 0.067357510 0.081632651 0.268292695 0.005524862 0.134615391 0.104477614 0.146919429 0.170506909 0.224137932 0.158878505 0.253112048 0.138755977 0.126213595 0.117647059 0.037433155 0.108910888 0.280000001 0.146919429 0.196428567 0.072164945 0.108910888 0.027027028 0.108910888 0.185520366 0.196428567 0.134615391 0.146919429 0.000000000 0.121951222 0.196428567 0.217391297 0.057591625 0.062500000
0.191709846 0.055045873 0.040723983 0.151291519 0.116504855 0.012875536 0.017699115 0.025423728 0.049586777 0.105058365 0.037656903 0.135338351 0.017094018 0.004329004 0.004366812 0.084905662 0.013215859 0.163636357 0.025423728 0.076305218 0.050228309 0.013215859 0.095238097 0.013215859 0.065040648 0.076305218 0.012875536 0.025423728 0.121951222 0.000000000 0.076305218 0.098039217 0.064814813 0.059907835
0.264150947 0.130801693 0.116666667 0.075862072 0.191111118 0.063492067 0.093877554 0.050980393 0.026819924 0.028985508 0.038759690 0.059649121 0.059288539 0.071999997 0.080645159 0.160173163 0.089430891 0.088435374 0.050980393 0.000000000 0.126050428 0.089430891 0.170305684 0.089430891 0.011320755 0.000000000 0.063492067 0.050980393 0.196428567 0.076305218 0.000000000 0.021897810 0.140425533 0.135593221
0.284403682 0.152263373 0.138211384 0.054054055 0.212121218 0.085271321 0.115537852 0.072796933 0.048689138 0.007092198 0.060606062 0.037800688 0.081081077 0.093750000 0.102362208 0.181434602 0.111111112 0.066666670 0.072796933 0.021897810 0.147540987 0.111111112 0.191489369 0.111111112 0.033210333 0.021897810 0.085271321 0.072796933 0.217391297 0.098039217 0.021897810 0.000000000 0.161825731 0.157024801
0.128491625 0.009803922 0.024154589 0.214007780 0.052083332 0.077625573 0.047169812 0.090090089 0.114035085 0.168724284 0.102222219 0.198412701 0.081818178 0.069124423 0.060465116 0.020202020 0.051643193 0.226053640 0.090090089 0.140425533 0.014634146 0.051643193 0.030612245 0.051643193 0.129310340 0.140425533 0.077625573 0.090090089 0.057591625 0.064814813 0.140425533 0.161825731 0.000000000 0.004926108
0.133333340 0.004878049 0.019230770 0.209302321 0.056994818 0.072727270 0.042253520 0.085201792 0.109170303 0.163934425 0.097345136 0.193675891 0.076923080 0.064220183 0.055555556 0.025125628 0.046728972 0.221374050 0.085201792 0.135593221 0.009708738 0.046728972 0.035532996 0.046728972 0.124463521 0.135593221 0.072727270 0.085201792 0.062500000 0.059907835 0.135593221 0.157024801 0.004926108 0.000000000
