0.016682340 0.055906806 0.019931888 0.087107025 0.011854443 0.036876775 0.034639634 0.038188066 0.040384866 0.063868880 0.046820823 0.077066183 0.047455493 0.049447738 0.027718715 0.018161498 0.028324764 0.062779896 0.039191775 0.062694229 0.023141731 0.046477091 0.022201214 0.039201152 0.052162997 0.048412334 0.039292518 0.038850419 0.019416668 0.048591413 0.086345732 0.071155973 0.037871242 0.025307260
0.055906806 -0.045683306 0.019026259 0.068160579 0.020789968 0.021322606 0.023081526 0.021501994 0.033881705 0.044106256 0.025694303 0.053998392 0.028992094 0.030172061 0.047420807 0.031210585 0.024368893 0.037930444 0.030598458 0.047303766 0.022808585 0.027119607 0.042526405 0.022266936 0.009116453 0.027218271 0.026919719 0.025890404 0.035468630 0.037260152 0.084198356 0.044766016 0.029944101 0.033252098
0.019931888 0.019026259 -0.001459337 0.047274932 0.005120698 0.004977455 -0.000346612 0.003390628 0.004120182 0.030236937 0.010397425 0.041763268 0.014115588 0.016664073 0.028267151 0.011564586 -0.000548132 0.030992579 0.013273641 0.021259885 0.002405807 0.011319948 0.011323249 0.001048212 0.019874768 0.020839332 0.000499169 0.007917877 0.008420610 0.012684516 0.051362138 0.043879706 0.019743057 0.012063271
0.087107025 0.068160579 0.047274932 0.022613954 0.039704412 0.031673454 0.035295412 0.034421120 0.047332846 0.011810779 0.035246830 0.036225121 0.035063371 0.035878547 0.084754057 0.064573288 0.060475886 0.043743879 0.056617156 0.037549604 0.050683275 0.043857653 0.062215157 0.036584247 0.043465346 0.021683594 0.045542203 0.043792989 0.070552401 0.042357158 0.052071534 0.037728094 0.049141236 0.059834607
0.011854443 0.020789968 0.005120698 0.039704412 -0.019300058 0.011714383 0.010344744 0.014685459 0.017756328 0.026770905 0.017049033 0.034827482 0.019999165 0.018945068 0.016591966 0.012873604 0.001280882 0.026192002 0.014794266 0.026449444 0.008733336 0.018753137 0.009757958 0.014165717 0.027066384 0.018702680 0.011279845 0.009847032 0.001755367 0.008752938 0.038424067 0.042889617 0.008057240 0.016716836
0.036876775 0.021322606 0.004977455 0.031673454 0.011714383 -0.027016766 0.001361011 0.001657503 0.004003744 0.018660584 0.006872840 0.029505813 0.006656418 0.007812409 0.036121204 0.023957176 0.006025968 0.024689633 0.008851220 0.014917232 0.002837555 0.010134706 0.020151880 0.004629700 0.023781378 0.015164096 0.002389240 0.000873799 0.017254550 0.003979155 0.041898809 0.026737411 0.017503206 0.017602526
0.034639634 0.023081526 -0.000346612 0.035295412 0.010344744 0.001361011 -0.013489025 -0.002986823 0.002588479 0.020087674 0.005428299 0.027623776 0.008345395 0.006508232 0.036303964 0.022741966 0.007414974 0.023870951 0.013197774 0.007702766 0.004377003 0.008160496 0.019615529 -0.002534973 0.020954454 0.009466018 -0.003558054 0.002387869 0.016650839 -0.001905182 0.046960160 0.035865128 0.019874876 0.018183261
0.038188066 0.021501994 0.003390628 0.034421120 0.014685459 0.001657503 -0.002986823 -0.002656208 0.006411797 0.016644273 0.006288415 0.029223800 0.002268067 0.006067643 0.039004281 0.027109031 0.012161754 0.020738108 0.010283380 0.012635775 0.008490942 0.009405032 0.025682487 0.000983716 0.012750419 0.008808883 -0.001026347 0.006865825 0.022030788 0.004392179 0.039744247 0.030296955 0.023701541 0.024126749
0.040384866 0.033881705 0.004120182 0.047332846 0.017756328 0.004003744 0.002588479 0.006411797 -0.001773778 0.029781483 0.009491632 0.033589311 0.015096878 0.010491221 0.042735655 0.020430531 0.006255709 0.030478923 0.014390267 0.017222175 0.008794436 -0.000770881 0.012525442 0.002283064 0.028851233 0.011358380 -0.001159530 0.001163351 0.016428024 0.001029866 0.062059999 0.041758254 0.024716411 0.019939376
0.063868880 0.044106256 0.030236937 0.011810779 0.026770905 0.018660584 0.020087674 0.016644273 0.029781483 -0.000746024 0.017555073 0.012930638 0.015631063 0.018264240 0.062145948 0.048499063 0.040198714 0.020741880 0.034861583 0.006623663 0.034878649 0.024284836 0.047293156 0.021385573 0.024458027 0.002358262 0.027158087 0.028601177 0.049541142 0.025260471 0.028203588 0.015476483 0.029105233 0.040356986
0.046820823 0.025694303 0.010397425 0.035246830 0.017049033 0.006872840 0.005428299 0.006288415 0.009491632 0.017555073 -0.005222807 0.027069697 0.007634942 0.012412454 0.046364356 0.036421124 0.015808018 0.019178335 0.012619135 0.014058152 0.013052123 0.012118130 0.030132530 0.007368558 0.022995852 0.001820372 0.006126462 0.007452720 0.030290511 0.005875597 0.047895856 0.022450563 0.017678158 0.025151428
0.077066183 0.053998392 0.041763268 0.036225121 0.034827482 0.029505813 0.027623776 0.029223800 0.033589311 0.012930638 0.027069697 0.015159860 0.031468187 0.026793733 0.074566662 0.052023903 0.048258059 0.033345282 0.045592986 0.021302748 0.040943548 0.034726575 0.051161844 0.028041737 0.035720378 0.015965937 0.033320155 0.033114322 0.055946879 0.033088349 0.067397922 0.044716850 0.040344886 0.050820019
0.047455493 0.028992094 0.014115588 0.035063371 0.019999165 0.006656418 0.008345395 0.002268067 0.015096878 0.015631063 0.007634942 0.031468187 -0.010518011 0.012695486 0.050297663 0.042928778 0.019332934 0.022130262 0.016913742 0.015715145 0.017800011 0.010437289 0.034853168 0.008506340 0.017209515 0.003275414 0.004447739 0.013411951 0.033975374 0.008573085 0.041879352 0.023904234 0.026764205 0.028177924
0.049447738 0.030172061 0.016664073 0.035878547 0.018945068 0.007812409 0.006508232 0.006067643 0.010491221 0.018264240 0.012412454 0.026793733 0.012695486 0.000711501 0.046678938 0.037144244 0.018083148 0.024377713 0.017174069 0.013741886 0.011454614 0.015761361 0.033683818 0.009012769 0.019710865 0.011288218 0.008019521 0.009799540 0.029078206 0.009816027 0.053423569 0.036477648 0.024633640 0.031294171
0.027718715 0.047420807 0.028267151 0.084754057 0.016591966 0.036121204 0.036303964 0.039004281 0.042735655 0.062145948 0.046364356 0.074566662 0.050297663 0.046678938 0.014635319 0.012314641 0.028964739 0.063233562 0.036075611 0.062484421 0.029610153 0.044233285 0.031133605 0.038922239 0.044050973 0.050971650 0.043214511 0.034244701 0.023250790 0.044799261 0.076049693 0.074838862 0.036559582 0.029824566
0.018161498 0.031210585 0.011564586 0.064573288 0.012873604 0.023957176 0.022741966 0.027109031 0.020430531 0.048499063 0.036421124 0.052023903 0.042928778 0.037144244 0.012314641 -0.019105300 0.013622841 0.060454056 0.025841644 0.027577894 0.009365655 0.029649628 -0.000002402 0.023106983 0.031097872 0.046154752 0.021773715 0.017434737 0.001310872 0.034172133 0.072569907 0.072244711 0.024098102 0.010260803
0.028324764 0.024368893 -0.000548132 0.060475886 0.001280882 0.006025968 0.007414974 0.012161754 0.006255709 0.040198714 0.015808018 0.048258059 0.019332934 0.018083148 0.028964739 0.013622841 -0.013879247 0.035137247 0.013451628 0.030397471 0.004207628 0.015457200 0.010128343 0.007668697 0.025391819 0.023220878 0.004297490 0.008299789 0.008977491 0.013639512 0.068220533 0.048381291 0.012718253 0.017627254
0.062779896 0.037930444 0.030992579 0.043743879 0.026192002 0.024689633 0.023870951 0.020738108 0.030478923 0.020741880 0.019178335 0.033345282 0.022130262 0.024377713 0.063233562 0.060454056 0.035137247 0.006823201 0.030303251 0.038058750 0.036752194 0.026925314 0.054754578 0.025268337 0.035318144 0.014616334 0.024340792 0.031320199 0.048897237 0.023339711 0.047852375 0.036475673 0.034420341 0.040755577
0.039191775 0.030598458 0.013273641 0.056617156 0.014794266 0.008851220 0.013197774 0.010283380 0.014390267 0.034861583 0.012619135 0.045592986 0.016913742 0.017174069 0.036075611 0.025841644 0.013451628 0.030303251 -0.001645669 0.032462738 0.013281384 0.018263984 0.026696872 0.015463348 0.024632871 0.020607382 0.011773591 0.017711638 0.017539062 0.017195389 0.060911566 0.045467146 0.026590478 0.019457292
0.062694229 0.047303766 0.021259885 0.037549604 0.026449444 0.014917232 0.007702766 0.012635775 0.017222175 0.006623663 0.014058152 0.021302748 0.015715145 0.013741886 0.062484421 0.027577894 0.030397471 0.038058750 0.032462738 -0.000211568 0.024392538 0.017110098 0.026836768 0.014889194 0.026304279 0.004565083 0.012844197 0.015328647 0.039995726 0.015367933 0.053866368 0.043583605 0.028891699 0.039929707
0.023141731 0.022808585 0.002405807 0.050683275 0.008733336 0.002837555 0.004377003 0.008490942 0.008794436 0.034878649 0.013052123 0.040943548 0.017800011 0.011454614 0.029610153 0.009365655 0.004207628 0.036752194 0.013281384 0.024392538 -0.001232234 0.010398341 0.004598399 0.003958406 0.028700372 0.021386560 0.002320629 0.006762148 0.001869434 0.012455330 0.054864965 0.040942773 0.010649629 0.013197666
0.046477091 0.027119607 0.011319948 0.043857653 0.018753137 0.010134706 0.008160496 0.009405032 -0.000770881 0.024284836 0.012118130 0.034726575 0.010437289 0.015761361 0.044233285 0.029649628 0.015457200 0.026925314 0.018263984 0.017110098 0.010398341 -0.019675832 0.025302427 0.000731152 0.024354864 0.010632412 0.011518911 0.012924941 0.022477504 0.015233730 0.064588860 0.033131711 0.020261545 0.022149280
0.022201214 0.042526405 0.011323249 0.062215157 0.009757958 0.020151880 0.019615529 0.025682487 0.012525442 0.047293156 0.030132530 0.051161844 0.034853168 0.033683818 0.031133605 -0.000002402 0.010128343 0.054754578 0.026696872 0.026836768 0.004598399 0.025302427 -0.004736274 0.018111020 0.029746370 0.041523352 0.020520916 0.015027694 0.007354176 0.030152906 0.078683905 0.064793721 0.019270252 0.016757807
0.039201152 0.022266936 0.001048212 0.036584247 0.014165717 0.004629700 -0.002534973 0.000983716 0.002283064 0.021385573 0.007368558 0.028041737 0.008506340 0.009012769 0.038922239 0.023106983 0.007668697 0.025268337 0.015463348 0.014889194 0.003958406 0.000731152 0.018111020 -0.003130156 0.019793242 0.007365300 -0.002798781 0.001017330 0.017804349 0.001989013 0.049094282 0.033123560 0.015640520 0.019144051
0.052162997 0.009116453 0.019874768 0.043465346 0.027066384 0.023781378 0.020954454 0.012750419 0.028851233 0.024458027 0.022995852 0.035720378 0.017209515 0.019710865 0.044050973 0.031097872 0.025391819 0.035318144 0.024632871 0.026304279 0.028700372 0.024354864 0.029746370 0.019793242 -0.015901668 0.015736986 0.016673457 0.016860317 0.041239053 0.022912731 0.054708205 0.042551383 0.029677808 0.034059227
0.048412334 0.027218271 0.020839332 0.021683594 0.018702680 0.015164096 0.009466018 0.008808883 0.011358380 0.002358262 0.001820372 0.015965937 0.003275414 0.011288218 0.050971650 0.046154752 0.023220878 0.014616334 0.020607382 0.004565083 0.021386560 0.010632412 0.041523352 0.007365300 0.015736986 -0.003555655 0.010248187 0.015335133 0.032001454 0.008807220 0.043406118 0.022732414 0.022827785 0.029345090
0.039292518 0.026919719 0.000499169 0.045542203 0.011279845 0.002389240 -0.003558054 -0.001026347 -0.001159530 0.027158087 0.006126462 0.033320155 0.004447739 0.008019521 0.043214511 0.021773715 0.004297490 0.024340792 0.011773591 0.012844197 0.002320629 0.011518911 0.020520916 -0.002798781 0.016673457 0.010248187 -0.010943615 0.002453373 0.018178606 0.000982231 0.057078972 0.046712719 0.025061894 0.018869078
0.038850419 0.025890404 0.007917877 0.043792989 0.009847032 0.000873799 0.002387869 0.006865825 0.001163351 0.028601177 0.007452720 0.033114322 0.013411951 0.009799540 0.034244701 0.017434737 0.008299789 0.031320199 0.017711638 0.015328647 0.006762148 0.012924941 0.015027694 0.001017330 0.016860317 0.015335133 0.002453373 -0.006076746 0.015201858 0.007795560 0.055629443 0.037671592 0.014159385 0.015762880
0.019416668 0.035468630 0.008420610 0.070552401 0.001755367 0.017254550 0.016650839 0.022030788 0.016428024 0.049541142 0.030290511 0.055946879 0.033975374 0.029078206 0.023250790 0.001310872 0.008977491 0.048897237 0.017539062 0.039995726 0.001869434 0.022477504 0.007354176 0.017804349 0.041239053 0.032001454 0.018178606 0.015201858 -0.009464010 0.023863085 0.075419605 0.059516028 0.019779453 0.014742188
0.048591413 0.037260152 0.012684516 0.042357158 0.008752938 0.003979155 -0.001905182 0.004392179 0.001029866 0.025260471 0.005875597 0.033088349 0.008573085 0.009816027 0.044799261 0.034172133 0.013639512 0.023339711 0.017195389 0.015367933 0.012455330 0.015233730 0.030152906 0.001989013 0.022912731 0.008807220 0.000982231 0.007795560 0.023863085 -0.015219276 0.062025517 0.041366510 0.025038823 0.022118242
0.086345732 0.084198356 0.051362138 0.052071534 0.038424067 0.041898809 0.046960160 0.039744247 0.062059999 0.028203588 0.047895856 0.067397922 0.041879352 0.053423569 0.076049693 0.072569907 0.068220533 0.047852375 0.060911566 0.053866368 0.054864965 0.064588860 0.078683905 0.049094282 0.054708205 0.043406118 0.057078972 0.055629443 0.075419605 0.062025517 0.014315493 0.060691535 0.071006395 0.054632612
0.071155973 0.044766016 0.043879706 0.037728094 0.042889617 0.026737411 0.035865128 0.030296955 0.041758254 0.015476483 0.022450563 0.044716850 0.023904234 0.036477648 0.074838862 0.072244711 0.048381291 0.036475673 0.045467146 0.043583605 0.040942773 0.033131711 0.064793721 0.033123560 0.042551383 0.022732414 0.046712719 0.037671592 0.059516028 0.041366510 0.060691535 0.015437901 0.038772129 0.056412455
0.037871242 0.029944101 0.019743057 0.049141236 0.008057240 0.017503206 0.019874876 0.023701541 0.024716411 0.029105233 0.017678158 0.040344886 0.026764205 0.024633640 0.036559582 0.024098102 0.012718253 0.034420341 0.026590478 0.028891699 0.010649629 0.020261545 0.019270252 0.015640520 0.029677808 0.022827785 0.025061894 0.014159385 0.019779453 0.025038823 0.071006395 0.038772129 -0.030040961 0.020563994
0.025307260 0.033252098 0.012063271 0.059834607 0.016716836 0.017602526 0.018183261 0.024126749 0.019939376 0.040356986 0.025151428 0.050820019 0.028177924 0.031294171 0.029824566 0.010260803 0.017627254 0.040755577 0.019457292 0.039929707 0.013197666 0.022149280 0.016757807 0.019144051 0.034059227 0.029345090 0.018869078 0.015762880 0.014742188 0.022118242 0.054632612 0.056412455 0.020563994 0.007782474
