0.000000000 0.114754096 0.096234307 0.242105260 0.018181818 0.118367344 0.152941182 0.111111112 0.121951222 0.169230774 0.142857149 0.181818187 0.100000001 0.092436977 0.064039409 0.064039409 0.100000001 0.118367344 0.072961375 0.172413796 0.076923080 0.118367344 0.031390134 0.132530123 0.060869563 0.146245062 0.100000001 0.132530123 0.009345794 0.125506073 0.048543688 0.236749113 0.060869563 0.028571429
0.114754096 0.000000000 0.018726591 0.130990416 0.096774191 0.003663004 0.038869258 0.003690037 0.007299270 0.055555556 0.028571429 0.068493150 0.014925373 0.022556391 0.177489176 0.177489176 0.014925373 0.003663004 0.042145595 0.058823530 0.038167939 0.003663004 0.083665341 0.018050542 0.054263566 0.032028470 0.014925373 0.018050542 0.123966940 0.010909091 0.162393168 0.125401929 0.054263566 0.142857149
0.096234307 0.018726591 0.000000000 0.149350643 0.078189299 0.022388060 0.057553958 0.015037594 0.026022306 0.074204944 0.047272727 0.087108016 0.003802281 0.003831418 0.159292042 0.159292042 0.003802281 0.022388060 0.023437500 0.077464789 0.019455252 0.022388060 0.065040648 0.036764707 0.035573121 0.050724637 0.003802281 0.036764707 0.105485231 0.029629629 0.144104809 0.143790856 0.035573121 0.124463521
0.242105260 0.130990416 0.149350643 0.000000000 0.224913493 0.127388537 0.092592590 0.134615391 0.123809524 0.075987846 0.102803737 0.063063063 0.145631075 0.153094456 0.301470578 0.301470578 0.145631075 0.127388537 0.172185436 0.072727270 0.168316826 0.127388537 0.212328762 0.113207549 0.183946490 0.099378884 0.145631075 0.113207549 0.250883400 0.120253168 0.287272722 0.005681818 0.183946490 0.268817216
0.018181818 0.096774191 0.078189299 0.224913493 0.000000000 0.100401610 0.135135129 0.093117408 0.104000002 0.151515156 0.125000000 0.164179102 0.081967212 0.074380167 0.082125604 0.082125604 0.081967212 0.100401610 0.054852322 0.154716983 0.058823530 0.100401610 0.013215859 0.114624508 0.042735044 0.128404662 0.081967212 0.114624508 0.027522936 0.107569724 0.066666670 0.219512194 0.042735044 0.046728972
0.118367344 0.003663004 0.022388060 0.127388537 0.100401610 0.000000000 0.035211269 0.007352941 0.003636364 0.051903114 0.024911031 0.064846419 0.018587360 0.026217228 0.181034476 0.181034476 0.018587360 0.000000000 0.045801528 0.055172414 0.041825093 0.000000000 0.087301590 0.014388490 0.057915058 0.028368793 0.018587360 0.014388490 0.127572015 0.007246377 0.165957451 0.121794872 0.057915058 0.146443516
0.152941182 0.038869258 0.057553958 0.092592590 0.135135129 0.035211269 0.000000000 0.042553190 0.031578947 0.016722407 0.010309278 0.029702971 0.053763442 0.061371841 0.214876026 0.214876026 0.053763442 0.035211269 0.080882356 0.020000000 0.076923080 0.035211269 0.122137405 0.020833334 0.092936806 0.006849315 0.053763442 0.020833334 0.162055343 0.027972028 0.200000003 0.086956523 0.092936806 0.180722892
0.111111112 0.003690037 0.015037594 0.134615391 0.093117408 0.007352941 0.042553190 0.000000000 0.010989011 0.059233449 0.032258064 0.072164945 0.011235955 0.018867925 0.173913047 0.173913047 0.011235955 0.007352941 0.038461540 0.062500000 0.034482758 0.007352941 0.079999998 0.021739131 0.050583657 0.035714287 0.011235955 0.021739131 0.120331950 0.014598540 0.158798277 0.129032254 0.050583657 0.139240503
0.121951222 0.007299270 0.026022306 0.123809524 0.104000002 0.003636364 0.031578947 0.010989011 0.000000000 0.048275862 0.021276595 0.061224490 0.022222223 0.029850746 0.184549361 0.184549361 0.022222223 0.003636364 0.049429659 0.051546391 0.045454547 0.003636364 0.090909094 0.010752688 0.061538462 0.024734983 0.022222223 0.010752688 0.131147534 0.003610108 0.169491529 0.118210860 0.061538462 0.150000006
0.169230774 0.055555556 0.074204944 0.075987846 0.151515156 0.051903114 0.016722407 0.059233449 0.048275862 0.000000000 0.027027028 0.012987013 0.070422538 0.078014188 0.230769232 0.230769232 0.070422538 0.051903114 0.097472921 0.003278689 0.093525179 0.051903114 0.138576776 0.037542664 0.109489053 0.023569023 0.070422538 0.037542664 0.178294569 0.044673540 0.216000006 0.070336394 0.109489053 0.196850389
0.142857149 0.028571429 0.047272727 0.102803737 0.125000000 0.024911031 0.010309278 0.032258064 0.021276595 0.027027028 0.000000000 0.039999999 0.043478262 0.051094890 0.205020919 0.205020919 0.043478262 0.024911031 0.070631973 0.030303031 0.066666670 0.024911031 0.111969113 0.010526316 0.082706764 0.003460208 0.043478262 0.010526316 0.151999995 0.017667845 0.190082639 0.097178683 0.082706764 0.170731708
0.181818187 0.068493150 0.087108016 0.063063063 0.164179102 0.064846419 0.029702971 0.072164945 0.061224490 0.012987013 0.039999999 0.000000000 0.083333336 0.090909094 0.243027896 0.243027896 0.083333336 0.064846419 0.110320285 0.009708738 0.106382981 0.064846419 0.151291519 0.050505050 0.122302160 0.036544852 0.083333336 0.050505050 0.190839693 0.057627119 0.228346452 0.057401814 0.122302160 0.209302321
0.100000001 0.014925373 0.003802281 0.145631075 0.081967212 0.018587360 0.053763442 0.011235955 0.022222223 0.070422538 0.043478262 0.083333336 0.000000000 0.007633588 0.162995592 0.162995592 0.000000000 0.018587360 0.027237354 0.073684208 0.023255814 0.018587360 0.068825908 0.032967035 0.039370079 0.046931408 0.000000000 0.032967035 0.109243698 0.025830258 0.147826090 0.140065148 0.039370079 0.128205135
0.092436977 0.022556391 0.003831418 0.153094456 0.074380167 0.026217228 0.061371841 0.018867925 0.029850746 0.078014188 0.051094890 0.090909094 0.007633588 0.000000000 0.155555561 0.155555561 0.007633588 0.026217228 0.019607844 0.081272088 0.015625000 0.026217228 0.061224490 0.040590405 0.031746034 0.054545455 0.007633588 0.040590405 0.101694912 0.033457249 0.140350878 0.147540987 0.031746034 0.120689653
0.064039409 0.177489176 0.159292042 0.301470578 0.082125604 0.181034476 0.214876026 0.173913047 0.184549361 0.230769232 0.205020919 0.243027896 0.162995592 0.155555561 0.000000000 0.000000000 0.162995592 0.181034476 0.136363640 0.233870968 0.140271500 0.181034476 0.095238097 0.194915250 0.124423966 0.208333328 0.162995592 0.194915250 0.054726370 0.188034192 0.015544041 0.296296299 0.124423966 0.035532996
0.064039409 0.177489176 0.159292042 0.301470578 0.082125604 0.181034476 0.214876026 0.173913047 0.184549361 0.230769232 0.205020919 0.243027896 0.162995592 0.155555561 0.000000000 0.000000000 0.162995592 0.181034476 0.136363640 0.233870968 0.140271500 0.181034476 0.095238097 0.194915250 0.124423966 0.208333328 0.162995592 0.194915250 0.054726370 0.188034192 0.015544041 0.296296299 0.124423966 0.035532996
0.100000001 0.014925373 0.003802281 0.145631075 0.081967212 0.018587360 0.053763442 0.011235955 0.022222223 0.070422538 0.043478262 0.083333336 0.000000000 0.007633588 0.162995592 0.162995592 0.000000000 0.018587360 0.027237354 0.073684208 0.023255814 0.018587360 0.068825908 0.032967035 0.039370079 0.046931408 0.000000000 0.032967035 0.109243698 0.025830258 0.147826090 0.140065148 0.039370079 0.128205135
0.118367344 0.003663004 0.022388060 0.127388537 0.100401610 0.000000000 0.035211269 0.007352941 0.003636364 0.051903114 0.024911031 0.064846419 0.018587360 0.026217228 0.181034476 0.181034476 0.018587360 0.000000000 0.045801528 0.055172414 0.041825093 0.000000000 0.087301590 0.014388490 0.057915058 0.028368793 0.018587360 0.014388490 0.127572015 0.007246377 0.165957451 0.121794872 0.057915058 0.146443516
0.072961375 0.042145595 0.023437500 0.172185436 0.054852322 0.045801528 0.080882356 0.038461540 0.049429659 0.097472921 0.070631973 0.110320285 0.027237354 0.019607844 0.136363640 0.136363640 0.027237354 0.045801528 0.000000000 0.100719422 0.003984064 0.045801528 0.041666668 0.060150377 0.012145749 0.074074075 0.027237354 0.060150377 0.082251079 0.053030305 0.121076234 0.166666672 0.012145749 0.101321585
0.172413796 0.058823530 0.077464789 0.072727270 0.154716983 0.055172414 0.020000000 0.062500000 0.051546391 0.003278689 0.030303031 0.009708738 0.073684208 0.081272088 0.233870968 0.233870968 0.073684208 0.055172414 0.100719422 0.000000000 0.096774191 0.055172414 0.141791046 0.040816326 0.112727270 0.026845638 0.073684208 0.040816326 0.181467175 0.047945205 0.219123513 0.067073174 0.112727270 0.200000003
0.076923080 0.038167939 0.019455252 0.168316826 0.058823530 0.041825093 0.076923080 0.034482758 0.045454547 0.093525179 0.066666670 0.106382981 0.023255814 0.015625000 0.140271500 0.140271500 0.023255814 0.041825093 0.003984064 0.096774191 0.000000000 0.041825093 0.045643155 0.056179777 0.016129032 0.070110701 0.023255814 0.056179777 0.086206898 0.049056605 0.125000000 0.162790701 0.016129032 0.105263159
0.118367344 0.003663004 0.022388060 0.127388537 0.100401610 0.000000000 0.035211269 0.007352941 0.003636364 0.051903114 0.024911031 0.064846419 0.018587360 0.026217228 0.181034476 0.181034476 0.018587360 0.000000000 0.045801528 0.055172414 0.041825093 0.000000000 0.087301590 0.014388490 0.057915058 0.028368793 0.018587360 0.014388490 0.127572015 0.007246377 0.165957451 0.121794872 0.057915058 0.146443516
0.031390134 0.083665341 0.065040648 0.212328762 0.013215859 0.087301590 0.122137405 0.079999998 0.090909094 0.138576776 0.111969113 0.151291519 0.068825908 0.061224490 0.095238097 0.095238097 0.068825908 0.087301590 0.041666668 0.141791046 0.045643155 0.087301590 0.000000000 0.101562500 0.029535865 0.115384616 0.068825908 0.101562500 0.040723983 0.094488189 0.079812206 0.206896558 0.029535865 0.059907835
0.132530123 0.018050542 0.036764707 0.113207549 0.114624508 0.014388490 0.020833334 0.021739131 0.010752688 0.037542664 0.010526316 0.050505050 0.032967035 0.040590405 0.194915250 0.194915250 0.032967035 0.014388490 0.060150377 0.040816326 0.056179777 0.014388490 0.101562500 0.000000000 0.072243348 0.013986014 0.032967035 0.000000000 0.141700402 0.007142857 0.179916322 0.107594937 0.072243348 0.160493821
0.060869563 0.054263566 0.035573121 0.183946490 0.042735044 0.057915058 0.092936806 0.050583657 0.061538462 0.109489053 0.082706764 0.122302160 0.039370079 0.031746034 0.124423966 0.124423966 0.039370079 0.057915058 0.012145749 0.112727270 0.016129032 0.057915058 0.029535865 0.072243348 0.000000000 0.086142324 0.039370079 0.072243348 0.070175439 0.065134101 0.109090909 0.178451180 0.000000000 0.089285716
0.146245062 0.032028470 0.050724637 0.099378884 0.128404662 0.028368793 0.006849315 0.035714287 0.024734983 0.023569023 0.003460208 0.036544852 0.046931408 0.054545455 0.208333328 0.208333328 0.046931408 0.028368793 0.074074075 0.026845638 0.070110701 0.028368793 0.115384616 0.013986014 0.086142324 0.000000000 0.046931408 0.013986014 0.155378491 0.021126760 0.193415642 0.093750000 0.086142324 0.174089074
0.100000001 0.014925373 0.003802281 0.145631075 0.081967212 0.018587360 0.053763442 0.011235955 0.022222223 0.070422538 0.043478262 0.083333336 0.000000000 0.007633588 0.162995592 0.162995592 0.000000000 0.018587360 0.027237354 0.073684208 0.023255814 0.018587360 0.068825908 0.032967035 0.039370079 0.046931408 0.000000000 0.032967035 0.109243698 0.025830258 0.147826090 0.140065148 0.039370079 0.128205135
0.132530123 0.018050542 0.036764707 0.113207549 0.114624508 0.014388490 0.020833334 0.021739131 0.010752688 0.037542664 0.010526316 0.050505050 0.032967035 0.040590405 0.194915250 0.194915250 0.032967035 0.014388490 0.060150377 0.040816326 0.056179777 0.014388490 0.101562500 0.000000000 0.072243348 0.013986014 0.032967035 0.000000000 0.141700402 0.007142857 0.179916322 0.107594937 0.072243348 0.160493821
0.009345794 0.123966940 0.105485231 0.250883400 0.027522936 0.127572015 0.162055343 0.120331950 0.131147534 0.178294569 0.151999995 0.190839693 0.109243698 0.101694912 0.054726370 0.054726370 0.109243698 0.127572015 0.082251079 0.181467175 0.086206898 0.127572015 0.040723983 0.141700402 0.070175439 0.155378491 0.109243698 0.141700402 0.000000000 0.134693876 0.039215688 0.245551601 0.070175439 0.019230770
0.125506073 0.010909091 0.029629629 0.120253168 0.107569724 0.007246377 0.027972028 0.014598540 0.003610108 0.044673540 0.017667845 0.057627119 0.025830258 0.033457249 0.188034192 0.188034192 0.025830258 0.007246377 0.053030305 0.047945205 0.049056605 0.007246377 0.094488189 0.007142857 0.065134101 0.021126760 0.025830258 0.007142857 0.134693876 0.000000000 0.172995776 0.114649683 0.065134101 0.153526977
0.048543688 0.162393168 0.144104809 0.287272722 0.066666670 0.165957451 0.200000003 0.158798277 0.169491529 0.216000006 0.190082639 0.228346452 0.147826090 0.140350878 0.015544041 0.015544041 0.147826090 0.165957451 0.121076234 0.219123513 0.125000000 0.165957451 0.079812206 0.179916322 0.109090909 0.193415642 0.147826090 0.179916322 0.039215688 0.172995776 0.000000000 0.282051295 0.109090909 0.020000000
0.236749113 0.125401929 0.143790856 0.005681818 0.219512194 0.121794872 0.086956523 0.129032254 0.118210860 0.070336394 0.097178683 0.057401814 0.140065148 0.147540987 0.296296299 0.296296299 0.140065148 0.121794872 0.166666672 0.067073174 0.162790701 0.121794872 0.206896558 0.107594937 0.178451180 0.093750000 0.140065148 0.107594937 0.245551601 0.114649683 0.282051295 0.000000000 0.178451180 0.263537914
0.060869563 0.054263566 0.035573121 0.183946490 0.042735044 0.057915058 0.092936806 0.050583657 0.061538462 0.109489053 0.082706764 0.122302160 0.039370079 0.031746034 0.124423966 0.124423966 0.039370079 0.057915058 0.012145749 0.112727270 0.016129032 0.057915058 0.029535865 0.072243348 0.000000000 0.086142324 0.039370079 0.072243348 0.070175439 0.065134101 0.109090909 0.178451180 0.000000000 0.089285716
0.028571429 0.142857149 0.124463521 0.268817216 0.046728972 0.146443516 0.180722892 0.139240503 0.150000006 0.196850389 0.170731708 0.209302321 0.128205135 0.120689653 0.035532996 0.035532996 0.128205135 0.146443516 0.101321585 0.200000003 0.105263159 0.146443516 0.059907835 0.160493821 0.089285716 0.174089074 0.128205135 0.160493821 0.019230770 0.153526977 0.020000000 0.263537914 0.089285716 0.000000000
