0.000000000 0.133004919 0.092783503 0.210762337 0.088082902 0.145631075 0.137254909 0.185185179 0.115577891 0.210762337 0.161904767 0.188940093 0.272727281 0.157894731 0.078534029 0.149758458 0.119999997 0.234782606 0.173708916 0.207207203 0.078534029 0.196347028 0.119999997 0.115577891 0.228070170 0.185185179 0.137254909 0.124378107 0.068783067 0.173708916 0.278688520 0.241379306 0.083333336 0.145631075
0.133004919 0.000000000 0.040723983 0.079999998 0.045454547 0.012875536 0.004329004 0.053497944 0.017699115 0.079999998 0.029535865 0.057377048 0.144981414 0.025423728 0.055045873 0.017094018 0.013215859 0.105058365 0.041666668 0.076305218 0.055045873 0.065040648 0.013215859 0.017699115 0.098039217 0.053497944 0.004329004 0.008771930 0.064814813 0.041666668 0.151291519 0.111969113 0.050228309 0.012875536
0.092783503 0.040723983 0.000000000 0.120331950 0.004739337 0.053571429 0.045045044 0.094017096 0.023041476 0.120331950 0.070175439 0.097872339 0.184615389 0.066079296 0.014354067 0.057777777 0.027522936 0.145161286 0.082251079 0.116666667 0.014354067 0.105485231 0.027522936 0.023041476 0.138211384 0.094017096 0.045045044 0.031963471 0.024154589 0.082251079 0.190839693 0.151999995 0.009523810 0.053571429
0.210762337 0.079999998 0.120331950 0.000000000 0.125000000 0.067193680 0.075697213 0.026615970 0.097560972 0.000000000 0.050583657 0.022727273 0.065743946 0.054687500 0.134453788 0.062992126 0.093117408 0.025270758 0.038461540 0.003717472 0.134453788 0.015037594 0.093117408 0.097560972 0.018181818 0.026615970 0.075697213 0.088709675 0.144067794 0.038461540 0.072164945 0.032258064 0.129707113 0.067193680
0.088082902 0.045454547 0.004739337 0.125000000 0.000000000 0.058295965 0.049773756 0.098712444 0.027777778 0.125000000 0.074889868 0.102564104 0.189189196 0.070796460 0.009615385 0.062500000 0.032258064 0.149797574 0.086956523 0.121338911 0.009615385 0.110169493 0.032258064 0.027777778 0.142857149 0.098712444 0.049773756 0.036697246 0.019417476 0.086956523 0.195402294 0.156626508 0.004784689 0.058295965
0.145631075 0.012875536 0.053571429 0.067193680 0.058295965 0.000000000 0.008547009 0.040650405 0.030567685 0.067193680 0.016666668 0.044534411 0.132352948 0.012552301 0.067873307 0.004219409 0.026086956 0.092307694 0.028806584 0.063492067 0.067873307 0.052208837 0.026086956 0.030567685 0.085271321 0.040650405 0.008547009 0.021645023 0.077625573 0.028806584 0.138686135 0.099236645 0.063063063 0.000000000
0.137254909 0.004329004 0.045045044 0.075697213 0.049773756 0.008547009 0.000000000 0.049180329 0.022026431 0.075697213 0.025210084 0.053061225 0.140740737 0.021097047 0.059360731 0.012765957 0.017543860 0.100775197 0.037344400 0.071999997 0.059360731 0.060728744 0.017543860 0.022026431 0.093750000 0.049180329 0.000000000 0.013100437 0.069124423 0.037344400 0.147058830 0.107692309 0.054545455 0.008547009
0.185185179 0.053497944 0.094017096 0.026615970 0.098712444 0.040650405 0.049180329 0.000000000 0.071129709 0.026615970 0.024000000 0.003891051 0.092198581 0.028112451 0.108225107 0.036437247 0.066666670 0.051851850 0.011857707 0.022900764 0.108225107 0.011583012 0.066666670 0.071129709 0.044776119 0.000000000 0.049180329 0.062240664 0.117903933 0.011857707 0.098591551 0.058823530 0.103448279 0.040650405
0.115577891 0.017699115 0.023041476 0.097560972 0.027777778 0.030567685 0.022026431 0.071129709 0.000000000 0.097560972 0.047210302 0.075000003 0.162264153 0.043103449 0.037383176 0.034782607 0.004484305 0.122529641 0.059322033 0.093877554 0.037383176 0.082644626 0.004484305 0.000000000 0.115537852 0.071129709 0.022026431 0.008928572 0.047169812 0.059322033 0.168539330 0.129411772 0.032558139 0.030567685
0.210762337 0.079999998 0.120331950 0.000000000 0.125000000 0.067193680 0.075697213 0.026615970 0.097560972 0.000000000 0.050583657 0.022727273 0.065743946 0.054687500 0.134453788 0.062992126 0.093117408 0.025270758 0.038461540 0.003717472 0.134453788 0.015037594 0.093117408 0.097560972 0.018181818 0.026615970 0.075697213 0.088709675 0.144067794 0.038461540 0.072164945 0.032258064 0.129707113 0.067193680
0.161904767 0.029535865 0.070175439 0.050583657 0.074889868 0.016666668 0.025210084 0.024000000 0.047210302 0.050583657 0.000000000 0.027888447 0.115942031 0.004115226 0.084444441 0.012448133 0.042735044 0.075757578 0.012145749 0.046875000 0.084444441 0.035573121 0.042735044 0.047210302 0.068702288 0.024000000 0.025210084 0.038297873 0.094170406 0.012145749 0.122302160 0.082706764 0.079646021 0.016666668
0.188940093 0.057377048 0.097872339 0.022727273 0.102564104 0.044534411 0.053061225 0.003891051 0.075000003 0.022727273 0.027888447 0.000000000 0.088339224 0.032000002 0.112068966 0.040322579 0.070539422 0.047970481 0.015748031 0.019011406 0.112068966 0.007692308 0.070539422 0.075000003 0.040892195 0.003891051 0.053061225 0.066115700 0.121739127 0.015748031 0.094736844 0.054945055 0.107296139 0.044534411
0.272727281 0.144981414 0.184615389 0.065743946 0.189189196 0.132352948 0.140740737 0.092198581 0.162264153 0.065743946 0.115942031 0.088339224 0.000000000 0.119999997 0.198443577 0.128205135 0.157894731 0.040540539 0.103942655 0.069444448 0.198443577 0.080701753 0.157894731 0.162264153 0.047619049 0.092198581 0.140740737 0.153558046 0.207843140 0.103942655 0.006451613 0.033557046 0.193798453 0.132352948
0.157894731 0.025423728 0.066079296 0.054687500 0.070796460 0.012552301 0.021097047 0.028112451 0.043103449 0.054687500 0.004115226 0.032000002 0.119999997 0.000000000 0.080357142 0.008333334 0.038626611 0.079847910 0.016260162 0.050980393 0.080357142 0.039682541 0.038626611 0.043103449 0.072796933 0.028112451 0.021097047 0.034188036 0.090090089 0.016260162 0.126353785 0.086792454 0.075555556 0.012552301
0.078534029 0.055045873 0.014354067 0.134453788 0.009615385 0.067873307 0.059360731 0.108225107 0.037383176 0.134453788 0.084444441 0.112068966 0.198443577 0.080357142 0.000000000 0.072072074 0.041860465 0.159183666 0.096491225 0.130801693 0.000000000 0.119658120 0.041860465 0.037383176 0.152263373 0.108225107 0.059360731 0.046296295 0.009803922 0.096491225 0.204633206 0.165991902 0.004830918 0.067873307
0.149758458 0.017094018 0.057777777 0.062992126 0.062500000 0.004219409 0.012765957 0.036437247 0.034782607 0.062992126 0.012448133 0.040322579 0.128205135 0.008333334 0.072072074 0.000000000 0.030303031 0.088122606 0.024590164 0.059288539 0.072072074 0.048000000 0.030303031 0.034782607 0.081081077 0.036437247 0.012765957 0.025862070 0.081818178 0.024590164 0.134545460 0.095057033 0.067264572 0.004219409
0.119999997 0.013215859 0.027522936 0.093117408 0.032258064 0.026086956 0.017543860 0.066666670 0.004484305 0.093117408 0.042735044 0.070539422 0.157894731 0.038626611 0.041860465 0.030303031 0.000000000 0.118110240 0.054852322 0.089430891 0.041860465 0.078189299 0.000000000 0.004484305 0.111111112 0.066666670 0.017543860 0.004444445 0.051643193 0.054852322 0.164179102 0.125000000 0.037037037 0.026086956
0.234782606 0.105058365 0.145161286 0.025270758 0.149797574 0.092307694 0.100775197 0.051851850 0.122529641 0.025270758 0.075757578 0.047970481 0.040540539 0.079847910 0.159183666 0.088122606 0.118110240 0.000000000 0.063670412 0.028985508 0.159183666 0.040293042 0.118110240 0.122529641 0.007092198 0.051851850 0.100775197 0.113725491 0.168724284 0.063670412 0.046979867 0.006993007 0.154471546 0.092307694
0.173708916 0.041666668 0.082251079 0.038461540 0.086956523 0.028806584 0.037344400 0.011857707 0.059322033 0.038461540 0.012145749 0.015748031 0.103942655 0.016260162 0.096491225 0.024590164 0.054852322 0.063670412 0.000000000 0.034749035 0.096491225 0.023437500 0.054852322 0.059322033 0.056603774 0.011857707 0.037344400 0.050420169 0.106194690 0.000000000 0.110320285 0.070631973 0.091703057 0.028806584
0.207207203 0.076305218 0.116666667 0.003717472 0.121338911 0.063492067 0.071999997 0.022900764 0.093877554 0.003717472 0.046875000 0.019011406 0.069444448 0.050980393 0.130801693 0.059288539 0.089430891 0.028985508 0.034749035 0.000000000 0.130801693 0.011320755 0.089430891 0.093877554 0.021897810 0.022900764 0.071999997 0.085020244 0.140425533 0.034749035 0.075862072 0.035971224 0.126050428 0.063492067
0.078534029 0.055045873 0.014354067 0.134453788 0.009615385 0.067873307 0.059360731 0.108225107 0.037383176 0.134453788 0.084444441 0.112068966 0.198443577 0.080357142 0.000000000 0.072072074 0.041860465 0.159183666 0.096491225 0.130801693 0.000000000 0.119658120 0.041860465 0.037383176 0.152263373 0.108225107 0.059360731 0.046296295 0.009803922 0.096491225 0.204633206 0.165991902 0.004830918 0.067873307
0.196347028 0.065040648 0.105485231 0.015037594 0.110169493 0.052208837 0.060728744 0.011583012 0.082644626 0.015037594 0.035573121 0.007692308 0.080701753 0.039682541 0.119658120 0.048000000 0.078189299 0.040293042 0.023437500 0.011320755 0.119658120 0.000000000 0.078189299 0.082644626 0.033210333 0.011583012 0.060728744 0.073770493 0.129310340 0.023437500 0.087108016 0.047272727 0.114893615 0.052208837
0.119999997 0.013215859 0.027522936 0.093117408 0.032258064 0.026086956 0.017543860 0.066666670 0.004484305 0.093117408 0.042735044 0.070539422 0.157894731 0.038626611 0.041860465 0.030303031 0.000000000 0.118110240 0.054852322 0.089430891 0.041860465 0.078189299 0.000000000 0.004484305 0.111111112 0.066666670 0.017543860 0.004444445 0.051643193 0.054852322 0.164179102 0.125000000 0.037037037 0.026086956
0.115577891 0.017699115 0.023041476 0.097560972 0.027777778 0.030567685 0.022026431 0.071129709 0.000000000 0.097560972 0.047210302 0.075000003 0.162264153 0.043103449 0.037383176 0.034782607 0.004484305 0.122529641 0.059322033 0.093877554 0.037383176 0.082644626 0.004484305 0.000000000 0.115537852 0.071129709 0.022026431 0.008928572 0.047169812 0.059322033 0.168539330 0.129411772 0.032558139 0.030567685
0.228070170 0.098039217 0.138211384 0.018181818 0.142857149 0.085271321 0.093750000 0.044776119 0.115537852 0.018181818 0.068702288 0.040892195 0.047619049 0.072796933 0.152263373 0.081081077 0.111111112 0.007092198 0.056603774 0.021897810 0.152263373 0.033210333 0.111111112 0.115537852 0.000000000 0.044776119 0.093750000 0.106719367 0.161825731 0.056603774 0.054054055 0.014084507 0.147540987 0.085271321
0.185185179 0.053497944 0.094017096 0.026615970 0.098712444 0.040650405 0.049180329 0.000000000 0.071129709 0.026615970 0.024000000 0.003891051 0.092198581 0.028112451 0.108225107 0.036437247 0.066666670 0.051851850 0.011857707 0.022900764 0.108225107 0.011583012 0.066666670 0.071129709 0.044776119 0.000000000 0.049180329 0.062240664 0.117903933 0.011857707 0.098591551 0.058823530 0.103448279 0.040650405
0.137254909 0.004329004 0.045045044 0.075697213 0.049773756 0.008547009 0.000000000 0.049180329 0.022026431 0.075697213 0.025210084 0.053061225 0.140740737 0.021097047 0.059360731 0.012765957 0.017543860 0.100775197 0.037344400 0.071999997 0.059360731 0.060728744 0.017543860 0.022026431 0.093750000 0.049180329 0.000000000 0.013100437 0.069124423 0.037344400 0.147058830 0.107692309 0.054545455 0.008547009
0.124378107 0.008771930 0.031963471 0.088709675 0.036697246 0.021645023 0.013100437 0.062240664 0.008928572 0.088709675 0.038297873 0.066115700 0.153558046 0.034188036 0.046296295 0.025862070 0.004444445 0.113725491 0.050420169 0.085020244 0.046296295 0.073770493 0.004444445 0.008928572 0.106719367 0.062240664 0.013100437 0.000000000 0.056074765 0.050420169 0.159851298 0.120622568 0.041474655 0.021645023
0.068783067 0.064814813 0.024154589 0.144067794 0.019417476 0.077625573 0.069124423 0.117903933 0.047169812 0.144067794 0.094170406 0.121739127 0.207843140 0.090090089 0.009803922 0.081818178 0.051643193 0.168724284 0.106194690 0.140425533 0.009803922 0.129310340 0.051643193 0.047169812 0.161825731 0.117903933 0.069124423 0.056074765 0.000000000 0.106194690 0.214007780 0.175510198 0.014634146 0.077625573
0.173708916 0.041666668 0.082251079 0.038461540 0.086956523 0.028806584 0.037344400 0.011857707 0.059322033 0.038461540 0.012145749 0.015748031 0.103942655 0.016260162 0.096491225 0.024590164 0.054852322 0.063670412 0.000000000 0.034749035 0.096491225 0.023437500 0.054852322 0.059322033 0.056603774 0.011857707 0.037344400 0.050420169 0.106194690 0.000000000 0.110320285 0.070631973 0.091703057 0.028806584
0.278688520 0.151291519 0.190839693 0.072164945 0.195402294 0.138686135 0.147058830 0.098591551 0.168539330 0.072164945 0.122302160 0.094736844 0.006451613 0.126353785 0.204633206 0.134545460 0.164179102 0.046979867 0.110320285 0.075862072 0.204633206 0.087108016 0.164179102 0.168539330 0.054054055 0.098591551 0.147058830 0.159851298 0.214007780 0.110320285 0.000000000 0.039999999 0.200000003 0.138686135
0.241379306 0.111969113 0.151999995 0.032258064 0.156626508 0.099236645 0.107692309 0.058823530 0.129411772 0.032258064 0.082706764 0.054945055 0.033557046 0.086792454 0.165991902 0.095057033 0.125000000 0.006993007 0.070631973 0.035971224 0.165991902 0.047272727 0.125000000 0.129411772 0.014084507 0.058823530 0.107692309 0.120622568 0.175510198 0.070631973 0.039999999 0.000000000 0.161290318 0.099236645
0.083333336 0.050228309 0.009523810 0.129707113 0.004784689 0.063063063 0.054545455 0.103448279 0.032558139 0.129707113 0.079646021 0.107296139 0.193798453 0.075555556 0.004830918 0.067264572 0.037037037 0.154471546 0.091703057 0.126050428 0.004830918 0.114893615 0.037037037 0.032558139 0.147540987 0.103448279 0.054545455 0.041474655 0.014634146 0.091703057 0.200000003 0.161290318 0.000000000 0.063063063
0.145631075 0.012875536 0.053571429 0.067193680 0.058295965 0.000000000 0.008547009 0.040650405 0.030567685 0.067193680 0.016666668 0.044534411 0.132352948 0.012552301 0.067873307 0.004219409 0.026086956 0.092307694 0.028806584 0.063492067 0.067873307 0.052208837 0.026086956 0.030567685 0.085271321 0.040650405 0.008547009 0.021645023 0.077625573 0.028806584 0.138686135 0.099236645 0.063063063 0.000000000
