0.000000000 0.148325354 0.118811883 0.239316240 0.022988506 0.140096620 0.156398103 0.201793715 0.187214613 0.236051500 0.183486238 0.242553189 0.179723501 0.175925925 0.021978023 0.156398103 0.175925925 0.255230129 0.123152710 0.222707421 0.118811883 0.205357149 0.096446700 0.198198199 0.212389380 0.226086959 0.172093019 0.156398103 0.087179489 0.201793715 0.381944448 0.172093019 0.212389380 0.118811883
0.148325354 0.000000000 0.030042918 0.094339624 0.170731708 0.008403362 0.008264462 0.055118110 0.039999999 0.090909094 0.036144577 0.097744361 0.032258064 0.028340081 0.126760557 0.008264462 0.028340081 0.111111112 0.025641026 0.076923080 0.030042918 0.058823530 0.052631579 0.051383398 0.066147856 0.080459774 0.024390243 0.008264462 0.061946902 0.055118110 0.247648910 0.024390243 0.066147856 0.030042918
0.118811883 0.030042918 0.000000000 0.124031007 0.141414136 0.021645023 0.038297873 0.085020244 0.069958851 0.120622568 0.066115700 0.127413124 0.062240664 0.058333334 0.097087376 0.038297873 0.058333334 0.140684411 0.004405286 0.106719367 0.000000000 0.088709675 0.022624435 0.081300810 0.096000001 0.110236220 0.054393306 0.038297873 0.031963471 0.085020244 0.275641024 0.054393306 0.096000001 0.000000000
0.239316240 0.094339624 0.124031007 0.000000000 0.260869563 0.102661595 0.086142324 0.039426524 0.054545455 0.003460208 0.058394160 0.003436426 0.062271062 0.066176474 0.218487397 0.086142324 0.066176474 0.016949153 0.119691119 0.017543860 0.124031007 0.035714287 0.146245062 0.043165468 0.028368793 0.013986014 0.070110701 0.086142324 0.155378491 0.039426524 0.156976745 0.070110701 0.028368793 0.124031007
0.022988506 0.170731708 0.141414136 0.260869563 0.000000000 0.162561581 0.178743958 0.223744288 0.209302321 0.257641912 0.205607474 0.264069259 0.201877937 0.198113203 0.044943821 0.178743958 0.198113203 0.276595742 0.145728648 0.244444445 0.141414136 0.227272734 0.119170986 0.220183492 0.234234229 0.247787610 0.194312796 0.178743958 0.109947644 0.223744288 0.401408464 0.194312796 0.234234229 0.141414136
0.140096620 0.008403362 0.021645023 0.102661595 0.162561581 0.000000000 0.016666668 0.063492067 0.048387095 0.099236645 0.044534411 0.106060609 0.040650405 0.036734693 0.118483409 0.016666668 0.036734693 0.119402982 0.017241379 0.085271321 0.021645023 0.067193680 0.044247787 0.059760958 0.074509807 0.088803090 0.032786883 0.016666668 0.053571429 0.063492067 0.255520493 0.032786883 0.074509807 0.021645023
0.156398103 0.008264462 0.038297873 0.086142324 0.178743958 0.016666668 0.000000000 0.046875000 0.031746034 0.082706764 0.027888447 0.089552239 0.024000000 0.020080321 0.134883717 0.000000000 0.020080321 0.102941178 0.033898305 0.068702288 0.038297873 0.050583657 0.060869563 0.043137256 0.057915058 0.072243348 0.016129032 0.000000000 0.070175439 0.046875000 0.239875391 0.016129032 0.057915058 0.038297873
0.201793715 0.055118110 0.085020244 0.039426524 0.223744288 0.063492067 0.046875000 0.000000000 0.015151516 0.035971224 0.019011406 0.042857144 0.022900764 0.026819924 0.180616736 0.046875000 0.026819924 0.056338027 0.080645159 0.021897810 0.085020244 0.003717472 0.107438013 0.003745318 0.011070111 0.025454545 0.030769231 0.046875000 0.116666667 0.000000000 0.195195198 0.030769231 0.011070111 0.085020244
0.187214613 0.039999999 0.069958851 0.054545455 0.209302321 0.048387095 0.031746034 0.015151516 0.000000000 0.051094890 0.003861004 0.057971016 0.007751938 0.011673152 0.165919289 0.031746034 0.011673152 0.071428575 0.065573767 0.037037037 0.069958851 0.018867925 0.092436977 0.011406844 0.026217228 0.040590405 0.015625000 0.031746034 0.101694912 0.015151516 0.209726438 0.015625000 0.026217228 0.069958851
0.236051500 0.090909094 0.120622568 0.003460208 0.257641912 0.099236645 0.082706764 0.035971224 0.051094890 0.000000000 0.054945055 0.006896552 0.058823530 0.062730625 0.215189874 0.082706764 0.062730625 0.020408163 0.116279073 0.014084507 0.120622568 0.032258064 0.142857149 0.039711192 0.024911031 0.010526316 0.066666670 0.082706764 0.151999995 0.035971224 0.160349861 0.066666670 0.024911031 0.120622568
0.183486238 0.036144577 0.066115700 0.058394160 0.205607474 0.044534411 0.027888447 0.019011406 0.003861004 0.054945055 0.000000000 0.061818182 0.003891051 0.007812500 0.162162155 0.027888447 0.007812500 0.075268820 0.061728396 0.040892195 0.066115700 0.022727273 0.088607594 0.015267176 0.030075189 0.044444446 0.011764706 0.027888447 0.097872339 0.019011406 0.213414639 0.011764706 0.030075189 0.066115700
0.242553189 0.097744361 0.127413124 0.003436426 0.264069259 0.106060609 0.089552239 0.042857144 0.057971016 0.006896552 0.061818182 0.000000000 0.065693431 0.069597073 0.221757323 0.089552239 0.069597073 0.013513514 0.123076923 0.020979021 0.127413124 0.039145909 0.149606302 0.046594981 0.031802122 0.017421603 0.073529415 0.089552239 0.158730164 0.042857144 0.153623194 0.073529415 0.031802122 0.127413124
0.179723501 0.032258064 0.062240664 0.062271062 0.201877937 0.040650405 0.024000000 0.022900764 0.007751938 0.058823530 0.003891051 0.065693431 0.000000000 0.003921569 0.158371046 0.024000000 0.003921569 0.079136692 0.057851240 0.044776119 0.062240664 0.026615970 0.084745765 0.019157087 0.033962265 0.048327137 0.007874016 0.024000000 0.094017096 0.022900764 0.217125386 0.007874016 0.033962265 0.062240664
0.175925925 0.028340081 0.058333334 0.066176474 0.198113203 0.036734693 0.020080321 0.026819924 0.011673152 0.062730625 0.007812500 0.069597073 0.003921569 0.000000000 0.154545456 0.020080321 0.000000000 0.083032489 0.053941909 0.048689138 0.058333334 0.030534351 0.080851063 0.023076924 0.037878789 0.052238807 0.003952569 0.020080321 0.090128757 0.026819924 0.220858902 0.003952569 0.037878789 0.058333334
0.021978023 0.126760557 0.097087376 0.218487397 0.044943821 0.118483409 0.134883717 0.180616736 0.165919289 0.215189874 0.162162155 0.221757323 0.158371046 0.154545456 0.000000000 0.134883717 0.154545456 0.234567896 0.101449274 0.201716736 0.097087376 0.184210524 0.074626863 0.176991150 0.191304341 0.205128208 0.150684938 0.134883717 0.065326631 0.180616736 0.363013685 0.150684938 0.191304341 0.097087376
0.156398103 0.008264462 0.038297873 0.086142324 0.178743958 0.016666668 0.000000000 0.046875000 0.031746034 0.082706764 0.027888447 0.089552239 0.024000000 0.020080321 0.134883717 0.000000000 0.020080321 0.102941178 0.033898305 0.068702288 0.038297873 0.050583657 0.060869563 0.043137256 0.057915058 0.072243348 0.016129032 0.000000000 0.070175439 0.046875000 0.239875391 0.016129032 0.057915058 0.038297873
0.175925925 0.028340081 0.058333334 0.066176474 0.198113203 0.036734693 0.020080321 0.026819924 0.011673152 0.062730625 0.007812500 0.069597073 0.003921569 0.000000000 0.154545456 0.020080321 0.000000000 0.083032489 0.053941909 0.048689138 0.058333334 0.030534351 0.080851063 0.023076924 0.037878789 0.052238807 0.003952569 0.020080321 0.090128757 0.026819924 0.220858902 0.003952569 0.037878789 0.058333334
0.255230129 0.111111112 0.140684411 0.016949153 0.276595742 0.119402982 0.102941178 0.056338027 0.071428575 0.020408163 0.075268820 0.013513514 0.079136692 0.083032489 0.234567896 0.102941178 0.083032489 0.000000000 0.136363640 0.034482758 0.140684411 0.052631579 0.162790701 0.060070671 0.045296166 0.030927835 0.086956523 0.102941178 0.171875000 0.056338027 0.140401140 0.086956523 0.045296166 0.140684411
0.123152710 0.025641026 0.004405286 0.119691119 0.145728648 0.017241379 0.033898305 0.080645159 0.065573767 0.116279073 0.061728396 0.123076923 0.057851240 0.053941909 0.101449274 0.033898305 0.053941909 0.136363640 0.000000000 0.102362208 0.004405286 0.084337346 0.027027028 0.076923080 0.091633469 0.105882354 0.050000001 0.033898305 0.036363635 0.080645159 0.271565497 0.050000001 0.091633469 0.004405286
0.222707421 0.076923080 0.106719367 0.017543860 0.244444445 0.085271321 0.068702288 0.021897810 0.037037037 0.014084507 0.040892195 0.020979021 0.044776119 0.048689138 0.201716736 0.068702288 0.048689138 0.034482758 0.102362208 0.000000000 0.106719367 0.018181818 0.129032254 0.025641026 0.010830325 0.003558719 0.052631579 0.068702288 0.138211384 0.021897810 0.174041301 0.052631579 0.010830325 0.106719367
0.118811883 0.030042918 0.000000000 0.124031007 0.141414136 0.021645023 0.038297873 0.085020244 0.069958851 0.120622568 0.066115700 0.127413124 0.062240664 0.058333334 0.097087376 0.038297873 0.058333334 0.140684411 0.004405286 0.106719367 0.000000000 0.088709675 0.022624435 0.081300810 0.096000001 0.110236220 0.054393306 0.038297873 0.031963471 0.085020244 0.275641024 0.054393306 0.096000001 0.000000000
0.205357149 0.058823530 0.088709675 0.035714287 0.227272734 0.067193680 0.050583657 0.003717472 0.018867925 0.032258064 0.022727273 0.039145909 0.026615970 0.030534351 0.184210524 0.050583657 0.030534351 0.052631579 0.084337346 0.018181818 0.088709675 0.000000000 0.111111112 0.007462686 0.007352941 0.021739131 0.034482758 0.050583657 0.120331950 0.003717472 0.191616774 0.034482758 0.007352941 0.088709675
0.096446700 0.052631579 0.022624435 0.146245062 0.119170986 0.044247787 0.060869563 0.107438013 0.092436977 0.142857149 0.088607594 0.149606302 0.084745765 0.080851063 0.074626863 0.060869563 0.080851063 0.162790701 0.027027028 0.129032254 0.022624435 0.111111112 0.000000000 0.103734441 0.118367344 0.132530123 0.076923080 0.060869563 0.009345794 0.107438013 0.296416938 0.076923080 0.118367344 0.022624435
0.198198199 0.051383398 0.081300810 0.043165468 0.220183492 0.059760958 0.043137256 0.003745318 0.011406844 0.039711192 0.015267176 0.046594981 0.019157087 0.023076924 0.176991150 0.043137256 0.023076924 0.060070671 0.076923080 0.025641026 0.081300810 0.007462686 0.103734441 0.000000000 0.014814815 0.029197080 0.027027028 0.043137256 0.112970710 0.003745318 0.198795184 0.027027028 0.014814815 0.081300810
0.212389380 0.066147856 0.096000001 0.028368793 0.234234229 0.074509807 0.057915058 0.011070111 0.026217228 0.024911031 0.030075189 0.031802122 0.033962265 0.037878789 0.191304341 0.057915058 0.037878789 0.045296166 0.091633469 0.010830325 0.096000001 0.007352941 0.118367344 0.014814815 0.000000000 0.014388490 0.041825093 0.057915058 0.127572015 0.011070111 0.184523806 0.041825093 0.000000000 0.096000001
0.226086959 0.080459774 0.110236220 0.013986014 0.247787610 0.088803090 0.072243348 0.025454545 0.040590405 0.010526316 0.044444446 0.017421603 0.048327137 0.052238807 0.205128208 0.072243348 0.052238807 0.030927835 0.105882354 0.003558719 0.110236220 0.021739131 0.132530123 0.029197080 0.014388490 0.000000000 0.056179777 0.072243348 0.141700402 0.025454545 0.170588240 0.056179777 0.014388490 0.110236220
0.172093019 0.024390243 0.054393306 0.070110701 0.194312796 0.032786883 0.016129032 0.030769231 0.015625000 0.066666670 0.011764706 0.073529415 0.007874016 0.003952569 0.150684938 0.016129032 0.003952569 0.086956523 0.050000001 0.052631579 0.054393306 0.034482758 0.076923080 0.027027028 0.041825093 0.056179777 0.000000000 0.016129032 0.086206898 0.030769231 0.224615380 0.000000000 0.041825093 0.054393306
0.156398103 0.008264462 0.038297873 0.086142324 0.178743958 0.016666668 0.000000000 0.046875000 0.031746034 0.082706764 0.027888447 0.089552239 0.024000000 0.020080321 0.134883717 0.000000000 0.020080321 0.102941178 0.033898305 0.068702288 0.038297873 0.050583657 0.060869563 0.043137256 0.057915058 0.072243348 0.016129032 0.000000000 0.070175439 0.046875000 0.239875391 0.016129032 0.057915058 0.038297873
0.087179489 0.061946902 0.031963471 0.155378491 0.109947644 0.053571429 0.070175439 0.116666667 0.101694912 0.151999995 0.097872339 0.158730164 0.094017096 0.090128757 0.065326631 0.070175439 0.090128757 0.171875000 0.036363635 0.138211384 0.031963471 0.120331950 0.009345794 0.112970710 0.127572015 0.141700402 0.086206898 0.070175439 0.000000000 0.116666667 0.304918021 0.086206898 0.127572015 0.031963471
0.201793715 0.055118110 0.085020244 0.039426524 0.223744288 0.063492067 0.046875000 0.000000000 0.015151516 0.035971224 0.019011406 0.042857144 0.022900764 0.026819924 0.180616736 0.046875000 0.026819924 0.056338027 0.080645159 0.021897810 0.085020244 0.003717472 0.107438013 0.003745318 0.011070111 0.025454545 0.030769231 0.046875000 0.116666667 0.000000000 0.195195198 0.030769231 0.011070111 0.085020244
0.381944448 0.247648910 0.275641024 0.156976745 0.401408464 0.255520493 0.239875391 0.195195198 0.209726438 0.160349861 0.213414639 0.153623194 0.217125386 0.220858902 0.363013685 0.239875391 0.220858902 0.140401140 0.271565497 0.174041301 0.275641024 0.191616774 0.296416938 0.198795184 0.184523806 0.170588240 0.224615380 0.239875391 0.304918021 0.195195198 0.000000000 0.224615380 0.184523806 0.275641024
0.172093019 0.024390243 0.054393306 0.070110701 0.194312796 0.032786883 0.016129032 0.030769231 0.015625000 0.066666670 0.011764706 0.073529415 0.007874016 0.003952569 0.150684938 0.016129032 0.003952569 0.086956523 0.050000001 0.052631579 0.054393306 0.034482758 0.076923080 0.027027028 0.041825093 0.056179777 0.000000000 0.016129032 0.086206898 0.030769231 0.224615380 0.000000000 0.041825093 0.054393306
0.212389380 0.066147856 0.096000001 0.028368793 0.234234229 0.074509807 0.057915058 0.011070111 0.026217228 0.024911031 0.030075189 0.031802122 0.033962265 0.037878789 0.191304341 0.057915058 0.037878789 0.045296166 0.091633469 0.010830325 0.096000001 0.007352941 0.118367344 0.014814815 0.000000000 0.014388490 0.041825093 0.057915058 0.127572015 0.011070111 0.184523806 0.041825093 0.000000000 0.096000001
0.118811883 0.030042918 0.000000000 0.124031007 0.141414136 0.021645023 0.038297873 0.085020244 0.069958851 0.120622568 0.066115700 0.127413124 0.062240664 0.058333334 0.097087376 0.038297873 0.058333334 0.140684411 0.004405286 0.106719367 0.000000000 0.088709675 0.022624435 0.081300810 0.096000001 0.110236220 0.054393306 0.038297873 0.031963471 0.085020244 0.275641024 0.054393306 0.096000001 0.000000000
