0.017590044 0.050801709 0.020224473 0.076753020 0.012373359 0.038191907 0.034276195 0.040384889 0.041531641 0.059105121 0.046656836 0.070012674 0.049025051 0.050398879 0.028671319 0.023801483 0.029544659 0.059989583 0.037274256 0.058850765 0.027367119 0.046664827 0.024505589 0.038180228 0.049557827 0.047429085 0.041368768 0.035462134 0.021229068 0.048051007 0.083136052 0.071015172 0.044574343 0.024396924
0.050801709 -0.057432696 0.014169157 0.055437971 0.014726466 0.018273603 0.018618528 0.017711025 0.030750550 0.035374813 0.021498106 0.041506246 0.024887564 0.020087773 0.040397599 0.027134463 0.019110337 0.031321555 0.022927698 0.038712017 0.020698767 0.018934499 0.034426071 0.017244946 0.004560551 0.020774990 0.023522835 0.017706964 0.029349282 0.030314811 0.073104098 0.032599308 0.021639531 0.025697578
0.020224473 0.014169157 -0.001491989 0.045574173 0.006576634 0.006499624 -0.000335529 0.003385470 0.004242943 0.030457431 0.010598974 0.038365126 0.014657686 0.015370065 0.028363716 0.014128815 0.000701818 0.027021697 0.010457488 0.020992193 0.002498565 0.011261411 0.013582847 0.001114310 0.018016152 0.021166237 0.001855397 0.008245266 0.011266790 0.012470844 0.051177993 0.041681156 0.022912046 0.011323183
0.076753020 0.055437971 0.045574173 0.023372177 0.036985610 0.034889989 0.035654332 0.033865005 0.048867937 0.014888373 0.034019433 0.039766368 0.033001952 0.033432581 0.076657616 0.070921823 0.056325272 0.039754085 0.050305031 0.039169759 0.055184405 0.041004915 0.065106764 0.036250882 0.042586386 0.028254064 0.044460889 0.044890210 0.065441251 0.041273974 0.044160340 0.036249559 0.051920339 0.054938570
0.012373359 0.014726466 0.006576634 0.036985610 -0.016252711 0.012965865 0.010836484 0.014220728 0.018520243 0.026836371 0.016958762 0.029737398 0.020478023 0.015251085 0.017973460 0.018148115 0.002048164 0.022115853 0.011158841 0.026404798 0.012384217 0.018517241 0.012547440 0.014483890 0.025257176 0.019181151 0.012655128 0.009452900 0.004149876 0.008480007 0.036450118 0.038179789 0.012704520 0.015886646
0.038191907 0.018273603 0.006499624 0.034889989 0.012965865 -0.024418853 0.003128649 0.002854788 0.006312442 0.022134759 0.008474439 0.030178402 0.008955063 0.008380788 0.037825938 0.029104896 0.007517565 0.021616682 0.007264264 0.018673299 0.005243147 0.012101749 0.024761524 0.006763647 0.022316772 0.017573399 0.004955166 0.004557166 0.019543853 0.005691660 0.045299552 0.026498485 0.023515552 0.018285073
0.034276195 0.018618528 -0.000335529 0.035654332 0.010836484 0.003128649 -0.011775251 -0.002328972 0.002363278 0.021381285 0.004486448 0.026290994 0.007715374 0.005502959 0.036044311 0.025771888 0.007560447 0.019767066 0.010354621 0.008041976 0.004030565 0.008250248 0.022485409 -0.002056484 0.019203933 0.010787764 -0.001701632 0.003800764 0.017493905 -0.001363743 0.047413886 0.034444213 0.023053177 0.017887130
0.040384889 0.017711025 0.003385470 0.033865005 0.014220728 0.002854788 -0.002328972 -0.003017005 0.006415362 0.017602475 0.006650940 0.026332969 0.002530106 0.004611860 0.041649897 0.032002401 0.013087654 0.016579296 0.007985656 0.012236980 0.008717107 0.010283330 0.030116597 0.000947271 0.010386913 0.009230920 -0.000100161 0.008026295 0.023476811 0.004621768 0.042459678 0.028468736 0.029434700 0.024249030
0.041531641 0.030750550 0.004242943 0.048867937 0.018520243 0.006312442 0.002363278 0.006415362 -0.001611667 0.029968929 0.010370814 0.032086823 0.017488688 0.007678495 0.044809826 0.022265326 0.007521314 0.028536793 0.012555039 0.018558118 0.010327346 -0.001829667 0.012822418 0.002364689 0.028457399 0.011518712 -0.001159268 0.000576890 0.018202528 0.001458912 0.063821733 0.041048408 0.027590431 0.019892447
0.059105121 0.035374813 0.030457431 0.014888373 0.026836371 0.022134759 0.021381285 0.017602475 0.029968929 0.002120144 0.017985964 0.015979633 0.013518121 0.018732717 0.055191960 0.050308108 0.039077885 0.018714242 0.032349460 0.010925267 0.035915133 0.023292687 0.049148049 0.021895513 0.025643725 0.007938799 0.028138740 0.030389361 0.048277080 0.025691446 0.026173864 0.016966509 0.029947136 0.039035439
0.046656836 0.021498106 0.010598974 0.034019433 0.016958762 0.008474439 0.004486448 0.006650940 0.010370814 0.017985964 -0.007692612 0.025831914 0.008082296 0.012777338 0.048118614 0.042150315 0.016123947 0.013791384 0.009700881 0.014046778 0.014708395 0.013417706 0.033468787 0.007618673 0.020650817 0.001226442 0.006926802 0.008106129 0.030466426 0.005240453 0.048140559 0.021942277 0.023464514 0.024934242
0.070012674 0.041506246 0.038365126 0.039766368 0.029737398 0.030178402 0.026290994 0.026332969 0.032086823 0.015979633 0.025831914 0.017638069 0.028513376 0.021942897 0.066742688 0.052303255 0.044484880 0.031130282 0.039895162 0.025002807 0.040740229 0.031010684 0.050739776 0.026968250 0.035879347 0.019652305 0.030562025 0.034573331 0.051457971 0.031064644 0.061036147 0.041014075 0.039804213 0.045932844
0.049025051 0.024887564 0.014657686 0.033001952 0.020478023 0.008955063 0.007715374 0.002530106 0.017488688 0.013518121 0.008082296 0.028513376 -0.005884968 0.010229495 0.052949011 0.046079077 0.020165019 0.019249834 0.014831852 0.014900173 0.019939113 0.010565067 0.035916984 0.008243347 0.015098012 0.001648370 0.004939857 0.012194024 0.036110282 0.008171191 0.041189905 0.022651156 0.030549522 0.028373333
0.050398879 0.020087773 0.015370065 0.033432581 0.015251085 0.008380788 0.005502959 0.004611860 0.007678495 0.018732717 0.012777338 0.021942897 0.010229495 -0.005135782 0.043979883 0.038545817 0.018125858 0.021207003 0.013747919 0.011434481 0.008038095 0.013482202 0.036338337 0.007818511 0.019524759 0.012651706 0.007603332 0.010246005 0.030534985 0.009032222 0.054906052 0.033367030 0.026205525 0.029915355
0.028671319 0.040397599 0.028363716 0.076657616 0.017973460 0.037825938 0.036044311 0.041649897 0.044809826 0.055191960 0.048118614 0.066742688 0.052949011 0.043979883 0.018320257 0.013347952 0.030624671 0.064870447 0.035002273 0.059616286 0.033146907 0.042515136 0.026386844 0.038369805 0.044908207 0.048763409 0.044730715 0.028348828 0.022589512 0.043940712 0.071990490 0.071188614 0.038625278 0.027917415
0.023801483 0.027134463 0.014128815 0.070921823 0.018148115 0.029104896 0.025771888 0.032002401 0.022265326 0.050308108 0.042150315 0.052303255 0.046079077 0.038545817 0.013347952 -0.020300519 0.017483782 0.066189401 0.028140699 0.035315230 0.010891298 0.030568663 -0.001857005 0.025827982 0.036533147 0.050588667 0.026689960 0.019092614 0.006603739 0.037867378 0.078894295 0.077179134 0.025838688 0.012404962
0.029544659 0.019110337 0.000701818 0.056325272 0.002048164 0.007517565 0.007560447 0.013087654 0.007521314 0.039077885 0.016123947 0.044484880 0.020165019 0.018125858 0.030624671 0.017483782 -0.011230417 0.032388933 0.012296977 0.028903654 0.005518436 0.015784264 0.012781999 0.008167861 0.024206750 0.023658672 0.006445680 0.007509196 0.009644431 0.014457203 0.067339607 0.047204390 0.018146422 0.017583035
0.059989583 0.031321555 0.027021697 0.039754085 0.022115853 0.021616682 0.019767066 0.016579296 0.028536793 0.018714242 0.013791384 0.031130282 0.019249834 0.021207003 0.064870447 0.066189401 0.032388933 -0.004203673 0.024695469 0.034439366 0.036383577 0.025886670 0.057751451 0.022167269 0.027143408 0.011686103 0.020846765 0.029601786 0.045701012 0.020253453 0.046077501 0.030463422 0.042538814 0.037588403
0.037274256 0.022927698 0.010457488 0.050305031 0.011158841 0.007264264 0.010354621 0.007985656 0.012555039 0.032349460 0.009700881 0.039895162 0.014831852 0.013747919 0.035002273 0.028140699 0.012296977 0.024695469 -0.007343538 0.027959667 0.011905119 0.016347675 0.027003679 0.012936857 0.020090338 0.018369034 0.010081488 0.015532378 0.016164074 0.014679207 0.057723269 0.039492395 0.029694235 0.016108112
0.058850765 0.038712017 0.020992193 0.039169759 0.026404798 0.018673299 0.008041976 0.012236980 0.018558118 0.010925267 0.014046778 0.025002807 0.014900173 0.011434481 0.059616286 0.035315230 0.028903654 0.034439366 0.027959667 0.000830671 0.027116887 0.016374342 0.034986127 0.014894634 0.023941856 0.011878187 0.013508789 0.017946750 0.039909847 0.015985448 0.051835876 0.042978905 0.034948431 0.038536981
0.027367119 0.020698767 0.002498565 0.055184405 0.012384217 0.005243147 0.004030565 0.008717107 0.010327346 0.035915133 0.014708395 0.040740229 0.019939113 0.008038095 0.033146907 0.010891298 0.005518436 0.036383577 0.011905119 0.027116887 0.000690218 0.010328888 0.003580271 0.004500004 0.026889892 0.022175992 0.003745917 0.007052286 0.005021012 0.013334508 0.058416612 0.043322239 0.013327273 0.013561368
0.046664827 0.018934499 0.011261411 0.041004915 0.018517241 0.012101749 0.008250248 0.010283330 -0.001829667 0.023292687 0.013417706 0.031010684 0.010565067 0.013482202 0.042515136 0.030568663 0.015784264 0.025886670 0.016347675 0.016374342 0.010328888 -0.022369348 0.024502166 0.000351639 0.025368644 0.011265879 0.012446891 0.011948535 0.023403734 0.015107699 0.063710272 0.031145645 0.020436019 0.021329451
0.024505589 0.034426071 0.013582847 0.065106764 0.012547440 0.024761524 0.022485409 0.030116597 0.012822418 0.049148049 0.033468787 0.050739776 0.035916984 0.036338337 0.026386844 -0.001857005 0.012781999 0.057751451 0.027003679 0.034986127 0.003580271 0.024502166 -0.002987266 0.020127073 0.036238469 0.045028459 0.024752742 0.018350009 0.013653262 0.031797655 0.081045590 0.069494367 0.019597379 0.018044882
0.038180228 0.017244946 0.001114310 0.036250882 0.014483890 0.006763647 -0.002056484 0.000947271 0.002364689 0.021895513 0.007618673 0.026968250 0.008243347 0.007818511 0.038369805 0.025827982 0.008167861 0.022167269 0.012936857 0.014894634 0.004500004 0.000351639 0.020127073 -0.003030158 0.017945332 0.008983416 -0.002806724 0.001739138 0.018230157 0.002187499 0.048454296 0.032206457 0.018239465 0.018783711
0.049557827 0.004560551 0.018016152 0.042586386 0.025257176 0.022316772 0.019203933 0.010386913 0.028457399 0.025643725 0.020650817 0.035879347 0.015098012 0.019524759 0.044908207 0.036533147 0.024206750 0.027143408 0.020090338 0.023941856 0.026889892 0.025368644 0.036238469 0.017945332 -0.024147710 0.017236320 0.015482227 0.018572748 0.038357221 0.022257866 0.054628253 0.042422414 0.037103713 0.032005765
0.047429085 0.020774990 0.021166237 0.028254064 0.019181151 0.017573399 0.010787764 0.009230920 0.011518712 0.007938799 0.001226442 0.019652305 0.001648370 0.012651706 0.048763409 0.050588667 0.023658672 0.011686103 0.018369034 0.011878187 0.022175992 0.011265879 0.045028459 0.008983416 0.017236320 0.000711840 0.011603937 0.019885268 0.034197222 0.009889290 0.045892537 0.024905769 0.027151223 0.029395601
0.041368768 0.023522835 0.001855397 0.044460889 0.012655128 0.004955166 -0.001701632 -0.000100161 -0.001159268 0.028138740 0.006926802 0.030562025 0.004939857 0.007603332 0.044730715 0.026689960 0.006445680 0.020846765 0.010081488 0.013508789 0.003745917 0.012446891 0.024752742 -0.002806724 0.015482227 0.011603937 -0.010337202 0.003543510 0.021206837 0.001817709 0.058342211 0.046133578 0.028854320 0.019058101
0.035462134 0.017706964 0.008245266 0.044890210 0.009452900 0.004557166 0.003800764 0.008026295 0.000576890 0.030389361 0.008106129 0.034573331 0.012194024 0.010246005 0.028348828 0.019092614 0.007509196 0.029601786 0.015532378 0.017946750 0.007052286 0.011948535 0.018350009 0.001739138 0.018572748 0.019885268 0.003543510 -0.002552822 0.015827175 0.008310979 0.054155257 0.037311122 0.014190141 0.015066258
0.021229068 0.029349282 0.011266790 0.065441251 0.004149876 0.019543853 0.017493905 0.023476811 0.018202528 0.048277080 0.030466426 0.051457971 0.036110282 0.030534985 0.022589512 0.006603739 0.009644431 0.045701012 0.016164074 0.039909847 0.005021012 0.023403734 0.013653262 0.018230157 0.038357221 0.034197222 0.021206837 0.015827175 -0.004348592 0.024114838 0.072841547 0.059909135 0.025292475 0.015891289
0.048051007 0.030314811 0.012470844 0.041273974 0.008480007 0.005691660 -0.001363743 0.004621768 0.001458912 0.025691446 0.005240453 0.031064644 0.008171191 0.009032222 0.043940712 0.037867378 0.014457203 0.020253453 0.014679207 0.015985448 0.013334508 0.015107699 0.031797655 0.002187499 0.022257866 0.009889290 0.001817709 0.008310979 0.024114838 -0.015100562 0.060779732 0.039602660 0.029159393 0.021083493
0.083136052 0.073104098 0.051177993 0.044160340 0.036450118 0.045299552 0.047413886 0.042459678 0.063821733 0.026173864 0.048140559 0.061036147 0.041189905 0.054906052 0.071990490 0.078894295 0.067339607 0.046077501 0.057723269 0.051835876 0.058416612 0.063710272 0.081045590 0.048454296 0.054628253 0.045892537 0.058342211 0.054155257 0.072841547 0.060779732 0.011251338 0.058840677 0.075781941 0.052484415
0.071015172 0.032599308 0.041681156 0.036249559 0.038179789 0.026498485 0.034444213 0.028468736 0.041048408 0.016966509 0.021942277 0.041014075 0.022651156 0.033367030 0.071188614 0.077179134 0.047204390 0.030463422 0.039492395 0.042978905 0.043322239 0.031145645 0.069494367 0.032206457 0.042422414 0.024905769 0.046133578 0.037311122 0.059909135 0.039602660 0.058840677 0.011048488 0.045683831 0.053691506
0.044574343 0.021639531 0.022912046 0.051920339 0.012704520 0.023515552 0.023053177 0.029434700 0.027590431 0.029947136 0.023464514 0.039804213 0.030549522 0.026205525 0.038625278 0.025838688 0.018146422 0.042538814 0.029694235 0.034948431 0.013327273 0.020436019 0.019597379 0.018239465 0.037103713 0.027151223 0.028854320 0.014190141 0.025292475 0.029159393 0.075781941 0.045683831 -0.031280577 0.023880553
0.024396924 0.025697578 0.011323183 0.054938570 0.015886646 0.018285073 0.017887130 0.024249030 0.019892447 0.039035439 0.024934242 0.045932844 0.028373333 0.029915355 0.027917415 0.012404962 0.017583035 0.037588403 0.016108112 0.038536981 0.013561368 0.021329451 0.018044882 0.018783711 0.032005765 0.029395601 0.019058101 0.015066258 0.015891289 0.021083493 0.052484415 0.053691506 0.023880553 0.005704766
