0.000000000 0.000000000 0.025862070 0.128205135 0.040322579 0.062992126 0.040322579 0.066666670 0.059288539 0.084615387 0.036437247 0.128205135 0.000000000 0.012448133 0.039301310 0.051792830 0.012448133 0.101886794 0.040322579 0.062992126 0.030303031 0.062992126 0.044176705 0.051792830 0.016528925 0.044176705 0.012765957 0.028571429 0.025862070 0.012448133 0.146953404 0.115241639 0.070312500 0.004219409
0.000000000 0.000000000 0.025862070 0.128205135 0.040322579 0.062992126 0.040322579 0.066666670 0.059288539 0.084615387 0.036437247 0.128205135 0.000000000 0.012448133 0.039301310 0.051792830 0.012448133 0.101886794 0.040322579 0.062992126 0.030303031 0.062992126 0.044176705 0.051792830 0.016528925 0.044176705 0.012765957 0.028571429 0.025862070 0.012448133 0.146953404 0.115241639 0.070312500 0.004219409
0.025862070 0.025862070 0.000000000 0.153558046 0.066115700 0.088709675 0.066115700 0.092369474 0.085020244 0.110236220 0.062240664 0.153558046 0.025862070 0.038297873 0.013452915 0.077551022 0.038297873 0.127413124 0.066115700 0.088709675 0.004444445 0.088709675 0.069958851 0.077551022 0.042372882 0.069958851 0.013100437 0.054393306 0.000000000 0.038297873 0.172161177 0.140684411 0.096000001 0.021645023
0.128205135 0.128205135 0.153558046 0.000000000 0.088339224 0.065743946 0.088339224 0.062068965 0.069444448 0.044067796 0.092198581 0.000000000 0.128205135 0.115942031 0.166666672 0.076923080 0.115942031 0.026666667 0.088339224 0.065743946 0.157894731 0.065743946 0.084507041 0.076923080 0.111913361 0.084507041 0.140740737 0.100000001 0.153558046 0.115942031 0.019108281 0.013157895 0.058419243 0.132352948
0.040322579 0.040322579 0.066115700 0.088339224 0.000000000 0.022727273 0.000000000 0.026415095 0.019011406 0.044444446 0.003891051 0.088339224 0.040322579 0.027888447 0.079497911 0.011494253 0.027888447 0.061818182 0.000000000 0.022727273 0.070539422 0.022727273 0.003861004 0.011494253 0.023809524 0.003861004 0.053061225 0.011764706 0.066115700 0.027888447 0.107266434 0.075268820 0.030075189 0.044534411
0.062992126 0.062992126 0.088709675 0.065743946 0.022727273 0.000000000 0.022727273 0.003690037 0.003717472 0.021739131 0.026615970 0.065743946 0.062992126 0.050583657 0.102040820 0.011235955 0.050583657 0.039145909 0.022727273 0.000000000 0.093117408 0.000000000 0.018867925 0.011235955 0.046511628 0.018867925 0.075697213 0.034482758 0.088709675 0.050583657 0.084745765 0.052631579 0.007352941 0.067193680
0.040322579 0.040322579 0.066115700 0.088339224 0.000000000 0.022727273 0.000000000 0.026415095 0.019011406 0.044444446 0.003891051 0.088339224 0.040322579 0.027888447 0.079497911 0.011494253 0.027888447 0.061818182 0.000000000 0.022727273 0.070539422 0.022727273 0.003861004 0.011494253 0.023809524 0.003861004 0.053061225 0.011764706 0.066115700 0.027888447 0.107266434 0.075268820 0.030075189 0.044534411
0.066666670 0.066666670 0.092369474 0.062068965 0.026415095 0.003690037 0.026415095 0.000000000 0.007407407 0.018050542 0.030303031 0.062068965 0.066666670 0.054263566 0.105691060 0.014925373 0.054263566 0.035460994 0.026415095 0.003690037 0.096774191 0.003690037 0.022556391 0.014925373 0.050193049 0.022556391 0.079365082 0.038167939 0.092369474 0.054263566 0.081081077 0.048951048 0.003663004 0.070866145
0.059288539 0.059288539 0.085020244 0.069444448 0.019011406 0.003717472 0.019011406 0.007407407 0.000000000 0.025454545 0.022900764 0.069444448 0.059288539 0.046875000 0.098360658 0.007518797 0.046875000 0.042857144 0.019011406 0.003717472 0.089430891 0.003717472 0.015151516 0.007518797 0.042801555 0.015151516 0.071999997 0.030769231 0.085020244 0.046875000 0.088435374 0.056338027 0.011070111 0.063492067
0.084615387 0.084615387 0.110236220 0.044067796 0.044444446 0.021739131 0.044444446 0.018050542 0.025454545 0.000000000 0.048327137 0.044067796 0.084615387 0.072243348 0.123505980 0.032967035 0.072243348 0.017421603 0.044444446 0.021739131 0.114624508 0.021739131 0.040590405 0.032967035 0.068181820 0.040590405 0.097276263 0.056179777 0.110236220 0.072243348 0.063122921 0.030927835 0.014388490 0.088803090
0.036437247 0.036437247 0.062240664 0.092198581 0.003891051 0.026615970 0.003891051 0.030303031 0.022900764 0.048327137 0.000000000 0.092198581 0.036437247 0.024000000 0.075630255 0.015384615 0.024000000 0.065693431 0.003891051 0.026615970 0.066666670 0.026615970 0.007751938 0.015384615 0.019920319 0.007751938 0.049180329 0.007874016 0.062240664 0.024000000 0.111111112 0.079136692 0.033962265 0.040650405
0.128205135 0.128205135 0.153558046 0.000000000 0.088339224 0.065743946 0.088339224 0.062068965 0.069444448 0.044067796 0.092198581 0.000000000 0.128205135 0.115942031 0.166666672 0.076923080 0.115942031 0.026666667 0.088339224 0.065743946 0.157894731 0.065743946 0.084507041 0.076923080 0.111913361 0.084507041 0.140740737 0.100000001 0.153558046 0.115942031 0.019108281 0.013157895 0.058419243 0.132352948
0.000000000 0.000000000 0.025862070 0.128205135 0.040322579 0.062992126 0.040322579 0.066666670 0.059288539 0.084615387 0.036437247 0.128205135 0.000000000 0.012448133 0.039301310 0.051792830 0.012448133 0.101886794 0.040322579 0.062992126 0.030303031 0.062992126 0.044176705 0.051792830 0.016528925 0.044176705 0.012765957 0.028571429 0.025862070 0.012448133 0.146953404 0.115241639 0.070312500 0.004219409
0.012448133 0.012448133 0.038297873 0.115942031 0.027888447 0.050583657 0.027888447 0.054263566 0.046875000 0.072243348 0.024000000 0.115942031 0.012448133 0.000000000 0.051724140 0.039370079 0.000000000 0.089552239 0.027888447 0.050583657 0.042735044 0.050583657 0.031746034 0.039370079 0.004081632 0.031746034 0.025210084 0.016129032 0.038297873 0.000000000 0.134751767 0.102941178 0.057915058 0.016666668
0.039301310 0.039301310 0.013452915 0.166666672 0.079497911 0.102040820 0.079497911 0.105691060 0.098360658 0.123505980 0.075630255 0.166666672 0.039301310 0.051724140 0.000000000 0.090909094 0.051724140 0.140625000 0.079497911 0.102040820 0.009009009 0.102040820 0.083333336 0.090909094 0.055793993 0.083333336 0.026548672 0.067796610 0.013452915 0.051724140 0.185185179 0.153846160 0.109311745 0.035087720
0.051792830 0.051792830 0.077551022 0.076923080 0.011494253 0.011235955 0.011494253 0.014925373 0.007518797 0.032967035 0.015384615 0.076923080 0.051792830 0.039370079 0.090909094 0.000000000 0.039370079 0.050359711 0.011494253 0.011235955 0.081967212 0.011235955 0.007633588 0.000000000 0.035294119 0.007633588 0.064516127 0.023255814 0.077551022 0.039370079 0.095890410 0.063829787 0.018587360 0.056000002
0.012448133 0.012448133 0.038297873 0.115942031 0.027888447 0.050583657 0.027888447 0.054263566 0.046875000 0.072243348 0.024000000 0.115942031 0.012448133 0.000000000 0.051724140 0.039370079 0.000000000 0.089552239 0.027888447 0.050583657 0.042735044 0.050583657 0.031746034 0.039370079 0.004081632 0.031746034 0.025210084 0.016129032 0.038297873 0.000000000 0.134751767 0.102941178 0.057915058 0.016666668
0.101886794 0.101886794 0.127413124 0.026666667 0.061818182 0.039145909 0.061818182 0.035460994 0.042857144 0.017421603 0.065693431 0.026666667 0.101886794 0.089552239 0.140625000 0.050359711 0.089552239 0.000000000 0.061818182 0.039145909 0.131782949 0.039145909 0.057971016 0.050359711 0.085501857 0.057971016 0.114503816 0.073529415 0.127413124 0.089552239 0.045751635 0.013513514 0.031802122 0.106060609
0.040322579 0.040322579 0.066115700 0.088339224 0.000000000 0.022727273 0.000000000 0.026415095 0.019011406 0.044444446 0.003891051 0.088339224 0.040322579 0.027888447 0.079497911 0.011494253 0.027888447 0.061818182 0.000000000 0.022727273 0.070539422 0.022727273 0.003861004 0.011494253 0.023809524 0.003861004 0.053061225 0.011764706 0.066115700 0.027888447 0.107266434 0.075268820 0.030075189 0.044534411
0.062992126 0.062992126 0.088709675 0.065743946 0.022727273 0.000000000 0.022727273 0.003690037 0.003717472 0.021739131 0.026615970 0.065743946 0.062992126 0.050583657 0.102040820 0.011235955 0.050583657 0.039145909 0.022727273 0.000000000 0.093117408 0.000000000 0.018867925 0.011235955 0.046511628 0.018867925 0.075697213 0.034482758 0.088709675 0.050583657 0.084745765 0.052631579 0.007352941 0.067193680
0.030303031 0.030303031 0.004444445 0.157894731 0.070539422 0.093117408 0.070539422 0.096774191 0.089430891 0.114624508 0.066666670 0.157894731 0.030303031 0.042735044 0.009009009 0.081967212 0.042735044 0.131782949 0.070539422 0.093117408 0.000000000 0.093117408 0.074380167 0.081967212 0.046808511 0.074380167 0.017543860 0.058823530 0.004444445 0.042735044 0.176470593 0.145038173 0.100401610 0.026086956
0.062992126 0.062992126 0.088709675 0.065743946 0.022727273 0.000000000 0.022727273 0.003690037 0.003717472 0.021739131 0.026615970 0.065743946 0.062992126 0.050583657 0.102040820 0.011235955 0.050583657 0.039145909 0.022727273 0.000000000 0.093117408 0.000000000 0.018867925 0.011235955 0.046511628 0.018867925 0.075697213 0.034482758 0.088709675 0.050583657 0.084745765 0.052631579 0.007352941 0.067193680
0.044176705 0.044176705 0.069958851 0.084507041 0.003861004 0.018867925 0.003861004 0.022556391 0.015151516 0.040590405 0.007751938 0.084507041 0.044176705 0.031746034 0.083333336 0.007633588 0.031746034 0.057971016 0.003861004 0.018867925 0.074380167 0.018867925 0.000000000 0.007633588 0.027667984 0.000000000 0.056910571 0.015625000 0.069958851 0.031746034 0.103448279 0.071428575 0.026217228 0.048387095
0.051792830 0.051792830 0.077551022 0.076923080 0.011494253 0.011235955 0.011494253 0.014925373 0.007518797 0.032967035 0.015384615 0.076923080 0.051792830 0.039370079 0.090909094 0.000000000 0.039370079 0.050359711 0.011494253 0.011235955 0.081967212 0.011235955 0.007633588 0.000000000 0.035294119 0.007633588 0.064516127 0.023255814 0.077551022 0.039370079 0.095890410 0.063829787 0.018587360 0.056000002
0.016528925 0.016528925 0.042372882 0.111913361 0.023809524 0.046511628 0.023809524 0.050193049 0.042801555 0.068181820 0.019920319 0.111913361 0.016528925 0.004081632 0.055793993 0.035294119 0.004081632 0.085501857 0.023809524 0.046511628 0.046808511 0.046511628 0.027667984 0.035294119 0.000000000 0.027667984 0.029288704 0.012048192 0.042372882 0.004081632 0.130742043 0.098901100 0.053846154 0.020746889
0.044176705 0.044176705 0.069958851 0.084507041 0.003861004 0.018867925 0.003861004 0.022556391 0.015151516 0.040590405 0.007751938 0.084507041 0.044176705 0.031746034 0.083333336 0.007633588 0.031746034 0.057971016 0.003861004 0.018867925 0.074380167 0.018867925 0.000000000 0.007633588 0.027667984 0.000000000 0.056910571 0.015625000 0.069958851 0.031746034 0.103448279 0.071428575 0.026217228 0.048387095
0.012765957 0.012765957 0.013100437 0.140740737 0.053061225 0.075697213 0.053061225 0.079365082 0.071999997 0.097276263 0.049180329 0.140740737 0.012765957 0.025210084 0.026548672 0.064516127 0.025210084 0.114503816 0.053061225 0.075697213 0.017543860 0.075697213 0.056910571 0.064516127 0.029288704 0.056910571 0.000000000 0.041322313 0.013100437 0.025210084 0.159420297 0.127819553 0.083003953 0.008547009
0.028571429 0.028571429 0.054393306 0.100000001 0.011764706 0.034482758 0.011764706 0.038167939 0.030769231 0.056179777 0.007874016 0.100000001 0.028571429 0.016129032 0.067796610 0.023255814 0.016129032 0.073529415 0.011764706 0.034482758 0.058823530 0.034482758 0.015625000 0.023255814 0.012048192 0.015625000 0.041322313 0.000000000 0.054393306 0.016129032 0.118881121 0.086956523 0.041825093 0.032786883
0.025862070 0.025862070 0.000000000 0.153558046 0.066115700 0.088709675 0.066115700 0.092369474 0.085020244 0.110236220 0.062240664 0.153558046 0.025862070 0.038297873 0.013452915 0.077551022 0.038297873 0.127413124 0.066115700 0.088709675 0.004444445 0.088709675 0.069958851 0.077551022 0.042372882 0.069958851 0.013100437 0.054393306 0.000000000 0.038297873 0.172161177 0.140684411 0.096000001 0.021645023
0.012448133 0.012448133 0.038297873 0.115942031 0.027888447 0.050583657 0.027888447 0.054263566 0.046875000 0.072243348 0.024000000 0.115942031 0.012448133 0.000000000 0.051724140 0.039370079 0.000000000 0.089552239 0.027888447 0.050583657 0.042735044 0.050583657 0.031746034 0.039370079 0.004081632 0.031746034 0.025210084 0.016129032 0.038297873 0.000000000 0.134751767 0.102941178 0.057915058 0.016666668
0.146953404 0.146953404 0.172161177 0.019108281 0.107266434 0.084745765 0.107266434 0.081081077 0.088435374 0.063122921 0.111111112 0.019108281 0.146953404 0.134751767 0.185185179 0.095890410 0.134751767 0.045751635 0.107266434 0.084745765 0.176470593 0.084745765 0.103448279 0.095890410 0.130742043 0.103448279 0.159420297 0.118881121 0.172161177 0.134751767 0.000000000 0.032258064 0.077441074 0.151079133
0.115241639 0.115241639 0.140684411 0.013157895 0.075268820 0.052631579 0.075268820 0.048951048 0.056338027 0.030927835 0.079136692 0.013157895 0.115241639 0.102941178 0.153846160 0.063829787 0.102941178 0.013513514 0.075268820 0.052631579 0.145038173 0.052631579 0.071428575 0.063829787 0.098901100 0.071428575 0.127819553 0.086956523 0.140684411 0.102941178 0.032258064 0.000000000 0.045296166 0.119402982
0.070312500 0.070312500 0.096000001 0.058419243 0.030075189 0.007352941 0.030075189 0.003663004 0.011070111 0.014388490 0.033962265 0.058419243 0.070312500 0.057915058 0.109311745 0.018587360 0.057915058 0.031802122 0.030075189 0.007352941 0.100401610 0.007352941 0.026217228 0.018587360 0.053846154 0.026217228 0.083003953 0.041825093 0.096000001 0.057915058 0.077441074 0.045296166 0.000000000 0.074509807
0.004219409 0.004219409 0.021645023 0.132352948 0.044534411 0.067193680 0.044534411 0.070866145 0.063492067 0.088803090 0.040650405 0.132352948 0.004219409 0.016666668 0.035087720 0.056000002 0.016666668 0.106060609 0.044534411 0.067193680 0.026086956 0.067193680 0.048387095 0.056000002 0.020746889 0.048387095 0.008547009 0.032786883 0.021645023 0.016666668 0.151079133 0.119402982 0.074509807 0.000000000
