0.000000000 0.174887896 0.171171173 0.245901644 0.236514524 0.226890758 0.192982450 0.178571433 0.269841284 0.233333334 0.226890758 0.226890758 0.171171173 0.189427316 0.144186050 0.163636357 0.127962083 0.163636357 0.171171173 0.213675216 0.155963302 0.252032518 0.148148149 0.210300431 0.163636357 0.226890758 0.140186921 0.185840711 0.115384616 0.213675216 0.347517729 0.140186921 0.297709912 0.167420819
0.174887896 0.000000000 0.003831418 0.074204944 0.064285718 0.054151624 0.018726591 0.003802281 0.099656358 0.060931899 0.054151624 0.054151624 0.003831418 0.015037594 0.031496063 0.011583012 0.048000000 0.011583012 0.003831418 0.040293042 0.019455252 0.080701753 0.027450981 0.036764707 0.011583012 0.054151624 0.035573121 0.011320755 0.060728744 0.040293042 0.183800623 0.035573121 0.129568100 0.007692308
0.171171173 0.003831418 0.000000000 0.078014188 0.068100356 0.057971016 0.022556391 0.007633588 0.103448279 0.064748198 0.057971016 0.057971016 0.000000000 0.018867925 0.027667984 0.007751938 0.044176705 0.007751938 0.000000000 0.044117648 0.015625000 0.084507041 0.023622047 0.040590405 0.007751938 0.057971016 0.031746034 0.015151516 0.056910571 0.044117648 0.187500000 0.031746034 0.133333340 0.003861004
0.245901644 0.074204944 0.078014188 0.000000000 0.009966778 0.020134227 0.055555556 0.070422538 0.025641026 0.013333334 0.020134227 0.020134227 0.078014188 0.059233449 0.105454542 0.085714288 0.121771216 0.085714288 0.078014188 0.034013607 0.093525179 0.006535948 0.101449274 0.037542664 0.085714288 0.020134227 0.109489053 0.062937066 0.134328365 0.034013607 0.111111112 0.109489053 0.055900622 0.081850536
0.236514524 0.064285718 0.068100356 0.009966778 0.000000000 0.010169491 0.045614034 0.060498219 0.035598706 0.003367003 0.010169491 0.010169491 0.068100356 0.049295776 0.095588237 0.075812273 0.111940302 0.075812273 0.068100356 0.024054984 0.083636366 0.016501650 0.091575094 0.027586207 0.075812273 0.010169491 0.099630997 0.053003535 0.124528304 0.024054984 0.120943956 0.099630997 0.065830722 0.071942449
0.226890758 0.054151624 0.057971016 0.020134227 0.010169491 0.000000000 0.035460994 0.050359711 0.045751635 0.006802721 0.000000000 0.000000000 0.057971016 0.039145909 0.085501857 0.065693431 0.101886794 0.065693431 0.057971016 0.013888889 0.073529415 0.026666667 0.081481479 0.017421603 0.065693431 0.000000000 0.089552239 0.042857144 0.114503816 0.013888889 0.130952388 0.089552239 0.075949363 0.061818182
0.192982450 0.018726591 0.022556391 0.055555556 0.045614034 0.035460994 0.000000000 0.014925373 0.081081077 0.042253520 0.035460994 0.035460994 0.022556391 0.003690037 0.050193049 0.030303031 0.066666670 0.030303031 0.022556391 0.021582734 0.038167939 0.062068965 0.046153847 0.018050542 0.030303031 0.035460994 0.054263566 0.007407407 0.079365082 0.021582734 0.165644169 0.054263566 0.111111112 0.026415095
0.178571433 0.003802281 0.007633588 0.070422538 0.060498219 0.050359711 0.014925373 0.000000000 0.095890410 0.057142857 0.050359711 0.050359711 0.007633588 0.011235955 0.035294119 0.015384615 0.051792830 0.015384615 0.007633588 0.036496349 0.023255814 0.076923080 0.031250000 0.032967035 0.015384615 0.050359711 0.039370079 0.007518797 0.064516127 0.036496349 0.180124223 0.039370079 0.125827819 0.011494253
0.269841284 0.099656358 0.103448279 0.025641026 0.035598706 0.045751635 0.081081077 0.095890410 0.000000000 0.038961038 0.045751635 0.045751635 0.103448279 0.084745765 0.130742043 0.111111112 0.146953404 0.111111112 0.103448279 0.059602648 0.118881121 0.019108281 0.126760557 0.063122921 0.111111112 0.045751635 0.134751767 0.088435374 0.159420297 0.059602648 0.085714288 0.134751767 0.030303031 0.107266434
0.233333334 0.060931899 0.064748198 0.013333334 0.003367003 0.006802721 0.042253520 0.057142857 0.038961038 0.000000000 0.006802721 0.006802721 0.064748198 0.045936394 0.092250921 0.072463766 0.108614229 0.072463766 0.064748198 0.020689655 0.080291972 0.019867551 0.088235296 0.024221454 0.072463766 0.006802721 0.096296296 0.049645390 0.121212125 0.020689655 0.124260359 0.096296296 0.069182388 0.068592057
0.226890758 0.054151624 0.057971016 0.020134227 0.010169491 0.000000000 0.035460994 0.050359711 0.045751635 0.006802721 0.000000000 0.000000000 0.057971016 0.039145909 0.085501857 0.065693431 0.101886794 0.065693431 0.057971016 0.013888889 0.073529415 0.026666667 0.081481479 0.017421603 0.065693431 0.000000000 0.089552239 0.042857144 0.114503816 0.013888889 0.130952388 0.089552239 0.075949363 0.061818182
0.226890758 0.054151624 0.057971016 0.020134227 0.010169491 0.000000000 0.035460994 0.050359711 0.045751635 0.006802721 0.000000000 0.000000000 0.057971016 0.039145909 0.085501857 0.065693431 0.101886794 0.065693431 0.057971016 0.013888889 0.073529415 0.026666667 0.081481479 0.017421603 0.065693431 0.000000000 0.089552239 0.042857144 0.114503816 0.013888889 0.130952388 0.089552239 0.075949363 0.061818182
0.171171173 0.003831418 0.000000000 0.078014188 0.068100356 0.057971016 0.022556391 0.007633588 0.103448279 0.064748198 0.057971016 0.057971016 0.000000000 0.018867925 0.027667984 0.007751938 0.044176705 0.007751938 0.000000000 0.044117648 0.015625000 0.084507041 0.023622047 0.040590405 0.007751938 0.057971016 0.031746034 0.015151516 0.056910571 0.044117648 0.187500000 0.031746034 0.133333340 0.003861004
0.189427316 0.015037594 0.018867925 0.059233449 0.049295776 0.039145909 0.003690037 0.011235955 0.084745765 0.045936394 0.039145909 0.039145909 0.018867925 0.000000000 0.046511628 0.026615970 0.062992126 0.026615970 0.018867925 0.025270758 0.034482758 0.065743946 0.042471044 0.021739131 0.026615970 0.039145909 0.050583657 0.003717472 0.075697213 0.025270758 0.169230774 0.050583657 0.114754096 0.022727273
0.144186050 0.031496063 0.027667984 0.105454542 0.095588237 0.085501857 0.050193049 0.035294119 0.130742043 0.092250921 0.085501857 0.085501857 0.027667984 0.046511628 0.000000000 0.019920319 0.016528925 0.019920319 0.027667984 0.071698114 0.012048192 0.111913361 0.004048583 0.068181820 0.019920319 0.085501857 0.004081632 0.042801555 0.029288704 0.071698114 0.214057505 0.004081632 0.160409555 0.023809524
0.163636357 0.011583012 0.007751938 0.085714288 0.075812273 0.065693431 0.030303031 0.015384615 0.111111112 0.072463766 0.065693431 0.065693431 0.007751938 0.026615970 0.019920319 0.000000000 0.036437247 0.000000000 0.007751938 0.051851850 0.007874016 0.092198581 0.015873017 0.048327137 0.000000000 0.065693431 0.024000000 0.022900764 0.049180329 0.051851850 0.194968551 0.024000000 0.140939593 0.003891051
0.127962083 0.048000000 0.044176705 0.121771216 0.111940302 0.101886794 0.066666670 0.051792830 0.146953404 0.108614229 0.101886794 0.101886794 0.044176705 0.062992126 0.016528925 0.036437247 0.000000000 0.036437247 0.044176705 0.088122606 0.028571429 0.128205135 0.020576132 0.084615387 0.036437247 0.101886794 0.012448133 0.059288539 0.012765957 0.088122606 0.229773462 0.012448133 0.176470593 0.040322579
0.163636357 0.011583012 0.007751938 0.085714288 0.075812273 0.065693431 0.030303031 0.015384615 0.111111112 0.072463766 0.065693431 0.065693431 0.007751938 0.026615970 0.019920319 0.000000000 0.036437247 0.000000000 0.007751938 0.051851850 0.007874016 0.092198581 0.015873017 0.048327137 0.000000000 0.065693431 0.024000000 0.022900764 0.049180329 0.051851850 0.194968551 0.024000000 0.140939593 0.003891051
0.171171173 0.003831418 0.000000000 0.078014188 0.068100356 0.057971016 0.022556391 0.007633588 0.103448279 0.064748198 0.057971016 0.057971016 0.000000000 0.018867925 0.027667984 0.007751938 0.044176705 0.007751938 0.000000000 0.044117648 0.015625000 0.084507041 0.023622047 0.040590405 0.007751938 0.057971016 0.031746034 0.015151516 0.056910571 0.044117648 0.187500000 0.031746034 0.133333340 0.003861004
0.213675216 0.040293042 0.044117648 0.034013607 0.024054984 0.013888889 0.021582734 0.036496349 0.059602648 0.020689655 0.013888889 0.013888889 0.044117648 0.025270758 0.071698114 0.051851850 0.088122606 0.051851850 0.044117648 0.000000000 0.059701491 0.040540539 0.067669176 0.003533569 0.051851850 0.013888889 0.075757578 0.028985508 0.100775197 0.000000000 0.144578308 0.075757578 0.089743592 0.047970481
0.155963302 0.019455252 0.015625000 0.093525179 0.083636366 0.073529415 0.038167939 0.023255814 0.118881121 0.080291972 0.073529415 0.073529415 0.015625000 0.034482758 0.012048192 0.007874016 0.028571429 0.007874016 0.015625000 0.059701491 0.000000000 0.100000001 0.008000000 0.056179777 0.007874016 0.073529415 0.016129032 0.030769231 0.041322313 0.059701491 0.202531651 0.016129032 0.148648649 0.011764706
0.252032518 0.080701753 0.084507041 0.006535948 0.016501650 0.026666667 0.062068965 0.076923080 0.019108281 0.019867551 0.026666667 0.026666667 0.084507041 0.065743946 0.111913361 0.092198581 0.128205135 0.092198581 0.084507041 0.040540539 0.100000001 0.000000000 0.107913665 0.044067796 0.092198581 0.026666667 0.115942031 0.069444448 0.140740737 0.040540539 0.104651161 0.115942031 0.049382716 0.088339224
0.148148149 0.027450981 0.023622047 0.101449274 0.091575094 0.081481479 0.046153847 0.031250000 0.126760557 0.088235296 0.081481479 0.081481479 0.023622047 0.042471044 0.004048583 0.015873017 0.020576132 0.015873017 0.023622047 0.067669176 0.008000000 0.107913665 0.000000000 0.064150944 0.015873017 0.081481479 0.008130081 0.038759690 0.033333335 0.067669176 0.210191086 0.008130081 0.156462580 0.019762846
0.210300431 0.036764707 0.040590405 0.037542664 0.027586207 0.017421603 0.018050542 0.032967035 0.063122921 0.024221454 0.017421603 0.017421603 0.040590405 0.021739131 0.068181820 0.048327137 0.084615387 0.048327137 0.040590405 0.003533569 0.056179777 0.044067796 0.064150944 0.000000000 0.048327137 0.017421603 0.072243348 0.025454545 0.097276263 0.003533569 0.148036256 0.072243348 0.093247585 0.044444446
0.163636357 0.011583012 0.007751938 0.085714288 0.075812273 0.065693431 0.030303031 0.015384615 0.111111112 0.072463766 0.065693431 0.065693431 0.007751938 0.026615970 0.019920319 0.000000000 0.036437247 0.000000000 0.007751938 0.051851850 0.007874016 0.092198581 0.015873017 0.048327137 0.000000000 0.065693431 0.024000000 0.022900764 0.049180329 0.051851850 0.194968551 0.024000000 0.140939593 0.003891051
0.226890758 0.054151624 0.057971016 0.020134227 0.010169491 0.000000000 0.035460994 0.050359711 0.045751635 0.006802721 0.000000000 0.000000000 0.057971016 0.039145909 0.085501857 0.065693431 0.101886794 0.065693431 0.057971016 0.013888889 0.073529415 0.026666667 0.081481479 0.017421603 0.065693431 0.000000000 0.089552239 0.042857144 0.114503816 0.013888889 0.130952388 0.089552239 0.075949363 0.061818182
0.140186921 0.035573121 0.031746034 0.109489053 0.099630997 0.089552239 0.054263566 0.039370079 0.134751767 0.096296296 0.089552239 0.089552239 0.031746034 0.050583657 0.004081632 0.024000000 0.012448133 0.024000000 0.031746034 0.075757578 0.016129032 0.115942031 0.008130081 0.072243348 0.024000000 0.089552239 0.000000000 0.046875000 0.025210084 0.075757578 0.217948720 0.000000000 0.164383560 0.027888447
0.185840711 0.011320755 0.015151516 0.062937066 0.053003535 0.042857144 0.007407407 0.007518797 0.088435374 0.049645390 0.042857144 0.042857144 0.015151516 0.003717472 0.042801555 0.022900764 0.059288539 0.022900764 0.015151516 0.028985508 0.030769231 0.069444448 0.038759690 0.025454545 0.022900764 0.042857144 0.046875000 0.000000000 0.071999997 0.028985508 0.172839507 0.046875000 0.118421055 0.019011406
0.115384616 0.060728744 0.056910571 0.134328365 0.124528304 0.114503816 0.079365082 0.064516127 0.159420297 0.121212125 0.114503816 0.114503816 0.056910571 0.075697213 0.029288704 0.049180329 0.012765957 0.049180329 0.056910571 0.100775197 0.041322313 0.140740737 0.033333335 0.097276263 0.049180329 0.114503816 0.025210084 0.071999997 0.000000000 0.100775197 0.241830066 0.025210084 0.188811183 0.053061225
0.213675216 0.040293042 0.044117648 0.034013607 0.024054984 0.013888889 0.021582734 0.036496349 0.059602648 0.020689655 0.013888889 0.013888889 0.044117648 0.025270758 0.071698114 0.051851850 0.088122606 0.051851850 0.044117648 0.000000000 0.059701491 0.040540539 0.067669176 0.003533569 0.051851850 0.013888889 0.075757578 0.028985508 0.100775197 0.000000000 0.144578308 0.075757578 0.089743592 0.047970481
0.347517729 0.183800623 0.187500000 0.111111112 0.120943956 0.130952388 0.165644169 0.180124223 0.085714288 0.124260359 0.130952388 0.130952388 0.187500000 0.169230774 0.214057505 0.194968551 0.229773462 0.194968551 0.187500000 0.144578308 0.202531651 0.104651161 0.210191086 0.148036256 0.194968551 0.130952388 0.217948720 0.172839507 0.241830066 0.144578308 0.000000000 0.217948720 0.055555556 0.191222563
0.140186921 0.035573121 0.031746034 0.109489053 0.099630997 0.089552239 0.054263566 0.039370079 0.134751767 0.096296296 0.089552239 0.089552239 0.031746034 0.050583657 0.004081632 0.024000000 0.012448133 0.024000000 0.031746034 0.075757578 0.016129032 0.115942031 0.008130081 0.072243348 0.024000000 0.089552239 0.000000000 0.046875000 0.025210084 0.075757578 0.217948720 0.000000000 0.164383560 0.027888447
0.297709912 0.129568100 0.133333340 0.055900622 0.065830722 0.075949363 0.111111112 0.125827819 0.030303031 0.069182388 0.075949363 0.075949363 0.133333340 0.114754096 0.160409555 0.140939593 0.176470593 0.140939593 0.133333340 0.089743592 0.148648649 0.049382716 0.156462580 0.093247585 0.140939593 0.075949363 0.164383560 0.118421055 0.188811183 0.089743592 0.055555556 0.164383560 0.000000000 0.137123749
0.167420819 0.007692308 0.003861004 0.081850536 0.071942449 0.061818182 0.026415095 0.011494253 0.107266434 0.068592057 0.061818182 0.061818182 0.003861004 0.022727273 0.023809524 0.003891051 0.040322579 0.003891051 0.003861004 0.047970481 0.011764706 0.088339224 0.019762846 0.044444446 0.003891051 0.061818182 0.027888447 0.019011406 0.053061225 0.047970481 0.191222563 0.027888447 0.137123749 0.000000000
