0.000000000 0.060344826 0.031111112 0.134920642 0.039647575 0.080168776 0.080168776 0.099173553 0.068376072 0.158301160 0.068376072 0.113821141 0.064377680 0.076271184 0.048076924 0.009259259 0.018018018 0.138339922 0.035398230 0.141732290 0.013574661 0.068376072 0.022421524 0.080168776 0.117408909 0.099173553 0.060344826 0.056277055 0.000000000 0.068376072 0.294498384 0.177358493 0.053140096 0.052173913
0.060344826 0.000000000 0.029288704 0.075187966 0.020746889 0.019920319 0.019920319 0.039062500 0.008064516 0.098901100 0.008064516 0.053846154 0.004048583 0.016000001 0.108108111 0.069565214 0.042372882 0.078651689 0.025000000 0.082089551 0.046808511 0.008064516 0.037974682 0.019920319 0.057471264 0.039062500 0.000000000 0.004081632 0.060344826 0.008064516 0.238390088 0.118279569 0.113122173 0.008196721
0.031111112 0.029288704 0.000000000 0.104247101 0.008547009 0.049180329 0.049180329 0.068273090 0.037344400 0.127819553 0.037344400 0.083003953 0.033333335 0.045267489 0.079069771 0.040358745 0.013100437 0.107692309 0.004291845 0.111111112 0.017543860 0.037344400 0.008695652 0.049180329 0.086614177 0.068273090 0.029288704 0.025210084 0.031111112 0.037344400 0.265822798 0.147058830 0.084112152 0.021097047
0.134920642 0.075187966 0.104247101 0.000000000 0.095785439 0.055350553 0.055350553 0.036231883 0.067164183 0.023890786 0.067164183 0.021428572 0.071161047 0.059259258 0.181818187 0.143999994 0.117187500 0.003484321 0.100000001 0.006944444 0.121568628 0.067164183 0.112840466 0.055350553 0.017793594 0.036231883 0.075187966 0.079245284 0.134920642 0.067164183 0.166180760 0.043478262 0.186721995 0.083333336
0.039647575 0.020746889 0.008547009 0.095785439 0.000000000 0.040650405 0.040650405 0.059760958 0.028806584 0.119402982 0.028806584 0.074509807 0.024793388 0.036734693 0.087557606 0.048888888 0.021645023 0.099236645 0.004255319 0.102661595 0.026086956 0.028806584 0.017241379 0.040650405 0.078125000 0.059760958 0.020746889 0.016666668 0.039647575 0.028806584 0.257861644 0.138686135 0.092592590 0.012552301
0.080168776 0.019920319 0.049180329 0.055350553 0.040650405 0.000000000 0.000000000 0.019157087 0.011857707 0.079136692 0.011857707 0.033962265 0.015873017 0.003921569 0.127753302 0.089361705 0.062240664 0.058823530 0.044897959 0.062271062 0.066666670 0.011857707 0.057851240 0.000000000 0.037593983 0.019157087 0.019920319 0.024000000 0.080168776 0.011857707 0.219512194 0.098591551 0.132743359 0.028112451
0.080168776 0.019920319 0.049180329 0.055350553 0.040650405 0.000000000 0.000000000 0.019157087 0.011857707 0.079136692 0.011857707 0.033962265 0.015873017 0.003921569 0.127753302 0.089361705 0.062240664 0.058823530 0.044897959 0.062271062 0.066666670 0.011857707 0.057851240 0.000000000 0.037593983 0.019157087 0.019920319 0.024000000 0.080168776 0.011857707 0.219512194 0.098591551 0.132743359 0.028112451
0.099173553 0.039062500 0.068273090 0.036231883 0.059760958 0.019157087 0.019157087 0.000000000 0.031007752 0.060070671 0.031007752 0.014814815 0.035019454 0.023076924 0.146551728 0.108333334 0.081300810 0.039711192 0.064000003 0.043165468 0.085714288 0.031007752 0.076923080 0.019157087 0.018450184 0.000000000 0.039062500 0.043137256 0.099173553 0.031007752 0.201201200 0.079584777 0.151515156 0.047244094
0.068376072 0.008064516 0.037344400 0.067164183 0.028806584 0.011857707 0.011857707 0.031007752 0.000000000 0.090909094 0.000000000 0.045801528 0.004016064 0.007936508 0.116071425 0.077586204 0.050420169 0.070631973 0.033057850 0.074074075 0.054852322 0.000000000 0.046025105 0.011857707 0.049429659 0.031007752 0.008064516 0.012145749 0.068376072 0.000000000 0.230769232 0.110320285 0.121076234 0.016260162
0.158301160 0.098901100 0.127819553 0.023890786 0.119402982 0.079136692 0.079136692 0.060070671 0.090909094 0.000000000 0.090909094 0.045296166 0.094890513 0.083032489 0.204819277 0.167315170 0.140684411 0.020408163 0.123595506 0.016949153 0.145038173 0.090909094 0.136363640 0.079136692 0.041666668 0.060070671 0.098901100 0.102941178 0.158301160 0.090909094 0.142857149 0.019607844 0.209677413 0.107011072
0.068376072 0.008064516 0.037344400 0.067164183 0.028806584 0.011857707 0.011857707 0.031007752 0.000000000 0.090909094 0.000000000 0.045801528 0.004016064 0.007936508 0.116071425 0.077586204 0.050420169 0.070631973 0.033057850 0.074074075 0.054852322 0.000000000 0.046025105 0.011857707 0.049429659 0.031007752 0.008064516 0.012145749 0.068376072 0.000000000 0.230769232 0.110320285 0.121076234 0.016260162
0.113821141 0.053846154 0.083003953 0.021428572 0.074509807 0.033962265 0.033962265 0.014814815 0.045801528 0.045296166 0.045801528 0.000000000 0.049808428 0.037878789 0.161016956 0.122950822 0.096000001 0.024911031 0.078740157 0.028368793 0.100401610 0.045801528 0.091633469 0.033962265 0.003636364 0.014814815 0.053846154 0.057915058 0.113821141 0.045801528 0.186943620 0.064846419 0.165957451 0.062015504
0.064377680 0.004048583 0.033333335 0.071161047 0.024793388 0.015873017 0.015873017 0.035019454 0.004016064 0.094890513 0.004016064 0.049808428 0.000000000 0.011952192 0.112107620 0.073593073 0.046413504 0.074626863 0.029045643 0.078066915 0.050847456 0.004016064 0.042016808 0.015873017 0.053435113 0.035019454 0.004048583 0.008130081 0.064377680 0.004016064 0.234567896 0.114285715 0.117117114 0.012244898
0.076271184 0.016000001 0.045267489 0.059259258 0.036734693 0.003921569 0.003921569 0.023076924 0.007936508 0.083032489 0.007936508 0.037878789 0.011952192 0.000000000 0.123893805 0.085470088 0.058333334 0.062730625 0.040983606 0.066176474 0.062761508 0.007936508 0.053941909 0.003921569 0.041509435 0.023076924 0.016000001 0.020080321 0.076271184 0.007936508 0.223241597 0.102473497 0.128888890 0.024193548
0.048076924 0.108108111 0.079069771 0.181818187 0.087557606 0.127753302 0.127753302 0.146551728 0.116071425 0.204819277 0.116071425 0.161016956 0.112107620 0.123893805 0.000000000 0.038834952 0.066037737 0.185185179 0.083333336 0.188524589 0.061611373 0.116071425 0.070422538 0.127753302 0.164556965 0.146551728 0.108108111 0.104072399 0.048076924 0.116071425 0.337792635 0.223529413 0.005076142 0.100000001
0.009259259 0.069565214 0.040358745 0.143999994 0.048888888 0.089361705 0.089361705 0.108333334 0.077586204 0.167315170 0.077586204 0.122950822 0.073593073 0.085470088 0.038834952 0.000000000 0.027272727 0.147410363 0.044642858 0.150793657 0.022831051 0.077586204 0.031674210 0.089361705 0.126530617 0.108333334 0.069565214 0.065502182 0.009259259 0.077586204 0.302931607 0.186311781 0.043902438 0.061403509
0.018018018 0.042372882 0.013100437 0.117187500 0.021645023 0.062240664 0.062240664 0.081300810 0.050420169 0.140684411 0.050420169 0.096000001 0.046413504 0.058333334 0.066037737 0.027272727 0.000000000 0.120622568 0.017391304 0.124031007 0.004444445 0.050420169 0.004405286 0.062240664 0.099601597 0.081300810 0.042372882 0.038297873 0.018018018 0.050420169 0.277955264 0.159851298 0.071090050 0.034188036
0.138339922 0.078651689 0.107692309 0.003484321 0.099236645 0.058823530 0.058823530 0.039711192 0.070631973 0.020408163 0.070631973 0.024911031 0.074626863 0.062730625 0.185185179 0.147410363 0.120622568 0.000000000 0.103448279 0.003460208 0.125000000 0.070631973 0.116279073 0.058823530 0.021276595 0.039711192 0.078651689 0.082706764 0.138339922 0.070631973 0.162790701 0.039999999 0.190082639 0.086792454
0.035398230 0.025000000 0.004291845 0.100000001 0.004255319 0.044897959 0.044897959 0.064000003 0.033057850 0.123595506 0.033057850 0.078740157 0.029045643 0.040983606 0.083333336 0.044642858 0.017391304 0.103448279 0.000000000 0.106870227 0.021834061 0.033057850 0.012987013 0.044897959 0.082352944 0.064000003 0.025000000 0.020920502 0.035398230 0.033057850 0.261829644 0.142857149 0.088372096 0.016806724
0.141732290 0.082089551 0.111111112 0.006944444 0.102661595 0.062271062 0.062271062 0.043165468 0.074074075 0.016949153 0.074074075 0.028368793 0.078066915 0.066176474 0.188524589 0.150793657 0.124031007 0.003460208 0.106870227 0.000000000 0.128404662 0.074074075 0.119691119 0.062271062 0.024734983 0.043165468 0.082089551 0.086142324 0.141732290 0.074074075 0.159420297 0.036544852 0.193415642 0.090225562
0.013574661 0.046808511 0.017543860 0.121568628 0.026086956 0.066666670 0.066666670 0.085714288 0.054852322 0.145038173 0.054852322 0.100401610 0.050847456 0.062761508 0.061611373 0.022831051 0.004444445 0.125000000 0.021834061 0.128404662 0.000000000 0.054852322 0.008849557 0.066666670 0.104000002 0.085714288 0.046808511 0.042735044 0.013574661 0.054852322 0.282051295 0.164179102 0.066666670 0.038626611
0.068376072 0.008064516 0.037344400 0.067164183 0.028806584 0.011857707 0.011857707 0.031007752 0.000000000 0.090909094 0.000000000 0.045801528 0.004016064 0.007936508 0.116071425 0.077586204 0.050420169 0.070631973 0.033057850 0.074074075 0.054852322 0.000000000 0.046025105 0.011857707 0.049429659 0.031007752 0.008064516 0.012145749 0.068376072 0.000000000 0.230769232 0.110320285 0.121076234 0.016260162
0.022421524 0.037974682 0.008695652 0.112840466 0.017241379 0.057851240 0.057851240 0.076923080 0.046025105 0.136363640 0.046025105 0.091633469 0.042016808 0.053941909 0.070422538 0.031674210 0.004405286 0.116279073 0.012987013 0.119691119 0.008849557 0.046025105 0.000000000 0.057851240 0.095238097 0.076923080 0.037974682 0.033898305 0.022421524 0.046025105 0.273885339 0.155555561 0.075471699 0.029787235
0.080168776 0.019920319 0.049180329 0.055350553 0.040650405 0.000000000 0.000000000 0.019157087 0.011857707 0.079136692 0.011857707 0.033962265 0.015873017 0.003921569 0.127753302 0.089361705 0.062240664 0.058823530 0.044897959 0.062271062 0.066666670 0.011857707 0.057851240 0.000000000 0.037593983 0.019157087 0.019920319 0.024000000 0.080168776 0.011857707 0.219512194 0.098591551 0.132743359 0.028112451
0.117408909 0.057471264 0.086614177 0.017793594 0.078125000 0.037593983 0.037593983 0.018450184 0.049429659 0.041666668 0.049429659 0.003636364 0.053435113 0.041509435 0.164556965 0.126530617 0.099601597 0.021276595 0.082352944 0.024734983 0.104000002 0.049429659 0.095238097 0.037593983 0.000000000 0.018450184 0.057471264 0.061538462 0.117408909 0.049429659 0.183431953 0.061224490 0.169491529 0.065637067
0.099173553 0.039062500 0.068273090 0.036231883 0.059760958 0.019157087 0.019157087 0.000000000 0.031007752 0.060070671 0.031007752 0.014814815 0.035019454 0.023076924 0.146551728 0.108333334 0.081300810 0.039711192 0.064000003 0.043165468 0.085714288 0.031007752 0.076923080 0.019157087 0.018450184 0.000000000 0.039062500 0.043137256 0.099173553 0.031007752 0.201201200 0.079584777 0.151515156 0.047244094
0.060344826 0.000000000 0.029288704 0.075187966 0.020746889 0.019920319 0.019920319 0.039062500 0.008064516 0.098901100 0.008064516 0.053846154 0.004048583 0.016000001 0.108108111 0.069565214 0.042372882 0.078651689 0.025000000 0.082089551 0.046808511 0.008064516 0.037974682 0.019920319 0.057471264 0.039062500 0.000000000 0.004081632 0.060344826 0.008064516 0.238390088 0.118279569 0.113122173 0.008196721
0.056277055 0.004081632 0.025210084 0.079245284 0.016666668 0.024000000 0.024000000 0.043137256 0.012145749 0.102941178 0.012145749 0.057915058 0.008130081 0.020080321 0.104072399 0.065502182 0.038297873 0.082706764 0.020920502 0.086142324 0.042735044 0.012145749 0.033898305 0.024000000 0.061538462 0.043137256 0.004081632 0.000000000 0.056277055 0.012145749 0.242236018 0.122302160 0.109090909 0.004115226
0.000000000 0.060344826 0.031111112 0.134920642 0.039647575 0.080168776 0.080168776 0.099173553 0.068376072 0.158301160 0.068376072 0.113821141 0.064377680 0.076271184 0.048076924 0.009259259 0.018018018 0.138339922 0.035398230 0.141732290 0.013574661 0.068376072 0.022421524 0.080168776 0.117408909 0.099173553 0.060344826 0.056277055 0.000000000 0.068376072 0.294498384 0.177358493 0.053140096 0.052173913
0.068376072 0.008064516 0.037344400 0.067164183 0.028806584 0.011857707 0.011857707 0.031007752 0.000000000 0.090909094 0.000000000 0.045801528 0.004016064 0.007936508 0.116071425 0.077586204 0.050420169 0.070631973 0.033057850 0.074074075 0.054852322 0.000000000 0.046025105 0.011857707 0.049429659 0.031007752 0.008064516 0.012145749 0.068376072 0.000000000 0.230769232 0.110320285 0.121076234 0.016260162
0.294498384 0.238390088 0.265822798 0.166180760 0.257861644 0.219512194 0.219512194 0.201201200 0.230769232 0.142857149 0.230769232 0.186943620 0.234567896 0.223241597 0.337792635 0.302931607 0.277955264 0.162790701 0.261829644 0.159420297 0.282051295 0.230769232 0.273885339 0.219512194 0.183431953 0.201201200 0.238390088 0.242236018 0.294498384 0.230769232 0.000000000 0.123595506 0.342281878 0.246105924
0.177358493 0.118279569 0.147058830 0.043478262 0.138686135 0.098591551 0.098591551 0.079584777 0.110320285 0.019607844 0.110320285 0.064846419 0.114285715 0.102473497 0.223529413 0.186311781 0.159851298 0.039999999 0.142857149 0.036544852 0.164179102 0.110320285 0.155555561 0.098591551 0.061224490 0.079584777 0.118279569 0.122302160 0.177358493 0.110320285 0.123595506 0.000000000 0.228346452 0.126353785
0.053140096 0.113122173 0.084112152 0.186721995 0.092592590 0.132743359 0.132743359 0.151515156 0.121076234 0.209677413 0.121076234 0.165957451 0.117117114 0.128888890 0.005076142 0.043902438 0.071090050 0.190082639 0.088372096 0.193415642 0.066666670 0.121076234 0.075471699 0.132743359 0.169491529 0.151515156 0.113122173 0.109090909 0.053140096 0.121076234 0.342281878 0.228346452 0.000000000 0.105022833
0.052173913 0.008196721 0.021097047 0.083333336 0.012552301 0.028112451 0.028112451 0.047244094 0.016260162 0.107011072 0.016260162 0.062015504 0.012244898 0.024193548 0.100000001 0.061403509 0.034188036 0.086792454 0.016806724 0.090225562 0.038626611 0.016260162 0.029787235 0.028112451 0.065637067 0.047244094 0.008196721 0.004115226 0.052173913 0.016260162 0.246105924 0.126353785 0.105022833 0.000000000
