0.000000000 0.000000000 0.018691588 0.183520600 0.090000004 0.068376072 0.026785715 0.064377680 0.080168776 0.099173553 0.064377680 0.099173553 0.084033616 0.076271184 0.090000004 0.095477387 0.031111112 0.052173913 0.004566210 0.117408909 0.009090909 0.072340429 0.033175357 0.000000000 0.026785715 0.060344826 0.048034936 0.018018018 0.048076924 0.091666669 0.180451125 0.155038759 0.120967738 0.013574661
0.000000000 0.000000000 0.018691588 0.183520600 0.090000004 0.068376072 0.026785715 0.064377680 0.080168776 0.099173553 0.064377680 0.099173553 0.084033616 0.076271184 0.090000004 0.095477387 0.031111112 0.052173913 0.004566210 0.117408909 0.009090909 0.072340429 0.033175357 0.000000000 0.026785715 0.060344826 0.048034936 0.018018018 0.048076924 0.091666669 0.180451125 0.155038759 0.120967738 0.013574661
0.018691588 0.018691588 0.000000000 0.201520920 0.071428575 0.086956523 0.045454547 0.082969435 0.098712444 0.117647059 0.082969435 0.117647059 0.102564104 0.094827585 0.071428575 0.076923080 0.049773756 0.070796460 0.023255814 0.135802463 0.027777778 0.090909094 0.014492754 0.018691588 0.045454547 0.078947365 0.066666670 0.036697246 0.029411765 0.110169493 0.198473290 0.173228353 0.139344260 0.032258064
0.183520600 0.183520600 0.201520920 0.000000000 0.269076318 0.116607770 0.157509163 0.120567374 0.104895107 0.085910656 0.120567374 0.085910656 0.101045296 0.108771928 0.269076318 0.274193555 0.153284669 0.132616490 0.179104477 0.067567565 0.174721196 0.112676054 0.215384617 0.183520600 0.157509163 0.124555163 0.136690646 0.166051656 0.229571983 0.093425609 0.003174603 0.029315962 0.063973062 0.170370370
0.090000004 0.090000004 0.071428575 0.269076318 0.000000000 0.157407403 0.116504855 0.153488368 0.168949768 0.187500000 0.153488368 0.187500000 0.172727272 0.165137619 0.000000000 0.005524862 0.120772950 0.141509429 0.094527364 0.205240175 0.099009901 0.161290318 0.056994818 0.090000004 0.116504855 0.149532706 0.137440756 0.107843138 0.042105265 0.180180177 0.266129047 0.241666660 0.208695650 0.103448279
0.068376072 0.068376072 0.086956523 0.116607770 0.157407403 0.000000000 0.041666668 0.004016064 0.011857707 0.031007752 0.004016064 0.031007752 0.015748031 0.007936508 0.157407403 0.162790701 0.037344400 0.016260162 0.063829787 0.049429659 0.059322033 0.003984064 0.101321585 0.068376072 0.041666668 0.008064516 0.020408163 0.050420169 0.116071425 0.023437500 0.113475174 0.087591238 0.053030305 0.054852322
0.026785715 0.026785715 0.045454547 0.157509163 0.116504855 0.041666668 0.000000000 0.037656903 0.053497944 0.072580643 0.037656903 0.072580643 0.057377048 0.049586777 0.116504855 0.121951222 0.004329004 0.025423728 0.022222223 0.090909094 0.017699115 0.045643155 0.059907835 0.026785715 0.000000000 0.033613447 0.021276595 0.008771930 0.074766353 0.065040648 0.154411763 0.128787875 0.094488189 0.013215859
0.064377680 0.064377680 0.082969435 0.120567374 0.153488368 0.004016064 0.037656903 0.000000000 0.015873017 0.035019454 0.000000000 0.035019454 0.019762846 0.011952192 0.153488368 0.158878505 0.033333335 0.012244898 0.059829060 0.053435113 0.055319149 0.008000000 0.097345136 0.064377680 0.037656903 0.004048583 0.016393442 0.046413504 0.112107620 0.027450981 0.117437720 0.091575094 0.057034221 0.050847456
0.080168776 0.080168776 0.098712444 0.104895107 0.168949768 0.011857707 0.053497944 0.015873017 0.000000000 0.019157087 0.015873017 0.019157087 0.003891051 0.003921569 0.168949768 0.174311921 0.049180329 0.028112451 0.075630255 0.037593983 0.071129709 0.007874016 0.113043480 0.080168776 0.053497944 0.019920319 0.032258064 0.062240664 0.127753302 0.011583012 0.101754382 0.075812273 0.041198503 0.066666670
0.099173553 0.099173553 0.117647059 0.085910656 0.187500000 0.031007752 0.072580643 0.035019454 0.019157087 0.000000000 0.035019454 0.000000000 0.015267176 0.023076924 0.187500000 0.192825109 0.068273090 0.047244094 0.094650209 0.018450184 0.090163931 0.027027028 0.131914899 0.099173553 0.072580643 0.039062500 0.051383398 0.081300810 0.146551728 0.007575758 0.082758620 0.056737587 0.022058824 0.085714288
0.064377680 0.064377680 0.082969435 0.120567374 0.153488368 0.004016064 0.037656903 0.000000000 0.015873017 0.035019454 0.000000000 0.035019454 0.019762846 0.011952192 0.153488368 0.158878505 0.033333335 0.012244898 0.059829060 0.053435113 0.055319149 0.008000000 0.097345136 0.064377680 0.037656903 0.004048583 0.016393442 0.046413504 0.112107620 0.027450981 0.117437720 0.091575094 0.057034221 0.050847456
0.099173553 0.099173553 0.117647059 0.085910656 0.187500000 0.031007752 0.072580643 0.035019454 0.019157087 0.000000000 0.035019454 0.000000000 0.015267176 0.023076924 0.187500000 0.192825109 0.068273090 0.047244094 0.094650209 0.018450184 0.090163931 0.027027028 0.131914899 0.099173553 0.072580643 0.039062500 0.051383398 0.081300810 0.146551728 0.007575758 0.082758620 0.056737587 0.022058824 0.085714288
0.084033616 0.084033616 0.102564104 0.101045296 0.172727272 0.015748031 0.057377048 0.019762846 0.003891051 0.015267176 0.019762846 0.015267176 0.000000000 0.007812500 0.172727272 0.178082198 0.053061225 0.032000002 0.079497911 0.033707865 0.075000003 0.011764706 0.116883114 0.084033616 0.057377048 0.023809524 0.036144577 0.066115700 0.131578952 0.007692308 0.097902097 0.071942449 0.037313432 0.070539422
0.076271184 0.076271184 0.094827585 0.108771928 0.165137619 0.007936508 0.049586777 0.011952192 0.003921569 0.023076924 0.011952192 0.023076924 0.007812500 0.000000000 0.165137619 0.170506909 0.045267489 0.024193548 0.071729958 0.041509435 0.067226894 0.003952569 0.109170303 0.076271184 0.049586777 0.016000001 0.028340081 0.058333334 0.123893805 0.015503876 0.105633803 0.079710148 0.045112781 0.062761508
0.090000004 0.090000004 0.071428575 0.269076318 0.000000000 0.157407403 0.116504855 0.153488368 0.168949768 0.187500000 0.153488368 0.187500000 0.172727272 0.165137619 0.000000000 0.005524862 0.120772950 0.141509429 0.094527364 0.205240175 0.099009901 0.161290318 0.056994818 0.090000004 0.116504855 0.149532706 0.137440756 0.107843138 0.042105265 0.180180177 0.266129047 0.241666660 0.208695650 0.103448279
0.095477387 0.095477387 0.076923080 0.274193555 0.005524862 0.162790701 0.121951222 0.158878505 0.174311921 0.192825109 0.158878505 0.192825109 0.178082198 0.170506909 0.005524862 0.000000000 0.126213595 0.146919429 0.100000001 0.210526317 0.104477614 0.166666672 0.062500000 0.095477387 0.121951222 0.154929578 0.142857149 0.113300495 0.047619049 0.185520366 0.271255046 0.246861920 0.213973805 0.108910888
0.031111112 0.031111112 0.049773756 0.153284669 0.120772950 0.037344400 0.004329004 0.033333335 0.049180329 0.068273090 0.033333335 0.068273090 0.053061225 0.045267489 0.120772950 0.126213595 0.000000000 0.021097047 0.026548672 0.086614177 0.022026431 0.041322313 0.064220183 0.031111112 0.004329004 0.029288704 0.016949153 0.013100437 0.079069771 0.060728744 0.150183156 0.124528304 0.090196081 0.017543860
0.052173913 0.052173913 0.070796460 0.132616490 0.141509429 0.016260162 0.025423728 0.012244898 0.028112451 0.047244094 0.012244898 0.047244094 0.032000002 0.024193548 0.141509429 0.146919429 0.021097047 0.000000000 0.047619049 0.065637067 0.043103449 0.020242915 0.085201792 0.052173913 0.025423728 0.008196721 0.004149378 0.034188036 0.100000001 0.039682541 0.129496396 0.103703700 0.069230773 0.038626611
0.004566210 0.004566210 0.023255814 0.179104477 0.094527364 0.063829787 0.022222223 0.059829060 0.075630255 0.094650209 0.059829060 0.094650209 0.079497911 0.071729958 0.094527364 0.100000001 0.026548672 0.047619049 0.000000000 0.112903222 0.004524887 0.067796610 0.037735850 0.004566210 0.022222223 0.055793993 0.043478262 0.013452915 0.052631579 0.087136932 0.176029965 0.150579154 0.116465867 0.009009009
0.117408909 0.117408909 0.135802463 0.067567565 0.205240175 0.049429659 0.090909094 0.053435113 0.037593983 0.018450184 0.053435113 0.018450184 0.033707865 0.041509435 0.205240175 0.210526317 0.086614177 0.065637067 0.112903222 0.000000000 0.108433738 0.045454547 0.150000006 0.117408909 0.090909094 0.057471264 0.069767445 0.099601597 0.164556965 0.026022306 0.064406782 0.038327526 0.003610108 0.104000002
0.009090909 0.009090909 0.027777778 0.174721196 0.099009901 0.059322033 0.017699115 0.055319149 0.071129709 0.090163931 0.055319149 0.090163931 0.075000003 0.067226894 0.099009901 0.104477614 0.022026431 0.043103449 0.004524887 0.108433738 0.000000000 0.063291140 0.042253520 0.009090909 0.017699115 0.051282052 0.038961038 0.008928572 0.057142857 0.082644626 0.171641797 0.146153852 0.112000003 0.004484305
0.072340429 0.072340429 0.090909094 0.112676054 0.161290318 0.003984064 0.045643155 0.008000000 0.007874016 0.027027028 0.008000000 0.027027028 0.011764706 0.003952569 0.161290318 0.166666672 0.041322313 0.020242915 0.067796610 0.045454547 0.063291140 0.000000000 0.105263159 0.072340429 0.045643155 0.012048192 0.024390243 0.054393306 0.119999997 0.019455252 0.109540634 0.083636366 0.049056605 0.058823530
0.033175357 0.033175357 0.014492754 0.215384617 0.056994818 0.101321585 0.059907835 0.097345136 0.113043480 0.131914899 0.097345136 0.131914899 0.116883114 0.109170303 0.056994818 0.062500000 0.064220183 0.085201792 0.037735850 0.150000006 0.042253520 0.105263159 0.000000000 0.033175357 0.059907835 0.093333334 0.081081077 0.051162791 0.014925373 0.124463521 0.212355211 0.187251002 0.153526977 0.046728972
0.000000000 0.000000000 0.018691588 0.183520600 0.090000004 0.068376072 0.026785715 0.064377680 0.080168776 0.099173553 0.064377680 0.099173553 0.084033616 0.076271184 0.090000004 0.095477387 0.031111112 0.052173913 0.004566210 0.117408909 0.009090909 0.072340429 0.033175357 0.000000000 0.026785715 0.060344826 0.048034936 0.018018018 0.048076924 0.091666669 0.180451125 0.155038759 0.120967738 0.013574661
0.026785715 0.026785715 0.045454547 0.157509163 0.116504855 0.041666668 0.000000000 0.037656903 0.053497944 0.072580643 0.037656903 0.072580643 0.057377048 0.049586777 0.116504855 0.121951222 0.004329004 0.025423728 0.022222223 0.090909094 0.017699115 0.045643155 0.059907835 0.026785715 0.000000000 0.033613447 0.021276595 0.008771930 0.074766353 0.065040648 0.154411763 0.128787875 0.094488189 0.013215859
0.060344826 0.060344826 0.078947365 0.124555163 0.149532706 0.008064516 0.033613447 0.004048583 0.019920319 0.039062500 0.004048583 0.039062500 0.023809524 0.016000001 0.149532706 0.154929578 0.029288704 0.008196721 0.055793993 0.057471264 0.051282052 0.012048192 0.093333334 0.060344826 0.033613447 0.000000000 0.012345679 0.042372882 0.108108111 0.031496063 0.121428572 0.095588237 0.061068702 0.046808511
0.048034936 0.048034936 0.066666670 0.136690646 0.137440756 0.020408163 0.021276595 0.016393442 0.032258064 0.051383398 0.016393442 0.051383398 0.036144577 0.028340081 0.137440756 0.142857149 0.016949153 0.004149378 0.043478262 0.069767445 0.038961038 0.024390243 0.081081077 0.048034936 0.021276595 0.012345679 0.000000000 0.030042918 0.095890410 0.043824703 0.133574009 0.107806690 0.073359072 0.034482758
0.018018018 0.018018018 0.036697246 0.166051656 0.107843138 0.050420169 0.008771930 0.046413504 0.062240664 0.081300810 0.046413504 0.081300810 0.066115700 0.058333334 0.107843138 0.113300495 0.013100437 0.034188036 0.013452915 0.099601597 0.008928572 0.054393306 0.051162791 0.018018018 0.008771930 0.042372882 0.030042918 0.000000000 0.066037737 0.073770493 0.162962958 0.137404576 0.103174604 0.004444445
0.048076924 0.048076924 0.029411765 0.229571983 0.042105265 0.116071425 0.074766353 0.112107620 0.127753302 0.146551728 0.112107620 0.146551728 0.131578952 0.123893805 0.042105265 0.047619049 0.079069771 0.100000001 0.052631579 0.164556965 0.057142857 0.119999997 0.014925373 0.048076924 0.074766353 0.108108111 0.095890410 0.066037737 0.000000000 0.139130428 0.226562500 0.201612905 0.168067232 0.061611373
0.091666669 0.091666669 0.110169493 0.093425609 0.180180177 0.023437500 0.065040648 0.027450981 0.011583012 0.007575758 0.027450981 0.007575758 0.007692308 0.015503876 0.180180177 0.185520366 0.060728744 0.039682541 0.087136932 0.026022306 0.082644626 0.019455252 0.124463521 0.091666669 0.065040648 0.031496063 0.043824703 0.073770493 0.139130428 0.000000000 0.090277776 0.064285718 0.029629629 0.078189299
0.180451125 0.180451125 0.198473290 0.003174603 0.266129047 0.113475174 0.154411763 0.117437720 0.101754382 0.082758620 0.117437720 0.082758620 0.097902097 0.105633803 0.266129047 0.271255046 0.150183156 0.129496396 0.176029965 0.064406782 0.171641797 0.109540634 0.212355211 0.180451125 0.154411763 0.121428572 0.133574009 0.162962958 0.226562500 0.090277776 0.000000000 0.026143791 0.060810812 0.167286247
0.155038759 0.155038759 0.173228353 0.029315962 0.241666660 0.087591238 0.128787875 0.091575094 0.075812273 0.056737587 0.091575094 0.056737587 0.071942449 0.079710148 0.241666660 0.246861920 0.124528304 0.103703700 0.150579154 0.038327526 0.146153852 0.083636366 0.187251002 0.155038759 0.128787875 0.095588237 0.107806690 0.137404576 0.201612905 0.064285718 0.026143791 0.000000000 0.034722224 0.141762450
0.120967738 0.120967738 0.139344260 0.063973062 0.208695650 0.053030305 0.094488189 0.057034221 0.041198503 0.022058824 0.057034221 0.022058824 0.037313432 0.045112781 0.208695650 0.213973805 0.090196081 0.069230773 0.116465867 0.003610108 0.112000003 0.049056605 0.153526977 0.120967738 0.094488189 0.061068702 0.073359072 0.103174604 0.168067232 0.029629629 0.060810812 0.034722224 0.000000000 0.107569724
0.013574661 0.013574661 0.032258064 0.170370370 0.103448279 0.054852322 0.013215859 0.050847456 0.066666670 0.085714288 0.050847456 0.085714288 0.070539422 0.062761508 0.103448279 0.108910888 0.017543860 0.038626611 0.009009009 0.104000002 0.004484305 0.058823530 0.046728972 0.013574661 0.013215859 0.046808511 0.034482758 0.004444445 0.061611373 0.078189299 0.167286247 0.141762450 0.107569724 0.000000000
