0.000000000 0.033613447 0.042372882 0.082089551 0.057471264 0.071698114 0.042801555 0.061068702 0.012048192 0.095588237 0.064638786 0.105454542 0.108695649 0.053846154 0.004048583 0.042372882 0.000000000 0.098901100 0.008064516 0.121428572 0.088495575 0.039062500 0.025000000 0.068181820 0.139860138 0.046511628 0.016000001 0.031496063 0.060344826 0.016000001 0.221518993 0.127659574 0.046808511 0.035294119
0.033613447 0.000000000 0.008771930 0.115384616 0.090909094 0.105058365 0.076305218 0.094488189 0.045643155 0.128787875 0.098039217 0.138576776 0.141791046 0.087301590 0.037656903 0.008771930 0.033613447 0.132075474 0.041666668 0.154411763 0.055045873 0.072580643 0.008620690 0.101562500 0.172661871 0.079999998 0.049586777 0.065040648 0.026785715 0.049586777 0.253246754 0.160583943 0.013215859 0.068825908
0.042372882 0.008771930 0.000000000 0.124031007 0.099601597 0.113725491 0.085020244 0.103174604 0.054393306 0.137404576 0.106719367 0.147169814 0.150375932 0.096000001 0.046413504 0.000000000 0.042372882 0.140684411 0.050420169 0.162962958 0.046296295 0.081300810 0.017391304 0.110236220 0.181159422 0.088709675 0.058333334 0.073770493 0.018018018 0.058333334 0.261437923 0.169117644 0.004444445 0.077551022
0.082089551 0.115384616 0.124031007 0.000000000 0.024734983 0.010452962 0.039426524 0.021126760 0.070110701 0.013605442 0.017543860 0.023569023 0.026845638 0.028368793 0.078066915 0.124031007 0.082089551 0.016949153 0.074074075 0.039735101 0.169354841 0.043165468 0.106870227 0.013986014 0.058441557 0.035714287 0.066176474 0.050724637 0.141732290 0.066176474 0.142011836 0.046052631 0.128404662 0.046931408
0.057471264 0.090909094 0.099601597 0.024734983 0.000000000 0.014285714 0.014705882 0.003610108 0.045454547 0.038327526 0.007194245 0.048275862 0.051546391 0.003636364 0.053435113 0.099601597 0.057471264 0.041666668 0.049429659 0.064406782 0.145228222 0.018450184 0.082352944 0.010752688 0.083056480 0.010989011 0.041509435 0.026022306 0.117408909 0.041509435 0.166163146 0.070707068 0.104000002 0.022222223
0.071698114 0.105058365 0.113725491 0.010452962 0.014285714 0.000000000 0.028985508 0.010676157 0.059701491 0.024054984 0.007092198 0.034013607 0.037288137 0.017921148 0.067669176 0.113725491 0.071698114 0.027397260 0.063670412 0.050167225 0.159183666 0.032727271 0.096525095 0.003533569 0.068852462 0.025270758 0.055762082 0.040293042 0.131474108 0.055762082 0.152238801 0.056478404 0.118110240 0.036496349
0.042801555 0.076305218 0.085020244 0.039426524 0.014705882 0.028985508 0.000000000 0.018315019 0.030769231 0.053003535 0.021897810 0.062937066 0.066202089 0.011070111 0.038759690 0.085020244 0.042801555 0.056338027 0.034749035 0.079037800 0.130801693 0.003745318 0.067729086 0.025454545 0.097643100 0.003717472 0.026819924 0.011320755 0.102880657 0.026819924 0.180428132 0.085324235 0.089430891 0.007518797
0.061068702 0.094488189 0.103174604 0.021126760 0.003610108 0.010676157 0.018315019 0.000000000 0.049056605 0.034722224 0.003584229 0.044673540 0.047945205 0.007246377 0.057034221 0.103174604 0.061068702 0.038062282 0.053030305 0.060810812 0.148760334 0.022058824 0.085937500 0.007142857 0.079470202 0.014598540 0.045112781 0.029629629 0.120967738 0.045112781 0.162650600 0.067114092 0.107569724 0.025830258
0.012048192 0.045643155 0.054393306 0.070110701 0.045454547 0.059701491 0.030769231 0.049056605 0.000000000 0.083636366 0.052631579 0.093525179 0.096774191 0.041825093 0.008000000 0.054393306 0.012048192 0.086956523 0.003984064 0.109540634 0.100436680 0.027027028 0.037037037 0.056179777 0.128027678 0.034482758 0.003952569 0.019455252 0.072340429 0.003952569 0.210031345 0.115789473 0.058823530 0.023255814
0.095588237 0.128787875 0.137404576 0.013605442 0.038327526 0.024054984 0.053003535 0.034722224 0.083636366 0.000000000 0.031141868 0.009966778 0.013245033 0.041958041 0.091575094 0.137404576 0.095588237 0.003344482 0.087591238 0.026143791 0.182539687 0.056737587 0.120300755 0.027586207 0.044871796 0.049295776 0.079710148 0.064285718 0.155038759 0.079710148 0.128654972 0.032467533 0.141762450 0.060498219
0.064638786 0.098039217 0.106719367 0.017543860 0.007194245 0.007092198 0.021897810 0.003584229 0.052631579 0.031141868 0.000000000 0.041095890 0.044368602 0.010830325 0.060606062 0.106719367 0.064638786 0.034482758 0.056603774 0.057239056 0.152263373 0.025641026 0.089494161 0.003558719 0.075907588 0.018181818 0.048689138 0.033210333 0.124497995 0.048689138 0.159159154 0.063545153 0.111111112 0.029411765
0.105454542 0.138576776 0.147169814 0.023569023 0.048275862 0.034013607 0.062937066 0.044673540 0.093525179 0.009966778 0.041095890 0.000000000 0.003278689 0.051903114 0.101449274 0.147169814 0.105454542 0.006622517 0.097472921 0.016181231 0.192156866 0.066666670 0.130111530 0.037542664 0.034920637 0.059233449 0.089605734 0.074204944 0.164750963 0.089605734 0.118840583 0.022508038 0.151515156 0.070422538
0.108695649 0.141791046 0.150375932 0.026845638 0.051546391 0.037288137 0.066202089 0.047945205 0.096774191 0.013245033 0.044368602 0.003278689 0.000000000 0.055172414 0.104693137 0.150375932 0.108695649 0.009900990 0.100719422 0.012903226 0.195312500 0.069930069 0.133333340 0.040816326 0.031645570 0.062500000 0.092857145 0.077464789 0.167938933 0.092857145 0.115606934 0.019230770 0.154716983 0.073684208
0.053846154 0.087301590 0.096000001 0.028368793 0.003636364 0.017921148 0.011070111 0.007246377 0.041825093 0.041958041 0.010830325 0.051903114 0.055172414 0.000000000 0.049808428 0.096000001 0.053846154 0.045296166 0.045801528 0.068027213 0.141666666 0.014814815 0.078740157 0.014388490 0.086666666 0.007352941 0.037878789 0.022388060 0.113821141 0.037878789 0.169696972 0.074324325 0.100401610 0.018587360
0.004048583 0.037656903 0.046413504 0.078066915 0.053435113 0.067669176 0.038759690 0.057034221 0.008000000 0.091575094 0.060606062 0.101449274 0.104693137 0.049808428 0.000000000 0.046413504 0.004048583 0.094890513 0.004016064 0.117437720 0.092511013 0.035019454 0.029045643 0.064150944 0.135888502 0.042471044 0.011952192 0.027450981 0.064377680 0.011952192 0.217665613 0.123674914 0.050847456 0.031250000
0.042372882 0.008771930 0.000000000 0.124031007 0.099601597 0.113725491 0.085020244 0.103174604 0.054393306 0.137404576 0.106719367 0.147169814 0.150375932 0.096000001 0.046413504 0.000000000 0.042372882 0.140684411 0.050420169 0.162962958 0.046296295 0.081300810 0.017391304 0.110236220 0.181159422 0.088709675 0.058333334 0.073770493 0.018018018 0.058333334 0.261437923 0.169117644 0.004444445 0.077551022
0.000000000 0.033613447 0.042372882 0.082089551 0.057471264 0.071698114 0.042801555 0.061068702 0.012048192 0.095588237 0.064638786 0.105454542 0.108695649 0.053846154 0.004048583 0.042372882 0.000000000 0.098901100 0.008064516 0.121428572 0.088495575 0.039062500 0.025000000 0.068181820 0.139860138 0.046511628 0.016000001 0.031496063 0.060344826 0.016000001 0.221518993 0.127659574 0.046808511 0.035294119
0.098901100 0.132075474 0.140684411 0.016949153 0.041666668 0.027397260 0.056338027 0.038062282 0.086956523 0.003344482 0.034482758 0.006622517 0.009900990 0.045296166 0.094890513 0.140684411 0.098901100 0.000000000 0.090909094 0.022801302 0.185770750 0.060070671 0.123595506 0.030927835 0.041533545 0.052631579 0.083032489 0.067615658 0.158301160 0.083032489 0.125364438 0.029126214 0.145038173 0.063829787
0.008064516 0.041666668 0.050420169 0.074074075 0.049429659 0.063670412 0.034749035 0.053030305 0.003984064 0.087591238 0.056603774 0.097472921 0.100719422 0.045801528 0.004016064 0.050420169 0.008064516 0.090909094 0.000000000 0.113475174 0.096491225 0.031007752 0.033057850 0.060150377 0.131944448 0.038461540 0.007936508 0.023437500 0.068376072 0.007936508 0.213836476 0.119718313 0.054852322 0.027237354
0.121428572 0.154411763 0.162962958 0.039735101 0.064406782 0.050167225 0.079037800 0.060810812 0.109540634 0.026143791 0.057239056 0.016181231 0.012903226 0.068027213 0.117437720 0.162962958 0.121428572 0.022801302 0.113475174 0.000000000 0.207692310 0.082758620 0.145985395 0.053691275 0.018750001 0.075342469 0.105633803 0.090277776 0.180451125 0.105633803 0.102857143 0.006329114 0.167286247 0.086505190
0.088495575 0.055045873 0.046296295 0.169354841 0.145228222 0.159183666 0.130801693 0.148760334 0.100436680 0.182539687 0.152263373 0.192156866 0.195312500 0.141666666 0.092511013 0.046296295 0.088495575 0.185770750 0.096491225 0.207692310 0.000000000 0.127118647 0.063636363 0.155737698 0.225563914 0.134453788 0.104347825 0.119658120 0.028301887 0.104347825 0.304054052 0.213740453 0.041860465 0.123404257
0.039062500 0.072580643 0.081300810 0.043165468 0.018450184 0.032727271 0.003745318 0.022058824 0.027027028 0.056737587 0.025641026 0.066666670 0.069930069 0.014814815 0.035019454 0.081300810 0.039062500 0.060070671 0.031007752 0.082758620 0.127118647 0.000000000 0.064000003 0.029197080 0.101351351 0.007462686 0.023076924 0.007575758 0.099173553 0.023076924 0.184049085 0.089041099 0.085714288 0.003773585
0.025000000 0.008620690 0.017391304 0.106870227 0.082352944 0.096525095 0.067729086 0.085937500 0.037037037 0.120300755 0.089494161 0.130111530 0.133333340 0.078740157 0.029045643 0.017391304 0.025000000 0.123595506 0.033057850 0.145985395 0.063636363 0.064000003 0.000000000 0.093023255 0.164285719 0.071428575 0.040983606 0.056451611 0.035398230 0.040983606 0.245161295 0.152173907 0.021834061 0.060240965
0.068181820 0.101562500 0.110236220 0.013986014 0.010752688 0.003533569 0.025454545 0.007142857 0.056179777 0.027586207 0.003558719 0.037542664 0.040816326 0.014388490 0.064150944 0.110236220 0.068181820 0.030927835 0.060150377 0.053691275 0.155737698 0.029197080 0.093023255 0.000000000 0.072368421 0.021739131 0.052238807 0.036764707 0.128000006 0.052238807 0.155688629 0.059999999 0.114624508 0.032967035
0.139860138 0.172661871 0.181159422 0.058441557 0.083056480 0.068852462 0.097643100 0.079470202 0.128027678 0.044871796 0.075907588 0.034920637 0.031645570 0.086666666 0.135888502 0.181159422 0.139860138 0.041533545 0.131944448 0.018750001 0.225563914 0.101351351 0.164285719 0.072368421 0.000000000 0.093959734 0.124137931 0.108843535 0.198529407 0.124137931 0.084269665 0.012422360 0.185454547 0.105084747
0.046511628 0.079999998 0.088709675 0.035714287 0.010989011 0.025270758 0.003717472 0.014598540 0.034482758 0.049295776 0.018181818 0.059233449 0.062500000 0.007352941 0.042471044 0.088709675 0.046511628 0.052631579 0.038461540 0.075342469 0.134453788 0.007462686 0.071428575 0.021739131 0.093959734 0.000000000 0.030534351 0.015037594 0.106557377 0.030534351 0.176829264 0.081632651 0.093117408 0.011235955
0.016000001 0.049586777 0.058333334 0.066176474 0.041509435 0.055762082 0.026819924 0.045112781 0.003952569 0.079710148 0.048689138 0.089605734 0.092857145 0.037878789 0.011952192 0.058333334 0.016000001 0.083032489 0.007936508 0.105633803 0.104347825 0.023076924 0.040983606 0.052238807 0.124137931 0.030534351 0.000000000 0.015503876 0.076271184 0.000000000 0.206249997 0.111888111 0.062761508 0.019305019
0.031496063 0.065040648 0.073770493 0.050724637 0.026022306 0.040293042 0.011320755 0.029629629 0.019455252 0.064285718 0.033210333 0.074204944 0.077464789 0.022388060 0.027450981 0.073770493 0.031496063 0.067615658 0.023437500 0.090277776 0.119658120 0.007575758 0.056451611 0.036764707 0.108843535 0.015037594 0.015503876 0.000000000 0.091666669 0.015503876 0.191358030 0.096551724 0.078189299 0.003802281
0.060344826 0.026785715 0.018018018 0.141732290 0.117408909 0.131474108 0.102880657 0.120967738 0.072340429 0.155038759 0.124497995 0.164750963 0.167938933 0.113821141 0.064377680 0.018018018 0.060344826 0.158301160 0.068376072 0.180451125 0.028301887 0.099173553 0.035398230 0.128000006 0.198529407 0.106557377 0.076271184 0.091666669 0.000000000 0.076271184 0.278145701 0.186567158 0.013574661 0.095435686
0.016000001 0.049586777 0.058333334 0.066176474 0.041509435 0.055762082 0.026819924 0.045112781 0.003952569 0.079710148 0.048689138 0.089605734 0.092857145 0.037878789 0.011952192 0.058333334 0.016000001 0.083032489 0.007936508 0.105633803 0.104347825 0.023076924 0.040983606 0.052238807 0.124137931 0.030534351 0.000000000 0.015503876 0.076271184 0.000000000 0.206249997 0.111888111 0.062761508 0.019305019
0.221518993 0.253246754 0.261437923 0.142011836 0.166163146 0.152238801 0.180428132 0.162650600 0.210031345 0.128654972 0.159159154 0.118840583 0.115606934 0.169696972 0.217665613 0.261437923 0.221518993 0.125364438 0.213836476 0.102857143 0.304054052 0.184049085 0.245161295 0.155688629 0.084269665 0.176829264 0.206249997 0.191358030 0.278145701 0.206249997 0.000000000 0.096590906 0.265573770 0.187692314
0.127659574 0.160583943 0.169117644 0.046052631 0.070707068 0.056478404 0.085324235 0.067114092 0.115789473 0.032467533 0.063545153 0.022508038 0.019230770 0.074324325 0.123674914 0.169117644 0.127659574 0.029126214 0.119718313 0.006329114 0.213740453 0.089041099 0.152173907 0.059999999 0.012422360 0.081632651 0.111888111 0.096551724 0.186567158 0.111888111 0.096590906 0.000000000 0.173431739 0.092783503
0.046808511 0.013215859 0.004444445 0.128404662 0.104000002 0.118110240 0.089430891 0.107569724 0.058823530 0.141762450 0.111111112 0.151515156 0.154716983 0.100401610 0.050847456 0.004444445 0.046808511 0.145038173 0.054852322 0.167286247 0.041860465 0.085714288 0.021834061 0.114624508 0.185454547 0.093117408 0.062761508 0.078189299 0.013574661 0.062761508 0.265573770 0.173431739 0.000000000 0.081967212
0.035294119 0.068825908 0.077551022 0.046931408 0.022222223 0.036496349 0.007518797 0.025830258 0.023255814 0.060498219 0.029411765 0.070422538 0.073684208 0.018587360 0.031250000 0.077551022 0.035294119 0.063829787 0.027237354 0.086505190 0.123404257 0.003773585 0.060240965 0.032967035 0.105084747 0.011235955 0.019305019 0.003802281 0.095435686 0.019305019 0.187692314 0.092783503 0.081967212 0.000000000
