0.000000000 0.165137619 0.076142132 0.191111118 0.112195119 0.176470593 0.099009901 0.145539910 0.133333340 0.222222224 0.191111118 0.225531921 0.161290318 0.141509429 0.056994818 0.107843138 0.116504855 0.168949768 0.107843138 0.183856502 0.090000004 0.125000000 0.145539910 0.168949768 0.161290318 0.168949768 0.129186600 0.125000000 0.042105265 0.120772950 0.277777791 0.194690272 0.168949768 0.071428575
0.165137619 0.000000000 0.090128757 0.026819924 0.053941909 0.011673152 0.067226894 0.020080321 0.032520324 0.059259258 0.026819924 0.062730625 0.003952569 0.024193548 0.109170303 0.058333334 0.049586777 0.003921569 0.058333334 0.019305019 0.076271184 0.040983606 0.020080321 0.003921569 0.003952569 0.003921569 0.036734693 0.040983606 0.123893805 0.045267489 0.118055552 0.030534351 0.003921569 0.094827585
0.076142132 0.090128757 0.000000000 0.116666667 0.036363635 0.101694912 0.023041476 0.070175439 0.057777777 0.148594379 0.116666667 0.151999995 0.086206898 0.066079296 0.019230770 0.031963471 0.040723983 0.094017096 0.031963471 0.109243698 0.013953488 0.049327355 0.070175439 0.094017096 0.086206898 0.094017096 0.053571429 0.049327355 0.034146342 0.045045044 0.205992505 0.120331950 0.094017096 0.004739337
0.191111118 0.026819924 0.116666667 0.000000000 0.080645159 0.015151516 0.093877554 0.046875000 0.059288539 0.032490976 0.000000000 0.035971224 0.030769231 0.050980393 0.135593221 0.085020244 0.076305218 0.022900764 0.085020244 0.007518797 0.102880657 0.067729086 0.046875000 0.022900764 0.030769231 0.022900764 0.063492067 0.067729086 0.150214598 0.071999997 0.091525421 0.003717472 0.022900764 0.121338911
0.112195119 0.053941909 0.036363635 0.080645159 0.000000000 0.065573767 0.013333334 0.033898305 0.021459227 0.112840466 0.080645159 0.116279073 0.050000001 0.029787235 0.055555556 0.004405286 0.004366812 0.057851240 0.004405286 0.073170729 0.022421524 0.012987013 0.033898305 0.057851240 0.050000001 0.057851240 0.017241379 0.012987013 0.070422538 0.008695652 0.170909092 0.084337346 0.057851240 0.041095890
0.176470593 0.011673152 0.101694912 0.015151516 0.065573767 0.000000000 0.078838177 0.031746034 0.044176705 0.047619049 0.015151516 0.051094890 0.015625000 0.035856575 0.120689653 0.069958851 0.061224490 0.007751938 0.069958851 0.007633588 0.087866105 0.052631579 0.031746034 0.007751938 0.015625000 0.007751938 0.048387095 0.052631579 0.135371178 0.056910571 0.106529206 0.018867925 0.007751938 0.106382981
0.099009901 0.067226894 0.023041476 0.093877554 0.013333334 0.078838177 0.000000000 0.047210302 0.034782607 0.125984251 0.093877554 0.129411772 0.063291140 0.043103449 0.042253520 0.008928572 0.017699115 0.071129709 0.008928572 0.086419754 0.009090909 0.026315790 0.047210302 0.071129709 0.063291140 0.071129709 0.030567685 0.026315790 0.057142857 0.022026431 0.183823526 0.097560972 0.071129709 0.027777778
0.145539910 0.020080321 0.070175439 0.046875000 0.033898305 0.031746034 0.047210302 0.000000000 0.012448133 0.079245284 0.046875000 0.082706764 0.016129032 0.004115226 0.089285716 0.038297873 0.029535865 0.024000000 0.038297873 0.039370079 0.056277055 0.020920502 0.000000000 0.024000000 0.016129032 0.024000000 0.016666668 0.020920502 0.104072399 0.025210084 0.137809187 0.050583657 0.024000000 0.074889868
0.133333340 0.032520324 0.057777777 0.059288539 0.021459227 0.044176705 0.034782607 0.012448133 0.000000000 0.091603056 0.059288539 0.095057033 0.028571429 0.008333334 0.076923080 0.025862070 0.017094018 0.036437247 0.025862070 0.051792830 0.043859649 0.008474576 0.012448133 0.036437247 0.028571429 0.036437247 0.004219409 0.008474576 0.091743119 0.012765957 0.150000006 0.062992126 0.036437247 0.062500000
0.222222224 0.059259258 0.148594379 0.032490976 0.112840466 0.047619049 0.125984251 0.079245284 0.091603056 0.000000000 0.032490976 0.003484321 0.063197024 0.083333336 0.167346939 0.117187500 0.108527131 0.055350553 0.117187500 0.039999999 0.134920642 0.100000001 0.079245284 0.055350553 0.063197024 0.055350553 0.095785439 0.100000001 0.181818187 0.104247101 0.059210528 0.028776979 0.055350553 0.153225809
0.191111118 0.026819924 0.116666667 0.000000000 0.080645159 0.015151516 0.093877554 0.046875000 0.059288539 0.032490976 0.000000000 0.035971224 0.030769231 0.050980393 0.135593221 0.085020244 0.076305218 0.022900764 0.085020244 0.007518797 0.102880657 0.067729086 0.046875000 0.022900764 0.030769231 0.022900764 0.063492067 0.067729086 0.150214598 0.071999997 0.091525421 0.003717472 0.022900764 0.121338911
0.225531921 0.062730625 0.151999995 0.035971224 0.116279073 0.051094890 0.129411772 0.082706764 0.095057033 0.003484321 0.035971224 0.000000000 0.066666670 0.086792454 0.170731708 0.120622568 0.111969113 0.058823530 0.120622568 0.043478262 0.138339922 0.103448279 0.082706764 0.058823530 0.066666670 0.058823530 0.099236645 0.103448279 0.185185179 0.107692309 0.055737704 0.032258064 0.058823530 0.156626508
0.161290318 0.003952569 0.086206898 0.030769231 0.050000001 0.015625000 0.063291140 0.016129032 0.028571429 0.063197024 0.030769231 0.066666670 0.000000000 0.020242915 0.105263159 0.054393306 0.045643155 0.007874016 0.054393306 0.023255814 0.072340429 0.037037037 0.016129032 0.007874016 0.000000000 0.007874016 0.032786883 0.037037037 0.119999997 0.041322313 0.121951222 0.034482758 0.007874016 0.090909094
0.141509429 0.024193548 0.066079296 0.050980393 0.029787235 0.035856575 0.043103449 0.004115226 0.008333334 0.083333336 0.050980393 0.086792454 0.020242915 0.000000000 0.085201792 0.034188036 0.025423728 0.028112451 0.034188036 0.043478262 0.052173913 0.016806724 0.004115226 0.028112451 0.020242915 0.028112451 0.012552301 0.016806724 0.100000001 0.021097047 0.141843975 0.054687500 0.028112451 0.070796460
0.056994818 0.109170303 0.019230770 0.135593221 0.055555556 0.120689653 0.042253520 0.089285716 0.076923080 0.167346939 0.135593221 0.170731708 0.105263159 0.085201792 0.000000000 0.051162791 0.059907835 0.113043480 0.051162791 0.128205135 0.033175357 0.068493150 0.089285716 0.113043480 0.105263159 0.113043480 0.072727270 0.068493150 0.014925373 0.064220183 0.224334598 0.139240503 0.113043480 0.014492754
0.107843138 0.058333334 0.031963471 0.085020244 0.004405286 0.069958851 0.008928572 0.038297873 0.025862070 0.117187500 0.085020244 0.120622568 0.054393306 0.034188036 0.051162791 0.000000000 0.008771930 0.062240664 0.000000000 0.077551022 0.018018018 0.017391304 0.038297873 0.062240664 0.054393306 0.062240664 0.021645023 0.017391304 0.066037737 0.013100437 0.175182477 0.088709675 0.062240664 0.036697246
0.116504855 0.049586777 0.040723983 0.076305218 0.004366812 0.061224490 0.017699115 0.029535865 0.017094018 0.108527131 0.076305218 0.111969113 0.045643155 0.025423728 0.059907835 0.008771930 0.000000000 0.053497944 0.008771930 0.068825908 0.026785715 0.008620690 0.029535865 0.053497944 0.045643155 0.053497944 0.012875536 0.008620690 0.074766353 0.004329004 0.166666672 0.079999998 0.053497944 0.045454547
0.168949768 0.003921569 0.094017096 0.022900764 0.057851240 0.007751938 0.071129709 0.024000000 0.036437247 0.055350553 0.022900764 0.058823530 0.007874016 0.028112451 0.113043480 0.062240664 0.053497944 0.000000000 0.062240664 0.015384615 0.080168776 0.044897959 0.024000000 0.000000000 0.007874016 0.000000000 0.040650405 0.044897959 0.127753302 0.049180329 0.114186853 0.026615970 0.000000000 0.098712444
0.107843138 0.058333334 0.031963471 0.085020244 0.004405286 0.069958851 0.008928572 0.038297873 0.025862070 0.117187500 0.085020244 0.120622568 0.054393306 0.034188036 0.051162791 0.000000000 0.008771930 0.062240664 0.000000000 0.077551022 0.018018018 0.017391304 0.038297873 0.062240664 0.054393306 0.062240664 0.021645023 0.017391304 0.066037737 0.013100437 0.175182477 0.088709675 0.062240664 0.036697246
0.183856502 0.019305019 0.109243698 0.007518797 0.073170729 0.007633588 0.086419754 0.039370079 0.051792830 0.039999999 0.007518797 0.043478262 0.023255814 0.043478262 0.128205135 0.077551022 0.068825908 0.015384615 0.077551022 0.000000000 0.095435686 0.060240965 0.039370079 0.015384615 0.023255814 0.015384615 0.056000002 0.060240965 0.142857149 0.064516127 0.098976113 0.011235955 0.015384615 0.113924049
0.090000004 0.076271184 0.013953488 0.102880657 0.022421524 0.087866105 0.009090909 0.056277055 0.043859649 0.134920642 0.102880657 0.138339922 0.072340429 0.052173913 0.033175357 0.018018018 0.026785715 0.080168776 0.018018018 0.095435686 0.000000000 0.035398230 0.056277055 0.080168776 0.072340429 0.080168776 0.039647575 0.035398230 0.048076924 0.031111112 0.192592591 0.106557377 0.080168776 0.018691588
0.125000000 0.040983606 0.049327355 0.067729086 0.012987013 0.052631579 0.026315790 0.020920502 0.008474576 0.100000001 0.067729086 0.103448279 0.037037037 0.016806724 0.068493150 0.017391304 0.008620690 0.044897959 0.017391304 0.060240965 0.035398230 0.000000000 0.020920502 0.044897959 0.037037037 0.044897959 0.004255319 0.000000000 0.083333336 0.004291845 0.158273384 0.071428575 0.044897959 0.054054055
0.145539910 0.020080321 0.070175439 0.046875000 0.033898305 0.031746034 0.047210302 0.000000000 0.012448133 0.079245284 0.046875000 0.082706764 0.016129032 0.004115226 0.089285716 0.038297873 0.029535865 0.024000000 0.038297873 0.039370079 0.056277055 0.020920502 0.000000000 0.024000000 0.016129032 0.024000000 0.016666668 0.020920502 0.104072399 0.025210084 0.137809187 0.050583657 0.024000000 0.074889868
0.168949768 0.003921569 0.094017096 0.022900764 0.057851240 0.007751938 0.071129709 0.024000000 0.036437247 0.055350553 0.022900764 0.058823530 0.007874016 0.028112451 0.113043480 0.062240664 0.053497944 0.000000000 0.062240664 0.015384615 0.080168776 0.044897959 0.024000000 0.000000000 0.007874016 0.000000000 0.040650405 0.044897959 0.127753302 0.049180329 0.114186853 0.026615970 0.000000000 0.098712444
0.161290318 0.003952569 0.086206898 0.030769231 0.050000001 0.015625000 0.063291140 0.016129032 0.028571429 0.063197024 0.030769231 0.066666670 0.000000000 0.020242915 0.105263159 0.054393306 0.045643155 0.007874016 0.054393306 0.023255814 0.072340429 0.037037037 0.016129032 0.007874016 0.000000000 0.007874016 0.032786883 0.037037037 0.119999997 0.041322313 0.121951222 0.034482758 0.007874016 0.090909094
0.168949768 0.003921569 0.094017096 0.022900764 0.057851240 0.007751938 0.071129709 0.024000000 0.036437247 0.055350553 0.022900764 0.058823530 0.007874016 0.028112451 0.113043480 0.062240664 0.053497944 0.000000000 0.062240664 0.015384615 0.080168776 0.044897959 0.024000000 0.000000000 0.007874016 0.000000000 0.040650405 0.044897959 0.127753302 0.049180329 0.114186853 0.026615970 0.000000000 0.098712444
0.129186600 0.036734693 0.053571429 0.063492067 0.017241379 0.048387095 0.030567685 0.016666668 0.004219409 0.095785439 0.063492067 0.099236645 0.032786883 0.012552301 0.072727270 0.021645023 0.012875536 0.040650405 0.021645023 0.056000002 0.039647575 0.004255319 0.016666668 0.040650405 0.032786883 0.040650405 0.000000000 0.004255319 0.087557606 0.008547009 0.154121861 0.067193680 0.040650405 0.058295965
0.125000000 0.040983606 0.049327355 0.067729086 0.012987013 0.052631579 0.026315790 0.020920502 0.008474576 0.100000001 0.067729086 0.103448279 0.037037037 0.016806724 0.068493150 0.017391304 0.008620690 0.044897959 0.017391304 0.060240965 0.035398230 0.000000000 0.020920502 0.044897959 0.037037037 0.044897959 0.004255319 0.000000000 0.083333336 0.004291845 0.158273384 0.071428575 0.044897959 0.054054055
0.042105265 0.123893805 0.034146342 0.150214598 0.070422538 0.135371178 0.057142857 0.104072399 0.091743119 0.181818187 0.150214598 0.185185179 0.119999997 0.100000001 0.014925373 0.066037737 0.074766353 0.127753302 0.066037737 0.142857149 0.048076924 0.083333336 0.104072399 0.127753302 0.119999997 0.127753302 0.087557606 0.083333336 0.000000000 0.079069771 0.238461539 0.153846160 0.127753302 0.029411765
0.120772950 0.045267489 0.045045044 0.071999997 0.008695652 0.056910571 0.022026431 0.025210084 0.012765957 0.104247101 0.071999997 0.107692309 0.041322313 0.021097047 0.064220183 0.013100437 0.004329004 0.049180329 0.013100437 0.064516127 0.031111112 0.004291845 0.025210084 0.049180329 0.041322313 0.049180329 0.008547009 0.004291845 0.079069771 0.000000000 0.162454873 0.075697213 0.049180329 0.049773756
0.277777791 0.118055552 0.205992505 0.091525421 0.170909092 0.106529206 0.183823526 0.137809187 0.150000006 0.059210528 0.091525421 0.055737704 0.121951222 0.141843975 0.224334598 0.175182477 0.166666672 0.114186853 0.175182477 0.098976113 0.192592591 0.158273384 0.137809187 0.114186853 0.121951222 0.114186853 0.154121861 0.158273384 0.238461539 0.162454873 0.000000000 0.087837838 0.114186853 0.210526317
0.194690272 0.030534351 0.120331950 0.003717472 0.084337346 0.018867925 0.097560972 0.050583657 0.062992126 0.028776979 0.003717472 0.032258064 0.034482758 0.054687500 0.139240503 0.088709675 0.079999998 0.026615970 0.088709675 0.011235955 0.106557377 0.071428575 0.050583657 0.026615970 0.034482758 0.026615970 0.067193680 0.071428575 0.153846160 0.075697213 0.087837838 0.000000000 0.026615970 0.125000000
0.168949768 0.003921569 0.094017096 0.022900764 0.057851240 0.007751938 0.071129709 0.024000000 0.036437247 0.055350553 0.022900764 0.058823530 0.007874016 0.028112451 0.113043480 0.062240664 0.053497944 0.000000000 0.062240664 0.015384615 0.080168776 0.044897959 0.024000000 0.000000000 0.007874016 0.000000000 0.040650405 0.044897959 0.127753302 0.049180329 0.114186853 0.026615970 0.000000000 0.098712444
0.071428575 0.094827585 0.004739337 0.121338911 0.041095890 0.106382981 0.027777778 0.074889868 0.062500000 0.153225809 0.121338911 0.156626508 0.090909094 0.070796460 0.014492754 0.036697246 0.045454547 0.098712444 0.036697246 0.113924049 0.018691588 0.054054055 0.074889868 0.098712444 0.090909094 0.098712444 0.058295965 0.054054055 0.029411765 0.049773756 0.210526317 0.125000000 0.098712444 0.000000000
