0.016294245 0.061085168 0.024197340 0.065427229 0.037969057 0.036516316 0.037232015 0.040994924 0.043608971 0.056273267 0.048730906 0.057751149 0.050785210 0.045786336 0.035963811 0.018059017 0.031993955 0.065497503 0.042983707 0.051724296 0.028696397 0.045992821 0.021460090 0.039082825 0.055056028 0.051184308 0.043145891 0.036607105 0.019631129 0.047240548 0.078589074 0.062524691 0.032393478 0.020953182
0.061085168 -0.031513613 0.023449421 0.059492089 0.039665643 0.026834980 0.027358631 0.028873974 0.039989080 0.044518452 0.033893675 0.044635266 0.035253692 0.031236356 0.057488788 0.035231508 0.027876012 0.045825347 0.036040917 0.050609332 0.031333845 0.028160162 0.041548178 0.027626049 0.022187643 0.030869249 0.031481799 0.026957458 0.038385093 0.035667386 0.074088387 0.041334115 0.027269749 0.032593913
0.024197340 0.023449421 -0.001389196 0.038232323 0.009711286 0.002272907 -0.000423883 0.003992886 0.005055979 0.027218299 0.011253264 0.030601859 0.016121823 0.012566200 0.029673889 0.011736115 0.002650778 0.032773349 0.017737335 0.017675873 0.003236505 0.008590395 0.008477970 0.001315509 0.021795284 0.018335821 0.002814792 0.003365490 0.008177625 0.007426151 0.049967401 0.030720912 0.013717184 0.003962040
0.065427229 0.059492089 0.038232323 0.007641643 0.046465792 0.028145917 0.030960634 0.030951884 0.042111970 0.011005818 0.030077416 0.028503861 0.023911186 0.036041610 0.073663749 0.066496618 0.046266261 0.036516659 0.047303967 0.028318074 0.048445847 0.034369022 0.058159430 0.031751733 0.047684640 0.025283458 0.039483391 0.038323067 0.056939151 0.029370766 0.030890442 0.023545554 0.039777800 0.043592032
0.037969057 0.039665643 0.009711286 0.046465792 -0.004084463 0.008322520 0.007648552 0.017424006 0.021717848 0.037531730 0.022132516 0.032587726 0.024612926 0.022967225 0.041504078 0.016702585 0.017521447 0.049442507 0.034690399 0.024542112 0.012343758 0.030130737 0.005625460 0.015769545 0.031194594 0.024167875 0.012629315 0.016153419 0.018888412 0.018603260 0.061800152 0.052908361 0.020932660 0.013300957
0.036516316 0.026834980 0.002272907 0.028145917 0.008322520 -0.030064516 -0.001671509 0.000923515 0.001387344 0.019685216 0.006311393 0.022228058 0.005400368 0.007287732 0.038524151 0.019673187 0.005075853 0.028376490 0.011178673 0.010374033 -0.000258962 0.008787476 0.015551695 0.002917250 0.026020270 0.012218565 0.001078181 -0.002135149 0.019721711 0.002627215 0.044744428 0.023773473 0.019067168 0.008874499
0.037232015 0.027358631 -0.000423883 0.030960634 0.007648552 -0.001671509 -0.011312129 -0.001938565 0.003041823 0.020251576 0.005172474 0.021423921 0.009613525 0.004556988 0.035774406 0.023931367 0.007736065 0.024710149 0.017105287 0.006544259 0.004689448 0.006408732 0.019391801 -0.001795699 0.021550648 0.008011268 -0.000934281 -0.000303434 0.017730268 -0.006083002 0.047197796 0.026571270 0.016742026 0.011913175
0.040994924 0.028873974 0.003992886 0.030951884 0.017424006 0.000923515 -0.001938565 -0.002422274 0.007942570 0.018112175 0.006857579 0.021011414 0.005694176 0.003776121 0.041917492 0.025801560 0.014541616 0.025625478 0.016301110 0.009823663 0.010273055 0.010766681 0.023669241 0.001260865 0.015982574 0.008529507 0.000241386 0.007463707 0.024193384 0.004868095 0.041222140 0.025755137 0.024652567 0.016215557
0.043608971 0.039989080 0.005055979 0.042111970 0.021717848 0.001387344 0.003041823 0.007942570 -0.001390434 0.030465925 0.010215752 0.027649773 0.016230883 0.011897419 0.045233380 0.022839935 0.007796711 0.032046501 0.019485645 0.016731445 0.009895173 -0.001974653 0.014956057 0.002788229 0.030182205 0.011852232 0.000956732 -0.000413391 0.018412827 -0.003219560 0.063617952 0.036226369 0.022324897 0.014681446
0.056273267 0.044518452 0.027218299 0.011005818 0.037531730 0.019685216 0.020251576 0.018112175 0.030465925 0.006161117 0.016629212 0.015029818 0.009742361 0.023542557 0.060474414 0.053675041 0.035164014 0.020194085 0.034420714 0.013462202 0.038359001 0.023368809 0.048246853 0.023343757 0.032414090 0.007234923 0.026817560 0.029624708 0.045718387 0.018768135 0.021123566 0.011464152 0.028763663 0.034335300
0.048730906 0.033893675 0.011253264 0.030077416 0.022132516 0.006311393 0.005172474 0.006857579 0.010215752 0.016629212 0.000546546 0.019255094 0.009947894 0.012454241 0.051006887 0.036308639 0.017944813 0.023939095 0.019783197 0.009290395 0.014392585 0.015422469 0.030500146 0.006793198 0.024484117 0.005096673 0.006941540 0.008912446 0.031802781 0.008052606 0.048760269 0.019241031 0.020228937 0.018713772
0.057751149 0.044635266 0.030601859 0.028503861 0.032587726 0.022228058 0.021423921 0.021011414 0.027649773 0.015029818 0.019255094 0.013650224 0.019643754 0.022746449 0.061486959 0.051792026 0.034061894 0.023953084 0.035381779 0.020628832 0.037774153 0.023505822 0.046124235 0.023451375 0.035817757 0.013691042 0.024462381 0.028894696 0.041060790 0.018629581 0.044433035 0.024698744 0.032465868 0.033359654
0.050785210 0.035253692 0.016121823 0.023911186 0.024612926 0.005400368 0.009613525 0.005694176 0.016230883 0.009742361 0.009947894 0.019643754 -0.008665789 0.013142800 0.052458301 0.045560218 0.020587562 0.024951795 0.022238161 0.011111928 0.019696265 0.010068241 0.036495056 0.007840811 0.021517519 0.005714057 0.007619426 0.012054721 0.034754168 0.005992707 0.039132841 0.015146181 0.023617709 0.023226347
0.045786336 0.031236356 0.012566200 0.036041610 0.022967225 0.007287732 0.004556988 0.003776121 0.011897419 0.023542557 0.012454241 0.022746449 0.013142800 -0.003268108 0.047270820 0.033390097 0.015351854 0.028618610 0.017655052 0.017493628 0.014706601 0.014439503 0.025438635 0.009414550 0.024302822 0.010399815 0.005018895 0.012024716 0.028077314 0.007627170 0.047435846 0.031033110 0.025508421 0.019189233
0.035963811 0.057488788 0.029673889 0.073663749 0.041504078 0.038524151 0.035774406 0.041917492 0.045233380 0.060474414 0.051006887 0.061486959 0.052458301 0.047270820 0.026732285 0.011668584 0.033418536 0.073378131 0.042405307 0.054323722 0.033922292 0.049513496 0.027300384 0.038498256 0.048123080 0.057186279 0.043006837 0.036378633 0.026971169 0.048909463 0.074685819 0.073325552 0.041406289 0.024554495
0.018059017 0.035231508 0.011736115 0.066496618 0.016702585 0.019673187 0.023931367 0.025801560 0.022839935 0.053675041 0.036308639 0.051792026 0.045560218 0.033390097 0.011668584 -0.016474608 0.013346569 0.061255876 0.029237162 0.035925515 0.012739046 0.028602026 -0.000439071 0.025022352 0.035726532 0.047597561 0.022780444 0.018935058 -0.000307666 0.030138424 0.068695277 0.061428212 0.022463627 0.001097050
0.031993955 0.027876012 0.002650778 0.046266261 0.017521447 0.005075853 0.007736065 0.014541616 0.007796711 0.035164014 0.017944813 0.034061894 0.020587562 0.015351854 0.033418536 0.013346569 -0.010591863 0.038130034 0.018711019 0.024217948 0.006234275 0.012834162 0.007381658 0.007914350 0.030851470 0.021915019 0.007190451 0.004379207 0.010173359 0.010092397 0.062708333 0.038319953 0.006688089 0.012169156
0.065497503 0.045825347 0.032773349 0.036516659 0.049442507 0.028376490 0.024710149 0.025625478 0.032046501 0.020194085 0.023939095 0.023953084 0.024951795 0.028618610 0.073378131 0.061255876 0.038130034 0.013755202 0.036644287 0.035610814 0.040220156 0.029115306 0.055500057 0.026666794 0.041331120 0.017620053 0.026928073 0.033326540 0.053075481 0.024529332 0.048169177 0.036775254 0.037094817 0.039396483
0.042983707 0.036040917 0.017737335 0.047303967 0.034690399 0.011178673 0.017105287 0.016301110 0.019485645 0.034420714 0.019783197 0.035381779 0.022238161 0.017655052 0.042405307 0.029237162 0.018711019 0.036644287 0.007954938 0.032961633 0.020220868 0.017931504 0.027219854 0.019150678 0.034185749 0.022820301 0.017398328 0.018087853 0.022032462 0.015680380 0.056805216 0.038841605 0.024486711 0.017405126
0.051724296 0.050609332 0.017675873 0.028318074 0.024542112 0.010374033 0.006544259 0.009823663 0.016731445 0.013462202 0.009290395 0.020628832 0.011111928 0.017493628 0.054323722 0.035925515 0.024217948 0.035610814 0.032961633 -0.001786944 0.024795862 0.014935078 0.032936558 0.012983421 0.028837152 0.011899363 0.011917716 0.015611321 0.033003688 0.008603908 0.044011097 0.028151501 0.026911724 0.024029911
0.028696397 0.031333845 0.003236505 0.048445847 0.012343758 -0.000258962 0.004689448 0.010273055 0.009895173 0.038359001 0.014392585 0.037774153 0.019696265 0.014706601 0.033922292 0.012739046 0.006234275 0.040220156 0.020220868 0.024795862 -0.000486582 0.010588288 0.008039117 0.004979815 0.031432323 0.023095498 0.005799708 0.005776526 0.006222890 0.009582676 0.059042774 0.038085174 0.009917371 0.007886288
0.045992821 0.028160162 0.008590395 0.034369022 0.030130737 0.008787476 0.006408732 0.010766681 -0.001974653 0.023368809 0.015422469 0.023505822 0.010068241 0.014439503 0.049513496 0.028602026 0.012834162 0.029115306 0.017931504 0.014935078 0.010588288 -0.024581071 0.020914555 0.000895116 0.030817024 0.007887278 0.010272807 0.009530310 0.021967798 0.008426361 0.057675943 0.026558379 0.016921505 0.016287137
0.021460090 0.041548178 0.008477970 0.058159430 0.005625460 0.015551695 0.019391801 0.023669241 0.014956057 0.048246853 0.030500146 0.046124235 0.036495056 0.025438635 0.027300384 -0.000439071 0.007381658 0.055500057 0.027219854 0.032936558 0.008039117 0.020914555 -0.011503436 0.019396037 0.035888501 0.039601445 0.019305281 0.014296789 0.003718874 0.023261704 0.070344687 0.049649246 0.015066866 0.003774927
0.039082825 0.027626049 0.001315509 0.031751733 0.015769545 0.002917250 -0.001795699 0.001260865 0.002788229 0.023343757 0.006793198 0.023451375 0.007840811 0.009414550 0.038498256 0.025022352 0.007914350 0.026666794 0.019150678 0.012983421 0.004979815 0.000895116 0.019396037 -0.002672789 0.021072160 0.008810155 -0.001616537 0.001356151 0.017096333 -0.000217704 0.048541371 0.028244480 0.015800292 0.012588690
0.055056028 0.022187643 0.021795284 0.047684640 0.031194594 0.026020270 0.021550648 0.015982574 0.030182205 0.032414090 0.024484117 0.035817757 0.021517519 0.024302822 0.048123080 0.035726532 0.030851470 0.041331120 0.034185749 0.028837152 0.031432323 0.030817024 0.035888501 0.021072160 -0.011324022 0.023016294 0.020339951 0.023447406 0.041312303 0.027861461 0.059365891 0.044275731 0.035925478 0.030069571
0.051184308 0.030869249 0.018335821 0.025283458 0.024167875 0.012218565 0.008011268 0.008529507 0.011852232 0.007234923 0.005096673 0.013691042 0.005714057 0.010399815 0.057186279 0.047597561 0.021915019 0.017620053 0.022820301 0.011899363 0.023095498 0.007887278 0.039601445 0.008810155 0.023016294 -0.008498061 0.010023437 0.014297970 0.032462969 0.002103464 0.042522259 0.017275741 0.021384031 0.023380490
0.043145891 0.031481799 0.002814792 0.039483391 0.012629315 0.001078181 -0.000934281 0.000241386 0.000956732 0.026817560 0.006941540 0.024462381 0.007619426 0.005018895 0.043006837 0.022780444 0.007190451 0.026928073 0.017398328 0.011917716 0.005799708 0.010272807 0.019305281 -0.001616537 0.020339951 0.010023437 -0.009589734 0.000760172 0.020841295 -0.001648764 0.056255639 0.038493678 0.020576630 0.011454903
0.036607105 0.026957458 0.003365490 0.038323067 0.016153419 -0.002135149 -0.000303434 0.007463707 -0.000413391 0.029624708 0.008912446 0.028894696 0.012054721 0.012024716 0.036378633 0.018935058 0.004379207 0.033326540 0.018087853 0.015611321 0.005776526 0.009530310 0.014296789 0.001356151 0.023447406 0.014297970 0.000760172 -0.008151270 0.015349519 -0.000308507 0.052471574 0.033772089 0.013947532 0.009364000
0.019631129 0.038385093 0.008177625 0.056939151 0.018888412 0.019721711 0.017730268 0.024193384 0.018412827 0.045718387 0.031802781 0.041060790 0.034754168 0.028077314 0.026971169 -0.000307666 0.010173359 0.053075481 0.022032462 0.033003688 0.006222890 0.021967798 0.003718874 0.017096333 0.041312303 0.032462969 0.020841295 0.015349519 -0.008877098 0.023202337 0.069180682 0.055888101 0.017979078 0.007709756
0.047240548 0.035667386 0.007426151 0.029370766 0.018603260 0.002627215 -0.006083002 0.004868095 -0.003219560 0.018768135 0.008052606 0.018629581 0.005992707 0.007627170 0.048909463 0.030138424 0.010092397 0.024529332 0.015680380 0.008603908 0.009582676 0.008426361 0.023261704 -0.000217704 0.027861461 0.002103464 -0.001648764 -0.000308507 0.023202337 -0.025965065 0.053752728 0.034118850 0.018670779 0.016441831
0.078589074 0.074088387 0.049967401 0.030890442 0.061800152 0.044744428 0.047197796 0.041222140 0.063617952 0.021123566 0.048760269 0.044433035 0.039132841 0.047435846 0.074685819 0.068695277 0.062708333 0.048169177 0.056805216 0.044011097 0.059042774 0.057675943 0.070344687 0.048541371 0.059365891 0.042522259 0.056255639 0.052471574 0.069180682 0.053752728 -0.003233081 0.044070974 0.059998199 0.044562317
0.062524691 0.041334115 0.030720912 0.023545554 0.052908361 0.023773473 0.026571270 0.025755137 0.036226369 0.011464152 0.019241031 0.024698744 0.015146181 0.031033110 0.073325552 0.061428212 0.038319953 0.036775254 0.038841605 0.028151501 0.038085174 0.026558379 0.049649246 0.028244480 0.044275731 0.017275741 0.038493678 0.033772089 0.055888101 0.034118850 0.044070974 -0.000023767 0.034890000 0.038431175
0.032393478 0.027269749 0.013717184 0.039777800 0.020932660 0.019067168 0.016742026 0.024652567 0.022324897 0.028763663 0.020228937 0.032465868 0.023617709 0.025508421 0.041406289 0.022463627 0.006688089 0.037094817 0.024486711 0.026911724 0.009917371 0.016921505 0.015066866 0.015800292 0.035925478 0.021384031 0.020576630 0.013947532 0.017979078 0.018670779 0.059998199 0.034890000 -0.027675159 0.014729341
0.020953182 0.032593913 0.003962040 0.043592032 0.013300957 0.008874499 0.011913175 0.016215557 0.014681446 0.034335300 0.018713772 0.033359654 0.023226347 0.019189233 0.024554495 0.001097050 0.012169156 0.039396483 0.017405126 0.024029911 0.007886288 0.016287137 0.003774927 0.012588690 0.030069571 0.023380490 0.011454903 0.009364000 0.007709756 0.016441831 0.044562317 0.038431175 0.014729341 -0.010892596
