0.000000000 0.182266012 0.174129352 0.308333337 0.157360405 0.174129352 0.178217828 0.194174752 0.161616161 0.299578071 0.198067635 0.224299058 0.170000002 0.205741629 0.178217828 0.126315787 0.117021278 0.268722475 0.121693119 0.148717955 0.130890056 0.190243900 0.097826086 0.198067635 0.182266012 0.235023037 0.182266012 0.194174752 0.097826086 0.170000002 0.389705896 0.278260857 0.130890056 0.092896178
0.182266012 0.000000000 0.008403362 0.133574009 0.025641026 0.008403362 0.004184100 0.012345679 0.021276595 0.124087594 0.016393442 0.043824703 0.012658228 0.024390243 0.004184100 0.057268724 0.066666670 0.090909094 0.061946902 0.034482758 0.052631579 0.008264462 0.085972853 0.016393442 0.000000000 0.055118110 0.000000000 0.012345679 0.085972853 0.012658228 0.223300964 0.101123594 0.052631579 0.090909094
0.174129352 0.008403362 0.000000000 0.141818181 0.017241379 0.000000000 0.004219409 0.020746889 0.012875536 0.132352948 0.024793388 0.052208837 0.004255319 0.032786883 0.004219409 0.048888888 0.058295965 0.099236645 0.053571429 0.026086956 0.044247787 0.016666668 0.077625573 0.024793388 0.008403362 0.063492067 0.008403362 0.020746889 0.077625573 0.004255319 0.231270358 0.109433964 0.044247787 0.082568809
0.308333337 0.133574009 0.141818181 0.000000000 0.158671588 0.141818181 0.137681156 0.121428572 0.154411763 0.009646302 0.117437720 0.090277776 0.145985395 0.109540634 0.137681156 0.189393938 0.198473290 0.043189369 0.193916351 0.167286247 0.184905663 0.125448033 0.217054263 0.117437720 0.133574009 0.079037800 0.133574009 0.121428572 0.217054263 0.145985395 0.092485547 0.032894738 0.184905663 0.221789882
0.157360405 0.025641026 0.017241379 0.158671588 0.000000000 0.017241379 0.021459227 0.037974682 0.004366812 0.149253726 0.042016808 0.069387756 0.012987013 0.050000001 0.021459227 0.031674210 0.041095890 0.116279073 0.036363635 0.008849557 0.027027028 0.033898305 0.060465116 0.042016808 0.025641026 0.080645159 0.025641026 0.037974682 0.060465116 0.012987013 0.247524753 0.126436785 0.027027028 0.065420561
0.174129352 0.008403362 0.000000000 0.141818181 0.017241379 0.000000000 0.004219409 0.020746889 0.012875536 0.132352948 0.024793388 0.052208837 0.004255319 0.032786883 0.004219409 0.048888888 0.058295965 0.099236645 0.053571429 0.026086956 0.044247787 0.016666668 0.077625573 0.024793388 0.008403362 0.063492067 0.008403362 0.020746889 0.077625573 0.004255319 0.231270358 0.109433964 0.044247787 0.082568809
0.178217828 0.004184100 0.004219409 0.137681156 0.021459227 0.004219409 0.000000000 0.016528925 0.017094018 0.128205135 0.020576132 0.048000000 0.008474576 0.028571429 0.000000000 0.053097345 0.062500000 0.095057033 0.057777777 0.030303031 0.048458152 0.012448133 0.081818178 0.020576132 0.004184100 0.059288539 0.004184100 0.016528925 0.081818178 0.008474576 0.227272734 0.105263159 0.048458152 0.086757988
0.194174752 0.012345679 0.020746889 0.121428572 0.037974682 0.020746889 0.016528925 0.000000000 0.033613447 0.111913361 0.004048583 0.031496063 0.025000000 0.012048192 0.016528925 0.069565214 0.078947365 0.078651689 0.074235804 0.046808511 0.064935066 0.004081632 0.098214284 0.004048583 0.012345679 0.042801555 0.012345679 0.000000000 0.098214284 0.025000000 0.211538464 0.088888891 0.064935066 0.103139013
0.161616161 0.021276595 0.012875536 0.154411763 0.004366812 0.012875536 0.017094018 0.033613447 0.000000000 0.144981414 0.037656903 0.065040648 0.008620690 0.045643155 0.017094018 0.036036037 0.045454547 0.111969113 0.040723983 0.013215859 0.031390134 0.029535865 0.064814813 0.037656903 0.021276595 0.076305218 0.021276595 0.033613447 0.064814813 0.008620690 0.243421048 0.122137405 0.031390134 0.069767445
0.299578071 0.124087594 0.132352948 0.009646302 0.149253726 0.132352948 0.128205135 0.111913361 0.144981414 0.000000000 0.107913665 0.080701753 0.136531368 0.100000001 0.128205135 0.180076629 0.189189196 0.033557046 0.184615389 0.157894731 0.175572515 0.115942031 0.207843140 0.107913665 0.124087594 0.069444448 0.124087594 0.111913361 0.207843140 0.136531368 0.102040820 0.023255814 0.175572515 0.212598428
0.198067635 0.016393442 0.024793388 0.117437720 0.042016808 0.024793388 0.020576132 0.004048583 0.037656903 0.107913665 0.000000000 0.027450981 0.029045643 0.008000000 0.020576132 0.073593073 0.082969435 0.074626863 0.078260869 0.050847456 0.068965517 0.008130081 0.102222219 0.000000000 0.016393442 0.038759690 0.016393442 0.004048583 0.102222219 0.029045643 0.207667738 0.084870845 0.068965517 0.107142858
0.224299058 0.043824703 0.052208837 0.090277776 0.069387756 0.052208837 0.048000000 0.031496063 0.065040648 0.080701753 0.027450981 0.000000000 0.056451611 0.019455252 0.048000000 0.100840338 0.110169493 0.047272727 0.105485231 0.078189299 0.096234307 0.035573121 0.129310340 0.027450981 0.043824703 0.011320755 0.043824703 0.031496063 0.129310340 0.056451611 0.181250006 0.057553958 0.096234307 0.134199128
0.170000002 0.012658228 0.004255319 0.145985395 0.012987013 0.004255319 0.008474576 0.025000000 0.008620690 0.136531368 0.029045643 0.056451611 0.000000000 0.037037037 0.008474576 0.044642858 0.054054055 0.103448279 0.049327355 0.021834061 0.039999999 0.020920502 0.073394492 0.029045643 0.012658228 0.067729086 0.012658228 0.025000000 0.073394492 0.000000000 0.235294119 0.113636367 0.039999999 0.078341015
0.205741629 0.024390243 0.032786883 0.109540634 0.050000001 0.032786883 0.028571429 0.012048192 0.045643155 0.100000001 0.008000000 0.019455252 0.037037037 0.000000000 0.028571429 0.081545062 0.090909094 0.066666670 0.086206898 0.058823530 0.076923080 0.016129032 0.110132158 0.008000000 0.024390243 0.030769231 0.024390243 0.012048192 0.110132158 0.037037037 0.200000003 0.076923080 0.076923080 0.115044251
0.178217828 0.004184100 0.004219409 0.137681156 0.021459227 0.004219409 0.000000000 0.016528925 0.017094018 0.128205135 0.020576132 0.048000000 0.008474576 0.028571429 0.000000000 0.053097345 0.062500000 0.095057033 0.057777777 0.030303031 0.048458152 0.012448133 0.081818178 0.020576132 0.004184100 0.059288539 0.004184100 0.016528925 0.081818178 0.008474576 0.227272734 0.105263159 0.048458152 0.086757988
0.126315787 0.057268724 0.048888888 0.189393938 0.031674210 0.048888888 0.053097345 0.069565214 0.036036037 0.180076629 0.073593073 0.100840338 0.044642858 0.081545062 0.053097345 0.000000000 0.009433962 0.147410363 0.004694836 0.022831051 0.004651163 0.065502182 0.028846154 0.073593073 0.057268724 0.112033196 0.057268724 0.069565214 0.028846154 0.044642858 0.277027041 0.157480314 0.004651163 0.033816423
0.117021278 0.066666670 0.058295965 0.198473290 0.041095890 0.058295965 0.062500000 0.078947365 0.045454547 0.189189196 0.082969435 0.110169493 0.054054055 0.090909094 0.062500000 0.009433962 0.000000000 0.156626508 0.004739337 0.032258064 0.014084507 0.074889868 0.019417476 0.082969435 0.066666670 0.121338911 0.066666670 0.078947365 0.019417476 0.054054055 0.285714298 0.166666672 0.014084507 0.024390243
0.268722475 0.090909094 0.099236645 0.043189369 0.116279073 0.099236645 0.095057033 0.078651689 0.111969113 0.033557046 0.074626863 0.047272727 0.103448279 0.066666670 0.095057033 0.147410363 0.156626508 0.000000000 0.151999995 0.125000000 0.142857149 0.082706764 0.175510198 0.074626863 0.090909094 0.035971224 0.090909094 0.078651689 0.175510198 0.103448279 0.135135129 0.010309278 0.142857149 0.180327863
0.121693119 0.061946902 0.053571429 0.193916351 0.036363635 0.053571429 0.057777777 0.074235804 0.040723983 0.184615389 0.078260869 0.105485231 0.049327355 0.086206898 0.057777777 0.004694836 0.004739337 0.151999995 0.000000000 0.027522936 0.009345794 0.070175439 0.024154589 0.078260869 0.061946902 0.116666667 0.061946902 0.074235804 0.024154589 0.049327355 0.281355917 0.162055343 0.009345794 0.029126214
0.148717955 0.034482758 0.026086956 0.167286247 0.008849557 0.026086956 0.030303031 0.046808511 0.013215859 0.157894731 0.050847456 0.078189299 0.021834061 0.058823530 0.030303031 0.022831051 0.032258064 0.125000000 0.027522936 0.000000000 0.018181818 0.042735044 0.051643193 0.050847456 0.034482758 0.089430891 0.034482758 0.046808511 0.051643193 0.021834061 0.255813956 0.135135129 0.018181818 0.056603774
0.130890056 0.052631579 0.044247787 0.184905663 0.027027028 0.044247787 0.048458152 0.064935066 0.031390134 0.175572515 0.068965517 0.096234307 0.039999999 0.076923080 0.048458152 0.004651163 0.014084507 0.142857149 0.009345794 0.018181818 0.000000000 0.060869563 0.033492822 0.068965517 0.052631579 0.107438013 0.052631579 0.064935066 0.033492822 0.039999999 0.272727281 0.152941182 0.000000000 0.038461540
0.190243900 0.008264462 0.016666668 0.125448033 0.033898305 0.016666668 0.012448133 0.004081632 0.029535865 0.115942031 0.008130081 0.035573121 0.020920502 0.016129032 0.012448133 0.065502182 0.074889868 0.082706764 0.070175439 0.042735044 0.060869563 0.000000000 0.094170406 0.008130081 0.008264462 0.046875000 0.008264462 0.004081632 0.094170406 0.020920502 0.215434089 0.092936806 0.060869563 0.099099100
0.097826086 0.085972853 0.077625573 0.217054263 0.060465116 0.077625573 0.081818178 0.098214284 0.064814813 0.207843140 0.102222219 0.129310340 0.073394492 0.110132158 0.081818178 0.028846154 0.019417476 0.175510198 0.024154589 0.051643193 0.033492822 0.094170406 0.000000000 0.102222219 0.085972853 0.140425533 0.085972853 0.098214284 0.000000000 0.073394492 0.303448290 0.185483873 0.033492822 0.004975124
0.198067635 0.016393442 0.024793388 0.117437720 0.042016808 0.024793388 0.020576132 0.004048583 0.037656903 0.107913665 0.000000000 0.027450981 0.029045643 0.008000000 0.020576132 0.073593073 0.082969435 0.074626863 0.078260869 0.050847456 0.068965517 0.008130081 0.102222219 0.000000000 0.016393442 0.038759690 0.016393442 0.004048583 0.102222219 0.029045643 0.207667738 0.084870845 0.068965517 0.107142858
0.182266012 0.000000000 0.008403362 0.133574009 0.025641026 0.008403362 0.004184100 0.012345679 0.021276595 0.124087594 0.016393442 0.043824703 0.012658228 0.024390243 0.004184100 0.057268724 0.066666670 0.090909094 0.061946902 0.034482758 0.052631579 0.008264462 0.085972853 0.016393442 0.000000000 0.055118110 0.000000000 0.012345679 0.085972853 0.012658228 0.223300964 0.101123594 0.052631579 0.090909094
0.235023037 0.055118110 0.063492067 0.079037800 0.080645159 0.063492067 0.059288539 0.042801555 0.076305218 0.069444448 0.038759690 0.011320755 0.067729086 0.030769231 0.059288539 0.112033196 0.121338911 0.035971224 0.116666667 0.089430891 0.107438013 0.046875000 0.140425533 0.038759690 0.055118110 0.000000000 0.055118110 0.042801555 0.140425533 0.067729086 0.170278639 0.046263345 0.107438013 0.145299152
0.182266012 0.000000000 0.008403362 0.133574009 0.025641026 0.008403362 0.004184100 0.012345679 0.021276595 0.124087594 0.016393442 0.043824703 0.012658228 0.024390243 0.004184100 0.057268724 0.066666670 0.090909094 0.061946902 0.034482758 0.052631579 0.008264462 0.085972853 0.016393442 0.000000000 0.055118110 0.000000000 0.012345679 0.085972853 0.012658228 0.223300964 0.101123594 0.052631579 0.090909094
0.194174752 0.012345679 0.020746889 0.121428572 0.037974682 0.020746889 0.016528925 0.000000000 0.033613447 0.111913361 0.004048583 0.031496063 0.025000000 0.012048192 0.016528925 0.069565214 0.078947365 0.078651689 0.074235804 0.046808511 0.064935066 0.004081632 0.098214284 0.004048583 0.012345679 0.042801555 0.012345679 0.000000000 0.098214284 0.025000000 0.211538464 0.088888891 0.064935066 0.103139013
0.097826086 0.085972853 0.077625573 0.217054263 0.060465116 0.077625573 0.081818178 0.098214284 0.064814813 0.207843140 0.102222219 0.129310340 0.073394492 0.110132158 0.081818178 0.028846154 0.019417476 0.175510198 0.024154589 0.051643193 0.033492822 0.094170406 0.000000000 0.102222219 0.085972853 0.140425533 0.085972853 0.098214284 0.000000000 0.073394492 0.303448290 0.185483873 0.033492822 0.004975124
0.170000002 0.012658228 0.004255319 0.145985395 0.012987013 0.004255319 0.008474576 0.025000000 0.008620690 0.136531368 0.029045643 0.056451611 0.000000000 0.037037037 0.008474576 0.044642858 0.054054055 0.103448279 0.049327355 0.021834061 0.039999999 0.020920502 0.073394492 0.029045643 0.012658228 0.067729086 0.012658228 0.025000000 0.073394492 0.000000000 0.235294119 0.113636367 0.039999999 0.078341015
0.389705896 0.223300964 0.231270358 0.092485547 0.247524753 0.231270358 0.227272734 0.211538464 0.243421048 0.102040820 0.207667738 0.181250006 0.235294119 0.200000003 0.227272734 0.277027041 0.285714298 0.135135129 0.281355917 0.255813956 0.272727281 0.215434089 0.303448290 0.207667738 0.223300964 0.170278639 0.223300964 0.211538464 0.303448290 0.235294119 0.000000000 0.125000000 0.272727281 0.307958484
0.278260857 0.101123594 0.109433964 0.032894738 0.126436785 0.109433964 0.105263159 0.088888891 0.122137405 0.023255814 0.084870845 0.057553958 0.113636367 0.076923080 0.105263159 0.157480314 0.166666672 0.010309278 0.162055343 0.135135129 0.152941182 0.092936806 0.185483873 0.084870845 0.101123594 0.046263345 0.101123594 0.088888891 0.185483873 0.113636367 0.125000000 0.000000000 0.152941182 0.190283403
0.130890056 0.052631579 0.044247787 0.184905663 0.027027028 0.044247787 0.048458152 0.064935066 0.031390134 0.175572515 0.068965517 0.096234307 0.039999999 0.076923080 0.048458152 0.004651163 0.014084507 0.142857149 0.009345794 0.018181818 0.000000000 0.060869563 0.033492822 0.068965517 0.052631579 0.107438013 0.052631579 0.064935066 0.033492822 0.039999999 0.272727281 0.152941182 0.000000000 0.038461540
0.092896178 0.090909094 0.082568809 0.221789882 0.065420561 0.082568809 0.086757988 0.103139013 0.069767445 0.212598428 0.107142858 0.134199128 0.078341015 0.115044251 0.086757988 0.033816423 0.024390243 0.180327863 0.029126214 0.056603774 0.038461540 0.099099100 0.004975124 0.107142858 0.090909094 0.145299152 0.090909094 0.103139013 0.004975124 0.078341015 0.307958484 0.190283403 0.038461540 0.000000000
