0.019944925 0.055984683 0.023120936 0.067796066 0.025549214 0.036168870 0.032699935 0.037303396 0.039515015 0.055376101 0.045848493 0.061019547 0.045620546 0.038304634 0.033126116 0.023331314 0.025539638 0.059507228 0.037035387 0.056035370 0.026385391 0.040669587 0.021747155 0.035885800 0.053590983 0.053876825 0.041873239 0.035855696 0.024144722 0.043483619 0.076516949 0.058499582 0.043353267 0.026141638
0.055984683 -0.043542609 0.019771455 0.056457233 0.027459793 0.023672592 0.023460880 0.022545053 0.034893394 0.040017288 0.028530475 0.044666596 0.030862290 0.022888148 0.050907664 0.036252577 0.021215543 0.034508429 0.024315074 0.049521640 0.025495108 0.021758627 0.041175261 0.022270724 0.017883655 0.028666601 0.027877012 0.022506008 0.038372558 0.029650543 0.069499619 0.035390481 0.027298724 0.033070497
0.023120936 0.019771455 -0.001412541 0.043013617 0.010036040 0.007431915 -0.000696554 0.003882849 0.005181632 0.027900174 0.012705925 0.036671050 0.016880434 0.010578323 0.031362511 0.017428169 -0.000348975 0.027406717 0.009675356 0.021442916 0.002680912 0.007095676 0.013559991 0.001243394 0.023037093 0.021703519 0.004163070 0.003644171 0.013603372 0.006303547 0.052645199 0.034500930 0.015767138 0.007269154
0.067796066 0.056457233 0.043013617 0.015559483 0.048783418 0.034989413 0.035226248 0.032530710 0.046128348 0.014230649 0.030585738 0.039112616 0.025496636 0.033425976 0.075884923 0.079819113 0.048452906 0.028961301 0.040117461 0.040564399 0.051883139 0.035641707 0.068678312 0.033863284 0.055085212 0.033747226 0.043284133 0.043367539 0.067108080 0.030548712 0.033029854 0.027009849 0.056271221 0.056720037
0.025549214 0.027459793 0.010036040 0.048783418 -0.010849981 0.014223396 0.009072270 0.016142648 0.023552179 0.034743603 0.020507675 0.040785588 0.022678571 0.012854822 0.028838458 0.023292556 0.009988127 0.033573106 0.021733927 0.027411444 0.013239067 0.021220114 0.011074511 0.015362199 0.028732369 0.028115757 0.013383816 0.010768218 0.016696883 0.011109611 0.049838211 0.046869498 0.016705303 0.013460789
0.036168870 0.023672592 0.007431915 0.034989413 0.014223396 -0.024648195 0.002417996 0.003438528 0.006553112 0.022170570 0.008563301 0.031105515 0.008325391 0.005033480 0.038166054 0.028933812 0.006350958 0.024726171 0.008192901 0.019118521 0.006130928 0.007010560 0.021590751 0.005952398 0.026925778 0.019068386 0.005296406 0.000802467 0.022210985 0.001455737 0.043484155 0.028188841 0.019510420 0.013328809
0.032699935 0.023460880 -0.000696554 0.035226248 0.009072270 0.002417996 -0.013119350 -0.002054113 0.003195686 0.021665026 0.002289147 0.027724801 0.007706854 0.003018940 0.034976639 0.027991582 0.004450873 0.020959655 0.010750166 0.008138672 0.004845912 0.004423494 0.022275018 -0.003009468 0.020692391 0.011391616 -0.001651359 -0.000197078 0.017546330 -0.006385270 0.046976592 0.033147309 0.016753629 0.012252230
0.037303396 0.022545053 0.003882849 0.032530710 0.016142648 0.003438528 -0.002054113 -0.002560786 0.008180926 0.017149828 0.006105987 0.026027782 0.003063176 -0.000383558 0.039150294 0.031439729 0.011919989 0.019778091 0.009336527 0.011692581 0.009806870 0.005594715 0.025800988 0.001052543 0.015720798 0.011032434 0.000601226 0.003952333 0.024193972 0.000705465 0.038294461 0.025497124 0.022256460 0.017803010
0.039515015 0.034893394 0.005181632 0.046128348 0.023552179 0.006553112 0.003195686 0.008180926 -0.001511550 0.031522442 0.006732391 0.033968933 0.013413874 0.010311512 0.044249095 0.026596118 0.001495287 0.027656754 0.012065363 0.020724926 0.009991799 -0.003662637 0.018408179 0.002698138 0.031230979 0.015561432 0.001033054 0.000665789 0.020751696 -0.003596037 0.061475806 0.042696390 0.026365954 0.018684993
0.055376101 0.040017288 0.027900174 0.014230649 0.034743603 0.022170570 0.021665026 0.017149828 0.031522442 0.009305298 0.012462124 0.021267485 0.009231800 0.019623004 0.059945635 0.060817741 0.034833375 0.012308101 0.026538823 0.017133657 0.037969582 0.022302520 0.053738721 0.022696238 0.034405299 0.011184883 0.026761822 0.030299941 0.049679644 0.018144600 0.021656491 0.012515752 0.036432333 0.040159971
0.045848493 0.028530475 0.012705925 0.030585738 0.020507675 0.008563301 0.002289147 0.006105987 0.006732391 0.012462124 -0.009955881 0.021779757 0.003394083 0.004158186 0.048576333 0.043249078 0.015543384 0.014618153 0.010222873 0.013396980 0.014994239 0.006685110 0.033106923 0.003935307 0.025062567 0.006030616 0.007136661 0.005493841 0.032892771 0.000449945 0.045048472 0.017932225 0.020040438 0.022379246
0.061019547 0.044666596 0.036671050 0.039112616 0.040785588 0.031105515 0.027724801 0.026027782 0.033968933 0.021267485 0.021779757 0.026187856 0.024053419 0.025300829 0.066497885 0.063333429 0.038224131 0.022203697 0.032613605 0.036823060 0.043610752 0.026674550 0.056119345 0.027993195 0.043613862 0.023768444 0.029384851 0.035943061 0.052520178 0.022880640 0.048625618 0.033809610 0.044899523 0.047331911
0.045620546 0.030862290 0.016880434 0.025496636 0.022678571 0.008325391 0.007706854 0.003063176 0.013413874 0.009231800 0.003394083 0.024053419 -0.013944496 0.007733043 0.050423447 0.050910525 0.018908385 0.017942449 0.014762694 0.012208169 0.019677427 0.006235179 0.038643815 0.006085095 0.020931404 0.008935425 0.007130702 0.012804554 0.034869291 0.003778807 0.037892111 0.017539261 0.026215274 0.024918042
0.038304634 0.022888148 0.010578323 0.033425976 0.012854822 0.005033480 0.003018940 -0.000383558 0.010311512 0.019623004 0.004158186 0.025300829 0.007733043 -0.012081534 0.037568040 0.037487946 0.010797702 0.017396649 0.008015584 0.014464896 0.011837618 0.006656168 0.025923576 0.006359589 0.021478036 0.010486213 0.002598769 0.005439270 0.023221975 -0.000072165 0.040127479 0.024584712 0.016292123 0.015018464
0.033126116 0.050907664 0.031362511 0.075884923 0.028838458 0.038166054 0.034976639 0.039150294 0.044249095 0.059945635 0.048576333 0.066497885 0.050423447 0.037568040 0.023196228 0.017188324 0.030568682 0.065844879 0.035375934 0.060160942 0.032794982 0.043668665 0.030070791 0.037218437 0.049652740 0.061557200 0.043906279 0.034479164 0.030334402 0.043674022 0.070537701 0.064217143 0.048979793 0.029854497
0.023331314 0.036252577 0.017428169 0.079819113 0.023292556 0.028933812 0.027991582 0.031439729 0.026596118 0.060817741 0.043249078 0.063333429 0.050910525 0.037487946 0.017188324 -0.009237299 0.014737322 0.061789151 0.026128512 0.054146290 0.018263502 0.031044843 0.007891820 0.029523743 0.042125642 0.058490254 0.029177792 0.025556721 0.009518873 0.033808473 0.075309046 0.073052511 0.031368032 0.010876281
0.025539638 0.021215543 -0.000348975 0.048452906 0.009988127 0.006350958 0.004450873 0.011919989 0.001495287 0.034833375 0.015543384 0.038224131 0.018908385 0.010797702 0.030568682 0.014737322 -0.020388909 0.031386442 0.007181901 0.026637621 0.002294742 0.008460489 0.007053354 0.002230707 0.030727223 0.024449561 0.003315557 0.003353165 0.009677991 0.005043356 0.061093908 0.038114063 0.011952720 0.015132487
0.059507228 0.034508429 0.027406717 0.028961301 0.033573106 0.024726171 0.020959655 0.019778091 0.027656754 0.012308101 0.014618153 0.022203697 0.017942449 0.017396649 0.065844879 0.061789151 0.031386442 0.001788225 0.025459623 0.028054165 0.032508247 0.020777237 0.053671353 0.021450026 0.039519854 0.013314736 0.021687830 0.024216361 0.051549248 0.016229007 0.040751845 0.026560923 0.036864407 0.040119741
0.037035387 0.024315074 0.009675356 0.040117461 0.021733927 0.008192901 0.010750166 0.009336527 0.012065363 0.026538823 0.010222873 0.032613605 0.014762694 0.008015584 0.035375934 0.026128512 0.007181901 0.025459623 -0.007906491 0.024450045 0.010183766 0.009727125 0.023390915 0.012218686 0.029941516 0.017382268 0.010216718 0.008704333 0.018465322 0.007886395 0.050141264 0.032879181 0.023584701 0.014905771
0.056035370 0.049521640 0.021442916 0.040564399 0.027411444 0.019118521 0.008138672 0.011692581 0.020724926 0.017133657 0.013396980 0.036823060 0.012208169 0.014464896 0.060160942 0.054146290 0.026637621 0.028054165 0.024450045 0.003790386 0.027825631 0.015421371 0.047632076 0.014928358 0.031520173 0.021244898 0.016284596 0.020174775 0.042311899 0.008245456 0.051510643 0.038444217 0.037098225 0.033326469
0.026385391 0.025495108 0.002680912 0.051883139 0.013239067 0.006130928 0.004845912 0.009806870 0.009991799 0.037969582 0.014994239 0.043610752 0.019677427 0.011837618 0.032794982 0.018263502 0.002294742 0.032508247 0.010183766 0.027825631 -0.001335859 0.008363470 0.014254764 0.004679577 0.031301923 0.025740955 0.006333733 0.005726602 0.010499924 0.008005202 0.058615085 0.040836487 0.010833520 0.010561852
0.040669587 0.021758627 0.007095676 0.035641707 0.021220114 0.007010560 0.004423494 0.005594715 -0.003662637 0.022302520 0.006685110 0.026674550 0.006235179 0.006656168 0.043668665 0.031044843 0.008460489 0.020777237 0.009727125 0.015421371 0.008363470 -0.028991066 0.021838585 -0.002772341 0.029153515 0.009751892 0.007261170 0.007556591 0.021798119 0.005392750 0.054246366 0.023214126 0.017757714 0.015085269
0.021747155 0.041175261 0.013559991 0.068678312 0.011074511 0.021590751 0.022275018 0.025800988 0.018408179 0.053738721 0.033106923 0.056119345 0.038643815 0.025923576 0.030070791 0.007891820 0.007053354 0.053671353 0.023390915 0.047632076 0.014254764 0.021838585 -0.003958009 0.022148918 0.039676908 0.048878439 0.023586119 0.020235449 0.009099150 0.025630353 0.073086500 0.057253070 0.020810248 0.007561459
0.035885800 0.022270724 0.001243394 0.033863284 0.015362199 0.005952398 -0.003009468 0.001052543 0.002698138 0.022696238 0.003935307 0.027993195 0.006085095 0.006359589 0.037218437 0.029523743 0.002230707 0.021450026 0.012218686 0.014928358 0.004679577 -0.002772341 0.022148918 -0.002743854 0.020845754 0.011119219 -0.001649010 -0.000371133 0.017957097 -0.002960908 0.046605632 0.029819382 0.013682256 0.014426587
0.053590983 0.017883655 0.023037093 0.055085212 0.028732369 0.026925778 0.020692391 0.015720798 0.031230979 0.034405299 0.025062567 0.043613862 0.020931404 0.021478036 0.049652740 0.042125642 0.030727223 0.039519854 0.029941516 0.031520173 0.031301923 0.029153515 0.039676908 0.020845754 -0.014205920 0.028368551 0.021146659 0.022869471 0.044512108 0.026948860 0.062214091 0.045866579 0.038339935 0.030904584
0.053876825 0.028666601 0.021703519 0.033747226 0.028115757 0.019068386 0.011391616 0.011032434 0.015561432 0.011184883 0.006030616 0.023768444 0.008935425 0.010486213 0.061557200 0.058490254 0.024449561 0.013314736 0.017382268 0.021244898 0.025740955 0.009751892 0.048878439 0.011119219 0.028368551 -0.001289744 0.013304573 0.018319454 0.041983925 0.004067710 0.047339976 0.024511766 0.031075647 0.033027019
0.041873239 0.027877012 0.004163070 0.043284133 0.013383816 0.005296406 -0.001651359 0.000601226 0.001033054 0.026761822 0.007136661 0.029384851 0.007130702 0.002598769 0.043906279 0.029177792 0.003315557 0.021687830 0.010216718 0.016284596 0.006333733 0.007261170 0.023586119 -0.001649010 0.021146659 0.013304573 -0.007774747 0.000327591 0.023457879 -0.003988480 0.056902140 0.039825119 0.019130848 0.014472017
0.035855696 0.022506008 0.003644171 0.043367539 0.010768218 0.000802467 -0.000197078 0.003952333 0.000665789 0.030299941 0.005493841 0.035943061 0.012804554 0.005439270 0.034479164 0.025556721 0.003353165 0.024216361 0.008704333 0.020174775 0.005726602 0.007556591 0.020235449 -0.000371133 0.022869471 0.018319454 0.000327591 -0.007378899 0.017002050 -0.001914363 0.052629687 0.033147793 0.016593594 0.011301889
0.024144722 0.038372558 0.013603372 0.067108080 0.016696883 0.022210985 0.017546330 0.024193972 0.020751696 0.049679644 0.032892771 0.052520178 0.034869291 0.023221975 0.030334402 0.009518873 0.009677991 0.051549248 0.018465322 0.042311899 0.010499924 0.021798119 0.009099150 0.017957097 0.044512108 0.041983925 0.023457879 0.017002050 0.000027767 0.023890976 0.071743481 0.056760319 0.028473184 0.015644919
0.043483619 0.029650543 0.006303547 0.030548712 0.011109611 0.001455737 -0.006385270 0.000705465 -0.003596037 0.018144600 0.000449945 0.022880640 0.003778807 -0.000072165 0.043674022 0.033808473 0.005043356 0.016229007 0.007886395 0.008245456 0.008005202 0.005392750 0.025630353 -0.002960908 0.026948860 0.004067710 -0.003988480 -0.001914363 0.023890976 -0.027861882 0.051204592 0.030816166 0.023877112 0.017660765
0.076516949 0.069499619 0.052645199 0.033029854 0.049838211 0.043484155 0.046976592 0.038294461 0.061475806 0.021656491 0.045048472 0.048625618 0.037892111 0.040127479 0.070537701 0.075309046 0.061093908 0.040751845 0.050141264 0.051510643 0.058615085 0.054246366 0.073086500 0.046605632 0.062214091 0.047339976 0.056902140 0.052629687 0.071743481 0.051204592 -0.001410723 0.037643485 0.071865179 0.052135475
0.058499582 0.035390481 0.034500930 0.027009849 0.046869498 0.028188841 0.033147309 0.025497124 0.042696390 0.012515752 0.017932225 0.033809610 0.017539261 0.024584712 0.064217143 0.073052511 0.038114063 0.026560923 0.032879181 0.038444217 0.040836487 0.023214126 0.057253070 0.029819382 0.045866579 0.024511766 0.039825119 0.033147793 0.056760319 0.030816166 0.037643485 -0.000985026 0.039823275 0.043362346
0.043353267 0.027298724 0.015767138 0.056271221 0.016705303 0.019510420 0.016753629 0.022256460 0.026365954 0.036432333 0.020040438 0.044899523 0.026215274 0.016292123 0.048979793 0.031368032 0.011952720 0.036864407 0.023584701 0.037098225 0.010833520 0.017757714 0.020810248 0.013682256 0.038339935 0.031075647 0.019130848 0.016593594 0.028473184 0.023877112 0.071865179 0.039823275 -0.019373156 0.022820059
0.026141638 0.033070497 0.007269154 0.056720037 0.013460789 0.013328809 0.012252230 0.017803010 0.018684993 0.040159971 0.022379246 0.047331911 0.024918042 0.015018464 0.029854497 0.010876281 0.015132487 0.040119741 0.014905771 0.033326469 0.010561852 0.015085269 0.007561459 0.014426587 0.030904584 0.033027019 0.014472017 0.011301889 0.015644919 0.017660765 0.052135475 0.043362346 0.022820059 -0.006098945
