0.015367031 0.057024218 0.028564027 0.063562557 0.030542469 0.040819991 0.036612231 0.040599361 0.042591512 0.060546909 0.049560241 0.057439782 0.051192492 0.042374104 0.039851196 0.019502833 0.032272287 0.060623717 0.039574541 0.052453853 0.030262597 0.045766000 0.022911401 0.039009202 0.051697955 0.051500700 0.045318007 0.036611956 0.027125267 0.046531335 0.081028663 0.065240428 0.033145126 0.023747336
0.057024218 -0.048936803 0.019020204 0.048105836 0.025746133 0.025177654 0.022210227 0.022463750 0.033387043 0.039204396 0.029467179 0.034893028 0.029774306 0.023740966 0.056733079 0.032017514 0.024566185 0.035769142 0.029435191 0.039991152 0.024271157 0.024051534 0.039381996 0.022230325 0.010766401 0.022535186 0.026631813 0.020913832 0.040343434 0.033072837 0.070205607 0.031820156 0.023438439 0.028930057
0.028564027 0.019020204 -0.001357002 0.038347177 0.010349123 0.009803986 -0.000875697 0.004131624 0.004544067 0.027620602 0.013353243 0.027557706 0.017365707 0.011439698 0.033978619 0.013742153 0.007114128 0.028265219 0.015792834 0.019102760 0.001413619 0.010571498 0.010363217 0.001359318 0.019184025 0.017962139 0.004209033 0.004744498 0.015161999 0.010435089 0.055562004 0.029002955 0.017193403 0.005039607
0.063562557 0.048105836 0.038347177 0.002829127 0.040174693 0.032316767 0.031718738 0.028613461 0.040392209 0.008444309 0.029043520 0.023439823 0.021601498 0.030408178 0.071624704 0.069036551 0.046738949 0.026409457 0.042834207 0.026072677 0.046448581 0.034001336 0.060620099 0.031070735 0.038897913 0.023166079 0.039364707 0.037166752 0.061254714 0.032065921 0.027141334 0.016854722 0.037784267 0.043764308
0.030542469 0.025746133 0.010349123 0.040174693 0.000489048 0.018740466 0.009942854 0.016163418 0.020712722 0.033767376 0.020806819 0.029466178 0.022572093 0.019649653 0.033283286 0.022027696 0.013805301 0.032624654 0.023266522 0.027327225 0.012072956 0.028611749 0.019323248 0.015447224 0.022681994 0.024790324 0.013722301 0.018830417 0.021297552 0.016943460 0.052003019 0.040418398 0.023920886 0.015395865
0.040819991 0.025177654 0.009803986 0.032316767 0.018740466 -0.019210547 0.004403771 0.005823240 0.008386523 0.024192056 0.011399966 0.026234323 0.010038975 0.010538297 0.042442493 0.028783705 0.010402530 0.026790302 0.014043598 0.021091990 0.008548883 0.013719018 0.024917452 0.008010474 0.022832954 0.019069210 0.007040182 0.006817747 0.026419261 0.006857718 0.046136368 0.027632736 0.022452025 0.016136914
0.036612231 0.022210227 -0.000875697 0.031718738 0.009942854 0.004403771 -0.012016017 -0.001939592 0.002766832 0.020672094 0.004691331 0.020115750 0.008218408 0.003881894 0.034860015 0.025481962 0.007589100 0.019912891 0.014368569 0.007500948 0.004073672 0.007624577 0.021593338 -0.002257872 0.019676754 0.008940451 -0.001050181 0.002217882 0.019086827 -0.003783371 0.048530038 0.025648070 0.019623326 0.011922015
0.040599361 0.022463750 0.004131624 0.028613461 0.016163418 0.005823240 -0.001939592 -0.002572732 0.007474572 0.017479857 0.006847274 0.019125354 0.003365855 0.002116633 0.039698623 0.028748743 0.013297166 0.018678114 0.012532775 0.010316463 0.009904271 0.010390818 0.027155465 0.001102798 0.010598483 0.009052318 0.000560905 0.008073360 0.025065277 0.004087712 0.039791107 0.022226829 0.024850247 0.017210718
0.042591512 0.033387043 0.004544067 0.040392209 0.020712722 0.008386523 0.002766832 0.007474572 -0.001464567 0.029894095 0.009572828 0.024803638 0.014355795 0.009994674 0.044353195 0.023701973 0.007551479 0.026722508 0.016021915 0.015982375 0.008459307 -0.001161866 0.016607661 0.002474379 0.029072877 0.011333564 0.000562762 0.000618386 0.020110657 -0.000938997 0.063701160 0.034314245 0.024156164 0.014906356
0.060546909 0.039204396 0.027620602 0.008444309 0.033767376 0.024192056 0.020672094 0.017479857 0.029894095 0.006900757 0.019083984 0.010124302 0.011654296 0.020580443 0.067549758 0.057605237 0.038988754 0.014144038 0.034099825 0.012749610 0.036624067 0.024880435 0.053876534 0.023533192 0.025463859 0.004847437 0.026873957 0.030834870 0.053565934 0.023408279 0.023570161 0.007331094 0.031373471 0.037103824
0.049560241 0.029467179 0.013353243 0.029043520 0.020806819 0.011399966 0.004691331 0.006847274 0.009572828 0.019083984 -0.004098090 0.019103503 0.007730479 0.010255693 0.051907293 0.039849795 0.017648116 0.017769732 0.015473445 0.011050611 0.015344819 0.014787699 0.034927126 0.006153462 0.020629238 0.005889995 0.008006276 0.010892182 0.035036370 0.006842765 0.049336504 0.018490782 0.022212278 0.021519963
0.057439782 0.034893028 0.027557706 0.023439823 0.029466178 0.026234323 0.020115750 0.019125354 0.024803638 0.010124302 0.019103503 0.006068785 0.017570555 0.019045550 0.064571619 0.053084202 0.035054330 0.016971640 0.032285843 0.016653912 0.033356778 0.023518197 0.048207350 0.021974193 0.029215829 0.009534720 0.022680998 0.026889576 0.047254130 0.020833209 0.042986814 0.020552143 0.032251090 0.034460410
0.051192492 0.029774306 0.017365707 0.021601498 0.022572093 0.010038975 0.008218408 0.003365855 0.014355795 0.011654296 0.007730479 0.017570555 -0.010560505 0.009185837 0.053138237 0.046403073 0.019940887 0.018166117 0.018402472 0.009822746 0.019573580 0.009738946 0.037827149 0.006537923 0.014813781 0.004908510 0.007713512 0.012926023 0.037802696 0.006288168 0.040487804 0.013742050 0.025662910 0.023532923
0.042374104 0.023740966 0.011439698 0.030408178 0.019649653 0.010538297 0.003881894 0.002116633 0.009994674 0.020580443 0.010255693 0.019045550 0.009185837 -0.005471416 0.045599841 0.036620725 0.014445872 0.020002116 0.013449683 0.014957869 0.012272969 0.013956778 0.030083412 0.007906951 0.017207868 0.009449229 0.003338654 0.011617802 0.029869962 0.006699545 0.043639414 0.025053725 0.024857523 0.020500951
0.039851196 0.056733079 0.033978619 0.071624704 0.033283286 0.042442493 0.034860015 0.039698623 0.044353195 0.067549758 0.051907293 0.064571619 0.053138237 0.045599841 0.031358548 0.015177593 0.035315774 0.070429660 0.039900251 0.054177899 0.033530962 0.054663546 0.034348976 0.037866507 0.041335210 0.059947077 0.043920822 0.038196504 0.039605491 0.052542921 0.081856929 0.077084616 0.050397113 0.029451475
0.019502833 0.032017514 0.013742153 0.069036551 0.022027696 0.028783705 0.025481962 0.028748743 0.023701973 0.057605237 0.039849795 0.053084202 0.046403073 0.036620725 0.015177593 -0.015325423 0.015095592 0.060466412 0.028205808 0.040194198 0.014244165 0.031845972 0.004196872 0.026837660 0.033713419 0.050520316 0.024457678 0.023053920 0.007807937 0.034361057 0.072201371 0.070328079 0.028399209 0.005697527
0.032272287 0.024566185 0.007114128 0.046738949 0.013805301 0.010402530 0.007589100 0.013297166 0.007551479 0.038988754 0.017648116 0.035054330 0.019940887 0.014445872 0.035315774 0.015095592 -0.007223677 0.034824461 0.016664561 0.024381518 0.006570071 0.015775606 0.011159679 0.007990752 0.025353920 0.023938438 0.008190580 0.007649961 0.014625112 0.013842425 0.065390900 0.042256758 0.012317860 0.013844826
0.060623717 0.035769142 0.028265219 0.026409457 0.032624654 0.026790302 0.019912891 0.018678114 0.026722508 0.014144038 0.017769732 0.016971640 0.018166117 0.020002116 0.070429660 0.060466412 0.034824461 0.001368284 0.030533478 0.024535576 0.033392910 0.026364969 0.056495491 0.021493616 0.029538553 0.011799433 0.021473255 0.028629832 0.053307876 0.021995585 0.043888502 0.026780965 0.035031714 0.036386810
0.039574541 0.029435191 0.015792834 0.042834207 0.023266522 0.014043598 0.014368569 0.012532775 0.016021915 0.034099825 0.015473445 0.032285843 0.018402472 0.013449683 0.039900251 0.028205808 0.016664561 0.030533478 0.001951259 0.028303670 0.016807428 0.017895304 0.027577924 0.016334901 0.025879521 0.020909106 0.014224436 0.017081661 0.022552427 0.016332729 0.055654883 0.037885107 0.025603343 0.015325484
0.052453853 0.039991152 0.019102760 0.026072677 0.027327225 0.021091990 0.007500948 0.010316463 0.015982375 0.012749610 0.011050611 0.016653912 0.009822746 0.014957869 0.054177899 0.040194198 0.024381518 0.024535576 0.028303670 -0.000877584 0.024567185 0.016810926 0.038595393 0.013613861 0.020967226 0.011298109 0.013931308 0.018743273 0.037959442 0.012241363 0.044818982 0.022784889 0.030751955 0.026450895
0.030262597 0.024271157 0.001413619 0.046448581 0.012072956 0.008548883 0.004073672 0.009904271 0.008459307 0.036624067 0.015344819 0.033356778 0.019573580 0.012272969 0.033530962 0.014244165 0.006570071 0.033392910 0.016807428 0.024567185 -0.004497190 0.011539443 0.009983539 0.004530950 0.027036540 0.021351049 0.005919813 0.006190116 0.011533177 0.011932092 0.061412036 0.033694997 0.012156614 0.007438817
0.045766000 0.024051534 0.010571498 0.034001336 0.028611749 0.013719018 0.007624577 0.010390818 -0.001161866 0.024880435 0.014787699 0.023518197 0.009738946 0.013956778 0.054663546 0.031845972 0.015775606 0.026364969 0.017895304 0.016810926 0.011539443 -0.021747362 0.025085486 0.001409305 0.026753018 0.009358888 0.010271741 0.012065960 0.029142119 0.012789533 0.058161631 0.028533300 0.019411251 0.019739650
0.022911401 0.039381996 0.010363217 0.060620099 0.019323248 0.024917452 0.021593338 0.027155465 0.016607661 0.053876534 0.034927126 0.048207350 0.037827149 0.030083412 0.034348976 0.004196872 0.011159679 0.056495491 0.027577924 0.038595393 0.009983539 0.025085486 -0.005456612 0.021778267 0.035068624 0.043075811 0.021178845 0.019560799 0.014011775 0.028767385 0.074048847 0.062582970 0.020972278 0.010771080
0.039009202 0.022230325 0.001359318 0.031070735 0.015447224 0.008010474 -0.002257872 0.001102798 0.002474379 0.023533192 0.006153462 0.021974193 0.006537923 0.007906951 0.037866507 0.026837660 0.007990752 0.021493616 0.016334901 0.013613861 0.004530950 0.001409305 0.021778267 -0.002685041 0.017803567 0.009339402 -0.001609355 0.002732965 0.018754847 0.000563254 0.048725121 0.026152968 0.016988916 0.013221260
0.051697955 0.010766401 0.019184025 0.038897913 0.022681994 0.022832954 0.019676754 0.010598483 0.029072877 0.025463859 0.020629238 0.029215829 0.014813781 0.017207868 0.041335210 0.033713419 0.025353920 0.029538553 0.025879521 0.020967226 0.027036540 0.026753018 0.035068624 0.017803567 -0.024503408 0.018656250 0.016985999 0.019317728 0.038134884 0.022822928 0.055966355 0.032967478 0.034776784 0.025256529
0.051500700 0.022535186 0.017962139 0.023166079 0.024790324 0.019069210 0.008940451 0.009052318 0.011333564 0.004847437 0.005889995 0.009534720 0.004908510 0.009449229 0.059947077 0.050520316 0.023938438 0.011799433 0.020909106 0.011298109 0.021351049 0.009358888 0.043075811 0.009339402 0.018656250 -0.009179477 0.010114701 0.014861101 0.040362719 0.006331122 0.042088158 0.014624290 0.022847068 0.025971942
0.045318007 0.026631813 0.004209033 0.039364707 0.013722301 0.007040182 -0.001050181 0.000560905 0.000562762 0.026873957 0.008006276 0.022680998 0.007713512 0.003338654 0.043920822 0.024457678 0.008190580 0.021473255 0.014224436 0.013931308 0.005919813 0.010271741 0.021178845 -0.001609355 0.016985999 0.010114701 -0.009484602 0.001611975 0.024491493 -0.001198599 0.057632603 0.034832031 0.021287613 0.012685183
0.036611956 0.020913832 0.004744498 0.037166752 0.018830417 0.006817747 0.002217882 0.008073360 0.000618386 0.030834870 0.010892182 0.026889576 0.012926023 0.011617802 0.038196504 0.023053920 0.007649961 0.028629832 0.017081661 0.018743273 0.006190116 0.012065960 0.019560799 0.002732965 0.019317728 0.014861101 0.001611975 -0.004852921 0.022410383 0.005365106 0.051199824 0.033991851 0.014917821 0.013921170
0.027125267 0.040343434 0.015161999 0.061254714 0.021297552 0.026419261 0.019086827 0.025065277 0.020110657 0.053565934 0.035036370 0.047254130 0.037802696 0.029869962 0.039605491 0.007807937 0.014625112 0.053307876 0.022552427 0.037959442 0.011533177 0.029142119 0.014011775 0.018754847 0.038134884 0.040362719 0.024491493 0.022410383 0.006846065 0.029776921 0.078261033 0.063491419 0.026965607 0.015492200
0.046531335 0.033072837 0.010435089 0.032065921 0.016943460 0.006857718 -0.003783371 0.004087712 -0.000938997 0.023408279 0.006842765 0.020833209 0.006288168 0.006699545 0.052542921 0.034361057 0.013842425 0.021995585 0.016332729 0.012241363 0.011932092 0.012789533 0.028767385 0.000563254 0.022822928 0.006331122 -0.001198599 0.005365106 0.029776921 -0.018415177 0.055270851 0.036965922 0.022768721 0.019519696
0.081028663 0.070205607 0.055562004 0.027141334 0.052003019 0.046136368 0.048530038 0.039791107 0.063701160 0.023570161 0.049336504 0.042986814 0.040487804 0.043639414 0.081856929 0.072201371 0.065390900 0.043888502 0.055654883 0.044818982 0.061412036 0.058161631 0.074048847 0.048725121 0.055966355 0.042088158 0.057632603 0.051199824 0.078261033 0.055270851 -0.002593044 0.045704864 0.058597438 0.049255505
0.065240428 0.031820156 0.029002955 0.016854722 0.040418398 0.027632736 0.025648070 0.022226829 0.034314245 0.007331094 0.018490782 0.020552143 0.013742050 0.025053725 0.077084616 0.070328079 0.042256758 0.026780965 0.037885107 0.022784889 0.033694997 0.028533300 0.062582970 0.026152968 0.032967478 0.014624290 0.034832031 0.033991851 0.063491419 0.036965922 0.045704864 -0.010849118 0.040173978 0.041628420
0.033145126 0.023438439 0.017193403 0.037784267 0.023920886 0.022452025 0.019623326 0.024850247 0.024156164 0.031373471 0.022212278 0.032251090 0.025662910 0.024857523 0.050397113 0.028399209 0.012317860 0.035031714 0.025603343 0.030751955 0.012156614 0.019411251 0.020972278 0.016988916 0.034776784 0.022847068 0.021287613 0.014917821 0.026965607 0.022768721 0.058597438 0.040173978 -0.026486229 0.021892050
0.023747336 0.028930057 0.005039607 0.043764308 0.015395865 0.016136914 0.011922015 0.017210718 0.014906356 0.037103824 0.021519963 0.034460410 0.023532923 0.020500951 0.029451475 0.005697527 0.013844826 0.036386810 0.015325484 0.026450895 0.007438817 0.019739650 0.010771080 0.013221260 0.025256529 0.025971942 0.012685183 0.013921170 0.015492200 0.019519696 0.049255505 0.041628420 0.021892050 -0.005391706
