0.014680252 0.048466340 0.021735877 0.066377103 0.028691694 0.044660792 0.040614605 0.038473617 0.039286010 0.063034102 0.048140366 0.050514534 0.049972307 0.038938850 0.038212113 0.024815073 0.032191660 0.055825587 0.032847174 0.050911218 0.034301128 0.044671036 0.026579147 0.038428742 0.044117756 0.055939116 0.041953914 0.043062799 0.025947411 0.045335166 0.080159739 0.060123269 0.039611325 0.026696241
0.048466340 -0.061139490 0.011700620 0.043594006 0.018299274 0.025709067 0.016974039 0.016144877 0.029100079 0.032742389 0.023354625 0.027178906 0.022039142 0.015361710 0.047278438 0.030658925 0.019080449 0.023337984 0.018628992 0.029159823 0.018771913 0.018119225 0.037827469 0.015672486 -0.002613585 0.018484652 0.021582382 0.017007526 0.030375635 0.024035148 0.068107769 0.020534201 0.024734007 0.023739021
0.021735877 0.011700620 -0.001283363 0.040622335 0.010798966 0.012810806 -0.000005644 0.003464031 0.004571432 0.029031407 0.011821566 0.026673879 0.014434839 0.008176321 0.027700884 0.017863112 0.002924343 0.020267989 0.009042438 0.020062778 0.003163643 0.009779141 0.014525956 0.001361494 0.013726053 0.021890335 0.002845205 0.007411520 0.013104387 0.008299164 0.053431466 0.030475521 0.022935484 0.004903231
0.066377103 0.043594006 0.040622335 0.007863827 0.039588876 0.041509032 0.034044158 0.029584087 0.043985438 0.011077367 0.029436104 0.019291675 0.021070153 0.026421512 0.071789950 0.079987973 0.049720667 0.018407401 0.039020449 0.028612275 0.051115748 0.036832444 0.069587141 0.032560598 0.030872885 0.029963318 0.042269111 0.043459676 0.061727546 0.033524811 0.034191672 0.012362912 0.050895683 0.046733107
0.028691694 0.018299274 0.010798966 0.039588876 0.001570973 0.021321837 0.010952046 0.015806273 0.021058548 0.034124348 0.020507535 0.024049520 0.021213382 0.015146012 0.029220140 0.029576294 0.013588553 0.020092305 0.015303830 0.029100947 0.012683418 0.028452359 0.027293209 0.015761344 0.015263756 0.028282467 0.014061246 0.019290324 0.020716686 0.013291319 0.052626614 0.036193088 0.032632478 0.013854392
0.044660792 0.025709067 0.012810806 0.041509032 0.021321837 -0.004310394 0.011210856 0.009620118 0.013606524 0.032759078 0.016619552 0.028878793 0.014251221 0.014114849 0.045816686 0.041691400 0.016681723 0.025474939 0.014455045 0.028521609 0.018109784 0.021632476 0.036551949 0.012389151 0.015455394 0.030728763 0.011146186 0.020714717 0.032578446 0.012617636 0.056157436 0.031683110 0.039797623 0.022085425
0.040614605 0.016974039 -0.000005644 0.034044158 0.010952046 0.011210856 -0.007000886 -0.002147023 0.002984574 0.019591209 0.006441751 0.014328729 0.008264575 -0.000868600 0.038923122 0.032947596 0.008186167 0.010393077 0.009832425 0.009604742 0.003017377 0.008226604 0.026734829 -0.001990783 0.013928211 0.010342593 -0.000395256 0.002184955 0.023721322 -0.003801686 0.055705246 0.021989476 0.027495343 0.012841330
0.038473617 0.016144877 0.003464031 0.029584087 0.015806273 0.009620118 -0.002147023 -0.002985084 0.007123203 0.017699579 0.004592748 0.015751952 -0.000764946 -0.000856882 0.038008496 0.035426021 0.012230262 0.010305131 0.006913412 0.010956975 0.009846045 0.010505451 0.030453354 0.000912958 0.003511018 0.011335935 0.000144235 0.008897173 0.024911381 0.001971884 0.042194556 0.019963250 0.030412175 0.016686447
0.039286010 0.029100079 0.004571432 0.043985438 0.021058548 0.013606524 0.002984574 0.007123203 -0.001616651 0.032487605 0.005563141 0.024748914 0.010156151 0.008164133 0.042677656 0.028693378 0.007165624 0.021100407 0.010887286 0.017556474 0.009727924 0.000423815 0.021035125 0.002302934 0.024520367 0.015529559 0.000634047 0.004479232 0.020201884 -0.001573297 0.065091178 0.036377244 0.032353744 0.015479720
0.063034102 0.032742389 0.029031407 0.011077367 0.034124348 0.032759078 0.019591209 0.017699579 0.032487605 0.010590894 0.019175908 0.003905488 0.009565229 0.015888404 0.070293248 0.066677809 0.041753411 0.003537931 0.029286526 0.012909876 0.037821308 0.025794595 0.062613204 0.022973102 0.015985429 0.008737320 0.028765507 0.034833919 0.055151701 0.023353925 0.030420791 0.003173422 0.044027977 0.041319046
0.048140366 0.023354625 0.011821566 0.029436104 0.020507535 0.016619552 0.006441751 0.004592748 0.005563141 0.019175908 -0.012015492 0.011974115 0.002568823 0.003440730 0.050899565 0.048238225 0.017365187 0.007896200 0.007871202 0.012775222 0.017306993 0.012577976 0.039150864 0.004283901 0.015127005 0.008156801 0.005154705 0.014670883 0.034394898 0.003028042 0.049846597 0.015814237 0.028574491 0.022593886
0.050514534 0.027178906 0.026673879 0.019291675 0.024049520 0.028878793 0.014328729 0.015751952 0.024748914 0.003905488 0.011974115 0.003923960 0.007876266 0.013599414 0.054309763 0.054939635 0.032028425 0.005243549 0.024041474 0.008476185 0.027662929 0.020770445 0.049403138 0.018183799 0.020277325 0.008241905 0.021000661 0.022250323 0.040679812 0.014846109 0.042843200 0.011207132 0.037869941 0.029946422
0.049972307 0.022039142 0.014434839 0.021070153 0.021213382 0.014251221 0.008264575 -0.000764946 0.010156151 0.009565229 0.002568823 0.007876266 -0.015390904 0.001268598 0.052012801 0.053498253 0.018061209 0.006563663 0.010867774 0.005829950 0.019302189 0.006829920 0.041552030 0.003959645 0.006054287 0.005458046 0.003676966 0.014959799 0.037959218 0.003406848 0.039904281 0.006232838 0.031102205 0.023400232
0.038938850 0.015361710 0.008176321 0.026421512 0.015146012 0.014114849 -0.000868600 -0.000856882 0.008164133 0.015888404 0.003440730 0.013599414 0.001268598 -0.011358567 0.040040985 0.040490396 0.012152351 0.007890489 0.005012788 0.009417703 0.006997734 0.012315378 0.032625150 0.004103304 0.006360667 0.008138190 0.001146791 0.007158317 0.025719164 0.000370023 0.044098482 0.017778657 0.030956328 0.016476728
0.038212113 0.047278438 0.027700884 0.071789950 0.029220140 0.045816686 0.038923122 0.038008496 0.042677656 0.070293248 0.050899565 0.054309763 0.052012801 0.040040985 0.028335210 0.023083199 0.034361068 0.061834112 0.031907883 0.051304627 0.035135809 0.054869108 0.041442219 0.037668820 0.031870559 0.065151602 0.042298939 0.044342086 0.035740022 0.049746037 0.083349735 0.066345066 0.058508255 0.030166240
0.024815073 0.030658925 0.017863112 0.079987973 0.029576294 0.041691400 0.032947596 0.035426021 0.028693378 0.066677809 0.048238225 0.054939635 0.053498253 0.040490396 0.023083199 -0.005854096 0.020449495 0.062637821 0.028302176 0.052893937 0.022509947 0.037429295 0.012254246 0.031941384 0.034872361 0.061313707 0.030942511 0.032015570 0.016820535 0.038822975 0.082425818 0.078980163 0.039527133 0.014703824
0.032191660 0.019080449 0.002924343 0.049720667 0.013588553 0.016681723 0.008186167 0.012230262 0.007165624 0.041753411 0.017365187 0.032028425 0.018061209 0.012152351 0.034361068 0.020449495 -0.004472522 0.029303033 0.010942031 0.024053019 0.007193700 0.017749885 0.016127363 0.008487787 0.018040393 0.028115621 0.007209907 0.012265634 0.013518615 0.013007814 0.068900310 0.039399985 0.021730997 0.014642908
0.055825587 0.023337984 0.020267989 0.018407401 0.020092305 0.025474939 0.010393077 0.010305131 0.021100407 0.003537931 0.007896200 0.005243549 0.006563663 0.007890489 0.061834112 0.062637821 0.029303033 -0.020889092 0.019257912 0.010380095 0.022024259 0.022733878 0.058682762 0.013531188 0.010793493 0.005495034 0.014502767 0.022725811 0.046871692 0.014358628 0.045111708 0.006559730 0.041686274 0.027323883
0.032847174 0.018628992 0.009042438 0.039020449 0.015303830 0.014455045 0.009832425 0.006913412 0.010887286 0.029286526 0.007871202 0.024041474 0.010867774 0.005012788 0.031907883 0.028302176 0.010942031 0.019257912 -0.009758856 0.020873820 0.011232234 0.013625996 0.025617169 0.011183046 0.014517825 0.018443463 0.009006869 0.014005052 0.016181055 0.009388840 0.054240599 0.025841117 0.026971105 0.008993262
0.050911218 0.029159823 0.020062778 0.028612275 0.029100947 0.028521609 0.009604742 0.010956975 0.017556474 0.012909876 0.012775222 0.008476185 0.005829950 0.009417703 0.051304627 0.052893937 0.024053019 0.010380095 0.020873820 0.002847349 0.027551657 0.017487556 0.046286300 0.014558332 0.013456592 0.017034832 0.015424931 0.022433978 0.039049320 0.012996881 0.047098197 0.019513782 0.040814221 0.028289298
0.034301128 0.018771913 0.003163643 0.051115748 0.012683418 0.018109784 0.003017377 0.009846045 0.009727924 0.037821308 0.017306993 0.027662929 0.019302189 0.006997734 0.035135809 0.022509947 0.007193700 0.022024259 0.011232234 0.027551657 -0.004632632 0.013193663 0.017145952 0.004415053 0.019310907 0.026256789 0.006826612 0.008696641 0.017106025 0.013192478 0.070229813 0.034980431 0.024558498 0.007802575
0.044671036 0.018119225 0.009779141 0.036832444 0.028452359 0.021632476 0.008226604 0.010505451 0.000423815 0.025794595 0.012577976 0.020770445 0.006829920 0.012315378 0.054869108 0.037429295 0.017749885 0.022733878 0.013625996 0.017487556 0.013193663 -0.020677656 0.029644409 0.000784922 0.020896699 0.013028323 0.011223292 0.015411999 0.026884992 0.010398550 0.062368877 0.027048068 0.028210735 0.022522857
0.026579147 0.037827469 0.014525956 0.069587141 0.027293209 0.036551949 0.026734829 0.030453354 0.021035125 0.062613204 0.039150864 0.049403138 0.041552030 0.032625150 0.041442219 0.012254246 0.016127363 0.058682762 0.025617169 0.046286300 0.017145952 0.029644409 0.002998516 0.024616145 0.032403234 0.052448697 0.025131159 0.028001728 0.020374030 0.030282751 0.080692187 0.069105640 0.033032462 0.019057946
0.038428742 0.015672486 0.001361494 0.032560598 0.015761344 0.012389151 -0.001990783 0.000912958 0.002302934 0.022973102 0.004283901 0.018183799 0.003959645 0.004103304 0.037668820 0.031941384 0.008487787 0.013531188 0.011183046 0.014558332 0.004415053 0.000784922 0.024616145 -0.002648677 0.012547610 0.011061360 -0.001687050 0.003162143 0.020072127 -0.001153805 0.050815772 0.022958312 0.021291150 0.013606004
0.044117756 -0.002613585 0.013726053 0.030872885 0.015263756 0.015455394 0.013928211 0.003511018 0.024520367 0.015985429 0.015127005 0.020277325 0.006054287 0.006360667 0.031870559 0.034872361 0.018040393 0.010793493 0.014517825 0.013456592 0.019310907 0.020896699 0.032403234 0.012547610 -0.040669512 0.014548629 0.010721609 0.011839728 0.034077488 0.015213531 0.050790075 0.019615307 0.034360573 0.015517272
0.055939116 0.018484652 0.021890335 0.029963318 0.028282467 0.030728763 0.010342593 0.011335935 0.015529559 0.008737320 0.008156801 0.008241905 0.005458046 0.008138190 0.065151602 0.061313707 0.028115621 0.005495034 0.018443463 0.017034832 0.026256789 0.013028323 0.052448697 0.011061360 0.014548629 -0.003192727 0.014102027 0.020943128 0.043474950 0.008318791 0.052157070 0.017020877 0.036274124 0.032014940
0.041953914 0.021582382 0.002845205 0.042269111 0.014061246 0.011146186 -0.000395256 0.000144235 0.000634047 0.028765507 0.005154705 0.021000661 0.003676966 0.001146791 0.042298939 0.030942511 0.007209907 0.014502767 0.009006869 0.015424931 0.006826612 0.011223292 0.025131159 -0.001687050 0.010721609 0.014102027 -0.008509784 0.005054470 0.023590509 -0.001383800 0.059483167 0.036084145 0.028108615 0.012568017
0.043062799 0.017007526 0.007411520 0.043459676 0.019290324 0.020714717 0.002184955 0.008897173 0.004479232 0.034833919 0.014670883 0.022250323 0.014959799 0.007158317 0.044342086 0.032015570 0.012265634 0.022725811 0.014005052 0.022433978 0.008696641 0.015411999 0.028001728 0.003162143 0.011839728 0.020943128 0.005054470 -0.000746749 0.024633238 0.007012672 0.064395405 0.034934163 0.031442061 0.018779462
0.025947411 0.030375635 0.013104387 0.061727546 0.020716686 0.032578446 0.023721322 0.024911381 0.020201884 0.055151701 0.034394898 0.040679812 0.037959218 0.025719164 0.035740022 0.016820535 0.013518615 0.046871692 0.016181055 0.039049320 0.017106025 0.026884992 0.020374030 0.020072127 0.034077488 0.043474950 0.023590509 0.024633238 0.005807030 0.025331896 0.073035121 0.056933496 0.029318113 0.016896352
0.045335166 0.024035148 0.008299164 0.033524811 0.013291319 0.012617636 -0.003801686 0.001971884 -0.001573297 0.023353925 0.003028042 0.014846109 0.003406848 0.000370023 0.049746037 0.038822975 0.013007814 0.014358628 0.009388840 0.012996881 0.013192478 0.010398550 0.030282751 -0.001153805 0.015213531 0.008318791 -0.001383800 0.007012672 0.025331896 -0.022734422 0.057154514 0.028526375 0.026481748 0.019618601
0.080159739 0.068107769 0.053431466 0.034191672 0.052626614 0.056157436 0.055705246 0.042194556 0.065091178 0.030420791 0.049846597 0.042843200 0.039904281 0.044098482 0.083349735 0.082425818 0.068900310 0.045111708 0.054240599 0.047098197 0.070229813 0.062368877 0.080692187 0.050815772 0.050790075 0.052157070 0.059483167 0.064395405 0.073035121 0.057154514 0.001942808 0.044429310 0.070829585 0.058056135
0.060123269 0.020534201 0.030475521 0.012362912 0.036193088 0.031683110 0.021989476 0.019963250 0.036377244 0.003173422 0.015814237 0.011207132 0.006232838 0.017778657 0.066345066 0.078980163 0.039399985 0.006559730 0.025841117 0.019513782 0.034980431 0.027048068 0.069105640 0.022958312 0.019615307 0.017020877 0.036084145 0.034934163 0.056933496 0.028526375 0.044429310 -0.024586730 0.049852412 0.037185740
0.039611325 0.024734007 0.022935484 0.050895683 0.032632478 0.039797623 0.027495343 0.030412175 0.032353744 0.044027977 0.028574491 0.037869941 0.031102205 0.030956328 0.058508255 0.039527133 0.021730997 0.041686274 0.026971105 0.040814221 0.024558498 0.028210735 0.033032462 0.021291150 0.034360573 0.036274124 0.028108615 0.031442061 0.029318113 0.026481748 0.070829585 0.049852412 -0.007200561 0.035635397
0.026696241 0.023739021 0.004903231 0.046733107 0.013854392 0.022085425 0.012841330 0.016686447 0.015479720 0.041319046 0.022593886 0.029946422 0.023400232 0.016476728 0.030166240 0.014703824 0.014642908 0.027323883 0.008993262 0.028289298 0.007802575 0.022522857 0.019057946 0.013606004 0.015517272 0.032014940 0.012568017 0.018779462 0.016896352 0.019618601 0.058056135 0.037185740 0.035635397 -0.005140450
