0.019035991 0.058901563 0.023120597 0.071088105 0.027665157 0.038593054 0.038395081 0.040922258 0.044407181 0.057810944 0.047612641 0.059479907 0.047784343 0.042810351 0.034177981 0.019806396 0.031554330 0.063666895 0.041057192 0.054178290 0.029968573 0.046994075 0.022121139 0.040783212 0.050920829 0.053093672 0.042177070 0.039328743 0.023101768 0.049366102 0.079761267 0.065757245 0.034647882 0.026414081
0.058901563 -0.045932457 0.018128837 0.055767950 0.028724700 0.024633005 0.023008250 0.025982268 0.035757195 0.037895709 0.028790772 0.038828254 0.031658556 0.024672627 0.052759595 0.031829879 0.024532910 0.038441259 0.028633319 0.044915907 0.026670275 0.023725135 0.039148454 0.022189997 0.014249355 0.024748750 0.027327223 0.022334227 0.038353194 0.031473383 0.072326392 0.038152315 0.025109928 0.033998914
0.023120597 0.018128837 -0.001327302 0.040499810 0.009983519 0.005679225 -0.000236979 0.003906753 0.005159016 0.026876641 0.011472471 0.031454131 0.015696853 0.010842164 0.028751101 0.012698794 0.001943481 0.028782571 0.013764836 0.019495763 0.003326009 0.008456982 0.009434562 0.001345043 0.021050908 0.019080924 0.002751633 0.004394537 0.009154622 0.008480310 0.050623640 0.033168435 0.015542359 0.005874768
0.071088105 0.055767950 0.040499810 0.013350748 0.044544950 0.032611810 0.032692477 0.033964578 0.044969775 0.012053412 0.030885749 0.030537702 0.028366312 0.033572067 0.076196551 0.071649015 0.050625578 0.033651128 0.045770708 0.033591695 0.051629927 0.036911726 0.064834759 0.032300711 0.044050068 0.027948851 0.041295491 0.041928023 0.063610144 0.032398373 0.035933703 0.027760483 0.046022706 0.052800462
0.027665157 0.028724700 0.009983519 0.044544950 -0.008181933 0.013292342 0.009246535 0.015744768 0.021093460 0.034107871 0.020020869 0.032404404 0.022677016 0.018597752 0.030948320 0.019344876 0.012119756 0.037340336 0.024952020 0.026050974 0.011179520 0.028020887 0.012146831 0.015219901 0.024849024 0.024843624 0.012598478 0.014782615 0.015864177 0.016127232 0.051929411 0.041842088 0.015944410 0.014128212
0.038593054 0.024633005 0.005679225 0.032611810 0.013292342 -0.024314541 0.001846604 0.003868694 0.005335231 0.022119999 0.008217910 0.026366921 0.008033115 0.008355693 0.039392944 0.024865303 0.007902082 0.027755596 0.011620412 0.016010478 0.003378627 0.012218930 0.021259032 0.005441378 0.023166005 0.016632281 0.003816882 0.002153518 0.022158520 0.005506308 0.045905504 0.025096277 0.020610467 0.013156404
0.038395081 0.023008250 -0.000236979 0.032692477 0.009246535 0.001846604 -0.008955544 -0.002173102 0.003155316 0.019350065 0.006476315 0.021612557 0.010908770 0.003103495 0.037351873 0.025268931 0.007898671 0.021062924 0.013757497 0.007737629 0.004303983 0.006201857 0.020498715 -0.001929142 0.022111190 0.008345186 -0.000502959 -0.000209245 0.019468483 -0.005393058 0.049354214 0.027069243 0.018227173 0.013295555
0.040922258 0.025982268 0.003906753 0.033964578 0.015744768 0.003868694 -0.002173102 -0.002751992 0.007916322 0.019052928 0.007250826 0.023345448 0.005564002 0.003125814 0.042835720 0.028008301 0.014495888 0.023874747 0.014238435 0.010878228 0.009552140 0.012752360 0.026819527 0.001119294 0.011693192 0.010197002 -0.000046402 0.008884370 0.025592726 0.006705867 0.043033246 0.025348857 0.026535355 0.018846817
0.044407181 0.035757195 0.005159016 0.044969775 0.021093460 0.005335231 0.003155316 0.007916322 -0.001391373 0.029800078 0.010900161 0.028134502 0.017202146 0.009644820 0.045982827 0.024346270 0.008109748 0.028370384 0.015767977 0.018784724 0.010193795 -0.002511065 0.015837753 0.002883547 0.030159928 0.012505069 0.000952618 0.000107922 0.019735895 -0.002085288 0.065882184 0.038281150 0.024231950 0.017319342
0.057810944 0.037895709 0.026876641 0.012053412 0.034107871 0.022119999 0.019350065 0.019052928 0.029800078 0.004962835 0.015567232 0.014570829 0.011351319 0.020679299 0.059793115 0.054626264 0.036785729 0.016034273 0.030836714 0.013473698 0.037407544 0.023510747 0.050608695 0.021034850 0.028361537 0.007154696 0.026515361 0.029115602 0.049269173 0.019504730 0.022562886 0.013296388 0.031149697 0.038978897
0.047612641 0.028790772 0.011472471 0.030885749 0.020020869 0.008217910 0.006476315 0.007250826 0.010900161 0.015567232 -0.003841642 0.019751813 0.007627008 0.010149483 0.048133861 0.039076179 0.016710775 0.019740349 0.015792800 0.011383982 0.015000248 0.013881698 0.031746428 0.007816382 0.021943770 0.006255378 0.007255377 0.008620657 0.031488407 0.007183051 0.046646230 0.017349638 0.017992441 0.021850478
0.059479907 0.038828254 0.031454131 0.030537702 0.032404404 0.026366921 0.021612557 0.023345448 0.028134502 0.014570829 0.019751813 0.014735337 0.022139700 0.021406399 0.061536290 0.053701222 0.036082383 0.020955494 0.032520607 0.022916343 0.038626470 0.024168542 0.049103208 0.022521323 0.033604741 0.014836909 0.025171855 0.029944405 0.045690805 0.020027280 0.046431489 0.028543688 0.035633415 0.039495561
0.047784343 0.031658556 0.015696853 0.028366312 0.022677016 0.008033115 0.010908770 0.005564002 0.017202146 0.011351319 0.007627008 0.022139700 -0.011000998 0.010993116 0.050921235 0.046698172 0.020044912 0.022190105 0.019187665 0.012520363 0.020096568 0.011507900 0.037138961 0.009201670 0.016292948 0.008266118 0.006997732 0.014830792 0.034381002 0.009058658 0.040103663 0.018976433 0.026511161 0.024761723
0.042810351 0.024672627 0.010842164 0.033572067 0.018597752 0.008355693 0.003103495 0.003125814 0.009644820 0.020679299 0.010149483 0.021406399 0.010993116 -0.005450673 0.042984247 0.034114636 0.014028139 0.023475386 0.013037601 0.015102373 0.011955901 0.013680391 0.027594160 0.006739680 0.018873168 0.009290535 0.003500551 0.009252202 0.027292021 0.005493016 0.044570900 0.026264753 0.022966843 0.020750798
0.034177981 0.052759595 0.028751101 0.076196551 0.030948320 0.039392944 0.037351873 0.042835720 0.045982827 0.059793115 0.048133861 0.061536290 0.050921235 0.042984247 0.024194879 0.013716680 0.032192957 0.069997415 0.038818393 0.056943785 0.034192782 0.049274758 0.030369164 0.039183293 0.042598199 0.057626400 0.042380396 0.037331775 0.029155236 0.048429653 0.072822437 0.071286619 0.040023997 0.030841440
0.019806396 0.031829879 0.012698794 0.071649015 0.019344876 0.024865303 0.025268931 0.028008301 0.024346270 0.054626264 0.039076179 0.053701222 0.046698172 0.034114636 0.013716680 -0.016007122 0.014272143 0.059631001 0.026656941 0.041439712 0.014549269 0.029557781 0.000961744 0.026602710 0.035073411 0.049781658 0.024243310 0.021005420 0.002891900 0.032119948 0.071763739 0.067060016 0.025397889 0.005745892
0.031554330 0.024532910 0.001943481 0.050625578 0.012119756 0.007902082 0.007898671 0.014495888 0.008109748 0.036785729 0.016710775 0.036082383 0.020044912 0.014028139 0.032192957 0.014272143 -0.010208339 0.036625382 0.015973054 0.025708288 0.006499997 0.014900695 0.009073812 0.008046763 0.025983810 0.023814166 0.006183359 0.006844191 0.012457756 0.013002740 0.064895421 0.041622326 0.009574030 0.015359314
0.063666895 0.038441259 0.028782571 0.033651128 0.037340336 0.027755596 0.021062924 0.023874747 0.028370384 0.016034273 0.019740349 0.020955494 0.022190105 0.023475386 0.069997415 0.059631001 0.036625382 0.008862413 0.032073840 0.029668923 0.035309959 0.028305482 0.056262434 0.022177493 0.033217151 0.014226833 0.023484338 0.029801181 0.053820699 0.023244632 0.047178768 0.033252414 0.036426939 0.042632349
0.041057192 0.028633319 0.013764836 0.045770708 0.024952020 0.011620412 0.013757497 0.014238435 0.015767977 0.030836714 0.015792800 0.032520607 0.019187665 0.013037601 0.038818393 0.026656941 0.015973054 0.032073840 0.000661429 0.029011972 0.015952256 0.016338959 0.025532532 0.015512844 0.027418379 0.019877858 0.013910226 0.015209178 0.021144565 0.014365122 0.055740930 0.038061030 0.023941051 0.017933771
0.054178290 0.044915907 0.019495763 0.033591695 0.026050974 0.016010478 0.007737629 0.010878228 0.018784724 0.013473698 0.011383982 0.022916343 0.012520363 0.015102373 0.056943785 0.041439712 0.025708288 0.029668923 0.029011972 -0.000218555 0.026354380 0.016066197 0.038553081 0.014157406 0.025775792 0.014622040 0.013360696 0.018411376 0.037063614 0.010560410 0.048553005 0.032133479 0.031909812 0.030005418
0.029968573 0.026670275 0.003326009 0.051629927 0.011179520 0.003378627 0.004303983 0.009552140 0.010193795 0.037407544 0.015000248 0.038626470 0.020096568 0.011955901 0.034192782 0.014549269 0.006499997 0.035309959 0.015952256 0.026354380 -0.001195899 0.010306666 0.009005775 0.004567020 0.030342724 0.023998475 0.005834152 0.006194028 0.007401463 0.010352151 0.062220640 0.040138833 0.012157123 0.008754783
0.046994075 0.023725135 0.008456982 0.036911726 0.028020887 0.012218930 0.006201857 0.012752360 -0.002511065 0.023510747 0.013881698 0.024168542 0.011507900 0.013680391 0.049274758 0.029557781 0.014900695 0.028305482 0.016338959 0.016066197 0.010306666 -0.022437368 0.023589106 -0.000893145 0.026609233 0.008701467 0.009983386 0.010604572 0.026298452 0.010775489 0.060123447 0.029825339 0.020442909 0.020774301
0.022121139 0.039148454 0.009434562 0.064834759 0.012146831 0.021259032 0.020498715 0.026819527 0.015837753 0.050608695 0.031746428 0.049103208 0.037138961 0.027594160 0.030369164 0.000961744 0.009073812 0.056262434 0.025532532 0.038553081 0.009005775 0.023589106 -0.008579127 0.020363392 0.033535074 0.042529900 0.019868948 0.017695889 0.007940279 0.026664510 0.073852614 0.058499061 0.019729797 0.007132364
0.040783212 0.022189997 0.001345043 0.032300711 0.015219901 0.005441378 -0.001929142 0.001119294 0.002883547 0.021034850 0.007816382 0.022521323 0.009201670 0.006739680 0.039183293 0.026602710 0.008046763 0.022177493 0.015512844 0.014157406 0.004567020 -0.000893145 0.020363392 -0.002757085 0.020601138 0.008181343 -0.001713328 -0.000065355 0.019124933 -0.001395416 0.048708729 0.025479488 0.014731814 0.015050883
0.050920829 0.014249355 0.021050908 0.044050068 0.024849024 0.023166005 0.022111190 0.011693192 0.030159928 0.028361537 0.021943770 0.033604741 0.016292948 0.018873168 0.042598199 0.035073411 0.025983810 0.033217151 0.027418379 0.025775792 0.030342724 0.026609233 0.033535074 0.020601138 -0.019563589 0.020914469 0.018403787 0.019992400 0.038912289 0.024074482 0.054669064 0.036703497 0.031307705 0.026979143
0.053093672 0.024748750 0.019080924 0.027948851 0.024843624 0.016632281 0.008345186 0.010197002 0.012505069 0.007154696 0.006255378 0.014836909 0.008266118 0.009290535 0.057626400 0.049781658 0.023814166 0.014226833 0.019877858 0.014622040 0.023998475 0.008701467 0.042529900 0.008181343 0.020914469 -0.006569173 0.010845791 0.015561331 0.037282713 0.003920762 0.044990350 0.020527916 0.024715230 0.028822184
0.042177070 0.027327223 0.002751633 0.041295491 0.012598478 0.003816882 -0.000502959 -0.000046402 0.000952618 0.026515361 0.007255377 0.025171855 0.006997732 0.003500551 0.042380396 0.024243310 0.006183359 0.023484338 0.013910226 0.013360696 0.005834152 0.009983386 0.019868948 -0.001713328 0.018403787 0.010845791 -0.010125427 0.001262864 0.021636773 -0.001023777 0.056308858 0.038400758 0.020738088 0.012898359
0.039328743 0.022334227 0.004394537 0.041928023 0.014782615 0.002153518 -0.000209245 0.008884370 0.000107922 0.029115602 0.008620657 0.029944405 0.014830792 0.009252202 0.037331775 0.021005420 0.006844191 0.029801181 0.015209178 0.018411376 0.006194028 0.010604572 0.017695889 -0.000065355 0.019992400 0.015561331 0.001262864 -0.007159844 0.018938988 0.001523572 0.055761255 0.036277525 0.017760020 0.013980061
0.023101768 0.038353194 0.009154622 0.063610144 0.015864177 0.022158520 0.019468483 0.025592726 0.019735895 0.049269173 0.031488407 0.045690805 0.034381002 0.027292021 0.029155236 0.002891900 0.012457756 0.053820699 0.021144565 0.037063614 0.007401463 0.026298452 0.007940279 0.019124933 0.038912289 0.037282713 0.021636773 0.018938988 -0.003365354 0.027155709 0.073319510 0.057632387 0.021203555 0.014794487
0.049366102 0.031473383 0.008480310 0.032398373 0.016127232 0.005506308 -0.005393058 0.006705867 -0.002085288 0.019504730 0.007183051 0.020027280 0.009058658 0.005493016 0.048429653 0.032119948 0.013002740 0.023244632 0.014365122 0.010560410 0.010352151 0.010775489 0.026664510 -0.001395416 0.024074482 0.003920762 -0.001023777 0.001523572 0.027155709 -0.022393811 0.056698345 0.035829026 0.021990482 0.021648776
0.079761267 0.072326392 0.050623640 0.035933703 0.051929411 0.045905504 0.049354214 0.043033246 0.065882184 0.022562886 0.046646230 0.046431489 0.040103663 0.044570900 0.072822437 0.071763739 0.064895421 0.047178768 0.055740930 0.048553005 0.062220640 0.060123447 0.073852614 0.048708729 0.054669064 0.044990350 0.056308858 0.055761255 0.073319510 0.056698345 -0.001527548 0.046267312 0.062622383 0.052757740
0.065757245 0.038152315 0.033168435 0.027760483 0.041842088 0.025096277 0.027069243 0.025348857 0.038281150 0.013296388 0.017349638 0.028543688 0.018976433 0.026264753 0.071286619 0.067060016 0.041622326 0.033252414 0.038061030 0.032133479 0.040138833 0.029825339 0.058499061 0.025479488 0.036703497 0.020527916 0.038400758 0.036277525 0.057632387 0.035829026 0.046267312 -0.003669143 0.036569618 0.042723689
0.034647882 0.025109928 0.015542359 0.046022706 0.015944410 0.020610467 0.018227173 0.026535355 0.024231950 0.031149697 0.017992441 0.035633415 0.026511161 0.022966843 0.040023997 0.025397889 0.009574030 0.036426939 0.023941051 0.031909812 0.012157123 0.020442909 0.019729797 0.014731814 0.031307705 0.024715230 0.020738088 0.017760020 0.021203555 0.021990482 0.062622383 0.036569618 -0.024552844 0.020373432
0.026414081 0.033998914 0.005874768 0.052800462 0.014128212 0.013156404 0.013295555 0.018846817 0.017319342 0.038978897 0.021850478 0.039495561 0.024761723 0.020750798 0.030841440 0.005745892 0.015359314 0.042632349 0.017933771 0.030005418 0.008754783 0.020774301 0.007132364 0.015050883 0.026979143 0.028822184 0.012898359 0.013980061 0.014794487 0.021648776 0.052757740 0.042723689 0.020373432 -0.005010558
