0.023717200 0.060506947 0.021293161 0.067990504 0.029379418 0.040824261 0.033998445 0.038491361 0.040928517 0.064193934 0.047589481 0.059508894 0.046873808 0.042954613 0.047555719 0.024254747 0.032309610 0.058169685 0.037208665 0.057566248 0.029017579 0.049263850 0.026575785 0.036346741 0.051135071 0.052282028 0.040269788 0.040446334 0.026297618 0.044052389 0.084580965 0.064094737 0.042179383 0.029891448
0.060506947 -0.053064093 0.018803870 0.050985545 0.026540857 0.025454059 0.021509131 0.019193918 0.032848150 0.037570894 0.031190641 0.034533925 0.029252062 0.021722021 0.061187301 0.035318874 0.023852170 0.035277508 0.025949275 0.044111080 0.023576938 0.022345001 0.039587364 0.021789946 0.013889637 0.022183003 0.029845508 0.018624011 0.034393165 0.032567784 0.071008980 0.029081976 0.025718153 0.032846212
0.021293161 0.018803870 -0.001278492 0.041739162 0.009933619 0.009459819 -0.000233340 0.003591573 0.004880138 0.031741850 0.011215175 0.032800455 0.014360177 0.011888053 0.028041916 0.015453411 0.000231253 0.026578158 0.011840192 0.020537410 0.003581644 0.011225299 0.012719827 0.001300463 0.018082108 0.021959404 0.002392792 0.007010819 0.012803115 0.008138282 0.051797103 0.037607607 0.021351876 0.005949456
0.067990504 0.050985545 0.041739162 0.010907557 0.041299164 0.034216374 0.033493474 0.028093623 0.043286882 0.011526540 0.032073546 0.027005674 0.023998458 0.028454740 0.075594641 0.075182743 0.048222400 0.027498413 0.041241884 0.035607684 0.051616289 0.035012625 0.063186616 0.032972313 0.045900632 0.026451627 0.044279072 0.039324224 0.059284370 0.034397792 0.031112725 0.016148442 0.043665029 0.048543733
0.029379418 0.026540857 0.009933619 0.041299164 -0.000700621 0.020481480 0.009891725 0.016066922 0.021434946 0.035448000 0.020208981 0.029425541 0.021987174 0.018038133 0.032507550 0.024878506 0.011564710 0.025804527 0.019539963 0.028262220 0.013248606 0.028994605 0.020817829 0.015392311 0.019528382 0.026479028 0.013806658 0.017991977 0.018561207 0.010231055 0.052431360 0.042429008 0.026392395 0.016204733
0.040824261 0.025454059 0.009459819 0.034216374 0.020481480 -0.016301276 0.005172769 0.005588379 0.009228918 0.025707735 0.013090004 0.027581709 0.010037890 0.010788431 0.044482447 0.033814542 0.010854465 0.025655931 0.012251310 0.023108758 0.009032194 0.014734600 0.026991110 0.008873244 0.022383761 0.020550812 0.009293546 0.006489807 0.025313403 0.004549002 0.047420219 0.027350331 0.025805455 0.020280927
0.033998445 0.021509131 -0.000233340 0.033493474 0.009891725 0.005172769 -0.016064636 -0.004319921 0.001739267 0.020599972 0.003080268 0.020944908 0.007026615 0.002808137 0.033884972 0.027787181 0.007010421 0.018662676 0.011107356 0.008008502 0.004414612 0.007064315 0.021337003 -0.004512788 0.019043436 0.009771689 -0.003382283 0.000439066 0.019046508 -0.007329429 0.048889745 0.030232670 0.021070002 0.012267482
0.038491361 0.019193918 0.003591573 0.028093623 0.016066922 0.005588379 -0.004319921 -0.002337324 0.007021639 0.015386926 0.005859037 0.016960042 0.001587381 -0.000586717 0.038568713 0.030764576 0.011589567 0.015558852 0.007972741 0.011548672 0.009852890 0.006919882 0.024543153 0.001155976 0.011454615 0.007627084 0.000908398 0.002943373 0.024666313 -0.000529484 0.037412141 0.021315774 0.021315323 0.017987842
0.040928517 0.032848150 0.004880138 0.043286882 0.021434946 0.009228918 0.001739267 0.007021639 -0.001506346 0.030402679 0.008159114 0.026318777 0.012839107 0.008824695 0.044875767 0.026024474 0.006583623 0.026083503 0.012714516 0.018368989 0.009261154 -0.001523456 0.016804749 0.002418238 0.030002683 0.012445942 0.000984249 -0.000433078 0.019797903 -0.002005870 0.063754283 0.037470512 0.026273826 0.016884394
0.064193934 0.037570894 0.031741850 0.011526540 0.035448000 0.025707735 0.020599972 0.015386926 0.030402679 0.005690982 0.020885553 0.010355741 0.011909228 0.018632457 0.071329705 0.063063487 0.039731570 0.014938237 0.031381566 0.014483599 0.036129870 0.023435334 0.055415589 0.024138998 0.031367056 0.005687539 0.031763431 0.028263817 0.052198395 0.024884813 0.024466556 0.003601017 0.035206560 0.041933104
0.047589481 0.031190641 0.011215175 0.032073546 0.020208981 0.013090004 0.003080268 0.005859037 0.008159114 0.020885553 -0.011390518 0.020498425 0.002740171 0.004917748 0.054924406 0.044020850 0.017211644 0.010045149 0.010556055 0.015003872 0.016515106 0.014383825 0.036383457 0.003948243 0.020102054 0.004344637 0.005330265 0.011454013 0.033642910 0.000214965 0.051971570 0.020722045 0.025793971 0.024311882
0.059508894 0.034533925 0.032800455 0.027005674 0.029425541 0.027581709 0.020944908 0.016960042 0.026318777 0.010355741 0.020498425 0.009161450 0.017738529 0.017817775 0.064356558 0.058210105 0.035317607 0.017386209 0.029779844 0.018949270 0.034786750 0.022564474 0.049483504 0.022961415 0.032545373 0.012939844 0.027193088 0.025917452 0.044377699 0.021749623 0.043055806 0.013417467 0.036025055 0.037051518
0.046873808 0.029252062 0.014360177 0.023998458 0.021987174 0.010037890 0.007026615 0.001587381 0.012839107 0.011909228 0.002740171 0.017738529 -0.014801175 0.004640844 0.052723676 0.048488121 0.018045608 0.013823554 0.013626369 0.012029790 0.019916702 0.008622444 0.037128706 0.004644319 0.015144242 0.003674643 0.004147262 0.012206302 0.035231724 0.002478732 0.040374614 0.018040475 0.027127335 0.024433007
0.042954613 0.021722021 0.011888053 0.028454740 0.018038133 0.010788431 0.002808137 -0.000586717 0.008824695 0.018632457 0.004917748 0.017817775 0.004640844 -0.007005025 0.044312991 0.040577553 0.012547404 0.015085584 0.009128438 0.012982491 0.010197970 0.011442563 0.029873911 0.007067021 0.017410595 0.008986965 0.005130378 0.007551752 0.025085846 0.000700764 0.040602539 0.019416898 0.024728553 0.020901565
0.047555719 0.061187301 0.028041916 0.075594641 0.032507550 0.044482447 0.033884972 0.038568713 0.044875767 0.071329705 0.054924406 0.064356558 0.052723676 0.044312991 0.040369127 0.021188207 0.036774091 0.067107618 0.037780255 0.059700705 0.032256983 0.059057966 0.038164143 0.038147166 0.044957511 0.061029017 0.045514148 0.037541255 0.038798649 0.048159301 0.089954123 0.070819527 0.060753170 0.036959194
0.024254747 0.035318874 0.015453411 0.075182743 0.024878506 0.033814542 0.027787181 0.030764576 0.026024474 0.063063487 0.044020850 0.058210105 0.048488121 0.040577553 0.021188207 -0.010066678 0.017277582 0.063218772 0.028344022 0.046941504 0.016532497 0.035893604 0.008987908 0.029325319 0.037767205 0.055506743 0.027820215 0.025989557 0.011896683 0.035771519 0.077027835 0.075446241 0.035555530 0.012353051
0.032309610 0.023852170 0.000231253 0.048222400 0.011564710 0.010854465 0.007010421 0.011589567 0.006583623 0.039731570 0.017211644 0.035317607 0.018045608 0.012547404 0.036774091 0.017277582 -0.012251616 0.031503193 0.012255350 0.026765063 0.006081198 0.015170837 0.011555477 0.006116766 0.026028346 0.023994638 0.006752460 0.006687872 0.008834419 0.009776030 0.064809248 0.038694777 0.012317687 0.015834074
0.058169685 0.035277508 0.026578158 0.027498413 0.025804527 0.025655931 0.018662676 0.015558852 0.026083503 0.014938237 0.010045149 0.017386209 0.013823554 0.015085584 0.067107618 0.063218772 0.031503193 -0.006821614 0.025570519 0.025138555 0.032951452 0.024930561 0.055458717 0.019955030 0.026153520 0.012130449 0.020696718 0.027661044 0.046311937 0.015590688 0.042949241 0.019993145 0.035228319 0.033738017
0.037208665 0.025949275 0.011840192 0.041241884 0.019539963 0.012251310 0.011107356 0.007972741 0.012714516 0.031381566 0.010556055 0.029779844 0.013626369 0.009128438 0.037780255 0.028344022 0.012255350 0.025570519 -0.004834402 0.026473302 0.012749878 0.014927818 0.024985516 0.013349165 0.024161376 0.018345036 0.012329403 0.012846580 0.017707177 0.011036057 0.053157039 0.030742291 0.024739813 0.014086584
0.057566248 0.044111080 0.020537410 0.035607684 0.028262220 0.023108758 0.008008502 0.011548672 0.018368989 0.014483599 0.015003872 0.018949270 0.012029790 0.012982491 0.059700705 0.046941504 0.026765063 0.025138555 0.026473302 0.004505505 0.028453268 0.018664833 0.042350136 0.014841898 0.023211159 0.013788061 0.016008602 0.019355036 0.043018695 0.014052108 0.052000325 0.034433875 0.040650256 0.031964142
0.029017579 0.023576938 0.003581644 0.051616289 0.013248606 0.009032194 0.004414612 0.009852890 0.009261154 0.036129870 0.016515106 0.034786750 0.019916702 0.010197970 0.032256983 0.016532497 0.006081198 0.032951452 0.012749878 0.028453268 -0.001178219 0.010393675 0.009725186 0.004786511 0.028576642 0.023074640 0.006867607 0.004882533 0.014363024 0.011986499 0.061736569 0.040162712 0.014437466 0.009145675
0.049263850 0.022345001 0.011225299 0.035012625 0.028994605 0.014734600 0.007064315 0.006919882 -0.001523456 0.023435334 0.014383825 0.022564474 0.008622444 0.011442563 0.059057966 0.035893604 0.015170837 0.024930561 0.014927818 0.018664833 0.010393675 -0.023143299 0.025714006 0.001304512 0.031549398 0.008847937 0.013985705 0.009280875 0.024358481 0.011407169 0.058635388 0.019039007 0.021371834 0.022723444
0.026575785 0.039587364 0.012719827 0.063186616 0.020817829 0.026991110 0.021337003 0.024543153 0.016804749 0.055415589 0.036383457 0.049483504 0.037128706 0.029873911 0.038164143 0.008987908 0.011555477 0.055458717 0.024985516 0.042350136 0.009725186 0.025714006 -0.002373338 0.021781161 0.039091058 0.044263080 0.024181997 0.019162867 0.015559575 0.027273823 0.074642725 0.057192177 0.025271608 0.015051636
0.036346741 0.021789946 0.001300463 0.032972313 0.015392311 0.008873244 -0.004512788 0.001155976 0.002418238 0.024138998 0.003948243 0.022961415 0.004644319 0.007067021 0.038147166 0.029325319 0.006116766 0.019955030 0.013349165 0.014841898 0.004786511 0.001304512 0.021781161 -0.002719883 0.017526813 0.010273775 -0.001808804 0.001583383 0.018279579 -0.001670513 0.048948385 0.029562570 0.018500723 0.014254934
0.051135071 0.013889637 0.018082108 0.045900632 0.019528382 0.022383761 0.019043436 0.011454615 0.030002683 0.031367056 0.020102054 0.032545373 0.015144242 0.017410595 0.044957511 0.037767205 0.026028346 0.026153520 0.024161376 0.023211159 0.028576642 0.031549398 0.039091058 0.017526813 -0.032685146 0.022393618 0.014902748 0.023004148 0.042864349 0.020716826 0.062541693 0.044058681 0.044361565 0.025778305
0.052282028 0.022183003 0.021959404 0.026451627 0.026479028 0.020550812 0.009771689 0.007627084 0.012445942 0.005687539 0.004344637 0.012939844 0.003674643 0.008986965 0.061029017 0.055506743 0.023994638 0.012130449 0.018345036 0.013788061 0.023074640 0.008847937 0.044263080 0.010273775 0.022393618 -0.005084909 0.013983885 0.014553457 0.037223671 0.006779034 0.042106204 0.012141123 0.026562460 0.029710114
0.040269788 0.029845508 0.002392792 0.044279072 0.013806658 0.009293546 -0.003382283 0.000908398 0.000984249 0.031763431 0.005330265 0.027193088 0.004147262 0.005130378 0.045514148 0.027820215 0.006752460 0.020696718 0.012329403 0.016008602 0.006867607 0.013985705 0.024181997 -0.001808804 0.014902748 0.013983885 -0.007327470 0.005018834 0.023327125 -0.001864047 0.060818285 0.046327442 0.028736740 0.014534558
0.040446334 0.018624011 0.007010819 0.039324224 0.017991977 0.006489807 0.000439066 0.002943373 -0.000433078 0.028263817 0.011454013 0.025917452 0.012206302 0.007551752 0.037541255 0.025989557 0.006687872 0.027661044 0.012846580 0.019355036 0.004882533 0.009280875 0.019162867 0.001583383 0.023004148 0.014553457 0.005018834 -0.009158500 0.017425176 0.004904853 0.051252291 0.024965450 0.017458810 0.016314231
0.026297618 0.034393165 0.012803115 0.059284370 0.018561207 0.025313403 0.019046508 0.024666313 0.019797903 0.052198395 0.033642910 0.044377699 0.035231724 0.025085846 0.038798649 0.011896683 0.008834419 0.046311937 0.017707177 0.043018695 0.014363024 0.024358481 0.015559575 0.018279579 0.042864349 0.037223671 0.023327125 0.017425176 -0.001562750 0.020810820 0.069666341 0.053191125 0.021523066 0.017579384
0.044052389 0.032567784 0.008138282 0.034397792 0.010231055 0.004549002 -0.007329429 -0.000529484 -0.002005870 0.024884813 0.000214965 0.021749623 0.002478732 0.000700764 0.048159301 0.035771519 0.009776030 0.015590688 0.011036057 0.014052108 0.011986499 0.011407169 0.027273823 -0.001670513 0.020716826 0.006779034 -0.001864047 0.004904853 0.020810820 -0.023717450 0.054968201 0.029189710 0.023536257 0.016996089
0.084580965 0.071008980 0.051797103 0.031112725 0.052431360 0.047420219 0.048889745 0.037412141 0.063754283 0.024466556 0.051971570 0.043055806 0.040374614 0.040602539 0.089954123 0.077027835 0.064809248 0.042949241 0.053157039 0.052000325 0.061736569 0.058635388 0.074642725 0.048948385 0.062541693 0.042106204 0.060818285 0.051252291 0.069666341 0.054968201 0.000922348 0.035730422 0.061807074 0.056161463
0.064094737 0.029081976 0.037607607 0.016148442 0.042429008 0.027350331 0.030232670 0.021315774 0.037470512 0.003601017 0.020722045 0.013417467 0.018040475 0.019416898 0.070819527 0.075446241 0.038694777 0.019993145 0.030742291 0.034433875 0.040162712 0.019039007 0.057192177 0.029562570 0.044058681 0.012141123 0.046327442 0.024965450 0.053191125 0.029189710 0.035730422 -0.017498203 0.026682416 0.042164538
0.042179383 0.025718153 0.021351876 0.043665029 0.026392395 0.025805455 0.021070002 0.021315323 0.026273826 0.035206560 0.025793971 0.036025055 0.027127335 0.024728553 0.060753170 0.035555530 0.012317687 0.035228319 0.024739813 0.040650256 0.014437466 0.021371834 0.025271608 0.018500723 0.044361565 0.026562460 0.028736740 0.017458810 0.021523066 0.023536257 0.061807074 0.026682416 -0.019442242 0.031078143
0.029891448 0.032846212 0.005949456 0.048543733 0.016204733 0.020280927 0.012267482 0.017987842 0.016884394 0.041933104 0.024311882 0.037051518 0.024433007 0.020901565 0.036959194 0.012353051 0.015834074 0.033738017 0.014086584 0.031964142 0.009145675 0.022723444 0.015051636 0.014254934 0.025778305 0.029710114 0.014534558 0.016314231 0.017579384 0.016996089 0.056161463 0.042164538 0.031078143 -0.000572812
