0.000000000 0.100478470 0.045685280 0.216666669 0.141552508 0.268482476 0.113207549 0.189655170 0.035897437 0.219917014 0.129629627 0.149321273 0.179039299 0.125581399 0.069306932 0.025906736 0.045685280 0.141552508 0.091787443 0.182608694 0.073891625 0.045685280 0.000000000 0.064676620 0.171806172 0.137614682 0.104761906 0.082926832 0.055276383 0.129629627 0.271317840 0.210084036 0.015706806 0.087378643
0.100478470 0.000000000 0.055045873 0.118773945 0.041666668 0.172661871 0.012875536 0.090909094 0.064814813 0.122137405 0.029535865 0.049586777 0.079999998 0.025423728 0.031390134 0.074766353 0.055045873 0.041666668 0.008771930 0.083665341 0.026785715 0.055045873 0.100478470 0.036036037 0.072580643 0.037656903 0.004329004 0.017699115 0.045454547 0.029535865 0.175627246 0.111969113 0.084905662 0.013215859
0.045685280 0.055045873 0.000000000 0.172690764 0.096491225 0.225563914 0.067873307 0.145228222 0.009803922 0.175999999 0.084444441 0.104347825 0.134453788 0.080357142 0.023696683 0.019801980 0.000000000 0.096491225 0.046296295 0.138075307 0.028301887 0.000000000 0.045685280 0.019047620 0.127118647 0.092511013 0.059360731 0.037383176 0.009615385 0.084444441 0.228464425 0.165991902 0.029999999 0.041860465
0.216666669 0.118773945 0.172690764 0.000000000 0.077490777 0.055016182 0.106060609 0.028169014 0.182186231 0.003412969 0.089552239 0.069597073 0.039145909 0.093632959 0.149606302 0.191836730 0.172690764 0.077490777 0.127413124 0.035460994 0.145098045 0.172690764 0.216666669 0.154150203 0.046594981 0.081481479 0.114503816 0.136186764 0.163346618 0.089552239 0.058064517 0.006896552 0.201646090 0.131782949
0.141552508 0.041666668 0.096491225 0.077490777 0.000000000 0.131944448 0.028806584 0.049429659 0.106194690 0.080882356 0.012145749 0.007936508 0.038461540 0.016260162 0.072961375 0.116071425 0.096491225 0.000000000 0.050420169 0.042145595 0.068376072 0.096491225 0.141552508 0.077586204 0.031007752 0.004016064 0.037344400 0.059322033 0.086956523 0.012145749 0.134948090 0.070631973 0.126126125 0.054852322
0.268482476 0.172661871 0.225563914 0.055016182 0.131944448 0.000000000 0.160142347 0.083056480 0.234848484 0.051612902 0.143859655 0.124137931 0.093959734 0.147887319 0.202952027 0.244274810 0.225563914 0.131944448 0.181159422 0.090301007 0.198529407 0.225563914 0.268482476 0.207407400 0.101351351 0.135888502 0.168458775 0.189781025 0.216417909 0.143859655 0.003058104 0.061889250 0.253846169 0.185454547
0.113207549 0.012875536 0.067873307 0.106060609 0.028806584 0.160142347 0.000000000 0.078125000 0.077625573 0.109433964 0.016666668 0.036734693 0.067193680 0.012552301 0.044247787 0.087557606 0.067873307 0.028806584 0.021645023 0.070866145 0.039647575 0.067873307 0.113207549 0.048888888 0.059760958 0.024793388 0.008547009 0.030567685 0.058295965 0.016666668 0.163120568 0.099236645 0.097674422 0.026086956
0.189655170 0.090909094 0.145228222 0.028169014 0.049429659 0.083056480 0.078125000 0.000000000 0.154811710 0.031578947 0.061538462 0.041509435 0.010989011 0.065637067 0.121951222 0.164556965 0.145228222 0.049429659 0.099601597 0.007299270 0.117408909 0.145228222 0.189655170 0.126530617 0.018450184 0.053435113 0.086614177 0.108433738 0.135802463 0.061538462 0.086092718 0.021276595 0.174468085 0.104000002
0.035897437 0.064814813 0.009803922 0.182186231 0.106194690 0.234848484 0.077625573 0.154811710 0.000000000 0.185483873 0.094170406 0.114035085 0.144067794 0.090090089 0.033492822 0.010000000 0.009803922 0.106194690 0.056074765 0.147679329 0.038095240 0.009803922 0.035897437 0.028846154 0.136752144 0.102222219 0.069124423 0.047169812 0.019417476 0.094170406 0.237735853 0.175510198 0.020202020 0.051643193
0.219917014 0.122137405 0.175999999 0.003412969 0.080882356 0.051612902 0.109433964 0.031578947 0.185483873 0.000000000 0.092936806 0.072992697 0.042553190 0.097014926 0.152941182 0.195121944 0.175999999 0.080882356 0.130769238 0.038869258 0.148437500 0.175999999 0.219917014 0.157480314 0.050000001 0.084870845 0.117870726 0.139534891 0.166666672 0.092936806 0.054662380 0.010309278 0.204918027 0.135135129
0.129629627 0.029535865 0.084444441 0.089552239 0.012145749 0.143859655 0.016666668 0.061538462 0.094170406 0.092936806 0.000000000 0.020080321 0.050583657 0.004115226 0.060869563 0.104072399 0.084444441 0.012145749 0.038297873 0.054263566 0.056277055 0.084444441 0.129629627 0.065502182 0.043137256 0.008130081 0.025210084 0.047210302 0.074889868 0.000000000 0.146853149 0.082706764 0.114155248 0.042735044
0.149321273 0.049586777 0.104347825 0.069597073 0.007936508 0.124137931 0.036734693 0.041509435 0.114035085 0.072992697 0.020080321 0.000000000 0.030534351 0.024193548 0.080851063 0.123893805 0.104347825 0.007936508 0.058333334 0.034220532 0.076271184 0.104347825 0.149321273 0.085470088 0.023076924 0.011952192 0.045267489 0.067226894 0.094827585 0.020080321 0.127147764 0.062730625 0.133928567 0.062761508
0.179039299 0.079999998 0.134453788 0.039145909 0.038461540 0.093959734 0.067193680 0.010989011 0.144067794 0.042553190 0.050583657 0.030534351 0.000000000 0.054687500 0.111111112 0.153846160 0.134453788 0.038461540 0.088709675 0.003690037 0.106557377 0.134453788 0.179039299 0.115702480 0.007462686 0.042471044 0.075697213 0.097560972 0.125000000 0.050583657 0.096989967 0.032258064 0.163793102 0.093117408
0.125581399 0.025423728 0.080357142 0.093632959 0.016260162 0.147887319 0.012552301 0.065637067 0.090090089 0.097014926 0.004115226 0.024193548 0.054687500 0.000000000 0.056768559 0.100000001 0.080357142 0.016260162 0.034188036 0.058365759 0.052173913 0.080357142 0.125581399 0.061403509 0.047244094 0.012244898 0.021097047 0.043103449 0.070796460 0.004115226 0.150877193 0.086792454 0.110091746 0.038626611
0.069306932 0.031390134 0.023696683 0.149606302 0.072961375 0.202952027 0.044247787 0.121951222 0.033492822 0.152941182 0.060869563 0.080851063 0.111111112 0.056768559 0.000000000 0.043478262 0.023696683 0.072961375 0.022624435 0.114754096 0.004608295 0.023696683 0.069306932 0.004651163 0.103734441 0.068965517 0.035714287 0.013698630 0.014084507 0.060869563 0.205882356 0.142857149 0.053658538 0.018181818
0.025906736 0.074766353 0.019801980 0.191836730 0.116071425 0.244274810 0.087557606 0.164556965 0.010000000 0.195121944 0.104072399 0.123893805 0.153846160 0.100000001 0.043478262 0.000000000 0.019801980 0.116071425 0.066037737 0.157446802 0.048076924 0.019801980 0.025906736 0.038834952 0.146551728 0.112107620 0.079069771 0.057142857 0.029411765 0.104072399 0.247148290 0.185185179 0.010204081 0.061611373
0.045685280 0.055045873 0.000000000 0.172690764 0.096491225 0.225563914 0.067873307 0.145228222 0.009803922 0.175999999 0.084444441 0.104347825 0.134453788 0.080357142 0.023696683 0.019801980 0.000000000 0.096491225 0.046296295 0.138075307 0.028301887 0.000000000 0.045685280 0.019047620 0.127118647 0.092511013 0.059360731 0.037383176 0.009615385 0.084444441 0.228464425 0.165991902 0.029999999 0.041860465
0.141552508 0.041666668 0.096491225 0.077490777 0.000000000 0.131944448 0.028806584 0.049429659 0.106194690 0.080882356 0.012145749 0.007936508 0.038461540 0.016260162 0.072961375 0.116071425 0.096491225 0.000000000 0.050420169 0.042145595 0.068376072 0.096491225 0.141552508 0.077586204 0.031007752 0.004016064 0.037344400 0.059322033 0.086956523 0.012145749 0.134948090 0.070631973 0.126126125 0.054852322
0.091787443 0.008771930 0.046296295 0.127413124 0.050420169 0.181159422 0.021645023 0.099601597 0.056074765 0.130769238 0.038297873 0.058333334 0.088709675 0.034188036 0.022624435 0.066037737 0.046296295 0.050420169 0.000000000 0.092369474 0.018018018 0.046296295 0.091787443 0.027272727 0.081300810 0.046413504 0.013100437 0.008928572 0.036697246 0.038297873 0.184115529 0.120622568 0.076190479 0.004444445
0.182608694 0.083665341 0.138075307 0.035460994 0.042145595 0.090301007 0.070866145 0.007299270 0.147679329 0.038869258 0.054263566 0.034220532 0.003690037 0.058365759 0.114754096 0.157446802 0.138075307 0.042145595 0.092369474 0.000000000 0.110204078 0.138075307 0.182608694 0.119341567 0.011152416 0.046153847 0.079365082 0.101214573 0.128630713 0.054263566 0.093333334 0.028571429 0.167381972 0.096774191
0.073891625 0.026785715 0.028301887 0.145098045 0.068376072 0.198529407 0.039647575 0.117408909 0.038095240 0.148437500 0.056277055 0.076271184 0.106557377 0.052173913 0.004608295 0.048076924 0.028301887 0.068376072 0.018018018 0.110204078 0.000000000 0.028301887 0.073891625 0.009259259 0.099173553 0.064377680 0.031111112 0.009090909 0.018691588 0.056277055 0.201465204 0.138339922 0.058252428 0.013574661
0.045685280 0.055045873 0.000000000 0.172690764 0.096491225 0.225563914 0.067873307 0.145228222 0.009803922 0.175999999 0.084444441 0.104347825 0.134453788 0.080357142 0.023696683 0.019801980 0.000000000 0.096491225 0.046296295 0.138075307 0.028301887 0.000000000 0.045685280 0.019047620 0.127118647 0.092511013 0.059360731 0.037383176 0.009615385 0.084444441 0.228464425 0.165991902 0.029999999 0.041860465
0.000000000 0.100478470 0.045685280 0.216666669 0.141552508 0.268482476 0.113207549 0.189655170 0.035897437 0.219917014 0.129629627 0.149321273 0.179039299 0.125581399 0.069306932 0.025906736 0.045685280 0.141552508 0.091787443 0.182608694 0.073891625 0.045685280 0.000000000 0.064676620 0.171806172 0.137614682 0.104761906 0.082926832 0.055276383 0.129629627 0.271317840 0.210084036 0.015706806 0.087378643
0.064676620 0.036036037 0.019047620 0.154150203 0.077586204 0.207407400 0.048888888 0.126530617 0.028846154 0.157480314 0.065502182 0.085470088 0.115702480 0.061403509 0.004651163 0.038834952 0.019047620 0.077586204 0.027272727 0.119341567 0.009259259 0.019047620 0.064676620 0.000000000 0.108333334 0.073593073 0.040358745 0.018348623 0.009433962 0.065502182 0.210332111 0.147410363 0.049019609 0.022831051
0.171806172 0.072580643 0.127118647 0.046594981 0.031007752 0.101351351 0.059760958 0.018450184 0.136752144 0.050000001 0.043137256 0.023076924 0.007462686 0.047244094 0.103734441 0.146551728 0.127118647 0.031007752 0.081300810 0.011152416 0.099173553 0.127118647 0.171806172 0.108333334 0.000000000 0.035019454 0.068273090 0.090163931 0.117647059 0.043137256 0.104377106 0.039711192 0.156521738 0.085714288
0.137614682 0.037656903 0.092511013 0.081481479 0.004016064 0.135888502 0.024793388 0.053435113 0.102222219 0.084870845 0.008130081 0.011952192 0.042471044 0.012244898 0.068965517 0.112107620 0.092511013 0.004016064 0.046413504 0.046153847 0.064377680 0.092511013 0.137614682 0.073593073 0.035019454 0.000000000 0.033333335 0.055319149 0.082969435 0.008130081 0.138888896 0.074626863 0.122171946 0.050847456
0.104761906 0.004329004 0.059360731 0.114503816 0.037344400 0.168458775 0.008547009 0.086614177 0.069124423 0.117870726 0.025210084 0.045267489 0.075697213 0.021097047 0.035714287 0.079069771 0.059360731 0.037344400 0.013100437 0.079365082 0.031111112 0.059360731 0.104761906 0.040358745 0.068273090 0.033333335 0.000000000 0.022026431 0.049773756 0.025210084 0.171428576 0.107692309 0.089201875 0.017543860
0.082926832 0.017699115 0.037383176 0.136186764 0.059322033 0.189781025 0.030567685 0.108433738 0.047169812 0.139534891 0.047210302 0.067226894 0.097560972 0.043103449 0.013698630 0.057142857 0.037383176 0.059322033 0.008928572 0.101214573 0.009090909 0.037383176 0.082926832 0.018348623 0.090163931 0.055319149 0.022026431 0.000000000 0.027777778 0.047210302 0.192727268 0.129411772 0.067307696 0.004484305
0.055276383 0.045454547 0.009615385 0.163346618 0.086956523 0.216417909 0.058295965 0.135802463 0.019417476 0.166666672 0.074889868 0.094827585 0.125000000 0.070796460 0.014084507 0.029411765 0.009615385 0.086956523 0.036697246 0.128630713 0.018691588 0.009615385 0.055276383 0.009433962 0.117647059 0.082969435 0.049773756 0.027777778 0.000000000 0.074889868 0.219330862 0.156626508 0.039603960 0.032258064
0.129629627 0.029535865 0.084444441 0.089552239 0.012145749 0.143859655 0.016666668 0.061538462 0.094170406 0.092936806 0.000000000 0.020080321 0.050583657 0.004115226 0.060869563 0.104072399 0.084444441 0.012145749 0.038297873 0.054263566 0.056277055 0.084444441 0.129629627 0.065502182 0.043137256 0.008130081 0.025210084 0.047210302 0.074889868 0.000000000 0.146853149 0.082706764 0.114155248 0.042735044
0.271317840 0.175627246 0.228464425 0.058064517 0.134948090 0.003058104 0.163120568 0.086092718 0.237735853 0.054662380 0.146853149 0.127147764 0.096989967 0.150877193 0.205882356 0.247148290 0.228464425 0.134948090 0.184115529 0.093333334 0.201465204 0.228464425 0.271317840 0.210332111 0.104377106 0.138888896 0.171428576 0.192727268 0.219330862 0.146853149 0.000000000 0.064935066 0.256704986 0.188405797
0.210084036 0.111969113 0.165991902 0.006896552 0.070631973 0.061889250 0.099236645 0.021276595 0.175510198 0.010309278 0.082706764 0.062730625 0.032258064 0.086792454 0.142857149 0.185185179 0.165991902 0.070631973 0.120622568 0.028571429 0.138339922 0.165991902 0.210084036 0.147410363 0.039711192 0.074626863 0.107692309 0.129411772 0.156626508 0.082706764 0.064935066 0.000000000 0.195020750 0.125000000
0.015706806 0.084905662 0.029999999 0.201646090 0.126126125 0.253846169 0.097674422 0.174468085 0.020202020 0.204918027 0.114155248 0.133928567 0.163793102 0.110091746 0.053658538 0.010204081 0.029999999 0.126126125 0.076190479 0.167381972 0.058252428 0.029999999 0.015706806 0.049019609 0.156521738 0.122171946 0.089201875 0.067307696 0.039603960 0.114155248 0.256704986 0.195020750 0.000000000 0.071770333
0.087378643 0.013215859 0.041860465 0.131782949 0.054852322 0.185454547 0.026086956 0.104000002 0.051643193 0.135135129 0.042735044 0.062761508 0.093117408 0.038626611 0.018181818 0.061611373 0.041860465 0.054852322 0.004444445 0.096774191 0.013574661 0.041860465 0.087378643 0.022831051 0.085714288 0.050847456 0.017543860 0.004484305 0.032258064 0.042735044 0.188405797 0.125000000 0.071770333 0.000000000
