0.000000000 0.047619049 0.028037382 0.102040820 0.043478262 0.063829787 0.067796610 0.083333336 0.075630255 0.102040820 0.137254909 0.150579154 0.105691060 0.059829060 0.139896378 0.119999997 0.013452915 0.126984134 0.004566210 0.109311745 0.055793993 0.098360658 0.075630255 0.059829060 0.133858263 0.087136932 0.047619049 0.022222223 0.013452915 0.017857144 0.217081845 0.157088116 0.172932327 0.009009009
0.047619049 0.000000000 0.075555556 0.054687500 0.004149378 0.016260162 0.020242915 0.035856575 0.028112451 0.054687500 0.090225562 0.103703700 0.058365759 0.012244898 0.186274514 0.072796933 0.034188036 0.079847910 0.052173913 0.062015504 0.008196721 0.050980393 0.028112451 0.012244898 0.086792454 0.039682541 0.000000000 0.025423728 0.034188036 0.029787235 0.171232879 0.110294119 0.126353785 0.038626611
0.028037382 0.075555556 0.000000000 0.129707113 0.071428575 0.091703057 0.095652170 0.111111112 0.103448279 0.129707113 0.164658636 0.177865610 0.133333340 0.087719299 0.112299465 0.147540987 0.041474655 0.154471546 0.023474179 0.136929467 0.083700441 0.126050428 0.103448279 0.087719299 0.161290318 0.114893615 0.075555556 0.050228309 0.041474655 0.045871560 0.243636370 0.184313729 0.200000003 0.037037037
0.102040820 0.054687500 0.129707113 0.000000000 0.058823530 0.038461540 0.034482758 0.018867925 0.026615970 0.000000000 0.035714287 0.049295776 0.003690037 0.042471044 0.238532111 0.018181818 0.088709675 0.025270758 0.106557377 0.007352941 0.046511628 0.003717472 0.026615970 0.042471044 0.032258064 0.015037594 0.054687500 0.079999998 0.088709675 0.084337346 0.117647059 0.055944055 0.072164945 0.093117408
0.043478262 0.004149378 0.071428575 0.058823530 0.000000000 0.020408163 0.024390243 0.039999999 0.032258064 0.058823530 0.094339624 0.107806690 0.062500000 0.016393442 0.182266012 0.076923080 0.030042918 0.083969466 0.048034936 0.066147856 0.012345679 0.055118110 0.032258064 0.016393442 0.090909094 0.043824703 0.004149378 0.021276595 0.030042918 0.025641026 0.175257728 0.114391141 0.130434781 0.034482758
0.063829787 0.016260162 0.091703057 0.038461540 0.020408163 0.000000000 0.003984064 0.019607844 0.011857707 0.038461540 0.074074075 0.087591238 0.042145595 0.004016064 0.201923072 0.056603774 0.050420169 0.063670412 0.068376072 0.045801528 0.008064516 0.034749035 0.011857707 0.004016064 0.070631973 0.023437500 0.016260162 0.041666668 0.050420169 0.046025105 0.155405402 0.094202898 0.110320285 0.054852322
0.067796610 0.020242915 0.095652170 0.034482758 0.024390243 0.003984064 0.000000000 0.015625000 0.007874016 0.034482758 0.070110701 0.083636366 0.038167939 0.008000000 0.205741629 0.052631579 0.054393306 0.059701491 0.072340429 0.041825093 0.012048192 0.030769231 0.007874016 0.008000000 0.066666670 0.019455252 0.020242915 0.045643155 0.054393306 0.050000001 0.151515156 0.090252705 0.106382981 0.058823530
0.083333336 0.035856575 0.111111112 0.018867925 0.039999999 0.019607844 0.015625000 0.000000000 0.007751938 0.018867925 0.054545455 0.068100356 0.022556391 0.023622047 0.220657274 0.037037037 0.069958851 0.044117648 0.087866105 0.026217228 0.027667984 0.015151516 0.007751938 0.023622047 0.051094890 0.003831418 0.035856575 0.061224490 0.069958851 0.065573767 0.136212617 0.074733093 0.090909094 0.074380167
0.075630255 0.028112451 0.103448279 0.026615970 0.032258064 0.011857707 0.007874016 0.007751938 0.000000000 0.026615970 0.062271062 0.075812273 0.030303031 0.015873017 0.213270143 0.044776119 0.062240664 0.051851850 0.080168776 0.033962265 0.019920319 0.022900764 0.000000000 0.015873017 0.058823530 0.011583012 0.028112451 0.053497944 0.062240664 0.057851240 0.143812716 0.082437277 0.098591551 0.066666670
0.102040820 0.054687500 0.129707113 0.000000000 0.058823530 0.038461540 0.034482758 0.018867925 0.026615970 0.000000000 0.035714287 0.049295776 0.003690037 0.042471044 0.238532111 0.018181818 0.088709675 0.025270758 0.106557377 0.007352941 0.046511628 0.003717472 0.026615970 0.042471044 0.032258064 0.015037594 0.054687500 0.079999998 0.088709675 0.084337346 0.117647059 0.055944055 0.072164945 0.093117408
0.137254909 0.090225562 0.164658636 0.035714287 0.094339624 0.074074075 0.070110701 0.054545455 0.062271062 0.035714287 0.000000000 0.013605442 0.032028470 0.078066915 0.271929830 0.017543860 0.124031007 0.010452962 0.141732290 0.028368793 0.082089551 0.039426524 0.062271062 0.078066915 0.003460208 0.050724637 0.090225562 0.115384616 0.124031007 0.119691119 0.082278483 0.020270269 0.036544852 0.128404662
0.150579154 0.103703700 0.177865610 0.049295776 0.107806690 0.087591238 0.083636366 0.068100356 0.075812273 0.049295776 0.013605442 0.000000000 0.045614034 0.091575094 0.284482747 0.031141868 0.137404576 0.024054984 0.155038759 0.041958041 0.095588237 0.053003535 0.075812273 0.091575094 0.017064847 0.064285718 0.103703700 0.128787875 0.137404576 0.133079842 0.068750001 0.006666667 0.022950819 0.141762450
0.105691060 0.058365759 0.133333340 0.003690037 0.062500000 0.042145595 0.038167939 0.022556391 0.030303031 0.003690037 0.032028470 0.045614034 0.000000000 0.046153847 0.242009133 0.014492754 0.092369474 0.021582734 0.110204078 0.003663004 0.050193049 0.007407407 0.030303031 0.046153847 0.028571429 0.018726591 0.058365759 0.083665341 0.092369474 0.088000000 0.114006512 0.052264810 0.068493150 0.096774191
0.059829060 0.012244898 0.087719299 0.042471044 0.016393442 0.004016064 0.008000000 0.023622047 0.015873017 0.042471044 0.078066915 0.091575094 0.046153847 0.000000000 0.198067635 0.060606062 0.046413504 0.067669176 0.064377680 0.049808428 0.004048583 0.038759690 0.015873017 0.000000000 0.074626863 0.027450981 0.012244898 0.037656903 0.046413504 0.042016808 0.159322038 0.098181821 0.114285715 0.050847456
0.139896378 0.186274514 0.112299465 0.238532111 0.182266012 0.201923072 0.205741629 0.220657274 0.213270143 0.238532111 0.271929830 0.284482747 0.242009133 0.198067635 0.000000000 0.255605370 0.153061226 0.262222230 0.135416672 0.245454550 0.194174752 0.235023037 0.213270143 0.198067635 0.268722475 0.224299058 0.186274514 0.161616161 0.153061226 0.157360405 0.346456707 0.290598303 0.305439323 0.148717955
0.119999997 0.072796933 0.147540987 0.018181818 0.076923080 0.056603774 0.052631579 0.037037037 0.044776119 0.018181818 0.017543860 0.031141868 0.014492754 0.060606062 0.255605370 0.000000000 0.106719367 0.007092198 0.124497995 0.010830325 0.064638786 0.021897810 0.044776119 0.060606062 0.014084507 0.033210333 0.072796933 0.098039217 0.106719367 0.102362208 0.099678457 0.037800688 0.054054055 0.111111112
0.013452915 0.034188036 0.041474655 0.088709675 0.030042918 0.050420169 0.054393306 0.069958851 0.062240664 0.088709675 0.124031007 0.137404576 0.092369474 0.046413504 0.153061226 0.106719367 0.000000000 0.113725491 0.018018018 0.096000001 0.042372882 0.085020244 0.062240664 0.046413504 0.120622568 0.073770493 0.034188036 0.008771930 0.000000000 0.004405286 0.204225346 0.143939391 0.159851298 0.004444445
0.126984134 0.079847910 0.154471546 0.025270758 0.083969466 0.063670412 0.059701491 0.044117648 0.051851850 0.025270758 0.010452962 0.024054984 0.021582734 0.067669176 0.262222230 0.007092198 0.113725491 0.000000000 0.131474108 0.017921148 0.071698114 0.028985508 0.051851850 0.067669176 0.006993007 0.040293042 0.079847910 0.105058365 0.113725491 0.109375000 0.092651755 0.030716723 0.046979867 0.118110240
0.004566210 0.052173913 0.023474179 0.106557377 0.048034936 0.068376072 0.072340429 0.087866105 0.080168776 0.106557377 0.141732290 0.155038759 0.110204078 0.064377680 0.135416672 0.124497995 0.018018018 0.131474108 0.000000000 0.113821141 0.060344826 0.102880657 0.080168776 0.064377680 0.138339922 0.091666669 0.052173913 0.026785715 0.018018018 0.022421524 0.221428573 0.161538467 0.177358493 0.013574661
0.109311745 0.062015504 0.136929467 0.007352941 0.066147856 0.045801528 0.041825093 0.026217228 0.033962265 0.007352941 0.028368793 0.041958041 0.003663004 0.049808428 0.245454550 0.010830325 0.096000001 0.017921148 0.113821141 0.000000000 0.053846154 0.011070111 0.033962265 0.049808428 0.024911031 0.022388060 0.062015504 0.087301590 0.096000001 0.091633469 0.110389613 0.048611112 0.064846419 0.100401610
0.055793993 0.008196721 0.083700441 0.046511628 0.012345679 0.008064516 0.012048192 0.027667984 0.019920319 0.046511628 0.082089551 0.095588237 0.050193049 0.004048583 0.194174752 0.064638786 0.042372882 0.071698114 0.060344826 0.053846154 0.000000000 0.042801555 0.019920319 0.004048583 0.078651689 0.031496063 0.008196721 0.033613447 0.042372882 0.037974682 0.163265303 0.102189779 0.118279569 0.046808511
0.098360658 0.050980393 0.126050428 0.003717472 0.055118110 0.034749035 0.030769231 0.015151516 0.022900764 0.003717472 0.039426524 0.053003535 0.007407407 0.038759690 0.235023037 0.021897810 0.085020244 0.028985508 0.102880657 0.011070111 0.042801555 0.000000000 0.022900764 0.038759690 0.035971224 0.011320755 0.050980393 0.076305218 0.085020244 0.080645159 0.121311478 0.059649121 0.075862072 0.089430891
0.075630255 0.028112451 0.103448279 0.026615970 0.032258064 0.011857707 0.007874016 0.007751938 0.000000000 0.026615970 0.062271062 0.075812273 0.030303031 0.015873017 0.213270143 0.044776119 0.062240664 0.051851850 0.080168776 0.033962265 0.019920319 0.022900764 0.000000000 0.015873017 0.058823530 0.011583012 0.028112451 0.053497944 0.062240664 0.057851240 0.143812716 0.082437277 0.098591551 0.066666670
0.059829060 0.012244898 0.087719299 0.042471044 0.016393442 0.004016064 0.008000000 0.023622047 0.015873017 0.042471044 0.078066915 0.091575094 0.046153847 0.000000000 0.198067635 0.060606062 0.046413504 0.067669176 0.064377680 0.049808428 0.004048583 0.038759690 0.015873017 0.000000000 0.074626863 0.027450981 0.012244898 0.037656903 0.046413504 0.042016808 0.159322038 0.098181821 0.114285715 0.050847456
0.133858263 0.086792454 0.161290318 0.032258064 0.090909094 0.070631973 0.066666670 0.051094890 0.058823530 0.032258064 0.003460208 0.017064847 0.028571429 0.074626863 0.268722475 0.014084507 0.120622568 0.006993007 0.138339922 0.024911031 0.078651689 0.035971224 0.058823530 0.074626863 0.000000000 0.047272727 0.086792454 0.111969113 0.120622568 0.116279073 0.085714288 0.023728814 0.039999999 0.125000000
0.087136932 0.039682541 0.114893615 0.015037594 0.043824703 0.023437500 0.019455252 0.003831418 0.011583012 0.015037594 0.050724637 0.064285718 0.018726591 0.027450981 0.224299058 0.033210333 0.073770493 0.040293042 0.091666669 0.022388060 0.031496063 0.011320755 0.011583012 0.027450981 0.047272727 0.000000000 0.039682541 0.065040648 0.073770493 0.069387756 0.132450327 0.070921987 0.087108016 0.078189299
0.047619049 0.000000000 0.075555556 0.054687500 0.004149378 0.016260162 0.020242915 0.035856575 0.028112451 0.054687500 0.090225562 0.103703700 0.058365759 0.012244898 0.186274514 0.072796933 0.034188036 0.079847910 0.052173913 0.062015504 0.008196721 0.050980393 0.028112451 0.012244898 0.086792454 0.039682541 0.000000000 0.025423728 0.034188036 0.029787235 0.171232879 0.110294119 0.126353785 0.038626611
0.022222223 0.025423728 0.050228309 0.079999998 0.021276595 0.041666668 0.045643155 0.061224490 0.053497944 0.079999998 0.115384616 0.128787875 0.083665341 0.037656903 0.161616161 0.098039217 0.008771930 0.105058365 0.026785715 0.087301590 0.033613447 0.076305218 0.053497944 0.037656903 0.111969113 0.065040648 0.025423728 0.000000000 0.008771930 0.004366812 0.195804194 0.135338351 0.151291519 0.013215859
0.013452915 0.034188036 0.041474655 0.088709675 0.030042918 0.050420169 0.054393306 0.069958851 0.062240664 0.088709675 0.124031007 0.137404576 0.092369474 0.046413504 0.153061226 0.106719367 0.000000000 0.113725491 0.018018018 0.096000001 0.042372882 0.085020244 0.062240664 0.046413504 0.120622568 0.073770493 0.034188036 0.008771930 0.000000000 0.004405286 0.204225346 0.143939391 0.159851298 0.004444445
0.017857144 0.029787235 0.045871560 0.084337346 0.025641026 0.046025105 0.050000001 0.065573767 0.057851240 0.084337346 0.119691119 0.133079842 0.088000000 0.042016808 0.157360405 0.102362208 0.004405286 0.109375000 0.022421524 0.091633469 0.037974682 0.080645159 0.057851240 0.042016808 0.116279073 0.069387756 0.029787235 0.004366812 0.004405286 0.000000000 0.200000003 0.139622644 0.155555561 0.008849557
0.217081845 0.171232879 0.243636370 0.117647059 0.175257728 0.155405402 0.151515156 0.136212617 0.143812716 0.117647059 0.082278483 0.068750001 0.114006512 0.159322038 0.346456707 0.099678457 0.204225346 0.092651755 0.221428573 0.110389613 0.163265303 0.121311478 0.143812716 0.159322038 0.085714288 0.132450327 0.171232879 0.195804194 0.204225346 0.200000003 0.000000000 0.062111802 0.045871560 0.208480567
0.157088116 0.110294119 0.184313729 0.055944055 0.114391141 0.094202898 0.090252705 0.074733093 0.082437277 0.055944055 0.020270269 0.006666667 0.052264810 0.098181821 0.290598303 0.037800688 0.143939391 0.030716723 0.161538467 0.048611112 0.102189779 0.059649121 0.082437277 0.098181821 0.023728814 0.070921987 0.110294119 0.135338351 0.143939391 0.139622644 0.062111802 0.000000000 0.016286645 0.148288980
0.172932327 0.126353785 0.200000003 0.072164945 0.130434781 0.110320285 0.106382981 0.090909094 0.098591551 0.072164945 0.036544852 0.022950819 0.068493150 0.114285715 0.305439323 0.054054055 0.159851298 0.046979867 0.177358493 0.064846419 0.118279569 0.075862072 0.098591551 0.114285715 0.039999999 0.087108016 0.126353785 0.151291519 0.159851298 0.155555561 0.045871560 0.016286645 0.000000000 0.164179102
0.009009009 0.038626611 0.037037037 0.093117408 0.034482758 0.054852322 0.058823530 0.074380167 0.066666670 0.093117408 0.128404662 0.141762450 0.096774191 0.050847456 0.148717955 0.111111112 0.004444445 0.118110240 0.013574661 0.100401610 0.046808511 0.089430891 0.066666670 0.050847456 0.125000000 0.078189299 0.038626611 0.013215859 0.004444445 0.008849557 0.208480567 0.148288980 0.164179102 0.000000000
