0.018290658 0.053647347 0.020391047 0.074152149 0.018807767 0.036347948 0.035288744 0.039040014 0.042802915 0.058009878 0.046204086 0.069540903 0.047312945 0.043412291 0.032017700 0.024884328 0.028034400 0.060113922 0.037846573 0.061249651 0.028098339 0.045158550 0.022718923 0.039104193 0.051158659 0.049466915 0.040609203 0.034426890 0.019452464 0.046969526 0.077802077 0.066329472 0.041109681 0.023035133
0.053647347 -0.050568894 0.017903049 0.068937212 0.022396559 0.020240663 0.022690330 0.022280479 0.036329225 0.045345355 0.025834985 0.056286328 0.029569976 0.028535714 0.052340921 0.036169581 0.024336122 0.036535047 0.028587025 0.053098142 0.027128078 0.027425559 0.043571636 0.022510575 0.010973805 0.029531475 0.026924672 0.027127540 0.034354825 0.036934640 0.078231364 0.044371150 0.036225129 0.032095529
0.020391047 0.017903049 -0.001364460 0.043074109 0.006476120 0.004719054 -0.000227532 0.003630182 0.004831597 0.028790787 0.010580373 0.037274908 0.014971895 0.013004486 0.027867032 0.011973748 -0.000290657 0.029603751 0.012098432 0.020583965 0.003511495 0.009643734 0.010576544 0.001238288 0.020500463 0.019964268 0.002214396 0.005799346 0.009889571 0.010449215 0.050156720 0.038542263 0.017454438 0.008603161
0.074152149 0.068937212 0.043074109 0.014082238 0.043220844 0.029085208 0.033631116 0.035705931 0.046861585 0.011665220 0.032134920 0.036182515 0.030894015 0.033154260 0.080733679 0.066868246 0.053700246 0.039544199 0.049641963 0.036019135 0.051306766 0.040007979 0.065071188 0.033611249 0.049128182 0.024513127 0.045248255 0.040587079 0.064931132 0.035557538 0.038977303 0.032454610 0.041532338 0.052367263
0.018807767 0.022396559 0.006476120 0.043220844 -0.016544808 0.010580922 0.009290400 0.015110865 0.019042201 0.029257752 0.018340707 0.037283327 0.021881938 0.019234622 0.025048645 0.018167915 0.007150345 0.028300682 0.017378155 0.025743932 0.011632918 0.021046687 0.012189636 0.014505328 0.027890522 0.022420859 0.012659306 0.011347171 0.009589359 0.010652775 0.047104817 0.042752214 0.014175446 0.018439949
0.036347948 0.020240663 0.004719054 0.029085208 0.010580922 -0.028213914 0.001146981 0.001971602 0.003517529 0.018249486 0.006588614 0.026017234 0.007125601 0.006357709 0.035491984 0.023017034 0.005475541 0.022824423 0.006850732 0.012668109 0.002330817 0.008323976 0.020253874 0.004486790 0.025160845 0.014273975 0.003802520 -0.000602053 0.018496558 0.001910053 0.042479474 0.022817243 0.014997799 0.014660775
0.035288744 0.022690330 -0.000227532 0.033631116 0.009290400 0.001146981 -0.012239916 -0.002243605 0.002848863 0.020257058 0.005440395 0.025125200 0.009044188 0.004419093 0.036025114 0.023208994 0.007738273 0.022826301 0.012473977 0.007156390 0.004750964 0.007283461 0.020165686 -0.002209875 0.021262487 0.009051894 -0.001392336 0.001459394 0.018065367 -0.003513093 0.047951818 0.031574104 0.018109236 0.015732467
0.039040014 0.022280479 0.003630182 0.035705931 0.015110865 0.001971602 -0.002243605 -0.002810658 0.007154869 0.017718235 0.006738409 0.029912567 0.003238236 0.005499478 0.043044105 0.030250199 0.013523218 0.019675652 0.009998925 0.012596695 0.009871420 0.010089767 0.028863173 0.001067802 0.013372198 0.010599148 0.000169652 0.008043882 0.023817034 0.004766028 0.043596905 0.029421853 0.027930245 0.023883704
0.042802915 0.036329225 0.004831597 0.046861585 0.019042201 0.003517529 0.002848863 0.007154869 -0.001504678 0.030647404 0.010324127 0.032453306 0.017070364 0.008337527 0.044729277 0.022509206 0.008178926 0.030842220 0.015438512 0.020028966 0.010893233 -0.001196178 0.013266613 0.002809052 0.029690050 0.011252912 0.000438315 -0.000350055 0.019011371 -0.000675439 0.064481229 0.040326618 0.024283759 0.017526243
0.058009878 0.045345355 0.028790787 0.011665220 0.029257752 0.018249486 0.020257058 0.017718235 0.030647404 0.002420641 0.017106462 0.016323889 0.012777324 0.018088192 0.059689559 0.049640402 0.037495591 0.019363098 0.032199800 0.011808587 0.036284804 0.024495395 0.049720168 0.021571310 0.029392030 0.004927753 0.028125897 0.029263441 0.046580635 0.021967797 0.023156563 0.013802014 0.026108310 0.036129139
0.046204086 0.025834985 0.010580373 0.032134920 0.018340707 0.006588614 0.005440395 0.006738409 0.010324127 0.017106462 -0.008183931 0.025724728 0.005513259 0.008776942 0.047570683 0.040657174 0.016037194 0.015530177 0.011564521 0.013239646 0.014484505 0.011733016 0.032333270 0.007481597 0.023079913 0.004057546 0.007055230 0.006616415 0.030061049 0.004411915 0.046564482 0.020080492 0.020031355 0.023419056
0.069540903 0.056286328 0.037274908 0.036182515 0.037283327 0.026017234 0.025125200 0.029912567 0.032453306 0.016323889 0.025724728 0.018360406 0.030246163 0.024334883 0.075238690 0.050716668 0.043425560 0.032332201 0.040330704 0.027593397 0.040682405 0.031833731 0.053364027 0.026159596 0.042102359 0.015468393 0.032425530 0.033026271 0.052789558 0.027238421 0.058008574 0.041633237 0.034018680 0.045574211
0.047312945 0.029569976 0.014971895 0.030894015 0.021881938 0.007125601 0.009044188 0.003238236 0.017070364 0.012777324 0.005513259 0.030246163 -0.012270745 0.010193592 0.051398560 0.047549978 0.019973598 0.019537169 0.016434925 0.015723657 0.019747538 0.010403745 0.037198819 0.008503969 0.017986953 0.005582923 0.005530537 0.012463547 0.034327731 0.007198684 0.038919277 0.022006145 0.028836139 0.026600447
0.043412291 0.028535714 0.013004486 0.033154260 0.019234622 0.006357709 0.004419093 0.005499478 0.008337527 0.018088192 0.008776942 0.024334883 0.010193592 -0.000224799 0.046787307 0.034387279 0.014781801 0.020694587 0.010882778 0.012648793 0.010021464 0.012558142 0.033523977 0.007159991 0.024071023 0.010459846 0.007697796 0.009903662 0.027989980 0.006457169 0.048903018 0.032742485 0.020193184 0.027788222
0.032017700 0.052340921 0.027867032 0.080733679 0.025048645 0.035491984 0.036025114 0.043044105 0.044729277 0.059689559 0.047570683 0.075238690 0.051398560 0.046787307 0.024313999 0.017819773 0.031393141 0.063844196 0.034694787 0.063989468 0.032472443 0.046595372 0.034161042 0.038865846 0.047447078 0.054939538 0.044796314 0.031816185 0.027487006 0.046255331 0.075751118 0.076710790 0.045709834 0.031629350
0.024884328 0.036169581 0.011973748 0.066868246 0.018167915 0.023017034 0.023208994 0.030250199 0.022509206 0.049640402 0.040657174 0.050716668 0.047549978 0.034387279 0.017819773 -0.022710536 0.016042698 0.065108970 0.027702259 0.033559442 0.010626104 0.030797180 -0.004200861 0.024690634 0.037665315 0.045201153 0.025591170 0.016455641 0.005306488 0.033193558 0.075167753 0.071597300 0.020721685 0.008099802
0.028034400 0.024336122 -0.000290657 0.053700246 0.007150345 0.005475541 0.007738273 0.013523218 0.008178926 0.037495591 0.016037194 0.043425560 0.019973598 0.014781801 0.031393141 0.016042698 -0.013969858 0.033847243 0.012099210 0.029586934 0.006420286 0.013996063 0.010052633 0.007521176 0.027354723 0.023151454 0.005656022 0.005343185 0.007541507 0.011797469 0.064177029 0.043846644 0.012931515 0.015702890
0.060113922 0.036535047 0.029603751 0.039544199 0.028300682 0.022824423 0.022826301 0.019675652 0.030842220 0.019363098 0.015530177 0.032332201 0.019537169 0.020694587 0.063844196 0.065108970 0.033847243 0.002299584 0.027883193 0.038964957 0.038620640 0.025555996 0.055418998 0.024279810 0.033812869 0.015627071 0.023559019 0.029201789 0.046072517 0.021055419 0.043396782 0.031345937 0.038263585 0.037541650
0.037846573 0.028587025 0.012098432 0.049641963 0.017378155 0.006850732 0.012473977 0.009998925 0.015438512 0.032199800 0.011564521 0.040330704 0.016434925 0.010882778 0.034694787 0.027702259 0.012099210 0.027883193 -0.003729019 0.032704413 0.015895730 0.014917000 0.023877753 0.014717105 0.025334585 0.019027524 0.011907248 0.013786410 0.016319629 0.013610445 0.053818367 0.037602786 0.025217451 0.014623562
0.061249651 0.053098142 0.020583965 0.036019135 0.025743932 0.012668109 0.007156390 0.012596695 0.020028966 0.011808587 0.013239646 0.027593397 0.015723657 0.012648793 0.063989468 0.033559442 0.029586934 0.038964957 0.032704413 -0.001120703 0.027267708 0.018456303 0.035755392 0.014623617 0.028945982 0.010430683 0.014229286 0.016759384 0.041198969 0.011777727 0.052295510 0.040301170 0.029267333 0.034514666
0.028098339 0.027128078 0.003511495 0.051306766 0.011632918 0.002330817 0.004750964 0.009871420 0.010893233 0.036284804 0.014484505 0.040682405 0.019747538 0.010021464 0.032472443 0.010626104 0.006420286 0.038620640 0.015895730 0.027267708 0.001130661 0.011301621 0.005333520 0.004813235 0.030613787 0.021506146 0.005469242 0.006204567 0.006470789 0.011249013 0.057947949 0.041866019 0.009033177 0.011081979
0.045158550 0.027425559 0.009643734 0.040007979 0.021046687 0.008323976 0.007283461 0.010089767 -0.001196178 0.024495395 0.011733016 0.031833731 0.010403745 0.012558142 0.046595372 0.030797180 0.013996063 0.025555996 0.014917000 0.018456303 0.011301621 -0.022431165 0.024513608 0.000238570 0.027867354 0.009346674 0.011733206 0.011126515 0.022323508 0.012066133 0.060179640 0.028776634 0.018148722 0.019146096
0.022718923 0.043571636 0.010576544 0.065071188 0.012189636 0.020253874 0.020165686 0.028863173 0.013266613 0.049720168 0.032333270 0.053364027 0.037198819 0.033523977 0.034161042 -0.004200861 0.010052633 0.055418998 0.023877753 0.035755392 0.005333520 0.024513608 -0.003064305 0.019463360 0.037558578 0.042169888 0.023080070 0.018167123 0.012701663 0.029227806 0.077464700 0.065680914 0.018569194 0.016011395
0.039104193 0.022510575 0.001238288 0.033611249 0.014505328 0.004486790 -0.002209875 0.001067802 0.002809052 0.021571310 0.007481597 0.026159596 0.008503969 0.007159991 0.038865846 0.024690634 0.007521176 0.024279810 0.014717105 0.014623617 0.004813235 0.000238570 0.019463360 -0.002932507 0.020594284 0.007725096 -0.001880243 0.000225453 0.018171508 0.000099990 0.048493467 0.029059095 0.014674069 0.016532890
0.051158659 0.010973805 0.020500463 0.049128182 0.027890522 0.025160845 0.021262487 0.013372198 0.029690050 0.029392030 0.023079913 0.042102359 0.017986953 0.024071023 0.047447078 0.037665315 0.027354723 0.033812869 0.025334585 0.028945982 0.030613787 0.027867354 0.037558578 0.020594284 -0.017429907 0.022005253 0.018371215 0.021133477 0.040559120 0.025414482 0.058144666 0.047236864 0.038466532 0.035043839
0.049466915 0.029531475 0.019964268 0.024513127 0.022420859 0.014273975 0.009051894 0.010599148 0.011252912 0.004927753 0.004057546 0.015468393 0.005582923 0.010459846 0.054939538 0.045201153 0.023151454 0.015627071 0.019027524 0.010430683 0.021506146 0.009346674 0.042169888 0.007725096 0.022005253 -0.006157756 0.012431495 0.015385636 0.034689449 0.006376174 0.043980990 0.022973759 0.018897552 0.028037399
0.040609203 0.026924672 0.002214396 0.045248255 0.012659306 0.003802520 -0.001392336 0.000169652 0.000438315 0.028125897 0.007055230 0.032425530 0.005530537 0.007697796 0.044796314 0.025591170 0.005656022 0.023559019 0.011907248 0.014229286 0.005469242 0.011733206 0.023080070 -0.001880243 0.018371215 0.012431495 -0.008766775 0.002843003 0.021250369 0.001096092 0.058482189 0.045966879 0.026394498 0.017745910
0.034426890 0.027127540 0.005799346 0.040587079 0.011347171 -0.000602053 0.001459394 0.008043882 -0.000350055 0.029263441 0.006616415 0.033026271 0.012463547 0.009903662 0.031816185 0.016455641 0.005343185 0.029201789 0.013786410 0.016759384 0.006204567 0.011126515 0.018167123 0.000225453 0.021133477 0.015385636 0.002843003 -0.005069792 0.015059849 0.003928049 0.051652271 0.034307659 0.009524137 0.012536972
0.019452464 0.034354825 0.009889571 0.064931132 0.009589359 0.018496558 0.018065367 0.023817034 0.019011371 0.046580635 0.030061049 0.052789558 0.034327731 0.027989980 0.027487006 0.005306488 0.007541507 0.046072517 0.016319629 0.041198969 0.006470789 0.022323508 0.012701663 0.018171508 0.040559120 0.034689449 0.021250369 0.015059849 -0.006261141 0.023433052 0.069312535 0.058170378 0.022119224 0.015289403
0.046969526 0.036934640 0.010449215 0.035557538 0.010652775 0.001910053 -0.003513093 0.004766028 -0.000675439 0.021967797 0.004411915 0.027238421 0.007198684 0.006457169 0.046255331 0.033193558 0.011797469 0.021055419 0.013610445 0.011777727 0.011249013 0.012066133 0.029227806 0.000099990 0.025414482 0.006376174 0.001096092 0.003928049 0.023433052 -0.019379579 0.057952784 0.036659490 0.021875041 0.019414186
0.077802077 0.078231364 0.050156720 0.038977303 0.047104817 0.042479474 0.047951818 0.043596905 0.064481229 0.023156563 0.046564482 0.058008574 0.038919277 0.048903018 0.075751118 0.075167753 0.064177029 0.043396782 0.053818367 0.052295510 0.057947949 0.060179640 0.077464700 0.048493467 0.058144666 0.043980990 0.058482189 0.051652271 0.069312535 0.057952784 0.003895648 0.052709766 0.066953585 0.051736489
0.066329472 0.044371150 0.038542263 0.032454610 0.042752214 0.022817243 0.031574104 0.029421853 0.040326618 0.013802014 0.020080492 0.041633237 0.022006145 0.032742485 0.076710790 0.071597300 0.043846644 0.031345937 0.037602786 0.040301170 0.041866019 0.028776634 0.065680914 0.029059095 0.047236864 0.022973759 0.045966879 0.034307659 0.058170378 0.036659490 0.052709766 0.009982586 0.036518529 0.051847547
0.041109681 0.036225129 0.017454438 0.041532338 0.014175446 0.014997799 0.018109236 0.027930245 0.024283759 0.026108310 0.020031355 0.034018680 0.028836139 0.020193184 0.045709834 0.020721685 0.012931515 0.038263585 0.025217451 0.029267333 0.009033177 0.018148722 0.018569194 0.014674069 0.038466532 0.018897552 0.026394498 0.009524137 0.022119224 0.021875041 0.066953585 0.036518529 -0.041266307 0.020062132
0.023035133 0.032095529 0.008603161 0.052367263 0.018439949 0.014660775 0.015732467 0.023883704 0.017526243 0.036129139 0.023419056 0.045574211 0.026600447 0.027788222 0.031629350 0.008099802 0.015702890 0.037541650 0.014623562 0.034514666 0.011081979 0.019146096 0.016011395 0.016532890 0.035043839 0.028037399 0.017745910 0.012536972 0.015289403 0.019414186 0.051736489 0.051847547 0.020062132 0.004626732
