0.015017253 0.051677965 0.020251915 0.079686619 0.016784841 0.036370456 0.034801543 0.039101537 0.041663483 0.058646061 0.047513835 0.068678856 0.048759822 0.046108887 0.029768704 0.021671161 0.028884374 0.062686905 0.037359301 0.058683693 0.024274057 0.043562792 0.019686881 0.037442241 0.050882798 0.047774024 0.040746514 0.033683956 0.019438107 0.046946596 0.082855746 0.068859056 0.037971180 0.023277640
0.051677965 -0.050207645 0.016161177 0.061622281 0.019631989 0.019173093 0.020816606 0.019715542 0.032974079 0.039013259 0.023189519 0.045867812 0.027318485 0.022985110 0.044518858 0.029574359 0.021068063 0.036263414 0.025029404 0.043761946 0.021966033 0.020277776 0.035079986 0.019650545 0.008754244 0.022738159 0.025744703 0.019081291 0.032657079 0.032236114 0.077556610 0.037485376 0.023466382 0.028088583
0.020251915 0.016161177 -0.001358402 0.045756046 0.006893401 0.004239998 -0.000201328 0.003523548 0.004421002 0.029188355 0.010740096 0.038314071 0.014833121 0.013908827 0.027815858 0.012136507 0.000424284 0.030296776 0.012151028 0.020665253 0.002707482 0.008839253 0.009535639 0.001142223 0.020295005 0.020315830 0.001426692 0.005919090 0.008897591 0.011653931 0.050157435 0.042268250 0.019798517 0.009997385
0.079686619 0.061622281 0.045756046 0.026417796 0.041734464 0.032020390 0.035239287 0.034268867 0.048622005 0.015705232 0.034131840 0.041254252 0.034327585 0.037265342 0.083203048 0.072202504 0.058106080 0.044825692 0.053688161 0.039760776 0.052323364 0.041878220 0.065325655 0.036327854 0.044378161 0.026859719 0.045393247 0.044410829 0.069189332 0.041105613 0.050055355 0.039854057 0.053958572 0.057345189
0.016784841 0.019631989 0.006893401 0.041734464 -0.013782468 0.011082654 0.010219853 0.015196433 0.018047582 0.028337069 0.018159460 0.033522971 0.021270126 0.018241895 0.021656282 0.017582795 0.006234488 0.028220121 0.015574597 0.026990036 0.009415664 0.019157864 0.010947522 0.014647457 0.027847800 0.020733621 0.012353347 0.009848684 0.008254061 0.011475742 0.044342764 0.044062078 0.013524661 0.017948750
0.036370456 0.019173093 0.004239998 0.032020390 0.011082654 -0.028900519 0.000434892 0.001154684 0.002471711 0.018983968 0.006237810 0.028033976 0.006563578 0.006931284 0.036729679 0.023826141 0.005478253 0.023577111 0.006715302 0.014122255 0.000956887 0.007678723 0.019683085 0.003898692 0.024137078 0.014916506 0.002406528 -0.000313576 0.017485753 0.003848220 0.043835424 0.026844498 0.019538676 0.016042344
0.034801543 0.020816606 -0.000201328 0.035239287 0.010219853 0.000434892 -0.011209309 -0.001990288 0.002669955 0.020198207 0.005759900 0.026374748 0.009082490 0.004652214 0.035735514 0.023905244 0.007438160 0.022829931 0.012482299 0.007751551 0.004584875 0.006289540 0.019180669 -0.002015508 0.021217000 0.009663857 -0.001982755 0.001473740 0.017019717 -0.002508294 0.046255540 0.035230707 0.020807223 0.017062673
0.039101537 0.019715542 0.003523548 0.034268867 0.015196433 0.001154684 -0.001990288 -0.002722525 0.006476697 0.016843949 0.006777260 0.026653849 0.003487734 0.004224297 0.040158316 0.028824454 0.012723103 0.020104080 0.009415450 0.012152066 0.008309035 0.007890030 0.025461726 0.000971393 0.013366221 0.009081587 -0.000513814 0.006008905 0.022794165 0.004770288 0.040723644 0.029958740 0.025881881 0.022743434
0.041663483 0.032974079 0.004421002 0.048622005 0.018047582 0.002471711 0.002669955 0.006476697 -0.001646820 0.030038625 0.010241214 0.032854941 0.016973138 0.008703341 0.042850357 0.022457311 0.007291750 0.029918056 0.014641047 0.018103369 0.009495810 -0.002421992 0.012284971 0.002213312 0.028837821 0.011698691 -0.001408071 -0.000078703 0.017034378 0.000082149 0.062567815 0.041461259 0.026531899 0.018784149
0.058646061 0.039013259 0.029188355 0.015705232 0.028337069 0.018983968 0.020198207 0.016843949 0.030038625 0.002329676 0.016525779 0.017143253 0.014059957 0.019583868 0.059985176 0.050868671 0.038459547 0.020844830 0.032779336 0.010656187 0.035816204 0.022794563 0.048059221 0.022163684 0.026440859 0.005261036 0.027544256 0.029170033 0.047335789 0.024049010 0.026742086 0.018059880 0.030880744 0.038680524
0.047513835 0.023189519 0.010740096 0.034131840 0.018159460 0.006237810 0.005759900 0.006777260 0.010241214 0.016525779 -0.003437238 0.024203626 0.009526853 0.010721689 0.046738327 0.039362948 0.016126636 0.019325886 0.012439022 0.013429942 0.013644390 0.010862215 0.029229935 0.007156944 0.023291063 0.002874116 0.007135415 0.005233689 0.031271804 0.005094619 0.047266938 0.021457128 0.019098518 0.024141340
0.068678856 0.045867812 0.038314071 0.041254252 0.033522971 0.028033976 0.026374748 0.026653849 0.032854941 0.017143253 0.024203626 0.020507019 0.029173253 0.025247879 0.071069613 0.053927079 0.044270370 0.033254776 0.040935591 0.026126646 0.041163467 0.030909996 0.050491259 0.028100729 0.037199423 0.017524619 0.031014767 0.033898897 0.051331744 0.030208718 0.062233657 0.043108903 0.041471221 0.046312757
0.048759822 0.027318485 0.014833121 0.034327585 0.021270126 0.006563578 0.009082490 0.003487734 0.016973138 0.014059957 0.009526853 0.029173253 -0.007457474 0.011798083 0.051203702 0.046469655 0.020096106 0.022504035 0.017266616 0.015270195 0.018679153 0.009883652 0.034891590 0.007633269 0.017567769 0.004722257 0.006002902 0.011671717 0.035077792 0.008197015 0.042049699 0.023512185 0.028920790 0.027734209
0.046108887 0.022985110 0.013908827 0.037265342 0.018241895 0.006931284 0.004652214 0.004224297 0.008703341 0.019583868 0.010721689 0.025247879 0.011798083 -0.003413104 0.047708888 0.035846662 0.016567364 0.024552781 0.012305690 0.014546971 0.009636755 0.011664245 0.030507615 0.008663828 0.020970097 0.010104418 0.006776772 0.008874075 0.029328665 0.009609615 0.053225476 0.035135895 0.025438577 0.028016414
0.029768704 0.044518858 0.027815858 0.083203048 0.021656282 0.036729679 0.035735514 0.040158316 0.042850357 0.059985176 0.046738327 0.071069613 0.051203702 0.047708888 0.017452301 0.015720239 0.030584678 0.066212028 0.034042887 0.060811106 0.028860802 0.043475181 0.030177122 0.037487801 0.043502606 0.051898245 0.044174533 0.031075770 0.026458452 0.045976765 0.078548007 0.076094791 0.040654436 0.029514613
0.021671161 0.029574359 0.012136507 0.072202504 0.017582795 0.023826141 0.023905244 0.028824454 0.022457311 0.050868671 0.039362948 0.053927079 0.046469655 0.035846662 0.015720239 -0.020060131 0.015614452 0.065268084 0.027120626 0.035278842 0.011061527 0.029441252 -0.004908649 0.025612837 0.035002720 0.046695393 0.024124034 0.017336745 0.003427829 0.034792222 0.076009899 0.074028015 0.026032791 0.009878572
0.028884374 0.021068063 0.000424284 0.058106080 0.006234488 0.005478253 0.007438160 0.012723103 0.007291750 0.038459547 0.016126636 0.044270370 0.020096106 0.016567364 0.030584678 0.015614452 -0.011512291 0.035711426 0.012809957 0.028902145 0.004358769 0.013366368 0.008740682 0.006691327 0.025621060 0.023181735 0.006238844 0.005598999 0.010838738 0.013990837 0.067808986 0.047542095 0.014233417 0.016783550
0.062686905 0.036263414 0.030296776 0.044825692 0.028220121 0.023577111 0.022829931 0.020104080 0.029918056 0.020844830 0.019325886 0.033254776 0.022504035 0.024552781 0.066212028 0.065268084 0.035711426 0.004530896 0.029328695 0.037382893 0.035803989 0.026298495 0.056783687 0.023948267 0.033275504 0.015990268 0.024007386 0.030633617 0.049716305 0.024322253 0.051046960 0.036886103 0.040832616 0.040561654
0.037359301 0.025029404 0.012151028 0.053688161 0.015574597 0.006715302 0.012482299 0.009415450 0.014641047 0.032779336 0.012439022 0.040935591 0.017266616 0.012305690 0.034042887 0.027120626 0.012809957 0.029328695 -0.003935717 0.031393319 0.013825851 0.014261440 0.022691112 0.014226239 0.024337357 0.019292850 0.011412784 0.014216937 0.015917763 0.014821474 0.056785703 0.041121501 0.026086461 0.015663601
0.058683693 0.043761946 0.020665253 0.039760776 0.026990036 0.014122255 0.007751551 0.012152066 0.018103369 0.010656187 0.013429942 0.026126646 0.015270195 0.014546971 0.060811106 0.035278842 0.028902145 0.037382893 0.031393319 -0.000231922 0.025321744 0.015964970 0.032843661 0.014636563 0.026586713 0.010243137 0.013148670 0.016304377 0.039132960 0.014550889 0.052129850 0.044310417 0.034944285 0.037341919
0.024274057 0.021966033 0.002707482 0.052323364 0.009415664 0.000956887 0.004584875 0.008309035 0.009495810 0.035816204 0.013644390 0.041163467 0.018679153 0.009636755 0.028860802 0.011061527 0.004358769 0.035803989 0.013825851 0.025321744 -0.000201564 0.009254456 0.005124364 0.004189147 0.028968725 0.022228513 0.002905983 0.006534883 0.001672238 0.011481901 0.053878352 0.040805295 0.012739085 0.011475293
0.043562792 0.020277776 0.008839253 0.041878220 0.019157864 0.007678723 0.006289540 0.007890030 -0.002421992 0.022794563 0.010862215 0.030909996 0.009883652 0.011664245 0.043475181 0.029441252 0.013366368 0.026298495 0.014261440 0.015964970 0.009254456 -0.024906017 0.020858761 -0.000645570 0.024036163 0.008295664 0.010235010 0.009605087 0.020954616 0.012212958 0.062294234 0.030067872 0.018938856 0.018823663
0.019686881 0.035079986 0.009535639 0.065325655 0.010947522 0.019683085 0.019180669 0.025461726 0.012284971 0.048059221 0.029229935 0.050491259 0.034891590 0.030507615 0.030177122 -0.004908649 0.008740682 0.056783687 0.022691112 0.032843661 0.005124364 0.020858761 -0.009529948 0.019076779 0.032556362 0.039511807 0.020692263 0.014602065 0.007214576 0.028192209 0.076937228 0.063785151 0.017623898 0.013420366
0.037442241 0.019650545 0.001142223 0.036327854 0.014647457 0.003898692 -0.002015508 0.000971393 0.002213312 0.022163684 0.007156944 0.028100729 0.007633269 0.008663828 0.037487801 0.025612837 0.006691327 0.023948267 0.014226239 0.014636563 0.004189147 -0.000645570 0.019076779 -0.002955103 0.019909468 0.009004664 -0.002934006 0.000861297 0.017015286 0.001198958 0.047292225 0.034217041 0.017281238 0.017815167
0.050882798 0.008754244 0.020295005 0.044378161 0.027847800 0.024137078 0.021217000 0.013366221 0.028837821 0.026440859 0.023291063 0.037199423 0.017567769 0.020970097 0.043502606 0.035002720 0.025621060 0.033275504 0.024337357 0.026586713 0.028968725 0.024036163 0.032556362 0.019909468 -0.016348308 0.018747892 0.017757313 0.017628092 0.040313281 0.023427309 0.054441519 0.045723632 0.033420339 0.033267852
0.047774024 0.022738159 0.020315830 0.026859719 0.020733621 0.014916506 0.009663857 0.009081587 0.011698691 0.005261036 0.002874116 0.017524619 0.004722257 0.010104418 0.051898245 0.046695393 0.023181735 0.015990268 0.019292850 0.010243137 0.022228513 0.008295664 0.039511807 0.009004664 0.018747892 -0.004249841 0.011126829 0.015588078 0.032996103 0.008036794 0.043947000 0.024257677 0.023467286 0.028311614
0.040746514 0.025744703 0.001426692 0.045393247 0.012353347 0.002406528 -0.001982755 -0.000513814 -0.001408071 0.027544256 0.007135415 0.031014767 0.006002902 0.006776772 0.044174533 0.024124034 0.006238844 0.024007386 0.011412784 0.013148670 0.002905983 0.010235010 0.020692263 -0.002934006 0.017757313 0.011126829 -0.010237122 0.001582828 0.020094255 0.001639058 0.057877284 0.047406413 0.026842669 0.017729837
0.033683956 0.019081291 0.005919090 0.044410829 0.009848684 -0.000313576 0.001473740 0.006008905 -0.000078703 0.029170033 0.005233689 0.033898897 0.011671717 0.008874075 0.031075770 0.017336745 0.005598999 0.030633617 0.014216937 0.016304377 0.006534883 0.009605087 0.014602065 0.000861297 0.017628092 0.015588078 0.001582828 -0.005835883 0.013547366 0.005365277 0.052218188 0.036201734 0.013439933 0.013035160
0.019438107 0.032657079 0.008897591 0.069189332 0.008254061 0.017485753 0.017019717 0.022794165 0.017034378 0.047335789 0.031271804 0.051331744 0.035077792 0.029328665 0.026458452 0.003427829 0.010838738 0.049716305 0.015917763 0.039132960 0.001672238 0.020954616 0.007214576 0.017015286 0.040313281 0.032996103 0.020094255 0.013547366 -0.004713281 0.025256108 0.076328561 0.060925707 0.022383727 0.015083079
0.046946596 0.032236114 0.011653931 0.041105613 0.011475742 0.003848220 -0.002508294 0.004770288 0.000082149 0.024049010 0.005094619 0.030208718 0.008197015 0.009609615 0.045976765 0.034792222 0.013990837 0.024322253 0.014821474 0.014550889 0.011481901 0.012212958 0.028192209 0.001198958 0.023427309 0.008036794 0.001639058 0.005365277 0.025256108 -0.016295806 0.063238516 0.042638287 0.025603808 0.021325104
0.082855746 0.077556610 0.050157435 0.050055355 0.044342764 0.043835424 0.046255540 0.040723644 0.062567815 0.026742086 0.047266938 0.062233657 0.042049699 0.053225476 0.078548007 0.076009899 0.067808986 0.051046960 0.056785703 0.052129850 0.053878352 0.062294234 0.076937228 0.047292225 0.054441519 0.043947000 0.057877284 0.052218188 0.076328561 0.063238516 0.015436636 0.060608301 0.073439509 0.053479515
0.068859056 0.037485376 0.042268250 0.039854057 0.044062078 0.026844498 0.035230707 0.029958740 0.041461259 0.018059880 0.021457128 0.043108903 0.023512185 0.035135895 0.076094791 0.074028015 0.047542095 0.036886103 0.041121501 0.044310417 0.040805295 0.030067872 0.063785151 0.034217041 0.045723632 0.024257677 0.047406413 0.036201734 0.060925707 0.042638287 0.060608301 0.014612041 0.042607136 0.053491965
0.037971180 0.023466382 0.019798517 0.053958572 0.013524661 0.019538676 0.020807223 0.025881881 0.026531899 0.030880744 0.019098518 0.041471221 0.028920790 0.025438577 0.040654436 0.026032791 0.014233417 0.040832616 0.026086461 0.034944285 0.012739085 0.018938856 0.017623898 0.017281238 0.033420339 0.023467286 0.026842669 0.013439933 0.022383727 0.025603808 0.073439509 0.042607136 -0.028450690 0.021536924
0.023277640 0.028088583 0.009997385 0.057345189 0.017948750 0.016042344 0.017062673 0.022743434 0.018784149 0.038680524 0.024141340 0.046312757 0.027734209 0.028016414 0.029514613 0.009878572 0.016783550 0.040561654 0.015663601 0.037341919 0.011475293 0.018823663 0.013420366 0.017815167 0.033267852 0.028311614 0.017729837 0.013035160 0.015083079 0.021325104 0.053479515 0.053491965 0.021536924 0.004207909
