0.017097710 0.052490883 0.020868234 0.073356152 0.021698995 0.037732974 0.035103291 0.039184306 0.046018876 0.057416476 0.048003599 0.067019656 0.051930625 0.044662256 0.030444641 0.018807136 0.030654788 0.062751979 0.038808074 0.059039943 0.025640104 0.045941394 0.018691327 0.040666021 0.052464012 0.044828862 0.042812318 0.032172270 0.019874062 0.047426805 0.080280855 0.067972600 0.032374687 0.022034764
0.052490883 -0.049105346 0.016357798 0.061062176 0.020875525 0.020252630 0.021236135 0.018635618 0.036330178 0.041985523 0.023586132 0.047855403 0.028744100 0.025110392 0.044711486 0.029842254 0.021598794 0.034366522 0.025861254 0.046390273 0.022970045 0.023707138 0.037547313 0.021325247 0.007745124 0.023735147 0.026516762 0.021523079 0.031840470 0.034744658 0.074376106 0.037361622 0.025703533 0.027392611
0.020868234 0.016357798 -0.001333336 0.043835633 0.007974314 0.006152345 -0.000215748 0.003528143 0.004678372 0.029250532 0.010670508 0.035563119 0.014918802 0.014093234 0.027727643 0.011458542 0.001600047 0.029678183 0.012808442 0.020108048 0.003058964 0.010584384 0.010283591 0.001244260 0.019588448 0.019404994 0.001826836 0.006460332 0.010081189 0.012729887 0.051117357 0.039870463 0.018781496 0.009235667
0.073356152 0.061062176 0.043835633 0.015682630 0.040866248 0.032540984 0.034290735 0.031622183 0.047006167 0.012323159 0.031949680 0.035508689 0.030721556 0.036033556 0.077587903 0.067304537 0.054874219 0.039209116 0.049434982 0.034654915 0.050361417 0.040879339 0.064674571 0.034234315 0.044927176 0.024283854 0.045760866 0.043069858 0.065290175 0.039612681 0.042354081 0.033703886 0.046834894 0.052016452
0.021698995 0.020875525 0.007974314 0.040866248 -0.010177679 0.012808469 0.009592961 0.015617492 0.018136881 0.028061360 0.018958025 0.029770557 0.021427209 0.019240802 0.025777692 0.016745774 0.008875655 0.029912287 0.018540859 0.024754751 0.010244768 0.022271739 0.011513934 0.014315103 0.026096039 0.019590389 0.012674060 0.010895870 0.011913518 0.013968633 0.048201609 0.041291554 0.013947209 0.019604996
0.037732974 0.020252630 0.006152345 0.032540984 0.012808469 -0.024794623 0.002516215 0.003019384 0.005059177 0.020099685 0.008037992 0.026120931 0.007920621 0.008755663 0.037034616 0.024898585 0.007440364 0.024344109 0.009202518 0.016266480 0.004023621 0.010730923 0.021220155 0.005776370 0.023624968 0.015515261 0.004985612 0.001982120 0.019061074 0.006113100 0.044662979 0.025847623 0.019581649 0.016567295
0.035103291 0.021236135 -0.000215748 0.034290735 0.009592961 0.002516215 -0.012517005 -0.002196073 0.002221738 0.020457495 0.005472672 0.023578161 0.008512584 0.005048226 0.035685837 0.023339611 0.007768305 0.022483587 0.012803320 0.007175346 0.004663212 0.007975052 0.020234451 -0.002143105 0.020566676 0.009051345 -0.001864479 0.002477650 0.017121989 -0.001322551 0.048026498 0.032383393 0.020401129 0.016438421
0.039184306 0.018635618 0.003528143 0.031622183 0.015617492 0.003019384 -0.002196073 -0.002449825 0.007170673 0.016209470 0.006467495 0.022818701 0.003291965 0.003955619 0.038328845 0.027262079 0.012516525 0.019150330 0.009892932 0.011494432 0.009048264 0.008867742 0.024798535 0.001192943 0.012012916 0.007609078 -0.000112982 0.005649058 0.022347387 0.005028730 0.038805045 0.026786376 0.023049623 0.021375231
0.046018876 0.036330178 0.004678372 0.047006167 0.018136881 0.005059177 0.002221738 0.007170673 -0.001627812 0.029258840 0.010990221 0.029383842 0.018898651 0.008641303 0.047447912 0.020925315 0.009094932 0.032030404 0.016512796 0.017484834 0.009073491 -0.001048190 0.012649714 0.002490584 0.030489139 0.009409776 0.000022795 -0.001088317 0.019885423 0.001371223 0.068067074 0.042422697 0.025505921 0.019080866
0.057416476 0.041985523 0.029250532 0.012323159 0.028061360 0.020099685 0.020457495 0.016209470 0.029258840 0.002134046 0.017116910 0.014607782 0.012558372 0.019507356 0.060147896 0.050200727 0.038684446 0.019604865 0.032269385 0.010147986 0.035911407 0.024213139 0.049993031 0.020980906 0.027052857 0.004829049 0.028322846 0.030979540 0.047766544 0.024726002 0.025894467 0.014728282 0.030694937 0.037203833
0.048003599 0.023586132 0.010670508 0.031949680 0.018958025 0.008037992 0.005472672 0.006467495 0.010990221 0.017116910 -0.005496704 0.022991605 0.008876902 0.012240705 0.046686932 0.038168300 0.016289301 0.017471690 0.013350569 0.012598765 0.013420667 0.013621760 0.031102318 0.007779775 0.022133522 0.001238771 0.007526171 0.005720790 0.030292129 0.006833270 0.046903625 0.021369509 0.018377755 0.023438605
0.067019656 0.047855403 0.035563119 0.035508689 0.029770557 0.026120931 0.023578161 0.022818701 0.029383842 0.014607782 0.022991605 0.014448401 0.026752817 0.021502065 0.070911884 0.050481427 0.042651311 0.030114627 0.038295165 0.022084234 0.038834494 0.031090373 0.050266560 0.024300274 0.035448965 0.013976036 0.029353125 0.033691056 0.051398605 0.028595407 0.059722368 0.036206178 0.040432241 0.042283431
0.051930625 0.028744100 0.014918802 0.030721556 0.021427209 0.007920621 0.008512584 0.003291965 0.018898651 0.012558372 0.008876902 0.026752817 -0.004631739 0.011315964 0.052875761 0.044094235 0.020897461 0.022579204 0.018417927 0.014569277 0.018689217 0.011770600 0.036009673 0.009816062 0.017026309 0.001061956 0.007112218 0.011098064 0.036416262 0.008749913 0.041673373 0.022116490 0.026525488 0.027117459
0.044662256 0.025110392 0.014093234 0.036033556 0.019240802 0.008755663 0.005048226 0.003955619 0.008641303 0.019507356 0.012240705 0.021502065 0.011315964 -0.002251551 0.047786579 0.035239451 0.017077249 0.023732623 0.013092108 0.014810754 0.010673312 0.013467167 0.030986384 0.007235389 0.021007489 0.009673752 0.007966664 0.010824151 0.029392982 0.011409003 0.053979341 0.032900669 0.027193397 0.027607484
0.030444641 0.044711486 0.027727643 0.077587903 0.025777692 0.037034616 0.035685837 0.038328845 0.047447912 0.060147896 0.046686932 0.070911884 0.052875761 0.047786579 0.017838223 0.013830268 0.030532230 0.063125126 0.035068937 0.060759328 0.029850682 0.045658022 0.030491840 0.039472532 0.044924654 0.050232582 0.045572899 0.030279981 0.026046466 0.046838425 0.073269412 0.076836228 0.037809640 0.028127752
0.018807136 0.029842254 0.011458542 0.067304537 0.016745774 0.024898585 0.023339611 0.027262079 0.020925315 0.050200727 0.038168300 0.050481427 0.044094235 0.035239451 0.013830268 -0.019833844 0.014420448 0.062201735 0.025241990 0.033128478 0.010460408 0.029230004 -0.002112880 0.023771834 0.034321055 0.045760158 0.023823570 0.018594442 0.003674248 0.034333203 0.073092312 0.070080355 0.024602661 0.007855788
0.030654788 0.021598794 0.001600047 0.054874219 0.008875655 0.007440364 0.007768305 0.012516525 0.009094932 0.038684446 0.016289301 0.042651311 0.020897461 0.017077249 0.030532230 0.014420448 -0.009606885 0.034495298 0.014150022 0.028799072 0.005141811 0.015344325 0.009710940 0.009888226 0.026077267 0.022236623 0.008961402 0.005795948 0.010806672 0.015393836 0.066612646 0.046950657 0.012197062 0.016026068
0.062751979 0.034366522 0.029678183 0.039209116 0.029912287 0.024344109 0.022483587 0.019150330 0.032030404 0.019604865 0.017471690 0.030114627 0.022579204 0.023732623 0.063125126 0.062201735 0.034495298 0.002797680 0.029268399 0.036274061 0.036345322 0.027278680 0.055201687 0.024896717 0.032092098 0.013397812 0.024086550 0.029153803 0.047097292 0.023662716 0.045547396 0.034491796 0.035397880 0.037936501
0.038808074 0.025861254 0.012808442 0.049434982 0.018540859 0.009202518 0.012803320 0.009892932 0.016512796 0.032269385 0.013350569 0.038295165 0.018417927 0.013092108 0.035068937 0.025241990 0.014150022 0.029268399 -0.002279222 0.031037562 0.014440591 0.016080186 0.023452669 0.015598275 0.024996918 0.017714154 0.013138728 0.013828167 0.017258331 0.015871579 0.055539325 0.040569685 0.023235839 0.015678316
0.059039943 0.046390273 0.020108048 0.034654915 0.024754751 0.016266480 0.007175346 0.011494432 0.017484834 0.010147986 0.012598765 0.022084234 0.014569277 0.014810754 0.060759328 0.033128478 0.028799072 0.036274061 0.031037562 -0.001131267 0.025179911 0.018389603 0.035487719 0.014179399 0.025218105 0.008024320 0.013380578 0.017870976 0.039645631 0.015395115 0.052515890 0.038875110 0.032488909 0.035093237
0.025640104 0.022970045 0.003058964 0.050361417 0.010244768 0.004023621 0.004663212 0.009048264 0.009073491 0.035911407 0.013420667 0.038834494 0.018689217 0.010673312 0.029850682 0.010460408 0.005141811 0.036345322 0.014440591 0.025179911 -0.000232243 0.010959811 0.007022698 0.004388166 0.028184289 0.021374438 0.003693031 0.007386405 0.004796500 0.012397046 0.056232750 0.038951293 0.011497254 0.011460705
0.045941394 0.023707138 0.010584384 0.040879339 0.022271739 0.010730923 0.007975052 0.008867742 -0.001048190 0.024213139 0.013621760 0.031090373 0.011770600 0.013467167 0.045658022 0.029230004 0.015344325 0.027278680 0.016080186 0.018389603 0.010959811 -0.022135068 0.023119653 0.000603324 0.027177924 0.008738920 0.013031877 0.011639725 0.023215372 0.014786704 0.062669925 0.031073850 0.019434812 0.019569365
0.018691327 0.037547313 0.010283591 0.064674571 0.011513934 0.021220155 0.020234451 0.024798535 0.012649714 0.049993031 0.031102318 0.050266560 0.036009673 0.030986384 0.030491840 -0.002112880 0.009710940 0.055201687 0.023452669 0.035487719 0.007022698 0.023119653 -0.007675581 0.019034524 0.034593180 0.040595368 0.021791819 0.017753258 0.009060817 0.030072941 0.076489627 0.063025594 0.020027800 0.013036821
0.040666021 0.021325247 0.001244260 0.034234315 0.014315103 0.005776370 -0.002143105 0.001192943 0.002490584 0.020980906 0.007779775 0.024300274 0.009816062 0.007235389 0.039472532 0.023771834 0.009888226 0.024896717 0.015598275 0.014179399 0.004388166 0.000603324 0.019034524 -0.003027347 0.019541694 0.006589875 -0.002485052 0.000418387 0.018706761 0.001791249 0.049380958 0.029269479 0.015861567 0.017388256
0.052464012 0.007745124 0.019588448 0.044927176 0.026096039 0.023624968 0.020566676 0.012012916 0.030489139 0.027052857 0.022133522 0.035448965 0.017026309 0.021007489 0.044924654 0.034321055 0.026077267 0.032092098 0.024996918 0.025218105 0.028184289 0.027177924 0.034593180 0.019541694 -0.021380493 0.017716460 0.016180001 0.018934991 0.038286634 0.025245545 0.057009734 0.043432929 0.035661168 0.033153445
0.044828862 0.023735147 0.019404994 0.024283854 0.019590389 0.015515261 0.009051345 0.007609078 0.009409776 0.004829049 0.001238771 0.013976036 0.001061956 0.009673752 0.050232582 0.045760158 0.022236623 0.013397812 0.017714154 0.008024320 0.021374438 0.008738920 0.040595368 0.006589875 0.017716460 -0.004069600 0.010370027 0.016978811 0.032428958 0.008382967 0.042768128 0.019704344 0.024130816 0.026201300
0.042812318 0.026516762 0.001826836 0.045760866 0.012674060 0.004985612 -0.001864479 -0.000112982 0.000022795 0.028322846 0.007526171 0.029353125 0.007112218 0.007966664 0.045572899 0.023823570 0.008961402 0.024086550 0.013138728 0.013380578 0.003693031 0.013031877 0.021791819 -0.002485052 0.016180001 0.010370027 -0.009565774 0.002435998 0.021174783 0.004084435 0.061247546 0.046405226 0.027601816 0.018141888
0.032172270 0.021523079 0.006460332 0.043069858 0.010895870 0.001982120 0.002477650 0.005649058 -0.001088317 0.030979540 0.005720790 0.033691056 0.011098064 0.010824151 0.030279981 0.018594442 0.005795948 0.029153803 0.013828167 0.017870976 0.007386405 0.011639725 0.017753258 0.000418387 0.018934991 0.016978811 0.002435998 -0.002724141 0.014289727 0.006890872 0.052255232 0.036060926 0.014893454 0.012329225
0.019874062 0.031840470 0.010081189 0.065290175 0.011913518 0.019061074 0.017121989 0.022347387 0.019885423 0.047766544 0.030292129 0.051398605 0.036416262 0.029392982 0.026046466 0.003674248 0.010806672 0.047097292 0.017258331 0.039645631 0.004796500 0.023215372 0.009060817 0.018706761 0.038286634 0.032428958 0.021174783 0.014289727 -0.004755008 0.025960900 0.072937749 0.059597172 0.020311974 0.014266513
0.047426805 0.034744658 0.012729887 0.039612681 0.013968633 0.006113100 -0.001322551 0.005028730 0.001371223 0.024726002 0.006833270 0.028595407 0.008749913 0.011409003 0.046838425 0.034333203 0.015393836 0.023662716 0.015871579 0.015395115 0.012397046 0.014786704 0.030072941 0.001791249 0.025245545 0.008382967 0.004084435 0.006890872 0.025960900 -0.013428798 0.062919736 0.042967811 0.025628896 0.021220779
0.080280855 0.074376106 0.051117357 0.042354081 0.048201609 0.044662979 0.048026498 0.038805045 0.068067074 0.025894467 0.046903625 0.059722368 0.041673373 0.053979341 0.073269412 0.073092312 0.066612646 0.045547396 0.055539325 0.052515890 0.056232750 0.062669925 0.076489627 0.049380958 0.057009734 0.042768128 0.061247546 0.052255232 0.072937749 0.062919736 0.006721184 0.058279745 0.067205071 0.050094768
0.067972600 0.037361622 0.039870463 0.033703886 0.041291554 0.025847623 0.032383393 0.026786376 0.042422697 0.014728282 0.021369509 0.036206178 0.022116490 0.032900669 0.076836228 0.070080355 0.046950657 0.034491796 0.040569685 0.038875110 0.038951293 0.031073850 0.063025594 0.029269479 0.043432929 0.019704344 0.046405226 0.036060926 0.059597172 0.042967811 0.058279745 0.008506380 0.041117035 0.051196925
0.032374687 0.025703533 0.018781496 0.046834894 0.013947209 0.019581649 0.020401129 0.023049623 0.025505921 0.030694937 0.018377755 0.040432241 0.026525488 0.027193397 0.037809640 0.024602661 0.012197062 0.035397880 0.023235839 0.032488909 0.011497254 0.019434812 0.020027800 0.015861567 0.035661168 0.024130816 0.027601816 0.014893454 0.020311974 0.025628896 0.067205071 0.041117035 -0.025677487 0.019063830
0.022034764 0.027392611 0.009235667 0.052016452 0.019604996 0.016567295 0.016438421 0.021375231 0.019080866 0.037203833 0.023438605 0.042283431 0.027117459 0.027607484 0.028127752 0.007855788 0.016026068 0.037936501 0.015678316 0.035093237 0.011460705 0.019569365 0.013036821 0.017388256 0.033153445 0.026201300 0.018141888 0.012329225 0.014266513 0.021220779 0.050094768 0.051196925 0.019063830 0.002522834
