0.015525332 0.053517733 0.021152003 0.066164568 0.028210519 0.038213585 0.036317490 0.038253952 0.040669270 0.058915444 0.046436001 0.054445166 0.046168290 0.039100580 0.036986444 0.022207044 0.028046589 0.056644965 0.040868867 0.060193717 0.030784221 0.043331821 0.027340751 0.037793368 0.051304664 0.055792525 0.042024791 0.037358031 0.022433367 0.042411465 0.078199625 0.065052703 0.033203796 0.024401912
0.053517733 -0.040259864 0.018717293 0.054397408 0.027453605 0.024824820 0.023970829 0.021880347 0.035118066 0.042722154 0.025371145 0.040757790 0.029538941 0.023586325 0.052924383 0.035612918 0.023485482 0.033384703 0.028550502 0.048487376 0.027285654 0.024044886 0.045293525 0.022662312 0.012231180 0.029103555 0.026738781 0.023150010 0.034955811 0.030117339 0.070806906 0.034486510 0.026167523 0.030087804
0.021152003 0.018717293 -0.001217537 0.039031781 0.010151358 0.006749028 -0.000165204 0.003636129 0.004733615 0.028769268 0.010643711 0.031227097 0.014517041 0.010533241 0.027709862 0.014947833 -0.001591315 0.025743349 0.013063314 0.019872401 0.003340511 0.008742713 0.013234109 0.001398919 0.020040615 0.020788990 0.002547607 0.004969540 0.012037116 0.006078782 0.051408861 0.033173192 0.016968526 0.004166212
0.066164568 0.054397408 0.039031781 0.006182700 0.041414216 0.032957286 0.031563044 0.027916513 0.042538241 0.010154352 0.026954800 0.023747666 0.022283934 0.028276358 0.074280605 0.076493561 0.048514355 0.022758683 0.041602161 0.031424832 0.048570298 0.037103552 0.070655987 0.030968500 0.040407516 0.027483037 0.040129945 0.040720273 0.060464203 0.029743165 0.033508122 0.020085957 0.045261949 0.046444006
0.028210519 0.027453605 0.010151358 0.041414216 -0.000276440 0.018562112 0.009644924 0.016311407 0.022004468 0.033351891 0.020964231 0.031314198 0.022646714 0.018003911 0.034355484 0.023817379 0.012042377 0.027738070 0.022868486 0.028540391 0.012426279 0.027478088 0.021724874 0.015656136 0.023200411 0.025849462 0.013971210 0.016624238 0.019456653 0.012780768 0.053799175 0.040204901 0.023640445 0.015583628
0.038213585 0.024824820 0.006749028 0.032957286 0.018562112 -0.021308996 0.003329688 0.003798162 0.007060756 0.023610044 0.008483079 0.026972611 0.008191224 0.007544739 0.041843358 0.030584287 0.008659501 0.022428351 0.011782284 0.022140536 0.008106251 0.011134214 0.027370499 0.006569846 0.023458591 0.020057969 0.005376770 0.004891968 0.023684274 0.001627122 0.045982748 0.027595514 0.021982210 0.016263938
0.036317490 0.023970829 -0.000165204 0.031563044 0.009644924 0.003329688 -0.014516353 -0.003906644 0.002137085 0.020248732 0.002981964 0.020931751 0.007257015 0.003032817 0.035894576 0.028429925 0.007267462 0.018247066 0.012760799 0.007197740 0.004087020 0.006877980 0.023481725 -0.003928968 0.020600570 0.009102012 -0.002844207 0.000466883 0.019511629 -0.008660631 0.050682943 0.026058331 0.019771798 0.011519346
0.038253952 0.021880347 0.003636129 0.027916513 0.016311407 0.003798162 -0.003906644 -0.002406444 0.007358531 0.016207198 0.004181307 0.019853381 0.000528480 0.000772981 0.038148072 0.030860700 0.011965500 0.015706599 0.010649201 0.010826591 0.009812824 0.007426756 0.027519917 0.001179022 0.012110472 0.009259185 0.000387061 0.004642598 0.024107706 -0.001029216 0.038401883 0.020701034 0.021979537 0.016806185
0.040669270 0.035118066 0.004733615 0.042538241 0.022004468 0.007060756 0.002137085 0.007358531 -0.001463384 0.031295616 0.005852449 0.027320195 0.012139679 0.009256946 0.044484008 0.026276439 0.004469199 0.024981348 0.014608263 0.018925145 0.009817382 -0.001508777 0.019858824 0.002463073 0.028967414 0.014015845 0.000725335 0.001052740 0.019746933 -0.004444523 0.064750582 0.038240250 0.025230469 0.015460218
0.058915444 0.042722154 0.028769268 0.010154352 0.033351891 0.023610044 0.020248732 0.016207198 0.031295616 0.009226365 0.013336310 0.011896812 0.009756571 0.017950088 0.064194731 0.062767506 0.038340528 0.009693572 0.030734241 0.014211387 0.037575707 0.025657611 0.059178740 0.022742376 0.026390441 0.008023171 0.027098190 0.031784087 0.049704820 0.019627977 0.025854694 0.008420587 0.034429684 0.036739148
0.046436001 0.025371145 0.010643711 0.026954800 0.020964231 0.008483079 0.002981964 0.004181307 0.005852449 0.013336310 -0.013742996 0.012756629 0.000072862 0.002067531 0.048764996 0.041122600 0.015325272 0.008619284 0.011797094 0.012706683 0.015118059 0.006815443 0.034183435 0.003440596 0.022553086 0.005597217 0.005387994 0.005177557 0.031567559 -0.003215437 0.043226577 0.015137596 0.016153537 0.020863920
0.054445166 0.040757790 0.031227097 0.023747666 0.031314198 0.026972611 0.020931751 0.019853381 0.027320195 0.011896812 0.012756629 0.014938183 0.016454790 0.019992672 0.060733572 0.058903869 0.035534367 0.015246497 0.028735472 0.016450152 0.034024090 0.023685783 0.054630391 0.022576598 0.032446343 0.012315206 0.023437390 0.026897727 0.044022359 0.017866034 0.044668756 0.024561053 0.036135770 0.035804890
0.046168290 0.029538941 0.014517041 0.022283934 0.022646714 0.008191224 0.007257015 0.000528480 0.012139679 0.009756571 0.000072862 0.016454790 -0.017904356 0.005951688 0.050842796 0.048342533 0.018208183 0.013235858 0.016997045 0.010496712 0.019477976 0.007160318 0.039290763 0.004675808 0.015769251 0.007722897 0.004245264 0.012845812 0.034421414 0.001120932 0.037502483 0.016878169 0.025929062 0.022974383
0.039100580 0.023586325 0.010533241 0.028276358 0.018003911 0.007544739 0.003032817 0.000772981 0.009256946 0.017950088 0.002067531 0.019992672 0.005951688 -0.008538380 0.040846281 0.038510390 0.011953555 0.013860374 0.009131378 0.014513180 0.011530850 0.009389944 0.030806988 0.006681594 0.019572364 0.008327872 0.002768019 0.006538343 0.024129011 -0.001243232 0.040787261 0.020869290 0.020539366 0.018325867
0.036986444 0.052924383 0.027709862 0.074280605 0.034355484 0.041843358 0.035894576 0.038148072 0.044484008 0.064194731 0.048764996 0.060733572 0.050842796 0.040846281 0.028976435 0.017504849 0.033543289 0.062405683 0.039744698 0.061016262 0.033512745 0.051127378 0.038640060 0.037752364 0.042925730 0.063692436 0.043201916 0.037363369 0.034622703 0.046566229 0.078749686 0.072115697 0.048364580 0.030621834
0.022207044 0.035612918 0.014947833 0.076493561 0.023817379 0.030584287 0.028429925 0.030860700 0.026276439 0.062767506 0.041122600 0.058903869 0.048342533 0.038510390 0.017504849 -0.011343573 0.015272930 0.060940512 0.030345038 0.049877603 0.018181169 0.034099199 0.010099940 0.029248083 0.037261847 0.058006920 0.026587848 0.026754525 0.009445526 0.034151137 0.076596797 0.077213109 0.032011464 0.008768598
0.028046589 0.023485482 -0.001591315 0.048514355 0.012042377 0.008659501 0.007267462 0.011965500 0.004469199 0.038340528 0.015325272 0.035534367 0.018208183 0.011953555 0.033543289 0.015272930 -0.014933677 0.030542288 0.015050448 0.027366117 0.006367941 0.013900564 0.014029067 0.004495223 0.025768109 0.026212541 0.003899015 0.006690482 0.009067403 0.007771712 0.065372229 0.040563010 0.008486480 0.013635737
0.056644965 0.033384703 0.025743349 0.022758683 0.027738070 0.022428351 0.018247066 0.015706599 0.024981348 0.009693572 0.008619284 0.015246497 0.013235858 0.013860374 0.062405683 0.060940512 0.030542288 -0.005502064 0.025249258 0.022633813 0.031267360 0.020608120 0.055240646 0.019368120 0.029992135 0.009915190 0.019795664 0.023350906 0.044707336 0.013071113 0.039275695 0.017880606 0.028422471 0.032034658
0.040868867 0.028550502 0.013063314 0.041602161 0.022868486 0.011782284 0.012760799 0.010649201 0.014608263 0.030734241 0.011797094 0.028735472 0.016997045 0.009131378 0.039744698 0.030345038 0.015050448 0.025249258 -0.001858305 0.029719364 0.014628941 0.014831562 0.029915655 0.014835151 0.026525440 0.020258168 0.013305138 0.013887903 0.020612285 0.010441744 0.056455914 0.032423813 0.023133608 0.014413622
0.060193717 0.048487376 0.019872401 0.031424832 0.028540391 0.022140536 0.007197740 0.010826591 0.018925145 0.014211387 0.012706683 0.016450152 0.010496712 0.014513180 0.061016262 0.049877603 0.027366117 0.022633813 0.029719364 0.000487868 0.026334919 0.021354800 0.049682252 0.014322626 0.021502411 0.014934007 0.014724457 0.022837259 0.044022720 0.011010997 0.054981373 0.030918829 0.041835815 0.030372085
0.030784221 0.027285654 0.003340511 0.048570298 0.012426279 0.008106251 0.004087020 0.009812824 0.009817382 0.037575707 0.015118059 0.034024090 0.019477976 0.011530850 0.033512745 0.018181169 0.006367941 0.031267360 0.014628941 0.026334919 -0.001988601 0.012677124 0.014504286 0.004565590 0.027678806 0.024006197 0.006248808 0.007634649 0.014483124 0.009453829 0.064316794 0.037057333 0.015192620 0.007460748
0.043331821 0.024044886 0.008742713 0.037103552 0.027478088 0.011134214 0.006877980 0.007426756 -0.001508777 0.025657611 0.006815443 0.023685783 0.007160318 0.009389944 0.051127378 0.034099199 0.013900564 0.020608120 0.014831562 0.021354800 0.012677124 -0.023592103 0.028848838 -0.000131605 0.027029719 0.012799908 0.009353556 0.011899304 0.023307830 0.007129853 0.058436278 0.027401248 0.019370016 0.018323416
0.027340751 0.045293525 0.013234109 0.070655987 0.021724874 0.027370499 0.023481725 0.027519917 0.019858824 0.059178740 0.034183435 0.054630391 0.039290763 0.030806988 0.038640060 0.010099940 0.014029067 0.055240646 0.029915655 0.049682252 0.014504286 0.028848838 0.001588114 0.023224100 0.036933564 0.052123602 0.023130970 0.025089663 0.018426105 0.029636277 0.081002362 0.068779871 0.029031664 0.014158232
0.037793368 0.022662312 0.001398919 0.030968500 0.015656136 0.006569846 -0.003928968 0.001179022 0.002463073 0.022742376 0.003440596 0.022576598 0.004675808 0.006681594 0.037752364 0.029248083 0.004495223 0.019368120 0.014835151 0.014322626 0.004565590 -0.000131605 0.023224100 -0.002598916 0.019093517 0.009864495 -0.001585387 0.000741404 0.018491361 -0.003537169 0.049359396 0.025849903 0.015909201 0.013010038
0.051304664 0.012231180 0.020040615 0.040407516 0.023200411 0.023458591 0.020600570 0.012110472 0.028967414 0.026390441 0.022553086 0.032446343 0.015769251 0.019572364 0.042925730 0.037261847 0.025768109 0.029992135 0.026525440 0.021502411 0.027678806 0.027029719 0.036933564 0.019093517 -0.022890674 0.020616923 0.018044895 0.018590190 0.040749565 0.021398429 0.058100272 0.033377856 0.036585130 0.026117861
0.055792525 0.029103555 0.020788990 0.027483037 0.025849462 0.020057969 0.009102012 0.009259185 0.014015845 0.008023171 0.005597217 0.012315206 0.007722897 0.008327872 0.063692436 0.058006920 0.026212541 0.009915190 0.020258168 0.014934007 0.024006197 0.012799908 0.052123602 0.009864495 0.020616923 -0.007229406 0.012094773 0.017737614 0.040821705 0.004712748 0.050657064 0.018588126 0.029361568 0.028189732
0.042024791 0.026738781 0.002547607 0.040129945 0.013971210 0.005376770 -0.002844207 0.000387061 0.000725335 0.027098190 0.005387994 0.023437390 0.004245264 0.002768019 0.043201916 0.026587848 0.003899015 0.019795664 0.013305138 0.014724457 0.006248808 0.009353556 0.023130970 -0.001585387 0.018044895 0.012094773 -0.007725423 0.001070008 0.022953380 -0.004722368 0.057783913 0.037514135 0.021362793 0.012376403
0.037358031 0.023150010 0.004969540 0.040720273 0.016624238 0.004891968 0.000466883 0.004642598 0.001052740 0.031784087 0.005177557 0.026897727 0.012845812 0.006538343 0.037363369 0.026754525 0.006690482 0.023350906 0.013887903 0.022837259 0.007634649 0.011899304 0.025089663 0.000741404 0.018590190 0.017737614 0.001070008 -0.004159413 0.018312313 0.000440957 0.055729482 0.034506224 0.018732501 0.012604913
0.022433367 0.034955811 0.012037116 0.060464203 0.019456653 0.023684274 0.019511629 0.024107706 0.019746933 0.049704820 0.031567559 0.044022359 0.034421414 0.024129011 0.034622703 0.009445526 0.009067403 0.044707336 0.020612285 0.044022720 0.014483124 0.023307830 0.018426105 0.018491361 0.040749565 0.040821705 0.022953380 0.018312313 -0.001617952 0.021368628 0.070570543 0.057637200 0.021122191 0.014761030
0.042411465 0.030117339 0.006078782 0.029743165 0.012780768 0.001627122 -0.008660631 -0.001029216 -0.004444523 0.019627977 -0.003215437 0.017866034 0.001120932 -0.001243232 0.046566229 0.034151137 0.007771712 0.013071113 0.010441744 0.011010997 0.009453829 0.007129853 0.029636277 -0.003537169 0.021398429 0.004712748 -0.004722368 0.000440957 0.021368628 -0.028488018 0.052180655 0.031364888 0.018446730 0.016090844
0.078199625 0.070806906 0.051408861 0.033508122 0.053799175 0.045982748 0.050682943 0.038401883 0.064750582 0.025854694 0.043226577 0.044668756 0.037502483 0.040787261 0.078749686 0.076596797 0.065372229 0.039275695 0.056455914 0.054981373 0.064316794 0.058436278 0.081002362 0.049359396 0.058100272 0.050657064 0.057783913 0.055729482 0.070570543 0.052180655 -0.001481052 0.046347324 0.061500262 0.051802866
0.065052703 0.034486510 0.033173192 0.020085957 0.040204901 0.027595514 0.026058331 0.020701034 0.038240250 0.008420587 0.015137596 0.024561053 0.016878169 0.020869290 0.072115697 0.077213109 0.040563010 0.017880606 0.032423813 0.030918829 0.037057333 0.027401248 0.068779871 0.025849903 0.033377856 0.018588126 0.037514135 0.034506224 0.057637200 0.031364888 0.046347324 -0.011141934 0.043159276 0.040612616
0.033203796 0.026167523 0.016968526 0.045261949 0.023640445 0.021982210 0.019771798 0.021979537 0.025230469 0.034429684 0.016153537 0.036135770 0.025929062 0.020539366 0.048364580 0.032011464 0.008486480 0.028422471 0.023133608 0.041835815 0.015192620 0.019370016 0.029031664 0.015909201 0.036585130 0.029361568 0.021362793 0.018732501 0.021122191 0.018446730 0.061500262 0.043159276 -0.022783790 0.024216164
0.024401912 0.030087804 0.004166212 0.046444006 0.015583628 0.016263938 0.011519346 0.016806185 0.015460218 0.036739148 0.020863920 0.035804890 0.022974383 0.018325867 0.030621834 0.008768598 0.013635737 0.032034658 0.014413622 0.030372085 0.007460748 0.018323416 0.014158232 0.013010038 0.026117861 0.028189732 0.012376403 0.012604913 0.014761030 0.016090844 0.051802866 0.040612616 0.024216164 -0.004955180
