0.017753264 0.060362279 0.023688575 0.083990365 0.023989726 0.038931247 0.036568582 0.040214986 0.041542150 0.063894391 0.048799496 0.072533578 0.048963986 0.049094815 0.029279305 0.014744627 0.032413907 0.069648214 0.043968983 0.058706407 0.028256858 0.051316373 0.018742111 0.041170735 0.052578203 0.053146467 0.039952170 0.043870959 0.016556971 0.051974352 0.107335605 0.076412559 0.036494099 0.029869178
0.060362279 -0.038587641 0.019585690 0.063049927 0.028706877 0.026179790 0.024529977 0.024759421 0.036113929 0.043526195 0.029591957 0.048620515 0.030885648 0.031418409 0.049925920 0.031149048 0.025687754 0.045112595 0.036163688 0.041960217 0.025564924 0.028608294 0.037207909 0.023433566 0.014471878 0.027696114 0.026877778 0.025998125 0.036105499 0.040125344 0.085532233 0.048387654 0.028813833 0.036788329
0.023688575 0.019585690 -0.001162025 0.043880668 0.008803525 0.005794630 -0.000183139 0.003811975 0.004485353 0.028065210 0.011527032 0.034168649 0.015253429 0.013265582 0.028302375 0.009540720 0.003207691 0.033932894 0.016262246 0.019193010 0.002554266 0.010847005 0.005175234 0.001360634 0.020806953 0.018163485 0.001409153 0.005472977 0.007105272 0.013181447 0.050704461 0.040093541 0.014922392 0.008790463
0.083990365 0.063049927 0.043880668 0.015295483 0.048469704 0.037062649 0.035545751 0.034301430 0.045077182 0.011642011 0.035112534 0.029511305 0.031237371 0.037604697 0.077260390 0.069070712 0.053917095 0.039093167 0.050787851 0.032264661 0.049568959 0.041463070 0.060741913 0.035298131 0.047260024 0.023835342 0.044128302 0.042762797 0.070143506 0.043629684 0.040824637 0.032351103 0.045004055 0.057625160
0.023989726 0.028706877 0.008803525 0.048469704 -0.014225649 0.011537332 0.009497579 0.015916042 0.019729815 0.031985283 0.020031448 0.036527634 0.022475667 0.020768452 0.026185438 0.010418652 0.009252372 0.039039344 0.028794345 0.027850149 0.011309470 0.026019372 0.003088612 0.015377998 0.026353326 0.020970032 0.010800122 0.013006822 0.005079595 0.016710807 0.047784340 0.050597668 0.010725945 0.018090541
0.038931247 0.026179790 0.005794630 0.037062649 0.011537332 -0.026292924 0.001558164 0.002031533 0.005176305 0.022363663 0.007828954 0.031457279 0.007477982 0.009952125 0.037930526 0.022103865 0.007257653 0.030256242 0.015199518 0.017378461 0.004883914 0.012755064 0.017219801 0.005481820 0.023021046 0.016565703 0.002150324 0.003692668 0.018450882 0.007241056 0.042889312 0.032274760 0.019189006 0.015506232
0.036568582 0.024529977 -0.000183139 0.035545751 0.009497579 0.001558164 -0.013015613 -0.002905393 0.002677538 0.020819364 0.005831039 0.024884401 0.009485028 0.005955783 0.035554644 0.021224199 0.007616790 0.026633173 0.016502267 0.007530115 0.004065125 0.008740046 0.016409684 -0.002223732 0.020693718 0.008530666 -0.003794045 0.001638813 0.016748104 -0.000868946 0.045693964 0.035399690 0.017995747 0.015245999
0.040214986 0.024759421 0.003811975 0.034301430 0.015916042 0.002031533 -0.002905393 -0.002547062 0.007252426 0.017326493 0.006824204 0.026076410 0.005339209 0.005414094 0.039515153 0.023804167 0.013064592 0.026080973 0.016272387 0.010512949 0.009485961 0.010947345 0.021335099 0.001089661 0.012986955 0.008333450 -0.000966628 0.007005550 0.021126894 0.006604623 0.038500208 0.031993233 0.022443246 0.021614658
0.041542150 0.036113929 0.004485353 0.045077182 0.019729815 0.005176305 0.002677538 0.007252426 -0.001751069 0.030137178 0.009669278 0.030751452 0.015236638 0.012628332 0.042012386 0.020087391 0.006844583 0.032848731 0.018058626 0.014573999 0.008013251 0.000658040 0.011601958 0.002057001 0.028342657 0.011586653 -0.001524742 0.000865800 0.017132999 0.002706241 0.060846195 0.044264935 0.023435729 0.018471457
0.063894391 0.043526195 0.028065210 0.011642011 0.031985283 0.022363663 0.020819364 0.017326493 0.030137178 0.001229987 0.018674362 0.012573482 0.014607484 0.021303164 0.059114084 0.052339196 0.037350222 0.020601708 0.033724509 0.008591956 0.033745147 0.025506014 0.045889478 0.021967802 0.028281976 0.003751532 0.026983969 0.028310820 0.050363272 0.026823515 0.019769005 0.014931507 0.028735645 0.039356962
0.048799496 0.029591957 0.011527032 0.035112534 0.020031448 0.007828954 0.005831039 0.006824204 0.009669278 0.018674362 0.001124688 0.025708081 0.010001640 0.013853677 0.047763962 0.034593083 0.016862633 0.024551431 0.020086817 0.011927335 0.014819407 0.016089601 0.028522987 0.007722774 0.022837782 0.005318700 0.005937305 0.009773353 0.029447490 0.009863397 0.052459791 0.026252640 0.018158093 0.025498565
0.072533578 0.048620515 0.034168649 0.029511305 0.036527634 0.031457279 0.024884401 0.026076410 0.030751452 0.012573482 0.025708081 0.010403637 0.027269688 0.026029609 0.067301318 0.054255962 0.040368386 0.029188283 0.038791880 0.016436454 0.034744568 0.029137531 0.046105683 0.024916740 0.038317297 0.012451956 0.028778737 0.028470974 0.053407431 0.031037608 0.043824259 0.035893619 0.036721576 0.046168447
0.048963986 0.030885648 0.015253429 0.031237371 0.022475667 0.007477982 0.009485028 0.005339209 0.015236638 0.014607484 0.010001640 0.027269688 -0.006380757 0.014428057 0.049787354 0.041562721 0.019691650 0.026360037 0.020850038 0.012222152 0.019171074 0.013273248 0.032940045 0.009060589 0.016871709 0.006228835 0.005350756 0.014397905 0.032945082 0.011873161 0.046408549 0.024862707 0.024995986 0.027247101
0.049094815 0.031418409 0.013265582 0.037604697 0.020768452 0.009952125 0.005955783 0.005414094 0.012628332 0.021303164 0.013853677 0.026029609 0.014428057 0.000554286 0.045217842 0.034190897 0.016103134 0.030310256 0.020779269 0.014476908 0.011991076 0.015782516 0.024719644 0.009084093 0.023390755 0.009715406 0.005264774 0.009916566 0.026449434 0.011687420 0.040258598 0.038620062 0.023899291 0.027448416
0.029279305 0.049925920 0.028302375 0.077260390 0.026185438 0.037930526 0.035554644 0.039515153 0.042012386 0.059114084 0.047763962 0.067301318 0.049787354 0.045217842 0.019508844 0.009688166 0.030034712 0.068686433 0.041004166 0.053702753 0.032397646 0.046360083 0.025567161 0.038249400 0.045727655 0.052558728 0.040475484 0.035487566 0.020484600 0.046702582 0.082912311 0.076943263 0.034854516 0.032696515
0.014744627 0.031149048 0.009540720 0.069070712 0.010418652 0.022103865 0.021224199 0.023804167 0.020087391 0.052339196 0.034593083 0.054255962 0.041562721 0.034190897 0.009688166 -0.021005500 0.011484783 0.062040824 0.027504092 0.030868618 0.009171836 0.029229606 -0.004640486 0.022412684 0.030440204 0.045501065 0.018134611 0.018307190 -0.003571087 0.033393271 0.065072246 0.069990210 0.023756415 0.005117944
0.032413907 0.025687754 0.003207691 0.053917095 0.009252372 0.007257653 0.007616790 0.013064592 0.006844583 0.037350222 0.016862633 0.040368386 0.019691650 0.016103134 0.030034712 0.011484783 -0.009947456 0.039102286 0.018563181 0.025044460 0.005825977 0.015452340 0.004653740 0.009098390 0.027213069 0.022184990 0.005375467 0.006993555 0.008624302 0.015246348 0.069626965 0.047722735 0.007975657 0.017852530
0.069648214 0.045112595 0.033932894 0.039093167 0.039039344 0.030256242 0.026633173 0.026080973 0.032848731 0.020601708 0.024551431 0.029188283 0.026360037 0.030310256 0.068686433 0.062040824 0.039102286 0.015812008 0.038535088 0.032669783 0.038654100 0.031536322 0.054782204 0.027342532 0.040590011 0.017518785 0.027575584 0.032620430 0.051158704 0.029073913 0.052014660 0.044398725 0.036388807 0.048431847
0.043968983 0.036163688 0.016262246 0.050787851 0.028794345 0.015199518 0.016502267 0.016272387 0.018058626 0.033724509 0.020086817 0.038791880 0.020850038 0.020779269 0.041004166 0.027504092 0.018563181 0.038535088 0.007373795 0.028068455 0.015790064 0.020763565 0.024229983 0.017707592 0.032129496 0.021403573 0.015758321 0.017097067 0.022090886 0.021466324 0.060931101 0.052372299 0.025678962 0.025198989
0.058706407 0.041960217 0.019193010 0.032264661 0.027850149 0.017378461 0.007530115 0.010512949 0.014573999 0.008591956 0.011927335 0.016436454 0.012222152 0.014476908 0.053702753 0.030868618 0.025044460 0.032669783 0.028068455 -0.000996342 0.023206189 0.017028451 0.028894272 0.013817406 0.024079984 0.006295952 0.012614965 0.016196415 0.038987439 0.017599950 0.045397844 0.031934470 0.025780234 0.031472333
0.028256858 0.025564924 0.002554266 0.049568959 0.011309470 0.004883914 0.004065125 0.009485961 0.008013251 0.033745147 0.014819407 0.034744568 0.019171074 0.011991076 0.032397646 0.009171836 0.005825977 0.038654100 0.015790064 0.023206189 -0.005267120 0.011408688 0.002334225 0.003687246 0.028895978 0.018865075 0.004761484 0.004241837 0.005911153 0.015042493 0.055230040 0.040276125 0.008416306 0.010422469
0.051316373 0.028608294 0.010847005 0.041463070 0.026019372 0.012755064 0.008740046 0.010947345 0.000658040 0.025506014 0.016089601 0.029137531 0.013273248 0.015782516 0.046360083 0.029229606 0.015452340 0.031536322 0.020763565 0.017028451 0.011408688 -0.019710001 0.020049712 0.001688567 0.029118679 0.009524619 0.011203209 0.012631571 0.022227727 0.016846873 0.065305606 0.034222264 0.018725300 0.022356903
0.018742111 0.037207909 0.005175234 0.060741913 0.003088612 0.017219801 0.016409684 0.021335099 0.011601958 0.045889478 0.028522987 0.046105683 0.032940045 0.024719644 0.025567161 -0.004640486 0.004653740 0.054782204 0.024229983 0.028894272 0.002334225 0.020049712 -0.018127576 0.016378703 0.031177545 0.035698656 0.015134488 0.011567328 -0.000485661 0.025912512 0.069269732 0.055694625 0.012932532 0.004129117
0.041170735 0.023433566 0.001360634 0.035298131 0.015377998 0.005481820 -0.002223732 0.001089661 0.002057001 0.021967802 0.007722774 0.024916740 0.009060589 0.009084093 0.038249400 0.022412684 0.009098390 0.027342532 0.017707592 0.013817406 0.003687246 0.001688567 0.016378703 -0.002858834 0.019746995 0.007168835 -0.003334356 0.001022128 0.017928191 0.003314475 0.048815437 0.032699522 0.014167696 0.017042920
0.052578203 0.014471878 0.020806953 0.047260024 0.026353326 0.023021046 0.020693718 0.012986955 0.028342657 0.028281976 0.022837782 0.038317297 0.016871709 0.023390755 0.045727655 0.030440204 0.027213069 0.040590011 0.032129496 0.024079984 0.028895978 0.029118679 0.031177545 0.019746995 -0.018661536 0.019512312 0.016690072 0.020352177 0.037352532 0.025670312 0.058250591 0.048399944 0.033927366 0.031928070
0.053146467 0.027696114 0.018163485 0.023835342 0.020970032 0.016565703 0.008530666 0.008333450 0.011586653 0.003751532 0.005318700 0.012451956 0.006228835 0.009715406 0.052558728 0.045501065 0.022184990 0.017518785 0.021403573 0.006295952 0.018865075 0.009524619 0.035698656 0.007168835 0.019512312 -0.008669369 0.009335550 0.012699982 0.033266693 0.009473627 0.033656180 0.020363221 0.021236986 0.027413812
0.039952170 0.026877778 0.001409153 0.044128302 0.010800122 0.002150324 -0.003794045 -0.000966628 -0.001524742 0.026983969 0.005937305 0.028778737 0.005350756 0.005264774 0.040475484 0.018134611 0.005375467 0.027575584 0.015758321 0.012614965 0.004761484 0.011203209 0.015134488 -0.003334356 0.016690072 0.009335550 -0.015481912 0.001999937 0.017321950 0.001354738 0.057112712 0.044610269 0.019996373 0.014142204
0.043870959 0.025998125 0.005472977 0.042762797 0.013006822 0.003692668 0.001638813 0.007005550 0.000865800 0.028310820 0.009773353 0.028470974 0.014397905 0.009916566 0.035487566 0.018307190 0.006993555 0.032620430 0.017097067 0.016196415 0.004241837 0.012631571 0.011567328 0.001022128 0.020352177 0.012699982 0.001999937 -0.007191189 0.018956864 0.009462243 0.050670553 0.036316939 0.014087439 0.014317672
0.016556971 0.036105499 0.007105272 0.070143506 0.005079595 0.018450882 0.016748104 0.021126894 0.017132999 0.050363272 0.029447490 0.053407431 0.032945082 0.026449434 0.020484600 -0.003571087 0.008624302 0.051158704 0.022090886 0.038987439 0.005911153 0.022227727 -0.000485661 0.017928191 0.037352532 0.033266693 0.017321950 0.018956864 -0.015457086 0.023448911 0.079930350 0.060642987 0.016088124 0.011693625
0.051974352 0.040125344 0.013181447 0.043629684 0.016710807 0.007241056 -0.000868946 0.006604623 0.002706241 0.026823515 0.009863397 0.031037608 0.011873161 0.011687420 0.046702582 0.033393271 0.015246348 0.029073913 0.021466324 0.017599950 0.015042493 0.016846873 0.025912512 0.003314475 0.025670312 0.009473627 0.001354738 0.009462243 0.023448911 -0.012178244 0.064593248 0.046123985 0.024054669 0.024957374
0.107335605 0.085532233 0.050704461 0.040824637 0.047784340 0.042889312 0.045693964 0.038500208 0.060846195 0.019769005 0.052459791 0.043824259 0.046408549 0.040258598 0.082912311 0.065072246 0.069626965 0.052014660 0.060931101 0.045397844 0.055230040 0.065305606 0.069269732 0.048815437 0.058250591 0.033656180 0.057112712 0.050670553 0.079930350 0.064593248 0.015439026 0.049638420 0.063226953 0.053611748
0.076412559 0.048387654 0.040093541 0.032351103 0.050597668 0.032274760 0.035399690 0.031993233 0.044264935 0.014931507 0.026252640 0.035893619 0.024862707 0.038620062 0.076943263 0.069990210 0.047722735 0.044398725 0.052372299 0.031934470 0.040276125 0.034222264 0.055694625 0.032699522 0.048399944 0.020363221 0.044610269 0.036316939 0.060642987 0.046123985 0.049638420 0.018030085 0.038687073 0.055934638
0.036494099 0.028813833 0.014922392 0.045004055 0.010725945 0.019189006 0.017995747 0.022443246 0.023435729 0.028735645 0.018158093 0.036721576 0.024995986 0.023899291 0.034854516 0.023756415 0.007975657 0.036388807 0.025678962 0.025780234 0.008416306 0.018725300 0.012932532 0.014167696 0.033927366 0.021236986 0.019996373 0.014087439 0.016088124 0.024054669 0.063226953 0.038687073 -0.029588606 0.020089509
0.029869178 0.036788329 0.008790463 0.057625160 0.018090541 0.015506232 0.015245999 0.021614658 0.018471457 0.039356962 0.025498565 0.046168447 0.027247101 0.027448416 0.032696515 0.005117944 0.017852530 0.048431847 0.025198989 0.031472333 0.010422469 0.022356903 0.004129117 0.017042920 0.031928070 0.027413812 0.014142204 0.014317672 0.011693625 0.024957374 0.053611748 0.055934638 0.020089509 0.004086621
