0.014498294 0.052440509 0.020344460 0.072434820 0.019847540 0.036070157 0.033556484 0.038210742 0.042406261 0.057955399 0.045914121 0.070918620 0.047240213 0.044359248 0.028014131 0.018817410 0.025831979 0.060870461 0.037288290 0.063811161 0.026913431 0.042086575 0.020901700 0.036905579 0.053153969 0.047406696 0.039847888 0.031913832 0.019739514 0.045796782 0.082709596 0.067718148 0.040600054 0.022694275
0.052440509 -0.043763254 0.017847102 0.060894281 0.023694664 0.020950267 0.022894310 0.020878986 0.035871685 0.042610504 0.024684411 0.052456800 0.028987449 0.025730880 0.045455113 0.031280272 0.021503612 0.036647268 0.026956137 0.052083850 0.025447223 0.021752834 0.039627053 0.021738220 0.013982907 0.026398340 0.026063476 0.021289766 0.034920882 0.034017675 0.079566263 0.041223779 0.026643848 0.029902061
0.020344460 0.017847102 -0.001268246 0.044100575 0.006140456 0.004765800 -0.000288101 0.003582635 0.004817917 0.028566854 0.010488318 0.039242044 0.014995754 0.012588445 0.027828168 0.011962116 -0.001591323 0.030423354 0.012620755 0.020775080 0.003380828 0.007211153 0.009701005 0.001207416 0.020552842 0.019799907 0.001805253 0.004541142 0.008552618 0.010573319 0.049826827 0.041395448 0.017017139 0.009314643
0.072434820 0.060894281 0.044100575 0.019047361 0.045032695 0.031556610 0.035705063 0.032644913 0.048584934 0.014082626 0.031507455 0.041987013 0.030896027 0.033512853 0.074389964 0.069792941 0.054533865 0.040717710 0.051143080 0.041506100 0.053579032 0.037516154 0.062000405 0.035417061 0.050051168 0.026806174 0.043530319 0.041577514 0.065843374 0.038434375 0.042947784 0.037298128 0.046157636 0.051771626
0.019847540 0.023694664 0.006140456 0.045032695 -0.015726268 0.010983370 0.009076343 0.015621244 0.019118804 0.028651796 0.018920593 0.039291937 0.022282470 0.017371103 0.025431890 0.016582349 0.007195314 0.029552698 0.018368831 0.025986280 0.009813974 0.017686808 0.009987359 0.014770824 0.031078372 0.020609599 0.012504239 0.009249065 0.009919448 0.011765778 0.048492759 0.048416391 0.013811043 0.018410875
0.036070157 0.020950267 0.004765800 0.031556610 0.010983370 -0.027438320 0.001272745 0.001857731 0.003441949 0.018545955 0.006344366 0.029250436 0.006839762 0.007033549 0.035998344 0.025119115 0.005498668 0.023449827 0.007665642 0.012437001 0.002316220 0.006159450 0.020997863 0.004575009 0.025140489 0.015265048 0.003308159 -0.000847111 0.017485145 0.002716200 0.042273406 0.028425355 0.015553626 0.015802942
0.033556484 0.022894310 -0.000288101 0.035705063 0.009076343 0.001272745 -0.014799154 -0.003250030 0.002406293 0.020952424 0.002619470 0.028794894 0.007868536 0.005611942 0.035699040 0.024791164 0.005730858 0.022441544 0.012408448 0.006904454 0.004485096 0.005174492 0.021195348 -0.003568064 0.020697027 0.010479894 -0.003484786 0.001547976 0.016080696 -0.003570599 0.045895386 0.036623254 0.019126542 0.016738139
0.038210742 0.020878986 0.003582635 0.032644913 0.015621244 0.001857731 -0.003250030 -0.002534379 0.007086951 0.016255921 0.005333808 0.028368037 0.002704590 0.003560424 0.038910270 0.028594535 0.011810514 0.019371755 0.009451546 0.012136005 0.009435602 0.005787975 0.026065560 0.001032318 0.015888158 0.009154274 -0.000140870 0.004731896 0.022601781 0.003302281 0.038663987 0.029737711 0.023142528 0.021999836
0.042406261 0.035871685 0.004817917 0.048584934 0.019118804 0.003441949 0.002406293 0.007086951 -0.001638258 0.030544329 0.010064870 0.034957998 0.017241232 0.008798986 0.044780921 0.021911331 0.007400531 0.031548567 0.015670612 0.019321604 0.009975293 -0.003668386 0.012537661 0.002310907 0.029562760 0.011449399 0.000074507 -0.001498288 0.018461324 0.000162927 0.064902961 0.044082940 0.025331086 0.018753454
0.057955399 0.042610504 0.028566854 0.014082626 0.028651796 0.018545955 0.020952424 0.016255921 0.030544329 0.004390393 0.016481286 0.019092117 0.013635087 0.017578680 0.058844194 0.052586999 0.038324229 0.020865155 0.033609107 0.011419104 0.036367454 0.021426089 0.048190005 0.022464056 0.030476719 0.005542576 0.026769746 0.028935906 0.046216212 0.023514377 0.025259083 0.017387278 0.028142136 0.036703147
0.045914121 0.024684411 0.010488318 0.031507455 0.018920593 0.006344366 0.002619470 0.005333808 0.010064870 0.016481286 -0.009824306 0.026508413 0.005458368 0.007855920 0.045937769 0.037929516 0.015156012 0.015158366 0.010056959 0.013371971 0.013864242 0.008018667 0.030520536 0.004992794 0.023502301 0.001115771 0.005294041 0.003176622 0.030290581 0.002352333 0.046668824 0.022183951 0.018444231 0.023327582
0.070918620 0.052456800 0.039242044 0.041987013 0.039291937 0.029250436 0.028794894 0.028368037 0.034957998 0.019092117 0.026508413 0.024512503 0.031968474 0.025366019 0.073195457 0.057104401 0.046711370 0.036432832 0.044500854 0.032318693 0.043509051 0.031209026 0.052561142 0.029934619 0.044049833 0.019140884 0.032351807 0.035012193 0.056168683 0.031656578 0.065332003 0.047495063 0.039248042 0.047153004
0.047240213 0.028987449 0.014995754 0.030896027 0.022282470 0.006839762 0.007868536 0.002704590 0.017241232 0.013635087 0.005458368 0.031968474 -0.010585352 0.010910092 0.050551001 0.045299299 0.019663855 0.020911641 0.016721966 0.016392684 0.019298950 0.008559089 0.035988938 0.007056335 0.020153400 0.004602917 0.005286223 0.010835164 0.034244943 0.007326283 0.041544046 0.024592951 0.028634677 0.027006079
0.044359248 0.025730880 0.012588445 0.033512853 0.017371103 0.007033549 0.005611942 0.003560424 0.008798986 0.017578680 0.007855920 0.025366019 0.010910092 -0.004176952 0.044313908 0.037610758 0.015628560 0.022110553 0.012475878 0.011375486 0.010086143 0.009136129 0.031786732 0.008593010 0.025623225 0.010331264 0.006083452 0.008528087 0.027323915 0.007437123 0.049373187 0.033508554 0.018944521 0.026093733
0.028014131 0.045455113 0.027828168 0.074389964 0.025431890 0.035998344 0.035699040 0.038910270 0.044780921 0.058844194 0.045937769 0.073195457 0.050551001 0.044313908 0.015870828 0.013570527 0.027712159 0.063078500 0.034424003 0.065316841 0.031704899 0.041491009 0.031565264 0.037585657 0.048164405 0.051779851 0.042723753 0.029810086 0.025782339 0.043847576 0.076362081 0.074655890 0.041528225 0.028731819
0.018817410 0.031280272 0.011962116 0.069792941 0.016582349 0.025119115 0.024791164 0.028594535 0.021911331 0.052586999 0.037929516 0.057104401 0.045299299 0.037610758 0.013570527 -0.016910069 0.013467103 0.062783651 0.025971580 0.035741396 0.011210274 0.027604522 0.001770160 0.025736302 0.037956625 0.048273675 0.023653800 0.019059893 0.003962003 0.034174122 0.074054524 0.076517247 0.024705037 0.009682191
0.025831979 0.021503612 -0.001591323 0.054533865 0.007195314 0.005498668 0.005730858 0.011810514 0.007400531 0.038324229 0.015156012 0.046711370 0.019663855 0.015628560 0.027712159 0.013467103 -0.017617671 0.034214623 0.010599054 0.030829579 0.005782441 0.011968421 0.008620776 0.004413946 0.028624132 0.023416627 0.002752164 0.004580174 0.008530469 0.010809099 0.067392640 0.047754295 0.014253846 0.014723247
0.060870461 0.036647268 0.030423354 0.040717710 0.029552698 0.023449827 0.022441544 0.019371755 0.031548567 0.020865155 0.015158366 0.036432832 0.020911641 0.022110553 0.063078500 0.062783651 0.034214623 0.003123591 0.028574511 0.042143255 0.038819212 0.024392424 0.056346003 0.023916896 0.036669463 0.016069105 0.023504267 0.029295366 0.048109993 0.022081070 0.047316317 0.035439827 0.040574297 0.038830519
0.037288290 0.026956137 0.012620755 0.051143080 0.018368831 0.007665642 0.012408448 0.009451546 0.015670612 0.033609107 0.010056959 0.044500854 0.016721966 0.012475878 0.034424003 0.025971580 0.010599054 0.028574511 -0.003158826 0.034985386 0.015594072 0.013388593 0.024703717 0.014391426 0.027376737 0.020064291 0.011589372 0.013884707 0.016649444 0.014473334 0.056941159 0.042428695 0.027117768 0.016041758
0.063811161 0.052083850 0.020775080 0.041506100 0.025986280 0.012437001 0.006904454 0.012136005 0.019321604 0.011419104 0.013371971 0.032318693 0.016392684 0.011375486 0.065316841 0.035741396 0.030829579 0.042143255 0.034985386 -0.001422497 0.026181759 0.014426775 0.033094507 0.014809755 0.031176984 0.010063252 0.013041145 0.015037886 0.041964971 0.015454356 0.055133019 0.049077265 0.033709913 0.036490142
0.026913431 0.025447223 0.003380828 0.053579032 0.009813974 0.002316220 0.004485096 0.009435602 0.009975293 0.036367454 0.013864242 0.043509051 0.019298950 0.010086143 0.031704899 0.011210274 0.005782441 0.038819212 0.015594072 0.026181759 0.000023925 0.008590009 0.004688511 0.004481205 0.030123107 0.022120528 0.004555527 0.005280077 0.004679867 0.012189086 0.056687638 0.044581026 0.010343633 0.011944707
0.042086575 0.021752834 0.007211153 0.037516154 0.017686808 0.006159450 0.005174492 0.005787975 -0.003668386 0.021426089 0.008018667 0.031209026 0.008559089 0.009136129 0.041491009 0.027604522 0.011968421 0.024392424 0.013388593 0.014426775 0.008590009 -0.027762473 0.020647269 -0.001852365 0.026579086 0.006940480 0.008042965 0.007610619 0.019625293 0.009971222 0.060419708 0.028392753 0.015218528 0.016710339
0.020901700 0.039627053 0.009701005 0.062000405 0.009987359 0.020997863 0.021195348 0.026065560 0.012537661 0.048190005 0.030520536 0.052561142 0.035988938 0.031786732 0.031565264 0.001770160 0.008620776 0.056346003 0.024703717 0.033094507 0.004688511 0.020647269 -0.004454158 0.020130644 0.038464241 0.041473445 0.021374565 0.016152184 0.009143913 0.028710423 0.078559130 0.066383019 0.015329890 0.014849134
0.036905579 0.021738220 0.001207416 0.035417061 0.014770824 0.004575009 -0.003568064 0.001032318 0.002310907 0.022464056 0.004992794 0.029934619 0.007056335 0.008593010 0.037585657 0.025736302 0.004413946 0.023916896 0.014391426 0.014809755 0.004481205 -0.001852365 0.020130644 -0.002911898 0.020534353 0.009224656 -0.002237937 0.000302484 0.016664123 0.000736222 0.047165979 0.034728348 0.015585767 0.017393932
0.053153969 0.013982907 0.020552842 0.050051168 0.031078372 0.025140489 0.020697027 0.015888158 0.029562760 0.030476719 0.023502301 0.044049833 0.020153400 0.025623225 0.048164405 0.037956625 0.028624132 0.036669463 0.027376737 0.031176984 0.030123107 0.026579086 0.038464241 0.020534353 -0.011077525 0.022043858 0.019686162 0.020635959 0.042570148 0.026909208 0.060025878 0.051714379 0.037426732 0.036717594
0.047406696 0.026398340 0.019799907 0.026806174 0.020609599 0.015265048 0.010479894 0.009154274 0.011449399 0.005542576 0.001115771 0.019140884 0.004602917 0.010331264 0.051779851 0.048273675 0.023416627 0.016069105 0.020064291 0.010063252 0.022120528 0.006940480 0.041473445 0.009224656 0.022043858 -0.003625851 0.011051934 0.015746165 0.033546116 0.007549489 0.043924291 0.025406688 0.020431004 0.027895043
0.039847888 0.026063476 0.001805253 0.043530319 0.012504239 0.003308159 -0.003484786 -0.000140870 0.000074507 0.026769746 0.005294041 0.032351807 0.005286223 0.006083452 0.042723753 0.023653800 0.002752164 0.023504267 0.011589372 0.013041145 0.004555527 0.008042965 0.021374565 -0.002237937 0.019686162 0.011051934 -0.011072500 0.000466491 0.020227743 -0.000043780 0.055922296 0.047146533 0.023429148 0.017008161
0.031913832 0.021289766 0.004541142 0.041577514 0.009249065 -0.000847111 0.001547976 0.004731896 -0.001498288 0.028935906 0.003176622 0.035012193 0.010835164 0.008528087 0.029810086 0.019059893 0.004580174 0.029295366 0.013884707 0.015037886 0.005280077 0.007610619 0.016152184 0.000302484 0.020635959 0.015746165 0.000466491 -0.006341420 0.013304869 0.003952428 0.050820380 0.036502659 0.009001749 0.011476746
0.019739514 0.034920882 0.008552618 0.065843374 0.009919448 0.017485145 0.016080696 0.022601781 0.018461324 0.046216212 0.030290581 0.056168683 0.034244943 0.027323915 0.025782339 0.003962003 0.008530469 0.048109993 0.016649444 0.041964971 0.004679867 0.019625293 0.009143913 0.016664123 0.042570148 0.033546116 0.020227743 0.013304869 -0.004575316 0.024348641 0.077131376 0.061189368 0.023180369 0.014617657
0.045796782 0.034017675 0.010573319 0.038434375 0.011765778 0.002716200 -0.003570599 0.003302281 0.000162927 0.023514377 0.002352333 0.031656578 0.007326283 0.007437123 0.043847576 0.034174122 0.010809099 0.022081070 0.014473334 0.015454356 0.012189086 0.009971222 0.028710423 0.000736222 0.026909208 0.007549489 -0.000043780 0.003952428 0.024348641 -0.018689979 0.061777622 0.042201608 0.023770589 0.019815745
0.082709596 0.079566263 0.049826827 0.042947784 0.048492759 0.042273406 0.045895386 0.038663987 0.064902961 0.025259083 0.046668824 0.065332003 0.041544046 0.049373187 0.076362081 0.074054524 0.067392640 0.047316317 0.056941159 0.055133019 0.056687638 0.060419708 0.078559130 0.047165979 0.060025878 0.043924291 0.055922296 0.050820380 0.077131376 0.061777622 0.014103834 0.059883453 0.074560896 0.052205805
0.067718148 0.041223779 0.041395448 0.037298128 0.048416391 0.028425355 0.036623254 0.029737711 0.044082940 0.017387278 0.022183951 0.047495063 0.024592951 0.033508554 0.074655890 0.076517247 0.047754295 0.035439827 0.042428695 0.049077265 0.044581026 0.028392753 0.066383019 0.034728348 0.051714379 0.025406688 0.047146533 0.036502659 0.061189368 0.042201608 0.059883453 0.017438836 0.040722832 0.052725852
0.040600054 0.026643848 0.017017139 0.046157636 0.013811043 0.015553626 0.019126542 0.023142528 0.025331086 0.028142136 0.018444231 0.039248042 0.028634677 0.018944521 0.041528225 0.024705037 0.014253846 0.040574297 0.027117768 0.033709913 0.010343633 0.015218528 0.015329890 0.015585767 0.037426732 0.020431004 0.023429148 0.009001749 0.023180369 0.023770589 0.074560896 0.040722832 -0.038148448 0.019243246
0.022694275 0.029902061 0.009314643 0.051771626 0.018410875 0.015802942 0.016738139 0.021999836 0.018753454 0.036703147 0.023327582 0.047153004 0.027006079 0.026093733 0.028731819 0.009682191 0.014723247 0.038830519 0.016041758 0.036490142 0.011944707 0.016710339 0.014849134 0.017393932 0.036717594 0.027895043 0.017008161 0.011476746 0.014617657 0.019815745 0.052205805 0.052725852 0.019243246 0.003639705
