0.000000000 0.018181818 0.027027028 0.172413796 0.107438013 0.132530123 0.096234307 0.107438013 0.072961375 0.166023165 0.125506073 0.156250000 0.076923080 0.060869563 0.114754096 0.114754096 0.004651163 0.125506073 0.052631579 0.175572515 0.096234307 0.136000007 0.060869563 0.064935066 0.048458152 0.118367344 0.103734441 0.080851063 0.027027028 0.092436977 0.194029853 0.159533069 0.052631579 0.118367344
0.018181818 0.000000000 0.008849557 0.154716983 0.089430891 0.114624508 0.078189299 0.089430891 0.054852322 0.148288980 0.107569724 0.138461545 0.058823530 0.042735044 0.096774191 0.096774191 0.022831051 0.107569724 0.034482758 0.157894731 0.078189299 0.118110240 0.042735044 0.046808511 0.030303031 0.100401610 0.085714288 0.062761508 0.008849557 0.074380167 0.176470593 0.141762450 0.034482758 0.100401610
0.027027028 0.008849557 0.000000000 0.146067411 0.080645159 0.105882354 0.069387756 0.080645159 0.046025105 0.139622644 0.098814227 0.129770994 0.050000001 0.033898305 0.088000000 0.088000000 0.031674210 0.098814227 0.025641026 0.149253726 0.069387756 0.109375000 0.033898305 0.037974682 0.021459227 0.091633469 0.076923080 0.053941909 0.000000000 0.065573767 0.167883217 0.133079842 0.025641026 0.091633469
0.172413796 0.154716983 0.146067411 0.000000000 0.066202089 0.040816326 0.077464789 0.066202089 0.100719422 0.006578947 0.047945205 0.016611295 0.096774191 0.112727270 0.058823530 0.058823530 0.176923081 0.047945205 0.120879121 0.003257329 0.077464789 0.037288137 0.112727270 0.108695649 0.125000000 0.055172414 0.069930069 0.092857145 0.146067411 0.081272088 0.022364218 0.013245033 0.120879121 0.055172414
0.107438013 0.089430891 0.080645159 0.066202089 0.000000000 0.025454545 0.011320755 0.000000000 0.034749035 0.059649121 0.018315019 0.049645390 0.030769231 0.046875000 0.007407407 0.007407407 0.112033196 0.018315019 0.055118110 0.069444448 0.011320755 0.028985508 0.046875000 0.042801555 0.059288539 0.011070111 0.003745318 0.026819924 0.080645159 0.015151516 0.088435374 0.053003535 0.055118110 0.011070111
0.132530123 0.114624508 0.105882354 0.040816326 0.025454545 0.000000000 0.036764707 0.025454545 0.060150377 0.034246575 0.007142857 0.024221454 0.056179777 0.072243348 0.018050542 0.018050542 0.137096778 0.007142857 0.080459774 0.044067796 0.036764707 0.003533569 0.072243348 0.068181820 0.084615387 0.014388490 0.029197080 0.052238807 0.105882354 0.040590405 0.063122921 0.027586207 0.080459774 0.014388490
0.096234307 0.078189299 0.069387756 0.077464789 0.011320755 0.036764707 0.000000000 0.011320755 0.023437500 0.070921987 0.029629629 0.060931899 0.019455252 0.035573121 0.018726591 0.018726591 0.100840338 0.029629629 0.043824703 0.080701753 0.000000000 0.040293042 0.035573121 0.031496063 0.048000000 0.022388060 0.007575758 0.015503876 0.069387756 0.003831418 0.099656358 0.064285718 0.043824703 0.022388060
0.107438013 0.089430891 0.080645159 0.066202089 0.000000000 0.025454545 0.011320755 0.000000000 0.034749035 0.059649121 0.018315019 0.049645390 0.030769231 0.046875000 0.007407407 0.007407407 0.112033196 0.018315019 0.055118110 0.069444448 0.011320755 0.028985508 0.046875000 0.042801555 0.059288539 0.011070111 0.003745318 0.026819924 0.080645159 0.015151516 0.088435374 0.053003535 0.055118110 0.011070111
0.072961375 0.054852322 0.046025105 0.100719422 0.034749035 0.060150377 0.023437500 0.034749035 0.000000000 0.094202898 0.053030305 0.084249087 0.003984064 0.012145749 0.042145595 0.042145595 0.077586204 0.053030305 0.020408163 0.103942655 0.023437500 0.063670412 0.012145749 0.008064516 0.024590164 0.045801528 0.031007752 0.007936508 0.046025105 0.019607844 0.122807018 0.087591238 0.020408163 0.045801528
0.166023165 0.148288980 0.139622644 0.006578947 0.059649121 0.034246575 0.070921987 0.059649121 0.094202898 0.000000000 0.041379310 0.010033445 0.090252705 0.106227107 0.052264810 0.052264810 0.170542642 0.041379310 0.114391141 0.009836066 0.070921987 0.030716723 0.106227107 0.102189779 0.118518516 0.048611112 0.063380279 0.086330935 0.139622644 0.074733093 0.028938906 0.006666667 0.114391141 0.048611112
0.125506073 0.107569724 0.098814227 0.047945205 0.018315019 0.007142857 0.029629629 0.018315019 0.053030305 0.041379310 0.000000000 0.031358887 0.049056605 0.065134101 0.010909091 0.010909091 0.130081296 0.000000000 0.073359072 0.051194537 0.029629629 0.010676157 0.065134101 0.061068702 0.077519380 0.007246377 0.022058824 0.045112781 0.098814227 0.033457249 0.070234112 0.034722224 0.073359072 0.007246377
0.156250000 0.138461545 0.129770994 0.016611295 0.049645390 0.024221454 0.060931899 0.049645390 0.084249087 0.010033445 0.031358887 0.000000000 0.080291972 0.096296296 0.042253520 0.042253520 0.160784319 0.031358887 0.104477614 0.019867551 0.060931899 0.020689655 0.096296296 0.092250921 0.108614229 0.038596492 0.053380784 0.076363638 0.129770994 0.064748198 0.038961038 0.003367003 0.104477614 0.038596492
0.076923080 0.058823530 0.050000001 0.096774191 0.030769231 0.056179777 0.019455252 0.030769231 0.003984064 0.090252705 0.049056605 0.080291972 0.000000000 0.016129032 0.038167939 0.038167939 0.081545062 0.049056605 0.024390243 0.100000001 0.019455252 0.059701491 0.016129032 0.012048192 0.028571429 0.041825093 0.027027028 0.003952569 0.050000001 0.015625000 0.118881121 0.083636366 0.024390243 0.041825093
0.060869563 0.042735044 0.033898305 0.112727270 0.046875000 0.072243348 0.035573121 0.046875000 0.012145749 0.106227107 0.065134101 0.096296296 0.016129032 0.000000000 0.054263566 0.054263566 0.065502182 0.065134101 0.008264462 0.115942031 0.035573121 0.075757578 0.000000000 0.004081632 0.012448133 0.057915058 0.043137256 0.020080321 0.033898305 0.031746034 0.134751767 0.099630997 0.008264462 0.057915058
0.114754096 0.096774191 0.088000000 0.058823530 0.007407407 0.018050542 0.018726591 0.007407407 0.042145595 0.052264810 0.010909091 0.042253520 0.038167939 0.054263566 0.000000000 0.000000000 0.119341567 0.010909091 0.062500000 0.062068965 0.018726591 0.021582734 0.054263566 0.050193049 0.066666670 0.003663004 0.011152416 0.034220532 0.088000000 0.022556391 0.081081077 0.045614034 0.062500000 0.003663004
0.114754096 0.096774191 0.088000000 0.058823530 0.007407407 0.018050542 0.018726591 0.007407407 0.042145595 0.052264810 0.010909091 0.042253520 0.038167939 0.054263566 0.000000000 0.000000000 0.119341567 0.010909091 0.062500000 0.062068965 0.018726591 0.021582734 0.054263566 0.050193049 0.066666670 0.003663004 0.011152416 0.034220532 0.088000000 0.022556391 0.081081077 0.045614034 0.062500000 0.003663004
0.004651163 0.022831051 0.031674210 0.176923081 0.112033196 0.137096778 0.100840338 0.112033196 0.077586204 0.170542642 0.130081296 0.160784319 0.081545062 0.065502182 0.119341567 0.119341567 0.000000000 0.130081296 0.057268724 0.180076629 0.100840338 0.140562251 0.065502182 0.069565214 0.053097345 0.122950822 0.108333334 0.085470088 0.031674210 0.097046413 0.198501870 0.164062500 0.057268724 0.122950822
0.125506073 0.107569724 0.098814227 0.047945205 0.018315019 0.007142857 0.029629629 0.018315019 0.053030305 0.041379310 0.000000000 0.031358887 0.049056605 0.065134101 0.010909091 0.010909091 0.130081296 0.000000000 0.073359072 0.051194537 0.029629629 0.010676157 0.065134101 0.061068702 0.077519380 0.007246377 0.022058824 0.045112781 0.098814227 0.033457249 0.070234112 0.034722224 0.073359072 0.007246377
0.052631579 0.034482758 0.025641026 0.120879121 0.055118110 0.080459774 0.043824703 0.055118110 0.020408163 0.114391141 0.073359072 0.104477614 0.024390243 0.008264462 0.062500000 0.062500000 0.057268724 0.073359072 0.000000000 0.124087594 0.043824703 0.083969466 0.008264462 0.012345679 0.004184100 0.066147856 0.051383398 0.028340081 0.025641026 0.039999999 0.142857149 0.107806690 0.000000000 0.066147856
0.175572515 0.157894731 0.149253726 0.003257329 0.069444448 0.044067796 0.080701753 0.069444448 0.103942655 0.009836066 0.051194537 0.019867551 0.100000001 0.115942031 0.062068965 0.062068965 0.180076629 0.051194537 0.124087594 0.000000000 0.080701753 0.040540539 0.115942031 0.111913361 0.128205135 0.058419243 0.073170729 0.096085407 0.149253726 0.084507041 0.019108281 0.016501650 0.124087594 0.058419243
0.096234307 0.078189299 0.069387756 0.077464789 0.011320755 0.036764707 0.000000000 0.011320755 0.023437500 0.070921987 0.029629629 0.060931899 0.019455252 0.035573121 0.018726591 0.018726591 0.100840338 0.029629629 0.043824703 0.080701753 0.000000000 0.040293042 0.035573121 0.031496063 0.048000000 0.022388060 0.007575758 0.015503876 0.069387756 0.003831418 0.099656358 0.064285718 0.043824703 0.022388060
0.136000007 0.118110240 0.109375000 0.037288137 0.028985508 0.003533569 0.040293042 0.028985508 0.063670412 0.030716723 0.010676157 0.020689655 0.059701491 0.075757578 0.021582734 0.021582734 0.140562251 0.010676157 0.083969466 0.040540539 0.040293042 0.000000000 0.075757578 0.071698114 0.088122606 0.017921148 0.032727271 0.055762082 0.109375000 0.044117648 0.059602648 0.024054984 0.083969466 0.017921148
0.060869563 0.042735044 0.033898305 0.112727270 0.046875000 0.072243348 0.035573121 0.046875000 0.012145749 0.106227107 0.065134101 0.096296296 0.016129032 0.000000000 0.054263566 0.054263566 0.065502182 0.065134101 0.008264462 0.115942031 0.035573121 0.075757578 0.000000000 0.004081632 0.012448133 0.057915058 0.043137256 0.020080321 0.033898305 0.031746034 0.134751767 0.099630997 0.008264462 0.057915058
0.064935066 0.046808511 0.037974682 0.108695649 0.042801555 0.068181820 0.031496063 0.042801555 0.008064516 0.102189779 0.061068702 0.092250921 0.012048192 0.004081632 0.050193049 0.050193049 0.069565214 0.061068702 0.012345679 0.111913361 0.031496063 0.071698114 0.004081632 0.000000000 0.016528925 0.053846154 0.039062500 0.016000001 0.037974682 0.027667984 0.130742043 0.095588237 0.012345679 0.053846154
0.048458152 0.030303031 0.021459227 0.125000000 0.059288539 0.084615387 0.048000000 0.059288539 0.024590164 0.118518516 0.077519380 0.108614229 0.028571429 0.012448133 0.066666670 0.066666670 0.053097345 0.077519380 0.004184100 0.128205135 0.048000000 0.088122606 0.012448133 0.016528925 0.000000000 0.070312500 0.055555556 0.032520324 0.021459227 0.044176705 0.146953404 0.111940302 0.004184100 0.070312500
0.118367344 0.100401610 0.091633469 0.055172414 0.011070111 0.014388490 0.022388060 0.011070111 0.045801528 0.048611112 0.007246377 0.038596492 0.041825093 0.057915058 0.003663004 0.003663004 0.122950822 0.007246377 0.066147856 0.058419243 0.022388060 0.017921148 0.057915058 0.053846154 0.070312500 0.000000000 0.014814815 0.037878789 0.091633469 0.026217228 0.077441074 0.041958041 0.066147856 0.000000000
0.103734441 0.085714288 0.076923080 0.069930069 0.003745318 0.029197080 0.007575758 0.003745318 0.031007752 0.063380279 0.022058824 0.053380784 0.027027028 0.043137256 0.011152416 0.011152416 0.108333334 0.022058824 0.051383398 0.073170729 0.007575758 0.032727271 0.043137256 0.039062500 0.055555556 0.014814815 0.000000000 0.023076924 0.076923080 0.011406844 0.092150174 0.056737587 0.051383398 0.014814815
0.080851063 0.062761508 0.053941909 0.092857145 0.026819924 0.052238807 0.015503876 0.026819924 0.007936508 0.086330935 0.045112781 0.076363638 0.003952569 0.020080321 0.034220532 0.034220532 0.085470088 0.045112781 0.028340081 0.096085407 0.015503876 0.055762082 0.020080321 0.016000001 0.032520324 0.037878789 0.023076924 0.000000000 0.053941909 0.011673152 0.114982575 0.079710148 0.028340081 0.037878789
0.027027028 0.008849557 0.000000000 0.146067411 0.080645159 0.105882354 0.069387756 0.080645159 0.046025105 0.139622644 0.098814227 0.129770994 0.050000001 0.033898305 0.088000000 0.088000000 0.031674210 0.098814227 0.025641026 0.149253726 0.069387756 0.109375000 0.033898305 0.037974682 0.021459227 0.091633469 0.076923080 0.053941909 0.000000000 0.065573767 0.167883217 0.133079842 0.025641026 0.091633469
0.092436977 0.074380167 0.065573767 0.081272088 0.015151516 0.040590405 0.003831418 0.015151516 0.019607844 0.074733093 0.033457249 0.064748198 0.015625000 0.031746034 0.022556391 0.022556391 0.097046413 0.033457249 0.039999999 0.084507041 0.003831418 0.044117648 0.031746034 0.027667984 0.044176705 0.026217228 0.011406844 0.011673152 0.065573767 0.000000000 0.103448279 0.068100356 0.039999999 0.026217228
0.194029853 0.176470593 0.167883217 0.022364218 0.088435374 0.063122921 0.099656358 0.088435374 0.122807018 0.028938906 0.070234112 0.038961038 0.118881121 0.134751767 0.081081077 0.081081077 0.198501870 0.070234112 0.142857149 0.019108281 0.099656358 0.059602648 0.134751767 0.130742043 0.146953404 0.077441074 0.092150174 0.114982575 0.167883217 0.103448279 0.000000000 0.035598706 0.142857149 0.077441074
0.159533069 0.141762450 0.133079842 0.013245033 0.053003535 0.027586207 0.064285718 0.053003535 0.087591238 0.006666667 0.034722224 0.003367003 0.083636366 0.099630997 0.045614034 0.045614034 0.164062500 0.034722224 0.107806690 0.016501650 0.064285718 0.024054984 0.099630997 0.095588237 0.111940302 0.041958041 0.056737587 0.079710148 0.133079842 0.068100356 0.035598706 0.000000000 0.107806690 0.041958041
0.052631579 0.034482758 0.025641026 0.120879121 0.055118110 0.080459774 0.043824703 0.055118110 0.020408163 0.114391141 0.073359072 0.104477614 0.024390243 0.008264462 0.062500000 0.062500000 0.057268724 0.073359072 0.000000000 0.124087594 0.043824703 0.083969466 0.008264462 0.012345679 0.004184100 0.066147856 0.051383398 0.028340081 0.025641026 0.039999999 0.142857149 0.107806690 0.000000000 0.066147856
0.118367344 0.100401610 0.091633469 0.055172414 0.011070111 0.014388490 0.022388060 0.011070111 0.045801528 0.048611112 0.007246377 0.038596492 0.041825093 0.057915058 0.003663004 0.003663004 0.122950822 0.007246377 0.066147856 0.058419243 0.022388060 0.017921148 0.057915058 0.053846154 0.070312500 0.000000000 0.014814815 0.037878789 0.091633469 0.026217228 0.077441074 0.041958041 0.066147856 0.000000000
