0.000000000 0.162162155 0.083743840 0.237704918 0.050847456 0.162162155 0.122641511 0.169642851 0.146788985 0.211864412 0.176991150 0.215189874 0.122641511 0.150684938 0.083743840 0.138888896 0.065326631 0.146788985 0.114285715 0.180616736 0.130841121 0.169642851 0.130841121 0.130841121 0.122641511 0.142857149 0.114285715 0.105769232 0.097087376 0.079207920 0.356401384 0.162162155 0.194805190 0.169642851
0.162162155 0.000000000 0.079497911 0.078571431 0.211267605 0.000000000 0.040322579 0.007692308 0.015748031 0.051470589 0.015267176 0.054945055 0.040322579 0.011764706 0.079497911 0.023809524 0.097872339 0.015748031 0.048780486 0.019011406 0.032000002 0.007692308 0.032000002 0.032000002 0.040322579 0.019762846 0.048780486 0.057377048 0.066115700 0.084033616 0.206153840 0.000000000 0.033707865 0.007692308
0.083743840 0.079497911 0.000000000 0.157088116 0.134020612 0.079497911 0.039301310 0.087136932 0.063829787 0.130434781 0.094650209 0.133858263 0.039301310 0.067796610 0.000000000 0.055793993 0.018518519 0.063829787 0.030837005 0.098360658 0.047619049 0.087136932 0.047619049 0.047619049 0.039301310 0.059829060 0.030837005 0.022222223 0.013452915 0.004566210 0.281045765 0.079497911 0.112903222 0.087136932
0.237704918 0.078571431 0.157088116 0.000000000 0.285106391 0.078571431 0.118518516 0.070921987 0.094202898 0.027210884 0.063380279 0.023728814 0.118518516 0.090252705 0.157088116 0.102189779 0.175097272 0.094202898 0.126865670 0.059649121 0.110294119 0.070921987 0.110294119 0.110294119 0.118518516 0.098181821 0.126865670 0.135338351 0.143939391 0.161538467 0.129683003 0.078571431 0.044982698 0.070921987
0.050847456 0.211267605 0.134020612 0.285106391 0.000000000 0.211267605 0.172413796 0.218604654 0.196172252 0.259911895 0.225806445 0.263157904 0.172413796 0.200000003 0.134020612 0.188405797 0.115789473 0.196172252 0.164179102 0.229357794 0.180487812 0.218604654 0.180487812 0.180487812 0.172413796 0.192307696 0.164179102 0.155778900 0.147208124 0.129533678 0.400000006 0.211267605 0.243243247 0.218604654
0.162162155 0.000000000 0.079497911 0.078571431 0.211267605 0.000000000 0.040322579 0.007692308 0.015748031 0.051470589 0.015267176 0.054945055 0.040322579 0.011764706 0.079497911 0.023809524 0.097872339 0.015748031 0.048780486 0.019011406 0.032000002 0.007692308 0.032000002 0.032000002 0.040322579 0.019762846 0.048780486 0.057377048 0.066115700 0.084033616 0.206153840 0.000000000 0.033707865 0.007692308
0.122641511 0.040322579 0.039301310 0.118518516 0.172413796 0.040322579 0.000000000 0.048000000 0.024590164 0.091603056 0.055555556 0.095057033 0.000000000 0.028571429 0.039301310 0.016528925 0.057777777 0.024590164 0.008474576 0.059288539 0.008333334 0.048000000 0.008333334 0.008333334 0.000000000 0.020576132 0.008474576 0.017094018 0.025862070 0.043859649 0.244444445 0.040322579 0.073929958 0.048000000
0.169642851 0.007692308 0.087136932 0.070921987 0.218604654 0.007692308 0.048000000 0.000000000 0.023437500 0.043795619 0.007575758 0.047272727 0.048000000 0.019455252 0.087136932 0.031496063 0.105485231 0.023437500 0.056451611 0.011320755 0.039682541 0.000000000 0.039682541 0.039682541 0.048000000 0.027450981 0.056451611 0.065040648 0.073770493 0.091666669 0.198776752 0.007692308 0.026022306 0.000000000
0.146788985 0.015748031 0.063829787 0.094202898 0.196172252 0.015748031 0.024590164 0.023437500 0.000000000 0.067164183 0.031007752 0.070631973 0.024590164 0.003984064 0.063829787 0.008064516 0.082251079 0.000000000 0.033057850 0.034749035 0.016260162 0.023437500 0.016260162 0.016260162 0.024590164 0.004016064 0.033057850 0.041666668 0.050420169 0.068376072 0.221183807 0.015748031 0.049429659 0.023437500
0.211864412 0.051470589 0.130434781 0.027210884 0.259911895 0.051470589 0.091603056 0.043795619 0.067164183 0.000000000 0.036231883 0.003484321 0.091603056 0.063197024 0.130434781 0.075187966 0.148594379 0.067164183 0.100000001 0.032490976 0.083333336 0.043795619 0.083333336 0.083333336 0.091603056 0.071161047 0.100000001 0.108527131 0.117187500 0.134920642 0.156342179 0.051470589 0.017793594 0.043795619
0.176991150 0.015267176 0.094650209 0.063380279 0.225806445 0.015267176 0.055555556 0.007575758 0.031007752 0.036231883 0.000000000 0.039711192 0.055555556 0.027027028 0.094650209 0.039062500 0.112970710 0.031007752 0.064000003 0.003745318 0.047244094 0.007575758 0.047244094 0.047244094 0.055555556 0.035019454 0.064000003 0.072580643 0.081300810 0.099173553 0.191489369 0.015267176 0.018450184 0.007575758
0.215189874 0.054945055 0.133858263 0.023728814 0.263157904 0.054945055 0.095057033 0.047272727 0.070631973 0.003484321 0.039711192 0.000000000 0.095057033 0.066666670 0.133858263 0.078651689 0.151999995 0.070631973 0.103448279 0.035971224 0.086792454 0.047272727 0.086792454 0.086792454 0.095057033 0.074626863 0.103448279 0.111969113 0.120622568 0.138339922 0.152941182 0.054945055 0.021276595 0.047272727
0.122641511 0.040322579 0.039301310 0.118518516 0.172413796 0.040322579 0.000000000 0.048000000 0.024590164 0.091603056 0.055555556 0.095057033 0.000000000 0.028571429 0.039301310 0.016528925 0.057777777 0.024590164 0.008474576 0.059288539 0.008333334 0.048000000 0.008333334 0.008333334 0.000000000 0.020576132 0.008474576 0.017094018 0.025862070 0.043859649 0.244444445 0.040322579 0.073929958 0.048000000
0.150684938 0.011764706 0.067796610 0.090252705 0.200000003 0.011764706 0.028571429 0.019455252 0.003984064 0.063197024 0.027027028 0.066666670 0.028571429 0.000000000 0.067796610 0.012048192 0.086206898 0.003984064 0.037037037 0.030769231 0.020242915 0.019455252 0.020242915 0.020242915 0.028571429 0.008000000 0.037037037 0.045643155 0.054393306 0.072340429 0.217391297 0.011764706 0.045454547 0.019455252
0.083743840 0.079497911 0.000000000 0.157088116 0.134020612 0.079497911 0.039301310 0.087136932 0.063829787 0.130434781 0.094650209 0.133858263 0.039301310 0.067796610 0.000000000 0.055793993 0.018518519 0.063829787 0.030837005 0.098360658 0.047619049 0.087136932 0.047619049 0.047619049 0.039301310 0.059829060 0.030837005 0.022222223 0.013452915 0.004566210 0.281045765 0.079497911 0.112903222 0.087136932
0.138888896 0.023809524 0.055793993 0.102189779 0.188405797 0.023809524 0.016528925 0.031496063 0.008064516 0.075187966 0.039062500 0.078651689 0.016528925 0.012048192 0.055793993 0.000000000 0.074235804 0.008064516 0.025000000 0.042801555 0.008196721 0.031496063 0.008196721 0.008196721 0.016528925 0.004048583 0.025000000 0.033613447 0.042372882 0.060344826 0.228840128 0.023809524 0.057471264 0.031496063
0.065326631 0.097872339 0.018518519 0.175097272 0.115789473 0.097872339 0.057777777 0.105485231 0.082251079 0.148594379 0.112970710 0.151999995 0.057777777 0.086206898 0.018518519 0.074235804 0.000000000 0.082251079 0.049327355 0.116666667 0.066079296 0.105485231 0.066079296 0.066079296 0.057777777 0.078260869 0.049327355 0.040723983 0.031963471 0.013953488 0.298013240 0.097872339 0.131147534 0.105485231
0.146788985 0.015748031 0.063829787 0.094202898 0.196172252 0.015748031 0.024590164 0.023437500 0.000000000 0.067164183 0.031007752 0.070631973 0.024590164 0.003984064 0.063829787 0.008064516 0.082251079 0.000000000 0.033057850 0.034749035 0.016260162 0.023437500 0.016260162 0.016260162 0.024590164 0.004016064 0.033057850 0.041666668 0.050420169 0.068376072 0.221183807 0.015748031 0.049429659 0.023437500
0.114285715 0.048780486 0.030837005 0.126865670 0.164179102 0.048780486 0.008474576 0.056451611 0.033057850 0.100000001 0.064000003 0.103448279 0.008474576 0.037037037 0.030837005 0.025000000 0.049327355 0.033057850 0.000000000 0.067729086 0.016806724 0.056451611 0.016806724 0.016806724 0.008474576 0.029045643 0.000000000 0.008620690 0.017391304 0.035398230 0.252396166 0.048780486 0.082352944 0.056451611
0.180616736 0.019011406 0.098360658 0.059649121 0.229357794 0.019011406 0.059288539 0.011320755 0.034749035 0.032490976 0.003745318 0.035971224 0.059288539 0.030769231 0.098360658 0.042801555 0.116666667 0.034749035 0.067729086 0.000000000 0.050980393 0.011320755 0.050980393 0.050980393 0.059288539 0.038759690 0.067729086 0.076305218 0.085020244 0.102880657 0.187878788 0.019011406 0.014705882 0.011320755
0.130841121 0.032000002 0.047619049 0.110294119 0.180487812 0.032000002 0.008333334 0.039682541 0.016260162 0.083333336 0.047244094 0.086792454 0.008333334 0.020242915 0.047619049 0.008196721 0.066079296 0.016260162 0.016806724 0.050980393 0.000000000 0.039682541 0.000000000 0.000000000 0.008333334 0.012244898 0.016806724 0.025423728 0.034188036 0.052173913 0.236593053 0.032000002 0.065637067 0.039682541
0.169642851 0.007692308 0.087136932 0.070921987 0.218604654 0.007692308 0.048000000 0.000000000 0.023437500 0.043795619 0.007575758 0.047272727 0.048000000 0.019455252 0.087136932 0.031496063 0.105485231 0.023437500 0.056451611 0.011320755 0.039682541 0.000000000 0.039682541 0.039682541 0.048000000 0.027450981 0.056451611 0.065040648 0.073770493 0.091666669 0.198776752 0.007692308 0.026022306 0.000000000
0.130841121 0.032000002 0.047619049 0.110294119 0.180487812 0.032000002 0.008333334 0.039682541 0.016260162 0.083333336 0.047244094 0.086792454 0.008333334 0.020242915 0.047619049 0.008196721 0.066079296 0.016260162 0.016806724 0.050980393 0.000000000 0.039682541 0.000000000 0.000000000 0.008333334 0.012244898 0.016806724 0.025423728 0.034188036 0.052173913 0.236593053 0.032000002 0.065637067 0.039682541
0.130841121 0.032000002 0.047619049 0.110294119 0.180487812 0.032000002 0.008333334 0.039682541 0.016260162 0.083333336 0.047244094 0.086792454 0.008333334 0.020242915 0.047619049 0.008196721 0.066079296 0.016260162 0.016806724 0.050980393 0.000000000 0.039682541 0.000000000 0.000000000 0.008333334 0.012244898 0.016806724 0.025423728 0.034188036 0.052173913 0.236593053 0.032000002 0.065637067 0.039682541
0.122641511 0.040322579 0.039301310 0.118518516 0.172413796 0.040322579 0.000000000 0.048000000 0.024590164 0.091603056 0.055555556 0.095057033 0.000000000 0.028571429 0.039301310 0.016528925 0.057777777 0.024590164 0.008474576 0.059288539 0.008333334 0.048000000 0.008333334 0.008333334 0.000000000 0.020576132 0.008474576 0.017094018 0.025862070 0.043859649 0.244444445 0.040322579 0.073929958 0.048000000
0.142857149 0.019762846 0.059829060 0.098181821 0.192307696 0.019762846 0.020576132 0.027450981 0.004016064 0.071161047 0.035019454 0.074626863 0.020576132 0.008000000 0.059829060 0.004048583 0.078260869 0.004016064 0.029045643 0.038759690 0.012244898 0.027450981 0.012244898 0.012244898 0.020576132 0.000000000 0.029045643 0.037656903 0.046413504 0.064377680 0.224999994 0.019762846 0.053435113 0.027450981
0.114285715 0.048780486 0.030837005 0.126865670 0.164179102 0.048780486 0.008474576 0.056451611 0.033057850 0.100000001 0.064000003 0.103448279 0.008474576 0.037037037 0.030837005 0.025000000 0.049327355 0.033057850 0.000000000 0.067729086 0.016806724 0.056451611 0.016806724 0.016806724 0.008474576 0.029045643 0.000000000 0.008620690 0.017391304 0.035398230 0.252396166 0.048780486 0.082352944 0.056451611
0.105769232 0.057377048 0.022222223 0.135338351 0.155778900 0.057377048 0.017094018 0.065040648 0.041666668 0.108527131 0.072580643 0.111969113 0.017094018 0.045643155 0.022222223 0.033613447 0.040723983 0.041666668 0.008620690 0.076305218 0.025423728 0.065040648 0.025423728 0.025423728 0.017094018 0.037656903 0.008620690 0.000000000 0.008771930 0.026785715 0.260450155 0.057377048 0.090909094 0.065040648
0.097087376 0.066115700 0.013452915 0.143939391 0.147208124 0.066115700 0.025862070 0.073770493 0.050420169 0.117187500 0.081300810 0.120622568 0.025862070 0.054393306 0.013452915 0.042372882 0.031963471 0.050420169 0.017391304 0.085020244 0.034188036 0.073770493 0.034188036 0.034188036 0.025862070 0.046413504 0.017391304 0.008771930 0.000000000 0.018018018 0.268608421 0.066115700 0.099601597 0.073770493
0.079207920 0.084033616 0.004566210 0.161538467 0.129533678 0.084033616 0.043859649 0.091666669 0.068376072 0.134920642 0.099173553 0.138339922 0.043859649 0.072340429 0.004566210 0.060344826 0.013953488 0.068376072 0.035398230 0.102880657 0.052173913 0.091666669 0.052173913 0.052173913 0.043859649 0.064377680 0.035398230 0.026785715 0.018018018 0.000000000 0.285245895 0.084033616 0.117408909 0.091666669
0.356401384 0.206153840 0.281045765 0.129683003 0.400000006 0.206153840 0.244444445 0.198776752 0.221183807 0.156342179 0.191489369 0.152941182 0.244444445 0.217391297 0.281045765 0.228840128 0.298013240 0.221183807 0.252396166 0.187878788 0.236593053 0.198776752 0.236593053 0.236593053 0.244444445 0.224999994 0.252396166 0.260450155 0.268608421 0.285245895 0.000000000 0.206153840 0.173652694 0.198776752
0.162162155 0.000000000 0.079497911 0.078571431 0.211267605 0.000000000 0.040322579 0.007692308 0.015748031 0.051470589 0.015267176 0.054945055 0.040322579 0.011764706 0.079497911 0.023809524 0.097872339 0.015748031 0.048780486 0.019011406 0.032000002 0.007692308 0.032000002 0.032000002 0.040322579 0.019762846 0.048780486 0.057377048 0.066115700 0.084033616 0.206153840 0.000000000 0.033707865 0.007692308
0.194805190 0.033707865 0.112903222 0.044982698 0.243243247 0.033707865 0.073929958 0.026022306 0.049429659 0.017793594 0.018450184 0.021276595 0.073929958 0.045454547 0.112903222 0.057471264 0.131147534 0.049429659 0.082352944 0.014705882 0.065637067 0.026022306 0.065637067 0.065637067 0.073929958 0.053435113 0.082352944 0.090909094 0.099601597 0.117408909 0.173652694 0.033707865 0.000000000 0.026022306
0.169642851 0.007692308 0.087136932 0.070921987 0.218604654 0.007692308 0.048000000 0.000000000 0.023437500 0.043795619 0.007575758 0.047272727 0.048000000 0.019455252 0.087136932 0.031496063 0.105485231 0.023437500 0.056451611 0.011320755 0.039682541 0.000000000 0.039682541 0.039682541 0.048000000 0.027450981 0.056451611 0.065040648 0.073770493 0.091666669 0.198776752 0.007692308 0.026022306 0.000000000
