0.000000000 0.053030305 0.136645958 0.139318883 0.021126760 0.106109321 0.094462544 0.085526317 0.114649683 0.187134504 0.189504370 0.221288517 0.125786170 0.044673540 0.227777779 0.047945205 0.082508251 0.179940999 0.172619045 0.144615382 0.063973062 0.038062282 0.060810812 0.079470202 0.070234112 0.123028390 0.063973062 0.108974360 0.003584229 0.057627119 0.254691690 0.155015200 0.037313432 0.029629629
0.053030305 0.000000000 0.188311681 0.190938517 0.074074075 0.158249155 0.146757677 0.137931034 0.166666672 0.237804875 0.240121573 0.271137029 0.177631572 0.097472921 0.277456641 0.100719422 0.134948090 0.230769232 0.223602489 0.196141481 0.116607770 0.090909094 0.113475174 0.131944448 0.122807018 0.174917489 0.116607770 0.161073819 0.056603774 0.110320285 0.303621173 0.206349209 0.015748031 0.023437500
0.136645958 0.188311681 0.000000000 0.002724796 0.115853660 0.030985916 0.042735044 0.051724140 0.022346368 0.051813472 0.054263566 0.087281793 0.011049724 0.092537314 0.094059408 0.089285716 0.054755043 0.044386424 0.036842104 0.008130081 0.073313780 0.099099100 0.076470591 0.057803467 0.067055397 0.013850415 0.073313780 0.028089888 0.133126929 0.079646021 0.122302160 0.018766755 0.173076928 0.165605098
0.139318883 0.190938517 0.002724796 0.000000000 0.118541032 0.033707865 0.045454547 0.054441262 0.025069637 0.049095608 0.051546391 0.084577113 0.013774104 0.095238097 0.091358028 0.091988131 0.057471264 0.041666668 0.034120735 0.005405406 0.076023392 0.101796404 0.079178885 0.060518730 0.069767445 0.016574586 0.076023392 0.030812325 0.135802463 0.082352944 0.119617224 0.016042780 0.175718844 0.168253973
0.021126760 0.074074075 0.115853660 0.118541032 0.000000000 0.085173503 0.073482431 0.064516127 0.093750000 0.166666672 0.169054449 0.201101929 0.104938269 0.023569023 0.207650274 0.026845638 0.061488673 0.159420297 0.152046785 0.123867072 0.042904291 0.016949153 0.039735101 0.058441557 0.049180329 0.102167182 0.042904291 0.088050313 0.017543860 0.036544852 0.234828502 0.134328365 0.058394160 0.050724637
0.106109321 0.158249155 0.030985916 0.033707865 0.085173503 0.000000000 0.011764706 0.020771513 0.008645534 0.082666665 0.085106380 0.117948718 0.019943019 0.061728396 0.124681935 0.058461539 0.023809524 0.075268820 0.067750677 0.039106146 0.042424243 0.068322979 0.045592707 0.026865672 0.036144577 0.017142856 0.042424243 0.002898551 0.102564104 0.048780486 0.152709365 0.049723756 0.142857149 0.135313526
0.094462544 0.146757677 0.042735044 0.045454547 0.073482431 0.011764706 0.000000000 0.009009009 0.020408163 0.094339624 0.096774191 0.129533678 0.031700287 0.050000001 0.136246786 0.046728972 0.012048192 0.086956523 0.079452053 0.050847456 0.030674847 0.056603774 0.033846155 0.015105740 0.024390243 0.028901733 0.030674847 0.014662757 0.090909094 0.037037037 0.164179102 0.061452515 0.131313130 0.123745821
0.085526317 0.137931034 0.051724140 0.054441262 0.064516127 0.020771513 0.009009009 0.000000000 0.029411765 0.103260867 0.105691060 0.138381198 0.040697675 0.041009463 0.145077720 0.037735850 0.003039514 0.095890410 0.088397793 0.059829060 0.021671826 0.047619049 0.024844721 0.006097561 0.015384615 0.037900876 0.021671826 0.023668639 0.081967212 0.028037382 0.172932327 0.070422538 0.122448981 0.114864863
0.114649683 0.166666672 0.022346368 0.025069637 0.093750000 0.008645534 0.020408163 0.029411765 0.000000000 0.074074075 0.076517150 0.109414756 0.011299435 0.070336394 0.116161615 0.067073174 0.032448377 0.066666670 0.059139784 0.030470913 0.051051050 0.076923080 0.054216869 0.035502959 0.044776119 0.008498584 0.051051050 0.005747126 0.111111112 0.057401814 0.144254282 0.041095890 0.151315793 0.143790856
0.187134504 0.237804875 0.051813472 0.049095608 0.166666672 0.082666665 0.094339624 0.103260867 0.074074075 0.000000000 0.002457002 0.035629455 0.062827222 0.143661976 0.042452831 0.140449435 0.106267028 0.007444169 0.015000000 0.043701798 0.124653742 0.150141641 0.127777785 0.109289616 0.118457302 0.065616801 0.124653742 0.079787232 0.183673471 0.130919218 0.070938215 0.033078879 0.222891569 0.215568855
0.189504370 0.240121573 0.054263566 0.051546391 0.169054449 0.085106380 0.096774191 0.105691060 0.076517150 0.002457002 0.000000000 0.033175357 0.065274149 0.146067411 0.039999999 0.142857149 0.108695649 0.009900990 0.017456358 0.046153847 0.127071828 0.152542368 0.130193904 0.111716621 0.120879121 0.068062827 0.127071828 0.082228117 0.186046511 0.133333340 0.068493150 0.035532996 0.225225225 0.217910454
0.221288517 0.271137029 0.087281793 0.084577113 0.201101929 0.117948718 0.129533678 0.138381198 0.109414756 0.035629455 0.033175357 0.000000000 0.098236777 0.178378373 0.006833713 0.175202161 0.141361251 0.043062203 0.050602410 0.079207920 0.159574464 0.184782609 0.162666664 0.144356951 0.153439149 0.101010099 0.159574464 0.115089513 0.217877090 0.165775403 0.035398230 0.068627454 0.256484151 0.249283671
0.125786170 0.177631572 0.011049724 0.013774104 0.104938269 0.019943019 0.031700287 0.040697675 0.011299435 0.062827222 0.065274149 0.098236777 0.000000000 0.081570998 0.104999997 0.078313254 0.043731779 0.055408970 0.047872342 0.019178081 0.062314540 0.088145897 0.065476194 0.046783626 0.056047197 0.002801121 0.062314540 0.017045455 0.122257054 0.068656713 0.133171916 0.029810298 0.162337661 0.154838711
0.044673540 0.097472921 0.092537314 0.095238097 0.023569023 0.061728396 0.050000001 0.041009463 0.070336394 0.143661976 0.146067411 0.178378373 0.081570998 0.000000000 0.184986591 0.003278689 0.037974682 0.136363640 0.128939822 0.100591719 0.019354839 0.006622517 0.016181231 0.034920637 0.025641026 0.078787878 0.019354839 0.064615384 0.041095890 0.012987013 0.212435231 0.111111112 0.081850536 0.074204944
0.227777779 0.277456641 0.094059408 0.091358028 0.207650274 0.124681935 0.136246786 0.145077720 0.116161615 0.042452831 0.039999999 0.006833713 0.104999997 0.184986591 0.000000000 0.181818187 0.148051947 0.049881235 0.057416268 0.085995086 0.166226909 0.191374660 0.169312164 0.151041672 0.160104990 0.107769422 0.166226909 0.121827409 0.224376738 0.172413796 0.028571429 0.075425789 0.262857139 0.255681813
0.047945205 0.100719422 0.089285716 0.091988131 0.026845638 0.058461539 0.046728972 0.037735850 0.067073174 0.140449435 0.142857149 0.175202161 0.078313254 0.003278689 0.181818187 0.000000000 0.034700315 0.133144483 0.125714287 0.097345136 0.016077170 0.009900990 0.012903226 0.031645570 0.022364218 0.075528704 0.016077170 0.061349694 0.044368602 0.009708738 0.209302321 0.107871719 0.085106380 0.077464789
0.082508251 0.134948090 0.054755043 0.057471264 0.061488673 0.023809524 0.012048192 0.003039514 0.032448377 0.106267028 0.108695649 0.141361251 0.043731779 0.037974682 0.148051947 0.034700315 0.000000000 0.098901100 0.091412745 0.062857144 0.018633541 0.044585988 0.021806853 0.003058104 0.012345679 0.040935673 0.018633541 0.026706232 0.078947365 0.025000000 0.175879404 0.073446326 0.119453922 0.111864410
0.179940999 0.230769232 0.044386424 0.041666668 0.159420297 0.075268820 0.086956523 0.095890410 0.066666670 0.007444169 0.009900990 0.043062203 0.055408970 0.136363640 0.049881235 0.133144483 0.098901100 0.000000000 0.007556675 0.036269430 0.117318437 0.142857149 0.120448180 0.101928376 0.111111112 0.058201060 0.117318437 0.072386056 0.176470593 0.123595506 0.078341015 0.025641026 0.215805471 0.208459213
0.172619045 0.223602489 0.036842104 0.034120735 0.152046785 0.067750677 0.079452053 0.088397793 0.059139784 0.015000000 0.017456358 0.050602410 0.047872342 0.128939822 0.057416268 0.125714287 0.091412745 0.007556675 0.000000000 0.028720627 0.109859154 0.135446683 0.112994350 0.094444446 0.103641458 0.050666668 0.109859154 0.064864866 0.169139460 0.116147310 0.085846871 0.018087855 0.208588958 0.201219514
0.144615382 0.196141481 0.008130081 0.005405406 0.123867072 0.039106146 0.050847456 0.059829060 0.030470913 0.043701798 0.046153847 0.079207920 0.019178081 0.100591719 0.085995086 0.097345136 0.062857144 0.036269430 0.028720627 0.000000000 0.081395350 0.107142858 0.084548108 0.065902576 0.075144507 0.021978023 0.081395350 0.036211699 0.141104296 0.087719299 0.114285715 0.010638298 0.180952385 0.173501581
0.063973062 0.116607770 0.073313780 0.076023392 0.042904291 0.042424243 0.030674847 0.021671826 0.051051050 0.124653742 0.127071828 0.159574464 0.062314540 0.019354839 0.166226909 0.016077170 0.018633541 0.117318437 0.109859154 0.081395350 0.000000000 0.025974026 0.003174603 0.015576324 0.006289308 0.059523810 0.000000000 0.045317221 0.060402684 0.006369427 0.193877548 0.091954023 0.101045296 0.093425609
0.038062282 0.090909094 0.099099100 0.101796404 0.016949153 0.068322979 0.056603774 0.047619049 0.076923080 0.150141641 0.152542368 0.184782609 0.088145897 0.006622517 0.191374660 0.009900990 0.044585988 0.142857149 0.135446683 0.107142858 0.025974026 0.000000000 0.022801302 0.041533545 0.032258064 0.085365854 0.025974026 0.071207434 0.034482758 0.019607844 0.218750000 0.117647059 0.075268820 0.067615658
0.060810812 0.113475174 0.076470591 0.079178885 0.039735101 0.045592707 0.033846155 0.024844721 0.054216869 0.127777785 0.130193904 0.162666664 0.065476194 0.016181231 0.169312164 0.012903226 0.021806853 0.120448180 0.112994350 0.084548108 0.003174603 0.022801302 0.000000000 0.018750001 0.009463723 0.062686570 0.003174603 0.048484847 0.057239056 0.003194888 0.196930945 0.095100865 0.097902097 0.090277776
0.079470202 0.131944448 0.057803467 0.060518730 0.058441557 0.026865672 0.015105740 0.006097561 0.035502959 0.109289616 0.111716621 0.144356951 0.046783626 0.034920637 0.151041672 0.031645570 0.003058104 0.101928376 0.094444446 0.065902576 0.015576324 0.041533545 0.018750001 0.000000000 0.009287925 0.043988269 0.015576324 0.029761905 0.075907588 0.021943573 0.178841308 0.076487251 0.116438359 0.108843535
0.070234112 0.122807018 0.067055397 0.069767445 0.049180329 0.036144577 0.024390243 0.015384615 0.044776119 0.118457302 0.120879121 0.153439149 0.056047197 0.025641026 0.160104990 0.022364218 0.012345679 0.111111112 0.103641458 0.075144507 0.006289308 0.032258064 0.009463723 0.009287925 0.000000000 0.053254437 0.006289308 0.039039038 0.066666670 0.012658228 0.187817261 0.085714288 0.107266434 0.099656358
0.123028390 0.174917489 0.013850415 0.016574586 0.102167182 0.017142856 0.028901733 0.037900876 0.008498584 0.065616801 0.068062827 0.101010099 0.002801121 0.078787878 0.107769422 0.075528704 0.040935673 0.058201060 0.050666668 0.021978023 0.059523810 0.085365854 0.062686570 0.043988269 0.053254437 0.000000000 0.059523810 0.014245015 0.119496852 0.065868266 0.135922328 0.032608695 0.159609124 0.152103558
0.063973062 0.116607770 0.073313780 0.076023392 0.042904291 0.042424243 0.030674847 0.021671826 0.051051050 0.124653742 0.127071828 0.159574464 0.062314540 0.019354839 0.166226909 0.016077170 0.018633541 0.117318437 0.109859154 0.081395350 0.000000000 0.025974026 0.003174603 0.015576324 0.006289308 0.059523810 0.000000000 0.045317221 0.060402684 0.006369427 0.193877548 0.091954023 0.101045296 0.093425609
0.108974360 0.161073819 0.028089888 0.030812325 0.088050313 0.002898551 0.014662757 0.023668639 0.005747126 0.079787232 0.082228117 0.115089513 0.017045455 0.064615384 0.121827409 0.061349694 0.026706232 0.072386056 0.064864866 0.036211699 0.045317221 0.071207434 0.048484847 0.029761905 0.039039038 0.014245015 0.045317221 0.000000000 0.105431311 0.051671732 0.149877146 0.046831954 0.145695359 0.138157889
0.003584229 0.056603774 0.133126929 0.135802463 0.017543860 0.102564104 0.090909094 0.081967212 0.111111112 0.183673471 0.186046511 0.217877090 0.122257054 0.041095890 0.224376738 0.044368602 0.078947365 0.176470593 0.169139460 0.141104296 0.060402684 0.034482758 0.057239056 0.075907588 0.066666670 0.119496852 0.060402684 0.105431311 0.000000000 0.054054055 0.251336902 0.151515156 0.040892195 0.033210333
0.057627119 0.110320285 0.079646021 0.082352944 0.036544852 0.048780486 0.037037037 0.028037382 0.057401814 0.130919218 0.133333340 0.165775403 0.068656713 0.012987013 0.172413796 0.009708738 0.025000000 0.123595506 0.116147310 0.087719299 0.006369427 0.019607844 0.003194888 0.021943573 0.012658228 0.065868266 0.006369427 0.051671732 0.054054055 0.000000000 0.200000003 0.098265894 0.094736844 0.087108016
0.254691690 0.303621173 0.122302160 0.119617224 0.234828502 0.152709365 0.164179102 0.172932327 0.144254282 0.070938215 0.068493150 0.035398230 0.133171916 0.212435231 0.028571429 0.209302321 0.175879404 0.078341015 0.085846871 0.114285715 0.193877548 0.218750000 0.196930945 0.178841308 0.187817261 0.135922328 0.193877548 0.149877146 0.251336902 0.200000003 0.000000000 0.103773586 0.289256185 0.282191783
0.155015200 0.206349209 0.018766755 0.016042780 0.134328365 0.049723756 0.061452515 0.070422538 0.041095890 0.033078879 0.035532996 0.068627454 0.029810298 0.111111112 0.075425789 0.107871719 0.073446326 0.025641026 0.018087855 0.010638298 0.091954023 0.117647059 0.095100865 0.076487251 0.085714288 0.032608695 0.091954023 0.046831954 0.151515156 0.098265894 0.103773586 0.000000000 0.191222563 0.183800623
0.037313432 0.015748031 0.173076928 0.175718844 0.058394160 0.142857149 0.131313130 0.122448981 0.151315793 0.222891569 0.225225225 0.256484151 0.162337661 0.081850536 0.262857139 0.085106380 0.119453922 0.215805471 0.208588958 0.180952385 0.101045296 0.075268820 0.097902097 0.116438359 0.107266434 0.159609124 0.101045296 0.145695359 0.040892195 0.094736844 0.289256185 0.191222563 0.000000000 0.007692308
0.029629629 0.023437500 0.165605098 0.168253973 0.050724637 0.135313526 0.123745821 0.114864863 0.143790856 0.215568855 0.217910454 0.249283671 0.154838711 0.074204944 0.255681813 0.077464789 0.111864410 0.208459213 0.201219514 0.173501581 0.093425609 0.067615658 0.090277776 0.108843535 0.099656358 0.152103558 0.093425609 0.138157889 0.033210333 0.087108016 0.282191783 0.183800623 0.007692308 0.000000000
