0.014160234 0.055560492 0.022905950 0.063162386 0.033964310 0.039103623 0.038324632 0.040116630 0.041249927 0.059874333 0.048624389 0.058438975 0.051643796 0.041725434 0.036751255 0.019145444 0.030453812 0.062319763 0.041100387 0.057993460 0.031836316 0.043663502 0.021648495 0.038452394 0.054890674 0.053710081 0.043386728 0.036069531 0.023463830 0.046711981 0.090907201 0.065606505 0.033322670 0.023084145
0.055560492 -0.039427787 0.019293735 0.051465489 0.029973593 0.026089720 0.024295427 0.023387250 0.035203010 0.042276479 0.028943105 0.041648008 0.030848131 0.025307326 0.053382002 0.033755235 0.024313640 0.037841484 0.030551258 0.047086667 0.028341845 0.024463437 0.039444946 0.024156306 0.015854908 0.027382778 0.027352087 0.022133265 0.038735382 0.033380453 0.077075288 0.037048500 0.026067803 0.029571587
0.022905950 0.019293735 -0.001166352 0.039006677 0.010495285 0.005447652 -0.000122129 0.003783117 0.004421039 0.028007004 0.011286678 0.031164024 0.015567392 0.011120468 0.028351581 0.012837159 0.001115851 0.029777557 0.015085646 0.019092850 0.003056986 0.008086817 0.009691168 0.001439702 0.020869918 0.019448416 0.002757367 0.004201033 0.010453841 0.008995323 0.049640205 0.035286184 0.015615380 0.004758129
0.063162386 0.051465489 0.039006677 0.004986577 0.045391895 0.034067053 0.032520074 0.029436165 0.041086387 0.009325858 0.028448854 0.026197638 0.021689130 0.031185705 0.070191726 0.071616292 0.045672067 0.026874622 0.041426599 0.030299835 0.048931289 0.033647649 0.060708225 0.032444101 0.046363033 0.025951928 0.039973982 0.036948651 0.061859027 0.031412743 0.027121121 0.023091083 0.039846830 0.044764288
0.033964310 0.029973593 0.010495285 0.045391895 -0.000789376 0.014839549 0.008977554 0.016877795 0.021042824 0.035333816 0.022097383 0.034233056 0.023923695 0.019176394 0.038087964 0.019274108 0.014502066 0.038378157 0.030248836 0.027206529 0.013128554 0.026430462 0.011020701 0.015849115 0.027470913 0.024410848 0.013056936 0.015913954 0.021316765 0.018805368 0.054488435 0.050846037 0.023233665 0.016025197
0.039103623 0.026089720 0.005447652 0.034067053 0.014839549 -0.023251815 0.001288906 0.002592597 0.004969030 0.022938207 0.008856347 0.028012402 0.008174865 0.008573068 0.041854806 0.025079796 0.007799821 0.027055155 0.013906445 0.016706303 0.004910171 0.010593891 0.020079220 0.005083807 0.024466179 0.017086539 0.003267581 0.003250031 0.023787370 0.006207297 0.046006598 0.031572130 0.023875460 0.013876311
0.038324632 0.024295427 -0.000122129 0.032520074 0.008977554 0.001288906 -0.013103426 -0.002787328 0.002058572 0.019816579 0.006053089 0.020930342 0.010096109 0.003397081 0.036404673 0.025554346 0.007619048 0.022338340 0.014707319 0.006882557 0.003661254 0.005952226 0.020591984 -0.003309386 0.021401409 0.008436052 -0.002129137 -0.000106225 0.019453038 -0.005101203 0.047076829 0.028772049 0.017959608 0.012485486
0.040116630 0.023387250 0.003783117 0.029436165 0.016877795 0.002592597 -0.002787328 -0.002441813 0.007383125 0.016779380 0.006765929 0.021262035 0.004491380 0.001885962 0.039406184 0.027331397 0.012945090 0.021257780 0.014162784 0.010140872 0.010237670 0.007856414 0.023785647 0.001166984 0.014339942 0.008412635 0.000139430 0.005444546 0.023290874 0.003165063 0.037840992 0.026015515 0.022970993 0.017211346
0.041249927 0.035203010 0.004421039 0.041086387 0.021042824 0.004969030 0.002058572 0.007383125 -0.001535565 0.029596170 0.008787112 0.027389422 0.014170440 0.010203462 0.043243796 0.023519130 0.005729177 0.028667111 0.016203048 0.015420387 0.008466263 -0.002267973 0.015630879 0.002483946 0.028964899 0.011793696 0.000101328 -0.000605493 0.018935269 -0.001829344 0.061330028 0.039480515 0.023988243 0.015037490
0.059874333 0.042276479 0.028007004 0.009325858 0.035333816 0.022938207 0.019816579 0.016779380 0.029596170 0.006221829 0.017422697 0.012183302 0.011397545 0.019856451 0.064269260 0.058835089 0.036912210 0.014813592 0.031875905 0.013474233 0.037285995 0.024198286 0.053097881 0.023579728 0.030405112 0.006569277 0.026860774 0.029351115 0.051897980 0.021863542 0.022918498 0.010871036 0.032242037 0.035881761
0.048624389 0.028943105 0.011286678 0.028448854 0.022097383 0.008856347 0.006053089 0.006765929 0.008787112 0.017422697 -0.004214144 0.020475848 0.009346141 0.009448987 0.050549980 0.038150266 0.016976224 0.018976096 0.017966485 0.011690737 0.015667530 0.011816148 0.031119667 0.006274623 0.023985919 0.006219896 0.007275064 0.007941827 0.032731287 0.006150609 0.049960721 0.021185230 0.019866662 0.020955209
0.058438975 0.041648008 0.031164024 0.026197638 0.034233056 0.028012402 0.020930342 0.021262035 0.027389422 0.012183302 0.020475848 0.011530574 0.018468762 0.021761445 0.064454228 0.056891896 0.035499126 0.019430786 0.031903606 0.018774185 0.035202540 0.024710460 0.049981076 0.024734192 0.035878658 0.012307268 0.024880636 0.027255379 0.048394766 0.021150617 0.040459733 0.027858222 0.036067665 0.036728621
0.051643796 0.030848131 0.015567392 0.021689130 0.023923695 0.008174865 0.010096109 0.004491380 0.014170440 0.011397545 0.009346141 0.018468762 -0.007759609 0.009911683 0.053461120 0.046601433 0.019998081 0.020943878 0.019941296 0.012756307 0.019848431 0.009098476 0.037306126 0.007521469 0.019428633 0.006801637 0.007984655 0.011594271 0.037439749 0.007270132 0.044388875 0.016928501 0.024827320 0.023926750
0.041725434 0.025307326 0.011120468 0.031185705 0.019176394 0.008573068 0.003397081 0.001885962 0.010203462 0.019856451 0.009448987 0.021761445 0.009911683 -0.006185286 0.043221917 0.035293598 0.013208699 0.020834381 0.014167330 0.014426246 0.012736986 0.011282710 0.025909128 0.008169249 0.022120263 0.008445300 0.003285997 0.008701958 0.026836537 0.004822996 0.039679486 0.029333189 0.023683026 0.019229162
0.036751255 0.053382002 0.028351581 0.070191726 0.038087964 0.041854806 0.036404673 0.039406184 0.043243796 0.064269260 0.050549980 0.064454228 0.053461120 0.043221917 0.028917726 0.013080886 0.033338457 0.068700373 0.042912893 0.059222579 0.036137693 0.049146615 0.028556855 0.037810855 0.046493456 0.059477463 0.042391747 0.035063088 0.032802541 0.050503794 0.085404590 0.077151276 0.046041489 0.027798871
0.019145444 0.033755235 0.012837159 0.071616292 0.019274108 0.025079796 0.025554346 0.027331397 0.023519130 0.058835089 0.038150266 0.056891896 0.046601433 0.035293598 0.013080886 -0.016236849 0.014366461 0.061870262 0.029901072 0.041980743 0.015717732 0.030475521 0.001908540 0.026188556 0.035065997 0.052288629 0.023437779 0.023038365 0.004002939 0.034121137 0.074071050 0.072351992 0.028268624 0.004255514
0.030453812 0.024313640 0.001115851 0.045672067 0.014502066 0.007799821 0.007619048 0.012945090 0.005729177 0.036912210 0.016976224 0.035499126 0.019998081 0.013208699 0.033338457 0.014366461 -0.012106969 0.034590695 0.016979063 0.025805855 0.006902849 0.012769060 0.008238282 0.006647041 0.028957531 0.023270020 0.005766657 0.004672889 0.012471015 0.011429790 0.065700985 0.042683329 0.008983834 0.013083825
0.062319763 0.037841484 0.029777557 0.026874622 0.038378157 0.027055155 0.022338340 0.021257780 0.028667111 0.014813592 0.018976096 0.019430786 0.020943878 0.020834381 0.068700373 0.061870262 0.034590695 0.004936500 0.031263910 0.030017825 0.036749970 0.024314744 0.053831004 0.024246650 0.038470253 0.013177634 0.024147237 0.026424792 0.051446594 0.019797899 0.043456789 0.029759986 0.032231532 0.037491288
0.041100387 0.030551258 0.015085646 0.041426599 0.030248836 0.013906445 0.014707319 0.014162784 0.016203048 0.031875905 0.017966485 0.031903606 0.019941296 0.014167330 0.042912893 0.029901072 0.016979063 0.031263910 0.002541486 0.031195613 0.016866799 0.016306557 0.026901728 0.017780332 0.032476909 0.020200456 0.015404087 0.013933251 0.024016630 0.014874396 0.057712290 0.040071744 0.024771474 0.018015407
0.057993460 0.047086667 0.019092850 0.030299835 0.027206529 0.016706303 0.006882557 0.010140872 0.015420387 0.013474233 0.011690737 0.018774185 0.012756307 0.014426246 0.059222579 0.041980743 0.025805855 0.030017825 0.031195613 -0.001558898 0.024886999 0.016358871 0.040575862 0.013796521 0.025811335 0.012619635 0.013681319 0.017901396 0.040150188 0.014619371 0.048703782 0.031647660 0.034914881 0.027467450
0.031836316 0.028341845 0.003056986 0.048931289 0.013128554 0.004910171 0.003661254 0.010237670 0.008466263 0.037285995 0.015667530 0.035202540 0.019848431 0.012736986 0.036137693 0.015717732 0.006902849 0.036749970 0.016866799 0.024886999 -0.003723743 0.011222133 0.010944370 0.004928247 0.031065384 0.022880664 0.006199361 0.005325896 0.012924401 0.012500132 0.061418898 0.040683147 0.013686243 0.009063470
0.043663502 0.024463437 0.008086817 0.033647649 0.026430462 0.010593891 0.005952226 0.007856414 -0.002267973 0.024198286 0.011816148 0.024710460 0.009098476 0.011282710 0.049146615 0.030475521 0.012769060 0.024314744 0.016306557 0.016358871 0.011222133 -0.024073765 0.022001648 0.000031276 0.028671227 0.009259151 0.008523120 0.010138569 0.024483025 0.009877646 0.059970006 0.028585572 0.019527934 0.016352823
0.021648495 0.039444946 0.009691168 0.060708225 0.011020701 0.020079220 0.020591984 0.023785647 0.015630879 0.053097881 0.031119667 0.049981076 0.037306126 0.025909128 0.028556855 0.001908540 0.008238282 0.053831004 0.026901728 0.040575862 0.010944370 0.022001648 -0.009189971 0.020062223 0.035411112 0.043784499 0.019566365 0.018253136 0.006677179 0.025873171 0.076427013 0.059011064 0.019147903 0.006071533
0.038452394 0.024156306 0.001439702 0.032444101 0.015849115 0.005083807 -0.003309386 0.001166984 0.002483946 0.023579728 0.006274623 0.024734192 0.007521469 0.008169249 0.037810855 0.026188556 0.006647041 0.024246650 0.017780332 0.013796521 0.004928247 0.000031276 0.020062223 -0.002653715 0.020463083 0.009683718 -0.002038304 0.001525112 0.017513063 0.000270759 0.047992308 0.031442285 0.016577663 0.013416193
0.054890674 0.015854908 0.020869918 0.046363033 0.027470913 0.024466179 0.021401409 0.014339942 0.028964899 0.030405112 0.023985919 0.035878658 0.019428633 0.022120263 0.046493456 0.035065997 0.028957531 0.038470253 0.032476909 0.025811335 0.031065384 0.028671227 0.035411112 0.020463083 -0.016563874 0.022070168 0.019715143 0.021578569 0.040770873 0.027078245 0.059907086 0.044196423 0.037365500 0.029584007
0.053710081 0.027382778 0.019448416 0.025951928 0.024410848 0.017086539 0.008436052 0.008412635 0.011793696 0.006569277 0.006219896 0.012307268 0.006801637 0.008445300 0.059477463 0.052288629 0.023270020 0.013177634 0.020200456 0.012619635 0.022880664 0.009259151 0.043784499 0.009683718 0.022070168 -0.007761080 0.010956746 0.014737781 0.039605185 0.005662194 0.042264067 0.018131217 0.024701655 0.025262963
0.043386728 0.027352087 0.002757367 0.039973982 0.013056936 0.003267581 -0.002129137 0.000139430 0.000101328 0.026860774 0.007275064 0.024880636 0.007984655 0.003285997 0.042391747 0.023437779 0.005766657 0.024147237 0.015404087 0.013681319 0.006199361 0.008523120 0.019566365 -0.002038304 0.019715143 0.010956746 -0.011673016 0.000580298 0.022126203 -0.001643078 0.057505637 0.039813731 0.020105425 0.012237036
0.036069531 0.022133265 0.004201033 0.036948651 0.015913954 0.003250031 -0.000106225 0.005444546 -0.000605493 0.029351115 0.007941827 0.027255379 0.011594271 0.008701958 0.035063088 0.023038365 0.004672889 0.026424792 0.013933251 0.017901396 0.005325896 0.010138569 0.018253136 0.001525112 0.021578569 0.014737781 0.000580298 -0.007218309 0.018584248 0.002295489 0.049356971 0.033632971 0.015489427 0.010592355
0.023463830 0.038735382 0.010453841 0.061859027 0.021316765 0.023787370 0.019453038 0.023290874 0.018935269 0.051897980 0.032731287 0.048394766 0.037439749 0.026836537 0.032802541 0.004002939 0.012471015 0.051446594 0.024016630 0.040150188 0.012924401 0.024483025 0.006677179 0.017513063 0.040770873 0.039605185 0.022126203 0.018584248 -0.001863393 0.027987089 0.078449443 0.062718406 0.024158828 0.012519323
0.046711981 0.033380453 0.008995323 0.031412743 0.018805368 0.006207297 -0.005101203 0.003165063 -0.001829344 0.021863542 0.006150609 0.021150617 0.007270132 0.004822996 0.050503794 0.034121137 0.011429790 0.019797899 0.014874396 0.014619371 0.012500132 0.009877646 0.025873171 0.000270759 0.027078245 0.005662194 -0.001643078 0.002295489 0.027987089 -0.022388250 0.056567471 0.038307041 0.021353379 0.018347148
0.090907201 0.077075288 0.049640205 0.027121121 0.054488435 0.046006598 0.047076829 0.037840992 0.061330028 0.022918498 0.049960721 0.040459733 0.044388875 0.039679486 0.085404590 0.074071050 0.065700985 0.043456789 0.057712290 0.048703782 0.061418898 0.059970006 0.076427013 0.047992308 0.059907086 0.042264067 0.057505637 0.049356971 0.078449443 0.056567471 0.006605629 0.043830216 0.063976303 0.046530582
0.065606505 0.037048500 0.035286184 0.023091083 0.050846037 0.031572130 0.028772049 0.026015515 0.039480515 0.010871036 0.021185230 0.027858222 0.016928501 0.029333189 0.077151276 0.072351992 0.042683329 0.029759986 0.040071744 0.031647660 0.040683147 0.028585572 0.059011064 0.031442285 0.044196423 0.018131217 0.039813731 0.033632971 0.062718406 0.038307041 0.043830216 0.003473058 0.042828694 0.044858560
0.033322670 0.026067803 0.015615380 0.039846830 0.023233665 0.023875460 0.017959608 0.022970993 0.023988243 0.032242037 0.019866662 0.036067665 0.024827320 0.023683026 0.046041489 0.028268624 0.008983834 0.032231532 0.024771474 0.034914881 0.013686243 0.019527934 0.019147903 0.016577663 0.037365500 0.024701655 0.020105425 0.015489427 0.024158828 0.021353379 0.063976303 0.042828694 -0.022627257 0.019355688
0.023084145 0.029571587 0.004758129 0.044764288 0.016025197 0.013876311 0.012485486 0.017211346 0.015037490 0.035881761 0.020955209 0.036728621 0.023926750 0.019229162 0.027798871 0.004255514 0.013083825 0.037491288 0.018015407 0.027467450 0.009063470 0.016352823 0.006071533 0.013416193 0.029584007 0.025262963 0.012237036 0.010592355 0.012519323 0.018347148 0.046530582 0.044858560 0.019355688 -0.006277101
