0.013622943 0.051932771 0.018992685 0.079117611 0.009100886 0.037070550 0.032849360 0.036592059 0.038670935 0.064395294 0.045909308 0.078086190 0.047976054 0.044665821 0.033823915 0.019574773 0.027192099 0.061878357 0.038876299 0.060594711 0.022076640 0.043423325 0.021986127 0.039381448 0.048126370 0.046249114 0.041041747 0.036638133 0.016512901 0.046603113 0.081143066 0.062932096 0.046028093 0.024107594
0.051932771 -0.050314758 0.018225990 0.056339204 0.018923007 0.018197257 0.021228939 0.020728117 0.032219678 0.038507663 0.023449810 0.046710543 0.026435435 0.025291558 0.050019953 0.029367832 0.023290779 0.037709851 0.029866369 0.040498272 0.020576399 0.023168134 0.038615011 0.019212162 0.009224792 0.025824226 0.029988572 0.019648163 0.031026894 0.033727046 0.068273365 0.038289595 0.022839220 0.029439000
0.018992685 0.018225990 -0.001640397 0.047908429 0.003123791 0.005029583 -0.000592428 0.003234336 0.004292444 0.033032108 0.010722256 0.045057971 0.014537663 0.018265445 0.029967111 0.014329132 -0.001277079 0.030567875 0.013618145 0.022083281 0.002575243 0.011845633 0.013293546 0.001039130 0.019807801 0.022731559 0.000916372 0.009596203 0.009816756 0.013049188 0.051763106 0.045943879 0.024848936 0.013996527
0.079117611 0.056339204 0.047908429 0.018567927 0.039325926 0.033292502 0.036268540 0.034914598 0.047461934 0.013354909 0.034606844 0.037342001 0.033372670 0.029056299 0.084456377 0.067815766 0.059794035 0.044192377 0.056573644 0.037783280 0.051338129 0.041110910 0.060254000 0.036754757 0.044328455 0.027770555 0.049728941 0.040973350 0.066919029 0.043283798 0.037610766 0.028739138 0.049421102 0.054213051
0.009100886 0.018923007 0.003123791 0.039325926 -0.023715008 0.011520613 0.010086601 0.013616009 0.018168040 0.028739728 0.016861506 0.036518466 0.020097099 0.017610878 0.014302257 0.015054960 -0.002750368 0.022612851 0.012576121 0.026130697 0.008848421 0.017161757 0.009830112 0.014137968 0.027063770 0.018864576 0.010325984 0.011390666 -0.000335430 0.007668502 0.037969626 0.042237524 0.014891896 0.016507793
0.037070550 0.018197257 0.005029583 0.033292502 0.011520613 -0.026612535 0.001717913 0.001708088 0.004924101 0.019278049 0.007880367 0.029139074 0.008381434 0.005178801 0.035458118 0.024621829 0.005676797 0.023077447 0.007904385 0.016880309 0.004087845 0.008386507 0.017974038 0.005898397 0.024347059 0.014957586 0.002515469 0.000411812 0.019063804 0.004182607 0.041961521 0.026052840 0.018486932 0.017610461
0.032849360 0.021228939 -0.000592428 0.036268540 0.010086601 0.001717913 -0.014717583 -0.003821171 0.002365376 0.021407280 0.003805087 0.029245399 0.007627387 0.007191579 0.036031805 0.025168436 0.006849038 0.021769727 0.012594688 0.008159850 0.004733562 0.007878686 0.020781092 -0.002285859 0.021037322 0.011032887 -0.002945107 0.003302429 0.016480023 -0.002048563 0.046871178 0.037710100 0.022454992 0.018321110
0.036592059 0.020728117 0.003234336 0.034914598 0.013616009 0.001708088 -0.003821171 -0.002908723 0.006651829 0.018856708 0.005687798 0.032364305 0.001649478 0.007239549 0.041768949 0.030663472 0.012310991 0.019991182 0.010552703 0.013345359 0.008504625 0.009756239 0.027481806 0.001001783 0.012928549 0.010417466 -0.001031333 0.008650306 0.021308439 0.004619422 0.040644750 0.032303620 0.029204769 0.024844186
0.038670935 0.032219678 0.004292444 0.047461934 0.018168040 0.004924101 0.002365376 0.006651829 -0.001764736 0.031366579 0.007902525 0.035907313 0.013831069 0.011751123 0.042446919 0.022839271 0.004732206 0.028575398 0.014352810 0.017653525 0.008874530 -0.000649889 0.015013944 0.002234045 0.028156212 0.013443301 -0.001461025 0.002087201 0.017199159 0.001850849 0.061686166 0.043517895 0.028316524 0.021218151
0.064395294 0.038507663 0.033032108 0.013354909 0.028739728 0.019278049 0.021407280 0.018856708 0.031366579 0.003321683 0.018854914 0.013641994 0.016310737 0.015667195 0.068088882 0.050913848 0.043496907 0.023609193 0.038558785 0.010412832 0.036750399 0.024417978 0.047812700 0.021964364 0.027660128 0.006419866 0.032040484 0.028276289 0.052428067 0.027923789 0.023162864 0.014228507 0.030446064 0.040056340
0.045909308 0.023449810 0.010722256 0.034606844 0.016861506 0.007880367 0.003805087 0.005687798 0.007902525 0.018854914 -0.007204729 0.029169112 0.008327764 0.007625750 0.049074799 0.038974054 0.016240679 0.017155278 0.012197115 0.014938814 0.013158525 0.009364225 0.030751012 0.008183119 0.022727368 -0.000434615 0.007820522 0.007447453 0.029926755 0.004790498 0.047127746 0.020235162 0.022757910 0.025914092
0.078086190 0.046710543 0.045057971 0.037342001 0.036518466 0.029139074 0.029245399 0.032364305 0.035907313 0.013641994 0.029169112 0.014173023 0.032331169 0.022703018 0.085230000 0.054721825 0.053175971 0.041460145 0.051186647 0.024216812 0.042629134 0.036925893 0.050755944 0.028126763 0.041314770 0.022922495 0.039543383 0.031723384 0.058066189 0.036470875 0.055683993 0.043196023 0.039288051 0.049793139
0.047976054 0.026435435 0.014537663 0.033372670 0.020097099 0.008381434 0.007627387 0.001649478 0.013831069 0.016310737 0.008327764 0.032331169 -0.007482696 0.008064811 0.053490087 0.044521868 0.019941844 0.021202540 0.017323595 0.016112311 0.017712932 0.007980353 0.034613967 0.009854165 0.016568255 0.001128448 0.006450959 0.012092150 0.035165057 0.008758174 0.041636229 0.018351063 0.031270020 0.028702401
0.044665821 0.025291558 0.018265445 0.029056299 0.017610878 0.005178801 0.007191579 0.007239549 0.011751123 0.015667195 0.007625750 0.022703018 0.008064811 0.004023448 0.049354754 0.040222861 0.019036666 0.025942203 0.018473180 0.007904781 0.011665418 0.017389009 0.035308719 0.006695997 0.024511850 0.016790625 0.009909607 0.010057617 0.028681036 0.009198209 0.041923504 0.040288113 0.020306960 0.030989727
0.033823915 0.050019953 0.029967111 0.084456377 0.014302257 0.035458118 0.036031805 0.041768949 0.042446919 0.068088882 0.049074799 0.085230000 0.053490087 0.049354754 0.028571311 0.016488355 0.034986593 0.074261725 0.042140182 0.064208612 0.027646247 0.049092881 0.033247694 0.040571239 0.045478642 0.056268327 0.050069213 0.033955544 0.025999010 0.048026677 0.078179777 0.076289997 0.052815728 0.034395162
0.019574773 0.029367832 0.014329132 0.067815766 0.015054960 0.024621829 0.025168436 0.030663472 0.022839271 0.050913848 0.038974054 0.054721825 0.044521868 0.040222861 0.016488355 -0.016800966 0.016701799 0.065312825 0.029432647 0.031938314 0.011708716 0.032573752 0.003046667 0.024255045 0.036162790 0.052409187 0.026091056 0.019708486 0.004749431 0.037021153 0.069128901 0.077356115 0.026632840 0.012536761
0.027192099 0.023290779 -0.001277079 0.059794035 -0.002750368 0.005676797 0.006849038 0.012310991 0.004732206 0.043496907 0.016240679 0.053175971 0.019941844 0.019036666 0.034986593 0.016701799 -0.014112009 0.036967427 0.015007244 0.031011809 0.002341745 0.016409861 0.011089437 0.009042341 0.025103718 0.024662830 0.006417502 0.009380271 0.005960737 0.013812292 0.067702115 0.048592638 0.021399630 0.018513193
0.061878357 0.037709851 0.030567875 0.044192377 0.022612851 0.023077447 0.021769727 0.019991182 0.028575398 0.023609193 0.017155278 0.041460145 0.021202540 0.025942203 0.074261725 0.065312825 0.036967427 0.005317394 0.033151098 0.038313206 0.034077119 0.027591327 0.059571687 0.024391886 0.033009812 0.015718853 0.025722444 0.032426469 0.048720438 0.023876814 0.050824814 0.037544437 0.046966217 0.044463478
0.038876299 0.029866369 0.013618145 0.056573644 0.012576121 0.007904385 0.012594688 0.010552703 0.014352810 0.038558785 0.012197115 0.051186647 0.017323595 0.018473180 0.042140182 0.029432647 0.015007244 0.033151098 -0.000473592 0.033828281 0.012617338 0.019145126 0.029256720 0.015518512 0.024804650 0.022671074 0.013649300 0.019639267 0.018767174 0.017969772 0.061036296 0.046565153 0.034418143 0.022414468
0.060594711 0.040498272 0.022083281 0.037783280 0.026130697 0.016880309 0.008159850 0.013345359 0.017653525 0.010412832 0.014938814 0.024216812 0.016112311 0.007904781 0.064208612 0.031938314 0.031011809 0.038313206 0.033828281 0.001199530 0.025445595 0.015247378 0.026508177 0.015667498 0.026391655 0.010195576 0.014964154 0.013528349 0.041482404 0.017856341 0.048803471 0.041194227 0.034276403 0.038255211
0.022076640 0.020576399 0.002575243 0.051338129 0.008848421 0.004087845 0.004733562 0.008504625 0.008874530 0.036750399 0.013158525 0.042629134 0.017712932 0.011665418 0.027646247 0.011708716 0.002341745 0.034077119 0.012617338 0.025445595 -0.000417998 0.009701254 0.006983287 0.004028014 0.028258637 0.023644449 0.002451379 0.007411949 0.003806653 0.013203049 0.054460160 0.042930674 0.012863444 0.014310662
0.043423325 0.023168134 0.011845633 0.041110910 0.017161757 0.008386507 0.007878686 0.009756239 -0.000649889 0.024417978 0.009364225 0.036925893 0.007980353 0.017389009 0.049092881 0.032573752 0.016409861 0.027591327 0.019145126 0.015247378 0.009701254 -0.017954737 0.027743457 -0.000574014 0.025364133 0.014249217 0.013018333 0.013755931 0.022262469 0.015503207 0.058142226 0.033352882 0.022652127 0.023016024
0.021986127 0.038615011 0.013293546 0.060254000 0.009830112 0.017974038 0.020781092 0.027481806 0.015013944 0.047812700 0.030751012 0.050755944 0.034613967 0.035308719 0.033247694 0.003046667 0.011089437 0.059571687 0.029256720 0.026508177 0.006983287 0.027743457 -0.002122998 0.017352043 0.034516454 0.046711206 0.022668315 0.016781941 0.010980099 0.030724008 0.069827437 0.066963620 0.017108090 0.018344214
0.039381448 0.019212162 0.001039130 0.036754757 0.014137968 0.005898397 -0.002285859 0.001001783 0.002234045 0.021964364 0.008183119 0.028126763 0.009854165 0.006695997 0.040571239 0.024255045 0.009042341 0.024391886 0.015518512 0.015667498 0.004028014 -0.000574014 0.017352043 -0.002978856 0.019595746 0.008054263 -0.003306658 -0.000116719 0.018972619 0.002905553 0.048977252 0.031277530 0.017920727 0.019380352
0.048126370 0.009224792 0.019807801 0.044328455 0.027063770 0.024347059 0.021037322 0.012928549 0.028156212 0.027660128 0.022727368 0.041314770 0.016568255 0.024511850 0.045478642 0.036162790 0.025103718 0.033009812 0.024804650 0.026391655 0.028258637 0.025364133 0.034516454 0.019595746 -0.017995071 0.019483600 0.017360650 0.019699261 0.038569942 0.023906518 0.054984026 0.047742810 0.036114510 0.034268171
0.046249114 0.025824226 0.022731559 0.027770555 0.018864576 0.014957586 0.011032887 0.010417466 0.013443301 0.006419866 -0.000434615 0.022922495 0.001128448 0.016790625 0.056268327 0.052409187 0.024662830 0.015718853 0.022671074 0.010195576 0.023644449 0.014249217 0.046711206 0.008054263 0.019483600 0.003099952 0.012705815 0.020446403 0.034470428 0.010771381 0.041819919 0.030843021 0.027356660 0.031988014
0.041041747 0.029988572 0.000916372 0.049728941 0.010325984 0.002515469 -0.002945107 -0.001031333 -0.001461025 0.032040484 0.007820522 0.039543383 0.006450959 0.009909607 0.050069213 0.026091056 0.006417502 0.025722444 0.013649300 0.014964154 0.002451379 0.013018333 0.022668315 -0.003306658 0.017360650 0.012705815 -0.010224517 0.004292444 0.021124855 0.002394203 0.064306915 0.053256534 0.034443751 0.023405747
0.036638133 0.019648163 0.009596203 0.040973350 0.011390666 0.000411812 0.003302429 0.008650306 0.002087201 0.028276289 0.007447453 0.031723384 0.012092150 0.010057617 0.033955544 0.019708486 0.009380271 0.032426469 0.019639267 0.013528349 0.007411949 0.013755931 0.016781941 -0.000116719 0.019699261 0.020446403 0.004292444 -0.006683372 0.016723394 0.009092023 0.048005953 0.037213717 0.010703266 0.015244087
0.016512901 0.031026894 0.009816756 0.066919029 -0.000335430 0.019063804 0.016480023 0.021308439 0.017199159 0.052428067 0.029926755 0.058066189 0.035165057 0.028681036 0.025999010 0.004749431 0.005960737 0.048720438 0.018767174 0.041482404 0.003806653 0.022262469 0.010980099 0.018972619 0.038569942 0.034470428 0.021124855 0.016723394 -0.010844099 0.023097439 0.069138244 0.057363518 0.025981933 0.014805724
0.046603113 0.033727046 0.013049188 0.043283798 0.007668502 0.004182607 -0.002048563 0.004619422 0.001850849 0.027923789 0.004790498 0.036470875 0.008758174 0.009198209 0.048026677 0.037021153 0.013812292 0.023876814 0.017969772 0.017856341 0.013203049 0.015503207 0.030724008 0.002905553 0.023906518 0.010771381 0.002394203 0.009092023 0.023097439 -0.014685245 0.058497775 0.040185425 0.030301167 0.022271220
0.081143066 0.068273365 0.051763106 0.037610766 0.037969626 0.041961521 0.046871178 0.040644750 0.061686166 0.023162864 0.047127746 0.055683993 0.041636229 0.041923504 0.078179777 0.069128901 0.067702115 0.050824814 0.061036296 0.048803471 0.054460160 0.058142226 0.069827437 0.048977252 0.054984026 0.041819919 0.064306915 0.048005953 0.069138244 0.058497775 0.000599530 0.043709788 0.065552354 0.046978779
0.062932096 0.038289595 0.045943879 0.028739138 0.042237524 0.026052840 0.037710100 0.032303620 0.043517895 0.014228507 0.020235162 0.043196023 0.018351063 0.040288113 0.076289997 0.077356115 0.048592638 0.037544437 0.046565153 0.041194227 0.042930674 0.033352882 0.066963620 0.031277530 0.047742810 0.030843021 0.053256534 0.037213717 0.057363518 0.040185425 0.043709788 0.016356871 0.038493633 0.054620665
0.046028093 0.022839220 0.024848936 0.049421102 0.014891896 0.018486932 0.022454992 0.029204769 0.028316524 0.030446064 0.022757910 0.039288051 0.031270020 0.020306960 0.052815728 0.026632840 0.021399630 0.046966217 0.034418143 0.034276403 0.012863444 0.022652127 0.017108090 0.017920727 0.036114510 0.027356660 0.034443751 0.010703266 0.025981933 0.030301167 0.065552354 0.038493633 -0.034247883 0.022678737
0.024107594 0.029439000 0.013996527 0.054213051 0.016507793 0.017610461 0.018321110 0.024844186 0.021218151 0.040056340 0.025914092 0.049793139 0.028702401 0.030989727 0.034395162 0.012536761 0.018513193 0.044463478 0.022414468 0.038255211 0.014310662 0.023016024 0.018344214 0.019380352 0.034268171 0.031988014 0.023405747 0.015244087 0.014805724 0.022271220 0.046978779 0.054620665 0.022678737 0.008389691
