0.000000000 0.104072399 0.070422538 0.104072399 0.104072399 0.135371178 0.083333336 0.142857149 0.108108111 0.191836730 0.174999997 0.161016956 0.153846160 0.127753302 0.048076924 0.095890410 0.052631579 0.161016956 0.095890410 0.181818187 0.083333336 0.104072399 0.119999997 0.116071425 0.135371178 0.157446802 0.104072399 0.104072399 0.052631579 0.100000001 0.328813553 0.247148290 0.119999997 0.083333336
0.104072399 0.000000000 0.033898305 0.000000000 0.000000000 0.031746034 0.020920502 0.039370079 0.004081632 0.089552239 0.072243348 0.057915058 0.050583657 0.024000000 0.056277055 0.008264462 0.051724140 0.057915058 0.008264462 0.079245284 0.020920502 0.000000000 0.016129032 0.012145749 0.031746034 0.054263566 0.000000000 0.000000000 0.051724140 0.004115226 0.232704401 0.146853149 0.016129032 0.020920502
0.070422538 0.033898305 0.000000000 0.033898305 0.033898305 0.065573767 0.012987013 0.073170729 0.037974682 0.123076923 0.105882354 0.091633469 0.084337346 0.057851240 0.022421524 0.025641026 0.017857144 0.091633469 0.025641026 0.112840466 0.012987013 0.033898305 0.050000001 0.046025105 0.065573767 0.088000000 0.033898305 0.033898305 0.017857144 0.029787235 0.264516115 0.179856122 0.050000001 0.012987013
0.104072399 0.000000000 0.033898305 0.000000000 0.000000000 0.031746034 0.020920502 0.039370079 0.004081632 0.089552239 0.072243348 0.057915058 0.050583657 0.024000000 0.056277055 0.008264462 0.051724140 0.057915058 0.008264462 0.079245284 0.020920502 0.000000000 0.016129032 0.012145749 0.031746034 0.054263566 0.000000000 0.000000000 0.051724140 0.004115226 0.232704401 0.146853149 0.016129032 0.020920502
0.104072399 0.000000000 0.033898305 0.000000000 0.000000000 0.031746034 0.020920502 0.039370079 0.004081632 0.089552239 0.072243348 0.057915058 0.050583657 0.024000000 0.056277055 0.008264462 0.051724140 0.057915058 0.008264462 0.079245284 0.020920502 0.000000000 0.016129032 0.012145749 0.031746034 0.054263566 0.000000000 0.000000000 0.051724140 0.004115226 0.232704401 0.146853149 0.016129032 0.020920502
0.135371178 0.031746034 0.065573767 0.031746034 0.031746034 0.000000000 0.052631579 0.007633588 0.027667984 0.057971016 0.040590405 0.026217228 0.018867925 0.007751938 0.087866105 0.039999999 0.083333336 0.026217228 0.039999999 0.047619049 0.052631579 0.031746034 0.015625000 0.019607844 0.000000000 0.022556391 0.031746034 0.031746034 0.083333336 0.035856575 0.202453986 0.115646258 0.015625000 0.052631579
0.083333336 0.020920502 0.012987013 0.020920502 0.020920502 0.052631579 0.000000000 0.060240965 0.025000000 0.110266156 0.093023255 0.078740157 0.071428575 0.044897959 0.035398230 0.012658228 0.030837005 0.078740157 0.012658228 0.100000001 0.000000000 0.020920502 0.037037037 0.033057850 0.052631579 0.075098813 0.020920502 0.020920502 0.030837005 0.016806724 0.252396166 0.167259783 0.037037037 0.000000000
0.142857149 0.039370079 0.073170729 0.039370079 0.039370079 0.007633588 0.060240965 0.000000000 0.035294119 0.050359711 0.032967035 0.018587360 0.011235955 0.015384615 0.095435686 0.047619049 0.090909094 0.018587360 0.047619049 0.039999999 0.060240965 0.039370079 0.023255814 0.027237354 0.007633588 0.014925373 0.039370079 0.039370079 0.090909094 0.043478262 0.195121944 0.108108111 0.023255814 0.060240965
0.108108111 0.004081632 0.037974682 0.004081632 0.004081632 0.027667984 0.025000000 0.035294119 0.000000000 0.085501857 0.068181820 0.053846154 0.046511628 0.019920319 0.060344826 0.012345679 0.055793993 0.053846154 0.012345679 0.075187966 0.025000000 0.004081632 0.012048192 0.008064516 0.027667984 0.050193049 0.004081632 0.004081632 0.055793993 0.008196721 0.228840128 0.142857149 0.012048192 0.025000000
0.191836730 0.089552239 0.123076923 0.089552239 0.089552239 0.057971016 0.110266156 0.050359711 0.085501857 0.000000000 0.017421603 0.031802122 0.039145909 0.065693431 0.145098045 0.097744361 0.140625000 0.031802122 0.097744361 0.010380623 0.110266156 0.089552239 0.073529415 0.077490777 0.057971016 0.035460994 0.089552239 0.089552239 0.140625000 0.093632959 0.146198824 0.058064517 0.073529415 0.110266156
0.174999997 0.072243348 0.105882354 0.072243348 0.072243348 0.040590405 0.093023255 0.032967035 0.068181820 0.017421603 0.000000000 0.014388490 0.021739131 0.048327137 0.128000006 0.080459774 0.123505980 0.014388490 0.080459774 0.007042253 0.093023255 0.072243348 0.056179777 0.060150377 0.040590405 0.018050542 0.072243348 0.072243348 0.123505980 0.076335877 0.163204744 0.075409837 0.056179777 0.093023255
0.161016956 0.057915058 0.091633469 0.057915058 0.057915058 0.026217228 0.078740157 0.018587360 0.053846154 0.031802122 0.014388490 0.000000000 0.007352941 0.033962265 0.113821141 0.066147856 0.109311745 0.000000000 0.066147856 0.021428572 0.078740157 0.057915058 0.041825093 0.045801528 0.026217228 0.003663004 0.057915058 0.057915058 0.109311745 0.062015504 0.177177176 0.089700997 0.041825093 0.078740157
0.153846160 0.050583657 0.084337346 0.050583657 0.050583657 0.018867925 0.071428575 0.011235955 0.046511628 0.039145909 0.021739131 0.007352941 0.000000000 0.026615970 0.106557377 0.058823530 0.102040820 0.007352941 0.058823530 0.028776979 0.071428575 0.050583657 0.034482758 0.038461540 0.018867925 0.003690037 0.050583657 0.050583657 0.102040820 0.054687500 0.184290037 0.096989967 0.034482758 0.071428575
0.127753302 0.024000000 0.057851240 0.024000000 0.024000000 0.007751938 0.044897959 0.015384615 0.019920319 0.065693431 0.048327137 0.033962265 0.026615970 0.000000000 0.080168776 0.032258064 0.075630255 0.033962265 0.032258064 0.055350553 0.044897959 0.024000000 0.007874016 0.011857707 0.007751938 0.030303031 0.024000000 0.024000000 0.075630255 0.028112451 0.209876537 0.123287670 0.007874016 0.044897959
0.048076924 0.056277055 0.022421524 0.056277055 0.056277055 0.087866105 0.035398230 0.095435686 0.060344826 0.145098045 0.128000006 0.113821141 0.106557377 0.080168776 0.000000000 0.048034936 0.004566210 0.113821141 0.048034936 0.134920642 0.035398230 0.056277055 0.072340429 0.068376072 0.087866105 0.110204078 0.056277055 0.056277055 0.004566210 0.052173913 0.285245895 0.201465204 0.072340429 0.035398230
0.095890410 0.008264462 0.025641026 0.008264462 0.008264462 0.039999999 0.012658228 0.047619049 0.012345679 0.097744361 0.080459774 0.066147856 0.058823530 0.032258064 0.048034936 0.000000000 0.043478262 0.066147856 0.000000000 0.087452471 0.012658228 0.008264462 0.024390243 0.020408163 0.039999999 0.062500000 0.008264462 0.008264462 0.043478262 0.004149378 0.240506336 0.154929578 0.024390243 0.012658228
0.052631579 0.051724140 0.017857144 0.051724140 0.051724140 0.083333336 0.030837005 0.090909094 0.055793993 0.140625000 0.123505980 0.109311745 0.102040820 0.075630255 0.004566210 0.043478262 0.000000000 0.109311745 0.043478262 0.130434781 0.030837005 0.051724140 0.067796610 0.063829787 0.083333336 0.105691060 0.051724140 0.051724140 0.000000000 0.047619049 0.281045765 0.197080299 0.067796610 0.030837005
0.161016956 0.057915058 0.091633469 0.057915058 0.057915058 0.026217228 0.078740157 0.018587360 0.053846154 0.031802122 0.014388490 0.000000000 0.007352941 0.033962265 0.113821141 0.066147856 0.109311745 0.000000000 0.066147856 0.021428572 0.078740157 0.057915058 0.041825093 0.045801528 0.026217228 0.003663004 0.057915058 0.057915058 0.109311745 0.062015504 0.177177176 0.089700997 0.041825093 0.078740157
0.095890410 0.008264462 0.025641026 0.008264462 0.008264462 0.039999999 0.012658228 0.047619049 0.012345679 0.097744361 0.080459774 0.066147856 0.058823530 0.032258064 0.048034936 0.000000000 0.043478262 0.066147856 0.000000000 0.087452471 0.012658228 0.008264462 0.024390243 0.020408163 0.039999999 0.062500000 0.008264462 0.008264462 0.043478262 0.004149378 0.240506336 0.154929578 0.024390243 0.012658228
0.181818187 0.079245284 0.112840466 0.079245284 0.079245284 0.047619049 0.100000001 0.039999999 0.075187966 0.010380623 0.007042253 0.021428572 0.028776979 0.055350553 0.134920642 0.087452471 0.130434781 0.021428572 0.087452471 0.000000000 0.100000001 0.079245284 0.063197024 0.067164183 0.047619049 0.025089607 0.079245284 0.079245284 0.130434781 0.083333336 0.156342179 0.068403907 0.063197024 0.100000001
0.083333336 0.020920502 0.012987013 0.020920502 0.020920502 0.052631579 0.000000000 0.060240965 0.025000000 0.110266156 0.093023255 0.078740157 0.071428575 0.044897959 0.035398230 0.012658228 0.030837005 0.078740157 0.012658228 0.100000001 0.000000000 0.020920502 0.037037037 0.033057850 0.052631579 0.075098813 0.020920502 0.020920502 0.030837005 0.016806724 0.252396166 0.167259783 0.037037037 0.000000000
0.104072399 0.000000000 0.033898305 0.000000000 0.000000000 0.031746034 0.020920502 0.039370079 0.004081632 0.089552239 0.072243348 0.057915058 0.050583657 0.024000000 0.056277055 0.008264462 0.051724140 0.057915058 0.008264462 0.079245284 0.020920502 0.000000000 0.016129032 0.012145749 0.031746034 0.054263566 0.000000000 0.000000000 0.051724140 0.004115226 0.232704401 0.146853149 0.016129032 0.020920502
0.119999997 0.016129032 0.050000001 0.016129032 0.016129032 0.015625000 0.037037037 0.023255814 0.012048192 0.073529415 0.056179777 0.041825093 0.034482758 0.007874016 0.072340429 0.024390243 0.067796610 0.041825093 0.024390243 0.063197024 0.037037037 0.016129032 0.000000000 0.003984064 0.015625000 0.038167939 0.016129032 0.016129032 0.067796610 0.020242915 0.217391297 0.131034479 0.000000000 0.037037037
0.116071425 0.012145749 0.046025105 0.012145749 0.012145749 0.019607844 0.033057850 0.027237354 0.008064516 0.077490777 0.060150377 0.045801528 0.038461540 0.011857707 0.068376072 0.020408163 0.063829787 0.045801528 0.020408163 0.067164183 0.033057850 0.012145749 0.003984064 0.000000000 0.019607844 0.042145595 0.012145749 0.012145749 0.063829787 0.016260162 0.221183807 0.134948090 0.003984064 0.033057850
0.135371178 0.031746034 0.065573767 0.031746034 0.031746034 0.000000000 0.052631579 0.007633588 0.027667984 0.057971016 0.040590405 0.026217228 0.018867925 0.007751938 0.087866105 0.039999999 0.083333336 0.026217228 0.039999999 0.047619049 0.052631579 0.031746034 0.015625000 0.019607844 0.000000000 0.022556391 0.031746034 0.031746034 0.083333336 0.035856575 0.202453986 0.115646258 0.015625000 0.052631579
0.157446802 0.054263566 0.088000000 0.054263566 0.054263566 0.022556391 0.075098813 0.014925373 0.050193049 0.035460994 0.018050542 0.003663004 0.003690037 0.030303031 0.110204078 0.062500000 0.105691060 0.003663004 0.062500000 0.025089607 0.075098813 0.054263566 0.038167939 0.042145595 0.022556391 0.000000000 0.054263566 0.054263566 0.105691060 0.058365759 0.180722892 0.093333334 0.038167939 0.075098813
0.104072399 0.000000000 0.033898305 0.000000000 0.000000000 0.031746034 0.020920502 0.039370079 0.004081632 0.089552239 0.072243348 0.057915058 0.050583657 0.024000000 0.056277055 0.008264462 0.051724140 0.057915058 0.008264462 0.079245284 0.020920502 0.000000000 0.016129032 0.012145749 0.031746034 0.054263566 0.000000000 0.000000000 0.051724140 0.004115226 0.232704401 0.146853149 0.016129032 0.020920502
0.104072399 0.000000000 0.033898305 0.000000000 0.000000000 0.031746034 0.020920502 0.039370079 0.004081632 0.089552239 0.072243348 0.057915058 0.050583657 0.024000000 0.056277055 0.008264462 0.051724140 0.057915058 0.008264462 0.079245284 0.020920502 0.000000000 0.016129032 0.012145749 0.031746034 0.054263566 0.000000000 0.000000000 0.051724140 0.004115226 0.232704401 0.146853149 0.016129032 0.020920502
0.052631579 0.051724140 0.017857144 0.051724140 0.051724140 0.083333336 0.030837005 0.090909094 0.055793993 0.140625000 0.123505980 0.109311745 0.102040820 0.075630255 0.004566210 0.043478262 0.000000000 0.109311745 0.043478262 0.130434781 0.030837005 0.051724140 0.067796610 0.063829787 0.083333336 0.105691060 0.051724140 0.051724140 0.000000000 0.047619049 0.281045765 0.197080299 0.067796610 0.030837005
0.100000001 0.004115226 0.029787235 0.004115226 0.004115226 0.035856575 0.016806724 0.043478262 0.008196721 0.093632959 0.076335877 0.062015504 0.054687500 0.028112451 0.052173913 0.004149378 0.047619049 0.062015504 0.004149378 0.083333336 0.016806724 0.004115226 0.020242915 0.016260162 0.035856575 0.058365759 0.004115226 0.004115226 0.047619049 0.000000000 0.236593053 0.150877193 0.020242915 0.016806724
0.328813553 0.232704401 0.264516115 0.232704401 0.232704401 0.202453986 0.252396166 0.195121944 0.228840128 0.146198824 0.163204744 0.177177176 0.184290037 0.209876537 0.285245895 0.240506336 0.281045765 0.177177176 0.240506336 0.156342179 0.252396166 0.232704401 0.217391297 0.221183807 0.202453986 0.180722892 0.232704401 0.232704401 0.281045765 0.236593053 0.000000000 0.088888891 0.217391297 0.252396166
0.247148290 0.146853149 0.179856122 0.146853149 0.146853149 0.115646258 0.167259783 0.108108111 0.142857149 0.058064517 0.075409837 0.089700997 0.096989967 0.123287670 0.201465204 0.154929578 0.197080299 0.089700997 0.154929578 0.068403907 0.167259783 0.146853149 0.131034479 0.134948090 0.115646258 0.093333334 0.146853149 0.146853149 0.197080299 0.150877193 0.088888891 0.000000000 0.131034479 0.167259783
0.119999997 0.016129032 0.050000001 0.016129032 0.016129032 0.015625000 0.037037037 0.023255814 0.012048192 0.073529415 0.056179777 0.041825093 0.034482758 0.007874016 0.072340429 0.024390243 0.067796610 0.041825093 0.024390243 0.063197024 0.037037037 0.016129032 0.000000000 0.003984064 0.015625000 0.038167939 0.016129032 0.016129032 0.067796610 0.020242915 0.217391297 0.131034479 0.000000000 0.037037037
0.083333336 0.020920502 0.012987013 0.020920502 0.020920502 0.052631579 0.000000000 0.060240965 0.025000000 0.110266156 0.093023255 0.078740157 0.071428575 0.044897959 0.035398230 0.012658228 0.030837005 0.078740157 0.012658228 0.100000001 0.000000000 0.020920502 0.037037037 0.033057850 0.052631579 0.075098813 0.020920502 0.020920502 0.030837005 0.016806724 0.252396166 0.167259783 0.037037037 0.000000000
