0.000000000 0.050000001 0.042016808 0.167883217 0.004405286 0.073170729 0.102362208 0.112840466 0.112840466 0.152416363 0.102362208 0.136363640 0.050000001 0.116279073 0.065420561 0.057851240 0.031674210 0.224489793 0.046025105 0.139622644 0.050000001 0.080645159 0.017241379 0.080645159 0.057851240 0.102362208 0.042016808 0.050000001 0.042016808 0.073170729 0.269230783 0.136363640 0.069387756 0.012987013
0.050000001 0.000000000 0.008000000 0.118881121 0.054393306 0.023255814 0.052631579 0.063197024 0.063197024 0.103202850 0.052631579 0.086956523 0.000000000 0.066666670 0.115044251 0.007874016 0.081545062 0.176470593 0.003984064 0.090252705 0.000000000 0.030769231 0.032786883 0.030769231 0.007874016 0.052631579 0.008000000 0.000000000 0.008000000 0.023255814 0.222222224 0.086956523 0.019455252 0.037037037
0.042016808 0.008000000 0.000000000 0.126760557 0.046413504 0.031250000 0.060606062 0.071161047 0.071161047 0.111111112 0.060606062 0.094890513 0.008000000 0.074626863 0.107142858 0.015873017 0.073593073 0.184210524 0.004016064 0.098181821 0.008000000 0.038759690 0.024793388 0.038759690 0.015873017 0.060606062 0.000000000 0.008000000 0.000000000 0.031250000 0.229813665 0.094890513 0.027450981 0.029045643
0.167883217 0.118881121 0.126760557 0.000000000 0.172161177 0.095890410 0.066666670 0.056105610 0.056105610 0.015873017 0.066666670 0.032258064 0.118881121 0.052631579 0.230769232 0.111111112 0.198501870 0.058823530 0.122807018 0.028938906 0.118881121 0.088435374 0.151079133 0.088435374 0.111111112 0.066666670 0.126760557 0.118881121 0.126760557 0.095890410 0.106145248 0.032258064 0.099656358 0.155234650
0.004405286 0.054393306 0.046413504 0.172161177 0.000000000 0.077551022 0.106719367 0.117187500 0.117187500 0.156716421 0.106719367 0.140684411 0.054393306 0.120622568 0.061032865 0.062240664 0.027272727 0.228668943 0.050420169 0.143939391 0.054393306 0.085020244 0.021645023 0.085020244 0.062240664 0.106719367 0.046413504 0.054393306 0.046413504 0.077551022 0.273311883 0.140684411 0.073770493 0.017391304
0.073170729 0.023255814 0.031250000 0.095890410 0.077551022 0.000000000 0.029411765 0.039999999 0.039999999 0.080139376 0.029411765 0.063829787 0.023255814 0.043478262 0.137931034 0.015384615 0.104602508 0.153846160 0.027237354 0.067137808 0.023255814 0.007518797 0.056000002 0.007518797 0.015384615 0.029411765 0.031250000 0.023255814 0.031250000 0.000000000 0.200000003 0.063829787 0.003802281 0.060240965
0.102362208 0.052631579 0.060606062 0.066666670 0.106719367 0.029411765 0.000000000 0.010600707 0.010600707 0.050847456 0.000000000 0.034482758 0.052631579 0.014084507 0.166666672 0.044776119 0.133603245 0.125000000 0.056603774 0.037800688 0.052631579 0.021897810 0.085271321 0.021897810 0.044776119 0.000000000 0.060606062 0.052631579 0.060606062 0.029411765 0.171597630 0.034482758 0.033210333 0.089494161
0.112840466 0.063197024 0.071161047 0.056105610 0.117187500 0.039999999 0.010600707 0.000000000 0.000000000 0.040268455 0.010600707 0.023890786 0.063197024 0.003484321 0.176954731 0.055350553 0.143999994 0.114551082 0.067164183 0.027210884 0.063197024 0.032490976 0.095785439 0.032490976 0.055350553 0.010600707 0.071161047 0.063197024 0.071161047 0.039999999 0.161290318 0.023890786 0.043795619 0.100000001
0.112840466 0.063197024 0.071161047 0.056105610 0.117187500 0.039999999 0.010600707 0.000000000 0.000000000 0.040268455 0.010600707 0.023890786 0.063197024 0.003484321 0.176954731 0.055350553 0.143999994 0.114551082 0.067164183 0.027210884 0.063197024 0.032490976 0.095785439 0.032490976 0.055350553 0.010600707 0.071161047 0.063197024 0.071161047 0.039999999 0.161290318 0.023890786 0.043795619 0.100000001
0.152416363 0.103202850 0.111111112 0.015873017 0.156716421 0.080139376 0.050847456 0.040268455 0.040268455 0.000000000 0.050847456 0.016393442 0.103202850 0.036789298 0.215686277 0.095406361 0.183206111 0.074626863 0.107142858 0.013071896 0.103202850 0.072664358 0.135531142 0.072664358 0.095406361 0.050847456 0.111111112 0.103202850 0.111111112 0.080139376 0.121813029 0.016393442 0.083916083 0.139705881
0.102362208 0.052631579 0.060606062 0.066666670 0.106719367 0.029411765 0.000000000 0.010600707 0.010600707 0.050847456 0.000000000 0.034482758 0.052631579 0.014084507 0.166666672 0.044776119 0.133603245 0.125000000 0.056603774 0.037800688 0.052631579 0.021897810 0.085271321 0.021897810 0.044776119 0.000000000 0.060606062 0.052631579 0.060606062 0.029411765 0.171597630 0.034482758 0.033210333 0.089494161
0.136363640 0.086956523 0.094890513 0.032258064 0.140684411 0.063829787 0.034482758 0.023890786 0.023890786 0.016393442 0.034482758 0.000000000 0.086956523 0.020408163 0.200000003 0.079136692 0.167315170 0.090909094 0.090909094 0.003322259 0.086956523 0.056338027 0.119402982 0.056338027 0.079136692 0.034482758 0.094890513 0.086956523 0.094890513 0.063829787 0.137931034 0.000000000 0.067615658 0.123595506
0.050000001 0.000000000 0.008000000 0.118881121 0.054393306 0.023255814 0.052631579 0.063197024 0.063197024 0.103202850 0.052631579 0.086956523 0.000000000 0.066666670 0.115044251 0.007874016 0.081545062 0.176470593 0.003984064 0.090252705 0.000000000 0.030769231 0.032786883 0.030769231 0.007874016 0.052631579 0.008000000 0.000000000 0.008000000 0.023255814 0.222222224 0.086956523 0.019455252 0.037037037
0.116279073 0.066666670 0.074626863 0.052631579 0.120622568 0.043478262 0.014084507 0.003484321 0.003484321 0.036789298 0.014084507 0.020408163 0.066666670 0.000000000 0.180327863 0.058823530 0.147410363 0.111111112 0.070631973 0.023728814 0.066666670 0.035971224 0.099236645 0.035971224 0.058823530 0.014084507 0.074626863 0.066666670 0.074626863 0.043478262 0.157894731 0.020408163 0.047272727 0.103448279
0.065420561 0.115044251 0.107142858 0.230769232 0.061032865 0.137931034 0.166666672 0.176954731 0.176954731 0.215686277 0.166666672 0.200000003 0.115044251 0.180327863 0.000000000 0.122807018 0.033816423 0.285714298 0.111111112 0.203187257 0.115044251 0.145299152 0.082568809 0.145299152 0.122807018 0.166666672 0.107142858 0.115044251 0.107142858 0.137931034 0.328859061 0.200000003 0.134199128 0.078341015
0.057851240 0.007874016 0.015873017 0.111111112 0.062240664 0.015384615 0.044776119 0.055350553 0.055350553 0.095406361 0.044776119 0.079136692 0.007874016 0.058823530 0.122807018 0.000000000 0.089361705 0.168831170 0.011857707 0.082437277 0.007874016 0.022900764 0.040650405 0.022900764 0.000000000 0.044776119 0.015873017 0.007874016 0.015873017 0.015384615 0.214723930 0.079136692 0.011583012 0.044897959
0.031674210 0.081545062 0.073593073 0.198501870 0.027272727 0.104602508 0.133603245 0.143999994 0.143999994 0.183206111 0.133603245 0.167315170 0.081545062 0.147410363 0.033816423 0.089361705 0.000000000 0.254355401 0.077586204 0.170542642 0.081545062 0.112033196 0.048888888 0.112033196 0.089361705 0.133603245 0.073593073 0.081545062 0.073593073 0.104602508 0.298360646 0.167315170 0.100840338 0.044642858
0.224489793 0.176470593 0.184210524 0.058823530 0.228668943 0.153846160 0.125000000 0.114551082 0.114551082 0.074626863 0.125000000 0.090909094 0.176470593 0.111111112 0.285714298 0.168831170 0.254355401 0.000000000 0.180327863 0.087613292 0.176470593 0.146496817 0.208053693 0.146496817 0.168831170 0.125000000 0.184210524 0.176470593 0.184210524 0.153846160 0.047619049 0.090909094 0.157556266 0.212121218
0.046025105 0.003984064 0.004016064 0.122807018 0.050420169 0.027237354 0.056603774 0.067164183 0.067164183 0.107142858 0.056603774 0.090909094 0.003984064 0.070631973 0.111111112 0.011857707 0.077586204 0.180327863 0.000000000 0.094202898 0.003984064 0.034749035 0.028806584 0.034749035 0.011857707 0.056603774 0.004016064 0.003984064 0.004016064 0.027237354 0.226006195 0.090909094 0.023437500 0.033057850
0.139622644 0.090252705 0.098181821 0.028938906 0.143939391 0.067137808 0.037800688 0.027210884 0.027210884 0.013071896 0.037800688 0.003322259 0.090252705 0.023728814 0.203187257 0.082437277 0.170542642 0.087613292 0.094202898 0.000000000 0.090252705 0.059649121 0.122676581 0.059649121 0.082437277 0.037800688 0.098181821 0.090252705 0.098181821 0.067137808 0.134670481 0.003322259 0.070921987 0.126865670
0.050000001 0.000000000 0.008000000 0.118881121 0.054393306 0.023255814 0.052631579 0.063197024 0.063197024 0.103202850 0.052631579 0.086956523 0.000000000 0.066666670 0.115044251 0.007874016 0.081545062 0.176470593 0.003984064 0.090252705 0.000000000 0.030769231 0.032786883 0.030769231 0.007874016 0.052631579 0.008000000 0.000000000 0.008000000 0.023255814 0.222222224 0.086956523 0.019455252 0.037037037
0.080645159 0.030769231 0.038759690 0.088435374 0.085020244 0.007518797 0.021897810 0.032490976 0.032490976 0.072664358 0.021897810 0.056338027 0.030769231 0.035971224 0.145299152 0.022900764 0.112033196 0.146496817 0.034749035 0.059649121 0.030769231 0.000000000 0.063492067 0.000000000 0.022900764 0.021897810 0.038759690 0.030769231 0.038759690 0.007518797 0.192771077 0.056338027 0.011320755 0.067729086
0.017241379 0.032786883 0.024793388 0.151079133 0.021645023 0.056000002 0.085271321 0.095785439 0.095785439 0.135531142 0.085271321 0.119402982 0.032786883 0.099236645 0.082568809 0.040650405 0.048888888 0.208053693 0.028806584 0.122676581 0.032786883 0.063492067 0.000000000 0.063492067 0.040650405 0.085271321 0.024793388 0.032786883 0.024793388 0.056000002 0.253164560 0.119402982 0.052208837 0.004255319
0.080645159 0.030769231 0.038759690 0.088435374 0.085020244 0.007518797 0.021897810 0.032490976 0.032490976 0.072664358 0.021897810 0.056338027 0.030769231 0.035971224 0.145299152 0.022900764 0.112033196 0.146496817 0.034749035 0.059649121 0.030769231 0.000000000 0.063492067 0.000000000 0.022900764 0.021897810 0.038759690 0.030769231 0.038759690 0.007518797 0.192771077 0.056338027 0.011320755 0.067729086
0.057851240 0.007874016 0.015873017 0.111111112 0.062240664 0.015384615 0.044776119 0.055350553 0.055350553 0.095406361 0.044776119 0.079136692 0.007874016 0.058823530 0.122807018 0.000000000 0.089361705 0.168831170 0.011857707 0.082437277 0.007874016 0.022900764 0.040650405 0.022900764 0.000000000 0.044776119 0.015873017 0.007874016 0.015873017 0.015384615 0.214723930 0.079136692 0.011583012 0.044897959
0.102362208 0.052631579 0.060606062 0.066666670 0.106719367 0.029411765 0.000000000 0.010600707 0.010600707 0.050847456 0.000000000 0.034482758 0.052631579 0.014084507 0.166666672 0.044776119 0.133603245 0.125000000 0.056603774 0.037800688 0.052631579 0.021897810 0.085271321 0.021897810 0.044776119 0.000000000 0.060606062 0.052631579 0.060606062 0.029411765 0.171597630 0.034482758 0.033210333 0.089494161
0.042016808 0.008000000 0.000000000 0.126760557 0.046413504 0.031250000 0.060606062 0.071161047 0.071161047 0.111111112 0.060606062 0.094890513 0.008000000 0.074626863 0.107142858 0.015873017 0.073593073 0.184210524 0.004016064 0.098181821 0.008000000 0.038759690 0.024793388 0.038759690 0.015873017 0.060606062 0.000000000 0.008000000 0.000000000 0.031250000 0.229813665 0.094890513 0.027450981 0.029045643
0.050000001 0.000000000 0.008000000 0.118881121 0.054393306 0.023255814 0.052631579 0.063197024 0.063197024 0.103202850 0.052631579 0.086956523 0.000000000 0.066666670 0.115044251 0.007874016 0.081545062 0.176470593 0.003984064 0.090252705 0.000000000 0.030769231 0.032786883 0.030769231 0.007874016 0.052631579 0.008000000 0.000000000 0.008000000 0.023255814 0.222222224 0.086956523 0.019455252 0.037037037
0.042016808 0.008000000 0.000000000 0.126760557 0.046413504 0.031250000 0.060606062 0.071161047 0.071161047 0.111111112 0.060606062 0.094890513 0.008000000 0.074626863 0.107142858 0.015873017 0.073593073 0.184210524 0.004016064 0.098181821 0.008000000 0.038759690 0.024793388 0.038759690 0.015873017 0.060606062 0.000000000 0.008000000 0.000000000 0.031250000 0.229813665 0.094890513 0.027450981 0.029045643
0.073170729 0.023255814 0.031250000 0.095890410 0.077551022 0.000000000 0.029411765 0.039999999 0.039999999 0.080139376 0.029411765 0.063829787 0.023255814 0.043478262 0.137931034 0.015384615 0.104602508 0.153846160 0.027237354 0.067137808 0.023255814 0.007518797 0.056000002 0.007518797 0.015384615 0.029411765 0.031250000 0.023255814 0.031250000 0.000000000 0.200000003 0.063829787 0.003802281 0.060240965
0.269230783 0.222222224 0.229813665 0.106145248 0.273311883 0.200000003 0.171597630 0.161290318 0.161290318 0.121813029 0.171597630 0.137931034 0.222222224 0.157894731 0.328859061 0.214723930 0.298360646 0.047619049 0.226006195 0.134670481 0.222222224 0.192771077 0.253164560 0.192771077 0.214723930 0.171597630 0.229813665 0.222222224 0.229813665 0.200000003 0.000000000 0.137931034 0.203647420 0.257142872
0.136363640 0.086956523 0.094890513 0.032258064 0.140684411 0.063829787 0.034482758 0.023890786 0.023890786 0.016393442 0.034482758 0.000000000 0.086956523 0.020408163 0.200000003 0.079136692 0.167315170 0.090909094 0.090909094 0.003322259 0.086956523 0.056338027 0.119402982 0.056338027 0.079136692 0.034482758 0.094890513 0.086956523 0.094890513 0.063829787 0.137931034 0.000000000 0.067615658 0.123595506
0.069387756 0.019455252 0.027450981 0.099656358 0.073770493 0.003802281 0.033210333 0.043795619 0.043795619 0.083916083 0.033210333 0.067615658 0.019455252 0.047272727 0.134199128 0.011583012 0.100840338 0.157556266 0.023437500 0.070921987 0.019455252 0.011320755 0.052208837 0.011320755 0.011583012 0.033210333 0.027450981 0.019455252 0.027450981 0.003802281 0.203647420 0.067615658 0.000000000 0.056451611
0.012987013 0.037037037 0.029045643 0.155234650 0.017391304 0.060240965 0.089494161 0.100000001 0.100000001 0.139705881 0.089494161 0.123595506 0.037037037 0.103448279 0.078341015 0.044897959 0.044642858 0.212121218 0.033057850 0.126865670 0.037037037 0.067729086 0.004255319 0.067729086 0.044897959 0.089494161 0.029045643 0.037037037 0.029045643 0.060240965 0.257142872 0.123595506 0.056451611 0.000000000
