0.000000000 0.046296295 0.046296295 0.165991902 0.076233186 0.123404257 0.108225107 0.134453788 0.084444441 0.204633206 0.155737698 0.165991902 0.155737698 0.148760334 0.138121545 0.108225107 0.059360731 0.210727975 0.059360731 0.130801693 0.063636363 0.119658120 0.092511013 0.119658120 0.112068966 0.130801693 0.100436680 0.112068966 0.080357142 0.076233186 0.237037033 0.112068966 0.080357142 0.100436680
0.046296295 0.000000000 0.000000000 0.120622568 0.030042918 0.077551022 0.062240664 0.088709675 0.038297873 0.159851298 0.110236220 0.120622568 0.110236220 0.103174604 0.183246076 0.062240664 0.013100437 0.166051656 0.013100437 0.085020244 0.017391304 0.073770493 0.046413504 0.073770493 0.066115700 0.085020244 0.054393306 0.066115700 0.034188036 0.030042918 0.192857146 0.066115700 0.034188036 0.054393306
0.046296295 0.000000000 0.000000000 0.120622568 0.030042918 0.077551022 0.062240664 0.088709675 0.038297873 0.159851298 0.110236220 0.120622568 0.110236220 0.103174604 0.183246076 0.062240664 0.013100437 0.166051656 0.013100437 0.085020244 0.017391304 0.073770493 0.046413504 0.073770493 0.066115700 0.085020244 0.054393306 0.066115700 0.034188036 0.030042918 0.192857146 0.066115700 0.034188036 0.054393306
0.165991902 0.120622568 0.120622568 0.000000000 0.090909094 0.043478262 0.058823530 0.032258064 0.082706764 0.039999999 0.010526316 0.000000000 0.010526316 0.017667845 0.297297299 0.058823530 0.107692309 0.046357617 0.107692309 0.035971224 0.103448279 0.047272727 0.074626863 0.047272727 0.054945055 0.035971224 0.066666670 0.054945055 0.086792454 0.090909094 0.073954985 0.054945055 0.086792454 0.066666670
0.076233186 0.030042918 0.030042918 0.090909094 0.000000000 0.047619049 0.032258064 0.058823530 0.008264462 0.130434781 0.080459774 0.090909094 0.080459774 0.073359072 0.212121218 0.032258064 0.016949153 0.136690646 0.016949153 0.055118110 0.012658228 0.043824703 0.016393442 0.043824703 0.036144577 0.055118110 0.024390243 0.036144577 0.004149378 0.000000000 0.163763061 0.036144577 0.004149378 0.024390243
0.123404257 0.077551022 0.077551022 0.043478262 0.047619049 0.000000000 0.015384615 0.011235955 0.039370079 0.083333336 0.032967035 0.043478262 0.032967035 0.025830258 0.257142872 0.015384615 0.064516127 0.089655176 0.064516127 0.007518797 0.060240965 0.003802281 0.031250000 0.003802281 0.011494253 0.007518797 0.023255814 0.011494253 0.043478262 0.047619049 0.117056854 0.011494253 0.043478262 0.023255814
0.108225107 0.062240664 0.062240664 0.058823530 0.032258064 0.015384615 0.000000000 0.026615970 0.024000000 0.098591551 0.048327137 0.058823530 0.048327137 0.041198503 0.242718443 0.000000000 0.049180329 0.104895107 0.049180329 0.022900764 0.044897959 0.011583012 0.015873017 0.011583012 0.003891051 0.022900764 0.007874016 0.003891051 0.028112451 0.032258064 0.132203385 0.003891051 0.028112451 0.007874016
0.134453788 0.088709675 0.088709675 0.032258064 0.058823530 0.011235955 0.026615970 0.000000000 0.050583657 0.072164945 0.021739131 0.032258064 0.021739131 0.014598540 0.267605633 0.026615970 0.075697213 0.078498296 0.075697213 0.003717472 0.071428575 0.015037594 0.042471044 0.015037594 0.022727273 0.003717472 0.034482758 0.022727273 0.054687500 0.058823530 0.105960265 0.022727273 0.054687500 0.034482758
0.084444441 0.038297873 0.038297873 0.082706764 0.008264462 0.039370079 0.024000000 0.050583657 0.000000000 0.122302160 0.072243348 0.082706764 0.072243348 0.065134101 0.219999999 0.024000000 0.025210084 0.128571436 0.025210084 0.046875000 0.020920502 0.035573121 0.008130081 0.035573121 0.027888447 0.046875000 0.016129032 0.027888447 0.004115226 0.008264462 0.155709341 0.027888447 0.004115226 0.016129032
0.204633206 0.159851298 0.159851298 0.039999999 0.130434781 0.083333336 0.098591551 0.072164945 0.122302160 0.000000000 0.050505050 0.039999999 0.050505050 0.057627119 0.333333343 0.098591551 0.147058830 0.006369427 0.147058830 0.075862072 0.142857149 0.087108016 0.114285715 0.087108016 0.094736844 0.075862072 0.106382981 0.094736844 0.126353785 0.130434781 0.034055728 0.094736844 0.126353785 0.106382981
0.155737698 0.110236220 0.110236220 0.010526316 0.080459774 0.032967035 0.048327137 0.021739131 0.072243348 0.050505050 0.000000000 0.010526316 0.000000000 0.007142857 0.287671238 0.048327137 0.097276263 0.056856189 0.097276263 0.025454545 0.093023255 0.036764707 0.064150944 0.036764707 0.044444446 0.025454545 0.056179777 0.044444446 0.076335877 0.080459774 0.084415585 0.044444446 0.076335877 0.056179777
0.165991902 0.120622568 0.120622568 0.000000000 0.090909094 0.043478262 0.058823530 0.032258064 0.082706764 0.039999999 0.010526316 0.000000000 0.010526316 0.017667845 0.297297299 0.058823530 0.107692309 0.046357617 0.107692309 0.035971224 0.103448279 0.047272727 0.074626863 0.047272727 0.054945055 0.035971224 0.066666670 0.054945055 0.086792454 0.090909094 0.073954985 0.054945055 0.086792454 0.066666670
0.155737698 0.110236220 0.110236220 0.010526316 0.080459774 0.032967035 0.048327137 0.021739131 0.072243348 0.050505050 0.000000000 0.010526316 0.000000000 0.007142857 0.287671238 0.048327137 0.097276263 0.056856189 0.097276263 0.025454545 0.093023255 0.036764707 0.064150944 0.036764707 0.044444446 0.025454545 0.056179777 0.044444446 0.076335877 0.080459774 0.084415585 0.044444446 0.076335877 0.056179777
0.148760334 0.103174604 0.103174604 0.017667845 0.073359072 0.025830258 0.041198503 0.014598540 0.065134101 0.057627119 0.007142857 0.017667845 0.007142857 0.000000000 0.281105995 0.041198503 0.090196081 0.063973062 0.090196081 0.018315019 0.085937500 0.029629629 0.057034221 0.029629629 0.037313432 0.018315019 0.049056605 0.037313432 0.069230773 0.073359072 0.091503270 0.037313432 0.069230773 0.049056605
0.138121545 0.183246076 0.183246076 0.297297299 0.212121218 0.257142872 0.242718443 0.267605633 0.219999999 0.333333343 0.287671238 0.297297299 0.287671238 0.281105995 0.000000000 0.242718443 0.195876285 0.338983059 0.195876285 0.264150947 0.200000003 0.253588527 0.227722779 0.253588527 0.246376812 0.264150947 0.235294119 0.246376812 0.216080397 0.212121218 0.363265306 0.246376812 0.216080397 0.235294119
0.108225107 0.062240664 0.062240664 0.058823530 0.032258064 0.015384615 0.000000000 0.026615970 0.024000000 0.098591551 0.048327137 0.058823530 0.048327137 0.041198503 0.242718443 0.000000000 0.049180329 0.104895107 0.049180329 0.022900764 0.044897959 0.011583012 0.015873017 0.011583012 0.003891051 0.022900764 0.007874016 0.003891051 0.028112451 0.032258064 0.132203385 0.003891051 0.028112451 0.007874016
0.059360731 0.013100437 0.013100437 0.107692309 0.016949153 0.064516127 0.049180329 0.075697213 0.025210084 0.147058830 0.097276263 0.107692309 0.097276263 0.090196081 0.195876285 0.049180329 0.000000000 0.153284669 0.000000000 0.071999997 0.004291845 0.060728744 0.033333335 0.060728744 0.053061225 0.071999997 0.041322313 0.053061225 0.021097047 0.016949153 0.180212021 0.053061225 0.021097047 0.041322313
0.210727975 0.166051656 0.166051656 0.046357617 0.136690646 0.089655176 0.104895107 0.078498296 0.128571436 0.006369427 0.056856189 0.046357617 0.056856189 0.063973062 0.338983059 0.104895107 0.153284669 0.000000000 0.153284669 0.082191780 0.149090916 0.093425609 0.120567374 0.093425609 0.101045296 0.082191780 0.112676054 0.101045296 0.132616490 0.136690646 0.027692307 0.101045296 0.132616490 0.112676054
0.059360731 0.013100437 0.013100437 0.107692309 0.016949153 0.064516127 0.049180329 0.075697213 0.025210084 0.147058830 0.097276263 0.107692309 0.097276263 0.090196081 0.195876285 0.049180329 0.000000000 0.153284669 0.000000000 0.071999997 0.004291845 0.060728744 0.033333335 0.060728744 0.053061225 0.071999997 0.041322313 0.053061225 0.021097047 0.016949153 0.180212021 0.053061225 0.021097047 0.041322313
0.130801693 0.085020244 0.085020244 0.035971224 0.055118110 0.007518797 0.022900764 0.003717472 0.046875000 0.075862072 0.025454545 0.035971224 0.025454545 0.018315019 0.264150947 0.022900764 0.071999997 0.082191780 0.071999997 0.000000000 0.067729086 0.011320755 0.038759690 0.011320755 0.019011406 0.000000000 0.030769231 0.019011406 0.050980393 0.055118110 0.109634548 0.019011406 0.050980393 0.030769231
0.063636363 0.017391304 0.017391304 0.103448279 0.012658228 0.060240965 0.044897959 0.071428575 0.020920502 0.142857149 0.093023255 0.103448279 0.093023255 0.085937500 0.200000003 0.044897959 0.004291845 0.149090916 0.004291845 0.067729086 0.000000000 0.056451611 0.029045643 0.056451611 0.048780486 0.067729086 0.037037037 0.048780486 0.016806724 0.012658228 0.176056340 0.048780486 0.016806724 0.037037037
0.119658120 0.073770493 0.073770493 0.047272727 0.043824703 0.003802281 0.011583012 0.015037594 0.035573121 0.087108016 0.036764707 0.047272727 0.036764707 0.029629629 0.253588527 0.011583012 0.060728744 0.093425609 0.060728744 0.011320755 0.056451611 0.000000000 0.027450981 0.000000000 0.007692308 0.011320755 0.019455252 0.007692308 0.039682541 0.043824703 0.120805368 0.007692308 0.039682541 0.019455252
0.092511013 0.046413504 0.046413504 0.074626863 0.016393442 0.031250000 0.015873017 0.042471044 0.008130081 0.114285715 0.064150944 0.074626863 0.064150944 0.057034221 0.227722779 0.015873017 0.033333335 0.120567374 0.033333335 0.038759690 0.029045643 0.027450981 0.000000000 0.027450981 0.019762846 0.038759690 0.008000000 0.019762846 0.012244898 0.016393442 0.147766322 0.019762846 0.012244898 0.008000000
0.119658120 0.073770493 0.073770493 0.047272727 0.043824703 0.003802281 0.011583012 0.015037594 0.035573121 0.087108016 0.036764707 0.047272727 0.036764707 0.029629629 0.253588527 0.011583012 0.060728744 0.093425609 0.060728744 0.011320755 0.056451611 0.000000000 0.027450981 0.000000000 0.007692308 0.011320755 0.019455252 0.007692308 0.039682541 0.043824703 0.120805368 0.007692308 0.039682541 0.019455252
0.112068966 0.066115700 0.066115700 0.054945055 0.036144577 0.011494253 0.003891051 0.022727273 0.027888447 0.094736844 0.044444446 0.054945055 0.044444446 0.037313432 0.246376812 0.003891051 0.053061225 0.101045296 0.053061225 0.019011406 0.048780486 0.007692308 0.019762846 0.007692308 0.000000000 0.019011406 0.011764706 0.000000000 0.032000002 0.036144577 0.128378376 0.000000000 0.032000002 0.011764706
0.130801693 0.085020244 0.085020244 0.035971224 0.055118110 0.007518797 0.022900764 0.003717472 0.046875000 0.075862072 0.025454545 0.035971224 0.025454545 0.018315019 0.264150947 0.022900764 0.071999997 0.082191780 0.071999997 0.000000000 0.067729086 0.011320755 0.038759690 0.011320755 0.019011406 0.000000000 0.030769231 0.019011406 0.050980393 0.055118110 0.109634548 0.019011406 0.050980393 0.030769231
0.100436680 0.054393306 0.054393306 0.066666670 0.024390243 0.023255814 0.007874016 0.034482758 0.016129032 0.106382981 0.056179777 0.066666670 0.056179777 0.049056605 0.235294119 0.007874016 0.041322313 0.112676054 0.041322313 0.030769231 0.037037037 0.019455252 0.008000000 0.019455252 0.011764706 0.030769231 0.000000000 0.011764706 0.020242915 0.024390243 0.139931738 0.011764706 0.020242915 0.000000000
0.112068966 0.066115700 0.066115700 0.054945055 0.036144577 0.011494253 0.003891051 0.022727273 0.027888447 0.094736844 0.044444446 0.054945055 0.044444446 0.037313432 0.246376812 0.003891051 0.053061225 0.101045296 0.053061225 0.019011406 0.048780486 0.007692308 0.019762846 0.007692308 0.000000000 0.019011406 0.011764706 0.000000000 0.032000002 0.036144577 0.128378376 0.000000000 0.032000002 0.011764706
0.080357142 0.034188036 0.034188036 0.086792454 0.004149378 0.043478262 0.028112451 0.054687500 0.004115226 0.126353785 0.076335877 0.086792454 0.076335877 0.069230773 0.216080397 0.028112451 0.021097047 0.132616490 0.021097047 0.050980393 0.016806724 0.039682541 0.012244898 0.039682541 0.032000002 0.050980393 0.020242915 0.032000002 0.000000000 0.004149378 0.159722224 0.032000002 0.000000000 0.020242915
0.076233186 0.030042918 0.030042918 0.090909094 0.000000000 0.047619049 0.032258064 0.058823530 0.008264462 0.130434781 0.080459774 0.090909094 0.080459774 0.073359072 0.212121218 0.032258064 0.016949153 0.136690646 0.016949153 0.055118110 0.012658228 0.043824703 0.016393442 0.043824703 0.036144577 0.055118110 0.024390243 0.036144577 0.004149378 0.000000000 0.163763061 0.036144577 0.004149378 0.024390243
0.237037033 0.192857146 0.192857146 0.073954985 0.163763061 0.117056854 0.132203385 0.105960265 0.155709341 0.034055728 0.084415585 0.073954985 0.084415585 0.091503270 0.363265306 0.132203385 0.180212021 0.027692307 0.180212021 0.109634548 0.176056340 0.120805368 0.147766322 0.120805368 0.128378376 0.109634548 0.139931738 0.128378376 0.159722224 0.163763061 0.000000000 0.128378376 0.159722224 0.139931738
0.112068966 0.066115700 0.066115700 0.054945055 0.036144577 0.011494253 0.003891051 0.022727273 0.027888447 0.094736844 0.044444446 0.054945055 0.044444446 0.037313432 0.246376812 0.003891051 0.053061225 0.101045296 0.053061225 0.019011406 0.048780486 0.007692308 0.019762846 0.007692308 0.000000000 0.019011406 0.011764706 0.000000000 0.032000002 0.036144577 0.128378376 0.000000000 0.032000002 0.011764706
0.080357142 0.034188036 0.034188036 0.086792454 0.004149378 0.043478262 0.028112451 0.054687500 0.004115226 0.126353785 0.076335877 0.086792454 0.076335877 0.069230773 0.216080397 0.028112451 0.021097047 0.132616490 0.021097047 0.050980393 0.016806724 0.039682541 0.012244898 0.039682541 0.032000002 0.050980393 0.020242915 0.032000002 0.000000000 0.004149378 0.159722224 0.032000002 0.000000000 0.020242915
0.100436680 0.054393306 0.054393306 0.066666670 0.024390243 0.023255814 0.007874016 0.034482758 0.016129032 0.106382981 0.056179777 0.066666670 0.056179777 0.049056605 0.235294119 0.007874016 0.041322313 0.112676054 0.041322313 0.030769231 0.037037037 0.019455252 0.008000000 0.019455252 0.011764706 0.030769231 0.000000000 0.011764706 0.020242915 0.024390243 0.139931738 0.011764706 0.020242915 0.000000000
