0.000000000 0.064814813 0.021276595 0.132075474 0.000000000 0.087301590 0.017094018 0.108527131 0.065040648 0.144981414 0.148148149 0.094488189 0.111969113 0.033613447 0.127450988 0.000000000 0.021276595 0.157509163 0.072580643 0.115384616 0.040723983 0.072580643 0.022222223 0.045643155 0.101562500 0.076305218 0.017094018 0.025423728 0.008771930 0.049586777 0.172661871 0.184397161 0.041666668 0.017094018
0.064814813 0.000000000 0.085972853 0.195219129 0.064814813 0.151260510 0.081818178 0.172131151 0.129310340 0.207843140 0.210937500 0.158333331 0.175510198 0.098214284 0.063157894 0.064814813 0.085972853 0.220077217 0.136752144 0.178861782 0.024154589 0.136752144 0.042654030 0.110132158 0.165289253 0.140425533 0.081818178 0.090090089 0.056074765 0.114035085 0.234848484 0.246268660 0.106194690 0.081818178
0.021276595 0.085972853 0.000000000 0.111111112 0.021276595 0.066147856 0.004184100 0.087452471 0.043824703 0.124087594 0.127272725 0.073359072 0.090909094 0.012345679 0.148325354 0.021276595 0.000000000 0.136690646 0.051383398 0.094339624 0.061946902 0.051383398 0.043478262 0.024390243 0.080459774 0.055118110 0.004184100 0.004149378 0.030042918 0.028340081 0.151943460 0.163763061 0.020408163 0.004184100
0.132075474 0.195219129 0.111111112 0.000000000 0.132075474 0.045296166 0.115241639 0.023890786 0.067615658 0.013157895 0.016393442 0.038062282 0.020408163 0.098901100 0.255230129 0.132075474 0.111111112 0.025974026 0.060070671 0.016949153 0.171875000 0.060070671 0.153846160 0.086956523 0.030927835 0.056338027 0.115241639 0.107011072 0.140684411 0.083032489 0.041533545 0.053627759 0.090909094 0.115241639
0.000000000 0.064814813 0.021276595 0.132075474 0.000000000 0.087301590 0.017094018 0.108527131 0.065040648 0.144981414 0.148148149 0.094488189 0.111969113 0.033613447 0.127450988 0.000000000 0.021276595 0.157509163 0.072580643 0.115384616 0.040723983 0.072580643 0.022222223 0.045643155 0.101562500 0.076305218 0.017094018 0.025423728 0.008771930 0.049586777 0.172661871 0.184397161 0.041666668 0.017094018
0.087301590 0.151260510 0.066147856 0.045296166 0.087301590 0.000000000 0.070312500 0.021428572 0.022388060 0.058419243 0.061643835 0.007246377 0.024911031 0.053846154 0.212389380 0.087301590 0.066147856 0.071186438 0.014814815 0.028368793 0.127572015 0.014814815 0.109311745 0.041825093 0.014388490 0.011070111 0.070312500 0.062015504 0.096000001 0.037878789 0.086666666 0.098684214 0.045801528 0.070312500
0.017094018 0.081818178 0.004184100 0.115241639 0.017094018 0.070312500 0.000000000 0.091603056 0.048000000 0.128205135 0.131386861 0.077519380 0.095057033 0.016528925 0.144230768 0.017094018 0.004184100 0.140794218 0.055555556 0.098484851 0.057777777 0.055555556 0.039301310 0.028571429 0.084615387 0.059288539 0.000000000 0.008333334 0.025862070 0.032520324 0.156028375 0.167832166 0.024590164 0.000000000
0.108527131 0.172131151 0.087452471 0.023890786 0.108527131 0.021428572 0.091603056 0.000000000 0.043795619 0.037037037 0.040268455 0.014184397 0.003484321 0.075187966 0.232758626 0.108527131 0.087452471 0.049833886 0.036231883 0.006944444 0.148594379 0.036231883 0.130434781 0.063197024 0.007042253 0.032490976 0.091603056 0.083333336 0.117187500 0.059259258 0.065359481 0.077419356 0.067164183 0.091603056
0.065040648 0.129310340 0.043824703 0.067615658 0.065040648 0.022388060 0.048000000 0.043795619 0.000000000 0.080701753 0.083916083 0.029629629 0.047272727 0.031496063 0.190909088 0.065040648 0.043824703 0.093425609 0.007575758 0.050724637 0.105485231 0.007575758 0.087136932 0.019455252 0.036764707 0.011320755 0.048000000 0.039682541 0.073770493 0.015503876 0.108843535 0.120805368 0.023437500 0.048000000
0.144981414 0.207843140 0.124087594 0.013157895 0.144981414 0.058419243 0.128205135 0.037037037 0.080701753 0.000000000 0.003236246 0.051194537 0.033557046 0.111913361 0.267489702 0.144981414 0.124087594 0.012820513 0.073170729 0.030100334 0.184615389 0.073170729 0.166666672 0.100000001 0.044067796 0.069444448 0.128205135 0.119999997 0.153558046 0.096085407 0.028391168 0.040498443 0.103942655 0.128205135
0.148148149 0.210937500 0.127272725 0.016393442 0.148148149 0.061643835 0.131386861 0.040268455 0.083916083 0.003236246 0.000000000 0.054421768 0.036789298 0.115107916 0.270491809 0.148148149 0.127272725 0.009584664 0.076388888 0.033333335 0.187739462 0.076388888 0.169811323 0.103202850 0.047297299 0.072664358 0.131386861 0.123188406 0.156716421 0.099290781 0.025157232 0.037267081 0.107142858 0.131386861
0.094488189 0.158333331 0.073359072 0.038062282 0.094488189 0.007246377 0.077519380 0.014184397 0.029629629 0.051194537 0.054421768 0.000000000 0.017667845 0.061068702 0.219298244 0.094488189 0.073359072 0.063973062 0.022058824 0.021126760 0.134693876 0.022058824 0.116465867 0.049056605 0.007142857 0.018315019 0.077519380 0.069230773 0.103174604 0.045112781 0.079470202 0.091503270 0.053030305 0.077519380
0.111969113 0.175510198 0.090909094 0.020408163 0.111969113 0.024911031 0.095057033 0.003484321 0.047272727 0.033557046 0.036789298 0.017667845 0.000000000 0.078651689 0.236051500 0.111969113 0.090909094 0.046357617 0.039711192 0.003460208 0.151999995 0.039711192 0.133858263 0.066666670 0.010526316 0.035971224 0.095057033 0.086792454 0.120622568 0.062730625 0.061889250 0.073954985 0.070631973 0.095057033
0.033613447 0.098214284 0.012345679 0.098901100 0.033613447 0.053846154 0.016528925 0.075187966 0.031496063 0.111913361 0.115107916 0.061068702 0.078651689 0.000000000 0.160377353 0.033613447 0.012345679 0.124555163 0.039062500 0.082089551 0.074235804 0.039062500 0.055793993 0.012048192 0.068181820 0.042801555 0.016528925 0.008196721 0.042372882 0.016000001 0.139860138 0.151724145 0.008064516 0.016528925
0.127450988 0.063157894 0.148325354 0.255230129 0.127450988 0.212389380 0.144230768 0.232758626 0.190909088 0.267489702 0.270491809 0.219298244 0.236051500 0.160377353 0.000000000 0.127450988 0.148325354 0.279352218 0.198198199 0.239316240 0.087179489 0.198198199 0.105527639 0.172093019 0.226086959 0.201793715 0.144230768 0.152380958 0.118811883 0.175925925 0.293650806 0.304687500 0.168224305 0.144230768
0.000000000 0.064814813 0.021276595 0.132075474 0.000000000 0.087301590 0.017094018 0.108527131 0.065040648 0.144981414 0.148148149 0.094488189 0.111969113 0.033613447 0.127450988 0.000000000 0.021276595 0.157509163 0.072580643 0.115384616 0.040723983 0.072580643 0.022222223 0.045643155 0.101562500 0.076305218 0.017094018 0.025423728 0.008771930 0.049586777 0.172661871 0.184397161 0.041666668 0.017094018
0.021276595 0.085972853 0.000000000 0.111111112 0.021276595 0.066147856 0.004184100 0.087452471 0.043824703 0.124087594 0.127272725 0.073359072 0.090909094 0.012345679 0.148325354 0.021276595 0.000000000 0.136690646 0.051383398 0.094339624 0.061946902 0.051383398 0.043478262 0.024390243 0.080459774 0.055118110 0.004184100 0.004149378 0.030042918 0.028340081 0.151943460 0.163763061 0.020408163 0.004184100
0.157509163 0.220077217 0.136690646 0.025974026 0.157509163 0.071186438 0.140794218 0.049833886 0.093425609 0.012820513 0.009584664 0.063973062 0.046357617 0.124555163 0.279352218 0.157509163 0.136690646 0.000000000 0.085910656 0.042904291 0.196969703 0.085910656 0.179104477 0.112676054 0.056856189 0.082191780 0.140794218 0.132616490 0.166051656 0.108771928 0.015576324 0.027692307 0.116607770 0.140794218
0.072580643 0.136752144 0.051383398 0.060070671 0.072580643 0.014814815 0.055555556 0.036231883 0.007575758 0.073170729 0.076388888 0.022058824 0.039711192 0.039062500 0.198198199 0.072580643 0.051383398 0.085910656 0.000000000 0.043165468 0.112970710 0.000000000 0.094650209 0.027027028 0.029197080 0.003745318 0.055555556 0.047244094 0.081300810 0.023076924 0.101351351 0.113333337 0.031007752 0.055555556
0.115384616 0.178861782 0.094339624 0.016949153 0.115384616 0.028368793 0.098484851 0.006944444 0.050724637 0.030100334 0.033333335 0.021126760 0.003460208 0.082089551 0.239316240 0.115384616 0.094339624 0.042904291 0.043165468 0.000000000 0.155378491 0.043165468 0.137254909 0.070110701 0.013986014 0.039426524 0.098484851 0.090225562 0.124031007 0.066176474 0.058441557 0.070512824 0.074074075 0.098484851
0.040723983 0.024154589 0.061946902 0.171875000 0.040723983 0.127572015 0.057777777 0.148594379 0.105485231 0.184615389 0.187739462 0.134693876 0.151999995 0.074235804 0.087179489 0.040723983 0.061946902 0.196969703 0.112970710 0.155378491 0.000000000 0.112970710 0.018518519 0.086206898 0.141700402 0.116666667 0.057777777 0.066079296 0.031963471 0.090128757 0.211895913 0.223443225 0.082251079 0.057777777
0.072580643 0.136752144 0.051383398 0.060070671 0.072580643 0.014814815 0.055555556 0.036231883 0.007575758 0.073170729 0.076388888 0.022058824 0.039711192 0.039062500 0.198198199 0.072580643 0.051383398 0.085910656 0.000000000 0.043165468 0.112970710 0.000000000 0.094650209 0.027027028 0.029197080 0.003745318 0.055555556 0.047244094 0.081300810 0.023076924 0.101351351 0.113333337 0.031007752 0.055555556
0.022222223 0.042654030 0.043478262 0.153846160 0.022222223 0.109311745 0.039301310 0.130434781 0.087136932 0.166666672 0.169811323 0.116465867 0.133858263 0.055793993 0.105527639 0.022222223 0.043478262 0.179104477 0.094650209 0.137254909 0.018518519 0.094650209 0.000000000 0.067796610 0.123505980 0.098360658 0.039301310 0.047619049 0.013452915 0.071729958 0.194139197 0.205776170 0.063829787 0.039301310
0.045643155 0.110132158 0.024390243 0.086956523 0.045643155 0.041825093 0.028571429 0.063197024 0.019455252 0.100000001 0.103202850 0.049056605 0.066666670 0.012048192 0.172093019 0.045643155 0.024390243 0.112676054 0.027027028 0.070110701 0.086206898 0.027027028 0.067796610 0.000000000 0.056179777 0.030769231 0.028571429 0.020242915 0.054393306 0.003952569 0.128027678 0.139931738 0.003984064 0.028571429
0.101562500 0.165289253 0.080459774 0.030927835 0.101562500 0.014388490 0.084615387 0.007042253 0.036764707 0.044067796 0.047297299 0.007142857 0.010526316 0.068181820 0.226086959 0.101562500 0.080459774 0.056856189 0.029197080 0.013986014 0.141700402 0.029197080 0.123505980 0.056179777 0.000000000 0.025454545 0.084615387 0.076335877 0.110236220 0.052238807 0.072368421 0.084415585 0.060150377 0.084615387
0.076305218 0.140425533 0.055118110 0.056338027 0.076305218 0.011070111 0.059288539 0.032490976 0.011320755 0.069444448 0.072664358 0.018315019 0.035971224 0.042801555 0.201793715 0.076305218 0.055118110 0.082191780 0.003745318 0.039426524 0.116666667 0.003745318 0.098360658 0.030769231 0.025454545 0.000000000 0.059288539 0.050980393 0.085020244 0.026819924 0.097643100 0.109634548 0.034749035 0.059288539
0.017094018 0.081818178 0.004184100 0.115241639 0.017094018 0.070312500 0.000000000 0.091603056 0.048000000 0.128205135 0.131386861 0.077519380 0.095057033 0.016528925 0.144230768 0.017094018 0.004184100 0.140794218 0.055555556 0.098484851 0.057777777 0.055555556 0.039301310 0.028571429 0.084615387 0.059288539 0.000000000 0.008333334 0.025862070 0.032520324 0.156028375 0.167832166 0.024590164 0.000000000
0.025423728 0.090090089 0.004149378 0.107011072 0.025423728 0.062015504 0.008333334 0.083333336 0.039682541 0.119999997 0.123188406 0.069230773 0.086792454 0.008196721 0.152380958 0.025423728 0.004149378 0.132616490 0.047244094 0.090225562 0.066079296 0.047244094 0.047619049 0.020242915 0.076335877 0.050980393 0.008333334 0.000000000 0.034188036 0.024193548 0.147887319 0.159722224 0.016260162 0.008333334
0.008771930 0.056074765 0.030042918 0.140684411 0.008771930 0.096000001 0.025862070 0.117187500 0.073770493 0.153558046 0.156716421 0.103174604 0.120622568 0.042372882 0.118811883 0.008771930 0.030042918 0.166051656 0.081300810 0.124031007 0.031963471 0.081300810 0.013452915 0.054393306 0.110236220 0.085020244 0.025862070 0.034188036 0.000000000 0.058333334 0.181159422 0.192857146 0.050420169 0.025862070
0.049586777 0.114035085 0.028340081 0.083032489 0.049586777 0.037878789 0.032520324 0.059259258 0.015503876 0.096085407 0.099290781 0.045112781 0.062730625 0.016000001 0.175925925 0.049586777 0.028340081 0.108771928 0.023076924 0.066176474 0.090128757 0.023076924 0.071729958 0.003952569 0.052238807 0.026819924 0.032520324 0.024193548 0.058333334 0.000000000 0.124137931 0.136054426 0.007936508 0.032520324
0.172661871 0.234848484 0.151943460 0.041533545 0.172661871 0.086666666 0.156028375 0.065359481 0.108843535 0.028391168 0.025157232 0.079470202 0.061889250 0.139860138 0.293650806 0.172661871 0.151943460 0.015576324 0.101351351 0.058441557 0.211895913 0.101351351 0.194139197 0.128027678 0.072368421 0.097643100 0.156028375 0.147887319 0.181159422 0.124137931 0.000000000 0.012121212 0.131944448 0.156028375
0.184397161 0.246268660 0.163763061 0.053627759 0.184397161 0.098684214 0.167832166 0.077419356 0.120805368 0.040498443 0.037267081 0.091503270 0.073954985 0.151724145 0.304687500 0.184397161 0.163763061 0.027692307 0.113333337 0.070512824 0.223443225 0.113333337 0.205776170 0.139931738 0.084415585 0.109634548 0.167832166 0.159722224 0.192857146 0.136054426 0.012121212 0.000000000 0.143835619 0.167832166
0.041666668 0.106194690 0.020408163 0.090909094 0.041666668 0.045801528 0.024590164 0.067164183 0.023437500 0.103942655 0.107142858 0.053030305 0.070631973 0.008064516 0.168224305 0.041666668 0.020408163 0.116607770 0.031007752 0.074074075 0.082251079 0.031007752 0.063829787 0.003984064 0.060150377 0.034749035 0.024590164 0.016260162 0.050420169 0.007936508 0.131944448 0.143835619 0.000000000 0.024590164
0.017094018 0.081818178 0.004184100 0.115241639 0.017094018 0.070312500 0.000000000 0.091603056 0.048000000 0.128205135 0.131386861 0.077519380 0.095057033 0.016528925 0.144230768 0.017094018 0.004184100 0.140794218 0.055555556 0.098484851 0.057777777 0.055555556 0.039301310 0.028571429 0.084615387 0.059288539 0.000000000 0.008333334 0.025862070 0.032520324 0.156028375 0.167832166 0.024590164 0.000000000
