0.000000000 0.083003953 0.004291845 0.117870726 0.064220183 0.041322313 0.049180329 0.075697213 0.064516127 0.127819553 0.068273090 0.104247101 0.140740737 0.064516127 0.074074075 0.033333335 0.000000000 0.083003953 0.004329004 0.162454873 0.004329004 0.111111112 0.012765957 0.075697213 0.090196081 0.075697213 0.021097047 0.041322313 0.012765957 0.079365082 0.210884348 0.134328365 0.012765957 0.004291845
0.083003953 0.000000000 0.078740157 0.035211269 0.146443516 0.041825093 0.033962265 0.007352941 0.018587360 0.045296166 0.014814815 0.021428572 0.058419243 0.018587360 0.156118140 0.049808428 0.083003953 0.000000000 0.087301590 0.080536909 0.087301590 0.028368793 0.070312500 0.007352941 0.007246377 0.007352941 0.062015504 0.041825093 0.070312500 0.003663004 0.130158737 0.051903114 0.070312500 0.078740157
0.004291845 0.078740157 0.000000000 0.113636367 0.068493150 0.037037037 0.044897959 0.071428575 0.060240965 0.123595506 0.064000003 0.100000001 0.136531368 0.060240965 0.078341015 0.029045643 0.004291845 0.078740157 0.008620690 0.158273384 0.008620690 0.106870227 0.008474576 0.071428575 0.085937500 0.071428575 0.016806724 0.037037037 0.008474576 0.075098813 0.206779659 0.130111530 0.008474576 0.000000000
0.117870726 0.035211269 0.113636367 0.000000000 0.180722892 0.076923080 0.069090910 0.042553190 0.053763442 0.010101010 0.050000001 0.013793103 0.023255814 0.053763442 0.190283403 0.084870845 0.117870726 0.035211269 0.122137405 0.045454547 0.122137405 0.006849315 0.105263159 0.042553190 0.027972028 0.042553190 0.097014926 0.076923080 0.105263159 0.038869258 0.095384613 0.016722407 0.105263159 0.113636367
0.064220183 0.146443516 0.068493150 0.180722892 0.000000000 0.105263159 0.113043480 0.139240503 0.128205135 0.190476194 0.131914899 0.167346939 0.203125000 0.128205135 0.009900990 0.097345136 0.064220183 0.146443516 0.059907835 0.224334598 0.059907835 0.174089074 0.076923080 0.139240503 0.153526977 0.139240503 0.085201792 0.105263159 0.076923080 0.142857149 0.271428585 0.196850389 0.076923080 0.068493150
0.041322313 0.041825093 0.037037037 0.076923080 0.105263159 0.000000000 0.007874016 0.034482758 0.023255814 0.086956523 0.027027028 0.063197024 0.100000001 0.023255814 0.115044251 0.008000000 0.041322313 0.041825093 0.045643155 0.121951222 0.045643155 0.070110701 0.028571429 0.034482758 0.049056605 0.034482758 0.020242915 0.000000000 0.028571429 0.038167939 0.171052635 0.093525179 0.028571429 0.037037037
0.049180329 0.033962265 0.044897959 0.069090910 0.113043480 0.007874016 0.000000000 0.026615970 0.015384615 0.079136692 0.019157087 0.055350553 0.092198581 0.015384615 0.122807018 0.015873017 0.049180329 0.033962265 0.053497944 0.114186853 0.053497944 0.062271062 0.036437247 0.026615970 0.041198503 0.026615970 0.028112451 0.007874016 0.036437247 0.030303031 0.163398698 0.085714288 0.036437247 0.044897959
0.075697213 0.007352941 0.071428575 0.042553190 0.139240503 0.034482758 0.026615970 0.000000000 0.011235955 0.052631579 0.007462686 0.028776979 0.065743946 0.011235955 0.148936167 0.042471044 0.075697213 0.007352941 0.079999998 0.087837838 0.079999998 0.035714287 0.062992126 0.000000000 0.014598540 0.000000000 0.054687500 0.034482758 0.062992126 0.003690037 0.137380198 0.059233449 0.062992126 0.071428575
0.064516127 0.018587360 0.060240965 0.053763442 0.128205135 0.023255814 0.015384615 0.011235955 0.000000000 0.063829787 0.003773585 0.039999999 0.076923080 0.000000000 0.137931034 0.031250000 0.064516127 0.018587360 0.068825908 0.098976113 0.068825908 0.046931408 0.051792830 0.011235955 0.025830258 0.011235955 0.043478262 0.023255814 0.051792830 0.014925373 0.148387089 0.070422538 0.051792830 0.060240965
0.127819553 0.045296166 0.123595506 0.010101010 0.190476194 0.086956523 0.079136692 0.052631579 0.063829787 0.000000000 0.060070671 0.023890786 0.013157895 0.063829787 0.200000003 0.094890513 0.127819553 0.045296166 0.132075474 0.035369776 0.132075474 0.016949153 0.115241639 0.052631579 0.038062282 0.052631579 0.107011072 0.086956523 0.115241639 0.048951048 0.085365854 0.006622517 0.115241639 0.123595506
0.068273090 0.014814815 0.064000003 0.050000001 0.131914899 0.027027028 0.019157087 0.007462686 0.003773585 0.060070671 0.000000000 0.036231883 0.073170729 0.003773585 0.141630903 0.035019454 0.068273090 0.014814815 0.072580643 0.095238097 0.072580643 0.043165468 0.055555556 0.007462686 0.022058824 0.007462686 0.047244094 0.027027028 0.055555556 0.011152416 0.144694537 0.066666670 0.055555556 0.064000003
0.104247101 0.021428572 0.100000001 0.013793103 0.167346939 0.063197024 0.055350553 0.028776979 0.039999999 0.023890786 0.036231883 0.000000000 0.037037037 0.039999999 0.176954731 0.071161047 0.104247101 0.021428572 0.108527131 0.059210528 0.108527131 0.006944444 0.091603056 0.028776979 0.014184397 0.028776979 0.083333336 0.063197024 0.091603056 0.025089607 0.109034270 0.030508475 0.091603056 0.100000001
0.140740737 0.058419243 0.136531368 0.023255814 0.203125000 0.100000001 0.092198581 0.065743946 0.076923080 0.013157895 0.073170729 0.037037037 0.000000000 0.076923080 0.212598428 0.107913665 0.140740737 0.058419243 0.144981414 0.022222223 0.144981414 0.030100334 0.128205135 0.065743946 0.051194537 0.065743946 0.119999997 0.100000001 0.128205135 0.062068965 0.072289154 0.006535948 0.128205135 0.136531368
0.064516127 0.018587360 0.060240965 0.053763442 0.128205135 0.023255814 0.015384615 0.011235955 0.000000000 0.063829787 0.003773585 0.039999999 0.076923080 0.000000000 0.137931034 0.031250000 0.064516127 0.018587360 0.068825908 0.098976113 0.068825908 0.046931408 0.051792830 0.011235955 0.025830258 0.011235955 0.043478262 0.023255814 0.051792830 0.014925373 0.148387089 0.070422538 0.051792830 0.060240965
0.074074075 0.156118140 0.078341015 0.190283403 0.009900990 0.115044251 0.122807018 0.148936167 0.137931034 0.200000003 0.141630903 0.176954731 0.212598428 0.137931034 0.000000000 0.107142858 0.074074075 0.156118140 0.069767445 0.233716473 0.069767445 0.183673471 0.086757988 0.148936167 0.163179919 0.148936167 0.095022626 0.115044251 0.086757988 0.152542368 0.280575544 0.206349209 0.086757988 0.078341015
0.033333335 0.049808428 0.029045643 0.084870845 0.097345136 0.008000000 0.015873017 0.042471044 0.031250000 0.094890513 0.035019454 0.071161047 0.107913665 0.031250000 0.107142858 0.000000000 0.033333335 0.049808428 0.037656903 0.129824564 0.037656903 0.078066915 0.020576132 0.042471044 0.057034221 0.042471044 0.012244898 0.008000000 0.020576132 0.046153847 0.178807944 0.101449274 0.020576132 0.029045643
0.000000000 0.083003953 0.004291845 0.117870726 0.064220183 0.041322313 0.049180329 0.075697213 0.064516127 0.127819553 0.068273090 0.104247101 0.140740737 0.064516127 0.074074075 0.033333335 0.000000000 0.083003953 0.004329004 0.162454873 0.004329004 0.111111112 0.012765957 0.075697213 0.090196081 0.075697213 0.021097047 0.041322313 0.012765957 0.079365082 0.210884348 0.134328365 0.012765957 0.004291845
0.083003953 0.000000000 0.078740157 0.035211269 0.146443516 0.041825093 0.033962265 0.007352941 0.018587360 0.045296166 0.014814815 0.021428572 0.058419243 0.018587360 0.156118140 0.049808428 0.083003953 0.000000000 0.087301590 0.080536909 0.087301590 0.028368793 0.070312500 0.007352941 0.007246377 0.007352941 0.062015504 0.041825093 0.070312500 0.003663004 0.130158737 0.051903114 0.070312500 0.078740157
0.004329004 0.087301590 0.008620690 0.122137405 0.059907835 0.045643155 0.053497944 0.079999998 0.068825908 0.132075474 0.072580643 0.108527131 0.144981414 0.068825908 0.069767445 0.037656903 0.004329004 0.087301590 0.000000000 0.166666672 0.000000000 0.115384616 0.017094018 0.079999998 0.094488189 0.079999998 0.025423728 0.045643155 0.017094018 0.083665341 0.215017065 0.138576776 0.017094018 0.008620690
0.162454873 0.080536909 0.158273384 0.045454547 0.224334598 0.121951222 0.114186853 0.087837838 0.098976113 0.035369776 0.095238097 0.059210528 0.022222223 0.098976113 0.233716473 0.129824564 0.162454873 0.080536909 0.166666672 0.000000000 0.166666672 0.052287582 0.150000006 0.087837838 0.073333330 0.087837838 0.141843975 0.121951222 0.150000006 0.084175088 0.050147492 0.028753994 0.150000006 0.158273384
0.004329004 0.087301590 0.008620690 0.122137405 0.059907835 0.045643155 0.053497944 0.079999998 0.068825908 0.132075474 0.072580643 0.108527131 0.144981414 0.068825908 0.069767445 0.037656903 0.004329004 0.087301590 0.000000000 0.166666672 0.000000000 0.115384616 0.017094018 0.079999998 0.094488189 0.079999998 0.025423728 0.045643155 0.017094018 0.083665341 0.215017065 0.138576776 0.017094018 0.008620690
0.111111112 0.028368793 0.106870227 0.006849315 0.174089074 0.070110701 0.062271062 0.035714287 0.046931408 0.016949153 0.043165468 0.006944444 0.030100334 0.046931408 0.183673471 0.078066915 0.111111112 0.028368793 0.115384616 0.052287582 0.115384616 0.000000000 0.098484851 0.035714287 0.021126760 0.035714287 0.090225562 0.070110701 0.098484851 0.032028470 0.102167182 0.023569023 0.098484851 0.106870227
0.012765957 0.070312500 0.008474576 0.105263159 0.076923080 0.028571429 0.036437247 0.062992126 0.051792830 0.115241639 0.055555556 0.091603056 0.128205135 0.051792830 0.086757988 0.020576132 0.012765957 0.070312500 0.017094018 0.150000006 0.017094018 0.098484851 0.000000000 0.062992126 0.077519380 0.062992126 0.008333334 0.028571429 0.000000000 0.066666670 0.198653191 0.121771216 0.000000000 0.008474576
0.075697213 0.007352941 0.071428575 0.042553190 0.139240503 0.034482758 0.026615970 0.000000000 0.011235955 0.052631579 0.007462686 0.028776979 0.065743946 0.011235955 0.148936167 0.042471044 0.075697213 0.007352941 0.079999998 0.087837838 0.079999998 0.035714287 0.062992126 0.000000000 0.014598540 0.000000000 0.054687500 0.034482758 0.062992126 0.003690037 0.137380198 0.059233449 0.062992126 0.071428575
0.090196081 0.007246377 0.085937500 0.027972028 0.153526977 0.049056605 0.041198503 0.014598540 0.025830258 0.038062282 0.022058824 0.014184397 0.051194537 0.025830258 0.163179919 0.057034221 0.090196081 0.007246377 0.094488189 0.073333330 0.094488189 0.021126760 0.077519380 0.014598540 0.000000000 0.014598540 0.069230773 0.049056605 0.077519380 0.010909091 0.123028390 0.044673540 0.077519380 0.085937500
0.075697213 0.007352941 0.071428575 0.042553190 0.139240503 0.034482758 0.026615970 0.000000000 0.011235955 0.052631579 0.007462686 0.028776979 0.065743946 0.011235955 0.148936167 0.042471044 0.075697213 0.007352941 0.079999998 0.087837838 0.079999998 0.035714287 0.062992126 0.000000000 0.014598540 0.000000000 0.054687500 0.034482758 0.062992126 0.003690037 0.137380198 0.059233449 0.062992126 0.071428575
0.021097047 0.062015504 0.016806724 0.097014926 0.085201792 0.020242915 0.028112451 0.054687500 0.043478262 0.107011072 0.047244094 0.083333336 0.119999997 0.043478262 0.095022626 0.012244898 0.021097047 0.062015504 0.025423728 0.141843975 0.025423728 0.090225562 0.008333334 0.054687500 0.069230773 0.054687500 0.000000000 0.020242915 0.008333334 0.058365759 0.190635458 0.113553114 0.008333334 0.016806724
0.041322313 0.041825093 0.037037037 0.076923080 0.105263159 0.000000000 0.007874016 0.034482758 0.023255814 0.086956523 0.027027028 0.063197024 0.100000001 0.023255814 0.115044251 0.008000000 0.041322313 0.041825093 0.045643155 0.121951222 0.045643155 0.070110701 0.028571429 0.034482758 0.049056605 0.034482758 0.020242915 0.000000000 0.028571429 0.038167939 0.171052635 0.093525179 0.028571429 0.037037037
0.012765957 0.070312500 0.008474576 0.105263159 0.076923080 0.028571429 0.036437247 0.062992126 0.051792830 0.115241639 0.055555556 0.091603056 0.128205135 0.051792830 0.086757988 0.020576132 0.012765957 0.070312500 0.017094018 0.150000006 0.017094018 0.098484851 0.000000000 0.062992126 0.077519380 0.062992126 0.008333334 0.028571429 0.000000000 0.066666670 0.198653191 0.121771216 0.000000000 0.008474576
0.079365082 0.003663004 0.075098813 0.038869258 0.142857149 0.038167939 0.030303031 0.003690037 0.014925373 0.048951048 0.011152416 0.025089607 0.062068965 0.014925373 0.152542368 0.046153847 0.079365082 0.003663004 0.083665341 0.084175088 0.083665341 0.032028470 0.066666670 0.003690037 0.010909091 0.003690037 0.058365759 0.038167939 0.066666670 0.000000000 0.133757964 0.055555556 0.066666670 0.075098813
0.210884348 0.130158737 0.206779659 0.095384613 0.271428585 0.171052635 0.163398698 0.137380198 0.148387089 0.085365854 0.144694537 0.109034270 0.072289154 0.148387089 0.280575544 0.178807944 0.210884348 0.130158737 0.215017065 0.050147492 0.215017065 0.102167182 0.198653191 0.137380198 0.123028390 0.137380198 0.190635458 0.171052635 0.198653191 0.133757964 0.000000000 0.078787878 0.198653191 0.206779659
0.134328365 0.051903114 0.130111530 0.016722407 0.196850389 0.093525179 0.085714288 0.059233449 0.070422538 0.006622517 0.066666670 0.030508475 0.006535948 0.070422538 0.206349209 0.101449274 0.134328365 0.051903114 0.138576776 0.028753994 0.138576776 0.023569023 0.121771216 0.059233449 0.044673540 0.059233449 0.113553114 0.093525179 0.121771216 0.055555556 0.078787878 0.000000000 0.121771216 0.130111530
0.012765957 0.070312500 0.008474576 0.105263159 0.076923080 0.028571429 0.036437247 0.062992126 0.051792830 0.115241639 0.055555556 0.091603056 0.128205135 0.051792830 0.086757988 0.020576132 0.012765957 0.070312500 0.017094018 0.150000006 0.017094018 0.098484851 0.000000000 0.062992126 0.077519380 0.062992126 0.008333334 0.028571429 0.000000000 0.066666670 0.198653191 0.121771216 0.000000000 0.008474576
0.004291845 0.078740157 0.000000000 0.113636367 0.068493150 0.037037037 0.044897959 0.071428575 0.060240965 0.123595506 0.064000003 0.100000001 0.136531368 0.060240965 0.078341015 0.029045643 0.004291845 0.078740157 0.008620690 0.158273384 0.008620690 0.106870227 0.008474576 0.071428575 0.085937500 0.071428575 0.016806724 0.037037037 0.008474576 0.075098813 0.206779659 0.130111530 0.008474576 0.000000000
