0.000000000 0.038834952 0.057268724 0.195488721 0.104602508 0.112033196 0.081545062 0.108333334 0.048888888 0.183206111 0.126530617 0.147410363 0.119341567 0.040358745 0.080808081 0.049019609 0.085470088 0.293729365 0.085470088 0.133603245 0.009433962 0.073593073 0.009259259 0.081545062 0.115702480 0.154150203 0.097046413 0.097046413 0.009259259 0.119341567 0.284280926 0.241134748 0.036036037 0.018348623
0.038834952 0.000000000 0.095890410 0.232558146 0.142857149 0.150214598 0.119999997 0.146551728 0.087557606 0.220472440 0.164556965 0.185185179 0.157446802 0.079069771 0.042105265 0.010204081 0.123893805 0.328813553 0.123893805 0.171548113 0.029411765 0.112107620 0.048076924 0.119999997 0.153846160 0.191836730 0.135371178 0.135371178 0.048076924 0.157446802 0.319587618 0.277372271 0.074766353 0.057142857
0.057268724 0.095890410 0.000000000 0.139784947 0.047619049 0.055118110 0.024390243 0.051383398 0.008403362 0.127272725 0.069767445 0.090909094 0.062500000 0.016949153 0.137440756 0.105990782 0.028340081 0.240506336 0.028340081 0.076923080 0.066666670 0.016393442 0.048034936 0.024390243 0.058823530 0.097744361 0.039999999 0.039999999 0.048034936 0.062500000 0.230769232 0.186440676 0.021276595 0.038961038
0.195488721 0.232558146 0.139784947 0.000000000 0.092783503 0.085324235 0.115789473 0.089041099 0.148014441 0.012738854 0.070707068 0.049504951 0.077966101 0.156363636 0.272000015 0.242187500 0.111888111 0.104225352 0.111888111 0.063545153 0.204545453 0.123674914 0.186567158 0.115789473 0.081632651 0.042622950 0.100346021 0.100346021 0.186567158 0.077966101 0.094017096 0.047904193 0.160583943 0.177777782
0.104602508 0.142857149 0.047619049 0.092783503 0.000000000 0.007518797 0.023255814 0.003773585 0.056000002 0.080139376 0.022222223 0.043478262 0.014925373 0.064516127 0.183856502 0.152838424 0.019305019 0.195121944 0.019305019 0.029411765 0.113924049 0.031250000 0.095435686 0.023255814 0.011235955 0.050359711 0.007633588 0.007633588 0.095435686 0.014925373 0.185185179 0.140065148 0.068825908 0.086419754
0.112033196 0.150214598 0.055118110 0.085324235 0.007518797 0.000000000 0.030769231 0.003745318 0.063492067 0.072664358 0.014705882 0.035971224 0.007407407 0.071999997 0.191111118 0.160173163 0.026819924 0.187878788 0.026819924 0.021897810 0.121338911 0.038759690 0.102880657 0.030769231 0.003717472 0.042857144 0.015151516 0.015151516 0.102880657 0.007407407 0.177914113 0.132686079 0.076305218 0.093877554
0.081545062 0.119999997 0.024390243 0.115789473 0.023255814 0.030769231 0.000000000 0.027027028 0.032786883 0.103202850 0.045454547 0.066666670 0.038167939 0.041322313 0.161290318 0.130044848 0.003952569 0.217391297 0.003952569 0.052631579 0.090909094 0.008000000 0.072340429 0.000000000 0.034482758 0.073529415 0.015625000 0.015625000 0.072340429 0.038167939 0.207547173 0.162790701 0.045643155 0.063291140
0.108333334 0.146551728 0.051383398 0.089041099 0.003773585 0.003745318 0.027027028 0.000000000 0.059760958 0.076388888 0.018450184 0.039711192 0.011152416 0.068273090 0.187500000 0.156521738 0.023076924 0.191489369 0.023076924 0.025641026 0.117647059 0.035019454 0.099173553 0.027027028 0.007462686 0.046594981 0.011406844 0.011406844 0.099173553 0.011152416 0.181538463 0.136363640 0.072580643 0.090163931
0.048888888 0.087557606 0.008403362 0.148014441 0.056000002 0.063492067 0.032786883 0.059760958 0.000000000 0.135531142 0.078125000 0.099236645 0.070866145 0.008547009 0.129186600 0.097674422 0.036734693 0.248407647 0.036734693 0.085271321 0.058295965 0.024793388 0.039647575 0.032786883 0.067193680 0.106060609 0.048387095 0.048387095 0.039647575 0.070866145 0.238709673 0.194539249 0.012875536 0.030567685
0.183206111 0.220472440 0.127272725 0.012738854 0.080139376 0.072664358 0.103202850 0.076388888 0.135531142 0.000000000 0.058020476 0.036789298 0.065292098 0.143911436 0.260162592 0.230158731 0.099290781 0.116809115 0.099290781 0.050847456 0.192307696 0.111111112 0.174242422 0.103202850 0.068965517 0.029900333 0.087719299 0.087719299 0.174242422 0.065292098 0.106628239 0.060606062 0.148148149 0.165413529
0.126530617 0.164556965 0.069767445 0.070707068 0.022222223 0.014705882 0.045454547 0.018450184 0.078125000 0.058020476 0.000000000 0.021276595 0.007299270 0.086614177 0.205240175 0.174468085 0.041509435 0.173652694 0.041509435 0.007194245 0.135802463 0.053435113 0.117408909 0.045454547 0.010989011 0.028169014 0.029850746 0.029850746 0.117408909 0.007299270 0.163636357 0.118210860 0.090909094 0.108433738
0.147410363 0.185185179 0.090909094 0.049504951 0.043478262 0.035971224 0.066666670 0.039711192 0.099236645 0.036789298 0.021276595 0.000000000 0.028571429 0.107692309 0.225531921 0.195020750 0.062730625 0.152941182 0.062730625 0.014084507 0.156626508 0.074626863 0.138339922 0.066666670 0.032258064 0.006896552 0.051094890 0.051094890 0.138339922 0.028571429 0.142857149 0.097178683 0.111969113 0.129411772
0.119341567 0.157446802 0.062500000 0.077966101 0.014925373 0.007407407 0.038167939 0.011152416 0.070866145 0.065292098 0.007299270 0.028571429 0.000000000 0.079365082 0.198237881 0.167381972 0.034220532 0.180722892 0.034220532 0.014492754 0.128630713 0.046153847 0.110204078 0.038167939 0.003690037 0.035460994 0.022556391 0.022556391 0.110204078 0.000000000 0.170731708 0.125401929 0.083665341 0.101214573
0.040358745 0.079069771 0.016949153 0.156363636 0.064516127 0.071999997 0.041322313 0.068273090 0.008547009 0.143911436 0.086614177 0.107692309 0.079365082 0.000000000 0.120772950 0.089201875 0.045267489 0.256410271 0.045267489 0.093750000 0.049773756 0.033333335 0.031111112 0.041322313 0.075697213 0.114503816 0.056910571 0.056910571 0.031111112 0.079365082 0.246753246 0.202749148 0.004329004 0.022026431
0.080808081 0.042105265 0.137440756 0.272000015 0.183856502 0.191111118 0.161290318 0.187500000 0.129186600 0.260162592 0.205240175 0.225531921 0.198237881 0.120772950 0.000000000 0.031914894 0.165137619 0.365853667 0.165137619 0.212121218 0.071428575 0.153488368 0.090000004 0.161290318 0.194690272 0.232067510 0.176470593 0.176470593 0.090000004 0.198237881 0.356890470 0.315789461 0.116504855 0.099009901
0.049019609 0.010204081 0.105990782 0.242187500 0.152838424 0.160173163 0.130044848 0.156521738 0.097674422 0.230158731 0.174468085 0.195020750 0.167381972 0.089201875 0.031914894 0.000000000 0.133928567 0.337883949 0.133928567 0.181434602 0.039603960 0.122171946 0.058252428 0.130044848 0.163793102 0.201646090 0.145374447 0.145374447 0.058252428 0.167381972 0.328719735 0.286764711 0.084905662 0.067307696
0.085470088 0.123893805 0.028340081 0.111888111 0.019305019 0.026819924 0.003952569 0.023076924 0.036734693 0.099290781 0.041509435 0.062730625 0.034220532 0.045267489 0.165137619 0.133928567 0.000000000 0.213622287 0.000000000 0.048689138 0.094827585 0.011952192 0.076271184 0.003952569 0.030534351 0.069597073 0.011673152 0.011673152 0.076271184 0.034220532 0.203761756 0.158940405 0.049586777 0.067226894
0.293729365 0.328813553 0.240506336 0.104225352 0.195121944 0.187878788 0.217391297 0.191489369 0.248407647 0.116809115 0.173652694 0.152941182 0.180722892 0.256410271 0.365853667 0.337883949 0.213622287 0.000000000 0.213622287 0.166666672 0.302325577 0.224999994 0.285245895 0.217391297 0.184290037 0.146198824 0.202453986 0.202453986 0.285245895 0.180722892 0.010309278 0.056603774 0.260450155 0.276872963
0.085470088 0.123893805 0.028340081 0.111888111 0.019305019 0.026819924 0.003952569 0.023076924 0.036734693 0.099290781 0.041509435 0.062730625 0.034220532 0.045267489 0.165137619 0.133928567 0.000000000 0.213622287 0.000000000 0.048689138 0.094827585 0.011952192 0.076271184 0.003952569 0.030534351 0.069597073 0.011673152 0.011673152 0.076271184 0.034220532 0.203761756 0.158940405 0.049586777 0.067226894
0.133603245 0.171548113 0.076923080 0.063545153 0.029411765 0.021897810 0.052631579 0.025641026 0.085271321 0.050847456 0.007194245 0.014084507 0.014492754 0.093750000 0.212121218 0.181434602 0.048689138 0.166666672 0.048689138 0.000000000 0.142857149 0.060606062 0.124497995 0.052631579 0.018181818 0.020979021 0.037037037 0.037037037 0.124497995 0.014492754 0.156626508 0.111111112 0.098039217 0.115537852
0.009433962 0.029411765 0.066666670 0.204545453 0.113924049 0.121338911 0.090909094 0.117647059 0.058295965 0.192307696 0.135802463 0.156626508 0.128630713 0.049773756 0.071428575 0.039603960 0.094827585 0.302325577 0.094827585 0.142857149 0.000000000 0.082969435 0.018691588 0.090909094 0.125000000 0.163346618 0.106382981 0.106382981 0.018691588 0.128630713 0.292929292 0.250000000 0.045454547 0.027777778
0.073593073 0.112107620 0.016393442 0.123674914 0.031250000 0.038759690 0.008000000 0.035019454 0.024793388 0.111111112 0.053435113 0.074626863 0.046153847 0.033333335 0.153488368 0.122171946 0.011952192 0.224999994 0.011952192 0.060606062 0.082969435 0.000000000 0.064377680 0.008000000 0.042471044 0.081481479 0.023622047 0.023622047 0.064377680 0.046153847 0.215189874 0.170568556 0.037656903 0.055319149
0.009259259 0.048076924 0.048034936 0.186567158 0.095435686 0.102880657 0.072340429 0.099173553 0.039647575 0.174242422 0.117408909 0.138339922 0.110204078 0.031111112 0.090000004 0.058252428 0.076271184 0.285245895 0.076271184 0.124497995 0.018691588 0.064377680 0.000000000 0.072340429 0.106557377 0.145098045 0.087866105 0.087866105 0.000000000 0.110204078 0.275747508 0.232394367 0.026785715 0.009090909
0.081545062 0.119999997 0.024390243 0.115789473 0.023255814 0.030769231 0.000000000 0.027027028 0.032786883 0.103202850 0.045454547 0.066666670 0.038167939 0.041322313 0.161290318 0.130044848 0.003952569 0.217391297 0.003952569 0.052631579 0.090909094 0.008000000 0.072340429 0.000000000 0.034482758 0.073529415 0.015625000 0.015625000 0.072340429 0.038167939 0.207547173 0.162790701 0.045643155 0.063291140
0.115702480 0.153846160 0.058823530 0.081632651 0.011235955 0.003717472 0.034482758 0.007462686 0.067193680 0.068965517 0.010989011 0.032258064 0.003690037 0.075697213 0.194690272 0.163793102 0.030534351 0.184290037 0.030534351 0.018181818 0.125000000 0.042471044 0.106557377 0.034482758 0.000000000 0.039145909 0.018867925 0.018867925 0.106557377 0.003690037 0.174311921 0.129032254 0.079999998 0.097560972
0.154150203 0.191836730 0.097744361 0.042622950 0.050359711 0.042857144 0.073529415 0.046594981 0.106060609 0.029900333 0.028169014 0.006896552 0.035460994 0.114503816 0.232067510 0.201646090 0.069597073 0.146198824 0.069597073 0.020979021 0.163346618 0.081481479 0.145098045 0.073529415 0.039145909 0.000000000 0.057971016 0.057971016 0.145098045 0.035460994 0.136094674 0.090342678 0.118773945 0.136186764
0.097046413 0.135371178 0.039999999 0.100346021 0.007633588 0.015151516 0.015625000 0.011406844 0.048387095 0.087719299 0.029850746 0.051094890 0.022556391 0.056910571 0.176470593 0.145374447 0.011673152 0.202453986 0.011673152 0.037037037 0.106382981 0.023622047 0.087866105 0.015625000 0.018867925 0.057971016 0.000000000 0.000000000 0.087866105 0.022556391 0.192546591 0.147540987 0.061224490 0.078838177
0.097046413 0.135371178 0.039999999 0.100346021 0.007633588 0.015151516 0.015625000 0.011406844 0.048387095 0.087719299 0.029850746 0.051094890 0.022556391 0.056910571 0.176470593 0.145374447 0.011673152 0.202453986 0.011673152 0.037037037 0.106382981 0.023622047 0.087866105 0.015625000 0.018867925 0.057971016 0.000000000 0.000000000 0.087866105 0.022556391 0.192546591 0.147540987 0.061224490 0.078838177
0.009259259 0.048076924 0.048034936 0.186567158 0.095435686 0.102880657 0.072340429 0.099173553 0.039647575 0.174242422 0.117408909 0.138339922 0.110204078 0.031111112 0.090000004 0.058252428 0.076271184 0.285245895 0.076271184 0.124497995 0.018691588 0.064377680 0.000000000 0.072340429 0.106557377 0.145098045 0.087866105 0.087866105 0.000000000 0.110204078 0.275747508 0.232394367 0.026785715 0.009090909
0.119341567 0.157446802 0.062500000 0.077966101 0.014925373 0.007407407 0.038167939 0.011152416 0.070866145 0.065292098 0.007299270 0.028571429 0.000000000 0.079365082 0.198237881 0.167381972 0.034220532 0.180722892 0.034220532 0.014492754 0.128630713 0.046153847 0.110204078 0.038167939 0.003690037 0.035460994 0.022556391 0.022556391 0.110204078 0.000000000 0.170731708 0.125401929 0.083665341 0.101214573
0.284280926 0.319587618 0.230769232 0.094017096 0.185185179 0.177914113 0.207547173 0.181538463 0.238709673 0.106628239 0.163636357 0.142857149 0.170731708 0.246753246 0.356890470 0.328719735 0.203761756 0.010309278 0.203761756 0.156626508 0.292929292 0.215189874 0.275747508 0.207547173 0.174311921 0.136094674 0.192546591 0.192546591 0.275747508 0.170731708 0.000000000 0.046321526 0.250814319 0.267326742
0.241134748 0.277372271 0.186440676 0.047904193 0.140065148 0.132686079 0.162790701 0.136363640 0.194539249 0.060606062 0.118210860 0.097178683 0.125401929 0.202749148 0.315789461 0.286764711 0.158940405 0.056603774 0.158940405 0.111111112 0.250000000 0.170568556 0.232394367 0.162790701 0.129032254 0.090342678 0.147540987 0.147540987 0.232394367 0.125401929 0.046321526 0.000000000 0.206896558 0.223776221
0.036036037 0.074766353 0.021276595 0.160583943 0.068825908 0.076305218 0.045643155 0.072580643 0.012875536 0.148148149 0.090909094 0.111969113 0.083665341 0.004329004 0.116504855 0.084905662 0.049586777 0.260450155 0.049586777 0.098039217 0.045454547 0.037656903 0.026785715 0.045643155 0.079999998 0.118773945 0.061224490 0.061224490 0.026785715 0.083665341 0.250814319 0.206896558 0.000000000 0.017699115
0.018348623 0.057142857 0.038961038 0.177777782 0.086419754 0.093877554 0.063291140 0.090163931 0.030567685 0.165413529 0.108433738 0.129411772 0.101214573 0.022026431 0.099009901 0.067307696 0.067226894 0.276872963 0.067226894 0.115537852 0.027777778 0.055319149 0.009090909 0.063291140 0.097560972 0.136186764 0.078838177 0.078838177 0.009090909 0.101214573 0.267326742 0.223776221 0.017699115 0.000000000
