0.014690135 0.053981464 0.020583510 0.074966379 0.015925217 0.037227239 0.034432698 0.039079688 0.043212060 0.058199689 0.047074817 0.068849184 0.050643153 0.043798294 0.032627821 0.017351855 0.030712288 0.063609384 0.039045371 0.059250519 0.021822743 0.046163596 0.019222017 0.038781174 0.050891910 0.046260931 0.040653393 0.033768676 0.018405449 0.047067240 0.078061700 0.069348752 0.036067687 0.022787422
0.053981464 -0.049597945 0.017194787 0.059366710 0.020629721 0.018915031 0.022086857 0.021135639 0.034696300 0.038753588 0.026182257 0.045675073 0.029213060 0.023410795 0.049353190 0.027506821 0.024026778 0.039608002 0.028425004 0.045618519 0.021786198 0.022321936 0.036297567 0.020733779 0.010395579 0.021777306 0.026088245 0.019698367 0.033800431 0.033389263 0.072166391 0.039405450 0.023226615 0.028991032
0.020583510 0.017194787 -0.001357829 0.043663885 0.006513599 0.005189462 -0.000274341 0.003618187 0.004597490 0.029139299 0.010642993 0.037210111 0.015040850 0.014126152 0.028124103 0.011175077 0.001079327 0.030835709 0.013283648 0.020414526 0.002698541 0.010110103 0.009445537 0.001185423 0.020348631 0.019424731 0.001682929 0.006187488 0.008705617 0.011878424 0.050167736 0.040071942 0.018942960 0.009735276
0.074966379 0.059366710 0.043663885 0.019569729 0.038545880 0.028915554 0.034305461 0.032453291 0.046786811 0.013874539 0.032999989 0.039572887 0.031976931 0.035445452 0.081503235 0.066437773 0.056789465 0.044327077 0.053124066 0.036900509 0.049276687 0.041317947 0.063601226 0.034560606 0.042502694 0.024604566 0.042854663 0.043170024 0.064838350 0.039375983 0.041527137 0.035662688 0.049141694 0.053474441
0.015925217 0.020629721 0.006513599 0.038545880 -0.016576702 0.011859417 0.010018324 0.014873045 0.018193986 0.028329700 0.017420992 0.031930238 0.020701846 0.018875673 0.020471388 0.014943027 0.005788261 0.028532051 0.016185047 0.025615674 0.008564210 0.020354588 0.010543683 0.014240479 0.027350429 0.019817671 0.012213536 0.010438216 0.005588857 0.010778954 0.041307066 0.040723808 0.011544105 0.016670618
0.037227239 0.018915031 0.005189462 0.028915554 0.011859417 -0.027533466 0.001642599 0.002328681 0.003679712 0.017645618 0.007343244 0.024657637 0.007266806 0.006362531 0.035793897 0.022884248 0.006532320 0.024599627 0.008836667 0.013457488 0.002909565 0.008216226 0.018517394 0.004761674 0.024537448 0.013431890 0.003715742 -0.001024866 0.018793754 0.003326381 0.041803762 0.022259668 0.016356722 0.015729491
0.034432698 0.022086857 -0.000274341 0.034305461 0.010018324 0.001642599 -0.012096331 -0.002003545 0.002372891 0.021014927 0.005031469 0.025919838 0.008521024 0.006351538 0.035791330 0.023499649 0.007652939 0.022889035 0.013276665 0.007438525 0.004484045 0.007846871 0.020102642 -0.002297405 0.021226998 0.009582347 -0.002018517 0.002571573 0.016865239 -0.001740682 0.047425263 0.033663914 0.021275699 0.017029669
0.039079688 0.021135639 0.003618187 0.032453291 0.014873045 0.002328681 -0.002003545 -0.002565961 0.006997243 0.017318785 0.006444099 0.025904292 0.003824064 0.005088117 0.040470887 0.027639067 0.013119891 0.021002995 0.010490897 0.012101133 0.008255185 0.009477988 0.025523290 0.001117241 0.013045020 0.008545422 -0.000242615 0.006733708 0.022598110 0.004879671 0.040281482 0.028149810 0.025117286 0.022560604
0.043212060 0.034696300 0.004597490 0.046786811 0.018193986 0.003679712 0.002372891 0.006997243 -0.001598349 0.029413640 0.010046325 0.031509057 0.017800268 0.009243553 0.044662394 0.020601146 0.008080702 0.031532902 0.016488682 0.017440036 0.008677467 -0.001145795 0.011819625 0.002401122 0.029530419 0.010401718 -0.000661350 -0.000516939 0.018236931 0.000679093 0.064396501 0.041458540 0.026059791 0.019144412
0.058199689 0.038753588 0.029139299 0.013874539 0.028329700 0.017645618 0.021014927 0.017318785 0.029413640 0.002813162 0.018123627 0.017003205 0.013285810 0.020442810 0.062504604 0.049792148 0.040247124 0.022485506 0.034899980 0.010963315 0.036352511 0.023316875 0.049628016 0.021409761 0.026541762 0.004404961 0.027325556 0.029621400 0.048492704 0.024620987 0.025564838 0.017474066 0.030592989 0.038819756
0.047074817 0.026182257 0.010642993 0.032999989 0.017420992 0.007343244 0.005031469 0.006444099 0.010046325 0.018123627 -0.005427597 0.025953125 0.008816938 0.012979306 0.048767161 0.038303580 0.016737375 0.019448375 0.013364356 0.012961948 0.012117041 0.014422495 0.031865958 0.007240876 0.022212841 0.003200867 0.006715554 0.007650052 0.030143544 0.007085351 0.047782425 0.022437532 0.021081937 0.024417132
0.068849184 0.045675073 0.037210111 0.039572887 0.031930238 0.024657637 0.025919838 0.025904292 0.031509057 0.017003205 0.025953125 0.019588996 0.028652299 0.024408683 0.075171247 0.051692404 0.045716546 0.035625383 0.043026775 0.025947336 0.040616132 0.031572267 0.050961941 0.026512355 0.036346201 0.015625698 0.029733101 0.033982009 0.051284436 0.030050650 0.059932929 0.042213108 0.041467197 0.045608975
0.050643153 0.029213060 0.015040850 0.031976931 0.020701846 0.007266806 0.008521024 0.003824064 0.017800268 0.013285810 0.008816938 0.028652299 -0.004696666 0.010596376 0.053211473 0.043390684 0.020921312 0.024467478 0.018987788 0.015146685 0.017671302 0.012489832 0.034778185 0.008911245 0.017338093 0.002590516 0.006297470 0.011571527 0.036169045 0.008739065 0.040260747 0.023091283 0.028151903 0.027665965
0.043798294 0.023410795 0.014126152 0.035445452 0.018875673 0.006362531 0.006351538 0.005088117 0.009243553 0.020442810 0.012979306 0.024408683 0.010596376 -0.000188597 0.048465699 0.035640590 0.018033702 0.026443977 0.014410030 0.015996424 0.011380838 0.012326360 0.031928152 0.008102171 0.021806972 0.010301271 0.006979815 0.010157540 0.029445594 0.009451387 0.051445980 0.033526100 0.024034118 0.027962754
0.032627821 0.049353190 0.028124103 0.081503235 0.020471388 0.035793897 0.035791330 0.040470887 0.044662394 0.062504604 0.048767161 0.075171247 0.053211473 0.048465699 0.025672019 0.013672317 0.033641081 0.070932835 0.036593124 0.062368438 0.026657617 0.047986358 0.031448215 0.038414009 0.043966152 0.052627243 0.043295894 0.031963721 0.027567789 0.048078604 0.076986566 0.080070011 0.042882457 0.030704767
0.017351855 0.027506821 0.011175077 0.066437773 0.014943027 0.022884248 0.023499649 0.027639067 0.020601146 0.049792148 0.038303580 0.051692404 0.043390684 0.035640590 0.013672317 -0.019356452 0.014573102 0.063024312 0.026183642 0.031792000 0.010599332 0.027934095 -0.001779285 0.023896035 0.033701856 0.045269512 0.022698134 0.017579120 0.001711829 0.033711433 0.071262971 0.070341080 0.024437973 0.008595130
0.030712288 0.024026778 0.001079327 0.056789465 0.005788261 0.006532320 0.007652939 0.013119891 0.008080702 0.040247124 0.016737375 0.045716546 0.020921312 0.018033702 0.033641081 0.014573102 -0.009273143 0.037630178 0.014703350 0.029704135 0.002402214 0.016327769 0.010415299 0.008167373 0.025647461 0.023528695 0.005894573 0.007220956 0.011132154 0.015556975 0.067626052 0.048726771 0.015001252 0.017476995
0.063609384 0.039608002 0.030835709 0.044327077 0.028532051 0.024599627 0.022889035 0.021002995 0.031532902 0.022485506 0.019448375 0.035625383 0.024467478 0.026443977 0.070932835 0.063024312 0.037630178 0.007602729 0.031244325 0.040602393 0.034595992 0.029300265 0.058184251 0.024869667 0.033324420 0.015714541 0.024459703 0.032046426 0.051398538 0.025268715 0.050162304 0.041873656 0.041064892 0.041743435
0.039045371 0.028425004 0.013283648 0.053124066 0.016185047 0.008836667 0.013276665 0.010490897 0.016488682 0.034899980 0.013364356 0.043026775 0.018987788 0.014410030 0.036593124 0.026183642 0.014703350 0.031244325 -0.001641273 0.034013379 0.013689898 0.017714698 0.024837343 0.015676640 0.024861490 0.019917490 0.012413018 0.016524659 0.017739054 0.016479550 0.056192748 0.043522663 0.027074166 0.016896553
0.059250519 0.045618519 0.020414526 0.036900509 0.025615674 0.013457488 0.007438525 0.012101133 0.017440036 0.010963315 0.012961948 0.025947336 0.015146685 0.015996424 0.062368438 0.031792000 0.029704135 0.040602393 0.034013379 -0.001205081 0.024474561 0.018240215 0.032816026 0.014444340 0.025929471 0.009087834 0.012946965 0.017282763 0.038782492 0.015138321 0.051634159 0.041909687 0.033953078 0.036753520
0.021822743 0.021786198 0.002698541 0.049276687 0.008564210 0.002909565 0.004484045 0.008255185 0.008677467 0.036352511 0.012117041 0.040616132 0.017671302 0.011380838 0.026657617 0.010599332 0.002402214 0.034595992 0.013689898 0.024474561 -0.000319042 0.010156784 0.007070504 0.004196259 0.027897548 0.022214064 0.003359098 0.007555208 0.001680201 0.011669947 0.053091347 0.039158374 0.012589276 0.011245903
0.046163596 0.022321936 0.010110103 0.041317947 0.020354588 0.008216226 0.007846871 0.009477988 -0.001145795 0.023316875 0.014422495 0.031572267 0.012489832 0.012326360 0.047986358 0.027934095 0.016327769 0.029300265 0.017714698 0.018240215 0.010156784 -0.023463964 0.021960637 0.000358859 0.025517071 0.007563574 0.011239525 0.010524811 0.022088965 0.013697426 0.061011516 0.031074706 0.018757680 0.020029176
0.019222017 0.036297567 0.009445537 0.063601226 0.010543683 0.018517394 0.020102642 0.025523290 0.011819625 0.049628016 0.031865958 0.050961941 0.034778185 0.031928152 0.031448215 -0.001779285 0.010415299 0.058184251 0.024837343 0.032816026 0.007070504 0.021960637 -0.007101931 0.018479770 0.032596841 0.040212899 0.020116534 0.016339470 0.008560177 0.029583812 0.076266497 0.063282162 0.019080548 0.013883896
0.038781174 0.020733779 0.001185423 0.034560606 0.014240479 0.004761674 -0.002297405 0.001117241 0.002401122 0.021409761 0.007240876 0.026512355 0.008911245 0.008102171 0.038414009 0.023896035 0.008167373 0.024869667 0.015676640 0.014444340 0.004196259 0.000358859 0.018479770 -0.002945276 0.019822687 0.007372105 -0.002844292 0.000565749 0.017893624 0.001368676 0.047695138 0.030897839 0.016360652 0.017648973
0.050891910 0.010395579 0.020348631 0.042502694 0.027350429 0.024537448 0.021226998 0.013045020 0.029530419 0.026541762 0.022212841 0.036346201 0.017338093 0.021806972 0.043966152 0.033701856 0.025647461 0.033324420 0.024861490 0.025929471 0.027897548 0.025517071 0.032596841 0.019822687 -0.017482573 0.018051954 0.017745236 0.018173929 0.040049158 0.023658391 0.054008193 0.044432670 0.033106439 0.032908529
0.046260931 0.021777306 0.019424731 0.024604566 0.019817671 0.013431890 0.009582347 0.008545422 0.010401718 0.004404961 0.003200867 0.015625698 0.002590516 0.010301271 0.052627243 0.045269512 0.023528695 0.015714541 0.019917490 0.009087834 0.022214064 0.007563574 0.040212899 0.007372105 0.018051954 -0.005481102 0.010181051 0.015290059 0.032525558 0.007632419 0.042529382 0.021822996 0.022532292 0.027446004
0.040653393 0.026088245 0.001682929 0.042854663 0.012213536 0.003715742 -0.002018517 -0.000242615 -0.000661350 0.027325556 0.006715554 0.029733101 0.006297470 0.006979815 0.043295894 0.022698134 0.005894573 0.024459703 0.012413018 0.012946965 0.003359098 0.011239525 0.020116534 -0.002844292 0.017745236 0.010181051 -0.011008848 0.001781728 0.020095622 0.001252806 0.056565918 0.044420756 0.024816515 0.017170973
0.033768676 0.019698367 0.006187488 0.043170024 0.010438216 -0.001024866 0.002571573 0.006733708 -0.000516939 0.029621400 0.007650052 0.033982009 0.011571527 0.010157540 0.031963721 0.017579120 0.007220956 0.032046426 0.016524659 0.017282763 0.007555208 0.010524811 0.016339470 0.000565749 0.018173929 0.015290059 0.001781728 -0.005278908 0.014380564 0.006155919 0.052228544 0.035757028 0.013578378 0.013441476
0.018405449 0.033800431 0.008705617 0.064838350 0.005588857 0.018793754 0.016865239 0.022598110 0.018236931 0.048492704 0.030143544 0.051284436 0.036169045 0.029445594 0.027567789 0.001711829 0.011132154 0.051398538 0.017739054 0.038782492 0.001680201 0.022088965 0.008560177 0.017893624 0.040049158 0.032525558 0.020095622 0.014380564 -0.007176038 0.025143858 0.072327822 0.060388912 0.020991445 0.014073890
0.047067240 0.033389263 0.011878424 0.039375983 0.010778954 0.003326381 -0.001740682 0.004879671 0.000679093 0.024620987 0.007085351 0.030050650 0.008739065 0.009451387 0.048078604 0.033711433 0.015556975 0.025268715 0.016479550 0.015138321 0.011669947 0.013697426 0.029583812 0.001368676 0.023658391 0.007632419 0.001252806 0.006155919 0.025143858 -0.015759606 0.060352884 0.041129559 0.025169982 0.021004228
0.078061700 0.072166391 0.050167736 0.041527137 0.041307066 0.041803762 0.047425263 0.040281482 0.064396501 0.025564838 0.047782425 0.059932929 0.040260747 0.051445980 0.076986566 0.071262971 0.067626052 0.050162304 0.056192748 0.051634159 0.053091347 0.061011516 0.076266497 0.047695138 0.054008193 0.042529382 0.056565918 0.052228544 0.072327822 0.060352884 0.005545979 0.057581592 0.066277057 0.050467566
0.069348752 0.039405450 0.040071942 0.035662688 0.040723808 0.022259668 0.033663914 0.028149810 0.041458540 0.017474066 0.022437532 0.042213108 0.023091283 0.033526100 0.080070011 0.070341080 0.048726771 0.041873656 0.043522663 0.041909687 0.039158374 0.031074706 0.063282162 0.030897839 0.044432670 0.021822996 0.044420756 0.035757028 0.060388912 0.041129559 0.057581592 0.013365604 0.041086242 0.052376188
0.036067687 0.023226615 0.018942960 0.049141694 0.011544105 0.016356722 0.021275699 0.025117286 0.026059791 0.030592989 0.021081937 0.041467197 0.028151903 0.024034118 0.042882457 0.024437973 0.015001252 0.041064892 0.027074166 0.033953078 0.012589276 0.018757680 0.019080548 0.016360652 0.033106439 0.022532292 0.024816515 0.013578378 0.020991445 0.025169982 0.066277057 0.041086242 -0.028686356 0.020207422
0.022787422 0.028991032 0.009735276 0.053474441 0.016670618 0.015729491 0.017029669 0.022560604 0.019144412 0.038819756 0.024417132 0.045608975 0.027665965 0.027962754 0.030704767 0.008595130 0.017476995 0.041743435 0.016896553 0.036753520 0.011245903 0.020029176 0.013883896 0.017648973 0.032908529 0.027446004 0.017170973 0.013441476 0.014073890 0.021004228 0.050467566 0.052376188 0.020207422 0.003804650
