0.017582364 0.058438174 0.025239876 0.071107917 0.033695914 0.042318221 0.041014556 0.041994497 0.044027220 0.058051284 0.049822032 0.055367686 0.051729184 0.043860778 0.032687835 0.019561304 0.033666804 0.064130217 0.041796371 0.049780518 0.031689905 0.052018844 0.024172092 0.042065356 0.051207691 0.053458542 0.043772314 0.044029962 0.023602774 0.051181003 0.083438739 0.069034249 0.039886765 0.021790396
0.058438174 -0.046100177 0.017684501 0.052640107 0.028284848 0.025683947 0.023061998 0.023664989 0.034055423 0.037422776 0.028659515 0.033743229 0.029355202 0.023905152 0.049940221 0.031972900 0.025336206 0.037336059 0.028547022 0.037375294 0.026054889 0.024952414 0.038985401 0.021660598 0.010147816 0.023754945 0.027771972 0.024624892 0.036114555 0.032310739 0.076152995 0.033005882 0.026585689 0.028554285
0.025239876 0.017684501 -0.001334465 0.038366515 0.010343799 0.008402580 -0.000259813 0.003876768 0.004781805 0.026458226 0.011681225 0.026139438 0.015763240 0.010767769 0.029441658 0.012040413 0.005589777 0.027538078 0.014285455 0.018100649 0.002963385 0.010987932 0.009790768 0.001389891 0.018049803 0.018460052 0.002925228 0.006240650 0.012245774 0.009669858 0.052919257 0.027935348 0.015449210 0.005228724
0.071107917 0.052640107 0.038366515 0.006504912 0.041911893 0.033259988 0.030947959 0.030357450 0.041710608 0.009933379 0.029940618 0.020696357 0.024176233 0.030895473 0.072270498 0.069495589 0.050439864 0.030330267 0.044005748 0.024981277 0.048208944 0.037933767 0.063498572 0.030416550 0.037602689 0.024473688 0.040500823 0.042253911 0.061037458 0.033029258 0.038024247 0.019567547 0.047582444 0.044774350
0.033695914 0.028284848 0.010343799 0.041911893 -0.001878312 0.017486628 0.009290713 0.016485807 0.022336945 0.034688693 0.020833129 0.024904283 0.022534706 0.018879719 0.033739705 0.020122165 0.015552530 0.034450896 0.027161242 0.026039459 0.011504889 0.034465607 0.017292019 0.015614082 0.018083012 0.024041861 0.012717552 0.019618446 0.020841105 0.019359587 0.056840908 0.036297429 0.024223067 0.013023974
0.042318221 0.025683947 0.008402580 0.033259988 0.017486628 -0.019627791 0.004971614 0.005628607 0.008842383 0.023755627 0.010438129 0.023781065 0.009387681 0.010028465 0.039636847 0.027532544 0.010812905 0.027357399 0.014697844 0.020127200 0.008238073 0.017251002 0.024160201 0.008032655 0.020234436 0.018576117 0.006452503 0.008412628 0.024388717 0.008251164 0.048605341 0.023931794 0.024305116 0.013635128
0.041014556 0.023061998 -0.000259813 0.030947959 0.009290713 0.004971614 -0.008173890 -0.001801004 0.002956615 0.019311406 0.006625174 0.016529210 0.010566564 0.003323456 0.038558982 0.024399271 0.008276255 0.019896172 0.014380994 0.007625838 0.003778422 0.008921817 0.021232422 -0.001864993 0.018820394 0.007660758 -0.000428241 0.001481969 0.022091791 -0.003848746 0.051829975 0.020940755 0.017916996 0.013631755
0.041994497 0.023664989 0.003876768 0.030357450 0.016485807 0.005628607 -0.001801004 -0.002600961 0.008224748 0.017973334 0.006619549 0.017350934 0.003372995 0.002827323 0.039248515 0.027169889 0.013928568 0.019923955 0.014006708 0.009548748 0.010011090 0.014696445 0.026942752 0.001211189 0.007617156 0.008995230 -0.000174928 0.010285876 0.024803760 0.006428407 0.041883174 0.020260759 0.025987834 0.016006755
0.044027220 0.034055423 0.004781805 0.041710608 0.022336945 0.008842383 0.002956615 0.008224748 -0.001465607 0.029450584 0.010584868 0.023338741 0.014793605 0.010510541 0.044542890 0.023142312 0.008215019 0.027871735 0.015991628 0.016255185 0.009497267 0.000574286 0.016273182 0.002531197 0.029638745 0.011719104 0.001050416 0.002440385 0.020453077 -0.000498324 0.066788398 0.035272494 0.025058687 0.016217817
0.058051284 0.037422776 0.026458226 0.009933379 0.034688693 0.023755627 0.019311406 0.017973334 0.029450584 0.003649001 0.016355395 0.009523038 0.008196589 0.020426055 0.058516055 0.055784144 0.037948642 0.015075957 0.030703681 0.010890797 0.037337355 0.025094600 0.050304666 0.021004422 0.024737678 0.006570159 0.027157271 0.031602345 0.049862765 0.020714119 0.024614399 0.009187294 0.033563152 0.035428599
0.049822032 0.028659515 0.011681225 0.029940618 0.020833129 0.010438129 0.006625174 0.006619549 0.010584868 0.016355395 -0.001902039 0.015501029 0.008349665 0.010339023 0.047432430 0.037725225 0.017370382 0.018197158 0.017870415 0.009304583 0.015146222 0.018982230 0.033479620 0.007641816 0.018578876 0.005811960 0.007022860 0.012380641 0.032049071 0.009163236 0.049106870 0.015105941 0.021222927 0.018793955
0.055367686 0.033743229 0.026139438 0.020696357 0.024904283 0.023781065 0.016529210 0.017350934 0.023338741 0.009523038 0.015501029 0.004496548 0.013588992 0.016680930 0.055003643 0.050063781 0.032736585 0.015085165 0.027958855 0.011825507 0.031904642 0.021122443 0.044470180 0.017969826 0.026094750 0.008770585 0.021598680 0.025685431 0.041833512 0.016738892 0.044735275 0.014894467 0.032029696 0.030434106
0.051729184 0.029355202 0.015763240 0.024176233 0.022534706 0.009387681 0.010566564 0.003372995 0.014793605 0.008196589 0.008349665 0.013588992 -0.009261778 0.007926345 0.050910272 0.044707641 0.019658638 0.018785190 0.018713441 0.008118784 0.019589100 0.012368307 0.037672251 0.008240810 0.012740461 0.004765505 0.006757149 0.014957593 0.037406351 0.007674356 0.040659968 0.011628415 0.024571847 0.023282133
0.043860778 0.023905152 0.010767769 0.030895473 0.018879719 0.010028465 0.003323456 0.002827323 0.010510541 0.020426055 0.010339023 0.016680930 0.007926345 -0.005076673 0.040363893 0.035332739 0.014914423 0.020649854 0.013341523 0.013238883 0.012308954 0.016014041 0.028165022 0.006926143 0.015408032 0.008495839 0.004116538 0.011328340 0.026690228 0.006144780 0.046137329 0.019729000 0.025153510 0.017645871
0.032687835 0.049940221 0.029441658 0.072270498 0.033739705 0.039636847 0.038558982 0.039248515 0.044542890 0.058516055 0.047432430 0.055003643 0.050910272 0.040363893 0.020951949 0.012422229 0.032197468 0.066266365 0.039366931 0.048276518 0.034978174 0.052007359 0.031751346 0.038809922 0.040260226 0.055906285 0.042162813 0.041254275 0.027402870 0.048289213 0.073546246 0.069763012 0.043204892 0.022816863
0.019561304 0.031972900 0.012040413 0.069495589 0.020122165 0.027532544 0.024399271 0.027169889 0.023142312 0.055784144 0.037725225 0.050063781 0.044707641 0.035332739 0.012422229 -0.016851537 0.014493451 0.059653129 0.027890798 0.036920086 0.013250217 0.033989955 0.002475095 0.025498662 0.030130364 0.049428772 0.022622662 0.023944873 0.005317897 0.034584969 0.073764227 0.066030070 0.028886095 0.003495164
0.033666804 0.025336206 0.005589777 0.050439864 0.015552530 0.010812905 0.008276255 0.013928568 0.008215019 0.037948642 0.017370382 0.032736585 0.019658638 0.014914423 0.032197468 0.014493451 -0.002309360 0.036723442 0.017889608 0.022434030 0.006939040 0.019750008 0.010824066 0.009891929 0.023908433 0.024204379 0.008173175 0.011437723 0.013238803 0.015821386 0.069999874 0.041666277 0.016124373 0.012329831
0.064130217 0.037336059 0.027538078 0.030330267 0.034450896 0.027357399 0.019896172 0.019923955 0.027871735 0.015075957 0.018197158 0.015085165 0.018785190 0.020649854 0.066266365 0.059653129 0.036723442 0.004718993 0.032052331 0.022777487 0.033846147 0.030816358 0.056239422 0.021090496 0.027187344 0.012271134 0.022292744 0.032113351 0.051207513 0.024167227 0.049551949 0.026227798 0.040226124 0.034079358
0.041796371 0.028547022 0.014285455 0.044005748 0.027161242 0.014697844 0.014380994 0.014006708 0.015991628 0.030703681 0.017870415 0.027958855 0.018713441 0.013341523 0.039366931 0.027890798 0.017889608 0.032052331 0.001781348 0.025416486 0.016354106 0.018871810 0.026618965 0.016033830 0.026264898 0.019404827 0.015265690 0.018122081 0.022181056 0.015743501 0.059737872 0.036230780 0.026920227 0.016225310
0.049780518 0.037375294 0.018100649 0.024981277 0.026039459 0.020127200 0.007625838 0.009548748 0.016255185 0.010890797 0.009304583 0.011825507 0.008118784 0.013238883 0.048276518 0.036920086 0.022434030 0.022777487 0.025416486 -0.001138784 0.024917645 0.017283514 0.036118813 0.013109954 0.018681915 0.011522910 0.012570374 0.018908998 0.033847548 0.011031780 0.042652812 0.019365808 0.026317604 0.024736917
0.031689905 0.026054889 0.002963385 0.048208944 0.011504889 0.008238073 0.003778422 0.010011090 0.009497267 0.037337355 0.015146222 0.031904642 0.019589100 0.012308954 0.034978174 0.013250217 0.006939040 0.033846147 0.016354106 0.024917645 -0.002560353 0.013520769 0.009459966 0.004354241 0.025591515 0.022971306 0.005801491 0.008074857 0.011847856 0.012217162 0.064807266 0.034741919 0.011834465 0.008870112
0.052018844 0.024952414 0.010987932 0.037933767 0.034465607 0.017251002 0.008921817 0.014696445 0.000574286 0.025094600 0.018982230 0.021122443 0.012368307 0.016014041 0.052007359 0.033989955 0.019750008 0.030816358 0.018871810 0.017283514 0.013520769 -0.019668981 0.025952663 0.001881994 0.029810023 0.010052621 0.014280185 0.015426863 0.029797640 0.013523163 0.067925230 0.032737300 0.026348662 0.022063352
0.024172092 0.038985401 0.009790768 0.063498572 0.017292019 0.024160201 0.021232422 0.026942752 0.016273182 0.050304666 0.033479620 0.044470180 0.037672251 0.028165022 0.031751346 0.002475095 0.010824066 0.056239422 0.026618965 0.036118813 0.009459966 0.025952663 -0.008220226 0.020913806 0.033383593 0.042236514 0.021281488 0.020034973 0.011529369 0.027794607 0.078131288 0.058303729 0.022983590 0.009183694
0.042065356 0.021660598 0.001389891 0.030416550 0.015614082 0.008032655 -0.001864993 0.001211189 0.002531197 0.021004422 0.007641816 0.017969826 0.008240810 0.006926143 0.038809922 0.025498662 0.009891929 0.021090496 0.016033830 0.013109954 0.004354241 0.001881994 0.020913806 -0.002671100 0.016944889 0.007635906 -0.001772946 0.002093442 0.020632254 0.000053833 0.050129183 0.020883307 0.014598077 0.014272013
0.051207691 0.010147816 0.018049803 0.037602689 0.018083012 0.020234436 0.018820394 0.007617156 0.029638745 0.024737678 0.018578876 0.026094750 0.012740461 0.015408032 0.040260226 0.030130364 0.023908433 0.027187344 0.026264898 0.018681915 0.025591515 0.029810023 0.033383593 0.016944889 -0.032065865 0.017361745 0.014005341 0.019337662 0.036926020 0.023258032 0.054274261 0.025208982 0.031842653 0.022416856
0.053458542 0.023754945 0.018460052 0.024473688 0.024041861 0.018576117 0.007660758 0.008995230 0.011719104 0.006570159 0.005811960 0.008770585 0.004765505 0.008495839 0.055906285 0.049428772 0.024204379 0.012271134 0.019404827 0.011522910 0.022971306 0.010052621 0.042236514 0.007635906 0.017361745 -0.008322150 0.010705777 0.017043835 0.038351908 0.004997103 0.047175843 0.013893958 0.025673918 0.025112242
0.043772314 0.027771972 0.002925228 0.040500823 0.012717552 0.006452503 -0.000428241 -0.000174928 0.001050416 0.027157271 0.007022860 0.021598680 0.006757149 0.004116538 0.042162813 0.022622662 0.008173175 0.022292744 0.015265690 0.012570374 0.005801491 0.014280185 0.021281488 -0.001772946 0.014005341 0.010705777 -0.009796659 0.004465142 0.022202669 0.001239456 0.058407519 0.034965232 0.022373592 0.011768328
0.044029962 0.024624892 0.006240650 0.042253911 0.019618446 0.008412628 0.001481969 0.010285876 0.002440385 0.031602345 0.012380641 0.025685431 0.014957593 0.011328340 0.041254275 0.023944873 0.011437723 0.032113351 0.018122081 0.018908998 0.008074857 0.015426863 0.020034973 0.002093442 0.019337662 0.017043835 0.004465142 -0.002394453 0.022649776 0.006172731 0.064439423 0.037217118 0.024200577 0.014350994
0.023602774 0.036114555 0.012245774 0.061037458 0.020841105 0.024388717 0.022091791 0.024803760 0.020453077 0.049862765 0.032049071 0.041833512 0.037406351 0.026690228 0.027402870 0.005317897 0.013238803 0.051207513 0.022181056 0.033847548 0.011847856 0.029797640 0.011529369 0.020632254 0.036926020 0.038351908 0.022202669 0.022649776 -0.002692629 0.028741220 0.074502625 0.057024769 0.024646498 0.010499130
0.051181003 0.032310739 0.009669858 0.033029258 0.019359587 0.008251164 -0.003848746 0.006428407 -0.000498324 0.020714119 0.009163236 0.016738892 0.007674356 0.006144780 0.048289213 0.034584969 0.015821386 0.024167227 0.015743501 0.011031780 0.012217162 0.013523163 0.027794607 0.000053833 0.023258032 0.004997103 0.001239456 0.006172731 0.028741220 -0.019509569 0.062273357 0.034066275 0.027594030 0.018779024
0.083438739 0.076152995 0.052919257 0.038024247 0.056840908 0.048605341 0.051829975 0.041883174 0.066788398 0.024614399 0.049106870 0.044735275 0.040659968 0.046137329 0.073546246 0.073764227 0.069999874 0.049551949 0.059737872 0.042652812 0.064807266 0.067925230 0.078131288 0.050129183 0.054274261 0.047175843 0.058407519 0.064439423 0.074502625 0.062273357 0.002116587 0.051445931 0.075338252 0.046463441
0.069034249 0.033005882 0.027935348 0.019567547 0.036297429 0.023931794 0.020940755 0.020260759 0.035272494 0.009187294 0.015105941 0.014894467 0.011628415 0.019729000 0.069763012 0.066030070 0.041666277 0.026227798 0.036230780 0.019365808 0.034741919 0.032737300 0.058303729 0.020883307 0.025208982 0.013893958 0.034965232 0.037217118 0.057024769 0.034066275 0.051445931 -0.020672217 0.041504983 0.033027362
0.039886765 0.026585689 0.015449210 0.047582444 0.024223067 0.024305116 0.017916996 0.025987834 0.025058687 0.033563152 0.021222927 0.032029696 0.024571847 0.025153510 0.043204892 0.028886095 0.016124373 0.040226124 0.026920227 0.026317604 0.011834465 0.026348662 0.022983590 0.014598077 0.031842653 0.025673918 0.022373592 0.024200577 0.024646498 0.027594030 0.075338252 0.041504983 -0.014774479 0.017637104
0.021790396 0.028554285 0.005228724 0.044774350 0.013023974 0.013635128 0.013631755 0.016006755 0.016217817 0.035428599 0.018793955 0.030434106 0.023282133 0.017645871 0.022816863 0.003495164 0.012329831 0.034079358 0.016225310 0.024736917 0.008870112 0.022063352 0.009183694 0.014272013 0.022416856 0.025112242 0.011768328 0.014350994 0.010499130 0.018779024 0.046463441 0.033027362 0.017637104 -0.010101197
