0.000000000 0.097087376 0.097087376 0.256000012 0.083743840 0.101449274 0.110047847 0.176991150 0.083743840 0.231404960 0.162162155 0.198275864 0.169642851 0.180616736 0.068965517 0.026178010 0.083743840 0.158371046 0.150684938 0.273437500 0.079207920 0.138888896 0.046153847 0.134883717 0.243902445 0.154545456 0.126760557 0.114285715 0.051020410 0.105769232 0.240816325 0.240816325 0.010869565 0.031250000
0.097087376 0.000000000 0.000000000 0.162962958 0.013452915 0.004405286 0.013100437 0.081300810 0.013452915 0.137404576 0.066115700 0.103174604 0.073770493 0.085020244 0.164948449 0.071090050 0.013452915 0.062240664 0.054393306 0.181159422 0.018018018 0.042372882 0.051162791 0.038297873 0.150375932 0.058333334 0.030042918 0.017391304 0.046296295 0.008771930 0.147169814 0.147169814 0.107843138 0.066037737
0.097087376 0.000000000 0.000000000 0.162962958 0.013452915 0.004405286 0.013100437 0.081300810 0.013452915 0.137404576 0.066115700 0.103174604 0.073770493 0.085020244 0.164948449 0.071090050 0.013452915 0.062240664 0.054393306 0.181159422 0.018018018 0.042372882 0.051162791 0.038297873 0.150375932 0.058333334 0.030042918 0.017391304 0.046296295 0.008771930 0.147169814 0.147169814 0.107843138 0.066037737
0.256000012 0.162962958 0.162962958 0.000000000 0.176029965 0.158671588 0.150183156 0.082758620 0.176029965 0.026143791 0.097902097 0.060810812 0.090277776 0.079037800 0.319327742 0.231372550 0.176029965 0.101754382 0.109540634 0.018750001 0.180451125 0.121428572 0.212355211 0.125448033 0.012903226 0.105633803 0.133574009 0.145985395 0.207692310 0.154411763 0.016181231 0.016181231 0.266129047 0.226562500
0.083743840 0.013452915 0.013452915 0.176029965 0.000000000 0.017857144 0.026548672 0.094650209 0.000000000 0.150579154 0.079497911 0.116465867 0.087136932 0.098360658 0.151832461 0.057692308 0.000000000 0.075630255 0.067796610 0.194139197 0.004566210 0.055793993 0.037735850 0.051724140 0.163498104 0.071729958 0.043478262 0.030837005 0.032863848 0.022222223 0.160305336 0.160305336 0.094527364 0.052631579
0.101449274 0.004405286 0.004405286 0.158671588 0.017857144 0.000000000 0.008695652 0.076923080 0.017857144 0.133079842 0.061728396 0.098814227 0.069387756 0.080645159 0.169230774 0.075471699 0.017857144 0.057851240 0.050000001 0.176895306 0.022421524 0.037974682 0.055555556 0.033898305 0.146067411 0.053941909 0.025641026 0.012987013 0.050691243 0.004366812 0.142857149 0.142857149 0.112195119 0.070422538
0.110047847 0.013100437 0.013100437 0.150183156 0.026548672 0.008695652 0.000000000 0.068273090 0.026548672 0.124528304 0.053061225 0.090196081 0.060728744 0.071999997 0.177664980 0.084112152 0.026548672 0.049180329 0.041322313 0.168458775 0.031111112 0.029288704 0.064220183 0.025210084 0.137546465 0.045267489 0.016949153 0.004291845 0.059360731 0.004329004 0.134328365 0.134328365 0.120772950 0.079069771
0.176991150 0.081300810 0.081300810 0.082758620 0.094650209 0.076923080 0.068273090 0.000000000 0.094650209 0.056737587 0.015267176 0.022058824 0.007575758 0.003745318 0.242990658 0.151515156 0.094650209 0.019157087 0.027027028 0.101351351 0.099173553 0.039062500 0.131914899 0.043137256 0.069930069 0.023076924 0.051383398 0.064000003 0.127118647 0.072580643 0.066666670 0.066666670 0.187500000 0.146551728
0.083743840 0.013452915 0.013452915 0.176029965 0.000000000 0.017857144 0.026548672 0.094650209 0.000000000 0.150579154 0.079497911 0.116465867 0.087136932 0.098360658 0.151832461 0.057692308 0.000000000 0.075630255 0.067796610 0.194139197 0.004566210 0.055793993 0.037735850 0.051724140 0.163498104 0.071729958 0.043478262 0.030837005 0.032863848 0.022222223 0.160305336 0.160305336 0.094527364 0.052631579
0.231404960 0.137404576 0.137404576 0.026143791 0.150579154 0.133079842 0.124528304 0.056737587 0.150579154 0.000000000 0.071942449 0.034722224 0.064285718 0.053003535 0.295652181 0.206477731 0.150579154 0.075812273 0.083636366 0.044871796 0.155038759 0.095588237 0.187251002 0.099630997 0.013245033 0.079710148 0.107806690 0.120300755 0.182539687 0.128787875 0.009966778 0.009966778 0.241666660 0.201612905
0.162162155 0.066115700 0.066115700 0.097902097 0.079497911 0.061728396 0.053061225 0.015267176 0.079497911 0.071942449 0.000000000 0.037313432 0.007692308 0.019011406 0.228571430 0.136563882 0.079497911 0.003891051 0.011764706 0.116438359 0.084033616 0.023809524 0.116883114 0.027888447 0.085106380 0.007812500 0.036144577 0.048780486 0.112068966 0.057377048 0.081850536 0.081850536 0.172727272 0.131578952
0.198275864 0.103174604 0.103174604 0.060810812 0.116465867 0.098814227 0.090196081 0.022058824 0.116465867 0.034722224 0.037313432 0.000000000 0.029629629 0.018315019 0.263636351 0.172995776 0.116465867 0.041198503 0.049056605 0.079470202 0.120967738 0.061068702 0.153526977 0.065134101 0.047945205 0.045112781 0.073359072 0.085937500 0.148760334 0.094488189 0.044673540 0.044673540 0.208695650 0.168067232
0.169642851 0.073770493 0.073770493 0.090277776 0.087136932 0.069387756 0.060728744 0.007575758 0.087136932 0.064285718 0.007692308 0.029629629 0.000000000 0.011320755 0.235849053 0.144104809 0.087136932 0.011583012 0.019455252 0.108843535 0.091666669 0.031496063 0.124463521 0.035573121 0.077464789 0.015503876 0.043824703 0.056451611 0.119658120 0.065040648 0.074204944 0.074204944 0.180180177 0.139130428
0.180616736 0.085020244 0.085020244 0.079037800 0.098360658 0.080645159 0.071999997 0.003745318 0.098360658 0.053003535 0.019011406 0.018315019 0.011320755 0.000000000 0.246511623 0.155172408 0.098360658 0.022900764 0.030769231 0.097643100 0.102880657 0.042801555 0.135593221 0.046875000 0.066202089 0.026819924 0.055118110 0.067729086 0.130801693 0.076305218 0.062937066 0.062937066 0.191111118 0.150214598
0.068965517 0.164948449 0.164948449 0.319327742 0.151832461 0.169230774 0.177664980 0.242990658 0.151832461 0.295652181 0.228571430 0.263636351 0.235849053 0.246511623 0.000000000 0.094972067 0.151832461 0.224880382 0.217391297 0.336065561 0.147368416 0.205882356 0.114754096 0.201970443 0.307692319 0.221153840 0.194029853 0.181818187 0.119565219 0.173469394 0.304721028 0.304721028 0.058139537 0.100000001
0.026178010 0.071090050 0.071090050 0.231372550 0.057692308 0.075471699 0.084112152 0.151515156 0.057692308 0.206477731 0.136563882 0.172995776 0.144104809 0.155172408 0.094972067 0.000000000 0.057692308 0.132743359 0.125000000 0.249042138 0.053140096 0.113122173 0.020000000 0.109090909 0.219123513 0.128888890 0.100917429 0.088372096 0.024875622 0.079812206 0.216000006 0.216000006 0.037037037 0.005076142
0.083743840 0.013452915 0.013452915 0.176029965 0.000000000 0.017857144 0.026548672 0.094650209 0.000000000 0.150579154 0.079497911 0.116465867 0.087136932 0.098360658 0.151832461 0.057692308 0.000000000 0.075630255 0.067796610 0.194139197 0.004566210 0.055793993 0.037735850 0.051724140 0.163498104 0.071729958 0.043478262 0.030837005 0.032863848 0.022222223 0.160305336 0.160305336 0.094527364 0.052631579
0.158371046 0.062240664 0.062240664 0.101754382 0.075630255 0.057851240 0.049180329 0.019157087 0.075630255 0.075812273 0.003891051 0.041198503 0.011583012 0.022900764 0.224880382 0.132743359 0.075630255 0.000000000 0.007874016 0.120274916 0.080168776 0.019920319 0.113043480 0.024000000 0.088967972 0.003921569 0.032258064 0.044897959 0.108225107 0.053497944 0.085714288 0.085714288 0.168949768 0.127753302
0.150684938 0.054393306 0.054393306 0.109540634 0.067796610 0.050000001 0.041322313 0.027027028 0.067796610 0.083636366 0.011764706 0.049056605 0.019455252 0.030769231 0.217391297 0.125000000 0.067796610 0.007874016 0.000000000 0.128027678 0.072340429 0.012048192 0.105263159 0.016129032 0.096774191 0.003952569 0.024390243 0.037037037 0.100436680 0.045643155 0.093525179 0.093525179 0.161290318 0.119999997
0.273437500 0.181159422 0.181159422 0.018750001 0.194139197 0.176895306 0.168458775 0.101351351 0.194139197 0.044871796 0.116438359 0.079470202 0.108843535 0.097643100 0.336065561 0.249042138 0.194139197 0.120274916 0.128027678 0.000000000 0.198529407 0.139860138 0.230188683 0.143859655 0.031645570 0.124137931 0.151943460 0.164285719 0.225563914 0.172661871 0.034920637 0.034920637 0.283464581 0.244274810
0.079207920 0.018018018 0.018018018 0.180451125 0.004566210 0.022421524 0.031111112 0.099173553 0.004566210 0.155038759 0.084033616 0.120967738 0.091666669 0.102880657 0.147368416 0.053140096 0.004566210 0.080168776 0.072340429 0.198529407 0.000000000 0.060344826 0.033175357 0.056277055 0.167938933 0.076271184 0.048034936 0.035398230 0.028301887 0.026785715 0.164750963 0.164750963 0.090000004 0.048076924
0.138888896 0.042372882 0.042372882 0.121428572 0.055793993 0.037974682 0.029288704 0.039062500 0.055793993 0.095588237 0.023809524 0.061068702 0.031496063 0.042801555 0.205882356 0.113122173 0.055793993 0.019920319 0.012048192 0.139860138 0.060344826 0.000000000 0.093333334 0.004081632 0.108695649 0.016000001 0.012345679 0.025000000 0.088495575 0.033613447 0.105454542 0.105454542 0.149532706 0.108108111
0.046153847 0.051162791 0.051162791 0.212355211 0.037735850 0.055555556 0.064220183 0.131914899 0.037735850 0.187251002 0.116883114 0.153526977 0.124463521 0.135593221 0.114754096 0.020000000 0.037735850 0.113043480 0.105263159 0.230188683 0.033175357 0.093333334 0.000000000 0.089285716 0.200000003 0.109170303 0.081081077 0.068493150 0.004878049 0.059907835 0.196850389 0.196850389 0.056994818 0.014925373
0.134883717 0.038297873 0.038297873 0.125448033 0.051724140 0.033898305 0.025210084 0.043137256 0.051724140 0.099630997 0.027888447 0.065134101 0.035573121 0.046875000 0.201970443 0.109090909 0.051724140 0.024000000 0.016129032 0.143859655 0.056277055 0.004081632 0.089285716 0.000000000 0.112727270 0.020080321 0.008264462 0.020920502 0.084444441 0.029535865 0.109489053 0.109489053 0.145539910 0.104072399
0.243902445 0.150375932 0.150375932 0.012903226 0.163498104 0.146067411 0.137546465 0.069930069 0.163498104 0.013245033 0.085106380 0.047945205 0.077464789 0.066202089 0.307692319 0.219123513 0.163498104 0.088967972 0.096774191 0.031645570 0.167938933 0.108695649 0.200000003 0.112727270 0.000000000 0.092857145 0.120879121 0.133333340 0.195312500 0.141791046 0.003278689 0.003278689 0.254098356 0.214285716
0.154545456 0.058333334 0.058333334 0.105633803 0.071729958 0.053941909 0.045267489 0.023076924 0.071729958 0.079710148 0.007812500 0.045112781 0.015503876 0.026819924 0.221153840 0.128888890 0.071729958 0.003921569 0.003952569 0.124137931 0.076271184 0.016000001 0.109170303 0.020080321 0.092857145 0.000000000 0.028340081 0.040983606 0.104347825 0.049586777 0.089605734 0.089605734 0.165137619 0.123893805
0.126760557 0.030042918 0.030042918 0.133574009 0.043478262 0.025641026 0.016949153 0.051383398 0.043478262 0.107806690 0.036144577 0.073359072 0.043824703 0.055118110 0.194029853 0.100917429 0.043478262 0.032258064 0.024390243 0.151943460 0.048034936 0.012345679 0.081081077 0.008264462 0.120879121 0.028340081 0.000000000 0.012658228 0.076233186 0.021276595 0.117647059 0.117647059 0.137440756 0.095890410
0.114285715 0.017391304 0.017391304 0.145985395 0.030837005 0.012987013 0.004291845 0.064000003 0.030837005 0.120300755 0.048780486 0.085937500 0.056451611 0.067729086 0.181818187 0.088372096 0.030837005 0.044897959 0.037037037 0.164285719 0.035398230 0.025000000 0.068493150 0.020920502 0.133333340 0.040983606 0.012658228 0.000000000 0.063636363 0.008620690 0.130111530 0.130111530 0.125000000 0.083333336
0.051020410 0.046296295 0.046296295 0.207692310 0.032863848 0.050691243 0.059360731 0.127118647 0.032863848 0.182539687 0.112068966 0.148760334 0.119658120 0.130801693 0.119565219 0.024875622 0.032863848 0.108225107 0.100436680 0.225563914 0.028301887 0.088495575 0.004878049 0.084444441 0.195312500 0.104347825 0.076233186 0.063636363 0.000000000 0.055045873 0.192156866 0.192156866 0.061855670 0.019801980
0.105769232 0.008771930 0.008771930 0.154411763 0.022222223 0.004366812 0.004329004 0.072580643 0.022222223 0.128787875 0.057377048 0.094488189 0.065040648 0.076305218 0.173469394 0.079812206 0.022222223 0.053497944 0.045643155 0.172661871 0.026785715 0.033613447 0.059907835 0.029535865 0.141791046 0.049586777 0.021276595 0.008620690 0.055045873 0.000000000 0.138576776 0.138576776 0.116504855 0.074766353
0.240816325 0.147169814 0.147169814 0.016181231 0.160305336 0.142857149 0.134328365 0.066666670 0.160305336 0.009966778 0.081850536 0.044673540 0.074204944 0.062937066 0.304721028 0.216000006 0.160305336 0.085714288 0.093525179 0.034920637 0.164750963 0.105454542 0.196850389 0.109489053 0.003278689 0.089605734 0.117647059 0.130111530 0.192156866 0.138576776 0.000000000 0.000000000 0.251028806 0.211155385
0.240816325 0.147169814 0.147169814 0.016181231 0.160305336 0.142857149 0.134328365 0.066666670 0.160305336 0.009966778 0.081850536 0.044673540 0.074204944 0.062937066 0.304721028 0.216000006 0.160305336 0.085714288 0.093525179 0.034920637 0.164750963 0.105454542 0.196850389 0.109489053 0.003278689 0.089605734 0.117647059 0.130111530 0.192156866 0.138576776 0.000000000 0.000000000 0.251028806 0.211155385
0.010869565 0.107843138 0.107843138 0.266129047 0.094527364 0.112195119 0.120772950 0.187500000 0.094527364 0.241666660 0.172727272 0.208695650 0.180180177 0.191111118 0.058139537 0.037037037 0.094527364 0.168949768 0.161290318 0.283464581 0.090000004 0.149532706 0.056994818 0.145539910 0.254098356 0.165137619 0.137440756 0.125000000 0.061855670 0.116504855 0.251028806 0.251028806 0.000000000 0.042105265
0.031250000 0.066037737 0.066037737 0.226562500 0.052631579 0.070422538 0.079069771 0.146551728 0.052631579 0.201612905 0.131578952 0.168067232 0.139130428 0.150214598 0.100000001 0.005076142 0.052631579 0.127753302 0.119999997 0.244274810 0.048076924 0.108108111 0.014925373 0.104072399 0.214285716 0.123893805 0.095890410 0.083333336 0.019801980 0.074766353 0.211155385 0.211155385 0.042105265 0.000000000
