0.019513920 0.055913970 0.026912507 0.061981849 0.034466811 0.041000683 0.035952244 0.040642660 0.041192178 0.054053091 0.050163884 0.054376293 0.049854469 0.042265244 0.039863002 0.021691518 0.031947836 0.059596650 0.041583933 0.058119085 0.030103490 0.046546102 0.024961527 0.039140221 0.053523503 0.050738856 0.044831283 0.034127496 0.024217390 0.044883639 0.080607951 0.067974448 0.034499779 0.021616638
0.055913970 -0.041035101 0.020834319 0.052016027 0.027013503 0.025434548 0.023329753 0.020723956 0.034512430 0.040046792 0.027954105 0.038778991 0.031310048 0.023697840 0.052168801 0.032976307 0.022984263 0.033922940 0.029217184 0.047114246 0.027406009 0.024150776 0.040224008 0.022521392 0.011702016 0.026714779 0.026979810 0.021628892 0.034192953 0.031141929 0.069589406 0.033416048 0.024916846 0.026379179
0.026912507 0.020834319 -0.001454384 0.037736867 0.010086517 0.008223680 -0.000807440 0.003931949 0.004607512 0.028785300 0.012370881 0.028172852 0.016603662 0.011932091 0.032881625 0.014505655 0.005908448 0.027714055 0.015340768 0.018712806 0.002302257 0.011119032 0.012929395 0.001337399 0.019871220 0.018676568 0.003838670 0.005319611 0.014552313 0.008080021 0.055114534 0.029487956 0.017984541 0.004164102
0.061981849 0.052016027 0.037736867 0.003295191 0.041089579 0.032859277 0.031217104 0.026184069 0.040287603 0.009999664 0.028313868 0.024198001 0.022819482 0.031051405 0.071577296 0.069157369 0.045020379 0.023907021 0.040874846 0.027936799 0.046605498 0.034872454 0.062030490 0.030324440 0.040167328 0.024027025 0.038920444 0.038172148 0.057531931 0.029133335 0.029489599 0.020703644 0.043430068 0.041432321
0.034466811 0.027013503 0.010086517 0.041089579 0.002080878 0.018788882 0.009518872 0.016710879 0.021218469 0.034028761 0.022526065 0.026864190 0.024251204 0.019167408 0.036663406 0.022040524 0.014593115 0.035135295 0.025976283 0.027313154 0.011891589 0.028296238 0.018993210 0.015794791 0.024636421 0.024242574 0.014356078 0.016372984 0.022630703 0.016805457 0.055019028 0.042634539 0.024801137 0.013457401
0.041000683 0.025434548 0.008223680 0.032859277 0.018788882 -0.019108532 0.003112255 0.003985154 0.007139717 0.023424301 0.011170635 0.024564568 0.010359421 0.009477898 0.042441156 0.027950104 0.009250207 0.026372865 0.013994040 0.020050360 0.006840108 0.012959374 0.024322230 0.006970093 0.023141146 0.018667145 0.006043633 0.004584040 0.025413806 0.006288765 0.048076108 0.027185772 0.024616580 0.013203903
0.035952244 0.023329753 -0.000807440 0.031217104 0.009518872 0.003112255 -0.012955401 -0.002481312 0.002861878 0.021353804 0.003291692 0.019969590 0.007550336 0.003746921 0.034701556 0.026034852 0.007524414 0.020177966 0.014134555 0.006527491 0.004301271 0.007260650 0.022140525 -0.002656293 0.020359974 0.009071473 -0.001715419 0.001677076 0.018951375 -0.005142455 0.048938651 0.025287269 0.018990647 0.011162373
0.040642660 0.020723956 0.003931949 0.026184069 0.016710879 0.003985154 -0.002481312 -0.002212799 0.007204631 0.015386857 0.006450715 0.015991660 0.002597758 0.000513707 0.038045090 0.028775241 0.012195505 0.017329883 0.011469519 0.009928328 0.009699669 0.007225399 0.025463589 0.001268495 0.012448467 0.007359631 0.001024533 0.003832583 0.024916796 0.000344383 0.037162196 0.018538892 0.019792026 0.015652636
0.041192178 0.034512430 0.004607512 0.040287603 0.021218469 0.007139717 0.002861878 0.007204631 -0.001462338 0.030398251 0.007476039 0.025497526 0.013389051 0.010154242 0.043423999 0.024030833 0.005856059 0.026256647 0.015617581 0.016429231 0.009127427 -0.001177752 0.017672293 0.002459031 0.028891515 0.012092593 0.000653911 0.000698703 0.019373987 -0.002782766 0.063548930 0.036158063 0.024549812 0.013926885
0.054053091 0.040046792 0.028785300 0.009999664 0.034028761 0.023424301 0.021353804 0.015386857 0.030398251 0.007767140 0.012510527 0.013873757 0.008820564 0.020675596 0.059643120 0.056531694 0.035136331 0.011268928 0.030751787 0.015283528 0.039159440 0.024831828 0.051099800 0.022810377 0.026692126 0.008615396 0.026525185 0.030559884 0.046870232 0.019472752 0.021126168 0.011353776 0.031888664 0.033218972
0.050163884 0.027954105 0.012370881 0.028313868 0.022526065 0.011170635 0.003291692 0.006450715 0.007476039 0.012510527 -0.004528593 0.016225796 0.006745007 0.008443263 0.051330008 0.039951682 0.017227860 0.015960135 0.016369237 0.011354364 0.014571885 0.012967845 0.034487106 0.005120628 0.021517448 0.004083646 0.007352207 0.006159149 0.033612896 0.004687325 0.048825454 0.018359605 0.021372659 0.019164123
0.054376293 0.038778991 0.028172852 0.024198001 0.026864190 0.024564568 0.019969590 0.015991660 0.025497526 0.013873757 0.016225796 0.008650493 0.018113045 0.017777709 0.059840478 0.052430816 0.032265365 0.013416074 0.028913453 0.017629687 0.034746896 0.022810515 0.047930282 0.020946151 0.028593808 0.011323286 0.022687942 0.028417682 0.041807994 0.017132238 0.043551177 0.019289620 0.034039620 0.030213106
0.049854469 0.031310048 0.016603662 0.022819482 0.024251204 0.010359421 0.007550336 0.002597758 0.013389051 0.008820564 0.006745007 0.018113045 -0.012193708 0.010536448 0.052980904 0.047536265 0.020638827 0.018764298 0.020337611 0.010951972 0.019473692 0.011353374 0.039972868 0.006103801 0.015222998 0.006198385 0.006024267 0.013764840 0.035135165 0.007122590 0.041128021 0.020137977 0.029085783 0.022036159
0.042265244 0.023697840 0.011932091 0.031051405 0.019167408 0.009477898 0.003746921 0.000513707 0.010154242 0.020675596 0.008443263 0.017777709 0.010536448 -0.008251615 0.042086426 0.035688989 0.012550023 0.018117607 0.012734160 0.016470198 0.013108788 0.011728335 0.028089819 0.007368459 0.017995480 0.009312550 0.003745462 0.009574221 0.026016779 0.003930928 0.043196745 0.020987965 0.023277471 0.016008353
0.039863002 0.052168801 0.032881625 0.071577296 0.036663406 0.042441156 0.034701556 0.038045090 0.043423999 0.059643120 0.051330008 0.059840478 0.052980904 0.042086426 0.028077878 0.015394027 0.033301696 0.066974767 0.041945137 0.058983155 0.033774920 0.051568061 0.033676803 0.037670448 0.043421835 0.059271395 0.043709472 0.033354655 0.033593114 0.049075212 0.077610679 0.076100357 0.046863664 0.023796882
0.021691518 0.032976307 0.014505655 0.069157369 0.022040524 0.027950104 0.026034852 0.028775241 0.024030833 0.056531694 0.039951682 0.052430816 0.047536265 0.035688989 0.015394027 -0.013105552 0.015051991 0.059012003 0.028687619 0.042896260 0.015179864 0.031937741 0.005110591 0.027433936 0.034893751 0.051025111 0.026073832 0.022377057 0.006823064 0.032205231 0.073295981 0.067787543 0.027049245 0.003953801
0.031947836 0.022984263 0.005908448 0.045020379 0.014593115 0.009250207 0.007524414 0.012195505 0.005856059 0.035136331 0.017227860 0.032265365 0.020638827 0.012550023 0.033301696 0.015051991 -0.011482480 0.031817235 0.015767500 0.025941636 0.006269195 0.013268361 0.010394112 0.006835798 0.026852285 0.022682922 0.006688437 0.004101393 0.011293225 0.010170761 0.063332096 0.039967604 0.010044758 0.011221970
0.059596650 0.033922940 0.027714055 0.023907021 0.035135295 0.026372865 0.020177966 0.017329883 0.026256647 0.011268928 0.015960135 0.013416074 0.018764298 0.018117607 0.066974767 0.059012003 0.031817235 -0.000765126 0.027586520 0.026240317 0.033189736 0.022180187 0.052684065 0.021270361 0.033167433 0.009974713 0.021878663 0.023947388 0.047958065 0.016750833 0.040575631 0.026124902 0.030908465 0.033356681
0.041583933 0.029217184 0.015340768 0.040874846 0.025976283 0.013994040 0.014134555 0.011469519 0.015617581 0.030751787 0.016369237 0.028913453 0.020337611 0.012734160 0.041945137 0.028687619 0.015767500 0.027586520 0.001131311 0.030541383 0.016075253 0.016042251 0.027606182 0.016163407 0.028323106 0.019096415 0.014953773 0.014261284 0.021986404 0.012629719 0.055974711 0.036099970 0.024535429 0.014938390
0.058119085 0.047114246 0.018712806 0.027936799 0.027313154 0.020050360 0.006527491 0.009928328 0.016429231 0.015283528 0.011354364 0.017629687 0.010951972 0.016470198 0.058983155 0.042896260 0.025941636 0.026240317 0.030541383 -0.001277522 0.024632443 0.020256869 0.044878270 0.013490690 0.021049678 0.012488923 0.013759580 0.021366239 0.041027866 0.011483382 0.050861478 0.027352545 0.037702158 0.025581151
0.030103490 0.027406009 0.002302257 0.046605498 0.011891589 0.006840108 0.004301271 0.009699669 0.009127427 0.039159440 0.014571885 0.034746896 0.019473692 0.013108788 0.033774920 0.015179864 0.006269195 0.033189736 0.016075253 0.024632443 -0.002507291 0.012604322 0.012944389 0.004569468 0.027688462 0.022691358 0.006111779 0.007964534 0.012439140 0.009978049 0.062260583 0.034769181 0.014037333 0.007142229
0.046546102 0.024150776 0.011119032 0.034872454 0.028296238 0.012959374 0.007260650 0.007225399 -0.001177752 0.024831828 0.012967845 0.022810515 0.011353374 0.011728335 0.051568061 0.031937741 0.013268361 0.022180187 0.016042251 0.020256869 0.012604322 -0.023276273 0.024673307 0.000626173 0.027630588 0.009873010 0.010429107 0.010896858 0.023995988 0.009066711 0.058338031 0.028309952 0.020008907 0.016194534
0.024961527 0.040224008 0.012929395 0.062030490 0.018993210 0.024322230 0.022140525 0.025463589 0.017672293 0.051099800 0.034487106 0.047930282 0.039972868 0.028089819 0.033676803 0.005110591 0.010394112 0.052684065 0.027606182 0.044878270 0.012944389 0.024673307 -0.005049251 0.022101959 0.036360379 0.044271592 0.023030585 0.019468822 0.012210108 0.025810771 0.074848711 0.060838189 0.020798530 0.008646165
0.039140221 0.022521392 0.001337399 0.030324440 0.015794791 0.006970093 -0.002656293 0.001268495 0.002459031 0.022810377 0.005120628 0.020946151 0.006103801 0.007368459 0.037670448 0.027433936 0.006835798 0.021270361 0.016163407 0.013490690 0.004569468 0.000626173 0.022101959 -0.002562640 0.018840106 0.009036892 -0.001550758 0.001324617 0.018655449 -0.001174023 0.048714053 0.025308091 0.015638573 0.012296134
0.053523503 0.011702016 0.019871220 0.040167328 0.024636421 0.023141146 0.020359974 0.012448467 0.028891515 0.026692126 0.021517448 0.028593808 0.015222998 0.017995480 0.043421835 0.034893751 0.026852285 0.033167433 0.028323106 0.021049678 0.027688462 0.027630588 0.036360379 0.018840106 -0.022722119 0.019287545 0.018224731 0.018927226 0.040879842 0.023673886 0.057607718 0.033444617 0.034614317 0.025546281
0.050738856 0.026714779 0.018676568 0.024027025 0.024242574 0.018667145 0.009071473 0.007359631 0.012092593 0.008615396 0.004083646 0.011323286 0.006198385 0.009312550 0.059271395 0.051025111 0.022682922 0.009974713 0.019096415 0.012488923 0.022691358 0.009873010 0.044271592 0.009036892 0.019287545 -0.008016735 0.010633952 0.016322803 0.036959648 0.003586998 0.044714905 0.015498158 0.026297186 0.023929514
0.044831283 0.026979810 0.003838670 0.038920444 0.014356078 0.006043633 -0.001715419 0.001024533 0.000653911 0.026525185 0.007352207 0.022687942 0.006024267 0.003745462 0.043709472 0.026073832 0.006688437 0.021878663 0.014953773 0.013759580 0.006111779 0.010429107 0.023030585 -0.001550758 0.018224731 0.010633952 -0.008721679 0.000994042 0.023791261 -0.002426420 0.057284825 0.036909744 0.020938255 0.012067556
0.034127496 0.021628892 0.005319611 0.038172148 0.016372984 0.004584040 0.001677076 0.003832583 0.000698703 0.030559884 0.006159149 0.028417682 0.013764840 0.009574221 0.033354655 0.022377057 0.004101393 0.023947388 0.014261284 0.021366239 0.007964534 0.010896858 0.019468822 0.001324617 0.018927226 0.016322803 0.000994042 -0.003758922 0.015714645 0.000791453 0.050452970 0.033628471 0.016243514 0.008901598
0.024217390 0.034192953 0.014552313 0.057531931 0.022630703 0.025413806 0.018951375 0.024916796 0.019373987 0.046870232 0.033612896 0.041807994 0.035135165 0.026016779 0.033593114 0.006823064 0.011293225 0.047958065 0.021986404 0.041027866 0.012439140 0.023995988 0.012210108 0.018655449 0.040879842 0.036959648 0.023791261 0.015714645 -0.002228363 0.024161808 0.070199847 0.060694933 0.021342976 0.010604550
0.044883639 0.031141929 0.008080021 0.029133335 0.016805457 0.006288765 -0.005142455 0.000344383 -0.002782766 0.019472752 0.004687325 0.017132238 0.007122590 0.003930928 0.049075212 0.032205231 0.010170761 0.016750833 0.012629719 0.011483382 0.009978049 0.009066711 0.025810771 -0.001174023 0.023673886 0.003586998 -0.002426420 0.000791453 0.024161808 -0.023978870 0.053546626 0.035090230 0.022292078 0.015117355
0.080607951 0.069589406 0.055114534 0.029489599 0.055019028 0.048076108 0.048938651 0.037162196 0.063548930 0.021126168 0.048825454 0.043551177 0.041128021 0.043196745 0.077610679 0.073295981 0.063332096 0.040575631 0.055974711 0.050861478 0.062260583 0.058338031 0.074848711 0.048714053 0.057607718 0.044714905 0.057284825 0.050452970 0.070199847 0.053546626 -0.002672415 0.049996018 0.062994815 0.045056932
0.067974448 0.033416048 0.029487956 0.020703644 0.042634539 0.027185772 0.025287269 0.018538892 0.036158063 0.011353776 0.018359605 0.019289620 0.020137977 0.020987965 0.076100357 0.067787543 0.039967604 0.026124902 0.036099970 0.027352545 0.034769181 0.028309952 0.060838189 0.025308091 0.033444617 0.015498158 0.036909744 0.033628471 0.060694933 0.035090230 0.049996018 -0.010620654 0.045102589 0.034668457
0.034499779 0.024916846 0.017984541 0.043430068 0.024801137 0.024616580 0.018990647 0.019792026 0.024549812 0.031888664 0.021372659 0.034039620 0.029085783 0.023277471 0.046863664 0.027049245 0.010044758 0.030908465 0.024535429 0.037702158 0.014037333 0.020008907 0.020798530 0.015638573 0.034614317 0.026297186 0.020938255 0.016243514 0.021342976 0.022292078 0.062994815 0.045102589 -0.020339023 0.016516905
0.021616638 0.026379179 0.004164102 0.041432321 0.013457401 0.013203903 0.011162373 0.015652636 0.013926885 0.033218972 0.019164123 0.030213106 0.022036159 0.016008353 0.023796882 0.003953801 0.011221970 0.033356681 0.014938390 0.025581151 0.007142229 0.016194534 0.008646165 0.012296134 0.025546281 0.023929514 0.012067556 0.008901598 0.010604550 0.015117355 0.045056932 0.034668457 0.016516905 -0.011587735
