0.000000000 0.130434781 0.148936167 0.241706163 0.101123594 0.215686277 0.170984462 0.211822659 0.248826295 0.269406378 0.241706163 0.282511204 0.259259254 0.195979893 0.203980103 0.183673471 0.135135129 0.310344815 0.203980103 0.262672812 0.162303671 0.238095239 0.148936167 0.162303671 0.227053136 0.230769232 0.179487184 0.195979893 0.075144507 0.157894731 0.349593490 0.203980103 0.170984462 0.157894731
0.130434781 0.000000000 0.018867925 0.114893615 0.029702971 0.087719299 0.041474655 0.083700441 0.122362867 0.144032925 0.114893615 0.157894731 0.133333340 0.067264572 0.075555556 0.054545455 0.004784689 0.187500000 0.075555556 0.136929467 0.032558139 0.111111112 0.018867925 0.032558139 0.099567100 0.103448279 0.050228309 0.067264572 0.055837564 0.028037382 0.229629636 0.075555556 0.041474655 0.028037382
0.148936167 0.018867925 0.000000000 0.096234307 0.048543688 0.068965517 0.022624435 0.064935066 0.103734441 0.125506073 0.096234307 0.139442235 0.114754096 0.048458152 0.056768559 0.035714287 0.014084507 0.169230774 0.056768559 0.118367344 0.013698630 0.092436977 0.000000000 0.013698630 0.080851063 0.084745765 0.031390134 0.048458152 0.074626863 0.009174312 0.211678833 0.056768559 0.022624435 0.009174312
0.241706163 0.114893615 0.096234307 0.000000000 0.144104809 0.027450981 0.073770493 0.031496063 0.007575758 0.029629629 0.000000000 0.043795619 0.018726591 0.048000000 0.039682541 0.060728744 0.110169493 0.074204944 0.039682541 0.022388060 0.082644626 0.003831418 0.096234307 0.082644626 0.015503876 0.011583012 0.065040648 0.048000000 0.169642851 0.087136932 0.117845118 0.039682541 0.073770493 0.087136932
0.101123594 0.029702971 0.048543688 0.144104809 0.000000000 0.117117114 0.071090050 0.113122173 0.151515156 0.172995776 0.144104809 0.186721995 0.162393168 0.096774191 0.105022833 0.084112152 0.034482758 0.216000006 0.105022833 0.165957451 0.062200956 0.140350878 0.048543688 0.062200956 0.128888890 0.132743359 0.079812206 0.096774191 0.026178010 0.057692308 0.257575750 0.105022833 0.071090050 0.057692308
0.215686277 0.087719299 0.068965517 0.027450981 0.117117114 0.000000000 0.046413504 0.004048583 0.035019454 0.057034221 0.027450981 0.071161047 0.046153847 0.020576132 0.012244898 0.033333335 0.082969435 0.101449274 0.012244898 0.049808428 0.055319149 0.023622047 0.068965517 0.055319149 0.011952192 0.015873017 0.037656903 0.020576132 0.142857149 0.059829060 0.144827589 0.012244898 0.046413504 0.059829060
0.170984462 0.041474655 0.022624435 0.073770493 0.071090050 0.046413504 0.000000000 0.042372882 0.081300810 0.103174604 0.073770493 0.117187500 0.092369474 0.025862070 0.034188036 0.013100437 0.036697246 0.147169814 0.034188036 0.096000001 0.008928572 0.069958851 0.022624435 0.008928572 0.058333334 0.062240664 0.008771930 0.025862070 0.097087376 0.013452915 0.189964160 0.034188036 0.000000000 0.013452915
0.211822659 0.083700441 0.064935066 0.031496063 0.113122173 0.004048583 0.042372882 0.000000000 0.039062500 0.061068702 0.031496063 0.075187966 0.050193049 0.016528925 0.008196721 0.029288704 0.078947365 0.105454542 0.008196721 0.053846154 0.051282052 0.027667984 0.064935066 0.051282052 0.016000001 0.019920319 0.033613447 0.016528925 0.138888896 0.055793993 0.148788929 0.008196721 0.042372882 0.055793993
0.248826295 0.122362867 0.103734441 0.007575758 0.151515156 0.035019454 0.081300810 0.039062500 0.000000000 0.022058824 0.007575758 0.036231883 0.011152416 0.055555556 0.047244094 0.068273090 0.117647059 0.066666670 0.047244094 0.014814815 0.090163931 0.011406844 0.103734441 0.090163931 0.023076924 0.019157087 0.072580643 0.055555556 0.176991150 0.094650209 0.110367894 0.047244094 0.081300810 0.094650209
0.269406378 0.144032925 0.125506073 0.029629629 0.172995776 0.057034221 0.103174604 0.061068702 0.022058824 0.000000000 0.029629629 0.014184397 0.010909091 0.077519380 0.069230773 0.090196081 0.139344260 0.044673540 0.069230773 0.007246377 0.112000003 0.033457249 0.125506073 0.112000003 0.045112781 0.041198503 0.094488189 0.077519380 0.198275864 0.116465867 0.088524587 0.069230773 0.103174604 0.116465867
0.241706163 0.114893615 0.096234307 0.000000000 0.144104809 0.027450981 0.073770493 0.031496063 0.007575758 0.029629629 0.000000000 0.043795619 0.018726591 0.048000000 0.039682541 0.060728744 0.110169493 0.074204944 0.039682541 0.022388060 0.082644626 0.003831418 0.096234307 0.082644626 0.015503876 0.011583012 0.065040648 0.048000000 0.169642851 0.087136932 0.117845118 0.039682541 0.073770493 0.087136932
0.282511204 0.157894731 0.139442235 0.043795619 0.186721995 0.071161047 0.117187500 0.075187966 0.036231883 0.014184397 0.043795619 0.000000000 0.025089607 0.091603056 0.083333336 0.104247101 0.153225809 0.030508475 0.083333336 0.021428572 0.125984251 0.047619049 0.139442235 0.125984251 0.059259258 0.055350553 0.108527131 0.091603056 0.211864412 0.130434781 0.074433655 0.083333336 0.117187500 0.130434781
0.259259254 0.133333340 0.114754096 0.018726591 0.162393168 0.046153847 0.092369474 0.050193049 0.011152416 0.010909091 0.018726591 0.025089607 0.000000000 0.066666670 0.058365759 0.079365082 0.128630713 0.055555556 0.058365759 0.003663004 0.101214573 0.022556391 0.114754096 0.101214573 0.034220532 0.030303031 0.083665341 0.066666670 0.187772930 0.105691060 0.099337749 0.058365759 0.092369474 0.105691060
0.195979893 0.067264572 0.048458152 0.048000000 0.096774191 0.020576132 0.025862070 0.016528925 0.055555556 0.077519380 0.048000000 0.091603056 0.066666670 0.000000000 0.008333334 0.012765957 0.062500000 0.121771216 0.008333334 0.070312500 0.034782607 0.044176705 0.048458152 0.034782607 0.032520324 0.036437247 0.017094018 0.000000000 0.122641511 0.039301310 0.164912283 0.008333334 0.025862070 0.039301310
0.203980103 0.075555556 0.056768559 0.039682541 0.105022833 0.012244898 0.034188036 0.008196721 0.047244094 0.069230773 0.039682541 0.083333336 0.058365759 0.008333334 0.000000000 0.021097047 0.070796460 0.113553114 0.000000000 0.062015504 0.043103449 0.035856575 0.056768559 0.043103449 0.024193548 0.028112451 0.025423728 0.008333334 0.130841121 0.047619049 0.156794429 0.000000000 0.034188036 0.047619049
0.183673471 0.054545455 0.035714287 0.060728744 0.084112152 0.033333335 0.013100437 0.029288704 0.068273090 0.090196081 0.060728744 0.104247101 0.079365082 0.012765957 0.021097047 0.000000000 0.049773756 0.134328365 0.021097047 0.083003953 0.022026431 0.056910571 0.035714287 0.022026431 0.045267489 0.049180329 0.004329004 0.012765957 0.110047847 0.026548672 0.177304968 0.021097047 0.013100437 0.026548672
0.135135129 0.004784689 0.014084507 0.110169493 0.034482758 0.082969435 0.036697246 0.078947365 0.117647059 0.139344260 0.110169493 0.153225809 0.128630713 0.062500000 0.070796460 0.049773756 0.000000000 0.182879373 0.070796460 0.132231399 0.027777778 0.106382981 0.014084507 0.027777778 0.094827585 0.098712444 0.045454547 0.062500000 0.060606062 0.023255814 0.225092247 0.070796460 0.036697246 0.023255814
0.310344815 0.187500000 0.169230774 0.074204944 0.216000006 0.101449274 0.147169814 0.105454542 0.066666670 0.044673540 0.074204944 0.030508475 0.055555556 0.121771216 0.113553114 0.134328365 0.182879373 0.000000000 0.113553114 0.051903114 0.155893534 0.078014188 0.169230774 0.155893534 0.089605734 0.085714288 0.138576776 0.121771216 0.240816325 0.160305336 0.044025157 0.113553114 0.147169814 0.160305336
0.203980103 0.075555556 0.056768559 0.039682541 0.105022833 0.012244898 0.034188036 0.008196721 0.047244094 0.069230773 0.039682541 0.083333336 0.058365759 0.008333334 0.000000000 0.021097047 0.070796460 0.113553114 0.000000000 0.062015504 0.043103449 0.035856575 0.056768559 0.043103449 0.024193548 0.028112451 0.025423728 0.008333334 0.130841121 0.047619049 0.156794429 0.000000000 0.034188036 0.047619049
0.262672812 0.136929467 0.118367344 0.022388060 0.165957451 0.049808428 0.096000001 0.053846154 0.014814815 0.007246377 0.022388060 0.021428572 0.003663004 0.070312500 0.062015504 0.083003953 0.132231399 0.051903114 0.062015504 0.000000000 0.104838707 0.026217228 0.118367344 0.104838707 0.037878789 0.033962265 0.087301590 0.070312500 0.191304341 0.109311745 0.095709570 0.062015504 0.096000001 0.109311745
0.162303671 0.032558139 0.013698630 0.082644626 0.062200956 0.055319149 0.008928572 0.051282052 0.090163931 0.112000003 0.082644626 0.125984251 0.101214573 0.034782607 0.043103449 0.022026431 0.027777778 0.155893534 0.043103449 0.104838707 0.000000000 0.078838177 0.013698630 0.000000000 0.067226894 0.071129709 0.017699115 0.034782607 0.088235296 0.004524887 0.198555961 0.043103449 0.008928572 0.004524887
0.238095239 0.111111112 0.092436977 0.003831418 0.140350878 0.023622047 0.069958851 0.027667984 0.011406844 0.033457249 0.003831418 0.047619049 0.022556391 0.044176705 0.035856575 0.056910571 0.106382981 0.078014188 0.035856575 0.026217228 0.078838177 0.000000000 0.092436977 0.078838177 0.011673152 0.007751938 0.061224490 0.044176705 0.165919289 0.083333336 0.121621624 0.035856575 0.069958851 0.083333336
0.148936167 0.018867925 0.000000000 0.096234307 0.048543688 0.068965517 0.022624435 0.064935066 0.103734441 0.125506073 0.096234307 0.139442235 0.114754096 0.048458152 0.056768559 0.035714287 0.014084507 0.169230774 0.056768559 0.118367344 0.013698630 0.092436977 0.000000000 0.013698630 0.080851063 0.084745765 0.031390134 0.048458152 0.074626863 0.009174312 0.211678833 0.056768559 0.022624435 0.009174312
0.162303671 0.032558139 0.013698630 0.082644626 0.062200956 0.055319149 0.008928572 0.051282052 0.090163931 0.112000003 0.082644626 0.125984251 0.101214573 0.034782607 0.043103449 0.022026431 0.027777778 0.155893534 0.043103449 0.104838707 0.000000000 0.078838177 0.013698630 0.000000000 0.067226894 0.071129709 0.017699115 0.034782607 0.088235296 0.004524887 0.198555961 0.043103449 0.008928572 0.004524887
0.227053136 0.099567100 0.080851063 0.015503876 0.128888890 0.011952192 0.058333334 0.016000001 0.023076924 0.045112781 0.015503876 0.059259258 0.034220532 0.032520324 0.024193548 0.045267489 0.094827585 0.089605734 0.024193548 0.037878789 0.067226894 0.011673152 0.080851063 0.067226894 0.000000000 0.003921569 0.049586777 0.032520324 0.154545456 0.071729958 0.133105800 0.024193548 0.058333334 0.071729958
0.230769232 0.103448279 0.084745765 0.011583012 0.132743359 0.015873017 0.062240664 0.019920319 0.019157087 0.041198503 0.011583012 0.055350553 0.030303031 0.036437247 0.028112451 0.049180329 0.098712444 0.085714288 0.028112451 0.033962265 0.071129709 0.007751938 0.084745765 0.071129709 0.003921569 0.000000000 0.053497944 0.036437247 0.158371046 0.075630255 0.129251704 0.028112451 0.062240664 0.075630255
0.179487184 0.050228309 0.031390134 0.065040648 0.079812206 0.037656903 0.008771930 0.033613447 0.072580643 0.094488189 0.065040648 0.108527131 0.083665341 0.017094018 0.025423728 0.004329004 0.045454547 0.138576776 0.025423728 0.087301590 0.017699115 0.061224490 0.031390134 0.017699115 0.049586777 0.053497944 0.000000000 0.017094018 0.105769232 0.022222223 0.181494668 0.025423728 0.008771930 0.022222223
0.195979893 0.067264572 0.048458152 0.048000000 0.096774191 0.020576132 0.025862070 0.016528925 0.055555556 0.077519380 0.048000000 0.091603056 0.066666670 0.000000000 0.008333334 0.012765957 0.062500000 0.121771216 0.008333334 0.070312500 0.034782607 0.044176705 0.048458152 0.034782607 0.032520324 0.036437247 0.017094018 0.000000000 0.122641511 0.039301310 0.164912283 0.008333334 0.025862070 0.039301310
0.075144507 0.055837564 0.074626863 0.169642851 0.026178010 0.142857149 0.097087376 0.138888896 0.176991150 0.198275864 0.169642851 0.211864412 0.187772930 0.122641511 0.130841121 0.110047847 0.060606062 0.240816325 0.130841121 0.191304341 0.088235296 0.165919289 0.074626863 0.088235296 0.154545456 0.158371046 0.105769232 0.122641511 0.000000000 0.083743840 0.281853288 0.130841121 0.097087376 0.083743840
0.157894731 0.028037382 0.009174312 0.087136932 0.057692308 0.059829060 0.013452915 0.055793993 0.094650209 0.116465867 0.087136932 0.130434781 0.105691060 0.039301310 0.047619049 0.026548672 0.023255814 0.160305336 0.047619049 0.109311745 0.004524887 0.083333336 0.009174312 0.004524887 0.071729958 0.075630255 0.022222223 0.039301310 0.083743840 0.000000000 0.202898547 0.047619049 0.013452915 0.000000000
0.349593490 0.229629636 0.211678833 0.117845118 0.257575750 0.144827589 0.189964160 0.148788929 0.110367894 0.088524587 0.117845118 0.074433655 0.099337749 0.164912283 0.156794429 0.177304968 0.225092247 0.044025157 0.156794429 0.095709570 0.198555961 0.121621624 0.211678833 0.198555961 0.133105800 0.129251704 0.181494668 0.164912283 0.281853288 0.202898547 0.000000000 0.156794429 0.189964160 0.202898547
0.203980103 0.075555556 0.056768559 0.039682541 0.105022833 0.012244898 0.034188036 0.008196721 0.047244094 0.069230773 0.039682541 0.083333336 0.058365759 0.008333334 0.000000000 0.021097047 0.070796460 0.113553114 0.000000000 0.062015504 0.043103449 0.035856575 0.056768559 0.043103449 0.024193548 0.028112451 0.025423728 0.008333334 0.130841121 0.047619049 0.156794429 0.000000000 0.034188036 0.047619049
0.170984462 0.041474655 0.022624435 0.073770493 0.071090050 0.046413504 0.000000000 0.042372882 0.081300810 0.103174604 0.073770493 0.117187500 0.092369474 0.025862070 0.034188036 0.013100437 0.036697246 0.147169814 0.034188036 0.096000001 0.008928572 0.069958851 0.022624435 0.008928572 0.058333334 0.062240664 0.008771930 0.025862070 0.097087376 0.013452915 0.189964160 0.034188036 0.000000000 0.013452915
0.157894731 0.028037382 0.009174312 0.087136932 0.057692308 0.059829060 0.013452915 0.055793993 0.094650209 0.116465867 0.087136932 0.130434781 0.105691060 0.039301310 0.047619049 0.026548672 0.023255814 0.160305336 0.047619049 0.109311745 0.004524887 0.083333336 0.009174312 0.004524887 0.071729958 0.075630255 0.022222223 0.039301310 0.083743840 0.000000000 0.202898547 0.047619049 0.013452915 0.000000000
