0.018140264 0.054764036 0.020258922 0.078721769 0.015069876 0.039280765 0.034021441 0.040064778 0.042637624 0.063318595 0.048976284 0.078076750 0.049994186 0.046731398 0.027864641 0.020509046 0.029831817 0.059548870 0.036822952 0.058031846 0.021247603 0.046834543 0.025254820 0.038116969 0.047866747 0.048753709 0.040070429 0.038096815 0.022599572 0.048098300 0.082868397 0.070788033 0.043034419 0.024992943
0.054764036 -0.053794853 0.017013233 0.055459268 0.019315673 0.020496190 0.020682655 0.020764379 0.032429643 0.037068091 0.022792965 0.043360744 0.026736729 0.022032740 0.043228708 0.029027576 0.022502489 0.034340907 0.025139457 0.038749289 0.020338783 0.021592934 0.037003897 0.019119304 0.005760226 0.021795209 0.025481446 0.019191179 0.033555683 0.031738631 0.075398117 0.035603043 0.022903353 0.028853212
0.020258922 0.017013233 -0.001488255 0.045268297 0.006524848 0.007660085 -0.000416686 0.003421272 0.004393529 0.031062642 0.010679070 0.040566452 0.014372589 0.015374760 0.028695151 0.013788151 0.000276958 0.027342811 0.010864785 0.020976951 0.002256507 0.011614189 0.014238699 0.001076529 0.017912125 0.021505741 0.000971486 0.008605314 0.010915739 0.011991320 0.051953856 0.041101992 0.023349494 0.010983972
0.078721769 0.055459268 0.045268297 0.019615781 0.037498780 0.033986375 0.034903772 0.033553328 0.047081001 0.013093448 0.033106815 0.037788261 0.032399260 0.030597512 0.076486357 0.069287099 0.056709260 0.038287621 0.049849231 0.035921253 0.049901549 0.041875187 0.062849298 0.035420481 0.038158420 0.024910208 0.043620102 0.044431377 0.066632092 0.041310832 0.043659668 0.031870510 0.050941784 0.053639591
0.015069876 0.019315673 0.006524848 0.037498780 -0.015781879 0.014233753 0.010101669 0.014110882 0.018148832 0.027784612 0.017417539 0.032592010 0.020187385 0.017102245 0.019818535 0.017123669 0.004697516 0.022855002 0.013201016 0.025498554 0.009334521 0.021034677 0.015105762 0.014355295 0.024449460 0.020829894 0.011376670 0.011422428 0.007201319 0.009438461 0.041919515 0.037372753 0.015936367 0.017205158
0.039280765 0.020496190 0.007660085 0.033986375 0.014233753 -0.021670209 0.003991445 0.004710796 0.007263209 0.021488911 0.009267434 0.030291496 0.009055583 0.009668974 0.038030900 0.028925916 0.008917029 0.023761202 0.009360973 0.019559082 0.005932407 0.012192898 0.024596279 0.007310401 0.022366811 0.017882194 0.005780088 0.004223431 0.020832345 0.005494001 0.046291281 0.027369965 0.022352939 0.018744325
0.034021441 0.020682655 -0.000416686 0.034903772 0.010101669 0.003991445 -0.013975220 -0.002612205 0.002373470 0.020995891 0.003134244 0.026431570 0.006821132 0.006015724 0.036147274 0.025785970 0.007348324 0.019933674 0.010872321 0.008123482 0.004568303 0.008357403 0.022653926 -0.002754726 0.019361695 0.010669137 -0.003541813 0.003481986 0.016736556 -0.002582692 0.047740344 0.033344705 0.023237590 0.017401224
0.040064778 0.020764379 0.003421272 0.033553328 0.014110882 0.004710796 -0.002612205 -0.002945347 0.006666676 0.017775806 0.006331408 0.028713984 0.001748988 0.004711054 0.041468624 0.030727597 0.013204490 0.016873453 0.008415256 0.012308135 0.007729625 0.010697327 0.030025281 0.000894080 0.010127546 0.009443469 -0.000984900 0.008441439 0.022890657 0.004285371 0.042790815 0.027336696 0.029283546 0.023750095
0.042637624 0.032429643 0.004393529 0.047081001 0.018148832 0.007263209 0.002373470 0.006666676 -0.001636737 0.029335119 0.010643816 0.030636031 0.017015032 0.008022742 0.044656776 0.021898441 0.007864383 0.028656926 0.013362020 0.017209785 0.008549183 -0.001329633 0.013033065 0.002245164 0.028735036 0.011291837 -0.000186493 0.000248252 0.018391287 0.001286197 0.065631367 0.040269285 0.027841952 0.019301154
0.063318595 0.037068091 0.031062642 0.013093448 0.027784612 0.021488911 0.020995891 0.017775806 0.029335119 0.002065400 0.016642136 0.013375101 0.014654636 0.017240837 0.061121747 0.054061525 0.041011818 0.018845096 0.033193406 0.008944206 0.036597256 0.024689568 0.050271340 0.022212889 0.022628114 0.004766732 0.027916877 0.030506901 0.050456148 0.025741592 0.028837072 0.014318176 0.032610122 0.039796121
0.048976284 0.022792965 0.010679070 0.033106815 0.017417539 0.009267434 0.003134244 0.006331408 0.010643816 0.016642136 -0.002603159 0.024124838 0.010228548 0.005221761 0.047478795 0.037561238 0.016596129 0.014220270 0.009510776 0.013299288 0.012690880 0.010215697 0.030307163 0.006571854 0.020859506 -0.000485250 0.005497656 0.006145608 0.032499500 0.003845544 0.047619987 0.019460291 0.020090280 0.024343245
0.078076750 0.043360744 0.040566452 0.037788261 0.032592010 0.030291496 0.026431570 0.028713984 0.030636031 0.013375101 0.024124838 0.012582250 0.029310353 0.020794846 0.075153649 0.056179821 0.048780210 0.034023013 0.042796493 0.021543458 0.040356617 0.035307162 0.051445581 0.027405644 0.033500265 0.015490275 0.031793982 0.033567887 0.058491781 0.032810465 0.067866117 0.041892819 0.043648943 0.049133725
0.049994186 0.026736729 0.014372589 0.032399260 0.020187385 0.009055583 0.006821132 0.001748988 0.017015032 0.014654636 0.010228548 0.029310353 -0.006387781 0.006910529 0.052090637 0.044189721 0.020066999 0.018275671 0.014820849 0.014066937 0.017231964 0.009467063 0.035806898 0.007005556 0.013797880 0.001637244 0.003699099 0.012477359 0.036279581 0.007689925 0.040841140 0.021086277 0.030102756 0.027677830
0.046731398 0.022032740 0.015374760 0.030597512 0.017102245 0.009668974 0.006015724 0.004711054 0.008022742 0.017240837 0.005221761 0.020794846 0.006910529 -0.001899317 0.043114632 0.041052721 0.016924988 0.019420037 0.012012899 0.011194882 0.011064664 0.014406621 0.035024390 0.008143835 0.017733838 0.011015017 0.006735515 0.009654585 0.027785689 0.006783273 0.050187510 0.028163943 0.024826298 0.027629551
0.027864641 0.043228708 0.028695151 0.076486357 0.019818535 0.038030900 0.036147274 0.041468624 0.044656776 0.061121747 0.047478795 0.075153649 0.052090637 0.043114632 0.013651676 0.013845828 0.030416114 0.061855309 0.033564091 0.058084764 0.028269194 0.043695822 0.032539666 0.038147692 0.041457679 0.050898559 0.043649588 0.032666456 0.025248339 0.043504559 0.072092578 0.073982567 0.039678514 0.029465662
0.020509046 0.029027576 0.013788151 0.069287099 0.017123669 0.028925916 0.025785970 0.030727597 0.021898441 0.054061525 0.037561238 0.056179821 0.044189721 0.041052721 0.013845828 -0.013659052 0.016168524 0.061691232 0.025665689 0.034589987 0.012270890 0.032665469 0.006900575 0.026078027 0.033190407 0.050886031 0.024669498 0.022158980 0.006741013 0.036030143 0.076790355 0.077606931 0.030796809 0.012444266
0.029831817 0.022502489 0.000276958 0.056709260 0.004697516 0.008917029 0.007348324 0.013204490 0.007864383 0.041011818 0.016596129 0.048780210 0.020066999 0.016924988 0.030416114 0.016168524 -0.011345018 0.032537162 0.011602925 0.028790016 0.002195584 0.016336672 0.013680122 0.007625629 0.023084212 0.024144277 0.005022283 0.008667921 0.010925028 0.013976107 0.068348184 0.047034856 0.018002056 0.018106317
0.059548870 0.034340907 0.027342811 0.038287621 0.022855002 0.023761202 0.019933674 0.016873453 0.028656926 0.018845096 0.014220270 0.034023013 0.018275671 0.019420037 0.061855309 0.061691232 0.032537162 -0.004006747 0.024815777 0.033120759 0.031997040 0.025323069 0.057196502 0.021807646 0.027316261 0.012879391 0.020292202 0.030624626 0.045808814 0.020120900 0.045181122 0.029659921 0.039369583 0.037420984
0.036822952 0.025139457 0.010864785 0.049849231 0.013201016 0.009360973 0.010872321 0.008415256 0.013362020 0.033193406 0.009510776 0.042796493 0.014820849 0.012012899 0.033564091 0.025665689 0.011602925 0.024815777 -0.006991297 0.028417232 0.010650298 0.015962683 0.026155123 0.013154089 0.020031415 0.018775297 0.009622251 0.015811555 0.015449516 0.014026148 0.056299355 0.038862653 0.027970472 0.015556865
0.058031846 0.038749289 0.020976951 0.035921253 0.025498554 0.019559082 0.008123482 0.012308135 0.017209785 0.008944206 0.013299288 0.021543458 0.014066937 0.011194882 0.058084764 0.034589987 0.028790016 0.033120759 0.028417232 0.000195122 0.024732474 0.017644282 0.031761643 0.014705245 0.021765403 0.008841584 0.013082400 0.017580103 0.039607048 0.016763991 0.050851006 0.038184348 0.033975419 0.035797510
0.021247603 0.020338783 0.002256507 0.049901549 0.009334521 0.005932407 0.004568303 0.007729625 0.008549183 0.036597256 0.012690880 0.040356617 0.017231964 0.011064664 0.028269194 0.012270890 0.002195584 0.031997040 0.010650298 0.024732474 -0.000354110 0.010549460 0.009409388 0.004131784 0.026292790 0.023550976 0.002565442 0.008527501 0.002792747 0.011965914 0.053971834 0.038923670 0.014708307 0.011433432
0.046834543 0.021592934 0.011614189 0.041875187 0.021034677 0.012192898 0.008357403 0.010697327 -0.001329633 0.024689568 0.010215697 0.035307162 0.009467063 0.014406621 0.043695822 0.032665469 0.016336672 0.025323069 0.015962683 0.017644282 0.010549460 -0.020435646 0.026656641 0.000872030 0.022981837 0.010999188 0.011883176 0.013082849 0.023865342 0.013940148 0.063763373 0.031386234 0.022555767 0.021713773
0.025254820 0.037003897 0.014238699 0.062849298 0.015105762 0.024596279 0.022653926 0.030025281 0.013033065 0.050271340 0.030307163 0.051445581 0.035806898 0.035024390 0.032539666 0.006900575 0.013680122 0.057196502 0.026155123 0.031761643 0.009409388 0.026656641 -0.000526384 0.020712381 0.032648034 0.043700479 0.023819337 0.017770927 0.013298901 0.030548627 0.081109591 0.067154184 0.022042114 0.018533399
0.038116969 0.019119304 0.001076529 0.035420481 0.014355295 0.007310401 -0.002754726 0.000894080 0.002245164 0.022212889 0.006571854 0.027405644 0.007005556 0.008143835 0.038147692 0.026078027 0.007625629 0.021807646 0.013154089 0.014705245 0.004131784 0.000872030 0.020712381 -0.003046293 0.017512707 0.008923050 -0.002265978 0.001880587 0.017783416 0.001455774 0.048676506 0.031268835 0.018527575 0.018100437
0.047866747 0.005760226 0.017912125 0.038158420 0.024449460 0.022366811 0.019361695 0.010127546 0.028735036 0.022628114 0.020859506 0.033500265 0.013797880 0.017733838 0.041457679 0.033190407 0.023084212 0.027316261 0.020031415 0.021765403 0.026292790 0.022981837 0.032648034 0.017512707 -0.023050260 0.016518489 0.014825849 0.016239718 0.037680283 0.020863809 0.051546633 0.038381394 0.032352507 0.030345481
0.048753709 0.021795209 0.021505741 0.024910208 0.020829894 0.017882194 0.010669137 0.009443469 0.011291837 0.004766732 -0.000485250 0.015490275 0.001637244 0.011015017 0.050898559 0.050886031 0.024144277 0.012879391 0.018775297 0.008841584 0.023550976 0.010999188 0.043700479 0.008923050 0.016518489 -0.001925476 0.011142189 0.017446782 0.034523979 0.008387526 0.045664322 0.021501487 0.025853924 0.029058130
0.040070429 0.025481446 0.000971486 0.043620102 0.011376670 0.005780088 -0.003541813 -0.000984900 -0.000186493 0.027916877 0.005497656 0.031793982 0.003699099 0.006735515 0.043649588 0.024669498 0.005022283 0.020292202 0.009622251 0.013082400 0.002565442 0.011883176 0.023819337 -0.002265978 0.014825849 0.011142189 -0.009399654 0.003212621 0.019363819 0.000409331 0.057579182 0.043539323 0.028187055 0.017658386
0.038096815 0.019191179 0.008605314 0.044431377 0.011422428 0.004223431 0.003481986 0.008441439 0.000248252 0.030506901 0.006145608 0.033567887 0.012477359 0.009654585 0.032666456 0.022158980 0.008667921 0.030624626 0.015811555 0.017580103 0.008527501 0.013082849 0.017770927 0.001880587 0.016239718 0.017446782 0.003212621 -0.004230745 0.017131301 0.007454741 0.056733560 0.036567032 0.016237130 0.015360329
0.022599572 0.033555683 0.010915739 0.066632092 0.007201319 0.020832345 0.016736556 0.022890657 0.018391287 0.050456148 0.032499500 0.058491781 0.036279581 0.027785689 0.025248339 0.006741013 0.010925028 0.045808814 0.015449516 0.039607048 0.002792747 0.023865342 0.013298901 0.017783416 0.037680283 0.034523979 0.019363819 0.017131301 -0.003131690 0.024137354 0.074616559 0.058549955 0.025532700 0.016360052
0.048098300 0.031738631 0.011991320 0.041310832 0.009438461 0.005494001 -0.002582692 0.004285371 0.001286197 0.025741592 0.003845544 0.032810465 0.007689925 0.006783273 0.043504559 0.036030143 0.013976107 0.020120900 0.014026148 0.016763991 0.011965914 0.013940148 0.030548627 0.001455774 0.020863809 0.008387526 0.000409331 0.007454741 0.024137354 -0.017446797 0.060239416 0.038465358 0.027353464 0.020675041
0.082868397 0.075398117 0.051953856 0.043659668 0.041919515 0.046291281 0.047740344 0.042790815 0.065631367 0.028837072 0.047619987 0.067866117 0.040841140 0.050187510 0.072092578 0.076790355 0.068348184 0.045181122 0.056299355 0.050851006 0.053971834 0.063763373 0.081109591 0.048676506 0.051546633 0.045664322 0.057579182 0.056733560 0.074616559 0.060239416 0.009884069 0.057896450 0.073898159 0.054179564
0.070788033 0.035603043 0.041101992 0.031870510 0.037372753 0.027369965 0.033344705 0.027336696 0.040269285 0.014318176 0.019460291 0.041892819 0.021086277 0.028163943 0.073982567 0.077606931 0.047034856 0.029659921 0.038862653 0.038184348 0.038923670 0.031386234 0.067154184 0.031268835 0.038381394 0.021501487 0.043539323 0.036567032 0.058549955 0.038465358 0.057896450 0.006044731 0.043988772 0.051570728
0.043034419 0.022903353 0.023349494 0.050941784 0.015936367 0.022352939 0.023237590 0.029283546 0.027841952 0.032610122 0.020090280 0.043648943 0.030102756 0.024826298 0.039678514 0.030796809 0.018002056 0.039369583 0.027970472 0.033975419 0.014708307 0.022555767 0.022042114 0.018527575 0.032352507 0.025853924 0.028187055 0.016237130 0.025532700 0.027353464 0.073898159 0.043988772 -0.025781989 0.024199989
0.024992943 0.028853212 0.010983972 0.053639591 0.017205158 0.018744325 0.017401224 0.023750095 0.019301154 0.039796121 0.024343245 0.049133725 0.027677830 0.027629551 0.029465662 0.012444266 0.018106317 0.037420984 0.015556865 0.035797510 0.011433432 0.021713773 0.018533399 0.018100437 0.030345481 0.029058130 0.017658386 0.015360329 0.016360052 0.020675041 0.054179564 0.051570728 0.024199989 0.005684456
