0.017721970 0.045621544 0.019598257 0.086417779 0.016032916 0.038371012 0.035167746 0.035686500 0.041884013 0.059108481 0.045955840 0.062459767 0.044625364 0.039710615 0.029558003 0.030352050 0.028314002 0.055124015 0.032092094 0.063429713 0.025932066 0.042672418 0.024125444 0.042238262 0.043126088 0.048667066 0.039938238 0.038125947 0.024118382 0.043962073 0.084783301 0.058701292 0.043963939 0.022689477
0.045621544 -0.060679913 0.013474010 0.053540014 0.013601203 0.018693876 0.016408700 0.014381724 0.026913075 0.033175871 0.020161847 0.033689678 0.022072488 0.017629843 0.041223943 0.030027995 0.016765965 0.025150523 0.018771129 0.032747190 0.015641563 0.018167451 0.038661867 0.014449725 -0.002539692 0.021127176 0.023129702 0.015426021 0.028726177 0.028599583 0.076119229 0.028197519 0.022111693 0.023720741
0.019598257 0.013474010 -0.001518016 0.049805686 0.009918420 0.008833553 -0.000270957 0.002988886 0.003721775 0.032663453 0.011062096 0.036148034 0.013619117 0.013758492 0.028545294 0.019582957 0.000172461 0.023998650 0.008589896 0.022744739 0.002119912 0.011633703 0.017710626 0.001156940 0.014266863 0.024439078 0.001212461 0.008387059 0.012393978 0.011454925 0.053855512 0.041804079 0.027394198 0.009649796
0.086417779 0.053540014 0.049805686 0.030658767 0.039627142 0.047582284 0.037783548 0.034755193 0.052819662 0.015982401 0.041125737 0.026973598 0.035811737 0.023274407 0.084163308 0.087703578 0.060834065 0.027340848 0.050775480 0.045424972 0.055623099 0.045538053 0.075872675 0.039468300 0.033619303 0.030087259 0.050082520 0.048522055 0.076410994 0.045931157 0.054703251 0.025707878 0.068773247 0.057813339
0.016032916 0.013601203 0.009918420 0.039627142 -0.009796107 0.016409723 0.011817660 0.015381776 0.018882535 0.027449954 0.018876277 0.026206106 0.020834299 0.013536153 0.019822780 0.024758775 0.004896279 0.021856371 0.010669025 0.028389171 0.013128405 0.018560972 0.016733523 0.015008844 0.022941887 0.023054484 0.013774682 0.008294972 0.010766781 0.008270565 0.040496007 0.039106622 0.018112039 0.016484791
0.038371012 0.018693876 0.008833553 0.047582284 0.016409723 -0.018680202 0.007413520 0.005160440 0.011885814 0.028018983 0.011203729 0.033511110 0.009428892 0.009629799 0.039238445 0.040456239 0.009163419 0.021745661 0.008369751 0.031745285 0.011638071 0.014137353 0.029057531 0.012830045 0.018835897 0.023197301 0.007579560 0.011047540 0.023043543 0.006690986 0.050421089 0.031333435 0.031299450 0.018777404
0.035167746 0.016408700 -0.000270957 0.037783548 0.011817660 0.007413520 -0.009670873 -0.002795544 0.002733241 0.020253738 0.004726944 0.021027457 0.007661615 0.000249450 0.036304906 0.030294433 0.007290568 0.015777025 0.009113253 0.009500830 0.004663366 0.007271803 0.022417992 -0.002307860 0.015922146 0.010980254 -0.001644309 0.001374677 0.020185245 -0.001937783 0.048973881 0.032592345 0.025491439 0.015736274
0.035686500 0.014381724 0.002988886 0.034755193 0.015381776 0.005160440 -0.002795544 -0.003290291 0.005923133 0.017479341 0.002810479 0.021484496 -0.002327326 0.001537556 0.037787091 0.036771514 0.010821712 0.012243805 0.005071738 0.012766518 0.008400169 0.008426665 0.029950758 0.000846202 0.005659962 0.011271648 -0.000948302 0.006074661 0.022425868 0.002480005 0.040344071 0.026428476 0.029044323 0.020719590
0.041884013 0.026913075 0.003721775 0.052819662 0.018882535 0.011885814 0.002733241 0.005923133 -0.001578065 0.030142201 0.009963420 0.026640061 0.014867793 0.002084919 0.042207256 0.028700925 0.006663784 0.021553230 0.009971559 0.021891057 0.010200283 -0.002727556 0.014540318 0.003241085 0.024366204 0.012485490 -0.000667840 0.000982672 0.019415569 0.001061395 0.064433470 0.037262913 0.032217249 0.016603399
0.059108481 0.033175871 0.032663453 0.015982401 0.027449954 0.028018983 0.020253738 0.017479341 0.030142201 0.002781121 0.019477407 0.007712196 0.012802565 0.013226697 0.059609801 0.057333715 0.039728470 0.009867636 0.030166540 0.011568737 0.035329770 0.024586003 0.053130500 0.019751450 0.020033089 0.007865089 0.030943025 0.027905088 0.053358905 0.027392261 0.029190522 0.010534468 0.034545269 0.038358070
0.045955840 0.020161847 0.011062096 0.041125737 0.018876277 0.011203729 0.004726944 0.002810479 0.009963420 0.019477407 -0.016057212 0.024211038 -0.001465821 0.004560631 0.048515528 0.052180286 0.015467654 0.005710498 0.004949166 0.018295536 0.014840590 0.010309881 0.039210211 0.010043998 0.016868301 0.003857161 0.003480801 0.011509469 0.031835027 0.000649270 0.052834302 0.017126162 0.030088063 0.024909202
0.062459767 0.033689678 0.036148034 0.026973598 0.026206106 0.033511110 0.021027457 0.021484496 0.026640061 0.007712196 0.024211038 0.002126563 0.023982046 0.012443127 0.062502891 0.053811036 0.039577536 0.014988951 0.032392055 0.012379792 0.034368902 0.026737249 0.051124118 0.018776340 0.026867168 0.014924493 0.028688774 0.025185468 0.050440591 0.027921528 0.054624736 0.025061060 0.037990808 0.038868129
0.044625364 0.022072488 0.013619117 0.035811737 0.020834299 0.009428892 0.007661615 -0.002327326 0.014867793 0.012802565 -0.001465821 0.023982046 -0.019085575 0.003747628 0.049137179 0.054618679 0.016032536 0.008834270 0.009390343 0.015172156 0.018277667 0.007328618 0.039090812 0.009897181 0.008253700 0.004440927 0.000973689 0.014407838 0.033814404 0.003225400 0.040855709 0.014472394 0.034178436 0.025268231
0.039710615 0.017629843 0.013758492 0.023274407 0.013536153 0.009629799 0.000249450 0.001537556 0.002084919 0.013226697 0.004560631 0.012443127 0.003747628 -0.007695943 0.042261451 0.038003847 0.013465136 0.011473792 0.007238256 0.001343072 0.003412288 0.011688566 0.036809810 -0.000426476 0.011908738 0.010371154 0.005019383 0.000755684 0.026631279 0.005422686 0.046347763 0.027123762 0.022941550 0.023660609
0.029558003 0.041223943 0.028545294 0.084163308 0.019822780 0.039238445 0.036304906 0.037787091 0.042207256 0.059609801 0.048515528 0.062502891 0.049137179 0.042261451 0.013970245 0.022474481 0.029599275 0.059903432 0.030685045 0.059503838 0.028466588 0.045287155 0.037968587 0.039896064 0.038090501 0.054808158 0.045043305 0.033944204 0.029829688 0.044231299 0.081254736 0.065127254 0.046154823 0.029116966
0.030352050 0.030027995 0.019582957 0.087703578 0.024758775 0.040456239 0.030294433 0.036771514 0.028700925 0.057333715 0.052180286 0.053811036 0.054618679 0.038003847 0.022474481 -0.009977315 0.022360396 0.065965436 0.030815680 0.052868851 0.016949303 0.037369918 0.004969226 0.030492464 0.037573293 0.055725746 0.034558825 0.023020634 0.020386009 0.044503529 0.089626521 0.080399528 0.037569851 0.016036456
0.028314002 0.016765965 0.000172461 0.060834065 0.004896279 0.009163419 0.007290568 0.010821712 0.006663784 0.039728470 0.015467654 0.039577536 0.016032536 0.013465136 0.029599275 0.022360396 -0.012645230 0.028330613 0.008470407 0.029922388 0.004071611 0.014787540 0.015376829 0.010326752 0.018990807 0.025786456 0.006436829 0.008173843 0.009271212 0.012600558 0.069152310 0.041556150 0.020412825 0.015418323
0.055124015 0.025150523 0.023998650 0.027340848 0.021856371 0.021745661 0.015777025 0.012243805 0.021553230 0.009867636 0.005710498 0.014988951 0.008834270 0.011473792 0.059903432 0.065965436 0.028330613 -0.015319269 0.019602437 0.017340703 0.026616495 0.021180479 0.058567267 0.016641663 0.018046964 0.010340177 0.016680757 0.022829425 0.043531906 0.015727084 0.044264294 0.016058058 0.037413001 0.032653455
0.032092094 0.018771129 0.008589896 0.050775480 0.010669025 0.008369751 0.009113253 0.005071738 0.009971559 0.030166540 0.004949166 0.032392055 0.009390343 0.007238256 0.030685045 0.030815680 0.008470407 0.019602437 -0.012116212 0.026047535 0.008915704 0.013576889 0.026194034 0.012173300 0.014205161 0.018853728 0.007803544 0.012954082 0.013522875 0.011401648 0.056247953 0.032145932 0.028573485 0.011369633
0.063429713 0.032747190 0.022744739 0.045424972 0.028389171 0.031745285 0.009500830 0.012766518 0.021891057 0.011568737 0.018295536 0.012379792 0.015172156 0.001343072 0.059503838 0.052868851 0.029922388 0.017340703 0.026047535 0.007364457 0.028905286 0.018313602 0.042693585 0.016641725 0.015318125 0.012806658 0.016283141 0.019888777 0.047815766 0.018369066 0.056393251 0.036400888 0.051338539 0.036550440
0.025932066 0.015641563 0.002119912 0.055623099 0.013128405 0.011638071 0.004663366 0.008400169 0.010200283 0.035329770 0.014840590 0.034368902 0.018277667 0.003412288 0.028466588 0.016949303 0.004071611 0.026616495 0.008915704 0.028905286 0.000457077 0.009242262 0.007306906 0.004690767 0.022216307 0.023218878 0.003348472 0.007019106 0.010622514 0.012158105 0.056608722 0.037827205 0.018259563 0.009284824
0.042672418 0.018167451 0.011633703 0.045538053 0.018560972 0.014137353 0.007271803 0.008426665 -0.002727556 0.024586003 0.010309881 0.026737249 0.007328618 0.011688566 0.045287155 0.037369918 0.014787540 0.021180479 0.013576889 0.018313602 0.009242262 -0.020897757 0.029133404 -0.000809163 0.020357177 0.012749893 0.012770375 0.011741742 0.024143783 0.014874020 0.066684611 0.027314184 0.024961565 0.020058155
0.024125444 0.038661867 0.017710626 0.075872675 0.016733523 0.029057531 0.022417992 0.029950758 0.014540318 0.053130500 0.039210211 0.051124118 0.039090812 0.036809810 0.037968587 0.004969226 0.015376829 0.058567267 0.026194034 0.042693585 0.007306906 0.029133404 0.005935170 0.019924557 0.034043573 0.048246797 0.028651940 0.018029090 0.020277727 0.035001911 0.089116156 0.070806138 0.027009562 0.021096420
0.042238262 0.014449725 0.001156940 0.039468300 0.015008844 0.012830045 -0.002307860 0.000846202 0.003241085 0.019751450 0.010043998 0.018776340 0.009897181 -0.000426476 0.039896064 0.030492464 0.010326752 0.016641663 0.012173300 0.016641725 0.004690767 -0.000809163 0.019924557 -0.003115688 0.013714097 0.007908783 -0.002223755 -0.000337086 0.022630431 0.002451417 0.052047815 0.026203252 0.022109542 0.016714159
0.043126088 -0.002539692 0.014266863 0.033619303 0.022941887 0.018835897 0.015922146 0.005659962 0.024366204 0.020033089 0.016868301 0.026867168 0.008253700 0.011908738 0.038090501 0.037573293 0.018990807 0.018046964 0.014205161 0.015318125 0.022216307 0.020357177 0.034043573 0.013714097 -0.034981176 0.016604561 0.010247809 0.012499713 0.034046575 0.016557839 0.049230538 0.034264099 0.034830585 0.026456073
0.048667066 0.021127176 0.024439078 0.030087259 0.023054484 0.023197301 0.010980254 0.011271648 0.012485490 0.007865089 0.003857161 0.014924493 0.004440927 0.010371154 0.054808158 0.055725746 0.025786456 0.010340177 0.018853728 0.012806658 0.023218878 0.012749893 0.048246797 0.007908783 0.016604561 0.001142532 0.014658606 0.016994527 0.038352758 0.012155883 0.050311178 0.024070555 0.029795460 0.030313633
0.039938238 0.023129702 0.001212461 0.050082520 0.013774682 0.007579560 -0.001644309 -0.000948302 -0.000667840 0.030943025 0.003480801 0.028688774 0.000973689 0.005019383 0.045043305 0.034558825 0.006436829 0.016680757 0.007803544 0.016283141 0.003348472 0.012770375 0.028651940 -0.002223755 0.010247809 0.014658606 -0.005205367 0.003984898 0.022104174 0.000715621 0.061531577 0.046159275 0.034953754 0.017397918
0.038125947 0.015426021 0.008387059 0.048522055 0.008294972 0.011047540 0.001374677 0.006074661 0.000982672 0.027905088 0.011509469 0.025185468 0.014407838 0.000755684 0.033944204 0.023020634 0.008173843 0.022829425 0.012954082 0.019888777 0.007019106 0.011741742 0.018029090 -0.000337086 0.012499713 0.016994527 0.003984898 -0.007314883 0.019452339 0.009287154 0.057704110 0.032964297 0.020244937 0.012742437
0.024118382 0.028726177 0.012393978 0.076410994 0.010766781 0.023043543 0.020185245 0.022425868 0.019415569 0.053358905 0.031835027 0.050440591 0.033814404 0.026631279 0.029829688 0.020386009 0.009271212 0.043531906 0.013522875 0.047815766 0.010622514 0.024143783 0.020277727 0.022630431 0.034046575 0.038352758 0.022104174 0.019452339 0.006472223 0.023853350 0.077551857 0.056035876 0.030033723 0.015700113
0.043962073 0.028599583 0.011454925 0.045931157 0.008270565 0.006690986 -0.001937783 0.002480005 0.001061395 0.027392261 0.000649270 0.027921528 0.003225400 0.005422686 0.044231299 0.044503529 0.012600558 0.015727084 0.011401648 0.018369066 0.012158105 0.014874020 0.035001911 0.002451417 0.016557839 0.012155883 0.000715621 0.009287154 0.023853350 -0.016246965 0.063237049 0.035657398 0.032656349 0.019129366
0.084783301 0.076119229 0.053855512 0.054703251 0.040496007 0.050421089 0.048973881 0.040344071 0.064433470 0.029190522 0.052834302 0.054624736 0.040855709 0.046347763 0.081254736 0.089626521 0.069152310 0.044264294 0.056247953 0.056393251 0.056608722 0.066684611 0.089116156 0.052047815 0.049230538 0.050311178 0.061531577 0.057704110 0.077551857 0.063237049 0.021083826 0.049752906 0.084979787 0.056732457
0.058701292 0.028197519 0.041804079 0.025707878 0.039106622 0.031333435 0.032592345 0.026428476 0.037262913 0.010534468 0.017126162 0.025061060 0.014472394 0.027123762 0.065127254 0.080399528 0.041556150 0.016058058 0.032145932 0.036400888 0.037827205 0.027314184 0.070806138 0.026203252 0.034264099 0.024070555 0.046159275 0.032964297 0.056035876 0.035657398 0.049752906 -0.006779283 0.040022109 0.046743847
0.043963939 0.022111693 0.027394198 0.068773247 0.018112039 0.031299450 0.025491439 0.029044323 0.032217249 0.034545269 0.030088063 0.037990808 0.034178436 0.022941550 0.046154823 0.037569851 0.020412825 0.037413001 0.028573485 0.051338539 0.018259563 0.024961565 0.027009562 0.022109542 0.034830585 0.029795460 0.034953754 0.020244937 0.030033723 0.032656349 0.084979787 0.040022109 -0.017979741 0.026979338
0.022689477 0.023720741 0.009649796 0.057813339 0.016484791 0.018777404 0.015736274 0.020719590 0.016603399 0.038358070 0.024909202 0.038868129 0.025268231 0.023660609 0.029116966 0.016036456 0.015418323 0.032653455 0.011369633 0.036550440 0.009284824 0.020058155 0.021096420 0.016714159 0.026456073 0.030313633 0.017397918 0.012742437 0.015700113 0.019129366 0.056732457 0.046743847 0.026979338 0.002742952
