0.000000000 0.013100437 0.008547009 0.086614177 0.074074075 0.064516127 0.029288704 0.068273090 0.064516127 0.117870726 0.117870726 0.111111112 0.100775197 0.049180329 0.148514852 0.022026431 0.000000000 0.104247101 0.016949153 0.127819553 0.035714287 0.071999997 0.037344400 0.053061225 0.041322313 0.083003953 0.021097047 0.012765957 0.000000000 0.049180329 0.107692309 0.013100437 0.071999997 0.013100437
0.013100437 0.000000000 0.021645023 0.099601597 0.061032865 0.077551022 0.042372882 0.081300810 0.077551022 0.130769238 0.130769238 0.124031007 0.113725491 0.062240664 0.135678396 0.008928572 0.013100437 0.117187500 0.030042918 0.140684411 0.022624435 0.085020244 0.050420169 0.066115700 0.054393306 0.096000001 0.034188036 0.025862070 0.013100437 0.062240664 0.120622568 0.000000000 0.085020244 0.000000000
0.008547009 0.021645023 0.000000000 0.078125000 0.082568809 0.056000002 0.020746889 0.059760958 0.056000002 0.109433964 0.109433964 0.102661595 0.092307694 0.040650405 0.156862751 0.030567685 0.008547009 0.095785439 0.008403362 0.119402982 0.044247787 0.063492067 0.028806584 0.044534411 0.032786883 0.074509807 0.012552301 0.004219409 0.008547009 0.040650405 0.099236645 0.021645023 0.063492067 0.021645023
0.086614177 0.099601597 0.078125000 0.000000000 0.159663871 0.022222223 0.057471264 0.018450184 0.022222223 0.031578947 0.031578947 0.024734983 0.014285714 0.037593983 0.232142851 0.108433738 0.086614177 0.017793594 0.069767445 0.041666668 0.121951222 0.014705882 0.049429659 0.033707865 0.045454547 0.003636364 0.065637067 0.073929958 0.086614177 0.037593983 0.021276595 0.099601597 0.014705882 0.099601597
0.074074075 0.061032865 0.082568809 0.159663871 0.000000000 0.137931034 0.103139013 0.141630903 0.137931034 0.190283403 0.190283403 0.183673471 0.173553720 0.122807018 0.075268820 0.052132700 0.074074075 0.176954731 0.090909094 0.200000003 0.038461540 0.145299152 0.111111112 0.126637548 0.115044251 0.156118140 0.095022626 0.086757988 0.074074075 0.122807018 0.180327863 0.061032865 0.145299152 0.061032865
0.064516127 0.077551022 0.056000002 0.022222223 0.137931034 0.000000000 0.035294119 0.003773585 0.000000000 0.053763442 0.053763442 0.046931408 0.036496349 0.015384615 0.211009175 0.086419754 0.064516127 0.039999999 0.047619049 0.063829787 0.100000001 0.007518797 0.027237354 0.011494253 0.023255814 0.018587360 0.043478262 0.051792830 0.064516127 0.015384615 0.043478262 0.077551022 0.007518797 0.077551022
0.029288704 0.042372882 0.020746889 0.057471264 0.103139013 0.035294119 0.000000000 0.039062500 0.035294119 0.088888891 0.088888891 0.082089551 0.071698114 0.019920319 0.177033499 0.051282052 0.029288704 0.075187966 0.012345679 0.098901100 0.064935066 0.042801555 0.008064516 0.023809524 0.012048192 0.053846154 0.008196721 0.016528925 0.029288704 0.019920319 0.078651689 0.042372882 0.042801555 0.042372882
0.068273090 0.081300810 0.059760958 0.018450184 0.141630903 0.003773585 0.039062500 0.000000000 0.003773585 0.050000001 0.050000001 0.043165468 0.032727271 0.019157087 0.214611873 0.090163931 0.068273090 0.036231883 0.051383398 0.060070671 0.103734441 0.003745318 0.031007752 0.015267176 0.027027028 0.014814815 0.047244094 0.055555556 0.068273090 0.019157087 0.039711192 0.081300810 0.003745318 0.081300810
0.064516127 0.077551022 0.056000002 0.022222223 0.137931034 0.000000000 0.035294119 0.003773585 0.000000000 0.053763442 0.053763442 0.046931408 0.036496349 0.015384615 0.211009175 0.086419754 0.064516127 0.039999999 0.047619049 0.063829787 0.100000001 0.007518797 0.027237354 0.011494253 0.023255814 0.018587360 0.043478262 0.051792830 0.064516127 0.015384615 0.043478262 0.077551022 0.007518797 0.077551022
0.117870726 0.130769238 0.109433964 0.031578947 0.190283403 0.053763442 0.088888891 0.050000001 0.053763442 0.000000000 0.000000000 0.006849315 0.017301038 0.069090910 0.261802584 0.139534891 0.117870726 0.013793103 0.101123594 0.010101010 0.152941182 0.046263345 0.080882356 0.065217391 0.076923080 0.035211269 0.097014926 0.105263159 0.117870726 0.069090910 0.010309278 0.130769238 0.046263345 0.130769238
0.117870726 0.130769238 0.109433964 0.031578947 0.190283403 0.053763442 0.088888891 0.050000001 0.053763442 0.000000000 0.000000000 0.006849315 0.017301038 0.069090910 0.261802584 0.139534891 0.117870726 0.013793103 0.101123594 0.010101010 0.152941182 0.046263345 0.080882356 0.065217391 0.076923080 0.035211269 0.097014926 0.105263159 0.117870726 0.069090910 0.010309278 0.130769238 0.046263345 0.130769238
0.111111112 0.124031007 0.102661595 0.024734983 0.183673471 0.046931408 0.082089551 0.043165468 0.046931408 0.006849315 0.006849315 0.000000000 0.010452962 0.062271062 0.255411267 0.132812500 0.111111112 0.006944444 0.094339624 0.016949153 0.146245062 0.039426524 0.074074075 0.058394160 0.070110701 0.028368793 0.090225562 0.098484851 0.111111112 0.062271062 0.003460208 0.124031007 0.039426524 0.124031007
0.100775197 0.113725491 0.092307694 0.014285714 0.173553720 0.036496349 0.071698114 0.032727271 0.036496349 0.017301038 0.017301038 0.010452962 0.000000000 0.051851850 0.245614037 0.122529641 0.100775197 0.003508772 0.083969466 0.027397260 0.136000007 0.028985508 0.063670412 0.047970481 0.059701491 0.017921148 0.079847910 0.088122606 0.100775197 0.051851850 0.006993007 0.113725491 0.028985508 0.113725491
0.049180329 0.062240664 0.040650405 0.037593983 0.122807018 0.015384615 0.019920319 0.019157087 0.015384615 0.069090910 0.069090910 0.062271062 0.051851850 0.000000000 0.196261689 0.071129709 0.049180329 0.055350553 0.032258064 0.079136692 0.084745765 0.022900764 0.011857707 0.003891051 0.007874016 0.033962265 0.028112451 0.036437247 0.049180329 0.000000000 0.058823530 0.062240664 0.022900764 0.062240664
0.148514852 0.135678396 0.156862751 0.232142851 0.075268820 0.211009175 0.177033499 0.214611873 0.211009175 0.261802584 0.261802584 0.255411267 0.245614037 0.196261689 0.000000000 0.126903549 0.148514852 0.248908296 0.165048540 0.271186441 0.113402061 0.218181819 0.184834123 0.200000003 0.188679248 0.228699550 0.169082120 0.160975605 0.148514852 0.196261689 0.252173901 0.135678396 0.218181819 0.135678396
0.022026431 0.008928572 0.030567685 0.108433738 0.052132700 0.086419754 0.051282052 0.090163931 0.086419754 0.139534891 0.139534891 0.132812500 0.122529641 0.071129709 0.126903549 0.000000000 0.022026431 0.125984251 0.038961038 0.149425283 0.013698630 0.093877554 0.059322033 0.075000003 0.063291140 0.104838707 0.043103449 0.034782607 0.022026431 0.071129709 0.129411772 0.008928572 0.093877554 0.008928572
0.000000000 0.013100437 0.008547009 0.086614177 0.074074075 0.064516127 0.029288704 0.068273090 0.064516127 0.117870726 0.117870726 0.111111112 0.100775197 0.049180329 0.148514852 0.022026431 0.000000000 0.104247101 0.016949153 0.127819553 0.035714287 0.071999997 0.037344400 0.053061225 0.041322313 0.083003953 0.021097047 0.012765957 0.000000000 0.049180329 0.107692309 0.013100437 0.071999997 0.013100437
0.104247101 0.117187500 0.095785439 0.017793594 0.176954731 0.039999999 0.075187966 0.036231883 0.039999999 0.013793103 0.013793103 0.006944444 0.003508772 0.055350553 0.248908296 0.125984251 0.104247101 0.000000000 0.087452471 0.023890786 0.139442235 0.032490976 0.067164183 0.051470589 0.063197024 0.021428572 0.083333336 0.091603056 0.104247101 0.055350553 0.003484321 0.117187500 0.032490976 0.117187500
0.016949153 0.030042918 0.008403362 0.069767445 0.090909094 0.047619049 0.012345679 0.051383398 0.047619049 0.101123594 0.101123594 0.094339624 0.083969466 0.032258064 0.165048540 0.038961038 0.016949153 0.087452471 0.000000000 0.111111112 0.052631579 0.055118110 0.020408163 0.036144577 0.024390243 0.066147856 0.004149378 0.004184100 0.016949153 0.032258064 0.090909094 0.030042918 0.055118110 0.030042918
0.127819553 0.140684411 0.119402982 0.041666668 0.200000003 0.063829787 0.098901100 0.060070671 0.063829787 0.010101010 0.010101010 0.016949153 0.027397260 0.079136692 0.271186441 0.149425283 0.127819553 0.023890786 0.111111112 0.000000000 0.162790701 0.056338027 0.090909094 0.075268820 0.086956523 0.045296166 0.107011072 0.115241639 0.127819553 0.079136692 0.020408163 0.140684411 0.056338027 0.140684411
0.035714287 0.022624435 0.044247787 0.121951222 0.038461540 0.100000001 0.064935066 0.103734441 0.100000001 0.152941182 0.152941182 0.146245062 0.136000007 0.084745765 0.113402061 0.013698630 0.035714287 0.139442235 0.052631579 0.162790701 0.000000000 0.107438013 0.072961375 0.088607594 0.076923080 0.118367344 0.056768559 0.048458152 0.035714287 0.084745765 0.142857149 0.022624435 0.107438013 0.022624435
0.071999997 0.085020244 0.063492067 0.014705882 0.145299152 0.007518797 0.042801555 0.003745318 0.007518797 0.046263345 0.046263345 0.039426524 0.028985508 0.022900764 0.218181819 0.093877554 0.071999997 0.032490976 0.055118110 0.056338027 0.107438013 0.000000000 0.034749035 0.019011406 0.030769231 0.011070111 0.050980393 0.059288539 0.071999997 0.022900764 0.035971224 0.085020244 0.000000000 0.085020244
0.037344400 0.050420169 0.028806584 0.049429659 0.111111112 0.027237354 0.008064516 0.031007752 0.027237354 0.080882356 0.080882356 0.074074075 0.063670412 0.011857707 0.184834123 0.059322033 0.037344400 0.067164183 0.020408163 0.090909094 0.072961375 0.034749035 0.000000000 0.015748031 0.003984064 0.045801528 0.016260162 0.024590164 0.037344400 0.011857707 0.070631973 0.050420169 0.034749035 0.050420169
0.053061225 0.066115700 0.044534411 0.033707865 0.126637548 0.011494253 0.023809524 0.015267176 0.011494253 0.065217391 0.065217391 0.058394160 0.047970481 0.003891051 0.200000003 0.075000003 0.053061225 0.051470589 0.036144577 0.075268820 0.088607594 0.019011406 0.015748031 0.000000000 0.011764706 0.030075189 0.032000002 0.040322579 0.053061225 0.003891051 0.054945055 0.066115700 0.019011406 0.066115700
0.041322313 0.054393306 0.032786883 0.045454547 0.115044251 0.023255814 0.012048192 0.027027028 0.023255814 0.076923080 0.076923080 0.070110701 0.059701491 0.007874016 0.188679248 0.063291140 0.041322313 0.063197024 0.024390243 0.086956523 0.076923080 0.030769231 0.003984064 0.011764706 0.000000000 0.041825093 0.020242915 0.028571429 0.041322313 0.007874016 0.066666670 0.054393306 0.030769231 0.054393306
0.083003953 0.096000001 0.074509807 0.003636364 0.156118140 0.018587360 0.053846154 0.014814815 0.018587360 0.035211269 0.035211269 0.028368793 0.017921148 0.033962265 0.228699550 0.104838707 0.083003953 0.021428572 0.066147856 0.045296166 0.118367344 0.011070111 0.045801528 0.030075189 0.041825093 0.000000000 0.062015504 0.070312500 0.083003953 0.033962265 0.024911031 0.096000001 0.011070111 0.096000001
0.021097047 0.034188036 0.012552301 0.065637067 0.095022626 0.043478262 0.008196721 0.047244094 0.043478262 0.097014926 0.097014926 0.090225562 0.079847910 0.028112451 0.169082120 0.043103449 0.021097047 0.083333336 0.004149378 0.107011072 0.056768559 0.050980393 0.016260162 0.032000002 0.020242915 0.062015504 0.000000000 0.008333334 0.021097047 0.028112451 0.086792454 0.034188036 0.050980393 0.034188036
0.012765957 0.025862070 0.004219409 0.073929958 0.086757988 0.051792830 0.016528925 0.055555556 0.051792830 0.105263159 0.105263159 0.098484851 0.088122606 0.036437247 0.160975605 0.034782607 0.012765957 0.091603056 0.004184100 0.115241639 0.048458152 0.059288539 0.024590164 0.040322579 0.028571429 0.070312500 0.008333334 0.000000000 0.012765957 0.036437247 0.095057033 0.025862070 0.059288539 0.025862070
0.000000000 0.013100437 0.008547009 0.086614177 0.074074075 0.064516127 0.029288704 0.068273090 0.064516127 0.117870726 0.117870726 0.111111112 0.100775197 0.049180329 0.148514852 0.022026431 0.000000000 0.104247101 0.016949153 0.127819553 0.035714287 0.071999997 0.037344400 0.053061225 0.041322313 0.083003953 0.021097047 0.012765957 0.000000000 0.049180329 0.107692309 0.013100437 0.071999997 0.013100437
0.049180329 0.062240664 0.040650405 0.037593983 0.122807018 0.015384615 0.019920319 0.019157087 0.015384615 0.069090910 0.069090910 0.062271062 0.051851850 0.000000000 0.196261689 0.071129709 0.049180329 0.055350553 0.032258064 0.079136692 0.084745765 0.022900764 0.011857707 0.003891051 0.007874016 0.033962265 0.028112451 0.036437247 0.049180329 0.000000000 0.058823530 0.062240664 0.022900764 0.062240664
0.107692309 0.120622568 0.099236645 0.021276595 0.180327863 0.043478262 0.078651689 0.039711192 0.043478262 0.010309278 0.010309278 0.003460208 0.006993007 0.058823530 0.252173901 0.129411772 0.107692309 0.003484321 0.090909094 0.020408163 0.142857149 0.035971224 0.070631973 0.054945055 0.066666670 0.024911031 0.086792454 0.095057033 0.107692309 0.058823530 0.000000000 0.120622568 0.035971224 0.120622568
0.013100437 0.000000000 0.021645023 0.099601597 0.061032865 0.077551022 0.042372882 0.081300810 0.077551022 0.130769238 0.130769238 0.124031007 0.113725491 0.062240664 0.135678396 0.008928572 0.013100437 0.117187500 0.030042918 0.140684411 0.022624435 0.085020244 0.050420169 0.066115700 0.054393306 0.096000001 0.034188036 0.025862070 0.013100437 0.062240664 0.120622568 0.000000000 0.085020244 0.000000000
0.071999997 0.085020244 0.063492067 0.014705882 0.145299152 0.007518797 0.042801555 0.003745318 0.007518797 0.046263345 0.046263345 0.039426524 0.028985508 0.022900764 0.218181819 0.093877554 0.071999997 0.032490976 0.055118110 0.056338027 0.107438013 0.000000000 0.034749035 0.019011406 0.030769231 0.011070111 0.050980393 0.059288539 0.071999997 0.022900764 0.035971224 0.085020244 0.000000000 0.085020244
0.013100437 0.000000000 0.021645023 0.099601597 0.061032865 0.077551022 0.042372882 0.081300810 0.077551022 0.130769238 0.130769238 0.124031007 0.113725491 0.062240664 0.135678396 0.008928572 0.013100437 0.117187500 0.030042918 0.140684411 0.022624435 0.085020244 0.050420169 0.066115700 0.054393306 0.096000001 0.034188036 0.025862070 0.013100437 0.062240664 0.120622568 0.000000000 0.085020244 0.000000000
