0.000000000000000000e+00 6.145251542329788208e-02 1.012364774942398071e-01 1.406844109296798706e-01 1.238856464624404907e-01 3.748733550310134888e-02 9.174487739801406860e-02 1.842603832483291626e-02 7.709750533103942871e-02 1.128465458750724792e-01 3.242166340351104736e-02 9.531129896640777588e-02 2.109704539179801941e-03 3.927186876535415649e-02 1.754693803377449512e-04 6.482346355915069580e-02 3.976650908589363098e-02 8.671031333506107330e-03 9.070034325122833252e-02 1.701909303665161133e-01 1.583011597394943237e-01 8.097857236862182617e-02 6.661676615476608276e-02 7.852412760257720947e-02 9.105405956506729126e-02 1.247040256857872009e-01 5.418901517987251282e-02 1.491935551166534424e-01 3.910991176962852478e-02 5.928266048431396484e-02 9.847754985094070435e-02 1.544281244277954102e-01 3.225806355476379395e-02 7.542578876018524170e-02
6.145251542329788208e-02 0.000000000000000000e+00 4.003301635384559631e-02 7.992286235094070435e-02 1.839378178119659424e-01 9.871244430541992188e-02 3.046411834657192230e-02 7.978820800781250000e-02 1.571946777403354645e-02 5.175292119383811951e-02 2.908880822360515594e-02 3.405826911330223083e-02 5.935050547122955322e-02 1.004818826913833618e-01 6.127770617604255676e-02 3.384431591257452965e-03 2.173913083970546722e-02 5.280962213873863220e-02 2.941176481544971466e-02 1.098876893520355225e-01 9.780004620552062988e-02 1.962370984256267548e-02 5.185480695217847824e-03 1.715438999235630035e-02 1.516579687595367432e-01 6.373997777700424194e-02 7.287768181413412094e-03 8.855291455984115601e-02 1.003213152289390564e-01 2.177786547690629959e-03 3.725046291947364807e-02 2.138511985540390015e-01 9.352517873048782349e-02 1.362467855215072632e-01
1.012364774942398071e-01 4.003301635384559631e-02 0.000000000000000000e+00 4.001788422465324402e-02 2.223336696624755859e-01 1.381993293762207031e-01 9.580583311617374420e-03 1.194397136569023132e-01 2.432885952293872833e-02 1.174423657357692719e-02 6.904142349958419800e-02 5.982906091958284378e-03 9.914794564247131348e-02 1.399519294500350952e-01 1.010628044605255127e-01 3.665355220437049866e-02 6.171843409538269043e-02 9.264677017927169800e-02 1.063377317041158676e-02 7.016333192586898804e-02 5.799408629536628723e-02 2.042535319924354553e-02 3.485477343201637268e-02 2.289435081183910370e-02 1.905341893434524536e-01 2.376760542392730713e-02 4.730698466300964355e-02 4.869251698255538940e-02 1.397929042577743530e-01 4.220712557435035706e-02 2.786709461361169815e-03 2.517291307449340820e-01 1.330600082874298096e-01 1.753235310316085815e-01
1.406844109296798706e-01 7.992286235094070435e-02 4.001788422465324402e-02 0.000000000000000000e+00 2.600378990173339844e-01 1.772370189428329468e-01 4.957946017384529114e-02 1.586990654468536377e-01 6.428416073322296143e-02 2.828694321215152740e-02 1.087588220834732056e-01 4.598978161811828613e-02 1.386158466339111328e-01 1.789674907922744751e-01 1.405124068260192871e-01 7.655914127826690674e-02 1.014856696128845215e-01 1.321746110916137695e-01 5.063011124730110168e-02 3.023032657802104950e-02 1.801801845431327820e-02 6.039387360215187073e-02 7.476837188005447388e-02 6.285464763641357422e-02 2.288074642419815063e-01 1.626574993133544922e-02 8.715986460447311401e-02 8.691566996276378632e-03 1.788104772567749023e-01 8.208636194467544556e-02 4.279982298612594604e-02 2.888373732566833496e-01 1.721611768007278442e-01 2.138410806655883789e-01
1.238856464624404907e-01 1.839378178119659424e-01 2.223336696624755859e-01 2.600378990173339844e-01 0.000000000000000000e+00 8.680142462253570557e-02 2.132072299718856812e-01 1.057008951902389526e-01 1.990816593170166016e-01 2.334682792425155640e-01 1.556819975376129150e-01 2.166389375925064087e-01 1.259624212980270386e-01 8.502744883298873901e-02 1.240584179759025574e-01 1.872057169675827026e-01 1.628498733043670654e-01 1.324144303798675537e-01 2.122015953063964844e-01 2.880042195320129395e-01 2.767592072486877441e-01 2.028294056653976440e-01 1.889430880546569824e-01 2.004596889019012451e-01 3.320616111159324646e-02 2.448076307773590088e-01 1.768871694803237915e-01 2.681234776973724365e-01 8.518848568201065063e-02 1.818328797817230225e-01 2.196830660104751587e-01 3.113820031285285950e-02 9.199522435665130615e-02 4.891694337129592896e-02
3.748733550310134888e-02 9.871244430541992188e-02 1.381993293762207031e-01 1.772370189428329468e-01 8.680142462253570557e-02 0.000000000000000000e+00 1.287892758846282959e-01 1.907447353005409241e-02 1.142546236515045166e-01 1.497005969285964966e-01 6.982413679361343384e-02 1.323258429765701294e-01 3.959390893578529358e-02 1.787164947018027306e-03 3.766255825757980347e-02 1.020627766847610474e-01 7.713884860277175903e-02 4.614336788654327393e-02 1.277533024549484253e-01 2.063616663217544556e-01 1.946334838867187500e-01 1.181073710322380066e-01 1.038447692990303040e-01 1.156709641218185425e-01 5.375019088387489319e-02 1.614366769790649414e-01 9.149049222469329834e-02 1.856426149606704712e-01 1.624959404580295086e-03 9.655541926622390747e-02 1.354647874832153320e-01 1.176217123866081238e-01 5.235602147877216339e-03 3.804603219032287598e-02
9.174487739801406860e-02 3.046411834657192230e-02 9.580583311617374420e-03 4.957946017384529114e-02 2.132072299718856812e-01 1.287892758846282959e-01 0.000000000000000000e+00 1.099849864840507507e-01 1.475171372294425964e-02 2.132242172956466675e-02 5.950019881129264832e-02 3.597883507609367371e-03 8.965252339839935303e-02 1.305463910102844238e-01 9.157088398933410645e-02 2.708247862756252289e-02 5.216869711875915527e-02 8.313998579978942871e-02 1.053296844474971294e-03 7.969034463167190552e-02 6.753714382648468018e-02 1.084689237177371979e-02 2.528263069689273834e-02 1.331668719649314880e-02 1.812845319509506226e-01 3.334059566259384155e-02 3.774350509047508240e-02 5.824592709541320801e-02 1.303869485855102539e-01 3.263973817229270935e-02 6.794054992496967316e-03 2.427339553833007812e-01 1.236370354890823364e-01 1.660218089818954468e-01
1.842603832483291626e-02 7.978820800781250000e-02 1.194397136569023132e-01 1.586990654468536377e-01 1.057008951902389526e-01 1.907447353005409241e-02 1.099849864840507507e-01 0.000000000000000000e+00 9.538803249597549438e-02 1.310001909732818604e-01 5.081734061241149902e-02 1.135379374027252197e-01 2.053494378924369812e-02 2.086092717945575714e-02 1.860144734382629395e-02 8.315018564462661743e-02 5.814993754029273987e-02 2.709273993968963623e-02 1.089443117380142212e-01 1.880273222923278809e-01 1.762132048606872559e-01 9.925650805234909058e-02 8.493854105472564697e-02 9.681008756160736084e-02 7.275007665157318115e-02 1.428019255399703979e-01 7.254261523485183716e-02 1.671600490808486938e-01 2.069879136979579926e-02 7.762390375137329102e-02 1.166918426752090454e-01 1.363901942968368530e-01 1.384025346487760544e-02 5.707908049225807190e-02
7.709750533103942871e-02 1.571946777403354645e-02 2.432885952293872833e-02 6.428416073322296143e-02 1.990816593170166016e-01 1.142546236515045166e-01 1.475171372294425964e-02 9.538803249597549438e-02 0.000000000000000000e+00 3.606279194355010986e-02 4.478779435157775879e-02 1.834862306714057922e-02 7.500000298023223877e-02 1.160181015729904175e-01 7.692307978868484497e-02 1.233569253236055374e-02 3.744580224156379700e-02 6.847225129604339600e-02 1.369863003492355347e-02 9.433116763830184937e-02 8.220695704221725464e-02 3.905446967110037804e-03 1.053484622389078140e-02 1.435308600775897503e-03 1.669793576002120972e-01 4.806866869330406189e-02 2.300460077822208405e-02 7.293497025966644287e-02 1.158580705523490906e-01 1.789664104580879211e-02 2.154361084103584290e-02 2.288015186786651611e-01 1.090842783451080322e-01 1.516414731740951538e-01
1.128465458750724792e-01 5.175292119383811951e-02 1.174423657357692719e-02 2.828694321215152740e-02 2.334682792425155640e-01 1.497005969285964966e-01 2.132242172956466675e-02 1.310001909732818604e-01 3.606279194355010986e-02 0.000000000000000000e+00 8.072020858526229858e-02 1.772589795291423798e-02 1.107632070779800415e-01 1.514472514390945435e-01 1.126733049750328064e-01 4.837696254253387451e-02 7.340946048498153687e-02 1.042775511741638184e-01 2.237521484494209290e-02 5.846727266907691956e-02 4.628137126564979553e-02 3.216187283396720886e-02 4.657994210720062256e-02 3.462927415966987610e-02 2.018268108367919922e-01 1.202672626823186874e-02 5.901842936873435974e-02 3.696941956877708435e-02 1.512887626886367798e-01 5.392463132739067078e-02 1.453047059476375580e-02 2.626967430114746094e-01 1.445783078670501709e-01 1.866833716630935669e-01
3.242166340351104736e-02 2.908880822360515594e-02 6.904142349958419800e-02 1.087588220834732056e-01 1.556819975376129150e-01 6.982413679361343384e-02 5.950019881129264832e-02 5.081734061241149902e-02 4.478779435157775879e-02 8.072020858526229858e-02 0.000000000000000000e+00 6.308458000421524048e-02 3.031403198838233948e-02 7.160236686468124390e-02 3.224637731909751892e-02 3.247004374861717224e-02 7.354327943176031113e-03 2.375731058418750763e-02 5.845056474208831787e-02 1.385336816310882568e-01 1.265288889408111572e-01 4.868472740054130554e-02 3.426912054419517517e-02 4.622013494372367859e-02 1.231122761964797974e-01 9.265698492527008057e-02 2.180566266179084778e-02 1.173394694924354553e-01 7.144098728895187378e-02 2.691272646188735962e-02 6.626746803522109985e-02 1.859189271926879883e-01 6.461215019226074219e-02 1.075843647122383118e-01
9.531129896640777588e-02 3.405826911330223083e-02 5.982906091958284378e-03 4.598978161811828613e-02 2.166389375925064087e-01 1.323258429765701294e-01 3.597883507609367371e-03 1.135379374027252197e-01 1.834862306714057922e-02 1.772589795291423798e-02 6.308458000421524048e-02 0.000000000000000000e+00 9.322033822536468506e-02 1.340812891721725464e-01 9.513741731643676758e-02 3.067737258970737457e-02 5.575611814856529236e-02 8.671192824840545654e-02 4.651162773370742798e-03 7.611428201198577881e-02 6.395480036735534668e-02 1.444421149790287018e-02 2.887788787484169006e-02 1.691376045346260071e-02 1.847619116306304932e-01 2.974628098309040070e-02 4.133577644824981689e-02 5.465949699282646179e-02 1.339219957590103149e-01 3.623336926102638245e-02 3.196249715983867645e-03 2.461168915033340454e-01 1.271783411502838135e-01 1.695184409618377686e-01
2.109704539179801941e-03 5.935050547122955322e-02 9.914794564247131348e-02 1.386158466339111328e-01 1.259624212980270386e-01 3.959390893578529358e-02 8.965252339839935303e-02 2.053494378924369812e-02 7.500000298023223877e-02 1.107632070779800415e-01 3.031403198838233948e-02 9.322033822536468506e-02 0.000000000000000000e+00 4.137814417481422424e-02 1.934236031956970692e-03 6.272234022617340088e-02 3.765996173024177551e-02 6.561446934938430786e-03 8.860759437084197998e-02 1.681415885686874390e-01 1.562436372041702271e-01 7.888234406709671021e-02 6.451612710952758789e-02 7.642707973718643188e-02 9.314586967229843140e-02 1.226265802979469299e-01 5.208526551723480225e-02 1.471301466226577759e-01 4.121621698141098022e-02 5.718010663986206055e-02 9.638787060976028442e-02 1.564868539571762085e-01 3.436543047428131104e-02 7.752315700054168701e-02
3.927186876535415649e-02 1.004818826913833618e-01 1.399519294500350952e-01 1.789674907922744751e-01 8.502744883298873901e-02 1.787164947018027306e-03 1.305463910102844238e-01 2.086092717945575714e-02 1.160181015729904175e-01 1.514472514390945435e-01 7.160236686468124390e-02 1.340812891721725464e-01 4.137814417481422424e-02 0.000000000000000000e+00 3.944706544280052185e-02 1.038310080766677856e-01 7.891513407230377197e-02 4.792658239603042603e-02 1.295108944177627563e-01 2.080720961093902588e-01 1.963523477315902710e-01 1.198692321777343750e-01 1.056123375892639160e-01 1.174338534474372864e-01 5.196801945567131042e-02 1.631767600774765015e-01 9.326241165399551392e-02 1.873676031827926636e-01 1.622060080990195274e-04 9.832561761140823364e-02 1.372187435626983643e-01 1.158589050173759460e-01 7.022701203823089600e-03 3.626133129000663757e-02
1.754693803377449512e-04 6.127770617604255676e-02 1.010628044605255127e-01 1.405124068260192871e-01 1.240584179759025574e-01 3.766255825757980347e-02 9.157088398933410645e-02 1.860144734382629395e-02 7.692307978868484497e-02 1.126733049750328064e-01 3.224637731909751892e-02 9.513741731643676758e-02 1.934236031956970692e-03 3.944706544280052185e-02 0.000000000000000000e+00 6.464873254299163818e-02 3.959131613373756409e-02 8.495574817061424255e-03 9.052631258964538574e-02 1.700205355882644653e-01 1.581300795078277588e-01 8.080425113439559937e-02 6.644207239151000977e-02 7.834973186254501343e-02 9.122806787490844727e-02 1.245312839746475220e-01 5.401405692100524902e-02 1.490219831466674805e-01 3.928511217236518860e-02 5.910780653357505798e-02 9.830377995967864990e-02 1.545994132757186890e-01 3.243334963917732239e-02 7.560025900602340698e-02
6.482346355915069580e-02 3.384431591257452965e-03 3.665355220437049866e-02 7.655914127826690674e-02 1.872057169675827026e-01 1.020627766847610474e-01 2.708247862756252289e-02 8.315018564462661743e-02 1.233569253236055374e-02 4.837696254253387451e-02 3.247004374861717224e-02 3.067737258970737457e-02 6.272234022617340088e-02 1.038310080766677856e-01 6.464873254299163818e-02 0.000000000000000000e+00 2.512171305716037750e-02 5.618401244282722473e-02 2.602992393076419830e-02 1.065428853034973145e-01 9.444687515497207642e-02 1.624035649001598358e-02 1.801080652512609959e-03 1.377075724303722382e-02 1.549628674983978271e-01 6.036856770515441895e-02 1.067193690687417984e-02 8.519401401281356812e-02 1.036705449223518372e-01 5.562177393585443497e-03 3.387030214071273804e-02 2.170785069465637207e-01 9.687894582748413086e-02 1.395668685436248779e-01
3.976650908589363098e-02 2.173913083970546722e-02 6.171843409538269043e-02 1.014856696128845215e-01 1.628498733043670654e-01 7.713884860277175903e-02 5.216869711875915527e-02 5.814993754029273987e-02 3.744580224156379700e-02 7.340946048498153687e-02 7.354327943176031113e-03 5.575611814856529236e-02 3.765996173024177551e-02 7.891513407230377197e-02 3.959131613373756409e-02 2.512171305716037750e-02 0.000000000000000000e+00 3.110620193183422089e-02 5.111820995807647705e-02 1.313131302595138550e-01 1.192855611443519592e-01 4.134520143270492554e-02 2.692157588899135590e-02 3.887902200222015381e-02 1.303485929965972900e-01 8.536082506179809570e-02 1.445365231484174728e-02 1.100801378488540649e-01 7.875394076108932495e-02 1.956227049231529236e-02 5.894186347723007202e-02 1.930093467235565186e-01 7.193230092525482178e-02 1.148478239774703979e-01
8.671031333506107330e-03 5.280962213873863220e-02 9.264677017927169800e-02 1.321746110916137695e-01 1.324144303798675537e-01 4.614336788654327393e-02 8.313998579978942871e-02 2.709273993968963623e-02 6.847225129604339600e-02 1.042775511741638184e-01 2.375731058418750763e-02 8.671192824840545654e-02 6.561446934938430786e-03 4.792658239603042603e-02 8.495574817061424255e-03 5.618401244282722473e-02 3.110620193183422089e-02 0.000000000000000000e+00 8.209387958049774170e-02 1.617586016654968262e-01 1.498357951641082764e-01 7.235834747552871704e-02 5.797922611236572266e-02 6.990068405866622925e-02 9.964641928672790527e-02 1.161585971713066101e-01 4.553937911987304688e-02 1.407045423984527588e-01 4.776474460959434509e-02 5.063765868544578552e-02 8.988326787948608398e-02 1.628810465335845947e-01 4.091764986515045166e-02 8.404185622930526733e-02
9.070034325122833252e-02 2.941176481544971466e-02 1.063377317041158676e-02 5.063011124730110168e-02 2.122015953063964844e-01 1.277533024549484253e-01 1.053296844474971294e-03 1.089443117380142212e-01 1.369863003492355347e-02 2.237521484494209290e-02 5.845056474208831787e-02 4.651162773370742798e-03 8.860759437084197998e-02 1.295108944177627563e-01 9.052631258964538574e-02 2.602992393076419830e-02 5.111820995807647705e-02 8.209387958049774170e-02 0.000000000000000000e+00 8.073686808347702026e-02 6.858555972576141357e-02 9.793707169592380524e-03 2.422997914254665375e-02 1.226356253027915955e-02 1.802656501531600952e-01 3.439268469810485840e-02 3.669166937470436096e-02 5.929558724164962769e-02 1.293514072895050049e-01 3.158752620220184326e-02 7.847296074032783508e-03 2.417424619197845459e-01 1.225997060537338257e-01 1.649973690509796143e-01
1.701909303665161133e-01 1.098876893520355225e-01 7.016333192586898804e-02 3.023032657802104950e-02 2.880042195320129395e-01 2.063616663217544556e-01 7.969034463167190552e-02 1.880273222923278809e-01 9.433116763830184937e-02 5.846727266907691956e-02 1.385336816310882568e-01 7.611428201198577881e-02 1.681415885686874390e-01 2.080720961093902588e-01 1.700205355882644653e-01 1.065428853034973145e-01 1.313131302595138550e-01 1.617586016654968262e-01 8.073686808347702026e-02 0.000000000000000000e+00 1.221896428614854813e-02 9.045904874801635742e-02 1.047619059681892395e-01 9.290843456983566284e-02 2.572583556175231934e-01 4.647322371602058411e-02 1.170816943049430847e-01 2.154442109167575836e-02 2.079169154167175293e-01 1.120386645197868347e-01 7.293578237295150757e-02 3.163058161735534668e-01 2.013436108827590942e-01 2.425037473440170288e-01
1.583011597394943237e-01 9.780004620552062988e-02 5.799408629536628723e-02 1.801801845431327820e-02 2.767592072486877441e-01 1.946334838867187500e-01 6.753714382648468018e-02 1.762132048606872559e-01 8.220695704221725464e-02 4.628137126564979553e-02 1.265288889408111572e-01 6.395480036735534668e-02 1.562436372041702271e-01 1.963523477315902710e-01 1.581300795078277588e-01 9.444687515497207642e-02 1.192855611443519592e-01 1.498357951641082764e-01 6.858555972576141357e-02 1.221896428614854813e-02 0.000000000000000000e+00 7.832665741443634033e-02 9.266155213117599487e-02 8.078118413686752319e-02 2.458120882511138916e-01 3.427372500300407410e-02 1.050129681825637817e-01 9.327911771833896637e-03 1.961963921785354614e-01 9.995654225349426270e-02 6.077097356319427490e-02 3.052666783332824707e-01 1.895910799503326416e-01 2.309691756963729858e-01
8.097857236862182617e-02 1.962370984256267548e-02 2.042535319924354553e-02 6.039387360215187073e-02 2.028294056653976440e-01 1.181073710322380066e-01 1.084689237177371979e-02 9.925650805234909058e-02 3.905446967110037804e-03 3.216187283396720886e-02 4.868472740054130554e-02 1.444421149790287018e-02 7.888234406709671021e-02 1.198692321777343750e-01 8.080425113439559937e-02 1.624035649001598358e-02 4.134520143270492554e-02 7.235834747552871704e-02 9.793707169592380524e-03 9.045904874801635742e-02 7.832665741443634033e-02 0.000000000000000000e+00 1.443969924002885818e-02 2.470152219757437706e-03 1.707734465599060059e-01 4.417151585221290588e-02 2.690763026475906372e-02 6.904919445514678955e-02 1.197093576192855835e-01 2.180056460201740265e-02 1.763964630663394928e-02 2.324992120265960693e-01 1.129416078329086304e-01 1.554548591375350952e-01
6.661676615476608276e-02 5.185480695217847824e-03 3.485477343201637268e-02 7.476837188005447388e-02 1.889430880546569824e-01 1.038447692990303040e-01 2.528263069689273834e-02 8.493854105472564697e-02 1.053484622389078140e-02 4.657994210720062256e-02 3.426912054419517517e-02 2.887788787484169006e-02 6.451612710952758789e-02 1.056123375892639160e-01 6.644207239151000977e-02 1.801080652512609959e-03 2.692157588899135590e-02 5.797922611236572266e-02 2.422997914254665375e-02 1.047619059681892395e-01 9.266155213117599487e-02 1.443969924002885818e-02 0.000000000000000000e+00 1.196997333317995071e-02 1.567202061414718628e-01 5.857385322451591492e-02 1.247277762740850449e-02 8.340573310852050781e-02 1.054519340395927429e-01 7.363183889538049698e-03 3.207117691636085510e-02 2.187940478324890137e-01 9.866280853748321533e-02 1.413324177265167236e-01
7.852412760257720947e-02 1.715438999235630035e-02 2.289435081183910370e-02 6.285464763641357422e-02 2.004596889019012451e-01 1.156709641218185425e-01 1.331668719649314880e-02 9.681008756160736084e-02 1.435308600775897503e-03 3.462927415966987610e-02 4.622013494372367859e-02 1.691376045346260071e-02 7.642707973718643188e-02 1.174338534474372864e-01 7.834973186254501343e-02 1.377075724303722382e-02 3.887902200222015381e-02 6.990068405866622925e-02 1.226356253027915955e-02 9.290843456983566284e-02 8.078118413686752319e-02 2.470152219757437706e-03 1.196997333317995071e-02 0.000000000000000000e+00 1.683743149042129517e-01 4.663657769560813904e-02 2.443910203874111176e-02 7.150714844465255737e-02 1.172738820314407349e-01 1.933145336806774139e-02 2.010892331600189209e-02 2.301612347364425659e-01 1.105022802948951721e-01 1.530434787273406982e-01
9.105405956506729126e-02 1.516579687595367432e-01 1.905341893434524536e-01 2.288074642419815063e-01 3.320616111159324646e-02 5.375019088387489319e-02 1.812845319509506226e-01 7.275007665157318115e-02 1.669793576002120972e-01 2.018268108367919922e-01 1.231122761964797974e-01 1.847619116306304932e-01 9.314586967229843140e-02 5.196801945567131042e-02 9.122806787490844727e-02 1.549628674983978271e-01 1.303485929965972900e-01 9.964641928672790527e-02 1.802656501531600952e-01 2.572583556175231934e-01 2.458120882511138916e-01 1.707734465599060059e-01 1.567202061414718628e-01 1.683743149042129517e-01 0.000000000000000000e+00 2.133356928825378418e-01 1.445299386978149414e-01 2.370276600122451782e-01 5.212978646159172058e-02 1.495295763015747070e-01 1.878472268581390381e-01 6.427790224552154541e-02 5.896919965744018555e-02 1.573634147644042969e-02
1.247040256857872009e-01 6.373997777700424194e-02 2.376760542392730713e-02 1.626574993133544922e-02 2.448076307773590088e-01 1.614366769790649414e-01 3.334059566259384155e-02 1.428019255399703979e-01 4.806866869330406189e-02 1.202672626823186874e-02 9.265698492527008057e-02 2.974628098309040070e-02 1.226265802979469299e-01 1.631767600774765015e-01 1.245312839746475220e-01 6.036856770515441895e-02 8.536082506179809570e-02 1.161585971713066101e-01 3.439268469810485840e-02 4.647322371602058411e-02 3.427372500300407410e-02 4.417151585221290588e-02 5.857385322451591492e-02 4.663657769560813904e-02 2.133356928825378418e-01 0.000000000000000000e+00 7.099476456642150879e-02 2.495379000902175903e-02 1.630188673734664917e-01 6.590861082077026367e-02 2.655255608260631561e-02 2.738582491874694824e-01 1.563332080841064453e-01 1.982649564743041992e-01
5.418901517987251282e-02 7.287768181413412094e-03 4.730698466300964355e-02 8.715986460447311401e-02 1.768871694803237915e-01 9.149049222469329834e-02 3.774350509047508240e-02 7.254261523485183716e-02 2.300460077822208405e-02 5.901842936873435974e-02 2.180566266179084778e-02 4.133577644824981689e-02 5.208526551723480225e-02 9.326241165399551392e-02 5.401405692100524902e-02 1.067193690687417984e-02 1.445365231484174728e-02 4.553937911987304688e-02 3.669166937470436096e-02 1.170816943049430847e-01 1.050129681825637817e-01 2.690763026475906372e-02 1.247277762740850449e-02 2.443910203874111176e-02 1.445299386978149414e-01 7.099476456642150879e-02 0.000000000000000000e+00 9.577887505292892456e-02 9.310161322355270386e-02 5.110063124448060989e-03 4.452614486217498779e-02 2.068858593702316284e-01 8.629623055458068848e-02 1.290871948003768921e-01
1.491935551166534424e-01 8.855291455984115601e-02 4.869251698255538940e-02 8.691566996276378632e-03 2.681234776973724365e-01 1.856426149606704712e-01 5.824592709541320801e-02 1.671600490808486938e-01 7.293497025966644287e-02 3.696941956877708435e-02 1.173394694924354553e-01 5.465949699282646179e-02 1.471301466226577759e-01 1.873676031827926636e-01 1.490219831466674805e-01 8.519401401281356812e-02 1.100801378488540649e-01 1.407045423984527588e-01 5.929558724164962769e-02 2.154442109167575836e-02 9.327911771833896637e-03 6.904919445514678955e-02 8.340573310852050781e-02 7.150714844465255737e-02 2.370276600122451782e-01 2.495379000902175903e-02 9.577887505292892456e-02 0.000000000000000000e+00 1.872110962867736816e-01 9.071321040391921997e-02 5.147223919630050659e-02 2.967838644981384277e-01 1.805825233459472656e-01 2.221198230981826782e-01
3.910991176962852478e-02 1.003213152289390564e-01 1.397929042577743530e-01 1.788104772567749023e-01 8.518848568201065063e-02 1.624959404580295086e-03 1.303869485855102539e-01 2.069879136979579926e-02 1.158580705523490906e-01 1.512887626886367798e-01 7.144098728895187378e-02 1.339219957590103149e-01 4.121621698141098022e-02 1.622060080990195274e-04 3.928511217236518860e-02 1.036705449223518372e-01 7.875394076108932495e-02 4.776474460959434509e-02 1.293514072895050049e-01 2.079169154167175293e-01 1.961963921785354614e-01 1.197093576192855835e-01 1.054519340395927429e-01 1.172738820314407349e-01 5.212978646159172058e-02 1.630188673734664917e-01 9.310161322355270386e-02 1.872110962867736816e-01 0.000000000000000000e+00 9.816497564315795898e-02 1.370595842599868774e-01 1.160189285874366760e-01 6.860502995550632477e-03 3.642332181334495544e-02
5.928266048431396484e-02 2.177786547690629959e-03 4.220712557435035706e-02 8.208636194467544556e-02 1.818328797817230225e-01 9.655541926622390747e-02 3.263973817229270935e-02 7.762390375137329102e-02 1.789664104580879211e-02 5.392463132739067078e-02 2.691272646188735962e-02 3.623336926102638245e-02 5.718010663986206055e-02 9.832561761140823364e-02 5.910780653357505798e-02 5.562177393585443497e-03 1.956227049231529236e-02 5.063765868544578552e-02 3.158752620220184326e-02 1.120386645197868347e-01 9.995654225349426270e-02 2.180056460201740265e-02 7.363183889538049698e-03 1.933145336806774139e-02 1.495295763015747070e-01 6.590861082077026367e-02 5.110063124448060989e-03 9.071321040391921997e-02 9.816497564315795898e-02 0.000000000000000000e+00 3.942505270242691040e-02 2.117720395326614380e-01 9.136600047349929810e-02 1.341087967157363892e-01
9.847754985094070435e-02 3.725046291947364807e-02 2.786709461361169815e-03 4.279982298612594604e-02 2.196830660104751587e-01 1.354647874832153320e-01 6.794054992496967316e-03 1.166918426752090454e-01 2.154361084103584290e-02 1.453047059476375580e-02 6.626746803522109985e-02 3.196249715983867645e-03 9.638787060976028442e-02 1.372187435626983643e-01 9.830377995967864990e-02 3.387030214071273804e-02 5.894186347723007202e-02 8.988326787948608398e-02 7.847296074032783508e-03 7.293578237295150757e-02 6.077097356319427490e-02 1.763964630663394928e-02 3.207117691636085510e-02 2.010892331600189209e-02 1.878472268581390381e-01 2.655255608260631561e-02 4.452614486217498779e-02 5.147223919630050659e-02 1.370595842599868774e-01 3.942505270242691040e-02 0.000000000000000000e+00 2.491171807050704956e-01 1.303216218948364258e-01 1.726211458444595337e-01
1.544281244277954102e-01 2.138511985540390015e-01 2.517291307449340820e-01 2.888373732566833496e-01 3.113820031285285950e-02 1.176217123866081238e-01 2.427339553833007812e-01 1.363901942968368530e-01 2.288015186786651611e-01 2.626967430114746094e-01 1.859189271926879883e-01 2.461168915033340454e-01 1.564868539571762085e-01 1.158589050173759460e-01 1.545994132757186890e-01 2.170785069465637207e-01 1.930093467235565186e-01 1.628810465335845947e-01 2.417424619197845459e-01 3.163058161735534668e-01 3.052666783332824707e-01 2.324992120265960693e-01 2.187940478324890137e-01 2.301612347364425659e-01 6.427790224552154541e-02 2.738582491874694824e-01 2.068858593702316284e-01 2.967838644981384277e-01 1.160189285874366760e-01 2.117720395326614380e-01 2.491171807050704956e-01 0.000000000000000000e+00 1.227817088365554810e-01 7.993339002132415771e-02
3.225806355476379395e-02 9.352517873048782349e-02 1.330600082874298096e-01 1.721611768007278442e-01 9.199522435665130615e-02 5.235602147877216339e-03 1.236370354890823364e-01 1.384025346487760544e-02 1.090842783451080322e-01 1.445783078670501709e-01 6.461215019226074219e-02 1.271783411502838135e-01 3.436543047428131104e-02 7.022701203823089600e-03 3.243334963917732239e-02 9.687894582748413086e-02 7.193230092525482178e-02 4.091764986515045166e-02 1.225997060537338257e-01 2.013436108827590942e-01 1.895910799503326416e-01 1.129416078329086304e-01 9.866280853748321533e-02 1.105022802948951721e-01 5.896919965744018555e-02 1.563332080841064453e-01 8.629623055458068848e-02 1.805825233459472656e-01 6.860502995550632477e-03 9.136600047349929810e-02 1.303216218948364258e-01 1.227817088365554810e-01 0.000000000000000000e+00 4.327301308512687683e-02
7.542578876018524170e-02 1.362467855215072632e-01 1.753235310316085815e-01 2.138410806655883789e-01 4.891694337129592896e-02 3.804603219032287598e-02 1.660218089818954468e-01 5.707908049225807190e-02 1.516414731740951538e-01 1.866833716630935669e-01 1.075843647122383118e-01 1.695184409618377686e-01 7.752315700054168701e-02 3.626133129000663757e-02 7.560025900602340698e-02 1.395668685436248779e-01 1.148478239774703979e-01 8.404185622930526733e-02 1.649973690509796143e-01 2.425037473440170288e-01 2.309691756963729858e-01 1.554548591375350952e-01 1.413324177265167236e-01 1.530434787273406982e-01 1.573634147644042969e-02 1.982649564743041992e-01 1.290871948003768921e-01 2.221198230981826782e-01 3.642332181334495544e-02 1.341087967157363892e-01 1.726211458444595337e-01 7.993339002132415771e-02 4.327301308512687683e-02 0.000000000000000000e+00
