0.000000000000000000e+00 7.714462280273437500e-02 2.753089182078838348e-02 1.712793707847595215e-01 1.822821795940399170e-01 8.635438233613967896e-02 5.876799672842025757e-02 7.866091281175613403e-02 3.770529851317405701e-02 1.051983237266540527e-01 2.201874926686286926e-02 1.106709614396095276e-01 3.857693821191787720e-02 7.638459652662277222e-02 9.683913737535476685e-02 1.254677493125200272e-02 6.638918071985244751e-02 4.492229223251342773e-02 5.604124628007411957e-03 1.883443742990493774e-01 6.404174864292144775e-02 2.000909484922885895e-02 6.987351924180984497e-02 4.228624701499938965e-02 8.672638237476348877e-02 1.792602613568305969e-02 5.218677222728729248e-02 1.237474977970123291e-01 1.022613570094108582e-01 8.924587164074182510e-04 7.922824472188949585e-02 1.950475573539733887e-01 2.858380228281021118e-02 1.070859879255294800e-01
7.714462280273437500e-02 0.000000000000000000e+00 4.971932619810104370e-02 2.451843023300170898e-01 1.066370904445648193e-01 9.271522983908653259e-03 1.352992206811904907e-01 1.525553059764206409e-03 1.145168170332908630e-01 1.808750629425048828e-01 5.521966889500617981e-02 1.862256526947021484e-01 3.868279978632926941e-02 7.645260193385183811e-04 1.984275504946708679e-02 6.466042995452880859e-02 1.081081107258796692e-02 3.233438357710838318e-02 8.271298557519912720e-02 2.616867423057556152e-01 1.404922604560852051e-01 9.700398147106170654e-02 7.310504093766212463e-03 1.190425306558609009e-01 9.646302089095115662e-03 9.493935853242874146e-02 2.505873143672943115e-02 1.989924460649490356e-01 2.531645633280277252e-02 7.803170382976531982e-02 2.096435986459255219e-03 1.197041049599647522e-01 4.866813495755195618e-02 3.019077517092227936e-02
2.753089182078838348e-02 4.971932619810104370e-02 0.000000000000000000e+00 1.978771835565567017e-01 1.555317938327789307e-01 5.896366760134696960e-02 8.615949004888534546e-02 5.124099180102348328e-02 6.516853719949722290e-02 1.323459148406982422e-01 5.515486001968383789e-03 1.377820521593093872e-01 1.105779223144054413e-02 4.895666241645812988e-02 6.949352473020553589e-02 1.498929318040609360e-02 3.892944008111953735e-02 1.741293445229530334e-02 3.312990441918373108e-02 2.147616595029830933e-01 9.141146391630172729e-02 4.751381278038024902e-02 4.242424294352531433e-02 6.973595172166824341e-02 5.933716893196105957e-02 4.543449357151985168e-02 2.469135820865631104e-02 1.507647484540939331e-01 7.494144886732101440e-02 2.842265181243419647e-02 5.181036144495010376e-02 1.684210598468780518e-01 1.053740736097097397e-03 7.979033142328262329e-02
1.712793707847595215e-01 2.451843023300170898e-01 1.978771835565567017e-01 0.000000000000000000e+00 3.428571522235870361e-01 2.538787126541137695e-01 1.136554032564163208e-01 2.466176152229309082e-01 1.344423294067382812e-01 6.729356199502944946e-02 1.925718635320663452e-01 6.177948415279388428e-02 2.084788084030151367e-01 2.444656044244766235e-01 2.637439072132110596e-01 1.834319531917572021e-01 2.349963784217834473e-01 2.145508527755737305e-01 1.658344268798828125e-01 1.763385720551013947e-02 1.084269657731056213e-01 1.517904847860336304e-01 2.383009344339370728e-01 1.299342066049575806e-01 2.542293369770050049e-01 1.538256406784057617e-01 2.214863896369934082e-01 4.856115207076072693e-02 2.688320577144622803e-01 1.704129576683044434e-01 2.471536993980407715e-01 3.544844388961791992e-01 1.988894492387771606e-01 2.733516395092010498e-01
1.822821795940399170e-01 1.066370904445648193e-01 1.555317938327789307e-01 3.428571522235870361e-01 0.000000000000000000e+00 9.746193140745162964e-02 2.384953200817108154e-01 1.051286384463310242e-01 2.184858173131942749e-01 2.820715606212615967e-01 1.609092503786087036e-01 2.871601581573486328e-01 1.447229087352752686e-01 1.073928624391555786e-01 8.697838336229324341e-02 1.701244860887527466e-01 1.173126623034477234e-01 1.384939402341842651e-01 1.876945644617080688e-01 3.583246171474456787e-01 2.434815913438796997e-01 2.015561312437057495e-01 1.138588339090347290e-01 2.228506803512573242e-01 9.709066152572631836e-02 1.995561271905899048e-01 1.313448399305343628e-01 2.992788553237915039e-01 8.154077082872390747e-02 1.831448376178741455e-01 1.045640334486961365e-01 1.323596574366092682e-02 1.545033752918243408e-01 7.669322937726974487e-02
8.635438233613967896e-02 9.271522983908653259e-03 5.896366760134696960e-02 2.538787126541137695e-01 9.746193140745162964e-02 0.000000000000000000e+00 1.443896144628524780e-01 7.746079936623573303e-03 1.236570477485656738e-01 1.898282468318939209e-01 6.445819139480590820e-02 1.951602101325988770e-01 4.793713241815567017e-02 1.003597769886255264e-02 1.057317759841680527e-02 7.388766109943389893e-02 2.008032053709030151e-02 4.159343987703323364e-02 9.191402047872543335e-02 2.703024446964263916e-01 1.495689600706100464e-01 1.061800047755241394e-01 1.658090390264987946e-02 1.281725913286209106e-01 3.748126036953181028e-04 1.041192263364791870e-01 3.432228043675422668e-02 2.078804373741149902e-01 1.604869961738586426e-02 8.724011480808258057e-02 7.175226695835590363e-03 1.105552762746810913e-01 5.791352689266204834e-02 2.092511020600795746e-02
5.876799672842025757e-02 1.352992206811904907e-01 8.615949004888534546e-02 1.136554032564163208e-01 2.384953200817108154e-01 1.443896144628524780e-01 0.000000000000000000e+00 1.367965340614318848e-01 2.110947482287883759e-02 4.671915993094444275e-02 8.068234473466873169e-02 5.224274471402168274e-02 9.712474793195724487e-02 1.345486044883728027e-01 1.547265797853469849e-01 7.126222550868988037e-02 1.246707662940025330e-01 1.034172698855400085e-01 5.318138748407363892e-02 1.310266554355621338e-01 5.293672904372215271e-03 3.880453109741210938e-02 1.281154304742813110e-01 1.652281172573566437e-02 1.447566002607345581e-01 4.088504239916801453e-02 1.106155216693878174e-01 6.545551866292953491e-02 1.600673943758010864e-01 5.787857249379158020e-02 1.373566985130310059e-01 2.509391307830810547e-01 8.720531314611434937e-02 1.648167520761489868e-01
7.866091281175613403e-02 1.525553059764206409e-03 5.124099180102348328e-02 2.466176152229309082e-01 1.051286384463310242e-01 7.746079936623573303e-03 1.367965340614318848e-01 0.000000000000000000e+00 1.160221025347709656e-01 1.823502928018569946e-01 5.674044415354728699e-02 1.876978725194931030e-01 4.020598158240318298e-02 2.290076343342661858e-03 1.831775717437267303e-02 6.617945432662963867e-02 1.233616005629301071e-02 3.385826945304870605e-02 8.422791212797164917e-02 2.631072700023651123e-01 1.419873833656311035e-01 9.851495176553726196e-02 8.835958316922187805e-03 1.205461919307708740e-01 8.120868355035781860e-03 9.645093977451324463e-02 2.658326737582683563e-02 2.004571408033370972e-01 2.379182167351245880e-02 7.954779267311096191e-02 5.708848475478589535e-04 1.182001307606697083e-01 5.018996074795722961e-02 2.866654284298419952e-02
3.770529851317405701e-02 1.145168170332908630e-01 6.516853719949722290e-02 1.344423294067382812e-01 2.184858173131942749e-01 1.236570477485656738e-01 2.110947482287883759e-02 1.160221025347709656e-01 0.000000000000000000e+00 6.776180863380432129e-02 5.967450141906738281e-02 7.327141612768173218e-02 7.617144286632537842e-02 1.137622520327568054e-01 1.340549588203430176e-01 5.022830888628959656e-02 1.038345545530319214e-01 8.248786628246307373e-02 3.210795670747756958e-02 1.517165005207061768e-01 2.640019729733467102e-02 1.770956255495548248e-02 1.072961390018463135e-01 4.588263574987649918e-03 1.240261122584342957e-01 1.979264803230762482e-02 8.971553295850753784e-02 8.644554764032363892e-02 1.394290477037429810e-01 3.681407868862152100e-02 1.165852621197700500e-01 2.310536056756973267e-01 6.621773540973663330e-02 1.442090123891830444e-01
1.051983237266540527e-01 1.808750629425048828e-01 1.323459148406982422e-01 6.729356199502944946e-02 2.820715606212615967e-01 1.898282468318939209e-01 4.671915993094444275e-02 1.823502928018569946e-01 6.776180863380432129e-02 0.000000000000000000e+00 1.269230842590332031e-01 5.537098739296197891e-03 1.431941539049148560e-01 1.801354438066482544e-01 2.000000029802322388e-01 1.175898909568786621e-01 1.703974455595016479e-01 1.494145244359970093e-01 9.965295344591140747e-02 8.482675999402999878e-02 4.143573343753814697e-02 8.536892384290695190e-02 1.737943589687347412e-01 6.319318711757659912e-02 1.901895254850387573e-01 8.743718266487121582e-02 1.565257757902145386e-01 1.879382878541946411e-02 2.052516341209411621e-01 1.043156608939170837e-01 1.829021424055099487e-01 2.942090928554534912e-01 1.333810538053512573e-01 2.099195122718811035e-01
2.201874926686286926e-02 5.521966889500617981e-02 5.515486001968383789e-03 1.925718635320663452e-01 1.609092503786087036e-01 6.445819139480590820e-02 8.068234473466873169e-02 5.674044415354728699e-02 5.967450141906738281e-02 1.269230842590332031e-01 0.000000000000000000e+00 1.323671489953994751e-01 1.657226681709289551e-02 5.445744097232818604e-02 7.498026639223098755e-02 9.474590420722961426e-03 4.443538561463356018e-02 2.292621880769729614e-02 2.761946432292461395e-02 2.094943225383758545e-01 8.593931049108505249e-02 4.200933501124382019e-02 4.792851209640502930e-02 6.424517929553985596e-02 6.483143568038940430e-02 3.992901369929313660e-02 3.020273149013519287e-02 1.453701406717300415e-01 8.042369782924652100e-02 2.291075699031352997e-02 5.730947107076644897e-02 1.737751215696334839e-01 6.569188553839921951e-03 8.526829630136489868e-02
1.106709614396095276e-01 1.862256526947021484e-01 1.377820521593093872e-01 6.177948415279388428e-02 2.871601581573486328e-01 1.951602101325988770e-01 5.224274471402168274e-02 1.876978725194931030e-01 7.327141612768173218e-02 5.537098739296197891e-03 1.323671489953994751e-01 0.000000000000000000e+00 1.486134082078933716e-01 1.854875236749649048e-01 2.053097337484359741e-01 1.230468750000000000e-01 1.757687032222747803e-01 1.548235267400741577e-01 1.051320359110832214e-01 7.932692021131515503e-02 4.696206003427505493e-02 9.086307138204574585e-02 1.791590452194213867e-01 6.870625168085098267e-02 1.955207139253616333e-01 9.292929619550704956e-02 1.619225442409515381e-01 1.325810980051755905e-02 2.105494439601898193e-01 1.097893416881561279e-01 1.882485896348953247e-01 2.992586791515350342e-01 1.388156265020370483e-01 2.152064740657806396e-01
3.857693821191787720e-02 3.868279978632926941e-02 1.105779223144054413e-02 2.084788084030151367e-01 1.447229087352752686e-01 4.793713241815567017e-02 9.712474793195724487e-02 4.020598158240318298e-02 7.617144286632537842e-02 1.431941539049148560e-01 1.657226681709289551e-02 1.486134082078933716e-01 0.000000000000000000e+00 3.791939467191696167e-02 5.848066881299018860e-02 2.604276873171329498e-02 2.788365073502063751e-02 6.356366444379091263e-03 4.417151585221290588e-02 2.252844572067260742e-01 1.023657843470573425e-01 5.854084715247154236e-02 3.138117119669914246e-02 8.073148876428604126e-02 4.831107705831527710e-02 5.646391957998275757e-02 1.363728847354650497e-02 1.615532189607620239e-01 6.393664330244064331e-02 3.946803882718086243e-02 4.077592864632606506e-02 1.576568782329559326e-01 1.000416837632656097e-02 6.879323720932006836e-02
7.638459652662277222e-02 7.645260193385183811e-04 4.895666241645812988e-02 2.444656044244766235e-01 1.073928624391555786e-01 1.003597769886255264e-02 1.345486044883728027e-01 2.290076343342661858e-03 1.137622520327568054e-01 1.801354438066482544e-01 5.445744097232818604e-02 1.854875236749649048e-01 3.791939467191696167e-02 0.000000000000000000e+00 2.060696855187416077e-02 6.389906257390975952e-02 1.004636753350496292e-02 3.157063946127891541e-02 8.195364475250244141e-02 2.609744369983673096e-01 1.397427469491958618e-01 9.624659270048141479e-02 6.546014454215764999e-03 1.182887703180313110e-01 1.041075121611356735e-02 9.418166428804397583e-02 2.429467067122459412e-02 1.982580721378326416e-01 2.608047612011432648e-02 7.727178931236267090e-02 2.860957523807883263e-03 1.204576045274734497e-01 4.790539294481277466e-02 3.095458820462226868e-02
9.683913737535476685e-02 1.984275504946708679e-02 6.949352473020553589e-02 2.637439072132110596e-01 8.697838336229324341e-02 1.057317759841680527e-02 1.547265797853469849e-01 1.831775717437267303e-02 1.340549588203430176e-01 2.000000029802322388e-01 7.498026639223098755e-02 2.053097337484359741e-01 5.848066881299018860e-02 2.060696855187416077e-02 0.000000000000000000e+00 8.439490199089050293e-02 3.064699284732341766e-02 5.214368551969528198e-02 1.023876965045928955e-01 2.800751924514770508e-01 1.598892956972122192e-01 1.166222617030143738e-01 2.714932151138782501e-02 1.385580003261566162e-01 1.019840501248836517e-02 1.145662814378738403e-01 4.487917199730873108e-02 2.179745137691497803e-01 5.476451478898525238e-03 9.772314876317977905e-02 1.774705760180950165e-02 1.000991091132164001e-01 6.844479590654373169e-02 1.035422366112470627e-02
1.254677493125200272e-02 6.466042995452880859e-02 1.498929318040609360e-02 1.834319531917572021e-01 1.701244860887527466e-01 7.388766109943389893e-02 7.126222550868988037e-02 6.617945432662963867e-02 5.022830888628959656e-02 1.175898909568786621e-01 9.474590420722961426e-03 1.230468750000000000e-01 2.604276873171329498e-02 6.389906257390975952e-02 8.439490199089050293e-02 0.000000000000000000e+00 5.388728901743888855e-02 3.239377215504646301e-02 1.814962364733219147e-02 2.004175335168838501e-01 7.652702927589416504e-02 3.254769742488861084e-02 5.737704783678054810e-02 5.480394512414932251e-02 7.426041364669799805e-02 3.046594932675361633e-02 3.966597095131874084e-02 1.360829770565032959e-01 8.982983976602554321e-02 1.343908347189426422e-02 6.674782186746597290e-02 1.829484850168228149e-01 1.604278013110160828e-02 9.466640651226043701e-02
6.638918071985244751e-02 1.081081107258796692e-02 3.892944008111953735e-02 2.349963784217834473e-01 1.173126623034477234e-01 2.008032053709030151e-02 1.246707662940025330e-01 1.233616005629301071e-02 1.038345545530319214e-01 1.703974455595016479e-01 4.443538561463356018e-02 1.757687032222747803e-01 2.788365073502063751e-02 1.004636753350496292e-02 3.064699284732341766e-02 5.388728901743888855e-02 0.000000000000000000e+00 2.153110131621360779e-02 7.196652889251708984e-02 2.515876889228820801e-01 1.298787146806716919e-01 8.628365397453308105e-02 3.500583348795771599e-03 1.083711907267570496e-01 2.045498043298721313e-02 8.421497792005538940e-02 1.425178162753582001e-02 1.885873377323150635e-01 3.611738234758377075e-02 6.727764755487442017e-02 1.290695462375879288e-02 1.303462386131286621e-01 3.787725418806076050e-02 4.098821058869361877e-02
4.492229223251342773e-02 3.233438357710838318e-02 1.741293445229530334e-02 2.145508527755737305e-01 1.384939402341842651e-01 4.159343987703323364e-02 1.034172698855400085e-01 3.385826945304870605e-02 8.248786628246307373e-02 1.494145244359970093e-01 2.292621880769729614e-02 1.548235267400741577e-01 6.356366444379091263e-03 3.157063946127891541e-02 5.214368551969528198e-02 3.239377215504646301e-02 2.153110131621360779e-02 0.000000000000000000e+00 5.051369965076446533e-02 2.313095778226852417e-01 1.086514592170715332e-01 6.487307697534561157e-02 2.502979710698127747e-02 8.704318851232528687e-02 4.196759685873985291e-02 6.279774755239486694e-02 7.281553465873003006e-03 1.677373349666595459e-01 5.760368704795837402e-02 4.581291228532791138e-02 3.442848846316337585e-02 1.514522880315780640e-01 1.635949499905109406e-02 6.246418505907058716e-02
5.604124628007411957e-03 8.271298557519912720e-02 3.312990441918373108e-02 1.658344268798828125e-01 1.876945644617080688e-01 9.191402047872543335e-02 5.318138748407363892e-02 8.422791212797164917e-02 3.210795670747756958e-02 9.965295344591140747e-02 2.761946432292461395e-02 1.051320359110832214e-01 4.417151585221290588e-02 8.195364475250244141e-02 1.023876965045928955e-01 1.814962364733219147e-02 7.196652889251708984e-02 5.051369965076446533e-02 0.000000000000000000e+00 1.829333305358886719e-01 5.845860019326210022e-02 1.440658606588840485e-02 7.544810324907302856e-02 3.669081628322601318e-02 9.228565543889999390e-02 1.232314016669988632e-02 5.777399986982345581e-02 1.182253584265708923e-01 1.078037023544311523e-01 4.711689427495002747e-03 8.479471504688262939e-02 2.004325836896896362e-01 3.418245166540145874e-02 1.126225218176841736e-01
1.883443742990493774e-01 2.616867423057556152e-01 2.147616595029830933e-01 1.763385720551013947e-02 3.583246171474456787e-01 2.703024446964263916e-01 1.310266554355621338e-01 2.631072700023651123e-01 1.517165005207061768e-01 8.482675999402999878e-02 2.094943225383758545e-01 7.932692021131515503e-02 2.252844572067260742e-01 2.609744369983673096e-01 2.800751924514770508e-01 2.004175335168838501e-01 2.515876889228820801e-01 2.313095778226852417e-01 1.829333305358886719e-01 0.000000000000000000e+00 1.258202642202377319e-01 1.689720600843429565e-01 2.548637986183166504e-01 1.472307294607162476e-01 2.706498503684997559e-01 1.709956675767898560e-01 2.381899505853652954e-01 6.613837182521820068e-02 2.851143181324005127e-01 1.874834299087524414e-01 2.636385560035705566e-01 3.698066771030426025e-01 2.157665789127349854e-01 2.895896136760711670e-01
6.404174864292144775e-02 1.404922604560852051e-01 9.141146391630172729e-02 1.084269657731056213e-01 2.434815913438796997e-01 1.495689600706100464e-01 5.293672904372215271e-03 1.419873833656311035e-01 2.640019729733467102e-02 4.143573343753814697e-02 8.593931049108505249e-02 4.696206003427505493e-02 1.023657843470573425e-01 1.397427469491958618e-01 1.598892956972122192e-01 7.652702927589416504e-02 1.298787146806716919e-01 1.086514592170715332e-01 5.845860019326210022e-02 1.258202642202377319e-01 0.000000000000000000e+00 4.408914595842361450e-02 1.333186924457550049e-01 2.181457541882991791e-02 1.499353796243667603e-01 4.616872221231460571e-02 1.158413589000701904e-01 6.018269807100296021e-02 1.652210652828216553e-01 6.315289437770843506e-02 1.425467133522033691e-01 2.558929026126861572e-01 9.245630353689193726e-02 1.699621379375457764e-01
2.000909484922885895e-02 9.700398147106170654e-02 4.751381278038024902e-02 1.517904847860336304e-01 2.015561312437057495e-01 1.061800047755241394e-01 3.880453109741210938e-02 9.851495176553726196e-02 1.770956255495548248e-02 8.536892384290695190e-02 4.200933501124382019e-02 9.086307138204574585e-02 5.854084715247154236e-02 9.624659270048141479e-02 1.166222617030143738e-01 3.254769742488861084e-02 8.628365397453308105e-02 6.487307697534561157e-02 1.440658606588840485e-02 1.689720600843429565e-01 4.408914595842361450e-02 0.000000000000000000e+00 8.975712954998016357e-02 2.229601517319679260e-02 1.065505817532539368e-01 2.083815634250640869e-03 7.212056219577789307e-02 1.039959043264389038e-01 1.220207810401916504e-01 1.911697722971439362e-02 9.908026456832885742e-02 2.142205983400344849e-01 4.856512323021888733e-02 1.268233358860015869e-01
6.987351924180984497e-02 7.310504093766212463e-03 4.242424294352531433e-02 2.383009344339370728e-01 1.138588339090347290e-01 1.658090390264987946e-02 1.281154304742813110e-01 8.835958316922187805e-03 1.072961390018463135e-01 1.737943589687347412e-01 4.792851209640502930e-02 1.791590452194213867e-01 3.138117119669914246e-02 6.546014454215764999e-03 2.714932151138782501e-02 5.737704783678054810e-02 3.500583348795771599e-03 2.502979710698127747e-02 7.544810324907302856e-02 2.548637986183166504e-01 1.333186924457550049e-01 8.975712954998016357e-02 0.000000000000000000e+00 1.118293479084968567e-01 1.695561036467552185e-02 8.768971264362335205e-02 1.775147952139377594e-02 1.919611990451812744e-01 3.262092173099517822e-02 7.076156884431838989e-02 9.406795725226402283e-03 1.269035488367080688e-01 4.137235134840011597e-02 3.749300539493560791e-02
4.228624701499938965e-02 1.190425306558609009e-01 6.973595172166824341e-02 1.299342066049575806e-01 2.228506803512573242e-01 1.281725913286209106e-01 1.652281172573566437e-02 1.205461919307708740e-01 4.588263574987649918e-03 6.319318711757659912e-02 6.424517929553985596e-02 6.870625168085098267e-02 8.073148876428604126e-02 1.182887703180313110e-01 1.385580003261566162e-01 5.480394512414932251e-02 1.083711907267570496e-01 8.704318851232528687e-02 3.669081628322601318e-02 1.472307294607162476e-01 2.181457541882991791e-02 2.229601517319679260e-02 1.118293479084968567e-01 0.000000000000000000e+00 1.285412311553955078e-01 2.437869831919670105e-02 9.426499903202056885e-02 8.188976347446441650e-02 1.439252346754074097e-01 4.139534756541252136e-02 1.211087405681610107e-01 2.353923171758651733e-01 7.078448683023452759e-02 1.486988812685012817e-01
8.672638237476348877e-02 9.646302089095115662e-03 5.933716893196105957e-02 2.542293369770050049e-01 9.709066152572631836e-02 3.748126036953181028e-04 1.447566002607345581e-01 8.120868355035781860e-03 1.240261122584342957e-01 1.901895254850387573e-01 6.483143568038940430e-02 1.955207139253616333e-01 4.831107705831527710e-02 1.041075121611356735e-02 1.019840501248836517e-02 7.426041364669799805e-02 2.045498043298721313e-02 4.196759685873985291e-02 9.228565543889999390e-02 2.706498503684997559e-01 1.499353796243667603e-01 1.065505817532539368e-01 1.695561036467552185e-02 1.285412311553955078e-01 0.000000000000000000e+00 1.044899672269821167e-01 3.469664603471755981e-02 2.082390189170837402e-01 1.567398197948932648e-02 8.761206269264221191e-02 7.550018839538097382e-03 1.101850271224975586e-01 5.828707292675971985e-02 2.055045962333679199e-02
1.792602613568305969e-02 9.493935853242874146e-02 4.543449357151985168e-02 1.538256406784057617e-01 1.995561271905899048e-01 1.041192263364791870e-01 4.088504239916801453e-02 9.645093977451324463e-02 1.979264803230762482e-02 8.743718266487121582e-02 3.992901369929313660e-02 9.292929619550704956e-02 5.646391957998275757e-02 9.418166428804397583e-02 1.145662814378738403e-01 3.046594932675361633e-02 8.421497792005538940e-02 6.279774755239486694e-02 1.232314016669988632e-02 1.709956675767898560e-01 4.616872221231460571e-02 2.083815634250640869e-03 8.768971264362335205e-02 2.437869831919670105e-02 1.044899672269821167e-01 0.000000000000000000e+00 7.004727423191070557e-02 1.060567349195480347e-01 1.199674680829048157e-01 1.703384146094322205e-02 9.701648354530334473e-02 2.122315317392349243e-01 4.648600891232490540e-02 1.247724965214729309e-01
5.218677222728729248e-02 2.505873143672943115e-02 2.469135820865631104e-02 2.214863896369934082e-01 1.313448399305343628e-01 3.432228043675422668e-02 1.106155216693878174e-01 2.658326737582683563e-02 8.971553295850753784e-02 1.565257757902145386e-01 3.020273149013519287e-02 1.619225442409515381e-01 1.363728847354650497e-02 2.429467067122459412e-02 4.487917199730873108e-02 3.966597095131874084e-02 1.425178162753582001e-02 7.281553465873003006e-03 5.777399986982345581e-02 2.381899505853652954e-01 1.158413589000701904e-01 7.212056219577789307e-02 1.775147952139377594e-02 9.426499903202056885e-02 3.469664603471755981e-02 7.004727423191070557e-02 0.000000000000000000e+00 1.748053729534149170e-01 5.034324899315834045e-02 5.307675898075103760e-02 2.715374156832695007e-02 1.443298906087875366e-01 2.363823167979717255e-02 5.520774051547050476e-02
1.237474977970123291e-01 1.989924460649490356e-01 1.507647484540939331e-01 4.856115207076072693e-02 2.992788553237915039e-01 2.078804373741149902e-01 6.545551866292953491e-02 2.004571408033370972e-01 8.644554764032363892e-02 1.879382878541946411e-02 1.453701406717300415e-01 1.325810980051755905e-02 1.615532189607620239e-01 1.982580721378326416e-01 2.179745137691497803e-01 1.360829770565032959e-01 1.885873377323150635e-01 1.677373349666595459e-01 1.182253584265708923e-01 6.613837182521820068e-02 6.018269807100296021e-02 1.039959043264389038e-01 1.919611990451812744e-01 8.188976347446441650e-02 2.082390189170837402e-01 1.060567349195480347e-01 1.748053729534149170e-01 0.000000000000000000e+00 2.231845408678054810e-01 1.228686049580574036e-01 2.010050266981124878e-01 3.112817406654357910e-01 1.517943739891052246e-01 2.278145700693130493e-01
1.022613570094108582e-01 2.531645633280277252e-02 7.494144886732101440e-02 2.688320577144622803e-01 8.154077082872390747e-02 1.604869961738586426e-02 1.600673943758010864e-01 2.379182167351245880e-02 1.394290477037429810e-01 2.052516341209411621e-01 8.042369782924652100e-02 2.105494439601898193e-01 6.393664330244064331e-02 2.608047612011432648e-02 5.476451478898525238e-03 8.982983976602554321e-02 3.611738234758377075e-02 5.760368704795837402e-02 1.078037023544311523e-01 2.851143181324005127e-01 1.652210652828216553e-01 1.220207810401916504e-01 3.262092173099517822e-02 1.439252346754074097e-01 1.567398197948932648e-02 1.199674680829048157e-01 5.034324899315834045e-02 2.231845408678054810e-01 0.000000000000000000e+00 1.031443998217582703e-01 2.322125248610973358e-02 9.467455744743347168e-02 7.389354705810546875e-02 4.878048785030841827e-03
8.924587164074182510e-04 7.803170382976531982e-02 2.842265181243419647e-02 1.704129576683044434e-01 1.831448376178741455e-01 8.724011480808258057e-02 5.787857249379158020e-02 7.954779267311096191e-02 3.681407868862152100e-02 1.043156608939170837e-01 2.291075699031352997e-02 1.097893416881561279e-01 3.946803882718086243e-02 7.727178931236267090e-02 9.772314876317977905e-02 1.343908347189426422e-02 6.727764755487442017e-02 4.581291228532791138e-02 4.711689427495002747e-03 1.874834299087524414e-01 6.315289437770843506e-02 1.911697722971439362e-02 7.076156884431838989e-02 4.139534756541252136e-02 8.761206269264221191e-02 1.703384146094322205e-02 5.307675898075103760e-02 1.228686049580574036e-01 1.031443998217582703e-01 0.000000000000000000e+00 8.011503517627716064e-02 1.959059089422225952e-01 2.947551012039184570e-02 1.079681292176246643e-01
7.922824472188949585e-02 2.096435986459255219e-03 5.181036144495010376e-02 2.471536993980407715e-01 1.045640334486961365e-01 7.175226695835590363e-03 1.373566985130310059e-01 5.708848475478589535e-04 1.165852621197700500e-01 1.829021424055099487e-01 5.730947107076644897e-02 1.882485896348953247e-01 4.077592864632606506e-02 2.860957523807883263e-03 1.774705760180950165e-02 6.674782186746597290e-02 1.290695462375879288e-02 3.442848846316337585e-02 8.479471504688262939e-02 2.636385560035705566e-01 1.425467133522033691e-01 9.908026456832885742e-02 9.406795725226402283e-03 1.211087405681610107e-01 7.550018839538097382e-03 9.701648354530334473e-02 2.715374156832695007e-02 2.010050266981124878e-01 2.322125248610973358e-02 8.011503517627716064e-02 0.000000000000000000e+00 1.176371872425079346e-01 5.075939372181892395e-02 2.809611894190311432e-02
1.950475573539733887e-01 1.197041049599647522e-01 1.684210598468780518e-01 3.544844388961791992e-01 1.323596574366092682e-02 1.105552762746810913e-01 2.509391307830810547e-01 1.182001307606697083e-01 2.310536056756973267e-01 2.942090928554534912e-01 1.737751215696334839e-01 2.992586791515350342e-01 1.576568782329559326e-01 1.204576045274734497e-01 1.000991091132164001e-01 1.829484850168228149e-01 1.303462386131286621e-01 1.514522880315780640e-01 2.004325836896896362e-01 3.698066771030426025e-01 2.558929026126861572e-01 2.142205983400344849e-01 1.269035488367080688e-01 2.353923171758651733e-01 1.101850271224975586e-01 2.122315317392349243e-01 1.443298906087875366e-01 3.112817406654357910e-01 9.467455744743347168e-02 1.959059089422225952e-01 1.176371872425079346e-01 0.000000000000000000e+00 1.673970222473144531e-01 8.983799815177917480e-02
2.858380228281021118e-02 4.866813495755195618e-02 1.053740736097097397e-03 1.988894492387771606e-01 1.545033752918243408e-01 5.791352689266204834e-02 8.720531314611434937e-02 5.018996074795722961e-02 6.621773540973663330e-02 1.333810538053512573e-01 6.569188553839921951e-03 1.388156265020370483e-01 1.000416837632656097e-02 4.790539294481277466e-02 6.844479590654373169e-02 1.604278013110160828e-02 3.787725418806076050e-02 1.635949499905109406e-02 3.418245166540145874e-02 2.157665789127349854e-01 9.245630353689193726e-02 4.856512323021888733e-02 4.137235134840011597e-02 7.078448683023452759e-02 5.828707292675971985e-02 4.648600891232490540e-02 2.363823167979717255e-02 1.517943739891052246e-01 7.389354705810546875e-02 2.947551012039184570e-02 5.075939372181892395e-02 1.673970222473144531e-01 0.000000000000000000e+00 7.874321192502975464e-02
1.070859879255294800e-01 3.019077517092227936e-02 7.979033142328262329e-02 2.733516395092010498e-01 7.669322937726974487e-02 2.092511020600795746e-02 1.648167520761489868e-01 2.866654284298419952e-02 1.442090123891830444e-01 2.099195122718811035e-01 8.526829630136489868e-02 2.152064740657806396e-01 6.879323720932006836e-02 3.095458820462226868e-02 1.035422366112470627e-02 9.466640651226043701e-02 4.098821058869361877e-02 6.246418505907058716e-02 1.126225218176841736e-01 2.895896136760711670e-01 1.699621379375457764e-01 1.268233358860015869e-01 3.749300539493560791e-02 1.486988812685012817e-01 2.055045962333679199e-02 1.247724965214729309e-01 5.520774051547050476e-02 2.278145700693130493e-01 4.878048785030841827e-03 1.079681292176246643e-01 2.809611894190311432e-02 8.983799815177917480e-02 7.874321192502975464e-02 0.000000000000000000e+00
