0.000000000000000000e+00 5.548089742660522461e-02 8.121927082538604736e-02 1.057924404740333557e-01 6.781960278749465942e-02 3.221263736486434937e-02 5.710440129041671753e-02 1.186196971684694290e-02 7.761662453413009644e-02 7.361843436956405640e-02 4.425451159477233887e-02 5.649500340223312378e-02 3.151969984173774719e-02 4.165940359234809875e-02 1.097319647669792175e-02 4.465134069323539734e-02 1.345774251967668533e-02 4.783685877919197083e-02 4.049962013959884644e-02 1.707836389541625977e-01 1.273323744535446167e-01 3.677164018154144287e-02 3.326442465186119080e-02 6.036644056439399719e-02 5.370051786303520203e-02 1.136317625641822815e-01 4.803659766912460327e-02 1.416112929582595825e-01 8.014053851366043091e-02 6.098031625151634216e-02 4.584363847970962524e-02 6.591913104057312012e-02 4.465682059526443481e-02 5.321164056658744812e-02
5.548089742660522461e-02 0.000000000000000000e+00 2.585487999022006989e-02 5.060858279466629028e-02 1.228382959961891174e-01 8.753709495067596436e-02 1.628664438612759113e-03 6.729857623577117920e-02 2.223145589232444763e-02 1.821191981434822083e-02 1.125401910394430161e-02 1.017294009216129780e-03 2.400317415595054626e-02 9.691630303859710693e-02 6.641366332769393921e-02 1.085645332932472229e-02 6.888720393180847168e-02 7.664380595088005066e-03 1.501501537859439850e-02 1.164057180285453796e-01 7.236268371343612671e-02 1.874750666320323944e-02 2.225755155086517334e-02 4.901960957795381546e-03 1.088570877909660339e-01 5.851979181170463562e-02 7.464191876351833344e-03 8.681245893239974976e-02 1.350210905075073242e-01 5.518087185919284821e-03 9.661835618317127228e-03 1.209576576948165894e-01 9.989023208618164062e-02 1.083725988864898682e-01
8.121927082538604736e-02 2.585487999022006989e-02 0.000000000000000000e+00 2.478613704442977905e-02 1.482224315404891968e-01 1.131359115242958069e-01 2.422723546624183655e-02 9.299165010452270508e-02 3.625506535172462463e-03 7.646559271961450577e-03 3.709810227155685425e-02 2.483823895454406738e-02 4.982712864875793457e-02 1.224643141031265259e-01 9.211038053035736084e-02 3.670103102922439575e-02 9.457364678382873535e-02 3.351261839270591736e-02 4.085403308272361755e-02 9.082418680191040039e-02 4.659498110413551331e-02 4.458077624440193176e-02 4.808475822210311890e-02 2.095557376742362976e-02 1.343338936567306519e-01 3.271441161632537842e-02 3.331264108419418335e-02 6.109470874071121216e-02 1.603163182735443115e-01 2.033969387412071228e-02 3.550784289836883545e-02 1.463548392057418823e-01 1.254211962223052979e-01 1.338524222373962402e-01
1.057924404740333557e-01 5.060858279466629028e-02 2.478613704442977905e-02 0.000000000000000000e+00 1.723752766847610474e-01 1.375363767147064209e-01 4.898395761847496033e-02 1.175069436430931091e-01 2.840909175574779510e-02 3.242655098438262939e-02 6.182739138603210449e-02 4.959384351968765259e-02 7.452122867107391357e-02 1.468048393726348877e-01 1.166302412748336792e-01 6.143128499388694763e-02 1.190806403756141663e-01 5.825037136673927307e-02 6.557376682758331299e-02 6.618705391883850098e-02 2.183406054973602295e-02 6.929034739732742310e-02 7.278414815664291382e-02 4.571796581149101257e-02 1.585919708013534546e-01 7.934709079563617706e-03 5.805084854364395142e-02 3.636363521218299866e-02 1.843698471784591675e-01 4.510309174656867981e-02 6.024096533656120300e-02 1.705223917961120605e-01 1.497418284416198730e-01 1.581139862537384033e-01
6.781960278749465942e-02 1.228382959961891174e-01 1.482224315404891968e-01 1.723752766847610474e-01 0.000000000000000000e+00 3.568492084741592407e-02 1.244420632719993591e-01 5.600268393754959106e-02 1.446746587753295898e-01 1.407353729009628296e-01 1.117387488484382629e-01 1.238401159644126892e-01 9.912739694118499756e-02 2.623431570827960968e-02 5.688874050974845886e-02 1.121313795447349548e-01 5.441151931881904602e-02 1.152824535965919495e-01 1.080225184559822083e-01 2.358712702989578247e-01 1.934811472892761230e-01 1.043310537934303284e-01 1.008564904332160950e-01 1.276633888483047485e-01 1.417069230228662491e-02 1.800637096166610718e-01 1.154799833893775940e-01 2.074386477470397949e-01 1.238827034831047058e-02 1.282694339752197266e-01 1.133109405636787415e-01 1.909004175104200840e-03 2.323314361274242401e-02 1.466086693108081818e-02
3.221263736486434937e-02 8.753709495067596436e-02 1.131359115242958069e-01 1.375363767147064209e-01 3.568492084741592407e-02 0.000000000000000000e+00 8.915304392576217651e-02 2.035844698548316956e-02 1.095553487539291382e-01 1.055806949734687805e-01 7.635829597711563110e-02 8.854649960994720459e-02 6.366769224405288696e-02 9.459459222853183746e-03 2.124695293605327606e-02 7.675357908010482788e-02 1.876302994787693024e-02 7.992633432149887085e-02 7.261752337217330933e-02 2.018856257200241089e-01 1.588932871818542480e-01 6.890266388654708862e-02 6.540697813034057617e-02 9.239940345287322998e-02 2.152511291205883026e-02 1.453125029802322388e-01 8.012524992227554321e-02 1.730346083641052246e-01 4.805194959044456482e-02 9.301025420427322388e-02 7.794117927551269531e-02 3.377821668982505798e-02 1.246210839599370956e-02 2.103505842387676239e-02
5.710440129041671753e-02 1.628664438612759113e-03 2.422723546624183655e-02 4.898395761847496033e-02 1.244420632719993591e-01 8.915304392576217651e-02 0.000000000000000000e+00 6.891968846321105957e-02 2.060353755950927734e-02 1.658374816179275513e-02 1.288244780153036118e-02 6.113715353421866894e-04 2.563083730638027191e-02 9.852941334247589111e-02 6.803496927022933960e-02 1.248489692807197571e-02 7.050795853137969971e-02 9.292929433286190033e-03 1.664327271282672882e-02 1.147988215088844299e-01 7.074236124753952026e-02 2.037554979324340820e-02 2.388535067439079285e-02 3.273322479799389839e-03 1.104661673307418823e-01 5.689655244350433350e-02 9.092746302485466003e-03 8.519583940505981445e-02 1.366197168827056885e-01 3.889457555487751961e-03 1.129032298922538757e-02 1.225621774792671204e-01 1.015023812651634216e-01 1.099818497896194458e-01
1.186196971684694290e-02 6.729857623577117920e-02 9.299165010452270508e-02 1.175069436430931091e-01 5.600268393754959106e-02 2.035844698548316956e-02 6.891968846321105957e-02 0.000000000000000000e+00 8.939628303050994873e-02 8.540581911802291870e-02 5.608703941106796265e-02 6.831119209527969360e-02 4.336545616388320923e-02 2.981216646730899811e-02 8.888888987712562084e-04 5.648339167237281799e-02 1.596027635969221592e-03 5.966497212648391724e-02 5.233644694089889526e-02 1.822763532400131226e-01 1.389844268560409546e-01 4.861240461468696594e-02 4.510859400033950806e-02 7.217672467231750488e-02 4.186521470546722412e-02 1.253248006105422974e-01 5.986445769667625427e-02 1.532159000635147095e-01 6.834353506565093994e-02 7.278963178396224976e-02 5.767424404621124268e-02 5.409946292638778687e-02 3.281223028898239136e-02 4.137578606605529785e-02
7.761662453413009644e-02 2.223145589232444763e-02 3.625506535172462463e-03 2.840909175574779510e-02 1.446746587753295898e-01 1.095553487539291382e-01 2.060353755950927734e-02 8.939628303050994873e-02 0.000000000000000000e+00 4.021164029836654663e-03 3.347710147500038147e-02 2.121464163064956665e-02 4.620997235178947449e-02 1.188915967941284180e-01 8.851443231105804443e-02 3.307992592453956604e-02 9.097933024168014526e-02 2.989074401557445526e-02 3.723404183983802795e-02 9.441860765218734741e-02 5.021200701594352722e-02 4.096189141273498535e-02 4.446700587868690491e-02 1.733138412237167358e-02 1.307720690965652466e-01 3.633560985326766968e-02 2.969072200357913971e-02 6.470588594675064087e-02 1.567819416522979736e-01 1.671542041003704071e-02 3.188644349575042725e-02 1.428050994873046875e-01 1.218510940670967102e-01 1.302901506423950195e-01
7.361843436956405640e-02 1.821191981434822083e-02 7.646559271961450577e-03 3.242655098438262939e-02 1.407353729009628296e-01 1.055806949734687805e-01 1.658374816179275513e-02 8.540581911802291870e-02 4.021164029836654663e-03 0.000000000000000000e+00 2.945990115404129028e-02 1.719494536519050598e-02 4.219665005803108215e-02 1.149253696203231812e-01 8.452335000038146973e-02 2.906262874603271484e-02 8.698999136686325073e-02 2.587269060313701630e-02 3.321785107254981995e-02 9.840241074562072754e-02 5.422222241759300232e-02 3.694681450724601746e-02 4.045307263731956482e-02 1.331114768981933594e-02 1.268175989389419556e-01 4.035087674856185913e-02 2.567262202501296997e-02 6.870917230844497681e-02 1.528571397066116333e-01 1.269510947167873383e-02 2.786885201930999756e-02 1.388636827468872070e-01 1.178876906633377075e-01 1.263351738452911377e-01
4.425451159477233887e-02 1.125401910394430161e-02 3.709810227155685425e-02 6.182739138603210449e-02 1.117387488484382629e-01 7.635829597711563110e-02 1.288244780153036118e-02 5.608703941106796265e-02 3.347710147500038147e-02 2.945990115404129028e-02 0.000000000000000000e+00 1.227117236703634262e-02 1.275260001420974731e-02 8.575581759214401245e-02 5.520090088248252869e-02 3.976143198087811470e-04 5.767790228128433228e-02 3.589948173612356186e-03 3.761631436645984650e-03 1.274927109479904175e-01 8.354866504669189453e-02 7.495068944990634918e-03 1.100628916174173355e-02 1.615508832037448883e-02 9.772279113531112671e-02 6.972789019346237183e-02 3.790145507082343102e-03 9.797076135873794556e-02 1.239554286003112793e-01 1.677106507122516632e-02 1.592356711626052856e-03 1.098531782627105713e-01 8.873596787452697754e-02 9.723716974258422852e-02
5.649500340223312378e-02 1.017294009216129780e-03 2.483823895454406738e-02 4.959384351968765259e-02 1.238401159644126892e-01 8.854649960994720459e-02 6.113715353421866894e-04 6.831119209527969360e-02 2.121464163064956665e-02 1.719494536519050598e-02 1.227117236703634262e-02 0.000000000000000000e+00 2.501985616981983185e-02 9.792394191026687622e-02 6.742639839649200439e-02 1.187361683696508408e-02 6.989960372447967529e-02 8.681607432663440704e-03 1.603206433355808258e-02 1.154020875692367554e-01 7.135064154863357544e-02 1.976442337036132812e-02 2.327431924641132355e-02 3.884686157107353210e-03 1.098622158169746399e-01 5.750592425465583801e-02 8.481421507894992828e-03 8.580274134874343872e-02 1.360197067260742188e-01 4.500818438827991486e-03 1.067902520298957825e-02 1.219599395990371704e-01 1.008972749114036560e-01 1.093778312206268311e-01
3.151969984173774719e-02 2.400317415595054626e-02 4.982712864875793457e-02 7.452122867107391357e-02 9.912739694118499756e-02 6.366769224405288696e-02 2.563083730638027191e-02 4.336545616388320923e-02 4.620997235178947449e-02 4.219665005803108215e-02 1.275260001420974731e-02 2.501985616981983185e-02 0.000000000000000000e+00 7.308313995599746704e-02 4.247820377349853516e-02 1.315014716237783432e-02 4.495837166905403137e-02 1.634179987013339996e-02 8.991399779915809631e-03 1.400176733732223511e-01 9.619876742362976074e-02 5.258033052086830139e-03 1.746555441059172153e-03 2.890173345804214478e-02 8.507621288299560547e-02 8.240721374750137329e-02 1.654194481670856476e-02 1.105851978063583374e-01 1.113788932561874390e-01 2.951735071837902069e-02 1.434466522186994553e-02 9.723679721355438232e-02 7.606944441795349121e-02 8.458946645259857178e-02
4.165940359234809875e-02 9.691630303859710693e-02 1.224643141031265259e-01 1.468048393726348877e-01 2.623431570827960968e-02 9.459459222853183746e-03 9.852941334247589111e-02 2.981216646730899811e-02 1.188915967941284180e-01 1.149253696203231812e-01 8.575581759214401245e-02 9.792394191026687622e-02 7.308313995599746704e-02 0.000000000000000000e+00 3.070024214684963226e-02 8.615048974752426147e-02 2.821748144924640656e-02 8.931826800107955933e-02 8.202064037322998047e-02 2.109422534704208374e-01 1.681000739336013794e-01 7.831107825040817261e-02 7.482014596462249756e-02 1.017699092626571655e-01 1.206811051815748215e-02 1.545595079660415649e-01 8.951686322689056396e-02 1.821958422660827637e-01 3.861003741621971130e-02 1.023796349763870239e-01 8.733624219894409180e-02 2.432653121650218964e-02 3.003003075718879700e-03 1.157790236175060272e-02
1.097319647669792175e-02 6.641366332769393921e-02 9.211038053035736084e-02 1.166302412748336792e-01 5.688874050974845886e-02 2.124695293605327606e-02 6.803496927022933960e-02 8.888888987712562084e-04 8.851443231105804443e-02 8.452335000038146973e-02 5.520090088248252869e-02 6.742639839649200439e-02 4.247820377349853516e-02 3.070024214684963226e-02 0.000000000000000000e+00 5.559729412198066711e-02 2.484912984073162079e-03 5.877920240163803101e-02 5.144995450973510742e-02 1.814168542623519897e-01 1.381125897169113159e-01 4.772557690739631653e-02 4.422147944569587708e-02 7.129241526126861572e-02 4.275251179933547974e-02 1.244497820734977722e-01 5.897870659828186035e-02 1.523477584123611450e-01 6.922822445631027222e-02 7.190539687871932983e-02 5.678826570510864258e-02 5.498570576310157776e-02 3.370013833045959473e-02 4.226312041282653809e-02
4.465134069323539734e-02 1.085645332932472229e-02 3.670103102922439575e-02 6.143128499388694763e-02 1.121313795447349548e-01 7.675357908010482788e-02 1.248489692807197571e-02 5.648339167237281799e-02 3.307992592453956604e-02 2.906262874603271484e-02 3.976143198087811470e-04 1.187361683696508408e-02 1.315014716237783432e-02 8.615048974752426147e-02 5.559729412198066711e-02 0.000000000000000000e+00 5.807418376207351685e-02 3.192338394001126289e-03 4.159239586442708969e-03 1.271015405654907227e-01 8.315381407737731934e-02 7.892659865319728851e-03 1.140385400503873825e-02 1.575757563114166260e-02 9.811659157276153564e-02 6.933219730854034424e-02 3.392536425963044167e-03 9.757694602012634277e-02 1.243469193577766418e-01 1.637355983257293701e-02 1.194743090309202671e-03 1.102459728717803955e-01 8.913043141365051270e-02 9.763101488351821899e-02
1.345774251967668533e-02 6.888720393180847168e-02 9.457364678382873535e-02 1.190806403756141663e-01 5.441151931881904602e-02 1.876302994787693024e-02 7.050795853137969971e-02 1.596027635969221592e-03 9.097933024168014526e-02 8.698999136686325073e-02 5.767790228128433228e-02 6.989960372447967529e-02 4.495837166905403137e-02 2.821748144924640656e-02 2.484912984073162079e-03 5.807418376207351685e-02 0.000000000000000000e+00 6.125516816973686218e-02 5.392797291278839111e-02 1.838189065456390381e-01 1.405492722988128662e-01 5.020453780889511108e-02 4.670125991106033325e-02 7.376425713300704956e-02 4.027187824249267578e-02 1.268954575061798096e-01 6.145461276173591614e-02 1.547740697860717773e-01 6.675478816032409668e-02 7.437702268362045288e-02 5.926481634378433228e-02 5.250796675682067871e-02 3.121783956885337830e-02 3.978238627314567566e-02
4.783685877919197083e-02 7.664380595088005066e-03 3.351261839270591736e-02 5.825037136673927307e-02 1.152824535965919495e-01 7.992633432149887085e-02 9.292929433286190033e-03 5.966497212648391724e-02 2.989074401557445526e-02 2.587269060313701630e-02 3.589948173612356186e-03 8.681607432663440704e-03 1.634179987013339996e-02 8.931826800107955933e-02 5.877920240163803101e-02 3.192338394001126289e-03 6.125516816973686218e-02 0.000000000000000000e+00 7.351480424404144287e-03 1.239595040678977966e-01 7.998270541429519653e-02 1.108471862971782684e-02 1.459566038101911545e-02 1.256586983799934387e-02 1.012772098183631897e-01 6.615450233221054077e-02 2.002002001972869039e-04 9.441401809453964233e-02 1.274886429309844971e-01 1.318190991878509521e-02 1.997602870687842369e-03 1.133984029293060303e-01 9.229651093482971191e-02 1.007919386029243469e-01
4.049962013959884644e-02 1.501501537859439850e-02 4.085403308272361755e-02 6.557376682758331299e-02 1.080225184559822083e-01 7.261752337217330933e-02 1.664327271282672882e-02 5.233644694089889526e-02 3.723404183983802795e-02 3.321785107254981995e-02 3.761631436645984650e-03 1.603206433355808258e-02 8.991399779915809631e-03 8.202064037322998047e-02 5.144995450973510742e-02 4.159239586442708969e-03 5.392797291278839111e-02 7.351480424404144287e-03 0.000000000000000000e+00 1.311914324760437012e-01 8.728286623954772949e-02 3.733542980626225471e-03 7.244958076626062393e-03 1.991550996899604797e-02 9.399571269750595093e-02 7.347024977207183838e-02 7.551669143140316010e-03 1.016949117183685303e-01 1.202498674392700195e-01 2.053140103816986084e-02 5.353956017643213272e-03 1.061354056000709534e-01 8.500270545482635498e-02 9.350974112749099731e-02
1.707836389541625977e-01 1.164057180285453796e-01 9.082418680191040039e-02 6.618705391883850098e-02 2.358712702989578247e-01 2.018856257200241089e-01 1.147988215088844299e-01 1.822763532400131226e-01 9.441860765218734741e-02 9.840241074562072754e-02 1.274927109479904175e-01 1.154020875692367554e-01 1.400176733732223511e-01 2.109422534704208374e-01 1.814168542623519897e-01 1.271015405654907227e-01 1.838189065456390381e-01 1.239595040678977966e-01 1.311914324760437012e-01 0.000000000000000000e+00 4.441717639565467834e-02 1.348589211702346802e-01 1.383049339056015015e-01 1.115674227476119995e-01 2.224440872669219971e-01 5.828294903039932251e-02 1.237623766064643860e-01 2.989536710083484650e-02 2.475362271070480347e-01 1.109589040279388428e-01 1.259259283542633057e-01 2.340676635503768921e-01 2.138098180294036865e-01 2.219780236482620239e-01
1.273323744535446167e-01 7.236268371343612671e-02 4.659498110413551331e-02 2.183406054973602295e-02 1.934811472892761230e-01 1.588932871818542480e-01 7.074236124753952026e-02 1.389844268560409546e-01 5.021200701594352722e-02 5.422222241759300232e-02 8.354866504669189453e-02 7.135064154863357544e-02 9.619876742362976074e-02 1.681000739336013794e-01 1.381125897169113159e-01 8.315381407737731934e-02 1.405492722988128662e-01 7.998270541429519653e-02 8.728286623954772949e-02 4.441717639565467834e-02 0.000000000000000000e+00 9.098675847053527832e-02 9.446808695793151855e-02 6.748466193675994873e-02 1.798034310340881348e-01 1.390176080167293549e-02 7.978378236293792725e-02 1.454112026840448380e-02 2.053771466016769409e-01 6.687130033969879150e-02 8.196721225976943970e-02 1.916429251432418823e-01 1.710167527198791504e-01 1.793289631605148315e-01
3.677164018154144287e-02 1.874750666320323944e-02 4.458077624440193176e-02 6.929034739732742310e-02 1.043310537934303284e-01 6.890266388654708862e-02 2.037554979324340820e-02 4.861240461468696594e-02 4.096189141273498535e-02 3.694681450724601746e-02 7.495068944990634918e-03 1.976442337036132812e-02 5.258033052086830139e-03 7.831107825040817261e-02 4.772557690739631653e-02 7.892659865319728851e-03 5.020453780889511108e-02 1.108471862971782684e-02 3.733542980626225471e-03 1.348589211702346802e-01 9.098675847053527832e-02 0.000000000000000000e+00 3.511509858071804047e-03 2.364729531109333038e-02 9.029385447502136230e-02 7.718262076377868652e-02 1.128489430993795395e-02 1.053884476423263550e-01 1.165686622262001038e-01 2.426308393478393555e-02 9.087317623198032379e-03 1.024424508213996887e-01 8.129496127367019653e-02 8.980755507946014404e-02
3.326442465186119080e-02 2.225755155086517334e-02 4.808475822210311890e-02 7.278414815664291382e-02 1.008564904332160950e-01 6.540697813034057617e-02 2.388535067439079285e-02 4.510859400033950806e-02 4.446700587868690491e-02 4.045307263731956482e-02 1.100628916174173355e-02 2.327431924641132355e-02 1.746555441059172153e-03 7.482014596462249756e-02 4.422147944569587708e-02 1.140385400503873825e-02 4.670125991106033325e-02 1.459566038101911545e-02 7.244958076626062393e-03 1.383049339056015015e-01 9.446808695793151855e-02 3.511509858071804047e-03 0.000000000000000000e+00 2.715655043721199036e-02 8.680987358093261719e-02 8.067227154970169067e-02 1.479581743478775024e-02 1.088596656918525696e-01 1.131034493446350098e-01 2.777222730219364166e-02 1.259842514991760254e-02 9.896654635667800903e-02 7.780566811561584473e-02 8.632326871156692505e-02
6.036644056439399719e-02 4.901960957795381546e-03 2.095557376742362976e-02 4.571796581149101257e-02 1.276633888483047485e-01 9.239940345287322998e-02 3.273322479799389839e-03 7.217672467231750488e-02 1.733138412237167358e-02 1.331114768981933594e-02 1.615508832037448883e-02 3.884686157107353210e-03 2.890173345804214478e-02 1.017699092626571655e-01 7.129241526126861572e-02 1.575757563114166260e-02 7.376425713300704956e-02 1.256586983799934387e-02 1.991550996899604797e-02 1.115674227476119995e-01 6.748466193675994873e-02 2.364729531109333038e-02 2.715655043721199036e-02 0.000000000000000000e+00 1.136983782052993774e-01 5.363321676850318909e-02 1.236570067703723907e-02 8.194536715745925903e-02 1.398305147886276245e-01 6.161429337225854397e-04 1.456310693174600601e-02 1.257850378751754761e-01 1.047409027814865112e-01 1.132144182920455933e-01
5.370051786303520203e-02 1.088570877909660339e-01 1.343338936567306519e-01 1.585919708013534546e-01 1.417069230228662491e-02 2.152511291205883026e-02 1.104661673307418823e-01 4.186521470546722412e-02 1.307720690965652466e-01 1.268175989389419556e-01 9.772279113531112671e-02 1.098622158169746399e-01 8.507621288299560547e-02 1.206811051815748215e-02 4.275251179933547974e-02 9.811659157276153564e-02 4.027187824249267578e-02 1.012772098183631897e-01 9.399571269750595093e-02 2.224440872669219971e-01 1.798034310340881348e-01 9.029385447502136230e-02 8.680987358093261719e-02 1.136983782052993774e-01 0.000000000000000000e+00 1.663173884153366089e-01 1.014753505587577820e-01 1.938377469778060913e-01 2.655430138111114502e-02 1.143065169453620911e-01 9.929969161748886108e-02 1.226202026009559631e-02 9.065436199307441711e-03 4.902762011624872684e-04
1.136317625641822815e-01 5.851979181170463562e-02 3.271441161632537842e-02 7.934709079563617706e-03 1.800637096166610718e-01 1.453125029802322388e-01 5.689655244350433350e-02 1.253248006105422974e-01 3.633560985326766968e-02 4.035087674856185913e-02 6.972789019346237183e-02 5.750592425465583801e-02 8.240721374750137329e-02 1.545595079660415649e-01 1.244497820734977722e-01 6.933219730854034424e-02 1.268954575061798096e-01 6.615450233221054077e-02 7.347024977207183838e-02 5.828294903039932251e-02 1.390176080167293549e-02 7.718262076377868652e-02 8.067227154970169067e-02 5.363321676850318909e-02 1.663173884153366089e-01 0.000000000000000000e+00 6.595517694950103760e-02 2.843713201582431793e-02 1.920236349105834961e-01 5.301882699131965637e-02 6.814309954643249512e-02 1.782159656286239624e-01 1.574894040822982788e-01 1.658406406641006470e-01
4.803659766912460327e-02 7.464191876351833344e-03 3.331264108419418335e-02 5.805084854364395142e-02 1.154799833893775940e-01 8.012524992227554321e-02 9.092746302485466003e-03 5.986445769667625427e-02 2.969072200357913971e-02 2.567262202501296997e-02 3.790145507082343102e-03 8.481421507894992828e-03 1.654194481670856476e-02 8.951686322689056396e-02 5.897870659828186035e-02 3.392536425963044167e-03 6.145461276173591614e-02 2.002002001972869039e-04 7.551669143140316010e-03 1.237623766064643860e-01 7.978378236293792725e-02 1.128489430993795395e-02 1.479581743478775024e-02 1.236570067703723907e-02 1.014753505587577820e-01 6.595517694950103760e-02 0.000000000000000000e+00 9.421560168266296387e-02 1.276855915784835815e-01 1.298174448311328888e-02 2.197802299633622169e-03 1.135960221290588379e-01 9.249500185251235962e-02 1.009901016950607300e-01
1.416112929582595825e-01 8.681245893239974976e-02 6.109470874071121216e-02 3.636363521218299866e-02 2.074386477470397949e-01 1.730346083641052246e-01 8.519583940505981445e-02 1.532159000635147095e-01 6.470588594675064087e-02 6.870917230844497681e-02 9.797076135873794556e-02 8.580274134874343872e-02 1.105851978063583374e-01 1.821958422660827637e-01 1.523477584123611450e-01 9.757694602012634277e-02 1.547740697860717773e-01 9.441401809453964233e-02 1.016949117183685303e-01 2.989536710083484650e-02 1.454112026840448380e-02 1.053884476423263550e-01 1.088596656918525696e-01 8.194536715745925903e-02 1.938377469778060913e-01 2.843713201582431793e-02 9.421560168266296387e-02 0.000000000000000000e+00 2.192634493112564087e-01 8.133333176374435425e-02 9.639344364404678345e-02 2.056110650300979614e-01 1.850975751876831055e-01 1.933658570051193237e-01
8.014053851366043091e-02 1.350210905075073242e-01 1.603163182735443115e-01 1.843698471784591675e-01 1.238827034831047058e-02 4.805194959044456482e-02 1.366197168827056885e-01 6.834353506565093994e-02 1.567819416522979736e-01 1.528571397066116333e-01 1.239554286003112793e-01 1.360197067260742188e-01 1.113788932561874390e-01 3.861003741621971130e-02 6.922822445631027222e-02 1.243469193577766418e-01 6.675478816032409668e-02 1.274886429309844971e-01 1.202498674392700195e-01 2.475362271070480347e-01 2.053771466016769409e-01 1.165686622262001038e-01 1.131034493446350098e-01 1.398305147886276245e-01 2.655430138111114502e-02 1.920236349105834961e-01 1.276855915784835815e-01 2.192634493112564087e-01 0.000000000000000000e+00 1.404345482587814331e-01 1.255230158567428589e-01 1.429693680256605148e-02 3.561116382479667664e-02 2.704422548413276672e-02
6.098031625151634216e-02 5.518087185919284821e-03 2.033969387412071228e-02 4.510309174656867981e-02 1.282694339752197266e-01 9.301025420427322388e-02 3.889457555487751961e-03 7.278963178396224976e-02 1.671542041003704071e-02 1.269510947167873383e-02 1.677106507122516632e-02 4.500818438827991486e-03 2.951735071837902069e-02 1.023796349763870239e-01 7.190539687871932983e-02 1.637355983257293701e-02 7.437702268362045288e-02 1.318190991878509521e-02 2.053140103816986084e-02 1.109589040279388428e-01 6.687130033969879150e-02 2.426308393478393555e-02 2.777222730219364166e-02 6.161429337225854397e-04 1.143065169453620911e-01 5.301882699131965637e-02 1.298174448311328888e-02 8.133333176374435425e-02 1.404345482587814331e-01 0.000000000000000000e+00 1.517911348491907120e-02 1.263913810253143311e-01 1.053502485156059265e-01 1.138226166367530823e-01
4.584363847970962524e-02 9.661835618317127228e-03 3.550784289836883545e-02 6.024096533656120300e-02 1.133109405636787415e-01 7.794117927551269531e-02 1.129032298922538757e-02 5.767424404621124268e-02 3.188644349575042725e-02 2.786885201930999756e-02 1.592356711626052856e-03 1.067902520298957825e-02 1.434466522186994553e-02 8.733624219894409180e-02 5.678826570510864258e-02 1.194743090309202671e-03 5.926481634378433228e-02 1.997602870687842369e-03 5.353956017643213272e-03 1.259259283542633057e-01 8.196721225976943970e-02 9.087317623198032379e-03 1.259842514991760254e-02 1.456310693174600601e-02 9.929969161748886108e-02 6.814309954643249512e-02 2.197802299633622169e-03 9.639344364404678345e-02 1.255230158567428589e-01 1.517911348491907120e-02 0.000000000000000000e+00 1.114260405302047729e-01 9.031555801630020142e-02 9.881422668695449829e-02
6.591913104057312012e-02 1.209576576948165894e-01 1.463548392057418823e-01 1.705223917961120605e-01 1.909004175104200840e-03 3.377821668982505798e-02 1.225621774792671204e-01 5.409946292638778687e-02 1.428050994873046875e-01 1.388636827468872070e-01 1.098531782627105713e-01 1.219599395990371704e-01 9.723679721355438232e-02 2.432653121650218964e-02 5.498570576310157776e-02 1.102459728717803955e-01 5.250796675682067871e-02 1.133984029293060303e-01 1.061354056000709534e-01 2.340676635503768921e-01 1.916429251432418823e-01 1.024424508213996887e-01 9.896654635667800903e-02 1.257850378751754761e-01 1.226202026009559631e-02 1.782159656286239624e-01 1.135960221290588379e-01 2.056110650300979614e-01 1.429693680256605148e-02 1.263913810253143311e-01 1.114260405302047729e-01 0.000000000000000000e+00 2.132508531212806702e-02 1.275221910327672958e-02
4.465682059526443481e-02 9.989023208618164062e-02 1.254211962223052979e-01 1.497418284416198730e-01 2.323314361274242401e-02 1.246210839599370956e-02 1.015023812651634216e-01 3.281223028898239136e-02 1.218510940670967102e-01 1.178876906633377075e-01 8.873596787452697754e-02 1.008972749114036560e-01 7.606944441795349121e-02 3.003003075718879700e-03 3.370013833045959473e-02 8.913043141365051270e-02 3.121783956885337830e-02 9.229651093482971191e-02 8.500270545482635498e-02 2.138098180294036865e-01 1.710167527198791504e-01 8.129496127367019653e-02 7.780566811561584473e-02 1.047409027814865112e-01 9.065436199307441711e-03 1.574894040822982788e-01 9.249500185251235962e-02 1.850975751876831055e-01 3.561116382479667664e-02 1.053502485156059265e-01 9.031555801630020142e-02 2.132508531212806702e-02 0.000000000000000000e+00 8.575198240578174591e-03
5.321164056658744812e-02 1.083725988864898682e-01 1.338524222373962402e-01 1.581139862537384033e-01 1.466086693108081818e-02 2.103505842387676239e-02 1.099818497896194458e-01 4.137578606605529785e-02 1.302901506423950195e-01 1.263351738452911377e-01 9.723716974258422852e-02 1.093778312206268311e-01 8.458946645259857178e-02 1.157790236175060272e-02 4.226312041282653809e-02 9.763101488351821899e-02 3.978238627314567566e-02 1.007919386029243469e-01 9.350974112749099731e-02 2.219780236482620239e-01 1.793289631605148315e-01 8.980755507946014404e-02 8.632326871156692505e-02 1.132144182920455933e-01 4.902762011624872684e-04 1.658406406641006470e-01 1.009901016950607300e-01 1.933658570051193237e-01 2.704422548413276672e-02 1.138226166367530823e-01 9.881422668695449829e-02 1.275221910327672958e-02 8.575198240578174591e-03 0.000000000000000000e+00
