0.000000000000000000e+00 1.264409869909286499e-01 7.810857892036437988e-02 1.723481267690658569e-01 1.896414346992969513e-02 4.854368790984153748e-02 8.265916258096694946e-02 4.961636662483215332e-02 5.230769142508506775e-02 1.528089940547943115e-01 8.859416097402572632e-02 1.144098490476608276e-01 1.105899363756179810e-01 2.225174382328987122e-02 1.836228370666503906e-02 1.136034727096557617e-01 6.726768612861633301e-02 1.615094393491744995e-01 1.016463860869407654e-01 2.919202446937561035e-01 1.788586676120758057e-01 1.020408198237419128e-01 7.303468883037567139e-02 6.875000149011611938e-02 5.447071045637130737e-02 1.750334054231643677e-01 1.054049208760261536e-01 1.487217694520950317e-01 4.004054889082908630e-02 5.791373178362846375e-02 3.072839379310607910e-01 1.062717735767364502e-01 1.280923634767532349e-01 1.790073234587907791e-03
1.264409869909286499e-01 0.000000000000000000e+00 4.881450533866882324e-02 4.692982509732246399e-02 1.450573056936264038e-01 7.837837934494018555e-02 4.424424469470977783e-02 7.730962336063385010e-02 7.462686300277709961e-02 2.688750252127647400e-02 3.827558457851409912e-02 1.220773812383413315e-02 1.607584580779075623e-02 1.044832095503807068e-01 1.083302199840545654e-01 1.302460208535194397e-02 5.968091264367103577e-02 3.579952195286750793e-02 2.511741966009140015e-02 1.718213111162185669e-01 5.363054573535919189e-02 2.471910044550895691e-02 5.390408262610435486e-02 5.819688364863395691e-02 7.246939837932586670e-02 4.969217255711555481e-02 2.132021263241767883e-02 2.270779758691787720e-02 8.684009313583374023e-02 6.903275847434997559e-02 1.881533116102218628e-01 2.296272367238998413e-01 1.678556436672806740e-03 1.246791332960128784e-01
7.810857892036437988e-02 4.881450533866882324e-02 0.000000000000000000e+00 9.552549570798873901e-02 9.692914783954620361e-02 2.967741899192333221e-02 4.580152686685323715e-03 2.860306389629840851e-02 2.590673603117465973e-02 7.560277730226516724e-02 1.055864803493022919e-02 3.662859275937080383e-02 3.276437148451805115e-02 5.595408752560615540e-02 5.983211472630500793e-02 3.581267222762107849e-02 1.089815888553857803e-02 8.446642011404037476e-02 2.372617647051811218e-02 2.188006490468978882e-01 1.021775528788566589e-01 2.412451431155204773e-02 5.103005096316337585e-03 9.409108199179172516e-03 2.373887225985527039e-02 9.826830774545669556e-02 2.752293646335601807e-02 7.144311070442199707e-02 3.818746656179428101e-02 2.028661780059337616e-02 2.348111718893051147e-01 1.828624606132507324e-01 5.048892274498939514e-02 7.632917910814285278e-02
1.723481267690658569e-01 4.692982509732246399e-02 9.552549570798873901e-02 0.000000000000000000e+00 1.906890124082565308e-01 1.248489767313003540e-01 9.098514914512634277e-02 1.237903237342834473e-01 1.211324557662010193e-01 2.006764337420463562e-02 8.505263179540634155e-02 5.910370126366615295e-02 6.295817345380783081e-02 1.506742238998413086e-01 1.544747054576873779e-01 5.991780385375022888e-02 1.063129752874374390e-01 1.114903297275304794e-02 7.196241617202758789e-02 1.259067356586456299e-01 6.717627868056297302e-03 7.156590372323989868e-02 1.005794703960418701e-01 1.048403680324554443e-01 1.189945265650749207e-01 2.768804784864187241e-03 6.818182021379470825e-02 2.424786798655986786e-02 1.332269608974456787e-01 1.155881136655807495e-01 1.424815952777862549e-01 2.736085653305053711e-01 4.525483399629592896e-02 1.706106811761856079e-01
1.896414346992969513e-02 1.450573056936264038e-01 9.692914783954620361e-02 1.906890124082565308e-01 0.000000000000000000e+00 6.744574010372161865e-02 1.014642566442489624e-01 6.851604580879211426e-02 7.120120525360107422e-02 1.712767928838729858e-01 1.073779016733169556e-01 1.330852359533309937e-01 1.292829364538192749e-01 4.119850322604179382e-02 3.731343150138854980e-02 1.322826296091079712e-01 8.612196147441864014e-02 1.799224913120269775e-01 1.203784793615341187e-01 3.091728091239929199e-01 1.971540898084640503e-01 1.207712516188621521e-01 9.187158197164535522e-02 8.759993314743041992e-02 7.335907220840454102e-02 1.933557242155075073e-01 1.241209581494331360e-01 1.672143191099166870e-01 5.895991995930671692e-02 7.679353654384613037e-02 3.243579268455505371e-01 8.748394250869750977e-02 1.467001438140869141e-01 2.075351215898990631e-02
4.854368790984153748e-02 7.837837934494018555e-02 2.967741899192333221e-02 1.248489767313003540e-01 6.744574010372161865e-02 0.000000000000000000e+00 3.425291553139686584e-02 1.075268839485943317e-03 3.773584961891174316e-03 1.050445139408111572e-01 4.022346436977386475e-02 6.623401492834091187e-02 6.238113343715667725e-02 2.632037736475467682e-02 3.020833246409893036e-02 6.542056053876876831e-02 1.878533698618412018e-02 1.138584241271018982e-01 5.336602032184600830e-02 2.468750029802322388e-01 1.314563453197479248e-01 5.376344174146652222e-02 2.457813732326030731e-02 2.027397230267524719e-02 5.942733492702245712e-03 1.275736838579177856e-01 5.715367197990417480e-02 1.009065806865692139e-01 8.519701659679412842e-03 9.396458044648170471e-03 2.626582384109497070e-01 1.540209054946899414e-01 8.004640042781829834e-02 4.675767943263053894e-02
8.265916258096694946e-02 4.424424469470977783e-02 4.580152686685323715e-03 9.098514914512634277e-02 1.014642566442489624e-01 3.425291553139686584e-02 0.000000000000000000e+00 3.317886963486671448e-02 3.048327192664146423e-02 7.104723155498504639e-02 5.978784989565610886e-03 3.205381706357002258e-02 2.818844839930534363e-02 6.051873043179512024e-02 6.439461559057235718e-02 3.123764321208000183e-02 1.547753904014825821e-02 7.991718500852584839e-02 1.914810389280319214e-02 2.144353836774826050e-01 9.764309972524642944e-02 1.954651996493339539e-02 9.682931005954742432e-03 1.398865785449743271e-02 2.831594645977020264e-02 9.373034536838531494e-02 2.294567599892616272e-02 6.688484549522399902e-02 4.276014119386672974e-02 2.486446127295494080e-02 2.304788827896118164e-01 1.872857660055160522e-01 4.591939225792884827e-02 8.088105916976928711e-02
4.961636662483215332e-02 7.730962336063385010e-02 2.860306389629840851e-02 1.237903237342834473e-01 6.851604580879211426e-02 1.075268839485943317e-03 3.317886963486671448e-02 0.000000000000000000e+00 2.698326949030160904e-03 1.039809882640838623e-01 3.914988785982131958e-02 6.516338884830474854e-02 6.130997836589813232e-02 2.739487029612064362e-02 3.128258511424064636e-02 6.434981524944305420e-02 1.771042495965957642e-02 1.127969622611999512e-01 5.229375138878822327e-02 2.458650022745132446e-01 1.303995102643966675e-01 5.269121751189231873e-02 2.350348792970180511e-02 1.919912174344062805e-02 4.867495968937873840e-03 1.265157610177993774e-01 5.608185008168220520e-02 9.984214603900909424e-02 9.594882838428020477e-03 8.321273140609264374e-03 2.616568505764007568e-01 1.550704836845397949e-01 7.897793501615524292e-02 4.783054441213607788e-02
5.230769142508506775e-02 7.462686300277709961e-02 2.590673603117465973e-02 1.211324557662010193e-01 7.120120525360107422e-02 3.773584961891174316e-03 3.048327192664146423e-02 2.698326949030160904e-03 0.000000000000000000e+00 1.013110876083374023e-01 3.645541146397590637e-02 6.247604265809059143e-02 5.862134695053100586e-02 3.009097278118133545e-02 3.397804498672485352e-02 6.166219711303710938e-02 1.501281559467315674e-02 1.101321578025817871e-01 4.960242286324501038e-02 2.433280944824218750e-01 1.277461349964141846e-01 5.000000074505805969e-02 2.080648206174373627e-02 1.650165021419525146e-02 2.169197425246238708e-03 1.238597184419631958e-01 5.339160189032554626e-02 9.716999530792236328e-02 1.229289174079895020e-02 5.623072851449251175e-03 2.591415047645568848e-01 1.577028185129165649e-01 7.629586756229400635e-02 5.052234977483749390e-02
1.528089940547943115e-01 2.688750252127647400e-02 7.560277730226516724e-02 2.006764337420463562e-02 1.712767928838729858e-01 1.050445139408111572e-01 7.104723155498504639e-02 1.039809882640838623e-01 1.013110876083374023e-01 0.000000000000000000e+00 6.509609520435333252e-02 3.908241167664527893e-02 4.294478520750999451e-02 1.310026943683624268e-01 1.348250210285186768e-01 3.989813104271888733e-02 8.642972260713577271e-02 8.920606225728988647e-03 5.196982249617576599e-02 1.456064879894256592e-01 2.678166143596172333e-02 5.157232657074928284e-02 8.067466318607330322e-02 8.495145291090011597e-02 9.916368126869201660e-02 2.283518016338348389e-02 4.818009585142135620e-02 4.182258620858192444e-03 1.134626716375350952e-01 9.574255347251892090e-02 1.620858013629913330e-01 2.549407184123992920e-01 2.521008439362049103e-02 1.510602384805679321e-01
8.859416097402572632e-02 3.827558457851409912e-02 1.055864803493022919e-02 8.505263179540634155e-02 1.073779016733169556e-01 4.022346436977386475e-02 5.978784989565610886e-03 3.914988785982131958e-02 3.645541146397590637e-02 6.509609520435333252e-02 0.000000000000000000e+00 2.608003094792366028e-02 2.221340686082839966e-02 6.647346168756484985e-02 7.034631818532943726e-02 2.526357583701610565e-02 2.145433798432350159e-02 7.397374510765075684e-02 1.317082718014717102e-02 2.087242007255554199e-01 9.171785414218902588e-02 1.356932148337364197e-02 1.566080935299396515e-02 1.996577344834804535e-02 3.428892791271209717e-02 8.780075609683990479e-02 1.696921885013580322e-02 6.093042343854904175e-02 4.872646555304527283e-02 3.083866089582443237e-02 2.248098850250244141e-01 1.930483728647232056e-01 3.995157405734062195e-02 8.681786060333251953e-02
1.144098490476608276e-01 1.220773812383413315e-02 3.662859275937080383e-02 5.910370126366615295e-02 1.330852359533309937e-01 6.623401492834091187e-02 3.205381706357002258e-02 6.516338884830474854e-02 6.247604265809059143e-02 3.908241167664527893e-02 2.608003094792366028e-02 0.000000000000000000e+00 3.868865780532360077e-03 9.239332377910614014e-02 9.624976664781570435e-02 8.169934735633432865e-04 4.750778898596763611e-02 4.798629134893417358e-02 1.291363965719938278e-02 1.836438477039337158e-01 6.579520553350448608e-02 1.251513883471488953e-02 4.172379896044731140e-02 4.602184146642684937e-02 6.031502038240432739e-02 6.186238303780555725e-02 9.114847518503665924e-03 3.490585833787918091e-02 7.471155375242233276e-02 5.687295272946357727e-02 1.999018937349319458e-01 2.180306911468505859e-01 1.388601027429103851e-02 1.126428470015525818e-01
1.105899363756179810e-01 1.607584580779075623e-02 3.276437148451805115e-02 6.295817345380783081e-02 1.292829364538192749e-01 6.238113343715667725e-02 2.818844839930534363e-02 6.130997836589813232e-02 5.862134695053100586e-02 4.294478520750999451e-02 2.221340686082839966e-02 3.868865780532360077e-03 0.000000000000000000e+00 8.855611085891723633e-02 9.241531789302825928e-02 3.051881911233067513e-03 4.364694654941558838e-02 5.184553191065788269e-02 9.045226499438285828e-03 1.873795688152313232e-01 6.964634358882904053e-02 8.646692149341106415e-03 3.786104544997215271e-02 4.216048121452331543e-02 5.645933002233505249e-02 6.571552157402038574e-02 5.246166139841079712e-03 3.876949101686477661e-02 7.086317241191864014e-02 5.301574990153312683e-02 2.036132812500000000e-01 2.143426239490509033e-01 1.775392144918441772e-02 1.088213995099067688e-01
2.225174382328987122e-02 1.044832095503807068e-01 5.595408752560615540e-02 1.506742238998413086e-01 4.119850322604179382e-02 2.632037736475467682e-02 6.051873043179512024e-02 2.739487029612064362e-02 3.009097278118133545e-02 1.310026943683624268e-01 6.647346168756484985e-02 9.239332377910614014e-02 8.855611085891723633e-02 0.000000000000000000e+00 3.891050582751631737e-03 9.158323705196380615e-02 4.508342221379280090e-02 1.397599726915359497e-01 7.957462221384048462e-02 2.714316546916961670e-01 1.572327017784118652e-01 7.997065037488937378e-02 5.086560919880867004e-02 4.656950011849403381e-02 3.225806355476379395e-02 1.533790379762649536e-01 8.334866911172866821e-02 1.268899589776992798e-01 1.780466735363006592e-02 3.570800274610519409e-02 2.869945466518402100e-01 1.282203197479248047e-01 1.061431542038917542e-01 2.046248503029346466e-02
1.836228370666503906e-02 1.083302199840545654e-01 5.983211472630500793e-02 1.544747054576873779e-01 3.731343150138854980e-02 3.020833246409893036e-02 6.439461559057235718e-02 3.128258511424064636e-02 3.397804498672485352e-02 1.348250210285186768e-01 7.034631818532943726e-02 9.624976664781570435e-02 9.241531789302825928e-02 3.891050582751631737e-03 0.000000000000000000e+00 9.544028341770172119e-02 4.896588250994682312e-02 1.435729414224624634e-01 8.343984186649322510e-02 2.750322222709655762e-01 1.610252410173416138e-01 8.383561670780181885e-02 5.474582314491271973e-02 5.045140907168388367e-02 3.614457696676254272e-02 1.571762859821319580e-01 8.721143007278442383e-02 1.307164579629898071e-01 2.169421501457691193e-02 3.959355130791664124e-02 2.905611097812652588e-01 1.243913248181343079e-01 1.099887788295745850e-01 1.657275483012199402e-02
1.136034727096557617e-01 1.302460208535194397e-02 3.581267222762107849e-02 5.991780385375022888e-02 1.322826296091079712e-01 6.542056053876876831e-02 3.123764321208000183e-02 6.434981524944305420e-02 6.166219711303710938e-02 3.989813104271888733e-02 2.526357583701610565e-02 8.169934735633432865e-04 3.051881911233067513e-03 9.158323705196380615e-02 9.544028341770172119e-02 0.000000000000000000e+00 4.669260606169700623e-02 4.880136996507644653e-02 1.209677383303642273e-02 1.844331622123718262e-01 6.660862267017364502e-02 1.169826555997133255e-02 4.090820252895355225e-02 4.520654678344726562e-02 5.950095877051353455e-02 6.267620623111724854e-02 8.297915570437908173e-03 3.572183474898338318e-02 7.389907538890838623e-02 5.605856329202651978e-02 2.006861120462417603e-01 2.172524034976959229e-01 1.470283698290586472e-02 1.118361428380012512e-01
6.726768612861633301e-02 5.968091264367103577e-02 1.089815888553857803e-02 1.063129752874374390e-01 8.612196147441864014e-02 1.878533698618412018e-02 1.547753904014825821e-02 1.771042495965957642e-02 1.501281559467315674e-02 8.642972260713577271e-02 2.145433798432350159e-02 4.750778898596763611e-02 4.364694654941558838e-02 4.508342221379280090e-02 4.896588250994682312e-02 4.669260606169700623e-02 0.000000000000000000e+00 9.527686983346939087e-02 3.461538627743721008e-02 2.291523814201354980e-01 1.129499375820159912e-01 3.501346707344055176e-02 5.795475561171770096e-03 1.489203306846320629e-03 1.284403633326292038e-02 1.090496778488159180e-01 3.840957209467887878e-02 8.227720856666564941e-02 2.730066888034343719e-02 9.390535764396190643e-03 2.450821548700332642e-01 1.723076850175857544e-01 6.135332584381103516e-02 6.548549234867095947e-02
1.615094393491744995e-01 3.579952195286750793e-02 8.446642011404037476e-02 1.114903297275304794e-02 1.799224913120269775e-01 1.138584241271018982e-01 7.991718500852584839e-02 1.127969622611999512e-01 1.101321578025817871e-01 8.920606225728988647e-03 7.397374510765075684e-02 4.798629134893417358e-02 5.184553191065788269e-02 1.397599726915359497e-01 1.435729414224624634e-01 4.880136996507644653e-02 9.527686983346939087e-02 0.000000000000000000e+00 6.086221337318420410e-02 1.368636488914489746e-01 1.786532253026962280e-02 6.046511605381965637e-02 8.953083306550979614e-02 9.380097687244415283e-02 1.079887598752975464e-01 1.391740795224905014e-02 5.707617104053497314e-02 1.310237590223550797e-02 1.222595274448394775e-01 1.045738458633422852e-01 1.533869653940200806e-01 2.632625997066497803e-01 3.412301838397979736e-02 1.597655564546585083e-01
1.016463860869407654e-01 2.511741966009140015e-02 2.372617647051811218e-02 7.196241617202758789e-02 1.203784793615341187e-01 5.336602032184600830e-02 1.914810389280319214e-02 5.229375138878822327e-02 4.960242286324501038e-02 5.196982249617576599e-02 1.317082718014717102e-02 1.291363965719938278e-02 9.045226499438285828e-03 7.957462221384048462e-02 8.343984186649322510e-02 1.209677383303642273e-02 3.461538627743721008e-02 6.086221337318420410e-02 0.000000000000000000e+00 1.960924416780471802e-01 7.864202558994293213e-02 3.985651710536330938e-04 2.882569096982479095e-02 3.312788903713226318e-02 4.743833094835281372e-02 7.471633702516555786e-02 3.799240104854106903e-03 4.779795557260513306e-02 6.185759603977203369e-02 4.399162158370018005e-02 2.122675627470016479e-01 2.056961953639984131e-01 2.679484523832798004e-02 9.987448155879974365e-02
2.919202446937561035e-01 1.718213111162185669e-01 2.188006490468978882e-01 1.259067356586456299e-01 3.091728091239929199e-01 2.468750029802322388e-01 2.144353836774826050e-01 2.458650022745132446e-01 2.433280944824218750e-01 1.456064879894256592e-01 2.087242007255554199e-01 1.836438477039337158e-01 1.873795688152313232e-01 2.714316546916961670e-01 2.750322222709655762e-01 1.844331622123718262e-01 2.291523814201354980e-01 1.368636488914489746e-01 1.960924416780471802e-01 0.000000000000000000e+00 1.192900016903877258e-01 1.957091838121414185e-01 2.236539274454116821e-01 2.277408987283706665e-01 2.412862628698348999e-01 1.231808736920356750e-01 1.924365758895874023e-01 1.496975868940353394e-01 2.548586428165435791e-01 2.380307167768478394e-01 1.687763631343841553e-02 3.862106502056121826e-01 1.701918393373489380e-01 2.902818620204925537e-01
1.788586676120758057e-01 5.363054573535919189e-02 1.021775528788566589e-01 6.717627868056297302e-03 1.971540898084640503e-01 1.314563453197479248e-01 9.764309972524642944e-02 1.303995102643966675e-01 1.277461349964141846e-01 2.678166143596172333e-02 9.171785414218902588e-02 6.579520553350448608e-02 6.964634358882904053e-02 1.572327017784118652e-01 1.610252410173416138e-01 6.660862267017364502e-02 1.129499375820159912e-01 1.786532253026962280e-02 7.864202558994293213e-02 1.192900016903877258e-01 0.000000000000000000e+00 7.824591547250747681e-02 1.072246506810188293e-01 1.114794835448265076e-01 1.256117522716522217e-01 3.948896657675504684e-03 7.486515492200851440e-02 3.096045181155204773e-02 1.398194581270217896e-01 1.222108528017997742e-01 1.358940452337265015e-01 2.798118889331817627e-01 5.195666477084159851e-02 1.771253049373626709e-01
1.020408198237419128e-01 2.471910044550895691e-02 2.412451431155204773e-02 7.156590372323989868e-02 1.207712516188621521e-01 5.376344174146652222e-02 1.954651996493339539e-02 5.269121751189231873e-02 5.000000074505805969e-02 5.157232657074928284e-02 1.356932148337364197e-02 1.251513883471488953e-02 8.646692149341106415e-03 7.997065037488937378e-02 8.383561670780181885e-02 1.169826555997133255e-02 3.501346707344055176e-02 6.046511605381965637e-02 3.985651710536330938e-04 1.957091838121414185e-01 7.824591547250747681e-02 0.000000000000000000e+00 2.922392077744007111e-02 3.352601081132888794e-02 4.783599078655242920e-02 7.431998103857040405e-02 3.400680143386125565e-03 4.740029200911521912e-02 6.225462630391120911e-02 4.438940808176994324e-02 2.118869274854660034e-01 2.060778737068176270e-01 2.639656141400337219e-02 1.002690568566322327e-01
7.303468883037567139e-02 5.390408262610435486e-02 5.103005096316337585e-03 1.005794703960418701e-01 9.187158197164535522e-02 2.457813732326030731e-02 9.682931005954742432e-03 2.350348792970180511e-02 2.080648206174373627e-02 8.067466318607330322e-02 1.566080935299396515e-02 4.172379896044731140e-02 3.786104544997215271e-02 5.086560919880867004e-02 5.474582314491271973e-02 4.090820252895355225e-02 5.795475561171770096e-03 8.953083306550979614e-02 2.882569096982479095e-02 2.236539274454116821e-01 1.072246506810188293e-01 2.922392077744007111e-02 0.000000000000000000e+00 4.306309856474399567e-03 1.863812468945980072e-02 1.033195033669471741e-01 3.262135758996009827e-02 7.651821523904800415e-02 3.309090808033943176e-02 1.518518477678298950e-02 2.396270334720611572e-01 1.779254972934722900e-01 5.557760968804359436e-02 7.125393301248550415e-02
6.875000149011611938e-02 5.819688364863395691e-02 9.409108199179172516e-03 1.048403680324554443e-01 8.759993314743041992e-02 2.027397230267524719e-02 1.398865785449743271e-02 1.919912174344062805e-02 1.650165021419525146e-02 8.495145291090011597e-02 1.996577344834804535e-02 4.602184146642684937e-02 4.216048121452331543e-02 4.656950011849403381e-02 5.045140907168388367e-02 4.520654678344726562e-02 1.489203306846320629e-03 9.380097687244415283e-02 3.312788903713226318e-02 2.277408987283706665e-01 1.114794835448265076e-01 3.352601081132888794e-02 4.306309856474399567e-03 0.000000000000000000e+00 1.433296594768762589e-02 1.075779497623443604e-01 3.692248091101646423e-02 8.079790323972702026e-02 2.878870256245136261e-02 1.087958738207817078e-02 2.436818927526473999e-01 1.737523078918457031e-01 5.986959114670753479e-02 6.696816533803939819e-02
5.447071045637130737e-02 7.246939837932586670e-02 2.373887225985527039e-02 1.189945265650749207e-01 7.335907220840454102e-02 5.942733492702245712e-03 2.831594645977020264e-02 4.867495968937873840e-03 2.169197425246238708e-03 9.916368126869201660e-02 3.428892791271209717e-02 6.031502038240432739e-02 5.645933002233505249e-02 3.225806355476379395e-02 3.614457696676254272e-02 5.950095877051353455e-02 1.284403633326292038e-02 1.079887598752975464e-01 4.743833094835281372e-02 2.412862628698348999e-01 1.256117522716522217e-01 4.783599078655242920e-02 1.863812468945980072e-02 1.433296594768762589e-02 0.000000000000000000e+00 1.217232272028923035e-01 5.122833698987960815e-02 9.502083063125610352e-02 1.446170359849929810e-02 3.453917568549513817e-03 2.571168243885040283e-01 1.598173528909683228e-01 7.413893938064575195e-02 5.268577486276626587e-02
1.750334054231643677e-01 4.969217255711555481e-02 9.826830774545669556e-02 2.768804784864187241e-03 1.933557242155075073e-01 1.275736838579177856e-01 9.373034536838531494e-02 1.265157610177993774e-01 1.238597184419631958e-01 2.283518016338348389e-02 8.780075609683990479e-02 6.186238303780555725e-02 6.571552157402038574e-02 1.533790379762649536e-01 1.571762859821319580e-01 6.267620623111724854e-02 1.090496778488159180e-01 1.391740795224905014e-02 7.471633702516555786e-02 1.231808736920356750e-01 3.948896657675504684e-03 7.431998103857040405e-02 1.033195033669471741e-01 1.075779497623443604e-01 1.217232272028923035e-01 0.000000000000000000e+00 7.093723118305206299e-02 2.701485902070999146e-02 1.359456181526184082e-01 1.183190569281578064e-01 1.397679299116134644e-01 2.761681377887725830e-01 4.801762104034423828e-02 1.732976287603378296e-01
1.054049208760261536e-01 2.132021263241767883e-02 2.752293646335601807e-02 6.818182021379470825e-02 1.241209581494331360e-01 5.715367197990417480e-02 2.294567599892616272e-02 5.608185008168220520e-02 5.339160189032554626e-02 4.818009585142135620e-02 1.696921885013580322e-02 9.114847518503665924e-03 5.246166139841079712e-03 8.334866911172866821e-02 8.721143007278442383e-02 8.297915570437908173e-03 3.840957209467887878e-02 5.707617104053497314e-02 3.799240104854106903e-03 1.924365758895874023e-01 7.486515492200851440e-02 3.400680143386125565e-03 3.262135758996009827e-02 3.692248091101646423e-02 5.122833698987960815e-02 7.093723118305206299e-02 0.000000000000000000e+00 4.400670528411865234e-02 6.564141064882278442e-02 4.778287559747695923e-02 2.086365818977355957e-01 2.093318551778793335e-01 2.299794740974903107e-02 1.036344021558761597e-01
1.487217694520950317e-01 2.270779758691787720e-02 7.144311070442199707e-02 2.424786798655986786e-02 1.672143191099166870e-01 1.009065806865692139e-01 6.688484549522399902e-02 9.984214603900909424e-02 9.716999530792236328e-02 4.182258620858192444e-03 6.093042343854904175e-02 3.490585833787918091e-02 3.876949101686477661e-02 1.268899589776992798e-01 1.307164579629898071e-01 3.572183474898338318e-02 8.227720856666564941e-02 1.310237590223550797e-02 4.779795557260513306e-02 1.496975868940353394e-01 3.096045181155204773e-02 4.740029200911521912e-02 7.651821523904800415e-02 8.079790323972702026e-02 9.502083063125610352e-02 2.701485902070999146e-02 4.400670528411865234e-02 0.000000000000000000e+00 1.093322932720184326e-01 9.159697592258453369e-02 1.661554127931594849e-01 2.510260939598083496e-01 2.103004232048988342e-02 1.469708234071731567e-01
4.004054889082908630e-02 8.684009313583374023e-02 3.818746656179428101e-02 1.332269608974456787e-01 5.895991995930671692e-02 8.519701659679412842e-03 4.276014119386672974e-02 9.594882838428020477e-03 1.229289174079895020e-02 1.134626716375350952e-01 4.872646555304527283e-02 7.471155375242233276e-02 7.086317241191864014e-02 1.780466735363006592e-02 2.169421501457691193e-02 7.389907538890838623e-02 2.730066888034343719e-02 1.222595274448394775e-01 6.185759603977203369e-02 2.548586428165435791e-01 1.398194581270217896e-01 6.225462630391120911e-02 3.309090808033943176e-02 2.878870256245136261e-02 1.446170359849929810e-02 1.359456181526184082e-01 6.564141064882278442e-02 1.093322932720184326e-01 0.000000000000000000e+00 1.791472546756267548e-02 2.705724537372589111e-01 1.456923782825469971e-01 8.850574493408203125e-02 3.825321421027183533e-02
5.791373178362846375e-02 6.903275847434997559e-02 2.028661780059337616e-02 1.155881136655807495e-01 7.679353654384613037e-02 9.396458044648170471e-03 2.486446127295494080e-02 8.321273140609264374e-03 5.623072851449251175e-03 9.574255347251892090e-02 3.083866089582443237e-02 5.687295272946357727e-02 5.301574990153312683e-02 3.570800274610519409e-02 3.959355130791664124e-02 5.605856329202651978e-02 9.390535764396190643e-03 1.045738458633422852e-01 4.399162158370018005e-02 2.380307167768478394e-01 1.222108528017997742e-01 4.438940808176994324e-02 1.518518477678298950e-02 1.087958738207817078e-02 3.453917568549513817e-03 1.183190569281578064e-01 4.778287559747695923e-02 9.159697592258453369e-02 1.791472546756267548e-02 0.000000000000000000e+00 2.538883686065673828e-01 1.631812006235122681e-01 7.070312649011611938e-02 5.612947791814804077e-02
3.072839379310607910e-01 1.881533116102218628e-01 2.348111718893051147e-01 1.424815952777862549e-01 3.243579268455505371e-01 2.626582384109497070e-01 2.304788827896118164e-01 2.616568505764007568e-01 2.591415047645568848e-01 1.620858013629913330e-01 2.248098850250244141e-01 1.999018937349319458e-01 2.036132812500000000e-01 2.869945466518402100e-01 2.905611097812652588e-01 2.006861120462417603e-01 2.450821548700332642e-01 1.533869653940200806e-01 2.122675627470016479e-01 1.687763631343841553e-02 1.358940452337265015e-01 2.118869274854660034e-01 2.396270334720611572e-01 2.436818927526473999e-01 2.571168243885040283e-01 1.397679299116134644e-01 2.086365818977355957e-01 1.661554127931594849e-01 2.705724537372589111e-01 2.538883686065673828e-01 0.000000000000000000e+00 4.004778563976287842e-01 1.865336596965789795e-01 3.056619763374328613e-01
1.062717735767364502e-01 2.296272367238998413e-01 1.828624606132507324e-01 2.736085653305053711e-01 8.748394250869750977e-02 1.540209054946899414e-01 1.872857660055160522e-01 1.550704836845397949e-01 1.577028185129165649e-01 2.549407184123992920e-01 1.930483728647232056e-01 2.180306911468505859e-01 2.143426239490509033e-01 1.282203197479248047e-01 1.243913248181343079e-01 2.172524034976959229e-01 1.723076850175857544e-01 2.632625997066497803e-01 2.056961953639984131e-01 3.862106502056121826e-01 2.798118889331817627e-01 2.060778737068176270e-01 1.779254972934722900e-01 1.737523078918457031e-01 1.598173528909683228e-01 2.761681377887725830e-01 2.093318551778793335e-01 2.510260939598083496e-01 1.456923782825469971e-01 1.631812006235122681e-01 4.004778563976287842e-01 0.000000000000000000e+00 2.312166690826416016e-01 1.080412939190864563e-01
1.280923634767532349e-01 1.678556436672806740e-03 5.048892274498939514e-02 4.525483399629592896e-02 1.467001438140869141e-01 8.004640042781829834e-02 4.591939225792884827e-02 7.897793501615524292e-02 7.629586756229400635e-02 2.521008439362049103e-02 3.995157405734062195e-02 1.388601027429103851e-02 1.775392144918441772e-02 1.061431542038917542e-01 1.099887788295745850e-01 1.470283698290586472e-02 6.135332584381103516e-02 3.412301838397979736e-02 2.679484523832798004e-02 1.701918393373489380e-01 5.195666477084159851e-02 2.639656141400337219e-02 5.557760968804359436e-02 5.986959114670753479e-02 7.413893938064575195e-02 4.801762104034423828e-02 2.299794740974903107e-02 2.103004232048988342e-02 8.850574493408203125e-02 7.070312649011611938e-02 1.865336596965789795e-01 2.312166690826416016e-01 0.000000000000000000e+00 1.263312548398971558e-01
1.790073234587907791e-03 1.246791332960128784e-01 7.632917910814285278e-02 1.706106811761856079e-01 2.075351215898990631e-02 4.675767943263053894e-02 8.088105916976928711e-02 4.783054441213607788e-02 5.052234977483749390e-02 1.510602384805679321e-01 8.681786060333251953e-02 1.126428470015525818e-01 1.088213995099067688e-01 2.046248503029346466e-02 1.657275483012199402e-02 1.118361428380012512e-01 6.548549234867095947e-02 1.597655564546585083e-01 9.987448155879974365e-02 2.902818620204925537e-01 1.771253049373626709e-01 1.002690568566322327e-01 7.125393301248550415e-02 6.696816533803939819e-02 5.268577486276626587e-02 1.732976287603378296e-01 1.036344021558761597e-01 1.469708234071731567e-01 3.825321421027183533e-02 5.612947791814804077e-02 3.056619763374328613e-01 1.080412939190864563e-01 1.263312548398971558e-01 0.000000000000000000e+00
