0.000000000000000000e+00 6.098283082246780396e-02 5.931034311652183533e-02 1.317894756793975830e-01 1.969365403056144714e-02 3.690433502197265625e-02 8.256141841411590576e-02 3.534900397062301636e-02 8.147253841161727905e-02 9.423977136611938477e-02 7.307475898414850235e-03 3.623747080564498901e-02 2.696832641959190369e-02 2.254545502364635468e-02 3.948543965816497803e-02 8.630394004285335541e-03 2.679217979311943054e-02 4.375667124986648560e-02 1.033640280365943909e-02 1.492090672254562378e-01 9.624796360731124878e-02 4.979496076703071594e-02 2.478078566491603851e-02 6.709011644124984741e-02 8.039685338735580444e-02 7.477009296417236328e-02 1.895375363528728485e-02 1.538956910371780396e-01 8.086852729320526123e-02 5.020511895418167114e-02 3.845465928316116333e-02 1.819841712713241577e-01 1.790281385183334351e-02 6.747614592313766479e-02
6.098283082246780396e-02 0.000000000000000000e+00 1.678556436672806740e-03 7.138031721115112305e-02 8.057971298694610596e-02 9.766735881567001343e-02 2.168778143823146820e-02 9.612461924552917480e-02 2.059202082455158234e-02 3.344917297363281250e-02 5.369928479194641113e-02 2.480016462504863739e-02 8.780674636363983154e-02 8.341360092163085938e-02 1.002269312739372253e-01 5.238000303506851196e-02 8.763182908296585083e-02 1.044607535004615784e-01 5.067837238311767578e-02 8.903639018535614014e-02 3.547333925962448120e-02 1.122194528579711914e-02 3.625683486461639404e-02 6.132374517619609833e-03 1.406899094581604004e-01 1.385041512548923492e-02 4.207771271467208862e-02 9.379310160875320435e-02 1.411552280187606812e-01 1.081081107258796692e-02 9.920484572649002075e-02 2.403001785278320312e-01 7.879961282014846802e-02 1.279325485229492188e-01
5.931034311652183533e-02 1.678556436672806740e-03 0.000000000000000000e+00 7.305012643337249756e-02 7.891182601451873779e-02 9.600454568862915039e-02 2.336548827588558197e-02 9.446130692958831787e-02 2.226980775594711304e-02 3.512575849890708923e-02 5.202541872859001160e-02 2.312256954610347748e-02 8.614088594913482666e-02 8.174648880958557129e-02 9.856495261192321777e-02 5.070590600371360779e-02 8.596591651439666748e-02 1.028002277016639709e-01 4.900398477911949158e-02 9.070139378309249878e-02 3.714968636631965637e-02 9.543568827211856842e-03 3.458038344979286194e-02 7.810850627720355988e-03 1.390441805124282837e-01 1.552861090749502182e-02 4.040201008319854736e-02 9.545662999153137207e-02 1.395097374916076660e-01 9.132419712841510773e-03 9.754253178834915161e-02 2.387179136276245117e-01 7.713125646114349365e-02 1.262811124324798584e-01
1.317894756793975830e-01 7.138031721115112305e-02 7.305012643337249756e-02 0.000000000000000000e+00 1.510909795761108398e-01 1.678773164749145508e-01 4.976958408951759338e-02 1.663634479045867920e-01 5.086306110024452209e-02 3.802192583680152893e-02 1.246019974350929260e-01 9.601052105426788330e-02 1.581955552101135254e-01 1.538777202367782593e-01 1.703882515430450439e-01 1.232993230223655701e-01 1.580236852169036865e-01 1.745396256446838379e-01 1.216187402606010437e-01 1.776900328695774078e-02 3.599812835454940796e-02 8.253615349531173706e-02 1.073593050241470337e-01 6.527651846408843994e-02 2.099616825580596924e-01 5.758683755993843079e-02 1.131182760000228882e-01 2.256384864449501038e-02 2.104154676198959351e-01 8.212775737047195435e-02 1.693857014179229736e-01 3.064244985580444336e-01 1.493399292230606079e-01 1.975092440843582153e-01
1.969365403056144714e-02 8.057971298694610596e-02 7.891182601451873779e-02 1.510909795761108398e-01 0.000000000000000000e+00 1.722319796681404114e-02 1.020890846848487854e-01 1.566625572741031647e-02 1.010041311383247375e-01 1.137223690748214722e-01 2.699724584817886353e-02 5.589123815298080444e-02 7.278537377715110779e-03 2.853067126125097275e-03 1.980718597769737244e-02 2.831923589110374451e-02 7.102272938936948776e-03 2.408376894891262054e-02 3.002394549548625946e-02 1.684078574180603027e-01 1.157222688198089600e-01 6.942053884267807007e-02 4.445274546742439270e-02 8.666925877332687378e-02 6.079946085810661316e-02 9.432484954595565796e-02 3.863298520445823669e-02 1.730648279190063477e-01 6.127245351672172546e-02 6.982973217964172363e-02 1.877522282302379608e-02 1.628742516040802002e-01 1.791472546756267548e-03 4.784607514739036560e-02
3.690433502197265625e-02 9.766735881567001343e-02 9.600454568862915039e-02 1.678773164749145508e-01 1.722319796681404114e-02 0.000000000000000000e+00 1.191028580069541931e-01 1.557362847961485386e-03 1.180220171809196472e-01 1.306895911693572998e-01 4.419989138841629028e-02 7.304412126541137695e-02 9.945908561348915100e-03 1.437083818018436432e-02 2.584869973361492157e-03 4.552023112773895264e-02 1.012216415256261826e-02 6.863418035209178925e-03 4.722272604703903198e-02 1.850941777229309082e-01 1.326810121536254883e-01 8.654026687145233154e-02 6.162875890731811523e-02 1.037376075983047485e-01 4.362194240093231201e-02 1.113671287894248962e-01 5.581904575228691101e-02 1.897225081920623779e-01 4.409578815102577209e-02 8.694835752248764038e-02 1.552527188323438168e-03 1.460607796907424927e-01 1.901408471167087555e-02 3.064813278615474701e-02
8.256141841411590576e-02 2.168778143823146820e-02 2.336548827588558197e-02 4.976958408951759338e-02 1.020890846848487854e-01 1.191028580069541931e-01 0.000000000000000000e+00 1.175673082470893860e-01 1.096250838600099087e-03 1.176993083208799362e-02 7.529936730861663818e-02 4.646295681595802307e-02 1.092864125967025757e-01 1.049115881323814392e-01 1.216502785682678223e-01 7.398373633623123169e-02 1.091122403740882874e-01 1.258633881807327271e-01 7.228670269250869751e-02 6.747891008853912354e-02 1.379617303609848022e-02 3.290171921253204346e-02 5.789909139275550842e-02 1.555747631937265396e-02 1.618837416172027588e-01 7.839721627533435822e-03 6.370735913515090942e-02 7.225229591131210327e-02 1.623460203409194946e-01 3.249097615480422974e-02 1.206330806016921997e-01 2.606296539306640625e-01 1.003159582614898682e-01 1.492063552141189575e-01
3.534900397062301636e-02 9.612461924552917480e-02 9.446130692958831787e-02 1.663634479045867920e-01 1.566625572741031647e-02 1.557362847961485386e-03 1.175673082470893860e-01 0.000000000000000000e+00 1.164860650897026062e-01 1.291585117578506470e-01 4.264546558260917664e-02 7.149489223957061768e-02 8.388675749301910400e-03 1.281376183032989502e-02 4.142215941101312637e-03 4.396598413586616516e-02 8.564935997128486633e-03 8.420690894126892090e-03 4.566872119903564453e-02 1.835897415876388550e-01 1.311507523059844971e-01 8.499436080455780029e-02 6.007716432213783264e-02 1.021967530250549316e-01 4.517623782157897949e-02 1.098288148641586304e-01 5.426639690995216370e-02 1.882207542657852173e-01 4.565001651644706726e-02 8.540255576372146606e-02 3.109882585704326630e-03 1.475845724344253540e-01 1.745723932981491089e-02 3.220395743846893311e-02
8.147253841161727905e-02 2.059202082455158234e-02 2.226980775594711304e-02 5.086306110024452209e-02 1.010041311383247375e-01 1.180220171809196472e-01 1.096250838600099087e-03 1.164860650897026062e-01 0.000000000000000000e+00 1.286601554602384567e-02 7.420924305915832520e-02 4.536901414394378662e-02 1.082031279802322388e-01 1.038272827863693237e-01 1.205701082944869995e-01 7.289340347051620483e-02 1.080289110541343689e-01 1.247843578457832336e-01 7.119609415531158447e-02 6.857009232044219971e-02 1.489219814538955688e-02 3.180661424994468689e-02 5.680644512176513672e-02 1.446147169917821884e-02 1.608160287141799927e-01 6.743528414517641068e-03 6.261547654867172241e-02 7.334273308515548706e-02 1.612784713506698608e-01 3.139584138989448547e-02 1.195526421070098877e-01 2.596075832843780518e-01 9.923061728477478027e-02 1.481343209743499756e-01
9.423977136611938477e-02 3.344917297363281250e-02 3.512575849890708923e-02 3.802192583680152893e-02 1.137223690748214722e-01 1.306895911693572998e-01 1.176993083208799362e-02 1.291585117578506470e-01 1.286601554602384567e-02 0.000000000000000000e+00 8.699220418930053711e-02 5.820105969905853271e-02 1.209008321166038513e-01 1.165376231074333191e-01 1.332294493913650513e-01 8.567906171083450317e-02 1.207271292805671692e-01 1.374297291040420532e-01 8.398517966270446777e-02 5.575326085090637207e-02 2.026570495218038559e-03 4.465435817837715149e-02 6.962157785892486572e-02 2.732240408658981323e-02 1.733234226703643799e-01 1.960784383118152618e-02 7.542073726654052734e-02 6.053384020924568176e-02 1.737838834524154663e-01 4.424398764967918396e-02 1.322152912616729736e-01 2.715665400028228760e-01 1.119537055492401123e-01 1.606940776109695435e-01
7.307475898414850235e-03 5.369928479194641113e-02 5.202541872859001160e-02 1.246019974350929260e-01 2.699724584817886353e-02 4.419989138841629028e-02 7.529936730861663818e-02 4.264546558260917664e-02 7.420924305915832520e-02 8.699220418930053711e-02 0.000000000000000000e+00 2.893765829503536224e-02 3.426904976367950439e-02 2.984801307320594788e-02 4.677941650152206421e-02 1.323001342825591564e-03 3.409298136830329895e-02 5.104782432317733765e-02 3.029155544936656952e-03 1.420564800500869751e-01 8.900308609008789062e-02 4.250295087695121765e-02 1.747647486627101898e-02 5.981196090579032898e-02 8.765283226966857910e-02 6.749949604272842407e-02 1.164789032191038132e-02 1.467532515525817871e-01 8.812392503023147583e-02 4.291338473558425903e-02 4.574928060173988342e-02 1.890402585268020630e-01 2.520699240267276764e-02 7.474677264690399170e-02
3.623747080564498901e-02 2.480016462504863739e-02 2.312256954610347748e-02 9.601052105426788330e-02 5.589123815298080444e-02 7.304412126541137695e-02 4.646295681595802307e-02 7.149489223957061768e-02 4.536901414394378662e-02 5.820105969905853271e-02 2.893765829503536224e-02 0.000000000000000000e+00 6.314408779144287109e-02 5.873493850231170654e-02 7.561471313238143921e-02 2.761571295559406281e-02 6.296851485967636108e-02 7.986750453710556030e-02 2.591077424585819244e-02 1.135857477784156799e-01 6.022052466869354248e-02 1.358199864625930786e-02 1.146698277443647385e-02 3.092783503234386444e-02 1.162955090403556824e-01 3.863730654120445251e-02 1.729559712111949921e-02 1.183180510997772217e-01 1.167638227343559265e-01 1.399310491979122162e-02 7.458819448947906494e-02 2.167919725179672241e-01 5.410518497228622437e-02 1.034606397151947021e-01
2.696832641959190369e-02 8.780674636363983154e-02 8.614088594913482666e-02 1.581955552101135254e-01 7.278537377715110779e-03 9.945908561348915100e-03 1.092864125967025757e-01 8.388675749301910400e-03 1.082031279802322388e-01 1.209008321166038513e-01 3.426904976367950439e-02 6.314408779144287109e-02 0.000000000000000000e+00 4.425561986863613129e-03 1.253045629709959030e-02 3.559043630957603455e-02 1.762735773809254169e-04 1.680817827582359314e-02 3.729433193802833557e-02 1.754713058471679688e-01 1.228972896933555603e-01 7.666034251451492310e-02 5.171455070376396179e-02 9.388856589794158936e-02 5.354462191462516785e-02 1.015336811542510986e-01 4.589861631393432617e-02 1.801164746284484863e-01 5.401800572872161865e-02 7.706909626722335815e-02 1.149825751781463623e-02 1.557803899049758911e-01 9.069891646504402161e-03 4.058166965842247009e-02
2.254545502364635468e-02 8.341360092163085938e-02 8.174648880958557129e-02 1.538777202367782593e-01 2.853067126125097275e-03 1.437083818018436432e-02 1.049115881323814392e-01 1.281376183032989502e-02 1.038272827863693237e-01 1.165376231074333191e-01 2.984801307320594788e-02 5.873493850231170654e-02 4.425561986863613129e-03 0.000000000000000000e+00 1.695507764816284180e-02 3.116978332400321960e-02 4.249291960150003433e-03 2.123216167092323303e-02 3.287419676780700684e-02 1.711786687374114990e-01 1.185361966490745544e-01 7.225929200649261475e-02 4.729981347918510437e-02 8.950019627809524536e-02 5.795644968748092651e-02 9.715177863836288452e-02 4.148148000240325928e-02 1.758310645818710327e-01 5.842959880828857422e-02 7.266832143068313599e-02 1.592301018536090851e-02 1.600955724716186523e-01 4.644515924155712128e-03 4.499915242195129395e-02
3.948543965816497803e-02 1.002269312739372253e-01 9.856495261192321777e-02 1.703882515430450439e-01 1.980718597769737244e-02 2.584869973361492157e-03 1.216502785682678223e-01 4.142215941101312637e-03 1.205701082944869995e-01 1.332294493913650513e-01 4.677941650152206421e-02 7.561471313238143921e-02 1.253045629709959030e-02 1.695507764816284180e-02 0.000000000000000000e+00 4.809944331645965576e-02 1.270670164376497269e-02 4.278623964637517929e-03 4.980151727795600891e-02 1.875893026590347290e-01 1.352195143699645996e-01 8.910520374774932861e-02 6.420340389013290405e-02 1.062939688563346863e-01 4.104170203208923340e-02 1.139192059636116028e-01 5.839549005031585693e-02 1.922131180763244629e-01 4.151565209031105042e-02 8.951310813426971436e-02 1.032346859574317932e-03 1.435301005840301514e-01 2.159789204597473145e-02 2.806548587977886200e-02
8.630394004285335541e-03 5.238000303506851196e-02 5.070590600371360779e-02 1.232993230223655701e-01 2.831923589110374451e-02 4.552023112773895264e-02 7.398373633623123169e-02 4.396598413586616516e-02 7.289340347051620483e-02 8.567906171083450317e-02 1.323001342825591564e-03 2.761571295559406281e-02 3.559043630957603455e-02 3.116978332400321960e-02 4.809944331645965576e-02 0.000000000000000000e+00 3.541438654065132141e-02 5.236728861927986145e-02 1.706161187030375004e-03 1.407599300146102905e-01 8.769040554761886597e-02 4.118226468563079834e-02 1.615384593605995178e-02 5.849358811974525452e-02 8.896552026271820068e-02 6.618240475654602051e-02 1.032504811882972717e-02 1.454584896564483643e-01 8.943650126457214355e-02 4.159274697303771973e-02 4.706943035125732422e-02 1.903156638145446777e-01 2.652910910546779633e-02 7.606224715709686279e-02
2.679217979311943054e-02 8.763182908296585083e-02 8.596591651439666748e-02 1.580236852169036865e-01 7.102272938936948776e-03 1.012216415256261826e-02 1.091122403740882874e-01 8.564935997128486633e-03 1.080289110541343689e-01 1.207271292805671692e-01 3.409298136830329895e-02 6.296851485967636108e-02 1.762735773809254169e-04 4.249291960150003433e-03 1.270670164376497269e-02 3.541438654065132141e-02 0.000000000000000000e+00 1.698440127074718475e-02 3.711830452084541321e-02 1.753004491329193115e-01 1.227236762642860413e-01 7.648510485887527466e-02 5.153874680399894714e-02 9.371384233236312866e-02 5.372038856148719788e-02 1.013592258095741272e-01 4.572271555662155151e-02 1.799459159374237061e-01 5.419376492500305176e-02 7.689386606216430664e-02 1.167450752109289169e-02 1.559523791074752808e-01 8.893632330000400543e-03 4.075765237212181091e-02
4.375667124986648560e-02 1.044607535004615784e-01 1.028002277016639709e-01 1.745396256446838379e-01 2.408376894891262054e-02 6.863418035209178925e-03 1.258633881807327271e-01 8.420690894126892090e-03 1.247843578457832336e-01 1.374297291040420532e-01 5.104782432317733765e-02 7.986750453710556030e-02 1.680817827582359314e-02 2.123216167092323303e-02 4.278623964637517929e-03 5.236728861927986145e-02 1.698440127074718475e-02 0.000000000000000000e+00 5.406861752271652222e-02 1.917140483856201172e-01 1.394174695014953613e-01 9.334824234247207642e-02 6.846322119235992432e-02 1.105223298072814941e-01 3.676953539252281189e-02 1.181402429938316345e-01 6.265845894813537598e-02 1.963302791118621826e-01 3.724364191293716431e-02 9.375582635402679443e-02 5.310947541147470474e-03 1.393370479345321655e-01 2.587412670254707336e-02 2.378971874713897705e-02
1.033640280365943909e-02 5.067837238311767578e-02 4.900398477911949158e-02 1.216187402606010437e-01 3.002394549548625946e-02 4.722272604703903198e-02 7.228670269250869751e-02 4.566872119903564453e-02 7.119609415531158447e-02 8.398517966270446777e-02 3.029155544936656952e-03 2.591077424585819244e-02 3.729433193802833557e-02 3.287419676780700684e-02 4.980151727795600891e-02 1.706161187030375004e-03 3.711830452084541321e-02 5.406861752271652222e-02 0.000000000000000000e+00 1.390871703624725342e-01 8.599711209535598755e-02 3.947887942194938660e-02 1.444808300584554672e-02 5.679309740662574768e-02 9.065791964530944824e-02 6.448352336883544922e-02 8.619038388133049011e-03 1.437880098819732666e-01 9.112875163555145264e-02 3.988941386342048645e-02 4.877167567610740662e-02 1.919594854116439819e-01 2.823399193584918976e-02 7.775831967592239380e-02
1.492090672254562378e-01 8.903639018535614014e-02 9.070139378309249878e-02 1.776900328695774078e-02 1.684078574180603027e-01 1.850941777229309082e-01 6.747891008853912354e-02 1.835897415876388550e-01 6.857009232044219971e-02 5.575326085090637207e-02 1.420564800500869751e-01 1.135857477784156799e-01 1.754713058471679688e-01 1.711786687374114990e-01 1.875893026590347290e-01 1.407599300146102905e-01 1.753004491329193115e-01 1.917140483856201172e-01 1.390871703624725342e-01 0.000000000000000000e+00 5.373276397585868835e-02 1.001582667231559753e-01 1.248900592327117920e-01 8.294931054115295410e-02 2.268842309713363647e-01 7.527881115674972534e-02 1.306247264146804810e-01 4.796768538653850555e-03 2.273344993591308594e-01 9.975118935108184814e-02 1.865930855274200439e-01 3.224378526210784912e-01 1.666666716337203979e-01 2.145253568887710571e-01
9.624796360731124878e-02 3.547333925962448120e-02 3.714968636631965637e-02 3.599812835454940796e-02 1.157222688198089600e-01 1.326810121536254883e-01 1.379617303609848022e-02 1.311507523059844971e-01 1.489219814538955688e-02 2.026570495218038559e-03 8.900308609008789062e-02 6.022052466869354248e-02 1.228972896933555603e-01 1.185361966490745544e-01 1.352195143699645996e-01 8.769040554761886597e-02 1.227236762642860413e-01 1.394174695014953613e-01 8.599711209535598755e-02 5.373276397585868835e-02 0.000000000000000000e+00 4.667670652270317078e-02 7.163804024457931519e-02 2.934735082089900970e-02 1.752884238958358765e-01 2.163355425000190735e-02 7.743547111749649048e-02 5.851444974541664124e-02 1.757485568523406982e-01 4.626640677452087402e-02 1.342058926820755005e-01 2.734426259994506836e-01 1.139544174075126648e-01 1.626676768064498901e-01
4.979496076703071594e-02 1.122194528579711914e-02 9.543568827211856842e-03 8.253615349531173706e-02 6.942053884267807007e-02 8.654026687145233154e-02 3.290171921253204346e-02 8.499436080455780029e-02 3.180661424994468689e-02 4.465435817837715149e-02 4.250295087695121765e-02 1.358199864625930786e-02 7.666034251451492310e-02 7.225929200649261475e-02 8.910520374774932861e-02 4.118226468563079834e-02 7.648510485887527466e-02 9.334824234247207642e-02 3.947887942194938660e-02 1.001582667231559753e-01 4.667670652270317078e-02 0.000000000000000000e+00 2.504508197307586670e-02 1.735312491655349731e-02 1.296726912260055542e-01 2.506846375763416290e-02 3.087034448981285095e-02 1.049046292901039124e-01 1.301394402980804443e-01 4.111842135898768902e-04 8.808095753192901611e-02 2.296976447105407715e-01 6.763748079538345337e-02 1.168784052133560181e-01
2.478078566491603851e-02 3.625683486461639404e-02 3.458038344979286194e-02 1.073593050241470337e-01 4.445274546742439270e-02 6.162875890731811523e-02 5.789909139275550842e-02 6.007716432213783264e-02 5.680644512176513672e-02 6.962157785892486572e-02 1.747647486627101898e-02 1.146698277443647385e-02 5.171455070376396179e-02 4.729981347918510437e-02 6.420340389013290405e-02 1.615384593605995178e-02 5.153874680399894714e-02 6.846322119235992432e-02 1.444808300584554672e-02 1.248900592327117920e-01 7.163804024457931519e-02 2.504508197307586670e-02 0.000000000000000000e+00 4.237978905439376831e-02 1.049685105681419373e-01 5.008210241794586182e-02 5.829770583659410477e-03 1.296091824769973755e-01 1.054380163550376892e-01 2.545600384473800659e-02 6.317524611949920654e-02 2.058366984128952026e-01 4.266466945409774780e-02 9.210292994976043701e-02
6.709011644124984741e-02 6.132374517619609833e-03 7.810850627720355988e-03 6.527651846408843994e-02 8.666925877332687378e-02 1.037376075983047485e-01 1.555747631937265396e-02 1.021967530250549316e-01 1.446147169917821884e-02 2.732240408658981323e-02 5.981196090579032898e-02 3.092783503234386444e-02 9.388856589794158936e-02 8.950019627809524536e-02 1.062939688563346863e-01 5.849358811974525452e-02 9.371384233236312866e-02 1.105223298072814941e-01 5.679309740662574768e-02 8.294931054115295410e-02 2.934735082089900970e-02 1.735312491655349731e-02 4.237978905439376831e-02 0.000000000000000000e+00 1.466957181692123413e-01 7.718696258962154388e-03 4.819764941930770874e-02 8.771117776632308960e-02 1.471602320671081543e-01 1.694206148386001587e-02 1.052731797099113464e-01 2.460699379444122314e-01 8.489096909761428833e-02 1.339598298072814941e-01
8.039685338735580444e-02 1.406899094581604004e-01 1.390441805124282837e-01 2.099616825580596924e-01 6.079946085810661316e-02 4.362194240093231201e-02 1.618837416172027588e-01 4.517623782157897949e-02 1.608160287141799927e-01 1.733234226703643799e-01 8.765283226966857910e-02 1.162955090403556824e-01 5.354462191462516785e-02 5.795644968748092651e-02 4.104170203208923340e-02 8.896552026271820068e-02 5.372038856148719788e-02 3.676953539252281189e-02 9.065791964530944824e-02 2.268842309713363647e-01 1.752884238958358765e-01 1.296726912260055542e-01 1.049685105681419373e-01 1.466957181692123413e-01 0.000000000000000000e+00 1.542397588491439819e-01 9.919944405555725098e-02 2.314291298389434814e-01 4.747586499433964491e-04 1.300769299268722534e-01 4.207226634025573730e-02 1.030957102775573730e-01 6.258411705493927002e-02 1.299117878079414368e-02
7.477009296417236328e-02 1.385041512548923492e-02 1.552861090749502182e-02 5.758683755993843079e-02 9.432484954595565796e-02 1.113671287894248962e-01 7.839721627533435822e-03 1.098288148641586304e-01 6.743528414517641068e-03 1.960784383118152618e-02 6.749949604272842407e-02 3.863730654120445251e-02 1.015336811542510986e-01 9.715177863836288452e-02 1.139192059636116028e-01 6.618240475654602051e-02 1.013592258095741272e-01 1.181402429938316345e-01 6.448352336883544922e-02 7.527881115674972534e-02 2.163355425000190735e-02 2.506846375763416290e-02 5.008210241794586182e-02 7.718696258962154388e-03 1.542397588491439819e-01 0.000000000000000000e+00 5.589555203914642334e-02 8.004667609930038452e-02 1.547031998634338379e-01 2.465753443539142609e-02 1.129001379013061523e-01 2.533075213432312012e-01 9.254901856184005737e-02 1.415321826934814453e-01
1.895375363528728485e-02 4.207771271467208862e-02 4.040201008319854736e-02 1.131182760000228882e-01 3.863298520445823669e-02 5.581904575228691101e-02 6.370735913515090942e-02 5.426639690995216370e-02 6.261547654867172241e-02 7.542073726654052734e-02 1.164789032191038132e-02 1.729559712111949921e-02 4.589861631393432617e-02 4.148148000240325928e-02 5.839549005031585693e-02 1.032504811882972717e-02 4.572271555662155151e-02 6.265845894813537598e-02 8.619038388133049011e-03 1.306247264146804810e-01 7.743547111749649048e-02 3.087034448981285095e-02 5.829770583659410477e-03 4.819764941930770874e-02 9.919944405555725098e-02 5.589555203914642334e-02 0.000000000000000000e+00 1.353366971015930176e-01 9.966950863599777222e-02 3.128113225102424622e-02 5.736659839749336243e-02 2.002472132444381714e-01 3.684406355023384094e-02 8.631950616836547852e-02
1.538956910371780396e-01 9.379310160875320435e-02 9.545662999153137207e-02 2.256384864449501038e-02 1.730648279190063477e-01 1.897225081920623779e-01 7.225229591131210327e-02 1.882207542657852173e-01 7.334273308515548706e-02 6.053384020924568176e-02 1.467532515525817871e-01 1.183180510997772217e-01 1.801164746284484863e-01 1.758310645818710327e-01 1.922131180763244629e-01 1.454584896564483643e-01 1.799459159374237061e-01 1.963302791118621826e-01 1.437880098819732666e-01 4.796768538653850555e-03 5.851444974541664124e-02 1.049046292901039124e-01 1.296091824769973755e-01 8.771117776632308960e-02 2.314291298389434814e-01 8.004667609930038452e-02 1.353366971015930176e-01 0.000000000000000000e+00 2.318784147500991821e-01 1.044979542493820190e-01 1.912187188863754272e-01 3.267292976379394531e-01 1.713264733552932739e-01 2.190966755151748657e-01
8.086852729320526123e-02 1.411552280187606812e-01 1.395097374916076660e-01 2.104154676198959351e-01 6.127245351672172546e-02 4.409578815102577209e-02 1.623460203409194946e-01 4.565001651644706726e-02 1.612784713506698608e-01 1.737838834524154663e-01 8.812392503023147583e-02 1.167638227343559265e-01 5.401800572872161865e-02 5.842959880828857422e-02 4.151565209031105042e-02 8.943650126457214355e-02 5.419376492500305176e-02 3.724364191293716431e-02 9.112875163555145264e-02 2.273344993591308594e-01 1.757485568523406982e-01 1.301394402980804443e-01 1.054380163550376892e-01 1.471602320671081543e-01 4.747586499433964491e-04 1.547031998634338379e-01 9.966950863599777222e-02 2.318784147500991821e-01 0.000000000000000000e+00 1.305436342954635620e-01 4.254617542028427124e-02 1.026259735226631165e-01 6.305700540542602539e-02 1.346585433930158615e-02
5.020511895418167114e-02 1.081081107258796692e-02 9.132419712841510773e-03 8.212775737047195435e-02 6.982973217964172363e-02 8.694835752248764038e-02 3.249097615480422974e-02 8.540255576372146606e-02 3.139584138989448547e-02 4.424398764967918396e-02 4.291338473558425903e-02 1.399310491979122162e-02 7.706909626722335815e-02 7.266832143068313599e-02 8.951310813426971436e-02 4.159274697303771973e-02 7.689386606216430664e-02 9.375582635402679443e-02 3.988941386342048645e-02 9.975118935108184814e-02 4.626640677452087402e-02 4.111842135898768902e-04 2.545600384473800659e-02 1.694206148386001587e-02 1.300769299268722534e-01 2.465753443539142609e-02 3.128113225102424622e-02 1.044979542493820190e-01 1.305436342954635620e-01 0.000000000000000000e+00 8.848893642425537109e-02 2.300871014595031738e-01 6.804677098989486694e-02 1.172839477658271790e-01
3.845465928316116333e-02 9.920484572649002075e-02 9.754253178834915161e-02 1.693857014179229736e-01 1.877522282302379608e-02 1.552527188323438168e-03 1.206330806016921997e-01 3.109882585704326630e-03 1.195526421070098877e-01 1.322152912616729736e-01 4.574928060173988342e-02 7.458819448947906494e-02 1.149825751781463623e-02 1.592301018536090851e-02 1.032346859574317932e-03 4.706943035125732422e-02 1.167450752109289169e-02 5.310947541147470474e-03 4.877167567610740662e-02 1.865930855274200439e-01 1.342058926820755005e-01 8.808095753192901611e-02 6.317524611949920654e-02 1.052731797099113464e-01 4.207226634025573730e-02 1.129001379013061523e-01 5.736659839749336243e-02 1.912187188863754272e-01 4.254617542028427124e-02 8.848893642425537109e-02 0.000000000000000000e+00 1.445410400629043579e-01 2.056600525975227356e-02 2.909699082374572754e-02
1.819841712713241577e-01 2.403001785278320312e-01 2.387179136276245117e-01 3.064244985580444336e-01 1.628742516040802002e-01 1.460607796907424927e-01 2.606296539306640625e-01 1.475845724344253540e-01 2.596075832843780518e-01 2.715665400028228760e-01 1.890402585268020630e-01 2.167919725179672241e-01 1.557803899049758911e-01 1.600955724716186523e-01 1.435301005840301514e-01 1.903156638145446777e-01 1.559523791074752808e-01 1.393370479345321655e-01 1.919594854116439819e-01 3.224378526210784912e-01 2.734426259994506836e-01 2.296976447105407715e-01 2.058366984128952026e-01 2.460699379444122314e-01 1.030957102775573730e-01 2.533075213432312012e-01 2.002472132444381714e-01 3.267292976379394531e-01 1.026259735226631165e-01 2.300871014595031738e-01 1.445410400629043579e-01 0.000000000000000000e+00 1.646176874637603760e-01 1.159316226840019226e-01
1.790281385183334351e-02 7.879961282014846802e-02 7.713125646114349365e-02 1.493399292230606079e-01 1.791472546756267548e-03 1.901408471167087555e-02 1.003159582614898682e-01 1.745723932981491089e-02 9.923061728477478027e-02 1.119537055492401123e-01 2.520699240267276764e-02 5.410518497228622437e-02 9.069891646504402161e-03 4.644515924155712128e-03 2.159789204597473145e-02 2.652910910546779633e-02 8.893632330000400543e-03 2.587412670254707336e-02 2.823399193584918976e-02 1.666666716337203979e-01 1.139544174075126648e-01 6.763748079538345337e-02 4.266466945409774780e-02 8.489096909761428833e-02 6.258411705493927002e-02 9.254901856184005737e-02 3.684406355023384094e-02 1.713264733552932739e-01 6.305700540542602539e-02 6.804677098989486694e-02 2.056600525975227356e-02 1.646176874637603760e-01 0.000000000000000000e+00 4.963329434394836426e-02
6.747614592313766479e-02 1.279325485229492188e-01 1.262811124324798584e-01 1.975092440843582153e-01 4.784607514739036560e-02 3.064813278615474701e-02 1.492063552141189575e-01 3.220395743846893311e-02 1.481343209743499756e-01 1.606940776109695435e-01 7.474677264690399170e-02 1.034606397151947021e-01 4.058166965842247009e-02 4.499915242195129395e-02 2.806548587977886200e-02 7.606224715709686279e-02 4.075765237212181091e-02 2.378971874713897705e-02 7.775831967592239380e-02 2.145253568887710571e-01 1.626676768064498901e-01 1.168784052133560181e-01 9.210292994976043701e-02 1.339598298072814941e-01 1.299117878079414368e-02 1.415321826934814453e-01 8.631950616836547852e-02 2.190966755151748657e-01 1.346585433930158615e-02 1.172839477658271790e-01 2.909699082374572754e-02 1.159316226840019226e-01 4.963329434394836426e-02 0.000000000000000000e+00
