0.000000000000000000e+00 6.605108827352523804e-02 4.223170503973960876e-02 1.326874196529388428e-01 9.391406923532485962e-02 3.480893746018409729e-02 5.023968219757080078e-02 1.390526723116636276e-02 6.894318759441375732e-02 1.045643165707588196e-01 3.839294612407684326e-02 8.672918379306793213e-02 2.025277167558670044e-02 2.380916289985179901e-02 2.843067608773708344e-02 5.122129991650581360e-02 3.372461069375276566e-03 1.133290957659482956e-02 4.357118904590606689e-02 1.948341429233551025e-01 1.446401625871658325e-01 5.588534474372863770e-02 2.366510219871997833e-02 5.108696222305297852e-02 1.059739035554230213e-03 9.022101014852523804e-02 2.010877989232540131e-02 1.187200248241424561e-01 4.909429699182510376e-02 2.553446590900421143e-02 4.039448872208595276e-02 1.557393223047256470e-01 8.699225261807441711e-03 8.700665086507797241e-02
6.605108827352523804e-02 0.000000000000000000e+00 2.388601191341876984e-02 6.722550839185714722e-02 1.589789837598800659e-01 1.006286665797233582e-01 1.586405001580715179e-02 7.988299429416656494e-02 2.905321540310978889e-03 3.878107294440269470e-02 2.772845886647701263e-02 2.079722844064235687e-02 4.585966467857360840e-02 8.971916139125823975e-02 9.430467337369918823e-02 1.488013193011283875e-02 6.940808892250061035e-02 5.475917086005210876e-02 2.254478447139263153e-02 1.304619759321212769e-01 7.934711873531341553e-02 1.020340807735919952e-02 4.245234653353691101e-02 1.501479186117649078e-02 6.499589979648590088e-02 2.431481890380382538e-02 4.600341618061065674e-02 5.308520048856735229e-02 1.147732064127922058e-01 4.058507457375526428e-02 2.572524175047874451e-02 2.195321470499038696e-01 5.738483369350433350e-02 1.521831601858139038e-01
4.223170503973960876e-02 2.388601191341876984e-02 0.000000000000000000e+00 9.096544981002807617e-02 1.356079280376434326e-01 7.692755758762359619e-02 8.025004528462886810e-03 5.610402673482894897e-02 2.678947523236274719e-02 6.260909140110015869e-02 3.844993654638528824e-03 4.466105252504348755e-02 2.199774794280529022e-02 6.597453355789184570e-02 7.057763636112213135e-02 9.009081870317459106e-03 4.559767618775367737e-02 3.091358952224254608e-02 1.341951196081936359e-03 1.538684964179992676e-01 1.030378416180610657e-01 1.368593983352184296e-02 1.858517713844776154e-02 8.874402381479740143e-03 4.117381200194358826e-02 4.817285016179084778e-02 2.214173041284084320e-02 7.687373459339141846e-02 9.113703668117523193e-02 1.671526581048965454e-02 1.840358600020408630e-03 1.966774463653564453e-01 3.354480490088462830e-02 1.287652254104614258e-01
1.326874196529388428e-01 6.722550839185714722e-02 9.096544981002807617e-02 0.000000000000000000e+00 2.238125205039978027e-01 1.667263060808181763e-01 8.300103992223739624e-02 1.463227123022079468e-01 6.433274596929550171e-02 2.851878479123115540e-02 9.477730095386505127e-02 4.649328067898750305e-02 1.127376109361648560e-01 1.560037434101104736e-01 1.605125814676284790e-01 8.202359080314636230e-02 1.359990239143371582e-01 1.215372756123542786e-01 8.963444083929061890e-02 6.379597634077072144e-02 1.218661759048700333e-02 7.737584412097930908e-02 1.093657389283180237e-01 8.215737342834472656e-02 1.316462010145187378e-01 4.298094287514686584e-02 1.128798201680183411e-01 1.419094856828451157e-02 1.806052178144454956e-01 1.075172349810600281e-01 9.279027581214904785e-02 2.825872004032135010e-01 1.241314709186553955e-01 2.171867191791534424e-01
9.391406923532485962e-02 1.589789837598800659e-01 1.356079280376434326e-01 2.238125205039978027e-01 0.000000000000000000e+00 5.929898098111152649e-02 1.434767991304397583e-01 8.011342585086822510e-02 1.618095785379409790e-01 1.965482681989669800e-01 1.318316757678985596e-01 1.791837811470031738e-01 1.139501035213470459e-01 7.026201486587524414e-02 6.565870344638824463e-02 1.444405466318130493e-01 9.057029336690902710e-02 1.051350831985473633e-01 1.369249671697616577e-01 2.835597395896911621e-01 2.353571951389312744e-01 1.490173041820526123e-01 1.173184290528297424e-01 1.443086713552474976e-01 9.496435523033142090e-02 1.825880110263824463e-01 1.138079240918159485e-01 2.102894783020019531e-01 4.502737522125244141e-02 1.191627755761146545e-01 1.338009685277938843e-01 6.274294108152389526e-02 1.025295257568359375e-01 6.964320316910743713e-03
3.480893746018409729e-02 1.006286665797233582e-01 7.692755758762359619e-02 1.667263060808181763e-01 5.929898098111152649e-02 0.000000000000000000e+00 8.490014821290969849e-02 2.091379277408123016e-02 1.035037189722061157e-01 1.388678103685379028e-01 7.310418784618377686e-02 1.211723014712333679e-01 5.502291768789291382e-02 1.100889779627323151e-02 6.384579464793205261e-03 8.587712049484252930e-02 3.144016861915588379e-02 4.612364992499351501e-02 7.826142758131027222e-02 2.280961424112319946e-01 1.785501390695571899e-01 9.051819890737533569e-02 5.842591077089309692e-02 8.574341982603073120e-02 3.586735203862190247e-02 1.246385201811790466e-01 5.487930029630661011e-02 1.528971046209335327e-01 1.430981326848268509e-02 6.028981506824493408e-02 7.509782910346984863e-02 1.215895414352416992e-01 4.349499568343162537e-02 5.235628411173820496e-02
5.023968219757080078e-02 1.586405001580715179e-02 8.025004528462886810e-03 8.300103992223739624e-02 1.434767991304397583e-01 8.490014821290969849e-02 0.000000000000000000e+00 6.410016864538192749e-02 1.876850426197052002e-02 5.461152270436286926e-02 1.186963077634572983e-02 3.664918616414070129e-02 3.001745417714118958e-02 7.396037131547927856e-02 7.855815440416336060e-02 9.841495193541049957e-04 5.360306054353713989e-02 3.892893716692924500e-02 6.683124694973230362e-03 1.460238099098205566e-01 9.509146958589553833e-02 5.661557894200086594e-03 2.660621516406536102e-02 8.494595531374216080e-04 4.918256402015686035e-02 4.016337543725967407e-02 3.016137331724166870e-02 6.889123469591140747e-02 9.908957779407501221e-02 2.473695203661918640e-02 9.865215979516506195e-03 2.043798714876174927e-01 4.155862331390380859e-02 1.366490274667739868e-01
1.390526723116636276e-02 7.988299429416656494e-02 5.610402673482894897e-02 1.463227123022079468e-01 8.011342585086822510e-02 2.091379277408123016e-02 6.410016864538192749e-02 0.000000000000000000e+00 8.276909589767456055e-02 1.182975769042968750e-01 5.227030441164970398e-02 1.005132347345352173e-01 3.414842486381530762e-02 9.907175786793231964e-03 1.453115418553352356e-02 6.508021801710128784e-02 1.053329929709434509e-02 2.523420192301273346e-02 5.744165554642677307e-02 2.081754058599472046e-01 1.582271754741668701e-01 6.973642110824584961e-02 3.755801171064376831e-02 6.494609266519546509e-02 1.496478449553251266e-02 1.039958149194717407e-01 3.400453925132751465e-02 1.324066966772079468e-01 3.521306812763214111e-02 3.942573443055152893e-02 5.426926910877227783e-02 1.421418786048889160e-01 2.260175906121730804e-02 7.318993657827377319e-02
6.894318759441375732e-02 2.905321540310978889e-03 2.678947523236274719e-02 6.433274596929550171e-02 1.618095785379409790e-01 1.035037189722061157e-01 1.876850426197052002e-02 8.276909589767456055e-02 0.000000000000000000e+00 3.587979078292846680e-02 3.063131123781204224e-02 1.789299026131629944e-02 4.875849187374114990e-02 9.260033816099166870e-02 9.718336910009384155e-02 1.778468489646911621e-02 7.229882478713989258e-02 5.765532329678535461e-02 2.544843964278697968e-02 1.276050060987472534e-01 7.645942270755767822e-02 1.310834102332592010e-02 4.535207524895668030e-02 1.791933365166187286e-02 6.788840144872665405e-02 2.141101099550724030e-02 4.890219867229461670e-02 5.018761754035949707e-02 1.176393106579780579e-01 4.348526895046234131e-02 2.862842194736003876e-02 2.222956866025924683e-01 6.028010696172714233e-02 1.550199389457702637e-01
1.045643165707588196e-01 3.878107294440269470e-02 6.260909140110015869e-02 2.851878479123115540e-02 1.965482681989669800e-01 1.388678103685379028e-01 5.461152270436286926e-02 1.182975769042968750e-01 3.587979078292846680e-02 0.000000000000000000e+00 6.643808633089065552e-02 1.799836009740829468e-02 8.449047058820724487e-02 1.280546635389328003e-01 1.326007992029190063e-01 5.363025888800621033e-02 1.078987270593643188e-01 9.334202110767364502e-02 6.127228587865829468e-02 9.214711189270019531e-02 4.069126024842262268e-02 4.896510392427444458e-02 8.109989762306213379e-02 5.376455932855606079e-02 1.035160496830940247e-01 1.447990816086530685e-02 8.463349193334579468e-02 1.433363649994134903e-02 1.528738290071487427e-01 7.924142479896545410e-02 6.444201618432998657e-02 2.561325728893280029e-01 9.595237672328948975e-02 1.898438185453414917e-01
3.839294612407684326e-02 2.772845886647701263e-02 3.844993654638528824e-03 9.477730095386505127e-02 1.318316757678985596e-01 7.310418784618377686e-02 1.186963077634572983e-02 5.227030441164970398e-02 3.063131123781204224e-02 6.643808633089065552e-02 0.000000000000000000e+00 4.849772155284881592e-02 1.815429143607616425e-02 6.214530020952224731e-02 6.675076484680175781e-02 1.285363081842660904e-02 4.176000133156776428e-02 2.707181684672832489e-02 5.186917725950479507e-03 1.576202362775802612e-01 1.068405136466026306e-01 1.753001101315021515e-02 1.474123913794755936e-02 1.271896250545978546e-02 3.733472526073455811e-02 5.200821533799171448e-02 1.829829439520835876e-02 8.069488406181335449e-02 8.732265233993530273e-02 1.287109963595867157e-02 2.004648791626095772e-03 1.929783970117568970e-01 2.970364317297935486e-02 1.249821111559867859e-01
8.672918379306793213e-02 2.079722844064235687e-02 4.466105252504348755e-02 4.649328067898750305e-02 1.791837811470031738e-01 1.211723014712333679e-01 3.664918616414070129e-02 1.005132347345352173e-01 1.789299026131629944e-02 1.799836009740829468e-02 4.849772155284881592e-02 0.000000000000000000e+00 6.659337878227233887e-02 1.103105619549751282e-01 1.148765981197357178e-01 3.566632419824600220e-02 9.007529169321060181e-02 7.547044754028320312e-02 4.332169890403747559e-02 1.099631041288375854e-01 5.864667147397994995e-02 3.099405951797962189e-02 6.319378316402435303e-02 3.580084070563316345e-02 8.567731827497482300e-02 3.519370220601558685e-03 6.673679500818252563e-02 3.232365846633911133e-02 1.352476030588150024e-01 6.133053824305534363e-02 4.649759456515312195e-02 2.392370998859405518e-01 7.808886468410491943e-02 1.724346280097961426e-01
2.025277167558670044e-02 4.585966467857360840e-02 2.199774794280529022e-02 1.127376109361648560e-01 1.139501035213470459e-01 5.502291768789291382e-02 3.001745417714118958e-02 3.414842486381530762e-02 4.875849187374114990e-02 8.449047058820724487e-02 1.815429143607616425e-02 6.659337878227233887e-02 0.000000000000000000e+00 4.404069855809211731e-02 4.865543171763420105e-02 3.100068680942058563e-02 2.362361922860145569e-02 8.921910077333450317e-03 2.333901077508926392e-02 1.752729862928390503e-01 1.247528344392776489e-01 3.567294776439666748e-02 3.413965692743659019e-03 3.086612559854984283e-02 1.919344440102577209e-02 7.009632140398025513e-02 1.440512860426679254e-04 9.870457649230957031e-02 6.927818804979324341e-02 5.284426268190145493e-03 2.015820704400539398e-02 1.754387319087982178e-01 1.155558135360479355e-02 1.070707514882087708e-01
2.380916289985179901e-02 8.971916139125823975e-02 6.597453355789184570e-02 1.560037434101104736e-01 7.026201486587524414e-02 1.100889779627323151e-02 7.396037131547927856e-02 9.907175786793231964e-03 9.260033816099166870e-02 1.280546635389328003e-01 6.214530020952224731e-02 1.103105619549751282e-01 4.404069855809211731e-02 0.000000000000000000e+00 4.624644294381141663e-03 7.493907213211059570e-02 2.043834142386913300e-02 3.513259440660476685e-02 6.731052696704864502e-02 2.176337242126464844e-01 1.678712069988250732e-01 7.958861440420150757e-02 4.744753241539001465e-02 7.480514049530029297e-02 2.486827224493026733e-02 1.137857586145401001e-01 4.389692470431327820e-02 1.421274393796920776e-01 2.531472593545913696e-02 4.931364953517913818e-02 6.414195895195007324e-02 1.324211806058883667e-01 3.250165656208992004e-02 6.332868337631225586e-02
2.843067608773708344e-02 9.430467337369918823e-02 7.057763636112213135e-02 1.605125814676284790e-01 6.565870344638824463e-02 6.384579464793205261e-03 7.855815440416336060e-02 1.453115418553352356e-02 9.718336910009384155e-02 1.326007992029190063e-01 6.675076484680175781e-02 1.148765981197357178e-01 4.865543171763420105e-02 4.624644294381141663e-03 0.000000000000000000e+00 7.953614741563796997e-02 2.506061829626560211e-02 3.975077718496322632e-02 7.191278040409088135e-02 2.220349162817001343e-01 1.723620444536209106e-01 8.418226987123489380e-02 5.206074938178062439e-02 7.940231263637542725e-02 2.948952652513980865e-02 1.183481216430664062e-01 4.851172119379043579e-02 1.466556936502456665e-01 2.069250307977199554e-02 5.392599478363990784e-02 6.874621659517288208e-02 1.278748512268066406e-01 3.712071850895881653e-02 5.872123315930366516e-02
5.122129991650581360e-02 1.488013193011283875e-02 9.009081870317459106e-03 8.202359080314636230e-02 1.444405466318130493e-01 8.587712049484252930e-02 9.841495193541049957e-04 6.508021801710128784e-02 1.778468489646911621e-02 5.363025888800621033e-02 1.285363081842660904e-02 3.566632419824600220e-02 3.100068680942058563e-02 7.493907213211059570e-02 7.953614741563796997e-02 0.000000000000000000e+00 5.458433181047439575e-02 3.991155698895454407e-02 7.667223922908306122e-03 1.450604945421218872e-01 9.411612898111343384e-02 4.677434451878070831e-03 2.758964151144027710e-02 1.346900826320052147e-04 5.016428232192993164e-02 3.918077424168586731e-02 3.114460222423076630e-02 6.791169196367263794e-02 1.000639647245407104e-01 2.572047524154186249e-02 1.084926165640354156e-02 2.053227275609970093e-01 4.254102706909179688e-02 1.376146525144577026e-01
3.372461069375276566e-03 6.940808892250061035e-02 4.559767618775367737e-02 1.359990239143371582e-01 9.057029336690902710e-02 3.144016861915588379e-02 5.360306054353713989e-02 1.053329929709434509e-02 7.229882478713989258e-02 1.078987270593643188e-01 4.176000133156776428e-02 9.007529169321060181e-02 2.362361922860145569e-02 2.043834142386913300e-02 2.506061829626560211e-02 5.458433181047439575e-02 0.000000000000000000e+00 1.470480859279632568e-02 4.693675041198730469e-02 1.980764567852020264e-01 1.479404568672180176e-01 5.924664065241813660e-02 2.703540399670600891e-02 5.445004254579544067e-02 4.432184156030416489e-03 9.356500208377838135e-02 2.347964607179164886e-02 1.220436170697212219e-01 4.572940617799758911e-02 2.890443801879882812e-02 4.376098513603210449e-02 1.524469256401062012e-01 1.207133289426565170e-02 8.365874737501144409e-02
1.133290957659482956e-02 5.475917086005210876e-02 3.091358952224254608e-02 1.215372756123542786e-01 1.051350831985473633e-01 4.612364992499351501e-02 3.892893716692924500e-02 2.523420192301273346e-02 5.765532329678535461e-02 9.334202110767364502e-02 2.707181684672832489e-02 7.547044754028320312e-02 8.921910077333450317e-03 3.513259440660476685e-02 3.975077718496322632e-02 3.991155698895454407e-02 1.470480859279632568e-02 0.000000000000000000e+00 3.225420415401458740e-02 1.839073151350021362e-01 1.335261166095733643e-01 4.458067193627357483e-02 1.233549974858760834e-02 3.977708145976066589e-02 1.027329359203577042e-02 7.896884530782699585e-02 8.777870796620845795e-03 1.075317859649658203e-01 6.039360538125038147e-02 1.420566625893115997e-02 2.907488867640495300e-02 1.667778789997100830e-01 2.633943688124418259e-03 9.824268519878387451e-02
4.357118904590606689e-02 2.254478447139263153e-02 1.341951196081936359e-03 8.963444083929061890e-02 1.369249671697616577e-01 7.826142758131027222e-02 6.683124694973230362e-03 5.744165554642677307e-02 2.544843964278697968e-02 6.127228587865829468e-02 5.186917725950479507e-03 4.332169890403747559e-02 2.333901077508926392e-02 6.731052696704864502e-02 7.191278040409088135e-02 7.667223922908306122e-03 4.693675041198730469e-02 3.225420415401458740e-02 0.000000000000000000e+00 1.525580435991287231e-01 1.017099618911743164e-01 1.234421599656343460e-02 1.992663368582725525e-02 7.532541640102863312e-03 4.251341149210929871e-02 4.683392867445945740e-02 2.348298393189907074e-02 7.553958147764205933e-02 9.246768802404403687e-02 1.805681176483631134e-02 3.182301996275782585e-03 1.979671567678451538e-01 3.488518297672271729e-02 1.300846934318542480e-01
1.948341429233551025e-01 1.304619759321212769e-01 1.538684964179992676e-01 6.379597634077072144e-02 2.835597395896911621e-01 2.280961424112319946e-01 1.460238099098205566e-01 2.081754058599472046e-01 1.276050060987472534e-01 9.214711189270019531e-02 1.576202362775802612e-01 1.099631041288375854e-01 1.752729862928390503e-01 2.176337242126464844e-01 2.220349162817001343e-01 1.450604945421218872e-01 1.980764567852020264e-01 1.839073151350021362e-01 1.525580435991287231e-01 0.000000000000000000e+00 5.164951458573341370e-02 1.404783874750137329e-01 1.719619184732437134e-01 1.451923549175262451e-01 1.938144266605377197e-01 1.064849421381950378e-01 1.754126101732254028e-01 7.791638374328613281e-02 2.416173219680786133e-01 1.701461523771286011e-01 1.556647717952728271e-01 3.402491807937622070e-01 1.864509284496307373e-01 2.771427035331726074e-01
1.446401625871658325e-01 7.934711873531341553e-02 1.030378416180610657e-01 1.218661759048700333e-02 2.353571951389312744e-01 1.785501390695571899e-01 9.509146958589553833e-02 1.582271754741668701e-01 7.645942270755767822e-02 4.069126024842262268e-02 1.068405136466026306e-01 5.864667147397994995e-02 1.247528344392776489e-01 1.678712069988250732e-01 1.723620444536209106e-01 9.411612898111343384e-02 1.479404568672180176e-01 1.335261166095733643e-01 1.017099618911743164e-01 5.164951458573341370e-02 0.000000000000000000e+00 8.947809040546417236e-02 1.213905662298202515e-01 9.424962848424911499e-02 1.436024308204650879e-01 5.513868108391761780e-02 1.248946338891983032e-01 2.637300454080104828e-02 1.923684477806091309e-01 1.195472180843353271e-01 1.048583164811134338e-01 2.937621474266052246e-01 1.361121833324432373e-01 2.287678420543670654e-01
5.588534474372863770e-02 1.020340807735919952e-02 1.368593983352184296e-02 7.737584412097930908e-02 1.490173041820526123e-01 9.051819890737533569e-02 5.661557894200086594e-03 6.973642110824584961e-02 1.310834102332592010e-02 4.896510392427444458e-02 1.753001101315021515e-02 3.099405951797962189e-02 3.567294776439666748e-02 7.958861440420150757e-02 8.418226987123489380e-02 4.677434451878070831e-03 5.924664065241813660e-02 4.458067193627357483e-02 1.234421599656343460e-02 1.404783874750137329e-01 8.947809040546417236e-02 0.000000000000000000e+00 3.226291388273239136e-02 4.812121856957674026e-03 5.482885241508483887e-02 3.450966626405715942e-02 3.581681847572326660e-02 6.325434893369674683e-02 1.046923995018005371e-01 3.039425238966941833e-02 1.552590820938348770e-02 2.097986787557601929e-01 4.720906913280487061e-02 1.422005593776702881e-01
2.366510219871997833e-02 4.245234653353691101e-02 1.858517713844776154e-02 1.093657389283180237e-01 1.173184290528297424e-01 5.842591077089309692e-02 2.660621516406536102e-02 3.755801171064376831e-02 4.535207524895668030e-02 8.109989762306213379e-02 1.474123913794755936e-02 6.319378316402435303e-02 3.413965692743659019e-03 4.744753241539001465e-02 5.206074938178062439e-02 2.758964151144027710e-02 2.703540399670600891e-02 1.233549974858760834e-02 1.992663368582725525e-02 1.719619184732437134e-01 1.213905662298202515e-01 3.226291388273239136e-02 0.000000000000000000e+00 2.745505422353744507e-02 2.260592952370643616e-02 6.669832020998001099e-02 3.558015450835227966e-03 9.532272815704345703e-02 7.267495989799499512e-02 1.870494103059172630e-03 1.674539409577846527e-02 1.787456423044204712e-01 1.496895682066679001e-02 1.104443445801734924e-01
5.108696222305297852e-02 1.501479186117649078e-02 8.874402381479740143e-03 8.215737342834472656e-02 1.443086713552474976e-01 8.574341982603073120e-02 8.494595531374216080e-04 6.494609266519546509e-02 1.791933365166187286e-02 5.376455932855606079e-02 1.271896250545978546e-02 3.580084070563316345e-02 3.086612559854984283e-02 7.480514049530029297e-02 7.940231263637542725e-02 1.346900826320052147e-04 5.445004254579544067e-02 3.977708145976066589e-02 7.532541640102863312e-03 1.451923549175262451e-01 9.424962848424911499e-02 4.812121856957674026e-03 2.745505422353744507e-02 0.000000000000000000e+00 5.002993345260620117e-02 3.931525722146034241e-02 3.101004101336002350e-02 6.804575771093368530e-02 9.993062168359756470e-02 2.558587305247783661e-02 1.071458682417869568e-02 2.051937133073806763e-01 4.240658134222030640e-02 1.374825090169906616e-01
1.059739035554230213e-03 6.499589979648590088e-02 4.117381200194358826e-02 1.316462010145187378e-01 9.496435523033142090e-02 3.586735203862190247e-02 4.918256402015686035e-02 1.496478449553251266e-02 6.788840144872665405e-02 1.035160496830940247e-01 3.733472526073455811e-02 8.567731827497482300e-02 1.919344440102577209e-02 2.486827224493026733e-02 2.948952652513980865e-02 5.016428232192993164e-02 4.432184156030416489e-03 1.027329359203577042e-02 4.251341149210929871e-02 1.938144266605377197e-01 1.436024308204650879e-01 5.482885241508483887e-02 2.260592952370643616e-02 5.002993345260620117e-02 0.000000000000000000e+00 8.916980028152465820e-02 1.904944516718387604e-02 1.176750883460044861e-01 5.015142634510993958e-02 2.447538822889328003e-02 3.933642804622650146e-02 1.567731946706771851e-01 7.639557588845491409e-03 8.805827796459197998e-02
9.022101014852523804e-02 2.431481890380382538e-02 4.817285016179084778e-02 4.298094287514686584e-02 1.825880110263824463e-01 1.246385201811790466e-01 4.016337543725967407e-02 1.039958149194717407e-01 2.141101099550724030e-02 1.447990816086530685e-02 5.200821533799171448e-02 3.519370220601558685e-03 7.009632140398025513e-02 1.137857586145401001e-01 1.183481216430664062e-01 3.918077424168586731e-02 9.356500208377838135e-02 7.896884530782699585e-02 4.683392867445945740e-02 1.064849421381950378e-01 5.513868108391761780e-02 3.450966626405715942e-02 6.669832020998001099e-02 3.931525722146034241e-02 8.916980028152465820e-02 0.000000000000000000e+00 7.023967057466506958e-02 2.880756556987762451e-02 1.387009620666503906e-01 6.483591347932815552e-02 5.000878125429153442e-02 2.425522506237030029e-01 8.158581703901290894e-02 1.758472919464111328e-01
2.010877989232540131e-02 4.600341618061065674e-02 2.214173041284084320e-02 1.128798201680183411e-01 1.138079240918159485e-01 5.487930029630661011e-02 3.016137331724166870e-02 3.400453925132751465e-02 4.890219867229461670e-02 8.463349193334579468e-02 1.829829439520835876e-02 6.673679500818252563e-02 1.440512860426679254e-04 4.389692470431327820e-02 4.851172119379043579e-02 3.114460222423076630e-02 2.347964607179164886e-02 8.777870796620845795e-03 2.348298393189907074e-02 1.754126101732254028e-01 1.248946338891983032e-01 3.581681847572326660e-02 3.558015450835227966e-03 3.101004101336002350e-02 1.904944516718387604e-02 7.023967057466506958e-02 0.000000000000000000e+00 9.884721785783767700e-02 6.913482397794723511e-02 5.428473465144634247e-03 2.030219882726669312e-02 1.752991229295730591e-01 1.141154952347278595e-02 1.069283485412597656e-01
1.187200248241424561e-01 5.308520048856735229e-02 7.687373459339141846e-02 1.419094856828451157e-02 2.102894783020019531e-01 1.528971046209335327e-01 6.889123469591140747e-02 1.324066966772079468e-01 5.018761754035949707e-02 1.433363649994134903e-02 8.069488406181335449e-02 3.232365846633911133e-02 9.870457649230957031e-02 1.421274393796920776e-01 1.466556936502456665e-01 6.791169196367263794e-02 1.220436170697212219e-01 1.075317859649658203e-01 7.553958147764205933e-02 7.791638374328613281e-02 2.637300454080104828e-02 6.325434893369674683e-02 9.532272815704345703e-02 6.804575771093368530e-02 1.176750883460044861e-01 2.880756556987762451e-02 9.884721785783767700e-02 0.000000000000000000e+00 1.668418794870376587e-01 9.346890449523925781e-02 7.870295643806457520e-02 2.694768905639648438e-01 1.101345345377922058e-01 2.036233544349670410e-01
4.909429699182510376e-02 1.147732064127922058e-01 9.113703668117523193e-02 1.806052178144454956e-01 4.502737522125244141e-02 1.430981326848268509e-02 9.908957779407501221e-02 3.521306812763214111e-02 1.176393106579780579e-01 1.528738290071487427e-01 8.732265233993530273e-02 1.352476030588150024e-01 6.927818804979324341e-02 2.531472593545913696e-02 2.069250307977199554e-02 1.000639647245407104e-01 4.572940617799758911e-02 6.039360538125038147e-02 9.246768802404403687e-02 2.416173219680786133e-01 1.923684477806091309e-01 1.046923995018005371e-01 7.267495989799499512e-02 9.993062168359756470e-02 5.015142634510993958e-02 1.387009620666503906e-01 6.913482397794723511e-02 1.668418794870376587e-01 0.000000000000000000e+00 7.453532516956329346e-02 8.931166678667068481e-02 1.074667051434516907e-01 5.776884779334068298e-02 3.807499632239341736e-02
2.553446590900421143e-02 4.058507457375526428e-02 1.671526581048965454e-02 1.075172349810600281e-01 1.191627755761146545e-01 6.028981506824493408e-02 2.473695203661918640e-02 3.942573443055152893e-02 4.348526895046234131e-02 7.924142479896545410e-02 1.287109963595867157e-02 6.133053824305534363e-02 5.284426268190145493e-03 4.931364953517913818e-02 5.392599478363990784e-02 2.572047524154186249e-02 2.890443801879882812e-02 1.420566625893115997e-02 1.805681176483631134e-02 1.701461523771286011e-01 1.195472180843353271e-01 3.039425238966941833e-02 1.870494103059172630e-03 2.558587305247783661e-02 2.447538822889328003e-02 6.483591347932815552e-02 5.428473465144634247e-03 9.346890449523925781e-02 7.453532516956329346e-02 0.000000000000000000e+00 1.487536542117595673e-02 1.805557757616043091e-01 1.683897897601127625e-02 1.122916415333747864e-01
4.039448872208595276e-02 2.572524175047874451e-02 1.840358600020408630e-03 9.279027581214904785e-02 1.338009685277938843e-01 7.509782910346984863e-02 9.865215979516506195e-03 5.426926910877227783e-02 2.862842194736003876e-02 6.444201618432998657e-02 2.004648791626095772e-03 4.649759456515312195e-02 2.015820704400539398e-02 6.414195895195007324e-02 6.874621659517288208e-02 1.084926165640354156e-02 4.376098513603210449e-02 2.907488867640495300e-02 3.182301996275782585e-03 1.556647717952728271e-01 1.048583164811134338e-01 1.552590820938348770e-02 1.674539409577846527e-02 1.071458682417869568e-02 3.933642804622650146e-02 5.000878125429153442e-02 2.030219882726669312e-02 7.870295643806457520e-02 8.931166678667068481e-02 1.487536542117595673e-02 0.000000000000000000e+00 1.949076503515243530e-01 3.170640394091606140e-02 1.269549429416656494e-01
1.557393223047256470e-01 2.195321470499038696e-01 1.966774463653564453e-01 2.825872004032135010e-01 6.274294108152389526e-02 1.215895414352416992e-01 2.043798714876174927e-01 1.421418786048889160e-01 2.222956866025924683e-01 2.561325728893280029e-01 1.929783970117568970e-01 2.392370998859405518e-01 1.754387319087982178e-01 1.324211806058883667e-01 1.278748512268066406e-01 2.053227275609970093e-01 1.524469256401062012e-01 1.667778789997100830e-01 1.979671567678451538e-01 3.402491807937622070e-01 2.937621474266052246e-01 2.097986787557601929e-01 1.787456423044204712e-01 2.051937133073806763e-01 1.567731946706771851e-01 2.425522506237030029e-01 1.752991229295730591e-01 2.694768905639648438e-01 1.074667051434516907e-01 1.805557757616043091e-01 1.949076503515243530e-01 0.000000000000000000e+00 1.642160564661026001e-01 6.967681646347045898e-02
8.699225261807441711e-03 5.738483369350433350e-02 3.354480490088462830e-02 1.241314709186553955e-01 1.025295257568359375e-01 4.349499568343162537e-02 4.155862331390380859e-02 2.260175906121730804e-02 6.028010696172714233e-02 9.595237672328948975e-02 2.970364317297935486e-02 7.808886468410491943e-02 1.155558135360479355e-02 3.250165656208992004e-02 3.712071850895881653e-02 4.254102706909179688e-02 1.207133289426565170e-02 2.633943688124418259e-03 3.488518297672271729e-02 1.864509284496307373e-01 1.361121833324432373e-01 4.720906913280487061e-02 1.496895682066679001e-02 4.240658134222030640e-02 7.639557588845491409e-03 8.158581703901290894e-02 1.141154952347278595e-02 1.101345345377922058e-01 5.776884779334068298e-02 1.683897897601127625e-02 3.170640394091606140e-02 1.642160564661026001e-01 0.000000000000000000e+00 9.563349932432174683e-02
8.700665086507797241e-02 1.521831601858139038e-01 1.287652254104614258e-01 2.171867191791534424e-01 6.964320316910743713e-03 5.235628411173820496e-02 1.366490274667739868e-01 7.318993657827377319e-02 1.550199389457702637e-01 1.898438185453414917e-01 1.249821111559867859e-01 1.724346280097961426e-01 1.070707514882087708e-01 6.332868337631225586e-02 5.872123315930366516e-02 1.376146525144577026e-01 8.365874737501144409e-02 9.824268519878387451e-02 1.300846934318542480e-01 2.771427035331726074e-01 2.287678420543670654e-01 1.422005593776702881e-01 1.104443445801734924e-01 1.374825090169906616e-01 8.805827796459197998e-02 1.758472919464111328e-01 1.069283485412597656e-01 2.036233544349670410e-01 3.807499632239341736e-02 1.122916415333747864e-01 1.269549429416656494e-01 6.967681646347045898e-02 9.563349932432174683e-02 0.000000000000000000e+00
