0.000000000000000000e+00 6.605011224746704102e-02 3.855382651090621948e-02 1.304453015327453613e-01 9.580323845148086548e-02 3.843657672405242920e-02 5.201826244592666626e-02 1.593774184584617615e-02 7.428723573684692383e-02 1.040289700031280518e-01 4.235386475920677185e-02 8.773750066757202148e-02 1.876990310847759247e-02 3.537392616271972656e-02 2.832452766597270966e-02 5.022632703185081482e-02 1.975005492568016052e-03 1.862343214452266693e-02 3.772049024701118469e-02 1.978888213634490967e-01 1.432273387908935547e-01 5.861683562397956848e-02 2.255228534340858459e-02 5.400848761200904846e-02 7.951715029776096344e-03 9.390264004468917847e-02 2.372602559626102448e-02 1.280042976140975952e-01 5.628680065274238586e-02 2.515822835266590118e-02 3.943347558379173279e-02 1.477308422327041626e-01 6.072057411074638367e-03 8.295547217130661011e-02
6.605011224746704102e-02 0.000000000000000000e+00 2.756648510694503784e-02 6.495482474565505981e-02 1.608356088399887085e-01 1.042220965027809143e-01 1.408022642135620117e-02 8.190163224935531616e-02 8.277741260826587677e-03 3.824161738157272339e-02 2.376272529363632202e-02 2.181380055844783783e-02 4.733890295028686523e-02 1.011876165866851807e-01 9.419840574264526367e-02 1.587646082043647766e-02 6.801624596118927002e-02 4.748509451746940613e-02 2.840037830173969269e-02 1.335847377777099609e-01 7.791431248188018799e-02 7.462166249752044678e-03 4.356272146105766296e-02 1.208473835140466690e-02 7.396297901868820190e-02 2.802635356783866882e-02 4.239052161574363708e-02 6.248245015740394592e-02 1.218837797641754150e-01 4.095994681119918823e-02 2.668614499270915985e-02 2.117151170969009399e-01 6.000211834907531738e-02 1.481935977935791016e-01
3.855382651090621948e-02 2.756648510694503784e-02 0.000000000000000000e+00 9.235593676567077637e-02 1.338626444339752197e-01 7.687647640705108643e-02 1.349149364978075027e-02 5.445810407400131226e-02 3.583604842424392700e-02 6.573879718780517578e-02 3.806252731010317802e-03 4.935060441493988037e-02 1.979825086891651154e-02 7.382706552743911743e-02 6.680539995431900024e-02 1.169514376670122147e-02 4.052574187517166138e-02 1.994471438229084015e-02 8.345478563569486141e-04 1.605599671602249146e-01 1.052547320723533630e-01 2.010845392942428589e-02 1.601546630263328552e-02 1.548690535128116608e-02 4.649129137396812439e-02 5.554991960525512695e-02 1.484137773513793945e-02 8.989410102367401123e-02 9.463525563478469849e-02 1.340860314667224884e-02 8.809876744635403156e-04 1.852296739816665649e-01 3.248937055468559265e-02 1.211219206452369690e-01
1.304453015327453613e-01 6.495482474565505981e-02 9.235593676567077637e-02 0.000000000000000000e+00 2.234559953212738037e-01 1.680393368005752563e-01 7.896282523870468140e-02 1.460793316364288330e-01 5.670757591724395752e-02 2.677972801029682159e-02 8.858081698417663574e-02 4.320223629474639893e-02 1.119494885206222534e-01 1.650575697422027588e-01 1.581853479146957397e-01 8.074801415205001831e-02 1.323861777782440186e-01 1.120941713452339172e-01 9.318330138921737671e-02 6.923062354326248169e-02 1.302541233599185944e-02 7.238189876079559326e-02 1.082113459706306458e-01 7.697913795709609985e-02 1.382535994052886963e-01 3.699581697583198547e-02 1.070505827665328979e-01 2.482447307556867599e-03 1.853710263967514038e-01 1.056337356567382812e-01 9.148238599300384521e-02 2.729167938232421875e-01 1.244718134403228760e-01 2.111162394285202026e-01
9.580323845148086548e-02 1.608356088399887085e-01 1.338626444339752197e-01 2.234559953212738037e-01 0.000000000000000000e+00 5.757869407534599304e-02 1.470884829759597778e-01 7.998763024806976318e-02 1.688885092735290527e-01 1.978602856397628784e-01 1.375987827777862549e-01 1.820108443498611450e-01 1.143674924969673157e-01 6.063480302691459656e-02 6.766232103109359741e-02 1.453302651643753052e-01 9.384599328041076660e-02 1.142228841781616211e-01 1.330429464578628540e-01 2.882277369499206543e-01 2.357950806617736816e-01 1.535577476024627686e-01 1.181003674864768982e-01 1.490405648946762085e-01 8.791850507259368896e-02 1.880144625902175903e-01 1.192581951618194580e-01 2.210961729288101196e-01 3.973068669438362122e-02 1.206706240773200989e-01 1.347277313470840454e-01 5.267309397459030151e-02 1.018160730600357056e-01 1.295068953186273575e-02
3.843657672405242920e-02 1.042220965027809143e-01 7.687647640705108643e-02 1.680393368005752563e-01 5.757869407534599304e-02 0.000000000000000000e+00 9.027433395385742188e-02 2.251262217760086060e-02 1.124028638005256653e-01 1.418981552124023438e-01 8.065912872552871704e-02 1.257499903440475464e-01 5.716523528099060059e-02 3.066816600039601326e-03 1.012306660413742065e-02 8.849205821752548218e-02 3.646433353424072266e-02 5.701918900012969971e-02 7.604680210351943970e-02 2.345414310693740845e-01 1.806693077087402344e-01 9.683523327112197876e-02 6.093603745102882385e-02 9.225355088710784912e-02 3.049417957663536072e-02 1.318632662296295166e-01 6.210596114397048950e-02 1.656259894371032715e-01 1.788892969489097595e-02 6.353336572647094727e-02 7.775219529867172241e-02 1.099184155464172363e-01 4.449824243783950806e-02 4.466130584478378296e-02
5.201826244592666626e-02 1.408022642135620117e-02 1.349149364978075027e-02 7.896282523870468140e-02 1.470884829759597778e-01 9.027433395385742188e-02 0.000000000000000000e+00 6.789971888065338135e-02 2.235536091029644012e-02 5.229368060827255249e-02 9.685738943517208099e-03 3.588300570845603943e-02 3.328085318207740784e-02 8.723167330026626587e-02 8.022459596395492554e-02 1.796634285710752010e-03 5.398772284388542175e-02 3.342721238732337952e-02 1.432588137686252594e-02 1.473877429962158203e-01 9.189372509717941284e-02 6.618755403906106949e-03 2.950058504939079285e-02 1.995828002691268921e-03 5.994518101215362549e-02 4.208997264504432678e-02 2.832719869911670685e-02 7.649537920951843262e-02 1.079888790845870972e-01 2.689523249864578247e-02 1.261065714061260223e-02 1.982257962226867676e-01 4.596072435379028320e-02 1.343938112258911133e-01
1.593774184584617615e-02 8.190163224935531616e-02 5.445810407400131226e-02 1.460793316364288330e-01 7.998763024806976318e-02 2.251262217760086060e-02 6.789971888065338135e-02 0.000000000000000000e+00 9.011827409267425537e-02 1.197681352496147156e-01 5.825228616595268250e-02 1.035304740071296692e-01 3.469726443290710449e-02 1.944714970886707306e-02 1.239238027483224869e-02 6.611113995313644409e-02 1.396317686885595322e-02 3.455092012882232666e-02 5.362599715590476990e-02 2.131542861461639404e-01 1.588025838136672974e-01 7.448499649763107300e-02 3.847619518637657166e-02 6.988607347011566162e-02 7.987039163708686829e-03 1.096762493252754211e-01 3.964877128601074219e-02 1.436489820480346680e-01 4.038529098033905029e-02 4.107949882745742798e-02 5.533644184470176697e-02 1.321041435003280640e-01 2.200767025351524353e-02 6.710645556449890137e-02
7.428723573684692383e-02 8.277741260826587677e-03 3.583604842424392700e-02 5.670757591724395752e-02 1.688885092735290527e-01 1.124028638005256653e-01 2.235536091029644012e-02 9.011827409267425537e-02 0.000000000000000000e+00 2.997336350381374359e-02 3.203416615724563599e-02 1.353850308805704117e-02 5.559485778212547302e-02 1.093737483024597168e-01 1.023963019251823425e-01 2.415102720260620117e-02 7.625105232000350952e-02 5.574092641472816467e-02 3.666950017213821411e-02 1.254457235336303711e-01 6.968151032924652100e-02 1.573893427848815918e-02 5.182177573442459106e-02 2.036044374108314514e-02 8.219040185213088989e-02 1.975319534540176392e-02 5.065048858523368835e-02 5.423275753855705261e-02 1.300303339958190918e-01 4.922099784016609192e-02 3.495616465806961060e-02 2.196079939603805542e-01 6.824596226215362549e-02 1.562796235084533691e-01
1.040289700031280518e-01 3.824161738157272339e-02 6.573879718780517578e-02 2.677972801029682159e-02 1.978602856397628784e-01 1.418981552124023438e-01 5.229368060827255249e-02 1.197681352496147156e-01 2.997336350381374359e-02 0.000000000000000000e+00 6.194804236292839050e-02 1.644152961671352386e-02 8.542586863040924072e-02 1.388917714357376099e-01 1.319646537303924561e-01 5.408523604273796082e-02 1.059821918606758118e-01 8.557131886482238770e-02 6.656969338655471802e-02 9.583268314599990845e-02 3.979125991463661194e-02 4.569074138998985291e-02 8.166828006505966187e-02 5.030310526490211487e-02 1.118881329894065857e-01 1.022622082382440567e-02 8.050163835287094116e-02 2.429889701306819916e-02 1.593825072050094604e-01 7.907769829034805298e-02 6.486156582832336426e-02 2.479492425918579102e-01 9.801881760358810425e-02 1.853846162557601929e-01
4.235386475920677185e-02 2.376272529363632202e-02 3.806252731010317802e-03 8.858081698417663574e-02 1.375987827777862549e-01 8.065912872552871704e-02 9.685738943517208099e-03 5.825228616595268250e-02 3.203416615724563599e-02 6.194804236292839050e-02 0.000000000000000000e+00 4.555291309952735901e-02 2.360272407531738281e-02 7.761151343584060669e-02 7.059370726346969604e-02 7.889241911470890045e-03 4.432516172528266907e-02 2.374916337430477142e-02 4.640785977244377136e-03 1.568495780229568481e-01 1.014891341328620911e-01 1.630344986915588379e-02 1.982050947844982147e-02 1.168134063482284546e-02 5.028864368796348572e-02 5.175461247563362122e-02 1.864657551050186157e-02 8.611731231212615967e-02 9.840606898069381714e-02 1.721397601068019867e-02 2.925274893641471863e-03 1.889027506113052368e-01 3.629113733768463135e-02 1.248706132173538208e-01
8.773750066757202148e-02 2.181380055844783783e-02 4.935060441493988037e-02 4.320223629474639893e-02 1.820108443498611450e-01 1.257499903440475464e-01 3.588300570845603943e-02 1.035304740071296692e-01 1.353850308805704117e-02 1.644152961671352386e-02 4.555291309952735901e-02 0.000000000000000000e+00 6.908135861158370972e-02 1.227305158972740173e-01 1.157743185758590698e-01 3.767720982432365417e-02 8.969695866107940674e-02 6.922718137502670288e-02 5.018308758735656738e-02 1.120975911617279053e-01 5.619602277874946594e-02 2.927120216190814972e-02 6.531444936990737915e-02 3.388960286974906921e-02 9.562250226736068726e-02 6.216355133801698685e-03 6.414499878883361816e-02 4.072415828704833984e-02 1.433165371417999268e-01 6.271770596504211426e-02 4.847172647714614868e-02 2.324553728103637695e-01 8.170897513628005981e-02 1.694596111774444580e-01
1.876990310847759247e-02 4.733890295028686523e-02 1.979825086891651154e-02 1.119494885206222534e-01 1.143674924969673157e-01 5.716523528099060059e-02 3.328085318207740784e-02 3.469726443290710449e-02 5.559485778212547302e-02 8.542586863040924072e-02 2.360272407531738281e-02 6.908135861158370972e-02 0.000000000000000000e+00 5.410790070891380310e-02 4.706940427422523499e-02 3.148610517382621765e-02 2.074413746595382690e-02 1.465212699258700013e-04 1.896401494741439819e-02 1.797867119312286377e-01 1.247929334640502930e-01 3.989082202315330505e-02 3.783984109759330750e-03 3.527434170246124268e-02 2.671763114631175995e-02 7.526539266109466553e-02 4.958329722285270691e-03 1.094974726438522339e-01 7.497748732566833496e-02 6.391345057636499405e-03 2.067887596786022186e-02 1.660403311252593994e-01 1.269929111003875732e-02 1.015672311186790466e-01
3.537392616271972656e-02 1.011876165866851807e-01 7.382706552743911743e-02 1.650575697422027588e-01 6.063480302691459656e-02 3.066816600039601326e-03 8.723167330026626587e-02 1.944714970886707306e-02 1.093737483024597168e-01 1.388917714357376099e-01 7.761151343584060669e-02 1.227305158972740173e-01 5.410790070891380310e-02 0.000000000000000000e+00 7.056468632072210312e-03 8.544842898845672607e-02 3.340125456452369690e-02 5.396180599927902222e-02 7.299701869487762451e-02 2.316412478685379028e-01 1.777009367942810059e-01 9.379627555608749390e-02 5.788003280758857727e-02 8.921197056770324707e-02 2.742992714047431946e-02 1.288485676050186157e-01 5.905038863420486450e-02 1.626417785882949829e-01 2.095459774136543274e-02 6.047833338379859924e-02 7.470319420099258423e-02 1.129471585154533386e-01 4.143708199262619019e-02 4.772158712148666382e-02
2.832452766597270966e-02 9.419840574264526367e-02 6.680539995431900024e-02 1.581853479146957397e-01 6.766232103109359741e-02 1.012306660413742065e-02 8.022459596395492554e-02 1.239238027483224869e-02 1.023963019251823425e-01 1.319646537303924561e-01 7.059370726346969604e-02 1.157743185758590698e-01 4.706940427422523499e-02 7.056468632072210312e-03 0.000000000000000000e+00 7.843925803899765015e-02 2.635099738836288452e-02 4.692320898175239563e-02 6.597453355789184570e-02 2.249524593353271484e-01 1.708587259054183960e-01 8.679725974798202515e-02 5.084433406591415405e-02 8.220725506544113159e-02 2.037740126252174377e-02 1.219029426574707031e-01 5.201559513807296753e-02 1.557640731334686279e-01 2.800692617893218994e-02 5.344466865062713623e-02 6.768240779638290405e-02 1.199080646038055420e-01 3.439067304134368896e-02 5.475961416959762573e-02
5.022632703185081482e-02 1.587646082043647766e-02 1.169514376670122147e-02 8.074801415205001831e-02 1.453302651643753052e-01 8.849205821752548218e-02 1.796634285710752010e-03 6.611113995313644409e-02 2.415102720260620117e-02 5.408523604273796082e-02 7.889241911470890045e-03 3.767720982432365417e-02 3.148610517382621765e-02 8.544842898845672607e-02 7.843925803899765015e-02 0.000000000000000000e+00 5.219614878296852112e-02 3.163247928023338318e-02 1.252956874668598175e-02 1.491448730230331421e-01 9.367489814758300781e-02 8.415289223194122314e-03 2.770542167127132416e-02 3.792448667809367180e-03 5.815481394529342651e-02 4.388328641653060913e-02 2.653191611170768738e-02 7.828126102685928345e-02 1.062128469347953796e-01 2.509981207549571991e-02 1.081426721066236496e-02 1.964991390705108643e-01 4.416773468255996704e-02 1.326291859149932861e-01
1.975005492568016052e-03 6.801624596118927002e-02 4.052574187517166138e-02 1.323861777782440186e-01 9.384599328041076660e-02 3.646433353424072266e-02 5.398772284388542175e-02 1.396317686885595322e-02 7.625105232000350952e-02 1.059821918606758118e-01 4.432516172528266907e-02 8.969695866107940674e-02 2.074413746595382690e-02 3.340125456452369690e-02 2.635099738836288452e-02 5.219614878296852112e-02 0.000000000000000000e+00 2.059767954051494598e-02 3.969253972172737122e-02 1.997857540845870972e-01 1.451612859964370728e-01 6.058482825756072998e-02 2.452619560062885284e-02 5.597751587629318237e-02 5.976803600788116455e-03 9.585987031459808350e-02 2.569982409477233887e-02 1.299464404582977295e-01 5.431783571839332581e-02 2.713188529014587402e-02 4.140525311231613159e-02 1.457983851432800293e-01 8.046966977417469025e-03 8.099374175071716309e-02
1.862343214452266693e-02 4.748509451746940613e-02 1.994471438229084015e-02 1.120941713452339172e-01 1.142228841781616211e-01 5.701918900012969971e-02 3.342721238732337952e-02 3.455092012882232666e-02 5.574092641472816467e-02 8.557131886482238770e-02 2.374916337430477142e-02 6.922718137502670288e-02 1.465212699258700013e-04 5.396180599927902222e-02 4.692320898175239563e-02 3.163247928023338318e-02 2.059767954051494598e-02 0.000000000000000000e+00 1.911048404872417450e-02 1.799284815788269043e-01 1.249371692538261414e-01 4.003711044788360596e-02 3.930503036826848984e-03 3.542067855596542358e-02 2.657121419906616211e-02 7.541108131408691406e-02 5.104847252368927002e-03 1.096422374248504639e-01 7.483179122209548950e-02 6.537860259413719177e-03 2.082533389329910278e-02 1.658978462219238281e-01 1.255279313772916794e-02 1.014222204685211182e-01
3.772049024701118469e-02 2.840037830173969269e-02 8.345478563569486141e-04 9.318330138921737671e-02 1.330429464578628540e-01 7.604680210351943970e-02 1.432588137686252594e-02 5.362599715590476990e-02 3.666950017213821411e-02 6.656969338655471802e-02 4.640785977244377136e-03 5.018308758735656738e-02 1.896401494741439819e-02 7.299701869487762451e-02 6.597453355789184570e-02 1.252956874668598175e-02 3.969253972172737122e-02 1.911048404872417450e-02 0.000000000000000000e+00 1.613729000091552734e-01 1.060799583792686462e-01 2.094265073537826538e-02 1.518112048506736755e-02 1.632124185562133789e-02 4.565851017832756042e-02 5.638185515999794006e-02 1.400700304657220840e-02 9.072183817625045776e-02 9.380812197923660278e-02 1.257419493049383163e-02 1.715534366667270660e-03 1.844236403703689575e-01 3.165568411350250244e-02 1.202995404601097107e-01
1.978888213634490967e-01 1.335847377777099609e-01 1.605599671602249146e-01 6.923062354326248169e-02 2.882277369499206543e-01 2.345414310693740845e-01 1.473877429962158203e-01 2.131542861461639404e-01 1.254457235336303711e-01 9.583268314599990845e-02 1.568495780229568481e-01 1.120975911617279053e-01 1.797867119312286377e-01 2.316412478685379028e-01 2.249524593353271484e-01 1.491448730230331421e-01 1.997857540845870972e-01 1.799284815788269043e-01 1.613729000091552734e-01 0.000000000000000000e+00 5.625594407320022583e-02 1.409064531326293945e-01 1.761225461959838867e-01 1.454346925020217896e-01 2.055171430110931396e-01 1.059550717473030090e-01 1.749843657016754150e-01 7.170075178146362305e-02 2.513756752014160156e-01 1.735948473215103149e-01 1.597015708684921265e-01 3.358027338981628418e-01 1.920475363731384277e-01 2.763084173202514648e-01
1.432273387908935547e-01 7.791431248188018799e-02 1.052547320723533630e-01 1.302541233599185944e-02 2.357950806617736816e-01 1.806693077087402344e-01 9.189372509717941284e-02 1.588025838136672974e-01 6.968151032924652100e-02 3.979125991463661194e-02 1.014891341328620911e-01 5.619602277874946594e-02 1.247929334640502930e-01 1.777009367942810059e-01 1.708587259054183960e-01 9.367489814758300781e-02 1.451612859964370728e-01 1.249371692538261414e-01 1.060799583792686462e-01 5.625594407320022583e-02 0.000000000000000000e+00 8.532686531543731689e-02 1.210661157965660095e-01 8.991439640522003174e-02 1.510070711374282837e-01 4.999713599681854248e-02 1.199088022112846375e-01 1.550735719501972198e-02 1.979185640811920166e-01 1.184960901737213135e-01 1.043834164738655090e-01 2.849293351173400879e-01 1.372746676206588745e-01 2.235269844532012939e-01
5.861683562397956848e-02 7.462166249752044678e-03 2.010845392942428589e-02 7.238189876079559326e-02 1.535577476024627686e-01 9.683523327112197876e-02 6.618755403906106949e-03 7.448499649763107300e-02 1.573893427848815918e-02 4.569074138998985291e-02 1.630344986915588379e-02 2.927120216190814972e-02 3.989082202315330505e-02 9.379627555608749390e-02 8.679725974798202515e-02 8.415289223194122314e-03 6.058482825756072998e-02 4.003711044788360596e-02 2.094265073537826538e-02 1.409064531326293945e-01 8.532686531543731689e-02 0.000000000000000000e+00 3.611228987574577332e-02 4.622988402843475342e-03 6.653753668069839478e-02 3.548109903931617737e-02 3.493940457701683044e-02 6.991201639175415039e-02 1.145257800817489624e-01 3.350802138447761536e-02 1.922780834138393402e-02 2.045761495828628540e-01 5.256348848342895508e-02 1.408872455358505249e-01
2.255228534340858459e-02 4.356272146105766296e-02 1.601546630263328552e-02 1.082113459706306458e-01 1.181003674864768982e-01 6.093603745102882385e-02 2.950058504939079285e-02 3.847619518637657166e-02 5.182177573442459106e-02 8.166828006505966187e-02 1.982050947844982147e-02 6.531444936990737915e-02 3.783984109759330750e-03 5.788003280758857727e-02 5.084433406591415405e-02 2.770542167127132416e-02 2.452619560062885284e-02 3.930503036826848984e-03 1.518112048506736755e-02 1.761225461959838867e-01 1.210661157965660095e-01 3.611228987574577332e-02 0.000000000000000000e+00 3.149456158280372620e-02 3.049853257834911346e-02 7.150176912546157837e-02 1.174367731437087059e-03 1.057573109865188599e-01 7.873912900686264038e-02 2.607423812150955200e-03 1.689621433615684509e-02 1.697176843881607056e-01 1.648248359560966492e-02 1.053107380867004395e-01
5.400848761200904846e-02 1.208473835140466690e-02 1.548690535128116608e-02 7.697913795709609985e-02 1.490405648946762085e-01 9.225355088710784912e-02 1.995828002691268921e-03 6.988607347011566162e-02 2.036044374108314514e-02 5.030310526490211487e-02 1.168134063482284546e-02 3.388960286974906921e-02 3.527434170246124268e-02 8.921197056770324707e-02 8.220725506544113159e-02 3.792448667809367180e-03 5.597751587629318237e-02 3.542067855596542358e-02 1.632124185562133789e-02 1.454346925020217896e-01 8.991439640522003174e-02 4.622988402843475342e-03 3.149456158280372620e-02 0.000000000000000000e+00 6.193360313773155212e-02 4.009750857949256897e-02 3.032131493091583252e-02 7.451093196868896484e-02 1.099610030651092529e-01 2.888951078057289124e-02 1.460611633956432343e-02 2.001424431800842285e-01 4.795214906334877014e-02 1.363530606031417847e-01
7.951715029776096344e-03 7.396297901868820190e-02 4.649129137396812439e-02 1.382535994052886963e-01 8.791850507259368896e-02 3.049417957663536072e-02 5.994518101215362549e-02 7.987039163708686829e-03 8.219040185213088989e-02 1.118881329894065857e-01 5.028864368796348572e-02 9.562250226736068726e-02 2.671763114631175995e-02 2.742992714047431946e-02 2.037740126252174377e-02 5.815481394529342651e-02 5.976803600788116455e-03 2.657121419906616211e-02 4.565851017832756042e-02 2.055171430110931396e-01 1.510070711374282837e-01 6.653753668069839478e-02 3.049853257834911346e-02 6.193360313773155212e-02 0.000000000000000000e+00 1.017783582210540771e-01 3.167176619172096252e-02 1.358177661895751953e-01 4.835673049092292786e-02 3.310332074761390686e-02 4.737033694982528687e-02 1.399435251951217651e-01 1.402309536933898926e-02 7.505326718091964722e-02
9.390264004468917847e-02 2.802635356783866882e-02 5.554991960525512695e-02 3.699581697583198547e-02 1.880144625902175903e-01 1.318632662296295166e-01 4.208997264504432678e-02 1.096762493252754211e-01 1.975319534540176392e-02 1.022622082382440567e-02 5.175461247563362122e-02 6.216355133801698685e-03 7.526539266109466553e-02 1.288485676050186157e-01 1.219029426574707031e-01 4.388328641653060913e-02 9.585987031459808350e-02 7.541108131408691406e-02 5.638185515999794006e-02 1.059550717473030090e-01 4.999713599681854248e-02 3.548109903931617737e-02 7.150176912546157837e-02 4.009750857949256897e-02 1.017783582210540771e-01 0.000000000000000000e+00 7.033330947160720825e-02 3.451653942465782166e-02 1.493997871875762939e-01 6.890720129013061523e-02 5.467160791158676147e-02 2.383273392915725708e-01 8.788069337606430054e-02 1.754910945892333984e-01
2.372602559626102448e-02 4.239052161574363708e-02 1.484137773513793945e-02 1.070505827665328979e-01 1.192581951618194580e-01 6.210596114397048950e-02 2.832719869911670685e-02 3.964877128601074219e-02 5.065048858523368835e-02 8.050163835287094116e-02 1.864657551050186157e-02 6.414499878883361816e-02 4.958329722285270691e-03 5.905038863420486450e-02 5.201559513807296753e-02 2.653191611170768738e-02 2.569982409477233887e-02 5.104847252368927002e-03 1.400700304657220840e-02 1.749843657016754150e-01 1.199088022112846375e-01 3.493940457701683044e-02 1.174367731437087059e-03 3.032131493091583252e-02 3.167176619172096252e-02 7.033330947160720825e-02 0.000000000000000000e+00 1.045959368348121643e-01 7.990611344575881958e-02 1.433060504496097565e-03 1.572215929627418518e-02 1.708579957485198975e-01 1.765650883316993713e-02 1.064719408750534058e-01
1.280042976140975952e-01 6.248245015740394592e-02 8.989410102367401123e-02 2.482447307556867599e-03 2.210961729288101196e-01 1.656259894371032715e-01 7.649537920951843262e-02 1.436489820480346680e-01 5.423275753855705261e-02 2.429889701306819916e-02 8.611731231212615967e-02 4.072415828704833984e-02 1.094974726438522339e-01 1.626417785882949829e-01 1.557640731334686279e-01 7.828126102685928345e-02 1.299464404582977295e-01 1.096422374248504639e-01 9.072183817625045776e-02 7.170075178146362305e-02 1.550735719501972198e-02 6.991201639175415039e-02 1.057573109865188599e-01 7.451093196868896484e-02 1.358177661895751953e-01 3.451653942465782166e-02 1.045959368348121643e-01 0.000000000000000000e+00 1.829727739095687866e-01 1.031783372163772583e-01 8.902016282081604004e-02 2.706176936626434326e-01 1.220270767807960510e-01 2.087431997060775757e-01
5.628680065274238586e-02 1.218837797641754150e-01 9.463525563478469849e-02 1.853710263967514038e-01 3.973068669438362122e-02 1.788892969489097595e-02 1.079888790845870972e-01 4.038529098033905029e-02 1.300303339958190918e-01 1.593825072050094604e-01 9.840606898069381714e-02 1.433165371417999268e-01 7.497748732566833496e-02 2.095459774136543274e-02 2.800692617893218994e-02 1.062128469347953796e-01 5.431783571839332581e-02 7.483179122209548950e-02 9.380812197923660278e-02 2.513756752014160156e-01 1.979185640811920166e-01 1.145257800817489624e-01 7.873912900686264038e-02 1.099610030651092529e-01 4.835673049092292786e-02 1.493997871875762939e-01 7.990611344575881958e-02 1.829727739095687866e-01 0.000000000000000000e+00 8.132985979318618774e-02 9.550828486680984497e-02 9.221080690622329712e-02 6.233755499124526978e-02 2.679378353059291840e-02
2.515822835266590118e-02 4.095994681119918823e-02 1.340860314667224884e-02 1.056337356567382812e-01 1.206706240773200989e-01 6.353336572647094727e-02 2.689523249864578247e-02 4.107949882745742798e-02 4.922099784016609192e-02 7.907769829034805298e-02 1.721397601068019867e-02 6.271770596504211426e-02 6.391345057636499405e-03 6.047833338379859924e-02 5.344466865062713623e-02 2.509981207549571991e-02 2.713188529014587402e-02 6.537860259413719177e-03 1.257419493049383163e-02 1.735948473215103149e-01 1.184960901737213135e-01 3.350802138447761536e-02 2.607423812150955200e-03 2.888951078057289124e-02 3.310332074761390686e-02 6.890720129013061523e-02 1.433060504496097565e-03 1.031783372163772583e-01 8.132985979318618774e-02 0.000000000000000000e+00 1.428942102938890457e-02 1.722488850355148315e-01 1.908908784389495850e-02 1.078885346651077271e-01
3.943347558379173279e-02 2.668614499270915985e-02 8.809876744635403156e-04 9.148238599300384521e-02 1.347277313470840454e-01 7.775219529867172241e-02 1.261065714061260223e-02 5.533644184470176697e-02 3.495616465806961060e-02 6.486156582832336426e-02 2.925274893641471863e-03 4.847172647714614868e-02 2.067887596786022186e-02 7.470319420099258423e-02 6.768240779638290405e-02 1.081426721066236496e-02 4.140525311231613159e-02 2.082533389329910278e-02 1.715534366667270660e-03 1.597015708684921265e-01 1.043834164738655090e-01 1.922780834138393402e-02 1.689621433615684509e-02 1.460611633956432343e-02 4.737033694982528687e-02 5.467160791158676147e-02 1.572215929627418518e-02 8.902016282081604004e-02 9.550828486680984497e-02 1.428942102938890457e-02 0.000000000000000000e+00 1.860803067684173584e-01 3.336940705776214600e-02 1.219898983836174011e-01
1.477308422327041626e-01 2.117151170969009399e-01 1.852296739816665649e-01 2.729167938232421875e-01 5.267309397459030151e-02 1.099184155464172363e-01 1.982257962226867676e-01 1.321041435003280640e-01 2.196079939603805542e-01 2.479492425918579102e-01 1.889027506113052368e-01 2.324553728103637695e-01 1.660403311252593994e-01 1.129471585154533386e-01 1.199080646038055420e-01 1.964991390705108643e-01 1.457983851432800293e-01 1.658978462219238281e-01 1.844236403703689575e-01 3.358027338981628418e-01 2.849293351173400879e-01 2.045761495828628540e-01 1.697176843881607056e-01 2.001424431800842285e-01 1.399435251951217651e-01 2.383273392915725708e-01 1.708579957485198975e-01 2.706176936626434326e-01 9.221080690622329712e-02 1.722488850355148315e-01 1.860803067684173584e-01 0.000000000000000000e+00 1.536650657653808594e-01 6.557904928922653198e-02
6.072057411074638367e-03 6.000211834907531738e-02 3.248937055468559265e-02 1.244718134403228760e-01 1.018160730600357056e-01 4.449824243783950806e-02 4.596072435379028320e-02 2.200767025351524353e-02 6.824596226215362549e-02 9.801881760358810425e-02 3.629113733768463135e-02 8.170897513628005981e-02 1.269929111003875732e-02 4.143708199262619019e-02 3.439067304134368896e-02 4.416773468255996704e-02 8.046966977417469025e-03 1.255279313772916794e-02 3.165568411350250244e-02 1.920475363731384277e-01 1.372746676206588745e-01 5.256348848342895508e-02 1.648248359560966492e-02 4.795214906334877014e-02 1.402309536933898926e-02 8.788069337606430054e-02 1.765650883316993713e-02 1.220270767807960510e-01 6.233755499124526978e-02 1.908908784389495850e-02 3.336940705776214600e-02 1.536650657653808594e-01 0.000000000000000000e+00 8.898271620273590088e-02
8.295547217130661011e-02 1.481935977935791016e-01 1.211219206452369690e-01 2.111162394285202026e-01 1.295068953186273575e-02 4.466130584478378296e-02 1.343938112258911133e-01 6.710645556449890137e-02 1.562796235084533691e-01 1.853846162557601929e-01 1.248706132173538208e-01 1.694596111774444580e-01 1.015672311186790466e-01 4.772158712148666382e-02 5.475961416959762573e-02 1.326291859149932861e-01 8.099374175071716309e-02 1.014222204685211182e-01 1.202995404601097107e-01 2.763084173202514648e-01 2.235269844532012939e-01 1.408872455358505249e-01 1.053107380867004395e-01 1.363530606031417847e-01 7.505326718091964722e-02 1.754910945892333984e-01 1.064719408750534058e-01 2.087431997060775757e-01 2.679378353059291840e-02 1.078885346651077271e-01 1.219898983836174011e-01 6.557904928922653198e-02 8.898271620273590088e-02 0.000000000000000000e+00
