0.000000000000000000e+00 6.184766441583633423e-02 3.177370876073837280e-02 1.314779371023178101e-01 1.058941259980201721e-01 3.827222809195518494e-02 4.527692496776580811e-02 1.877586357295513153e-02 6.728854775428771973e-02 1.026078835129737854e-01 3.965826332569122314e-02 8.486116677522659302e-02 1.420154981315135956e-02 3.780677542090415955e-02 3.054793365299701691e-02 4.620249569416046143e-02 2.816382097080349922e-03 1.810074038803577423e-02 3.398209810256958008e-02 1.897892653942108154e-01 1.374072283506393433e-01 5.369944125413894653e-02 2.337331697344779968e-02 5.204228311777114868e-02 1.259629498235881329e-03 8.827456831932067871e-02 2.806892059743404388e-02 1.209054738283157349e-01 5.371719226241111755e-02 2.138774283230304718e-02 3.715066984295845032e-02 1.540215313434600830e-01 3.870950080454349518e-03 8.980616927146911621e-02
6.184766441583633423e-02 0.000000000000000000e+00 3.013316541910171509e-02 7.020112127065658569e-02 1.666503399610519409e-01 9.988346695899963379e-02 1.661727018654346466e-02 8.053001016378402710e-02 5.463624838739633560e-03 4.102054238319396973e-02 2.224395796656608582e-02 2.313492074608802795e-02 4.768799990415573120e-02 9.942196309566497803e-02 9.222135692834854126e-02 1.569000445306301117e-02 6.465277820825576782e-02 4.379595071077346802e-02 2.792425453662872314e-02 1.294612288475036621e-01 7.620719075202941895e-02 8.175372146070003510e-03 3.853004425764083862e-02 9.837040677666664124e-03 6.310237944126129150e-02 2.657197229564189911e-02 3.383748233318328857e-02 5.950275808572769165e-02 1.151821911334991455e-01 4.051351174712181091e-02 2.475387044250965118e-02 2.138322591781616211e-01 5.799059942364692688e-02 1.508161425590515137e-01
3.177370876073837280e-02 3.013316541910171509e-02 0.000000000000000000e+00 1.001224964857101440e-01 1.372061967849731445e-01 6.996086239814758301e-02 1.352266781032085419e-02 5.051943287253379822e-02 3.559093177318572998e-02 7.106586545705795288e-02 7.894501090049743652e-03 5.323097854852676392e-02 1.758009567856788635e-02 6.949700415134429932e-02 6.226121634244918823e-02 1.444999407976865768e-02 3.458699956536293030e-02 1.368084084242582321e-02 2.210772829130291939e-03 1.589742302894592285e-01 1.060967296361923218e-01 2.196320705115795135e-02 8.406638167798519135e-03 2.030214294791221619e-02 3.303201869130134583e-02 5.665976926684379578e-02 3.708098083734512329e-03 8.947549760341644287e-02 8.534523099660873413e-02 1.039303187280893326e-02 5.383311305195093155e-03 1.848904192447662354e-01 2.790619432926177979e-02 1.212339475750923157e-01
1.314779371023178101e-01 7.020112127065658569e-02 1.001224964857101440e-01 0.000000000000000000e+00 2.341125905513763428e-01 1.689002662897109985e-01 8.671723306179046631e-02 1.498837918043136597e-01 6.476233899593353271e-02 2.926485985517501831e-02 9.230095893144607544e-02 4.714277386665344238e-02 1.174957901239395142e-01 1.684474050998687744e-01 1.613777279853820801e-01 8.579663187265396118e-02 1.342446208000183105e-01 1.136476770043373108e-01 9.793339669704437256e-02 5.980361998081207275e-02 6.038372404873371124e-03 7.833155244588851929e-02 1.084378734230995178e-01 7.998292893171310425e-02 1.327155977487564087e-01 4.371069371700286865e-02 1.037920638918876648e-01 1.074324361979961395e-02 1.838963478803634644e-01 1.104006469249725342e-01 9.479027241468429565e-02 2.798327207565307617e-01 1.276719719171524048e-01 2.187017798423767090e-01
1.058941259980201721e-01 1.666503399610519409e-01 1.372061967849731445e-01 2.341125905513763428e-01 0.000000000000000000e+00 6.789708137512207031e-02 1.504497081041336060e-01 8.729182183742523193e-02 1.719574034214019775e-01 2.062608599662780762e-01 1.449436992406845093e-01 1.890563815832138062e-01 1.199153512716293335e-01 6.836104393005371094e-02 7.559072226285934448e-02 1.513561010360717773e-01 1.031085029244422913e-01 1.237576603889465332e-01 1.393746882677078247e-01 2.898579835891723633e-01 2.398119568824768066e-01 1.586911976337432861e-01 1.289483010768890381e-01 1.570708006620407104e-01 1.046484634280204773e-01 1.923704594373703003e-01 1.335660517215728760e-01 2.239325642585754395e-01 5.247544124722480774e-02 1.269942522048950195e-01 1.424842625856399536e-01 4.892536625266075134e-02 1.097201034426689148e-01 1.624242588877677917e-02
3.827222809195518494e-02 9.988346695899963379e-02 6.996086239814758301e-02 1.689002662897109985e-01 6.789708137512207031e-02 0.000000000000000000e+00 8.340463042259216309e-02 1.951038464903831482e-02 1.052896305918693542e-01 1.403290480375289917e-01 7.781238108873367310e-02 1.227347627282142639e-01 5.244527012109756470e-02 4.661294515244662762e-04 7.733333855867385864e-03 8.432561159133911133e-02 3.545966744422912598e-02 5.633394047617912292e-02 7.216048240661621094e-02 2.264169007539749146e-01 1.747604161500930786e-01 9.178303182125091553e-02 6.159044802188873291e-02 9.013498574495315552e-02 3.701438382267951965e-02 1.261207014322280884e-01 6.626995652914047241e-02 1.584445387125015259e-01 1.547678001224994659e-02 5.961117520928382874e-02 7.531581073999404907e-02 1.164356544613838196e-01 4.213693365454673767e-02 5.171167850494384766e-02
4.527692496776580811e-02 1.661727018654346466e-02 1.352266781032085419e-02 8.671723306179046631e-02 1.504497081041336060e-01 8.340463042259216309e-02 0.000000000000000000e+00 6.399838626384735107e-02 2.207889035344123840e-02 5.759854987263679504e-02 5.628769285976886749e-03 3.973691537976264954e-02 3.109537065029144287e-02 8.294172585010528564e-02 7.572013139724731445e-02 9.275067131966352463e-04 4.808717593550682068e-02 2.719847671687602997e-02 1.131223421543836594e-02 1.457649171352386475e-01 9.270706027746200562e-02 8.443044498562812805e-03 2.192681282758712769e-02 6.781337317079305649e-03 4.653390496969223022e-02 4.317018017172813416e-02 1.722990348935127258e-02 7.604483515024185181e-02 9.875393658876419067e-02 2.391234226524829865e-02 8.139949291944503784e-03 1.979182511568069458e-01 4.141323640942573547e-02 1.345360428094863892e-01
1.877586357295513153e-02 8.053001016378402710e-02 5.051943287253379822e-02 1.498837918043136597e-01 8.729182183742523193e-02 1.951038464903831482e-02 6.399838626384735107e-02 0.000000000000000000e+00 8.595581352710723877e-02 1.211503446102142334e-01 5.839065089821815491e-02 1.034721583127975464e-01 3.296862170100212097e-02 1.904442906379699707e-02 1.177882775664329529e-02 6.492204219102859497e-02 1.596032455563545227e-02 3.686407580971717834e-02 5.272432044148445129e-02 2.078245580196380615e-01 1.557811796665191650e-01 7.240230590105056763e-02 4.213069379329681396e-02 7.074901461601257324e-02 1.751664839684963226e-02 1.068732962012290955e-01 4.682010784745216370e-02 1.393649578094482422e-01 3.497660532593727112e-02 4.014748707413673401e-02 5.588755011558532715e-02 1.356379240751266479e-01 2.264516800642013550e-02 7.115027308464050293e-02
6.728854775428771973e-02 5.463624838739633560e-03 3.559093177318572998e-02 6.476233899593353271e-02 1.719574034214019775e-01 1.052896305918693542e-01 2.207889035344123840e-02 8.595581352710723877e-02 0.000000000000000000e+00 3.556488826870918274e-02 2.770421653985977173e-02 1.767352968454360962e-02 5.313777923583984375e-02 1.048286482691764832e-01 9.763579070568084717e-02 2.115181647241115570e-02 7.009164243936538696e-02 4.924779385328292847e-02 3.338278457522392273e-02 1.240853741765022278e-01 7.077303528785705566e-02 1.363838743418455124e-02 4.398440942168235779e-02 1.529984362423419952e-02 6.854237616062164307e-02 2.111141197383403778e-02 3.929384425282478333e-02 5.405670776963233948e-02 1.205699369311332703e-01 4.596696421504020691e-02 3.021341003477573395e-02 2.190399765968322754e-01 6.343412399291992188e-02 1.561511009931564331e-01
1.026078835129737854e-01 4.102054238319396973e-02 7.106586545705795288e-02 2.926485985517501831e-02 2.062608599662780762e-01 1.403290480375289917e-01 5.759854987263679504e-02 1.211503446102142334e-01 3.556488826870918274e-02 0.000000000000000000e+00 6.320682913064956665e-02 1.790261454880237579e-02 8.853534609079360962e-02 1.398720592260360718e-01 1.327397525310516357e-01 5.667407438158988953e-02 1.053938046097755432e-01 8.466438949108123779e-02 6.886591017246246338e-02 8.891286700963973999e-02 3.529699519276618958e-02 4.917941987514495850e-02 7.942505180835723877e-02 5.083706974983215332e-02 1.038540974259376526e-01 1.446433737874031067e-02 7.475426793098449707e-02 1.852744072675704956e-02 1.554681658744812012e-01 8.139878511428833008e-02 6.570769101381301880e-02 2.526367902755737305e-01 9.877617657184600830e-02 1.906571835279464722e-01
3.965826332569122314e-02 2.224395796656608582e-02 7.894501090049743652e-03 9.230095893144607544e-02 1.449436992406845093e-01 7.781238108873367310e-02 5.628769285976886749e-03 5.839065089821815491e-02 2.770421653985977173e-02 6.320682913064956665e-02 0.000000000000000000e+00 4.535553231835365295e-02 2.547105960547924042e-02 7.734905928373336792e-02 7.012125104665756226e-02 6.556241307407617569e-03 4.246990382671356201e-02 2.157301083207130432e-02 5.683826748281717300e-03 1.512695699930191040e-01 9.828454256057739258e-02 1.407114509493112564e-02 1.630005612969398499e-02 1.240963302552700043e-02 4.091584682464599609e-02 4.878709092736244202e-02 1.160225830972194672e-02 8.163867145776748657e-02 9.317695349454879761e-02 1.828603073954582214e-02 2.511295489966869354e-03 1.925039291381835938e-01 3.579280897974967957e-02 1.290049850940704346e-01
8.486116677522659302e-02 2.313492074608802795e-02 5.323097854852676392e-02 4.714277386665344238e-02 1.890563815832138062e-01 1.227347627282142639e-01 3.973691537976264954e-02 1.034721583127975464e-01 1.767352968454360962e-02 1.790261454880237579e-02 4.535553231835365295e-02 0.000000000000000000e+00 7.074486464262008667e-02 1.222756281495094299e-01 1.151106879115104675e-01 3.881083428859710693e-02 8.765659481287002563e-02 6.686311960220336914e-02 5.102621018886566162e-02 1.066457256674766541e-01 5.316601321101188660e-02 3.130436688661575317e-02 6.161003932356834412e-02 3.296446055173873901e-02 8.611158281564712524e-02 3.439166583120822906e-03 5.692783370614051819e-02 3.641797602176666260e-02 1.379495114088058472e-01 6.358882784843444824e-02 4.786138236522674561e-02 2.358006685972213745e-01 8.101682364940643311e-02 1.733462512493133545e-01
1.420154981315135956e-02 4.768799990415573120e-02 1.758009567856788635e-02 1.174957901239395142e-01 1.199153512716293335e-01 5.244527012109756470e-02 3.109537065029144287e-02 3.296862170100212097e-02 5.313777923583984375e-02 8.853534609079360962e-02 2.547105960547924042e-02 7.074486464262008667e-02 0.000000000000000000e+00 5.198040977120399475e-02 4.473008215427398682e-02 3.202195093035697937e-02 1.701725274324417114e-02 3.900192212313413620e-03 1.979009807109832764e-02 1.760622560977935791e-01 1.234465688467025757e-01 3.952803835272789001e-02 9.174813516438007355e-03 3.786872327327728271e-02 1.546090189367532730e-02 7.416598498821258545e-02 1.387290097773075104e-02 1.068874672055244446e-01 6.786696612834930420e-02 7.188375107944011688e-03 2.296123281121253967e-02 1.678559035062789917e-01 1.033116783946752548e-02 1.038752421736717224e-01
3.780677542090415955e-02 9.942196309566497803e-02 6.949700415134429932e-02 1.684474050998687744e-01 6.836104393005371094e-02 4.661294515244662762e-04 8.294172585010528564e-02 1.904442906379699707e-02 1.048286482691764832e-01 1.398720592260360718e-01 7.734905928373336792e-02 1.222756281495094299e-01 5.198040977120399475e-02 0.000000000000000000e+00 7.267230190336704254e-03 8.386277407407760620e-02 3.499411791563034058e-02 5.586927756667137146e-02 7.169675827026367188e-02 2.259746193885803223e-01 1.743084788322448730e-01 9.132081270217895508e-02 6.112607195973396301e-02 8.967262506484985352e-02 3.654888272285461426e-02 1.256619542837142944e-01 6.580585986375808716e-02 1.579900681972503662e-01 1.594279333949089050e-02 5.914668738842010498e-02 7.485231012105941772e-02 1.168954446911811829e-01 4.167162254452705383e-02 5.217655003070831299e-02
3.054793365299701691e-02 9.222135692834854126e-02 6.226121634244918823e-02 1.613777279853820801e-01 7.559072226285934448e-02 7.733333855867385864e-03 7.572013139724731445e-02 1.177882775664329529e-02 9.763579070568084717e-02 1.327397525310516357e-01 7.012125104665756226e-02 1.151106879115104675e-01 4.473008215427398682e-02 7.267230190336704254e-03 0.000000000000000000e+00 7.664225995540618896e-02 2.773393876850605011e-02 4.862179234623908997e-02 6.446310877799987793e-02 2.190671414136886597e-01 1.672531217336654663e-01 8.410941064357757568e-02 5.388278141617774963e-02 8.245912194252014160e-02 2.928943373262882233e-02 1.185029447078704834e-01 5.856664106249809265e-02 1.508960872888565063e-01 2.320733666419982910e-02 5.190176889300346375e-02 6.762185692787170410e-02 1.240572854876518250e-01 3.441481664776802063e-02 5.942125245928764343e-02
4.620249569416046143e-02 1.569000445306301117e-02 1.444999407976865768e-02 8.579663187265396118e-02 1.513561010360717773e-01 8.432561159133911133e-02 9.275067131966352463e-04 6.492204219102859497e-02 2.115181647241115570e-02 5.667407438158988953e-02 6.556241307407617569e-03 3.881083428859710693e-02 3.202195093035697937e-02 8.386277407407760620e-02 7.664225995540618896e-02 0.000000000000000000e+00 4.901249706745147705e-02 2.812527306377887726e-02 1.223961263895034790e-02 1.448570042848587036e-01 9.178745746612548828e-02 7.515596225857734680e-03 2.285385504364967346e-02 5.853867623955011368e-03 4.745936021208763123e-02 4.224436357617378235e-02 1.815711893141269684e-02 7.512263208627700806e-02 9.967231005430221558e-02 2.483929693698883057e-02 9.067388251423835754e-03 1.988092511892318726e-01 4.233911633491516113e-02 1.354466527700424194e-01
2.816382097080349922e-03 6.465277820825576782e-02 3.458699956536293030e-02 1.342446208000183105e-01 1.031085029244422913e-01 3.545966744422912598e-02 4.808717593550682068e-02 1.596032455563545227e-02 7.009164243936538696e-02 1.053938046097755432e-01 4.246990382671356201e-02 8.765659481287002563e-02 1.701725274324417114e-02 3.499411791563034058e-02 2.773393876850605011e-02 4.901249706745147705e-02 0.000000000000000000e+00 2.091605588793754578e-02 3.679495677351951599e-02 1.925027668476104736e-01 1.401693671941757202e-01 5.650728195905685425e-02 2.618797682225704193e-02 5.485062673687934875e-02 1.556758419610559940e-03 9.106830507516860962e-02 3.088286332786083221e-02 1.236797496676445007e-01 5.090850964188575745e-02 2.420266717672348022e-02 3.996286913752555847e-02 1.512707620859146118e-01 6.687259301543235779e-03 8.701179921627044678e-02
1.810074038803577423e-02 4.379595071077346802e-02 1.368084084242582321e-02 1.136476770043373108e-01 1.237576603889465332e-01 5.633394047617912292e-02 2.719847671687602997e-02 3.686407580971717834e-02 4.924779385328292847e-02 8.466438949108123779e-02 2.157301083207130432e-02 6.686311960220336914e-02 3.900192212313413620e-03 5.586927756667137146e-02 4.862179234623908997e-02 2.812527306377887726e-02 2.091605588793754578e-02 0.000000000000000000e+00 1.589113287627696991e-02 1.722803711891174316e-01 1.196039617061614990e-01 3.563334047794342041e-02 5.274809896945953369e-03 3.397354856133460999e-02 1.935992576181888580e-02 7.028612494468688965e-02 9.973248466849327087e-03 1.030302271246910095e-01 7.174815982580184937e-02 3.288275562226772308e-03 1.906274817883968353e-02 1.716437339782714844e-01 1.423078589141368866e-02 1.077317893505096436e-01
3.398209810256958008e-02 2.792425453662872314e-02 2.210772829130291939e-03 9.793339669704437256e-02 1.393746882677078247e-01 7.216048240661621094e-02 1.131223421543836594e-02 5.272432044148445129e-02 3.338278457522392273e-02 6.886591017246246338e-02 5.683826748281717300e-03 5.102621018886566162e-02 1.979009807109832764e-02 7.169675827026367188e-02 6.446310877799987793e-02 1.223961263895034790e-02 3.679495677351951599e-02 1.589113287627696991e-02 0.000000000000000000e+00 1.568185687065124512e-01 1.039103269577026367e-01 1.975339092314243317e-02 1.061721239238977432e-02 1.809218339622020721e-02 3.524022176861763000e-02 5.445582047104835510e-02 5.918822251260280609e-03 8.728198707103729248e-02 8.753949403762817383e-02 1.260351575911045074e-02 3.172576427459716797e-03 1.870247423648834229e-01 3.011511079967021942e-02 1.234116330742835999e-01
1.897892653942108154e-01 1.294612288475036621e-01 1.589742302894592285e-01 5.980361998081207275e-02 2.898579835891723633e-01 2.264169007539749146e-01 1.457649171352386475e-01 2.078245580196380615e-01 1.240853741765022278e-01 8.891286700963973999e-02 1.512695699930191040e-01 1.066457256674766541e-01 1.760622560977935791e-01 2.259746193885803223e-01 2.190671414136886597e-01 1.448570042848587036e-01 1.925027668476104736e-01 1.722803711891174316e-01 1.568185687065124512e-01 0.000000000000000000e+00 5.378466844558715820e-02 1.374910771846771240e-01 1.671574711799621582e-01 1.391211003065109253e-01 1.910032480955123901e-01 1.032444313168525696e-01 1.625864803791046143e-01 7.050156593322753906e-02 2.410489916801452637e-01 1.690878868103027344e-01 1.537224650382995605e-01 3.340460956096649170e-01 1.860550194978713989e-01 2.749098241329193115e-01
1.374072283506393433e-01 7.620719075202941895e-02 1.060967296361923218e-01 6.038372404873371124e-03 2.398119568824768066e-01 1.747604161500930786e-01 9.270706027746200562e-02 1.557811796665191650e-01 7.077303528785705566e-02 3.529699519276618958e-02 9.828454256057739258e-02 5.316601321101188660e-02 1.234465688467025757e-01 1.743084788322448730e-01 1.672531217336654663e-01 9.178745746612548828e-02 1.401693671941757202e-01 1.196039617061614990e-01 1.039103269577026367e-01 5.378466844558715820e-02 0.000000000000000000e+00 8.433002978563308716e-02 1.144013255834579468e-01 8.597978204488754272e-02 1.386428624391555786e-01 4.973594099283218384e-02 1.097616404294967651e-01 1.678052730858325958e-02 1.897240430116653442e-01 1.163614541292190552e-01 1.007709652185440063e-01 2.853888869285583496e-01 1.336073428392410278e-01 2.244437634944915771e-01
5.369944125413894653e-02 8.175372146070003510e-03 2.196320705115795135e-02 7.833155244588851929e-02 1.586911976337432861e-01 9.178303182125091553e-02 8.443044498562812805e-03 7.240230590105056763e-02 1.363838743418455124e-02 4.917941987514495850e-02 1.407114509493112564e-02 3.130436688661575317e-02 3.952803835272789001e-02 9.132081270217895508e-02 8.410941064357757568e-02 7.515596225857734680e-03 5.650728195905685425e-02 3.563334047794342041e-02 1.975339092314243317e-02 1.374910771846771240e-01 8.433002978563308716e-02 0.000000000000000000e+00 3.036423586308956146e-02 1.661802292801439762e-03 5.495535209774971008e-02 3.473979607224464417e-02 2.566921338438987732e-02 6.764522939920425415e-02 1.071076691150665283e-01 3.234885260462760925e-02 1.658185385167598724e-02 2.060170173645019531e-01 4.983885213732719421e-02 1.428168863058090210e-01
2.337331697344779968e-02 3.853004425764083862e-02 8.406638167798519135e-03 1.084378734230995178e-01 1.289483010768890381e-01 6.159044802188873291e-02 2.192681282758712769e-02 4.213069379329681396e-02 4.398440942168235779e-02 7.942505180835723877e-02 1.630005612969398499e-02 6.161003932356834412e-02 9.174813516438007355e-03 6.112607195973396301e-02 5.388278141617774963e-02 2.285385504364967346e-02 2.618797682225704193e-02 5.274809896945953369e-03 1.061721239238977432e-02 1.671574711799621582e-01 1.144013255834579468e-01 3.036423586308956146e-02 0.000000000000000000e+00 2.870388329029083252e-02 2.463222108781337738e-02 6.503542512655258179e-02 4.698685836046934128e-03 9.780856966972351074e-02 7.699383050203323364e-02 1.986568327993154526e-03 1.378932502120733261e-02 1.767585128545761108e-01 1.950413174927234650e-02 1.129424199461936951e-01
5.204228311777114868e-02 9.837040677666664124e-03 2.030214294791221619e-02 7.998292893171310425e-02 1.570708006620407104e-01 9.013498574495315552e-02 6.781337317079305649e-03 7.074901461601257324e-02 1.529984362423419952e-02 5.083706974983215332e-02 1.240963302552700043e-02 3.296446055173873901e-02 3.786872327327728271e-02 8.967262506484985352e-02 8.245912194252014160e-02 5.853867623955011368e-03 5.485062673687934875e-02 3.397354856133460999e-02 1.809218339622020721e-02 1.391211003065109253e-01 8.597978204488754272e-02 1.661802292801439762e-03 2.870388329029083252e-02 0.000000000000000000e+00 5.329842120409011841e-02 3.639949858188629150e-02 2.400843426585197449e-02 6.929923593997955322e-02 1.054646447300910950e-01 3.068870306015014648e-02 1.492046285420656204e-02 2.044252157211303711e-01 4.818104207515716553e-02 1.411885768175125122e-01
1.259629498235881329e-03 6.310237944126129150e-02 3.303201869130134583e-02 1.327155977487564087e-01 1.046484634280204773e-01 3.701438382267951965e-02 4.653390496969223022e-02 1.751664839684963226e-02 6.854237616062164307e-02 1.038540974259376526e-01 4.091584682464599609e-02 8.611158281564712524e-02 1.546090189367532730e-02 3.654888272285461426e-02 2.928943373262882233e-02 4.745936021208763123e-02 1.556758419610559940e-03 1.935992576181888580e-02 3.524022176861763000e-02 1.910032480955123901e-01 1.386428624391555786e-01 5.495535209774971008e-02 2.463222108781337738e-02 5.329842120409011841e-02 0.000000000000000000e+00 8.952423930168151855e-02 2.932751178741455078e-02 1.221465095877647400e-01 5.246111005544662476e-02 2.264676243066787720e-02 3.840850293636322021e-02 1.527915447950363159e-01 5.130554083734750748e-03 8.855655789375305176e-02
8.827456831932067871e-02 2.657197229564189911e-02 5.665976926684379578e-02 4.371069371700286865e-02 1.923704594373703003e-01 1.261207014322280884e-01 4.317018017172813416e-02 1.068732962012290955e-01 2.111141197383403778e-02 1.446433737874031067e-02 4.878709092736244202e-02 3.439166583120822906e-03 7.416598498821258545e-02 1.256619542837142944e-01 1.185029447078704834e-01 4.224436357617378235e-02 9.106830507516860962e-02 7.028612494468688965e-02 5.445582047104835510e-02 1.032444313168525696e-01 4.973594099283218384e-02 3.473979607224464417e-02 6.503542512655258179e-02 3.639949858188629150e-02 8.952423930168151855e-02 0.000000000000000000e+00 6.035518646240234375e-02 3.298293799161911011e-02 1.413216292858123779e-01 6.701333820819854736e-02 5.129210650920867920e-02 2.390459775924682617e-01 8.443246036767959595e-02 1.766800880432128906e-01
2.806892059743404388e-02 3.383748233318328857e-02 3.708098083734512329e-03 1.037920638918876648e-01 1.335660517215728760e-01 6.626995652914047241e-02 1.722990348935127258e-02 4.682010784745216370e-02 3.929384425282478333e-02 7.475426793098449707e-02 1.160225830972194672e-02 5.692783370614051819e-02 1.387290097773075104e-02 6.580585986375808716e-02 5.856664106249809265e-02 1.815711893141269684e-02 3.088286332786083221e-02 9.973248466849327087e-03 5.918822251260280609e-03 1.625864803791046143e-01 1.097616404294967651e-01 2.566921338438987732e-02 4.698685836046934128e-03 2.400843426585197449e-02 2.932751178741455078e-02 6.035518646240234375e-02 0.000000000000000000e+00 9.315269440412521362e-02 8.166297525167465210e-02 6.685191765427589417e-03 9.091228246688842773e-03 1.813066154718399048e-01 2.420059964060783386e-02 1.175787076354026794e-01
1.209054738283157349e-01 5.950275808572769165e-02 8.947549760341644287e-02 1.074324361979961395e-02 2.239325642585754395e-01 1.584445387125015259e-01 7.604483515024185181e-02 1.393649578094482422e-01 5.405670776963233948e-02 1.852744072675704956e-02 8.163867145776748657e-02 3.641797602176666260e-02 1.068874672055244446e-01 1.579900681972503662e-01 1.508960872888565063e-01 7.512263208627700806e-02 1.236797496676445007e-01 1.030302271246910095e-01 8.728198707103729248e-02 7.050156593322753906e-02 1.678052730858325958e-02 6.764522939920425415e-02 9.780856966972351074e-02 6.929923593997955322e-02 1.221465095877647400e-01 3.298293799161911011e-02 9.315269440412521362e-02 0.000000000000000000e+00 1.734958589076995850e-01 9.977574646472930908e-02 8.413270860910415649e-02 2.699008882045745850e-01 1.170893311500549316e-01 2.084483057260513306e-01
5.371719226241111755e-02 1.151821911334991455e-01 8.534523099660873413e-02 1.838963478803634644e-01 5.247544124722480774e-02 1.547678001224994659e-02 9.875393658876419067e-02 3.497660532593727112e-02 1.205699369311332703e-01 1.554681658744812012e-01 9.317695349454879761e-02 1.379495114088058472e-01 6.786696612834930420e-02 1.594279333949089050e-02 2.320733666419982910e-02 9.967231005430221558e-02 5.090850964188575745e-02 7.174815982580184937e-02 8.753949403762817383e-02 2.410489916801452637e-01 1.897240430116653442e-01 1.071076691150665283e-01 7.699383050203323364e-02 1.054646447300910950e-01 5.246111005544662476e-02 1.413216292858123779e-01 8.166297525167465210e-02 1.734958589076995850e-01 0.000000000000000000e+00 7.501874119043350220e-02 9.068688750267028809e-02 1.011411398649215698e-01 5.757616832852363586e-02 3.626392409205436707e-02
2.138774283230304718e-02 4.051351174712181091e-02 1.039303187280893326e-02 1.104006469249725342e-01 1.269942522048950195e-01 5.961117520928382874e-02 2.391234226524829865e-02 4.014748707413673401e-02 4.596696421504020691e-02 8.139878511428833008e-02 1.828603073954582214e-02 6.358882784843444824e-02 7.188375107944011688e-03 5.914668738842010498e-02 5.190176889300346375e-02 2.483929693698883057e-02 2.420266717672348022e-02 3.288275562226772308e-03 1.260351575911045074e-02 1.690878868103027344e-01 1.163614541292190552e-01 3.234885260462760925e-02 1.986568327993154526e-03 3.068870306015014648e-02 2.264676243066787720e-02 6.701333820819854736e-02 6.685191765427589417e-03 9.977574646472930908e-02 7.501874119043350220e-02 0.000000000000000000e+00 1.577546261250972748e-02 1.748333424329757690e-01 1.751824282109737396e-02 1.109807491302490234e-01
3.715066984295845032e-02 2.475387044250965118e-02 5.383311305195093155e-03 9.479027241468429565e-02 1.424842625856399536e-01 7.531581073999404907e-02 8.139949291944503784e-03 5.588755011558532715e-02 3.021341003477573395e-02 6.570769101381301880e-02 2.511295489966869354e-03 4.786138236522674561e-02 2.296123281121253967e-02 7.485231012105941772e-02 6.762185692787170410e-02 9.067388251423835754e-03 3.996286913752555847e-02 1.906274817883968353e-02 3.172576427459716797e-03 1.537224650382995605e-01 1.007709652185440063e-01 1.658185385167598724e-02 1.378932502120733261e-02 1.492046285420656204e-02 3.840850293636322021e-02 5.129210650920867920e-02 9.091228246688842773e-03 8.413270860910415649e-02 9.068688750267028809e-02 1.577546261250972748e-02 0.000000000000000000e+00 1.900845319032669067e-01 3.328450769186019897e-02 1.265346705913543701e-01
1.540215313434600830e-01 2.138322591781616211e-01 1.848904192447662354e-01 2.798327207565307617e-01 4.892536625266075134e-02 1.164356544613838196e-01 1.979182511568069458e-01 1.356379240751266479e-01 2.190399765968322754e-01 2.526367902755737305e-01 1.925039291381835938e-01 2.358006685972213745e-01 1.678559035062789917e-01 1.168954446911811829e-01 1.240572854876518250e-01 1.988092511892318726e-01 1.512707620859146118e-01 1.716437339782714844e-01 1.870247423648834229e-01 3.340460956096649170e-01 2.853888869285583496e-01 2.060170173645019531e-01 1.767585128545761108e-01 2.044252157211303711e-01 1.527915447950363159e-01 2.390459775924682617e-01 1.813066154718399048e-01 2.699008882045745850e-01 1.011411398649215698e-01 1.748333424329757690e-01 1.900845319032669067e-01 0.000000000000000000e+00 1.577983945608139038e-01 6.511604785919189453e-02
3.870950080454349518e-03 5.799059942364692688e-02 2.790619432926177979e-02 1.276719719171524048e-01 1.097201034426689148e-01 4.213693365454673767e-02 4.141323640942573547e-02 2.264516800642013550e-02 6.343412399291992188e-02 9.877617657184600830e-02 3.579280897974967957e-02 8.101682364940643311e-02 1.033116783946752548e-02 4.167162254452705383e-02 3.441481664776802063e-02 4.233911633491516113e-02 6.687259301543235779e-03 1.423078589141368866e-02 3.011511079967021942e-02 1.860550194978713989e-01 1.336073428392410278e-01 4.983885213732719421e-02 1.950413174927234650e-02 4.818104207515716553e-02 5.130554083734750748e-03 8.443246036767959595e-02 2.420059964060783386e-02 1.170893311500549316e-01 5.757616832852363586e-02 1.751824282109737396e-02 3.328450769186019897e-02 1.577983945608139038e-01 0.000000000000000000e+00 9.364456683397293091e-02
8.980616927146911621e-02 1.508161425590515137e-01 1.212339475750923157e-01 2.187017798423767090e-01 1.624242588877677917e-02 5.171167850494384766e-02 1.345360428094863892e-01 7.115027308464050293e-02 1.561511009931564331e-01 1.906571835279464722e-01 1.290049850940704346e-01 1.733462512493133545e-01 1.038752421736717224e-01 5.217655003070831299e-02 5.942125245928764343e-02 1.354466527700424194e-01 8.701179921627044678e-02 1.077317893505096436e-01 1.234116330742835999e-01 2.749098241329193115e-01 2.244437634944915771e-01 1.428168863058090210e-01 1.129424199461936951e-01 1.411885768175125122e-01 8.855655789375305176e-02 1.766800880432128906e-01 1.175787076354026794e-01 2.084483057260513306e-01 3.626392409205436707e-02 1.109807491302490234e-01 1.265346705913543701e-01 6.511604785919189453e-02 9.364456683397293091e-02 0.000000000000000000e+00
