0.000000000000000000e+00 6.878449767827987671e-02 3.860865905880928040e-02 1.359306275844573975e-01 1.013616919517517090e-01 2.972990460693836212e-02 4.671700298786163330e-02 2.049948088824748993e-02 6.677474826574325562e-02 1.037793606519699097e-01 3.406912460923194885e-02 8.074858784675598145e-02 1.719833724200725555e-02 3.269891813397407532e-02 3.643648326396942139e-02 5.006100982427597046e-02 3.681885777041316032e-03 2.058804966509342194e-03 3.490785136818885803e-02 1.899461597204208374e-01 1.480809152126312256e-01 5.462407693266868591e-02 2.174139581620693207e-02 5.757621303200721741e-02 4.156396025791764259e-04 8.864035457372665405e-02 2.654237486422061920e-02 1.195401176810264587e-01 5.469911172986030579e-02 2.982363849878311157e-02 3.950951620936393738e-02 1.535118371248245239e-01 6.661145482212305069e-03 8.648778498172760010e-02
6.878449767827987671e-02 0.000000000000000000e+00 3.025618940591812134e-02 6.777987629175186157e-02 1.689681112766265869e-01 9.831336140632629395e-02 2.213863655924797058e-02 8.915825933218002319e-02 2.019026549533009529e-03 3.524646162986755371e-02 3.479691967368125916e-02 1.203090790659189224e-02 5.164726078510284424e-02 1.012556701898574829e-01 1.049579381942749023e-01 1.878818683326244354e-02 6.511910259723663330e-02 6.673514842987060547e-02 3.395818546414375305e-02 1.227656453847885132e-01 8.011241257190704346e-02 1.421382836997509003e-02 4.711356014013290405e-02 1.125285122543573380e-02 6.919816136360168457e-02 1.997766830027103424e-02 4.231938719749450684e-02 5.117641761898994446e-02 1.230207532644271851e-01 3.904094919562339783e-02 2.935475856065750122e-02 2.199735939502716064e-01 6.215183436870574951e-02 1.543540358543395996e-01
3.860865905880928040e-02 3.025618940591812134e-02 0.000000000000000000e+00 9.783542901277542114e-02 1.394247114658355713e-01 6.826021522283554077e-02 8.122992701828479767e-03 5.906139686703681946e-02 2.823888882994651794e-02 6.543286889791488647e-02 4.545514937490224838e-03 4.227171093225479126e-02 2.142455056309700012e-02 7.121767103672027588e-02 7.493972778320312500e-02 1.147452369332313538e-02 3.493174165487289429e-02 3.655276075005531311e-02 3.705804934725165367e-03 1.524555534124374390e-01 1.101017296314239502e-01 1.604926213622093201e-02 1.688143424689769745e-02 1.900980994105339050e-02 3.902367502450942993e-02 5.020351335406303406e-02 1.207866240292787552e-02 8.130671083927154541e-02 9.311113506555557251e-02 8.795149624347686768e-03 9.022344020195305347e-04 1.909885406494140625e-01 3.195573389530181885e-02 1.246801167726516724e-01
1.359306275844573975e-01 6.777987629175186157e-02 9.783542901277542114e-02 0.000000000000000000e+00 2.340673059225082397e-01 1.649937629699707031e-01 8.978378772735595703e-02 1.559954285621643066e-01 6.978935003280639648e-02 3.261131793260574341e-02 1.023354232311248779e-01 5.579446628689765930e-02 1.190105229616165161e-01 1.678833365440368652e-01 1.715176254510879517e-01 8.645796030759811401e-02 1.323149651288986206e-01 1.339093148708343506e-01 1.015044301748275757e-01 5.544715374708175659e-02 1.239986997097730637e-02 8.191478252410888672e-02 1.145277097821235657e-01 7.897249609231948853e-02 1.363385766744613647e-01 4.786702245473861694e-02 1.097843497991561890e-01 1.666125096380710602e-02 1.892228275537490845e-01 1.065388917922973633e-01 9.694174677133560181e-02 2.835261523723602295e-01 1.293866485357284546e-01 2.198339849710464478e-01
1.013616919517517090e-01 1.689681112766265869e-01 1.394247114658355713e-01 2.340673059225082397e-01 0.000000000000000000e+00 7.184828817844390869e-02 1.473807990550994873e-01 8.103057742118835449e-02 1.670060604810714722e-01 2.030055820941925049e-01 1.349647343158721924e-01 1.806318312883377075e-01 1.183537021279335022e-01 6.889110803604125977e-02 6.516587734222412109e-02 1.506582051515579224e-01 1.050043851137161255e-01 1.033989116549491882e-01 1.357890665531158447e-01 2.858051657676696777e-01 2.457538843154907227e-01 1.551268547773361206e-01 1.228323876857757568e-01 1.580157130956649780e-01 1.009502932429313660e-01 1.883101314306259155e-01 1.275608837604522705e-01 2.182572185993194580e-01 4.692273214459419250e-02 1.307899504899978638e-01 1.403093039989471436e-01 5.297445505857467651e-02 1.079499423503875732e-01 1.500544510781764984e-02
2.972990460693836212e-02 9.831336140632629395e-02 6.826021522283554077e-02 1.649937629699707031e-01 7.184828817844390869e-02 0.000000000000000000e+00 7.634087651968002319e-02 9.236054494976997375e-03 9.631345421075820923e-02 1.330986022949218750e-01 6.373447179794311523e-02 1.102139130234718323e-01 4.690426215529441833e-02 2.971899230033159256e-03 6.713849492371082306e-03 7.967233657836914062e-02 3.340813517570495605e-02 3.178676590323448181e-02 6.457074731588363647e-02 2.184425145387649536e-01 1.770314574241638184e-01 8.421721309423446655e-02 5.143805593252182007e-02 8.715693652629852295e-02 2.931462973356246948e-02 1.180591508746147156e-01 5.622791126370429993e-02 1.487414091825485229e-01 2.500987611711025238e-02 5.950078368186950684e-02 6.915818899869918823e-02 1.243494525551795959e-01 3.638384863734245300e-02 5.690419673919677734e-02
4.671700298786163330e-02 2.213863655924797058e-02 8.122992701828479767e-03 8.978378772735595703e-02 1.473807990550994873e-01 7.634087651968002319e-02 0.000000000000000000e+00 6.715217232704162598e-02 2.012050896883010864e-02 5.734036117792129517e-02 1.266804058104753494e-02 3.416044637560844421e-02 2.954240143299102783e-02 7.929479330778121948e-02 8.301217854022979736e-02 3.351843683049082756e-03 4.304252192378044128e-02 4.466249048709869385e-02 1.182844210416078568e-02 1.445115208625793457e-01 1.020700111985206604e-01 7.927303202450275421e-03 2.500099875032901764e-02 1.088849827647209167e-02 4.713172465562820435e-02 4.209768772125244141e-02 2.019967511296272278e-02 7.323207706212997437e-02 1.011576130986213684e-01 1.691693440079689026e-02 7.220811676234006882e-03 1.988031119108200073e-01 4.006832465529441833e-02 1.326687335968017578e-01
2.049948088824748993e-02 8.915825933218002319e-02 5.906139686703681946e-02 1.559954285621643066e-01 8.103057742118835449e-02 9.236054494976997375e-03 6.715217232704162598e-02 0.000000000000000000e+00 8.715492486953735352e-02 1.240150034427642822e-01 5.453051999211311340e-02 1.010807454586029053e-01 3.768453001976013184e-02 1.220761891454458237e-02 1.594891399145126343e-02 7.048815488815307617e-02 2.417954057455062866e-02 2.255733311176300049e-02 5.536771193146705627e-02 2.096293866634368896e-01 1.680701971054077148e-01 7.503953576087951660e-02 4.222206026315689087e-02 7.798364758491516113e-02 2.008401229977607727e-02 1.089418828487396240e-01 4.701627418398857117e-02 1.396972686052322388e-01 3.423802182078361511e-02 5.029237270355224609e-02 5.996043235063552856e-02 1.334322541952133179e-01 2.715691737830638885e-02 6.610550731420516968e-02
6.677474826574325562e-02 2.019026549533009529e-03 2.823888882994651794e-02 6.978935003280639648e-02 1.670060604810714722e-01 9.631345421075820923e-02 2.012050896883010864e-02 8.715492486953735352e-02 0.000000000000000000e+00 3.726283833384513855e-02 3.278019651770591736e-02 1.404959335923194885e-02 4.963340982794761658e-02 9.925694018602371216e-02 1.029607281088829041e-01 1.676979660987854004e-02 6.310837715864181519e-02 6.472484022378921509e-02 3.194135054945945740e-02 1.247537434101104736e-01 8.211815357208251953e-02 1.219515223056077957e-02 4.509882256388664246e-02 9.234034456312656403e-03 6.718852370977401733e-02 2.199580892920494080e-02 4.030380398035049438e-02 5.318994820117950439e-02 1.210317835211753845e-01 3.702484071254730225e-02 2.733735181391239166e-02 2.180514186620712280e-01 6.014035269618034363e-02 1.523824930191040039e-01
1.037793606519699097e-01 3.524646162986755371e-02 6.543286889791488647e-02 3.261131793260574341e-02 2.030055820941925049e-01 1.330986022949218750e-01 5.734036117792129517e-02 1.240150034427642822e-01 3.726283833384513855e-02 0.000000000000000000e+00 6.995757669210433960e-02 2.322540245950222015e-02 8.673582226037979126e-02 1.360167115926742554e-01 1.396876275539398193e-01 5.399889498949050903e-02 1.001357361674308777e-01 1.017422899603843689e-01 6.912191957235336304e-02 8.789952844381332397e-02 4.499299451708793640e-02 4.943552613258361816e-02 8.222348242998123169e-02 4.648087918758392334e-02 1.041905060410499573e-01 1.527955196797847748e-02 7.745032012462615967e-02 1.595873944461345673e-02 1.575839221477508545e-01 7.418532669544219971e-02 6.453444063663482666e-02 2.532564699649810791e-01 9.718538820743560791e-02 1.885745674371719360e-01
3.406912460923194885e-02 3.479691967368125916e-02 4.545514937490224838e-03 1.023354232311248779e-01 1.349647343158721924e-01 6.373447179794311523e-02 1.266804058104753494e-02 5.453051999211311340e-02 3.278019651770591736e-02 6.995757669210433960e-02 0.000000000000000000e+00 4.680823162198066711e-02 1.688067801296710968e-02 6.669374555349349976e-02 7.041818648576736450e-02 1.601920463144779205e-02 3.039105050265789032e-02 3.201256692409515381e-02 8.397237979806959629e-04 1.568923443555831909e-01 1.145898923277854919e-01 2.059327624738216400e-02 1.233686693012714386e-02 2.355328947305679321e-02 3.448427468538284302e-02 5.473653227090835571e-02 7.533561438322067261e-03 8.582051098346710205e-02 8.860311657190322876e-02 4.249804653227329254e-03 5.447726696729660034e-03 1.866050213575363159e-01 2.741419896483421326e-02 1.202027276158332825e-01
8.074858784675598145e-02 1.203090790659189224e-02 4.227171093225479126e-02 5.579446628689765930e-02 1.806318312883377075e-01 1.102139130234718323e-01 3.416044637560844421e-02 1.010807454586029053e-01 1.404959335923194885e-02 2.322540245950222015e-02 4.680823162198066711e-02 0.000000000000000000e+00 6.363862752914428711e-02 1.131487414240837097e-01 1.168413013219833374e-01 3.081212937831878662e-02 7.708961516618728638e-02 7.870286703109741211e-02 4.597031325101852417e-02 1.108985319733619690e-01 6.814718246459960938e-02 2.624024823307991028e-02 5.911096185445785522e-02 2.328060753643512726e-02 8.116149902343750000e-02 7.948670536279678345e-03 5.432263761758804321e-02 3.916962444782257080e-02 1.348520666360855103e-01 5.104788020253181458e-02 4.137105494737625122e-02 2.313921302556991577e-01 7.412731647491455078e-02 1.660765260457992554e-01
1.719833724200725555e-02 5.164726078510284424e-02 2.142455056309700012e-02 1.190105229616165161e-01 1.183537021279335022e-01 4.690426215529441833e-02 2.954240143299102783e-02 3.768453001976013184e-02 4.963340982794761658e-02 8.673582226037979126e-02 1.688067801296710968e-02 6.363862752914428711e-02 0.000000000000000000e+00 4.986920580267906189e-02 5.360123142600059509e-02 3.289098665118217468e-02 1.351730618625879288e-02 1.514006871730089188e-02 1.772015169262886047e-02 1.733140051364898682e-01 1.312167644500732422e-01 3.746093064546585083e-02 4.544758237898349762e-03 4.041790217161178589e-02 1.761385239660739899e-02 7.155109941959381104e-02 9.348304942250251770e-03 1.025526151061058044e-01 7.182987779378890991e-02 1.263177953660488129e-02 2.232635207474231720e-02 1.702606678009033203e-01 1.053839828819036484e-02 1.035321280360221863e-01
3.269891813397407532e-02 1.012556701898574829e-01 7.121767103672027588e-02 1.678833365440368652e-01 6.889110803604125977e-02 2.971899230033159256e-03 7.929479330778121948e-02 1.220761891454458237e-02 9.925694018602371216e-02 1.360167115926742554e-01 6.669374555349349976e-02 1.131487414240837097e-01 4.986920580267906189e-02 0.000000000000000000e+00 3.742024768143892288e-03 8.262467384338378906e-02 3.637642413377761841e-02 3.475538268685340881e-02 6.752968579530715942e-02 2.212707549333572388e-01 1.799086928367614746e-01 8.716730028390884399e-02 5.440163612365722656e-02 9.010548889636993408e-02 3.228371590375900269e-02 1.209885925054550171e-01 5.918991938233375549e-02 1.516462713479995728e-01 2.203961461782455444e-02 6.246164068579673767e-02 7.211526483297348022e-02 1.214224249124526978e-01 3.935148939490318298e-02 5.394141748547554016e-02
3.643648326396942139e-02 1.049579381942749023e-01 7.493972778320312500e-02 1.715176254510879517e-01 6.516587734222412109e-02 6.713849492371082306e-03 8.301217854022979736e-02 1.594891399145126343e-02 1.029607281088829041e-01 1.396876275539398193e-01 7.041818648576736450e-02 1.168413013219833374e-01 5.360123142600059509e-02 3.742024768143892288e-03 0.000000000000000000e+00 8.634000271558761597e-02 4.011298716068267822e-02 3.849240392446517944e-02 7.125370204448699951e-02 2.248266339302062988e-01 1.835271716117858887e-01 9.087967872619628906e-02 5.813183262944221497e-02 9.381588548421859741e-02 3.602138906717300415e-02 1.246741786599159241e-01 6.291800737380981445e-02 1.553001701831817627e-01 1.829909905791282654e-02 6.618819385766983032e-02 7.583682984113693237e-02 1.177338957786560059e-01 4.308717325329780579e-02 5.020952969789505005e-02
5.006100982427597046e-02 1.878818683326244354e-02 1.147452369332313538e-02 8.645796030759811401e-02 1.506582051515579224e-01 7.967233657836914062e-02 3.351843683049082756e-03 7.048815488815307617e-02 1.676979660987854004e-02 5.399889498949050903e-02 1.601920463144779205e-02 3.081212937831878662e-02 3.289098665118217468e-02 8.262467384338378906e-02 8.634000271558761597e-02 0.000000000000000000e+00 4.638767242431640625e-02 4.800714924931526184e-02 1.517968438565731049e-02 1.412280946969985962e-01 9.875195473432540894e-02 4.575581289827823639e-03 2.835046499967575073e-02 7.536929566413164139e-03 5.047559365630149841e-02 3.875131160020828247e-02 2.354992367327213287e-02 6.989739090204238892e-02 1.044740304350852966e-01 2.026762999594211578e-02 1.057239901274442673e-02 2.020203322172164917e-01 4.341433942317962646e-02 1.359601169824600220e-01
3.681885777041316032e-03 6.511910259723663330e-02 3.493174165487289429e-02 1.323149651288986206e-01 1.050043851137161255e-01 3.340813517570495605e-02 4.304252192378044128e-02 2.417954057455062866e-02 6.310837715864181519e-02 1.001357361674308777e-01 3.039105050265789032e-02 7.708961516618728638e-02 1.351730618625879288e-02 3.637642413377761841e-02 4.011298716068267822e-02 4.638767242431640625e-02 0.000000000000000000e+00 1.623093266971409321e-03 3.122997842729091644e-02 1.863946318626403809e-01 1.444777995347976685e-01 5.095243826508522034e-02 1.806095615029335022e-02 5.390575528144836426e-02 4.097518976777791977e-03 8.498620986938476562e-02 2.286272309720516205e-02 1.159092485904693604e-01 5.836924165487289429e-02 2.614462375640869141e-02 3.583284467458724976e-02 1.571049243211746216e-01 2.979333046823740005e-03 9.014096856117248535e-02
2.058804966509342194e-03 6.673514842987060547e-02 3.655276075005531311e-02 1.339093148708343506e-01 1.033989116549491882e-01 3.178676590323448181e-02 4.466249048709869385e-02 2.255733311176300049e-02 6.472484022378921509e-02 1.017422899603843689e-01 3.201256692409515381e-02 7.870286703109741211e-02 1.514006871730089188e-02 3.475538268685340881e-02 3.849240392446517944e-02 4.800714924931526184e-02 1.623093266971409321e-03 0.000000000000000000e+00 3.285140544176101685e-02 1.879608631134033203e-01 1.460666358470916748e-01 5.257118120789527893e-02 1.968347281217575073e-02 5.552399158477783203e-02 2.474442357197403908e-03 8.659736812114715576e-02 2.448490820825099945e-02 1.175102367997169495e-01 5.675152316689491272e-02 2.776653878390789032e-02 3.745376318693161011e-02 1.555214971303939819e-01 4.602404311299324036e-03 8.853082358837127686e-02
3.490785136818885803e-02 3.395818546414375305e-02 3.705804934725165367e-03 1.015044301748275757e-01 1.357890665531158447e-01 6.457074731588363647e-02 1.182844210416078568e-02 5.536771193146705627e-02 3.194135054945945740e-02 6.912191957235336304e-02 8.397237979806959629e-04 4.597031325101852417e-02 1.772015169262886047e-02 6.752968579530715942e-02 7.125370204448699951e-02 1.517968438565731049e-02 3.122997842729091644e-02 3.285140544176101685e-02 0.000000000000000000e+00 1.560731828212738037e-01 1.137611120939254761e-01 1.975389383733272552e-02 1.317645329982042313e-02 2.271401509642601013e-02 3.532297536730766296e-02 5.389928817749023438e-02 8.373232558369636536e-03 8.498690277338027954e-02 8.943618088960647583e-02 5.089510232210159302e-03 4.608024377375841141e-03 1.874153763055801392e-01 2.825327403843402863e-02 1.210302263498306274e-01
1.899461597204208374e-01 1.227656453847885132e-01 1.524555534124374390e-01 5.544715374708175659e-02 2.858051657676696777e-01 2.184425145387649536e-01 1.445115208625793457e-01 2.096293866634368896e-01 1.247537434101104736e-01 8.789952844381332397e-02 1.568923443555831909e-01 1.108985319733619690e-01 1.733140051364898682e-01 2.212707549333572388e-01 2.248266339302062988e-01 1.412280946969985962e-01 1.863946318626403809e-01 1.879608631134033203e-01 1.560731828212738037e-01 0.000000000000000000e+00 4.307689890265464783e-02 1.367408782243728638e-01 1.689022779464721680e-01 1.338336020708084106e-01 1.903467774391174316e-01 1.030406951904296875e-01 1.642317771911621094e-01 7.204184681177139282e-02 2.421295791864395142e-01 1.610347777605056763e-01 1.515741646289825439e-01 3.337268829345703125e-01 1.835172325372695923e-01 2.719660699367523193e-01
1.480809152126312256e-01 8.011241257190704346e-02 1.101017296314239502e-01 1.239986997097730637e-02 2.457538843154907227e-01 1.770314574241638184e-01 1.020700111985206604e-01 1.680701971054077148e-01 8.211815357208251953e-02 4.499299451708793640e-02 1.145898923277854919e-01 6.814718246459960938e-02 1.312167644500732422e-01 1.799086928367614746e-01 1.835271716117858887e-01 9.875195473432540894e-02 1.444777995347976685e-01 1.460666358470916748e-01 1.137611120939254761e-01 4.307689890265464783e-02 0.000000000000000000e+00 9.421894699335098267e-02 1.267475783824920654e-01 9.128297120332717896e-02 1.484874188899993896e-01 6.023114174604415894e-02 1.220181211829185486e-01 2.905512042343616486e-02 2.011507302522659302e-01 1.187818497419357300e-01 1.092103496193885803e-01 2.948893010616302490e-01 1.415594071149826050e-01 2.316025197505950928e-01
5.462407693266868591e-02 1.421382836997509003e-02 1.604926213622093201e-02 8.191478252410888672e-02 1.551268547773361206e-01 8.421721309423446655e-02 7.927303202450275421e-03 7.503953576087951660e-02 1.219515223056077957e-02 4.943552613258361816e-02 2.059327624738216400e-02 2.624024823307991028e-02 3.746093064546585083e-02 8.716730028390884399e-02 9.087967872619628906e-02 4.575581289827823639e-03 5.095243826508522034e-02 5.257118120789527893e-02 1.975389383733272552e-02 1.367408782243728638e-01 9.421894699335098267e-02 0.000000000000000000e+00 3.292177617549896240e-02 2.961450954899191856e-03 5.503846332430839539e-02 3.418179228901863098e-02 2.812247537076473236e-02 6.534270942211151123e-02 1.089975088834762573e-01 2.484090626239776611e-02 1.514724735170602798e-02 2.064051181077957153e-01 4.798038676381111145e-02 1.404483318328857422e-01
2.174139581620693207e-02 4.711356014013290405e-02 1.688143424689769745e-02 1.145277097821235657e-01 1.228323876857757568e-01 5.143805593252182007e-02 2.500099875032901764e-02 4.222206026315689087e-02 4.509882256388664246e-02 8.222348242998123169e-02 1.233686693012714386e-02 5.911096185445785522e-02 4.544758237898349762e-03 5.440163612365722656e-02 5.813183262944221497e-02 2.835046499967575073e-02 1.806095615029335022e-02 1.968347281217575073e-02 1.317645329982042313e-02 1.689022779464721680e-01 1.267475783824920654e-01 3.292177617549896240e-02 0.000000000000000000e+00 3.587973117828369141e-02 2.215683460235595703e-02 6.702814251184463501e-02 4.803751595318317413e-03 9.805355966091156006e-02 7.634970545768737793e-02 8.087486028671264648e-03 1.778339967131614685e-02 1.746702790260314941e-01 1.508243475109338760e-02 1.080260500311851501e-01
5.757621303200721741e-02 1.125285122543573380e-02 1.900980994105339050e-02 7.897249609231948853e-02 1.580157130956649780e-01 8.715693652629852295e-02 1.088849827647209167e-02 7.798364758491516113e-02 9.234034456312656403e-03 4.648087918758392334e-02 2.355328947305679321e-02 2.328060753643512726e-02 4.041790217161178589e-02 9.010548889636993408e-02 9.381588548421859741e-02 7.536929566413164139e-03 5.390575528144836426e-02 5.552399158477783203e-02 2.271401509642601013e-02 1.338336020708084106e-01 9.128297120332717896e-02 2.961450954899191856e-03 3.587973117828369141e-02 0.000000000000000000e+00 5.799046531319618225e-02 3.122350201010704041e-02 3.108133561909198761e-02 6.239333748817443848e-02 1.119228377938270569e-01 2.780031226575374603e-02 1.810788735747337341e-02 2.092386782169342041e-01 5.093460530042648315e-02 1.433501690626144409e-01
4.156396025791764259e-04 6.919816136360168457e-02 3.902367502450942993e-02 1.363385766744613647e-01 1.009502932429313660e-01 2.931462973356246948e-02 4.713172465562820435e-02 2.008401229977607727e-02 6.718852370977401733e-02 1.041905060410499573e-01 3.448427468538284302e-02 8.116149902343750000e-02 1.761385239660739899e-02 3.228371590375900269e-02 3.602138906717300415e-02 5.047559365630149841e-02 4.097518976777791977e-03 2.474442357197403908e-03 3.532297536730766296e-02 1.903467774391174316e-01 1.484874188899993896e-01 5.503846332430839539e-02 2.215683460235595703e-02 5.799046531319618225e-02 0.000000000000000000e+00 8.905272185802459717e-02 2.695771679282188416e-02 1.199497953057289124e-01 5.428470671176910400e-02 3.023890219628810883e-02 3.992450609803199768e-02 1.531059741973876953e-01 7.076766341924667358e-03 8.607523888349533081e-02
8.864035457372665405e-02 1.997766830027103424e-02 5.020351335406303406e-02 4.786702245473861694e-02 1.883101314306259155e-01 1.180591508746147156e-01 4.209768772125244141e-02 1.089418828487396240e-01 2.199580892920494080e-02 1.527955196797847748e-02 5.473653227090835571e-02 7.948670536279678345e-03 7.155109941959381104e-02 1.209885925054550171e-01 1.246741786599159241e-01 3.875131160020828247e-02 8.498620986938476562e-02 8.659736812114715576e-02 5.389928817749023438e-02 1.030406951904296875e-01 6.023114174604415894e-02 3.418179228901863098e-02 6.702814251184463501e-02 3.122350201010704041e-02 8.905272185802459717e-02 0.000000000000000000e+00 6.224442645907402039e-02 3.123067691922187805e-02 1.426478475332260132e-01 5.897261947393417358e-02 4.930350929498672485e-02 2.389013916254043579e-01 8.202765136957168579e-02 1.737957894802093506e-01
2.654237486422061920e-02 4.231938719749450684e-02 1.207866240292787552e-02 1.097843497991561890e-01 1.275608837604522705e-01 5.622791126370429993e-02 2.019967511296272278e-02 4.701627418398857117e-02 4.030380398035049438e-02 7.745032012462615967e-02 7.533561438322067261e-03 5.432263761758804321e-02 9.348304942250251770e-03 5.918991938233375549e-02 6.291800737380981445e-02 2.354992367327213287e-02 2.286272309720516205e-02 2.448490820825099945e-02 8.373232558369636536e-03 1.642317771911621094e-01 1.220181211829185486e-01 2.812247537076473236e-02 4.803751595318317413e-03 3.108133561909198761e-02 2.695771679282188416e-02 6.224442645907402039e-02 0.000000000000000000e+00 9.329375624656677246e-02 8.112370967864990234e-02 3.283862257376313210e-03 1.298075541853904724e-02 1.793235391378402710e-01 1.988474465906620026e-02 1.127712875604629517e-01
1.195401176810264587e-01 5.117641761898994446e-02 8.130671083927154541e-02 1.666125096380710602e-02 2.182572185993194580e-01 1.487414091825485229e-01 7.323207706212997437e-02 1.396972686052322388e-01 5.318994820117950439e-02 1.595873944461345673e-02 8.582051098346710205e-02 3.916962444782257080e-02 1.025526151061058044e-01 1.516462713479995728e-01 1.553001701831817627e-01 6.989739090204238892e-02 1.159092485904693604e-01 1.175102367997169495e-01 8.498690277338027954e-02 7.204184681177139282e-02 2.905512042343616486e-02 6.534270942211151123e-02 9.805355966091156006e-02 6.239333748817443848e-02 1.199497953057289124e-01 3.123067691922187805e-02 9.329375624656677246e-02 0.000000000000000000e+00 1.731073260307312012e-01 9.003747254610061646e-02 8.041036874055862427e-02 2.681315243244171143e-01 1.129689216613769531e-01 2.039196342229843140e-01
5.469911172986030579e-02 1.230207532644271851e-01 9.311113506555557251e-02 1.892228275537490845e-01 4.692273214459419250e-02 2.500987611711025238e-02 1.011576130986213684e-01 3.423802182078361511e-02 1.210317835211753845e-01 1.575839221477508545e-01 8.860311657190322876e-02 1.348520666360855103e-01 7.182987779378890991e-02 2.203961461782455444e-02 1.829909905791282654e-02 1.044740304350852966e-01 5.836924165487289429e-02 5.675152316689491272e-02 8.943618088960647583e-02 2.421295791864395142e-01 2.011507302522659302e-01 1.089975088834762573e-01 7.634970545768737793e-02 1.119228377938270569e-01 5.428470671176910400e-02 1.426478475332260132e-01 8.112370967864990234e-02 1.731073260307312012e-01 0.000000000000000000e+00 8.438508957624435425e-02 9.400547295808792114e-02 9.964948892593383789e-02 6.133791059255599976e-02 3.193977475166320801e-02
2.982363849878311157e-02 3.904094919562339783e-02 8.795149624347686768e-03 1.065388917922973633e-01 1.307899504899978638e-01 5.950078368186950684e-02 1.691693440079689026e-02 5.029237270355224609e-02 3.702484071254730225e-02 7.418532669544219971e-02 4.249804653227329254e-03 5.104788020253181458e-02 1.263177953660488129e-02 6.246164068579673767e-02 6.618819385766983032e-02 2.026762999594211578e-02 2.614462375640869141e-02 2.776653878390789032e-02 5.089510232210159302e-03 1.610347777605056763e-01 1.187818497419357300e-01 2.484090626239776611e-02 8.087486028671264648e-03 2.780031226575374603e-02 3.023890219628810883e-02 5.897261947393417358e-02 3.283862257376313210e-03 9.003747254610061646e-02 8.438508957624435425e-02 0.000000000000000000e+00 9.697306901216506958e-03 1.824999451637268066e-01 2.316709421575069427e-02 1.160121858119964600e-01
3.950951620936393738e-02 2.935475856065750122e-02 9.022344020195305347e-04 9.694174677133560181e-02 1.403093039989471436e-01 6.915818899869918823e-02 7.220811676234006882e-03 5.996043235063552856e-02 2.733735181391239166e-02 6.453444063663482666e-02 5.447726696729660034e-03 4.137105494737625122e-02 2.232635207474231720e-02 7.211526483297348022e-02 7.583682984113693237e-02 1.057239901274442673e-02 3.583284467458724976e-02 3.745376318693161011e-02 4.608024377375841141e-03 1.515741646289825439e-01 1.092103496193885803e-01 1.514724735170602798e-02 1.778339967131614685e-02 1.810788735747337341e-02 3.992450609803199768e-02 4.930350929498672485e-02 1.298075541853904724e-02 8.041036874055862427e-02 9.400547295808792114e-02 9.697306901216506958e-03 0.000000000000000000e+00 1.918577104806900024e-01 3.285701945424079895e-02 1.255682259798049927e-01
1.535118371248245239e-01 2.199735939502716064e-01 1.909885406494140625e-01 2.835261523723602295e-01 5.297445505857467651e-02 1.243494525551795959e-01 1.988031119108200073e-01 1.334322541952133179e-01 2.180514186620712280e-01 2.532564699649810791e-01 1.866050213575363159e-01 2.313921302556991577e-01 1.702606678009033203e-01 1.214224249124526978e-01 1.177338957786560059e-01 2.020203322172164917e-01 1.571049243211746216e-01 1.555214971303939819e-01 1.874153763055801392e-01 3.337268829345703125e-01 2.948893010616302490e-01 2.064051181077957153e-01 1.746702790260314941e-01 2.092386782169342041e-01 1.531059741973876953e-01 2.389013916254043579e-01 1.793235391378402710e-01 2.681315243244171143e-01 9.964948892593383789e-02 1.824999451637268066e-01 1.918577104806900024e-01 0.000000000000000000e+00 1.600093692541122437e-01 6.792590767145156860e-02
6.661145482212305069e-03 6.215183436870574951e-02 3.195573389530181885e-02 1.293866485357284546e-01 1.079499423503875732e-01 3.638384863734245300e-02 4.006832465529441833e-02 2.715691737830638885e-02 6.014035269618034363e-02 9.718538820743560791e-02 2.741419896483421326e-02 7.412731647491455078e-02 1.053839828819036484e-02 3.935148939490318298e-02 4.308717325329780579e-02 4.341433942317962646e-02 2.979333046823740005e-03 4.602404311299324036e-03 2.825327403843402863e-02 1.835172325372695923e-01 1.415594071149826050e-01 4.798038676381111145e-02 1.508243475109338760e-02 5.093460530042648315e-02 7.076766341924667358e-03 8.202765136957168579e-02 1.988474465906620026e-02 1.129689216613769531e-01 6.133791059255599976e-02 2.316709421575069427e-02 3.285701945424079895e-02 1.600093692541122437e-01 0.000000000000000000e+00 9.309530258178710938e-02
8.648778498172760010e-02 1.543540358543395996e-01 1.246801167726516724e-01 2.198339849710464478e-01 1.500544510781764984e-02 5.690419673919677734e-02 1.326687335968017578e-01 6.610550731420516968e-02 1.523824930191040039e-01 1.885745674371719360e-01 1.202027276158332825e-01 1.660765260457992554e-01 1.035321280360221863e-01 5.394141748547554016e-02 5.020952969789505005e-02 1.359601169824600220e-01 9.014096856117248535e-02 8.853082358837127686e-02 1.210302263498306274e-01 2.719660699367523193e-01 2.316025197505950928e-01 1.404483318328857422e-01 1.080260500311851501e-01 1.433501690626144409e-01 8.607523888349533081e-02 1.737957894802093506e-01 1.127712875604629517e-01 2.039196342229843140e-01 3.193977475166320801e-02 1.160121858119964600e-01 1.255682259798049927e-01 6.792590767145156860e-02 9.309530258178710938e-02 0.000000000000000000e+00
