0.000000000000000000e+00 6.358180195093154907e-02 3.952212631702423096e-02 1.375681310892105103e-01 9.940136969089508057e-02 3.641176596283912659e-02 5.282237753272056580e-02 2.397201210260391235e-02 7.059556990861892700e-02 1.043158695101737976e-01 4.004516825079917908e-02 9.023907780647277832e-02 2.160034142434597015e-02 3.302618488669395447e-02 2.652900665998458862e-02 5.604787170886993408e-02 3.776236844714730978e-04 6.909073796123266220e-03 3.631746396422386169e-02 1.935153901576995850e-01 1.419361233711242676e-01 5.845124647021293640e-02 2.494153380393981934e-02 5.858178436756134033e-02 2.069029258564114571e-03 9.202960133552551270e-02 2.393729239702224731e-02 1.215760707855224609e-01 5.731370672583580017e-02 2.587193995714187622e-02 4.081335663795471191e-02 1.634488850831985474e-01 9.522605687379837036e-03 8.571160584688186646e-02
6.358180195093154907e-02 0.000000000000000000e+00 2.412028796970844269e-02 7.463918626308441162e-02 1.619595736265182495e-01 9.976261109113693237e-02 1.079568173736333847e-02 8.742056787014007568e-02 7.045392412692308426e-03 4.100604727864265442e-02 2.359671145677566528e-02 2.681110799312591553e-02 4.203919693827629089e-02 9.640555083751678467e-02 8.995907008647918701e-02 7.560872007161378860e-03 6.395789235830307007e-02 5.669763311743736267e-02 2.732744254171848297e-02 1.315522193908691406e-01 7.906786352396011353e-02 5.149691831320524216e-03 3.870163857936859131e-02 5.018709693104028702e-03 6.564220041036605835e-02 2.861524187028408051e-02 3.970493748784065247e-02 5.844605714082717896e-02 1.204565465450286865e-01 3.777199611067771912e-02 2.282768301665782928e-02 2.246955782175064087e-01 5.409194901585578918e-02 1.484842151403427124e-01
3.952212631702423096e-02 2.412028796970844269e-02 0.000000000000000000e+00 9.858199208974838257e-02 1.383798718452453613e-01 7.582476735115051270e-02 1.332807634025812149e-02 6.343403458595275879e-02 3.116038441658020020e-02 6.506198644638061523e-02 5.238736630417406559e-04 5.089847743511199951e-02 1.793709769845008850e-02 7.245373725891113281e-02 6.598194688558578491e-02 1.656243577599525452e-02 3.989915177226066589e-02 3.262196108698844910e-02 3.209269139915704727e-03 1.551801115274429321e-01 1.029917374253273010e-01 1.897295191884040833e-02 1.459497772157192230e-02 1.910389028489589691e-02 4.158775135874748230e-02 5.269915610551834106e-02 1.559958979487419128e-02 8.245011419057846069e-02 9.661698341369628906e-02 1.366415619850158691e-02 1.293317414820194244e-03 2.016682773828506470e-01 3.001081384718418121e-02 1.248109340667724609e-01
1.375681310892105103e-01 7.463918626308441162e-02 9.858199208974838257e-02 0.000000000000000000e+00 2.337727844715118408e-01 1.731127500534057617e-01 8.536607772111892700e-02 1.610091626644134521e-01 6.762935221195220947e-02 3.373639285564422607e-02 9.806318581104278564e-02 4.792397841811180115e-02 1.163134127855300903e-01 1.698227375745773315e-01 1.635004281997680664e-01 8.215370029211044312e-02 1.379385739564895630e-01 1.307833641767501831e-01 1.017590612173080444e-01 5.747740343213081360e-02 4.454971756786108017e-03 7.975821942090988159e-02 1.130143702030181885e-01 7.962806522846221924e-02 1.395974159240722656e-01 4.612245038151741028e-02 1.140062585473060608e-01 1.626407913863658905e-02 1.933573186397552490e-01 1.120951548218727112e-01 9.730108082294464111e-02 2.943973839282989502e-01 1.282134801149368286e-01 2.206776887178421021e-01
9.940136969089508057e-02 1.619595736265182495e-01 1.383798718452453613e-01 2.337727844715118408e-01 0.000000000000000000e+00 6.321841478347778320e-02 1.514286547899246216e-01 7.560952752828598022e-02 1.688123345375061035e-01 2.016265541315078735e-01 1.388936638832092285e-01 1.879545152187347412e-01 1.207424700260162354e-01 6.659380346536636353e-02 7.306503504514694214e-02 1.545879989862442017e-01 9.902746230363845825e-02 1.062374860048294067e-01 1.352306455373764038e-01 2.873886525630950928e-01 2.379799187183380127e-01 1.569407731294631958e-01 1.240354031324386597e-01 1.570685356855392456e-01 9.735236316919326782e-02 1.896956712007522583e-01 1.230458915233612061e-01 2.183388620615005493e-01 4.232881590723991394e-02 1.249519735574722290e-01 1.396481841802597046e-01 6.510528922080993652e-02 1.088209673762321472e-01 1.380740385502576828e-02
3.641176596283912659e-02 9.976261109113693237e-02 7.582476735115051270e-02 1.731127500534057617e-01 6.321841478347778320e-02 0.000000000000000000e+00 8.906283974647521973e-02 1.245062146335840225e-02 1.067329719662666321e-01 1.401951313018798828e-01 7.634561508893966675e-02 1.262360513210296631e-01 5.796651914715766907e-02 3.389656776562333107e-03 9.892315603792667389e-03 9.227132797241210938e-02 3.603463619947433472e-02 4.330994188785552979e-02 7.263317704200744629e-02 2.283183634281158447e-01 1.774308830499649048e-01 9.466154873371124268e-02 6.129763275384902954e-02 9.479135274887084961e-02 3.434532508254051208e-02 1.280124038457870483e-01 6.029650196433067322e-02 1.572915315628051758e-01 2.094565331935882568e-02 6.222509220242500305e-02 7.711052894592285156e-02 1.277977079153060913e-01 4.591844975948333740e-02 4.945418611168861389e-02
5.282237753272056580e-02 1.079568173736333847e-02 1.332807634025812149e-02 8.536607772111892700e-02 1.514286547899246216e-01 8.906283974647521973e-02 0.000000000000000000e+00 7.669726759195327759e-02 1.783971674740314484e-02 5.177880823612213135e-02 1.280429214239120483e-02 3.759590536355972290e-02 3.125770017504692078e-02 8.569905161857604980e-02 7.924033701419830322e-02 3.235073294490575790e-03 5.319893732666969299e-02 4.593006521463394165e-02 1.653663814067840576e-02 1.421460211277008057e-01 8.978690952062606812e-02 5.646303761750459671e-03 2.791762538254261017e-02 5.777284968644380569e-03 5.488540604710578918e-02 3.939875215291976929e-02 2.892165444791316986e-02 6.919807940721511841e-02 1.098036691546440125e-01 2.698731794953346252e-02 1.203496661037206650e-02 2.144200205802917480e-01 4.332156106829643250e-02 1.379096060991287231e-01
2.397201210260391235e-02 8.742056787014007568e-02 6.343403458595275879e-02 1.610091626644134521e-01 7.560952752828598022e-02 1.245062146335840225e-02 7.669726759195327759e-02 0.000000000000000000e+00 9.440781176090240479e-02 1.279678791761398315e-01 6.395578384399414062e-02 1.139645576477050781e-01 4.554876685142517090e-02 9.061347693204879761e-03 2.558622043579816818e-03 7.991252094507217407e-02 2.359459921717643738e-02 3.087597154080867767e-02 6.023702770471572876e-02 2.164831459522247314e-01 1.653455346822738647e-01 8.230792731046676636e-02 4.888432100415229797e-02 8.243802934885025024e-02 2.190406806766986847e-02 1.157462671399116516e-01 4.788183048367500305e-02 1.451251208782196045e-01 3.338757157325744629e-02 4.981305822730064392e-02 6.472204625606536865e-02 1.400255262851715088e-01 3.348696976900100708e-02 6.186671182513237000e-02
7.059556990861892700e-02 7.045392412692308426e-03 3.116038441658020020e-02 6.762935221195220947e-02 1.688123345375061035e-01 1.067329719662666321e-01 1.783971674740314484e-02 9.440781176090240479e-02 0.000000000000000000e+00 3.397046774625778198e-02 3.063701093196868896e-02 1.976944878697395325e-02 4.907005652785301208e-02 1.033807173371315002e-01 9.694301337003707886e-02 1.460548769682645798e-02 7.097129523754119873e-02 6.371757388114929199e-02 3.436621651053428650e-02 1.246223300695419312e-01 7.206261903047561646e-02 1.219464186578989029e-02 4.573456570506095886e-02 1.206367556005716324e-02 7.265398651361465454e-02 2.157419919967651367e-02 4.673725739121437073e-02 5.142183974385261536e-02 1.273938417434692383e-01 4.480546340346336365e-02 2.986827120184898376e-02 2.313746809959411621e-01 6.111404672265052795e-02 1.553670763969421387e-01
1.043158695101737976e-01 4.100604727864265442e-02 6.506198644638061523e-02 3.373639285564422607e-02 2.016265541315078735e-01 1.401951313018798828e-01 5.177880823612213135e-02 1.279678791761398315e-01 3.397046774625778198e-02 0.000000000000000000e+00 6.454031169414520264e-02 1.421056315302848816e-02 8.290233463048934937e-02 1.368705183267593384e-01 1.304837912321090698e-01 4.855186492204666138e-02 1.046893745660781860e-01 9.747705608606338501e-02 6.825700402259826660e-02 9.103726595640182495e-02 3.818562626838684082e-02 4.614599421620368958e-02 7.958138734102249146e-02 4.601528868079185486e-02 1.063619479537010193e-01 1.240536198019981384e-02 8.057978749275207520e-02 1.748190633952617645e-02 1.606689691543579102e-01 7.865621149539947510e-02 6.377403438091278076e-02 2.632758319377899170e-01 9.488753229379653931e-02 1.883434802293777466e-01
4.004516825079917908e-02 2.359671145677566528e-02 5.238736630417406559e-04 9.806318581104278564e-02 1.388936638832092285e-01 7.634561508893966675e-02 1.280429214239120483e-02 6.395578384399414062e-02 3.063701093196868896e-02 6.454031169414520264e-02 0.000000000000000000e+00 5.037594959139823914e-02 1.846079714596271515e-02 7.297484576702117920e-02 6.650353223085403442e-02 1.603870093822479248e-02 4.042218253016471863e-02 3.314526751637458801e-02 3.733136923983693123e-03 1.546688079833984375e-01 1.024733930826187134e-01 1.844926178455352783e-02 1.511873491108417511e-02 1.858020201325416565e-02 4.211071133613586426e-02 5.217672511935234070e-02 1.612333208322525024e-02 8.192978054285049438e-02 9.713593125343322754e-02 1.418792828917503357e-02 7.694442174397408962e-04 2.021707892417907715e-01 3.053420968353748322e-02 1.253266185522079468e-01
9.023907780647277832e-02 2.681110799312591553e-02 5.089847743511199951e-02 4.792397841811180115e-02 1.879545152187347412e-01 1.262360513210296631e-01 3.759590536355972290e-02 1.139645576477050781e-01 1.976944878697395325e-02 1.421056315302848816e-02 5.037594959139823914e-02 0.000000000000000000e+00 6.877279281616210938e-02 1.228989884257316589e-01 1.164892092347145081e-01 3.436501696705818176e-02 9.061361104249954224e-02 8.338198810815811157e-02 5.409890785813331604e-02 1.051118522882461548e-01 5.236777290701866150e-02 3.195638582110404968e-02 6.544484198093414307e-02 3.182553499937057495e-02 9.229087084531784058e-02 1.805520150810480118e-03 6.644531339406967163e-02 3.168459981679916382e-02 1.467935889959335327e-01 6.451776623725891113e-02 4.960842803120613098e-02 2.500005960464477539e-01 8.078588545322418213e-02 1.746002286672592163e-01
2.160034142434597015e-02 4.203919693827629089e-02 1.793709769845008850e-02 1.163134127855300903e-01 1.207424700260162354e-01 5.796651914715766907e-02 3.125770017504692078e-02 4.554876685142517090e-02 4.907005652785301208e-02 8.290233463048934937e-02 1.846079714596271515e-02 6.877279281616210938e-02 0.000000000000000000e+00 5.458758771419525146e-02 4.810178652405738831e-02 3.448928520083427429e-02 2.197778597474098206e-02 1.469345949590206146e-02 1.472867652773857117e-02 1.726366728544235229e-01 1.207058429718017578e-01 3.689749166369438171e-02 3.342995187267661095e-03 3.702829778194427490e-02 2.366831339895725250e-02 7.056954503059387207e-02 2.338161692023277283e-03 1.002389639616012573e-01 7.881647348403930664e-02 4.273988306522369385e-03 1.922996900975704193e-02 1.843982040882110596e-01 1.208022050559520721e-02 1.071136370301246643e-01
3.302618488669395447e-02 9.640555083751678467e-02 7.245373725891113281e-02 1.698227375745773315e-01 6.659380346536636353e-02 3.389656776562333107e-03 8.569905161857604980e-02 9.061347693204879761e-03 1.033807173371315002e-01 1.368705183267593384e-01 7.297484576702117920e-02 1.228989884257316589e-01 5.458758771419525146e-02 0.000000000000000000e+00 6.502876523882150650e-03 8.890948444604873657e-02 3.264896944165229797e-02 3.992614522576332092e-02 6.926057487726211548e-02 2.251029163599014282e-01 1.741459667682647705e-01 9.130118787288665771e-02 5.792000889778137207e-02 9.143107384443283081e-02 3.095927089452743530e-02 1.246768385171890259e-01 5.691847950220108032e-02 1.539839655160903931e-01 2.433358319103717804e-02 5.884784460067749023e-02 7.374013960361480713e-02 1.311305612325668335e-01 4.253541305661201477e-02 5.283498391509056091e-02
2.652900665998458862e-02 8.995907008647918701e-02 6.598194688558578491e-02 1.635004281997680664e-01 7.306503504514694214e-02 9.892315603792667389e-03 7.924033701419830322e-02 2.558622043579816818e-03 9.694301337003707886e-02 1.304837912321090698e-01 6.650353223085403442e-02 1.164892092347145081e-01 4.810178652405738831e-02 6.502876523882150650e-03 0.000000000000000000e+00 8.245427906513214111e-02 2.615164406597614288e-02 3.343195095658302307e-02 6.278597563505172729e-02 2.189204990863800049e-01 1.678331494331359863e-01 8.484868705272674561e-02 5.143650621175765991e-02 8.497872203588485718e-02 2.446131967008113861e-02 1.182698532938957214e-01 5.043426901102066040e-02 1.476289182901382446e-01 3.083158098161220551e-02 5.236500874161720276e-02 6.726952642202377319e-02 1.375161856412887573e-01 3.604250773787498474e-02 5.931748077273368835e-02
5.604787170886993408e-02 7.560872007161378860e-03 1.656243577599525452e-02 8.215370029211044312e-02 1.545879989862442017e-01 9.227132797241210938e-02 3.235073294490575790e-03 7.991252094507217407e-02 1.460548769682645798e-02 4.855186492204666138e-02 1.603870093822479248e-02 3.436501696705818176e-02 3.448928520083427429e-02 8.890948444604873657e-02 8.245427906513214111e-02 0.000000000000000000e+00 5.642430111765861511e-02 4.915783926844596863e-02 1.977065391838550568e-02 1.389748603105545044e-01 8.657697588205337524e-02 2.411274239420890808e-03 3.114988282322883606e-02 2.542259404435753822e-03 5.811016261577606201e-02 3.616829216480255127e-02 3.215371817350387573e-02 6.597776710987091064e-02 1.129985973238945007e-01 3.021975234150886536e-02 1.526944618672132492e-02 2.175042033195495605e-01 4.655011370778083801e-02 1.410817205905914307e-01
3.776236844714730978e-04 6.395789235830307007e-02 3.989915177226066589e-02 1.379385739564895630e-01 9.902746230363845825e-02 3.603463619947433472e-02 5.319893732666969299e-02 2.359459921717643738e-02 7.097129523754119873e-02 1.046893745660781860e-01 4.042218253016471863e-02 9.061361104249954224e-02 2.197778597474098206e-02 3.264896944165229797e-02 2.615164406597614288e-02 5.642430111765861511e-02 0.000000000000000000e+00 7.286678068339824677e-03 3.669458255171775818e-02 1.938788443803787231e-01 1.423061043024063110e-01 5.882757529616355896e-02 2.531892061233520508e-02 5.895810201764106750e-02 1.691406825557351112e-03 9.240401536226272583e-02 2.431469596922397614e-02 1.219480857253074646e-01 5.693731456995010376e-02 2.624931000173091888e-02 4.119034484028816223e-02 1.630813330411911011e-01 9.900193661451339722e-03 8.533674478530883789e-02
6.909073796123266220e-03 5.669763311743736267e-02 3.262196108698844910e-02 1.307833641767501831e-01 1.062374860048294067e-01 4.330994188785552979e-02 4.593006521463394165e-02 3.087597154080867767e-02 6.371757388114929199e-02 9.747705608606338501e-02 3.314526751637458801e-02 8.338198810815811157e-02 1.469345949590206146e-02 3.992614522576332092e-02 3.343195095658302307e-02 4.915783926844596863e-02 7.286678068339824677e-03 0.000000000000000000e+00 2.941576763987541199e-02 1.868561506271362305e-01 1.351595818996429443e-01 5.156299844384193420e-02 1.803557015955448151e-02 5.169363319873809814e-02 8.977973833680152893e-03 8.517468720674514771e-02 1.703103631734848022e-02 1.147633939981460571e-01 6.419736146926879883e-02 1.896625757217407227e-02 3.391384705901145935e-02 1.701658070087432861e-01 2.613703487440943718e-03 9.256586432456970215e-02
3.631746396422386169e-02 2.732744254171848297e-02 3.209269139915704727e-03 1.017590612173080444e-01 1.352306455373764038e-01 7.263317704200744629e-02 1.653663814067840576e-02 6.023702770471572876e-02 3.436621651053428650e-02 6.825700402259826660e-02 3.733136923983693123e-03 5.409890785813331604e-02 1.472867652773857117e-02 6.926057487726211548e-02 6.278597563505172729e-02 1.977065391838550568e-02 3.669458255171775818e-02 2.941576763987541199e-02 0.000000000000000000e+00 1.583105325698852539e-01 1.061659082770347595e-01 2.218087203800678253e-02 1.138624083250761032e-02 2.231178991496562958e-02 3.838360682129859924e-02 5.589896813035011292e-02 1.239094045013189316e-02 8.563672006130218506e-02 9.343668073415756226e-02 1.045534666627645493e-02 4.502567928284406662e-03 1.985875368118286133e-01 2.680412679910659790e-02 1.216503977775573730e-01
1.935153901576995850e-01 1.315522193908691406e-01 1.551801115274429321e-01 5.747740343213081360e-02 2.873886525630950928e-01 2.283183634281158447e-01 1.421460211277008057e-01 2.164831459522247314e-01 1.246223300695419312e-01 9.103726595640182495e-02 1.546688079833984375e-01 1.051118522882461548e-01 1.726366728544235229e-01 2.251029163599014282e-01 2.189204990863800049e-01 1.389748603105545044e-01 1.938788443803787231e-01 1.868561506271362305e-01 1.583105325698852539e-01 0.000000000000000000e+00 5.303601548075675964e-02 1.366093605756759644e-01 1.693914532661437988e-01 1.364808231592178345e-01 1.955061405897140503e-01 1.033259406685829163e-01 1.703672856092453003e-01 7.367261499166488647e-02 2.480776607990264893e-01 1.684870123863220215e-01 1.539176851511001587e-01 3.460197150707244873e-01 1.843324601650238037e-01 2.746711671352386475e-01
1.419361233711242676e-01 7.906786352396011353e-02 1.029917374253273010e-01 4.454971756786108017e-03 2.379799187183380127e-01 1.774308830499649048e-01 8.978690952062606812e-02 1.653455346822738647e-01 7.206261903047561646e-02 3.818562626838684082e-02 1.024733930826187134e-01 5.236777290701866150e-02 1.207058429718017578e-01 1.741459667682647705e-01 1.678331494331359863e-01 8.657697588205337524e-02 1.423061043024063110e-01 1.351595818996429443e-01 1.061659082770347595e-01 5.303601548075675964e-02 0.000000000000000000e+00 8.418328315019607544e-02 1.174102202057838440e-01 8.405322581529617310e-02 1.439628601074218750e-01 5.056703463196754456e-02 1.184010952711105347e-01 2.071755006909370422e-02 1.976420283317565918e-01 1.164919510483741760e-01 1.017119660973548889e-01 2.984609305858612061e-01 1.325927227735519409e-01 2.249115407466888428e-01
5.845124647021293640e-02 5.149691831320524216e-03 1.897295191884040833e-02 7.975821942090988159e-02 1.569407731294631958e-01 9.466154873371124268e-02 5.646303761750459671e-03 8.230792731046676636e-02 1.219464186578989029e-02 4.614599421620368958e-02 1.844926178455352783e-02 3.195638582110404968e-02 3.689749166369438171e-02 9.130118787288665771e-02 8.484868705272674561e-02 2.411274239420890808e-03 5.882757529616355896e-02 5.156299844384193420e-02 2.218087203800678253e-02 1.366093605756759644e-01 8.418328315019607544e-02 0.000000000000000000e+00 3.355863690376281738e-02 1.309856161242350936e-04 6.051296368241310120e-02 3.375995904207229614e-02 3.456231206655502319e-02 6.357661634683609009e-02 1.153784245252609253e-01 3.262865170836448669e-02 1.768006943166255951e-02 2.198002189397811890e-01 4.895589500665664673e-02 1.434442102909088135e-01
2.494153380393981934e-02 3.870163857936859131e-02 1.459497772157192230e-02 1.130143702030181885e-01 1.240354031324386597e-01 6.129763275384902954e-02 2.791762538254261017e-02 4.888432100415229797e-02 4.573456570506095886e-02 7.958138734102249146e-02 1.511873491108417511e-02 6.544484198093414307e-02 3.342995187267661095e-03 5.792000889778137207e-02 5.143650621175765991e-02 3.114988282322883606e-02 2.531892061233520508e-02 1.803557015955448151e-02 1.138624083250761032e-02 1.693914532661437988e-01 1.174102202057838440e-01 3.355863690376281738e-02 0.000000000000000000e+00 3.368947654962539673e-02 2.700917050242424011e-02 6.724242120981216431e-02 1.004841644316911697e-03 9.692844748497009277e-02 8.213783055543899536e-02 9.310063323937356472e-04 1.588799618184566498e-02 1.876255273818969727e-01 1.542259287089109421e-02 1.104170903563499451e-01
5.858178436756134033e-02 5.018709693104028702e-03 1.910389028489589691e-02 7.962806522846221924e-02 1.570685356855392456e-01 9.479135274887084961e-02 5.777284968644380569e-03 8.243802934885025024e-02 1.206367556005716324e-02 4.601528868079185486e-02 1.858020201325416565e-02 3.182553499937057495e-02 3.702829778194427490e-02 9.143107384443283081e-02 8.497872203588485718e-02 2.542259404435753822e-03 5.895810201764106750e-02 5.169363319873809814e-02 2.231178991496562958e-02 1.364808231592178345e-01 8.405322581529617310e-02 1.309856161242350936e-04 3.368947654962539673e-02 0.000000000000000000e+00 6.064346060156822205e-02 3.362912312150001526e-02 3.469314053654670715e-02 6.344615668058395386e-02 1.155076771974563599e-01 3.275949507951736450e-02 1.781101338565349579e-02 2.199248671531677246e-01 4.908655956387519836e-02 1.435724943876266479e-01
2.069029258564114571e-03 6.564220041036605835e-02 4.158775135874748230e-02 1.395974159240722656e-01 9.735236316919326782e-02 3.434532508254051208e-02 5.488540604710578918e-02 2.190406806766986847e-02 7.265398651361465454e-02 1.063619479537010193e-01 4.211071133613586426e-02 9.229087084531784058e-02 2.366831339895725250e-02 3.095927089452743530e-02 2.446131967008113861e-02 5.811016261577606201e-02 1.691406825557351112e-03 8.977973833680152893e-03 3.838360682129859924e-02 1.955061405897140503e-01 1.439628601074218750e-01 6.051296368241310120e-02 2.700917050242424011e-02 6.064346060156822205e-02 0.000000000000000000e+00 9.408071637153625488e-02 2.600503340363502502e-02 1.236139982938766479e-01 5.525122955441474915e-02 2.793947607278823853e-02 4.287876188755035400e-02 1.614344567060470581e-01 1.159140653908252716e-02 8.365741372108459473e-02
9.202960133552551270e-02 2.861524187028408051e-02 5.269915610551834106e-02 4.612245038151741028e-02 1.896956712007522583e-01 1.280124038457870483e-01 3.939875215291976929e-02 1.157462671399116516e-01 2.157419919967651367e-02 1.240536198019981384e-02 5.217672511935234070e-02 1.805520150810480118e-03 7.056954503059387207e-02 1.246768385171890259e-01 1.182698532938957214e-01 3.616829216480255127e-02 9.240401536226272583e-02 8.517468720674514771e-02 5.589896813035011292e-02 1.033259406685829163e-01 5.056703463196754456e-02 3.375995904207229614e-02 6.724242120981216431e-02 3.362912312150001526e-02 9.408071637153625488e-02 0.000000000000000000e+00 6.824264675378799438e-02 2.988078817725181580e-02 1.485597342252731323e-01 6.631556153297424316e-02 5.140934139490127563e-02 2.516925036907196045e-01 8.257936686277389526e-02 1.763501614332199097e-01
2.393729239702224731e-02 3.970493748784065247e-02 1.559958979487419128e-02 1.140062585473060608e-01 1.230458915233612061e-01 6.029650196433067322e-02 2.892165444791316986e-02 4.788183048367500305e-02 4.673725739121437073e-02 8.057978749275207520e-02 1.612333208322525024e-02 6.644531339406967163e-02 2.338161692023277283e-03 5.691847950220108032e-02 5.043426901102066040e-02 3.215371817350387573e-02 2.431469596922397614e-02 1.703103631734848022e-02 1.239094045013189316e-02 1.703672856092453003e-01 1.184010952711105347e-01 3.456231206655502319e-02 1.004841644316911697e-03 3.469314053654670715e-02 2.600503340363502502e-02 6.824264675378799438e-02 0.000000000000000000e+00 9.792375564575195312e-02 8.113968372344970703e-02 1.935846172273159027e-03 1.689256727695465088e-02 1.866558939218521118e-01 1.441797334700822830e-02 1.094243898987770081e-01
1.215760707855224609e-01 5.844605714082717896e-02 8.245011419057846069e-02 1.626407913863658905e-02 2.183388620615005493e-01 1.572915315628051758e-01 6.919807940721511841e-02 1.451251208782196045e-01 5.142183974385261536e-02 1.748190633952617645e-02 8.192978054285049438e-02 3.168459981679916382e-02 1.002389639616012573e-01 1.539839655160903931e-01 1.476289182901382446e-01 6.597776710987091064e-02 1.219480857253074646e-01 1.147633939981460571e-01 8.563672006130218506e-02 7.367261499166488647e-02 2.071755006909370422e-02 6.357661634683609009e-02 9.692844748497009277e-02 6.344615668058395386e-02 1.236139982938766479e-01 2.988078817725181580e-02 9.792375564575195312e-02 0.000000000000000000e+00 1.776518970727920532e-01 9.600611031055450439e-02 8.116544783115386963e-02 2.794714570045471191e-01 1.121833324432373047e-01 2.051499187946319580e-01
5.731370672583580017e-02 1.204565465450286865e-01 9.661698341369628906e-02 1.933573186397552490e-01 4.232881590723991394e-02 2.094565331935882568e-02 1.098036691546440125e-01 3.338757157325744629e-02 1.273938417434692383e-01 1.606689691543579102e-01 9.713593125343322754e-02 1.467935889959335327e-01 7.881647348403930664e-02 2.433358319103717804e-02 3.083158098161220551e-02 1.129985973238945007e-01 5.693731456995010376e-02 6.419736146926879883e-02 9.343668073415756226e-02 2.480776607990264893e-01 1.976420283317565918e-01 1.153784245252609253e-01 8.213783055543899536e-02 1.155076771974563599e-01 5.525122955441474915e-02 1.485597342252731323e-01 8.113968372344970703e-02 1.776518970727920532e-01 0.000000000000000000e+00 8.306247740983963013e-02 9.789806604385375977e-02 1.071388423442840576e-01 6.679985672235488892e-02 2.853808924555778503e-02
2.587193995714187622e-02 3.777199611067771912e-02 1.366415619850158691e-02 1.120951548218727112e-01 1.249519735574722290e-01 6.222509220242500305e-02 2.698731794953346252e-02 4.981305822730064392e-02 4.480546340346336365e-02 7.865621149539947510e-02 1.418792828917503357e-02 6.451776623725891113e-02 4.273988306522369385e-03 5.884784460067749023e-02 5.236500874161720276e-02 3.021975234150886536e-02 2.624931000173091888e-02 1.896625757217407227e-02 1.045534666627645493e-02 1.684870123863220215e-01 1.164919510483741760e-01 3.262865170836448669e-02 9.310063323937356472e-04 3.275949507951736450e-02 2.793947607278823853e-02 6.631556153297424316e-02 1.935846172273159027e-03 9.600611031055450439e-02 8.306247740983963013e-02 0.000000000000000000e+00 1.495720911771059036e-02 1.885236203670501709e-01 1.635336503386497498e-02 1.113366559147834778e-01
4.081335663795471191e-02 2.282768301665782928e-02 1.293317414820194244e-03 9.730108082294464111e-02 1.396481841802597046e-01 7.711052894592285156e-02 1.203496661037206650e-02 6.472204625606536865e-02 2.986827120184898376e-02 6.377403438091278076e-02 7.694442174397408962e-04 4.960842803120613098e-02 1.922996900975704193e-02 7.374013960361480713e-02 6.726952642202377319e-02 1.526944618672132492e-02 4.119034484028816223e-02 3.391384705901145935e-02 4.502567928284406662e-03 1.539176851511001587e-01 1.017119660973548889e-01 1.768006943166255951e-02 1.588799618184566498e-02 1.781101338565349579e-02 4.287876188755035400e-02 5.140934139490127563e-02 1.689256727695465088e-02 8.116544783115386963e-02 9.789806604385375977e-02 1.495720911771059036e-02 0.000000000000000000e+00 2.029086649417877197e-01 3.130291402339935303e-02 1.260838955640792847e-01
1.634488850831985474e-01 2.246955782175064087e-01 2.016682773828506470e-01 2.943973839282989502e-01 6.510528922080993652e-02 1.277977079153060913e-01 2.144200205802917480e-01 1.400255262851715088e-01 2.313746809959411621e-01 2.632758319377899170e-01 2.021707892417907715e-01 2.500005960464477539e-01 1.843982040882110596e-01 1.311305612325668335e-01 1.375161856412887573e-01 2.175042033195495605e-01 1.630813330411911011e-01 1.701658070087432861e-01 1.985875368118286133e-01 3.460197150707244873e-01 2.984609305858612061e-01 2.198002189397811890e-01 1.876255273818969727e-01 2.199248671531677246e-01 1.614344567060470581e-01 2.516925036907196045e-01 1.866558939218521118e-01 2.794714570045471191e-01 1.071388423442840576e-01 1.885236203670501709e-01 2.029086649417877197e-01 0.000000000000000000e+00 1.727026998996734619e-01 7.884182035923004150e-02
9.522605687379837036e-03 5.409194901585578918e-02 3.001081384718418121e-02 1.282134801149368286e-01 1.088209673762321472e-01 4.591844975948333740e-02 4.332156106829643250e-02 3.348696976900100708e-02 6.111404672265052795e-02 9.488753229379653931e-02 3.053420968353748322e-02 8.078588545322418213e-02 1.208022050559520721e-02 4.253541305661201477e-02 3.604250773787498474e-02 4.655011370778083801e-02 9.900193661451339722e-03 2.613703487440943718e-03 2.680412679910659790e-02 1.843324601650238037e-01 1.325927227735519409e-01 4.895589500665664673e-02 1.542259287089109421e-02 4.908655956387519836e-02 1.159140653908252716e-02 8.257936686277389526e-02 1.441797334700822830e-02 1.121833324432373047e-01 6.679985672235488892e-02 1.635336503386497498e-02 3.130291402339935303e-02 1.727026998996734619e-01 0.000000000000000000e+00 9.515655040740966797e-02
8.571160584688186646e-02 1.484842151403427124e-01 1.248109340667724609e-01 2.206776887178421021e-01 1.380740385502576828e-02 4.945418611168861389e-02 1.379096060991287231e-01 6.186671182513237000e-02 1.553670763969421387e-01 1.883434802293777466e-01 1.253266185522079468e-01 1.746002286672592163e-01 1.071136370301246643e-01 5.283498391509056091e-02 5.931748077273368835e-02 1.410817205905914307e-01 8.533674478530883789e-02 9.256586432456970215e-02 1.216503977775573730e-01 2.746711671352386475e-01 2.249115407466888428e-01 1.434442102909088135e-01 1.104170903563499451e-01 1.435724943876266479e-01 8.365741372108459473e-02 1.763501614332199097e-01 1.094243898987770081e-01 2.051499187946319580e-01 2.853808924555778503e-02 1.113366559147834778e-01 1.260838955640792847e-01 7.884182035923004150e-02 9.515655040740966797e-02 0.000000000000000000e+00
