0.000000000000000000e+00 6.702608615159988403e-02 4.314768314361572266e-02 1.365587264299392700e-01 9.645058214664459229e-02 3.499796614050865173e-02 5.539287254214286804e-02 1.267101988196372986e-02 7.168833166360855103e-02 1.071332171559333801e-01 3.984351828694343567e-02 8.864400535821914673e-02 2.892673946917057037e-02 2.509542927145957947e-02 2.492316998541355133e-02 5.282040685415267944e-02 3.686768235638737679e-03 1.705247163772583008e-02 4.004435613751411438e-02 1.906593888998031616e-01 1.490520536899566650e-01 6.210647523403167725e-02 2.388701215386390686e-02 6.199897080659866333e-02 6.506367586553096771e-03 9.569521993398666382e-02 2.291855588555335999e-02 1.250274628400802612e-01 5.242969095706939697e-02 3.400480747222900391e-02 4.534120857715606689e-02 1.557186692953109741e-01 1.059223152697086334e-02 8.138704299926757812e-02
6.702608615159988403e-02 0.000000000000000000e+00 2.394765987992286682e-02 7.017493993043899536e-02 1.624266356229782104e-01 1.017852872610092163e-01 1.167656760662794113e-02 7.962948083877563477e-02 4.684757441282272339e-03 4.039720818400382996e-02 2.725535258650779724e-02 2.174712903797626495e-02 3.817336261272430420e-02 9.196683019399642944e-02 9.179591387510299683e-02 1.425615418702363968e-02 7.069538533687591553e-02 5.003080144524574280e-02 2.705434523522853851e-02 1.252336949110031128e-01 8.285371959209442139e-02 4.940177313983440399e-03 4.320825636386871338e-02 5.048093851655721664e-03 6.054612249135971069e-02 2.885420434176921844e-02 4.417539387941360474e-02 5.849153921008110046e-02 1.190374717116355896e-01 3.309671208262443542e-02 2.175097726285457611e-02 2.204439491033554077e-01 5.647395178675651550e-02 1.476079225540161133e-01
4.314768314361572266e-02 2.394765987992286682e-02 0.000000000000000000e+00 9.396468847990036011e-02 1.390197277069091797e-01 7.802782207727432251e-02 1.227452326565980911e-02 5.578820407390594482e-02 2.862920612096786499e-02 6.428267806768417358e-02 3.309853374958038330e-03 4.567100480198860168e-02 1.423871889710426331e-02 6.816930323839187622e-02 6.799773126840591431e-02 9.694815613329410553e-03 4.682700335979461670e-02 2.611442841589450836e-02 3.108700970187783241e-03 1.487352848052978516e-01 1.065898910164833069e-01 1.900972984731197357e-02 1.928054541349411011e-02 1.890184916555881500e-02 3.665160387754440308e-02 5.276540666818618774e-02 2.024915441870689392e-02 8.232388645410537720e-02 9.536164999008178711e-02 9.156309068202972412e-03 2.197826746851205826e-03 1.975391209125518799e-01 3.257033973932266235e-02 1.240989342331886292e-01
1.365587264299392700e-01 7.017493993043899536e-02 9.396468847990036011e-02 0.000000000000000000e+00 2.299801856279373169e-01 1.707406640052795410e-01 8.178449422121047974e-02 1.489719599485397339e-01 6.551171839237213135e-02 2.986238524317741394e-02 9.724429249763488770e-02 4.850183054804801941e-02 1.080588251352310181e-01 1.611020565032958984e-01 1.609341502189636230e-01 8.434671163558959961e-02 1.401749104261398315e-01 1.197851821780204773e-01 9.704504162073135376e-02 5.554691702127456665e-02 1.275292690843343735e-02 7.508908957242965698e-02 1.130404397845268250e-01 7.519640028476715088e-02 1.301680058240890503e-01 4.140457510948181152e-02 1.139969453215599060e-01 1.173155102878808975e-02 1.876449286937713623e-01 1.030323505401611328e-01 9.178581833839416504e-02 2.861916124820709229e-01 1.261489540338516235e-01 2.155501097440719604e-01
9.645058214664459229e-02 1.624266356229782104e-01 1.390197277069091797e-01 2.299801856279373169e-01 0.000000000000000000e+00 6.166075915098190308e-02 1.510365158319473267e-01 8.388207852840423584e-02 1.669843196868896484e-01 2.015016674995422363e-01 1.357723474502563477e-01 1.835255026817321777e-01 1.250284910202026367e-01 7.152829319238662720e-02 7.169976830482482910e-02 1.485143750905990601e-01 9.279680997133255005e-02 1.133166775107383728e-01 1.359697729349136353e-01 2.819255888462066650e-01 2.420232892036437988e-01 1.576129198074340820e-01 1.200609877705574036e-01 1.575076729059219360e-01 1.028923764824867249e-01 1.903885453939437866e-01 1.191058605909347534e-01 2.188390642404556274e-01 4.424463212490081787e-02 1.300289332866668701e-01 1.411744207143783569e-01 6.017182022333145142e-02 1.069335713982582092e-01 1.518272329121828079e-02
3.499796614050865173e-02 1.017852872610092163e-01 7.802782207727432251e-02 1.707406640052795410e-01 6.166075915098190308e-02 0.000000000000000000e+00 9.021594375371932983e-02 2.233684994280338287e-02 1.064193025231361389e-01 1.416002660989761353e-01 7.473727315664291382e-02 1.232595667243003845e-01 6.386005133390426636e-02 9.911240078508853912e-03 1.008358877152204514e-02 8.765632659196853638e-02 3.131523728370666504e-02 5.201939120888710022e-02 7.493729889392852783e-02 2.241616100072860718e-01 1.830949187278747559e-01 9.689383208751678467e-02 5.883578956127166748e-02 9.678693115711212158e-02 4.149488359689712524e-02 1.302569210529327393e-01 5.787010118365287781e-02 1.593282669782638550e-01 1.746377162635326385e-02 6.892075389623641968e-02 8.021189272403717041e-02 1.213822141289710999e-01 4.557330161333084106e-02 4.652158915996551514e-02
5.539287254214286804e-02 1.167656760662794113e-02 1.227452326565980911e-02 8.178449422121047974e-02 1.510365158319473267e-01 9.021594375371932983e-02 0.000000000000000000e+00 6.801614910364151001e-02 1.636043004691600800e-02 5.204922705888748169e-02 1.558374334126710892e-02 3.341520950198173523e-02 2.650861069560050964e-02 8.037656545639038086e-02 8.020531386137008667e-02 2.580015687271952629e-03 5.906758084893226624e-02 3.837665170431137085e-02 1.538263820111751556e-02 1.367103457450866699e-01 9.443891793489456177e-02 6.736779585480690002e-03 3.154760599136352539e-02 6.628864910453557968e-03 4.890412837266921997e-02 4.051712155342102051e-02 3.251559659838676453e-02 7.012022286653518677e-02 1.075103282928466797e-01 2.142842300236225128e-02 1.007696799933910370e-02 2.093061357736587524e-01 4.482694342732429504e-02 1.361660510301589966e-01
1.267101988196372986e-02 7.962948083877563477e-02 5.578820407390594482e-02 1.489719599485397339e-01 8.388207852840423584e-02 2.233684994280338287e-02 6.801614910364151001e-02 0.000000000000000000e+00 8.428279310464859009e-02 1.196418181061744690e-01 5.248804390430450439e-02 1.012013629078865051e-01 4.158251732587814331e-02 1.242836099117994308e-02 1.225602161139249802e-02 6.544762104749679565e-02 8.984671905636787415e-03 2.971707098186016083e-02 5.268863961100578308e-02 2.028403878211975098e-01 1.614182293415069580e-01 7.471869140863418579e-02 3.654697164893150330e-02 7.461137324571609497e-02 1.917580515146255493e-02 1.082350015640258789e-01 3.557924553751945496e-02 1.374806761741638184e-01 3.978510573506355286e-02 4.665572568774223328e-02 5.797892063856124878e-02 1.433304697275161743e-01 2.326013147830963135e-02 6.878695636987686157e-02
7.168833166360855103e-02 4.684757441282272339e-03 2.862920612096786499e-02 6.551171839237213135e-02 1.669843196868896484e-01 1.064193025231361389e-01 1.636043004691600800e-02 8.428279310464859009e-02 0.000000000000000000e+00 3.571921214461326599e-02 3.193603083491325378e-02 1.706410944461822510e-02 4.285045713186264038e-02 9.660996496677398682e-02 9.643919765949249268e-02 1.893964782357215881e-02 7.535518705844879150e-02 5.470273643732070923e-02 3.173508122563362122e-02 1.206197068095207214e-01 7.819931209087371826e-02 9.624712169170379639e-03 4.788332059979438782e-02 9.732620790600776672e-03 6.521238386631011963e-02 2.417271398007869720e-02 4.885004088282585144e-02 5.382153019309043884e-02 1.236532703042030334e-01 3.777561336755752563e-02 2.643304131925106049e-02 2.248964458703994751e-01 6.114253401756286621e-02 1.521874368190765381e-01
1.071332171559333801e-01 4.039720818400382996e-02 6.428267806768417358e-02 2.986238524317741394e-02 2.015016674995422363e-01 1.416002660989761353e-01 5.204922705888748169e-02 1.196418181061744690e-01 3.571921214461326599e-02 0.000000000000000000e+00 6.757815182209014893e-02 1.866648159921169281e-02 7.844959944486618042e-02 1.318740993738174438e-01 1.317047178745269775e-01 5.462191253900527954e-02 1.107762381434440613e-01 9.024561941623687744e-02 6.737791746854782104e-02 8.526786416769027710e-02 4.259908571839332581e-02 4.532834142446517944e-02 8.345979452133178711e-02 4.543603956699371338e-02 1.006970405578613281e-01 1.155647821724414825e-02 8.442194759845733643e-02 1.813718676567077637e-02 1.586716622114181519e-01 7.339578866958618164e-02 6.209362670779228210e-02 2.585387825965881348e-01 9.665066003799438477e-02 1.868907213211059570e-01
3.984351828694343567e-02 2.725535258650779724e-02 3.309853374958038330e-03 9.724429249763488770e-02 1.357723474502563477e-01 7.473727315664291382e-02 1.558374334126710892e-02 5.248804390430450439e-02 3.193603083491325378e-02 6.757815182209014893e-02 0.000000000000000000e+00 4.897345602512359619e-02 1.092938054352998734e-02 6.487409025430679321e-02 6.470244377851486206e-02 1.300425082445144653e-02 4.352389648556709290e-02 2.280654571950435638e-02 2.011541655519977212e-04 1.519703269004821777e-01 1.098609864711761475e-01 2.231817878782749176e-02 1.597171090543270111e-02 2.221031300723552704e-02 3.334579616785049438e-02 5.606546625494956970e-02 1.694043539464473724e-02 8.561041206121444702e-02 9.208086133003234863e-02 5.846633575856685638e-03 5.507640074938535690e-03 1.943563371896743774e-01 2.926364168524742126e-02 1.208387166261672974e-01
8.864400535821914673e-02 2.174712903797626495e-02 4.567100480198860168e-02 4.850183054804801941e-02 1.835255026817321777e-01 1.232595667243003845e-01 3.341520950198173523e-02 1.012013629078865051e-01 1.706410944461822510e-02 1.866648159921169281e-02 4.897345602512359619e-02 0.000000000000000000e+00 5.987078323960304260e-02 1.134869754314422607e-01 1.133168339729309082e-01 3.599212318658828735e-02 9.230060130357742310e-02 7.169990986585617065e-02 4.877277836203575134e-02 1.037691831588745117e-01 6.121689081192016602e-02 2.668443880975246429e-02 6.489440053701400757e-02 2.679228037595748901e-02 8.218503743410110474e-02 7.111537735909223557e-03 6.585925072431564331e-02 3.679121285676956177e-02 1.404210776090621948e-01 5.480439588427543640e-02 4.347754269838333130e-02 2.410355359315872192e-01 7.812512665987014771e-02 1.688131392002105713e-01
2.892673946917057037e-02 3.817336261272430420e-02 1.423871889710426331e-02 1.080588251352310181e-01 1.250284910202026367e-01 6.386005133390426636e-02 2.650861069560050964e-02 4.158251732587814331e-02 4.285045713186264038e-02 7.844959944486618042e-02 1.092938054352998734e-02 5.987078323960304260e-02 0.000000000000000000e+00 5.398297682404518127e-02 5.381111428141593933e-02 2.393023110926151276e-02 3.261002898216247559e-02 1.188012678176164627e-02 1.113051082938909531e-02 1.626295894384384155e-01 1.206455081701278687e-01 3.323945403099060059e-02 5.043210461735725403e-03 3.313165530562400818e-02 2.242459170520305634e-02 6.695381551980972290e-02 6.012166850268840790e-03 9.644955396652221680e-02 8.123322576284408569e-02 5.083072464913129807e-03 1.643603108823299408e-02 1.838174015283584595e-01 1.834012381732463837e-02 1.100546792149543762e-01
2.509542927145957947e-02 9.196683019399642944e-02 6.816930323839187622e-02 1.611020565032958984e-01 7.152829319238662720e-02 9.911240078508853912e-03 8.037656545639038086e-02 1.242836099117994308e-02 9.660996496677398682e-02 1.318740993738174438e-01 6.487409025430679321e-02 1.134869754314422607e-01 5.398297682404518127e-02 0.000000000000000000e+00 1.723651221254840493e-04 7.781268656253814697e-02 2.141064032912254333e-02 4.212987050414085388e-02 6.507439166307449341e-02 2.147274464368820190e-01 1.734985113143920898e-01 8.706620335578918457e-02 4.895309358835220337e-02 8.695910125970840454e-02 3.159663826227188110e-02 1.205012574791908264e-01 4.798638448119163513e-02 1.496533453464508057e-01 2.737027592957019806e-02 5.904985219240188599e-02 7.035658508539199829e-02 1.311357021331787109e-01 3.567817807197570801e-02 5.640681833028793335e-02
2.492316998541355133e-02 9.179591387510299683e-02 6.799773126840591431e-02 1.609341502189636230e-01 7.169976830482482910e-02 1.008358877152204514e-02 8.020531386137008667e-02 1.225602161139249802e-02 9.643919765949249268e-02 1.317047178745269775e-01 6.470244377851486206e-02 1.133168339729309082e-01 5.381111428141593933e-02 1.723651221254840493e-04 0.000000000000000000e+00 7.764136791229248047e-02 2.123835496604442596e-02 4.195781052112579346e-02 6.490274518728256226e-02 2.145630121231079102e-01 1.733313351869583130e-01 8.689513802528381348e-02 4.878114163875579834e-02 8.678803592920303345e-02 3.142444044351577759e-02 1.203313991427421570e-01 4.781441763043403625e-02 1.494848281145095825e-01 2.754251286387443542e-02 5.887808278203010559e-02 7.018507272005081177e-02 1.313050985336303711e-01 3.550603240728378296e-02 5.657863616943359375e-02
5.282040685415267944e-02 1.425615418702363968e-02 9.694815613329410553e-03 8.434671163558959961e-02 1.485143750905990601e-01 8.765632659196853638e-02 2.580015687271952629e-03 6.544762104749679565e-02 1.893964782357215881e-02 5.462191253900527954e-02 1.300425082445144653e-02 3.599212318658828735e-02 2.393023110926151276e-02 7.781268656253814697e-02 7.764136791229248047e-02 0.000000000000000000e+00 5.649616941809654236e-02 3.580018132925033569e-02 1.280313078314065933e-02 1.392412483692169189e-01 9.699530899524688721e-02 9.316633455455303192e-03 2.896994538605213165e-02 9.208723902702331543e-03 4.632996022701263428e-02 4.309262707829475403e-02 2.993808872997760773e-02 7.268708944320678711e-02 1.049594208598136902e-01 1.884945109486579895e-02 7.497148122638463974e-03 2.068378031253814697e-01 4.225181043148040771e-02 1.336329728364944458e-01
3.686768235638737679e-03 7.069538533687591553e-02 4.682700335979461670e-02 1.401749104261398315e-01 9.279680997133255005e-02 3.131523728370666504e-02 5.906758084893226624e-02 8.984671905636787415e-03 7.535518705844879150e-02 1.107762381434440613e-01 4.352389648556709290e-02 9.230060130357742310e-02 3.261002898216247559e-02 2.141064032912254333e-02 2.123835496604442596e-02 5.649616941809654236e-02 0.000000000000000000e+00 2.073793485760688782e-02 4.372467100620269775e-02 1.942096501588821411e-01 1.526549458503723145e-01 6.577818840742111206e-02 2.757135219871997833e-02 6.567072868347167969e-02 1.019289158284664154e-02 9.934692829847335815e-02 2.660307474434375763e-02 1.286549419164657593e-01 4.875234514474868774e-02 3.768685460090637207e-02 4.901978746056556702e-02 1.521192342042922974e-01 1.427844166755676270e-02 7.772359251976013184e-02
1.705247163772583008e-02 5.003080144524574280e-02 2.611442841589450836e-02 1.197851821780204773e-01 1.133166775107383728e-01 5.201939120888710022e-02 3.837665170431137085e-02 2.971707098186016083e-02 5.470273643732070923e-02 9.024561941623687744e-02 2.280654571950435638e-02 7.169990986585617065e-02 1.188012678176164627e-02 4.212987050414085388e-02 4.195781052112579346e-02 3.580018132925033569e-02 2.073793485760688782e-02 0.000000000000000000e+00 2.300759591162204742e-02 1.741732060909271240e-01 1.323359608650207520e-01 4.510177299380302429e-02 6.837325636297464371e-03 4.499407112598419189e-02 1.054727379232645035e-02 7.877128571271896362e-02 5.868378095328807831e-03 1.082056984305381775e-01 6.942009180784225464e-02 1.696217432618141174e-02 2.831063047051429749e-02 1.723135709762573242e-01 6.461406126618385315e-03 9.830307960510253906e-02
4.004435613751411438e-02 2.705434523522853851e-02 3.108700970187783241e-03 9.704504162073135376e-02 1.359697729349136353e-01 7.493729889392852783e-02 1.538263820111751556e-02 5.268863961100578308e-02 3.173508122563362122e-02 6.737791746854782104e-02 2.011541655519977212e-04 4.877277836203575134e-02 1.113051082938909531e-02 6.507439166307449341e-02 6.490274518728256226e-02 1.280313078314065933e-02 4.372467100620269775e-02 2.300759591162204742e-02 0.000000000000000000e+00 1.517738103866577148e-01 1.096622496843338013e-01 2.211712487041950226e-02 1.617281511425971985e-02 2.200925908982753754e-02 3.354672715067863464e-02 5.586494132876396179e-02 1.714153029024600983e-02 8.541072905063629150e-02 9.228030592203140259e-02 6.047780159860849380e-03 5.306491162627935410e-03 1.945498734712600708e-01 2.946462109684944153e-02 1.210369318723678589e-01
1.906593888998031616e-01 1.252336949110031128e-01 1.487352848052978516e-01 5.554691702127456665e-02 2.819255888462066650e-01 2.241616100072860718e-01 1.367103457450866699e-01 2.028403878211975098e-01 1.206197068095207214e-01 8.526786416769027710e-02 1.519703269004821777e-01 1.037691831588745117e-01 1.626295894384384155e-01 2.147274464368820190e-01 2.145630121231079102e-01 1.392412483692169189e-01 1.942096501588821411e-01 1.741732060909271240e-01 1.517738103866577148e-01 0.000000000000000000e+00 4.282432794570922852e-02 1.300933808088302612e-01 1.675353944301605225e-01 1.301994770765304565e-01 1.843817532062530518e-01 9.672902524471282959e-02 1.684770435094833374e-01 6.723465770483016968e-02 2.406831830739974976e-01 1.576768606901168823e-01 1.465853750705718994e-01 3.363909125328063965e-01 1.804315596818923950e-01 2.678895592689514160e-01
1.490520536899566650e-01 8.285371959209442139e-02 1.065898910164833069e-01 1.275292690843343735e-02 2.420232892036437988e-01 1.830949187278747559e-01 9.443891793489456177e-02 1.614182293415069580e-01 7.819931209087371826e-02 4.259908571839332581e-02 1.098609864711761475e-01 6.121689081192016602e-02 1.206455081701278687e-01 1.734985113143920898e-01 1.733313351869583130e-01 9.699530899524688721e-02 1.526549458503723145e-01 1.323359608650207520e-01 1.096622496843338013e-01 4.282432794570922852e-02 0.000000000000000000e+00 8.775797486305236816e-02 1.256122887134552002e-01 8.786506205797195435e-02 1.426840722560882568e-01 5.412891879677772522e-02 1.265658587217330933e-01 2.448081411421298981e-02 1.999194324016571045e-01 1.156333461403846741e-01 1.044165268540382385e-01 2.978574037551879883e-01 1.386787742376327515e-01 2.276771813631057739e-01
6.210647523403167725e-02 4.940177313983440399e-03 1.900972984731197357e-02 7.508908957242965698e-02 1.576129198074340820e-01 9.689383208751678467e-02 6.736779585480690002e-03 7.471869140863418579e-02 9.624712169170379639e-03 4.532834142446517944e-02 2.231817878782749176e-02 2.668443880975246429e-02 3.323945403099060059e-02 8.706620335578918457e-02 8.689513802528381348e-02 9.316633455455303192e-03 6.577818840742111206e-02 4.510177299380302429e-02 2.211712487041950226e-02 1.300933808088302612e-01 8.775797486305236816e-02 0.000000000000000000e+00 3.827625140547752380e-02 1.079192588804289699e-04 5.562258511781692505e-02 3.378956392407417297e-02 3.924377635121345520e-02 6.341339647769927979e-02 1.141644194722175598e-01 2.816113829612731934e-02 1.681260578334331512e-02 2.157387137413024902e-01 5.154815316200256348e-02 1.427718549966812134e-01
2.388701215386390686e-02 4.320825636386871338e-02 1.928054541349411011e-02 1.130404397845268250e-01 1.200609877705574036e-01 5.883578956127166748e-02 3.154760599136352539e-02 3.654697164893150330e-02 4.788332059979438782e-02 8.345979452133178711e-02 1.597171090543270111e-02 6.489440053701400757e-02 5.043210461735725403e-03 4.895309358835220337e-02 4.878114163875579834e-02 2.896994538605213165e-02 2.757135219871997833e-02 6.837325636297464371e-03 1.617281511425971985e-02 1.675353944301605225e-01 1.256122887134552002e-01 3.827625140547752380e-02 0.000000000000000000e+00 3.816848620772361755e-02 1.738334633409976959e-02 7.197272032499313354e-02 9.689859580248594284e-04 1.014434248208999634e-01 7.622124254703521729e-02 1.012602355331182480e-02 2.147746272385120392e-02 1.789400875568389893e-01 1.329814363270998001e-02 1.050697863101959229e-01
6.199897080659866333e-02 5.048093851655721664e-03 1.890184916555881500e-02 7.519640028476715088e-02 1.575076729059219360e-01 9.678693115711212158e-02 6.628864910453557968e-03 7.461137324571609497e-02 9.732620790600776672e-03 4.543603956699371338e-02 2.221031300723552704e-02 2.679228037595748901e-02 3.313165530562400818e-02 8.695910125970840454e-02 8.678803592920303345e-02 9.208723902702331543e-03 6.567072868347167969e-02 4.499407112598419189e-02 2.200925908982753754e-02 1.301994770765304565e-01 8.786506205797195435e-02 1.079192588804289699e-04 3.816848620772361755e-02 0.000000000000000000e+00 5.551499873399734497e-02 3.389735892415046692e-02 3.913602605462074280e-02 6.352087855339050293e-02 1.140579059720039368e-01 2.805330418050289154e-02 1.670471765100955963e-02 2.156358063220977783e-01 5.144052207469940186e-02 1.426661461591720581e-01
6.506367586553096771e-03 6.054612249135971069e-02 3.665160387754440308e-02 1.301680058240890503e-01 1.028923764824867249e-01 4.149488359689712524e-02 4.890412837266921997e-02 1.917580515146255493e-02 6.521238386631011963e-02 1.006970405578613281e-01 3.334579616785049438e-02 8.218503743410110474e-02 2.242459170520305634e-02 3.159663826227188110e-02 3.142444044351577759e-02 4.632996022701263428e-02 1.019289158284664154e-02 1.054727379232645035e-02 3.354672715067863464e-02 1.843817532062530518e-01 1.426840722560882568e-01 5.562258511781692505e-02 1.738334633409976959e-02 5.551499873399734497e-02 0.000000000000000000e+00 8.924441784620285034e-02 1.641463674604892731e-02 1.186175867915153503e-01 5.891596153378486633e-02 2.750452607870101929e-02 3.884630277752876282e-02 1.620608419179916382e-01 4.086145665496587753e-03 8.784689754247665405e-02
9.569521993398666382e-02 2.885420434176921844e-02 5.276540666818618774e-02 4.140457510948181152e-02 1.903885453939437866e-01 1.302569210529327393e-01 4.051712155342102051e-02 1.082350015640258789e-01 2.417271398007869720e-02 1.155647821724414825e-02 5.606546625494956970e-02 7.111537735909223557e-03 6.695381551980972290e-02 1.205012574791908264e-01 1.203313991427421570e-01 4.309262707829475403e-02 9.934692829847335815e-02 7.877128571271896362e-02 5.586494132876396179e-02 9.672902524471282959e-02 5.412891879677772522e-02 3.378956392407417297e-02 7.197272032499313354e-02 3.389735892415046692e-02 8.924441784620285034e-02 0.000000000000000000e+00 7.293662428855895996e-02 2.968744374811649323e-02 1.473854333162307739e-01 6.189181283116340637e-02 5.057344213128089905e-02 2.477224469184875488e-01 8.518933504819869995e-02 1.757137328386306763e-01
2.291855588555335999e-02 4.417539387941360474e-02 2.024915441870689392e-02 1.139969453215599060e-01 1.191058605909347534e-01 5.787010118365287781e-02 3.251559659838676453e-02 3.557924553751945496e-02 4.885004088282585144e-02 8.442194759845733643e-02 1.694043539464473724e-02 6.585925072431564331e-02 6.012166850268840790e-03 4.798638448119163513e-02 4.781441763043403625e-02 2.993808872997760773e-02 2.660307474434375763e-02 5.868378095328807831e-03 1.714153029024600983e-02 1.684770435094833374e-01 1.265658587217330933e-01 3.924377635121345520e-02 9.689859580248594284e-04 3.913602605462074280e-02 1.641463674604892731e-02 7.293662428855895996e-02 0.000000000000000000e+00 1.024023368954658508e-01 7.525781542062759399e-02 1.109490077942609787e-02 2.244598232209682465e-02 1.780019700527191162e-01 1.232931762933731079e-02 1.041113957762718201e-01
1.250274628400802612e-01 5.849153921008110046e-02 8.232388645410537720e-02 1.173155102878808975e-02 2.188390642404556274e-01 1.593282669782638550e-01 7.012022286653518677e-02 1.374806761741638184e-01 5.382153019309043884e-02 1.813718676567077637e-02 8.561041206121444702e-02 3.679121285676956177e-02 9.644955396652221680e-02 1.496533453464508057e-01 1.494848281145095825e-01 7.268708944320678711e-02 1.286549419164657593e-01 1.082056984305381775e-01 8.541072905063629150e-02 6.723465770483016968e-02 2.448081411421298981e-02 6.341339647769927979e-02 1.014434248208999634e-01 6.352087855339050293e-02 1.186175867915153503e-01 2.968744374811649323e-02 1.024023368954658508e-01 0.000000000000000000e+00 1.763014793395996094e-01 9.141128510236740112e-02 8.014055341482162476e-02 2.753846347332000732e-01 1.145869791507720947e-01 2.043352723121643066e-01
5.242969095706939697e-02 1.190374717116355896e-01 9.536164999008178711e-02 1.876449286937713623e-01 4.424463212490081787e-02 1.746377162635326385e-02 1.075103282928466797e-01 3.978510573506355286e-02 1.236532703042030334e-01 1.586716622114181519e-01 9.208086133003234863e-02 1.404210776090621948e-01 8.123322576284408569e-02 2.737027592957019806e-02 2.754251286387443542e-02 1.049594208598136902e-01 4.875234514474868774e-02 6.942009180784225464e-02 9.228030592203140259e-02 2.406831830739974976e-01 1.999194324016571045e-01 1.141644194722175598e-01 7.622124254703521729e-02 1.140579059720039368e-01 5.891596153378486633e-02 1.473854333162307739e-01 7.525781542062759399e-02 1.763014793395996094e-01 0.000000000000000000e+00 8.628068119287490845e-02 9.753903746604919434e-02 1.041392013430595398e-01 6.298694759607315063e-02 2.908144146203994751e-02
3.400480747222900391e-02 3.309671208262443542e-02 9.156309068202972412e-03 1.030323505401611328e-01 1.300289332866668701e-01 6.892075389623641968e-02 2.142842300236225128e-02 4.665572568774223328e-02 3.777561336755752563e-02 7.339578866958618164e-02 5.846633575856685638e-03 5.480439588427543640e-02 5.083072464913129807e-03 5.904985219240188599e-02 5.887808278203010559e-02 1.884945109486579895e-02 3.768685460090637207e-02 1.696217432618141174e-02 6.047780159860849380e-03 1.576768606901168823e-01 1.156333461403846741e-01 2.816113829612731934e-02 1.012602355331182480e-02 2.805330418050289154e-02 2.750452607870101929e-02 6.189181283116340637e-02 1.109490077942609787e-02 9.141128510236740112e-02 8.628068119287490845e-02 0.000000000000000000e+00 1.135390810668468475e-02 1.887241601943969727e-01 2.342101559042930603e-02 1.150733828544616699e-01
4.534120857715606689e-02 2.175097726285457611e-02 2.197826746851205826e-03 9.178581833839416504e-02 1.411744207143783569e-01 8.021189272403717041e-02 1.007696799933910370e-02 5.797892063856124878e-02 2.643304131925106049e-02 6.209362670779228210e-02 5.507640074938535690e-03 4.347754269838333130e-02 1.643603108823299408e-02 7.035658508539199829e-02 7.018507272005081177e-02 7.497148122638463974e-03 4.901978746056556702e-02 2.831063047051429749e-02 5.306491162627935410e-03 1.465853750705718994e-01 1.044165268540382385e-01 1.681260578334331512e-02 2.147746272385120392e-02 1.670471765100955963e-02 3.884630277752876282e-02 5.057344213128089905e-02 2.244598232209682465e-02 8.014055341482162476e-02 9.753903746604919434e-02 1.135390810668468475e-02 0.000000000000000000e+00 1.996502727270126343e-01 3.476567938923835754e-02 1.262623220682144165e-01
1.557186692953109741e-01 2.204439491033554077e-01 1.975391209125518799e-01 2.861916124820709229e-01 6.017182022333145142e-02 1.213822141289710999e-01 2.093061357736587524e-01 1.433304697275161743e-01 2.248964458703994751e-01 2.585387825965881348e-01 1.943563371896743774e-01 2.410355359315872192e-01 1.838174015283584595e-01 1.311357021331787109e-01 1.313050985336303711e-01 2.068378031253814697e-01 1.521192342042922974e-01 1.723135709762573242e-01 1.945498734712600708e-01 3.363909125328063965e-01 2.978574037551879883e-01 2.157387137413024902e-01 1.789400875568389893e-01 2.156358063220977783e-01 1.620608419179916382e-01 2.477224469184875488e-01 1.780019700527191162e-01 2.753846347332000732e-01 1.041392013430595398e-01 1.887241601943969727e-01 1.996502727270126343e-01 0.000000000000000000e+00 1.660370379686355591e-01 7.528576254844665527e-02
1.059223152697086334e-02 5.647395178675651550e-02 3.257033973932266235e-02 1.261489540338516235e-01 1.069335713982582092e-01 4.557330161333084106e-02 4.482694342732429504e-02 2.326013147830963135e-02 6.114253401756286621e-02 9.665066003799438477e-02 2.926364168524742126e-02 7.812512665987014771e-02 1.834012381732463837e-02 3.567817807197570801e-02 3.550603240728378296e-02 4.225181043148040771e-02 1.427844166755676270e-02 6.461406126618385315e-03 2.946462109684944153e-02 1.804315596818923950e-01 1.386787742376327515e-01 5.154815316200256348e-02 1.329814363270998001e-02 5.144052207469940186e-02 4.086145665496587753e-03 8.518933504819869995e-02 1.232931762933731079e-02 1.145869791507720947e-01 6.298694759607315063e-02 2.342101559042930603e-02 3.476567938923835754e-02 1.660370379686355591e-01 0.000000000000000000e+00 9.190004318952560425e-02
8.138704299926757812e-02 1.476079225540161133e-01 1.240989342331886292e-01 2.155501097440719604e-01 1.518272329121828079e-02 4.652158915996551514e-02 1.361660510301589966e-01 6.878695636987686157e-02 1.521874368190765381e-01 1.868907213211059570e-01 1.208387166261672974e-01 1.688131392002105713e-01 1.100546792149543762e-01 5.640681833028793335e-02 5.657863616943359375e-02 1.336329728364944458e-01 7.772359251976013184e-02 9.830307960510253906e-02 1.210369318723678589e-01 2.678895592689514160e-01 2.276771813631057739e-01 1.427718549966812134e-01 1.050697863101959229e-01 1.426661461591720581e-01 8.784689754247665405e-02 1.757137328386306763e-01 1.041113957762718201e-01 2.043352723121643066e-01 2.908144146203994751e-02 1.150733828544616699e-01 1.262623220682144165e-01 7.528576254844665527e-02 9.190004318952560425e-02 0.000000000000000000e+00
