0.000000000000000000e+00 6.679504364728927612e-02 4.151073098182678223e-02 1.358145922422409058e-01 9.906008094549179077e-02 3.802001103758811951e-02 5.384230986237525940e-02 2.048626728355884552e-02 6.968119740486145020e-02 1.048890277743339539e-01 4.494474083185195923e-02 8.857240527868270874e-02 1.896040514111518860e-02 2.823828160762786865e-02 2.332228980958461761e-02 5.564507097005844116e-02 1.004830817691981792e-03 1.582426764070987701e-02 3.945560008287429810e-02 1.950148344039916992e-01 1.458262354135513306e-01 5.768982321023941040e-02 2.440209686756134033e-02 6.224267557263374329e-02 2.002700930461287498e-03 9.280901402235031128e-02 2.791179344058036804e-02 1.228684559464454651e-01 5.414627119898796082e-02 2.633129619061946869e-02 4.499090835452079773e-02 1.499176174402236938e-01 1.329600904136896133e-02 8.227176219224929810e-02
6.679504364728927612e-02 0.000000000000000000e+00 2.535460703074932098e-02 6.965141743421554565e-02 1.647649109363555908e-01 1.045495346188545227e-01 1.299948152154684067e-02 8.716203272342681885e-02 2.899657469242811203e-03 3.836276754736900330e-02 2.191609516739845276e-02 2.190697379410266876e-02 4.789528995752334595e-02 9.485440701246261597e-02 8.997715264558792114e-02 1.119156833738088608e-02 6.779531389474868774e-02 5.102470144629478455e-02 2.741168253123760223e-02 1.299120485782623291e-01 7.980857044458389282e-02 9.140439331531524658e-03 4.246215149760246277e-02 4.571367055177688599e-03 6.878853589296340942e-02 2.617624960839748383e-02 3.895587474107742310e-02 5.653741583228111267e-02 1.205054745078086853e-01 4.053503647446632385e-02 2.186985500156879425e-02 2.145640552043914795e-01 5.354658886790275574e-02 1.482521146535873413e-01
4.151073098182678223e-02 2.535460703074932098e-02 0.000000000000000000e+00 9.483853727579116821e-02 1.399951428174972534e-01 7.940542697906494141e-02 1.235919911414384842e-02 6.194432079792022705e-02 2.825218625366687775e-02 6.365545839071273804e-02 3.440423868596553802e-03 4.723534360527992249e-02 2.256808802485466003e-02 6.966734677553176880e-02 6.477031856775283813e-02 1.416705921292304993e-02 4.251379147171974182e-02 2.570335008203983307e-02 2.058506710454821587e-03 1.547568887472152710e-01 1.049508005380630493e-01 1.621792651712894440e-02 1.712598279118537903e-02 2.078564837574958801e-02 4.350981488823890686e-02 5.149667710065841675e-02 1.361471321433782578e-02 8.177480101585388184e-02 9.544248133897781372e-02 1.519604679197072983e-02 3.486685454845428467e-03 1.902444213628768921e-01 2.823030576109886169e-02 1.233612000942230225e-01
1.358145922422409058e-01 6.965141743421554565e-02 9.483853727579116821e-02 0.000000000000000000e+00 2.317566722631454468e-01 1.729415953159332275e-01 8.257612586021423340e-02 1.558671742677688599e-01 6.676524132490158081e-02 3.137247636914253235e-02 9.142795205116271973e-02 4.781740158796310425e-02 1.171558648347854614e-01 1.634261012077331543e-01 1.586344093084335327e-01 8.078002184629440308e-02 1.368007510900497437e-01 1.202487573027610779e-01 9.687813371419906616e-02 6.081088259816169739e-02 1.021393388509750366e-02 7.874172925949096680e-02 1.117829531431198120e-01 7.419915497303009033e-02 1.377798169851303101e-01 4.355457052588462830e-02 1.083133965730667114e-01 1.316584646701812744e-02 1.885741204023361206e-01 1.098762303590774536e-01 9.138207137584686279e-02 2.800305187702178955e-01 1.227402314543724060e-01 2.156764417886734009e-01
9.906008094549179077e-02 1.647649109363555908e-01 1.399951428174972534e-01 2.317566722631454468e-01 0.000000000000000000e+00 6.127083674073219299e-02 1.520911902189254761e-01 7.873360067605972290e-02 1.675845086574554443e-01 2.018518149852752686e-01 1.433665156364440918e-01 1.860005259513854980e-01 1.177992448210716248e-01 7.102046906948089600e-02 7.591317594051361084e-02 1.538570523262023926e-01 9.806501120328903198e-02 1.147045418620109558e-01 1.379763931035995483e-01 2.885016202926635742e-01 2.413991838693618774e-01 1.558592021465301514e-01 1.231644675135612488e-01 1.603143066167831421e-01 9.707663953304290771e-02 1.901212036609649658e-01 1.266217827796936035e-01 2.192598283290863037e-01 4.515601694583892822e-02 1.250651627779006958e-01 1.434118300676345825e-01 5.162419378757476807e-02 1.122082993388175964e-01 1.692626252770423889e-02
3.802001103758811951e-02 1.045495346188545227e-01 7.940542697906494141e-02 1.729415953159332275e-01 6.127083674073219299e-02 0.000000000000000000e+00 9.167465567588806152e-02 1.754740811884403229e-02 1.074166223406791687e-01 1.423414051532745361e-01 8.282321691513061523e-02 1.261675357818603516e-01 5.693936720490455627e-02 9.792237542569637299e-03 1.471076160669326782e-02 9.346733242273330688e-02 3.701658919453620911e-02 5.381189659237861633e-02 7.735955715179443359e-02 2.313197404146194458e-01 1.828325688838958740e-01 9.550036489963531494e-02 6.236424669623374939e-02 1.000259742140769958e-01 3.602004796266555786e-02 1.303690075874328613e-01 6.586191058158874512e-02 1.601403653621673584e-01 1.615952700376510620e-02 6.428694725036621094e-02 8.286916464567184448e-02 1.125390604138374329e-01 5.129009112715721130e-02 4.439061507582664490e-02
5.384230986237525940e-02 1.299948152154684067e-02 1.235919911414384842e-02 8.257612586021423340e-02 1.520911902189254761e-01 9.167465567588806152e-02 0.000000000000000000e+00 7.424667477607727051e-02 1.589853875339031219e-02 5.133664235472679138e-02 8.919155225157737732e-03 3.489651903510093689e-02 3.491754829883575439e-02 8.195598423480987549e-02 7.706782221794128418e-02 1.808175467886030674e-03 5.484417080879211426e-02 3.805046156048774719e-02 1.441734004765748978e-02 1.426705718040466309e-01 9.271185845136642456e-02 3.859500633552670479e-03 2.947894111275672913e-02 8.428614586591720581e-03 5.583898723125457764e-02 3.916240483522415161e-02 2.596954256296157837e-02 6.948582828044891357e-02 1.076746731996536255e-01 2.755007147789001465e-02 8.872896432876586914e-03 2.021283656358718872e-01 4.057534784078598022e-02 1.355137825012207031e-01
2.048626728355884552e-02 8.716203272342681885e-02 6.194432079792022705e-02 1.558671742677688599e-01 7.873360067605972290e-02 1.754740811884403229e-02 7.424667477607727051e-02 0.000000000000000000e+00 9.003894031047821045e-02 1.251064687967300415e-01 6.537081301212310791e-02 1.088611483573913574e-01 3.943135961890220642e-02 7.756502367556095123e-03 2.837377367541193962e-03 7.604464888572692871e-02 1.948183961212635040e-02 3.629877045750617981e-02 5.989345163106918335e-02 2.146435827016830444e-01 1.658171415328979492e-01 7.808380573987960815e-02 4.486593604087829590e-02 8.262358605861663818e-02 1.848432607948780060e-02 1.130802854895591736e-01 4.837040230631828308e-02 1.429947763681411743e-01 3.369738161563873291e-02 4.679232090711593628e-02 6.541687995195388794e-02 1.298300921916961670e-01 3.377307578921318054e-02 6.188981235027313232e-02
6.968119740486145020e-02 2.899657469242811203e-03 2.825218625366687775e-02 6.676524132490158081e-02 1.675845086574554443e-01 1.074166223406791687e-01 1.589853875339031219e-02 9.003894031047821045e-02 0.000000000000000000e+00 3.546705096960067749e-02 2.481417357921600342e-02 1.900852471590042114e-02 5.078789591789245605e-02 9.772719442844390869e-02 9.285259246826171875e-02 1.409076806157827377e-02 7.068108022212982178e-02 5.391638353466987610e-02 3.030893020331859589e-02 1.270602494478225708e-01 7.692672312259674072e-02 1.203977689146995544e-02 4.535622894763946533e-02 7.470925804227590561e-03 7.167389988899230957e-02 2.327836118638515472e-02 4.185080155730247498e-02 5.364654958248138428e-02 1.233620196580886841e-01 4.342958703637123108e-02 2.476794086396694183e-02 2.173285037279129028e-01 5.643748119473457336e-02 1.510868221521377563e-01
1.048890277743339539e-01 3.836276754736900330e-02 6.365545839071273804e-02 3.137247636914253235e-02 2.018518149852752686e-01 1.423414051532745361e-01 5.133664235472679138e-02 1.251064687967300415e-01 3.546705096960067749e-02 0.000000000000000000e+00 6.022822484374046326e-02 1.646962948143482208e-02 8.609984815120697021e-02 1.327341645956039429e-01 1.278984546661376953e-01 4.953306913375854492e-02 1.058827042579650879e-01 8.921283483505249023e-02 6.570535898208618164e-02 9.200783073902130127e-02 4.157308861613273621e-02 4.748655483126640320e-02 8.069346845149993896e-02 4.292660206556320190e-02 1.068692803382873535e-01 1.219876296818256378e-02 7.720325887203216553e-02 1.821415685117244720e-02 1.581371873617172241e-01 7.877530157566070557e-02 6.018212810158729553e-02 2.508619129657745361e-01 9.172093868255615234e-02 1.855595260858535767e-01
4.494474083185195923e-02 2.191609516739845276e-02 3.440423868596553802e-03 9.142795205116271973e-02 1.433665156364440918e-01 8.282321691513061523e-02 8.919155225157737732e-03 6.537081301212310791e-02 2.481417357921600342e-02 6.022822484374046326e-02 0.000000000000000000e+00 4.380203783512115479e-02 2.600649371743202209e-02 7.309025526046752930e-02 6.819553673267364502e-02 1.072715688496828079e-02 4.594749212265014648e-02 2.914119511842727661e-02 5.498891696333885193e-03 1.513970941305160522e-01 1.015470474958419800e-01 1.277821511030197144e-02 2.056519500911235809e-02 1.734646596014499664e-02 4.694321006536483765e-02 4.806477203965187073e-02 1.705433800816535950e-02 7.835642248392105103e-02 9.885044395923614502e-02 1.863549649715423584e-02 4.626233203453011811e-05 1.935581564903259277e-01 3.166765347123146057e-02 1.267478317022323608e-01
8.857240527868270874e-02 2.190697379410266876e-02 4.723534360527992249e-02 4.781740158796310425e-02 1.860005259513854980e-01 1.261675357818603516e-01 3.489651903510093689e-02 1.088611483573913574e-01 1.900852471590042114e-02 1.646962948143482208e-02 4.380203783512115479e-02 0.000000000000000000e+00 6.972910463809967041e-02 1.165192648768424988e-01 1.116640344262123108e-01 3.309042751789093018e-02 8.956926316022872925e-02 7.285024970769882202e-02 4.928905516862869263e-02 1.083133295178413391e-01 5.800300836563110352e-02 3.104119747877120972e-02 6.430930644273757935e-02 2.647569216787815094e-02 9.055904299020767212e-02 4.271724727004766464e-03 6.081094965338706970e-02 3.467338159680366516e-02 1.420374810695648193e-01 6.238660961389541626e-02 4.375586658716201782e-02 2.353647202253341675e-01 7.536515593528747559e-02 1.696082502603530884e-01
1.896040514111518860e-02 4.789528995752334595e-02 2.256808802485466003e-02 1.171558648347854614e-01 1.177992448210716248e-01 5.693936720490455627e-02 3.491754829883575439e-02 3.943135961890220642e-02 5.078789591789245605e-02 8.609984815120697021e-02 2.600649371743202209e-02 6.972910463809967041e-02 0.000000000000000000e+00 4.717343300580978394e-02 4.226400703191757202e-02 3.672340512275695801e-02 1.996485888957977295e-02 3.137081163004040718e-03 2.051053382456302643e-02 1.767078340053558350e-01 1.272175759077072144e-01 3.877182304859161377e-02 5.444209091365337372e-03 4.333341121673583984e-02 2.096231281757354736e-02 7.397878915071487427e-02 8.956126868724822998e-03 1.041506752371788025e-01 7.303170114755630493e-02 7.374570704996585846e-03 2.605272270739078522e-02 1.683993488550186157e-01 5.665826145559549332e-03 1.010745093226432800e-01
2.823828160762786865e-02 9.485440701246261597e-02 6.966734677553176880e-02 1.634261012077331543e-01 7.102046906948089600e-02 9.792237542569637299e-03 8.195598423480987549e-02 7.756502367556095123e-03 9.772719442844390869e-02 1.327341645956039429e-01 7.309025526046752930e-02 1.165192648768424988e-01 4.717343300580978394e-02 0.000000000000000000e+00 4.919233731925487518e-03 8.375174552202224731e-02 2.723422646522521973e-02 4.404287040233612061e-02 6.761854141950607300e-02 2.220304310321807861e-01 1.733506768941879272e-01 8.578834682703018188e-02 5.260413140058517456e-02 9.032220393419265747e-02 2.623706683516502380e-02 1.207308918237686157e-01 5.610585212707519531e-02 1.505842655897140503e-01 2.594766020774841309e-02 5.452902987599372864e-02 7.313627004623413086e-02 1.221966445446014404e-01 4.151869937777519226e-02 5.415930971503257751e-02
2.332228980958461761e-02 8.997715264558792114e-02 6.477031856775283813e-02 1.586344093084335327e-01 7.591317594051361084e-02 1.471076160669326782e-02 7.706782221794128418e-02 2.837377367541193962e-03 9.285259246826171875e-02 1.278984546661376953e-01 6.819553673267364502e-02 1.116640344262123108e-01 4.226400703191757202e-02 4.919233731925487518e-03 0.000000000000000000e+00 7.886500656604766846e-02 2.231798134744167328e-02 3.913211449980735779e-02 6.272017210721969604e-02 2.173486053943634033e-01 1.685752123594284058e-01 8.090325444936752319e-02 4.769724234938621521e-02 8.544094115495681763e-02 2.132058329880237579e-02 1.158804893493652344e-01 5.120075494050979614e-02 1.457730084657669067e-01 3.086295165121555328e-02 4.962311312556266785e-02 6.824158877134323120e-02 1.270395070314407349e-01 3.660694509744644165e-02 5.906280875205993652e-02
5.564507097005844116e-02 1.119156833738088608e-02 1.416705921292304993e-02 8.078002184629440308e-02 1.538570523262023926e-01 9.346733242273330688e-02 1.808175467886030674e-03 7.604464888572692871e-02 1.409076806157827377e-02 4.953306913375854492e-02 1.072715688496828079e-02 3.309042751789093018e-02 3.672340512275695801e-02 8.375174552202224731e-02 7.886500656604766846e-02 0.000000000000000000e+00 5.664672702550888062e-02 3.985589370131492615e-02 1.622509211301803589e-02 1.408987641334533691e-01 9.091893583536148071e-02 2.051339251920580864e-03 3.128544986248016357e-02 6.620540283620357513e-03 5.764134228229522705e-02 3.735687583684921265e-02 2.777641452848911285e-02 6.768615543842315674e-02 1.094615310430526733e-01 2.935678511857986450e-02 1.068090088665485382e-02 2.038620263338088989e-01 4.238041490316390991e-02 1.372883319854736328e-01
1.004830817691981792e-03 6.779531389474868774e-02 4.251379147171974182e-02 1.368007510900497437e-01 9.806501120328903198e-02 3.701658919453620911e-02 5.484417080879211426e-02 1.948183961212635040e-02 7.068108022212982178e-02 1.058827042579650879e-01 4.594749212265014648e-02 8.956926316022872925e-02 1.996485888957977295e-02 2.723422646522521973e-02 2.231798134744167328e-02 5.664672702550888062e-02 0.000000000000000000e+00 1.682882942259311676e-02 4.045882076025009155e-02 1.959812790155410767e-01 1.468095630407333374e-01 5.869124829769134521e-02 2.540630660951137543e-02 6.324355304241180420e-02 9.978720918297767639e-04 9.380510449409484863e-02 2.891581319272518158e-02 1.238579824566841125e-01 5.314432829618453979e-02 2.733540348708629608e-02 4.599365964531898499e-02 1.489352136850357056e-01 1.430064812302589417e-02 8.127366006374359131e-02
1.582426764070987701e-02 5.102470144629478455e-02 2.570335008203983307e-02 1.202487573027610779e-01 1.147045418620109558e-01 5.381189659237861633e-02 3.805046156048774719e-02 3.629877045750617981e-02 5.391638353466987610e-02 8.921283483505249023e-02 2.914119511842727661e-02 7.285024970769882202e-02 3.137081163004040718e-03 4.404287040233612061e-02 3.913211449980735779e-02 3.985589370131492615e-02 1.682882942259311676e-02 0.000000000000000000e+00 2.364609204232692719e-02 1.797452718019485474e-01 1.303026676177978516e-01 4.190380498766899109e-02 8.581143803894519806e-03 4.646417498588562012e-02 1.782640255987644196e-02 7.709798216819763184e-02 1.209286786615848541e-02 1.072527095675468445e-01 6.991063058376312256e-02 1.051140855997800827e-02 2.918741852045059204e-02 1.653496176004409790e-01 2.528790617361664772e-03 9.796849638223648071e-02
3.945560008287429810e-02 2.741168253123760223e-02 2.058506710454821587e-03 9.687813371419906616e-02 1.379763931035995483e-01 7.735955715179443359e-02 1.441734004765748978e-02 5.989345163106918335e-02 3.030893020331859589e-02 6.570535898208618164e-02 5.498891696333885193e-03 4.928905516862869263e-02 2.051053382456302643e-02 6.761854141950607300e-02 6.272017210721969604e-02 1.622509211301803589e-02 4.045882076025009155e-02 2.364609204232692719e-02 0.000000000000000000e+00 1.567654758691787720e-01 1.069862022995948792e-01 1.827582344412803650e-02 1.506800763309001923e-02 2.284317836165428162e-02 4.145501926541328430e-02 5.354950949549674988e-02 1.155653130263090134e-02 8.381919562816619873e-02 9.340232610702514648e-02 1.313795149326324463e-02 5.545152816921472549e-03 1.882596313953399658e-01 2.617332153022289276e-02 1.213335096836090088e-01
1.950148344039916992e-01 1.299120485782623291e-01 1.547568887472152710e-01 6.081088259816169739e-02 2.885016202926635742e-01 2.313197404146194458e-01 1.426705718040466309e-01 2.146435827016830444e-01 1.270602494478225708e-01 9.200783073902130127e-02 1.513970941305160522e-01 1.083133295178413391e-01 1.767078340053558350e-01 2.220304310321807861e-01 2.173486053943634033e-01 1.408987641334533691e-01 1.959812790155410767e-01 1.797452718019485474e-01 1.567654758691787720e-01 0.000000000000000000e+00 5.062839388847351074e-02 1.388875693082809448e-01 1.714285314083099365e-01 1.344035863876342773e-01 1.969406455755233765e-01 1.040897667407989502e-01 1.680175960063934326e-01 7.391754537820816040e-02 2.465576380491256714e-01 1.695542037487030029e-01 1.513518691062927246e-01 3.351344466209411621e-01 1.821912378072738647e-01 2.729080319404602051e-01
1.458262354135513306e-01 7.980857044458389282e-02 1.049508005380630493e-01 1.021393388509750366e-02 2.413991838693618774e-01 1.828325688838958740e-01 9.271185845136642456e-02 1.658171415328979492e-01 7.692672312259674072e-02 4.157308861613273621e-02 1.015470474958419800e-01 5.800300836563110352e-02 1.272175759077072144e-01 1.733506768941879272e-01 1.685752123594284058e-01 9.091893583536148071e-02 1.468095630407333374e-01 1.303026676177978516e-01 1.069862022995948792e-01 5.062839388847351074e-02 0.000000000000000000e+00 8.888416737318038940e-02 1.218577697873115540e-01 8.434916287660598755e-02 1.477857828140258789e-01 5.374459922313690186e-02 1.183963418006896973e-01 2.337663620710372925e-02 1.984059065580368042e-01 1.199555397033691406e-01 1.015012562274932861e-01 2.894166707992553711e-01 1.327876895666122437e-01 2.253938764333724976e-01
5.768982321023941040e-02 9.140439331531524658e-03 1.621792651712894440e-02 7.874172925949096680e-02 1.558592021465301514e-01 9.550036489963531494e-02 3.859500633552670479e-03 7.808380573987960815e-02 1.203977689146995544e-02 4.748655483126640320e-02 1.277821511030197144e-02 3.104119747877120972e-02 3.877182304859161377e-02 8.578834682703018188e-02 8.090325444936752319e-02 2.051339251920580864e-03 5.869124829769134521e-02 4.190380498766899109e-02 1.827582344412803650e-02 1.388875693082809448e-01 8.888416737318038940e-02 0.000000000000000000e+00 3.333465009927749634e-02 4.569263197481632233e-03 5.968562141060829163e-02 3.530824184417724609e-02 2.982605434954166412e-02 6.564392894506454468e-02 1.114878356456756592e-01 3.140623494982719421e-02 1.273196097463369370e-02 2.058272808790206909e-01 4.442789405584335327e-02 1.393004357814788818e-01
2.440209686756134033e-02 4.246215149760246277e-02 1.712598279118537903e-02 1.117829531431198120e-01 1.231644675135612488e-01 6.236424669623374939e-02 2.947894111275672913e-02 4.486593604087829590e-02 4.535622894763946533e-02 8.069346845149993896e-02 2.056519500911235809e-02 6.430930644273757935e-02 5.444209091365337372e-03 5.260413140058517456e-02 4.769724234938621521e-02 3.128544986248016357e-02 2.540630660951137543e-02 8.581143803894519806e-03 1.506800763309001923e-02 1.714285314083099365e-01 1.218577697873115540e-01 3.333465009927749634e-02 0.000000000000000000e+00 3.789814189076423645e-02 2.640350908041000366e-02 6.856219470500946045e-02 3.512088907882571220e-03 9.876246750354766846e-02 7.844471931457519531e-02 1.930439379066228867e-03 2.061143703758716583e-02 1.736843287944793701e-01 1.110969297587871552e-02 1.064601391553878784e-01
6.224267557263374329e-02 4.571367055177688599e-03 2.078564837574958801e-02 7.419915497303009033e-02 1.603143066167831421e-01 1.000259742140769958e-01 8.428614586591720581e-03 8.262358605861663818e-02 7.470925804227590561e-03 4.292660206556320190e-02 1.734646596014499664e-02 2.647569216787815094e-02 4.333341121673583984e-02 9.032220393419265747e-02 8.544094115495681763e-02 6.620540283620357513e-03 6.324355304241180420e-02 4.646417498588562012e-02 2.284317836165428162e-02 1.344035863876342773e-01 8.434916287660598755e-02 4.569263197481632233e-03 3.789814189076423645e-02 0.000000000000000000e+00 6.423737108707427979e-02 3.074393793940544128e-02 3.439062833786010742e-02 6.109299138188362122e-02 1.159980073571205139e-01 3.597033023834228516e-02 1.730021648108959198e-02 2.101988792419433594e-01 4.898720607161521912e-02 1.437781900167465210e-01
2.002700930461287498e-03 6.878853589296340942e-02 4.350981488823890686e-02 1.377798169851303101e-01 9.707663953304290771e-02 3.602004796266555786e-02 5.583898723125457764e-02 1.848432607948780060e-02 7.167389988899230957e-02 1.068692803382873535e-01 4.694321006536483765e-02 9.055904299020767212e-02 2.096231281757354736e-02 2.623706683516502380e-02 2.132058329880237579e-02 5.764134228229522705e-02 9.978720918297767639e-04 1.782640255987644196e-02 4.145501926541328430e-02 1.969406455755233765e-01 1.477857828140258789e-01 5.968562141060829163e-02 2.640350908041000366e-02 6.423737108707427979e-02 0.000000000000000000e+00 9.479410201311111450e-02 2.991282381117343903e-02 1.248404234647750854e-01 5.214922130107879639e-02 2.833250351250171661e-02 4.698937386274337769e-02 1.479593366384506226e-01 1.529830228537321091e-02 8.028230071067810059e-02
9.280901402235031128e-02 2.617624960839748383e-02 5.149667710065841675e-02 4.355457052588462830e-02 1.901212036609649658e-01 1.303690075874328613e-01 3.916240483522415161e-02 1.130802854895591736e-01 2.327836118638515472e-02 1.219876296818256378e-02 4.806477203965187073e-02 4.271724727004766464e-03 7.397878915071487427e-02 1.207308918237686157e-01 1.158804893493652344e-01 3.735687583684921265e-02 9.380510449409484863e-02 7.709798216819763184e-02 5.354950949549674988e-02 1.040897667407989502e-01 5.374459922313690186e-02 3.530824184417724609e-02 6.856219470500946045e-02 3.074393793940544128e-02 9.479410201311111450e-02 0.000000000000000000e+00 6.506577134132385254e-02 3.040616214275360107e-02 1.462204903364181519e-01 6.664057075977325439e-02 4.801861196756362915e-02 2.393957674503326416e-01 7.961124181747436523e-02 1.737540811300277710e-01
2.791179344058036804e-02 3.895587474107742310e-02 1.361471321433782578e-02 1.083133965730667114e-01 1.266217827796936035e-01 6.586191058158874512e-02 2.596954256296157837e-02 4.837040230631828308e-02 4.185080155730247498e-02 7.720325887203216553e-02 1.705433800816535950e-02 6.081094965338706970e-02 8.956126868724822998e-03 5.610585212707519531e-02 5.120075494050979614e-02 2.777641452848911285e-02 2.891581319272518158e-02 1.209286786615848541e-02 1.155653130263090134e-02 1.680175960063934326e-01 1.183963418006896973e-01 2.982605434954166412e-02 3.512088907882571220e-03 3.439062833786010742e-02 2.991282381117343903e-02 6.506577134132385254e-02 0.000000000000000000e+00 9.528343379497528076e-02 8.193423599004745483e-02 1.581660355441272259e-03 1.710058748722076416e-02 1.770883947610855103e-01 1.462121214717626572e-02 1.099311187863349915e-01
1.228684559464454651e-01 5.653741583228111267e-02 8.177480101585388184e-02 1.316584646701812744e-02 2.192598283290863037e-01 1.601403653621673584e-01 6.948582828044891357e-02 1.429947763681411743e-01 5.364654958248138428e-02 1.821415685117244720e-02 7.835642248392105103e-02 3.467338159680366516e-02 1.041506752371788025e-01 1.505842655897140503e-01 1.457730084657669067e-01 6.768615543842315674e-02 1.238579824566841125e-01 1.072527095675468445e-01 8.381919562816619873e-02 7.391754537820816040e-02 2.337663620710372925e-02 6.564392894506454468e-02 9.876246750354766846e-02 6.109299138188362122e-02 1.248404234647750854e-01 3.040616214275360107e-02 9.528343379497528076e-02 0.000000000000000000e+00 1.758448481559753418e-01 9.685049951076507568e-02 7.831044495105743408e-02 2.678521871566772461e-01 1.097517460584640503e-01 2.030872851610183716e-01
5.414627119898796082e-02 1.205054745078086853e-01 9.544248133897781372e-02 1.885741204023361206e-01 4.515601694583892822e-02 1.615952700376510620e-02 1.076746731996536255e-01 3.369738161563873291e-02 1.233620196580886841e-01 1.581371873617172241e-01 9.885044395923614502e-02 1.420374810695648193e-01 7.303170114755630493e-02 2.594766020774841309e-02 3.086295165121555328e-02 1.094615310430526733e-01 5.314432829618453979e-02 6.991063058376312256e-02 9.340232610702514648e-02 2.465576380491256714e-01 1.984059065580368042e-01 1.114878356456756592e-01 7.844471931457519531e-02 1.159980073571205139e-01 5.214922130107879639e-02 1.462204903364181519e-01 8.193423599004745483e-02 1.758448481559753418e-01 0.000000000000000000e+00 8.036299049854278564e-02 9.889625757932662964e-02 9.655512869358062744e-02 6.739376485347747803e-02 2.825135178864002228e-02
2.633129619061946869e-02 4.053503647446632385e-02 1.519604679197072983e-02 1.098762303590774536e-01 1.250651627779006958e-01 6.428694725036621094e-02 2.755007147789001465e-02 4.679232090711593628e-02 4.342958703637123108e-02 7.877530157566070557e-02 1.863549649715423584e-02 6.238660961389541626e-02 7.374570704996585846e-03 5.452902987599372864e-02 4.962311312556266785e-02 2.935678511857986450e-02 2.733540348708629608e-02 1.051140855997800827e-02 1.313795149326324463e-02 1.695542037487030029e-01 1.199555397033691406e-01 3.140623494982719421e-02 1.930439379066228867e-03 3.597033023834228516e-02 2.833250351250171661e-02 6.664057075977325439e-02 1.581660355441272259e-03 9.685049951076507568e-02 8.036299049854278564e-02 0.000000000000000000e+00 1.868174225091934204e-02 1.755558997392654419e-01 1.303985249251127243e-02 1.083682999014854431e-01
4.499090835452079773e-02 2.186985500156879425e-02 3.486685454845428467e-03 9.138207137584686279e-02 1.434118300676345825e-01 8.286916464567184448e-02 8.872896432876586914e-03 6.541687995195388794e-02 2.476794086396694183e-02 6.018212810158729553e-02 4.626233203453011811e-05 4.375586658716201782e-02 2.605272270739078522e-02 7.313627004623413086e-02 6.824158877134323120e-02 1.068090088665485382e-02 4.599365964531898499e-02 2.918741852045059204e-02 5.545152816921472549e-03 1.513518691062927246e-01 1.015012562274932861e-01 1.273196097463369370e-02 2.061143703758716583e-02 1.730021648108959198e-02 4.698937386274337769e-02 4.801861196756362915e-02 1.710058748722076416e-02 7.831044495105743408e-02 9.889625757932662964e-02 1.868174225091934204e-02 0.000000000000000000e+00 1.936026811599731445e-01 3.171386942267417908e-02 1.267933398485183716e-01
1.499176174402236938e-01 2.145640552043914795e-01 1.902444213628768921e-01 2.800305187702178955e-01 5.162419378757476807e-02 1.125390604138374329e-01 2.021283656358718872e-01 1.298300921916961670e-01 2.173285037279129028e-01 2.508619129657745361e-01 1.935581564903259277e-01 2.353647202253341675e-01 1.683993488550186157e-01 1.221966445446014404e-01 1.270395070314407349e-01 2.038620263338088989e-01 1.489352136850357056e-01 1.653496176004409790e-01 1.882596313953399658e-01 3.351344466209411621e-01 2.894166707992553711e-01 2.058272808790206909e-01 1.736843287944793701e-01 2.101988792419433594e-01 1.479593366384506226e-01 2.393957674503326416e-01 1.770883947610855103e-01 2.678521871566772461e-01 9.655512869358062744e-02 1.755558997392654419e-01 1.936026811599731445e-01 0.000000000000000000e+00 1.628889441490173340e-01 6.849060952663421631e-02
1.329600904136896133e-02 5.354658886790275574e-02 2.823030576109886169e-02 1.227402314543724060e-01 1.122082993388175964e-01 5.129009112715721130e-02 4.057534784078598022e-02 3.377307578921318054e-02 5.643748119473457336e-02 9.172093868255615234e-02 3.166765347123146057e-02 7.536515593528747559e-02 5.665826145559549332e-03 4.151869937777519226e-02 3.660694509744644165e-02 4.238041490316390991e-02 1.430064812302589417e-02 2.528790617361664772e-03 2.617332153022289276e-02 1.821912378072738647e-01 1.327876895666122437e-01 4.442789405584335327e-02 1.110969297587871552e-02 4.898720607161521912e-02 1.529830228537321091e-02 7.961124181747436523e-02 1.462121214717626572e-02 1.097517460584640503e-01 6.739376485347747803e-02 1.303985249251127243e-02 3.171386942267417908e-02 1.628889441490173340e-01 0.000000000000000000e+00 9.546335041522979736e-02
8.227176219224929810e-02 1.482521146535873413e-01 1.233612000942230225e-01 2.156764417886734009e-01 1.692626252770423889e-02 4.439061507582664490e-02 1.355137825012207031e-01 6.188981235027313232e-02 1.510868221521377563e-01 1.855595260858535767e-01 1.267478317022323608e-01 1.696082502603530884e-01 1.010745093226432800e-01 5.415930971503257751e-02 5.906280875205993652e-02 1.372883319854736328e-01 8.127366006374359131e-02 9.796849638223648071e-02 1.213335096836090088e-01 2.729080319404602051e-01 2.253938764333724976e-01 1.393004357814788818e-01 1.064601391553878784e-01 1.437781900167465210e-01 8.028230071067810059e-02 1.737540811300277710e-01 1.099311187863349915e-01 2.030872851610183716e-01 2.825135178864002228e-02 1.083682999014854431e-01 1.267933398485183716e-01 6.849060952663421631e-02 9.546335041522979736e-02 0.000000000000000000e+00
