0.000000000000000000e+00 6.262361258268356323e-02 3.502602875232696533e-02 1.322356462478637695e-01 1.009105145931243896e-01 4.232148081064224243e-02 5.291121080517768860e-02 1.930293627083301544e-02 6.597948074340820312e-02 1.021777242422103882e-01 4.024649783968925476e-02 8.159594237804412842e-02 1.747628301382064819e-02 3.508002310991287231e-02 2.185897156596183777e-02 4.977493360638618469e-02 1.780236925696954131e-04 4.984030500054359436e-03 3.866741433739662170e-02 1.924479007720947266e-01 1.388659477233886719e-01 5.031667649745941162e-02 2.028361521661281586e-02 5.532148480415344238e-02 5.048454273492097855e-03 8.837877213954925537e-02 2.059755288064479828e-02 1.198865771293640137e-01 5.782059580087661743e-02 2.672526612877845764e-02 3.160052374005317688e-02 1.600798219442367554e-01 8.929948322474956512e-03 8.662514388561248779e-02
6.262361258268356323e-02 0.000000000000000000e+00 2.765824832022190094e-02 7.019330561161041260e-02 1.625071763992309570e-01 1.046676859259605408e-01 9.744687005877494812e-03 8.182763308286666870e-02 3.369797253981232643e-03 3.980883583426475525e-02 2.243365347385406494e-02 1.906977407634258270e-02 4.519678652286529541e-02 9.748946875333786011e-02 8.436708897352218628e-02 1.288884691894054413e-02 6.244628131389617920e-02 5.765757337212562561e-02 2.401434816420078278e-02 1.314079910516738892e-01 7.691118866205215454e-02 1.234583277255296707e-02 4.239384457468986511e-02 7.327510509639978409e-03 6.765067577362060547e-02 2.589850313961505890e-02 4.208033531904220581e-02 5.769613757729530334e-02 1.200096532702445984e-01 3.595852851867675781e-02 3.108459897339344025e-02 2.204930335283279419e-01 5.372370406985282898e-02 1.484434753656387329e-01
3.502602875232696533e-02 2.765824832022190094e-02 0.000000000000000000e+00 9.766194969415664673e-02 1.354577690362930298e-01 7.723302394151687622e-02 1.791838929057121277e-02 5.429225414991378784e-02 3.102515451610088348e-02 6.739288568496704102e-02 5.227840505540370941e-03 4.670339077711105347e-02 1.756049133837223053e-02 7.002002000808715820e-02 5.684147775173187256e-02 1.477466896176338196e-02 3.484822064638137817e-02 3.004724159836769104e-02 3.646323457360267639e-03 1.584902107715606689e-01 1.043474674224853516e-01 1.531764585524797440e-02 1.475289370864629745e-02 2.033485844731330872e-02 4.006739705801010132e-02 5.351841449737548828e-02 1.443889271467924118e-02 8.521839976310729980e-02 9.265896677970886230e-02 8.308540098369121552e-03 3.429298521950840950e-03 1.940179914236068726e-01 2.610424347221851349e-02 1.212831810116767883e-01
1.322356462478637695e-01 7.019330561161041260e-02 9.766194969415664673e-02 0.000000000000000000e+00 2.300760298967361450e-01 1.735856682062149048e-01 7.988335192203521729e-02 1.511527448892593384e-01 6.683931499719619751e-02 3.046960942447185516e-02 9.248133003711700439e-02 5.119205638766288757e-02 1.150251775979995728e-01 1.665430963039398193e-01 1.536504775285720825e-01 8.300705254077911377e-02 1.320607215166091919e-01 1.273355334997177124e-01 9.404911845922470093e-02 6.178458407521247864e-02 6.754340603947639465e-03 8.246766775846481323e-02 1.122531071305274963e-01 7.748096436262130737e-02 1.371925175189971924e-01 4.437547549605369568e-02 1.119429841637611389e-01 1.254798565059900284e-02 1.886141002178192139e-01 1.058845743536949158e-01 1.010574027895927429e-01 2.862559258937835693e-01 1.234514638781547546e-01 2.163821309804916382e-01
1.009105145931243896e-01 1.625071763992309570e-01 1.354577690362930298e-01 2.300760298967361450e-01 0.000000000000000000e+00 5.884032696485519409e-02 1.530047953128814697e-01 8.176685124635696411e-02 1.657861918210983276e-01 2.010156065225601196e-01 1.405860483646392822e-01 1.810159981250762939e-01 1.181783974170684814e-01 6.606435775756835938e-02 7.922630757093429565e-02 1.499323695898056030e-01 1.010867282748222351e-01 1.058413237333297729e-01 1.390354186296463013e-01 2.877699434757232666e-01 2.364628911018371582e-01 1.504632234573364258e-01 1.209465786814689636e-01 1.553646773099899292e-01 9.591092169284820557e-02 1.876160800457000732e-01 1.212560385465621948e-01 2.181578725576400757e-01 4.334281757473945618e-02 1.272924840450286865e-01 1.320898383855819702e-01 6.014080345630645752e-02 1.097415760159492493e-01 1.441135164350271225e-02
4.232148081064224243e-02 1.046676859259605408e-01 7.723302394151687622e-02 1.735856682062149048e-01 5.884032696485519409e-02 0.000000000000000000e+00 9.501992166042327881e-02 2.303736656904220581e-02 1.079993918538093567e-01 1.438770294189453125e-01 8.242757618427276611e-02 1.234909743070602417e-01 5.975357443094253540e-02 7.252224255353212357e-03 2.048145979642868042e-02 9.190282225608825684e-02 4.249918460845947266e-02 4.729553684592247009e-02 8.085657656192779541e-02 2.328727096319198608e-01 1.801287978887557983e-01 9.244130551815032959e-02 6.255140155553817749e-02 9.741489589214324951e-02 3.728099167346954346e-02 1.302132308483123779e-01 6.286423653364181519e-02 1.613892167806625366e-01 1.553713157773017883e-02 6.896873563528060913e-02 7.382327318191528320e-02 1.185615807771682739e-01 5.123206973075866699e-02 4.446668177843093872e-02
5.291121080517768860e-02 9.744687005877494812e-03 1.791838929057121277e-02 7.988335192203521729e-02 1.530047953128814697e-01 9.501992166042327881e-02 0.000000000000000000e+00 7.214046269655227661e-02 1.311405468732118607e-02 4.953430593013763428e-02 1.269173994660377502e-02 2.880910597741603851e-02 3.546772524714469910e-02 8.782821893692016602e-02 7.468380033969879150e-02 3.144555026665329933e-03 5.273368209600448608e-02 4.793982207775115967e-02 1.427299901843070984e-02 1.409721523523330688e-01 8.659097552299499512e-02 2.601458923891186714e-03 3.266264870762825012e-02 2.417348790913820267e-03 5.794418603181838989e-02 3.563419729471206665e-02 3.234891220927238464e-02 6.740293651819229126e-02 1.103940680623054504e-01 2.622302621603012085e-02 2.134637907147407532e-02 2.112021446228027344e-01 4.400205612182617188e-02 1.388997137546539307e-01
1.930293627083301544e-02 8.182763308286666870e-02 5.429225414991378784e-02 1.511527448892593384e-01 8.176685124635696411e-02 2.303736656904220581e-02 7.214046269655227661e-02 0.000000000000000000e+00 8.517394214868545532e-02 1.212415248155593872e-01 5.950320884585380554e-02 1.007402092218399048e-01 3.676681593060493469e-02 1.578778028488159180e-02 2.557114232331514359e-03 6.901156902313232422e-02 1.948089338839054108e-02 2.428462915122509003e-02 5.792711302638053894e-02 2.109671384096145630e-01 1.577460467815399170e-01 6.955206394195556641e-02 3.957105800509452820e-02 7.454480975866317749e-02 1.425587106496095657e-02 1.074983179569244385e-01 3.988463059067726135e-02 1.388681530952453613e-01 3.856069594621658325e-02 4.600447043776512146e-02 5.087243020534515381e-02 1.412132382392883301e-01 2.822801843285560608e-02 6.743496656417846680e-02
6.597948074340820312e-02 3.369797253981232643e-03 3.102515451610088348e-02 6.683931499719619751e-02 1.657861918210983276e-01 1.079993918538093567e-01 1.311405468732118607e-02 8.517394214868545532e-02 0.000000000000000000e+00 3.644393011927604675e-02 2.580149844288825989e-02 1.570098660886287689e-02 4.855919256806373596e-02 1.008261367678642273e-01 8.771196007728576660e-02 1.625793799757957458e-02 6.580223143100738525e-02 6.101552024483680725e-02 2.738192863762378693e-02 1.280949264764785767e-01 7.356044650077819824e-02 1.571497693657875061e-02 4.575710371136665344e-02 1.069704443216323853e-02 7.100427895784378052e-02 2.253067493438720703e-02 4.544369131326675415e-02 5.433690547943115234e-02 1.233295798301696777e-01 3.932355716824531555e-02 3.445078805088996887e-02 2.236966341733932495e-01 5.708316713571548462e-02 1.517373770475387573e-01
1.021777242422103882e-01 3.980883583426475525e-02 6.739288568496704102e-02 3.046960942447185516e-02 2.010156065225601196e-01 1.438770294189453125e-01 4.953430593013763428e-02 1.212415248155593872e-01 3.644393011927604675e-02 0.000000000000000000e+00 6.218695640563964844e-02 2.075481973588466644e-02 8.485295623540878296e-02 1.367675215005874634e-01 1.237602680921554565e-01 5.267065763473510742e-02 1.020015552639961243e-01 9.724320471286773682e-02 6.376222521066665649e-02 9.208084642887115479e-02 3.721629083156585693e-02 5.212904885411262512e-02 8.206418901681900024e-02 4.712260141968727112e-02 1.071708947420120239e-01 1.392468810081481934e-02 8.175222575664520264e-02 1.792847923934459686e-02 1.590586006641387939e-01 7.565906643867492676e-02 7.080581784248352051e-02 2.580369412899017334e-01 9.333293139934539795e-02 1.871463954448699951e-01
4.024649783968925476e-02 2.243365347385406494e-02 5.227840505540370941e-03 9.248133003711700439e-02 1.405860483646392822e-01 8.242757618427276611e-02 1.269173994660377502e-02 5.950320884585380554e-02 2.580149844288825989e-02 6.218695640563964844e-02 0.000000000000000000e+00 4.148568212985992432e-02 2.278624102473258972e-02 7.522031664848327637e-02 6.205087900161743164e-02 9.547565132379531860e-03 4.006876423954963684e-02 3.526954352855682373e-02 1.581546850502490997e-03 1.533894538879394531e-01 9.917372465133666992e-02 1.009061373770236969e-02 1.997919380664825439e-02 1.510862540453672409e-02 4.528575018048286438e-02 4.830409213900566101e-02 1.966524869203567505e-02 8.002620935440063477e-02 9.783941507339477539e-02 1.353579200804233551e-02 8.656983263790607452e-03 1.990439444780349731e-01 3.132780641317367554e-02 1.264308691024780273e-01
8.159594237804412842e-02 1.906977407634258270e-02 4.670339077711105347e-02 5.119205638766288757e-02 1.810159981250762939e-01 1.234909743070602417e-01 2.880910597741603851e-02 1.007402092218399048e-01 1.570098660886287689e-02 2.075481973588466644e-02 4.148568212985992432e-02 0.000000000000000000e+00 6.421121954917907715e-02 1.163429468870162964e-01 1.032707095146179199e-01 3.195076808333396912e-02 8.141909539699554443e-02 7.664307206869125366e-02 4.306440055370330811e-02 1.126204356551170349e-01 5.792637169361114502e-02 3.140821307897567749e-02 6.141396984457969666e-02 2.639359608292579651e-02 8.660872280597686768e-02 6.832104176282882690e-03 6.110107898712158203e-02 3.866891190409660339e-02 1.387618631124496460e-01 5.499059334397315979e-02 5.012466013431549072e-02 2.385597229003906250e-01 7.271897792816162109e-02 1.670403927564620972e-01
1.747628301382064819e-02 4.519678652286529541e-02 1.756049133837223053e-02 1.150251775979995728e-01 1.181783974170684814e-01 5.975357443094253540e-02 3.546772524714469910e-02 3.676681593060493469e-02 4.855919256806373596e-02 8.485295623540878296e-02 2.278624102473258972e-02 6.421121954917907715e-02 0.000000000000000000e+00 5.252410843968391418e-02 3.932023420929908752e-02 3.232677653431892395e-02 1.729831285774707794e-02 1.249334122985601425e-02 2.120545692741870880e-02 1.755620688199996948e-01 1.216849759221076965e-01 3.286929801106452942e-02 2.808326389640569687e-03 3.788182511925697327e-02 2.252275124192237854e-02 7.101216912269592285e-02 3.122391877695918083e-03 1.026253178715705872e-01 7.522086054086685181e-02 9.253303520381450653e-03 1.413204614073038101e-02 1.770607680082321167e-01 8.547669276595115662e-03 1.039440631866455078e-01
3.508002310991287231e-02 9.748946875333786011e-02 7.002002000808715820e-02 1.665430963039398193e-01 6.606435775756835938e-02 7.252224255353212357e-03 8.782821893692016602e-02 1.578778028488159180e-02 1.008261367678642273e-01 1.367675215005874634e-01 7.522031664848327637e-02 1.163429468870162964e-01 5.252410843968391418e-02 0.000000000000000000e+00 1.323120016604661942e-02 8.470705151557922363e-02 3.525782749056816101e-02 4.005705192685127258e-02 7.364753633737564087e-02 2.260021716356277466e-01 1.731027066707611084e-01 8.524623513221740723e-02 5.532427504658699036e-02 9.022641181945800781e-02 3.003688901662826538e-02 1.230772286653518677e-01 5.563737452030181885e-02 1.543176025152206421e-01 2.278678864240646362e-02 6.174739822745323181e-02 6.660671532154083252e-02 1.257057189941406250e-01 4.399619251489639282e-02 5.170223116874694824e-02
2.185897156596183777e-02 8.436708897352218628e-02 5.684147775173187256e-02 1.536504775285720825e-01 7.922630757093429565e-02 2.048145979642868042e-02 7.468380033969879150e-02 2.557114232331514359e-03 8.771196007728576660e-02 1.237602680921554565e-01 6.205087900161743164e-02 1.032707095146179199e-01 3.932023420929908752e-02 1.323120016604661942e-02 0.000000000000000000e+00 7.155605405569076538e-02 2.203690819442272186e-02 2.684007771313190460e-02 6.047526374459266663e-02 2.134091109037399292e-01 1.602385193109512329e-01 7.209635525941848755e-02 4.212390631437301636e-02 7.708723843097686768e-02 1.681237295269966125e-02 1.100251898169517517e-01 4.243741557002067566e-02 1.413750648498535156e-01 3.600712865591049194e-02 4.855586960911750793e-02 5.342259630560874939e-02 1.387062072753906250e-01 3.078291192650794983e-02 6.488903611898422241e-02
4.977493360638618469e-02 1.288884691894054413e-02 1.477466896176338196e-02 8.300705254077911377e-02 1.499323695898056030e-01 9.190282225608825684e-02 3.144555026665329933e-03 6.901156902313232422e-02 1.625793799757957458e-02 5.267065763473510742e-02 9.547565132379531860e-03 3.195076808333396912e-02 3.232677653431892395e-02 8.470705151557922363e-02 7.155605405569076538e-02 0.000000000000000000e+00 4.959735274314880371e-02 4.480202496051788330e-02 1.112894434481859207e-02 1.440528631210327148e-01 8.971109241247177124e-02 5.431004683487117290e-04 2.952112816274166107e-02 5.561861675232648849e-03 5.480961501598358154e-02 3.877441212534904480e-02 2.920733019709587097e-02 7.053253799676895142e-02 1.072867587208747864e-01 2.308037318289279938e-02 1.820304431021213531e-02 2.081958651542663574e-01 4.086315259337425232e-02 1.358144879341125488e-01
1.780236925696954131e-04 6.244628131389617920e-02 3.484822064638137817e-02 1.320607215166091919e-01 1.010867282748222351e-01 4.249918460845947266e-02 5.273368209600448608e-02 1.948089338839054108e-02 6.580223143100738525e-02 1.020015552639961243e-01 4.006876423954963684e-02 8.141909539699554443e-02 1.729831285774707794e-02 3.525782749056816101e-02 2.203690819442272186e-02 4.959735274314880371e-02 0.000000000000000000e+00 4.806010983884334564e-03 3.848965466022491455e-02 1.922764629125595093e-01 1.386913657188415527e-01 5.013910308480262756e-02 2.010566368699073792e-02 5.514400079846382141e-02 5.226473324000835419e-03 8.820213377475738525e-02 2.041960321366786957e-02 1.197111085057258606e-01 5.799802020192146301e-02 2.654736861586570740e-02 3.142267838120460510e-02 1.602532714605331421e-01 8.751939050853252411e-03 8.680182695388793945e-02
4.984030500054359436e-03 5.765757337212562561e-02 3.004724159836769104e-02 1.273355334997177124e-01 1.058413237333297729e-01 4.729553684592247009e-02 4.793982207775115967e-02 2.428462915122509003e-02 6.101552024483680725e-02 9.724320471286773682e-02 3.526954352855682373e-02 7.664307206869125366e-02 1.249334122985601425e-02 4.005705192685127258e-02 2.684007771313190460e-02 4.480202496051788330e-02 4.806010983884334564e-03 0.000000000000000000e+00 3.368987143039703369e-02 1.876438409090042114e-01 1.339746415615081787e-01 4.534402117133140564e-02 1.530113071203231812e-02 5.035133659839630127e-02 1.003223191946744919e-02 8.343149721622467041e-02 1.561512332409620285e-02 1.149712502956390381e-01 6.278652697801589966e-02 2.174413204193115234e-02 2.662068791687488556e-02 1.649322658777236938e-01 3.946093842387199402e-03 9.156963229179382324e-02
3.866741433739662170e-02 2.401434816420078278e-02 3.646323457360267639e-03 9.404911845922470093e-02 1.390354186296463013e-01 8.085657656192779541e-02 1.427299901843070984e-02 5.792711302638053894e-02 2.738192863762378693e-02 6.376222521066665649e-02 1.581546850502490997e-03 4.306440055370330811e-02 2.120545692741870880e-02 7.364753633737564087e-02 6.047526374459266663e-02 1.112894434481859207e-02 3.848965466022491455e-02 3.368987143039703369e-02 0.000000000000000000e+00 1.549334228038787842e-01 1.007394716143608093e-01 1.167197432368993759e-02 1.839822717010974884e-02 1.668977178633213043e-02 4.370733723044395447e-02 4.988182708621025085e-02 1.808426342904567719e-02 8.159743249416351318e-02 9.627275913953781128e-02 1.195450127124786377e-02 7.075533736497163773e-03 1.975245773792266846e-01 2.974773570895195007e-02 1.248742789030075073e-01
1.924479007720947266e-01 1.314079910516738892e-01 1.584902107715606689e-01 6.178458407521247864e-02 2.877699434757232666e-01 2.328727096319198608e-01 1.409721523523330688e-01 2.109671384096145630e-01 1.280949264764785767e-01 9.208084642887115479e-02 1.533894538879394531e-01 1.126204356551170349e-01 1.755620688199996948e-01 2.260021716356277466e-01 2.134091109037399292e-01 1.440528631210327148e-01 1.922764629125595093e-01 1.876438409090042114e-01 1.549334228038787842e-01 0.000000000000000000e+00 5.505321547389030457e-02 1.435209810733795166e-01 1.728389710187911987e-01 1.386020332574844360e-01 1.973046511411666870e-01 1.058697849512100220e-01 1.725342720746994019e-01 7.427498698234558105e-02 2.475142925977706909e-01 1.665793806314468384e-01 1.618315577507019043e-01 3.419919610023498535e-01 1.838338822126388550e-01 2.744969725608825684e-01
1.388659477233886719e-01 7.691118866205215454e-02 1.043474674224853516e-01 6.754340603947639465e-03 2.364628911018371582e-01 1.801287978887557983e-01 8.659097552299499512e-02 1.577460467815399170e-01 7.356044650077819824e-02 3.721629083156585693e-02 9.917372465133666992e-02 5.792637169361114502e-02 1.216849759221076965e-01 1.731027066707611084e-01 1.602385193109512329e-01 8.971109241247177124e-02 1.386913657188415527e-01 1.339746415615081787e-01 1.007394716143608093e-01 5.505321547389030457e-02 0.000000000000000000e+00 8.917234092950820923e-02 1.189172938466072083e-01 8.419124782085418701e-02 1.438135802745819092e-01 5.111449211835861206e-02 1.186076551675796509e-01 1.930068992078304291e-02 1.951198726892471313e-01 1.125584170222282410e-01 1.077381968498229980e-01 2.924448251724243164e-01 1.300973296165466309e-01 2.228108495473861694e-01
5.031667649745941162e-02 1.234583277255296707e-02 1.531764585524797440e-02 8.246766775846481323e-02 1.504632234573364258e-01 9.244130551815032959e-02 2.601458923891186714e-03 6.955206394195556641e-02 1.571497693657875061e-02 5.212904885411262512e-02 1.009061373770236969e-02 3.140821307897567749e-02 3.286929801106452942e-02 8.524623513221740723e-02 7.209635525941848755e-02 5.431004683487117290e-04 5.013910308480262756e-02 4.534402117133140564e-02 1.167197432368993759e-02 1.435209810733795166e-01 8.917234092950820923e-02 0.000000000000000000e+00 3.006374649703502655e-02 5.018776282668113708e-03 5.535107105970382690e-02 3.823211416602134705e-02 2.974995970726013184e-02 6.999211758375167847e-02 1.078235730528831482e-01 2.362317778170108795e-02 1.874596066772937775e-02 2.087153792381286621e-01 4.140533506870269775e-02 1.363475173711776733e-01
2.028361521661281586e-02 4.239384457468986511e-02 1.475289370864629745e-02 1.122531071305274963e-01 1.209465786814689636e-01 6.255140155553817749e-02 3.266264870762825012e-02 3.957105800509452820e-02 4.575710371136665344e-02 8.206418901681900024e-02 1.997919380664825439e-02 6.141396984457969666e-02 2.808326389640569687e-03 5.532427504658699036e-02 4.212390631437301636e-02 2.952112816274166107e-02 2.010566368699073792e-02 1.530113071203231812e-02 1.839822717010974884e-02 1.728389710187911987e-01 1.189172938466072083e-01 3.006374649703502655e-02 0.000000000000000000e+00 3.507722914218902588e-02 2.532947622239589691e-02 6.821744889020919800e-02 3.140683111269026995e-04 9.984576702117919922e-02 7.801271229982376099e-02 6.445144768804311752e-03 1.132416818290948868e-02 1.797796785831451416e-01 1.135572325438261032e-02 1.067212373018264771e-01
5.532148480415344238e-02 7.327510509639978409e-03 2.033485844731330872e-02 7.748096436262130737e-02 1.553646773099899292e-01 9.741489589214324951e-02 2.417348790913820267e-03 7.454480975866317749e-02 1.069704443216323853e-02 4.712260141968727112e-02 1.510862540453672409e-02 2.639359608292579651e-02 3.788182511925697327e-02 9.022641181945800781e-02 7.708723843097686768e-02 5.561861675232648849e-03 5.514400079846382141e-02 5.035133659839630127e-02 1.668977178633213043e-02 1.386020332574844360e-01 8.419124782085418701e-02 5.018776282668113708e-03 3.507722914218902588e-02 0.000000000000000000e+00 6.035308167338371277e-02 3.321970999240875244e-02 3.476354107260704041e-02 6.499617546796798706e-02 1.127813160419464111e-01 2.863856032490730286e-02 2.376250177621841431e-02 2.135104835033416748e-01 4.641446843743324280e-02 1.412696242332458496e-01
5.048454273492097855e-03 6.765067577362060547e-02 4.006739705801010132e-02 1.371925175189971924e-01 9.591092169284820557e-02 3.728099167346954346e-02 5.794418603181838989e-02 1.425587106496095657e-02 7.100427895784378052e-02 1.071708947420120239e-01 4.528575018048286438e-02 8.660872280597686768e-02 2.252275124192237854e-02 3.003688901662826538e-02 1.681237295269966125e-02 5.480961501598358154e-02 5.226473324000835419e-03 1.003223191946744919e-02 4.370733723044395447e-02 1.973046511411666870e-01 1.438135802745819092e-01 5.535107105970382690e-02 2.532947622239589691e-02 6.035308167338371277e-02 0.000000000000000000e+00 9.338556230068206787e-02 2.564334124326705933e-02 1.248594596982002258e-01 5.278754979372024536e-02 3.176943212747573853e-02 3.664313256740570068e-02 1.551567614078521729e-01 1.397777162492275238e-02 8.161238580942153931e-02
8.837877213954925537e-02 2.589850313961505890e-02 5.351841449737548828e-02 4.437547549605369568e-02 1.876160800457000732e-01 1.302132308483123779e-01 3.563419729471206665e-02 1.074983179569244385e-01 2.253067493438720703e-02 1.392468810081481934e-02 4.830409213900566101e-02 6.832104176282882690e-03 7.101216912269592285e-02 1.230772286653518677e-01 1.100251898169517517e-01 3.877441212534904480e-02 8.820213377475738525e-02 8.343149721622467041e-02 4.988182708621025085e-02 1.058697849512100220e-01 5.111449211835861206e-02 3.823211416602134705e-02 6.821744889020919800e-02 3.321970999240875244e-02 9.338556230068206787e-02 0.000000000000000000e+00 6.790482997894287109e-02 3.184521943330764771e-02 1.454560607671737671e-01 6.179947778582572937e-02 5.693726986646652222e-02 2.449925243854522705e-01 7.951158285140991211e-02 1.736742854118347168e-01
2.059755288064479828e-02 4.208033531904220581e-02 1.443889271467924118e-02 1.119429841637611389e-01 1.212560385465621948e-01 6.286423653364181519e-02 3.234891220927238464e-02 3.988463059067726135e-02 4.544369131326675415e-02 8.175222575664520264e-02 1.966524869203567505e-02 6.110107898712158203e-02 3.122391877695918083e-03 5.563737452030181885e-02 4.243741557002067566e-02 2.920733019709587097e-02 2.041960321366786957e-02 1.561512332409620285e-02 1.808426342904567719e-02 1.725342720746994019e-01 1.186076551675796509e-01 2.974995970726013184e-02 3.140683111269026995e-04 3.476354107260704041e-02 2.564334124326705933e-02 6.790482997894287109e-02 0.000000000000000000e+00 9.953481703996658325e-02 7.832486182451248169e-02 6.131088826805353165e-03 1.101013924926519394e-02 1.800835877656936646e-01 1.166974939405918121e-02 1.070317253470420837e-01
1.198865771293640137e-01 5.769613757729530334e-02 8.521839976310729980e-02 1.254798565059900284e-02 2.181578725576400757e-01 1.613892167806625366e-01 6.740293651819229126e-02 1.388681530952453613e-01 5.433690547943115234e-02 1.792847923934459686e-02 8.002620935440063477e-02 3.866891190409660339e-02 1.026253178715705872e-01 1.543176025152206421e-01 1.413750648498535156e-01 7.053253799676895142e-02 1.197111085057258606e-01 1.149712502956390381e-01 8.159743249416351318e-02 7.427498698234558105e-02 1.930068992078304291e-02 6.999211758375167847e-02 9.984576702117919922e-02 6.499617546796798706e-02 1.248594596982002258e-01 3.184521943330764771e-02 9.953481703996658325e-02 0.000000000000000000e+00 1.764838099479675293e-01 9.346076101064682007e-02 8.862179517745971680e-02 2.746946215629577637e-01 1.110755503177642822e-01 2.043891102075576782e-01
5.782059580087661743e-02 1.200096532702445984e-01 9.265896677970886230e-02 1.886141002178192139e-01 4.334281757473945618e-02 1.553713157773017883e-02 1.103940680623054504e-01 3.856069594621658325e-02 1.233295798301696777e-01 1.590586006641387939e-01 9.783941507339477539e-02 1.387618631124496460e-01 7.522086054086685181e-02 2.278678864240646362e-02 3.600712865591049194e-02 1.072867587208747864e-01 5.799802020192146301e-02 6.278652697801589966e-02 9.627275913953781128e-02 2.475142925977706909e-01 1.951198726892471313e-01 1.078235730528831482e-01 7.801271229982376099e-02 1.127813160419464111e-01 5.278754979372024536e-02 1.454560607671737671e-01 7.832486182451248169e-02 1.764838099479675293e-01 0.000000000000000000e+00 8.441542088985443115e-02 8.925803005695343018e-02 1.032145693898200989e-01 6.671609729528427124e-02 2.894954942166805267e-02
2.672526612877845764e-02 3.595852851867675781e-02 8.308540098369121552e-03 1.058845743536949158e-01 1.272924840450286865e-01 6.896873563528060913e-02 2.622302621603012085e-02 4.600447043776512146e-02 3.932355716824531555e-02 7.565906643867492676e-02 1.353579200804233551e-02 5.499059334397315979e-02 9.253303520381450653e-03 6.174739822745323181e-02 4.855586960911750793e-02 2.308037318289279938e-02 2.654736861586570740e-02 2.174413204193115234e-02 1.195450127124786377e-02 1.665793806314468384e-01 1.125584170222282410e-01 2.362317778170108795e-02 6.445144768804311752e-03 2.863856032490730286e-02 3.176943212747573853e-02 6.179947778582572937e-02 6.131088826805353165e-03 9.346076101064682007e-02 8.441542088985443115e-02 0.000000000000000000e+00 4.879380110651254654e-03 1.860093027353286743e-01 1.779956370592117310e-02 1.130886003375053406e-01
3.160052374005317688e-02 3.108459897339344025e-02 3.429298521950840950e-03 1.010574027895927429e-01 1.320898383855819702e-01 7.382327318191528320e-02 2.134637907147407532e-02 5.087243020534515381e-02 3.445078805088996887e-02 7.080581784248352051e-02 8.656983263790607452e-03 5.012466013431549072e-02 1.413204614073038101e-02 6.660671532154083252e-02 5.342259630560874939e-02 1.820304431021213531e-02 3.142267838120460510e-02 2.662068791687488556e-02 7.075533736497163773e-03 1.618315577507019043e-01 1.077381968498229980e-01 1.874596066772937775e-02 1.132416818290948868e-02 2.376250177621841431e-02 3.664313256740570068e-02 5.693726986646652222e-02 1.101013924926519394e-02 8.862179517745971680e-02 8.925803005695343018e-02 4.879380110651254654e-03 0.000000000000000000e+00 1.907155960798263550e-01 2.267697453498840332e-02 1.179029196500778198e-01
1.600798219442367554e-01 2.204930335283279419e-01 1.940179914236068726e-01 2.862559258937835693e-01 6.014080345630645752e-02 1.185615807771682739e-01 2.112021446228027344e-01 1.412132382392883301e-01 2.236966341733932495e-01 2.580369412899017334e-01 1.990439444780349731e-01 2.385597229003906250e-01 1.770607680082321167e-01 1.257057189941406250e-01 1.387062072753906250e-01 2.081958651542663574e-01 1.602532714605331421e-01 1.649322658777236938e-01 1.975245773792266846e-01 3.419919610023498535e-01 2.924448251724243164e-01 2.087153792381286621e-01 1.797796785831451416e-01 2.135104835033416748e-01 1.551567614078521729e-01 2.449925243854522705e-01 1.800835877656936646e-01 2.746946215629577637e-01 1.032145693898200989e-01 1.860093027353286743e-01 1.907155960798263550e-01 0.000000000000000000e+00 1.687685251235961914e-01 7.448758929967880249e-02
8.929948322474956512e-03 5.372370406985282898e-02 2.610424347221851349e-02 1.234514638781547546e-01 1.097415760159492493e-01 5.123206973075866699e-02 4.400205612182617188e-02 2.822801843285560608e-02 5.708316713571548462e-02 9.333293139934539795e-02 3.132780641317367554e-02 7.271897792816162109e-02 8.547669276595115662e-03 4.399619251489639282e-02 3.078291192650794983e-02 4.086315259337425232e-02 8.751939050853252411e-03 3.946093842387199402e-03 2.974773570895195007e-02 1.838338822126388550e-01 1.300973296165466309e-01 4.140533506870269775e-02 1.135572325438261032e-02 4.641446843743324280e-02 1.397777162492275238e-02 7.951158285140991211e-02 1.166974939405918121e-02 1.110755503177642822e-01 6.671609729528427124e-02 1.779956370592117310e-02 2.267697453498840332e-02 1.687685251235961914e-01 0.000000000000000000e+00 9.548123180866241455e-02
8.662514388561248779e-02 1.484434753656387329e-01 1.212831810116767883e-01 2.163821309804916382e-01 1.441135164350271225e-02 4.446668177843093872e-02 1.388997137546539307e-01 6.743496656417846680e-02 1.517373770475387573e-01 1.871463954448699951e-01 1.264308691024780273e-01 1.670403927564620972e-01 1.039440631866455078e-01 5.170223116874694824e-02 6.488903611898422241e-02 1.358144879341125488e-01 8.680182695388793945e-02 9.156963229179382324e-02 1.248742789030075073e-01 2.744969725608825684e-01 2.228108495473861694e-01 1.363475173711776733e-01 1.067212373018264771e-01 1.412696242332458496e-01 8.161238580942153931e-02 1.736742854118347168e-01 1.070317253470420837e-01 2.043891102075576782e-01 2.894954942166805267e-02 1.130886003375053406e-01 1.179029196500778198e-01 7.448758929967880249e-02 9.548123180866241455e-02 0.000000000000000000e+00
