0.000000000000000000e+00 7.103807479143142700e-02 4.301274567842483521e-02 1.328231990337371826e-01 9.783799201250076294e-02 2.937596105039119720e-02 4.876498505473136902e-02 1.881167851388454437e-02 7.179896533489227295e-02 1.069480404257774353e-01 3.594396263360977173e-02 8.783847838640213013e-02 1.784039847552776337e-02 3.108777850866317749e-02 2.453068085014820099e-02 6.082218885421752930e-02 1.890131621621549129e-03 1.510065142065286636e-02 4.673586413264274597e-02 1.920941025018692017e-01 1.446002870798110962e-01 5.895017087459564209e-02 2.856345288455486298e-02 5.769352614879608154e-02 2.958530792966485023e-03 8.893185108900070190e-02 2.748943306505680084e-02 1.308856010437011719e-01 5.168719962239265442e-02 3.119102306663990021e-02 3.449345007538795471e-02 1.608024835586547852e-01 9.552461095154285431e-03 7.872395962476730347e-02
7.103807479143142700e-02 0.000000000000000000e+00 2.811123058199882507e-02 6.237364932894706726e-02 1.677104383707046509e-01 1.002049297094345093e-01 2.235052548348903656e-02 8.972984552383422852e-02 7.647850434295833111e-04 3.618486225605010986e-02 3.518395870923995972e-02 1.690588705241680145e-02 5.326518788933753967e-02 1.019008159637451172e-01 9.540251642465591431e-02 1.026022061705589294e-02 6.915723532438278198e-02 5.599749833345413208e-02 2.438317239284515381e-02 1.227307915687561035e-01 7.432568073272705078e-02 1.213874202221632004e-02 4.256099089980125427e-02 1.339947525411844254e-02 6.809385865926742554e-02 1.800752617418766022e-02 4.363385215401649475e-02 6.040919572114944458e-02 1.222763210535049438e-01 3.993554413318634033e-02 3.663440048694610596e-02 2.292221486568450928e-01 6.152737513184547424e-02 1.489291638135910034e-01
4.301274567842483521e-02 2.811123058199882507e-02 0.000000000000000000e+00 9.032649546861648560e-02 1.402604877948760986e-01 7.229735702276229858e-02 5.764327477663755417e-03 6.177444010972976685e-02 2.887539565563201904e-02 6.423076242208480835e-02 7.079731207340955734e-03 4.499573260545730591e-02 2.519167587161064148e-02 7.400157302618026733e-02 6.747223436832427979e-02 1.785616017878055573e-02 4.112595319747924805e-02 2.793023176491260529e-02 3.730618627741932869e-03 1.503233909606933594e-01 1.022233292460441589e-01 1.597794145345687866e-02 1.446706615388393402e-02 1.471730135381221771e-02 4.005931317806243896e-02 4.609542712569236755e-02 1.554168760776519775e-02 8.837036788463592529e-02 9.448987245559692383e-02 1.183760352432727814e-02 8.531955070793628693e-03 2.024152129888534546e-01 3.347403556108474731e-02 1.213258802890777588e-01
1.328231990337371826e-01 6.237364932894706726e-02 9.032649546861648560e-02 0.000000000000000000e+00 2.277021706104278564e-01 1.615687459707260132e-01 8.460621535778045654e-02 1.512569487094879150e-01 6.161180138587951660e-02 2.624802291393280029e-02 9.734397381544113159e-02 4.551575332880020142e-02 1.152559220790863037e-01 1.632369458675384521e-01 1.568428426980972290e-01 7.258741557598114014e-02 1.309659481048583984e-01 1.179591491818428040e-01 8.662506937980651855e-02 6.082275882363319397e-02 1.200770307332277298e-02 7.445601373910903931e-02 1.046568006277084351e-01 7.570984214544296265e-02 1.299157142639160156e-01 4.441600665450096130e-02 1.057197749614715576e-01 1.971874386072158813e-03 1.832523196935653687e-01 1.020549833774566650e-01 9.878232330083847046e-02 2.874854803085327148e-01 1.234273388981819153e-01 2.093580216169357300e-01
9.783799201250076294e-02 1.677104383707046509e-01 1.402604877948760986e-01 2.277021706104278564e-01 0.000000000000000000e+00 6.865937262773513794e-02 1.459068506956100464e-01 7.917203009128570557e-02 1.684536337852478027e-01 2.026654332876205444e-01 1.333131343126296997e-01 1.840943694114685059e-01 1.154768243432044983e-01 6.695386022329330444e-02 7.348367571830749512e-02 1.577216237783432007e-01 9.970968216657638550e-02 1.127720326185226440e-01 1.439158022403717041e-01 2.845835983753204346e-01 2.390562593936920166e-01 1.558890640735626221e-01 1.260491907596588135e-01 1.546585410833358765e-01 1.007673591375350952e-01 1.851587891578674316e-01 1.249912604689598083e-01 2.258316874504089355e-01 4.638536274433135986e-02 1.286364644765853882e-01 1.318863630294799805e-01 6.397091597318649292e-02 1.072901785373687744e-01 1.926240138709545135e-02
2.937596105039119720e-02 1.002049297094345093e-01 7.229735702276229858e-02 1.615687459707260132e-01 6.865937262773513794e-02 0.000000000000000000e+00 7.802916318178176880e-02 1.057012286037206650e-02 1.009619757533073425e-01 1.358970403671264648e-01 6.525102257728576660e-02 1.169127598404884338e-01 4.719162732362747192e-02 1.713383127935230732e-03 4.848773591220378876e-03 9.003727883100509644e-02 3.126435726881027222e-02 4.445689171552658081e-02 7.600747048854827881e-02 2.202273160219192505e-01 1.732403486967086792e-01 8.817344158887863159e-02 5.789083614945411682e-02 8.692216873168945312e-02 3.233167901635169983e-02 1.179995313286781311e-01 5.681951344013214111e-02 1.596477478742599487e-01 2.234516851603984833e-02 6.051154062151908875e-02 6.380475312471389771e-02 1.320502907037734985e-01 3.891750052571296692e-02 4.946238175034523010e-02
4.876498505473136902e-02 2.235052548348903656e-02 5.764327477663755417e-03 8.460621535778045654e-02 1.459068506956100464e-01 7.802916318178176880e-02 0.000000000000000000e+00 6.751472502946853638e-02 2.311491593718528748e-02 5.848808586597442627e-02 1.284353341907262802e-02 3.924158215522766113e-02 3.095150925219058990e-02 7.973188906908035278e-02 7.320808619260787964e-02 1.209307834506034851e-02 4.687916859984397888e-02 3.368913754820823669e-02 2.033752156421542168e-03 1.446844339370727539e-01 9.651587158441543579e-02 1.021455507725477219e-02 2.022970467805862427e-02 8.953732438385486603e-03 4.581306129693984985e-02 4.034181684255599976e-02 2.130410820245742798e-02 8.264814317226409912e-02 1.001996248960494995e-01 1.760073006153106689e-02 1.429557800292968750e-02 2.079369127750396729e-01 3.923079371452331543e-02 1.270013749599456787e-01
1.881167851388454437e-02 8.972984552383422852e-02 6.177444010972976685e-02 1.512569487094879150e-01 7.917203009128570557e-02 1.057012286037206650e-02 6.751472502946853638e-02 0.000000000000000000e+00 9.048842638731002808e-02 1.255072206258773804e-01 5.471864342689514160e-02 1.064742207527160645e-01 3.663977980613708496e-02 1.228328328579664230e-02 5.721642170101404190e-03 7.954285293817520142e-02 2.070107311010360718e-02 3.390269726514816284e-02 6.548996269702911377e-02 2.101463824510574341e-01 1.629686653614044189e-01 7.767571508884429932e-02 4.734968766570091248e-02 7.642226666212081909e-02 2.176899835467338562e-02 1.075635775923728943e-01 4.627718031406402588e-02 1.493296027183532715e-01 3.290751948952674866e-02 4.997337982058525085e-02 5.327055975794792175e-02 1.424216181039810181e-01 2.835904434323310852e-02 6.000113859772682190e-02
7.179896533489227295e-02 7.647850434295833111e-04 2.887539565563201904e-02 6.161180138587951660e-02 1.684536337852478027e-01 1.009619757533073425e-01 2.311491593718528748e-02 9.048842638731002808e-02 0.000000000000000000e+00 3.542105481028556824e-02 3.594777733087539673e-02 1.614131033420562744e-02 5.402777343988418579e-02 1.026576086878776550e-01 9.616027772426605225e-02 1.102492026984691620e-02 6.991832703351974487e-02 5.675985664129257202e-02 2.514748647809028625e-02 1.219774633646011353e-01 7.356508076190948486e-02 1.290340814739465714e-02 4.332436248660087585e-02 1.416411437094211578e-02 6.885505467653274536e-02 1.724297739565372467e-02 4.439716041088104248e-02 5.964717268943786621e-02 1.230295971035957336e-01 4.069908708333969116e-02 3.739813715219497681e-02 2.299466133117675781e-01 6.228922680020332336e-02 1.496768891811370850e-01
1.069480404257774353e-01 3.618486225605010986e-02 6.423076242208480835e-02 2.624802291393280029e-02 2.026654332876205444e-01 1.358970403671264648e-01 5.848808586597442627e-02 1.255072206258773804e-01 3.542105481028556824e-02 0.000000000000000000e+00 7.127807289361953735e-02 1.929077506065368652e-02 8.927797526121139526e-02 1.375783979892730713e-01 1.311346739530563354e-01 4.642784595489501953e-02 1.050791442394256592e-01 9.199595451354980469e-02 6.051463633775711060e-02 8.693199604749679565e-02 3.824367374181747437e-02 4.830238968133926392e-02 7.862476259469985962e-02 4.956030845642089844e-02 1.040224134922027588e-01 1.818918809294700623e-02 7.969289273023605347e-02 2.427740953862667084e-02 1.577631384134292603e-01 7.601056993007659912e-02 7.272285223007202148e-02 2.632237076759338379e-01 9.749516844749450684e-02 1.841218024492263794e-01
3.594396263360977173e-02 3.518395870923995972e-02 7.079731207340955734e-03 9.734397381544113159e-02 1.333131343126296997e-01 6.525102257728576660e-02 1.284353341907262802e-02 5.471864342689514160e-02 3.594777733087539673e-02 7.127807289361953735e-02 0.000000000000000000e+00 5.205887928605079651e-02 1.811517775058746338e-02 6.695692241191864014e-02 6.042136251926422119e-02 2.493274025619029999e-02 3.405614197254180908e-02 2.085462771356105804e-02 1.081006322056055069e-02 1.572357863187789917e-01 1.092240065336227417e-01 2.305506542325019836e-02 7.388091646134853363e-03 2.179476059973239899e-02 3.298893570899963379e-02 5.315780639648437500e-02 8.462888188660144806e-03 9.539041668176651001e-02 8.746865391731262207e-02 4.758271388709545135e-03 1.452311989851295948e-03 1.956157982349395752e-01 2.640056237578392029e-02 1.143443584442138672e-01
8.783847838640213013e-02 1.690588705241680145e-02 4.499573260545730591e-02 4.551575332880020142e-02 1.840943694114685059e-01 1.169127598404884338e-01 3.924158215522766113e-02 1.064742207527160645e-01 1.614131033420562744e-02 1.929077506065368652e-02 5.205887928605079651e-02 0.000000000000000000e+00 7.010794430971145630e-02 1.186023876070976257e-01 1.121275499463081360e-01 2.716139703989028931e-02 8.596262335777282715e-02 7.283443957567214966e-02 4.127204418182373047e-02 1.060449406504631042e-01 5.749203637242317200e-02 2.903866954147815704e-02 5.942411720752716064e-02 3.029849566519260406e-02 8.490200340747833252e-02 1.101974979974329472e-03 6.049511581659317017e-02 4.354779049754142761e-02 1.388950794935226440e-01 5.680308118462562561e-02 5.350714549422264099e-02 2.451779097318649292e-01 7.835175842046737671e-02 1.654185503721237183e-01
1.784039847552776337e-02 5.326518788933753967e-02 2.519167587161064148e-02 1.152559220790863037e-01 1.154768243432044983e-01 4.719162732362747192e-02 3.095150925219058990e-02 3.663977980613708496e-02 5.402777343988418579e-02 8.927797526121139526e-02 1.811517775058746338e-02 7.010794430971145630e-02 0.000000000000000000e+00 4.890105500817298889e-02 4.235254600644111633e-02 4.302848130464553833e-02 1.595080457627773285e-02 2.740485128015279770e-03 2.891957946121692657e-02 1.748529076576232910e-01 1.270877271890640259e-01 4.115305095911026001e-02 1.072852127254009247e-02 3.989418596029281616e-02 1.488265395164489746e-02 7.120441645383834839e-02 9.653768502175807953e-03 1.133097857236862183e-01 6.946355104446411133e-02 1.335805654525756836e-02 1.666330359876155853e-02 1.781318634748458862e-01 8.289350196719169617e-03 9.642892330884933472e-02
3.108777850866317749e-02 1.019008159637451172e-01 7.400157302618026733e-02 1.632369458675384521e-01 6.695386022329330444e-02 1.713383127935230732e-03 7.973188906908035278e-02 1.228328328579664230e-02 1.026576086878776550e-01 1.375783979892730713e-01 6.695692241191864014e-02 1.186023876070976257e-01 4.890105500817298889e-02 0.000000000000000000e+00 6.562102120369672775e-03 9.173651039600372314e-02 3.297597169876098633e-02 4.616675525903701782e-02 7.771073281764984131e-02 2.218569964170455933e-01 1.749018281698226929e-01 8.987324684858322144e-02 5.959830805659294128e-02 8.862235397100448608e-02 3.404317796230316162e-02 1.196887269616127014e-01 5.852719396352767944e-02 1.613169908523559570e-01 2.063257619738578796e-02 6.221847236156463623e-02 6.551098078489303589e-02 1.303663998842239380e-01 4.062817618250846863e-02 4.775304719805717468e-02
2.453068085014820099e-02 9.540251642465591431e-02 6.747223436832427979e-02 1.568428426980972290e-01 7.348367571830749512e-02 4.848773591220378876e-03 7.320808619260787964e-02 5.721642170101404190e-03 9.616027772426605225e-02 1.311346739530563354e-01 6.042136251926422119e-02 1.121275499463081360e-01 4.235254600644111633e-02 6.562102120369672775e-03 0.000000000000000000e+00 8.522571623325347900e-02 2.641958929598331451e-02 3.961665928363800049e-02 7.118493318557739258e-02 2.156087905168533325e-01 1.685331463813781738e-01 8.336030691862106323e-02 5.305695906281471252e-02 8.210799843072891235e-02 2.748721465468406677e-02 1.132155358791351318e-01 5.198505893349647522e-02 1.549188792705535889e-01 2.719099633395671844e-02 5.567910149693489075e-02 5.897422879934310913e-02 1.368114650249481201e-01 3.407515585422515869e-02 5.429812893271446228e-02
6.082218885421752930e-02 1.026022061705589294e-02 1.785616017878055573e-02 7.258741557598114014e-02 1.577216237783432007e-01 9.003727883100509644e-02 1.209307834506034851e-02 7.954285293817520142e-02 1.102492026984691620e-02 4.642784595489501953e-02 2.493274025619029999e-02 2.716139703989028931e-02 4.302848130464553833e-02 9.173651039600372314e-02 8.522571623325347900e-02 0.000000000000000000e+00 5.893883481621742249e-02 4.576357081532478333e-02 1.412648428231477737e-02 1.328237503767013550e-01 8.452144265174865723e-02 1.878755982033908367e-03 3.231488168239593506e-02 3.139686072245240211e-03 5.787407606840133667e-02 2.826252393424510956e-02 3.338858112692832947e-02 7.062564045190811157e-02 1.121568083763122559e-01 2.968748845160007477e-02 2.638409845530986786e-02 2.194781154394149780e-01 5.129953846335411072e-02 1.388811618089675903e-01
1.890131621621549129e-03 6.915723532438278198e-02 4.112595319747924805e-02 1.309659481048583984e-01 9.970968216657638550e-02 3.126435726881027222e-02 4.687916859984397888e-02 2.070107311010360718e-02 6.991832703351974487e-02 1.050791442394256592e-01 3.405614197254180908e-02 8.596262335777282715e-02 1.595080457627773285e-02 3.297597169876098633e-02 2.641958929598331451e-02 5.893883481621742249e-02 0.000000000000000000e+00 1.321089733392000198e-02 4.484969750046730042e-02 1.902730315923690796e-01 1.427491605281829834e-01 5.706639587879180908e-02 2.667476236820220947e-02 5.580947548151016235e-02 1.068404759280383587e-03 8.705634623765945435e-02 2.560063078999519348e-02 1.290273815393447876e-01 5.357210338115692139e-02 2.930261753499507904e-02 3.260544314980506897e-02 1.626431941986083984e-01 7.662468589842319489e-03 8.060209453105926514e-02
1.510065142065286636e-02 5.599749833345413208e-02 2.793023176491260529e-02 1.179591491818428040e-01 1.127720326185226440e-01 4.445689171552658081e-02 3.368913754820823669e-02 3.390269726514816284e-02 5.675985664129257202e-02 9.199595451354980469e-02 2.085462771356105804e-02 7.283443957567214966e-02 2.740485128015279770e-03 4.616675525903701782e-02 3.961665928363800049e-02 4.576357081532478333e-02 1.321089733392000198e-02 0.000000000000000000e+00 3.165755420923233032e-02 1.775083392858505249e-01 1.297830194234848022e-01 4.388858750462532043e-02 1.346861105412244797e-02 4.263000935316085815e-02 1.214266382157802582e-02 7.393047213554382324e-02 1.239392533898353577e-02 1.160142421722412109e-01 6.673576682806015015e-02 1.609795168042182922e-02 1.940290443599224091e-02 1.754770427942276001e-01 5.548991262912750244e-03 9.371320158243179321e-02
4.673586413264274597e-02 2.438317239284515381e-02 3.730618627741932869e-03 8.662506937980651855e-02 1.439158022403717041e-01 7.600747048854827881e-02 2.033752156421542168e-03 6.548996269702911377e-02 2.514748647809028625e-02 6.051463633775711060e-02 1.081006322056055069e-02 4.127204418182373047e-02 2.891957946121692657e-02 7.771073281764984131e-02 7.118493318557739258e-02 1.412648428231477737e-02 4.484969750046730042e-02 3.165755420923233032e-02 0.000000000000000000e+00 1.466750353574752808e-01 9.853028506040573120e-02 1.224805228412151337e-02 1.819670200347900391e-02 1.098728459328413010e-02 4.378338530659675598e-02 4.237208887934684753e-02 1.927118934690952301e-02 8.466766029596328735e-02 9.818588197231292725e-02 1.556753460317850113e-02 1.226218324154615402e-02 2.059902846813201904e-01 3.720001131296157837e-02 1.249999105930328369e-01
1.920941025018692017e-01 1.227307915687561035e-01 1.503233909606933594e-01 6.082275882363319397e-02 2.845835983753204346e-01 2.202273160219192505e-01 1.446844339370727539e-01 2.101463824510574341e-01 1.219774633646011353e-01 8.693199604749679565e-02 1.572357863187789917e-01 1.060449406504631042e-01 1.748529076576232910e-01 2.218569964170455933e-01 2.156087905168533325e-01 1.328237503767013550e-01 1.902730315923690796e-01 1.775083392858505249e-01 1.466750353574752808e-01 0.000000000000000000e+00 4.885073006153106689e-02 1.346689164638519287e-01 1.644328683614730835e-01 1.359067559242248535e-01 1.892431080341339111e-01 1.049552261829376221e-01 1.654784828424453735e-01 6.278710067272186279e-02 2.413846403360366821e-01 1.618729531764984131e-01 1.586518734693527222e-01 3.423224985599517822e-01 1.828772127628326416e-01 2.667836248874664307e-01
1.446002870798110962e-01 7.432568073272705078e-02 1.022233292460441589e-01 1.200770307332277298e-02 2.390562593936920166e-01 1.732403486967086792e-01 9.651587158441543579e-02 1.629686653614044189e-01 7.356508076190948486e-02 3.824367374181747437e-02 1.092240065336227417e-01 5.749203637242317200e-02 1.270877271890640259e-01 1.749018281698226929e-01 1.685331463813781738e-01 8.452144265174865723e-02 1.427491605281829834e-01 1.297830194234848022e-01 9.853028506040573120e-02 4.885073006153106689e-02 0.000000000000000000e+00 8.638648688793182373e-02 1.165180802345275879e-01 8.763787150382995605e-02 1.417023688554763794e-01 5.639363080263137817e-02 1.175782233476638794e-01 1.397924590855836868e-02 1.948313266038894653e-01 1.139230802655220032e-01 1.106587722897529602e-01 2.984628975391387939e-01 1.352346241474151611e-01 2.208106368780136108e-01
5.895017087459564209e-02 1.213874202221632004e-02 1.597794145345687866e-02 7.445601373910903931e-02 1.558890640735626221e-01 8.817344158887863159e-02 1.021455507725477219e-02 7.767571508884429932e-02 1.290340814739465714e-02 4.830238968133926392e-02 2.305506542325019836e-02 2.903866954147815704e-02 4.115305095911026001e-02 8.987324684858322144e-02 8.336030691862106323e-02 1.878755982033908367e-03 5.706639587879180908e-02 4.388858750462532043e-02 1.224805228412151337e-02 1.346689164638519287e-01 8.638648688793182373e-02 0.000000000000000000e+00 3.043797053396701813e-02 1.260937540791928768e-03 5.600140988826751709e-02 3.013968281447887421e-02 3.151180222630500793e-02 7.249478250741958618e-02 1.103012859821319580e-01 2.781028486788272858e-02 2.450655587017536163e-02 2.176891118288040161e-01 4.942554235458374023e-02 1.370381712913513184e-01
2.856345288455486298e-02 4.256099089980125427e-02 1.446706615388393402e-02 1.046568006277084351e-01 1.260491907596588135e-01 5.789083614945411682e-02 2.022970467805862427e-02 4.734968766570091248e-02 4.332436248660087585e-02 7.862476259469985962e-02 7.388091646134853363e-03 5.942411720752716064e-02 1.072852127254009247e-02 5.959830805659294128e-02 5.305695906281471252e-02 3.231488168239593506e-02 2.667476236820220947e-02 1.346861105412244797e-02 1.819670200347900391e-02 1.644328683614730835e-01 1.165180802345275879e-01 3.043797053396701813e-02 0.000000000000000000e+00 2.917815186083316803e-02 2.560708485543727875e-02 6.052212789654731750e-02 1.074863248504698277e-03 1.027061268687248230e-01 8.013235032558441162e-02 2.629913156852126122e-03 5.935844033956527710e-03 1.885001361370086670e-01 1.901618018746376038e-02 1.070466935634613037e-01
5.769352614879608154e-02 1.339947525411844254e-02 1.471730135381221771e-02 7.570984214544296265e-02 1.546585410833358765e-01 8.692216873168945312e-02 8.953732438385486603e-03 7.642226666212081909e-02 1.416411437094211578e-02 4.956030845642089844e-02 2.179476059973239899e-02 3.029849566519260406e-02 3.989418596029281616e-02 8.862235397100448608e-02 8.210799843072891235e-02 3.139686072245240211e-03 5.580947548151016235e-02 4.263000935316085815e-02 1.098728459328413010e-02 1.359067559242248535e-01 8.763787150382995605e-02 1.260937540791928768e-03 2.917815186083316803e-02 0.000000000000000000e+00 5.474433675408363342e-02 3.139942511916160583e-02 3.025206923484802246e-02 7.374898344278335571e-02 1.090555116534233093e-01 2.655027993023395538e-02 2.324633486568927765e-02 2.164875864982604980e-01 4.816760495305061340e-02 1.358006894588470459e-01
2.958530792966485023e-03 6.809385865926742554e-02 4.005931317806243896e-02 1.299157142639160156e-01 1.007673591375350952e-01 3.233167901635169983e-02 4.581306129693984985e-02 2.176899835467338562e-02 6.885505467653274536e-02 1.040224134922027588e-01 3.298893570899963379e-02 8.490200340747833252e-02 1.488265395164489746e-02 3.404317796230316162e-02 2.748721465468406677e-02 5.787407606840133667e-02 1.068404759280383587e-03 1.214266382157802582e-02 4.378338530659675598e-02 1.892431080341339111e-01 1.417023688554763794e-01 5.600140988826751709e-02 2.560708485543727875e-02 5.474433675408363342e-02 0.000000000000000000e+00 8.599594235420227051e-02 2.453289926052093506e-02 1.279766410589218140e-01 5.463737621903419495e-02 2.823509834706783295e-02 3.153813630342483521e-02 1.636831313371658325e-01 6.594116799533367157e-03 8.166346698999404907e-02
8.893185108900070190e-02 1.800752617418766022e-02 4.609542712569236755e-02 4.441600665450096130e-02 1.851587891578674316e-01 1.179995313286781311e-01 4.034181684255599976e-02 1.075635775923728943e-01 1.724297739565372467e-02 1.818918809294700623e-02 5.315780639648437500e-02 1.101974979974329472e-03 7.120441645383834839e-02 1.196887269616127014e-01 1.132155358791351318e-01 2.826252393424510956e-02 8.705634623765945435e-02 7.393047213554382324e-02 4.237208887934684753e-02 1.049552261829376221e-01 5.639363080263137817e-02 3.013968281447887421e-02 6.052212789654731750e-02 3.139942511916160583e-02 8.599594235420227051e-02 0.000000000000000000e+00 6.159298866987228394e-02 4.244785383343696594e-02 1.399756222963333130e-01 5.790143460035324097e-02 5.460590124130249023e-02 2.462133467197418213e-01 7.944686710834503174e-02 1.664901971817016602e-01
2.748943306505680084e-02 4.363385215401649475e-02 1.554168760776519775e-02 1.057197749614715576e-01 1.249912604689598083e-01 5.681951344013214111e-02 2.130410820245742798e-02 4.627718031406402588e-02 4.439716041088104248e-02 7.969289273023605347e-02 8.462888188660144806e-03 6.049511581659317017e-02 9.653768502175807953e-03 5.852719396352767944e-02 5.198505893349647522e-02 3.338858112692832947e-02 2.560063078999519348e-02 1.239392533898353577e-02 1.927118934690952301e-02 1.654784828424453735e-01 1.175782233476638794e-01 3.151180222630500793e-02 1.074863248504698277e-03 3.025206923484802246e-02 2.453289926052093506e-02 6.159298866987228394e-02 0.000000000000000000e+00 1.037695333361625671e-01 7.906429469585418701e-02 3.704766044393181801e-03 7.010662462562322617e-03 1.874632537364959717e-01 1.794168353080749512e-02 1.059840396046638489e-01
1.308856010437011719e-01 6.040919572114944458e-02 8.837036788463592529e-02 1.971874386072158813e-03 2.258316874504089355e-01 1.596477478742599487e-01 8.264814317226409912e-02 1.493296027183532715e-01 5.964717268943786621e-02 2.427740953862667084e-02 9.539041668176651001e-02 4.354779049754142761e-02 1.133097857236862183e-01 1.613169908523559570e-01 1.549188792705535889e-01 7.062564045190811157e-02 1.290273815393447876e-01 1.160142421722412109e-01 8.466766029596328735e-02 6.278710067272186279e-02 1.397924590855836868e-02 7.249478250741958618e-02 1.027061268687248230e-01 7.374898344278335571e-02 1.279766410589218140e-01 4.244785383343696594e-02 1.037695333361625671e-01 0.000000000000000000e+00 1.813459843397140503e-01 1.001032516360282898e-01 9.682931005954742432e-02 2.856755554676055908e-01 1.214850321412086487e-01 2.074718177318572998e-01
5.168719962239265442e-02 1.222763210535049438e-01 9.448987245559692383e-02 1.832523196935653687e-01 4.638536274433135986e-02 2.234516851603984833e-02 1.001996248960494995e-01 3.290751948952674866e-02 1.230295971035957336e-01 1.577631384134292603e-01 8.746865391731262207e-02 1.388950794935226440e-01 6.946355104446411133e-02 2.063257619738578796e-02 2.719099633395671844e-02 1.121568083763122559e-01 5.357210338115692139e-02 6.673576682806015015e-02 9.818588197231292725e-02 2.413846403360366821e-01 1.948313266038894653e-01 1.103012859821319580e-01 8.013235032558441162e-02 1.090555116534233093e-01 5.463737621903419495e-02 1.399756222963333130e-01 7.906429469585418701e-02 1.813459843397140503e-01 0.000000000000000000e+00 8.274482190608978271e-02 8.602727204561233521e-02 1.100297868251800537e-01 6.120944023132324219e-02 2.714721485972404480e-02
3.119102306663990021e-02 3.993554413318634033e-02 1.183760352432727814e-02 1.020549833774566650e-01 1.286364644765853882e-01 6.051154062151908875e-02 1.760073006153106689e-02 4.997337982058525085e-02 4.069908708333969116e-02 7.601056993007659912e-02 4.758271388709545135e-03 5.680308118462562561e-02 1.335805654525756836e-02 6.221847236156463623e-02 5.567910149693489075e-02 2.968748845160007477e-02 2.930261753499507904e-02 1.609795168042182922e-02 1.556753460317850113e-02 1.618729531764984131e-01 1.139230802655220032e-01 2.781028486788272858e-02 2.629913156852126122e-03 2.655027993023395538e-02 2.823509834706783295e-02 5.790143460035324097e-02 3.704766044393181801e-03 1.001032516360282898e-01 8.274482190608978271e-02 0.000000000000000000e+00 3.305982099846005440e-03 1.910353451967239380e-01 2.164501138031482697e-02 1.096457466483116150e-01
3.449345007538795471e-02 3.663440048694610596e-02 8.531955070793628693e-03 9.878232330083847046e-02 1.318863630294799805e-01 6.380475312471389771e-02 1.429557800292968750e-02 5.327055975794792175e-02 3.739813715219497681e-02 7.272285223007202148e-02 1.452311989851295948e-03 5.350714549422264099e-02 1.666330359876155853e-02 6.551098078489303589e-02 5.897422879934310913e-02 2.638409845530986786e-02 3.260544314980506897e-02 1.940290443599224091e-02 1.226218324154615402e-02 1.586518734693527222e-01 1.106587722897529602e-01 2.450655587017536163e-02 5.935844033956527710e-03 2.324633486568927765e-02 3.153813630342483521e-02 5.460590124130249023e-02 7.010662462562322617e-03 9.682931005954742432e-02 8.602727204561233521e-02 3.305982099846005440e-03 0.000000000000000000e+00 1.942186653614044189e-01 2.494920790195465088e-02 1.129107922315597534e-01
1.608024835586547852e-01 2.292221486568450928e-01 2.024152129888534546e-01 2.874854803085327148e-01 6.397091597318649292e-02 1.320502907037734985e-01 2.079369127750396729e-01 1.424216181039810181e-01 2.299466133117675781e-01 2.632237076759338379e-01 1.956157982349395752e-01 2.451779097318649292e-01 1.781318634748458862e-01 1.303663998842239380e-01 1.368114650249481201e-01 2.194781154394149780e-01 1.626431941986083984e-01 1.754770427942276001e-01 2.059902846813201904e-01 3.423224985599517822e-01 2.984628975391387939e-01 2.176891118288040161e-01 1.885001361370086670e-01 2.164875864982604980e-01 1.636831313371658325e-01 2.462133467197418213e-01 1.874632537364959717e-01 2.856755554676055908e-01 1.100297868251800537e-01 1.910353451967239380e-01 1.942186653614044189e-01 0.000000000000000000e+00 1.700936704874038696e-01 8.313088119029998779e-02
9.552461095154285431e-03 6.152737513184547424e-02 3.347403556108474731e-02 1.234273388981819153e-01 1.072901785373687744e-01 3.891750052571296692e-02 3.923079371452331543e-02 2.835904434323310852e-02 6.228922680020332336e-02 9.749516844749450684e-02 2.640056237578392029e-02 7.835175842046737671e-02 8.289350196719169617e-03 4.062817618250846863e-02 3.407515585422515869e-02 5.129953846335411072e-02 7.662468589842319489e-03 5.548991262912750244e-03 3.720001131296157837e-02 1.828772127628326416e-01 1.352346241474151611e-01 4.942554235458374023e-02 1.901618018746376038e-02 4.816760495305061340e-02 6.594116799533367157e-03 7.944686710834503174e-02 1.794168353080749512e-02 1.214850321412086487e-01 6.120944023132324219e-02 2.164501138031482697e-02 2.494920790195465088e-02 1.700936704874038696e-01 0.000000000000000000e+00 8.821007609367370605e-02
7.872395962476730347e-02 1.489291638135910034e-01 1.213258802890777588e-01 2.093580216169357300e-01 1.926240138709545135e-02 4.946238175034523010e-02 1.270013749599456787e-01 6.000113859772682190e-02 1.496768891811370850e-01 1.841218024492263794e-01 1.143443584442138672e-01 1.654185503721237183e-01 9.642892330884933472e-02 4.775304719805717468e-02 5.429812893271446228e-02 1.388811618089675903e-01 8.060209453105926514e-02 9.371320158243179321e-02 1.249999105930328369e-01 2.667836248874664307e-01 2.208106368780136108e-01 1.370381712913513184e-01 1.070466935634613037e-01 1.358006894588470459e-01 8.166346698999404907e-02 1.664901971817016602e-01 1.059840396046638489e-01 2.074718177318572998e-01 2.714721485972404480e-02 1.096457466483116150e-01 1.129107922315597534e-01 8.313088119029998779e-02 8.821007609367370605e-02 0.000000000000000000e+00
