0.000000000000000000e+00 7.663475722074508667e-02 4.162091016769409180e-02 1.402506083250045776e-01 9.296267479658126831e-02 3.581096231937408447e-02 5.143600329756736755e-02 1.944977231323719025e-02 7.698918879032135010e-02 1.092982664704322815e-01 4.658869653940200806e-02 8.616981655359268188e-02 2.525541372597217560e-02 2.967739105224609375e-02 2.108761109411716461e-02 5.461079999804496765e-02 2.229869365692138672e-03 1.529701240360736847e-02 4.427204281091690063e-02 1.945769786834716797e-01 1.493706405162811279e-01 5.755774304270744324e-02 2.855741977691650391e-02 5.814926698803901672e-02 2.926944056525826454e-03 9.447705000638961792e-02 2.811762131750583649e-02 1.263974756002426147e-01 5.258541554212570190e-02 3.115434199571609497e-02 4.627859964966773987e-02 1.548074185848236084e-01 8.828691206872463226e-03 8.342028409242630005e-02
7.663475722074508667e-02 0.000000000000000000e+00 3.512588515877723694e-02 6.430702656507492065e-02 1.683977395296096802e-01 1.121379807591438293e-01 2.529847249388694763e-02 9.594152867794036865e-02 3.565361257642507553e-04 3.293941542506217957e-02 3.015371784567832947e-02 9.598450735211372375e-03 5.147897824645042419e-02 1.060709059238433838e-01 9.756470471620559692e-02 2.211651578545570374e-02 7.885114848613739014e-02 6.140973418951034546e-02 3.247288987040519714e-02 1.197275295853614807e-01 7.357812672853469849e-02 1.916153356432914734e-02 4.818278551101684570e-02 1.856823638081550598e-02 7.372434437274932861e-02 1.797241531312465668e-02 4.862190783023834229e-02 5.024946108460426331e-02 1.287015080451965332e-01 4.558926075696945190e-02 3.046420030295848846e-02 2.287286221981048584e-01 6.785197556018829346e-02 1.590383350849151611e-01
4.162091016769409180e-02 3.512588515877723694e-02 0.000000000000000000e+00 9.920881688594818115e-02 1.340648531913757324e-01 7.731663435697555542e-02 9.836154058575630188e-03 6.102128326892852783e-02 3.548197448253631592e-02 6.798662990331649780e-02 4.977437201887369156e-03 4.470925778150558472e-02 1.638271473348140717e-02 7.121033966541290283e-02 6.265352666378021240e-02 1.301948353648185730e-02 4.384671151638031006e-02 2.634066715836524963e-02 2.656027674674987793e-03 1.542048901319503784e-01 1.084237918257713318e-01 1.597510278224945068e-02 1.307903230190277100e-02 1.656845584511756897e-02 3.869868069887161255e-02 5.306480079889297485e-02 1.351910829544067383e-02 8.522491902112960815e-02 9.400059282779693604e-02 1.048015430569648743e-02 4.666677676141262054e-03 1.951707899570465088e-01 3.280427306890487671e-02 1.246085464954376221e-01
1.402506083250045776e-01 6.430702656507492065e-02 9.920881688594818115e-02 0.000000000000000000e+00 2.302117794752120972e-01 1.751817315816879272e-01 8.945996314287185669e-02 1.592659354209899902e-01 6.395196169614791870e-02 3.143420070409774780e-02 9.427794069051742554e-02 5.474236980080604553e-02 1.154039725661277771e-01 1.692236363887786865e-01 1.608624607324600220e-01 8.630080521106719971e-02 1.424359381198883057e-01 1.252222508192062378e-01 9.657824039459228516e-02 5.585051327943801880e-02 9.315177798271179199e-03 8.336583524942398071e-02 1.121423467993736267e-01 8.277641981840133667e-02 1.373800635337829590e-01 4.638822749257087708e-02 1.125769391655921936e-01 1.410314254462718964e-02 1.914242506027221680e-01 1.095750480890274048e-01 9.458592534065246582e-02 2.887879014015197754e-01 1.315848529338836670e-01 2.210842669010162354e-01
9.296267479658126831e-02 1.683977395296096802e-01 1.340648531913757324e-01 2.302117794752120972e-01 0.000000000000000000e+00 5.734260752797126770e-02 1.437115073204040527e-01 7.364606112241744995e-02 1.687441468238830566e-01 2.002265155315399170e-01 1.389495730400085449e-01 1.777089536190032959e-01 1.179411858320236206e-01 6.346036493778228760e-02 7.201623916625976562e-02 1.468280702829360962e-01 9.075161814689636230e-02 1.081059575080871582e-01 1.366722285747528076e-01 2.824309468269348145e-01 2.390143871307373047e-01 1.497192978858947754e-01 1.211983412504196167e-01 1.502994596958160400e-01 9.586353600025177002e-02 1.858077943325042725e-01 1.207646355032920837e-01 2.168125510215759277e-01 4.057561606168746948e-02 1.237585917115211487e-01 1.386447995901107788e-01 6.274776160717010498e-02 1.017078980803489685e-01 9.616969153285026550e-03
3.581096231937408447e-02 1.121379807591438293e-01 7.731663435697555542e-02 1.751817315816879272e-01 5.734260752797126770e-02 0.000000000000000000e+00 8.708655834197998047e-02 1.637259498238563538e-02 1.124900132417678833e-01 1.445434838533401489e-01 8.226241171360015869e-02 1.216055378317832947e-01 6.101119890809059143e-02 6.140099372714757919e-03 1.473448053002357483e-02 9.024527668952941895e-02 3.358377888798713684e-02 5.107999965548515320e-02 7.995624095201492310e-02 2.287937253713607788e-01 1.841963231563568115e-01 9.317664802074432373e-02 6.430262327194213867e-02 9.376496821641921997e-02 3.873385116457939148e-02 1.298486888408660889e-01 6.386428326368331909e-02 1.614775210618972778e-01 1.680609583854675293e-02 6.689067929983139038e-02 8.195374906063079834e-02 1.196598187088966370e-01 4.462555050849914551e-02 4.775197431445121765e-02
5.143600329756736755e-02 2.529847249388694763e-02 9.836154058575630188e-03 8.945996314287185669e-02 1.437115073204040527e-01 8.708655834197998047e-02 0.000000000000000000e+00 7.081493735313415527e-02 2.565477602183818817e-02 5.818939581513404846e-02 4.858955275267362595e-03 3.488845005631446838e-02 2.621464617550373077e-02 8.098977059125900269e-02 7.244504243135452271e-02 3.183737397193908691e-03 5.365972220897674561e-02 3.616745397448539734e-02 7.180314511060714722e-03 1.445880532264709473e-01 9.869289398193359375e-02 6.139913573861122131e-03 2.291223965585231781e-02 6.733397487550973892e-03 4.851636663079261780e-02 4.325122013688087463e-02 2.335215732455253601e-02 7.545201480388641357e-02 1.037408262491226196e-01 2.031421475112438202e-02 5.169714801013469696e-03 2.046141326427459717e-01 4.262667521834373474e-02 1.342801153659820557e-01
1.944977231323719025e-02 9.594152867794036865e-02 6.102128326892852783e-02 1.592659354209899902e-01 7.364606112241744995e-02 1.637259498238563538e-02 7.081493735313415527e-02 0.000000000000000000e+00 9.629476815462112427e-02 1.284749209880828857e-01 6.597868353128433228e-02 1.054428741335868835e-01 4.468324035406112671e-02 1.023352518677711487e-02 1.638510380871593952e-03 7.398199290037155151e-02 1.722065173089504242e-02 3.473645448684692383e-02 6.366699188947677612e-02 2.132198363542556763e-01 1.683313846588134766e-01 7.692140340805053711e-02 4.798054695129394531e-02 7.751137018203735352e-02 2.237544395029544830e-02 1.137178540229797363e-01 4.754139482975006104e-02 1.454895734786987305e-01 3.316956385970115662e-02 5.057347193360328674e-02 6.566926836967468262e-02 1.357664316892623901e-01 2.827361226081848145e-02 6.407447159290313721e-02
7.698918879032135010e-02 3.565361257642507553e-04 3.548197448253631592e-02 6.395196169614791870e-02 1.687441468238830566e-01 1.124900132417678833e-01 2.565477602183818817e-02 9.629476815462112427e-02 0.000000000000000000e+00 3.258326277136802673e-02 3.050992824137210846e-02 9.241946041584014893e-03 5.183456093072891235e-02 1.064234226942062378e-01 9.791783243417739868e-02 2.247287333011627197e-02 7.920546084642410278e-02 6.176492199301719666e-02 3.282904252409934998e-02 1.193760931491851807e-01 7.322351634502410889e-02 1.951793581247329712e-02 4.853848367929458618e-02 1.892464607954025269e-02 7.407893985509872437e-02 1.761599071323871613e-02 4.897759109735488892e-02 4.989381507039070129e-02 1.290521323680877686e-01 4.594504460692405701e-02 3.082040324807167053e-02 2.290664613246917725e-01 6.820686161518096924e-02 1.593858301639556885e-01
1.092982664704322815e-01 3.293941542506217957e-02 6.798662990331649780e-02 3.143420070409774780e-02 2.002265155315399170e-01 1.445434838533401489e-01 5.818939581513404846e-02 1.284749209880828857e-01 3.258326277136802673e-02 0.000000000000000000e+00 6.303052604198455811e-02 2.334834635257720947e-02 8.427548408508300781e-02 1.385263353586196899e-01 1.300860494375228882e-01 5.501585081219673157e-02 1.115009635686874390e-01 9.415868669748306274e-02 6.534241139888763428e-02 8.713174611330032349e-02 4.073745012283325195e-02 5.206808075308799744e-02 8.099365234375000000e-02 5.147616192698478699e-02 1.064053624868392944e-01 1.497586444020271301e-02 8.143090456724166870e-02 1.733874343335628510e-02 1.609585732221603394e-01 7.841092348098754883e-02 6.334006041288375854e-02 2.597112953662872314e-01 1.005666255950927734e-01 1.909772753715515137e-01
4.658869653940200806e-02 3.015371784567832947e-02 4.977437201887369156e-03 9.427794069051742554e-02 1.389495730400085449e-01 8.226241171360015869e-02 4.858955275267362595e-03 6.597868353128433228e-02 3.050992824137210846e-02 6.303052604198455811e-02 0.000000000000000000e+00 3.974066674709320068e-02 2.135841175913810730e-02 7.616078108549118042e-02 6.760988384485244751e-02 8.042568340897560120e-03 4.881349205970764160e-02 3.131399676203727722e-02 2.321440028026700020e-03 1.493420898914337158e-01 1.035022214055061340e-01 1.099854148924350739e-02 1.805529557168483734e-02 1.159197464585304260e-02 4.366770386695861816e-02 4.810006916522979736e-02 1.849530078470706940e-02 8.028153330087661743e-02 9.893173724412918091e-02 1.545678544789552689e-02 3.107668017037212849e-04 1.999539881944656372e-01 3.777553886175155640e-02 1.295056641101837158e-01
8.616981655359268188e-02 9.598450735211372375e-03 4.470925778150558472e-02 5.474236980080604553e-02 1.777089536190032959e-01 1.216055378317832947e-01 3.488845005631446838e-02 1.054428741335868835e-01 9.241946041584014893e-03 2.334834635257720947e-02 3.974066674709320068e-02 0.000000000000000000e+00 6.104726344347000122e-02 1.155517175793647766e-01 1.070628911256790161e-01 3.170823305845260620e-02 8.838270604610443115e-02 7.096635550260543823e-02 4.205822944641113281e-02 1.102557852864265442e-01 6.402490288019180298e-02 2.875469438731670380e-02 5.775452405214309692e-02 2.816166542470455170e-02 8.326388150453567505e-02 8.375409059226512909e-03 5.819319561123847961e-02 4.067062586545944214e-02 1.381293386220932007e-01 5.516356974840164185e-02 4.005094245076179504e-02 2.378049790859222412e-01 7.740002125501632690e-02 1.683797389268875122e-01
2.525541372597217560e-02 5.147897824645042419e-02 1.638271473348140717e-02 1.154039725661277771e-01 1.179411858320236206e-01 6.101119890809059143e-02 2.621464617550373077e-02 4.468324035406112671e-02 5.183456093072891235e-02 8.427548408508300781e-02 2.135841175913810730e-02 6.104726344347000122e-02 0.000000000000000000e+00 5.489166826009750366e-02 4.631835967302322388e-02 2.939593046903610229e-02 2.748373709619045258e-02 9.962252341210842133e-03 1.903791539371013641e-02 1.701577454805374146e-01 1.245852187275886536e-01 3.234935179352760315e-02 3.304390236735343933e-03 3.294222801923751831e-02 2.233012206852436066e-02 6.938719004392623901e-02 2.864241134375333786e-03 1.014659628272056580e-01 7.773758471012115479e-02 5.903574638068675995e-03 2.104778401553630829e-02 1.793615669012069702e-01 1.643038727343082428e-02 1.084472239017486572e-01
2.967739105224609375e-02 1.060709059238433838e-01 7.121033966541290283e-02 1.692236363887786865e-01 6.346036493778228760e-02 6.140099372714757919e-03 8.098977059125900269e-02 1.023352518677711487e-02 1.064234226942062378e-01 1.385263353586196899e-01 7.616078108549118042e-02 1.155517175793647766e-01 5.489166826009750366e-02 0.000000000000000000e+00 8.595159277319908142e-03 8.415181189775466919e-02 2.744933776557445526e-02 4.495399445295333862e-02 7.385240495204925537e-02 2.229668647050857544e-01 1.782578229904174805e-01 8.708637952804565430e-02 5.818550288677215576e-02 8.767535537481307983e-02 3.260150179266929626e-02 1.238073036074638367e-01 5.774682760238647461e-02 1.554916054010391235e-01 2.294382639229297638e-02 6.077554821968078613e-02 7.585181295871734619e-02 1.257075518369674683e-01 3.849599510431289673e-02 5.387627705931663513e-02
2.108761109411716461e-02 9.756470471620559692e-02 6.265352666378021240e-02 1.608624607324600220e-01 7.201623916625976562e-02 1.473448053002357483e-02 7.244504243135452271e-02 1.638510380871593952e-03 9.791783243417739868e-02 1.300860494375228882e-01 6.760988384485244751e-02 1.070628911256790161e-01 4.631835967302322388e-02 8.595159277319908142e-03 0.000000000000000000e+00 7.561133801937103271e-02 1.885863021016120911e-02 3.637289255857467651e-02 6.529869139194488525e-02 2.147833108901977539e-01 1.699230223894119263e-01 7.855001091957092285e-02 4.961515590548515320e-02 7.913982868194580078e-02 2.401307411491870880e-02 1.153348758816719055e-01 4.917607456445693970e-02 1.470930278301239014e-01 3.153276816010475159e-02 5.220765620470046997e-02 6.730053573846817017e-02 1.341577619314193726e-01 2.991073578596115112e-02 6.244251877069473267e-02
5.461079999804496765e-02 2.211651578545570374e-02 1.301948353648185730e-02 8.630080521106719971e-02 1.468280702829360962e-01 9.024527668952941895e-02 3.183737397193908691e-03 7.398199290037155151e-02 2.247287333011627197e-02 5.501585081219673157e-02 8.042568340897560120e-03 3.170823305845260620e-02 2.939593046903610229e-02 8.415181189775466919e-02 7.561133801937103271e-02 0.000000000000000000e+00 5.683374777436256409e-02 3.934666141867637634e-02 1.036381535232067108e-02 1.414694339036941528e-01 9.553918242454528809e-02 2.956233918666839600e-03 2.609407342970371246e-02 3.549736458808183670e-03 5.169212073087692261e-02 4.007299989461898804e-02 2.653392218053340912e-02 7.228563725948333740e-02 1.068892553448677063e-01 2.349643222987651825e-02 8.353314362466335297e-03 2.076625972986221313e-01 4.580419510602951050e-02 1.374051123857498169e-01
2.229869365692138672e-03 7.885114848613739014e-02 4.384671151638031006e-02 1.424359381198883057e-01 9.075161814689636230e-02 3.358377888798713684e-02 5.365972220897674561e-02 1.722065173089504242e-02 7.920546084642410278e-02 1.115009635686874390e-01 4.881349205970764160e-02 8.838270604610443115e-02 2.748373709619045258e-02 2.744933776557445526e-02 1.885863021016120911e-02 5.683374777436256409e-02 0.000000000000000000e+00 1.752628199756145477e-02 4.649732261896133423e-02 1.967215090990066528e-01 1.515500396490097046e-01 5.977994203567504883e-02 3.078533150255680084e-02 6.037130951881408691e-02 5.156779661774635315e-03 9.668654948472976685e-02 3.034558892250061035e-02 1.285911053419113159e-01 5.036145076155662537e-02 3.338189423084259033e-02 4.850345849990844727e-02 1.526302397251129150e-01 1.105834264308214188e-02 8.120552450418472290e-02
1.529701240360736847e-02 6.140973418951034546e-02 2.634066715836524963e-02 1.252222508192062378e-01 1.081059575080871582e-01 5.107999965548515320e-02 3.616745397448539734e-02 3.473645448684692383e-02 6.176492199301719666e-02 9.415868669748306274e-02 3.131399676203727722e-02 7.096635550260543823e-02 9.962252341210842133e-03 4.495399445295333862e-02 3.637289255857467651e-02 3.934666141867637634e-02 1.752628199756145477e-02 0.000000000000000000e+00 2.899466827511787415e-02 1.798152029514312744e-01 1.343806684017181396e-01 4.229797422885894775e-02 1.326620578765869141e-02 4.289040341973304749e-02 1.237062085419893265e-02 7.929463684558868408e-02 1.282612700015306473e-02 1.113156974315643311e-01 6.782786548137664795e-02 1.586489379405975342e-02 3.100353479385375977e-02 1.697025597095489502e-01 6.469194311648607254e-03 9.859149158000946045e-02
4.427204281091690063e-02 3.247288987040519714e-02 2.656027674674987793e-03 9.657824039459228516e-02 1.366722285747528076e-01 7.995624095201492310e-02 7.180314511060714722e-03 6.366699188947677612e-02 3.282904252409934998e-02 6.534241139888763428e-02 2.321440028026700020e-03 4.205822944641113281e-02 1.903791539371013641e-02 7.385240495204925537e-02 6.529869139194488525e-02 1.036381535232067108e-02 4.649732261896133423e-02 2.899466827511787415e-02 0.000000000000000000e+00 1.516109704971313477e-01 1.057982370257377625e-01 1.331964042037725449e-02 1.573451422154903412e-02 1.391303911805152893e-02 4.135045781731605530e-02 5.041587725281715393e-02 1.617455482482910156e-02 8.258758485317230225e-02 9.663248807191848755e-02 1.313581690192222595e-02 2.010674914345145226e-03 1.977243125438690186e-01 3.545721247792243958e-02 1.272224783897399902e-01
1.945769786834716797e-01 1.197275295853614807e-01 1.542048901319503784e-01 5.585051327943801880e-02 2.824309468269348145e-01 2.287937253713607788e-01 1.445880532264709473e-01 2.132198363542556763e-01 1.193760931491851807e-01 8.713174611330032349e-02 1.493420898914337158e-01 1.102557852864265442e-01 1.701577454805374146e-01 2.229668647050857544e-01 2.147833108901977539e-01 1.414694339036941528e-01 1.967215090990066528e-01 1.798152029514312744e-01 1.516109704971313477e-01 0.000000000000000000e+00 4.655955731868743896e-02 1.385711580514907837e-01 1.669472306966781616e-01 1.379889994859695435e-01 1.917592585086822510e-01 1.019745469093322754e-01 1.673750877380371094e-01 6.989859789609909058e-02 2.446590662002563477e-01 1.644193381071090698e-01 1.496459245681762695e-01 3.391679823398590088e-01 1.860679388046264648e-01 2.735569775104522705e-01
1.493706405162811279e-01 7.357812672853469849e-02 1.084237918257713318e-01 9.315177798271179199e-03 2.390143871307373047e-01 1.841963231563568115e-01 9.869289398193359375e-02 1.683313846588134766e-01 7.322351634502410889e-02 4.073745012283325195e-02 1.035022214055061340e-01 6.402490288019180298e-02 1.245852187275886536e-01 1.782578229904174805e-01 1.699230223894119263e-01 9.553918242454528809e-02 1.515500396490097046e-01 1.343806684017181396e-01 1.057982370257377625e-01 4.655955731868743896e-02 0.000000000000000000e+00 9.260910004377365112e-02 1.213307753205299377e-01 9.202064573764801025e-02 1.465077549219131470e-01 5.567934364080429077e-02 1.217644289135932922e-01 2.341524325311183929e-02 2.003821134567260742e-01 1.187689974904060364e-01 1.038096398115158081e-01 2.973032891750335693e-01 1.407275348901748657e-01 2.299259305000305176e-01
5.755774304270744324e-02 1.916153356432914734e-02 1.597510278224945068e-02 8.336583524942398071e-02 1.497192978858947754e-01 9.317664802074432373e-02 6.139913573861122131e-03 7.692140340805053711e-02 1.951793581247329712e-02 5.206808075308799744e-02 1.099854148924350739e-02 2.875469438731670380e-02 3.234935179352760315e-02 8.708637952804565430e-02 7.855001091957092285e-02 2.956233918666839600e-03 5.977994203567504883e-02 4.229797422885894775e-02 1.331964042037725449e-02 1.385711580514907837e-01 9.260910004377365112e-02 0.000000000000000000e+00 2.904806658625602722e-02 5.935089429840445518e-04 5.464000627398490906e-02 3.712116554379463196e-02 2.948784269392490387e-02 6.934422999620437622e-02 1.098107993602752686e-01 2.645082771778106689e-02 1.130926888436079025e-02 2.104896157979965210e-01 4.875382781028747559e-02 1.403043568134307861e-01
2.855741977691650391e-02 4.818278551101684570e-02 1.307903230190277100e-02 1.121423467993736267e-01 1.211983412504196167e-01 6.430262327194213867e-02 2.291223965585231781e-02 4.798054695129394531e-02 4.853848367929458618e-02 8.099365234375000000e-02 1.805529557168483734e-02 5.775452405214309692e-02 3.304390236735343933e-03 5.818550288677215576e-02 4.961515590548515320e-02 2.609407342970371246e-02 3.078533150255680084e-02 1.326620578765869141e-02 1.573451422154903412e-02 1.669472306966781616e-01 1.213307753205299377e-01 2.904806658625602722e-02 0.000000000000000000e+00 2.964106388390064240e-02 2.563261985778808594e-02 6.609795242547988892e-02 4.401532642077654600e-04 9.819449484348297119e-02 8.102116733789443970e-02 2.599235158413648605e-03 1.774462871253490448e-02 1.825577616691589355e-01 1.973370648920536041e-02 1.117115840315818787e-01
5.814926698803901672e-02 1.856823638081550598e-02 1.656845584511756897e-02 8.277641981840133667e-02 1.502994596958160400e-01 9.376496821641921997e-02 6.733397487550973892e-03 7.751137018203735352e-02 1.892464607954025269e-02 5.147616192698478699e-02 1.159197464585304260e-02 2.816166542470455170e-02 3.294222801923751831e-02 8.767535537481307983e-02 7.913982868194580078e-02 3.549736458808183670e-03 6.037130951881408691e-02 4.289040341973304749e-02 1.391303911805152893e-02 1.379889994859695435e-01 9.202064573764801025e-02 5.935089429840445518e-04 2.964106388390064240e-02 0.000000000000000000e+00 5.523172393441200256e-02 3.652846068143844604e-02 3.008082509040832520e-02 6.875354796648025513e-02 1.103971078991889954e-01 2.704391255974769592e-02 1.190269831568002701e-02 2.110567539930343628e-01 4.934590682387351990e-02 1.408861279487609863e-01
2.926944056525826454e-03 7.372434437274932861e-02 3.869868069887161255e-02 1.373800635337829590e-01 9.586353600025177002e-02 3.873385116457939148e-02 4.851636663079261780e-02 2.237544395029544830e-02 7.407893985509872437e-02 1.064053624868392944e-01 4.366770386695861816e-02 8.326388150453567505e-02 2.233012206852436066e-02 3.260150179266929626e-02 2.401307411491870880e-02 5.169212073087692261e-02 5.156779661774635315e-03 1.237062085419893265e-02 4.135045781731605530e-02 1.917592585086822510e-01 1.465077549219131470e-01 5.464000627398490906e-02 2.563261985778808594e-02 5.523172393441200256e-02 0.000000000000000000e+00 9.157542884349822998e-02 2.519275061786174774e-02 1.235162243247032166e-01 5.550381541252136230e-02 2.822997421026229858e-02 4.335752502083778381e-02 1.576629281044006348e-01 5.901899654418230057e-03 8.632615208625793457e-02
9.447705000638961792e-02 1.797241531312465668e-02 5.306480079889297485e-02 4.638822749257087708e-02 1.858077943325042725e-01 1.298486888408660889e-01 4.325122013688087463e-02 1.137178540229797363e-01 1.761599071323871613e-02 1.497586444020271301e-02 4.810006916522979736e-02 8.375409059226512909e-03 6.938719004392623901e-02 1.238073036074638367e-01 1.153348758816719055e-01 4.007299989461898804e-02 9.668654948472976685e-02 7.929463684558868408e-02 5.041587725281715393e-02 1.019745469093322754e-01 5.567934364080429077e-02 3.712116554379463196e-02 6.609795242547988892e-02 3.652846068143844604e-02 9.157542884349822998e-02 0.000000000000000000e+00 6.653617322444915771e-02 3.230622038245201111e-02 1.463354527950286865e-01 6.350963562726974487e-02 4.841011017560958862e-02 2.456910461187362671e-01 8.571985363960266113e-02 1.765062212944030762e-01
2.811762131750583649e-02 4.862190783023834229e-02 1.351910829544067383e-02 1.125769391655921936e-01 1.207646355032920837e-01 6.386428326368331909e-02 2.335215732455253601e-02 4.754139482975006104e-02 4.897759109735488892e-02 8.143090456724166870e-02 1.849530078470706940e-02 5.819319561123847961e-02 2.864241134375333786e-03 5.774682760238647461e-02 4.917607456445693970e-02 2.653392218053340912e-02 3.034558892250061035e-02 1.282612700015306473e-02 1.617455482482910156e-02 1.673750877380371094e-01 1.217644289135932922e-01 2.948784269392490387e-02 4.401532642077654600e-04 3.008082509040832520e-02 2.519275061786174774e-02 6.653617322444915771e-02 0.000000000000000000e+00 9.863038361072540283e-02 8.058388531208038330e-02 3.039384959265589714e-03 1.818463951349258423e-02 1.821322441101074219e-01 1.929372176527976990e-02 1.112769022583961487e-01
1.263974756002426147e-01 5.024946108460426331e-02 8.522491902112960815e-02 1.410314254462718964e-02 2.168125510215759277e-01 1.614775210618972778e-01 7.545201480388641357e-02 1.454895734786987305e-01 4.989381507039070129e-02 1.733874343335628510e-02 8.028153330087661743e-02 4.067062586545944214e-02 1.014659628272056580e-01 1.554916054010391235e-01 1.470930278301239014e-01 7.228563725948333740e-02 1.285911053419113159e-01 1.113156974315643311e-01 8.258758485317230225e-02 6.989859789609909058e-02 2.341524325311183929e-02 6.934422999620437622e-02 9.819449484348297119e-02 6.875354796648025513e-02 1.235162243247032166e-01 3.230622038245201111e-02 9.863038361072540283e-02 0.000000000000000000e+00 1.778011023998260498e-01 9.561966359615325928e-02 8.059029281139373779e-02 2.758080959320068359e-01 1.177001371979713440e-01 2.076285034418106079e-01
5.258541554212570190e-02 1.287015080451965332e-01 9.400059282779693604e-02 1.914242506027221680e-01 4.057561606168746948e-02 1.680609583854675293e-02 1.037408262491226196e-01 3.316956385970115662e-02 1.290521323680877686e-01 1.609585732221603394e-01 9.893173724412918091e-02 1.381293386220932007e-01 7.773758471012115479e-02 2.294382639229297638e-02 3.153276816010475159e-02 1.068892553448677063e-01 5.036145076155662537e-02 6.782786548137664795e-02 9.663248807191848755e-02 2.446590662002563477e-01 2.003821134567260742e-01 1.098107993602752686e-01 8.102116733789443970e-02 1.103971078991889954e-01 5.550381541252136230e-02 1.463354527950286865e-01 8.058388531208038330e-02 1.778011023998260498e-01 0.000000000000000000e+00 8.360279351472854614e-02 9.862399846315383911e-02 1.030609831213951111e-01 6.138560175895690918e-02 3.097073175013065338e-02
3.115434199571609497e-02 4.558926075696945190e-02 1.048015430569648743e-02 1.095750480890274048e-01 1.237585917115211487e-01 6.689067929983139038e-02 2.031421475112438202e-02 5.057347193360328674e-02 4.594504460692405701e-02 7.841092348098754883e-02 1.545678544789552689e-02 5.516356974840164185e-02 5.903574638068675995e-03 6.077554821968078613e-02 5.220765620470046997e-02 2.349643222987651825e-02 3.338189423084259033e-02 1.586489379405975342e-02 1.313581690192222595e-02 1.644193381071090698e-01 1.187689974904060364e-01 2.645082771778106689e-02 2.599235158413648605e-03 2.704391255974769592e-02 2.822997421026229858e-02 6.350963562726974487e-02 3.039384959265589714e-03 9.561966359615325928e-02 8.360279351472854614e-02 0.000000000000000000e+00 1.514609251171350479e-02 1.850691735744476318e-01 2.233179658651351929e-02 1.142776310443878174e-01
4.627859964966773987e-02 3.046420030295848846e-02 4.666677676141262054e-03 9.458592534065246582e-02 1.386447995901107788e-01 8.195374906063079834e-02 5.169714801013469696e-03 6.566926836967468262e-02 3.082040324807167053e-02 6.334006041288375854e-02 3.107668017037212849e-04 4.005094245076179504e-02 2.104778401553630829e-02 7.585181295871734619e-02 6.730053573846817017e-02 8.353314362466335297e-03 4.850345849990844727e-02 3.100353479385375977e-02 2.010674914345145226e-03 1.496459245681762695e-01 1.038096398115158081e-01 1.130926888436079025e-02 1.774462871253490448e-02 1.190269831568002701e-02 4.335752502083778381e-02 4.841011017560958862e-02 1.818463951349258423e-02 8.059029281139373779e-02 9.862399846315383911e-02 1.514609251171350479e-02 0.000000000000000000e+00 1.996556222438812256e-01 3.746521472930908203e-02 1.292001008987426758e-01
1.548074185848236084e-01 2.287286221981048584e-01 1.951707899570465088e-01 2.887879014015197754e-01 6.274776160717010498e-02 1.196598187088966370e-01 2.046141326427459717e-01 1.357664316892623901e-01 2.290664613246917725e-01 2.597112953662872314e-01 1.999539881944656372e-01 2.378049790859222412e-01 1.793615669012069702e-01 1.257075518369674683e-01 1.341577619314193726e-01 2.076625972986221313e-01 1.526302397251129150e-01 1.697025597095489502e-01 1.977243125438690186e-01 3.391679823398590088e-01 2.973032891750335693e-01 2.104896157979965210e-01 1.825577616691589355e-01 2.110567539930343628e-01 1.576629281044006348e-01 2.456910461187362671e-01 1.821322441101074219e-01 2.758080959320068359e-01 1.030609831213951111e-01 1.850691735744476318e-01 1.996556222438812256e-01 0.000000000000000000e+00 1.634127646684646606e-01 7.232108712196350098e-02
8.828691206872463226e-03 6.785197556018829346e-02 3.280427306890487671e-02 1.315848529338836670e-01 1.017078980803489685e-01 4.462555050849914551e-02 4.262667521834373474e-02 2.827361226081848145e-02 6.820686161518096924e-02 1.005666255950927734e-01 3.777553886175155640e-02 7.740002125501632690e-02 1.643038727343082428e-02 3.849599510431289673e-02 2.991073578596115112e-02 4.580419510602951050e-02 1.105834264308214188e-02 6.469194311648607254e-03 3.545721247792243958e-02 1.860679388046264648e-01 1.407275348901748657e-01 4.875382781028747559e-02 1.973370648920536041e-02 4.934590682387351990e-02 5.901899654418230057e-03 8.571985363960266113e-02 1.929372176527976990e-02 1.177001371979713440e-01 6.138560175895690918e-02 2.233179658651351929e-02 3.746521472930908203e-02 1.634127646684646606e-01 0.000000000000000000e+00 9.218109399080276489e-02
8.342028409242630005e-02 1.590383350849151611e-01 1.246085464954376221e-01 2.210842669010162354e-01 9.616969153285026550e-03 4.775197431445121765e-02 1.342801153659820557e-01 6.407447159290313721e-02 1.593858301639556885e-01 1.909772753715515137e-01 1.295056641101837158e-01 1.683797389268875122e-01 1.084472239017486572e-01 5.387627705931663513e-02 6.244251877069473267e-02 1.374051123857498169e-01 8.120552450418472290e-02 9.859149158000946045e-02 1.272224783897399902e-01 2.735569775104522705e-01 2.299259305000305176e-01 1.403043568134307861e-01 1.117115840315818787e-01 1.408861279487609863e-01 8.632615208625793457e-02 1.765062212944030762e-01 1.112769022583961487e-01 2.076285034418106079e-01 3.097073175013065338e-02 1.142776310443878174e-01 1.292001008987426758e-01 7.232108712196350098e-02 9.218109399080276489e-02 0.000000000000000000e+00
