0.000000000000000000e+00 6.715510785579681396e-02 3.743915632367134094e-02 1.349133253097534180e-01 1.029520407319068909e-01 3.842058777809143066e-02 4.959909245371818542e-02 1.774026267230510712e-02 6.543645262718200684e-02 1.097916811704635620e-01 3.402403369545936584e-02 8.565081655979156494e-02 2.121985889971256256e-02 4.056775197386741638e-02 2.557575702667236328e-02 4.602940008044242859e-02 3.797125769779086113e-03 1.235469896346330643e-02 3.656377270817756653e-02 1.902936697006225586e-01 1.456645280122756958e-01 5.632545799016952515e-02 1.931863091886043549e-02 5.534195154905319214e-02 4.075356759130954742e-03 8.841607719659805298e-02 2.163685858249664307e-02 1.159891560673713684e-01 6.143330037593841553e-02 2.544372342526912689e-02 3.864847868680953979e-02 1.554489731788635254e-01 6.932332180440425873e-03 8.630385994911193848e-02
6.715510785579681396e-02 0.000000000000000000e+00 2.979085408151149750e-02 6.837772578001022339e-02 1.689391434192657471e-01 1.053040027618408203e-01 1.761469244956970215e-02 8.479435741901397705e-02 1.726246788166463375e-03 4.295326769351959229e-02 3.320695087313652039e-02 1.860271207988262177e-02 4.600080475211143494e-02 1.074301823973655701e-01 9.257187694311141968e-02 2.119121514260768890e-02 7.093414664268493652e-02 5.484591796994209290e-02 3.066663816571235657e-02 1.247325316071510315e-01 7.928499579429626465e-02 1.087077427655458450e-02 4.789862036705017090e-02 1.185722555965185165e-02 7.121097296476364136e-02 2.138795517385005951e-02 4.558448866009712219e-02 4.921741038560867310e-02 1.280600875616073608e-01 4.178277775645256042e-02 2.858081087470054626e-02 2.203042954206466675e-01 6.025082617998123169e-02 1.525747030973434448e-01
3.743915632367134094e-02 2.979085408151149750e-02 0.000000000000000000e+00 9.796901792287826538e-02 1.398521512746810913e-01 7.575078308582305908e-02 1.218255423009395599e-02 5.514279752969741821e-02 2.806605026125907898e-02 7.265115529298782349e-02 3.419483313336968422e-03 4.836675897240638733e-02 1.623219437897205353e-02 7.788861542940139771e-02 6.295463442802429199e-02 8.605071343481540680e-03 4.123042151331901550e-02 2.509606815874576569e-02 8.765846141614019871e-04 1.539513319730758667e-01 1.088188290596008301e-01 1.892620883882045746e-02 1.813364215195178986e-02 1.793996430933475494e-02 4.150818288326263428e-02 5.114622414112091064e-02 1.581510715186595917e-02 7.889258861541748047e-02 9.864557534456253052e-02 1.200687419623136520e-02 1.211073948070406914e-03 1.917720437049865723e-01 3.051474504172801971e-02 1.233444735407829285e-01
1.349133253097534180e-01 6.837772578001022339e-02 9.796901792287826538e-02 0.000000000000000000e+00 2.346067726612091064e-01 1.724400818347930908e-01 8.588896691799163818e-02 1.522891074419021606e-01 7.009570300579071045e-02 2.549935132265090942e-02 1.013545393943786621e-01 4.983840882778167725e-02 1.140198856592178345e-01 1.745258718729019165e-01 1.599372178316116333e-01 8.943934738636016846e-02 1.386394351720809937e-01 1.227632537484169006e-01 9.883711487054824829e-02 5.683958902955055237e-02 1.096672751009464264e-02 7.918963581323623657e-02 1.158967688679695129e-01 8.016995340585708618e-02 1.389123052358627319e-01 4.705858975648880005e-02 1.136080995202064514e-01 1.922501437366008759e-02 1.947326511144638062e-01 1.098466739058494568e-01 9.676942229270935059e-02 2.843978703022003174e-01 1.281008124351501465e-01 2.186710834503173828e-01
1.029520407319068909e-01 1.689391434192657471e-01 1.398521512746810913e-01 2.346067726612091064e-01 0.000000000000000000e+00 6.478772312402725220e-02 1.517761051654815674e-01 8.536769449710845947e-02 1.672616750001907349e-01 2.103659063577651978e-01 1.364979296922683716e-01 1.869543194770812988e-01 1.239012256264686584e-01 6.264592707157135010e-02 7.758056372404098511e-02 1.482787728309631348e-01 9.919369220733642578e-02 1.151602640748023987e-01 1.389926075935363770e-01 2.876110672950744629e-01 2.449432909488677979e-01 1.583591997623443604e-01 1.220279708504676819e-01 1.573972105979919434e-01 9.891818463802337646e-02 1.896418631076812744e-01 1.243119984865188599e-01 2.163576036691665649e-01 4.178300499916076660e-02 1.280603110790252686e-01 1.410393416881561279e-01 5.335075035691261292e-02 1.098060086369514465e-01 1.679742895066738129e-02
3.842058777809143066e-02 1.053040027618408203e-01 7.575078308582305908e-02 1.724400818347930908e-01 6.478772312402725220e-02 0.000000000000000000e+00 8.785226196050643921e-02 2.069442905485630035e-02 1.035965830087661743e-01 1.475896984338760376e-01 7.235004007816314697e-02 1.236644685268402100e-01 5.959186330437660217e-02 2.150516491383314133e-03 1.285746414214372635e-02 8.430090546607971191e-02 3.462851420044898987e-02 5.075119435787200928e-02 7.487916946411132812e-02 2.270542085170745850e-01 1.830606162548065186e-01 9.454144537448883057e-02 5.769639462232589722e-02 9.356360137462615967e-02 3.435060754418373108e-02 1.264072507619857788e-01 6.000756472349166870e-02 1.537246853113174438e-01 2.306715957820415497e-02 6.380193680524826050e-02 7.695479691028594971e-02 1.177315339446067810e-01 4.534084349870681763e-02 4.804258048534393311e-02
4.959909245371818542e-02 1.761469244956970215e-02 1.218255423009395599e-02 8.588896691799163818e-02 1.517761051654815674e-01 8.785226196050643921e-02 0.000000000000000000e+00 6.728015840053558350e-02 1.588892936706542969e-02 6.052216887474060059e-02 1.560138631612062454e-02 3.620554134249687195e-02 2.840913087129592896e-02 8.998578041791915894e-02 7.507960498332977295e-02 3.577857511118054390e-03 5.338616296648979187e-02 3.726723045110702515e-02 1.305899769067764282e-02 1.420351564884185791e-01 9.676454961299896240e-02 6.745209917426109314e-03 3.030950203537940979e-02 5.758670158684253693e-03 5.366360023617744446e-02 3.898796066641807556e-02 2.799226902425289154e-02 6.677421927452087402e-02 1.106951013207435608e-01 2.418588846921920776e-02 1.097164209932088852e-02 2.034792304039001465e-01 4.268142953515052795e-02 1.353236883878707886e-01
1.774026267230510712e-02 8.479435741901397705e-02 5.514279752969741821e-02 1.522891074419021606e-01 8.536769449710845947e-02 2.069442905485630035e-02 6.728015840053558350e-02 0.000000000000000000e+00 8.308026939630508423e-02 1.272840350866317749e-01 5.173306912183761597e-02 1.032342165708541870e-01 3.894545882940292358e-02 2.284393087029457092e-02 7.839051075279712677e-03 6.371763348579406738e-02 1.394407637417316437e-02 3.008836694061756134e-02 5.426883324980735779e-02 2.073340117931365967e-01 1.629836261272430420e-01 7.399179041385650635e-02 3.704619780182838440e-02 7.301053404808044434e-02 1.366589497774839401e-02 1.059900969266891479e-01 3.936201333999633789e-02 1.334548145532608032e-01 4.374070838093757629e-02 4.316450282931327820e-02 5.635010823607444763e-02 1.380895227193832397e-01 2.466956153512001038e-02 6.866873055696487427e-02
6.543645262718200684e-02 1.726246788166463375e-03 2.806605026125907898e-02 7.009570300579071045e-02 1.672616750001907349e-01 1.035965830087661743e-01 1.588892936706542969e-02 8.308026939630508423e-02 0.000000000000000000e+00 4.467620328068733215e-02 3.148251026868820190e-02 2.032830752432346344e-02 4.427807405591011047e-02 1.057235449552536011e-01 9.086015075445175171e-02 1.946568116545677185e-02 6.921637803316116333e-02 5.312469974160194397e-02 2.894192375242710114e-02 1.264315545558929443e-01 8.100015670061111450e-02 9.144699200987815857e-03 4.617619141936302185e-02 1.013118680566549301e-02 6.949327141046524048e-02 2.311334758996963501e-02 4.386169463396072388e-02 5.093932896852493286e-02 1.263617724180221558e-01 4.005942121148109436e-02 2.685588970780372620e-02 2.186612039804458618e-01 5.853066965937614441e-02 1.508881896734237671e-01
1.097916811704635620e-01 4.295326769351959229e-02 7.265115529298782349e-02 2.549935132265090942e-02 2.103659063577651978e-01 1.475896984338760376e-01 6.052216887474060059e-02 1.272840350866317749e-01 4.467620328068733215e-02 0.000000000000000000e+00 7.605174183845520020e-02 2.437003143131732941e-02 8.877865970134735107e-02 1.496926993131637573e-01 1.349883973598480225e-01 6.408615410327911377e-02 1.135414764285087585e-01 9.756933152675628662e-02 7.352305948734283447e-02 8.221977204084396362e-02 3.645588457584381104e-02 5.379892140626907349e-02 9.066535532474517822e-02 5.478259176015853882e-02 1.138161048293113708e-01 2.158514223992824554e-02 8.836474269628524780e-02 6.277413107454776764e-03 1.700778305530548096e-01 8.458424359560012817e-02 7.144636660814285278e-02 2.607897520065307617e-01 1.029376983642578125e-01 1.942549049854278564e-01
3.402403369545936584e-02 3.320695087313652039e-02 3.419483313336968422e-03 1.013545393943786621e-01 1.364979296922683716e-01 7.235004007816314697e-02 1.560138631612062454e-02 5.173306912183761597e-02 3.148251026868820190e-02 7.605174183845520020e-02 0.000000000000000000e+00 5.177767947316169739e-02 1.281342282891273499e-02 7.448896765708923340e-02 5.954797193408012390e-02 1.202420145273208618e-02 3.781627118587493896e-02 2.167844586074352264e-02 2.542905975133180618e-03 1.572879999876022339e-01 1.121965572237968445e-01 2.234424464404582977e-02 1.471507269889116287e-02 2.135813608765602112e-02 3.809410706162452698e-02 5.455616116523742676e-02 1.239629648625850677e-02 8.228988200426101685e-02 9.525822848081588745e-02 8.587743155658245087e-03 4.630538169294595718e-03 1.884761750698089600e-01 2.709808945655822754e-02 1.199755966663360596e-01
8.565081655979156494e-02 1.860271207988262177e-02 4.836675897240638733e-02 4.983840882778167725e-02 1.869543194770812988e-01 1.236644685268402100e-01 3.620554134249687195e-02 1.032342165708541870e-01 2.032830752432346344e-02 2.437003143131732941e-02 5.177767947316169739e-02 0.000000000000000000e+00 6.454827636480331421e-02 1.257815212011337280e-01 1.109834611415863037e-01 3.977824375033378601e-02 8.941885828971862793e-02 7.337376475334167480e-02 4.924125969409942627e-02 1.063766553997993469e-01 6.077192351222038269e-02 2.946752682328224182e-02 6.644212454557418823e-02 3.045322187244892120e-02 8.969487249851226807e-02 2.786352764815092087e-03 6.413280963897705078e-02 3.064275346696376801e-02 1.463142335414886475e-01 6.033859401941299438e-02 4.715844616293907166e-02 2.379318922758102417e-01 7.876525819301605225e-02 1.706929206848144531e-01
2.121985889971256256e-02 4.600080475211143494e-02 1.623219437897205353e-02 1.140198856592178345e-01 1.239012256264686584e-01 5.959186330437660217e-02 2.840913087129592896e-02 3.894545882940292358e-02 4.427807405591011047e-02 8.877865970134735107e-02 1.281342282891273499e-02 6.454827636480331421e-02 0.000000000000000000e+00 6.173446774482727051e-02 4.677023366093635559e-02 2.483379654586315155e-02 2.501496858894824982e-02 8.867484517395496368e-03 1.535582914948463440e-02 1.697592884302139282e-01 1.248305290937423706e-01 3.514760360121726990e-02 1.902007730677723885e-03 3.416221216320991516e-02 2.529302798211574554e-02 6.732252240180969238e-02 4.171928740106523037e-04 9.500312060117721558e-02 8.254554867744445801e-02 4.226144868880510330e-03 1.744292490184307098e-02 1.760879904031753540e-01 1.428962964564561844e-02 1.073271706700325012e-01
4.056775197386741638e-02 1.074301823973655701e-01 7.788861542940139771e-02 1.745258718729019165e-01 6.264592707157135010e-02 2.150516491383314133e-03 8.998578041791915894e-02 2.284393087029457092e-02 1.057235449552536011e-01 1.496926993131637573e-01 7.448896765708923340e-02 1.257815212011337280e-01 6.173446774482727051e-02 0.000000000000000000e+00 1.500756479799747467e-02 8.643575757741928101e-02 3.677629306912422180e-02 5.289594084024429321e-02 7.701728492975234985e-02 2.290928661823272705e-01 1.851382404565811157e-01 9.667231142520904541e-02 5.983948707580566406e-02 9.569485485553741455e-02 3.649843111634254456e-02 1.285228282213211060e-01 6.215006113052368164e-02 1.558236926794052124e-01 2.091768011450767517e-02 6.594340503215789795e-02 7.909222692251205444e-02 1.156102940440177917e-01 4.748672619462013245e-02 4.589680209755897522e-02
2.557575702667236328e-02 9.257187694311141968e-02 6.295463442802429199e-02 1.599372178316116333e-01 7.758056372404098511e-02 1.285746414214372635e-02 7.507960498332977295e-02 7.839051075279712677e-03 9.086015075445175171e-02 1.349883973598480225e-01 5.954797193408012390e-02 1.109834611415863037e-01 4.677023366093635559e-02 1.500756479799747467e-02 0.000000000000000000e+00 7.152095437049865723e-02 2.178074605762958527e-02 3.791847452521324158e-02 6.208147853612899780e-02 2.148239016532897949e-01 1.706047207117080688e-01 8.178339898586273193e-02 4.487221688032150269e-02 8.080334216356277466e-02 2.150264196097850800e-02 1.137346401810646057e-01 4.718650504946708679e-02 1.411461979150772095e-01 3.591397032141685486e-02 5.098630115389823914e-02 6.416081637144088745e-02 1.303916126489639282e-01 3.250233083963394165e-02 6.086244434118270874e-02
4.602940008044242859e-02 2.119121514260768890e-02 8.605071343481540680e-03 8.943934738636016846e-02 1.482787728309631348e-01 8.430090546607971191e-02 3.577857511118054390e-03 6.371763348579406738e-02 1.946568116545677185e-02 6.408615410327911377e-02 1.202420145273208618e-02 3.977824375033378601e-02 2.483379654586315155e-02 8.643575757741928101e-02 7.152095437049865723e-02 0.000000000000000000e+00 4.981781914830207825e-02 3.369386121630668640e-02 9.481584653258323669e-03 1.455390602350234985e-01 1.003076806664466858e-01 1.032281853258609772e-02 2.673454210162162781e-02 9.336335584521293640e-03 5.009536072611808777e-02 4.255988448858261108e-02 2.441685646772384644e-02 7.033526897430419922e-02 1.071596816182136536e-01 2.060981653630733490e-02 7.394074462354183197e-03 2.000470012426376343e-01 3.910954669117927551e-02 1.318096369504928589e-01
3.797125769779086113e-03 7.093414664268493652e-02 4.123042151331901550e-02 1.386394351720809937e-01 9.919369220733642578e-02 3.462851420044898987e-02 5.338616296648979187e-02 1.394407637417316437e-02 6.921637803316116333e-02 1.135414764285087585e-01 3.781627118587493896e-02 8.941885828971862793e-02 2.501496858894824982e-02 3.677629306912422180e-02 2.178074605762958527e-02 4.981781914830207825e-02 0.000000000000000000e+00 1.615106686949729919e-02 4.035529494285583496e-02 1.939506530761718750e-01 1.493790447711944580e-01 6.010972708463668823e-02 2.311406098306179047e-02 5.912665277719497681e-02 2.782351803034543991e-04 9.218225628137588501e-02 2.543189562857151031e-02 1.197335496544837952e-01 5.764962360262870789e-02 2.923802472651004791e-02 4.243937879800796509e-02 1.517414152622222900e-01 1.072917599231004715e-02 8.253377676010131836e-02
1.235469896346330643e-02 5.484591796994209290e-02 2.509606815874576569e-02 1.227632537484169006e-01 1.151602640748023987e-01 5.075119435787200928e-02 3.726723045110702515e-02 3.008836694061756134e-02 5.312469974160194397e-02 9.756933152675628662e-02 2.167844586074352264e-02 7.337376475334167480e-02 8.867484517395496368e-03 5.289594084024429321e-02 3.791847452521324158e-02 3.369386121630668640e-02 1.615106686949729919e-02 0.000000000000000000e+00 2.422001585364341736e-02 1.783583015203475952e-01 1.335501819849014282e-01 4.400137811899185181e-02 6.965594831854104996e-03 4.301666468381881714e-02 1.642922870814800262e-02 7.614455372095108032e-02 9.284643456339836121e-03 1.037831753492355347e-01 7.373204082250595093e-02 1.309313997626304626e-02 2.630634233355522156e-02 1.674820184707641602e-01 5.422830581665039062e-03 9.855347126722335815e-02
3.656377270817756653e-02 3.066663816571235657e-02 8.765846141614019871e-04 9.883711487054824829e-02 1.389926075935363770e-01 7.487916946411132812e-02 1.305899769067764282e-02 5.426883324980735779e-02 2.894192375242710114e-02 7.352305948734283447e-02 2.542905975133180618e-03 4.924125969409942627e-02 1.535582914948463440e-02 7.701728492975234985e-02 6.208147853612899780e-02 9.481584653258323669e-03 4.035529494285583496e-02 2.422001585364341736e-02 0.000000000000000000e+00 1.548070013523101807e-01 1.096849516034126282e-01 1.980246417224407196e-02 1.725733280181884766e-02 1.881625317037105560e-02 4.063307493925094604e-02 5.202047154307365417e-02 1.493873167783021927e-02 7.976365834474563599e-02 9.777744114398956299e-02 1.113040558993816376e-02 2.087656175717711449e-03 1.909275650978088379e-01 2.963895350694656372e-02 1.224811375141143799e-01
1.902936697006225586e-01 1.247325316071510315e-01 1.539513319730758667e-01 5.683958902955055237e-02 2.876110672950744629e-01 2.270542085170745850e-01 1.420351564884185791e-01 2.073340117931365967e-01 1.264315545558929443e-01 8.221977204084396362e-02 1.572879999876022339e-01 1.063766553997993469e-01 1.697592884302139282e-01 2.290928661823272705e-01 2.148239016532897949e-01 1.455390602350234985e-01 1.939506530761718750e-01 1.783583015203475952e-01 1.548070013523101807e-01 0.000000000000000000e+00 4.590147361159324646e-02 1.354196965694427490e-01 1.716058999300003052e-01 1.363880485296249390e-01 1.942183971405029297e-01 1.036210134625434875e-01 1.693540960550308228e-01 7.598157227039337158e-02 2.488182038068771362e-01 1.656519919633865356e-01 1.527687460184097290e-01 3.358091115951538086e-01 1.836035251617431641e-01 2.721283435821533203e-01
1.456645280122756958e-01 7.928499579429626465e-02 1.088188290596008301e-01 1.096672751009464264e-02 2.449432909488677979e-01 1.830606162548065186e-01 9.676454961299896240e-02 1.629836261272430420e-01 8.100015670061111450e-02 3.645588457584381104e-02 1.121965572237968445e-01 6.077192351222038269e-02 1.248305290937423706e-01 1.851382404565811157e-01 1.706047207117080688e-01 1.003076806664466858e-01 1.493790447711944580e-01 1.335501819849014282e-01 1.096849516034126282e-01 4.590147361159324646e-02 0.000000000000000000e+00 9.007813036441802979e-02 1.267024427652359009e-01 9.105662256479263306e-02 1.496510505676269531e-01 5.799539014697074890e-02 1.244198158383369446e-01 3.018537722527980804e-02 2.052610218524932861e-01 1.206680312752723694e-01 1.076219379901885986e-01 2.944462597370147705e-01 1.388724297285079956e-01 2.290884405374526978e-01
5.632545799016952515e-02 1.087077427655458450e-02 1.892620883882045746e-02 7.918963581323623657e-02 1.583591997623443604e-01 9.454144537448883057e-02 6.745209917426109314e-03 7.399179041385650635e-02 9.144699200987815857e-03 5.379892140626907349e-02 2.234424464404582977e-02 2.946752682328224182e-02 3.514760360121726990e-02 9.667231142520904541e-02 8.178339898586273193e-02 1.032281853258609772e-02 6.010972708463668823e-02 4.400137811899185181e-02 1.980246417224407196e-02 1.354196965694427490e-01 9.007813036441802979e-02 0.000000000000000000e+00 3.704713657498359680e-02 9.865780593827366829e-04 6.038695201277732849e-02 3.225123137235641479e-02 3.473092243075370789e-02 6.005605682730674744e-02 1.173526868224143982e-01 3.092605434358119965e-02 1.771554164588451385e-02 2.099362909793853760e-01 4.941241443157196045e-02 1.419393420219421387e-01
1.931863091886043549e-02 4.789862036705017090e-02 1.813364215195178986e-02 1.158967688679695129e-01 1.220279708504676819e-01 5.769639462232589722e-02 3.030950203537940979e-02 3.704619780182838440e-02 4.617619141936302185e-02 9.066535532474517822e-02 1.471507269889116287e-02 6.644212454557418823e-02 1.902007730677723885e-03 5.983948707580566406e-02 4.487221688032150269e-02 2.673454210162162781e-02 2.311406098306179047e-02 6.965594831854104996e-03 1.725733280181884766e-02 1.716058999300003052e-01 1.267024427652359009e-01 3.704713657498359680e-02 0.000000000000000000e+00 3.606187552213668823e-02 2.339214645326137543e-02 6.921567022800445557e-02 2.319198800250887871e-03 9.688762575387954712e-02 8.065620809793472290e-02 6.128103937953710556e-03 1.934429258108139038e-02 1.742443442344665527e-01 1.238795742392539978e-02 1.054466813802719116e-01
5.534195154905319214e-02 1.185722555965185165e-02 1.793996430933475494e-02 8.016995340585708618e-02 1.573972105979919434e-01 9.356360137462615967e-02 5.758670158684253693e-03 7.301053404808044434e-02 1.013118680566549301e-02 5.478259176015853882e-02 2.135813608765602112e-02 3.045322187244892120e-02 3.416221216320991516e-02 9.569485485553741455e-02 8.080334216356277466e-02 9.336335584521293640e-03 5.912665277719497681e-02 4.301666468381881714e-02 1.881625317037105560e-02 1.363880485296249390e-01 9.105662256479263306e-02 9.865780593827366829e-04 3.606187552213668823e-02 0.000000000000000000e+00 5.940390750765800476e-02 3.323674947023391724e-02 3.374550119042396545e-02 6.103901565074920654e-02 1.163795813918113708e-01 2.994038723409175873e-02 1.672925427556037903e-02 2.089930027723312378e-01 4.842820018529891968e-02 1.409725099802017212e-01
4.075356759130954742e-03 7.121097296476364136e-02 4.150818288326263428e-02 1.389123052358627319e-01 9.891818463802337646e-02 3.435060754418373108e-02 5.366360023617744446e-02 1.366589497774839401e-02 6.949327141046524048e-02 1.138161048293113708e-01 3.809410706162452698e-02 8.969487249851226807e-02 2.529302798211574554e-02 3.649843111634254456e-02 2.150264196097850800e-02 5.009536072611808777e-02 2.782351803034543991e-04 1.642922870814800262e-02 4.063307493925094604e-02 1.942183971405029297e-01 1.496510505676269531e-01 6.038695201277732849e-02 2.339214645326137543e-02 5.940390750765800476e-02 0.000000000000000000e+00 9.245811402797698975e-02 2.570994943380355835e-02 1.200077906250953674e-01 5.737230926752090454e-02 2.951601892709732056e-02 4.271711036562919617e-02 1.514695882797241211e-01 1.100737694650888443e-02 8.225743472576141357e-02
8.841607719659805298e-02 2.138795517385005951e-02 5.114622414112091064e-02 4.705858975648880005e-02 1.896418631076812744e-01 1.264072507619857788e-01 3.898796066641807556e-02 1.059900969266891479e-01 2.311334758996963501e-02 2.158514223992824554e-02 5.455616116523742676e-02 2.786352764815092087e-03 6.732252240180969238e-02 1.285228282213211060e-01 1.137346401810646057e-01 4.255988448858261108e-02 9.218225628137588501e-02 7.614455372095108032e-02 5.202047154307365417e-02 1.036210134625434875e-01 5.799539014697074890e-02 3.225123137235641479e-02 6.921567022800445557e-02 3.323674947023391724e-02 9.245811402797698975e-02 0.000000000000000000e+00 6.690721213817596436e-02 2.785878255963325500e-02 1.490398496389389038e-01 6.311433762311935425e-02 4.993824288249015808e-02 2.405587732791900635e-01 8.153371512889862061e-02 1.733968108892440796e-01
2.163685858249664307e-02 4.558448866009712219e-02 1.581510715186595917e-02 1.136080995202064514e-01 1.243119984865188599e-01 6.000756472349166870e-02 2.799226902425289154e-02 3.936201333999633789e-02 4.386169463396072388e-02 8.836474269628524780e-02 1.239629648625850677e-02 6.413280963897705078e-02 4.171928740106523037e-04 6.215006113052368164e-02 4.718650504946708679e-02 2.441685646772384644e-02 2.543189562857151031e-02 9.284643456339836121e-03 1.493873167783021927e-02 1.693540960550308228e-01 1.244198158383369446e-01 3.473092243075370789e-02 2.319198800250887871e-03 3.374550119042396545e-02 2.570994943380355835e-02 6.690721213817596436e-02 0.000000000000000000e+00 9.458967298269271851e-02 8.295988291501998901e-02 3.808958921581506729e-03 1.702585630118846893e-02 1.764922142028808594e-01 1.470673456788063049e-02 1.077395379543304443e-01
1.159891560673713684e-01 4.921741038560867310e-02 7.889258861541748047e-02 1.922501437366008759e-02 2.163576036691665649e-01 1.537246853113174438e-01 6.677421927452087402e-02 1.334548145532608032e-01 5.093932896852493286e-02 6.277413107454776764e-03 8.228988200426101685e-02 3.064275346696376801e-02 9.500312060117721558e-02 1.558236926794052124e-01 1.411461979150772095e-01 7.033526897430419922e-02 1.197335496544837952e-01 1.037831753492355347e-01 7.976365834474563599e-02 7.598157227039337158e-02 3.018537722527980804e-02 6.005605682730674744e-02 9.688762575387954712e-02 6.103901565074920654e-02 1.200077906250953674e-01 2.785878255963325500e-02 9.458967298269271851e-02 0.000000000000000000e+00 1.761671602725982666e-01 9.081344306468963623e-02 7.768893986940383911e-02 2.666306793689727783e-01 1.091445833444595337e-01 2.002880573272705078e-01
6.143330037593841553e-02 1.280600875616073608e-01 9.864557534456253052e-02 1.947326511144638062e-01 4.178300499916076660e-02 2.306715957820415497e-02 1.106951013207435608e-01 4.374070838093757629e-02 1.263617724180221558e-01 1.700778305530548096e-01 9.525822848081588745e-02 1.463142335414886475e-01 8.254554867744445801e-02 2.091768011450767517e-02 3.591397032141685486e-02 1.071596816182136536e-01 5.764962360262870789e-02 7.373204082250595093e-02 9.777744114398956299e-02 2.488182038068771362e-01 2.052610218524932861e-01 1.173526868224143982e-01 8.065620809793472290e-02 1.163795813918113708e-01 5.737230926752090454e-02 1.490398496389389038e-01 8.295988291501998901e-02 1.761671602725982666e-01 0.000000000000000000e+00 8.674143999814987183e-02 9.984471648931503296e-02 9.492216259241104126e-02 6.833653151988983154e-02 2.500312589108943939e-02
2.544372342526912689e-02 4.178277775645256042e-02 1.200687419623136520e-02 1.098466739058494568e-01 1.280603110790252686e-01 6.380193680524826050e-02 2.418588846921920776e-02 4.316450282931327820e-02 4.005942121148109436e-02 8.458424359560012817e-02 8.587743155658245087e-03 6.033859401941299438e-02 4.226144868880510330e-03 6.594340503215789795e-02 5.098630115389823914e-02 2.060981653630733490e-02 2.923802472651004791e-02 1.309313997626304626e-02 1.113040558993816376e-02 1.656519919633865356e-01 1.206680312752723694e-01 3.092605434358119965e-02 6.128103937953710556e-03 2.994038723409175873e-02 2.951601892709732056e-02 6.311433762311935425e-02 3.808958921581506729e-03 9.081344306468963623e-02 8.674143999814987183e-02 0.000000000000000000e+00 1.321775559335947037e-02 1.801800578832626343e-01 1.851465553045272827e-02 1.115027368068695068e-01
3.864847868680953979e-02 2.858081087470054626e-02 1.211073948070406914e-03 9.676942229270935059e-02 1.410393416881561279e-01 7.695479691028594971e-02 1.097164209932088852e-02 5.635010823607444763e-02 2.685588970780372620e-02 7.144636660814285278e-02 4.630538169294595718e-03 4.715844616293907166e-02 1.744292490184307098e-02 7.909222692251205444e-02 6.416081637144088745e-02 7.394074462354183197e-03 4.243937879800796509e-02 2.630634233355522156e-02 2.087656175717711449e-03 1.527687460184097290e-01 1.076219379901885986e-01 1.771554164588451385e-02 1.934429258108139038e-02 1.672925427556037903e-02 4.271711036562919617e-02 4.993824288249015808e-02 1.702585630118846893e-02 7.768893986940383911e-02 9.984471648931503296e-02 1.321775559335947037e-02 0.000000000000000000e+00 1.929383128881454468e-01 3.172464668750762939e-02 1.245369389653205872e-01
1.554489731788635254e-01 2.203042954206466675e-01 1.917720437049865723e-01 2.843978703022003174e-01 5.335075035691261292e-02 1.177315339446067810e-01 2.034792304039001465e-01 1.380895227193832397e-01 2.186612039804458618e-01 2.607897520065307617e-01 1.884761750698089600e-01 2.379318922758102417e-01 1.760879904031753540e-01 1.156102940440177917e-01 1.303916126489639282e-01 2.000470012426376343e-01 1.517414152622222900e-01 1.674820184707641602e-01 1.909275650978088379e-01 3.358091115951538086e-01 2.944462597370147705e-01 2.099362909793853760e-01 1.742443442344665527e-01 2.089930027723312378e-01 1.514695882797241211e-01 2.405587732791900635e-01 1.764922142028808594e-01 2.666306793689727783e-01 9.492216259241104126e-02 1.801800578832626343e-01 1.929383128881454468e-01 0.000000000000000000e+00 1.622065156698226929e-01 7.008536905050277710e-02
6.932332180440425873e-03 6.025082617998123169e-02 3.051474504172801971e-02 1.281008124351501465e-01 1.098060086369514465e-01 4.534084349870681763e-02 4.268142953515052795e-02 2.466956153512001038e-02 5.853066965937614441e-02 1.029376983642578125e-01 2.709808945655822754e-02 7.876525819301605225e-02 1.428962964564561844e-02 4.748672619462013245e-02 3.250233083963394165e-02 3.910954669117927551e-02 1.072917599231004715e-02 5.422830581665039062e-03 2.963895350694656372e-02 1.836035251617431641e-01 1.388724297285079956e-01 4.941241443157196045e-02 1.238795742392539978e-02 4.842820018529891968e-02 1.100737694650888443e-02 8.153371512889862061e-02 1.470673456788063049e-02 1.091445833444595337e-01 6.833653151988983154e-02 1.851465553045272827e-02 3.172464668750762939e-02 1.622065156698226929e-01 0.000000000000000000e+00 9.318044781684875488e-02
8.630385994911193848e-02 1.525747030973434448e-01 1.233444735407829285e-01 2.186710834503173828e-01 1.679742895066738129e-02 4.804258048534393311e-02 1.353236883878707886e-01 6.866873055696487427e-02 1.508881896734237671e-01 1.942549049854278564e-01 1.199755966663360596e-01 1.706929206848144531e-01 1.073271706700325012e-01 4.589680209755897522e-02 6.086244434118270874e-02 1.318096369504928589e-01 8.253377676010131836e-02 9.855347126722335815e-02 1.224811375141143799e-01 2.721283435821533203e-01 2.290884405374526978e-01 1.419393420219421387e-01 1.054466813802719116e-01 1.409725099802017212e-01 8.225743472576141357e-02 1.733968108892440796e-01 1.077395379543304443e-01 2.002880573272705078e-01 2.500312589108943939e-02 1.115027368068695068e-01 1.245369389653205872e-01 7.008536905050277710e-02 9.318044781684875488e-02 0.000000000000000000e+00
