0.000000000000000000e+00 6.339669227600097656e-02 3.880875185132026672e-02 1.315485835075378418e-01 1.028251200914382935e-01 3.514537960290908813e-02 5.041847750544548035e-02 1.994801312685012817e-02 6.293049454689025879e-02 9.872677922248840332e-02 3.469869866967201233e-02 7.780905812978744507e-02 1.542366296052932739e-02 3.388953208923339844e-02 3.184140473604202271e-02 4.959742724895477295e-02 1.879255869425833225e-04 1.142384111881256104e-02 3.774925693869590759e-02 1.861331015825271606e-01 1.449884623289108276e-01 5.276939272880554199e-02 1.787019334733486176e-02 5.426633358001708984e-02 2.184722572565078735e-03 8.156671375036239624e-02 2.289684675633907318e-02 1.257612109184265137e-01 5.960233882069587708e-02 2.661937102675437927e-02 3.186203539371490479e-02 1.531387716531753540e-01 1.309641054831445217e-03 8.486802130937576294e-02
6.339669227600097656e-02 0.000000000000000000e+00 2.464859001338481903e-02 6.872504204511642456e-02 1.651452630758285522e-01 9.832299500703811646e-02 1.301983557641506195e-02 8.323943614959716797e-02 4.680725978687405586e-04 3.555259853601455688e-02 2.876127138733863831e-02 1.448381040245294571e-02 4.801999032497406006e-02 9.707766026258468628e-02 9.504623711109161377e-02 1.384279783815145493e-02 6.358386576175689697e-02 5.201052501797676086e-02 2.570896968245506287e-02 1.242020204663276672e-01 8.234870433807373047e-02 1.066297665238380432e-02 4.557814076542854309e-02 9.161886759102344513e-03 6.557233631610870361e-02 1.826446503400802612e-02 4.055872932076454163e-02 6.286574155092239380e-02 1.225360259413719177e-01 3.683949634432792664e-02 3.159848973155021667e-02 2.144534587860107422e-01 6.209221482276916504e-02 1.474712640047073364e-01
3.880875185132026672e-02 2.464859001338481903e-02 0.000000000000000000e+00 9.321572631597518921e-02 1.410709321498870850e-01 7.385339587926864624e-02 1.163248904049396515e-02 5.871131271123886108e-02 2.418079786002635956e-02 6.014848500490188599e-02 4.115596879273653030e-03 3.911843523383140564e-02 2.339909225702285767e-02 7.260279357433319092e-02 7.056295871734619141e-02 1.080948300659656525e-02 3.899639099836349487e-02 2.739705331623554230e-02 1.061049522832036018e-03 1.483962982892990112e-01 1.067805439233779907e-01 1.398929115384817123e-02 2.095308713614940643e-02 1.549020409584045410e-02 4.098999872803688049e-02 4.289374500513076782e-02 1.592605561017990112e-02 8.737893402576446533e-02 9.818398207426071167e-02 1.220198348164558411e-02 6.955316290259361267e-03 1.908134967088699341e-01 3.750101476907730103e-02 1.232707649469375610e-01
1.315485835075378418e-01 6.872504204511642456e-02 9.321572631597518921e-02 0.000000000000000000e+00 2.312457561492919922e-01 1.659268289804458618e-01 8.167179673910140991e-02 1.511000841856002808e-01 6.919088959693908691e-02 3.325369209051132202e-02 9.729400277137756348e-02 5.429527908563613892e-02 1.163610219955444336e-01 1.647038608789443970e-01 1.627084612846374512e-01 8.248937129974365234e-02 1.317332684993743896e-01 1.203055456280708313e-01 9.426745772361755371e-02 5.595459789037704468e-02 1.370119396597146988e-02 7.932988554239273071e-02 1.139462590217590332e-01 7.783792167901992798e-02 1.336948871612548828e-01 5.052399635314941406e-02 1.089800074696540833e-01 5.884726531803607941e-03 1.896638572216033936e-01 1.052979528903961182e-01 1.001061424612998962e-01 2.790655493736267090e-01 1.302614063024520874e-01 2.140271514654159546e-01
1.028251200914382935e-01 1.651452630758285522e-01 1.410709321498870850e-01 2.312457561492919922e-01 0.000000000000000000e+00 6.792520731687545776e-02 1.524532288312911987e-01 8.304744958877563477e-02 1.646899282932281494e-01 1.995263844728469849e-01 1.370348781347274780e-01 1.792004406452178955e-01 1.180615425109863281e-01 6.917664408683776855e-02 7.121688127517700195e-02 1.516491472721099854e-01 1.026391759514808655e-01 1.141149103641510010e-01 1.400308310985565186e-01 2.835316658020019531e-01 2.441733181476593018e-01 1.547548174858093262e-01 1.204739362001419067e-01 1.562197506427764893e-01 1.006630063056945801e-01 1.828581839799880981e-01 1.254266500473022461e-01 2.256681323051452637e-01 4.348930343985557556e-02 1.290911436080932617e-01 1.342473328113555908e-01 5.111860483884811401e-02 1.041207313537597656e-01 1.811517961323261261e-02
3.514537960290908813e-02 9.832299500703811646e-02 7.385339587926864624e-02 1.659268289804458618e-01 6.792520731687545776e-02 0.000000000000000000e+00 8.541250228881835938e-02 1.520802732557058334e-02 9.785943478345870972e-02 1.334092468023300171e-01 6.975900381803512573e-02 1.126463860273361206e-01 5.054164305329322815e-02 1.257345080375671387e-03 3.307676408439874649e-03 8.459534496068954468e-02 3.495768085122108459e-02 4.655052721500396729e-02 7.279805839061737061e-02 2.198403477668762207e-01 1.792205870151519775e-01 8.775202929973602295e-02 5.298229306936264038e-02 8.924151211977005005e-02 3.296318650245666504e-02 1.163784712553024292e-01 5.799555405974388123e-02 1.601985245943069458e-01 2.450829744338989258e-02 6.170701980590820312e-02 6.693246215581893921e-02 1.186318844556808472e-01 3.645334020256996155e-02 4.987139254808425903e-02
5.041847750544548035e-02 1.301983557641506195e-02 1.163248904049396515e-02 8.167179673910140991e-02 1.524532288312911987e-01 8.541250228881835938e-02 0.000000000000000000e+00 7.029578834772109985e-02 1.255183853209018707e-02 4.854996129870414734e-02 1.574733294546604156e-02 2.749845944344997406e-02 3.502205014228820801e-02 8.416420221328735352e-02 8.212803304195404053e-02 8.231102256104350090e-04 5.060592666268348694e-02 3.901711106300354004e-02 1.269338279962539673e-02 1.370003223419189453e-01 9.526639431715011597e-02 2.357184886932373047e-03 3.257763758301734924e-02 3.858408425003290176e-03 5.259740725159645081e-02 3.127686306834220886e-02 2.755344286561012268e-02 7.582351565361022949e-02 1.096911951899528503e-01 2.383109182119369507e-02 1.858630217611789703e-02 2.019976228475570679e-01 4.911208152770996094e-02 1.347100883722305298e-01
1.994801312685012817e-02 8.323943614959716797e-02 5.871131271123886108e-02 1.511000841856002808e-01 8.304744958877563477e-02 1.520802732557058334e-02 7.029578834772109985e-02 0.000000000000000000e+00 8.277459442615509033e-02 1.184415295720100403e-01 5.460891127586364746e-02 9.760557115077972412e-02 3.536079451441764832e-02 1.395094860345125198e-02 1.190095022320747375e-02 6.947670131921768188e-02 1.976016163825988770e-02 3.136470541357994080e-02 5.765385553240776062e-02 2.053187638521194458e-01 1.644608229398727417e-01 7.264094054698944092e-02 3.780473023653030396e-02 7.413409650325775146e-02 1.776406541466712952e-02 1.013498231768608093e-01 4.282530024647712708e-02 1.453446000814437866e-01 3.970152884721755981e-02 4.654267057776451111e-02 5.177714303135871887e-02 1.335988789796829224e-01 2.125709876418113708e-02 6.503009796142578125e-02
6.293049454689025879e-02 4.680725978687405586e-04 2.418079786002635956e-02 6.919088959693908691e-02 1.646899282932281494e-01 9.785943478345870972e-02 1.255183853209018707e-02 8.277459442615509033e-02 0.000000000000000000e+00 3.602007403969764709e-02 2.829357981681823730e-02 1.495178043842315674e-02 4.755298420786857605e-02 9.661397337913513184e-02 9.458237886428833008e-02 1.337481103837490082e-02 6.311766803264617920e-02 5.154370516538619995e-02 2.524120174348354340e-02 1.246628463268280029e-01 8.281357586383819580e-02 1.019495539367198944e-02 4.511102661490440369e-02 8.693852461874485016e-03 6.510626524686813354e-02 1.873237825930118561e-02 4.009141400456428528e-02 6.333194673061370850e-02 1.220749542117118835e-01 3.637205064296722412e-02 3.113088011741638184e-02 2.140068560838699341e-01 6.162593141198158264e-02 1.470133513212203979e-01
9.872677922248840332e-02 3.555259853601455688e-02 6.014848500490188599e-02 3.325369209051132202e-02 1.995263844728469849e-01 1.334092468023300171e-01 4.854996129870414734e-02 1.184415295720100403e-01 3.602007403969764709e-02 0.000000000000000000e+00 6.424818187952041626e-02 2.107964456081390381e-02 8.343014866113662720e-02 1.321740746498107910e-01 1.301590204238891602e-01 4.937110096216201782e-02 9.891286492347717285e-02 8.740150928497314453e-02 6.120562925934791565e-02 8.904261142015457153e-02 4.693350195884704590e-02 4.619806632399559021e-02 8.099948614835739136e-02 4.469992965459823608e-02 1.008897423744201660e-01 1.729936711490154266e-02 7.600173354148864746e-02 2.737432159483432770e-02 1.574029028415679932e-01 7.229740917682647705e-02 6.707574427127838135e-02 2.481143325567245483e-01 9.742972999811172485e-02 1.820692867040634155e-01
3.469869866967201233e-02 2.876127138733863831e-02 4.115596879273653030e-03 9.729400277137756348e-02 1.370348781347274780e-01 6.975900381803512573e-02 1.574733294546604156e-02 5.460891127586364746e-02 2.829357981681823730e-02 6.424818187952041626e-02 0.000000000000000000e+00 4.322707280516624451e-02 1.928535290062427521e-02 6.850766390562057495e-02 6.646666675806045532e-02 1.492441445589065552e-02 3.488639369606971741e-02 2.328408509492874146e-02 3.054560394957661629e-03 1.524188220500946045e-01 1.108474209904670715e-01 1.810384541749954224e-02 1.683894358575344086e-02 1.960454881191253662e-02 3.688062354922294617e-02 4.700104519724845886e-02 1.181123312562704086e-02 9.146164357662200928e-02 9.410640597343444824e-02 8.086793124675750732e-03 2.839800668880343437e-03 1.868446320295333862e-01 3.339057043194770813e-02 1.192156448960304260e-01
7.780905812978744507e-02 1.448381040245294571e-02 3.911843523383140564e-02 5.429527908563613892e-02 1.792004406452178955e-01 1.126463860273361206e-01 2.749845944344997406e-02 9.760557115077972412e-02 1.495178043842315674e-02 2.107964456081390381e-02 4.322707280516624451e-02 0.000000000000000000e+00 6.246035546064376831e-02 1.114048361778259277e-01 1.093794703483581543e-01 2.832093089818954468e-02 7.799584418535232544e-02 6.644428521394729614e-02 4.017781838774681091e-02 1.099159419536590576e-01 6.794593483209609985e-02 2.514290250837802887e-02 6.002232804894447327e-02 2.364256046712398529e-02 7.998018711805343628e-02 3.781656268984079361e-03 5.501022189855575562e-02 4.842602461576461792e-02 1.367770880460739136e-01 5.129593983292579651e-02 4.606122151017189026e-02 2.282283604145050049e-01 7.650721818208694458e-02 1.616098880767822266e-01
1.542366296052932739e-02 4.801999032497406006e-02 2.339909225702285767e-02 1.163610219955444336e-01 1.180615425109863281e-01 5.054164305329322815e-02 3.502205014228820801e-02 3.536079451441764832e-02 4.755298420786857605e-02 8.343014866113662720e-02 1.928535290062427521e-02 6.246035546064376831e-02 0.000000000000000000e+00 4.928743466734886169e-02 4.724186658859252930e-02 3.419992700219154358e-02 1.561154425144195557e-02 4.000527318567037582e-03 2.233859710395336151e-02 1.712009459733963013e-01 1.298552006483078003e-01 3.737614676356315613e-02 2.447205130010843277e-03 3.887520357966423035e-02 1.760779321193695068e-02 6.622637063264846802e-02 7.475823163986206055e-03 1.105519980192184448e-01 7.495709508657455444e-02 1.120030693709850311e-02 1.644645258784294128e-02 1.681652367115020752e-01 1.411430817097425461e-02 1.001605764031410217e-01
3.388953208923339844e-02 9.707766026258468628e-02 7.260279357433319092e-02 1.647038608789443970e-01 6.917664408683776855e-02 1.257345080375671387e-03 8.416420221328735352e-02 1.395094860345125198e-02 9.661397337913513184e-02 1.321740746498107910e-01 6.850766390562057495e-02 1.114048361778259277e-01 4.928743466734886169e-02 0.000000000000000000e+00 2.050339709967374802e-03 8.334686607122421265e-02 3.370182216167449951e-02 4.529583826661109924e-02 7.154725492000579834e-02 2.186434566974639893e-01 1.780033558607101440e-01 8.650422841310501099e-02 5.172840133309364319e-02 8.799403160810470581e-02 3.170715272426605225e-02 1.151379793882369995e-01 5.674234777688980103e-02 1.589732170104980469e-01 2.576484903693199158e-02 6.045436486601829529e-02 6.568063795566558838e-02 1.198713630437850952e-01 3.519760817289352417e-02 5.112553015351295471e-02
3.184140473604202271e-02 9.504623711109161377e-02 7.056295871734619141e-02 1.627084612846374512e-01 7.121688127517700195e-02 3.307676408439874649e-03 8.212803304195404053e-02 1.190095022320747375e-02 9.458237886428833008e-02 1.301590204238891602e-01 6.646666675806045532e-02 1.093794703483581543e-01 4.724186658859252930e-02 2.050339709967374802e-03 0.000000000000000000e+00 8.131041377782821655e-02 3.165366873145103455e-02 4.324951395392417908e-02 6.950711458921432495e-02 2.166902422904968262e-01 1.760172545909881592e-01 8.446887135505676270e-02 4.968332871794700623e-02 8.595920354127883911e-02 2.965874411165714264e-02 1.131143420934677124e-01 5.469836667180061340e-02 1.569740325212478638e-01 2.781371772289276123e-02 5.841126292943954468e-02 6.363887339830398560e-02 1.218917369842529297e-01 3.314965963363647461e-02 5.317029729485511780e-02
4.959742724895477295e-02 1.384279783815145493e-02 1.080948300659656525e-02 8.248937129974365234e-02 1.516491472721099854e-01 8.459534496068954468e-02 8.231102256104350090e-04 6.947670131921768188e-02 1.337481103837490082e-02 4.937110096216201782e-02 1.492441445589065552e-02 2.832093089818954468e-02 3.419992700219154358e-02 8.334686607122421265e-02 8.131041377782821655e-02 0.000000000000000000e+00 4.978489130735397339e-02 3.819523006677627563e-02 1.187039539217948914e-02 1.378078907728195190e-01 9.608196467161178589e-02 3.180288942530751228e-03 3.175538033246994019e-02 4.681503400206565857e-03 5.177653580904006958e-02 3.209915012121200562e-02 2.673093602061271667e-02 7.664184272289276123e-02 1.088779047131538391e-01 2.300843223929405212e-02 1.776346191763877869e-02 2.012079805135726929e-01 4.829092323780059814e-02 1.339018195867538452e-01
1.879255869425833225e-04 6.358386576175689697e-02 3.899639099836349487e-02 1.317332684993743896e-01 1.026391759514808655e-01 3.495768085122108459e-02 5.060592666268348694e-02 1.976016163825988770e-02 6.311766803264617920e-02 9.891286492347717285e-02 3.488639369606971741e-02 7.799584418535232544e-02 1.561154425144195557e-02 3.370182216167449951e-02 3.165366873145103455e-02 4.978489130735397339e-02 0.000000000000000000e+00 1.161174196749925613e-02 3.793691098690032959e-02 1.863145232200622559e-01 1.451724469661712646e-01 5.295678973197937012e-02 1.805805973708629608e-02 5.445370078086853027e-02 1.996797742322087288e-03 8.175338804721832275e-02 2.308467403054237366e-02 1.259461641311645508e-01 5.941507965326309204e-02 2.680716477334499359e-02 3.204976767301559448e-02 1.529552489519119263e-01 1.497566350735723972e-03 8.468144387006759644e-02
1.142384111881256104e-02 5.201052501797676086e-02 2.739705331623554230e-02 1.203055456280708313e-01 1.141149103641510010e-01 4.655052721500396729e-02 3.901711106300354004e-02 3.136470541357994080e-02 5.154370516538619995e-02 8.740150928497314453e-02 2.328408509492874146e-02 6.644428521394729614e-02 4.000527318567037582e-03 4.529583826661109924e-02 4.324951395392417908e-02 3.819523006677627563e-02 1.161174196749925613e-02 0.000000000000000000e+00 2.633677236735820770e-02 1.750815510749816895e-01 1.337862163782119751e-01 4.137048870325088501e-02 6.447669584304094315e-03 4.286906495690345764e-02 1.360822375863790512e-02 7.020829617977142334e-02 1.147600729018449783e-02 1.145018786191940308e-01 7.097785174846649170e-02 1.520015392452478409e-02 2.044563554227352142e-02 1.642752289772033691e-01 1.011435221880674362e-02 9.619859606027603149e-02
3.774925693869590759e-02 2.570896968245506287e-02 1.061049522832036018e-03 9.426745772361755371e-02 1.400308310985565186e-01 7.279805839061737061e-02 1.269338279962539673e-02 5.765385553240776062e-02 2.524120174348354340e-02 6.120562925934791565e-02 3.054560394957661629e-03 4.017781838774681091e-02 2.233859710395336151e-02 7.154725492000579834e-02 6.950711458921432495e-02 1.187039539217948914e-02 3.793691098690032959e-02 2.633677236735820770e-02 0.000000000000000000e+00 1.494338363409042358e-01 1.078293770551681519e-01 1.505011785775423050e-02 1.989248022437095642e-02 1.655098050832748413e-02 3.993068635463714600e-02 4.395279660820960999e-02 1.486525684595108032e-02 8.843178302049636841e-02 9.713304787874221802e-02 1.114107854664325714e-02 5.894309841096401215e-03 1.897908747196197510e-01 3.644141554832458496e-02 1.222256943583488464e-01
1.861331015825271606e-01 1.242020204663276672e-01 1.483962982892990112e-01 5.595459789037704468e-02 2.835316658020019531e-01 2.198403477668762207e-01 1.370003223419189453e-01 2.053187638521194458e-01 1.246628463268280029e-01 8.904261142015457153e-02 1.524188220500946045e-01 1.099159419536590576e-01 1.712009459733963013e-01 2.186434566974639893e-01 2.166902422904968262e-01 1.378078907728195190e-01 1.863145232200622559e-01 1.750815510749816895e-01 1.494338363409042358e-01 0.000000000000000000e+00 4.228582233190536499e-02 1.346866190433502197e-01 1.688244640827178955e-01 1.332123279571533203e-01 1.882412880659103394e-01 1.061784178018569946e-01 1.639349460601806641e-01 6.181896850466728210e-02 2.430391907691955566e-01 1.603080332279205322e-01 1.551914513111114502e-01 3.298692405223846436e-01 1.848685443401336670e-01 2.667867541313171387e-01
1.449884623289108276e-01 8.234870433807373047e-02 1.067805439233779907e-01 1.370119396597146988e-02 2.441733181476593018e-01 1.792205870151519775e-01 9.526639431715011597e-02 1.644608229398727417e-01 8.281357586383819580e-02 4.693350195884704590e-02 1.108474209904670715e-01 6.794593483209609985e-02 1.298552006483078003e-01 1.780033558607101440e-01 1.760172545909881592e-01 9.608196467161178589e-02 1.451724469661712646e-01 1.337862163782119751e-01 1.078293770551681519e-01 4.228582233190536499e-02 0.000000000000000000e+00 9.293007105588912964e-02 1.274484843015670776e-01 9.144158661365509033e-02 1.471265703439712524e-01 6.418076902627944946e-02 1.224982813000679016e-01 1.958434097468852997e-02 2.028379440307617188e-01 1.188277080655097961e-01 1.136514469981193542e-01 2.916516065597534180e-01 1.437061131000518799e-01 2.270624935626983643e-01
5.276939272880554199e-02 1.066297665238380432e-02 1.398929115384817123e-02 7.932988554239273071e-02 1.547548174858093262e-01 8.775202929973602295e-02 2.357184886932373047e-03 7.264094054698944092e-02 1.019495539367198944e-02 4.619806632399559021e-02 1.810384541749954224e-02 2.514290250837802887e-02 3.737614676356315613e-02 8.650422841310501099e-02 8.446887135505676270e-02 3.180288942530751228e-03 5.295678973197937012e-02 4.137048870325088501e-02 1.505011785775423050e-02 1.346866190433502197e-01 9.293007105588912964e-02 0.000000000000000000e+00 3.493213653564453125e-02 1.501237158663570881e-03 5.494778230786323547e-02 2.892180904746055603e-02 2.990868315100669861e-02 7.347945868968963623e-02 1.120194122195243835e-01 2.618680521845817566e-02 2.094257064163684845e-02 2.042575478553771973e-01 5.146330967545509338e-02 1.370237618684768677e-01
1.787019334733486176e-02 4.557814076542854309e-02 2.095308713614940643e-02 1.139462590217590332e-01 1.204739362001419067e-01 5.298229306936264038e-02 3.257763758301734924e-02 3.780473023653030396e-02 4.511102661490440369e-02 8.099948614835739136e-02 1.683894358575344086e-02 6.002232804894447327e-02 2.447205130010843277e-03 5.172840133309364319e-02 4.968332871794700623e-02 3.175538033246994019e-02 1.805805973708629608e-02 6.447669584304094315e-03 1.989248022437095642e-02 1.688244640827178955e-01 1.274484843015670776e-01 3.493213653564453125e-02 0.000000000000000000e+00 3.643146529793739319e-02 2.005413360893726349e-02 6.378950178623199463e-02 5.028709769248962402e-03 1.081340461969375610e-01 7.739010453224182129e-02 8.753341622650623322e-03 1.399981230497360229e-02 1.705422699451446533e-01 1.656094193458557129e-02 1.025826334953308105e-01
5.426633358001708984e-02 9.161886759102344513e-03 1.549020409584045410e-02 7.783792167901992798e-02 1.562197506427764893e-01 8.924151211977005005e-02 3.858408425003290176e-03 7.413409650325775146e-02 8.693852461874485016e-03 4.469992965459823608e-02 1.960454881191253662e-02 2.364256046712398529e-02 3.887520357966423035e-02 8.799403160810470581e-02 8.595920354127883911e-02 4.681503400206565857e-03 5.445370078086853027e-02 4.286906495690345764e-02 1.655098050832748413e-02 1.332123279571533203e-01 9.144158661365509033e-02 1.501237158663570881e-03 3.643146529793739319e-02 0.000000000000000000e+00 5.644436180591583252e-02 2.742176502943038940e-02 3.140850737690925598e-02 7.198616862297058105e-02 1.135015562176704407e-01 2.768695168197154999e-02 2.244310081005096436e-02 2.056957185268402100e-01 5.296045169234275818e-02 1.384965032339096069e-01
2.184722572565078735e-03 6.557233631610870361e-02 4.098999872803688049e-02 1.336948871612548828e-01 1.006630063056945801e-01 3.296318650245666504e-02 5.259740725159645081e-02 1.776406541466712952e-02 6.510626524686813354e-02 1.008897423744201660e-01 3.688062354922294617e-02 7.998018711805343628e-02 1.760779321193695068e-02 3.170715272426605225e-02 2.965874411165714264e-02 5.177653580904006958e-02 1.996797742322087288e-03 1.360822375863790512e-02 3.993068635463714600e-02 1.882412880659103394e-01 1.471265703439712524e-01 5.494778230786323547e-02 2.005413360893726349e-02 5.644436180591583252e-02 0.000000000000000000e+00 8.373651653528213501e-02 2.508031390607357025e-02 1.279107928276062012e-01 5.742508918046951294e-02 2.880241721868515015e-02 3.404438868165016174e-02 1.510045826435089111e-01 3.494353499263525009e-03 8.269862830638885498e-02
8.156671375036239624e-02 1.826446503400802612e-02 4.289374500513076782e-02 5.052399635314941406e-02 1.828581839799880981e-01 1.163784712553024292e-01 3.127686306834220886e-02 1.013498231768608093e-01 1.873237825930118561e-02 1.729936711490154266e-02 4.700104519724845886e-02 3.781656268984079361e-03 6.622637063264846802e-02 1.151379793882369995e-01 1.131143420934677124e-01 3.209915012121200562e-02 8.175338804721832275e-02 7.020829617977142334e-02 4.395279660820960999e-02 1.061784178018569946e-01 6.418076902627944946e-02 2.892180904746055603e-02 6.378950178623199463e-02 2.742176502943038940e-02 8.373651653528213501e-02 0.000000000000000000e+00 5.877965316176414490e-02 4.465254768729209900e-02 1.404860764741897583e-01 5.506691336631774902e-02 4.983419552445411682e-02 2.318099588155746460e-01 8.026565611362457275e-02 1.652905344963073730e-01
2.289684675633907318e-02 4.055872932076454163e-02 1.592605561017990112e-02 1.089800074696540833e-01 1.254266500473022461e-01 5.799555405974388123e-02 2.755344286561012268e-02 4.282530024647712708e-02 4.009141400456428528e-02 7.600173354148864746e-02 1.181123312562704086e-02 5.501022189855575562e-02 7.475823163986206055e-03 5.674234777688980103e-02 5.469836667180061340e-02 2.673093602061271667e-02 2.308467403054237366e-02 1.147600729018449783e-02 1.486525684595108032e-02 1.639349460601806641e-01 1.224982813000679016e-01 2.990868315100669861e-02 5.028709769248962402e-03 3.140850737690925598e-02 2.508031390607357025e-02 5.877965316176414490e-02 0.000000000000000000e+00 1.031614392995834351e-01 8.238674700260162354e-02 3.724795766174793243e-03 8.971733041107654572e-03 1.754205375909805298e-01 2.158785238862037659e-02 1.075558587908744812e-01
1.257612109184265137e-01 6.286574155092239380e-02 8.737893402576446533e-02 5.884726531803607941e-03 2.256681323051452637e-01 1.601985245943069458e-01 7.582351565361022949e-02 1.453446000814437866e-01 6.333194673061370850e-02 2.737432159483432770e-02 9.146164357662200928e-02 4.842602461576461792e-02 1.105519980192184448e-01 1.589732170104980469e-01 1.569740325212478638e-01 7.664184272289276123e-02 1.259461641311645508e-01 1.145018786191940308e-01 8.843178302049636841e-02 6.181896850466728210e-02 1.958434097468852997e-02 7.347945868968963623e-02 1.081340461969375610e-01 7.198616862297058105e-02 1.279107928276062012e-01 4.465254768729209900e-02 1.031614392995834351e-01 0.000000000000000000e+00 1.839844882488250732e-01 9.947486221790313721e-02 9.427695721387863159e-02 2.736301720142364502e-01 1.244720891118049622e-01 2.084049135446548462e-01
5.960233882069587708e-02 1.225360259413719177e-01 9.818398207426071167e-02 1.896638572216033936e-01 4.348930343985557556e-02 2.450829744338989258e-02 1.096911951899528503e-01 3.970152884721755981e-02 1.220749542117118835e-01 1.574029028415679932e-01 9.410640597343444824e-02 1.367770880460739136e-01 7.495709508657455444e-02 2.576484903693199158e-02 2.781371772289276123e-02 1.088779047131538391e-01 5.941507965326309204e-02 7.097785174846649170e-02 9.713304787874221802e-02 2.430391907691955566e-01 2.028379440307617188e-01 1.120194122195243835e-01 7.739010453224182129e-02 1.135015562176704407e-01 5.742508918046951294e-02 1.404860764741897583e-01 8.238674700260162354e-02 1.839844882488250732e-01 0.000000000000000000e+00 8.608512580394744873e-02 9.129100292921066284e-02 9.439805895090103149e-02 6.090722605586051941e-02 2.539413049817085266e-02
2.661937102675437927e-02 3.683949634432792664e-02 1.220198348164558411e-02 1.052979528903961182e-01 1.290911436080932617e-01 6.170701980590820312e-02 2.383109182119369507e-02 4.654267057776451111e-02 3.637205064296722412e-02 7.229740917682647705e-02 8.086793124675750732e-03 5.129593983292579651e-02 1.120030693709850311e-02 6.045436486601829529e-02 5.841126292943954468e-02 2.300843223929405212e-02 2.680716477334499359e-02 1.520015392452478409e-02 1.114107854664325714e-02 1.603080332279205322e-01 1.188277080655097961e-01 2.618680521845817566e-02 8.753341622650623322e-03 2.768695168197154999e-02 2.880241721868515015e-02 5.506691336631774902e-02 3.724795766174793243e-03 9.947486221790313721e-02 8.608512580394744873e-02 0.000000000000000000e+00 5.247113294899463654e-03 1.790283620357513428e-01 2.531061321496963501e-02 1.112360879778862000e-01
3.186203539371490479e-02 3.159848973155021667e-02 6.955316290259361267e-03 1.001061424612998962e-01 1.342473328113555908e-01 6.693246215581893921e-02 1.858630217611789703e-02 5.177714303135871887e-02 3.113088011741638184e-02 6.707574427127838135e-02 2.839800668880343437e-03 4.606122151017189026e-02 1.644645258784294128e-02 6.568063795566558838e-02 6.363887339830398560e-02 1.776346191763877869e-02 3.204976767301559448e-02 2.044563554227352142e-02 5.894309841096401215e-03 1.551914513111114502e-01 1.136514469981193542e-01 2.094257064163684845e-02 1.399981230497360229e-02 2.244310081005096436e-02 3.404438868165016174e-02 4.983419552445411682e-02 8.971733041107654572e-03 9.427695721387863159e-02 9.129100292921066284e-02 5.247113294899463654e-03 0.000000000000000000e+00 1.841025203466415405e-01 3.055366687476634979e-02 1.164152547717094421e-01
1.531387716531753540e-01 2.144534587860107422e-01 1.908134967088699341e-01 2.790655493736267090e-01 5.111860483884811401e-02 1.186318844556808472e-01 2.019976228475570679e-01 1.335988789796829224e-01 2.140068560838699341e-01 2.481143325567245483e-01 1.868446320295333862e-01 2.282283604145050049e-01 1.681652367115020752e-01 1.198713630437850952e-01 1.218917369842529297e-01 2.012079805135726929e-01 1.529552489519119263e-01 1.642752289772033691e-01 1.897908747196197510e-01 3.298692405223846436e-01 2.916516065597534180e-01 2.042575478553771973e-01 1.705422699451446533e-01 2.056957185268402100e-01 1.510045826435089111e-01 2.318099588155746460e-01 1.754205375909805298e-01 2.736301720142364502e-01 9.439805895090103149e-02 1.790283620357513428e-01 1.841025203466415405e-01 0.000000000000000000e+00 1.544174551963806152e-01 6.916972994804382324e-02
1.309641054831445217e-03 6.209221482276916504e-02 3.750101476907730103e-02 1.302614063024520874e-01 1.041207313537597656e-01 3.645334020256996155e-02 4.911208152770996094e-02 2.125709876418113708e-02 6.162593141198158264e-02 9.742972999811172485e-02 3.339057043194770813e-02 7.650721818208694458e-02 1.411430817097425461e-02 3.519760817289352417e-02 3.314965963363647461e-02 4.829092323780059814e-02 1.497566350735723972e-03 1.011435221880674362e-02 3.644141554832458496e-02 1.848685443401336670e-01 1.437061131000518799e-01 5.146330967545509338e-02 1.656094193458557129e-02 5.296045169234275818e-02 3.494353499263525009e-03 8.026565611362457275e-02 2.158785238862037659e-02 1.244720891118049622e-01 6.090722605586051941e-02 2.531061321496963501e-02 3.055366687476634979e-02 1.544174551963806152e-01 0.000000000000000000e+00 8.616808056831359863e-02
8.486802130937576294e-02 1.474712640047073364e-01 1.232707649469375610e-01 2.140271514654159546e-01 1.811517961323261261e-02 4.987139254808425903e-02 1.347100883722305298e-01 6.503009796142578125e-02 1.470133513212203979e-01 1.820692867040634155e-01 1.192156448960304260e-01 1.616098880767822266e-01 1.001605764031410217e-01 5.112553015351295471e-02 5.317029729485511780e-02 1.339018195867538452e-01 8.468144387006759644e-02 9.619859606027603149e-02 1.222256943583488464e-01 2.667867541313171387e-01 2.270624935626983643e-01 1.370237618684768677e-01 1.025826334953308105e-01 1.384965032339096069e-01 8.269862830638885498e-02 1.652905344963073730e-01 1.075558587908744812e-01 2.084049135446548462e-01 2.539413049817085266e-02 1.112360879778862000e-01 1.164152547717094421e-01 6.916972994804382324e-02 8.616808056831359863e-02 0.000000000000000000e+00
