0.000000000000000000e+00 6.912457942962646484e-02 3.698087856173515320e-02 1.358196288347244263e-01 1.040707081556320190e-01 3.861039876937866211e-02 5.071556195616722107e-02 1.663342490792274475e-02 6.723497062921524048e-02 1.023062989115715027e-01 4.105981066823005676e-02 8.608464896678924561e-02 1.852184906601905823e-02 3.270479664206504822e-02 2.570402622222900391e-02 5.249949544668197632e-02 9.919862495735287666e-04 6.568150129169225693e-03 4.152810946106910706e-02 1.883364468812942505e-01 1.424697488546371460e-01 5.834278836846351624e-02 2.294231951236724854e-02 5.758127570152282715e-02 9.816738311201334000e-04 9.235592186450958252e-02 2.112065628170967102e-02 1.241990029811859131e-01 5.700044333934783936e-02 2.550692297518253326e-02 3.404015675187110901e-02 1.560603678226470947e-01 1.088294386863708496e-02 8.186452090740203857e-02
6.912457942962646484e-02 0.000000000000000000e+00 3.222608566284179688e-02 6.732714176177978516e-02 1.719582378864288330e-01 1.074482053518295288e-01 1.847378350794315338e-02 8.565951883792877197e-02 1.898433314636349678e-03 3.341804817318916321e-02 2.814465202391147614e-02 1.706159673631191254e-02 5.066760629415512085e-02 1.015996932983398438e-01 9.466042369604110718e-02 1.668564230203628540e-02 6.813726574182510376e-02 6.258484721183776855e-02 2.767591923475265503e-02 1.207843199372291565e-01 7.407467067241668701e-02 1.082544587552547455e-02 4.625561833381652832e-02 1.158943306654691696e-02 6.814753264188766479e-02 2.338060736656188965e-02 4.807410761713981628e-02 5.555134266614913940e-02 1.256300210952758789e-01 4.369469732046127319e-02 3.516717627644538879e-02 2.227816581726074219e-01 5.828548222780227661e-02 1.501394808292388916e-01
3.698087856173515320e-02 3.222608566284179688e-02 0.000000000000000000e+00 9.933769702911376953e-02 1.405108124017715454e-01 7.548350095748901367e-02 1.376049220561981201e-02 5.358134582638740540e-02 3.032950498163700104e-02 6.557351350784301758e-02 4.085135180503129959e-03 4.926059767603874207e-02 1.847168058156967163e-02 6.960149854421615601e-02 6.262537091970443726e-02 1.554880104959011078e-02 3.599021211266517639e-02 3.042011708021163940e-02 4.554225131869316101e-03 1.524171233177185059e-01 1.060476005077362061e-01 2.140810526907444000e-02 1.405047997832298279e-02 2.064435929059982300e-02 3.600051254034042358e-02 5.556482076644897461e-02 1.587261818349361420e-02 8.762057125568389893e-02 9.378362447023391724e-02 1.148478779941797256e-02 2.944428240880370140e-03 1.919335573911666870e-01 2.610844187438488007e-02 1.184866949915885925e-01
1.358196288347244263e-01 6.732714176177978516e-02 9.933769702911376953e-02 0.000000000000000000e+00 2.365467697381973267e-01 1.735200732946395874e-01 8.569433540105819702e-02 1.521094143390655518e-01 6.921672821044921875e-02 3.398555889725685120e-02 9.529122710227966309e-02 5.032335221767425537e-02 1.175936013460159302e-01 1.677791476249694824e-01 1.609617173671722412e-01 8.391851186752319336e-02 1.348457932472229004e-01 1.293668746948242188e-01 9.482637047767639160e-02 5.389545857906341553e-02 6.781349424272775650e-03 7.809565961360931396e-02 1.132301315665245056e-01 7.885504513978958130e-02 1.348559260368347168e-01 4.401582106947898865e-02 1.150289326906204224e-01 1.182000432163476944e-02 1.913387626409530640e-01 1.106961891055107117e-01 1.022522151470184326e-01 2.858216762542724609e-01 1.251216232776641846e-01 2.152903676033020020e-01
1.040707081556320190e-01 1.719582378864288330e-01 1.405108124017715454e-01 2.365467697381973267e-01 0.000000000000000000e+00 6.572440266609191895e-02 1.539735943078994751e-01 8.758890628814697266e-02 1.701153516769409180e-01 2.042028307914733887e-01 1.445130109786987305e-01 1.884669065475463867e-01 1.223567053675651550e-01 7.160963863134384155e-02 7.857687771320343018e-02 1.557193994522094727e-01 1.050518527626991272e-01 1.105632781982421875e-01 1.449722647666931152e-01 2.867860794067382812e-01 2.429384291172027588e-01 1.614333093166351318e-01 1.267104893922805786e-01 1.606890559196472168e-01 1.050416454672813416e-01 1.945566534996032715e-01 1.249167919158935547e-01 2.253568768501281738e-01 4.735115915536880493e-02 1.292345672845840454e-01 1.376233249902725220e-01 5.284798517823219299e-02 1.148236021399497986e-01 2.239700779318809509e-02
3.861039876937866211e-02 1.074482053518295288e-01 7.548350095748901367e-02 1.735200732946395874e-01 6.572440266609191895e-02 0.000000000000000000e+00 8.915138989686965942e-02 2.199109643697738647e-02 1.055713146924972534e-01 1.403622478246688843e-01 7.954410463571548462e-02 1.242819651961326599e-01 5.709142237901687622e-02 5.913067143410444260e-03 1.291919406503438950e-02 9.092558175325393677e-02 3.960086405277252197e-02 4.516709223389625549e-02 8.001021295785903931e-02 2.253084629774093628e-01 1.800895184278488159e-01 9.673527628183364868e-02 6.149823963642120361e-02 9.597828984260559082e-02 3.959057107567787170e-02 1.305009722709655762e-01 5.968238413333892822e-02 1.620323956012725830e-01 1.843060739338397980e-02 6.405423581600189209e-02 7.255519926548004150e-02 1.181619614362716675e-01 4.947255179286003113e-02 4.339127242565155029e-02
5.071556195616722107e-02 1.847378350794315338e-02 1.376049220561981201e-02 8.569433540105819702e-02 1.539735943078994751e-01 8.915138989686965942e-02 0.000000000000000000e+00 6.729222089052200317e-02 1.657593250274658203e-02 5.185981467366218567e-02 9.675899520516395569e-03 3.552418202161788940e-02 3.222398459911346436e-02 8.328222483396530151e-02 7.632009685039520264e-02 1.788692781701683998e-03 4.972607269883155823e-02 4.416212067008018494e-02 9.206843562424182892e-03 1.389480680227279663e-01 9.242197871208190918e-02 7.649866398423910141e-03 2.780559472739696503e-02 6.885824259370565414e-03 4.973636195063591003e-02 4.183632135391235352e-02 2.962663583457469940e-02 7.394923269748687744e-02 1.074055135250091553e-01 2.524128928780555725e-02 1.670424453914165497e-02 2.051522135734558105e-01 3.985461220145225525e-02 1.320319026708602905e-01
1.663342490792274475e-02 8.565951883792877197e-02 5.358134582638740540e-02 1.521094143390655518e-01 8.758890628814697266e-02 2.199109643697738647e-02 6.729222089052200317e-02 0.000000000000000000e+00 8.377470821142196655e-02 1.187376677989959717e-01 5.765385925769805908e-02 1.025712043046951294e-01 3.514444828033447266e-02 1.608011871576309204e-02 9.074480272829532623e-03 6.907260417938232422e-02 1.762511953711509705e-02 2.319904044270515442e-02 5.812138691544532776e-02 2.043297737836837769e-01 1.587270349264144897e-01 7.490352541208267212e-02 3.956064581871032715e-02 7.414368540048599243e-02 1.761481165885925293e-02 1.088221743702888489e-01 3.774082288146018982e-02 1.405420899391174316e-01 4.040532559156417847e-02 4.212247580289840698e-02 5.064490810036659241e-02 1.397898197174072266e-01 2.751138806343078613e-02 6.532003730535507202e-02
6.723497062921524048e-02 1.898433314636349678e-03 3.032950498163700104e-02 6.921672821044921875e-02 1.701153516769409180e-01 1.055713146924972534e-01 1.657593250274658203e-02 8.377470821142196655e-02 0.000000000000000000e+00 3.531424328684806824e-02 2.624762058258056641e-02 1.895941793918609619e-02 4.877386242151260376e-02 9.972049295902252197e-02 9.277865290641784668e-02 1.478767674416303635e-02 6.624740362167358398e-02 6.069362536072731018e-02 2.577884122729301453e-02 1.226546242833137512e-01 7.596241682767868042e-02 8.927196264266967773e-03 4.436108097434043884e-02 9.691212326288223267e-03 6.625767052173614502e-02 2.527791634202003479e-02 4.617989063262939453e-02 5.744371935725212097e-02 1.237611025571823120e-01 4.179973527789115906e-02 3.327096253633499146e-02 2.209766954183578491e-01 5.639329180121421814e-02 1.482833176851272583e-01
1.023062989115715027e-01 3.341804817318916321e-02 6.557351350784301758e-02 3.398555889725685120e-02 2.042028307914733887e-01 1.403622478246688843e-01 5.185981467366218567e-02 1.187376677989959717e-01 3.531424328684806824e-02 0.000000000000000000e+00 6.150485202670097351e-02 1.636578142642974854e-02 8.394352346658706665e-02 1.345608681440353394e-01 1.276745945215225220e-01 5.007576942443847656e-02 1.013245880603790283e-01 9.580252319574356079e-02 6.103751435875892639e-02 8.772034198045730591e-02 4.075751453638076782e-02 4.422749206423759460e-02 7.955069839954376221e-02 4.499005526304244995e-02 1.013348028063774109e-01 1.004528906196355820e-02 8.136144280433654785e-02 2.217446081340312958e-02 1.583831310272216797e-01 7.700031250715255737e-02 6.850471347570419312e-02 2.543064057826995850e-01 9.152525663375854492e-02 1.826411485671997070e-01
4.105981066823005676e-02 2.814465202391147614e-02 4.085135180503129959e-03 9.529122710227966309e-02 1.445130109786987305e-01 7.954410463571548462e-02 9.675899520516395569e-03 5.765385925769805908e-02 2.624762058258056641e-02 6.150485202670097351e-02 0.000000000000000000e+00 4.518455266952514648e-02 2.255511283874511719e-02 7.366568595170974731e-02 6.669344007968902588e-02 1.146439369767904282e-02 4.006945714354515076e-02 3.450096398591995239e-02 4.690980131272226572e-04 1.484244167804718018e-01 1.020066589117050171e-01 1.732448488473892212e-02 1.813457347452640533e-02 1.656062155961990356e-02 4.007975012063980103e-02 5.149137601256370544e-02 1.995646022260189056e-02 8.356533944606781006e-02 9.783128648996353149e-02 1.556919235736131668e-02 7.029478903859853745e-03 1.958651244640350342e-01 3.019035793840885162e-02 1.225125193595886230e-01
8.608464896678924561e-02 1.706159673631191254e-02 4.926059767603874207e-02 5.032335221767425537e-02 1.884669065475463867e-01 1.242819651961326599e-01 3.552418202161788940e-02 1.025712043046951294e-01 1.895941793918609619e-02 1.636578142642974854e-02 4.518455266952514648e-02 0.000000000000000000e+00 6.767070293426513672e-02 1.184559538960456848e-01 1.115418747067451477e-01 3.373763710260391235e-02 8.509992808103561401e-02 7.956148684024810791e-02 4.471640288829803467e-02 1.039369106292724609e-01 5.708521977066993713e-02 2.788189239799976349e-02 6.326728314161300659e-02 2.864536643028259277e-02 8.511017262935638428e-02 6.321531720459461212e-03 6.508231908082962036e-02 3.852625936269760132e-02 1.423864215612411499e-01 6.071103364229202271e-02 5.219745635986328125e-02 2.389350682497024536e-01 7.527222484350204468e-02 1.667738705873489380e-01
1.852184906601905823e-02 5.066760629415512085e-02 1.847168058156967163e-02 1.175936013460159302e-01 1.223567053675651550e-01 5.709142237901687622e-02 3.222398459911346436e-02 3.514444828033447266e-02 4.877386242151260376e-02 8.394352346658706665e-02 2.255511283874511719e-02 6.767070293426513672e-02 0.000000000000000000e+00 5.119563639163970947e-02 4.420482739806175232e-02 3.401071578264236450e-02 1.753018423914909363e-02 1.195515319705009460e-02 2.302397042512893677e-02 1.704090386629104614e-01 1.242758408188819885e-01 3.986402228474617004e-02 4.422349855303764343e-03 3.910112753510475159e-02 1.754049398005008698e-02 7.396058738231658936e-02 2.599825849756598473e-03 1.059208214282989502e-01 7.544264197349548340e-02 6.988376379013061523e-03 1.552809774875640869e-02 1.740790456533432007e-01 7.640444673597812653e-03 1.002343893051147461e-01
3.270479664206504822e-02 1.015996932983398438e-01 6.960149854421615601e-02 1.677791476249694824e-01 7.160963863134384155e-02 5.913067143410444260e-03 8.328222483396530151e-02 1.608011871576309204e-02 9.972049295902252197e-02 1.345608681440353394e-01 7.366568595170974731e-02 1.184559538960456848e-01 5.119563639163970947e-02 0.000000000000000000e+00 7.006661966443061829e-03 8.505824953317642212e-02 3.369568660855293274e-02 3.926451131701469421e-02 7.413221895694732666e-02 2.196880728006362915e-01 1.743621230125427246e-01 9.087418764829635620e-02 5.560539290308952332e-02 9.011636674404144287e-02 3.368538990616798401e-02 1.246841177344322205e-01 5.378829687833786011e-02 1.562690436840057373e-01 2.434102073311805725e-02 5.816319957375526428e-02 6.667073071002960205e-02 1.239883974194526672e-01 4.357223212718963623e-02 4.929169267416000366e-02
2.570402622222900391e-02 9.466042369604110718e-02 6.262537091970443726e-02 1.609617173671722412e-01 7.857687771320343018e-02 1.291919406503438950e-02 7.632009685039520264e-02 9.074480272829532623e-03 9.277865290641784668e-02 1.276745945215225220e-01 6.669344007968902588e-02 1.115418747067451477e-01 4.420482739806175232e-02 7.006661966443061829e-03 0.000000000000000000e+00 7.809812575578689575e-02 2.669533155858516693e-02 3.226672857999801636e-02 6.716044992208480835e-02 2.130092829465866089e-01 1.675601601600646973e-01 8.392096310853958130e-02 4.861767590045928955e-02 8.316221088171005249e-02 2.668502740561962128e-02 1.177803426980972290e-01 4.679927602410316467e-02 1.494259983301162720e-01 3.134233504533767700e-02 5.117739737033843994e-02 5.969195067882537842e-02 1.308813691139221191e-01 3.657673671841621399e-02 5.627892166376113892e-02
5.249949544668197632e-02 1.668564230203628540e-02 1.554880104959011078e-02 8.391851186752319336e-02 1.557193994522094727e-01 9.092558175325393677e-02 1.788692781701683998e-03 6.907260417938232422e-02 1.478767674416303635e-02 5.007576942443847656e-02 1.146439369767904282e-02 3.373763710260391235e-02 3.401071578264236450e-02 8.505824953317642212e-02 7.809812575578689575e-02 0.000000000000000000e+00 5.151018872857093811e-02 4.594718664884567261e-02 1.099535543471574783e-02 1.371934562921524048e-01 9.064827114343643188e-02 5.861254408955574036e-03 2.959281764924526215e-02 5.097194109112024307e-03 5.152047425508499146e-02 4.005062207579612732e-02 3.141366690397262573e-02 7.217009365558624268e-02 1.091732308268547058e-01 2.702876366674900055e-02 1.849238388240337372e-02 2.068649977445602417e-01 4.164033755660057068e-02 1.337890177965164185e-01
9.919862495735287666e-04 6.813726574182510376e-02 3.599021211266517639e-02 1.348457932472229004e-01 1.050518527626991272e-01 3.960086405277252197e-02 4.972607269883155823e-02 1.762511953711509705e-02 6.624740362167358398e-02 1.013245880603790283e-01 4.006945714354515076e-02 8.509992808103561401e-02 1.753018423914909363e-02 3.369568660855293274e-02 2.669533155858516693e-02 5.151018872857093811e-02 0.000000000000000000e+00 5.576199851930141449e-03 4.053778946399688721e-02 1.873794794082641602e-01 1.414977610111236572e-01 5.735412612557411194e-02 2.195083163678646088e-02 5.659252777695655823e-02 1.031244119076291099e-05 9.137231111526489258e-02 2.012909390032291412e-02 1.232222020626068115e-01 5.798915028572082520e-02 2.451555617153644562e-02 3.304928541183471680e-02 1.570280492305755615e-01 9.891064837574958801e-03 8.284977078437805176e-02
6.568150129169225693e-03 6.258484721183776855e-02 3.042011708021163940e-02 1.293668746948242188e-01 1.105632781982421875e-01 4.516709223389625549e-02 4.416212067008018494e-02 2.319904044270515442e-02 6.069362536072731018e-02 9.580252319574356079e-02 3.450096398591995239e-02 7.956148684024810791e-02 1.195515319705009460e-02 3.926451131701469421e-02 3.226672857999801636e-02 4.594718664884567261e-02 5.576199851930141449e-03 0.000000000000000000e+00 3.496949747204780579e-02 1.819934248924255371e-01 1.360289007425308228e-01 5.179448798298835754e-02 1.637663692235946655e-02 5.103242769837379456e-02 5.586512386798858643e-03 8.583984524011611938e-02 1.455452572554349899e-02 1.177268922328948975e-01 6.354480236768722534e-02 1.894194632768630981e-02 2.747815102338790894e-02 1.624619960784912109e-01 4.315102472901344299e-03 8.838514238595962524e-02
4.152810946106910706e-02 2.767591923475265503e-02 4.554225131869316101e-03 9.482637047767639160e-02 1.449722647666931152e-01 8.001021295785903931e-02 9.206843562424182892e-03 5.812138691544532776e-02 2.577884122729301453e-02 6.103751435875892639e-02 4.690980131272226572e-04 4.471640288829803467e-02 2.302397042512893677e-02 7.413221895694732666e-02 6.716044992208480835e-02 1.099535543471574783e-02 4.053778946399688721e-02 3.496949747204780579e-02 0.000000000000000000e+00 1.479656100273132324e-01 1.015424206852912903e-01 1.685552299022674561e-02 1.860351301729679108e-02 1.609164848923683167e-02 4.054808616638183594e-02 5.102350935339927673e-02 2.042536437511444092e-02 8.309949934482574463e-02 9.829587489366531372e-02 1.603817380964756012e-02 7.498553022742271423e-03 1.963161677122116089e-01 3.065901808440685272e-02 1.229745522141456604e-01
1.883364468812942505e-01 1.207843199372291565e-01 1.524171233177185059e-01 5.389545857906341553e-02 2.867860794067382812e-01 2.253084629774093628e-01 1.389480680227279663e-01 2.043297737836837769e-01 1.226546242833137512e-01 8.772034198045730591e-02 1.484244167804718018e-01 1.039369106292724609e-01 1.704090386629104614e-01 2.196880728006362915e-01 2.130092829465866089e-01 1.371934562921524048e-01 1.873794794082641602e-01 1.819934248924255371e-01 1.479656100273132324e-01 0.000000000000000000e+00 4.713133722543716431e-02 1.314378976821899414e-01 1.661118716001510620e-01 1.321887075901031494e-01 1.873894184827804565e-01 9.767956286668777466e-02 1.678836047649383545e-01 6.567362695932388306e-02 2.427311092615127563e-01 1.636155098676681519e-01 1.552918553352355957e-01 3.345634043216705322e-01 1.778179854154586792e-01 2.660982310771942139e-01
1.424697488546371460e-01 7.407467067241668701e-02 1.060476005077362061e-01 6.781349424272775650e-03 2.429384291172027588e-01 1.800895184278488159e-01 9.242197871208190918e-02 1.587270349264144897e-01 7.596241682767868042e-02 4.075751453638076782e-02 1.020066589117050171e-01 5.708521977066993713e-02 1.242758408188819885e-01 1.743621230125427246e-01 1.675601601600646973e-01 9.064827114343643188e-02 1.414977610111236572e-01 1.360289007425308228e-01 1.015424206852912903e-01 4.713133722543716431e-02 0.000000000000000000e+00 8.483208715915679932e-02 1.199194043874740601e-01 8.559063076972961426e-02 1.415078788995742798e-01 5.078201368451118469e-02 1.217153370380401611e-01 1.859986223280429840e-02 1.978633850812911987e-01 1.173894181847572327e-01 1.089580059051513672e-01 2.920370101928710938e-01 1.317911446094512939e-01 2.217479795217514038e-01
5.834278836846351624e-02 1.082544587552547455e-02 2.140810526907444000e-02 7.809565961360931396e-02 1.614333093166351318e-01 9.673527628183364868e-02 7.649866398423910141e-03 7.490352541208267212e-02 8.927196264266967773e-03 4.422749206423759460e-02 1.732448488473892212e-02 2.788189239799976349e-02 3.986402228474617004e-02 9.087418764829635620e-02 8.392096310853958130e-02 5.861254408955574036e-03 5.735412612557411194e-02 5.179448798298835754e-02 1.685552299022674561e-02 1.314378976821899414e-01 8.483208715915679932e-02 0.000000000000000000e+00 3.544791787862777710e-02 7.640827680006623268e-04 5.736440047621726990e-02 3.419740125536918640e-02 3.726805746555328369e-02 6.633689999580383301e-02 1.149609312415122986e-01 3.288480639457702637e-02 2.435099892318248749e-02 2.124686390161514282e-01 4.749000072479248047e-02 1.395408362150192261e-01
2.294231951236724854e-02 4.625561833381652832e-02 1.405047997832298279e-02 1.132301315665245056e-01 1.267104893922805786e-01 6.149823963642120361e-02 2.780559472739696503e-02 3.956064581871032715e-02 4.436108097434043884e-02 7.955069839954376221e-02 1.813457347452640533e-02 6.326728314161300659e-02 4.422349855303764343e-03 5.560539290308952332e-02 4.861767590045928955e-02 2.959281764924526215e-02 2.195083163678646088e-02 1.637663692235946655e-02 1.860351301729679108e-02 1.661118716001510620e-01 1.199194043874740601e-01 3.544791787862777710e-02 0.000000000000000000e+00 3.468477725982666016e-02 2.196113951504230499e-02 6.956099718809127808e-02 1.822544727474451065e-03 1.015460267663002014e-01 7.983835786581039429e-02 2.566105918958783150e-03 1.110651064664125443e-02 1.783640682697296143e-01 1.206238660961389542e-02 1.046103611588478088e-01
5.758127570152282715e-02 1.158943306654691696e-02 2.064435929059982300e-02 7.885504513978958130e-02 1.606890559196472168e-01 9.597828984260559082e-02 6.885824259370565414e-03 7.414368540048599243e-02 9.691212326288223267e-03 4.499005526304244995e-02 1.656062155961990356e-02 2.864536643028259277e-02 3.910112753510475159e-02 9.011636674404144287e-02 8.316221088171005249e-02 5.097194109112024307e-03 5.659252777695655823e-02 5.103242769837379456e-02 1.609164848923683167e-02 1.321887075901031494e-01 8.559063076972961426e-02 7.640827680006623268e-04 3.468477725982666016e-02 0.000000000000000000e+00 5.660280212759971619e-02 3.496056795120239258e-02 3.650501742959022522e-02 6.709757447242736816e-02 1.142068728804588318e-01 3.212153166532516479e-02 2.358735352754592896e-02 2.117389440536499023e-01 4.672761633992195129e-02 1.387915462255477905e-01
9.816738311201334000e-04 6.814753264188766479e-02 3.600051254034042358e-02 1.348559260368347168e-01 1.050416454672813416e-01 3.959057107567787170e-02 4.973636195063591003e-02 1.761481165885925293e-02 6.625767052173614502e-02 1.013348028063774109e-01 4.007975012063980103e-02 8.511017262935638428e-02 1.754049398005008698e-02 3.368538990616798401e-02 2.668502740561962128e-02 5.152047425508499146e-02 1.031244119076291099e-05 5.586512386798858643e-03 4.054808616638183594e-02 1.873894184827804565e-01 1.415078788995742798e-01 5.736440047621726990e-02 2.196113951504230499e-02 5.660280212759971619e-02 0.000000000000000000e+00 9.138253331184387207e-02 2.013939991593360901e-02 1.232323497533798218e-01 5.797887220978736877e-02 2.452586404979228973e-02 3.305958956480026245e-02 1.570179909467697144e-01 9.901375509798526764e-03 8.283953368663787842e-02
9.235592186450958252e-02 2.338060736656188965e-02 5.556482076644897461e-02 4.401582106947898865e-02 1.945566534996032715e-01 1.305009722709655762e-01 4.183632135391235352e-02 1.088221743702888489e-01 2.527791634202003479e-02 1.004528906196355820e-02 5.149137601256370544e-02 6.321531720459461212e-03 7.396058738231658936e-02 1.246841177344322205e-01 1.177803426980972290e-01 4.005062207579612732e-02 9.137231111526489258e-02 8.583984524011611938e-02 5.102350935339927673e-02 9.767956286668777466e-02 5.078201368451118469e-02 3.419740125536918640e-02 6.956099718809127808e-02 3.496056795120239258e-02 9.138253331184387207e-02 0.000000000000000000e+00 7.137449830770492554e-02 3.221257403492927551e-02 1.485742181539535522e-01 6.700684875249862671e-02 5.849967896938323975e-02 2.448867261409759521e-01 8.155495673418045044e-02 1.729131042957305908e-01
2.112065628170967102e-02 4.807410761713981628e-02 1.587261818349361420e-02 1.150289326906204224e-01 1.249167919158935547e-01 5.968238413333892822e-02 2.962663583457469940e-02 3.774082288146018982e-02 4.617989063262939453e-02 8.136144280433654785e-02 1.995646022260189056e-02 6.508231908082962036e-02 2.599825849756598473e-03 5.378829687833786011e-02 4.679927602410316467e-02 3.141366690397262573e-02 2.012909390032291412e-02 1.455452572554349899e-02 2.042536437511444092e-02 1.678836047649383545e-01 1.217153370380401611e-01 3.726805746555328369e-02 1.822544727474451065e-03 3.650501742959022522e-02 2.013939991593360901e-02 7.137449830770492554e-02 0.000000000000000000e+00 1.033494547009468079e-01 7.802716642618179321e-02 4.388629924505949020e-03 1.292879320681095123e-02 1.765989363193511963e-01 1.024006679654121399e-02 1.028074100613594055e-01
1.241990029811859131e-01 5.555134266614913940e-02 8.762057125568389893e-02 1.182000432163476944e-02 2.253568768501281738e-01 1.620323956012725830e-01 7.394923269748687744e-02 1.405420899391174316e-01 5.744371935725212097e-02 2.217446081340312958e-02 8.356533944606781006e-02 3.852625936269760132e-02 1.059208214282989502e-01 1.562690436840057373e-01 1.494259983301162720e-01 7.217009365558624268e-02 1.232222020626068115e-01 1.177268922328948975e-01 8.309949934482574463e-02 6.567362695932388306e-02 1.859986223280429840e-02 6.633689999580383301e-02 1.015460267663002014e-01 6.709757447242736816e-02 1.232323497533798218e-01 3.221257403492927551e-02 1.033494547009468079e-01 0.000000000000000000e+00 1.799256801605224609e-01 9.900572150945663452e-02 9.054163843393325806e-02 2.749305367469787598e-01 1.134694367647171021e-01 2.039894610643386841e-01
5.700044333934783936e-02 1.256300210952758789e-01 9.378362447023391724e-02 1.913387626409530640e-01 4.735115915536880493e-02 1.843060739338397980e-02 1.074055135250091553e-01 4.040532559156417847e-02 1.237611025571823120e-01 1.583831310272216797e-01 9.783128648996353149e-02 1.423864215612411499e-01 7.544264197349548340e-02 2.434102073311805725e-02 3.134233504533767700e-02 1.091732308268547058e-01 5.798915028572082520e-02 6.354480236768722534e-02 9.829587489366531372e-02 2.427311092615127563e-01 1.978633850812911987e-01 1.149609312415122986e-01 7.983835786581039429e-02 1.142068728804588318e-01 5.797887220978736877e-02 1.485742181539535522e-01 7.802716642618179321e-02 1.799256801605224609e-01 0.000000000000000000e+00 8.238758146762847900e-02 9.086428582668304443e-02 9.994903206825256348e-02 6.784130632877349854e-02 2.498064376413822174e-02
2.550692297518253326e-02 4.369469732046127319e-02 1.148478779941797256e-02 1.106961891055107117e-01 1.292345672845840454e-01 6.405423581600189209e-02 2.524128928780555725e-02 4.212247580289840698e-02 4.179973527789115906e-02 7.700031250715255737e-02 1.556919235736131668e-02 6.071103364229202271e-02 6.988376379013061523e-03 5.816319957375526428e-02 5.117739737033843994e-02 2.702876366674900055e-02 2.451555617153644562e-02 1.894194632768630981e-02 1.603817380964756012e-02 1.636155098676681519e-01 1.173894181847572327e-01 3.288480639457702637e-02 2.566105918958783150e-03 3.212153166532516479e-02 2.452586404979228973e-02 6.700684875249862671e-02 4.388629924505949020e-03 9.900572150945663452e-02 8.238758146762847900e-02 0.000000000000000000e+00 8.540648035705089569e-03 1.808474063873291016e-01 1.462803874164819717e-02 1.071477085351943970e-01
3.404015675187110901e-02 3.516717627644538879e-02 2.944428240880370140e-03 1.022522151470184326e-01 1.376233249902725220e-01 7.255519926548004150e-02 1.670424453914165497e-02 5.064490810036659241e-02 3.327096253633499146e-02 6.850471347570419312e-02 7.029478903859853745e-03 5.219745635986328125e-02 1.552809774875640869e-02 6.667073071002960205e-02 5.969195067882537842e-02 1.849238388240337372e-02 3.304928541183471680e-02 2.747815102338790894e-02 7.498553022742271423e-03 1.552918553352355957e-01 1.089580059051513672e-01 2.435099892318248749e-02 1.110651064664125443e-02 2.358735352754592896e-02 3.305958956480026245e-02 5.849967896938323975e-02 1.292879320681095123e-02 9.054163843393325806e-02 9.086428582668304443e-02 8.540648035705089569e-03 0.000000000000000000e+00 1.890959888696670532e-01 2.316579408943653107e-02 1.155825853347778320e-01
1.560603678226470947e-01 2.227816581726074219e-01 1.919335573911666870e-01 2.858216762542724609e-01 5.284798517823219299e-02 1.181619614362716675e-01 2.051522135734558105e-01 1.397898197174072266e-01 2.209766954183578491e-01 2.543064057826995850e-01 1.958651244640350342e-01 2.389350682497024536e-01 1.740790456533432007e-01 1.239883974194526672e-01 1.308813691139221191e-01 2.068649977445602417e-01 1.570280492305755615e-01 1.624619960784912109e-01 1.963161677122116089e-01 3.345634043216705322e-01 2.920370101928710938e-01 2.124686390161514282e-01 1.783640682697296143e-01 2.117389440536499023e-01 1.570179909467697144e-01 2.448867261409759521e-01 1.765989363193511963e-01 2.749305367469787598e-01 9.994903206825256348e-02 1.808474063873291016e-01 1.890959888696670532e-01 0.000000000000000000e+00 1.666602641344070435e-01 7.515603303909301758e-02
1.088294386863708496e-02 5.828548222780227661e-02 2.610844187438488007e-02 1.251216232776641846e-01 1.148236021399497986e-01 4.947255179286003113e-02 3.985461220145225525e-02 2.751138806343078613e-02 5.639329180121421814e-02 9.152525663375854492e-02 3.019035793840885162e-02 7.527222484350204468e-02 7.640444673597812653e-03 4.357223212718963623e-02 3.657673671841621399e-02 4.164033755660057068e-02 9.891064837574958801e-03 4.315102472901344299e-03 3.065901808440685272e-02 1.778179854154586792e-01 1.317911446094512939e-01 4.749000072479248047e-02 1.206238660961389542e-02 4.672761633992195129e-02 9.901375509798526764e-03 8.155495673418045044e-02 1.024006679654121399e-02 1.134694367647171021e-01 6.784130632877349854e-02 1.462803874164819717e-02 2.316579408943653107e-02 1.666602641344070435e-01 0.000000000000000000e+00 9.266489744186401367e-02
8.186452090740203857e-02 1.501394808292388916e-01 1.184866949915885925e-01 2.152903676033020020e-01 2.239700779318809509e-02 4.339127242565155029e-02 1.320319026708602905e-01 6.532003730535507202e-02 1.482833176851272583e-01 1.826411485671997070e-01 1.225125193595886230e-01 1.667738705873489380e-01 1.002343893051147461e-01 4.929169267416000366e-02 5.627892166376113892e-02 1.337890177965164185e-01 8.284977078437805176e-02 8.838514238595962524e-02 1.229745522141456604e-01 2.660982310771942139e-01 2.217479795217514038e-01 1.395408362150192261e-01 1.046103611588478088e-01 1.387915462255477905e-01 8.283953368663787842e-02 1.729131042957305908e-01 1.028074100613594055e-01 2.039894610643386841e-01 2.498064376413822174e-02 1.071477085351943970e-01 1.155825853347778320e-01 7.515603303909301758e-02 9.266489744186401367e-02 0.000000000000000000e+00
