0.000000000000000000e+00 6.590241193771362305e-02 4.247027635574340820e-02 1.372486054897308350e-01 1.008086875081062317e-01 3.458189964294433594e-02 5.260981991887092590e-02 1.873132027685642242e-02 7.387134432792663574e-02 1.086610108613967896e-01 4.045408591628074646e-02 9.268447011709213257e-02 2.364628762006759644e-02 3.115234896540641785e-02 2.455528639256954193e-02 5.231685936450958252e-02 3.456198144704103470e-03 1.242063846439123154e-02 4.220773652195930481e-02 1.936269849538803101e-01 1.465872824192047119e-01 6.143856793642044067e-02 2.653048560023307800e-02 6.016494706273078918e-02 2.708894666284322739e-03 9.154978394508361816e-02 2.827100269496440887e-02 1.276585161685943604e-01 5.237016826868057251e-02 2.820651233196258545e-02 4.367669299244880676e-02 1.559792011976242065e-01 1.233113091439008713e-02 7.870762050151824951e-02
6.590241193771362305e-02 0.000000000000000000e+00 2.349790930747985840e-02 7.199740409851074219e-02 1.656108647584915161e-01 1.002558320760726929e-01 1.333884987980127335e-02 8.452939242124557495e-02 8.007906377315521240e-03 4.306698590517044067e-02 2.551635727286338806e-02 2.694664523005485535e-02 4.232208058238029480e-02 9.685592353343963623e-02 9.031154960393905640e-02 1.363255735486745834e-02 6.246044859290122986e-02 5.352559685707092285e-02 2.376077696681022644e-02 1.293754577636718750e-01 8.147191256284713745e-02 4.481997806578874588e-03 3.944089263677597046e-02 5.760308820754289627e-03 6.320481002330780029e-02 2.580304630100727081e-02 3.770165517926216125e-02 6.228007003664970398e-02 1.178657859563827515e-01 3.776610642671585083e-02 2.228988334536552429e-02 2.196239978075027466e-01 5.361485853791236877e-02 1.438638269901275635e-01
4.247027635574340820e-02 2.349790930747985840e-02 0.000000000000000000e+00 9.533403068780899048e-02 1.426681578159332275e-01 7.693917304277420044e-02 1.016224548220634460e-02 6.115294620394706726e-02 3.149988874793052673e-02 6.649760156869888306e-02 2.019658684730529785e-03 5.041263625025749207e-02 1.884291134774684906e-02 7.352534681558609009e-02 6.695573031902313232e-02 9.868513792753219604e-03 3.901980444788932800e-02 3.006549924612045288e-02 2.630142553243786097e-04 1.524100303649902344e-01 1.047692522406578064e-01 1.901791431009769440e-02 1.595777273178100586e-02 1.774000190198421478e-02 3.976595774292945862e-02 4.927108064293861389e-02 1.421634200960397720e-02 8.565263450145721436e-02 9.462996572256088257e-02 1.428087055683135986e-02 1.208658562973141670e-03 1.971434950828552246e-01 3.015493787825107574e-02 1.207741871476173401e-01
1.372486054897308350e-01 7.199740409851074219e-02 9.533403068780899048e-02 0.000000000000000000e+00 2.348085343837738037e-01 1.710187941789627075e-01 8.525437861680984497e-02 1.555799543857574463e-01 6.402641534805297852e-02 2.902040071785449982e-02 9.733494371175765991e-02 4.513832926750183105e-02 1.139722093939781189e-01 1.676840037107467651e-01 1.612604111433029175e-01 8.554600179195404053e-02 1.338559091091156006e-01 1.250411272048950195e-01 9.559465199708938599e-02 5.791753903031349182e-02 9.530416689813137054e-03 7.645472884178161621e-02 1.111227497458457947e-01 7.772547751665115356e-02 1.345897465944290161e-01 4.628033190965652466e-02 1.094020977616310120e-01 9.761104360222816467e-03 1.882655620574951172e-01 1.094658672809600830e-01 9.413621574640274048e-02 2.870819568634033203e-01 1.251292526721954346e-01 2.136482894420623779e-01
1.008086875081062317e-01 1.656108647584915161e-01 1.426681578159332275e-01 2.348085343837738037e-01 0.000000000000000000e+00 6.645847856998443604e-02 1.526091396808624268e-01 8.223265409469604492e-02 1.733888238668441772e-01 2.072000354528427124e-01 1.406890302896499634e-01 1.917020231485366821e-01 1.241590157151222229e-01 6.987578421831130981e-02 7.644262909889221191e-02 1.523222178220748901e-01 1.042285785079002380e-01 1.130877360701560974e-01 1.424104869365692139e-01 2.887985408306121826e-01 2.437933683395385742e-01 1.612485498189926147e-01 1.269995123147964478e-01 1.600032001733779907e-01 1.034893319010734558e-01 1.905994266271591187e-01 1.287128627300262451e-01 2.255644202232360840e-01 4.869560897350311279e-02 1.286493986845016479e-01 1.438519954681396484e-01 5.605185776948928833e-02 1.129993572831153870e-01 2.227783575654029846e-02
3.458189964294433594e-02 1.002558320760726929e-01 7.693917304277420044e-02 1.710187941789627075e-01 6.645847856998443604e-02 0.000000000000000000e+00 8.703336864709854126e-02 1.586085371673107147e-02 1.081768870353698730e-01 1.427066475152969360e-01 7.493116706609725952e-02 1.268597543239593506e-01 5.818061158061027527e-02 3.433248493820428848e-03 1.003513578325510025e-02 8.674182742834091187e-02 3.803355246782302856e-02 4.698235541582107544e-02 7.667770981788635254e-02 2.266909778118133545e-01 1.802554130554199219e-01 9.581689536571502686e-02 6.105636805295944214e-02 9.455013275146484375e-02 3.728730231523513794e-02 1.257336288690567017e-01 6.279151886701583862e-02 1.615273356437683105e-01 1.782054267823696136e-02 6.272722780704498291e-02 7.814057171344757080e-02 1.220556646585464478e-01 4.689303413033485413e-02 4.424615204334259033e-02
5.260981991887092590e-02 1.333884987980127335e-02 1.016224548220634460e-02 8.525437861680984497e-02 1.526091396808624268e-01 8.703336864709854126e-02 0.000000000000000000e+00 7.127090543508529663e-02 2.134447544813156128e-02 5.637345090508460999e-02 1.218165457248687744e-02 4.027101770043373108e-02 2.899960428476333618e-02 8.362510800361633301e-02 7.706554979085922241e-02 2.937612007372081280e-04 4.916255921125411987e-02 4.021545499563217163e-02 1.042523141950368881e-02 1.424684524536132812e-01 9.470783919095993042e-02 8.857381530106067657e-03 2.611578255891799927e-02 7.579123135656118393e-03 4.990803450345993042e-02 3.912843018770217896e-02 2.437506802380084991e-02 7.555615156888961792e-02 1.046915426850318909e-01 2.443957142531871796e-02 8.953697048127651215e-03 2.068912535905838013e-01 4.030483216047286987e-02 1.307759135961532593e-01
1.873132027685642242e-02 8.452939242124557495e-02 6.115294620394706726e-02 1.555799543857574463e-01 8.223265409469604492e-02 1.586085371673107147e-02 7.127090543508529663e-02 0.000000000000000000e+00 9.247469902038574219e-02 1.271335631608963013e-01 5.914059653878211975e-02 1.112226918339729309e-01 4.235884547233581543e-02 1.242828182876110077e-02 5.826645996421575546e-03 7.097862660884857178e-02 2.218608185648918152e-02 3.114471025764942169e-02 6.089091300964355469e-02 2.115909010171890259e-01 1.648659110069274902e-01 8.007773756980895996e-02 4.523932188749313354e-02 7.880745828151702881e-02 2.143912762403488159e-02 1.100923195481300354e-01 4.697744920849800110e-02 1.460406333208084106e-01 3.367187827825546265e-02 4.691305011510848999e-02 6.235700100660324097e-02 1.376500427722930908e-01 3.105527907609939575e-02 6.006485223770141602e-02
7.387134432792663574e-02 8.007906377315521240e-03 3.149988874793052673e-02 6.402641534805297852e-02 1.733888238668441772e-01 1.081768870353698730e-01 2.134447544813156128e-02 9.247469902038574219e-02 0.000000000000000000e+00 3.507117554545402527e-02 3.351741656661033630e-02 1.894282549619674683e-02 5.031293630599975586e-02 1.047825589776039124e-01 9.824841469526290894e-02 2.163810096681118011e-02 7.043312489986419678e-02 6.150713190436363220e-02 3.176264092326164246e-02 1.214934289455413818e-01 7.351197302341461182e-02 1.248945668339729309e-02 4.743381962180137634e-02 1.376758143305778503e-02 7.117668539285659790e-02 1.779882051050662994e-02 4.569577053189277649e-02 5.429924651980400085e-02 1.257550120353698730e-01 4.576017707586288452e-02 3.029238618910312653e-02 2.272322624921798706e-01 6.159631907939910889e-02 1.516969501972198486e-01
1.086610108613967896e-01 4.306698590517044067e-02 6.649760156869888306e-02 2.902040071785449982e-02 2.072000354528427124e-01 1.427066475152969360e-01 5.637345090508460999e-02 1.271335631608963013e-01 3.507117554545402527e-02 0.000000000000000000e+00 6.850806623697280884e-02 1.613907143473625183e-02 8.523371815681457520e-02 1.393416672945022583e-01 1.328617930412292480e-01 5.666627734899520874e-02 1.052443310618400574e-01 9.637042135000228882e-02 6.675945222377777100e-02 8.679206669330596924e-02 3.854015842080116272e-02 4.753981158137321472e-02 8.236797153949737549e-02 4.881519079208374023e-02 1.059833019971847534e-01 1.728314720094203949e-02 8.063771575689315796e-02 1.926475390791893005e-02 1.601199954748153687e-01 8.070184290409088135e-02 6.529419869184494019e-02 2.602295875549316406e-01 9.645912051200866699e-02 1.857797354459762573e-01
4.045408591628074646e-02 2.551635727286338806e-02 2.019658684730529785e-03 9.733494371175765991e-02 1.406890302896499634e-01 7.493116706609725952e-02 1.218165457248687744e-02 5.914059653878211975e-02 3.351741656661033630e-02 6.850806623697280884e-02 0.000000000000000000e+00 5.242695286870002747e-02 1.682389155030250549e-02 7.151630520820617676e-02 6.494485586881637573e-02 1.188793499022722244e-02 3.700306639075279236e-02 2.804754301905632019e-02 1.756645622663199902e-03 1.543821692466735840e-01 1.067663282155990601e-01 2.103676646947860718e-02 1.393856387585401535e-02 1.975895278155803680e-02 3.774932771921157837e-02 5.128563940525054932e-02 1.219703443348407745e-02 8.765712380409240723e-02 9.262801706790924072e-02 1.226156670600175858e-02 3.228309564292430878e-03 1.952015608549118042e-01 2.813699096441268921e-02 1.187834963202476501e-01
9.268447011709213257e-02 2.694664523005485535e-02 5.041263625025749207e-02 4.513832926750183105e-02 1.917020231485366821e-01 1.268597543239593506e-01 4.027101770043373108e-02 1.112226918339729309e-01 1.894282549619674683e-02 1.613907143473625183e-02 5.242695286870002747e-02 0.000000000000000000e+00 6.918982416391372681e-02 1.234802976250648499e-01 1.169735342264175415e-01 4.056430235505104065e-02 8.925686031579971313e-02 8.035633713006973267e-02 5.067497491836547852e-02 1.027871593832969666e-01 5.464524403214454651e-02 3.142484650015830994e-02 6.631705164909362793e-02 3.270187601447105408e-02 8.999817818403244019e-02 1.144392648711800575e-03 6.458269059658050537e-02 3.539282083511352539e-02 1.443539559841156006e-01 6.464696675539016724e-02 4.920697212219238281e-02 2.451199889183044434e-01 8.044528216123580933e-02 1.701508462429046631e-01
2.364628762006759644e-02 4.232208058238029480e-02 1.884291134774684906e-02 1.139722093939781189e-01 1.241590157151222229e-01 5.818061158061027527e-02 2.899960428476333618e-02 4.235884547233581543e-02 5.031293630599975586e-02 8.523371815681457520e-02 1.682389155030250549e-02 6.918982416391372681e-02 0.000000000000000000e+00 5.475830286741256714e-02 4.817359894514083862e-02 2.870608679950237274e-02 2.019174024462699890e-02 1.122894883155822754e-02 1.857998967170715332e-02 1.707625389099121094e-01 1.233686134219169617e-01 3.784726187586784363e-02 2.886006375774741173e-03 3.657068684697151184e-02 2.093873545527458191e-02 6.805080920457839966e-02 4.627807531505823135e-03 1.043271645903587341e-01 7.592243701219558716e-02 4.563267342746257782e-03 2.005111239850521088e-02 1.789653897285461426e-01 1.131845731288194656e-02 1.021637693047523499e-01
3.115234896540641785e-02 9.685592353343963623e-02 7.352534681558609009e-02 1.676840037107467651e-01 6.987578421831130981e-02 3.433248493820428848e-03 8.362510800361633301e-02 1.242828182876110077e-02 1.047825589776039124e-01 1.393416672945022583e-01 7.151630520820617676e-02 1.234802976250648499e-01 5.475830286741256714e-02 0.000000000000000000e+00 6.602114066481590271e-03 8.333339542150497437e-02 3.460482135415077209e-02 4.355613514780998230e-02 7.326374948024749756e-02 2.234316021203994751e-01 1.769316643476486206e-01 9.241403639316558838e-02 5.763519927859306335e-02 9.114646166563034058e-02 3.385838866233825684e-02 1.223531812429428101e-01 5.937106162309646606e-02 1.581818163394927979e-01 2.125248871743679047e-02 5.930674821138381958e-02 7.472736388444900513e-02 1.254363507032394409e-01 4.346678406000137329e-02 4.767215996980667114e-02
2.455528639256954193e-02 9.031154960393905640e-02 6.695573031902313232e-02 1.612604111433029175e-01 7.644262909889221191e-02 1.003513578325510025e-02 7.706554979085922241e-02 5.826645996421575546e-03 9.824841469526290894e-02 1.328617930412292480e-01 6.494485586881637573e-02 1.169735342264175415e-01 4.817359894514083862e-02 6.602114066481590271e-03 0.000000000000000000e+00 7.677351683378219604e-02 2.800910733640193939e-02 3.696465119719505310e-02 6.669390201568603516e-02 2.171498239040374756e-01 1.705287545919418335e-01 8.586431294679641724e-02 5.105251446366310120e-02 8.459525555372238159e-02 2.726236544549465179e-02 1.158446520566940308e-01 5.278964340686798096e-02 1.517381519079208374e-01 2.785069681704044342e-02 5.272527784109115601e-02 6.815887987613677979e-02 1.319292187690734863e-01 3.687524795532226562e-02 5.425719544291496277e-02
5.231685936450958252e-02 1.363255735486745834e-02 9.868513792753219604e-03 8.554600179195404053e-02 1.523222178220748901e-01 8.674182742834091187e-02 2.937612007372081280e-04 7.097862660884857178e-02 2.163810096681118011e-02 5.666627734899520874e-02 1.188793499022722244e-02 4.056430235505104065e-02 2.870608679950237274e-02 8.333339542150497437e-02 7.677351683378219604e-02 0.000000000000000000e+00 4.886950179934501648e-02 3.992217034101486206e-02 1.013150159269571304e-02 1.427562236785888672e-01 9.499896317720413208e-02 9.151118807494640350e-03 2.582222037017345428e-02 7.872866466641426086e-03 4.961499944329261780e-02 3.942173719406127930e-02 2.408147789537906647e-02 7.584822922945022583e-02 1.044009849429130554e-01 2.414598129689693451e-02 8.659957908093929291e-03 2.066100388765335083e-01 4.001154378056526184e-02 1.304871737957000732e-01
3.456198144704103470e-03 6.246044859290122986e-02 3.901980444788932800e-02 1.338559091091156006e-01 1.042285785079002380e-01 3.803355246782302856e-02 4.916255921125411987e-02 2.218608185648918152e-02 7.043312489986419678e-02 1.052443310618400574e-01 3.700306639075279236e-02 8.925686031579971313e-02 2.019174024462699890e-02 3.460482135415077209e-02 2.800910733640193939e-02 4.886950179934501648e-02 0.000000000000000000e+00 8.964824490249156952e-03 3.875719010829925537e-02 1.902981549501419067e-01 1.432036310434341431e-01 5.799468606710433960e-02 2.307640202343463898e-02 5.672054737806320190e-02 7.473100558854639530e-04 8.812147378921508789e-02 2.481723017990589142e-02 1.242571547627449036e-01 5.581626668572425842e-02 2.475272864103317261e-02 4.022657126188278198e-02 1.593494862318038940e-01 8.875312283635139465e-03 8.214146643877029419e-02
1.242063846439123154e-02 5.352559685707092285e-02 3.006549924612045288e-02 1.250411272048950195e-01 1.130877360701560974e-01 4.698235541582107544e-02 4.021545499563217163e-02 3.114471025764942169e-02 6.150713190436363220e-02 9.637042135000228882e-02 2.804754301905632019e-02 8.035633713006973267e-02 1.122894883155822754e-02 4.355613514780998230e-02 3.696465119719505310e-02 3.992217034101486206e-02 8.964824490249156952e-03 0.000000000000000000e+00 2.980271726846694946e-02 1.816431879997253418e-01 1.344113647937774658e-01 4.905536398291587830e-02 1.411449629813432693e-02 4.778001457452774048e-02 9.712071157991886139e-03 7.921922951936721802e-02 1.585593260824680328e-02 1.154208928346633911e-01 6.474868953227996826e-02 1.579140685498714447e-02 3.127301856875419617e-02 1.680742055177688599e-01 8.952042117016389966e-05 9.103925526142120361e-02
4.220773652195930481e-02 2.376077696681022644e-02 2.630142553243786097e-04 9.559465199708938599e-02 1.424104869365692139e-01 7.667770981788635254e-02 1.042523141950368881e-02 6.089091300964355469e-02 3.176264092326164246e-02 6.675945222377777100e-02 1.756645622663199902e-03 5.067497491836547852e-02 1.857998967170715332e-02 7.326374948024749756e-02 6.669390201568603516e-02 1.013150159269571304e-02 3.875719010829925537e-02 2.980271726846694946e-02 0.000000000000000000e+00 1.526669412851333618e-01 1.050293743610382080e-01 1.928083412349224091e-02 1.569482497870922089e-02 1.800293289124965668e-02 3.950335457921028137e-02 4.953346028923988342e-02 1.395338214933872223e-02 8.591371029615402222e-02 9.436930716037750244e-02 1.401791069656610489e-02 1.471672439947724342e-03 1.968906819820404053e-01 2.989215962588787079e-02 1.205149888992309570e-01
1.936269849538803101e-01 1.293754577636718750e-01 1.524100303649902344e-01 5.791753903031349182e-02 2.887985408306121826e-01 2.266909778118133545e-01 1.424684524536132812e-01 2.115909010171890259e-01 1.214934289455413818e-01 8.679206669330596924e-02 1.543821692466735840e-01 1.027871593832969666e-01 1.707625389099121094e-01 2.234316021203994751e-01 2.171498239040374756e-01 1.427562236785888672e-01 1.902981549501419067e-01 1.816431879997253418e-01 1.526669412851333618e-01 0.000000000000000000e+00 4.841385036706924438e-02 1.337798833847045898e-01 1.679593175649642944e-01 1.350351423025131226e-01 1.910182684659957886e-01 1.039193272590637207e-01 1.662661284208297729e-01 6.764040142297744751e-02 2.435277104377746582e-01 1.663288921117782593e-01 1.512292325496673584e-01 3.393570184707641602e-01 1.817297488451004028e-01 2.682465612888336182e-01
1.465872824192047119e-01 8.147191256284713745e-02 1.047692522406578064e-01 9.530416689813137054e-03 2.437933683395385742e-01 1.802554130554199219e-01 9.470783919095993042e-02 1.648659110069274902e-01 7.351197302341461182e-02 3.854015842080116272e-02 1.067663282155990601e-01 5.464524403214454651e-02 1.233686134219169617e-01 1.769316643476486206e-01 1.705287545919418335e-01 9.499896317720413208e-02 1.432036310434341431e-01 1.344113647937774658e-01 1.050293743610382080e-01 4.841385036706924438e-02 0.000000000000000000e+00 8.592253923416137695e-02 1.205255165696144104e-01 8.719131350517272949e-02 1.439355313777923584e-01 5.578614771366119385e-02 1.188086420297622681e-01 1.928972639143466949e-02 1.974417269229888916e-01 1.188722774386405945e-01 1.035737171769142151e-01 2.958030402660369873e-01 1.344992667436599731e-01 2.227252125740051270e-01
6.143856793642044067e-02 4.481997806578874588e-03 1.901791431009769440e-02 7.645472884178161621e-02 1.612485498189926147e-01 9.581689536571502686e-02 8.857381530106067657e-03 8.007773756980895996e-02 1.248945668339729309e-02 4.753981158137321472e-02 2.103676646947860718e-02 3.142484650015830994e-02 3.784726187586784363e-02 9.241403639316558838e-02 8.586431294679641724e-02 9.151118807494640350e-03 5.799468606710433960e-02 4.905536398291587830e-02 1.928083412349224091e-02 1.337798833847045898e-01 8.592253923416137695e-02 0.000000000000000000e+00 3.496507927775382996e-02 1.278344425372779369e-03 5.873944610357284546e-02 3.028154373168945312e-02 3.322527557611465454e-02 6.674343347549438477e-02 1.134437248110771179e-01 3.328974545001983643e-02 1.780966669321060181e-02 2.153539955615997314e-01 4.914466664195060730e-02 1.394717544317245483e-01
2.653048560023307800e-02 3.944089263677597046e-02 1.595777273178100586e-02 1.111227497458457947e-01 1.269995123147964478e-01 6.105636805295944214e-02 2.611578255891799927e-02 4.523932188749313354e-02 4.743381962180137634e-02 8.236797153949737549e-02 1.393856387585401535e-02 6.631705164909362793e-02 2.886006375774741173e-03 5.763519927859306335e-02 5.105251446366310120e-02 2.582222037017345428e-02 2.307640202343463898e-02 1.411449629813432693e-02 1.569482497870922089e-02 1.679593175649642944e-01 1.205255165696144104e-01 3.496507927775382996e-02 0.000000000000000000e+00 3.368823975324630737e-02 2.382330223917961121e-02 6.517761200666427612e-02 1.741824671626091003e-03 1.014717146754264832e-01 7.879118621349334717e-02 1.677283318713307381e-03 1.716610044240951538e-02 1.817575246095657349e-01 1.420400012284517288e-02 1.050188019871711731e-01
6.016494706273078918e-02 5.760308820754289627e-03 1.774000190198421478e-02 7.772547751665115356e-02 1.600032001733779907e-01 9.455013275146484375e-02 7.579123135656118393e-03 7.880745828151702881e-02 1.376758143305778503e-02 4.881519079208374023e-02 1.975895278155803680e-02 3.270187601447105408e-02 3.657068684697151184e-02 9.114646166563034058e-02 8.459525555372238159e-02 7.872866466641426086e-03 5.672054737806320190e-02 4.778001457452774048e-02 1.800293289124965668e-02 1.350351423025131226e-01 8.719131350517272949e-02 1.278344425372779369e-03 3.368823975324630737e-02 0.000000000000000000e+00 5.746541544795036316e-02 3.155866637825965881e-02 3.194828703999519348e-02 6.801597774028778076e-02 1.121816486120223999e-01 3.201276436448097229e-02 1.653169840574264526e-02 2.141346037387847900e-01 4.786932840943336487e-02 1.382180452346801758e-01
2.708894666284322739e-03 6.320481002330780029e-02 3.976595774292945862e-02 1.345897465944290161e-01 1.034893319010734558e-01 3.728730231523513794e-02 4.990803450345993042e-02 2.143912762403488159e-02 7.117668539285659790e-02 1.059833019971847534e-01 3.774932771921157837e-02 8.999817818403244019e-02 2.093873545527458191e-02 3.385838866233825684e-02 2.726236544549465179e-02 4.961499944329261780e-02 7.473100558854639530e-04 9.712071157991886139e-03 3.950335457921028137e-02 1.910182684659957886e-01 1.439355313777923584e-01 5.873944610357284546e-02 2.382330223917961121e-02 5.746541544795036316e-02 0.000000000000000000e+00 8.886292576789855957e-02 2.556406520307064056e-02 1.249928548932075500e-01 5.507124587893486023e-02 2.549956552684307098e-02 4.097264260053634644e-02 1.586210578680038452e-01 9.622558020055294037e-03 8.139916509389877319e-02
9.154978394508361816e-02 2.580304630100727081e-02 4.927108064293861389e-02 4.628033190965652466e-02 1.905994266271591187e-01 1.257336288690567017e-01 3.912843018770217896e-02 1.100923195481300354e-01 1.779882051050662994e-02 1.728314720094203949e-02 5.128563940525054932e-02 1.144392648711800575e-03 6.805080920457839966e-02 1.223531812429428101e-01 1.158446520566940308e-01 3.942173719406127930e-02 8.812147378921508789e-02 7.921922951936721802e-02 4.953346028923988342e-02 1.039193272590637207e-01 5.578614771366119385e-02 3.028154373168945312e-02 6.517761200666427612e-02 3.155866637825965881e-02 8.886292576789855957e-02 0.000000000000000000e+00 6.344299018383026123e-02 3.653573244810104370e-02 1.432332247495651245e-01 6.350726634263992310e-02 4.806528612971305847e-02 2.440440654754638672e-01 7.930818200111389160e-02 1.690393686294555664e-01
2.827100269496440887e-02 3.770165517926216125e-02 1.421634200960397720e-02 1.094020977616310120e-01 1.287128627300262451e-01 6.279151886701583862e-02 2.437506802380084991e-02 4.697744920849800110e-02 4.569577053189277649e-02 8.063771575689315796e-02 1.219703443348407745e-02 6.458269059658050537e-02 4.627807531505823135e-03 5.937106162309646606e-02 5.278964340686798096e-02 2.408147789537906647e-02 2.481723017990589142e-02 1.585593260824680328e-02 1.395338214933872223e-02 1.662661284208297729e-01 1.188086420297622681e-01 3.322527557611465454e-02 1.741824671626091003e-03 3.194828703999519348e-02 2.556406520307064056e-02 6.344299018383026123e-02 0.000000000000000000e+00 9.974750876426696777e-02 8.052195608615875244e-02 6.454159301938489079e-05 1.542473677545785904e-02 1.834412813186645508e-01 1.594542898237705231e-02 1.067411080002784729e-01
1.276585161685943604e-01 6.228007003664970398e-02 8.565263450145721436e-02 9.761104360222816467e-03 2.255644202232360840e-01 1.615273356437683105e-01 7.555615156888961792e-02 1.460406333208084106e-01 5.429924651980400085e-02 1.926475390791893005e-02 8.765712380409240723e-02 3.539282083511352539e-02 1.043271645903587341e-01 1.581818163394927979e-01 1.517381519079208374e-01 7.584822922945022583e-02 1.242571547627449036e-01 1.154208928346633911e-01 8.591371029615402222e-02 6.764040142297744751e-02 1.928972639143466949e-02 6.674343347549438477e-02 1.014717146754264832e-01 6.801597774028778076e-02 1.249928548932075500e-01 3.653573244810104370e-02 9.974750876426696777e-02 0.000000000000000000e+00 1.788330972194671631e-01 9.981141239404678345e-02 8.445271104574203491e-02 2.781001627445220947e-01 1.155092269182205200e-01 2.043132632970809937e-01
5.237016826868057251e-02 1.178657859563827515e-01 9.462996572256088257e-02 1.882655620574951172e-01 4.869560897350311279e-02 1.782054267823696136e-02 1.046915426850318909e-01 3.367187827825546265e-02 1.257550120353698730e-01 1.601199954748153687e-01 9.262801706790924072e-02 1.443539559841156006e-01 7.592243701219558716e-02 2.125248871743679047e-02 2.785069681704044342e-02 1.044009849429130554e-01 5.581626668572425842e-02 6.474868953227996826e-02 9.436930716037750244e-02 2.435277104377746582e-01 1.974417269229888916e-01 1.134437248110771179e-01 7.879118621349334717e-02 1.121816486120223999e-01 5.507124587893486023e-02 1.432332247495651245e-01 8.052195608615875244e-02 1.788330972194671631e-01 0.000000000000000000e+00 8.045782893896102905e-02 9.582766890525817871e-02 1.044623404741287231e-01 6.465954333543777466e-02 2.644646354019641876e-02
2.820651233196258545e-02 3.776610642671585083e-02 1.428087055683135986e-02 1.094658672809600830e-01 1.286493986845016479e-01 6.272722780704498291e-02 2.443957142531871796e-02 4.691305011510848999e-02 4.576017707586288452e-02 8.070184290409088135e-02 1.226156670600175858e-02 6.464696675539016724e-02 4.563267342746257782e-03 5.930674821138381958e-02 5.272527784109115601e-02 2.414598129689693451e-02 2.475272864103317261e-02 1.579140685498714447e-02 1.401791069656610489e-02 1.663288921117782593e-01 1.188722774386405945e-01 3.328974545001983643e-02 1.677283318713307381e-03 3.201276436448097229e-02 2.549956552684307098e-02 6.350726634263992310e-02 6.454159301938489079e-05 9.981141239404678345e-02 8.045782893896102905e-02 0.000000000000000000e+00 1.548926252871751785e-02 1.833789050579071045e-01 1.588090322911739349e-02 1.066773012280464172e-01
4.367669299244880676e-02 2.228988334536552429e-02 1.208658562973141670e-03 9.413621574640274048e-02 1.438519954681396484e-01 7.814057171344757080e-02 8.953697048127651215e-03 6.235700100660324097e-02 3.029238618910312653e-02 6.529419869184494019e-02 3.228309564292430878e-03 4.920697212219238281e-02 2.005111239850521088e-02 7.472736388444900513e-02 6.815887987613677979e-02 8.659957908093929291e-03 4.022657126188278198e-02 3.127301856875419617e-02 1.471672439947724342e-03 1.512292325496673584e-01 1.035737171769142151e-01 1.780966669321060181e-02 1.716610044240951538e-02 1.653169840574264526e-02 4.097264260053634644e-02 4.806528612971305847e-02 1.542473677545785904e-02 8.445271104574203491e-02 9.582766890525817871e-02 1.548926252871751785e-02 0.000000000000000000e+00 1.983049064874649048e-01 3.136245161294937134e-02 1.219650357961654663e-01
1.559792011976242065e-01 2.196239978075027466e-01 1.971434950828552246e-01 2.870819568634033203e-01 5.605185776948928833e-02 1.220556646585464478e-01 2.068912535905838013e-01 1.376500427722930908e-01 2.272322624921798706e-01 2.602295875549316406e-01 1.952015608549118042e-01 2.451199889183044434e-01 1.789653897285461426e-01 1.254363507032394409e-01 1.319292187690734863e-01 2.066100388765335083e-01 1.593494862318038940e-01 1.680742055177688599e-01 1.968906819820404053e-01 3.393570184707641602e-01 2.958030402660369873e-01 2.153539955615997314e-01 1.817575246095657349e-01 2.141346037387847900e-01 1.586210578680038452e-01 2.440440654754638672e-01 1.834412813186645508e-01 2.781001627445220947e-01 1.044623404741287231e-01 1.833789050579071045e-01 1.983049064874649048e-01 0.000000000000000000e+00 1.679872125387191772e-01 7.823199778795242310e-02
1.233113091439008713e-02 5.361485853791236877e-02 3.015493787825107574e-02 1.251292526721954346e-01 1.129993572831153870e-01 4.689303413033485413e-02 4.030483216047286987e-02 3.105527907609939575e-02 6.159631907939910889e-02 9.645912051200866699e-02 2.813699096441268921e-02 8.044528216123580933e-02 1.131845731288194656e-02 4.346678406000137329e-02 3.687524795532226562e-02 4.001154378056526184e-02 8.875312283635139465e-03 8.952042117016389966e-05 2.989215962588787079e-02 1.817297488451004028e-01 1.344992667436599731e-01 4.914466664195060730e-02 1.420400012284517288e-02 4.786932840943336487e-02 9.622558020055294037e-03 7.930818200111389160e-02 1.594542898237705231e-02 1.155092269182205200e-01 6.465954333543777466e-02 1.588090322911739349e-02 3.136245161294937134e-02 1.679872125387191772e-01 0.000000000000000000e+00 9.095048159360885620e-02
7.870762050151824951e-02 1.438638269901275635e-01 1.207741871476173401e-01 2.136482894420623779e-01 2.227783575654029846e-02 4.424615204334259033e-02 1.307759135961532593e-01 6.006485223770141602e-02 1.516969501972198486e-01 1.857797354459762573e-01 1.187834963202476501e-01 1.701508462429046631e-01 1.021637693047523499e-01 4.767215996980667114e-02 5.425719544291496277e-02 1.304871737957000732e-01 8.214146643877029419e-02 9.103925526142120361e-02 1.205149888992309570e-01 2.682465612888336182e-01 2.227252125740051270e-01 1.394717544317245483e-01 1.050188019871711731e-01 1.382180452346801758e-01 8.139916509389877319e-02 1.690393686294555664e-01 1.067411080002784729e-01 2.043132632970809937e-01 2.644646354019641876e-02 1.066773012280464172e-01 1.219650357961654663e-01 7.823199778795242310e-02 9.095048159360885620e-02 0.000000000000000000e+00
