0.000000000000000000e+00 7.864231616258621216e-02 4.557666555047035217e-02 1.379365772008895874e-01 9.632764011621475220e-02 3.135561943054199219e-02 5.306226760149002075e-02 2.229490503668785095e-02 7.499077171087265015e-02 1.075503751635551453e-01 3.411758318543434143e-02 8.944728970527648926e-02 2.560398541390895844e-02 2.480920404195785522e-02 2.586897462606430054e-02 5.603563785552978516e-02 3.771811490878462791e-03 1.866560615599155426e-02 4.268341884016990662e-02 1.952509731054306030e-01 1.444977521896362305e-01 6.184001639485359192e-02 2.946197800338268280e-02 6.142221391201019287e-02 8.583605522289872169e-04 9.051223099231719971e-02 2.627631463110446930e-02 1.266082674264907837e-01 5.462158098816871643e-02 3.304801136255264282e-02 4.721806570887565613e-02 1.528020501136779785e-01 6.202323827892541885e-03 8.210870623588562012e-02
7.864231616258621216e-02 0.000000000000000000e+00 3.318459913134574890e-02 5.994451418519020081e-02 1.736544519662857056e-01 1.097273677587509155e-01 2.568724192678928375e-02 1.007605493068695068e-01 3.673203988000750542e-03 2.915465086698532104e-02 4.464451968669891357e-02 1.088151708245277405e-02 5.314534530043601990e-02 1.032500788569450378e-01 1.042991057038307190e-01 2.270674332976341248e-02 7.489272207021713257e-02 6.006488576531410217e-02 3.608000651001930237e-02 1.184271126985549927e-01 6.661239266395568848e-02 1.688441634178161621e-02 4.929455369710922241e-02 1.730368472635746002e-02 7.949531078338623047e-02 1.195501070469617844e-02 5.247444286942481995e-02 4.844833910465240479e-02 1.326939016580581665e-01 4.571311920881271362e-02 3.154137730598449707e-02 2.286961972713470459e-01 7.247534394264221191e-02 1.597196757793426514e-01
4.557666555047035217e-02 3.318459913134574890e-02 0.000000000000000000e+00 9.294422715902328491e-02 1.412840187549591064e-01 7.682249695062637329e-02 7.503752596676349640e-03 6.780266761779785156e-02 2.951499074697494507e-02 6.227899715304374695e-02 1.147692557424306870e-02 4.405020922422409058e-02 1.999601162970066071e-02 7.030636817216873169e-02 7.136149704456329346e-02 1.048575714230537415e-02 4.181203618645668030e-02 2.693396992981433868e-02 2.898881211876869202e-03 1.510182172060012817e-01 9.957687556743621826e-02 1.630932092666625977e-02 1.613635197281837463e-02 1.589003764092922211e-02 4.643320664763450623e-02 4.512170702219009399e-02 1.932348869740962982e-02 8.150190860033035278e-02 9.994942694902420044e-02 1.254755351692438126e-02 1.644943258725106716e-03 1.970067173242568970e-01 3.938547149300575256e-02 1.272093206644058228e-01
1.379365772008895874e-01 5.994451418519020081e-02 9.294422715902328491e-02 0.000000000000000000e+00 2.311923354864120483e-01 1.685631424188613892e-01 8.550009876489639282e-02 1.597402393817901611e-01 6.360371410846710205e-02 3.084376640617847443e-02 1.043098792433738708e-01 4.909501969814300537e-02 1.127307265996932983e-01 1.621907502412796021e-01 1.632231175899505615e-01 8.253891021013259888e-02 1.342345923185348511e-01 1.195788532495498657e-01 9.581729024648666382e-02 5.890073999762535095e-02 6.694607436656951904e-03 7.675124704837799072e-02 1.089172214269638062e-01 7.716815918684005737e-02 1.387785077095031738e-01 4.802391678094863892e-02 1.120664477348327637e-01 1.152965705841779709e-02 1.911182105541229248e-01 1.053688973188400269e-01 9.131323546171188354e-02 2.847372293472290039e-01 1.318470537662506104e-01 2.175810188055038452e-01
9.632764011621475220e-02 1.736544519662857056e-01 1.412840187549591064e-01 2.311923354864120483e-01 0.000000000000000000e+00 6.516885757446289062e-02 1.486302018165588379e-01 7.419206947088241577e-02 1.700897365808486938e-01 2.017874866724014282e-01 1.300179213285446167e-01 1.841879338026046753e-01 1.216316372156143188e-01 7.168976217508316040e-02 7.063467800617218018e-02 1.515452712774276733e-01 1.000630855560302734e-01 1.147868558764457703e-01 1.384418457746505737e-01 2.861958444118499756e-01 2.375193238258361816e-01 1.572310477495193481e-01 1.254336386919021606e-01 1.568219959735870361e-01 9.547717124223709106e-02 1.852249205112457275e-01 1.222944110631942749e-01 2.202497720718383789e-01 4.192665591835975647e-02 1.289650946855545044e-01 1.428957581520080566e-01 5.731808766722679138e-02 1.024687439203262329e-01 1.433228421956300735e-02
3.135561943054199219e-02 1.097273677587509155e-01 7.682249695062637329e-02 1.685631424188613892e-01 6.516885757446289062e-02 0.000000000000000000e+00 8.427766710519790649e-02 9.067050181329250336e-03 1.060969159007072449e-01 1.384391337633132935e-01 6.540323793888092041e-02 1.204650476574897766e-01 5.691390857100486755e-02 6.551510188728570938e-03 5.491096526384353638e-03 8.723798394203186035e-02 3.512327373027801514e-02 4.999196156859397888e-02 7.394007593393325806e-02 2.252277135848999023e-01 1.750601977109909058e-01 9.301527589559555054e-02 6.076146662235260010e-02 9.259949624538421631e-02 3.049807809293270111e-02 1.215229555964469910e-01 5.758448690176010132e-02 1.573392748832702637e-01 2.330588176846504211e-02 6.433695554733276367e-02 7.845752686262130737e-02 1.220311075448989868e-01 3.755063936114311218e-02 5.088410153985023499e-02
5.306226760149002075e-02 2.568724192678928375e-02 7.503752596676349640e-03 8.550009876489639282e-02 1.486302018165588379e-01 8.427766710519790649e-02 0.000000000000000000e+00 7.526812702417373657e-02 2.201611362397670746e-02 5.480084940791130066e-02 1.897904276847839355e-02 3.655853867530822754e-02 2.749563939869403839e-02 7.776909321546554565e-02 7.882304489612579346e-02 2.982239006087183952e-03 4.930032417178153992e-02 3.443076461553573608e-02 1.040240656584501266e-02 1.436772793531417847e-01 9.214197099208831787e-02 8.806645870208740234e-03 2.363724261522293091e-02 8.387284353375434875e-03 5.391816794872283936e-02 3.763069584965705872e-02 2.682335302233695984e-02 7.404343783855438232e-02 1.073726490139961243e-01 2.004941925406455994e-02 5.858881399035453796e-03 2.042085975408554077e-01 4.687536880373954773e-02 1.345846056938171387e-01
2.229490503668785095e-02 1.007605493068695068e-01 6.780266761779785156e-02 1.597402393817901611e-01 7.419206947088241577e-02 9.067050181329250336e-03 7.526812702417373657e-02 0.000000000000000000e+00 9.712330251932144165e-02 1.295346766710281372e-01 5.636961013078689575e-02 1.115197986364364624e-01 4.787156358361244202e-02 2.515689237043261528e-03 3.576131537556648254e-03 7.823280245065689087e-02 2.606452628970146179e-02 4.094346985220909119e-02 6.491655111312866211e-02 2.166029959917068481e-01 1.662570387125015259e-01 8.401907980442047119e-02 5.172290652990341187e-02 8.360263705253601074e-02 2.143695577979087830e-02 1.125799641013145447e-01 4.854278266429901123e-02 1.484840512275695801e-01 3.236608952283859253e-02 5.530216544866561890e-02 6.943986564874649048e-02 1.309532821178436279e-01 2.849328890442848206e-02 5.992350354790687561e-02
7.499077171087265015e-02 3.673203988000750542e-03 2.951499074697494507e-02 6.360371410846710205e-02 1.700897365808486938e-01 1.060969159007072449e-01 2.201611362397670746e-02 9.712330251932144165e-02 0.000000000000000000e+00 3.282434120774269104e-02 4.097803309559822083e-02 1.455413922667503357e-02 4.948179796338081360e-02 9.961465001106262207e-02 1.006644740700721741e-01 1.903512515127658844e-02 7.123912125825881958e-02 5.640412494540214539e-02 3.241109848022460938e-02 1.220472306013107300e-01 7.026840001344680786e-02 1.321203075349330902e-02 4.562960937619209290e-02 1.363134663552045822e-02 7.584425806999206543e-02 1.562752947211265564e-02 4.881064221262931824e-02 5.211227387189865112e-02 1.290836185216903687e-01 4.204697161912918091e-02 2.787140011787414551e-02 2.252121865749359131e-01 6.882046163082122803e-02 1.561380773782730103e-01
1.075503751635551453e-01 2.915465086698532104e-02 6.227899715304374695e-02 3.084376640617847443e-02 2.017874866724014282e-01 1.384391337633132935e-01 5.480084940791130066e-02 1.295346766710281372e-01 3.282434120774269104e-02 0.000000000000000000e+00 7.370323687791824341e-02 1.827893406152725220e-02 8.217267692089080811e-02 1.320073604583740234e-01 1.330491900444030762e-01 5.182708427309989929e-02 1.038206890225410461e-01 8.906356990337371826e-02 6.516611576080322266e-02 8.958176523447036743e-02 3.753062337636947632e-02 4.601641744375228882e-02 7.833661884069442749e-02 4.643491283059120178e-02 1.083987355232238770e-01 1.720564067363739014e-02 8.150439709424972534e-02 1.932097971439361572e-02 1.612248271703720093e-01 7.476812601089477539e-02 6.064026430249214172e-02 2.561430037021636963e-01 1.014157086610794067e-01 1.879989057779312134e-01
3.411758318543434143e-02 4.464451968669891357e-02 1.147692557424306870e-02 1.043098792433738708e-01 1.300179213285446167e-01 6.540323793888092041e-02 1.897904276847839355e-02 5.636961013078689575e-02 4.097803309559822083e-02 7.370323687791824341e-02 0.000000000000000000e+00 5.549907311797142029e-02 8.521042764186859131e-03 5.887695401906967163e-02 5.993366241455078125e-02 2.196003869175910950e-02 3.034967742860317230e-02 1.546182669699192047e-02 8.578328415751457214e-03 1.622139811515808105e-01 1.109270304441452026e-01 2.778104692697525024e-02 4.660290200263261795e-03 2.736197039484977722e-02 3.497491776943206787e-02 5.656933784484863281e-02 7.848305627703666687e-03 9.289193898439407349e-02 8.857410401105880737e-02 1.070782775059342384e-03 1.312161982059478760e-02 1.859502345323562622e-01 2.792116627097129822e-02 1.159016117453575134e-01
8.944728970527648926e-02 1.088151708245277405e-02 4.405020922422409058e-02 4.909501969814300537e-02 1.841879338026046753e-01 1.204650476574897766e-01 3.655853867530822754e-02 1.115197986364364624e-01 1.455413922667503357e-02 1.827893406152725220e-02 5.549907311797142029e-02 0.000000000000000000e+00 6.398985534906387329e-02 1.140035092830657959e-01 1.150500476360321045e-01 3.357996419072151184e-02 8.570439368486404419e-02 7.090006023645401001e-02 4.694309458136558533e-02 1.076843664050102234e-01 5.577130243182182312e-02 2.776083350181579590e-02 6.014380976557731628e-02 2.817989513278007507e-02 9.029871225357055664e-02 1.073633204214274883e-03 6.331980228424072266e-02 3.758664056658744812e-02 1.433684080839157104e-01 5.656649917364120483e-02 4.240833967924118042e-02 2.389829903841018677e-01 8.329117298126220703e-02 1.703052073717117310e-01
2.560398541390895844e-02 5.314534530043601990e-02 1.999601162970066071e-02 1.127307265996932983e-01 1.216316372156143188e-01 5.691390857100486755e-02 2.749563939869403839e-02 4.787156358361244202e-02 4.948179796338081360e-02 8.217267692089080811e-02 8.521042764186859131e-03 6.398985534906387329e-02 0.000000000000000000e+00 5.038118362426757812e-02 5.143888667225837708e-02 3.047537989914417267e-02 2.183428034186363220e-02 6.941698025912046432e-03 1.709812134504318237e-02 1.704993695020675659e-01 1.193352714180946350e-01 3.629349544644355774e-02 3.860905533656477928e-03 3.587464988231658936e-02 2.646176330745220184e-02 6.505901366472244263e-02 6.727817235514521599e-04 1.013327762484550476e-01 8.011353015899658203e-02 7.450327277183532715e-03 2.164024300873279572e-02 1.777107715606689453e-01 1.940474286675453186e-02 1.074867248535156250e-01
2.480920404195785522e-02 1.032500788569450378e-01 7.030636817216873169e-02 1.621907502412796021e-01 7.168976217508316040e-02 6.551510188728570938e-03 7.776909321546554565e-02 2.515689237043261528e-03 9.961465001106262207e-02 1.320073604583740234e-01 5.887695401906967163e-02 1.140035092830657959e-01 5.038118362426757812e-02 0.000000000000000000e+00 1.060451497323811054e-03 8.073261380195617676e-02 2.857833914458751678e-02 4.345468431711196899e-02 6.742122769355773926e-02 2.189993560314178467e-01 1.687021702527999878e-01 8.651648461818695068e-02 5.423154309391975403e-02 8.610022068023681641e-02 2.395135350525379181e-02 1.150630488991737366e-01 5.105223506689071655e-02 1.509433537721633911e-01 2.985283546149730682e-02 5.780981481075286865e-02 7.194299250841140747e-02 1.284798979759216309e-01 3.100675716996192932e-02 5.741646885871887207e-02
2.586897462606430054e-02 1.042991057038307190e-01 7.136149704456329346e-02 1.632231175899505615e-01 7.063467800617218018e-02 5.491096526384353638e-03 7.882304489612579346e-02 3.576131537556648254e-03 1.006644740700721741e-01 1.330491900444030762e-01 5.993366241455078125e-02 1.150500476360321045e-01 5.143888667225837708e-02 1.060451497323811054e-03 0.000000000000000000e+00 8.178605884313583374e-02 2.963789366185665131e-02 4.451308399438858032e-02 6.847678869962692261e-02 2.200087010860443115e-01 1.697322577238082886e-01 8.756889402866363525e-02 5.528881400823593140e-02 8.715271204710006714e-02 2.501117065548896790e-02 1.161093413829803467e-01 5.210986360907554626e-02 1.519794762134552002e-01 2.879329398274421692e-02 5.886665359139442444e-02 7.299787551164627075e-02 1.274368166923522949e-01 3.206615522503852844e-02 5.635945126414299011e-02
5.603563785552978516e-02 2.270674332976341248e-02 1.048575714230537415e-02 8.253891021013259888e-02 1.515452712774276733e-01 8.723798394203186035e-02 2.982239006087183952e-03 7.823280245065689087e-02 1.903512515127658844e-02 5.182708427309989929e-02 2.196003869175910950e-02 3.357996419072151184e-02 3.047537989914417267e-02 8.073261380195617676e-02 8.178605884313583374e-02 0.000000000000000000e+00 5.227487534284591675e-02 3.740916401147842407e-02 1.338423043489456177e-02 1.407553553581237793e-01 8.918423950672149658e-02 5.824559833854436874e-03 2.661760523915290833e-02 5.405181087553501129e-03 5.689125880599021912e-02 3.465234488248825073e-02 2.980320900678634644e-02 7.107689231634140015e-02 1.103195622563362122e-01 2.303028106689453125e-02 8.840966038405895233e-03 2.070647329092025757e-01 4.985063895583152771e-02 1.375116556882858276e-01
3.771811490878462791e-03 7.489272207021713257e-02 4.181203618645668030e-02 1.342345923185348511e-01 1.000630855560302734e-01 3.512327373027801514e-02 4.930032417178153992e-02 2.606452628970146179e-02 7.123912125825881958e-02 1.038206890225410461e-01 3.034967742860317230e-02 8.570439368486404419e-02 2.183428034186363220e-02 2.857833914458751678e-02 2.963789366185665131e-02 5.227487534284591675e-02 0.000000000000000000e+00 1.489484123885631561e-02 3.891787678003311157e-02 1.916202902793884277e-01 1.408026665449142456e-01 5.808174982666969299e-02 2.569302171468734741e-02 5.766376852989196777e-02 4.630157258361577988e-03 8.677004277706146240e-02 2.250673249363899231e-02 1.228951439261436462e-01 5.838136747479438782e-02 2.927984483540058136e-02 4.345399141311645508e-02 1.564836800098419189e-01 2.430569846183061600e-03 8.585394173860549927e-02
1.866560615599155426e-02 6.006488576531410217e-02 2.693396992981433868e-02 1.195788532495498657e-01 1.147868558764457703e-01 4.999196156859397888e-02 3.443076461553573608e-02 4.094346985220909119e-02 5.640412494540214539e-02 8.906356990337371826e-02 1.546182669699192047e-02 7.090006023645401001e-02 6.941698025912046432e-03 4.345468431711196899e-02 4.451308399438858032e-02 3.740916401147842407e-02 1.489484123885631561e-02 0.000000000000000000e+00 2.403696626424789429e-02 1.772312968969345093e-01 1.261724531650543213e-01 4.322430491447448730e-02 1.080231461673974991e-02 4.280568659305572510e-02 1.952365227043628693e-02 7.196821272373199463e-02 7.614444475620985031e-03 1.081983670592308044e-01 7.321254909038543701e-02 1.439128071069717407e-02 2.857764996588230133e-02 1.709799915552139282e-01 1.246472354978322983e-02 1.006201058626174927e-01
4.268341884016990662e-02 3.608000651001930237e-02 2.898881211876869202e-03 9.581729024648666382e-02 1.384418457746505737e-01 7.394007593393325806e-02 1.040240656584501266e-02 6.491655111312866211e-02 3.241109848022460938e-02 6.516611576080322266e-02 8.578328415751457214e-03 4.694309458136558533e-02 1.709812134504318237e-02 6.742122769355773926e-02 6.847678869962692261e-02 1.338423043489456177e-02 3.891787678003311157e-02 2.403696626424789429e-02 0.000000000000000000e+00 1.538497507572174072e-01 1.024461835622787476e-01 1.920729316771030426e-02 1.323808915913105011e-02 1.878805272281169891e-02 4.354018718004226685e-02 4.801431298255920410e-02 1.642552763223648071e-02 8.438085019588470459e-02 9.707866609096527100e-02 9.649022482335567474e-03 4.543802700936794281e-03 1.942187696695327759e-01 3.649075701832771301e-02 1.243562996387481689e-01
1.952509731054306030e-01 1.184271126985549927e-01 1.510182172060012817e-01 5.890073999762535095e-02 2.861958444118499756e-01 2.252277135848999023e-01 1.436772793531417847e-01 2.166029959917068481e-01 1.220472306013107300e-01 8.958176523447036743e-02 1.622139811515808105e-01 1.076843664050102234e-01 1.704993695020675659e-01 2.189993560314178467e-01 2.200087010860443115e-01 1.407553553581237793e-01 1.916202902793884277e-01 1.772312968969345093e-01 1.538497507572174072e-01 0.000000000000000000e+00 5.222672969102859497e-02 1.350415050983428955e-01 1.667482256889343262e-01 1.354532241821289062e-01 1.960764825344085693e-01 1.066230610013008118e-01 1.698460727930068970e-01 7.038260251283645630e-02 2.472358047962188721e-01 1.632564216852188110e-01 1.494103819131851196e-01 3.379697799682617188e-01 1.892778873443603516e-01 2.729832828044891357e-01
1.444977521896362305e-01 6.661239266395568848e-02 9.957687556743621826e-02 6.694607436656951904e-03 2.375193238258361816e-01 1.750601977109909058e-01 9.214197099208831787e-02 1.662570387125015259e-01 7.026840001344680786e-02 3.753062337636947632e-02 1.109270304441452026e-01 5.577130243182182312e-02 1.193352714180946350e-01 1.687021702527999878e-01 1.697322577238082886e-01 8.918423950672149658e-02 1.408026665449142456e-01 1.261724531650543213e-01 1.024461835622787476e-01 5.222672969102859497e-02 0.000000000000000000e+00 8.340299874544143677e-02 1.155276000499725342e-01 8.381946384906768799e-02 1.453380882740020752e-01 5.470093712210655212e-02 1.186720132827758789e-01 1.822285726666450500e-02 1.975600570440292358e-01 1.119845062494277954e-01 9.794797748327255249e-02 2.908773422241210938e-01 1.384194791316986084e-01 2.239494025707244873e-01
6.184001639485359192e-02 1.688441634178161621e-02 1.630932092666625977e-02 7.675124704837799072e-02 1.572310477495193481e-01 9.301527589559555054e-02 8.806645870208740234e-03 8.401907980442047119e-02 1.321203075349330902e-02 4.601641744375228882e-02 2.778104692697525024e-02 2.776083350181579590e-02 3.629349544644355774e-02 8.651648461818695068e-02 8.756889402866363525e-02 5.824559833854436874e-03 5.808174982666969299e-02 4.322430491447448730e-02 1.920729316771030426e-02 1.350415050983428955e-01 8.340299874544143677e-02 0.000000000000000000e+00 3.243713825941085815e-02 4.193914355710148811e-04 6.269504874944686890e-02 2.883360534906387329e-02 3.562158346176147461e-02 6.527935713529586792e-02 1.160695403814315796e-01 2.885096892714500427e-02 1.466477103531360626e-02 2.126328349113464355e-01 5.565903708338737488e-02 1.432215124368667603e-01
2.946197800338268280e-02 4.929455369710922241e-02 1.613635197281837463e-02 1.089172214269638062e-01 1.254336386919021606e-01 6.076146662235260010e-02 2.363724261522293091e-02 5.172290652990341187e-02 4.562960937619209290e-02 7.833661884069442749e-02 4.660290200263261795e-03 6.014380976557731628e-02 3.860905533656477928e-03 5.423154309391975403e-02 5.528881400823593140e-02 2.661760523915290833e-02 2.569302171468734741e-02 1.080231461673974991e-02 1.323808915913105011e-02 1.667482256889343262e-01 1.155276000499725342e-01 3.243713825941085815e-02 0.000000000000000000e+00 3.201817721128463745e-02 3.031956963241100311e-02 6.121348962187767029e-02 3.188132075592875481e-03 9.751001745462417603e-02 8.394846320152282715e-02 3.589525353163480759e-03 1.778082363307476044e-02 1.814471930265426636e-01 2.326390333473682404e-02 1.113014370203018188e-01
6.142221391201019287e-02 1.730368472635746002e-02 1.589003764092922211e-02 7.716815918684005737e-02 1.568219959735870361e-01 9.259949624538421631e-02 8.387284353375434875e-03 8.360263705253601074e-02 1.363134663552045822e-02 4.643491283059120178e-02 2.736197039484977722e-02 2.817989513278007507e-02 3.587464988231658936e-02 8.610022068023681641e-02 8.715271204710006714e-02 5.405181087553501129e-03 5.766376852989196777e-02 4.280568659305572510e-02 1.878805272281169891e-02 1.354532241821289062e-01 8.381946384906768799e-02 4.193914355710148811e-04 3.201817721128463745e-02 0.000000000000000000e+00 6.227729469537734985e-02 2.925264649093151093e-02 3.520271927118301392e-02 6.569695472717285156e-02 1.156557723879814148e-01 2.843192219734191895e-02 1.424546539783477783e-02 2.122323811054229736e-01 5.524093657732009888e-02 1.428106874227523804e-01
8.583605522289872169e-04 7.949531078338623047e-02 4.643320664763450623e-02 1.387785077095031738e-01 9.547717124223709106e-02 3.049807809293270111e-02 5.391816794872283936e-02 2.143695577979087830e-02 7.584425806999206543e-02 1.083987355232238770e-01 3.497491776943206787e-02 9.029871225357055664e-02 2.646176330745220184e-02 2.395135350525379181e-02 2.501117065548896790e-02 5.689125880599021912e-02 4.630157258361577988e-03 1.952365227043628693e-02 4.354018718004226685e-02 1.960764825344085693e-01 1.453380882740020752e-01 6.269504874944686890e-02 3.031956963241100311e-02 6.227729469537734985e-02 0.000000000000000000e+00 9.136349707841873169e-02 2.713406272232532501e-02 1.274527907371520996e-01 5.376574024558067322e-02 3.390540555119514465e-02 4.807447642087936401e-02 1.519636362791061401e-01 7.060647476464509964e-03 8.125607669353485107e-02
9.051223099231719971e-02 1.195501070469617844e-02 4.512170702219009399e-02 4.802391678094863892e-02 1.852249205112457275e-01 1.215229555964469910e-01 3.763069584965705872e-02 1.125799641013145447e-01 1.562752947211265564e-02 1.720564067363739014e-02 5.656933784484863281e-02 1.073633204214274883e-03 6.505901366472244263e-02 1.150630488991737366e-01 1.161093413829803467e-01 3.465234488248825073e-02 8.677004277706146240e-02 7.196821272373199463e-02 4.801431298255920410e-02 1.066230610013008118e-01 5.470093712210655212e-02 2.883360534906387329e-02 6.121348962187767029e-02 2.925264649093151093e-02 9.136349707841873169e-02 0.000000000000000000e+00 6.438905000686645508e-02 3.651447966694831848e-02 1.444198191165924072e-01 5.763662606477737427e-02 4.347999021410942078e-02 2.399950474500656128e-01 8.435726910829544067e-02 1.713475286960601807e-01
2.627631463110446930e-02 5.247444286942481995e-02 1.932348869740962982e-02 1.120664477348327637e-01 1.222944110631942749e-01 5.758448690176010132e-02 2.682335302233695984e-02 4.854278266429901123e-02 4.881064221262931824e-02 8.150439709424972534e-02 7.848305627703666687e-03 6.331980228424072266e-02 6.727817235514521599e-04 5.105223506689071655e-02 5.210986360907554626e-02 2.980320900678634644e-02 2.250673249363899231e-02 7.614444475620985031e-03 1.642552763223648071e-02 1.698460727930068970e-01 1.186720132827758789e-01 3.562158346176147461e-02 3.188132075592875481e-03 3.520271927118301392e-02 2.713406272232532501e-02 6.438905000686645508e-02 0.000000000000000000e+00 1.006668582558631897e-01 8.078195899724960327e-02 6.777579430490732193e-03 2.096776664257049561e-02 1.783622205257415771e-01 2.007726207375526428e-02 1.081516891717910767e-01
1.266082674264907837e-01 4.844833910465240479e-02 8.150190860033035278e-02 1.152965705841779709e-02 2.202497720718383789e-01 1.573392748832702637e-01 7.404343783855438232e-02 1.484840512275695801e-01 5.211227387189865112e-02 1.932097971439361572e-02 9.289193898439407349e-02 3.758664056658744812e-02 1.013327762484550476e-01 1.509433537721633911e-01 1.519794762134552002e-01 7.107689231634140015e-02 1.228951439261436462e-01 1.081983670592308044e-01 8.438085019588470459e-02 7.038260251283645630e-02 1.822285726666450500e-02 6.527935713529586792e-02 9.751001745462417603e-02 6.569695472717285156e-02 1.274527907371520996e-01 3.651447966694831848e-02 1.006668582558631897e-01 0.000000000000000000e+00 1.799851506948471069e-01 9.395337849855422974e-02 7.986766844987869263e-02 2.741074264049530029e-01 1.205005720257759094e-01 2.065695673227310181e-01
5.462158098816871643e-02 1.326939016580581665e-01 9.994942694902420044e-02 1.911182105541229248e-01 4.192665591835975647e-02 2.330588176846504211e-02 1.073726490139961243e-01 3.236608952283859253e-02 1.290836185216903687e-01 1.612248271703720093e-01 8.857410401105880737e-02 1.433684080839157104e-01 8.011353015899658203e-02 2.985283546149730682e-02 2.879329398274421692e-02 1.103195622563362122e-01 5.838136747479438782e-02 7.321254909038543701e-02 9.707866609096527100e-02 2.472358047962188721e-01 1.975600570440292358e-01 1.160695403814315796e-01 8.394846320152282715e-02 1.156557723879814148e-01 5.376574024558067322e-02 1.444198191165924072e-01 8.078195899724960327e-02 1.799851506948471069e-01 0.000000000000000000e+00 8.751162141561508179e-02 1.015776693820953369e-01 9.900681674480438232e-02 6.080330535769462585e-02 2.761096134781837463e-02
3.304801136255264282e-02 4.571311920881271362e-02 1.254755351692438126e-02 1.053688973188400269e-01 1.289650946855545044e-01 6.433695554733276367e-02 2.004941925406455994e-02 5.530216544866561890e-02 4.204697161912918091e-02 7.476812601089477539e-02 1.070782775059342384e-03 5.656649917364120483e-02 7.450327277183532715e-03 5.780981481075286865e-02 5.886665359139442444e-02 2.303028106689453125e-02 2.927984483540058136e-02 1.439128071069717407e-02 9.649022482335567474e-03 1.632564216852188110e-01 1.119845062494277954e-01 2.885096892714500427e-02 3.589525353163480759e-03 2.843192219734191895e-02 3.390540555119514465e-02 5.763662606477737427e-02 6.777579430490732193e-03 9.395337849855422974e-02 8.751162141561508179e-02 0.000000000000000000e+00 1.419220399111509323e-02 1.849162727594375610e-01 2.685118839144706726e-02 1.148450821638107300e-01
4.721806570887565613e-02 3.154137730598449707e-02 1.644943258725106716e-03 9.131323546171188354e-02 1.428957581520080566e-01 7.845752686262130737e-02 5.858881399035453796e-03 6.943986564874649048e-02 2.787140011787414551e-02 6.064026430249214172e-02 1.312161982059478760e-02 4.240833967924118042e-02 2.164024300873279572e-02 7.194299250841140747e-02 7.299787551164627075e-02 8.840966038405895233e-03 4.345399141311645508e-02 2.857764996588230133e-02 4.543802700936794281e-03 1.494103819131851196e-01 9.794797748327255249e-02 1.466477103531360626e-02 1.778082363307476044e-02 1.424546539783477783e-02 4.807447642087936401e-02 4.347999021410942078e-02 2.096776664257049561e-02 7.986766844987869263e-02 1.015776693820953369e-01 1.419220399111509323e-02 0.000000000000000000e+00 1.985873132944107056e-01 4.102775454521179199e-02 1.288273036479949951e-01
1.528020501136779785e-01 2.286961972713470459e-01 1.970067173242568970e-01 2.847372293472290039e-01 5.731808766722679138e-02 1.220311075448989868e-01 2.042085975408554077e-01 1.309532821178436279e-01 2.252121865749359131e-01 2.561430037021636963e-01 1.859502345323562622e-01 2.389829903841018677e-01 1.777107715606689453e-01 1.284798979759216309e-01 1.274368166923522949e-01 2.070647329092025757e-01 1.564836800098419189e-01 1.709799915552139282e-01 1.942187696695327759e-01 3.379697799682617188e-01 2.908773422241210938e-01 2.126328349113464355e-01 1.814471930265426636e-01 2.122323811054229736e-01 1.519636362791061401e-01 2.399950474500656128e-01 1.783622205257415771e-01 2.741074264049530029e-01 9.900681674480438232e-02 1.849162727594375610e-01 1.985873132944107056e-01 0.000000000000000000e+00 1.588538438081741333e-01 7.159156352281570435e-02
6.202323827892541885e-03 7.247534394264221191e-02 3.938547149300575256e-02 1.318470537662506104e-01 1.024687439203262329e-01 3.755063936114311218e-02 4.687536880373954773e-02 2.849328890442848206e-02 6.882046163082122803e-02 1.014157086610794067e-01 2.792116627097129822e-02 8.329117298126220703e-02 1.940474286675453186e-02 3.100675716996192932e-02 3.206615522503852844e-02 4.985063895583152771e-02 2.430569846183061600e-03 1.246472354978322983e-02 3.649075701832771301e-02 1.892778873443603516e-01 1.384194791316986084e-01 5.565903708338737488e-02 2.326390333473682404e-02 5.524093657732009888e-02 7.060647476464509964e-03 8.435726910829544067e-02 2.007726207375526428e-02 1.205005720257759094e-01 6.080330535769462585e-02 2.685118839144706726e-02 4.102775454521179199e-02 1.588538438081741333e-01 0.000000000000000000e+00 8.826608210802078247e-02
8.210870623588562012e-02 1.597196757793426514e-01 1.272093206644058228e-01 2.175810188055038452e-01 1.433228421956300735e-02 5.088410153985023499e-02 1.345846056938171387e-01 5.992350354790687561e-02 1.561380773782730103e-01 1.879989057779312134e-01 1.159016117453575134e-01 1.703052073717117310e-01 1.074867248535156250e-01 5.741646885871887207e-02 5.635945126414299011e-02 1.375116556882858276e-01 8.585394173860549927e-02 1.006201058626174927e-01 1.243562996387481689e-01 2.729832828044891357e-01 2.239494025707244873e-01 1.432215124368667603e-01 1.113014370203018188e-01 1.428106874227523804e-01 8.125607669353485107e-02 1.713475286960601807e-01 1.081516891717910767e-01 2.065695673227310181e-01 2.761096134781837463e-02 1.148450821638107300e-01 1.288273036479949951e-01 7.159156352281570435e-02 8.826608210802078247e-02 0.000000000000000000e+00
