0.000000000000000000e+00 7.117974013090133667e-02 3.671078756451606750e-02 1.318150609731674194e-01 9.694561362266540527e-02 3.500775992870330811e-02 5.309282615780830383e-02 1.866014301776885986e-02 6.613199412822723389e-02 1.067632883787155151e-01 3.896064683794975281e-02 8.558581769466400146e-02 1.787938177585601807e-02 3.207439556717872620e-02 2.840935625135898590e-02 5.071133747696876526e-02 3.098560031503438950e-03 7.953288033604621887e-03 4.029149934649467468e-02 1.879372298717498779e-01 1.400623917579650879e-01 5.578598380088806152e-02 2.505728043615818024e-02 5.284743756055831909e-02 7.799426093697547913e-04 8.828449994325637817e-02 2.747345902025699615e-02 1.249074414372444153e-01 5.605983734130859375e-02 2.723450027406215668e-02 4.387549683451652527e-02 1.590501815080642700e-01 5.867424421012401581e-03 8.271460980176925659e-02
7.117974013090133667e-02 0.000000000000000000e+00 3.455926477909088135e-02 6.120960786938667297e-02 1.669731438159942627e-01 1.059235557913780212e-01 1.815553195774555206e-02 8.972071111202239990e-02 5.071619525551795959e-03 3.585603833198547363e-02 3.230869397521018982e-02 1.449437439441680908e-02 5.336828157305717468e-02 1.030189469456672668e-01 9.938812255859375000e-02 2.054256014525890350e-02 6.809620559215545654e-02 6.326226890087127686e-02 3.097708337008953094e-02 1.183405742049217224e-01 6.957630068063735962e-02 1.545513235032558441e-02 4.620487615466117859e-02 1.840152963995933533e-02 7.195569574832916260e-02 1.721291989088058472e-02 4.379192367196083069e-02 5.420967191457748413e-02 1.267338842153549194e-01 4.403059929609298706e-02 2.738978527486324310e-02 2.276526540517807007e-01 6.533960253000259399e-02 1.529935896396636963e-01
3.671078756451606750e-02 3.455926477909088135e-02 0.000000000000000000e+00 9.556671231985092163e-02 1.331824064254760742e-01 7.162649184465408325e-02 1.641402952373027802e-02 5.533302575349807739e-02 2.949281223118305206e-02 7.032815366983413696e-02 2.253083512187004089e-03 4.902907833456993103e-02 1.884377375245094299e-02 6.870427727699279785e-02 6.505229324102401733e-02 1.402666140347719193e-02 3.361604735255241394e-02 2.876589633524417877e-02 3.586016828194260597e-03 1.522770673036575317e-01 1.038857623934745789e-01 1.911433972418308258e-02 1.166423410177230835e-02 1.616801694035530090e-02 3.748965263366699219e-02 5.174140259623527527e-02 9.246653877198696136e-03 8.860294520854949951e-02 9.258008748292922974e-02 9.485770016908645630e-03 7.176271174103021622e-03 1.946245729923248291e-01 3.085000813007354736e-02 1.190638616681098938e-01
1.318150609731674194e-01 6.120960786938667297e-02 9.556671231985092163e-02 0.000000000000000000e+00 2.258742302656173706e-01 1.660565286874771118e-01 7.927704602479934692e-02 1.501059830188751221e-01 6.626065820455551147e-02 2.540933713316917419e-02 9.333372861146926880e-02 4.675671458244323730e-02 1.142048239707946777e-01 1.631994545459747314e-01 1.596266478300094604e-01 8.164950460195541382e-02 1.287690848112106323e-01 1.239917501807212830e-01 9.201223403215408325e-02 5.754781514406204224e-02 8.402472361922264099e-03 7.659228146076202393e-02 1.071115508675575256e-01 7.952157407999038696e-02 1.325813680887222290e-01 4.404309391975402832e-02 1.047208309173583984e-01 7.023240905255079269e-03 1.864967644214630127e-01 1.049573346972465515e-01 8.845110237598419189e-02 2.848924100399017334e-01 1.260451078414916992e-01 2.122158557176589966e-01
9.694561362266540527e-02 1.669731438159942627e-01 1.331824064254760742e-01 2.258742302656173706e-01 0.000000000000000000e+00 6.214877218008041382e-02 1.492701172828674316e-01 7.842734456062316895e-02 1.620387434959411621e-01 2.016220688819885254e-01 1.353948563337326050e-01 1.810293942689895630e-01 1.146263033151626587e-01 6.507355719804763794e-02 6.872552633285522461e-02 1.469345688819885254e-01 1.000141203403472900e-01 1.048180758953094482e-01 1.367031335830688477e-01 2.797852456569671631e-01 2.338329106569290161e-01 1.519100219011306763e-01 1.217072308063507080e-01 1.490295082330703735e-01 9.617293626070022583e-02 1.836582124233245850e-01 1.240885630249977112e-01 2.191987335681915283e-01 4.110918566584587097e-02 1.238531023263931274e-01 1.402246505022048950e-01 6.307717412710189819e-02 1.027545854449272156e-01 1.434603426605463028e-02
3.500775992870330811e-02 1.059235557913780212e-01 7.162649184465408325e-02 1.660565286874771118e-01 6.214877218008041382e-02 0.000000000000000000e+00 8.793713152408599854e-02 1.635830104351043701e-02 1.009061411023139954e-01 1.412431597709655762e-01 7.386765629053115845e-02 1.202333346009254456e-01 5.285405740141868591e-02 2.936659380793571472e-03 6.604969501495361328e-03 8.556718379259109497e-02 3.810218349099159241e-02 4.294908791780471802e-02 7.519319653511047363e-02 2.214877754449844360e-01 1.742159128189086914e-01 9.061677008867263794e-02 6.001239269971847534e-02 8.769295364618301392e-02 3.422874957323074341e-02 1.229123771190643311e-01 6.242118030786514282e-02 1.592189818620681763e-01 2.109347656369209290e-02 6.218297034502029419e-02 7.876227796077728271e-02 1.247369572520256042e-01 4.086678847670555115e-02 4.784539714455604553e-02
5.309282615780830383e-02 1.815553195774555206e-02 1.641402952373027802e-02 7.927704602479934692e-02 1.492701172828674316e-01 8.793713152408599854e-02 0.000000000000000000e+00 7.168195396661758423e-02 1.308511756360530853e-02 5.397643521428108215e-02 1.416147034615278244e-02 3.264131769537925720e-02 3.524690121412277222e-02 8.502243459224700928e-02 8.137943595647811890e-02 2.387919463217258453e-03 5.000248923897743225e-02 4.515860602259635925e-02 1.282876916229724884e-02 1.362034827470779419e-01 8.762114495038986206e-02 2.701156307011842728e-03 2.807288989424705505e-02 2.460791438352316618e-04 5.387053638696670532e-02 3.535740077495574951e-02 2.565678954124450684e-02 7.229404896497726440e-02 1.088287457823753357e-01 2.589576691389083862e-02 9.238848462700843811e-03 2.103665918111801147e-01 4.724011570215225220e-02 1.352136433124542236e-01
1.866014301776885986e-02 8.972071111202239990e-02 5.533302575349807739e-02 1.501059830188751221e-01 7.842734456062316895e-02 1.635830104351043701e-02 7.168195396661758423e-02 0.000000000000000000e+00 8.468762785196304321e-02 1.251740604639053345e-01 5.757893249392509460e-02 1.040797382593154907e-01 3.652733936905860901e-02 1.342228520661592484e-02 9.754383936524391174e-03 6.930589675903320312e-02 2.175744622945785522e-02 2.660948224365711212e-02 5.890735238790512085e-02 2.058753818273544312e-01 1.583087891340255737e-01 7.436871528625488281e-02 4.369699209928512573e-02 7.143713533878326416e-02 1.788046211004257202e-02 1.067687571048736572e-01 4.610996320843696594e-02 1.432337462902069092e-01 3.743885830044746399e-02 4.587133228778839111e-02 6.248448044061660767e-02 1.408079415559768677e-01 2.452488243579864502e-02 6.415348500013351440e-02
6.613199412822723389e-02 5.071619525551795959e-03 2.949281223118305206e-02 6.626065820455551147e-02 1.620387434959411621e-01 1.009061411023139954e-01 1.308511756360530853e-02 8.468762785196304321e-02 0.000000000000000000e+00 4.092021659016609192e-02 2.724153921008110046e-02 1.956455595791339874e-02 4.830973967909812927e-02 9.799852967262268066e-02 9.436406940221786499e-02 1.547255273908376694e-02 6.304635852575302124e-02 5.820932611823081970e-02 2.590953558683395386e-02 1.233381703495979309e-01 7.462158799171447754e-02 1.038432680070400238e-02 4.114289581775665283e-02 1.333115343004465103e-02 6.690849363803863525e-02 2.228259481489658356e-02 3.872890397906303406e-02 5.926499515771865845e-02 1.217405050992965698e-01 3.896768018603324890e-02 2.232126705348491669e-02 2.228383123874664307e-01 6.028796359896659851e-02 1.480368375778198242e-01
1.067632883787155151e-01 3.585603833198547363e-02 7.032815366983413696e-02 2.540933713316917419e-02 2.016220688819885254e-01 1.412431597709655762e-01 5.397643521428108215e-02 1.251740604639053345e-01 4.092021659016609192e-02 0.000000000000000000e+00 6.808585673570632935e-02 2.137277089059352875e-02 8.905390650033950806e-02 1.383638978004455566e-01 1.347639113664627075e-01 5.635708570480346680e-02 1.036990508437156677e-01 9.889398515224456787e-02 6.675896793603897095e-02 8.283603191375732422e-02 3.380459174513816833e-02 5.128275230526924133e-02 8.192518353462219238e-02 5.422179400920867920e-02 1.075342893600463867e-01 1.865463145077228546e-02 7.952309399843215942e-02 1.838937774300575256e-02 1.618544161319732666e-01 7.976071536540985107e-02 6.318376958370208740e-02 2.613751590251922607e-01 1.009591147303581238e-01 1.878193020820617676e-01
3.896064683794975281e-02 3.230869397521018982e-02 2.253083512187004089e-03 9.333372861146926880e-02 1.353948563337326050e-01 7.386765629053115845e-02 1.416147034615278244e-02 5.757893249392509460e-02 2.724153921008110046e-02 6.808585673570632935e-02 0.000000000000000000e+00 4.678116366267204285e-02 2.109596133232116699e-02 7.094638049602508545e-02 6.729551404714584351e-02 1.177394948899745941e-02 3.586641326546669006e-02 3.101697005331516266e-02 1.332943909801542759e-03 1.500754654407501221e-01 1.016564741730690002e-01 1.686198264360427856e-02 1.391695160418748856e-02 1.391544006764888763e-02 3.973938152194023132e-02 4.949409142136573792e-02 1.149949803948402405e-02 8.636710792779922485e-02 9.481339901685714722e-02 1.173860207200050354e-02 4.923267289996147156e-03 1.967913657426834106e-01 3.310079127550125122e-02 1.212844029068946838e-01
8.558581769466400146e-02 1.449437439441680908e-02 4.902907833456993103e-02 4.675671458244323730e-02 1.810293942689895630e-01 1.202333346009254456e-01 3.264131769537925720e-02 1.040797382593154907e-01 1.956455595791339874e-02 2.137277089059352875e-02 4.678116366267204285e-02 0.000000000000000000e+00 6.781020015478134155e-02 1.173381134867668152e-01 1.137186810374259949e-01 3.502650558948516846e-02 8.250914514064788818e-02 7.768540829420089722e-02 4.545105248689651489e-02 1.040246337652206421e-01 5.513752996921539307e-02 2.994279935956001282e-02 6.065862625837326050e-02 3.288713097572326660e-02 8.636000007390975952e-02 2.719223499298095703e-03 5.824932456016540527e-02 3.974652662873268127e-02 1.409693062305450439e-01 5.848764628171920776e-02 4.186753928661346436e-02 2.413506358861923218e-01 7.975844293832778931e-02 1.671173721551895142e-01
1.787938177585601807e-02 5.336828157305717468e-02 1.884377375245094299e-02 1.142048239707946777e-01 1.146263033151626587e-01 5.285405740141868591e-02 3.524690121412277222e-02 3.652733936905860901e-02 4.830973967909812927e-02 8.905390650033950806e-02 2.109596133232116699e-02 6.781020015478134155e-02 0.000000000000000000e+00 4.992514476180076599e-02 4.626523330807685852e-02 3.286175057291984558e-02 1.478163897991180420e-02 9.927503764629364014e-03 2.242827601730823517e-02 1.706312149763107300e-01 1.224897503852844238e-01 3.794444724917411804e-02 7.181117311120033264e-03 3.500112518668174744e-02 1.865906268358230591e-02 7.051642239093780518e-02 9.598791599273681641e-03 1.072676256299018860e-01 7.386518269777297974e-02 9.359677322208881378e-03 2.601652592420578003e-02 1.764278411865234375e-01 1.201321743428707123e-02 1.004454419016838074e-01
3.207439556717872620e-02 1.030189469456672668e-01 6.870427727699279785e-02 1.631994545459747314e-01 6.507355719804763794e-02 2.936659380793571472e-03 8.502243459224700928e-02 1.342228520661592484e-02 9.799852967262268066e-02 1.383638978004455566e-01 7.094638049602508545e-02 1.173381134867668152e-01 4.992514476180076599e-02 0.000000000000000000e+00 3.668381366878747940e-03 8.265128731727600098e-02 3.516945987939834595e-02 4.001747816801071167e-02 7.227249443531036377e-02 2.186933755874633789e-01 1.713669300079345703e-01 8.770344406366348267e-02 5.708579719066619873e-02 8.477813005447387695e-02 3.129523620009422302e-02 1.200190335512161255e-01 5.949542298913002014e-02 1.563554257154464722e-01 2.402864769101142883e-02 5.925713106989860535e-02 7.584316283464431763e-02 1.276268661022186279e-01 3.793467953801155090e-02 5.077492445707321167e-02
2.840935625135898590e-02 9.938812255859375000e-02 6.505229324102401733e-02 1.596266478300094604e-01 6.872552633285522461e-02 6.604969501495361328e-03 8.137943595647811890e-02 9.754383936524391174e-03 9.436406940221786499e-02 1.347639113664627075e-01 6.729551404714584351e-02 1.137186810374259949e-01 4.626523330807685852e-02 3.668381366878747940e-03 0.000000000000000000e+00 7.900686562061309814e-02 3.150514513254165649e-02 3.635443374514579773e-02 6.862230598926544189e-02 2.151976227760314941e-01 1.678040474653244019e-01 8.406210690736770630e-02 5.342860519886016846e-02 8.113498240709304810e-02 2.763002738356590271e-02 1.164018958806991577e-01 5.583922937512397766e-02 1.527746766805648804e-01 2.769458852708339691e-02 5.560083314776420593e-02 7.219486683607101440e-02 1.312338113784790039e-01 3.427106887102127075e-02 5.443316698074340820e-02
5.071133747696876526e-02 2.054256014525890350e-02 1.402666140347719193e-02 8.164950460195541382e-02 1.469345688819885254e-01 8.556718379259109497e-02 2.387919463217258453e-03 6.930589675903320312e-02 1.547255273908376694e-02 5.635708570480346680e-02 1.177394948899745941e-02 3.502650558948516846e-02 3.286175057291984558e-02 8.265128731727600098e-02 7.900686562061309814e-02 0.000000000000000000e+00 4.762025550007820129e-02 4.277529940009117126e-02 1.044117007404565811e-02 1.385463327169418335e-01 8.999023586511611938e-02 5.089043173938989639e-03 2.568669244647026062e-02 2.141841454431414604e-03 5.148923769593238831e-02 3.774213418364524841e-02 2.327029779553413391e-02 7.466908544301986694e-02 1.064684912562370300e-01 2.350930310785770416e-02 6.851079873740673065e-03 2.080831825733184814e-01 4.485725983977317810e-02 1.328686177730560303e-01
3.098560031503438950e-03 6.809620559215545654e-02 3.361604735255241394e-02 1.287690848112106323e-01 1.000141203403472900e-01 3.810218349099159241e-02 5.000248923897743225e-02 2.175744622945785522e-02 6.304635852575302124e-02 1.036990508437156677e-01 3.586641326546669006e-02 8.250914514064788818e-02 1.478163897991180420e-02 3.516945987939834595e-02 3.150514513254165649e-02 4.762025550007820129e-02 0.000000000000000000e+00 4.854847677052021027e-03 3.719758242368698120e-02 1.849463880062103271e-01 1.370232999324798584e-01 5.269652605056762695e-02 2.196042612195014954e-02 4.975702241063117981e-02 3.878493327647447586e-03 8.520924299955368042e-02 2.437697164714336395e-02 1.218560487031936646e-01 5.914812535047531128e-02 2.413797564804553986e-02 4.078248515725135803e-02 1.620688736438751221e-01 2.768914448097348213e-03 8.579118549823760986e-02
7.953288033604621887e-03 6.326226890087127686e-02 2.876589633524417877e-02 1.239917501807212830e-01 1.048180758953094482e-01 4.294908791780471802e-02 4.515860602259635925e-02 2.660948224365711212e-02 5.820932611823081970e-02 9.889398515224456787e-02 3.101697005331516266e-02 7.768540829420089722e-02 9.927503764629364014e-03 4.001747816801071167e-02 3.635443374514579773e-02 4.277529940009117126e-02 4.854847677052021027e-03 0.000000000000000000e+00 3.234857320785522461e-02 1.802533715963363647e-01 1.322564333677291870e-01 4.785392433404922485e-02 1.710740290582180023e-02 4.491302743554115295e-02 8.733176626265048981e-03 8.038765192031860352e-02 1.952443644404411316e-02 1.170704513788223267e-01 6.398460268974304199e-02 1.928538829088211060e-02 3.593474999070167542e-02 1.667924970388412476e-01 2.085960935801267624e-03 9.060829132795333862e-02
4.029149934649467468e-02 3.097708337008953094e-02 3.586016828194260597e-03 9.201223403215408325e-02 1.367031335830688477e-01 7.519319653511047363e-02 1.282876916229724884e-02 5.890735238790512085e-02 2.590953558683395386e-02 6.675896793603897095e-02 1.332943909801542759e-03 4.545105248689651489e-02 2.242827601730823517e-02 7.227249443531036377e-02 6.862230598926544189e-02 1.044117007404565811e-02 3.719758242368698120e-02 3.234857320785522461e-02 0.000000000000000000e+00 1.487722694873809814e-01 1.003371328115463257e-01 1.552938856184482574e-02 1.524961274117231369e-02 1.258273050189018250e-02 4.107014834880828857e-02 4.816432669758796692e-02 1.283224578946828842e-02 8.504395186901092529e-02 9.613419324159622192e-02 1.307134237140417099e-02 3.590346546843647957e-03 1.980723589658737183e-01 3.443221375346183777e-02 1.225975230336189270e-01
1.879372298717498779e-01 1.183405742049217224e-01 1.522770673036575317e-01 5.754781514406204224e-02 2.797852456569671631e-01 2.214877754449844360e-01 1.362034827470779419e-01 2.058753818273544312e-01 1.233381703495979309e-01 8.283603191375732422e-02 1.500754654407501221e-01 1.040246337652206421e-01 1.706312149763107300e-01 2.186933755874633789e-01 2.151976227760314941e-01 1.385463327169418335e-01 1.849463880062103271e-01 1.802533715963363647e-01 1.487722694873809814e-01 0.000000000000000000e+00 4.916911944746971130e-02 1.335514485836029053e-01 1.636506319046020508e-01 1.364449858665466309e-01 1.886895298957824707e-01 1.013340726494789124e-01 1.612966060638427734e-01 6.454496830701828003e-02 2.414532005786895752e-01 1.615295112133026123e-01 1.452595293521881104e-01 3.369165062904357910e-01 1.822707951068878174e-01 2.665089368820190430e-01
1.400623917579650879e-01 6.957630068063735962e-02 1.038857623934745789e-01 8.402472361922264099e-03 2.338329106569290161e-01 1.742159128189086914e-01 8.762114495038986206e-02 1.583087891340255737e-01 7.462158799171447754e-02 3.380459174513816833e-02 1.016564741730690002e-01 5.513752996921539307e-02 1.224897503852844238e-01 1.713669300079345703e-01 1.678040474653244019e-01 8.999023586511611938e-02 1.370232999324798584e-01 1.322564333677291870e-01 1.003371328115463257e-01 4.916911944746971130e-02 0.000000000000000000e+00 8.494009077548980713e-02 1.154101565480232239e-01 8.786533027887344360e-02 1.408269554376602173e-01 5.242616310715675354e-02 1.130238473415374756e-01 1.542480289936065674e-02 1.945943087339401245e-01 1.132599189877510071e-01 9.678165614604949951e-02 2.925944626331329346e-01 1.343053430318832397e-01 2.202256619930267334e-01
5.578598380088806152e-02 1.545513235032558441e-02 1.911433972418308258e-02 7.659228146076202393e-02 1.519100219011306763e-01 9.061677008867263794e-02 2.701156307011842728e-03 7.436871528625488281e-02 1.038432680070400238e-02 5.128275230526924133e-02 1.686198264360427856e-02 2.994279935956001282e-02 3.794444724917411804e-02 8.770344406366348267e-02 8.406210690736770630e-02 5.089043173938989639e-03 5.269652605056762695e-02 4.785392433404922485e-02 1.552938856184482574e-02 1.335514485836029053e-01 8.494009077548980713e-02 0.000000000000000000e+00 3.077171184122562408e-02 2.947233384475111961e-03 5.656345933675765991e-02 3.265936300158500671e-02 2.835598215460777283e-02 6.960649043321609497e-02 1.114971190690994263e-01 2.859492413699626923e-02 1.193970628082752228e-02 2.129467278718948364e-01 4.993490502238273621e-02 1.378644406795501709e-01
2.505728043615818024e-02 4.620487615466117859e-02 1.166423410177230835e-02 1.071115508675575256e-01 1.217072308063507080e-01 6.001239269971847534e-02 2.807288989424705505e-02 4.369699209928512573e-02 4.114289581775665283e-02 8.192518353462219238e-02 1.391695160418748856e-02 6.065862625837326050e-02 7.181117311120033264e-03 5.708579719066619873e-02 5.342860519886016846e-02 2.568669244647026062e-02 2.196042612195014954e-02 1.710740290582180023e-02 1.524961274117231369e-02 1.636506319046020508e-01 1.154101565480232239e-01 3.077171184122562408e-02 0.000000000000000000e+00 2.782700397074222565e-02 2.583671920001506805e-02 6.336738914251327515e-02 2.417840762063860893e-03 1.001636609435081482e-01 8.100333064794540405e-02 2.178705530241131783e-03 1.883892901241779327e-02 1.833766400814056396e-01 1.919267885386943817e-02 1.075489893555641174e-01
5.284743756055831909e-02 1.840152963995933533e-02 1.616801694035530090e-02 7.952157407999038696e-02 1.490295082330703735e-01 8.769295364618301392e-02 2.460791438352316618e-04 7.143713533878326416e-02 1.333115343004465103e-02 5.422179400920867920e-02 1.391544006764888763e-02 3.288713097572326660e-02 3.500112518668174744e-02 8.477813005447387695e-02 8.113498240709304810e-02 2.141841454431414604e-03 4.975702241063117981e-02 4.491302743554115295e-02 1.258273050189018250e-02 1.364449858665466309e-01 8.786533027887344360e-02 2.947233384475111961e-03 2.782700397074222565e-02 0.000000000000000000e+00 5.362516641616821289e-02 3.560316935181617737e-02 2.541087195277214050e-02 7.253883779048919678e-02 1.085855737328529358e-01 2.564985118806362152e-02 8.992790244519710541e-03 2.101313769817352295e-01 4.699458181858062744e-02 1.349720507860183716e-01
7.799426093697547913e-04 7.195569574832916260e-02 3.748965263366699219e-02 1.325813680887222290e-01 9.617293626070022583e-02 3.422874957323074341e-02 5.387053638696670532e-02 1.788046211004257202e-02 6.690849363803863525e-02 1.075342893600463867e-01 3.973938152194023132e-02 8.636000007390975952e-02 1.865906268358230591e-02 3.129523620009422302e-02 2.763002738356590271e-02 5.148923769593238831e-02 3.878493327647447586e-03 8.733176626265048981e-03 4.107014834880828857e-02 1.886895298957824707e-01 1.408269554376602173e-01 5.656345933675765991e-02 2.583671920001506805e-02 5.362516641616821289e-02 0.000000000000000000e+00 8.905830234289169312e-02 2.825279347598552704e-02 1.256751418113708496e-01 5.528231337666511536e-02 2.801384590566158295e-02 4.465391486883163452e-02 1.582898795604705811e-01 6.647336296737194061e-03 8.193995803594589233e-02
8.828449994325637817e-02 1.721291989088058472e-02 5.174140259623527527e-02 4.404309391975402832e-02 1.836582124233245850e-01 1.229123771190643311e-01 3.535740077495574951e-02 1.067687571048736572e-01 2.228259481489658356e-02 1.865463145077228546e-02 4.949409142136573792e-02 2.719223499298095703e-03 7.051642239093780518e-02 1.200190335512161255e-01 1.164018958806991577e-01 3.774213418364524841e-02 8.520924299955368042e-02 8.038765192031860352e-02 4.816432669758796692e-02 1.013340726494789124e-01 5.242616310715675354e-02 3.265936300158500671e-02 6.336738914251327515e-02 3.560316935181617737e-02 8.905830234289169312e-02 0.000000000000000000e+00 6.095889210700988770e-02 3.703131154179573059e-02 1.436334550380706787e-01 6.119713932275772095e-02 4.458168521523475647e-02 2.439097762107849121e-01 8.245979249477386475e-02 1.697594523429870605e-01
2.747345902025699615e-02 4.379192367196083069e-02 9.246653877198696136e-03 1.047208309173583984e-01 1.240885630249977112e-01 6.242118030786514282e-02 2.565678954124450684e-02 4.610996320843696594e-02 3.872890397906303406e-02 7.952309399843215942e-02 1.149949803948402405e-02 5.824932456016540527e-02 9.598791599273681641e-03 5.949542298913002014e-02 5.583922937512397766e-02 2.327029779553413391e-02 2.437697164714336395e-02 1.952443644404411316e-02 1.283224578946828842e-02 1.612966060638427734e-01 1.130238473415374756e-01 2.835598215460777283e-02 2.417840762063860893e-03 2.541087195277214050e-02 2.825279347598552704e-02 6.095889210700988770e-02 0.000000000000000000e+00 9.776950627565383911e-02 8.340483158826828003e-02 2.391365851508453488e-04 1.642183586955070496e-02 1.857121288776397705e-01 2.160951681435108185e-02 1.099382415413856506e-01
1.249074414372444153e-01 5.420967191457748413e-02 8.860294520854949951e-02 7.023240905255079269e-03 2.191987335681915283e-01 1.592189818620681763e-01 7.229404896497726440e-02 1.432337462902069092e-01 5.926499515771865845e-02 1.838937774300575256e-02 8.636710792779922485e-02 3.974652662873268127e-02 1.072676256299018860e-01 1.563554257154464722e-01 1.527746766805648804e-01 7.466908544301986694e-02 1.218560487031936646e-01 1.170704513788223267e-01 8.504395186901092529e-02 6.454496830701828003e-02 1.542480289936065674e-02 6.960649043321609497e-02 1.001636609435081482e-01 7.253883779048919678e-02 1.256751418113708496e-01 3.703131154179573059e-02 9.776950627565383911e-02 0.000000000000000000e+00 1.797089129686355591e-01 9.800634533166885376e-02 8.147847652435302734e-02 2.784262597560882568e-01 1.191273257136344910e-01 2.054989039897918701e-01
5.605983734130859375e-02 1.267338842153549194e-01 9.258008748292922974e-02 1.864967644214630127e-01 4.110918566584587097e-02 2.109347656369209290e-02 1.088287457823753357e-01 3.743885830044746399e-02 1.217405050992965698e-01 1.618544161319732666e-01 9.481339901685714722e-02 1.409693062305450439e-01 7.386518269777297974e-02 2.402864769101142883e-02 2.769458852708339691e-02 1.064684912562370300e-01 5.914812535047531128e-02 6.398460268974304199e-02 9.613419324159622192e-02 2.414532005786895752e-01 1.945943087339401245e-01 1.114971190690994263e-01 8.100333064794540405e-02 1.085855737328529358e-01 5.528231337666511536e-02 1.436334550380706787e-01 8.340483158826828003e-02 1.797089129686355591e-01 0.000000000000000000e+00 8.316735923290252686e-02 9.969013929367065430e-02 1.039169058203697205e-01 6.190690025687217712e-02 2.677894756197929382e-02
2.723450027406215668e-02 4.403059929609298706e-02 9.485770016908645630e-03 1.049573346972465515e-01 1.238531023263931274e-01 6.218297034502029419e-02 2.589576691389083862e-02 4.587133228778839111e-02 3.896768018603324890e-02 7.976071536540985107e-02 1.173860207200050354e-02 5.848764628171920776e-02 9.359677322208881378e-03 5.925713106989860535e-02 5.560083314776420593e-02 2.350930310785770416e-02 2.413797564804553986e-02 1.928538829088211060e-02 1.307134237140417099e-02 1.615295112133026123e-01 1.132599189877510071e-01 2.859492413699626923e-02 2.178705530241131783e-03 2.564985118806362152e-02 2.801384590566158295e-02 6.119713932275772095e-02 2.391365851508453488e-04 9.800634533166885376e-02 8.316735923290252686e-02 0.000000000000000000e+00 1.666090637445449829e-02 1.854812353849411011e-01 2.137049101293087006e-02 1.097019836306571960e-01
4.387549683451652527e-02 2.738978527486324310e-02 7.176271174103021622e-03 8.845110237598419189e-02 1.402246505022048950e-01 7.876227796077728271e-02 9.238848462700843811e-03 6.248448044061660767e-02 2.232126705348491669e-02 6.318376958370208740e-02 4.923267289996147156e-03 4.186753928661346436e-02 2.601652592420578003e-02 7.584316283464431763e-02 7.219486683607101440e-02 6.851079873740673065e-03 4.078248515725135803e-02 3.593474999070167542e-02 3.590346546843647957e-03 1.452595293521881104e-01 9.678165614604949951e-02 1.193970628082752228e-02 1.883892901241779327e-02 8.992790244519710541e-03 4.465391486883163452e-02 4.458168521523475647e-02 1.642183586955070496e-02 8.147847652435302734e-02 9.969013929367065430e-02 1.666090637445449829e-02 0.000000000000000000e+00 2.015193998813629150e-01 3.801785781979560852e-02 1.261323541402816772e-01
1.590501815080642700e-01 2.276526540517807007e-01 1.946245729923248291e-01 2.848924100399017334e-01 6.307717412710189819e-02 1.247369572520256042e-01 2.103665918111801147e-01 1.408079415559768677e-01 2.228383123874664307e-01 2.613751590251922607e-01 1.967913657426834106e-01 2.413506358861923218e-01 1.764278411865234375e-01 1.276268661022186279e-01 1.312338113784790039e-01 2.080831825733184814e-01 1.620688736438751221e-01 1.667924970388412476e-01 1.980723589658737183e-01 3.369165062904357910e-01 2.925944626331329346e-01 2.129467278718948364e-01 1.833766400814056396e-01 2.101313769817352295e-01 1.582898795604705811e-01 2.439097762107849121e-01 1.857121288776397705e-01 2.784262597560882568e-01 1.039169058203697205e-01 1.854812353849411011e-01 2.015193998813629150e-01 0.000000000000000000e+00 1.647638529539108276e-01 7.735321670770645142e-02
5.867424421012401581e-03 6.533960253000259399e-02 3.085000813007354736e-02 1.260451078414916992e-01 1.027545854449272156e-01 4.086678847670555115e-02 4.724011570215225220e-02 2.452488243579864502e-02 6.028796359896659851e-02 1.009591147303581238e-01 3.310079127550125122e-02 7.975844293832778931e-02 1.201321743428707123e-02 3.793467953801155090e-02 3.427106887102127075e-02 4.485725983977317810e-02 2.768914448097348213e-03 2.085960935801267624e-03 3.443221375346183777e-02 1.822707951068878174e-01 1.343053430318832397e-01 4.993490502238273621e-02 1.919267885386943817e-02 4.699458181858062744e-02 6.647336296737194061e-03 8.245979249477386475e-02 2.160951681435108185e-02 1.191273257136344910e-01 6.190690025687217712e-02 2.137049101293087006e-02 3.801785781979560852e-02 1.647638529539108276e-01 0.000000000000000000e+00 8.853906393051147461e-02
8.271460980176925659e-02 1.529935896396636963e-01 1.190638616681098938e-01 2.122158557176589966e-01 1.434603426605463028e-02 4.784539714455604553e-02 1.352136433124542236e-01 6.415348500013351440e-02 1.480368375778198242e-01 1.878193020820617676e-01 1.212844029068946838e-01 1.671173721551895142e-01 1.004454419016838074e-01 5.077492445707321167e-02 5.443316698074340820e-02 1.328686177730560303e-01 8.579118549823760986e-02 9.060829132795333862e-02 1.225975230336189270e-01 2.665089368820190430e-01 2.202256619930267334e-01 1.378644406795501709e-01 1.075489893555641174e-01 1.349720507860183716e-01 8.193995803594589233e-02 1.697594523429870605e-01 1.099382415413856506e-01 2.054989039897918701e-01 2.677894756197929382e-02 1.097019836306571960e-01 1.261323541402816772e-01 7.735321670770645142e-02 8.853906393051147461e-02 0.000000000000000000e+00
