0.000000000000000000e+00 7.230754196643829346e-02 3.753258287906646729e-02 1.340793073177337646e-01 1.021542027592658997e-01 3.444508090615272522e-02 5.204980820417404175e-02 1.524562202394008636e-02 6.845977902412414551e-02 1.061179935932159424e-01 3.780338168144226074e-02 8.532812446355819702e-02 2.096914127469062805e-02 3.508511185646057129e-02 2.609704062342643738e-02 5.317974835634231567e-02 2.450473373755812645e-03 1.594366505742073059e-02 4.167643189430236816e-02 1.939541399478912354e-01 1.441927403211593628e-01 5.973189324140548706e-02 2.528680302202701569e-02 5.741060152649879456e-02 2.918857382610440254e-03 9.499272704124450684e-02 2.096836082637310028e-02 1.267233490943908691e-01 5.652599036693572998e-02 2.876242622733116150e-02 4.101289808750152588e-02 1.572357416152954102e-01 1.517407130450010300e-02 8.327839523553848267e-02
7.230754196643829346e-02 0.000000000000000000e+00 3.486958891153335571e-02 6.237649917602539062e-02 1.731825172901153564e-01 1.064874008297920227e-01 2.033426612615585327e-02 8.745675534009933472e-02 3.866905812174081802e-03 3.407189249992370605e-02 3.459873422980308533e-02 1.310142222791910172e-02 5.141635984182357788e-02 1.071208938956260681e-01 9.821923822164535522e-02 1.920162700116634369e-02 6.986944377422332764e-02 5.642893165349960327e-02 3.072369657456874847e-02 1.233768686652183533e-01 7.264257222414016724e-02 1.263020094484090805e-02 4.710686951875686646e-02 1.495904196053743362e-02 6.940333545207977295e-02 2.284208498895168304e-02 5.141713842749595642e-02 5.491903051733970642e-02 1.283091008663177490e-01 4.363586381077766418e-02 3.138772398233413696e-02 2.269628494977951050e-01 5.719622597098350525e-02 1.546546667814254761e-01
3.753258287906646729e-02 3.486958891153335571e-02 0.000000000000000000e+00 9.703502804040908813e-02 1.391532421112060547e-01 7.188472151756286621e-02 1.454564090818166733e-02 5.274801701307296753e-02 3.100686706602573395e-02 6.885968148708343506e-02 2.711843117140233517e-04 4.794911295175552368e-02 1.657648570835590363e-02 7.252218574285507202e-02 6.356735527515411377e-02 1.567846536636352539e-02 3.508533537387847900e-02 2.160184271633625031e-02 4.150343593209981918e-03 1.575685739517211914e-01 1.072405278682708740e-01 2.224919199943542480e-02 1.225741207599639893e-02 1.992093957960605621e-02 3.461751714348793030e-02 5.766574665904045105e-02 1.657726801931858063e-02 8.961700648069381714e-02 9.385944902896881104e-02 8.779632858932018280e-03 3.485680092126131058e-03 1.936256438493728638e-01 2.237125299870967865e-02 1.204345449805259705e-01
1.340793073177337646e-01 6.237649917602539062e-02 9.703502804040908813e-02 0.000000000000000000e+00 2.330415844917297363e-01 1.677496582269668579e-01 8.260599523782730103e-02 1.490203142166137695e-01 6.622743606567382812e-02 2.836488932371139526e-02 9.676639735698699951e-02 4.931537806987762451e-02 1.134290695190429688e-01 1.683723628520965576e-01 1.596178263425827026e-01 8.148053288459777832e-02 1.316720843315124512e-01 1.183887198567390442e-01 9.292212128639221191e-02 6.147346273064613342e-02 1.031280681490898132e-02 7.494765520095825195e-02 1.091626062989234924e-01 7.726344466209411621e-02 1.312118023633956909e-01 3.959082439541816711e-02 1.134298443794250488e-01 7.483098190277814865e-03 1.891715675592422485e-01 1.057245954871177673e-01 9.358099848031997681e-02 2.853003144264221191e-01 1.191476434469223022e-01 2.149575203657150269e-01
1.021542027592658997e-01 1.731825172901153564e-01 1.391532421112060547e-01 2.330415844917297363e-01 0.000000000000000000e+00 6.794820725917816162e-02 1.533884257078170776e-01 8.704414218664169312e-02 1.694290935993194580e-01 2.060386538505554199e-01 1.394191682338714600e-01 1.858622431755065918e-01 1.228601634502410889e-01 6.731033325195312500e-02 7.626046240329742432e-02 1.544946581125259399e-01 1.045784875750541687e-01 1.179058328270912170e-01 1.432208865880966187e-01 2.903554439544677734e-01 2.427709400653839111e-01 1.609042882919311523e-01 1.271126568317413330e-01 1.586344540119171143e-01 1.050417423248291016e-01 1.952522248029708862e-01 1.228593885898590088e-01 2.259525060653686523e-01 4.589321091771125793e-02 1.305330842733383179e-01 1.425697654485702515e-01 5.598071590065956116e-02 1.171466782689094543e-01 1.903775893151760101e-02
3.444508090615272522e-02 1.064874008297920227e-01 7.188472151756286621e-02 1.677496582269668579e-01 6.794820725917816162e-02 0.000000000000000000e+00 8.634009212255477905e-02 1.920954696834087372e-02 1.026627719402313232e-01 1.400511562824249268e-01 7.215450704097747803e-02 1.194222122430801392e-01 5.537422373890876770e-02 6.408031913451850414e-04 8.355550467967987061e-03 8.746461570262908936e-02 3.689243644475936890e-02 5.036108940839767456e-02 7.601239532232284546e-02 2.268834561109542847e-01 1.777549386024475098e-01 9.398360550403594971e-02 5.967990309000015259e-02 9.167438745498657227e-02 3.736018389463424683e-02 1.290156692266464233e-01 5.537344515323638916e-02 1.604679822921752930e-01 2.212398871779441833e-02 6.314494460821151733e-02 7.535152137279510498e-02 1.234593093395233154e-01 4.959322884678840637e-02 4.897380247712135315e-02
5.204980820417404175e-02 2.033426612615585327e-02 1.454564090818166733e-02 8.260599523782730103e-02 1.533884257078170776e-01 8.634009212255477905e-02 0.000000000000000000e+00 6.724207103252410889e-02 1.646865345537662506e-02 5.436848476529121399e-02 1.427451428025960922e-02 3.342678025364875793e-02 3.111462853848934174e-02 8.697608858346939087e-02 7.804083824157714844e-02 1.133080688305199146e-03 4.960566014051437378e-02 3.613612800836563110e-02 1.039592549204826355e-02 1.433515101671218872e-01 9.283971041440963745e-02 7.706043776124715805e-03 2.679827250540256500e-02 5.376858636736869812e-03 4.913841560482978821e-02 4.315630346536636353e-02 3.111540898680686951e-02 7.516935467720031738e-02 1.082572862505912781e-01 2.332229539752006531e-02 1.106052193790674210e-02 2.075866311788558960e-01 3.690488263964653015e-02 1.347441375255584717e-01
1.524562202394008636e-02 8.745675534009933472e-02 5.274801701307296753e-02 1.490203142166137695e-01 8.704414218664169312e-02 1.920954696834087372e-02 6.724207103252410889e-02 0.000000000000000000e+00 8.361813426017761230e-02 1.211675852537155151e-01 5.301844701170921326e-02 1.004430875182151794e-01 3.620318695902824402e-02 1.985010504722595215e-02 1.085573714226484299e-02 6.836993992328643799e-02 1.769543252885341644e-02 3.118170797824859619e-02 5.688591301441192627e-02 2.085829824209213257e-01 1.590886265039443970e-01 7.490929961204528809e-02 4.051680490374565125e-02 7.259268313646316528e-02 1.816367171704769135e-02 1.100789383053779602e-01 3.620240837335586548e-02 1.416952162981033325e-01 4.131597653031349182e-02 4.398875683546066284e-02 5.622335895895957947e-02 1.423313021659851074e-01 3.041265718638896942e-02 6.811926513910293579e-02
6.845977902412414551e-02 3.866905812174081802e-03 3.100686706602573395e-02 6.622743606567382812e-02 1.694290935993194580e-01 1.026627719402313232e-01 1.646865345537662506e-02 8.361813426017761230e-02 0.000000000000000000e+00 3.793379664421081543e-02 3.073594346642494202e-02 1.696746796369552612e-02 4.755891114473342896e-02 1.032967790961265564e-01 9.438818693161010742e-02 1.533585879951715469e-02 6.602037698030471802e-02 5.257349461317062378e-02 2.685998007655143738e-02 1.271830946207046509e-01 7.648799568414688110e-02 8.763722144067287445e-03 4.324784129858016968e-02 1.109277829527854919e-02 6.555402278900146484e-02 2.670663036406040192e-02 4.755969345569610596e-02 5.877345800399780273e-02 1.245039626955986023e-01 3.977567330002784729e-02 2.752416208386421204e-02 2.232919335365295410e-01 5.334111675620079041e-02 1.508779823780059814e-01
1.061179935932159424e-01 3.407189249992370605e-02 6.885968148708343506e-02 2.836488932371139526e-02 2.060386538505554199e-01 1.400511562824249268e-01 5.436848476529121399e-02 1.211675852537155151e-01 3.793379664421081543e-02 0.000000000000000000e+00 6.858976930379867554e-02 2.097983472049236298e-02 8.533874899148941040e-02 1.406793296337127686e-01 1.318498998880386353e-01 5.323868989944458008e-02 1.036944910883903503e-01 9.032715857028961182e-02 6.472782790660858154e-02 8.968197554349899292e-02 3.866638615727424622e-02 4.668200016021728516e-02 8.104867488145828247e-02 4.900595545768737793e-02 1.032311096787452698e-01 1.123855449259281158e-02 8.533953130245208740e-02 2.088622562587261200e-02 1.616742014884948730e-01 7.759240269660949707e-02 6.538969278335571289e-02 2.590316534042358398e-01 9.109060466289520264e-02 1.877372860908508301e-01
3.780338168144226074e-02 3.459873422980308533e-02 2.711843117140233517e-04 9.676639735698699951e-02 1.394191682338714600e-01 7.215450704097747803e-02 1.427451428025960922e-02 5.301844701170921326e-02 3.073594346642494202e-02 6.858976930379867554e-02 0.000000000000000000e+00 4.767854511737823486e-02 1.684759557247161865e-02 7.279194146394729614e-02 6.383743882179260254e-02 1.540734525769948959e-02 3.535618260502815247e-02 2.187289856374263763e-02 3.879163879901170731e-03 1.573041230440139771e-01 1.069724485278129578e-01 2.197813987731933594e-02 1.252855360507965088e-02 1.964986324310302734e-02 3.488837555050849915e-02 5.739546194672584534e-02 1.684837788343429565e-02 8.934799581766128540e-02 9.412823617458343506e-02 9.050794877111911774e-03 3.214498749002814293e-03 1.938866376876831055e-01 2.264229767024517059e-02 1.207017898559570312e-01
8.532812446355819702e-02 1.310142222791910172e-02 4.794911295175552368e-02 4.931537806987762451e-02 1.858622431755065918e-01 1.194222122430801392e-01 3.342678025364875793e-02 1.004430875182151794e-01 1.696746796369552612e-02 2.097983472049236298e-02 4.767854511737823486e-02 0.000000000000000000e+00 6.447435170412063599e-02 1.200538277626037598e-01 1.111776009202003479e-01 3.229492530226707458e-02 8.289499580860137939e-02 6.947898864746093750e-02 4.380748048424720764e-02 1.104539856314659119e-01 5.959787219762802124e-02 2.572736330330371857e-02 6.017115712165832520e-02 2.805496565997600555e-02 8.242979645729064941e-02 9.743577800691127777e-03 6.447512656450271606e-02 4.184772446751594543e-02 1.411732137203216553e-01 5.670487508177757263e-02 4.447086527943611145e-02 2.393525689840316772e-01 7.024501264095306396e-02 1.674168556928634644e-01
2.096914127469062805e-02 5.141635984182357788e-02 1.657648570835590363e-02 1.134290695190429688e-01 1.228601634502410889e-01 5.537422373890876770e-02 3.111462853848934174e-02 3.620318695902824402e-02 4.755891114473342896e-02 8.533874899148941040e-02 1.684759557247161865e-02 6.447435170412063599e-02 0.000000000000000000e+00 5.601304024457931519e-02 4.704043641686439514e-02 3.224657103419303894e-02 1.851961761713027954e-02 5.027155391871929169e-03 2.072540670633316040e-02 1.736914068460464478e-01 1.235972940921783447e-01 3.881136700510978699e-02 4.319953732192516327e-03 3.648538142442703247e-02 1.805138960480690002e-02 7.417133450508117676e-02 7.818715062057890464e-07 1.060359701514244080e-01 7.740338891744613647e-02 7.797988597303628922e-03 2.006100676953792572e-02 1.776192486286163330e-01 5.796913523226976395e-03 1.040658131241798401e-01
3.508511185646057129e-02 1.071208938956260681e-01 7.252218574285507202e-02 1.683723628520965576e-01 6.731033325195312500e-02 6.408031913451850414e-04 8.697608858346939087e-02 1.985010504722595215e-02 1.032967790961265564e-01 1.406793296337127686e-01 7.279194146394729614e-02 1.200538277626037598e-01 5.601304024457931519e-02 0.000000000000000000e+00 8.996305055916309357e-03 8.810047805309295654e-02 3.753235191106796265e-02 5.100024491548538208e-02 7.664946466684341431e-02 2.274911850690841675e-01 1.783754229545593262e-01 9.461871534585952759e-02 6.031839922070503235e-02 9.230977296829223633e-02 3.800007700920104980e-02 1.296457648277282715e-01 5.601226165890693665e-02 1.610922217369079590e-01 2.148349024355411530e-02 6.378316879272460938e-02 7.598865777254104614e-02 1.228282228112220764e-01 5.023243650794029236e-02 4.833451658487319946e-02
2.609704062342643738e-02 9.821923822164535522e-02 6.356735527515411377e-02 1.596178263425827026e-01 7.626046240329742432e-02 8.355550467967987061e-03 7.804083824157714844e-02 1.085573714226484299e-02 9.438818693161010742e-02 1.318498998880386353e-01 6.383743882179260254e-02 1.111776009202003479e-01 4.704043641686439514e-02 8.996305055916309357e-03 0.000000000000000000e+00 7.916692644357681274e-02 2.854568883776664734e-02 4.202322289347648621e-02 6.769984215497970581e-02 2.189429551362991333e-01 1.696513742208480835e-01 8.569534868001937866e-02 5.134996026754379272e-02 8.338270336389541626e-02 2.901368774473667145e-02 1.207903251051902771e-01 4.703965783119201660e-02 1.523166596889495850e-01 3.047390654683113098e-02 5.481832101941108704e-02 6.703818589448928833e-02 1.316790282726287842e-01 4.125477746129035950e-02 5.730590224266052246e-02
5.317974835634231567e-02 1.920162700116634369e-02 1.567846536636352539e-02 8.148053288459777832e-02 1.544946581125259399e-01 8.746461570262908936e-02 1.133080688305199146e-03 6.836993992328643799e-02 1.533585879951715469e-02 5.323868989944458008e-02 1.540734525769948959e-02 3.229492530226707458e-02 3.224657103419303894e-02 8.810047805309295654e-02 7.916692644357681274e-02 0.000000000000000000e+00 5.073589086532592773e-02 3.726768493652343750e-02 1.152886915951967239e-02 1.422415226697921753e-01 9.171626716852188110e-02 6.573020014911890030e-03 2.793050743639469147e-02 4.243803210556507111e-03 5.026869475841522217e-02 4.202527552843093872e-02 3.224734961986541748e-02 7.404258102178573608e-02 1.093769520521163940e-01 2.445473149418830872e-02 1.219345070421695709e-02 2.086706459522247314e-01 3.803637251257896423e-02 1.358564794063568115e-01
2.450473373755812645e-03 6.986944377422332764e-02 3.508533537387847900e-02 1.316720843315124512e-01 1.045784875750541687e-01 3.689243644475936890e-02 4.960566014051437378e-02 1.769543252885341644e-02 6.602037698030471802e-02 1.036944910883903503e-01 3.535618260502815247e-02 8.289499580860137939e-02 1.851961761713027954e-02 3.753235191106796265e-02 2.854568883776664734e-02 5.073589086532592773e-02 0.000000000000000000e+00 1.349372044205665588e-02 3.922996670007705688e-02 1.915947049856185913e-01 1.417923569679260254e-01 5.728980526328086853e-02 2.283774688839912415e-02 5.496785417199134827e-02 4.683872975874692202e-04 9.256380051374435425e-02 1.851883716881275177e-02 1.243114769458770752e-01 5.896830186247825623e-02 2.631380781531333923e-02 3.856629878282546997e-02 1.596247106790542603e-01 1.272407174110412598e-02 8.571138232946395874e-02
1.594366505742073059e-02 5.642893165349960327e-02 2.160184271633625031e-02 1.183887198567390442e-01 1.179058328270912170e-01 5.036108940839767456e-02 3.613612800836563110e-02 3.118170797824859619e-02 5.257349461317062378e-02 9.032715857028961182e-02 2.187289856374263763e-02 6.947898864746093750e-02 5.027155391871929169e-03 5.100024491548538208e-02 4.202322289347648621e-02 3.726768493652343750e-02 1.349372044205665588e-02 0.000000000000000000e+00 2.574987709522247314e-02 1.785626411437988281e-01 1.285445839166641235e-01 4.382996633648872375e-02 9.346906095743179321e-03 4.150492325425148010e-02 1.302541419863700867e-02 7.916896790266036987e-02 5.026373546570539474e-03 1.110039651393890381e-01 7.240440696477890015e-02 1.282464247196912766e-02 2.508563548326492310e-02 1.727463454008102417e-01 7.697805413044989109e-04 9.909049421548843384e-02
4.167643189430236816e-02 3.072369657456874847e-02 4.150343593209981918e-03 9.292212128639221191e-02 1.432208865880966187e-01 7.601239532232284546e-02 1.039592549204826355e-02 5.688591301441192627e-02 2.685998007655143738e-02 6.472782790660858154e-02 3.879163879901170731e-03 4.380748048424720764e-02 2.072540670633316040e-02 7.664946466684341431e-02 6.769984215497970581e-02 1.152886915951967239e-02 3.922996670007705688e-02 2.574987709522247314e-02 0.000000000000000000e+00 1.535186469554901123e-01 1.031360924243927002e-01 1.810051873326301575e-02 1.640691980719566345e-02 1.577190309762954712e-02 3.876229003071784973e-02 5.352821201086044312e-02 2.072618715465068817e-02 8.549846708774566650e-02 9.797161817550659180e-02 1.292950566858053207e-02 6.646731053479015827e-04 1.976171731948852539e-01 2.651913091540336609e-02 1.245226413011550903e-01
1.939541399478912354e-01 1.233768686652183533e-01 1.575685739517211914e-01 6.147346273064613342e-02 2.903554439544677734e-01 2.268834561109542847e-01 1.433515101671218872e-01 2.085829824209213257e-01 1.271830946207046509e-01 8.968197554349899292e-02 1.573041230440139771e-01 1.104539856314659119e-01 1.736914068460464478e-01 2.274911850690841675e-01 2.189429551362991333e-01 1.422415226697921753e-01 1.915947049856185913e-01 1.785626411437988281e-01 1.535186469554901123e-01 0.000000000000000000e+00 5.119310691952705383e-02 1.357954591512680054e-01 1.694986373186111450e-01 1.380810737609863281e-01 1.911434978246688843e-01 1.008189171552658081e-01 1.736921668052673340e-01 6.892485171556472778e-02 2.477637827396392822e-01 1.661183983087539673e-01 1.541675776243209839e-01 3.407967388629913330e-01 1.793077737092971802e-01 2.728258073329925537e-01
1.441927403211593628e-01 7.264257222414016724e-02 1.072405278682708740e-01 1.031280681490898132e-02 2.427709400653839111e-01 1.777549386024475098e-01 9.283971041440963745e-02 1.590886265039443970e-01 7.648799568414688110e-02 3.866638615727424622e-02 1.069724485278129578e-01 5.959787219762802124e-02 1.235972940921783447e-01 1.783754229545593262e-01 1.696513742208480835e-01 9.171626716852188110e-02 1.417923569679260254e-01 1.285445839166641235e-01 1.031360924243927002e-01 5.119310691952705383e-02 0.000000000000000000e+00 8.519461005926132202e-02 1.193410605192184448e-01 8.750652521848678589e-02 1.413333564996719360e-01 4.988326504826545715e-02 1.235980615019798279e-01 1.779453270137310028e-02 1.990959644317626953e-01 1.159110292792320251e-01 1.037936508655548096e-01 2.947459220886230469e-01 1.293015629053115845e-01 2.247720360755920410e-01
5.973189324140548706e-02 1.263020094484090805e-02 2.224919199943542480e-02 7.494765520095825195e-02 1.609042882919311523e-01 9.398360550403594971e-02 7.706043776124715805e-03 7.490929961204528809e-02 8.763722144067287445e-03 4.668200016021728516e-02 2.197813987731933594e-02 2.572736330330371857e-02 3.881136700510978699e-02 9.461871534585952759e-02 8.569534868001937866e-02 6.573020014911890030e-03 5.728980526328086853e-02 4.382996633648872375e-02 1.810051873326301575e-02 1.357954591512680054e-01 8.519461005926132202e-02 0.000000000000000000e+00 3.449719399213790894e-02 2.329282229766249657e-03 5.682294070720672607e-02 3.546205163002014160e-02 3.881214559078216553e-02 6.750240921974182129e-02 1.158666685223579407e-01 3.102276474237442017e-02 1.876496709883213043e-02 2.149488329887390137e-01 4.459824040532112122e-02 1.423024237155914307e-01
2.528680302202701569e-02 4.710686951875686646e-02 1.225741207599639893e-02 1.091626062989234924e-01 1.271126568317413330e-01 5.967990309000015259e-02 2.679827250540256500e-02 4.051680490374565125e-02 4.324784129858016968e-02 8.104867488145828247e-02 1.252855360507965088e-02 6.017115712165832520e-02 4.319953732192516327e-03 6.031839922070503235e-02 5.134996026754379272e-02 2.793050743639469147e-02 2.283774688839912415e-02 9.346906095743179321e-03 1.640691980719566345e-02 1.694986373186111450e-01 1.193410605192184448e-01 3.449719399213790894e-02 0.000000000000000000e+00 3.217049688100814819e-02 2.236959710717201233e-02 6.987376511096954346e-02 4.320735577493906021e-03 1.017626449465751648e-01 8.169602602720260620e-02 3.478152910247445107e-03 1.574241928756237030e-02 1.817997097969055176e-01 1.011661347001791000e-02 1.083370596170425415e-01
5.741060152649879456e-02 1.495904196053743362e-02 1.992093957960605621e-02 7.726344466209411621e-02 1.586344540119171143e-01 9.167438745498657227e-02 5.376858636736869812e-03 7.259268313646316528e-02 1.109277829527854919e-02 4.900595545768737793e-02 1.964986324310302734e-02 2.805496565997600555e-02 3.648538142442703247e-02 9.230977296829223633e-02 8.338270336389541626e-02 4.243803210556507111e-03 5.496785417199134827e-02 4.150492325425148010e-02 1.577190309762954712e-02 1.380810737609863281e-01 8.750652521848678589e-02 2.329282229766249657e-03 3.217049688100814819e-02 0.000000000000000000e+00 5.450087785720825195e-02 3.778821602463722229e-02 3.648616001009941101e-02 6.982070952653884888e-02 1.135680377483367920e-01 2.869555354118347168e-02 1.643640175461769104e-02 2.127260416746139526e-01 4.227335378527641296e-02 1.400195658206939697e-01
2.918857382610440254e-03 6.940333545207977295e-02 3.461751714348793030e-02 1.312118023633956909e-01 1.050417423248291016e-01 3.736018389463424683e-02 4.913841560482978821e-02 1.816367171704769135e-02 6.555402278900146484e-02 1.032311096787452698e-01 3.488837555050849915e-02 8.242979645729064941e-02 1.805138960480690002e-02 3.800007700920104980e-02 2.901368774473667145e-02 5.026869475841522217e-02 4.683872975874692202e-04 1.302541419863700867e-02 3.876229003071784973e-02 1.911434978246688843e-01 1.413333564996719360e-01 5.682294070720672607e-02 2.236959710717201233e-02 5.450087785720825195e-02 0.000000000000000000e+00 9.209941327571868896e-02 1.805060729384422302e-02 1.238503009080886841e-01 5.943503975868225098e-02 2.584573999047279358e-02 3.809859976172447205e-02 1.600811183452606201e-01 1.225575618445873260e-02 8.617630600929260254e-02
9.499272704124450684e-02 2.284208498895168304e-02 5.766574665904045105e-02 3.959082439541816711e-02 1.952522248029708862e-01 1.290156692266464233e-01 4.315630346536636353e-02 1.100789383053779602e-01 2.670663036406040192e-02 1.123855449259281158e-02 5.739546194672584534e-02 9.743577800691127777e-03 7.417133450508117676e-02 1.296457648277282715e-01 1.207903251051902771e-01 4.202527552843093872e-02 9.256380051374435425e-02 7.916896790266036987e-02 5.352821201086044312e-02 1.008189171552658081e-01 4.988326504826545715e-02 3.546205163002014160e-02 6.987376511096954346e-02 3.778821602463722229e-02 9.209941327571868896e-02 0.000000000000000000e+00 7.417211681604385376e-02 3.211724013090133667e-02 1.507094651460647583e-01 6.641175597906112671e-02 5.419095978140830994e-02 2.485165596008300781e-01 7.993387430906295776e-02 1.768719255924224854e-01
2.096836082637310028e-02 5.141713842749595642e-02 1.657726801931858063e-02 1.134298443794250488e-01 1.228593885898590088e-01 5.537344515323638916e-02 3.111540898680686951e-02 3.620240837335586548e-02 4.755969345569610596e-02 8.533953130245208740e-02 1.684837788343429565e-02 6.447512656450271606e-02 7.818715062057890464e-07 5.601226165890693665e-02 4.703965783119201660e-02 3.224734961986541748e-02 1.851883716881275177e-02 5.026373546570539474e-03 2.072618715465068817e-02 1.736921668052673340e-01 1.235980615019798279e-01 3.881214559078216553e-02 4.320735577493906021e-03 3.648616001009941101e-02 1.805060729384422302e-02 7.417211681604385376e-02 0.000000000000000000e+00 1.060367450118064880e-01 7.740260660648345947e-02 7.798770442605018616e-03 2.006178908050060272e-02 1.776184886693954468e-01 5.796131677925586700e-03 1.040650457143783569e-01
1.267233490943908691e-01 5.491903051733970642e-02 8.961700648069381714e-02 7.483098190277814865e-03 2.259525060653686523e-01 1.604679822921752930e-01 7.516935467720031738e-02 1.416952162981033325e-01 5.877345800399780273e-02 2.088622562587261200e-02 8.934799581766128540e-02 4.184772446751594543e-02 1.060359701514244080e-01 1.610922217369079590e-01 1.523166596889495850e-01 7.404258102178573608e-02 1.243114769458770752e-01 1.110039651393890381e-01 8.549846708774566650e-02 6.892485171556472778e-02 1.779453270137310028e-02 6.750240921974182129e-02 1.017626449465751648e-01 6.982070952653884888e-02 1.238503009080886841e-01 3.211724013090133667e-02 1.060367450118064880e-01 0.000000000000000000e+00 1.819460391998291016e-01 9.831928461790084839e-02 8.615824580192565918e-02 2.784116268157958984e-01 1.117642000317573547e-01 2.078086733818054199e-01
5.652599036693572998e-02 1.283091008663177490e-01 9.385944902896881104e-02 1.891715675592422485e-01 4.589321091771125793e-02 2.212398871779441833e-02 1.082572862505912781e-01 4.131597653031349182e-02 1.245039626955986023e-01 1.616742014884948730e-01 9.412823617458343506e-02 1.411732137203216553e-01 7.740338891744613647e-02 2.148349024355411530e-02 3.047390654683113098e-02 1.093769520521163940e-01 5.896830186247825623e-02 7.240440696477890015e-02 9.797161817550659180e-02 2.477637827396392822e-01 1.990959644317626953e-01 1.158666685223579407e-01 8.169602602720260620e-02 1.135680377483367920e-01 5.943503975868225098e-02 1.507094651460647583e-01 7.740260660648345947e-02 1.819460391998291016e-01 0.000000000000000000e+00 8.514998108148574829e-02 9.731329232454299927e-02 1.016128733754158020e-01 7.163861393928527832e-02 2.687893435359001160e-02
2.876242622733116150e-02 4.363586381077766418e-02 8.779632858932018280e-03 1.057245954871177673e-01 1.305330842733383179e-01 6.314494460821151733e-02 2.332229539752006531e-02 4.398875683546066284e-02 3.977567330002784729e-02 7.759240269660949707e-02 9.050794877111911774e-03 5.670487508177757263e-02 7.797988597303628922e-03 6.378316879272460938e-02 5.481832101941108704e-02 2.445473149418830872e-02 2.631380781531333923e-02 1.282464247196912766e-02 1.292950566858053207e-02 1.661183983087539673e-01 1.159110292792320251e-01 3.102276474237442017e-02 3.478152910247445107e-03 2.869555354118347168e-02 2.584573999047279358e-02 6.641175597906112671e-02 7.798770442605018616e-03 9.831928461790084839e-02 8.514998108148574829e-02 0.000000000000000000e+00 1.226493809372186661e-02 1.851607710123062134e-01 1.359428931027650833e-02 1.117730960249900818e-01
4.101289808750152588e-02 3.138772398233413696e-02 3.485680092126131058e-03 9.358099848031997681e-02 1.425697654485702515e-01 7.535152137279510498e-02 1.106052193790674210e-02 5.622335895895957947e-02 2.752416208386421204e-02 6.538969278335571289e-02 3.214498749002814293e-03 4.447086527943611145e-02 2.006100676953792572e-02 7.598865777254104614e-02 6.703818589448928833e-02 1.219345070421695709e-02 3.856629878282546997e-02 2.508563548326492310e-02 6.646731053479015827e-04 1.541675776243209839e-01 1.037936508655548096e-01 1.876496709883213043e-02 1.574241928756237030e-02 1.643640175461769104e-02 3.809859976172447205e-02 5.419095978140830994e-02 2.006178908050060272e-02 8.615824580192565918e-02 9.731329232454299927e-02 1.226493809372186661e-02 0.000000000000000000e+00 1.969783753156661987e-01 2.585491538047790527e-02 1.238682270050048828e-01
1.572357416152954102e-01 2.269628494977951050e-01 1.936256438493728638e-01 2.853003144264221191e-01 5.598071590065956116e-02 1.234593093395233154e-01 2.075866311788558960e-01 1.423313021659851074e-01 2.232919335365295410e-01 2.590316534042358398e-01 1.938866376876831055e-01 2.393525689840316772e-01 1.776192486286163330e-01 1.228282228112220764e-01 1.316790282726287842e-01 2.086706459522247314e-01 1.596247106790542603e-01 1.727463454008102417e-01 1.976171731948852539e-01 3.407967388629913330e-01 2.947459220886230469e-01 2.149488329887390137e-01 1.817997097969055176e-01 2.127260416746139526e-01 1.600811183452606201e-01 2.485165596008300781e-01 1.776184886693954468e-01 2.784116268157958984e-01 1.016128733754158020e-01 1.851607710123062134e-01 1.969783753156661987e-01 0.000000000000000000e+00 1.719994395971298218e-01 7.493861019611358643e-02
1.517407130450010300e-02 5.719622597098350525e-02 2.237125299870967865e-02 1.191476434469223022e-01 1.171466782689094543e-01 4.959322884678840637e-02 3.690488263964653015e-02 3.041265718638896942e-02 5.334111675620079041e-02 9.109060466289520264e-02 2.264229767024517059e-02 7.024501264095306396e-02 5.796913523226976395e-03 5.023243650794029236e-02 4.125477746129035950e-02 3.803637251257896423e-02 1.272407174110412598e-02 7.697805413044989109e-04 2.651913091540336609e-02 1.793077737092971802e-01 1.293015629053115845e-01 4.459824040532112122e-02 1.011661347001791000e-02 4.227335378527641296e-02 1.225575618445873260e-02 7.993387430906295776e-02 5.796131677925586700e-03 1.117642000317573547e-01 7.163861393928527832e-02 1.359428931027650833e-02 2.585491538047790527e-02 1.719994395971298218e-01 0.000000000000000000e+00 9.832821041345596313e-02
8.327839523553848267e-02 1.546546667814254761e-01 1.204345449805259705e-01 2.149575203657150269e-01 1.903775893151760101e-02 4.897380247712135315e-02 1.347441375255584717e-01 6.811926513910293579e-02 1.508779823780059814e-01 1.877372860908508301e-01 1.207017898559570312e-01 1.674168556928634644e-01 1.040658131241798401e-01 4.833451658487319946e-02 5.730590224266052246e-02 1.358564794063568115e-01 8.571138232946395874e-02 9.909049421548843384e-02 1.245226413011550903e-01 2.728258073329925537e-01 2.247720360755920410e-01 1.423024237155914307e-01 1.083370596170425415e-01 1.400195658206939697e-01 8.617630600929260254e-02 1.768719255924224854e-01 1.040650457143783569e-01 2.078086733818054199e-01 2.687893435359001160e-02 1.117730960249900818e-01 1.238682270050048828e-01 7.493861019611358643e-02 9.832821041345596313e-02 0.000000000000000000e+00
