0.000000000000000000e+00 6.803676486015319824e-02 4.013858735561370850e-02 1.375845372676849365e-01 9.839970618486404419e-02 3.520423546433448792e-02 5.230718851089477539e-02 1.141895540058612823e-02 7.179286330938339233e-02 1.076426580548286438e-01 3.706622868776321411e-02 8.759595453739166260e-02 2.458123303949832916e-02 2.757915668189525604e-02 1.730565354228019714e-02 5.415786430239677429e-02 1.584644429385662079e-03 1.629555784165859222e-02 4.370578378438949585e-02 1.970428973436355591e-01 1.442112475633621216e-01 6.068531796336174011e-02 2.883578464388847351e-02 6.245931982994079590e-02 3.364707576110959053e-03 9.263663738965988159e-02 2.644952945411205292e-02 1.278706640005111694e-01 5.421522632241249084e-02 3.153500705957412720e-02 4.687245562672615051e-02 1.469065397977828979e-01 1.448571961373090744e-02 8.072914928197860718e-02
6.803676486015319824e-02 0.000000000000000000e+00 2.797457017004489899e-02 7.020495086908340454e-02 1.653296202421188354e-01 1.029943004250526428e-01 1.578575558960437775e-02 7.939404249191284180e-02 3.774541197344660759e-03 3.989809006452560425e-02 3.104883246123790741e-02 1.967645995318889618e-02 4.352832585573196411e-02 9.543683379888534546e-02 8.524204790592193604e-02 1.393022667616605759e-02 6.961389631032943726e-02 5.179863423109054565e-02 2.440354414284229279e-02 1.307591050863265991e-01 7.692927867174148560e-02 7.381918374449014664e-03 3.927803784608840942e-02 5.601240321993827820e-03 6.468686461448669434e-02 2.475590631365776062e-02 4.166220501065254211e-02 6.035901978611946106e-02 1.218027025461196899e-01 3.658023476600646973e-02 2.123201824724674225e-02 2.128162086009979248e-01 5.360387265682220459e-02 1.479532718658447266e-01
4.013858735561370850e-02 2.797457017004489899e-02 0.000000000000000000e+00 9.798707813024520874e-02 1.379932612180709839e-01 7.523650676012039185e-02 1.219420041888952255e-02 5.153392627835273743e-02 3.174576163291931152e-02 6.779699027538299561e-02 3.076935419812798500e-03 4.762481525540351868e-02 1.557271834462881088e-02 6.764286011457443237e-02 5.740436539053916931e-02 1.404981780797243118e-02 4.172057658433914185e-02 2.385863661766052246e-02 3.573467023670673370e-03 1.581551581621170044e-01 1.046785786747932434e-01 2.059690468013286591e-02 1.131589990109205246e-02 2.237683534622192383e-02 3.677884489297866821e-02 5.269398167729377747e-02 1.370360609143972397e-02 8.818468451499938965e-02 9.414893388748168945e-02 8.614481426775455475e-03 6.746559869498014450e-03 1.859486699104309082e-01 2.566779032349586487e-02 1.204773411154747009e-01
1.375845372676849365e-01 7.020495086908340454e-02 9.798707813024520874e-02 0.000000000000000000e+00 2.328321039676666260e-01 1.719558984041213989e-01 8.589551597833633423e-02 1.487697660923004150e-01 6.644801795482635498e-02 3.039198555052280426e-02 1.010335534811019897e-01 5.059838294982910156e-02 1.133867725729942322e-01 1.645393520593643188e-01 1.545222848653793335e-01 8.405297249555587769e-02 1.391388475894927979e-01 1.215615272521972656e-01 9.444668143987655640e-02 6.111519411206245422e-02 6.760844495147466660e-03 7.754668593406677246e-02 1.091819107532501221e-01 7.577639818191528320e-02 1.342819929122924805e-01 4.552816972136497498e-02 1.115409061312675476e-01 9.887832216918468475e-03 1.903796941041946411e-01 1.065116524696350098e-01 9.130087494850158691e-02 2.788548469543457031e-01 1.233446449041366577e-01 2.159155011177062988e-01
9.839970618486404419e-02 1.653296202421188354e-01 1.379932612180709839e-01 2.328321039676666260e-01 0.000000000000000000e+00 6.341513991355895996e-02 1.499351710081100464e-01 8.707859367132186890e-02 1.689987033605575562e-01 2.038828283548355103e-01 1.349736452102661133e-01 1.844061762094497681e-01 1.226841807365417480e-01 7.101325690746307373e-02 8.123237639665603638e-02 1.517488658428192139e-01 9.683015197515487671e-02 1.145116463303565979e-01 1.414969712495803833e-01 2.898232042789459229e-01 2.392163723707199097e-01 1.581407040357589722e-01 1.268754899501800537e-01 1.598764359951019287e-01 1.017307266592979431e-01 1.893106848001480103e-01 1.245251446962356567e-01 2.234587073326110840e-01 4.442145302891731262e-02 1.295327693223953247e-01 1.446052044630050659e-01 4.921832308173179626e-02 1.127247437834739685e-01 1.781205274164676666e-02
3.520423546433448792e-02 1.029943004250526428e-01 7.523650676012039185e-02 1.719558984041213989e-01 6.341513991355895996e-02 0.000000000000000000e+00 8.735056966543197632e-02 2.379484660923480988e-02 1.067273616790771484e-01 1.423076242208480835e-01 7.217628508806228638e-02 1.224226728081703186e-01 5.973377823829650879e-02 7.632490713149309158e-03 1.790949515998363495e-02 8.919204771518707275e-02 3.362146764993667603e-02 5.147026479244232178e-02 7.878879457712173462e-02 2.306471914052963257e-01 1.785092055797576904e-01 9.568514674901962280e-02 6.397508084774017334e-02 9.744928777217864990e-02 3.856437280774116516e-02 1.274253129959106445e-01 6.159641221165657043e-02 1.623440831899642944e-01 1.904734596610069275e-02 6.666523963212966919e-02 8.194147795438766479e-02 1.122830063104629517e-01 4.966463148593902588e-02 4.565465450286865234e-02
5.230718851089477539e-02 1.578575558960437775e-02 1.219420041888952255e-02 8.589551597833633423e-02 1.499351710081100464e-01 8.735056966543197632e-02 0.000000000000000000e+00 6.368809938430786133e-02 1.955913193523883820e-02 5.564879626035690308e-02 1.527056284248828888e-02 3.545120358467102051e-02 2.776164747774600983e-02 7.977125793695449829e-02 6.954988092184066772e-02 1.855936017818748951e-03 5.388735979795455933e-02 3.604235127568244934e-02 8.621109649538993835e-03 1.462429910898208618e-01 9.260258078575134277e-02 8.404815569519996643e-03 2.350685745477676392e-02 1.018541492521762848e-02 4.895109310746192932e-02 4.052582383155822754e-02 2.589347958564758301e-02 7.607229053974151611e-02 1.062211841344833374e-01 2.080649510025978088e-02 5.448088981211185455e-03 1.976945996284484863e-01 3.785014525055885315e-02 1.324769109487533569e-01
1.141895540058612823e-02 7.939404249191284180e-02 5.153392627835273743e-02 1.487697660923004150e-01 8.707859367132186890e-02 2.379484660923480988e-02 6.368809938430786133e-02 0.000000000000000000e+00 8.314365893602371216e-02 1.189154461026191711e-01 4.846467077732086182e-02 9.891597181558609009e-02 3.599008545279502869e-02 1.616529189050197601e-02 5.887861363589763641e-03 6.553629040718078613e-02 9.834488853812217712e-03 2.770935744047164917e-02 5.509724095463752747e-02 2.079938650131225586e-01 1.553743332624435425e-01 7.205434143543243408e-02 4.024149104952812195e-02 7.382562011480331421e-02 1.478309556841850281e-02 1.039456427097320557e-01 3.785705193877220154e-02 1.390865445137023926e-01 4.282278195023536682e-02 4.293850064277648926e-02 5.826022848486900330e-02 1.357152611017227173e-01 2.590038999915122986e-02 6.937414407730102539e-02
7.179286330938339233e-02 3.774541197344660759e-03 3.174576163291931152e-02 6.644801795482635498e-02 1.689987033605575562e-01 1.067273616790771484e-01 1.955913193523883820e-02 8.314365893602371216e-02 0.000000000000000000e+00 3.612899407744407654e-02 3.481929004192352295e-02 1.590310037136077881e-02 4.729509726166725159e-02 9.917565435171127319e-02 8.898796141147613525e-02 1.770383678376674652e-02 7.336916029453277588e-02 5.556231364607810974e-02 2.817548811435699463e-02 1.270472705364227295e-01 7.317598909139633179e-02 1.115614734590053558e-02 4.304619506001472473e-02 9.375582449138164520e-03 6.844469159841537476e-02 2.098332718014717102e-02 4.542960226535797119e-02 5.659737437963485718e-02 1.255195289850234985e-01 4.034920409321784973e-02 2.500455640256404877e-02 2.164168953895568848e-01 5.736680328845977783e-02 1.516431272029876709e-01
1.076426580548286438e-01 3.989809006452560425e-02 6.779699027538299561e-02 3.039198555052280426e-02 2.038828283548355103e-01 1.423076242208480835e-01 5.564879626035690308e-02 1.189154461026191711e-01 3.612899407744407654e-02 0.000000000000000000e+00 7.085914909839630127e-02 2.023752033710479736e-02 8.328178524971008301e-02 1.348215639591217041e-01 1.247159764170646667e-01 5.379841849207878113e-02 1.092086732387542725e-01 9.150760620832443237e-02 6.423909217119216919e-02 9.133753180503845215e-02 3.714519739151000977e-02 4.726609215140342712e-02 7.905224710702896118e-02 4.548916965723037720e-02 1.043157279491424561e-01 1.515715755522251129e-02 8.142495155334472656e-02 2.051031589508056641e-02 1.609187871217727661e-01 7.636687904596328735e-02 6.107836961746215820e-02 2.505865693092346191e-01 9.330242127180099487e-02 1.867489665746688843e-01
3.706622868776321411e-02 3.104883246123790741e-02 3.076935419812798500e-03 1.010335534811019897e-01 1.349736452102661133e-01 7.217628508806228638e-02 1.527056284248828888e-02 4.846467077732086182e-02 3.481929004192352295e-02 7.085914909839630127e-02 0.000000000000000000e+00 5.069432407617568970e-02 1.249638386070728302e-02 6.457937508821487427e-02 5.433702841401100159e-02 1.712601445615291595e-02 3.864860534667968750e-02 2.078322693705558777e-02 6.650329101830720901e-03 1.611536741256713867e-01 1.077208146452903748e-01 2.367234043776988983e-02 8.239249698817729950e-03 2.545201964676380157e-02 3.370572626590728760e-02 5.576188117265701294e-02 1.062711700797080994e-02 9.123686701059341431e-02 9.109839051961898804e-02 5.537692457437515259e-03 9.823291562497615814e-03 1.829764097929000854e-01 2.259263955056667328e-02 1.174439415335655212e-01
8.759595453739166260e-02 1.967645995318889618e-02 4.762481525540351868e-02 5.059838294982910156e-02 1.844061762094497681e-01 1.224226728081703186e-01 3.545120358467102051e-02 9.891597181558609009e-02 1.590310037136077881e-02 2.023752033710479736e-02 5.069432407617568970e-02 0.000000000000000000e+00 6.315069645643234253e-02 1.148975417017936707e-01 1.047428250312805176e-01 3.359747678041458130e-02 8.916822075843811035e-02 7.140231877565383911e-02 4.405884817242622375e-02 1.113691926002502441e-01 5.733961239457130432e-02 2.705445140600204468e-02 5.890896916389465332e-02 2.527491748332977295e-02 8.425607532262802124e-02 5.081922281533479691e-03 6.128842383623123169e-02 4.073093086481094360e-02 1.411409080028533936e-01 5.621623620390892029e-02 4.089139401912689209e-02 2.315231561660766602e-01 7.320312410593032837e-02 1.671431362628936768e-01
2.458123303949832916e-02 4.352832585573196411e-02 1.557271834462881088e-02 1.133867725729942322e-01 1.226841807365417480e-01 5.973377823829650879e-02 2.776164747774600983e-02 3.599008545279502869e-02 4.729509726166725159e-02 8.328178524971008301e-02 1.249638386070728302e-02 6.315069645643234253e-02 0.000000000000000000e+00 5.212505161762237549e-02 4.186907038092613220e-02 2.961605787277221680e-02 2.616485767066478729e-02 8.288995362818241119e-03 1.914512179791927338e-02 1.733010560274124146e-01 1.200555860996246338e-01 3.615802899003028870e-02 4.257570952177047729e-03 3.793633729219436646e-02 2.121827937662601471e-02 6.821072846651077271e-02 1.869513071142137051e-03 1.036151051521301270e-01 7.869159430265426636e-02 6.959172431379556656e-03 2.231693267822265625e-02 1.708707362413406372e-01 1.009910833090543747e-02 1.051018089056015015e-01
2.757915668189525604e-02 9.543683379888534546e-02 6.764286011457443237e-02 1.645393520593643188e-01 7.101325690746307373e-02 7.632490713149309158e-03 7.977125793695449829e-02 1.616529189050197601e-02 9.917565435171127319e-02 1.348215639591217041e-01 6.457937508821487427e-02 1.148975417017936707e-01 5.212505161762237549e-02 0.000000000000000000e+00 1.027840934693813324e-02 8.161512017250061035e-02 2.599564753472805023e-02 4.385500028729438782e-02 7.119911909103393555e-02 2.234079986810684204e-01 1.711098402738571167e-01 8.811700344085693359e-02 5.637011304497718811e-02 8.988365530967712402e-02 3.094099089503288269e-02 1.199094504117965698e-01 5.398930236697196960e-02 1.549035310745239258e-01 2.667595818638801575e-02 5.906280130147933960e-02 7.435549050569534302e-02 1.198128163814544678e-01 4.204808175563812256e-02 5.326858535408973694e-02
1.730565354228019714e-02 8.524204790592193604e-02 5.740436539053916931e-02 1.545222848653793335e-01 8.123237639665603638e-02 1.790949515998363495e-02 6.954988092184066772e-02 5.887861363589763641e-03 8.898796141147613525e-02 1.247159764170646667e-01 5.433702841401100159e-02 1.047428250312805176e-01 4.186907038092613220e-02 1.027840934693813324e-02 0.000000000000000000e+00 7.139659672975540161e-02 1.572143845260143280e-02 3.359173610806465149e-02 6.096532940864562988e-02 2.136201113462448120e-01 1.611147969961166382e-01 7.790915668010711670e-02 4.611842706799507141e-02 7.967884838581085205e-02 2.066915668547153473e-02 1.097663193941116333e-01 4.373516514897346497e-02 1.448557674884796143e-01 3.694423660635948181e-02 4.881402477622032166e-02 6.412608921527862549e-02 1.299312263727188110e-01 3.178340569138526917e-02 6.351222097873687744e-02
5.415786430239677429e-02 1.393022667616605759e-02 1.404981780797243118e-02 8.405297249555587769e-02 1.517488658428192139e-01 8.919204771518707275e-02 1.855936017818748951e-03 6.553629040718078613e-02 1.770383678376674652e-02 5.379841849207878113e-02 1.712601445615291595e-02 3.359747678041458130e-02 2.961605787277221680e-02 8.161512017250061035e-02 7.139659672975540161e-02 0.000000000000000000e+00 5.573772639036178589e-02 3.789575025439262390e-02 1.047687791287899017e-02 1.444262713193893433e-01 9.076223522424697876e-02 6.548982579261064529e-03 2.536168508231639862e-02 8.329636417329311371e-03 5.080240964889526367e-02 3.867279738187789917e-02 2.774808183312416077e-02 7.422682642936706543e-02 1.080558225512504578e-01 2.266155742108821869e-02 7.303950842469930649e-03 1.994773447513580322e-01 3.970329463481903076e-02 1.342998296022415161e-01
1.584644429385662079e-03 6.961389631032943726e-02 4.172057658433914185e-02 1.391388475894927979e-01 9.683015197515487671e-02 3.362146764993667603e-02 5.388735979795455933e-02 9.834488853812217712e-03 7.336916029453277588e-02 1.092086732387542725e-01 3.864860534667968750e-02 8.916822075843811035e-02 2.616485767066478729e-02 2.599564753472805023e-02 1.572143845260143280e-02 5.573772639036178589e-02 0.000000000000000000e+00 1.787973754107952118e-02 4.528729245066642761e-02 1.985655426979064941e-01 1.457625627517700195e-01 6.226398050785064697e-02 3.041904047131538391e-02 6.403763592243194580e-02 4.949325229972600937e-03 9.420745819807052612e-02 2.803299948573112488e-02 1.294290721416473389e-01 5.263510718941688538e-02 3.311800211668014526e-02 4.845349490642547607e-02 1.453557461500167847e-01 1.606999710202217102e-02 7.915462553501129150e-02
1.629555784165859222e-02 5.179863423109054565e-02 2.385863661766052246e-02 1.215615272521972656e-01 1.145116463303565979e-01 5.147026479244232178e-02 3.604235127568244934e-02 2.770935744047164917e-02 5.556231364607810974e-02 9.150760620832443237e-02 2.078322693705558777e-02 7.140231877565383911e-02 8.288995362818241119e-03 4.385500028729438782e-02 3.359173610806465149e-02 3.789575025439262390e-02 1.787973754107952118e-02 0.000000000000000000e+00 2.742976509034633636e-02 1.813295632600784302e-01 1.282169967889785767e-01 4.443370550870895386e-02 1.254612486809492111e-02 4.621079936623573303e-02 1.293155830353498459e-02 7.645649462938308716e-02 1.015835255384445190e-02 1.118080839514732361e-01 7.044854760169982910e-02 1.524728909134864807e-02 3.060027025640010834e-02 1.628123521804809570e-01 1.810263260267674923e-03 9.689722955226898193e-02
4.370578378438949585e-02 2.440354414284229279e-02 3.573467023670673370e-03 9.444668143987655640e-02 1.414969712495803833e-01 7.878879457712173462e-02 8.621109649538993835e-03 5.509724095463752747e-02 2.817548811435699463e-02 6.423909217119216919e-02 6.650329101830720901e-03 4.405884817242622375e-02 1.914512179791927338e-02 7.119911909103393555e-02 6.096532940864562988e-02 1.047687791287899017e-02 4.528729245066642761e-02 2.742976509034633636e-02 0.000000000000000000e+00 1.546691060066223145e-01 1.011429503560066223e-01 1.702469028532505035e-02 1.488876342773437500e-02 1.880487240850925446e-02 4.034701362252235413e-02 4.912976920604705811e-02 1.727622561156749725e-02 8.463789522647857666e-02 9.768953174352645874e-02 1.218757219612598419e-02 3.173169447109103203e-03 1.893962770700454712e-01 2.923857420682907104e-02 1.239974275231361389e-01
1.970428973436355591e-01 1.307591050863265991e-01 1.581551581621170044e-01 6.111519411206245422e-02 2.898232042789459229e-01 2.306471914052963257e-01 1.462429910898208618e-01 2.079938650131225586e-01 1.270472705364227295e-01 9.133753180503845215e-02 1.611536741256713867e-01 1.113691926002502441e-01 1.733010560274124146e-01 2.234079986810684204e-01 2.136201113462448120e-01 1.444262713193893433e-01 1.985655426979064941e-01 1.813295632600784302e-01 1.546691060066223145e-01 0.000000000000000000e+00 5.437681451439857483e-02 1.380078047513961792e-01 1.691683083772659302e-01 1.362605541944503784e-01 1.938066780567169189e-01 1.063474565744400024e-01 1.714871078729629517e-01 7.096014171838760376e-02 2.486023604869842529e-01 1.665427386760711670e-01 1.515703201293945312e-01 3.342732787132263184e-01 1.830797344446182251e-01 2.734226584434509277e-01
1.442112475633621216e-01 7.692927867174148560e-02 1.046785786747932434e-01 6.760844495147466660e-03 2.392163723707199097e-01 1.785092055797576904e-01 9.260258078575134277e-02 1.553743332624435425e-01 7.317598909139633179e-02 3.714519739151000977e-02 1.077208146452903748e-01 5.733961239457130432e-02 1.200555860996246338e-01 1.711098402738571167e-01 1.611147969961166382e-01 9.076223522424697876e-02 1.457625627517700195e-01 1.282169967889785767e-01 1.011429503560066223e-01 5.437681451439857483e-02 0.000000000000000000e+00 8.426334708929061890e-02 1.158572435379028320e-01 8.249497413635253906e-02 1.409149020910263062e-01 5.227292329072952271e-02 1.182126179337501526e-01 1.664756424725055695e-02 1.968871206045150757e-01 1.131909862160682678e-01 9.800122678279876709e-02 2.850782573223114014e-01 1.299970895051956177e-01 2.223517447710037231e-01
6.068531796336174011e-02 7.381918374449014664e-03 2.059690468013286591e-02 7.754668593406677246e-02 1.581407040357589722e-01 9.568514674901962280e-02 8.404815569519996643e-03 7.205434143543243408e-02 1.115614734590053558e-02 4.726609215140342712e-02 2.367234043776988983e-02 2.705445140600204468e-02 3.615802899003028870e-02 8.811700344085693359e-02 7.790915668010711670e-02 6.548982579261064529e-03 6.226398050785064697e-02 4.443370550870895386e-02 1.702469028532505035e-02 1.380078047513961792e-01 8.426334708929061890e-02 0.000000000000000000e+00 3.190536797046661377e-02 1.780751510523259640e-03 5.733232200145721436e-02 3.213195502758026123e-02 3.429083153605461121e-02 6.771076470613479614e-02 1.145237609744071960e-01 2.920620515942573547e-02 1.385227032005786896e-02 2.057575136423110962e-01 4.624025151133537292e-02 1.407250463962554932e-01
2.883578464388847351e-02 3.927803784608840942e-02 1.131589990109205246e-02 1.091819107532501221e-01 1.268754899501800537e-01 6.397508084774017334e-02 2.350685745477676392e-02 4.024149104952812195e-02 4.304619506001472473e-02 7.905224710702896118e-02 8.239249698817729950e-03 5.890896916389465332e-02 4.257570952177047729e-03 5.637011304497718811e-02 4.611842706799507141e-02 2.536168508231639862e-02 3.041904047131538391e-02 1.254612486809492111e-02 1.488876342773437500e-02 1.691683083772659302e-01 1.158572435379028320e-01 3.190536797046661377e-02 0.000000000000000000e+00 3.368420526385307312e-02 2.547354996204376221e-02 6.397173553705215454e-02 2.388076623901724815e-03 9.940139949321746826e-02 8.292137831449508667e-02 2.701681340113282204e-03 1.806108094751834869e-02 1.750009953975677490e-01 1.435606088489294052e-02 1.093104705214500427e-01
6.245931982994079590e-02 5.601240321993827820e-03 2.237683534622192383e-02 7.577639818191528320e-02 1.598764359951019287e-01 9.744928777217864990e-02 1.018541492521762848e-02 7.382562011480331421e-02 9.375582449138164520e-03 4.548916965723037720e-02 2.545201964676380157e-02 2.527491748332977295e-02 3.793633729219436646e-02 8.988365530967712402e-02 7.967884838581085205e-02 8.329636417329311371e-03 6.403763592243194580e-02 4.621079936623573303e-02 1.880487240850925446e-02 1.362605541944503784e-01 8.249497413635253906e-02 1.780751510523259640e-03 3.368420526385307312e-02 0.000000000000000000e+00 5.910703912377357483e-02 3.035294078290462494e-02 3.606937825679779053e-02 6.593796610832214355e-02 1.162807941436767578e-01 3.098534420132637024e-02 1.563263684511184692e-02 2.074622511863708496e-01 4.801704734563827515e-02 1.424700915813446045e-01
3.364707576110959053e-03 6.468686461448669434e-02 3.677884489297866821e-02 1.342819929122924805e-01 1.017307266592979431e-01 3.856437280774116516e-02 4.895109310746192932e-02 1.478309556841850281e-02 6.844469159841537476e-02 1.043157279491424561e-01 3.370572626590728760e-02 8.425607532262802124e-02 2.121827937662601471e-02 3.094099089503288269e-02 2.066915668547153473e-02 5.080240964889526367e-02 4.949325229972600937e-03 1.293155830353498459e-02 4.034701362252235413e-02 1.938066780567169189e-01 1.409149020910263062e-01 5.733232200145721436e-02 2.547354996204376221e-02 5.910703912377357483e-02 0.000000000000000000e+00 8.929976075887680054e-02 2.308687753975391388e-02 1.245595440268516541e-01 5.756943300366401672e-02 2.817329205572605133e-02 4.351460933685302734e-02 1.501970142126083374e-01 1.112155523151159286e-02 8.407101780176162720e-02
9.263663738965988159e-02 2.475590631365776062e-02 5.269398167729377747e-02 4.552816972136497498e-02 1.893106848001480103e-01 1.274253129959106445e-01 4.052582383155822754e-02 1.039456427097320557e-01 2.098332718014717102e-02 1.515715755522251129e-02 5.576188117265701294e-02 5.081922281533479691e-03 6.821072846651077271e-02 1.199094504117965698e-01 1.097663193941116333e-01 3.867279738187789917e-02 9.420745819807052612e-02 7.645649462938308716e-02 4.912976920604705811e-02 1.063474565744400024e-01 5.227292329072952271e-02 3.213195502758026123e-02 6.397173553705215454e-02 3.035294078290462494e-02 8.929976075887680054e-02 0.000000000000000000e+00 6.634967774152755737e-02 3.565638884902000427e-02 1.461180299520492554e-01 6.128065288066864014e-02 4.596376419067382812e-02 2.363270223140716553e-01 7.825593650341033936e-02 1.720788925886154175e-01
2.644952945411205292e-02 4.166220501065254211e-02 1.370360609143972397e-02 1.115409061312675476e-01 1.245251446962356567e-01 6.159641221165657043e-02 2.589347958564758301e-02 3.785705193877220154e-02 4.542960226535797119e-02 8.142495155334472656e-02 1.062711700797080994e-02 6.128842383623123169e-02 1.869513071142137051e-03 5.398930236697196960e-02 4.373516514897346497e-02 2.774808183312416077e-02 2.803299948573112488e-02 1.015835255384445190e-02 1.727622561156749725e-02 1.714871078729629517e-01 1.182126179337501526e-01 3.429083153605461121e-02 2.388076623901724815e-03 3.606937825679779053e-02 2.308687753975391388e-02 6.634967774152755737e-02 0.000000000000000000e+00 1.017653197050094604e-01 8.054924756288528442e-02 5.089724902063608170e-03 2.044827491044998169e-02 1.726850867271423340e-01 1.196839474141597748e-02 1.069503128528594971e-01
1.278706640005111694e-01 6.035901978611946106e-02 8.818468451499938965e-02 9.887832216918468475e-03 2.234587073326110840e-01 1.623440831899642944e-01 7.607229053974151611e-02 1.390865445137023926e-01 5.659737437963485718e-02 2.051031589508056641e-02 9.123686701059341431e-02 4.073093086481094360e-02 1.036151051521301270e-01 1.549035310745239258e-01 1.448557674884796143e-01 7.422682642936706543e-02 1.294290721416473389e-01 1.118080839514732361e-01 8.463789522647857666e-02 7.096014171838760376e-02 1.664756424725055695e-02 6.771076470613479614e-02 9.940139949321746826e-02 6.593796610832214355e-02 1.245595440268516541e-01 3.565638884902000427e-02 1.017653197050094604e-01 0.000000000000000000e+00 1.808322668075561523e-01 9.672568738460540771e-02 8.148660510778427124e-02 2.697106897830963135e-01 1.135953515768051147e-01 2.064684480428695679e-01
5.421522632241249084e-02 1.218027025461196899e-01 9.414893388748168945e-02 1.903796941041946411e-01 4.442145302891731262e-02 1.904734596610069275e-02 1.062211841344833374e-01 4.282278195023536682e-02 1.255195289850234985e-01 1.609187871217727661e-01 9.109839051961898804e-02 1.411409080028533936e-01 7.869159430265426636e-02 2.667595818638801575e-02 3.694423660635948181e-02 1.080558225512504578e-01 5.263510718941688538e-02 7.044854760169982910e-02 9.768953174352645874e-02 2.486023604869842529e-01 1.968871206045150757e-01 1.145237609744071960e-01 8.292137831449508667e-02 1.162807941436767578e-01 5.756943300366401672e-02 1.461180299520492554e-01 8.054924756288528442e-02 1.808322668075561523e-01 0.000000000000000000e+00 8.560388535261154175e-02 1.008314490318298340e-01 9.343548864126205444e-02 6.864703446626663208e-02 2.663047052919864655e-02
3.153500705957412720e-02 3.658023476600646973e-02 8.614481426775455475e-03 1.065116524696350098e-01 1.295327693223953247e-01 6.666523963212966919e-02 2.080649510025978088e-02 4.293850064277648926e-02 4.034920409321784973e-02 7.636687904596328735e-02 5.537692457437515259e-03 5.621623620390892029e-02 6.959172431379556656e-03 5.906280130147933960e-02 4.881402477622032166e-02 2.266155742108821869e-02 3.311800211668014526e-02 1.524728909134864807e-02 1.218757219612598419e-02 1.665427386760711670e-01 1.131909862160682678e-01 2.920620515942573547e-02 2.701681340113282204e-03 3.098534420132637024e-02 2.817329205572605133e-02 6.128065288066864014e-02 5.089724902063608170e-03 9.672568738460540771e-02 8.560388535261154175e-02 0.000000000000000000e+00 1.536014769226312637e-02 1.776186972856521606e-01 1.705708168447017670e-02 1.119790747761726379e-01
4.687245562672615051e-02 2.123201824724674225e-02 6.746559869498014450e-03 9.130087494850158691e-02 1.446052044630050659e-01 8.194147795438766479e-02 5.448088981211185455e-03 5.826022848486900330e-02 2.500455640256404877e-02 6.107836961746215820e-02 9.823291562497615814e-03 4.089139401912689209e-02 2.231693267822265625e-02 7.435549050569534302e-02 6.412608921527862549e-02 7.303950842469930649e-03 4.845349490642547607e-02 3.060027025640010834e-02 3.173169447109103203e-03 1.515703201293945312e-01 9.800122678279876709e-02 1.385227032005786896e-02 1.806108094751834869e-02 1.563263684511184692e-02 4.351460933685302734e-02 4.596376419067382812e-02 2.044827491044998169e-02 8.148660510778427124e-02 1.008314490318298340e-01 1.536014769226312637e-02 0.000000000000000000e+00 1.924538016319274902e-01 3.240873664617538452e-02 1.271205693483352661e-01
1.469065397977828979e-01 2.128162086009979248e-01 1.859486699104309082e-01 2.788548469543457031e-01 4.921832308173179626e-02 1.122830063104629517e-01 1.976945996284484863e-01 1.357152611017227173e-01 2.164168953895568848e-01 2.505865693092346191e-01 1.829764097929000854e-01 2.315231561660766602e-01 1.708707362413406372e-01 1.198128163814544678e-01 1.299312263727188110e-01 1.994773447513580322e-01 1.453557461500167847e-01 1.628123521804809570e-01 1.893962770700454712e-01 3.342732787132263184e-01 2.850782573223114014e-01 2.057575136423110962e-01 1.750009953975677490e-01 2.074622511863708496e-01 1.501970142126083374e-01 2.363270223140716553e-01 1.726850867271423340e-01 2.697106897830963135e-01 9.343548864126205444e-02 1.776186972856521606e-01 1.924538016319274902e-01 0.000000000000000000e+00 1.610495448112487793e-01 6.697166711091995239e-02
1.448571961373090744e-02 5.360387265682220459e-02 2.566779032349586487e-02 1.233446449041366577e-01 1.127247437834739685e-01 4.966463148593902588e-02 3.785014525055885315e-02 2.590038999915122986e-02 5.736680328845977783e-02 9.330242127180099487e-02 2.259263955056667328e-02 7.320312410593032837e-02 1.009910833090543747e-02 4.204808175563812256e-02 3.178340569138526917e-02 3.970329463481903076e-02 1.606999710202217102e-02 1.810263260267674923e-03 2.923857420682907104e-02 1.830797344446182251e-01 1.299970895051956177e-01 4.624025151133537292e-02 1.435606088489294052e-02 4.801704734563827515e-02 1.112155523151159286e-02 7.825593650341033936e-02 1.196839474141597748e-02 1.135953515768051147e-01 6.864703446626663208e-02 1.705708168447017670e-02 3.240873664617538452e-02 1.610495448112487793e-01 0.000000000000000000e+00 9.510365128517150879e-02
8.072914928197860718e-02 1.479532718658447266e-01 1.204773411154747009e-01 2.159155011177062988e-01 1.781205274164676666e-02 4.565465450286865234e-02 1.324769109487533569e-01 6.937414407730102539e-02 1.516431272029876709e-01 1.867489665746688843e-01 1.174439415335655212e-01 1.671431362628936768e-01 1.051018089056015015e-01 5.326858535408973694e-02 6.351222097873687744e-02 1.342998296022415161e-01 7.915462553501129150e-02 9.689722955226898193e-02 1.239974275231361389e-01 2.734226584434509277e-01 2.223517447710037231e-01 1.407250463962554932e-01 1.093104705214500427e-01 1.424700915813446045e-01 8.407101780176162720e-02 1.720788925886154175e-01 1.069503128528594971e-01 2.064684480428695679e-01 2.663047052919864655e-02 1.119790747761726379e-01 1.271205693483352661e-01 6.697166711091995239e-02 9.510365128517150879e-02 0.000000000000000000e+00
