0.000000000000000000e+00 7.219447195529937744e-02 4.256474226713180542e-02 1.336662620306015015e-01 9.551837295293807983e-02 3.764889016747474670e-02 5.289862304925918579e-02 2.035945281386375427e-02 7.044737786054611206e-02 1.058297008275985718e-01 4.204435274004936218e-02 8.377661556005477905e-02 2.168664894998073578e-02 3.337841853499412537e-02 2.480776421725749969e-02 5.105205997824668884e-02 2.291907323524355888e-03 8.816550485789775848e-03 4.129419848322868347e-02 1.951637566089630127e-01 1.411840319633483887e-01 5.645032599568367004e-02 2.122135646641254425e-02 5.838974192738533020e-02 8.865287527441978455e-03 8.903033286333084106e-02 3.130628168582916260e-02 1.208607330918312073e-01 5.774118378758430481e-02 2.607662416994571686e-02 4.256050661206245422e-02 1.606697738170623779e-01 9.100579656660556793e-03 8.488865941762924194e-02
7.219447195529937744e-02 0.000000000000000000e+00 2.972106076776981354e-02 6.207077577710151672e-02 1.665642410516738892e-01 1.095456182956695557e-01 1.936982758343219757e-02 9.241808205842971802e-02 1.756019657477736473e-03 3.389419242739677429e-02 3.024191409349441528e-02 1.165262702852487564e-02 5.058702453970909119e-02 1.053190976381301880e-01 9.682881832122802734e-02 2.122062258422374725e-02 7.447405904531478882e-02 6.341828405857086182e-02 3.099267370998859406e-02 1.247266530990600586e-01 6.969998776912689209e-02 1.580857485532760620e-02 5.105132982134819031e-02 1.386316958814859390e-02 6.336974352598190308e-02 1.694477349519729614e-02 4.098081588745117188e-02 4.909463971853256226e-02 1.293962597846984863e-01 4.620483890175819397e-02 2.972530201077461243e-02 2.301941066980361938e-01 6.313537806272506714e-02 1.561263203620910645e-01
4.256474226713180542e-02 2.972106076776981354e-02 0.000000000000000000e+00 9.162280708551406860e-02 1.375239938497543335e-01 8.008529245853424072e-02 1.035719737410545349e-02 6.286971271038055420e-02 2.796650119125843048e-02 6.355123221874237061e-02 5.213200929574668407e-04 4.135936126112937927e-02 2.089738473296165466e-02 7.583542168140411377e-02 6.730144470930099487e-02 8.505804464221000671e-03 4.485227167606353760e-02 3.376086056232452393e-02 1.272784429602324963e-03 1.538772881031036377e-01 9.921552240848541260e-02 1.391902659088373184e-02 2.136268094182014465e-02 1.586442999541759491e-02 3.371217846870422363e-02 4.664234817028045654e-02 1.127348374575376511e-02 7.870086282491683960e-02 1.000600010156631470e-01 1.650644093751907349e-02 4.243061539455084130e-06 2.018540650606155396e-01 3.347713127732276917e-02 1.269945353269577026e-01
1.336662620306015015e-01 6.207077577710151672e-02 9.162280708551406860e-02 0.000000000000000000e+00 2.262953966856002808e-01 1.704573482275009155e-01 8.134280145168304443e-02 1.536076962947845459e-01 6.381984055042266846e-02 2.823598682880401611e-02 9.213972836732864380e-02 5.045464262366294861e-02 1.123051643371582031e-01 1.663027107715606689e-01 1.579502671957015991e-01 8.318182826042175293e-02 1.359165310859680176e-01 1.249970197677612305e-01 9.288476407527923584e-02 6.314473599195480347e-02 7.662362419068813324e-03 7.780300080776214600e-02 1.127647757530212402e-01 7.586866617202758789e-02 1.249490380287170410e-01 4.517351090908050537e-02 1.027901247143745422e-01 1.301579829305410385e-02 1.899414807558059692e-01 1.079659759998321533e-01 9.162701666355133057e-02 2.881477177143096924e-01 1.247173994779586792e-01 2.161028683185577393e-01
9.551837295293807983e-02 1.665642410516738892e-01 1.375239938497543335e-01 2.262953966856002808e-01 0.000000000000000000e+00 5.807833746075630188e-02 1.476708352565765381e-01 7.530536502599716187e-02 1.648564338684082031e-01 1.993330866098403931e-01 1.370124816894531250e-01 1.778716295957565308e-01 1.169627383351325989e-01 6.233870610594749451e-02 7.087856531143188477e-02 1.458591669797897339e-01 9.324687719345092773e-02 1.042471379041671753e-01 1.362750530242919922e-01 2.853624820709228516e-01 2.335527837276458740e-01 1.511536836624145508e-01 1.165035739541053772e-01 1.530544757843017578e-01 1.042953506112098694e-01 1.829925477504730225e-01 1.264465302228927612e-01 2.139096558094024658e-01 3.798669576644897461e-02 1.212928742170333862e-01 1.375198215246200562e-01 6.616685539484024048e-02 1.045280843973159790e-01 1.071660593152046204e-02
3.764889016747474670e-02 1.095456182956695557e-01 8.008529245853424072e-02 1.704573482275009155e-01 5.807833746075630188e-02 0.000000000000000000e+00 9.036754071712493896e-02 1.730270124971866608e-02 1.078103333711624146e-01 1.429091840982437134e-01 7.956729829311370850e-02 1.210437342524528503e-01 5.928713083267211914e-02 4.275848157703876495e-03 1.285313535481691360e-02 8.853079378604888916e-02 3.536003828048706055e-02 4.645002260804176331e-02 7.882054895162582397e-02 2.311145067214965820e-01 1.778873652219772339e-01 9.389965236186981201e-02 5.882325395941734314e-02 9.582798182964324951e-02 4.649865999817848206e-02 1.262560188770294189e-01 6.887400150299072266e-02 1.577916443347930908e-01 2.013606391847133636e-02 6.366302073001861572e-02 8.008108288049697876e-02 1.237695589661598206e-01 4.673346132040023804e-02 4.739123210310935974e-02
5.289862304925918579e-02 1.936982758343219757e-02 1.035719737410545349e-02 8.134280145168304443e-02 1.476708352565765381e-01 9.036754071712493896e-02 0.000000000000000000e+00 7.317925989627838135e-02 1.761440746486186981e-02 5.322907865047454834e-02 1.087845768779516220e-02 3.101545386016368866e-02 3.124781884253025055e-02 8.612497150897979736e-02 7.760453969240188599e-02 1.851554727181792259e-03 5.518383532762527466e-02 4.410263895988464355e-02 1.162982732057571411e-02 1.437491923570632935e-01 8.894972503185272217e-02 3.562344005331397057e-03 3.171286359429359436e-02 5.508137866854667664e-03 4.405399411916732788e-02 3.630268946290016174e-02 2.162815257906913757e-02 6.839942187070846558e-02 1.103028878569602966e-01 2.685904316604137421e-02 1.036143954843282700e-02 2.117685377597808838e-01 4.381913319230079651e-02 1.371713131666183472e-01
2.035945281386375427e-02 9.241808205842971802e-02 6.286971271038055420e-02 1.536076962947845459e-01 7.530536502599716187e-02 1.730270124971866608e-02 7.317925989627838135e-02 0.000000000000000000e+00 9.067677706480026245e-02 1.259178519248962402e-01 6.235043331980705261e-02 1.039587557315826416e-01 4.202754423022270203e-02 1.302781887352466583e-02 4.450556822121143341e-03 7.133736461400985718e-02 1.806838810443878174e-02 2.917076833546161652e-02 6.160186231136322021e-02 2.146702408790588379e-01 1.610804796218872070e-01 7.672160118818283081e-02 4.156285151839256287e-02 7.865568995475769043e-02 2.921946719288825989e-02 1.091918647289276123e-01 5.163282528519630432e-02 1.408735513687133789e-01 3.742572665214538574e-02 4.641143605113029480e-02 6.286548078060150146e-02 1.407707929611206055e-01 2.945457585155963898e-02 6.464092433452606201e-02
7.044737786054611206e-02 1.756019657477736473e-03 2.796650119125843048e-02 6.381984055042266846e-02 1.648564338684082031e-01 1.078103333711624146e-01 1.761440746486186981e-02 9.067677706480026245e-02 0.000000000000000000e+00 3.564808890223503113e-02 2.848740667104721069e-02 1.340837217867374420e-02 4.883534461259841919e-02 1.035822406411170959e-01 9.508896619081497192e-02 1.946532726287841797e-02 7.272754609584808350e-02 6.166913360357284546e-02 2.923824638128280640e-02 1.264549791812896729e-01 7.144726067781448364e-02 1.405294425785541534e-02 4.929973185062408447e-02 1.210744492709636688e-02 6.162057816982269287e-02 1.870023645460605621e-02 3.922761976718902588e-02 5.084627866744995117e-02 1.276692450046539307e-01 4.445242509245872498e-02 2.797074243426322937e-02 2.285304665565490723e-01 6.138616055250167847e-02 1.544126421213150024e-01
1.058297008275985718e-01 3.389419242739677429e-02 6.355123221874237061e-02 2.823598682880401611e-02 1.993330866098403931e-01 1.429091840982437134e-01 5.322907865047454834e-02 1.259178519248962402e-01 3.564808890223503113e-02 0.000000000000000000e+00 6.407042592763900757e-02 2.225035242736339569e-02 8.433661609888076782e-02 1.387181133031845093e-01 1.302953958511352539e-01 5.507519841194152832e-02 1.080953851342201233e-01 9.710375964641571045e-02 6.481877714395523071e-02 9.121808409690856934e-02 3.589058294892311096e-02 4.967615008354187012e-02 8.479879051446914673e-02 4.773493111133575439e-02 9.705547243356704712e-02 1.695915870368480682e-02 7.477115094661712646e-02 1.522578299045562744e-02 1.625774204730987549e-01 7.997377961874008179e-02 6.355545669794082642e-02 2.620437741279602051e-01 9.682238101959228516e-02 1.890202611684799194e-01
4.204435274004936218e-02 3.024191409349441528e-02 5.213200929574668407e-04 9.213972836732864380e-02 1.370124816894531250e-01 7.956729829311370850e-02 1.087845768779516220e-02 6.235043331980705261e-02 2.848740667104721069e-02 6.407042592763900757e-02 0.000000000000000000e+00 4.187978059053421021e-02 2.037628553807735443e-02 7.531707733869552612e-02 6.678245961666107178e-02 9.027085267007350922e-03 4.433199018239974976e-02 3.324012458324432373e-02 7.514646858908236027e-04 1.543862372636795044e-01 9.973167628049850464e-02 1.444024126976728439e-02 2.084159478545188904e-02 1.638561487197875977e-02 3.319143876433372498e-02 4.716251790523529053e-02 1.075222715735435486e-02 7.921893894672393799e-02 9.954387694597244263e-02 1.598525792360305786e-02 5.170771037228405476e-04 2.013539224863052368e-01 3.295638784766197205e-02 1.264815926551818848e-01
8.377661556005477905e-02 1.165262702852487564e-02 4.135936126112937927e-02 5.045464262366294861e-02 1.778716295957565308e-01 1.210437342524528503e-01 3.101545386016368866e-02 1.039587557315826416e-01 1.340837217867374420e-02 2.225035242736339569e-02 4.187978059053421021e-02 0.000000000000000000e+00 6.220298632979393005e-02 1.168283522129058838e-01 1.083591803908348083e-01 3.286512196063995361e-02 8.605200797319412231e-02 7.501547783613204956e-02 4.262990504503250122e-02 1.132386028766632080e-01 5.809454247355461121e-02 2.745614200830459595e-02 6.266667693853378296e-02 2.551167644560337067e-02 7.496701180934906006e-02 5.293191876262426376e-03 5.260832235217094421e-02 3.746344521641731262e-02 1.408365368843078613e-01 5.782632902264595032e-02 4.136360064148902893e-02 2.411997467279434204e-01 7.473301887512207031e-02 1.674742698669433594e-01
2.168664894998073578e-02 5.058702453970909119e-02 2.089738473296165466e-02 1.123051643371582031e-01 1.169627383351325989e-01 5.928713083267211914e-02 3.124781884253025055e-02 4.202754423022270203e-02 4.883534461259841919e-02 8.433661609888076782e-02 2.037628553807735443e-02 6.220298632979393005e-02 0.000000000000000000e+00 5.502523854374885559e-02 4.646941274404525757e-02 2.939796261489391327e-02 2.397736161947250366e-02 1.287255901843309402e-02 1.962512359023094177e-02 1.742144674062728882e-01 1.198643893003463745e-01 3.480628877878189087e-02 4.655055527109652758e-04 3.674963116645812988e-02 1.282382663339376450e-02 6.747396290302276611e-02 9.626168757677078247e-03 9.943471103906631470e-02 7.932849228382110596e-02 4.392459522932767868e-03 2.089314162731170654e-02 1.817232221364974976e-01 1.258855406194925308e-02 1.063794717192649841e-01
3.337841853499412537e-02 1.053190976381301880e-01 7.583542168140411377e-02 1.663027107715606689e-01 6.233870610594749451e-02 4.275848157703876495e-03 8.612497150897979736e-02 1.302781887352466583e-02 1.035822406411170959e-01 1.387181133031845093e-01 7.531707733869552612e-02 1.168283522129058838e-01 5.502523854374885559e-02 0.000000000000000000e+00 8.577758446335792542e-03 8.428685367107391357e-02 3.108888864517211914e-02 4.218255728483200073e-02 7.456982880830764771e-02 2.270630151033401489e-01 1.737436801195144653e-01 8.965981006622314453e-02 5.456112697720527649e-02 9.158965200185775757e-02 4.223120957612991333e-02 1.220460757613182068e-01 6.461717188358306885e-02 1.536194384098052979e-01 2.440981194376945496e-02 5.940333381295204163e-02 7.583119720220565796e-02 1.279776841402053833e-01 4.246609658002853394e-02 5.165660753846168518e-02
2.480776421725749969e-02 9.682881832122802734e-02 6.730144470930099487e-02 1.579502671957015991e-01 7.087856531143188477e-02 1.285313535481691360e-02 7.760453969240188599e-02 4.450556822121143341e-03 9.508896619081497192e-02 1.302953958511352539e-01 6.678245961666107178e-02 1.083591803908348083e-01 4.646941274404525757e-02 8.577758446335792542e-03 0.000000000000000000e+00 7.576387375593185425e-02 2.251713536679744720e-02 3.361696377396583557e-02 6.603430956602096558e-02 2.189116328954696655e-01 1.654124408960342407e-01 8.114445954561233521e-02 4.600489884614944458e-02 8.307716250419616699e-02 3.366564586758613586e-02 1.135872304439544678e-01 5.607049539685249329e-02 1.452330499887466431e-01 3.298066556453704834e-02 5.085148662328720093e-02 6.729721277952194214e-02 1.364057064056396484e-01 3.390068933367729187e-02 6.020768731832504272e-02
5.105205997824668884e-02 2.122062258422374725e-02 8.505804464221000671e-03 8.318182826042175293e-02 1.458591669797897339e-01 8.853079378604888916e-02 1.851554727181792259e-03 7.133736461400985718e-02 1.946532726287841797e-02 5.507519841194152832e-02 9.027085267007350922e-03 3.286512196063995361e-02 2.939796261489391327e-02 8.428685367107391357e-02 7.576387375593185425e-02 0.000000000000000000e+00 5.333773046731948853e-02 4.225452989339828491e-02 9.778483770787715912e-03 1.455620080232620239e-01 9.078633040189743042e-02 5.413862410932779312e-03 2.986306138336658478e-02 7.359618321061134338e-03 4.220587760210037231e-02 3.815167397260665894e-02 1.977739296853542328e-02 7.024208456277847290e-02 1.084734871983528137e-01 2.500873617827892303e-02 8.510047569870948792e-03 2.099993079900741577e-01 4.197098687291145325e-02 1.353541463613510132e-01
2.291907323524355888e-03 7.447405904531478882e-02 4.485227167606353760e-02 1.359165310859680176e-01 9.324687719345092773e-02 3.536003828048706055e-02 5.518383532762527466e-02 1.806838810443878174e-02 7.272754609584808350e-02 1.080953851342201233e-01 4.433199018239974976e-02 8.605200797319412231e-02 2.397736161947250366e-02 3.108888864517211914e-02 2.251713536679744720e-02 5.333773046731948853e-02 0.000000000000000000e+00 1.110823266208171844e-02 4.358197748661041260e-02 1.973673999309539795e-01 1.434295177459716797e-01 5.873462930321693420e-02 2.351212128996849060e-02 6.067353487014770508e-02 1.115696690976619720e-02 9.130360931158065796e-02 3.359578177332878113e-02 1.231185421347618103e-01 5.545661598443984985e-02 2.836683765053749084e-02 4.484803974628448486e-02 1.584361940622329712e-01 1.139224879443645477e-02 8.261282742023468018e-02
8.816550485789775848e-03 6.341828405857086182e-02 3.376086056232452393e-02 1.249970197677612305e-01 1.042471379041671753e-01 4.645002260804176331e-02 4.410263895988464355e-02 2.917076833546161652e-02 6.166913360357284546e-02 9.710375964641571045e-02 3.324012458324432373e-02 7.501547783613204956e-02 1.287255901843309402e-02 4.218255728483200073e-02 3.361696377396583557e-02 4.225452989339828491e-02 1.110823266208171844e-02 0.000000000000000000e+00 3.248947486281394958e-02 1.866684108972549438e-01 1.325324475765228271e-01 4.765749350190162659e-02 1.240712683647871017e-02 4.959872737526893616e-02 4.874038495472632349e-05 8.027679473161697388e-02 2.249594032764434814e-02 1.121637001633644104e-01 6.652386486530303955e-02 1.726404204964637756e-02 3.375662118196487427e-02 1.692465692758560181e-01 2.840512606780976057e-04 9.363513439893722534e-02
4.129419848322868347e-02 3.099267370998859406e-02 1.272784429602324963e-03 9.288476407527923584e-02 1.362750530242919922e-01 7.882054895162582397e-02 1.162982732057571411e-02 6.160186231136322021e-02 2.923824638128280640e-02 6.481877714395523071e-02 7.514646858908236027e-04 4.262990504503250122e-02 1.962512359023094177e-02 7.456982880830764771e-02 6.603430956602096558e-02 9.778483770787715912e-03 4.358197748661041260e-02 3.248947486281394958e-02 0.000000000000000000e+00 1.551196873188018799e-01 1.004756093025207520e-01 1.519154291599988937e-02 2.009044401347637177e-02 1.713686622679233551e-02 3.244078531861305237e-02 4.791228845715522766e-02 1.000084169209003448e-02 7.996564358472824097e-02 9.879980236291885376e-02 1.523397490382194519e-02 1.268541323952376842e-03 2.006328254938125610e-01 3.220571950078010559e-02 1.257420778274536133e-01
1.951637566089630127e-01 1.247266530990600586e-01 1.538772881031036377e-01 6.314473599195480347e-02 2.853624820709228516e-01 2.311145067214965820e-01 1.437491923570632935e-01 2.146702408790588379e-01 1.264549791812896729e-01 9.121808409690856934e-02 1.543862372636795044e-01 1.132386028766632080e-01 1.742144674062728882e-01 2.270630151033401489e-01 2.189116328954696655e-01 1.455620080232620239e-01 1.973673999309539795e-01 1.866684108972549438e-01 1.551196873188018799e-01 0.000000000000000000e+00 5.550923198461532593e-02 1.402586698532104492e-01 1.746658086776733398e-01 1.383506059646606445e-01 1.866213679313659668e-01 1.080101504921913147e-01 1.648647785186767578e-01 7.609798759222030640e-02 2.500867247581481934e-01 1.699520647525787354e-01 1.538814455270767212e-01 3.450149297714233398e-01 1.863942295312881470e-01 2.754883468151092529e-01
1.411840319633483887e-01 6.969998776912689209e-02 9.921552240848541260e-02 7.662362419068813324e-03 2.335527837276458740e-01 1.778873652219772339e-01 8.894972503185272217e-02 1.610804796218872070e-01 7.144726067781448364e-02 3.589058294892311096e-02 9.973167628049850464e-02 5.809454247355461121e-02 1.198643893003463745e-01 1.737436801195144653e-01 1.654124408960342407e-01 9.078633040189743042e-02 1.434295177459716797e-01 1.325324475765228271e-01 1.004756093025207520e-01 5.550923198461532593e-02 0.000000000000000000e+00 8.541445434093475342e-02 1.203231737017631531e-01 8.348249644041061401e-02 1.324845701456069946e-01 5.281759425997734070e-02 1.103655621409416199e-01 2.067609690129756927e-02 1.973166614770889282e-01 1.155327558517456055e-01 9.921971708536148071e-02 2.951584458351135254e-01 1.322533786296844482e-01 2.233953177928924561e-01
5.645032599568367004e-02 1.580857485532760620e-02 1.391902659088373184e-02 7.780300080776214600e-02 1.511536836624145508e-01 9.389965236186981201e-02 3.562344005331397057e-03 7.672160118818283081e-02 1.405294425785541534e-02 4.967615008354187012e-02 1.444024126976728439e-02 2.745614200830459595e-02 3.480628877878189087e-02 8.965981006622314453e-02 8.114445954561233521e-02 5.413862410932779312e-03 5.873462930321693420e-02 4.765749350190162659e-02 1.519154291599988937e-02 1.402586698532104492e-01 8.541445434093475342e-02 0.000000000000000000e+00 3.527121990919113159e-02 1.945832511410117149e-03 4.760886356234550476e-02 3.274457901716232300e-02 2.518855780363082886e-02 6.485287845134735107e-02 1.138205081224441528e-01 3.041847795248031616e-02 1.392326876521110535e-02 2.151685506105422974e-01 4.737408459186553955e-02 1.406649202108383179e-01
2.122135646641254425e-02 5.105132982134819031e-02 2.136268094182014465e-02 1.127647757530212402e-01 1.165035739541053772e-01 5.882325395941734314e-02 3.171286359429359436e-02 4.156285151839256287e-02 4.929973185062408447e-02 8.479879051446914673e-02 2.084159478545188904e-02 6.266667693853378296e-02 4.655055527109652758e-04 5.456112697720527649e-02 4.600489884614944458e-02 2.986306138336658478e-02 2.351212128996849060e-02 1.240712683647871017e-02 2.009044401347637177e-02 1.746658086776733398e-01 1.203231737017631531e-01 3.527121990919113159e-02 0.000000000000000000e+00 3.721450269222259521e-02 1.235839352011680603e-02 6.793732941150665283e-02 1.009162981063127518e-02 9.989559650421142578e-02 7.886590063571929932e-02 4.857955500483512878e-03 2.135844156146049500e-02 1.812730431556701660e-01 1.212311908602714539e-02 1.059192121028900146e-01
5.838974192738533020e-02 1.386316958814859390e-02 1.586442999541759491e-02 7.586866617202758789e-02 1.530544757843017578e-01 9.582798182964324951e-02 5.508137866854667664e-03 7.865568995475769043e-02 1.210744492709636688e-02 4.773493111133575439e-02 1.638561487197875977e-02 2.551167644560337067e-02 3.674963116645812988e-02 9.158965200185775757e-02 8.307716250419616699e-02 7.359618321061134338e-03 6.067353487014770508e-02 4.959872737526893616e-02 1.713686622679233551e-02 1.383506059646606445e-01 8.348249644041061401e-02 1.945832511410117149e-03 3.721450269222259521e-02 0.000000000000000000e+00 4.955010488629341125e-02 3.080070763826370239e-02 2.713306061923503876e-02 6.291498988866806030e-02 1.157407164573669434e-01 3.236239403486251831e-02 1.586867310106754303e-02 2.170235216617584229e-01 4.931536689400672913e-02 1.425717324018478394e-01
8.865287527441978455e-03 6.336974352598190308e-02 3.371217846870422363e-02 1.249490380287170410e-01 1.042953506112098694e-01 4.649865999817848206e-02 4.405399411916732788e-02 2.921946719288825989e-02 6.162057816982269287e-02 9.705547243356704712e-02 3.319143876433372498e-02 7.496701180934906006e-02 1.282382663339376450e-02 4.223120957612991333e-02 3.366564586758613586e-02 4.220587760210037231e-02 1.115696690976619720e-02 4.874038495472632349e-05 3.244078531861305237e-02 1.866213679313659668e-01 1.324845701456069946e-01 4.760886356234550476e-02 1.235839352011680603e-02 4.955010488629341125e-02 0.000000000000000000e+00 8.022837340831756592e-02 2.244722470641136169e-02 1.121155768632888794e-01 6.657239049673080444e-02 1.721531525254249573e-02 3.370793536305427551e-02 1.692939251661300659e-01 2.353108720853924751e-04 9.368344396352767944e-02
8.903033286333084106e-02 1.694477349519729614e-02 4.664234817028045654e-02 4.517351090908050537e-02 1.829925477504730225e-01 1.262560188770294189e-01 3.630268946290016174e-02 1.091918647289276123e-01 1.870023645460605621e-02 1.695915870368480682e-02 4.716251790523529053e-02 5.293191876262426376e-03 6.747396290302276611e-02 1.220460757613182068e-01 1.135872304439544678e-01 3.815167397260665894e-02 9.130360931158065796e-02 8.027679473161697388e-02 4.791228845715522766e-02 1.080101504921913147e-01 5.281759425997734070e-02 3.274457901716232300e-02 6.793732941150665283e-02 3.080070763826370239e-02 8.022837340831756592e-02 0.000000000000000000e+00 5.788539350032806396e-02 3.217663243412971497e-02 1.460208594799041748e-01 6.310020387172698975e-02 4.664657637476921082e-02 2.461786419153213501e-01 7.999457418918609619e-02 1.726144403219223022e-01
3.130628168582916260e-02 4.098081588745117188e-02 1.127348374575376511e-02 1.027901247143745422e-01 1.264465302228927612e-01 6.887400150299072266e-02 2.162815257906913757e-02 5.163282528519630432e-02 3.922761976718902588e-02 7.477115094661712646e-02 1.075222715735435486e-02 5.260832235217094421e-02 9.626168757677078247e-03 6.461717188358306885e-02 5.607049539685249329e-02 1.977739296853542328e-02 3.359578177332878113e-02 2.249594032764434814e-02 1.000084169209003448e-02 1.648647785186767578e-01 1.103655621409416199e-01 2.518855780363082886e-02 1.009162981063127518e-02 2.713306061923503876e-02 2.244722470641136169e-02 5.788539350032806396e-02 0.000000000000000000e+00 8.989460021257400513e-02 8.888678997755050659e-02 5.233930889517068863e-03 1.126924157142639160e-02 1.910152435302734375e-01 2.221203036606311798e-02 1.158869713544845581e-01
1.208607330918312073e-01 4.909463971853256226e-02 7.870086282491683960e-02 1.301579829305410385e-02 2.139096558094024658e-01 1.577916443347930908e-01 6.839942187070846558e-02 1.408735513687133789e-01 5.084627866744995117e-02 1.522578299045562744e-02 7.921893894672393799e-02 3.746344521641731262e-02 9.943471103906631470e-02 1.536194384098052979e-01 1.452330499887466431e-01 7.024208456277847290e-02 1.231185421347618103e-01 1.121637001633644104e-01 7.996564358472824097e-02 7.609798759222030640e-02 2.067609690129756927e-02 6.485287845134735107e-02 9.989559650421142578e-02 6.291498988866806030e-02 1.121155768632888794e-01 3.217663243412971497e-02 8.989460021257400513e-02 0.000000000000000000e+00 1.773641705513000488e-01 9.508379548788070679e-02 7.870508730411529541e-02 2.761676907539367676e-01 1.118832230567932129e-01 2.036599218845367432e-01
5.774118378758430481e-02 1.293962597846984863e-01 1.000600010156631470e-01 1.899414807558059692e-01 3.798669576644897461e-02 2.013606391847133636e-02 1.103028878569602966e-01 3.742572665214538574e-02 1.276692450046539307e-01 1.625774204730987549e-01 9.954387694597244263e-02 1.408365368843078613e-01 7.932849228382110596e-02 2.440981194376945496e-02 3.298066556453704834e-02 1.084734871983528137e-01 5.545661598443984985e-02 6.652386486530303955e-02 9.879980236291885376e-02 2.500867247581481934e-01 1.973166614770889282e-01 1.138205081224441528e-01 7.886590063571929932e-02 1.157407164573669434e-01 6.657239049673080444e-02 1.460208594799041748e-01 8.888678997755050659e-02 1.773641705513000488e-01 0.000000000000000000e+00 8.369179815053939819e-02 1.000558063387870789e-01 1.038924157619476318e-01 6.680665910243988037e-02 2.728119865059852600e-02
2.607662416994571686e-02 4.620483890175819397e-02 1.650644093751907349e-02 1.079659759998321533e-01 1.212928742170333862e-01 6.366302073001861572e-02 2.685904316604137421e-02 4.641143605113029480e-02 4.445242509245872498e-02 7.997377961874008179e-02 1.598525792360305786e-02 5.782632902264595032e-02 4.392459522932767868e-03 5.940333381295204163e-02 5.085148662328720093e-02 2.500873617827892303e-02 2.836683765053749084e-02 1.726404204964637756e-02 1.523397490382194519e-02 1.699520647525787354e-01 1.155327558517456055e-01 3.041847795248031616e-02 4.857955500483512878e-03 3.236239403486251831e-02 1.721531525254249573e-02 6.310020387172698975e-02 5.233930889517068863e-03 9.508379548788070679e-02 8.369179815053939819e-02 0.000000000000000000e+00 1.650219969451427460e-02 1.859672367572784424e-01 1.698007248342037201e-02 1.107201948761940002e-01
4.256050661206245422e-02 2.972530201077461243e-02 4.243061539455084130e-06 9.162701666355133057e-02 1.375198215246200562e-01 8.008108288049697876e-02 1.036143954843282700e-02 6.286548078060150146e-02 2.797074243426322937e-02 6.355545669794082642e-02 5.170771037228405476e-04 4.136360064148902893e-02 2.089314162731170654e-02 7.583119720220565796e-02 6.729721277952194214e-02 8.510047569870948792e-03 4.484803974628448486e-02 3.375662118196487427e-02 1.268541323952376842e-03 1.538814455270767212e-01 9.921971708536148071e-02 1.392326876521110535e-02 2.135844156146049500e-02 1.586867310106754303e-02 3.370793536305427551e-02 4.664657637476921082e-02 1.126924157142639160e-02 7.870508730411529541e-02 1.000558063387870789e-01 1.650219969451427460e-02 0.000000000000000000e+00 2.018499821424484253e-01 3.347289189696311951e-02 1.269903630018234253e-01
1.606697738170623779e-01 2.301941066980361938e-01 2.018540650606155396e-01 2.881477177143096924e-01 6.616685539484024048e-02 1.237695589661598206e-01 2.117685377597808838e-01 1.407707929611206055e-01 2.285304665565490723e-01 2.620437741279602051e-01 2.013539224863052368e-01 2.411997467279434204e-01 1.817232221364974976e-01 1.279776841402053833e-01 1.364057064056396484e-01 2.099993079900741577e-01 1.584361940622329712e-01 1.692465692758560181e-01 2.006328254938125610e-01 3.450149297714233398e-01 2.951584458351135254e-01 2.151685506105422974e-01 1.812730431556701660e-01 2.170235216617584229e-01 1.692939251661300659e-01 2.461786419153213501e-01 1.910152435302734375e-01 2.761676907539367676e-01 1.038924157619476318e-01 1.859672367572784424e-01 2.018499821424484253e-01 0.000000000000000000e+00 1.695224791765213013e-01 7.682898640632629395e-02
9.100579656660556793e-03 6.313537806272506714e-02 3.347713127732276917e-02 1.247173994779586792e-01 1.045280843973159790e-01 4.673346132040023804e-02 4.381913319230079651e-02 2.945457585155963898e-02 6.138616055250167847e-02 9.682238101959228516e-02 3.295638784766197205e-02 7.473301887512207031e-02 1.258855406194925308e-02 4.246609658002853394e-02 3.390068933367729187e-02 4.197098687291145325e-02 1.139224879443645477e-02 2.840512606780976057e-04 3.220571950078010559e-02 1.863942295312881470e-01 1.322533786296844482e-01 4.737408459186553955e-02 1.212311908602714539e-02 4.931536689400672913e-02 2.353108720853924751e-04 7.999457418918609619e-02 2.221203036606311798e-02 1.118832230567932129e-01 6.680665910243988037e-02 1.698007248342037201e-02 3.347289189696311951e-02 1.695224791765213013e-01 0.000000000000000000e+00 9.391668438911437988e-02
8.488865941762924194e-02 1.561263203620910645e-01 1.269945353269577026e-01 2.161028683185577393e-01 1.071660593152046204e-02 4.739123210310935974e-02 1.371713131666183472e-01 6.464092433452606201e-02 1.544126421213150024e-01 1.890202611684799194e-01 1.264815926551818848e-01 1.674742698669433594e-01 1.063794717192649841e-01 5.165660753846168518e-02 6.020768731832504272e-02 1.353541463613510132e-01 8.261282742023468018e-02 9.363513439893722534e-02 1.257420778274536133e-01 2.754883468151092529e-01 2.233953177928924561e-01 1.406649202108383179e-01 1.059192121028900146e-01 1.425717324018478394e-01 9.368344396352767944e-02 1.726144403219223022e-01 1.158869713544845581e-01 2.036599218845367432e-01 2.728119865059852600e-02 1.107201948761940002e-01 1.269903630018234253e-01 7.682898640632629395e-02 9.391668438911437988e-02 0.000000000000000000e+00
