0.000000000000000000e+00 6.927090883255004883e-02 3.956189751625061035e-02 1.355354338884353638e-01 1.073570549488067627e-01 3.842987120151519775e-02 5.203047022223472595e-02 1.820309832692146301e-02 6.885752081871032715e-02 1.029736995697021484e-01 3.515630960464477539e-02 8.008531481027603149e-02 1.843409612774848938e-02 3.326566517353057861e-02 2.522565424442291260e-02 5.513593181967735291e-02 1.440063118934631348e-03 9.368627332150936127e-03 4.441345483064651489e-02 1.929949671030044556e-01 1.406501382589340210e-01 5.500648543238639832e-02 2.129773050546646118e-02 5.874751880764961243e-02 8.918696548789739609e-04 8.779062330722808838e-02 2.676609531044960022e-02 1.210024356842041016e-01 6.027724593877792358e-02 2.497363835573196411e-02 4.036505520343780518e-02 1.554504036903381348e-01 8.888737298548221588e-03 8.334273099899291992e-02
6.927090883255004883e-02 0.000000000000000000e+00 2.979065291583538055e-02 6.689254939556121826e-02 1.753241270780563354e-01 1.074148342013359070e-01 1.730280183255672455e-02 8.736385405063629150e-02 4.153682384639978409e-04 3.394491225481033325e-02 3.419788181781768799e-02 1.087473426014184952e-02 5.090181529521942139e-02 1.023008450865745544e-01 9.433172643184661865e-02 1.418917346745729446e-02 7.070392370223999023e-02 5.994118377566337585e-02 2.493416704237461090e-02 1.254005283117294312e-01 7.208150625228881836e-02 1.431898307055234909e-02 4.804405942559242249e-02 1.056639570742845535e-02 7.015844434499740601e-02 1.863302104175090790e-02 4.258377104997634888e-02 5.216880515217781067e-02 1.290094852447509766e-01 4.437403753399848938e-02 2.898690477013587952e-02 2.223272621631622314e-01 6.041937321424484253e-02 1.517376303672790527e-01
3.956189751625061035e-02 2.979065291583538055e-02 0.000000000000000000e+00 9.649091213941574097e-02 1.462976038455963135e-01 7.787337899208068848e-02 1.249428931623697281e-02 5.772342905402183533e-02 2.937564812600612640e-02 6.367117911577224731e-02 4.411725327372550964e-03 4.065221548080444336e-02 2.114322409033775330e-02 7.273184508085250854e-02 6.472296267747879028e-02 1.560807414352893829e-02 4.099962860345840454e-02 3.020446933805942535e-02 4.860094748437404633e-03 1.546135693788528442e-01 1.016538739204406738e-01 1.547827105969190598e-02 1.827957481145858765e-02 1.923030801117420197e-02 4.045234620571136475e-02 4.839680716395378113e-02 1.280937064439058304e-02 8.183228224515914917e-02 9.960162639617919922e-02 1.460269093513488770e-02 8.044422138482332230e-04 1.938203275203704834e-01 3.068395145237445831e-02 1.225007250905036926e-01
1.355354338884353638e-01 6.689254939556121826e-02 9.649091213941574097e-02 0.000000000000000000e+00 2.394089251756668091e-01 1.730638742446899414e-01 8.409801125526428223e-02 1.533601582050323486e-01 6.730604916810989380e-02 3.302261233329772949e-02 1.008597016334533691e-01 5.605859309434890747e-02 1.173946335911750793e-01 1.680434495210647583e-01 1.602133214473724365e-01 8.100483566522598267e-02 1.369487494230270386e-01 1.263272017240524292e-01 9.167381376028060913e-02 5.900292098522186279e-02 5.214105825871229172e-03 8.113381266593933105e-02 1.145684048533439636e-01 7.740423083305358887e-02 1.364108026027679443e-01 4.831974953413009644e-02 1.091653555631637573e-01 1.477529946714639664e-02 1.942259073257446289e-01 1.109372898936271667e-01 9.569389373064041138e-02 2.849815487861633301e-01 1.267994493246078491e-01 2.164333462715148926e-01
1.073570549488067627e-01 1.753241270780563354e-01 1.462976038455963135e-01 2.394089251756668091e-01 0.000000000000000000e+00 6.921273469924926758e-02 1.585021615028381348e-01 8.932852745056152344e-02 1.749214977025985718e-01 2.080309689044952393e-01 1.419775038957595825e-01 1.858445256948471069e-01 1.255427002906799316e-01 7.435693591833114624e-02 8.235442638397216797e-02 1.615368127822875977e-01 1.059333682060241699e-01 1.166083961725234985e-01 1.510502845048904419e-01 2.942552566528320312e-01 2.443180233240127563e-01 1.614103615283966064e-01 1.283612847328186035e-01 1.650635153055191040e-01 1.064753755927085876e-01 1.933255791664123535e-01 1.337388455867767334e-01 2.254310399293899536e-01 4.738645255565643311e-02 1.319768428802490234e-01 1.470847278833389282e-01 4.890958964824676514e-02 1.161349639296531677e-01 2.423112653195858002e-02
3.842987120151519775e-02 1.074148342013359070e-01 7.787337899208068848e-02 1.730638742446899414e-01 6.921273469924926758e-02 0.000000000000000000e+00 9.027982503175735474e-02 2.024093456566333771e-02 1.070042401552200317e-01 1.408461928367614746e-01 7.348690181970596313e-02 1.181515604257583618e-01 5.682371556758880615e-02 5.170816089957952499e-03 1.321703195571899414e-02 9.336797147989273071e-02 3.699185699224472046e-02 4.778129607439041138e-02 8.270217478275299072e-02 2.297210544347763062e-01 1.781172454357147217e-01 9.323927015066146851e-02 5.967875197529792786e-02 9.695848077535629272e-02 3.753928840160369873e-02 1.257960796356201172e-01 6.512897461652755737e-02 1.586943715810775757e-01 2.189809828996658325e-02 6.334272027015686035e-02 7.867289334535598755e-02 1.177238076925277710e-01 4.730245098471641541e-02 4.505717381834983826e-02
5.203047022223472595e-02 1.730280183255672455e-02 1.249428931623697281e-02 8.409801125526428223e-02 1.585021615028381348e-01 9.027982503175735474e-02 0.000000000000000000e+00 7.016711682081222534e-02 1.688755489885807037e-02 5.121763050556182861e-02 1.690508238971233368e-02 2.817223593592643738e-02 3.362863138318061829e-02 8.514875918626785278e-02 7.715485990047454834e-02 3.114393679425120354e-03 5.346653237938880920e-02 4.268264770507812500e-02 7.634657435119152069e-03 1.423943638801574707e-01 8.927296847105026245e-02 2.984559861943125725e-03 3.076683357357978821e-02 6.737637799233198166e-03 5.291988328099250793e-02 3.592424094676971436e-02 2.529960870742797852e-02 6.940895318984985352e-02 1.119565889239311218e-01 2.709203585982322693e-02 1.168996468186378479e-02 2.058162093162536621e-01 4.316169396042823792e-02 1.347887217998504639e-01
1.820309832692146301e-02 8.736385405063629150e-02 5.772342905402183533e-02 1.533601582050323486e-01 8.932852745056152344e-02 2.024093456566333771e-02 7.016711682081222534e-02 0.000000000000000000e+00 8.695163577795028687e-02 1.209500804543495178e-01 5.332528427243232727e-02 9.814534336328506470e-02 3.662490472197532654e-02 1.507169473916292191e-02 7.025781553238630295e-03 7.326549291610717773e-02 1.676347479224205017e-02 2.756702527403831482e-02 6.256597489118576050e-02 2.104586958885192871e-01 1.584475636482238770e-01 7.313635945320129395e-02 3.948551788926124573e-02 7.686840742826461792e-02 1.731150969862937927e-02 1.058246046304702759e-01 4.494729638099670410e-02 1.388995945453643799e-01 4.212035983800888062e-02 4.315711930394172668e-02 5.852515622973442078e-02 1.376367807388305664e-01 2.708745189011096954e-02 6.523860991001129150e-02
6.885752081871032715e-02 4.153682384639978409e-04 2.937564812600612640e-02 6.730604916810989380e-02 1.749214977025985718e-01 1.070042401552200317e-01 1.688755489885807037e-02 8.695163577795028687e-02 0.000000000000000000e+00 3.435979411005973816e-02 3.378299623727798462e-02 1.129005104303359985e-02 5.048751458525657654e-02 1.018898040056228638e-01 9.392003715038299561e-02 1.377388648688793182e-02 7.029061764478683472e-02 5.952729657292366028e-02 2.451905235648155212e-02 1.258093416690826416e-01 7.249470055103302002e-02 1.390369702130556107e-02 4.762964323163032532e-02 1.015107147395610809e-02 6.974510848522186279e-02 1.904824189841747284e-02 4.216914996504783630e-02 5.258303508162498474e-02 1.286009997129440308e-01 4.395947977900505066e-02 2.857187949120998383e-02 2.219323813915252686e-01 6.000551208853721619e-02 1.513318121433258057e-01
1.029736995697021484e-01 3.394491225481033325e-02 6.367117911577224731e-02 3.302261233329772949e-02 2.080309689044952393e-01 1.408461928367614746e-01 5.121763050556182861e-02 1.209500804543495178e-01 3.435979411005973816e-02 0.000000000000000000e+00 6.806378066539764404e-02 2.307869680225849152e-02 8.470037579536437988e-02 1.357742697000503540e-01 1.278671920299530029e-01 4.811091721057891846e-02 1.043982729315757751e-01 9.369544684886932373e-02 5.882928520441055298e-02 9.184657782316207886e-02 3.823013976216316223e-02 4.824044927954673767e-02 8.185548335313796997e-02 4.449535161256790161e-02 1.038560196757316589e-01 1.532158255577087402e-02 7.641822099685668945e-02 1.825622282922267914e-02 1.622439026832580566e-01 7.820115238428115845e-02 6.286995857954025269e-02 2.543525993824005127e-01 9.417115151882171631e-02 1.847310513257980347e-01
3.515630960464477539e-02 3.419788181781768799e-02 4.411725327372550964e-03 1.008597016334533691e-01 1.419775038957595825e-01 7.348690181970596313e-02 1.690508238971233368e-02 5.332528427243232727e-02 3.378299623727798462e-02 6.806378066539764404e-02 0.000000000000000000e+00 4.505586251616477966e-02 1.673305965960025787e-02 6.834205240011215210e-02 6.032846495509147644e-02 2.001842111349105835e-02 3.659452125430107117e-02 2.579618245363235474e-02 9.271621704101562500e-03 1.589169055223464966e-01 1.060180515050888062e-01 1.988863758742809296e-02 1.386896707117557526e-02 2.364002726972103119e-02 3.604705259203910828e-02 5.279726162552833557e-02 8.398119360208511353e-03 8.621288090944290161e-02 9.523174166679382324e-02 1.019162219017744064e-02 5.216149147599935532e-03 1.895706951618194580e-01 2.627578377723693848e-02 1.181528568267822266e-01
8.008531481027603149e-02 1.087473426014184952e-02 4.065221548080444336e-02 5.605859309434890747e-02 1.858445256948471069e-01 1.181515604257583618e-01 2.817223593592643738e-02 9.814534336328506470e-02 1.129005104303359985e-02 2.307869680225849152e-02 4.505586251616477966e-02 0.000000000000000000e+00 6.174237281084060669e-02 1.130498051643371582e-01 1.050986498594284058e-01 2.506004087626934052e-02 8.151598274707794189e-02 7.076978683471679688e-02 3.579919412732124329e-02 1.146821901202201843e-01 6.125478819012641907e-02 2.518979460000991821e-02 5.888802558183670044e-02 2.143866568803787231e-02 8.097140491008758545e-02 7.759860251098871231e-03 5.343376100063323975e-02 4.131751134991645813e-02 1.396882385015487671e-01 5.522212386131286621e-02 3.984907642006874084e-02 2.326395362615585327e-01 7.124729454517364502e-02 1.623444855213165283e-01
1.843409612774848938e-02 5.090181529521942139e-02 2.114322409033775330e-02 1.173946335911750793e-01 1.255427002906799316e-01 5.682371556758880615e-02 3.362863138318061829e-02 3.662490472197532654e-02 5.048751458525657654e-02 8.470037579536437988e-02 1.673305965960025787e-02 6.174237281084060669e-02 0.000000000000000000e+00 5.166807770729064941e-02 4.363945871591567993e-02 3.673917427659034729e-02 1.987363211810588837e-02 9.067035280168056488e-03 2.600064873695373535e-02 1.751841157674789429e-01 1.225337386131286621e-01 3.660951554775238037e-02 2.864757087081670761e-03 4.035712406039237976e-02 1.932564936578273773e-02 6.946894526481628418e-02 8.336111903190612793e-03 1.027976423501968384e-01 7.862397283315658569e-02 6.542554125189781189e-03 2.194729261100292206e-02 1.733876466751098633e-01 9.546922519803047180e-03 1.016207039356231689e-01
3.326566517353057861e-02 1.023008450865745544e-01 7.273184508085250854e-02 1.680434495210647583e-01 7.435693591833114624e-02 5.170816089957952499e-03 8.514875918626785278e-02 1.507169473916292191e-02 1.018898040056228638e-01 1.357742697000503540e-01 6.834205240011215210e-02 1.130498051643371582e-01 5.166807770729064941e-02 0.000000000000000000e+00 8.046765811741352081e-03 8.823975175619125366e-02 3.182712569832801819e-02 4.262101277709007263e-02 7.756452262401580811e-02 2.248172909021377563e-01 1.731058806180953979e-01 8.811092376708984375e-02 5.452476814389228821e-02 9.183371812105178833e-02 3.237475827336311340e-02 1.207037866115570068e-01 5.997835844755172729e-02 1.536496281623840332e-01 2.706585079431533813e-02 5.819096416234970093e-02 7.353198528289794922e-02 1.228198558092117310e-01 4.214194416999816895e-02 5.021628737449645996e-02
2.522565424442291260e-02 9.433172643184661865e-02 6.472296267747879028e-02 1.602133214473724365e-01 8.235442638397216797e-02 1.321703195571899414e-02 7.715485990047454834e-02 7.025781553238630295e-03 9.392003715038299561e-02 1.278671920299530029e-01 6.032846495509147644e-02 1.050986498594284058e-01 4.363945871591567993e-02 8.046765811741352081e-03 0.000000000000000000e+00 8.024996519088745117e-02 2.378645539283752441e-02 3.458610922098159790e-02 6.956117600202560425e-02 2.171633839607238770e-01 1.652893275022506714e-01 8.012097328901290894e-02 4.649839922785758972e-02 8.384890109300613403e-02 2.433433197438716888e-02 1.127665340900421143e-01 5.195666849613189697e-02 1.457831114530563354e-01 3.510497137904167175e-02 5.016768723726272583e-02 6.552399694919586182e-02 1.307374238967895508e-01 3.410674259066581726e-02 5.823952332139015198e-02
5.513593181967735291e-02 1.418917346745729446e-02 1.560807414352893829e-02 8.100483566522598267e-02 1.615368127822875977e-01 9.336797147989273071e-02 3.114393679425120354e-03 7.326549291610717773e-02 1.377388648688793182e-02 4.811091721057891846e-02 2.001842111349105835e-02 2.506004087626934052e-02 3.673917427659034729e-02 8.823975175619125366e-02 8.024996519088745117e-02 0.000000000000000000e+00 5.657149851322174072e-02 4.579095542430877686e-02 1.074879523366689682e-02 1.393417716026306152e-01 8.618254214525222778e-02 1.298349961871281266e-04 3.387798368930816650e-02 3.623320721089839935e-03 5.602504312992095947e-02 3.281352296471595764e-02 2.841176465153694153e-02 6.630889326333999634e-02 1.150308772921562195e-01 3.020388074219226837e-02 1.480381749570369720e-02 2.087967544794082642e-01 4.626986756920814514e-02 1.378452330827713013e-01
1.440063118934631348e-03 7.070392370223999023e-02 4.099962860345840454e-02 1.369487494230270386e-01 1.059333682060241699e-01 3.699185699224472046e-02 5.346653237938880920e-02 1.676347479224205017e-02 7.029061764478683472e-02 1.043982729315757751e-01 3.659452125430107117e-02 8.151598274707794189e-02 1.987363211810588837e-02 3.182712569832801819e-02 2.378645539283752441e-02 5.657149851322174072e-02 0.000000000000000000e+00 1.080854516476392746e-02 4.585058987140655518e-02 1.943809986114501953e-01 1.420614272356033325e-01 5.644208192825317383e-02 2.273709513247013092e-02 6.018248572945594788e-02 5.481942207552492619e-04 8.921940624713897705e-02 2.820507250726222992e-02 1.224211752414703369e-01 5.884228646755218506e-02 2.641275338828563690e-02 4.180269315838813782e-02 1.540448218584060669e-01 1.032866816967725754e-02 8.191250264644622803e-02
9.368627332150936127e-03 5.994118377566337585e-02 3.020446933805942535e-02 1.263272017240524292e-01 1.166083961725234985e-01 4.778129607439041138e-02 4.268264770507812500e-02 2.756702527403831482e-02 5.952729657292366028e-02 9.369544684886932373e-02 2.579618245363235474e-02 7.076978683471679688e-02 9.067035280168056488e-03 4.262101277709007263e-02 3.458610922098159790e-02 4.579095542430877686e-02 1.080854516476392746e-02 0.000000000000000000e+00 3.505941480398178101e-02 1.839589625597000122e-01 1.314547210931777954e-01 4.566139355301856995e-02 1.193148177117109299e-02 4.940607771277427673e-02 1.026041153818368912e-02 7.848653942346572876e-02 1.740183122456073761e-02 1.117605045437812805e-01 6.960656493902206421e-02 1.560866273939609528e-02 3.100815974175930023e-02 1.645793467760086060e-01 4.799298476427793503e-04 9.263902902603149414e-02
4.441345483064651489e-02 2.493416704237461090e-02 4.860094748437404633e-03 9.167381376028060913e-02 1.510502845048904419e-01 8.270217478275299072e-02 7.634657435119152069e-03 6.256597489118576050e-02 2.451905235648155212e-02 5.882928520441055298e-02 9.271621704101562500e-03 3.579919412732124329e-02 2.600064873695373535e-02 7.756452262401580811e-02 6.956117600202560425e-02 1.074879523366689682e-02 4.585058987140655518e-02 3.505941480398178101e-02 0.000000000000000000e+00 1.498661041259765625e-01 9.684161841869354248e-02 1.061897631734609604e-02 2.313761226832866669e-02 1.437155529856681824e-02 4.530353099107742310e-02 4.354695230722427368e-02 1.766836456954479218e-02 7.700280845165252686e-02 1.044111773371696472e-01 1.946140266954898834e-02 4.055668134242296219e-03 1.984934508800506592e-01 3.553874790668487549e-02 1.272850483655929565e-01
1.929949671030044556e-01 1.254005283117294312e-01 1.546135693788528442e-01 5.900292098522186279e-02 2.942552566528320312e-01 2.297210544347763062e-01 1.423943638801574707e-01 2.104586958885192871e-01 1.258093416690826416e-01 9.184657782316207886e-02 1.589169055223464966e-01 1.146821901202201843e-01 1.751841157674789429e-01 2.248172909021377563e-01 2.171633839607238770e-01 1.393417716026306152e-01 1.943809986114501953e-01 1.839589625597000122e-01 1.498661041259765625e-01 0.000000000000000000e+00 5.380536615848541260e-02 1.394690722227096558e-01 1.724058836698532104e-01 1.357869952917098999e-01 1.938534677028656006e-01 1.070175617933273315e-01 1.670920252799987793e-01 7.371395826339721680e-02 2.503597438335418701e-01 1.688350886106491089e-01 1.538282632827758789e-01 3.382960855960845947e-01 1.844226121902465820e-01 2.719632387161254883e-01
1.406501382589340210e-01 7.208150625228881836e-02 1.016538739204406738e-01 5.214105825871229172e-03 2.443180233240127563e-01 1.781172454357147217e-01 8.927296847105026245e-02 1.584475636482238770e-01 7.249470055103302002e-02 3.823013976216316223e-02 1.060180515050888062e-01 6.125478819012641907e-02 1.225337386131286621e-01 1.731058806180953979e-01 1.652893275022506714e-01 8.618254214525222778e-02 1.420614272356033325e-01 1.314547210931777954e-01 9.684161841869354248e-02 5.380536615848541260e-02 0.000000000000000000e+00 8.631140738725662231e-02 1.197110041975975037e-01 8.258500695228576660e-02 1.415242403745651245e-01 5.352037027478218079e-02 1.143143847584724426e-01 1.998786628246307373e-02 1.992382407188415527e-01 1.160842403769493103e-01 1.008576825261116028e-01 2.897650897502899170e-01 1.319263428449630737e-01 2.213976085186004639e-01
5.500648543238639832e-02 1.431898307055234909e-02 1.547827105969190598e-02 8.113381266593933105e-02 1.614103615283966064e-01 9.323927015066146851e-02 2.984559861943125725e-03 7.313635945320129395e-02 1.390369702130556107e-02 4.824044927954673767e-02 1.988863758742809296e-02 2.518979460000991821e-02 3.660951554775238037e-02 8.811092376708984375e-02 8.012097328901290894e-02 1.298349961871281266e-04 5.644208192825317383e-02 4.566139355301856995e-02 1.061897631734609604e-02 1.394690722227096558e-01 8.631140738725662231e-02 0.000000000000000000e+00 3.374829515814781189e-02 3.753153840079903603e-03 5.589561909437179565e-02 3.294321522116661072e-02 2.828203514218330383e-02 6.643816083669662476e-02 1.149027496576309204e-01 3.007416613399982452e-02 1.467401161789894104e-02 2.086725831031799316e-01 4.614030942320823669e-02 1.377178728580474854e-01
2.129773050546646118e-02 4.804405942559242249e-02 1.827957481145858765e-02 1.145684048533439636e-01 1.283612847328186035e-01 5.967875197529792786e-02 3.076683357357978821e-02 3.948551788926124573e-02 4.762964323163032532e-02 8.185548335313796997e-02 1.386896707117557526e-02 5.888802558183670044e-02 2.864757087081670761e-03 5.452476814389228821e-02 4.649839922785758972e-02 3.387798368930816650e-02 2.273709513247013092e-02 1.193148177117109299e-02 2.313761226832866669e-02 1.724058836698532104e-01 1.197110041975975037e-01 3.374829515814781189e-02 0.000000000000000000e+00 3.749670088291168213e-02 2.218917571008205414e-02 6.661744415760040283e-02 5.471485201269388199e-03 9.996232390403747559e-02 8.147038519382476807e-02 3.677865490317344666e-03 1.908373646438121796e-02 1.761648952960968018e-01 1.241134107112884521e-02 1.044550538063049316e-01
5.874751880764961243e-02 1.056639570742845535e-02 1.923030801117420197e-02 7.740423083305358887e-02 1.650635153055191040e-01 9.695848077535629272e-02 6.737637799233198166e-03 7.686840742826461792e-02 1.015107147395610809e-02 4.449535161256790161e-02 2.364002726972103119e-02 2.143866568803787231e-02 4.035712406039237976e-02 9.183371812105178833e-02 8.384890109300613403e-02 3.623320721089839935e-03 6.018248572945594788e-02 4.940607771277427673e-02 1.437155529856681824e-02 1.357869952917098999e-01 8.258500695228576660e-02 3.753153840079903603e-03 3.749670088291168213e-02 0.000000000000000000e+00 5.963625758886337280e-02 2.919366955757141113e-02 3.203178569674491882e-02 6.270064413547515869e-02 1.186047717928886414e-01 3.382349759340286255e-02 1.842615008354187012e-02 2.122595012187957764e-01 4.988482967019081116e-02 1.413979381322860718e-01
8.918696548789739609e-04 7.015844434499740601e-02 4.045234620571136475e-02 1.364108026027679443e-01 1.064753755927085876e-01 3.753928840160369873e-02 5.291988328099250793e-02 1.731150969862937927e-02 6.974510848522186279e-02 1.038560196757316589e-01 3.604705259203910828e-02 8.097140491008758545e-02 1.932564936578273773e-02 3.237475827336311340e-02 2.433433197438716888e-02 5.602504312992095947e-02 5.481942207552492619e-04 1.026041153818368912e-02 4.530353099107742310e-02 1.938534677028656006e-01 1.415242403745651245e-01 5.589561909437179565e-02 2.218917571008205414e-02 5.963625758886337280e-02 0.000000000000000000e+00 8.867554366588592529e-02 2.765730395913124084e-02 1.218811571598052979e-01 5.938856676220893860e-02 2.586493268609046936e-02 4.125544428825378418e-02 1.545799672603607178e-01 9.780529886484146118e-03 8.245699852705001831e-02
8.779062330722808838e-02 1.863302104175090790e-02 4.839680716395378113e-02 4.831974953413009644e-02 1.933255791664123535e-01 1.257960796356201172e-01 3.592424094676971436e-02 1.058246046304702759e-01 1.904824189841747284e-02 1.532158255577087402e-02 5.279726162552833557e-02 7.759860251098871231e-03 6.946894526481628418e-02 1.207037866115570068e-01 1.127665340900421143e-01 3.281352296471595764e-02 8.921940624713897705e-02 7.848653942346572876e-02 4.354695230722427368e-02 1.070175617933273315e-01 5.352037027478218079e-02 3.294321522116661072e-02 6.661744415760040283e-02 2.919366955757141113e-02 8.867554366588592529e-02 0.000000000000000000e+00 6.116825342178344727e-02 3.356841579079627991e-02 1.472884565591812134e-01 6.295499950647354126e-02 4.759421944618225098e-02 2.399661839008331299e-01 7.896350324153900146e-02 1.698903143405914307e-01
2.676609531044960022e-02 4.258377104997634888e-02 1.280937064439058304e-02 1.091653555631637573e-01 1.337388455867767334e-01 6.512897461652755737e-02 2.529960870742797852e-02 4.494729638099670410e-02 4.216914996504783630e-02 7.641822099685668945e-02 8.398119360208511353e-03 5.343376100063323975e-02 8.336111903190612793e-03 5.997835844755172729e-02 5.195666849613189697e-02 2.841176465153694153e-02 2.820507250726222992e-02 1.740183122456073761e-02 1.766836456954479218e-02 1.670920252799987793e-01 1.143143847584724426e-01 2.828203514218330383e-02 5.471485201269388199e-03 3.203178569674491882e-02 2.765730395913124084e-02 6.116825342178344727e-02 0.000000000000000000e+00 9.454254806041717529e-02 8.690313249826431274e-02 1.793655799701809883e-03 1.361367292702198029e-02 1.814614832401275635e-01 1.788161136209964752e-02 1.098637506365776062e-01
1.210024356842041016e-01 5.216880515217781067e-02 8.183228224515914917e-02 1.477529946714639664e-02 2.254310399293899536e-01 1.586943715810775757e-01 6.940895318984985352e-02 1.388995945453643799e-01 5.258303508162498474e-02 1.825622282922267914e-02 8.621288090944290161e-02 4.131751134991645813e-02 1.027976423501968384e-01 1.536496281623840332e-01 1.457831114530563354e-01 6.630889326333999634e-02 1.224211752414703369e-01 1.117605045437812805e-01 7.700280845165252686e-02 7.371395826339721680e-02 1.998786628246307373e-02 6.643816083669662476e-02 9.996232390403747559e-02 6.270064413547515869e-02 1.218811571598052979e-01 3.356841579079627991e-02 9.454254806041717529e-02 0.000000000000000000e+00 1.799670606851577759e-01 9.631986916065216064e-02 8.103317022323608398e-02 2.713488042354583740e-01 1.122344136238098145e-01 2.023050040006637573e-01
6.027724593877792358e-02 1.290094852447509766e-01 9.960162639617919922e-02 1.942259073257446289e-01 4.738645255565643311e-02 2.189809828996658325e-02 1.119565889239311218e-01 4.212035983800888062e-02 1.286009997129440308e-01 1.622439026832580566e-01 9.523174166679382324e-02 1.396882385015487671e-01 7.862397283315658569e-02 2.706585079431533813e-02 3.510497137904167175e-02 1.150308772921562195e-01 5.884228646755218506e-02 6.960656493902206421e-02 1.044111773371696472e-01 2.503597438335418701e-01 1.992382407188415527e-01 1.149027496576309204e-01 8.147038519382476807e-02 1.186047717928886414e-01 5.938856676220893860e-02 1.472884565591812134e-01 8.690313249826431274e-02 1.799670606851577759e-01 0.000000000000000000e+00 8.512274175882339478e-02 1.003980189561843872e-01 9.607337415218353271e-02 6.912894546985626221e-02 2.318194508552551270e-02
2.497363835573196411e-02 4.437403753399848938e-02 1.460269093513488770e-02 1.109372898936271667e-01 1.319768428802490234e-01 6.334272027015686035e-02 2.709203585982322693e-02 4.315711930394172668e-02 4.395947977900505066e-02 7.820115238428115845e-02 1.019162219017744064e-02 5.522212386131286621e-02 6.542554125189781189e-03 5.819096416234970093e-02 5.016768723726272583e-02 3.020388074219226837e-02 2.641275338828563690e-02 1.560866273939609528e-02 1.946140266954898834e-02 1.688350886106491089e-01 1.160842403769493103e-01 3.007416613399982452e-02 3.677865490317344666e-03 3.382349759340286255e-02 2.586493268609046936e-02 6.295499950647354126e-02 1.793655799701809883e-03 9.631986916065216064e-02 8.512274175882339478e-02 0.000000000000000000e+00 1.540695223957300186e-02 1.797263175249099731e-01 1.608847267925739288e-02 1.080913990736007690e-01
4.036505520343780518e-02 2.898690477013587952e-02 8.044422138482332230e-04 9.569389373064041138e-02 1.470847278833389282e-01 7.867289334535598755e-02 1.168996468186378479e-02 5.852515622973442078e-02 2.857187949120998383e-02 6.286995857954025269e-02 5.216149147599935532e-03 3.984907642006874084e-02 2.194729261100292206e-02 7.353198528289794922e-02 6.552399694919586182e-02 1.480381749570369720e-02 4.180269315838813782e-02 3.100815974175930023e-02 4.055668134242296219e-03 1.538282632827758789e-01 1.008576825261116028e-01 1.467401161789894104e-02 1.908373646438121796e-02 1.842615008354187012e-02 4.125544428825378418e-02 4.759421944618225098e-02 1.361367292702198029e-02 8.103317022323608398e-02 1.003980189561843872e-01 1.540695223957300186e-02 0.000000000000000000e+00 1.945944279432296753e-01 3.148761764168739319e-02 1.232930198311805725e-01
1.554504036903381348e-01 2.223272621631622314e-01 1.938203275203704834e-01 2.849815487861633301e-01 4.890958964824676514e-02 1.177238076925277710e-01 2.058162093162536621e-01 1.376367807388305664e-01 2.219323813915252686e-01 2.543525993824005127e-01 1.895706951618194580e-01 2.326395362615585327e-01 1.733876466751098633e-01 1.228198558092117310e-01 1.307374238967895508e-01 2.087967544794082642e-01 1.540448218584060669e-01 1.645793467760086060e-01 1.984934508800506592e-01 3.382960855960845947e-01 2.897650897502899170e-01 2.086725831031799316e-01 1.761648952960968018e-01 2.122595012187957764e-01 1.545799672603607178e-01 2.399661839008331299e-01 1.814614832401275635e-01 2.713488042354583740e-01 9.607337415218353271e-02 1.797263175249099731e-01 1.945944279432296753e-01 0.000000000000000000e+00 1.641123741865158081e-01 7.305413484573364258e-02
8.888737298548221588e-03 6.041937321424484253e-02 3.068395145237445831e-02 1.267994493246078491e-01 1.161349639296531677e-01 4.730245098471641541e-02 4.316169396042823792e-02 2.708745189011096954e-02 6.000551208853721619e-02 9.417115151882171631e-02 2.627578377723693848e-02 7.124729454517364502e-02 9.546922519803047180e-03 4.214194416999816895e-02 3.410674259066581726e-02 4.626986756920814514e-02 1.032866816967725754e-02 4.799298476427793503e-04 3.553874790668487549e-02 1.844226121902465820e-01 1.319263428449630737e-01 4.614030942320823669e-02 1.241134107112884521e-02 4.988482967019081116e-02 9.780529886484146118e-03 7.896350324153900146e-02 1.788161136209964752e-02 1.122344136238098145e-01 6.912894546985626221e-02 1.608847267925739288e-02 3.148761764168739319e-02 1.641123741865158081e-01 0.000000000000000000e+00 9.216319024562835693e-02
8.334273099899291992e-02 1.517376303672790527e-01 1.225007250905036926e-01 2.164333462715148926e-01 2.423112653195858002e-02 4.505717381834983826e-02 1.347887217998504639e-01 6.523860991001129150e-02 1.513318121433258057e-01 1.847310513257980347e-01 1.181528568267822266e-01 1.623444855213165283e-01 1.016207039356231689e-01 5.021628737449645996e-02 5.823952332139015198e-02 1.378452330827713013e-01 8.191250264644622803e-02 9.263902902603149414e-02 1.272850483655929565e-01 2.719632387161254883e-01 2.213976085186004639e-01 1.377178728580474854e-01 1.044550538063049316e-01 1.413979381322860718e-01 8.245699852705001831e-02 1.698903143405914307e-01 1.098637506365776062e-01 2.023050040006637573e-01 2.318194508552551270e-02 1.080913990736007690e-01 1.232930198311805725e-01 7.305413484573364258e-02 9.216319024562835693e-02 0.000000000000000000e+00
