0.000000000000000000e+00 3.634111955761909485e-02 4.933106526732444763e-02 1.354836374521255493e-01 1.081247925758361816e-01 3.456728905439376831e-02 4.185934737324714661e-02 1.634233258664608002e-02 4.996783286333084106e-02 1.015069559216499329e-01 2.532838657498359680e-02 9.481490403413772583e-02 4.542304947972297668e-02 3.925110772252082825e-02 5.100899189710617065e-02 4.447682574391365051e-02 8.794819004833698273e-03 1.786789298057556152e-02 3.874843567609786987e-02 1.901454776525497437e-01 1.374962329864501953e-01 3.864978626370429993e-02 3.216313570737838745e-02 4.260340705513954163e-02 2.942055836319923401e-02 1.000932231545448303e-01 2.836129069328308105e-02 1.071451678872108459e-01 4.393281787633895874e-02 3.093502856791019440e-02 3.835307434201240540e-02 1.316691786050796509e-01 7.881038472987711430e-04 7.878178358078002930e-02
3.634111955761909485e-02 0.000000000000000000e+00 1.301327720284461975e-02 9.963308274745941162e-02 1.439004838466644287e-01 7.081943750381469727e-02 5.526632070541381836e-03 5.265218392014503479e-02 1.365150138735771179e-02 6.540711969137191772e-02 6.161279603838920593e-02 5.867595970630645752e-02 9.096946567296981812e-03 7.548455893993377686e-02 8.718848973512649536e-02 8.148877881467342377e-03 2.755510620772838593e-02 5.417383089661598206e-02 2.410711022093892097e-03 1.548745483160018921e-01 1.016630977392196655e-01 2.311913762241601944e-03 4.182872828096151352e-03 6.271996535360813141e-03 6.569144129753112793e-02 6.398484855890274048e-02 7.988064549863338470e-03 7.108081877231597900e-02 8.014598488807678223e-02 5.412176251411437988e-03 2.014762721955776215e-03 1.672101914882659912e-01 3.712815791368484497e-02 1.147942543029785156e-01
4.933106526732444763e-02 1.301327720284461975e-02 0.000000000000000000e+00 8.673225343227386475e-02 1.566204726696014404e-01 8.375553041696548462e-02 7.487183902412652969e-03 6.562049686908721924e-02 6.383382133208215237e-04 5.243847891688346863e-02 7.456628978252410889e-02 4.569757729768753052e-02 3.916795831173658371e-03 8.841098845005035400e-02 1.000882089138031006e-01 4.864915739744901657e-03 4.055384173989295959e-02 6.713977456092834473e-02 1.060289889574050903e-02 1.421477645635604858e-01 8.876726031303405762e-02 1.070168614387512207e-02 1.719521358609199524e-02 6.741832010447978973e-03 7.863749563694000244e-02 5.101405084133148193e-02 2.099915966391563416e-02 5.812130123376846313e-02 9.306219965219497681e-02 1.842415705323219299e-02 1.099880412220954895e-02 1.798321604728698730e-01 5.011722072958946228e-02 1.276168972253799438e-01
1.354836374521255493e-01 9.963308274745941162e-02 8.673225343227386475e-02 0.000000000000000000e+00 2.400913238525390625e-01 1.692582368850708008e-01 9.415828436613082886e-02 1.514905691146850586e-01 8.609867841005325317e-02 3.445045650005340576e-02 1.602620780467987061e-01 4.119795933365821838e-02 9.061826020479202271e-02 1.738104373216629028e-01 1.852126419544219971e-01 9.155853092670440674e-02 1.268399506807327271e-01 1.529811918735504150e-01 9.724573045969009399e-02 5.610724911093711853e-02 2.050793729722499847e-03 9.734358638525009155e-02 1.037727072834968567e-01 9.341945499181747437e-02 1.642495095729827881e-01 3.587694093585014343e-02 1.075355485081672668e-01 2.875590324401855469e-02 1.783548742532730103e-01 1.049886420369148254e-01 9.763791412115097046e-02 2.624705731868743896e-01 1.362572014331817627e-01 2.120026051998138428e-01
1.081247925758361816e-01 1.439004838466644287e-01 1.566204726696014404e-01 2.400913238525390625e-01 0.000000000000000000e+00 7.383346557617187500e-02 1.493083685636520386e-01 9.194493293762207031e-02 1.572430729866027832e-01 2.073559463024139404e-01 8.302377909421920776e-02 2.008803039789199829e-01 1.527974158525466919e-01 6.916724145412445068e-02 5.743256956338882446e-02 1.518712788820266724e-01 1.168085336685180664e-01 9.043161571025848389e-02 1.462604552507400513e-01 2.922615408897399902e-01 2.420229464769363403e-01 1.461637765169143677e-01 1.398017555475234985e-01 1.500370651483535767e-01 7.895540446043014526e-02 2.059887051582336426e-01 1.360688209533691406e-01 2.128046005964279175e-01 6.449835747480392456e-02 1.385962516069412231e-01 1.458729505538940430e-01 2.388441376388072968e-02 1.073458343744277954e-01 2.959510684013366699e-02
3.456728905439376831e-02 7.081943750381469727e-02 8.375553041696548462e-02 1.692582368850708008e-01 7.383346557617187500e-02 0.000000000000000000e+00 7.631620764732360840e-02 1.823525503277778625e-02 8.438935875892639160e-02 1.355984508991241455e-01 9.246995672583580017e-03 1.289595365524291992e-01 7.986493408679962158e-02 4.690183792263269424e-03 1.647074334323406219e-02 7.892277836799621582e-02 4.334892705082893372e-02 1.670971699059009552e-02 7.321765273809432983e-02 2.232454121112823486e-01 1.712495833635330200e-01 7.311938703060150146e-02 6.665631383657455444e-02 7.705721259117126465e-02 5.151967983692884445e-03 1.341961920261383057e-01 6.286694854497909546e-02 1.411895304918289185e-01 9.379777126014232635e-03 6.543234735727310181e-02 7.282381504774093628e-02 9.754586964845657349e-02 3.378010541200637817e-02 4.433523863554000854e-02
4.185934737324714661e-02 5.526632070541381836e-03 7.487183902412652969e-03 9.415828436613082886e-02 1.493083685636520386e-01 7.631620764732360840e-02 0.000000000000000000e+00 5.816189199686050415e-02 8.125483989715576172e-03 5.990214273333549500e-02 6.711657345294952393e-02 5.316656827926635742e-02 3.570493077859282494e-03 8.097740262746810913e-02 9.267046302556991577e-02 2.622363856062293053e-03 3.307670354843139648e-02 5.968260020017623901e-02 3.115962492302060127e-03 1.494758576154708862e-01 9.619051218032836914e-02 3.214759286493062973e-03 9.709279984235763550e-03 7.453898433595895767e-04 7.119222730398178101e-02 5.847889930009841919e-02 1.351409964263439178e-02 6.557995826005935669e-02 8.563468605279922485e-02 1.093848049640655518e-02 3.511908231303095818e-03 1.725773513317108154e-01 4.264604300260543823e-02 1.202445998787879944e-01
1.634233258664608002e-02 5.265218392014503479e-02 6.562049686908721924e-02 1.514905691146850586e-01 9.194493293762207031e-02 1.823525503277778625e-02 5.816189199686050415e-02 0.000000000000000000e+00 6.625606119632720947e-02 1.176541224122047424e-01 8.989776484668254852e-03 1.109852641820907593e-01 6.171957030892372131e-02 2.292348071932792664e-02 3.469558060169219971e-02 6.077498942613601685e-02 2.513353899121284485e-02 1.526004867628216743e-03 5.505590513348579407e-02 2.058481425046920776e-01 1.534936726093292236e-01 5.495740845799446106e-02 4.847998544573783875e-02 5.890472978353500366e-02 1.308451779186725616e-02 1.162454113364219666e-01 4.468291252851486206e-02 1.232716441154479980e-01 2.761031128466129303e-02 4.725347459316253662e-02 5.466115102171897888e-02 1.155755370855331421e-01 1.555442810058593750e-02 6.251995265483856201e-02
4.996783286333084106e-02 1.365150138735771179e-02 6.383382133208215237e-04 8.609867841005325317e-02 1.572430729866027832e-01 8.438935875892639160e-02 8.125483989715576172e-03 6.625606119632720947e-02 0.000000000000000000e+00 5.180187150835990906e-02 7.520104199647903442e-02 4.506055638194084167e-02 4.555122461169958115e-03 8.904430270195007324e-02 1.007201075553894043e-01 5.503236781805753708e-03 4.119111597537994385e-02 6.777521222829818726e-02 1.124116126447916031e-02 1.415222734212875366e-01 8.813390880823135376e-02 1.133994664996862411e-02 1.783335581421852112e-02 7.380138151347637177e-03 7.927185297012329102e-02 5.037735030055046082e-02 2.163720875978469849e-02 5.748509988188743591e-02 9.369497001171112061e-02 1.906226947903633118e-02 1.163705997169017792e-02 1.804497987031936646e-01 5.075393989682197571e-02 1.282447725534439087e-01
1.015069559216499329e-01 6.540711969137191772e-02 5.243847891688346863e-02 3.445045650005340576e-02 2.073559463024139404e-01 1.355984508991241455e-01 5.990214273333549500e-02 1.176541224122047424e-01 5.180187150835990906e-02 0.000000000000000000e+00 1.265100985765457153e-01 6.757093593478202820e-03 5.634370446205139160e-02 1.401994824409484863e-01 1.517303436994552612e-01 5.728878080844879150e-02 9.279497712850570679e-02 1.191587299108505249e-01 6.300634890794754028e-02 9.038300067186355591e-02 3.649867326021194458e-02 6.310475617647171021e-02 6.957095861434936523e-02 5.915939807891845703e-02 1.305376887321472168e-01 1.428248127922415733e-03 7.335685938596725464e-02 5.700201261788606644e-03 1.447940766811370850e-01 7.079423964023590088e-02 6.340071558952331543e-02 2.301007658243179321e-01 1.022868826985359192e-01 1.788584440946578979e-01
2.532838657498359680e-02 6.161279603838920593e-02 7.456628978252410889e-02 1.602620780467987061e-01 8.302377909421920776e-02 9.246995672583580017e-03 6.711657345294952393e-02 8.989776484668254852e-03 7.520104199647903442e-02 1.265100985765457153e-01 0.000000000000000000e+00 1.198554560542106628e-01 7.067013531923294067e-02 1.393657643347978592e-02 2.571382559835910797e-02 6.972666829824447632e-02 3.411560505628585815e-02 7.463873364031314850e-03 6.401400268077850342e-02 2.144410908222198486e-01 1.622595489025115967e-01 6.391561031341552734e-02 5.744472891092300415e-02 6.785856932401657104e-02 4.095222800970077515e-03 1.251044571399688721e-01 5.365113541483879089e-02 1.321150213479995728e-01 1.862515881657600403e-02 5.621936917304992676e-02 6.361966580152511597e-02 1.066966205835342407e-01 2.454077266156673431e-02 5.356027930974960327e-02
9.481490403413772583e-02 5.867595970630645752e-02 4.569757729768753052e-02 4.119795933365821838e-02 2.008803039789199829e-01 1.289595365524291992e-01 5.316656827926635742e-02 1.109852641820907593e-01 4.506055638194084167e-02 6.757093593478202820e-03 1.198554560542106628e-01 0.000000000000000000e+00 4.960548877716064453e-02 1.335689127445220947e-01 1.451220214366912842e-01 5.055125057697296143e-02 8.609187602996826172e-02 1.124922260642051697e-01 5.627321079373359680e-02 9.708080440759658813e-02 4.324510321021080017e-02 5.637169256806373596e-02 6.284341216087341309e-02 5.242325365543365479e-02 1.238898709416389465e-01 5.328896921128034592e-03 6.663279235363006592e-02 1.245681568980216980e-02 1.381721645593643188e-01 6.406778842210769653e-02 5.666789412498474121e-02 2.236914634704589844e-01 9.559586644172668457e-02 1.723095923662185669e-01
4.542304947972297668e-02 9.096946567296981812e-03 3.916795831173658371e-03 9.061826020479202271e-02 1.527974158525466919e-01 7.986493408679962158e-02 3.570493077859282494e-03 6.171957030892372131e-02 4.555122461169958115e-03 5.634370446205139160e-02 7.067013531923294067e-02 4.960548877716064453e-02 0.000000000000000000e+00 8.452346175909042358e-02 9.620912373065948486e-02 9.481383021920919418e-04 3.664286807179450989e-02 6.323961913585662842e-02 6.686381995677947998e-03 1.459832936525344849e-01 9.265183657407760620e-02 6.785174831748008728e-03 1.327931415289640427e-02 2.825110917910933495e-03 7.474372535943984985e-02 5.491987615823745728e-02 1.708376780152320862e-02 6.202398240566253662e-02 8.917791396379470825e-02 1.450840756297111511e-02 7.082312833517789841e-03 1.760393530130386353e-01 4.620949923992156982e-02 1.237619593739509583e-01
3.925110772252082825e-02 7.548455893993377686e-02 8.841098845005035400e-02 1.738104373216629028e-01 6.916724145412445068e-02 4.690183792263269424e-03 8.097740262746810913e-02 2.292348071932792664e-02 8.904430270195007324e-02 1.401994824409484863e-01 1.393657643347978592e-02 1.335689127445220947e-01 8.452346175909042358e-02 0.000000000000000000e+00 1.178147085011005402e-02 8.358202129602432251e-02 4.802934825420379639e-02 2.139822393655776978e-02 7.788109779357910156e-02 2.276971936225891113e-01 1.757985651493072510e-01 7.778289169073104858e-02 7.132420688867568970e-02 8.171786367893218994e-02 9.841915220022201538e-03 1.387990266084671021e-01 6.753721088171005249e-02 1.457831710577011108e-01 4.689800553023815155e-03 7.010101526975631714e-02 7.748753577470779419e-02 9.289817512035369873e-02 3.846419602632522583e-02 3.965330123901367188e-02
5.100899189710617065e-02 8.718848973512649536e-02 1.000882089138031006e-01 1.852126419544219971e-01 5.743256956338882446e-02 1.647074334323406219e-02 9.267046302556991577e-02 3.469558060169219971e-02 1.007201075553894043e-01 1.517303436994552612e-01 2.571382559835910797e-02 1.451220214366912842e-01 9.620912373065948486e-02 1.178147085011005402e-02 0.000000000000000000e+00 9.526968002319335938e-02 5.977699160575866699e-02 3.317132964730262756e-02 8.958037197589874268e-02 2.388379573822021484e-01 1.871923357248306274e-01 8.948236703872680664e-02 8.303590118885040283e-02 9.340940415859222412e-02 2.162087894976139069e-02 1.503346711397171021e-01 7.925561815500259399e-02 1.572944819927215576e-01 7.092062383890151978e-03 8.181491494178771973e-02 8.918758481740951538e-02 8.120558410882949829e-02 5.022290721535682678e-02 2.788485959172248840e-02
4.447682574391365051e-02 8.148877881467342377e-03 4.864915739744901657e-03 9.155853092670440674e-02 1.518712788820266724e-01 7.892277836799621582e-02 2.622363856062293053e-03 6.077498942613601685e-02 5.503236781805753708e-03 5.728878080844879150e-02 6.972666829824447632e-02 5.055125057697296143e-02 9.481383021920919418e-04 8.358202129602432251e-02 9.526968002319335938e-02 0.000000000000000000e+00 3.569597005844116211e-02 6.229521334171295166e-02 5.738279782235622406e-03 1.469110846519470215e-01 9.359174966812133789e-02 5.837074015289545059e-03 1.233133114874362946e-02 1.876977737993001938e-03 7.380081713199615479e-02 5.586510524153709412e-02 1.613589189946651459e-02 6.296841800212860107e-02 8.823724091053009033e-02 1.356045622378587723e-02 6.134215742349624634e-03 1.751204580068588257e-01 4.526334255933761597e-02 1.228282377123832703e-01
8.794819004833698273e-03 2.755510620772838593e-02 4.055384173989295959e-02 1.268399506807327271e-01 1.168085336685180664e-01 4.334892705082893372e-02 3.307670354843139648e-02 2.513353899121284485e-02 4.119111597537994385e-02 9.279497712850570679e-02 3.411560505628585815e-02 8.609187602996826172e-02 3.664286807179450989e-02 4.802934825420379639e-02 5.977699160575866699e-02 3.569597005844116211e-02 0.000000000000000000e+00 2.665852196514606476e-02 2.996382676064968109e-02 1.816544383764266968e-01 1.288572251796722412e-01 2.986511960625648499e-02 2.337492816150188446e-02 3.382125869393348694e-02 3.820548951625823975e-02 9.137884527444839478e-02 1.957135275006294250e-02 9.844311326742172241e-02 5.270727351307868958e-02 2.214623428881168365e-02 2.956822887063026428e-02 1.403015255928039551e-01 9.582856670022010803e-03 8.751596510410308838e-02
1.786789298057556152e-02 5.417383089661598206e-02 6.713977456092834473e-02 1.529811918735504150e-01 9.043161571025848389e-02 1.670971699059009552e-02 5.968260020017623901e-02 1.526004867628216743e-03 6.777521222829818726e-02 1.191587299108505249e-01 7.463873364031314850e-03 1.124922260642051697e-01 6.323961913585662842e-02 2.139822393655776978e-02 3.317132964730262756e-02 6.229521334171295166e-02 2.665852196514606476e-02 0.000000000000000000e+00 5.657715350389480591e-02 2.073090374469757080e-01 1.549833565950393677e-01 5.647867545485496521e-02 5.000229179859161377e-02 6.042530015110969543e-02 1.155874319374561310e-02 1.177505180239677429e-01 4.620576649904251099e-02 1.247741878032684326e-01 2.608540467917919159e-02 4.877595975995063782e-02 5.618246644735336304e-02 1.140696555376052856e-01 1.708002947270870209e-02 6.099976226687431335e-02
3.874843567609786987e-02 2.410711022093892097e-03 1.060289889574050903e-02 9.724573045969009399e-02 1.462604552507400513e-01 7.321765273809432983e-02 3.115962492302060127e-03 5.505590513348579407e-02 1.124116126447916031e-02 6.300634890794754028e-02 6.401400268077850342e-02 5.627321079373359680e-02 6.686381995677947998e-03 7.788109779357910156e-02 8.958037197589874268e-02 5.738279782235622406e-03 2.996382676064968109e-02 5.657715350389480591e-02 0.000000000000000000e+00 1.525207906961441040e-01 9.927672147750854492e-02 9.879795106826350093e-05 6.593517493456602097e-03 3.861343720927834511e-03 6.809137016534805298e-02 6.158363819122314453e-02 1.039857510477304459e-02 6.868187338113784790e-02 8.254074305295944214e-02 7.822785526514053345e-03 3.959502500947564840e-04 1.695525646209716797e-01 3.953533247113227844e-02 1.171725392341613770e-01
1.901454776525497437e-01 1.548745483160018921e-01 1.421477645635604858e-01 5.610724911093711853e-02 2.922615408897399902e-01 2.232454121112823486e-01 1.494758576154708862e-01 2.058481425046920776e-01 1.415222734212875366e-01 9.038300067186355591e-02 2.144410908222198486e-01 9.708080440759658813e-02 1.459832936525344849e-01 2.276971936225891113e-01 2.388379573822021484e-01 1.469110846519470215e-01 1.816544383764266968e-01 2.073090374469757080e-01 1.525207906961441040e-01 0.000000000000000000e+00 5.406267568469047546e-02 1.526172906160354614e-01 1.589544415473937988e-01 1.487470567226409912e-01 2.183445692062377930e-01 9.179940074682235718e-02 1.626613736152648926e-01 8.472645282745361328e-02 2.321390807628631592e-01 1.601524949073791504e-01 1.529075056314468384e-01 3.139543831348419189e-01 1.909049749374389648e-01 2.649581730365753174e-01
1.374962329864501953e-01 1.016630977392196655e-01 8.876726031303405762e-02 2.050793729722499847e-03 2.420229464769363403e-01 1.712495833635330200e-01 9.619051218032836914e-02 1.534936726093292236e-01 8.813390880823135376e-02 3.649867326021194458e-02 1.622595489025115967e-01 4.324510321021080017e-02 9.265183657407760620e-02 1.757985651493072510e-01 1.871923357248306274e-01 9.359174966812133789e-02 1.288572251796722412e-01 1.549833565950393677e-01 9.927672147750854492e-02 5.406267568469047546e-02 0.000000000000000000e+00 9.937454015016555786e-02 1.058009788393974304e-01 9.545195847749710083e-02 1.662442982196807861e-01 3.792494535446166992e-02 1.095621883869171143e-01 3.080487996339797974e-02 1.803396940231323242e-01 1.070163846015930176e-01 9.966874867677688599e-02 2.643790841102600098e-01 1.382693499326705933e-01 2.139603644609451294e-01
3.864978626370429993e-02 2.311913762241601944e-03 1.070168614387512207e-02 9.734358638525009155e-02 1.461637765169143677e-01 7.311938703060150146e-02 3.214759286493062973e-03 5.495740845799446106e-02 1.133994664996862411e-02 6.310475617647171021e-02 6.391561031341552734e-02 5.637169256806373596e-02 6.785174831748008728e-03 7.778289169073104858e-02 8.948236703872680664e-02 5.837074015289545059e-03 2.986511960625648499e-02 5.647867545485496521e-02 9.879795106826350093e-05 1.526172906160354614e-01 9.937454015016555786e-02 0.000000000000000000e+00 6.494723726063966751e-03 3.960140049457550049e-03 6.799303740262985229e-02 6.168206408619880676e-02 1.029978692531585693e-02 6.878021359443664551e-02 8.244262635707855225e-02 7.723993156105279922e-03 2.971522917505353689e-04 1.694566011428833008e-01 3.943669050931930542e-02 1.170751005411148071e-01
3.216313570737838745e-02 4.182872828096151352e-03 1.719521358609199524e-02 1.037727072834968567e-01 1.398017555475234985e-01 6.665631383657455444e-02 9.709279984235763550e-03 4.847998544573783875e-02 1.783335581421852112e-02 6.957095861434936523e-02 5.744472891092300415e-02 6.284341216087341309e-02 1.327931415289640427e-02 7.132420688867568970e-02 8.303590118885040283e-02 1.233133114874362946e-02 2.337492816150188446e-02 5.000229179859161377e-02 6.593517493456602097e-03 1.589544415473937988e-01 1.058009788393974304e-01 6.494723726063966751e-03 0.000000000000000000e+00 1.045459508895874023e-02 6.152547523379325867e-02 6.814948469400405884e-02 3.805318614467978477e-03 7.524131983518600464e-02 7.598858326673507690e-02 1.229331246577203274e-03 6.197583395987749100e-03 1.631414294242858887e-01 3.295040503144264221e-02 1.106645166873931885e-01
4.260340705513954163e-02 6.271996535360813141e-03 6.741832010447978973e-03 9.341945499181747437e-02 1.500370651483535767e-01 7.705721259117126465e-02 7.453898433595895767e-04 5.890472978353500366e-02 7.380138151347637177e-03 5.915939807891845703e-02 6.785856932401657104e-02 5.242325365543365479e-02 2.825110917910933495e-03 8.171786367893218994e-02 9.340940415859222412e-02 1.876977737993001938e-03 3.382125869393348694e-02 6.042530015110969543e-02 3.861343720927834511e-03 1.487470567226409912e-01 9.545195847749710083e-02 3.960140049457550049e-03 1.045459508895874023e-02 0.000000000000000000e+00 7.193380594253540039e-02 5.773602798581123352e-02 1.425934489816427231e-02 6.483773142099380493e-02 8.637456595897674561e-02 1.168377604335546494e-02 4.257287364453077316e-03 1.733004301786422729e-01 4.339005425572395325e-02 1.209791526198387146e-01
2.942055836319923401e-02 6.569144129753112793e-02 7.863749563694000244e-02 1.642495095729827881e-01 7.895540446043014526e-02 5.151967983692884445e-03 7.119222730398178101e-02 1.308451779186725616e-02 7.927185297012329102e-02 1.305376887321472168e-01 4.095222800970077515e-03 1.238898709416389465e-01 7.474372535943984985e-02 9.841915220022201538e-03 2.162087894976139069e-02 7.380081713199615479e-02 3.820548951625823975e-02 1.155874319374561310e-02 6.809137016534805298e-02 2.183445692062377930e-01 1.662442982196807861e-01 6.799303740262985229e-02 6.152547523379325867e-02 7.193380594253540039e-02 0.000000000000000000e+00 1.291335076093673706e-01 5.773367360234260559e-02 1.361365765333175659e-01 1.453104428946971893e-02 6.030070781707763672e-02 6.769724935293197632e-02 1.026462465524673462e-01 2.863311767578125000e-02 4.947590827941894531e-02
1.000932231545448303e-01 6.398484855890274048e-02 5.101405084133148193e-02 3.587694093585014343e-02 2.059887051582336426e-01 1.341961920261383057e-01 5.847889930009841919e-02 1.162454113364219666e-01 5.037735030055046082e-02 1.428248127922415733e-03 1.251044571399688721e-01 5.328896921128034592e-03 5.491987615823745728e-02 1.387990266084671021e-01 1.503346711397171021e-01 5.586510524153709412e-02 9.137884527444839478e-02 1.177505180239677429e-01 6.158363819122314453e-02 9.179940074682235718e-02 3.792494535446166992e-02 6.168206408619880676e-02 6.814948469400405884e-02 5.773602798581123352e-02 1.291335076093673706e-01 0.000000000000000000e+00 7.193614542484283447e-02 7.128390949219465256e-03 1.433954834938049316e-01 6.937300413846969604e-02 6.197808310389518738e-02 2.287476956844329834e-01 1.008733659982681274e-01 1.774755269289016724e-01
2.836129069328308105e-02 7.988064549863338470e-03 2.099915966391563416e-02 1.075355485081672668e-01 1.360688209533691406e-01 6.286694854497909546e-02 1.351409964263439178e-02 4.468291252851486206e-02 2.163720875978469849e-02 7.335685938596725464e-02 5.365113541483879089e-02 6.663279235363006592e-02 1.708376780152320862e-02 6.753721088171005249e-02 7.925561815500259399e-02 1.613589189946651459e-02 1.957135275006294250e-02 4.620576649904251099e-02 1.039857510477304459e-02 1.626613736152648926e-01 1.095621883869171143e-01 1.029978692531585693e-02 3.805318614467978477e-03 1.425934489816427231e-02 5.773367360234260559e-02 7.193614542484283447e-02 0.000000000000000000e+00 7.902402430772781372e-02 7.220414280891418457e-02 2.575999591499567032e-03 1.000266522169113159e-02 1.594350934028625488e-01 2.914874255657196045e-02 1.069042161107063293e-01
1.071451678872108459e-01 7.108081877231597900e-02 5.812130123376846313e-02 2.875590324401855469e-02 2.128046005964279175e-01 1.411895304918289185e-01 6.557995826005935669e-02 1.232716441154479980e-01 5.748509988188743591e-02 5.700201261788606644e-03 1.321150213479995728e-01 1.245681568980216980e-02 6.202398240566253662e-02 1.457831710577011108e-01 1.572944819927215576e-01 6.296841800212860107e-02 9.844311326742172241e-02 1.247741878032684326e-01 6.868187338113784790e-02 8.472645282745361328e-02 3.080487996339797974e-02 6.878021359443664551e-02 7.524131983518600464e-02 6.483773142099380493e-02 1.361365765333175659e-01 7.128390949219465256e-03 7.902402430772781372e-02 0.000000000000000000e+00 1.503701657056808472e-01 7.646358013153076172e-02 6.907594949007034302e-02 2.354920953512191772e-01 1.079241633415222168e-01 1.843706667423248291e-01
4.393281787633895874e-02 8.014598488807678223e-02 9.306219965219497681e-02 1.783548742532730103e-01 6.449835747480392456e-02 9.379777126014232635e-03 8.563468605279922485e-02 2.761031128466129303e-02 9.369497001171112061e-02 1.447940766811370850e-01 1.862515881657600403e-02 1.381721645593643188e-01 8.917791396379470825e-02 4.689800553023815155e-03 7.092062383890151978e-03 8.823724091053009033e-02 5.270727351307868958e-02 2.608540467917919159e-02 8.254074305295944214e-02 2.321390807628631592e-01 1.803396940231323242e-01 8.244262635707855225e-02 7.598858326673507690e-02 8.637456595897674561e-02 1.453104428946971893e-02 1.433954834938049316e-01 7.220414280891418457e-02 1.503701657056808472e-01 0.000000000000000000e+00 7.476624101400375366e-02 8.214748650789260864e-02 8.824682980775833130e-02 4.314620792865753174e-02 3.497000411152839661e-02
3.093502856791019440e-02 5.412176251411437988e-03 1.842415705323219299e-02 1.049886420369148254e-01 1.385962516069412231e-01 6.543234735727310181e-02 1.093848049640655518e-02 4.725347459316253662e-02 1.906226947903633118e-02 7.079423964023590088e-02 5.621936917304992676e-02 6.406778842210769653e-02 1.450840756297111511e-02 7.010101526975631714e-02 8.181491494178771973e-02 1.356045622378587723e-02 2.214623428881168365e-02 4.877595975995063782e-02 7.822785526514053345e-03 1.601524949073791504e-01 1.070163846015930176e-01 7.723993156105279922e-03 1.229331246577203274e-03 1.168377604335546494e-02 6.030070781707763672e-02 6.937300413846969604e-02 2.575999591499567032e-03 7.646358013153076172e-02 7.476624101400375366e-02 0.000000000000000000e+00 7.426857948303222656e-03 1.619445681571960449e-01 3.172235935926437378e-02 1.094500795006752014e-01
3.835307434201240540e-02 2.014762721955776215e-03 1.099880412220954895e-02 9.763791412115097046e-02 1.458729505538940430e-01 7.282381504774093628e-02 3.511908231303095818e-03 5.466115102171897888e-02 1.163705997169017792e-02 6.340071558952331543e-02 6.361966580152511597e-02 5.666789412498474121e-02 7.082312833517789841e-03 7.748753577470779419e-02 8.918758481740951538e-02 6.134215742349624634e-03 2.956822887063026428e-02 5.618246644735336304e-02 3.959502500947564840e-04 1.529075056314468384e-01 9.966874867677688599e-02 2.971522917505353689e-04 6.197583395987749100e-03 4.257287364453077316e-03 6.769724935293197632e-02 6.197808310389518738e-02 1.000266522169113159e-02 6.907594949007034302e-02 8.214748650789260864e-02 7.426857948303222656e-03 0.000000000000000000e+00 1.691679656505584717e-01 3.913999721407890320e-02 1.167820096015930176e-01
1.316691786050796509e-01 1.672101914882659912e-01 1.798321604728698730e-01 2.624705731868743896e-01 2.388441376388072968e-02 9.754586964845657349e-02 1.725773513317108154e-01 1.155755370855331421e-01 1.804497987031936646e-01 2.301007658243179321e-01 1.066966205835342407e-01 2.236914634704589844e-01 1.760393530130386353e-01 9.289817512035369873e-02 8.120558410882949829e-02 1.751204580068588257e-01 1.403015255928039551e-01 1.140696555376052856e-01 1.695525646209716797e-01 3.139543831348419189e-01 2.643790841102600098e-01 1.694566011428833008e-01 1.631414294242858887e-01 1.733004301786422729e-01 1.026462465524673462e-01 2.287476956844329834e-01 1.594350934028625488e-01 2.354920953512191772e-01 8.824682980775833130e-02 1.619445681571960449e-01 1.691679656505584717e-01 0.000000000000000000e+00 1.308946609497070312e-01 5.344174429774284363e-02
7.881038472987711430e-04 3.712815791368484497e-02 5.011722072958946228e-02 1.362572014331817627e-01 1.073458343744277954e-01 3.378010541200637817e-02 4.264604300260543823e-02 1.555442810058593750e-02 5.075393989682197571e-02 1.022868826985359192e-01 2.454077266156673431e-02 9.559586644172668457e-02 4.620949923992156982e-02 3.846419602632522583e-02 5.022290721535682678e-02 4.526334255933761597e-02 9.582856670022010803e-03 1.708002947270870209e-02 3.953533247113227844e-02 1.909049749374389648e-01 1.382693499326705933e-01 3.943669050931930542e-02 3.295040503144264221e-02 4.339005425572395325e-02 2.863311767578125000e-02 1.008733659982681274e-01 2.914874255657196045e-02 1.079241633415222168e-01 4.314620792865753174e-02 3.172235935926437378e-02 3.913999721407890320e-02 1.308946609497070312e-01 0.000000000000000000e+00 7.799852639436721802e-02
7.878178358078002930e-02 1.147942543029785156e-01 1.276168972253799438e-01 2.120026051998138428e-01 2.959510684013366699e-02 4.433523863554000854e-02 1.202445998787879944e-01 6.251995265483856201e-02 1.282447725534439087e-01 1.788584440946578979e-01 5.356027930974960327e-02 1.723095923662185669e-01 1.237619593739509583e-01 3.965330123901367188e-02 2.788485959172248840e-02 1.228282377123832703e-01 8.751596510410308838e-02 6.099976226687431335e-02 1.171725392341613770e-01 2.649581730365753174e-01 2.139603644609451294e-01 1.170751005411148071e-01 1.106645166873931885e-01 1.209791526198387146e-01 4.947590827941894531e-02 1.774755269289016724e-01 1.069042161107063293e-01 1.843706667423248291e-01 3.497000411152839661e-02 1.094500795006752014e-01 1.167820096015930176e-01 5.344174429774284363e-02 7.799852639436721802e-02 0.000000000000000000e+00
