0.000000000000000000e+00 3.096750564873218536e-02 4.426745325326919556e-02 1.302014589309692383e-01 1.107544079422950745e-01 4.160048440098762512e-02 4.263273254036903381e-02 2.416530810296535492e-02 4.420268908143043518e-02 9.609022736549377441e-02 2.152825519442558289e-02 8.889085054397583008e-02 3.843499720096588135e-02 4.669417440891265869e-02 5.544827505946159363e-02 4.017156735062599182e-02 1.039054337888956070e-02 2.901025116443634033e-02 3.377443179488182068e-02 1.855836063623428345e-01 1.321910321712493896e-01 2.823311835527420044e-02 2.368258498609066010e-02 3.549046441912651062e-02 3.778119757771492004e-02 9.586732089519500732e-02 2.256121486425399780e-02 9.914340078830718994e-02 4.751849174499511719e-02 2.616806514561176300e-02 2.371231652796268463e-02 1.448532342910766602e-01 6.295510567724704742e-03 8.462172746658325195e-02
3.096750564873218536e-02 0.000000000000000000e+00 1.331820525228977203e-02 9.963569045066833496e-02 1.412374973297119141e-01 7.247462123632431030e-02 1.168064866214990616e-02 5.509158596396446228e-02 1.325332280248403549e-02 6.531707942485809326e-02 5.246078968048095703e-02 5.808322876691818237e-02 7.476391270756721497e-03 7.754954695701599121e-02 8.626765012741088867e-02 9.215524420142173767e-03 2.058358676731586456e-02 5.992392450571060181e-02 2.809862140566110611e-03 1.555098146200180054e-01 1.016395986080169678e-01 2.736778231337666512e-03 7.290266919881105423e-03 4.527934826910495758e-03 6.866836547851562500e-02 6.509306281805038452e-02 8.412168361246585846e-03 6.838585436344146729e-02 7.837067544460296631e-02 4.803333897143602371e-03 7.260520011186599731e-03 1.750355660915374756e-01 3.725575283169746399e-02 1.152871176600456238e-01
4.426745325326919556e-02 1.331820525228977203e-02 0.000000000000000000e+00 8.643218129873275757e-02 1.542655378580093384e-01 8.571010082960128784e-02 1.637810259126126766e-03 6.835963577032089233e-02 6.489445513579994440e-05 5.204414948821067810e-02 6.573306024074554443e-02 4.479967430233955383e-02 5.842395592480897903e-03 9.077399224042892456e-02 9.947156906127929688e-02 4.103184677660465240e-03 3.389249742031097412e-02 7.318371534347534180e-02 1.050873566418886185e-02 1.424867361783981323e-01 8.844111114740371704e-02 1.605439931154251099e-02 2.060647122561931610e-02 8.790800347924232483e-03 8.191166073083877563e-02 5.181978270411491394e-02 2.172793820500373840e-02 5.511785671114921570e-02 9.159328043460845947e-02 1.812037825584411621e-02 2.057673595845699310e-02 1.879157274961471558e-01 5.054887756705284119e-02 1.284081786870956421e-01
1.302014589309692383e-01 9.963569045066833496e-02 8.643218129873275757e-02 0.000000000000000000e+00 2.375306040048599243e-01 1.708764135837554932e-01 8.805753290653228760e-02 1.538826078176498413e-01 8.649659901857376099e-02 3.454342111945152283e-02 1.513056159019470215e-01 4.179434105753898621e-02 9.222800284624099731e-02 1.758266836404800415e-01 1.843190640211105347e-01 9.050326794385910034e-02 1.199732348322868347e-01 1.586126089096069336e-01 9.685295075178146362e-02 5.675349384546279907e-02 2.024404471740126610e-03 1.023445725440979004e-01 1.068483516573905945e-01 9.515069425106048584e-02 1.671603769063949585e-01 3.476812317967414856e-02 1.079573780298233032e-01 3.146422281861305237e-02 1.766271740198135376e-01 1.043890714645385742e-01 1.068189367651939392e-01 2.699631750583648682e-01 1.363851875066757202e-01 2.124821096658706665e-01
1.107544079422950745e-01 1.412374973297119141e-01 1.542655378580093384e-01 2.375306040048599243e-01 0.000000000000000000e+00 6.947402656078338623e-02 1.526663005352020264e-01 8.682147413492202759e-02 1.542021781206130981e-01 2.046665102243423462e-01 8.943941444158554077e-02 1.976989060640335083e-01 1.485570222139358521e-01 6.439325958490371704e-02 5.564787983894348145e-02 1.502574533224105835e-01 1.210057064890861511e-01 8.200765401124954224e-02 1.439902186393737793e-01 2.903697192668914795e-01 2.394398748874664307e-01 1.385542899370193481e-01 1.340853124856948853e-01 1.456722766160964966e-01 7.327985018491744995e-02 2.044509202241897583e-01 1.329833269119262695e-01 2.076180577278137207e-01 6.357048451900482178e-02 1.365267932415008545e-01 1.341145187616348267e-01 3.465479239821434021e-02 1.045317947864532471e-01 2.637992054224014282e-02
4.160048440098762512e-02 7.247462123632431030e-02 8.571010082960128784e-02 1.708764135837554932e-01 6.947402656078338623e-02 0.000000000000000000e+00 8.408408612012863159e-02 1.745272241532802582e-02 8.564568310976028442e-02 1.371424943208694458e-01 2.009022422134876251e-02 1.300105750560760498e-01 7.990771532058715820e-02 5.103602074086666107e-03 1.387980859726667404e-02 8.163562417030334473e-02 5.196856707334518433e-02 1.260544918477535248e-02 7.526916265487670898e-02 2.254435718059539795e-01 1.728410273790359497e-01 6.975167989730834961e-02 6.521881371736526489e-02 7.697730511426925659e-02 3.825297811999917030e-03 1.369217485189437866e-01 6.410153955221176147e-02 1.401657760143280029e-01 5.929728969931602478e-03 6.769485771656036377e-02 6.524843722581863403e-02 1.038787141442298889e-01 3.531422466039657593e-02 4.317322745919227600e-02
4.263273254036903381e-02 1.168064866214990616e-02 1.637810259126126766e-03 8.805753290653228760e-02 1.526663005352020264e-01 8.408408612012863159e-02 0.000000000000000000e+00 6.672929227352142334e-02 1.572915934957563877e-03 5.367738753557205200e-02 6.410215795040130615e-02 4.643407836556434631e-02 4.204625263810157776e-03 8.914943784475326538e-02 9.784970432519912720e-02 2.465390833094716072e-03 3.225648030638694763e-02 7.155448943376541138e-02 8.871078491210937500e-03 1.440909206867218018e-01 9.006588160991668701e-02 1.441696751862764359e-02 1.896930299699306488e-02 7.153093349188566208e-03 8.028462529182434082e-02 5.345305055379867554e-02 2.009084261953830719e-02 5.675054341554641724e-02 8.996895700693130493e-02 1.648305915296077728e-02 1.893956400454044342e-02 1.863352656364440918e-01 4.891511797904968262e-02 1.267970204353332520e-01
2.416530810296535492e-02 5.509158596396446228e-02 6.835963577032089233e-02 1.538826078176498413e-01 8.682147413492202759e-02 1.745272241532802582e-02 6.672929227352142334e-02 0.000000000000000000e+00 6.829504668712615967e-02 1.199769377708435059e-01 2.638426143676042557e-03 1.128138229250907898e-01 6.254221498966217041e-02 2.255431562662124634e-02 3.132494166493415833e-02 6.427448242902755737e-02 3.454717993736267090e-02 4.848340060561895370e-03 5.789249017834663391e-02 2.088124454021453857e-01 1.558584570884704590e-01 5.236269906163215637e-02 4.782052710652351379e-02 5.960465595126152039e-02 1.362833380699157715e-02 1.197552010416984558e-01 4.670106247067451477e-02 1.230139881372451782e-01 2.338003180921077728e-02 5.030156672000885010e-02 4.785020649433135986e-02 1.211118623614311218e-01 1.787251606583595276e-02 6.058030202984809875e-02
4.420268908143043518e-02 1.325332280248403549e-02 6.489445513579994440e-05 8.649659901857376099e-02 1.542021781206130981e-01 8.564568310976028442e-02 1.572915934957563877e-03 6.829504668712615967e-02 0.000000000000000000e+00 5.210886523127555847e-02 6.566844880580902100e-02 4.486444219946861267e-02 5.777503829449415207e-03 9.070963412523269653e-02 9.940731525421142578e-02 4.038291517645120621e-03 3.382768109440803528e-02 7.311917096376419067e-02 1.044384855777025223e-02 1.425503045320510864e-01 8.850550651550292969e-02 1.598951965570449829e-02 2.054160274565219879e-02 8.725911378860473633e-03 8.184719085693359375e-02 5.188450589776039124e-02 2.166307531297206879e-02 5.518255382776260376e-02 9.152892976999282837e-02 1.805550605058670044e-02 2.051186747848987579e-02 1.878531128168106079e-01 5.048414692282676697e-02 1.283443421125411987e-01
9.609022736549377441e-02 6.531707942485809326e-02 5.204414948821067810e-02 3.454342111945152283e-02 2.046665102243423462e-01 1.371424943208694458e-01 5.367738753557205200e-02 1.199769377708435059e-01 5.210886523127555847e-02 0.000000000000000000e+00 1.173756644129753113e-01 7.261403836309909821e-03 5.786895006895065308e-02 1.421466022729873657e-01 1.507353782653808594e-01 5.613534897565841675e-02 8.578532934188842773e-02 1.247527077794075012e-01 6.251869350671768188e-02 9.111827611923217773e-02 3.656526654958724976e-02 6.804170459508895874e-02 7.257279008626937866e-02 6.080712750554084778e-02 1.333871781826019287e-01 2.249754616059362888e-04 7.368876039981842041e-02 3.082547802478075027e-03 1.429559737443923950e-01 7.009842246770858765e-02 7.254319638013839722e-02 2.376358211040496826e-01 1.023238375782966614e-01 1.792543977499008179e-01
2.152825519442558289e-02 5.246078968048095703e-02 6.573306024074554443e-02 1.513056159019470215e-01 8.943941444158554077e-02 2.009022422134876251e-02 6.410215795040130615e-02 2.638426143676042557e-03 6.566844880580902100e-02 1.173756644129753113e-01 0.000000000000000000e+00 1.102081984281539917e-01 5.991367995738983154e-02 2.519124187529087067e-02 3.396055847406387329e-02 6.164650991559028625e-02 3.191165998578071594e-02 7.486670278012752533e-03 5.526250228285789490e-02 2.062876820564270020e-01 1.532830744981765747e-01 4.973114654421806335e-02 4.518780112266540527e-02 5.697518587112426758e-02 1.626617461442947388e-02 1.171537935733795166e-01 4.406806826591491699e-02 1.204146519303321838e-01 2.601685374975204468e-02 4.766946285963058472e-02 4.521748796105384827e-02 1.237107664346694946e-01 1.523480843752622604e-02 6.320863217115402222e-02
8.889085054397583008e-02 5.808322876691818237e-02 4.479967430233955383e-02 4.179434105753898621e-02 1.976989060640335083e-01 1.300105750560760498e-01 4.643407836556434631e-02 1.128138229250907898e-01 4.486444219946861267e-02 7.261403836309909821e-03 1.102081984281539917e-01 0.000000000000000000e+00 5.062882229685783386e-02 1.350245773792266846e-01 1.436311751604080200e-01 4.889387637376785278e-02 7.857287675142288208e-02 1.175978407263755798e-01 5.528238788247108459e-02 9.831463545560836792e-02 4.381503909826278687e-02 6.081033870577812195e-02 6.534581631422042847e-02 5.356938019394874573e-02 1.262480467557907104e-01 7.036440540105104446e-03 6.646292656660079956e-02 1.034372020512819290e-02 1.358355730772018433e-01 6.286901980638504028e-02 6.531620025634765625e-02 2.307726293802261353e-01 9.513311088085174561e-02 1.722171455621719360e-01
3.843499720096588135e-02 7.476391270756721497e-03 5.842395592480897903e-03 9.222800284624099731e-02 1.485570222139358521e-01 7.990771532058715820e-02 4.204625263810157776e-03 6.254221498966217041e-02 5.777503829449415207e-03 5.786895006895065308e-02 5.991367995738983154e-02 5.062882229685783386e-02 0.000000000000000000e+00 8.497666567564010620e-02 9.368362277746200562e-02 1.739252824336290359e-03 2.805566042661666870e-02 6.737013161182403564e-02 4.666627384722232819e-03 1.482057571411132812e-01 9.423481673002243042e-02 1.021295972168445587e-02 1.476585306227207184e-02 2.948556328192353249e-03 7.610568404197692871e-02 5.764472484588623047e-02 1.588756032288074493e-02 6.094062328338623047e-02 8.579679578542709351e-02 1.227928511798381805e-02 1.473611127585172653e-02 1.822734326124191284e-01 4.471968859434127808e-02 1.226577907800674438e-01
4.669417440891265869e-02 7.754954695701599121e-02 9.077399224042892456e-02 1.758266836404800415e-01 6.439325958490371704e-02 5.103602074086666107e-03 8.914943784475326538e-02 2.255431562662124634e-02 9.070963412523269653e-02 1.421466022729873657e-01 2.519124187529087067e-02 1.350245773792266846e-01 8.497666567564010620e-02 0.000000000000000000e+00 8.776827715337276459e-03 8.670310676097869873e-02 5.705703422427177429e-02 1.770791038870811462e-02 8.034189790487289429e-02 2.302822321653366089e-01 1.777878105640411377e-01 7.482864707708358765e-02 7.029901444911956787e-02 8.204866945743560791e-02 8.928724564611911774e-03 1.419261842966079712e-01 6.918250769376754761e-02 1.451655477285385132e-01 8.261522743850946426e-04 7.277331501245498657e-02 7.032861560583114624e-02 9.882751107215881348e-02 4.041054099798202515e-02 3.807801753282546997e-02
5.544827505946159363e-02 8.626765012741088867e-02 9.947156906127929688e-02 1.843190640211105347e-01 5.564787983894348145e-02 1.387980859726667404e-02 9.784970432519912720e-02 3.132494166493415833e-02 9.940731525421142578e-02 1.507353782653808594e-01 3.396055847406387329e-02 1.436311751604080200e-01 9.368362277746200562e-02 8.776827715337276459e-03 0.000000000000000000e+00 9.540732949972152710e-02 6.580090522766113281e-02 2.648062258958816528e-02 8.905592560768127441e-02 2.385768741369247437e-01 1.862739622592926025e-01 8.355060219764709473e-02 7.902708649635314941e-02 9.076013416051864624e-02 1.770416647195816040e-02 1.505155116319656372e-01 7.791202515363693237e-02 1.537465006113052368e-01 7.950733415782451630e-03 8.149808645248413086e-02 7.905665040016174316e-02 9.012886136770248413e-02 4.916993156075477600e-02 2.931098826229572296e-02
4.017156735062599182e-02 9.215524420142173767e-03 4.103184677660465240e-03 9.050326794385910034e-02 1.502574533224105835e-01 8.163562417030334473e-02 2.465390833094716072e-03 6.427448242902755737e-02 4.038291517645120621e-03 5.613534897565841675e-02 6.164650991559028625e-02 4.889387637376785278e-02 1.739252824336290359e-03 8.670310676097869873e-02 9.540732949972152710e-02 0.000000000000000000e+00 2.979345992207527161e-02 6.910128891468048096e-02 6.405828520655632019e-03 1.465042680501937866e-01 9.251072257757186890e-02 1.195200067013502121e-02 1.650468260049819946e-02 4.687785170972347260e-03 7.783463597297668457e-02 5.591107904911041260e-02 1.762632466852664948e-02 5.920764803886413574e-02 8.752298355102539062e-02 1.401823852211236954e-02 1.647494174540042877e-02 1.839543730020523071e-01 4.645532742142677307e-02 1.243705078959465027e-01
1.039054337888956070e-02 2.058358676731586456e-02 3.389249742031097412e-02 1.199732348322868347e-01 1.210057064890861511e-01 5.196856707334518433e-02 3.225648030638694763e-02 3.454717993736267090e-02 3.382768109440803528e-02 8.578532934188842773e-02 3.191165998578071594e-02 7.857287675142288208e-02 2.805566042661666870e-02 5.705703422427177429e-02 6.580090522766113281e-02 2.979345992207527161e-02 0.000000000000000000e+00 3.938892111182212830e-02 2.339209429919719696e-02 1.755315512418746948e-01 1.219680160284042358e-01 1.784781180322170258e-02 1.329531334340572357e-02 2.510917931795120239e-02 4.815283790230751038e-02 8.556201308965682983e-02 1.217352598905563354e-02 8.884438872337341309e-02 5.788046121597290039e-02 1.578181236982345581e-02 1.332505699247121811e-02 1.550104767084121704e-01 1.668496243655681610e-02 9.492880851030349731e-02
2.901025116443634033e-02 5.992392450571060181e-02 7.318371534347534180e-02 1.586126089096069336e-01 8.200765401124954224e-02 1.260544918477535248e-02 7.155448943376541138e-02 4.848340060561895370e-03 7.311917096376419067e-02 1.247527077794075012e-01 7.486670278012752533e-03 1.175978407263755798e-01 6.737013161182403564e-02 1.770791038870811462e-02 2.648062258958816528e-02 6.910128891468048096e-02 3.938892111182212830e-02 0.000000000000000000e+00 6.272321939468383789e-02 2.134447097778320312e-01 1.605854630470275879e-01 5.719652399420738220e-02 5.265665426850318909e-02 6.443437188863754272e-02 8.780573494732379913e-03 1.245312392711639404e-01 5.153773352503776550e-02 1.277861148118972778e-01 1.853379234671592712e-02 5.513645708560943604e-02 5.268632248044013977e-02 1.163318380713462830e-01 2.271888777613639832e-02 5.574833974242210388e-02
3.377443179488182068e-02 2.809862140566110611e-03 1.050873566418886185e-02 9.685295075178146362e-02 1.439902186393737793e-01 7.526916265487670898e-02 8.871078491210937500e-03 5.789249017834663391e-02 1.044384855777025223e-02 6.251869350671768188e-02 5.526250228285789490e-02 5.528238788247108459e-02 4.666627384722232819e-03 8.034189790487289429e-02 8.905592560768127441e-02 6.405828520655632019e-03 2.339209429919719696e-02 6.272321939468383789e-02 0.000000000000000000e+00 1.527667194604873657e-01 9.885797649621963501e-02 5.546597763895988464e-03 1.009992137551307678e-02 1.718094572424888611e-03 7.146443426609039307e-02 6.229459866881370544e-02 1.122176554054021835e-02 6.558860093355178833e-02 8.116266876459121704e-02 7.613093126565217972e-03 1.007017586380243301e-02 1.777580082416534424e-01 4.006141796708106995e-02 1.180587410926818848e-01
1.855836063623428345e-01 1.555098146200180054e-01 1.424867361783981323e-01 5.675349384546279907e-02 2.903697192668914795e-01 2.254435718059539795e-01 1.440909206867218018e-01 2.088124454021453857e-01 1.425503045320510864e-01 9.111827611923217773e-02 2.062876820564270020e-01 9.831463545560836792e-02 1.482057571411132812e-01 2.302822321653366089e-01 2.385768741369247437e-01 1.465042680501937866e-01 1.755315512418746948e-01 2.134447097778320312e-01 1.527667194604873657e-01 0.000000000000000000e+00 5.473537743091583252e-02 1.581792831420898438e-01 1.626157462596893311e-01 1.510882824659347534e-01 2.218095958232879639e-01 9.134138375520706177e-02 1.637078374624252319e-01 8.806046843528747559e-02 2.310644090175628662e-01 1.601935029029846191e-01 1.625867933034896851e-01 3.217864632606506348e-01 1.916552186012268066e-01 2.660275399684906006e-01
1.321910321712493896e-01 1.016395986080169678e-01 8.844111114740371704e-02 2.024404471740126610e-03 2.394398748874664307e-01 1.728410273790359497e-01 9.006588160991668701e-02 1.558584570884704590e-01 8.850550651550292969e-02 3.656526654958724976e-02 1.532830744981765747e-01 4.381503909826278687e-02 9.423481673002243042e-02 1.777878105640411377e-01 1.862739622592926025e-01 9.251072257757186890e-02 1.219680160284042358e-01 1.605854630470275879e-01 9.885797649621963501e-02 5.473537743091583252e-02 0.000000000000000000e+00 1.043473556637763977e-01 1.088492125272750854e-01 9.715638309717178345e-02 1.691275537014007568e-01 3.678993880748748779e-02 1.099577471613883972e-01 3.348649665713310242e-02 1.785877197980880737e-01 1.063909977674484253e-01 1.088198125362396240e-01 2.718390226364135742e-01 1.383713781833648682e-01 2.144142836332321167e-01
2.823311835527420044e-02 2.736778231337666512e-03 1.605439931154251099e-02 1.023445725440979004e-01 1.385542899370193481e-01 6.975167989730834961e-02 1.441696751862764359e-02 5.236269906163215637e-02 1.598951965570449829e-02 6.804170459508895874e-02 4.973114654421806335e-02 6.081033870577812195e-02 1.021295972168445587e-02 7.482864707708358765e-02 8.355060219764709473e-02 1.195200067013502121e-02 1.784781180322170258e-02 5.719652399420738220e-02 5.546597763895988464e-03 1.581792831420898438e-01 1.043473556637763977e-01 0.000000000000000000e+00 4.553579725325107574e-03 7.264622952789068222e-03 6.594397872686386108e-02 6.781775504350662231e-02 5.675519816577434540e-03 7.110933214426040649e-02 7.565011829137802124e-02 2.066582674160599709e-03 4.523831419646739960e-03 1.723813712596893311e-01 3.452249616384506226e-02 1.125858724117279053e-01
2.368258498609066010e-02 7.290266919881105423e-03 2.060647122561931610e-02 1.068483516573905945e-01 1.340853124856948853e-01 6.521881371736526489e-02 1.896930299699306488e-02 4.782052710652351379e-02 2.054160274565219879e-02 7.257279008626937866e-02 4.518780112266540527e-02 6.534581631422042847e-02 1.476585306227207184e-02 7.029901444911956787e-02 7.902708649635314941e-02 1.650468260049819946e-02 1.329531334340572357e-02 5.265665426850318909e-02 1.009992137551307678e-02 1.626157462596893311e-01 1.088492125272750854e-01 4.553579725325107574e-03 0.000000000000000000e+00 1.181781105697154999e-02 6.140884011983871460e-02 7.234899699687957764e-02 1.121969893574714661e-03 7.563842087984085083e-02 7.112103700637817383e-02 2.487019868567585945e-03 2.974862400151323527e-05 1.679596453905105591e-01 2.997362799942493439e-02 1.080877110362052917e-01
3.549046441912651062e-02 4.527934826910495758e-03 8.790800347924232483e-03 9.515069425106048584e-02 1.456722766160964966e-01 7.697730511426925659e-02 7.153093349188566208e-03 5.960465595126152039e-02 8.725911378860473633e-03 6.080712750554084778e-02 5.697518587112426758e-02 5.356938019394874573e-02 2.948556328192353249e-03 8.204866945743560791e-02 9.076013416051864624e-02 4.687785170972347260e-03 2.510917931795120239e-02 6.443437188863754272e-02 1.718094572424888611e-03 1.510882824659347534e-01 9.715638309717178345e-02 7.264622952789068222e-03 1.181781105697154999e-02 0.000000000000000000e+00 7.317354530096054077e-02 6.058298796415328979e-02 1.293961051851511002e-02 6.387770175933837891e-02 8.286920189857482910e-02 9.331065230071544647e-03 1.178806647658348083e-02 1.794213056564331055e-01 4.177663847804069519e-02 1.197525486350059509e-01
3.778119757771492004e-02 6.866836547851562500e-02 8.191166073083877563e-02 1.671603769063949585e-01 7.327985018491744995e-02 3.825297811999917030e-03 8.028462529182434082e-02 1.362833380699157715e-02 8.184719085693359375e-02 1.333871781826019287e-01 1.626617461442947388e-02 1.262480467557907104e-01 7.610568404197692871e-02 8.928724564611911774e-03 1.770416647195816040e-02 7.783463597297668457e-02 4.815283790230751038e-02 8.780573494732379913e-03 7.146443426609039307e-02 2.218095958232879639e-01 1.691275537014007568e-01 6.594397872686386108e-02 6.140884011983871460e-02 7.317354530096054077e-02 0.000000000000000000e+00 1.331661939620971680e-01 6.029102206230163574e-02 1.364136338233947754e-01 9.754805825650691986e-03 6.388609856367111206e-02 6.143847480416297913e-02 1.076612398028373718e-01 3.149317950010299683e-02 4.699077084660530090e-02
9.586732089519500732e-02 6.509306281805038452e-02 5.181978270411491394e-02 3.476812317967414856e-02 2.044509202241897583e-01 1.369217485189437866e-01 5.345305055379867554e-02 1.197552010416984558e-01 5.188450589776039124e-02 2.249754616059362888e-04 1.171537935733795166e-01 7.036440540105104446e-03 5.764472484588623047e-02 1.419261842966079712e-01 1.505155116319656372e-01 5.591107904911041260e-02 8.556201308965682983e-02 1.245312392711639404e-01 6.229459866881370544e-02 9.134138375520706177e-02 3.678993880748748779e-02 6.781775504350662231e-02 7.234899699687957764e-02 6.058298796415328979e-02 1.331661939620971680e-01 0.000000000000000000e+00 7.346500456333160400e-02 3.307520411908626556e-03 1.427355855703353882e-01 6.987455487251281738e-02 7.231940329074859619e-02 2.374235242605209351e-01 1.021012142300605774e-01 1.790366172790527344e-01
2.256121486425399780e-02 8.412168361246585846e-03 2.172793820500373840e-02 1.079573780298233032e-01 1.329833269119262695e-01 6.410153955221176147e-02 2.009084261953830719e-02 4.670106247067451477e-02 2.166307531297206879e-02 7.368876039981842041e-02 4.406806826591491699e-02 6.646292656660079956e-02 1.588756032288074493e-02 6.918250769376754761e-02 7.791202515363693237e-02 1.762632466852664948e-02 1.217352598905563354e-02 5.153773352503776550e-02 1.122176554054021835e-02 1.637078374624252319e-01 1.099577471613883972e-01 5.675519816577434540e-03 1.121969893574714661e-03 1.293961051851511002e-02 6.029102206230163574e-02 7.346500456333160400e-02 0.000000000000000000e+00 7.675386965274810791e-02 7.000465691089630127e-02 3.608979983255267143e-03 1.151718432083725929e-03 1.668691039085388184e-01 2.885262668132781982e-02 1.069786995649337769e-01
9.914340078830718994e-02 6.838585436344146729e-02 5.511785671114921570e-02 3.146422281861305237e-02 2.076180577278137207e-01 1.401657760143280029e-01 5.675054341554641724e-02 1.230139881372451782e-01 5.518255382776260376e-02 3.082547802478075027e-03 1.204146519303321838e-01 1.034372020512819290e-02 6.094062328338623047e-02 1.451655477285385132e-01 1.537465006113052368e-01 5.920764803886413574e-02 8.884438872337341309e-02 1.277861148118972778e-01 6.558860093355178833e-02 8.806046843528747559e-02 3.348649665713310242e-02 7.110933214426040649e-02 7.563842087984085083e-02 6.387770175933837891e-02 1.364136338233947754e-01 3.307520411908626556e-03 7.675386965274810791e-02 0.000000000000000000e+00 1.459741890430450439e-01 7.316516339778900146e-02 7.560884207487106323e-02 2.405421584844589233e-01 1.053731516003608704e-01 1.822362393140792847e-01
4.751849174499511719e-02 7.837067544460296631e-02 9.159328043460845947e-02 1.766271740198135376e-01 6.357048451900482178e-02 5.929728969931602478e-03 8.996895700693130493e-02 2.338003180921077728e-02 9.152892976999282837e-02 1.429559737443923950e-01 2.601685374975204468e-02 1.358355730772018433e-01 8.579679578542709351e-02 8.261522743850946426e-04 7.950733415782451630e-03 8.752298355102539062e-02 5.788046121597290039e-02 1.853379234671592712e-02 8.116266876459121704e-02 2.310644090175628662e-01 1.785877197980880737e-01 7.565011829137802124e-02 7.112103700637817383e-02 8.286920189857482910e-02 9.754805825650691986e-03 1.427355855703353882e-01 7.000465691089630127e-02 1.459741890430450439e-01 0.000000000000000000e+00 7.359504699707031250e-02 7.115063816308975220e-02 9.800935536623001099e-02 4.123531654477119446e-02 3.725303709506988525e-02
2.616806514561176300e-02 4.803333897143602371e-03 1.812037825584411621e-02 1.043890714645385742e-01 1.365267932415008545e-01 6.769485771656036377e-02 1.648305915296077728e-02 5.030156672000885010e-02 1.805550605058670044e-02 7.009842246770858765e-02 4.766946285963058472e-02 6.286901980638504028e-02 1.227928511798381805e-02 7.277331501245498657e-02 8.149808645248413086e-02 1.401823852211236954e-02 1.578181236982345581e-02 5.513645708560943604e-02 7.613093126565217972e-03 1.601935029029846191e-01 1.063909977674484253e-01 2.066582674160599709e-03 2.487019868567585945e-03 9.331065230071544647e-03 6.388609856367111206e-02 6.987455487251281738e-02 3.608979983255267143e-03 7.316516339778900146e-02 7.359504699707031250e-02 0.000000000000000000e+00 2.457271562889218330e-03 1.703754812479019165e-01 3.245822712779045105e-02 1.105450093746185303e-01
2.371231652796268463e-02 7.260520011186599731e-03 2.057673595845699310e-02 1.068189367651939392e-01 1.341145187616348267e-01 6.524843722581863403e-02 1.893956400454044342e-02 4.785020649433135986e-02 2.051186747848987579e-02 7.254319638013839722e-02 4.521748796105384827e-02 6.531620025634765625e-02 1.473611127585172653e-02 7.032861560583114624e-02 7.905665040016174316e-02 1.647494174540042877e-02 1.332505699247121811e-02 5.268632248044013977e-02 1.007017586380243301e-02 1.625867933034896851e-01 1.088198125362396240e-01 4.523831419646739960e-03 2.974862400151323527e-05 1.178806647658348083e-02 6.143847480416297913e-02 7.231940329074859619e-02 1.151718432083725929e-03 7.560884207487106323e-02 7.115063816308975220e-02 2.457271562889218330e-03 0.000000000000000000e+00 1.679885536432266235e-01 3.000334836542606354e-02 1.081171110272407532e-01
1.448532342910766602e-01 1.750355660915374756e-01 1.879157274961471558e-01 2.699631750583648682e-01 3.465479239821434021e-02 1.038787141442298889e-01 1.863352656364440918e-01 1.211118623614311218e-01 1.878531128168106079e-01 2.376358211040496826e-01 1.237107664346694946e-01 2.307726293802261353e-01 1.822734326124191284e-01 9.882751107215881348e-02 9.012886136770248413e-02 1.839543730020523071e-01 1.550104767084121704e-01 1.163318380713462830e-01 1.777580082416534424e-01 3.217864632606506348e-01 2.718390226364135742e-01 1.723813712596893311e-01 1.679596453905105591e-01 1.794213056564331055e-01 1.076612398028373718e-01 2.374235242605209351e-01 1.668691039085388184e-01 2.405421584844589233e-01 9.800935536623001099e-02 1.703754812479019165e-01 1.679885536432266235e-01 0.000000000000000000e+00 1.386841982603073120e-01 6.097896769642829895e-02
6.295510567724704742e-03 3.725575283169746399e-02 5.054887756705284119e-02 1.363851875066757202e-01 1.045317947864532471e-01 3.531422466039657593e-02 4.891511797904968262e-02 1.787251606583595276e-02 5.048414692282676697e-02 1.023238375782966614e-01 1.523480843752622604e-02 9.513311088085174561e-02 4.471968859434127808e-02 4.041054099798202515e-02 4.916993156075477600e-02 4.645532742142677307e-02 1.668496243655681610e-02 2.271888777613639832e-02 4.006141796708106995e-02 1.916552186012268066e-01 1.383713781833648682e-01 3.452249616384506226e-02 2.997362799942493439e-02 4.177663847804069519e-02 3.149317950010299683e-02 1.021012142300605774e-01 2.885262668132781982e-02 1.053731516003608704e-01 4.123531654477119446e-02 3.245822712779045105e-02 3.000334836542606354e-02 1.386841982603073120e-01 0.000000000000000000e+00 7.836797833442687988e-02
8.462172746658325195e-02 1.152871176600456238e-01 1.284081786870956421e-01 2.124821096658706665e-01 2.637992054224014282e-02 4.317322745919227600e-02 1.267970204353332520e-01 6.058030202984809875e-02 1.283443421125411987e-01 1.792543977499008179e-01 6.320863217115402222e-02 1.722171455621719360e-01 1.226577907800674438e-01 3.807801753282546997e-02 2.931098826229572296e-02 1.243705078959465027e-01 9.492880851030349731e-02 5.574833974242210388e-02 1.180587410926818848e-01 2.660275399684906006e-01 2.144142836332321167e-01 1.125858724117279053e-01 1.080877110362052917e-01 1.197525486350059509e-01 4.699077084660530090e-02 1.790366172790527344e-01 1.069786995649337769e-01 1.822362393140792847e-01 3.725303709506988525e-02 1.105450093746185303e-01 1.081171110272407532e-01 6.097896769642829895e-02 7.836797833442687988e-02 0.000000000000000000e+00
