0.000000000000000000e+00 3.018019907176494598e-02 4.104516282677650452e-02 1.294237822294235229e-01 1.154678314924240112e-01 3.763394430279731750e-02 3.485472872853279114e-02 2.364551089704036713e-02 4.550389945507049561e-02 9.650130569934844971e-02 2.214697748422622681e-02 9.203435480594635010e-02 3.530320525169372559e-02 4.942579567432403564e-02 6.434413045644760132e-02 3.654029220342636108e-02 7.477690465748310089e-03 1.613731123507022858e-02 2.908027730882167816e-02 1.829183548688888550e-01 1.307419687509536743e-01 3.168783336877822876e-02 2.675139531493186951e-02 3.217187151312828064e-02 3.399079293012619019e-02 9.575499594211578369e-02 2.992932684719562531e-02 1.001802384853363037e-01 4.347158968448638916e-02 2.087187208235263824e-02 2.895210497081279755e-02 1.387682408094406128e-01 1.132188271731138229e-02 8.773983269929885864e-02
3.018019907176494598e-02 0.000000000000000000e+00 1.087844558060169220e-02 9.963274002075195312e-02 1.451422274112701416e-01 6.773719936609268188e-02 4.679457284510135651e-03 5.378732457756996155e-02 1.534477341920137405e-02 6.651482731103897095e-02 5.229222401976585388e-02 6.202643737196922302e-02 5.128473043441772461e-03 7.948742061853408813e-02 9.434112161397933960e-02 6.367116700857877731e-03 2.270763181149959564e-02 4.629496112465858459e-02 1.100886380299925804e-03 1.535860151052474976e-01 1.009601429104804993e-01 1.509080058895051479e-03 3.431572346016764641e-03 1.993611222133040428e-03 6.410522758960723877e-02 6.576485186815261841e-02 2.510969643481075764e-04 7.021232694387435913e-02 7.355528324842453003e-02 9.314191527664661407e-03 1.229166169650852680e-03 1.682438254356384277e-01 4.148790240287780762e-02 1.176085919141769409e-01
4.104516282677650452e-02 1.087844558060169220e-02 0.000000000000000000e+00 8.885059505701065063e-02 1.557747274637222290e-01 7.855775952339172363e-02 6.199303548783063889e-03 6.462795287370681763e-02 4.467074293643236160e-03 5.567667260766029358e-02 6.313475221395492554e-02 5.118252709507942200e-02 5.750293377786874771e-03 9.028779715299606323e-02 1.051116958260536194e-01 4.511641338467597961e-03 3.357778117060661316e-02 5.714462697505950928e-02 1.197918877005577087e-02 1.429464071989059448e-01 9.018074721097946167e-02 9.369519539177417755e-03 1.430948451161384583e-02 8.885026909410953522e-03 7.493141293525695801e-02 5.492569878697395325e-02 1.112951152026653290e-02 5.937923118472099304e-02 8.436621725559234619e-02 2.019059099256992340e-02 1.210745051503181458e-02 1.787950396537780762e-01 5.234272778034210205e-02 1.283228695392608643e-01
1.294237822294235229e-01 9.963274002075195312e-02 8.885059505701065063e-02 0.000000000000000000e+00 2.412857711315155029e-01 1.662479639053344727e-01 9.499757736921310425e-02 1.526022851467132568e-01 8.441703021526336670e-02 3.333885222673416138e-02 1.511375308036804199e-01 3.784015402197837830e-02 9.455258399248123169e-02 1.777127534151077271e-01 1.921675950288772583e-01 9.332482516765594482e-02 1.220642179250717163e-01 1.452576965093612671e-01 1.007225885987281799e-01 5.479170754551887512e-02 1.340888557024300098e-03 9.813842177391052246e-02 1.030290946364402771e-01 9.765853732824325562e-02 1.626988053321838379e-01 3.409127146005630493e-02 9.988134354352951050e-02 2.962767891585826874e-02 1.719280481338500977e-01 1.088459268212318420e-01 1.008495613932609558e-01 2.634602785110473633e-01 1.405397206544876099e-01 2.147252708673477173e-01
1.154678314924240112e-01 1.451422274112701416e-01 1.557747274637222290e-01 2.412857711315155029e-01 0.000000000000000000e+00 7.817359268665313721e-02 1.497200131416320801e-01 9.207370877265930176e-02 1.601303666830062866e-01 2.096332460641860962e-01 9.356011450290679932e-02 2.053202241659164429e-01 1.501589268445968628e-01 6.642110645771026611e-02 5.150638148188591003e-02 1.513694524765014648e-01 1.228394582867622375e-01 9.951595216989517212e-02 1.440643668174743652e-01 2.922142744064331055e-01 2.425481826066970825e-01 1.466192007064819336e-01 1.417812705039978027e-01 1.470932811498641968e-01 8.179808408021926880e-02 2.089129388332366943e-01 1.448964178562164307e-01 2.131820619106292725e-01 7.235945761203765869e-02 1.360119134187698364e-01 1.439387500286102295e-01 2.367984317243099213e-02 1.042822822928428650e-01 2.801179513335227966e-02
3.763394430279731750e-02 6.773719936609268188e-02 7.855775952339172363e-02 1.662479639053344727e-01 7.817359268665313721e-02 0.000000000000000000e+00 7.239371538162231445e-02 1.400088984519243240e-02 8.299570530652999878e-02 1.336498707532882690e-01 1.549988053739070892e-02 1.292207241058349609e-01 7.284037023782730103e-02 1.181382872164249420e-02 2.677502483129501343e-02 7.407236844301223755e-02 4.509894177317619324e-02 2.150969393551349640e-02 6.664127856492996216e-02 2.190443873405456543e-01 1.675514876842498779e-01 6.923919916152954102e-02 6.432057917118072510e-02 6.972140073776245117e-02 3.647816600278019905e-03 1.329099684953689575e-01 6.748725473880767822e-02 1.372965574264526367e-01 5.847214255481958389e-03 5.845989286899566650e-02 6.651356816291809082e-02 1.016652435064315796e-01 2.632327377796173096e-02 5.027188360691070557e-02
3.485472872853279114e-02 4.679457284510135651e-03 6.199303548783063889e-03 9.499757736921310425e-02 1.497200131416320801e-01 7.239371538162231445e-02 0.000000000000000000e+00 5.845206603407859802e-02 1.066608261317014694e-02 6.185462698340415955e-02 5.695774406194686890e-02 5.736362934112548828e-02 4.490264691412448883e-04 8.413558453321456909e-02 9.897688776254653931e-02 1.687709358520805836e-03 2.738417685031890869e-02 5.096337944269180298e-02 5.780314560979604721e-03 1.490136533975601196e-01 9.632620215415954590e-02 3.170399926602840424e-03 8.110900409519672394e-03 2.685871208086609840e-03 6.876405328512191772e-02 6.110419705510139465e-02 4.930548369884490967e-03 6.555440276861190796e-02 7.820782065391540527e-02 1.399303879588842392e-02 5.908589810132980347e-03 1.727872490882873535e-01 4.615840315818786621e-02 1.222207993268966675e-01
2.364551089704036713e-02 5.378732457756996155e-02 6.462795287370681763e-02 1.526022851467132568e-01 9.207370877265930176e-02 1.400088984519243240e-02 5.845206603407859802e-02 0.000000000000000000e+00 6.907509267330169678e-02 1.198732852935791016e-01 1.499316655099391937e-03 1.154286712408065796e-01 5.889954790472984314e-02 2.581045031547546387e-02 4.076063260436058044e-02 6.013384833931922913e-02 3.111769817769527435e-02 7.511066272854804993e-03 5.268955603241920471e-02 2.056742757558822632e-01 1.539116650819778442e-01 5.529191717505455017e-02 5.036504566669464111e-02 5.577495321631431580e-02 1.035360153764486313e-02 1.191307753324508667e-01 5.353694781661033630e-02 1.235331222414970398e-01 1.984647847712039948e-02 4.449542239308357239e-02 5.256163328886032104e-02 1.155017241835594177e-01 1.232692785561084747e-02 6.422756612300872803e-02
4.550389945507049561e-02 1.534477341920137405e-02 4.467074293643236160e-03 8.441703021526336670e-02 1.601303666830062866e-01 8.299570530652999878e-02 1.066608261317014694e-02 6.907509267330169678e-02 0.000000000000000000e+00 5.122233554720878601e-02 6.758277118206024170e-02 4.672613367438316345e-02 1.021710410714149475e-02 9.471666812896728516e-02 1.095273420214653015e-01 8.978534489870071411e-03 3.803915157914161682e-02 6.159597635269165039e-02 1.644538156688213348e-02 1.385678052902221680e-01 8.574821054935455322e-02 1.383601315319538116e-02 1.877535693347454071e-02 1.335157174617052078e-02 7.937192171812057495e-02 5.047100782394409180e-02 1.559581141918897629e-02 5.492673441767692566e-02 8.879983425140380859e-02 2.465544082224369049e-02 1.657362654805183411e-02 1.831158548593521118e-01 5.679651722311973572e-02 1.327138543128967285e-01
9.650130569934844971e-02 6.651482731103897095e-02 5.567667260766029358e-02 3.333885222673416138e-02 2.096332460641860962e-01 1.336498707532882690e-01 6.185462698340415955e-02 1.198732852935791016e-01 5.122233554720878601e-02 0.000000000000000000e+00 1.183952540159225464e-01 4.506989382207393646e-03 6.140730902552604675e-02 1.452343910932540894e-01 1.598528623580932617e-01 6.017319858074188232e-02 8.908789604902267456e-02 1.124634817242622375e-01 6.761077046394348145e-02 8.796986192464828491e-02 3.467819094657897949e-02 6.501227617263793945e-02 6.993044167757034302e-02 6.452976912260055542e-02 1.300654560327529907e-01 7.532754098065197468e-04 6.676480919122695923e-02 3.714843885973095894e-03 1.393881440162658691e-01 7.578207552433013916e-02 6.773845851421356201e-02 2.321606129407882690e-01 1.077055186033248901e-01 1.826942712068557739e-01
2.214697748422622681e-02 5.229222401976585388e-02 6.313475221395492554e-02 1.511375308036804199e-01 9.356011450290679932e-02 1.549988053739070892e-02 5.695774406194686890e-02 1.499316655099391937e-03 6.758277118206024170e-02 1.183952540159225464e-01 0.000000000000000000e+00 1.139490678906440735e-01 5.740530416369438171e-02 2.730870805680751801e-02 4.225736856460571289e-02 5.863981693983078003e-02 2.961976267397403717e-02 6.011816672980785370e-03 5.119428783655166626e-02 2.042379230260848999e-01 1.524475365877151489e-01 5.379706248641014099e-02 4.886942356824874878e-02 5.428017303347587585e-02 1.185273379087448120e-02 1.176524683833122253e-01 5.204180628061294556e-02 1.220564022660255432e-01 2.134515903890132904e-02 4.299897700548171997e-02 5.106634274125099182e-02 1.169807836413383484e-01 1.082781143486499786e-02 6.572055816650390625e-02
9.203435480594635010e-02 6.202643737196922302e-02 5.118252709507942200e-02 3.784015402197837830e-02 2.053202241659164429e-01 1.292207241058349609e-01 5.736362934112548828e-02 1.154286712408065796e-01 4.672613367438316345e-02 4.506989382207393646e-03 1.139490678906440735e-01 0.000000000000000000e+00 5.691606551408767700e-02 1.408195644617080688e-01 1.554578691720962524e-01 5.568131059408187866e-02 8.461489528417587280e-02 1.080112382769584656e-01 6.312301009893417358e-02 9.244020283222198486e-02 3.917905688285827637e-02 6.052301824092864990e-02 6.544407457113265991e-02 6.004025042057037354e-02 1.256321221590042114e-01 3.753726603463292122e-03 6.227656453847885132e-02 8.221696130931377411e-03 1.349659562110900879e-01 7.129943370819091797e-02 6.325077265501022339e-02 2.278920859098434448e-01 1.032486408948898315e-01 1.783341020345687866e-01
3.530320525169372559e-02 5.128473043441772461e-03 5.750293377786874771e-03 9.455258399248123169e-02 1.501589268445968628e-01 7.284037023782730103e-02 4.490264691412448883e-04 5.889954790472984314e-02 1.021710410714149475e-02 6.140730902552604675e-02 5.740530416369438171e-02 5.691606551408767700e-02 0.000000000000000000e+00 8.458141237497329712e-02 9.942150115966796875e-02 1.238683820702135563e-03 2.783286198973655701e-02 5.141122639179229736e-02 6.229324266314506531e-03 1.485745757818222046e-01 9.588131308555603027e-02 3.619421040639281273e-03 8.559894748032093048e-03 3.134893951937556267e-03 6.921093910932540894e-02 6.065683066844940186e-02 5.379563197493553162e-03 6.510729342699050903e-02 7.865408807992935181e-02 1.444197539240121841e-02 6.357599049806594849e-03 1.732228398323059082e-01 4.660645872354507446e-02 1.226630881428718567e-01
4.942579567432403564e-02 7.948742061853408813e-02 9.028779715299606323e-02 1.777127534151077271e-01 6.642110645771026611e-02 1.181382872164249420e-02 8.413558453321456909e-02 2.581045031547546387e-02 9.471666812896728516e-02 1.452343910932540894e-01 2.730870805680751801e-02 1.408195644617080688e-01 8.458141237497329712e-02 0.000000000000000000e+00 1.496593095362186432e-02 8.581110835075378418e-02 5.688246339559555054e-02 3.331505507230758667e-02 7.839339226484298706e-02 2.302623540163040161e-01 1.790109872817993164e-01 8.098678290843963623e-02 7.607659697532653809e-02 8.146812766790390015e-02 1.546097919344902039e-02 1.444969177246093750e-01 7.923790812492370605e-02 1.488689184188842773e-01 5.967026576399803162e-03 7.022522389888763428e-02 7.826589792966842651e-02 8.995945751667022705e-02 3.812524303793907166e-02 3.848091140389442444e-02
6.434413045644760132e-02 9.434112161397933960e-02 1.051116958260536194e-01 1.921675950288772583e-01 5.150638148188591003e-02 2.677502483129501343e-02 9.897688776254653931e-02 4.076063260436058044e-02 1.095273420214653015e-01 1.598528623580932617e-01 4.225736856460571289e-02 1.554578691720962524e-01 9.942150115966796875e-02 1.496593095362186432e-02 0.000000000000000000e+00 1.006477847695350647e-01 7.178727537393569946e-02 4.825692623853683472e-02 9.324992448091506958e-02 2.443861067295074463e-01 1.934586465358734131e-01 9.583656489849090576e-02 9.093899279832839966e-02 9.631661325693130493e-02 3.041987121105194092e-02 1.591187417507171631e-01 9.409224987030029297e-02 1.634706258773803711e-01 2.093108743429183960e-02 8.510170876979827881e-02 9.312275797128677368e-02 7.509463280439376831e-02 5.306090414524078369e-02 2.352853119373321533e-02
3.654029220342636108e-02 6.367116700857877731e-03 4.511641338467597961e-03 9.332482516765594482e-02 1.513694524765014648e-01 7.407236844301223755e-02 1.687709358520805836e-03 6.013384833931922913e-02 8.978534489870071411e-03 6.017319858074188232e-02 5.863981693983078003e-02 5.568131059408187866e-02 1.238683820702135563e-03 8.581110835075378418e-02 1.006477847695350647e-01 0.000000000000000000e+00 2.907054685056209564e-02 5.264655873179435730e-02 7.467950228601694107e-03 1.473630070686340332e-01 9.465386718511581421e-02 4.858082626014947891e-03 9.798474609851837158e-03 4.373561125248670578e-03 7.044358551502227783e-02 5.942261591553688049e-02 6.618203129619359970e-03 6.387376785278320312e-02 7.988499104976654053e-02 1.568037830293178558e-02 7.596222683787345886e-03 1.744240969419479370e-01 4.784237965941429138e-02 1.238829419016838074e-01
7.477690465748310089e-03 2.270763181149959564e-02 3.357778117060661316e-02 1.220642179250717163e-01 1.228394582867622375e-01 4.509894177317619324e-02 2.738417685031890869e-02 3.111769817769527435e-02 3.803915157914161682e-02 8.908789604902267456e-02 2.961976267397403717e-02 8.461489528417587280e-02 2.783286198973655701e-02 5.688246339559555054e-02 7.178727537393569946e-02 2.907054685056209564e-02 0.000000000000000000e+00 2.361215278506278992e-02 2.160728536546230316e-02 1.756809502840042114e-01 1.233849078416824341e-01 2.421588078141212463e-02 1.927756145596504211e-02 2.470012381672859192e-02 4.145794734358787537e-02 8.834055811166763306e-02 2.245666272938251495e-02 9.277204424142837524e-02 5.093272402882575989e-02 1.339627243578433990e-02 2.147906459867954254e-02 1.460943371057510376e-01 1.879798248410224915e-02 9.515509009361267090e-02
1.613731123507022858e-02 4.629496112465858459e-02 5.714462697505950928e-02 1.452576965093612671e-01 9.951595216989517212e-02 2.150969393551349640e-02 5.096337944269180298e-02 7.511066272854804993e-03 6.159597635269165039e-02 1.124634817242622375e-01 6.011816672980785370e-03 1.080112382769584656e-01 5.141122639179229736e-02 3.331505507230758667e-02 4.825692623853683472e-02 5.264655873179435730e-02 2.361215278506278992e-02 0.000000000000000000e+00 4.519637674093246460e-02 1.984698027372360229e-01 1.465700417757034302e-01 4.780069738626480103e-02 4.287019744515419006e-02 4.828411713242530823e-02 1.786327734589576721e-02 1.117196679115295410e-01 4.604440182447433472e-02 1.161298155784606934e-01 2.735346741974353790e-02 3.699672222137451172e-02 4.506835713982582092e-02 1.229061633348464966e-01 4.816307686269283295e-03 7.170403748750686646e-02
2.908027730882167816e-02 1.100886380299925804e-03 1.197918877005577087e-02 1.007225885987281799e-01 1.440643668174743652e-01 6.664127856492996216e-02 5.780314560979604721e-03 5.268955603241920471e-02 1.644538156688213348e-02 6.761077046394348145e-02 5.119428783655166626e-02 6.312301009893417358e-02 6.229324266314506531e-03 7.839339226484298706e-02 9.324992448091506958e-02 7.467950228601694107e-03 2.160728536546230316e-02 4.519637674093246460e-02 0.000000000000000000e+00 1.546607613563537598e-01 1.020496860146522522e-01 2.609962364658713341e-03 2.330694813281297684e-03 3.094490850344300270e-03 6.300878524780273438e-02 6.686089187860488892e-02 8.497897651977837086e-04 7.130770385265350342e-02 7.246026396751403809e-02 8.213389664888381958e-03 1.282799057662487030e-04 1.671739071607589722e-01 4.038885980844497681e-02 1.165227964520454407e-01
1.829183548688888550e-01 1.535860151052474976e-01 1.429464071989059448e-01 5.479170754551887512e-02 2.922142744064331055e-01 2.190443873405456543e-01 1.490136533975601196e-01 2.056742757558822632e-01 1.385678052902221680e-01 8.796986192464828491e-02 2.042379230260848999e-01 9.244020283222198486e-02 1.485745757818222046e-01 2.302623540163040161e-01 2.443861067295074463e-01 1.473630070686340332e-01 1.756809502840042114e-01 1.984698027372360229e-01 1.546607613563537598e-01 0.000000000000000000e+00 5.345474928617477417e-02 1.521122008562088013e-01 1.569348871707916260e-01 1.516388505697250366e-01 2.155688256025314331e-01 8.871725946664810181e-02 1.538311839103698730e-01 8.428256958723068237e-02 2.246039360761642456e-01 1.626675128936767578e-01 1.547859758138656616e-01 3.137232661247253418e-01 1.938387900590896606e-01 2.663829326629638672e-01
1.307419687509536743e-01 1.009601429104804993e-01 9.018074721097946167e-02 1.340888557024300098e-03 2.425481826066970825e-01 1.675514876842498779e-01 9.632620215415954590e-02 1.539116650819778442e-01 8.574821054935455322e-02 3.467819094657897949e-02 1.524475365877151489e-01 3.917905688285827637e-02 9.588131308555603027e-02 1.790109872817993164e-01 1.934586465358734131e-01 9.465386718511581421e-02 1.233849078416824341e-01 1.465700417757034302e-01 1.020496860146522522e-01 5.345474928617477417e-02 0.000000000000000000e+00 9.946621954441070557e-02 1.043555662035942078e-01 9.898645430803298950e-02 1.640039235353469849e-01 3.543053939938545227e-02 1.012086793780326843e-01 3.096733614802360535e-02 1.732290089130401611e-01 1.101707443594932556e-01 1.021766290068626404e-01 2.647076845169067383e-01 1.418538689613342285e-01 2.160039544105529785e-01
3.168783336877822876e-02 1.509080058895051479e-03 9.369519539177417755e-03 9.813842177391052246e-02 1.466192007064819336e-01 6.923919916152954102e-02 3.170399926602840424e-03 5.529191717505455017e-02 1.383601315319538116e-02 6.501227617263793945e-02 5.379706248641014099e-02 6.052301824092864990e-02 3.619421040639281273e-03 8.098678290843963623e-02 9.583656489849090576e-02 4.858082626014947891e-03 2.421588078141212463e-02 4.780069738626480103e-02 2.609962364658713341e-03 1.521122008562088013e-01 9.946621954441070557e-02 0.000000000000000000e+00 4.940627142786979675e-03 4.845324729103595018e-04 6.560795754194259644e-02 6.426214426755905151e-02 1.760176382958889008e-03 6.871052831411361694e-02 7.505603134632110596e-02 1.082312036305665970e-02 2.738241339102387428e-03 1.697098314762115479e-01 4.299429059028625488e-02 1.190965399146080017e-01
2.675139531493186951e-02 3.431572346016764641e-03 1.430948451161384583e-02 1.030290946364402771e-01 1.417812705039978027e-01 6.432057917118072510e-02 8.110900409519672394e-03 5.036504566669464111e-02 1.877535693347454071e-02 6.993044167757034302e-02 4.886942356824874878e-02 6.544407457113265991e-02 8.559894748032093048e-03 7.607659697532653809e-02 9.093899279832839966e-02 9.798474609851837158e-03 1.927756145596504211e-02 4.287019744515419006e-02 2.330694813281297684e-03 1.569348871707916260e-01 1.043555662035942078e-01 4.940627142786979675e-03 0.000000000000000000e+00 5.425146780908107758e-03 6.068699806928634644e-02 6.918080896139144897e-02 3.180478466674685478e-03 7.362616062164306641e-02 7.014141231775283813e-02 5.882807075977325439e-03 2.202415606006979942e-03 1.649074703454971313e-01 3.806174919009208679e-02 1.142231225967407227e-01
3.217187151312828064e-02 1.993611222133040428e-03 8.885026909410953522e-03 9.765853732824325562e-02 1.470932811498641968e-01 6.972140073776245117e-02 2.685871208086609840e-03 5.577495321631431580e-02 1.335157174617052078e-02 6.452976912260055542e-02 5.428017303347587585e-02 6.004025042057037354e-02 3.134893951937556267e-03 8.146812766790390015e-02 9.631661325693130493e-02 4.373561125248670578e-03 2.470012381672859192e-02 4.828411713242530823e-02 3.094490850344300270e-03 1.516388505697250366e-01 9.898645430803298950e-02 4.845324729103595018e-04 5.425146780908107758e-03 0.000000000000000000e+00 6.609039008617401123e-02 6.377960741519927979e-02 2.244706964120268822e-03 6.822826713323593140e-02 7.553781569004058838e-02 1.130759250372648239e-02 3.222769359126687050e-03 1.701803505420684814e-01 4.347791895270347595e-02 1.195741742849349976e-01
3.399079293012619019e-02 6.410522758960723877e-02 7.493141293525695801e-02 1.626988053321838379e-01 8.179808408021926880e-02 3.647816600278019905e-03 6.876405328512191772e-02 1.035360153764486313e-02 7.937192171812057495e-02 1.300654560327529907e-01 1.185273379087448120e-02 1.256321221590042114e-01 6.921093910932540894e-02 1.546097919344902039e-02 3.041987121105194092e-02 7.044358551502227783e-02 4.145794734358787537e-02 1.786327734589576721e-02 6.300878524780273438e-02 2.155688256025314331e-01 1.640039235353469849e-01 6.560795754194259644e-02 6.068699806928634644e-02 6.609039008617401123e-02 0.000000000000000000e+00 1.293248534202575684e-01 6.385515630245208740e-02 1.337157040834426880e-01 9.494828991591930389e-03 5.482376739382743835e-02 6.288100779056549072e-02 1.052740141749382019e-01 2.267763391137123108e-02 5.390981584787368774e-02
9.575499594211578369e-02 6.576485186815261841e-02 5.492569878697395325e-02 3.409127146005630493e-02 2.089129388332366943e-01 1.329099684953689575e-01 6.110419705510139465e-02 1.191307753324508667e-01 5.047100782394409180e-02 7.532754098065197468e-04 1.176524683833122253e-01 3.753726603463292122e-03 6.065683066844940186e-02 1.444969177246093750e-01 1.591187417507171631e-01 5.942261591553688049e-02 8.834055811166763306e-02 1.117196679115295410e-01 6.686089187860488892e-02 8.871725946664810181e-02 3.543053939938545227e-02 6.426214426755905151e-02 6.918080896139144897e-02 6.377960741519927979e-02 1.293248534202575684e-01 0.000000000000000000e+00 6.601486355066299438e-02 4.468107596039772034e-03 1.386494487524032593e-01 7.503308355808258057e-02 6.698859483003616333e-02 2.314478158950805664e-01 1.069609075784683228e-01 1.819660216569900513e-01
2.992932684719562531e-02 2.510969643481075764e-04 1.112951152026653290e-02 9.988134354352951050e-02 1.448964178562164307e-01 6.748725473880767822e-02 4.930548369884490967e-03 5.353694781661033630e-02 1.559581141918897629e-02 6.676480919122695923e-02 5.204180628061294556e-02 6.227656453847885132e-02 5.379563197493553162e-03 7.923790812492370605e-02 9.409224987030029297e-02 6.618203129619359970e-03 2.245666272938251495e-02 4.604440182447433472e-02 8.497897651977837086e-04 1.538311839103698730e-01 1.012086793780326843e-01 1.760176382958889008e-03 3.180478466674685478e-03 2.244706964120268822e-03 6.385515630245208740e-02 6.601486355066299438e-02 0.000000000000000000e+00 7.046218216419219971e-02 7.330553978681564331e-02 9.063115343451499939e-03 9.780696127563714981e-04 1.679998189210891724e-01 4.123723506927490234e-02 1.173609644174575806e-01
1.001802384853363037e-01 7.021232694387435913e-02 5.937923118472099304e-02 2.962767891585826874e-02 2.131820619106292725e-01 1.372965574264526367e-01 6.555440276861190796e-02 1.235331222414970398e-01 5.492673441767692566e-02 3.714843885973095894e-03 1.220564022660255432e-01 8.221696130931377411e-03 6.510729342699050903e-02 1.488689184188842773e-01 1.634706258773803711e-01 6.387376785278320312e-02 9.277204424142837524e-02 1.161298155784606934e-01 7.130770385265350342e-02 8.428256958723068237e-02 3.096733614802360535e-02 6.871052831411361694e-02 7.362616062164306641e-02 6.822826713323593140e-02 1.337157040834426880e-01 4.468107596039772034e-03 7.046218216419219971e-02 0.000000000000000000e+00 1.430289447307586670e-01 7.947453856468200684e-02 7.143532484769821167e-02 2.356721907854080200e-01 1.113757938146591187e-01 1.862826794385910034e-01
4.347158968448638916e-02 7.355528324842453003e-02 8.436621725559234619e-02 1.719280481338500977e-01 7.235945761203765869e-02 5.847214255481958389e-03 7.820782065391540527e-02 1.984647847712039948e-02 8.879983425140380859e-02 1.393881440162658691e-01 2.134515903890132904e-02 1.349659562110900879e-01 7.865408807992935181e-02 5.967026576399803162e-03 2.093108743429183960e-02 7.988499104976654053e-02 5.093272402882575989e-02 2.735346741974353790e-02 7.246026396751403809e-02 2.246039360761642456e-01 1.732290089130401611e-01 7.505603134632110596e-02 7.014141231775283813e-02 7.553781569004058838e-02 9.494828991591930389e-03 1.386494487524032593e-01 7.330553978681564331e-02 1.430289447307586670e-01 0.000000000000000000e+00 6.428512930870056152e-02 7.233265787363052368e-02 9.587501734495162964e-02 3.216553851962089539e-02 4.443773627281188965e-02
2.087187208235263824e-02 9.314191527664661407e-03 2.019059099256992340e-02 1.088459268212318420e-01 1.360119134187698364e-01 5.845989286899566650e-02 1.399303879588842392e-02 4.449542239308357239e-02 2.465544082224369049e-02 7.578207552433013916e-02 4.299897700548171997e-02 7.129943370819091797e-02 1.444197539240121841e-02 7.022522389888763428e-02 8.510170876979827881e-02 1.568037830293178558e-02 1.339627243578433990e-02 3.699672222137451172e-02 8.213389664888381958e-03 1.626675128936767578e-01 1.101707443594932556e-01 1.082312036305665970e-02 5.882807075977325439e-03 1.130759250372648239e-02 5.482376739382743835e-02 7.503308355808258057e-02 9.063115343451499939e-03 7.947453856468200684e-02 6.428512930870056152e-02 0.000000000000000000e+00 8.085118606686592102e-03 1.591790765523910522e-01 3.218615055084228516e-02 1.084131672978401184e-01
2.895210497081279755e-02 1.229166169650852680e-03 1.210745051503181458e-02 1.008495613932609558e-01 1.439387500286102295e-01 6.651356816291809082e-02 5.908589810132980347e-03 5.256163328886032104e-02 1.657362654805183411e-02 6.773845851421356201e-02 5.106634274125099182e-02 6.325077265501022339e-02 6.357599049806594849e-03 7.826589792966842651e-02 9.312275797128677368e-02 7.596222683787345886e-03 2.147906459867954254e-02 4.506835713982582092e-02 1.282799057662487030e-04 1.547859758138656616e-01 1.021766290068626404e-01 2.738241339102387428e-03 2.202415606006979942e-03 3.222769359126687050e-03 6.288100779056549072e-02 6.698859483003616333e-02 9.780696127563714981e-04 7.143532484769821167e-02 7.233265787363052368e-02 8.085118606686592102e-03 0.000000000000000000e+00 1.670492142438888550e-01 4.026079177856445312e-02 1.163962557911872864e-01
1.387682408094406128e-01 1.682438254356384277e-01 1.787950396537780762e-01 2.634602785110473633e-01 2.367984317243099213e-02 1.016652435064315796e-01 1.727872490882873535e-01 1.155017241835594177e-01 1.831158548593521118e-01 2.321606129407882690e-01 1.169807836413383484e-01 2.278920859098434448e-01 1.732228398323059082e-01 8.995945751667022705e-02 7.509463280439376831e-02 1.744240969419479370e-01 1.460943371057510376e-01 1.229061633348464966e-01 1.671739071607589722e-01 3.137232661247253418e-01 2.647076845169067383e-01 1.697098314762115479e-01 1.649074703454971313e-01 1.701803505420684814e-01 1.052740141749382019e-01 2.314478158950805664e-01 1.679998189210891724e-01 2.356721907854080200e-01 9.587501734495162964e-02 1.591790765523910522e-01 1.670492142438888550e-01 0.000000000000000000e+00 1.276469230651855469e-01 5.165737122297286987e-02
1.132188271731138229e-02 4.148790240287780762e-02 5.234272778034210205e-02 1.405397206544876099e-01 1.042822822928428650e-01 2.632327377796173096e-02 4.615840315818786621e-02 1.232692785561084747e-02 5.679651722311973572e-02 1.077055186033248901e-01 1.082781143486499786e-02 1.032486408948898315e-01 4.660645872354507446e-02 3.812524303793907166e-02 5.306090414524078369e-02 4.784237965941429138e-02 1.879798248410224915e-02 4.816307686269283295e-03 4.038885980844497681e-02 1.938387900590896606e-01 1.418538689613342285e-01 4.299429059028625488e-02 3.806174919009208679e-02 4.347791895270347595e-02 2.267763391137123108e-02 1.069609075784683228e-01 4.123723506927490234e-02 1.113757938146591187e-01 3.216553851962089539e-02 3.218615055084228516e-02 4.026079177856445312e-02 1.276469230651855469e-01 0.000000000000000000e+00 7.649393379688262939e-02
8.773983269929885864e-02 1.176085919141769409e-01 1.283228695392608643e-01 2.147252708673477173e-01 2.801179513335227966e-02 5.027188360691070557e-02 1.222207993268966675e-01 6.422756612300872803e-02 1.327138543128967285e-01 1.826942712068557739e-01 6.572055816650390625e-02 1.783341020345687866e-01 1.226630881428718567e-01 3.848091140389442444e-02 2.352853119373321533e-02 1.238829419016838074e-01 9.515509009361267090e-02 7.170403748750686646e-02 1.165227964520454407e-01 2.663829326629638672e-01 2.160039544105529785e-01 1.190965399146080017e-01 1.142231225967407227e-01 1.195741742849349976e-01 5.390981584787368774e-02 1.819660216569900513e-01 1.173609644174575806e-01 1.862826794385910034e-01 4.443773627281188965e-02 1.084131672978401184e-01 1.163962557911872864e-01 5.165737122297286987e-02 7.649393379688262939e-02 0.000000000000000000e+00
