0.000000000000000000e+00 3.752927109599113464e-02 4.619458317756652832e-02 1.337329000234603882e-01 1.136362403631210327e-01 3.794703260064125061e-02 4.032221436500549316e-02 2.153292670845985413e-02 4.541951417922973633e-02 9.619360417127609253e-02 2.085016667842864990e-02 9.326383471488952637e-02 3.950911387801170349e-02 4.435270652174949646e-02 5.948534607887268066e-02 4.287453368306159973e-02 1.121947541832923889e-02 2.747617103159427643e-02 3.659756109118461609e-02 1.814389377832412720e-01 1.357590705156326294e-01 3.634665161371231079e-02 2.631226368248462677e-02 3.772237151861190796e-02 3.178618848323822021e-02 9.977424889802932739e-02 2.307625114917755127e-02 1.034731343388557434e-01 4.670137539505958557e-02 2.495077252388000488e-02 2.613466233015060425e-02 1.408557146787643433e-01 4.370058886706829071e-03 7.993923872709274292e-02
3.752927109599113464e-02 0.000000000000000000e+00 8.680363185703754425e-03 9.668889641761779785e-02 1.505235731601715088e-01 7.536896318197250366e-02 2.797175897285342216e-03 5.901451036334037781e-02 7.903718389570713043e-03 5.887687951326370239e-02 5.833379179239273071e-02 5.593032389879226685e-02 1.982786227017641068e-03 8.174590766429901123e-02 9.679851680994033813e-02 5.353876389563083649e-03 2.632087655365467072e-02 6.493847817182540894e-02 9.329919121228158474e-04 1.448963135480880737e-01 9.873283654451370239e-02 1.184236258268356323e-03 1.122809201478958130e-02 1.933736202772706747e-04 6.923286616802215576e-02 6.247892975807189941e-02 1.446554623544216156e-02 6.620094180107116699e-02 8.408328145742416382e-02 1.259028632193803787e-02 1.140579394996166229e-02 1.774469465017318726e-01 4.189245402812957764e-02 1.171171441674232483e-01
4.619458317756652832e-02 8.680363185703754425e-03 0.000000000000000000e+00 8.808246999979019165e-02 1.589961946010589600e-01 8.399438112974166870e-02 5.883330479264259338e-03 6.766020506620407104e-02 7.766987546347081661e-04 5.022218823432922363e-02 6.698023527860641479e-02 4.727291315793991089e-02 6.697691977024078369e-03 9.036215394735336304e-02 1.053903326392173767e-01 3.326641395688056946e-03 3.499324619770050049e-02 7.357736676931381226e-02 9.613278321921825409e-03 1.363874822854995728e-01 9.012971818447113037e-02 9.864498861134052277e-03 1.990651339292526245e-02 8.487004786729812622e-03 7.786644250154495239e-02 5.382775887846946716e-02 2.314300648868083954e-02 5.755365267395973206e-02 9.269598126411437988e-02 2.126832678914070129e-02 2.008416689932346344e-02 1.858410835266113281e-01 5.055443942546844482e-02 1.256697475910186768e-01
1.337329000234603882e-01 9.668889641761779785e-02 8.808246999979019165e-02 0.000000000000000000e+00 2.436661720275878906e-01 1.708130985498428345e-01 9.391712397336959839e-02 1.548199951648712158e-01 8.885308355093002319e-02 3.802850469946861267e-02 1.541532427072525024e-01 4.098019003868103027e-02 9.472427517175674438e-02 1.770355403423309326e-01 1.916933059692382812e-01 9.138233214616775513e-02 1.226975321769714355e-01 1.606188863515853882e-01 9.761308878660202026e-02 4.889237880706787109e-02 2.063639927655458450e-03 9.786193072795867920e-02 1.077999621629714966e-01 9.649733453989028931e-02 1.648184657096862793e-01 3.441789373755455017e-02 1.109991967678070068e-01 3.068436682224273682e-02 1.793143600225448608e-01 1.091463193297386169e-01 1.079756170511245728e-01 2.695118188858032227e-01 1.380222886800765991e-01 2.114120423793792725e-01
1.136362403631210327e-01 1.505235731601715088e-01 1.589961946010589600e-01 2.436661720275878906e-01 0.000000000000000000e+00 7.601700723171234131e-02 1.532562226057052612e-01 9.232922643423080444e-02 1.582390367984771729e-01 2.075609862804412842e-01 9.300643205642700195e-02 2.047303020954132080e-01 1.524608433246612549e-01 6.963449716567993164e-02 5.451942607760429382e-02 1.557519435882568359e-01 1.246967315673828125e-01 8.642992377281188965e-02 1.496115922927856445e-01 2.891142070293426514e-01 2.456063032150268555e-01 1.493659615516662598e-01 1.395312994718551636e-01 1.507125645875930786e-01 8.214677125215530396e-02 2.110179662704467773e-01 1.363549232482910156e-01 2.145861983299255371e-01 6.729197502136230469e-02 1.381951868534088135e-01 1.393570303916931152e-01 2.766224555671215057e-02 1.093204692006111145e-01 3.400591015815734863e-02
3.794703260064125061e-02 7.536896318197250366e-02 8.399438112974166870e-02 1.708130985498428345e-01 7.601700723171234131e-02 0.000000000000000000e+00 7.814966887235641479e-02 1.642752811312675476e-02 8.322310447692871094e-02 1.336527615785598755e-01 1.711040362715721130e-02 1.307481229305267334e-01 7.734019309282302856e-02 6.416474469006061554e-03 2.158704400062561035e-02 8.069028705358505249e-02 4.914558678865432739e-02 1.048179063946008682e-02 7.444120943546295166e-02 2.178858071565628052e-01 1.728158295154571533e-01 7.419135421514511108e-02 6.419520080089569092e-02 7.556124031543731689e-02 6.168283987790346146e-03 1.372018158435821533e-01 6.096989288926124573e-02 1.408670544624328613e-01 8.769885636866092682e-03 6.283830851316452026e-02 6.401820480823516846e-02 1.034616902470588684e-01 3.358254209160804749e-02 4.211997613310813904e-02
4.032221436500549316e-02 2.797175897285342216e-03 5.883330479264259338e-03 9.391712397336959839e-02 1.532562226057052612e-01 7.814966887235641479e-02 0.000000000000000000e+00 6.180148199200630188e-02 5.106654483824968338e-03 5.608894303441047668e-02 6.112099811434745789e-02 5.314145982265472412e-02 8.143943268805742264e-04 8.452375978231430054e-02 9.956873953342437744e-02 2.556739142164587975e-03 2.911591157317161560e-02 6.772335618734359741e-02 3.730158321559429169e-03 1.421567350625991821e-01 9.596216678619384766e-02 3.981399349868297577e-03 1.402482669800519943e-02 2.603803761303424835e-03 7.201609760522842407e-02 5.969218164682388306e-02 1.726202480494976044e-02 6.341551244258880615e-02 8.686002343893051147e-02 1.538692135363817215e-02 1.420251559466123581e-02 1.801547110080718994e-01 4.468439891934394836e-02 1.198750585317611694e-01
2.153292670845985413e-02 5.901451036334037781e-02 6.766020506620407104e-02 1.548199951648712158e-01 9.232922643423080444e-02 1.642752811312675476e-02 6.180148199200630188e-02 0.000000000000000000e+00 6.688702851533889771e-02 1.174831837415695190e-01 6.830671336501836777e-04 1.145666912198066711e-01 6.099015846848487854e-02 2.284159325063228607e-02 3.800109401345252991e-02 6.434804946184158325e-02 3.274448961019515991e-02 5.946760531514883041e-03 5.808471515774726868e-02 2.021819502115249634e-01 1.568335294723510742e-01 5.783431231975555420e-02 4.781810194253921509e-02 5.920720472931861877e-02 1.026028301566839218e-02 1.210471242666244507e-01 4.458702355623245239e-02 1.247281506657600403e-01 2.519378438591957092e-02 4.645873978734016418e-02 4.764078184962272644e-02 1.196857988834381104e-01 1.716448366641998291e-02 5.850701406598091125e-02
4.541951417922973633e-02 7.903718389570713043e-03 7.766987546347081661e-04 8.885308355093002319e-02 1.582390367984771729e-01 8.322310447692871094e-02 5.106654483824968338e-03 6.688702851533889771e-02 0.000000000000000000e+00 5.099689215421676636e-02 6.620698422193527222e-02 4.804784804582595825e-02 5.921024829149246216e-03 8.959174156188964844e-02 1.046221926808357239e-01 2.549948869273066521e-03 3.421747684478759766e-02 7.280483096837997437e-02 8.836644701659679413e-03 1.371496617794036865e-01 9.090005606412887573e-02 9.087868966162204742e-03 1.913011260330677032e-02 7.710355799645185471e-03 7.709439843893051147e-02 5.460217595100402832e-02 2.236670628190040588e-02 5.832774192094802856e-02 9.192590415477752686e-02 2.049196511507034302e-02 1.930777169764041901e-02 1.850910782814025879e-01 4.977969080209732056e-02 1.249052435159683228e-01
9.619360417127609253e-02 5.887687951326370239e-02 5.022218823432922363e-02 3.802850469946861267e-02 2.075609862804412842e-01 1.336527615785598755e-01 5.608894303441047668e-02 1.174831837415695190e-01 5.099689215421676636e-02 0.000000000000000000e+00 1.168094947934150696e-01 2.956293290480971336e-03 5.690073966979980469e-02 1.399492323398590088e-01 1.547932177782058716e-01 5.353988334536552429e-02 8.506593853235244751e-02 1.233437806367874146e-01 5.980658903717994690e-02 8.675956726074218750e-02 4.008900001645088196e-02 6.005693227052688599e-02 7.005865871906280518e-02 5.868417769670486450e-02 1.275896728038787842e-01 3.615345107391476631e-03 7.328002154827117920e-02 7.352718617767095566e-03 1.422559171915054321e-01 7.141423225402832031e-02 7.023551315069198608e-02 2.338803708553314209e-01 1.005214080214500427e-01 1.747887879610061646e-01
2.085016667842864990e-02 5.833379179239273071e-02 6.698023527860641479e-02 1.541532427072525024e-01 9.300643205642700195e-02 1.711040362715721130e-02 6.112099811434745789e-02 6.830671336501836777e-04 6.620698422193527222e-02 1.168094947934150696e-01 0.000000000000000000e+00 1.138925254344940186e-01 6.030960008502006531e-02 2.352429367601871490e-02 3.868315741419792175e-02 6.366778910160064697e-02 3.206214308738708496e-02 6.629800889641046524e-03 5.740392580628395081e-02 2.015267312526702881e-01 1.561671942472457886e-01 5.715350806713104248e-02 4.713657125830650330e-02 5.852650851011276245e-02 1.094327401369810104e-02 1.203740015625953674e-01 4.390529543161392212e-02 1.240556612610816956e-01 2.587640471756458282e-02 4.577712714672088623e-02 4.695923998951911926e-02 1.203590258955955505e-01 1.648161187767982483e-02 5.918772146105766296e-02
9.326383471488952637e-02 5.593032389879226685e-02 4.727291315793991089e-02 4.098019003868103027e-02 2.047303020954132080e-01 1.307481229305267334e-01 5.314145982265472412e-02 1.145666912198066711e-01 4.804784804582595825e-02 2.956293290480971336e-03 1.138925254344940186e-01 0.000000000000000000e+00 5.395352467894554138e-02 1.370496302843093872e-01 1.519064307212829590e-01 5.059159547090530396e-02 8.213029801845550537e-02 1.204313933849334717e-01 5.686034634709358215e-02 8.969286084175109863e-02 4.304018989205360413e-02 5.711077526211738586e-02 6.711626797914505005e-02 5.573755130171775818e-02 1.246803998947143555e-01 6.571568548679351807e-03 7.033895701169967651e-02 1.030878722667694092e-02 1.393582373857498169e-01 6.847239285707473755e-02 6.729318946599960327e-02 2.310838401317596436e-01 9.759411215782165527e-02 1.719213128089904785e-01
3.950911387801170349e-02 1.982786227017641068e-03 6.697691977024078369e-03 9.472427517175674438e-02 1.524608433246612549e-01 7.734019309282302856e-02 8.143943268805742264e-04 6.099015846848487854e-02 5.921024829149246216e-03 5.690073966979980469e-02 6.030960008502006531e-02 5.395352467894554138e-02 0.000000000000000000e+00 8.371512591838836670e-02 9.876234829425811768e-02 3.371126484125852585e-03 2.830218523740768433e-02 6.691264361143112183e-02 2.915772842243313789e-03 1.429545879364013672e-01 9.676900506019592285e-02 3.167015034705400467e-03 1.321058347821235657e-02 1.789413276128470898e-03 7.120588421821594238e-02 6.050364300608634949e-02 1.644786261022090912e-02 6.422658264636993408e-02 8.605171740055084229e-02 1.457270886749029160e-02 1.338827610015869141e-02 1.793666332960128784e-01 4.387160018086433411e-02 1.190722808241844177e-01
4.435270652174949646e-02 8.174590766429901123e-02 9.036215394735336304e-02 1.770355403423309326e-01 6.963449716567993164e-02 6.416474469006061554e-03 8.452375978231430054e-02 2.284159325063228607e-02 8.959174156188964844e-02 1.399492323398590088e-01 2.352429367601871490e-02 1.370496302843093872e-01 8.371512591838836670e-02 0.000000000000000000e+00 1.517267059534788132e-02 8.706168830394744873e-02 5.554454401135444641e-02 1.689712889492511749e-02 8.081908524036407471e-02 2.239891439676284790e-01 1.790337562561035156e-01 8.056947588920593262e-02 7.058259844779968262e-02 8.193799108266830444e-02 1.258426066488027573e-02 1.434919685125350952e-01 6.736002117395401001e-02 1.471505165100097656e-01 2.353543648496270180e-03 6.922687590122222900e-02 7.040575891733169556e-02 9.710968285799026489e-02 3.999040275812149048e-02 3.571315109729766846e-02
5.948534607887268066e-02 9.679851680994033813e-02 1.053903326392173767e-01 1.916933059692382812e-01 5.451942607760429382e-02 2.158704400062561035e-02 9.956873953342437744e-02 3.800109401345252991e-02 1.046221926808357239e-01 1.547932177782058716e-01 3.868315741419792175e-02 1.519064307212829590e-01 9.876234829425811768e-02 1.517267059534788132e-02 0.000000000000000000e+00 1.020994856953620911e-01 7.065766304731369019e-02 3.206158056855201721e-02 9.587419033050537109e-02 2.383517771959304810e-01 1.936803162097930908e-01 9.562525153160095215e-02 8.566352725028991699e-02 9.699008613824844360e-02 2.775163389742374420e-02 1.583199501037597656e-01 8.244842290878295898e-02 1.619615852832794189e-01 1.281958445906639099e-02 8.431098610162734985e-02 8.548710495233535767e-02 8.205791562795639038e-02 5.512962117791175842e-02 2.055161632597446442e-02
4.287453368306159973e-02 5.353876389563083649e-03 3.326641395688056946e-03 9.138233214616775513e-02 1.557519435882568359e-01 8.069028705358505249e-02 2.556739142164587975e-03 6.434804946184158325e-02 2.549948869273066521e-03 5.353988334536552429e-02 6.366778910160064697e-02 5.059159547090530396e-02 3.371126484125852585e-03 8.706168830394744873e-02 1.020994856953620911e-01 0.000000000000000000e+00 3.167029097676277161e-02 7.026793062686920166e-02 6.286837626248598099e-03 1.396507620811462402e-01 9.342835098505020142e-02 6.538071669638156891e-03 1.658097095787525177e-02 5.160508677363395691e-03 7.455910742282867432e-02 5.714416503906250000e-02 1.981788873672485352e-02 6.086864322423934937e-02 8.939690887928009033e-02 1.794295385479927063e-02 1.675864681601524353e-02 1.826273351907730103e-01 4.723573848605155945e-02 1.223942860960960388e-01
1.121947541832923889e-02 2.632087655365467072e-02 3.499324619770050049e-02 1.226975321769714355e-01 1.246967315673828125e-01 4.914558678865432739e-02 2.911591157317161560e-02 3.274448961019515991e-02 3.421747684478759766e-02 8.506593853235244751e-02 3.206214308738708496e-02 8.213029801845550537e-02 2.830218523740768433e-02 5.554454401135444641e-02 7.065766304731369019e-02 3.167029097676277161e-02 0.000000000000000000e+00 3.868371993303298950e-02 2.538851089775562286e-02 1.705666780471801758e-01 1.247295737266540527e-01 2.513742633163928986e-02 1.509724650532007217e-02 2.651411667466163635e-02 4.299033433198928833e-02 8.865401148796081543e-02 1.185984630137681961e-02 9.236088395118713379e-02 5.789051577448844910e-02 1.373514253646135330e-02 1.491956226527690887e-02 1.518352478742599487e-01 1.558876968920230865e-02 9.107702970504760742e-02
2.747617103159427643e-02 6.493847817182540894e-02 7.357736676931381226e-02 1.606188863515853882e-01 8.642992377281188965e-02 1.048179063946008682e-02 6.772335618734359741e-02 5.946760531514883041e-03 7.280483096837997437e-02 1.233437806367874146e-01 6.629800889641046524e-03 1.204313933849334717e-01 6.691264361143112183e-02 1.689712889492511749e-02 3.206158056855201721e-02 7.026793062686920166e-02 3.868371993303298950e-02 0.000000000000000000e+00 6.400936841964721680e-02 2.078787833452224731e-01 1.626286059617996216e-01 6.375914812088012695e-02 5.374957621097564697e-02 6.513103842735290527e-02 4.313785582780838013e-03 1.269025206565856934e-01 5.052039027214050293e-02 1.305780708789825439e-01 1.924990676343441010e-02 5.239102989435195923e-02 5.357236415147781372e-02 1.138200536370277405e-01 2.310888841748237610e-02 5.257854983210563660e-02
3.659756109118461609e-02 9.329919121228158474e-04 9.613278321921825409e-03 9.761308878660202026e-02 1.496115922927856445e-01 7.444120943546295166e-02 3.730158321559429169e-03 5.808471515774726868e-02 8.836644701659679413e-03 5.980658903717994690e-02 5.740392580628395081e-02 5.686034634709358215e-02 2.915772842243313789e-03 8.081908524036407471e-02 9.587419033050537109e-02 6.286837626248598099e-03 2.538851089775562286e-02 6.400936841964721680e-02 0.000000000000000000e+00 1.458095759153366089e-01 9.965665638446807861e-02 2.512446080800145864e-04 1.029520761221647263e-02 1.126365386880934238e-03 6.830429285764694214e-02 6.340821832418441772e-02 1.353273820132017136e-02 6.712979078292846680e-02 8.315680921077728271e-02 1.165743172168731689e-02 1.047291234135627747e-02 1.765431910753250122e-01 4.096106812357902527e-02 1.161968559026718140e-01
1.814389377832412720e-01 1.448963135480880737e-01 1.363874822854995728e-01 4.889237880706787109e-02 2.891142070293426514e-01 2.178858071565628052e-01 1.421567350625991821e-01 2.021819502115249634e-01 1.371496617794036865e-01 8.675956726074218750e-02 2.015267312526702881e-01 8.969286084175109863e-02 1.429545879364013672e-01 2.239891439676284790e-01 2.383517771959304810e-01 1.396507620811462402e-01 1.705666780471801758e-01 2.078787833452224731e-01 1.458095759153366089e-01 0.000000000000000000e+00 4.683346301317214966e-02 1.460554748773574829e-01 1.558708101511001587e-01 1.447069793939590454e-01 2.120024412870407104e-01 8.317031711339950562e-02 1.590285301208496094e-01 7.945754379034042358e-02 2.262234091758728027e-01 1.571998149156570435e-01 1.560442000627517700e-01 3.142631053924560547e-01 1.856617778539657593e-01 2.576413154602050781e-01
1.357590705156326294e-01 9.873283654451370239e-02 9.012971818447113037e-02 2.063639927655458450e-03 2.456063032150268555e-01 1.728158295154571533e-01 9.596216678619384766e-02 1.568335294723510742e-01 9.090005606412887573e-02 4.008900001645088196e-02 1.561671942472457886e-01 4.304018989205360413e-02 9.676900506019592285e-02 1.790337562561035156e-01 1.936803162097930908e-01 9.342835098505020142e-02 1.247295737266540527e-01 1.626286059617996216e-01 9.965665638446807861e-02 4.683346301317214966e-02 0.000000000000000000e+00 9.990540146827697754e-02 1.098391711711883545e-01 9.854134917259216309e-02 1.668253690004348755e-01 3.647894039750099182e-02 1.130369529128074646e-01 3.274593129754066467e-02 1.813109219074249268e-01 1.111849173903465271e-01 1.100147441029548645e-01 2.714245021343231201e-01 1.400460451841354370e-01 2.133825719356536865e-01
3.634665161371231079e-02 1.184236258268356323e-03 9.864498861134052277e-03 9.786193072795867920e-02 1.493659615516662598e-01 7.419135421514511108e-02 3.981399349868297577e-03 5.783431231975555420e-02 9.087868966162204742e-03 6.005693227052688599e-02 5.715350806713104248e-02 5.711077526211738586e-02 3.167015034705400467e-03 8.056947588920593262e-02 9.562525153160095215e-02 6.538071669638156891e-03 2.513742633163928986e-02 6.375914812088012695e-02 2.512446080800145864e-04 1.460554748773574829e-01 9.990540146827697754e-02 0.000000000000000000e+00 1.004398893564939499e-02 1.377609674818813801e-03 6.805421411991119385e-02 6.365845352411270142e-02 1.328153815120458603e-02 6.737989932298660278e-02 8.290729671716690063e-02 1.140622049570083618e-02 1.022169459611177444e-02 1.762997657060623169e-01 4.071024060249328613e-02 1.159489974379539490e-01
2.631226368248462677e-02 1.122809201478958130e-02 1.990651339292526245e-02 1.077999621629714966e-01 1.395312994718551636e-01 6.419520080089569092e-02 1.402482669800519943e-02 4.781810194253921509e-02 1.913011260330677032e-02 7.005865871906280518e-02 4.713657125830650330e-02 6.711626797914505005e-02 1.321058347821235657e-02 7.058259844779968262e-02 8.566352725028991699e-02 1.658097095787525177e-02 1.509724650532007217e-02 5.374957621097564697e-02 1.029520761221647263e-02 1.558708101511001587e-01 1.098391711711883545e-01 1.004398893564939499e-02 0.000000000000000000e+00 1.142144016921520233e-02 5.804990231990814209e-02 7.365535199642181396e-02 3.237981814891099930e-03 7.737151533365249634e-02 7.292403280735015869e-02 1.362388022243976593e-03 1.777243742253631353e-04 1.665506958961486816e-01 3.067879751324653625e-02 1.060284823179244995e-01
3.772237151861190796e-02 1.933736202772706747e-04 8.487004786729812622e-03 9.649733453989028931e-02 1.507125645875930786e-01 7.556124031543731689e-02 2.603803761303424835e-03 5.920720472931861877e-02 7.710355799645185471e-03 5.868417769670486450e-02 5.852650851011276245e-02 5.573755130171775818e-02 1.789413276128470898e-03 8.193799108266830444e-02 9.699008613824844360e-02 5.160508677363395691e-03 2.651411667466163635e-02 6.513103842735290527e-02 1.126365386880934238e-03 1.447069793939590454e-01 9.854134917259216309e-02 1.377609674818813801e-03 1.142144016921520233e-02 0.000000000000000000e+00 6.942531466484069824e-02 6.228630617260932922e-02 1.465887948870658875e-02 6.600841879844665527e-02 8.427527546882629395e-02 1.278362981975078583e-02 1.159914117306470871e-02 1.776342391967773438e-01 4.208549112081527710e-02 1.173078715801239014e-01
3.178618848323822021e-02 6.923286616802215576e-02 7.786644250154495239e-02 1.648184657096862793e-01 8.214677125215530396e-02 6.168283987790346146e-03 7.201609760522842407e-02 1.026028301566839218e-02 7.709439843893051147e-02 1.275896728038787842e-01 1.094327401369810104e-02 1.246803998947143555e-01 7.120588421821594238e-02 1.258426066488027573e-02 2.775163389742374420e-02 7.455910742282867432e-02 4.299033433198928833e-02 4.313785582780838013e-03 6.830429285764694214e-02 2.120024412870407104e-01 1.668253690004348755e-01 6.805421411991119385e-02 5.804990231990814209e-02 6.942531466484069824e-02 0.000000000000000000e+00 1.311445087194442749e-01 5.482222512364387512e-02 1.348159164190292358e-01 1.493736170232295990e-02 5.669200047850608826e-02 5.787277594208717346e-02 1.095600500702857971e-01 2.741993963718414307e-02 4.827571660280227661e-02
9.977424889802932739e-02 6.247892975807189941e-02 5.382775887846946716e-02 3.441789373755455017e-02 2.110179662704467773e-01 1.372018158435821533e-01 5.969218164682388306e-02 1.210471242666244507e-01 5.460217595100402832e-02 3.615345107391476631e-03 1.203740015625953674e-01 6.571568548679351807e-03 6.050364300608634949e-02 1.434919685125350952e-01 1.583199501037597656e-01 5.714416503906250000e-02 8.865401148796081543e-02 1.269025206565856934e-01 6.340821832418441772e-02 8.317031711339950562e-02 3.647894039750099182e-02 6.365845352411270142e-02 7.365535199642181396e-02 6.228630617260932922e-02 1.311445087194442749e-01 0.000000000000000000e+00 7.687499374151229858e-02 3.737472230568528175e-03 1.457962840795516968e-01 7.501021027565002441e-02 7.383210957050323486e-02 2.372950613498687744e-01 1.040989160537719727e-01 1.782914549112319946e-01
2.307625114917755127e-02 1.446554623544216156e-02 2.314300648868083954e-02 1.109991967678070068e-01 1.363549232482910156e-01 6.096989288926124573e-02 1.726202480494976044e-02 4.458702355623245239e-02 2.236670628190040588e-02 7.328002154827117920e-02 4.390529543161392212e-02 7.033895701169967651e-02 1.644786261022090912e-02 6.736002117395401001e-02 8.244842290878295898e-02 1.981788873672485352e-02 1.185984630137681961e-02 5.052039027214050293e-02 1.353273820132017136e-02 1.590285301208496094e-01 1.130369529128074646e-01 1.328153815120458603e-02 3.237981814891099930e-03 1.465887948870658875e-02 5.482222512364387512e-02 7.687499374151229858e-02 0.000000000000000000e+00 8.058931678533554077e-02 6.970250606536865234e-02 1.875602058134973049e-03 3.060259157791733742e-03 1.634008437395095825e-01 2.744354121387004852e-02 1.028258055448532104e-01
1.034731343388557434e-01 6.620094180107116699e-02 5.755365267395973206e-02 3.068436682224273682e-02 2.145861983299255371e-01 1.408670544624328613e-01 6.341551244258880615e-02 1.247281506657600403e-01 5.832774192094802856e-02 7.352718617767095566e-03 1.240556612610816956e-01 1.030878722667694092e-02 6.422658264636993408e-02 1.471505165100097656e-01 1.619615852832794189e-01 6.086864322423934937e-02 9.236088395118713379e-02 1.305780708789825439e-01 6.712979078292846680e-02 7.945754379034042358e-02 3.274593129754066467e-02 6.737989932298660278e-02 7.737151533365249634e-02 6.600841879844665527e-02 1.348159164190292358e-01 3.737472230568528175e-03 8.058931678533554077e-02 0.000000000000000000e+00 1.494522988796234131e-01 7.872561365365982056e-02 7.754817605018615723e-02 2.408189773559570312e-01 1.077944561839103699e-01 1.819077134132385254e-01
4.670137539505958557e-02 8.408328145742416382e-02 9.269598126411437988e-02 1.793143600225448608e-01 6.729197502136230469e-02 8.769885636866092682e-03 8.686002343893051147e-02 2.519378438591957092e-02 9.192590415477752686e-02 1.422559171915054321e-01 2.587640471756458282e-02 1.393582373857498169e-01 8.605171740055084229e-02 2.353543648496270180e-03 1.281958445906639099e-02 8.939690887928009033e-02 5.789051577448844910e-02 1.924990676343441010e-02 8.315680921077728271e-02 2.262234091758728027e-01 1.813109219074249268e-01 8.290729671716690063e-02 7.292403280735015869e-02 8.427527546882629395e-02 1.493736170232295990e-02 1.457962840795516968e-01 6.970250606536865234e-02 1.494522988796234131e-01 0.000000000000000000e+00 7.156875729560852051e-02 7.274725288152694702e-02 9.477780014276504517e-02 4.233995825052261353e-02 3.336241096258163452e-02
2.495077252388000488e-02 1.259028632193803787e-02 2.126832678914070129e-02 1.091463193297386169e-01 1.381951868534088135e-01 6.283830851316452026e-02 1.538692135363817215e-02 4.645873978734016418e-02 2.049196511507034302e-02 7.141423225402832031e-02 4.577712714672088623e-02 6.847239285707473755e-02 1.457270886749029160e-02 6.922687590122222900e-02 8.431098610162734985e-02 1.794295385479927063e-02 1.373514253646135330e-02 5.239102989435195923e-02 1.165743172168731689e-02 1.571998149156570435e-01 1.111849173903465271e-01 1.140622049570083618e-02 1.362388022243976593e-03 1.278362981975078583e-02 5.669200047850608826e-02 7.501021027565002441e-02 1.875602058134973049e-03 7.872561365365982056e-02 7.156875729560852051e-02 0.000000000000000000e+00 1.184663968160748482e-03 1.652258038520812988e-01 2.931763418018817902e-02 1.046812236309051514e-01
2.613466233015060425e-02 1.140579394996166229e-02 2.008416689932346344e-02 1.079756170511245728e-01 1.393570303916931152e-01 6.401820480823516846e-02 1.420251559466123581e-02 4.764078184962272644e-02 1.930777169764041901e-02 7.023551315069198608e-02 4.695923998951911926e-02 6.729318946599960327e-02 1.338827610015869141e-02 7.040575891733169556e-02 8.548710495233535767e-02 1.675864681601524353e-02 1.491956226527690887e-02 5.357236415147781372e-02 1.047291234135627747e-02 1.560442000627517700e-01 1.100147441029548645e-01 1.022169459611177444e-02 1.777243742253631353e-04 1.159914117306470871e-02 5.787277594208717346e-02 7.383210957050323486e-02 3.060259157791733742e-03 7.754817605018615723e-02 7.274725288152694702e-02 1.184663968160748482e-03 0.000000000000000000e+00 1.663779020309448242e-01 3.050123900175094604e-02 1.058527529239654541e-01
1.408557146787643433e-01 1.774469465017318726e-01 1.858410835266113281e-01 2.695118188858032227e-01 2.766224555671215057e-02 1.034616902470588684e-01 1.801547110080718994e-01 1.196857988834381104e-01 1.850910782814025879e-01 2.338803708553314209e-01 1.203590258955955505e-01 2.310838401317596436e-01 1.793666332960128784e-01 9.710968285799026489e-02 8.205791562795639038e-02 1.826273351907730103e-01 1.518352478742599487e-01 1.138200536370277405e-01 1.765431910753250122e-01 3.142631053924560547e-01 2.714245021343231201e-01 1.762997657060623169e-01 1.665506958961486816e-01 1.776342391967773438e-01 1.095600500702857971e-01 2.372950613498687744e-01 1.634008437395095825e-01 2.408189773559570312e-01 9.477780014276504517e-02 1.652258038520812988e-01 1.663779020309448242e-01 0.000000000000000000e+00 1.365697234869003296e-01 6.161020323634147644e-02
4.370058886706829071e-03 4.189245402812957764e-02 5.055443942546844482e-02 1.380222886800765991e-01 1.093204692006111145e-01 3.358254209160804749e-02 4.468439891934394836e-02 1.716448366641998291e-02 4.977969080209732056e-02 1.005214080214500427e-01 1.648161187767982483e-02 9.759411215782165527e-02 4.387160018086433411e-02 3.999040275812149048e-02 5.512962117791175842e-02 4.723573848605155945e-02 1.558876968920230865e-02 2.310888841748237610e-02 4.096106812357902527e-02 1.856617778539657593e-01 1.400460451841354370e-01 4.071024060249328613e-02 3.067879751324653625e-02 4.208549112081527710e-02 2.741993963718414307e-02 1.040989160537719727e-01 2.744354121387004852e-02 1.077944561839103699e-01 4.233995825052261353e-02 2.931763418018817902e-02 3.050123900175094604e-02 1.365697234869003296e-01 0.000000000000000000e+00 7.559558749198913574e-02
7.993923872709274292e-02 1.171171441674232483e-01 1.256697475910186768e-01 2.114120423793792725e-01 3.400591015815734863e-02 4.211997613310813904e-02 1.198750585317611694e-01 5.850701406598091125e-02 1.249052435159683228e-01 1.747887879610061646e-01 5.918772146105766296e-02 1.719213128089904785e-01 1.190722808241844177e-01 3.571315109729766846e-02 2.055161632597446442e-02 1.223942860960960388e-01 9.107702970504760742e-02 5.257854983210563660e-02 1.161968559026718140e-01 2.576413154602050781e-01 2.133825719356536865e-01 1.159489974379539490e-01 1.060284823179244995e-01 1.173078715801239014e-01 4.827571660280227661e-02 1.782914549112319946e-01 1.028258055448532104e-01 1.819077134132385254e-01 3.336241096258163452e-02 1.046812236309051514e-01 1.058527529239654541e-01 6.161020323634147644e-02 7.559558749198913574e-02 0.000000000000000000e+00
