0.000000000000000000e+00 3.963923454284667969e-02 4.593287035822868347e-02 1.297410279512405396e-01 1.069337278604507446e-01 3.441137075424194336e-02 4.275907203555107117e-02 2.355073951184749603e-02 4.432714730501174927e-02 1.006347760558128357e-01 2.304054982960224152e-02 9.277366101741790771e-02 3.887348994612693787e-02 4.372005909681320190e-02 6.223935633897781372e-02 4.106584191322326660e-02 1.325365528464317322e-02 2.610699087381362915e-02 3.537578508257865906e-02 1.810493469238281250e-01 1.333698332309722900e-01 3.376020863652229309e-02 2.840997464954853058e-02 3.294877707958221436e-02 3.353691101074218750e-02 9.577538073062896729e-02 2.934075519442558289e-02 1.042122319340705872e-01 4.577726125717163086e-02 2.666320651769638062e-02 3.542443737387657166e-02 1.438575088977813721e-01 9.346546605229377747e-03 8.077974617481231689e-02
3.963923454284667969e-02 0.000000000000000000e+00 6.305112969130277634e-03 9.056756645441055298e-02 1.459543108940124512e-01 7.394973933696746826e-02 3.125131828710436821e-03 6.313104182481765747e-02 4.696163348853588104e-03 6.123983487486839294e-02 6.262259185314178467e-02 5.333054438233375549e-02 7.669281330890953541e-04 8.321508020162582397e-02 1.016278639435768127e-01 1.428928924724459648e-03 2.639945410192012787e-02 6.567826122045516968e-02 4.269441589713096619e-03 1.424323022365570068e-01 9.422874450683593750e-02 5.886904429644346237e-03 1.124192215502262115e-02 6.699212361127138138e-03 7.307899743318557739e-02 5.635007843375205994e-02 1.031047664582729340e-02 6.484085321426391602e-02 8.526178449392318726e-02 1.298976130783557892e-02 4.220730159431695938e-03 1.824562996625900269e-01 4.896764084696769714e-02 1.200346276164054871e-01
4.593287035822868347e-02 6.305112969130277634e-03 0.000000000000000000e+00 8.431060612201690674e-02 1.521194279193878174e-01 8.021745085716247559e-02 3.180043771862983704e-03 6.940853595733642578e-02 1.608997350558638573e-03 5.495594814419746399e-02 6.890050321817398071e-02 4.704124480485916138e-02 7.072007283568382263e-03 8.947324752807617188e-02 1.078638583421707153e-01 4.876227583736181259e-03 3.269912302494049072e-02 7.195357978343963623e-02 1.057426910847425461e-02 1.362495422363281250e-01 8.797590434551239014e-02 1.219156570732593536e-02 1.754579134285449982e-02 1.300377584993839264e-02 7.934755086898803711e-02 5.006274953484535217e-02 1.661450788378715515e-02 5.855967476963996887e-02 9.151769429445266724e-02 1.929329335689544678e-02 1.052556186914443970e-02 1.885445117950439453e-01 5.525569617748260498e-02 1.262442022562026978e-01
1.297410279512405396e-01 9.056756645441055298e-02 8.431060612201690674e-02 0.000000000000000000e+00 2.334361523389816284e-01 1.634227782487869263e-01 8.746720105409622192e-02 1.528248190879821777e-01 8.590794354677200317e-02 2.949129976332187653e-02 1.523262262344360352e-01 3.741775453090667725e-02 9.132815152406692505e-02 1.724827140569686890e-01 1.904425472021102905e-01 8.915017545223236084e-02 1.166880279779434204e-01 1.553219258785247803e-01 9.480035305023193359e-02 5.254251509904861450e-02 3.692695870995521545e-03 9.640307724475860596e-02 1.017059385776519775e-01 9.720779210329055786e-02 1.625705659389495850e-01 3.439301624894142151e-02 1.007839292287826538e-01 2.587869390845298767e-02 1.744820028543472290e-01 1.034356430172920227e-01 9.475208073854446411e-02 2.685855925083160400e-01 1.389191150665283203e-01 2.083373069763183594e-01
1.069337278604507446e-01 1.459543108940124512e-01 1.521194279193878174e-01 2.334361523389816284e-01 0.000000000000000000e+00 7.279020547866821289e-02 1.490114629268646240e-01 8.359351009130477905e-02 1.505472809076309204e-01 2.053586095571517944e-01 8.410038799047470093e-02 1.977456212043762207e-01 1.452036350965499878e-01 6.351059675216674805e-02 4.499383270740509033e-02 1.473524868488311768e-01 1.200172826647758484e-01 8.105301856994628906e-02 1.417731940746307373e-01 2.825135290622711182e-01 2.369246035814285278e-01 1.401878595352172852e-01 1.349337846040725708e-01 1.393913775682449341e-01 7.366098463535308838e-02 2.006540894508361816e-01 1.358482539653778076e-01 2.088189274072647095e-01 6.145730987191200256e-02 1.332170963287353516e-01 1.418209373950958252e-01 3.750064969062805176e-02 9.768481552600860596e-02 2.638187445700168610e-02
3.441137075424194336e-02 7.394973933696746826e-02 8.021745085716247559e-02 1.634227782487869263e-01 7.279020547866821289e-02 0.000000000000000000e+00 7.705706357955932617e-02 1.086943875998258591e-02 7.861859351396560669e-02 1.345801055431365967e-01 1.137984450906515121e-02 1.267803013324737549e-01 7.318695634603500366e-02 9.322710335254669189e-03 2.788771130144596100e-02 7.537070661783218384e-02 4.764330014586448669e-02 8.311846293509006500e-03 6.970230489969253540e-02 2.141266763210296631e-01 1.670147031545639038e-01 6.809247285127639771e-02 6.275998800992965698e-02 6.728386133909225464e-02 8.754710434004664421e-04 1.297591030597686768e-01 6.368782371282577515e-02 1.381282657384872437e-01 1.138382032513618469e-02 6.101859360933303833e-02 6.975078582763671875e-02 1.099906191229820251e-01 2.507288940250873566e-02 4.649762436747550964e-02
4.275907203555107117e-02 3.125131828710436821e-03 3.180043771862983704e-03 8.746720105409622192e-02 1.490114629268646240e-01 7.705706357955932617e-02 0.000000000000000000e+00 6.624311208724975586e-02 1.571054686792194843e-03 5.812583118677139282e-02 6.573486328125000000e-02 5.021377652883529663e-02 3.892050590366125107e-03 8.631776273250579834e-02 1.047197356820106506e-01 1.696210238151252270e-03 2.952214702963829041e-02 6.878928095102310181e-02 7.394473999738693237e-03 1.393692046403884888e-01 9.113045781850814819e-02 9.011871181428432465e-03 1.436654943972826004e-02 9.824138134717941284e-03 7.618673145771026611e-02 5.323432013392448425e-02 1.343517471104860306e-02 6.172822415828704834e-02 8.836336433887481689e-02 1.611423864960670471e-02 7.345764432102441788e-03 1.854756772518157959e-01 5.208480358123779297e-02 1.231135800480842590e-01
2.355073951184749603e-02 6.313104182481765747e-02 6.940853595733642578e-02 1.528248190879821777e-01 8.359351009130477905e-02 1.086943875998258591e-02 6.624311208724975586e-02 0.000000000000000000e+00 6.780710816383361816e-02 1.238918974995613098e-01 5.104678566567599773e-04 1.160707995295524597e-01 6.236713752150535583e-02 2.019010297954082489e-02 3.874540328979492188e-02 6.455414742231369019e-02 3.679291158914566040e-02 2.557823667302727699e-03 5.887747183442115784e-02 2.037314176559448242e-01 1.564292311668395996e-01 5.726542323827743530e-02 5.192597582936286926e-02 5.645570531487464905e-02 9.994063526391983032e-03 1.190575882792472839e-01 5.285497382283210754e-02 1.274501830339431763e-01 2.225050516426563263e-02 5.018243566155433655e-02 5.892601609230041504e-02 1.207157373428344727e-01 1.420732121914625168e-02 5.733808502554893494e-02
4.432714730501174927e-02 4.696163348853588104e-03 1.608997350558638573e-03 8.590794354677200317e-02 1.505472809076309204e-01 7.861859351396560669e-02 1.571054686792194843e-03 6.780710816383361816e-02 0.000000000000000000e+00 5.655993893742561340e-02 6.729896366596221924e-02 4.864656180143356323e-02 5.463071633130311966e-03 8.787690103054046631e-02 1.062733009457588196e-01 3.267256310209631920e-03 3.109176270663738251e-02 7.035272568464279175e-02 8.965425193309783936e-03 1.378283351659774780e-01 8.957222104072570801e-02 1.058277487754821777e-02 1.593724265694618225e-02 1.139501668512821198e-02 7.774847745895385742e-02 5.166758969426155090e-02 1.500591263175010681e-02 6.016300618648529053e-02 8.992194384336471558e-02 1.768484525382518768e-02 8.916716091334819794e-03 1.869922280311584473e-01 5.365146696567535400e-02 1.246605217456817627e-01
1.006347760558128357e-01 6.123983487486839294e-02 5.495594814419746399e-02 2.949129976332187653e-02 2.053586095571517944e-01 1.345801055431365967e-01 5.812583118677139282e-02 1.238918974995613098e-01 5.655993893742561340e-02 0.000000000000000000e+00 1.233892291784286499e-01 7.935210131108760834e-03 6.200385093688964844e-02 1.437224894762039185e-01 1.618603318929672241e-01 5.981614068150520325e-02 8.749783039093017578e-02 1.264096647500991821e-01 6.549215316772460938e-02 8.190689980983734131e-02 3.318038210272789001e-02 6.710255146026611328e-02 7.243189215660095215e-02 6.791118532419204712e-02 1.337203830480575562e-01 4.906692542135715485e-03 7.150516659021377563e-02 3.615366294980049133e-03 1.457406431436538696e-01 7.417059689760208130e-02 6.544364988803863525e-02 2.410032600164413452e-01 1.098779737949371338e-01 1.799516528844833374e-01
2.304054982960224152e-02 6.262259185314178467e-02 6.890050321817398071e-02 1.523262262344360352e-01 8.410038799047470093e-02 1.137984450906515121e-02 6.573486328125000000e-02 5.104678566567599773e-04 6.729896366596221924e-02 1.233892291784286499e-01 0.000000000000000000e+00 1.155671849846839905e-01 6.185863539576530457e-02 2.070035971701145172e-02 3.925509750843048096e-02 6.404579430818557739e-02 3.628312796354293823e-02 3.068287391215562820e-03 5.836876109242439270e-02 2.032420784235000610e-01 1.559312194585800171e-01 5.675661191344261169e-02 5.141686648130416870e-02 5.594685301184654236e-02 1.050447765737771988e-02 1.185543164610862732e-01 5.234592035412788391e-02 1.269479691982269287e-01 2.276071719825267792e-02 4.967324435710906982e-02 5.841730907559394836e-02 1.212187409400939941e-01 1.369695365428924561e-02 5.784685909748077393e-02
9.277366101741790771e-02 5.333054438233375549e-02 4.704124480485916138e-02 3.741775453090667725e-02 1.977456212043762207e-01 1.267803013324737549e-01 5.021377652883529663e-02 1.160707995295524597e-01 4.864656180143356323e-02 7.935210131108760834e-03 1.155671849846839905e-01 0.000000000000000000e+00 5.409525707364082336e-02 1.359423249959945679e-01 1.541230827569961548e-01 5.190556868910789490e-02 7.961790263652801514e-02 1.185934171080589294e-01 5.758687108755111694e-02 8.978375792503356934e-02 4.110477119684219360e-02 5.919886007905006409e-02 6.453377753496170044e-02 6.000832095742225647e-02 1.259188055992126465e-01 3.028635634109377861e-03 6.360604614019393921e-02 1.155024394392967224e-02 1.379649937152862549e-01 6.627438962459564209e-02 5.753831937909126282e-02 2.335146367549896240e-01 1.020317375659942627e-01 1.722624301910400391e-01
3.887348994612693787e-02 7.669281330890953541e-04 7.072007283568382263e-03 9.132815152406692505e-02 1.452036350965499878e-01 7.318695634603500366e-02 3.892050590366125107e-03 6.236713752150535583e-02 5.463071633130311966e-03 6.200385093688964844e-02 6.185863539576530457e-02 5.409525707364082336e-02 0.000000000000000000e+00 8.245341479778289795e-02 1.008687913417816162e-01 2.195854671299457550e-03 2.563304454088211060e-02 6.491460651159286499e-02 3.502524923533201218e-03 1.431835889816284180e-01 9.498880803585052490e-02 5.119999404996633530e-03 1.047508418560028076e-02 5.932314787060022354e-03 7.231612503528594971e-02 5.711454153060913086e-02 9.543623775243759155e-03 6.560451537370681763e-02 8.450037986040115356e-02 1.222295500338077545e-02 3.453813027590513229e-03 1.817147880792617798e-01 4.820252209901809692e-02 1.192786842584609985e-01
4.372005909681320190e-02 8.321508020162582397e-02 8.947324752807617188e-02 1.724827140569686890e-01 6.351059675216674805e-02 9.322710335254669189e-03 8.631776273250579834e-02 2.019010297954082489e-02 8.787690103054046631e-02 1.437224894762039185e-01 2.070035971701145172e-02 1.359423249959945679e-01 8.245341479778289795e-02 0.000000000000000000e+00 1.856983080506324768e-02 8.463394641876220703e-02 5.694071575999259949e-02 1.763319037854671478e-02 7.897369563579559326e-02 2.230042219161987305e-01 1.760632842779159546e-01 7.736607640981674194e-02 7.204055041074752808e-02 7.655855268239974976e-02 1.019809860736131668e-02 1.389137655496597290e-01 7.296720892190933228e-02 1.472613364458084106e-01 2.061328152194619179e-03 7.030130922794342041e-02 7.902210205793380737e-02 1.007712483406066895e-01 3.438756242394447327e-02 3.719103708863258362e-02
6.223935633897781372e-02 1.016278639435768127e-01 1.078638583421707153e-01 1.904425472021102905e-01 4.499383270740509033e-02 2.788771130144596100e-02 1.047197356820106506e-01 3.874540328979492188e-02 1.062733009457588196e-01 1.618603318929672241e-01 3.925509750843048096e-02 1.541230827569961548e-01 1.008687913417816162e-01 1.856983080506324768e-02 0.000000000000000000e+00 1.030418351292610168e-01 7.543078809976577759e-02 3.619116917252540588e-02 9.740068763494491577e-02 2.405777722597122192e-01 1.939988285303115845e-01 9.579826891422271729e-02 9.048932045698165894e-02 9.499333053827285767e-02 2.876248024404048920e-02 1.570784002542495728e-01 9.141317754983901978e-02 1.653789281845092773e-01 1.650913432240486145e-02 8.875527977943420410e-02 9.744893759489059448e-02 8.235552161931991577e-02 5.292359739542007446e-02 1.863407716155052185e-02
4.106584191322326660e-02 1.428928924724459648e-03 4.876227583736181259e-03 8.915017545223236084e-02 1.473524868488311768e-01 7.537070661783218384e-02 1.696210238151252270e-03 6.455414742231369019e-02 3.267256310209631920e-03 5.981614068150520325e-02 6.404579430818557739e-02 5.190556868910789490e-02 2.195854671299457550e-03 8.463394641876220703e-02 1.030418351292610168e-01 0.000000000000000000e+00 2.782733179628849030e-02 6.710089743137359619e-02 5.698335822671651840e-03 1.410320699214935303e-01 9.281232208013534546e-02 7.315771654248237610e-03 1.267064735293388367e-02 8.128063753247261047e-03 7.450015097856521606e-02 5.492556840181350708e-02 1.173923257738351822e-02 6.341779232025146484e-02 8.668015152215957642e-02 1.441842317581176758e-02 5.649624858051538467e-03 1.838373094797134399e-01 5.039304867386817932e-02 1.214427277445793152e-01
1.325365528464317322e-02 2.639945410192012787e-02 3.269912302494049072e-02 1.166880279779434204e-01 1.200172826647758484e-01 4.764330014586448669e-02 2.952214702963829041e-02 3.679291158914566040e-02 3.109176270663738251e-02 8.749783039093017578e-02 3.628312796354293823e-02 7.961790263652801514e-02 2.563304454088211060e-02 5.694071575999259949e-02 7.543078809976577759e-02 2.782733179628849030e-02 0.000000000000000000e+00 3.934703394770622253e-02 2.213250659406185150e-02 1.681993007659912109e-01 1.203288808465003967e-01 2.051573805510997772e-02 1.516203116625547409e-02 1.970372721552848816e-02 4.676977917551994324e-02 8.262661099433898926e-02 1.609335839748382568e-02 9.108438342809677124e-02 5.899512022733688354e-02 1.341429166495800018e-02 2.218119427561759949e-02 1.568121761083602905e-01 2.259740233421325684e-02 9.393283724784851074e-02
2.610699087381362915e-02 6.567826122045516968e-02 7.195357978343963623e-02 1.553219258785247803e-01 8.105301856994628906e-02 8.311846293509006500e-03 6.878928095102310181e-02 2.557823667302727699e-03 7.035272568464279175e-02 1.264096647500991821e-01 3.068287391215562820e-03 1.185934171080589294e-01 6.491460651159286499e-02 1.763319037854671478e-02 3.619116917252540588e-02 6.710089743137359619e-02 3.934703394770622253e-02 0.000000000000000000e+00 6.142604723572731018e-02 2.061817944049835205e-01 1.589234620332717896e-01 5.981448665261268616e-02 5.447656288743019104e-02 5.900501087307929993e-02 7.436429616063833237e-03 1.215783879160881042e-01 5.540530383586883545e-02 1.299656331539154053e-01 1.969380304217338562e-02 5.273349210619926453e-02 6.147457286715507507e-02 1.181944087147712708e-01 1.676453649997711182e-02 5.478829890489578247e-02
3.537578508257865906e-02 4.269441589713096619e-03 1.057426910847425461e-02 9.480035305023193359e-02 1.417731940746307373e-01 6.970230489969253540e-02 7.394473999738693237e-03 5.887747183442115784e-02 8.965425193309783936e-03 6.549215316772460938e-02 5.836876109242439270e-02 5.758687108755111694e-02 3.502524923533201218e-03 7.897369563579559326e-02 9.740068763494491577e-02 5.698335822671651840e-03 2.213250659406185150e-02 6.142604723572731018e-02 0.000000000000000000e+00 1.466125845909118652e-01 9.845858812332153320e-02 1.617503585293889046e-03 6.972814910113811493e-03 2.429840620607137680e-03 6.883103400468826294e-02 6.060493364930152893e-02 6.041300483047962189e-03 6.909115612506866455e-02 8.102183789014816284e-02 8.720804005861282349e-03 4.871239434578455985e-05 1.783257871866226196e-01 4.470755159854888916e-02 1.158245429396629333e-01
1.810493469238281250e-01 1.424323022365570068e-01 1.362495422363281250e-01 5.254251509904861450e-02 2.825135290622711182e-01 2.141266763210296631e-01 1.393692046403884888e-01 2.037314176559448242e-01 1.378283351659774780e-01 8.190689980983734131e-02 2.032420784235000610e-01 8.978375792503356934e-02 1.431835889816284180e-01 2.230042219161987305e-01 2.405777722597122192e-01 1.410320699214935303e-01 1.681993007659912109e-01 2.061817944049835205e-01 1.466125845909118652e-01 0.000000000000000000e+00 4.885929822921752930e-02 1.481949537992477417e-01 1.534285545349121094e-01 1.489893496036529541e-01 2.132911831140518188e-01 8.677870780229568481e-02 1.525187939405441284e-01 7.831472158432006836e-02 2.249621450901031494e-01 1.551350355148315430e-01 1.465649157762527466e-01 3.166593611240386963e-01 1.900742501020431519e-01 2.580550014972686768e-01
1.333698332309722900e-01 9.422874450683593750e-02 8.797590434551239014e-02 3.692695870995521545e-03 2.369246035814285278e-01 1.670147031545639038e-01 9.113045781850814819e-02 1.564292311668395996e-01 8.957222104072570801e-02 3.318038210272789001e-02 1.559312194585800171e-01 4.110477119684219360e-02 9.498880803585052490e-02 1.760632842779159546e-01 1.939988285303115845e-01 9.281232208013534546e-02 1.203288808465003967e-01 1.589234620332717896e-01 9.845858812332153320e-02 4.885929822921752930e-02 0.000000000000000000e+00 1.000601425766944885e-01 1.053590551018714905e-01 1.008642911911010742e-01 1.661635190248489380e-01 3.808087483048439026e-02 1.044377684593200684e-01 2.956856414675712585e-02 1.780599951744079590e-01 1.070874407887458801e-01 9.841034561395645142e-02 2.720085084438323975e-01 1.425386965274810791e-01 2.118670046329498291e-01
3.376020863652229309e-02 5.886904429644346237e-03 1.219156570732593536e-02 9.640307724475860596e-02 1.401878595352172852e-01 6.809247285127639771e-02 9.011871181428432465e-03 5.726542323827743530e-02 1.058277487754821777e-02 6.710255146026611328e-02 5.675661191344261169e-02 5.919886007905006409e-02 5.119999404996633530e-03 7.736607640981674194e-02 9.579826891422271729e-02 7.315771654248237610e-03 2.051573805510997772e-02 5.981448665261268616e-02 1.617503585293889046e-03 1.481949537992477417e-01 1.000601425766944885e-01 0.000000000000000000e+00 5.355371627956628799e-03 8.123400621116161346e-04 6.722100824117660522e-02 6.221634522080421448e-02 4.423840437084436417e-03 7.070076465606689453e-02 7.941474020481109619e-02 7.103400304913520813e-03 1.666215830482542515e-03 1.767592430114746094e-01 4.309315979480743408e-02 1.142284423112869263e-01
2.840997464954853058e-02 1.124192215502262115e-02 1.754579134285449982e-02 1.017059385776519775e-01 1.349337846040725708e-01 6.275998800992965698e-02 1.436654943972826004e-02 5.192597582936286926e-02 1.593724265694618225e-02 7.243189215660095215e-02 5.141686648130416870e-02 6.453377753496170044e-02 1.047508418560028076e-02 7.204055041074752808e-02 9.048932045698165894e-02 1.267064735293388367e-02 1.516203116625547409e-02 5.447656288743019104e-02 6.972814910113811493e-03 1.534285545349121094e-01 1.053590551018714905e-01 5.355371627956628799e-03 0.000000000000000000e+00 4.543051123619079590e-03 6.188791990280151367e-02 6.754921376705169678e-02 9.315534844063222408e-04 7.602735608816146851e-02 7.409087568521499634e-02 1.748094917275011539e-03 7.021524943411350250e-03 1.715662777423858643e-01 3.774649649858474731e-02 1.089397147297859192e-01
3.294877707958221436e-02 6.699212361127138138e-03 1.300377584993839264e-02 9.720779210329055786e-02 1.393913775682449341e-01 6.728386133909225464e-02 9.824138134717941284e-03 5.645570531487464905e-02 1.139501668512821198e-02 6.791118532419204712e-02 5.594685301184654236e-02 6.000832095742225647e-02 5.932314787060022354e-03 7.655855268239974976e-02 9.499333053827285767e-02 8.128063753247261047e-03 1.970372721552848816e-02 5.900501087307929993e-02 2.429840620607137680e-03 1.489893496036529541e-01 1.008642911911010742e-01 8.123400621116161346e-04 4.543051123619079590e-03 0.000000000000000000e+00 6.641229987144470215e-02 6.302549690008163452e-02 3.611513413488864899e-03 7.150899618864059448e-02 7.860747724771499634e-02 6.291096564382314682e-03 2.478552749380469322e-03 1.759721785783767700e-01 4.228230193257331848e-02 1.134266182780265808e-01
3.353691101074218750e-02 7.307899743318557739e-02 7.934755086898803711e-02 1.625705659389495850e-01 7.366098463535308838e-02 8.754710434004664421e-04 7.618673145771026611e-02 9.994063526391983032e-03 7.774847745895385742e-02 1.337203830480575562e-01 1.050447765737771988e-02 1.259188055992126465e-01 7.231612503528594971e-02 1.019809860736131668e-02 2.876248024404048920e-02 7.450015097856521606e-02 4.676977917551994324e-02 7.436429616063833237e-03 6.883103400468826294e-02 2.132911831140518188e-01 1.661635190248489380e-01 6.722100824117660522e-02 6.188791990280151367e-02 6.641229987144470215e-02 0.000000000000000000e+00 1.288982778787612915e-01 6.281585991382598877e-02 1.372693926095962524e-01 1.225916855037212372e-02 6.014633551239967346e-02 6.887952238321304321e-02 1.108554154634475708e-01 2.419794909656047821e-02 4.737116768956184387e-02
9.577538073062896729e-02 5.635007843375205994e-02 5.006274953484535217e-02 3.439301624894142151e-02 2.006540894508361816e-01 1.297591030597686768e-01 5.323432013392448425e-02 1.190575882792472839e-01 5.166758969426155090e-02 4.906692542135715485e-03 1.185543164610862732e-01 3.028635634109377861e-03 5.711454153060913086e-02 1.389137655496597290e-01 1.570784002542495728e-01 5.492556840181350708e-02 8.262661099433898926e-02 1.215783879160881042e-01 6.060493364930152893e-02 8.677870780229568481e-02 3.808087483048439026e-02 6.221634522080421448e-02 6.754921376705169678e-02 6.302549690008163452e-02 1.288982778787612915e-01 0.000000000000000000e+00 6.662184000015258789e-02 8.521907031536102295e-03 1.409347355365753174e-01 6.928911805152893066e-02 6.055640056729316711e-02 2.363760918378829956e-01 1.050279140472412109e-01 1.751996725797653198e-01
2.934075519442558289e-02 1.031047664582729340e-02 1.661450788378715515e-02 1.007839292287826538e-01 1.358482539653778076e-01 6.368782371282577515e-02 1.343517471104860306e-02 5.285497382283210754e-02 1.500591263175010681e-02 7.150516659021377563e-02 5.234592035412788391e-02 6.360604614019393921e-02 9.543623775243759155e-03 7.296720892190933228e-02 9.141317754983901978e-02 1.173923257738351822e-02 1.609335839748382568e-02 5.540530383586883545e-02 6.041300483047962189e-03 1.525187939405441284e-01 1.044377684593200684e-01 4.423840437084436417e-03 9.315534844063222408e-04 3.611513413488864899e-03 6.281585991382598877e-02 6.662184000015258789e-02 0.000000000000000000e+00 7.510110735893249512e-02 7.501725107431411743e-02 2.679644152522087097e-03 6.090011447668075562e-03 1.724702864885330200e-01 3.867669403553009033e-02 1.098601147532463074e-01
1.042122319340705872e-01 6.484085321426391602e-02 5.855967476963996887e-02 2.587869390845298767e-02 2.088189274072647095e-01 1.381282657384872437e-01 6.172822415828704834e-02 1.274501830339431763e-01 6.016300618648529053e-02 3.615366294980049133e-03 1.269479691982269287e-01 1.155024394392967224e-02 6.560451537370681763e-02 1.472613364458084106e-01 1.653789281845092773e-01 6.341779232025146484e-02 9.108438342809677124e-02 1.299656331539154053e-01 6.909115612506866455e-02 7.831472158432006836e-02 2.956856414675712585e-02 7.070076465606689453e-02 7.602735608816146851e-02 7.150899618864059448e-02 1.372693926095962524e-01 8.521907031536102295e-03 7.510110735893249512e-02 0.000000000000000000e+00 1.492773443460464478e-01 7.776510715484619141e-02 6.904267519712448120e-02 2.444056719541549683e-01 1.134482771158218384e-01 1.834476888179779053e-01
4.577726125717163086e-02 8.526178449392318726e-02 9.151769429445266724e-02 1.744820028543472290e-01 6.145730987191200256e-02 1.138382032513618469e-02 8.836336433887481689e-02 2.225050516426563263e-02 8.992194384336471558e-02 1.457406431436538696e-01 2.276071719825267792e-02 1.379649937152862549e-01 8.450037986040115356e-02 2.061328152194619179e-03 1.650913432240486145e-02 8.668015152215957642e-02 5.899512022733688354e-02 1.969380304217338562e-02 8.102183789014816284e-02 2.249621450901031494e-01 1.780599951744079590e-01 7.941474020481109619e-02 7.409087568521499634e-02 7.860747724771499634e-02 1.225916855037212372e-02 1.409347355365753174e-01 7.501725107431411743e-02 1.492773443460464478e-01 0.000000000000000000e+00 7.235215604305267334e-02 8.107022941112518311e-02 9.873042255640029907e-02 3.644630685448646545e-02 3.513240441679954529e-02
2.666320651769638062e-02 1.298976130783557892e-02 1.929329335689544678e-02 1.034356430172920227e-01 1.332170963287353516e-01 6.101859360933303833e-02 1.611423864960670471e-02 5.018243566155433655e-02 1.768484525382518768e-02 7.417059689760208130e-02 4.967324435710906982e-02 6.627438962459564209e-02 1.222295500338077545e-02 7.030130922794342041e-02 8.875527977943420410e-02 1.441842317581176758e-02 1.341429166495800018e-02 5.273349210619926453e-02 8.720804005861282349e-03 1.551350355148315430e-01 1.070874407887458801e-01 7.103400304913520813e-03 1.748094917275011539e-03 6.291096564382314682e-03 6.014633551239967346e-02 6.928911805152893066e-02 2.679644152522087097e-03 7.776510715484619141e-02 7.235215604305267334e-02 0.000000000000000000e+00 8.769512176513671875e-03 1.698691546916961670e-01 3.600078076124191284e-02 1.072120368480682373e-01
3.542443737387657166e-02 4.220730159431695938e-03 1.052556186914443970e-02 9.475208073854446411e-02 1.418209373950958252e-01 6.975078582763671875e-02 7.345764432102441788e-03 5.892601609230041504e-02 8.916716091334819794e-03 6.544364988803863525e-02 5.841730907559394836e-02 5.753831937909126282e-02 3.453813027590513229e-03 7.902210205793380737e-02 9.744893759489059448e-02 5.649624858051538467e-03 2.218119427561759949e-02 6.147457286715507507e-02 4.871239434578455985e-05 1.465649157762527466e-01 9.841034561395645142e-02 1.666215830482542515e-03 7.021524943411350250e-03 2.478552749380469322e-03 6.887952238321304321e-02 6.055640056729316711e-02 6.090011447668075562e-03 6.904267519712448120e-02 8.107022941112518311e-02 8.769512176513671875e-03 0.000000000000000000e+00 1.783729493618011475e-01 4.475616663694381714e-02 1.158726066350936890e-01
1.438575088977813721e-01 1.824562996625900269e-01 1.885445117950439453e-01 2.685855925083160400e-01 3.750064969062805176e-02 1.099906191229820251e-01 1.854756772518157959e-01 1.207157373428344727e-01 1.869922280311584473e-01 2.410032600164413452e-01 1.212187409400939941e-01 2.335146367549896240e-01 1.817147880792617798e-01 1.007712483406066895e-01 8.235552161931991577e-02 1.838373094797134399e-01 1.568121761083602905e-01 1.181944087147712708e-01 1.783257871866226196e-01 3.166593611240386963e-01 2.720085084438323975e-01 1.767592430114746094e-01 1.715662777423858643e-01 1.759721785783767700e-01 1.108554154634475708e-01 2.363760918378829956e-01 1.724702864885330200e-01 2.444056719541549683e-01 9.873042255640029907e-02 1.698691546916961670e-01 1.783729493618011475e-01 0.000000000000000000e+00 1.346920579671859741e-01 6.381938606500625610e-02
9.346546605229377747e-03 4.896764084696769714e-02 5.525569617748260498e-02 1.389191150665283203e-01 9.768481552600860596e-02 2.507288940250873566e-02 5.208480358123779297e-02 1.420732121914625168e-02 5.365146696567535400e-02 1.098779737949371338e-01 1.369695365428924561e-02 1.020317375659942627e-01 4.820252209901809692e-02 3.438756242394447327e-02 5.292359739542007446e-02 5.039304867386817932e-02 2.259740233421325684e-02 1.676453649997711182e-02 4.470755159854888916e-02 1.900742501020431519e-01 1.425386965274810791e-01 4.309315979480743408e-02 3.774649649858474731e-02 4.228230193257331848e-02 2.419794909656047821e-02 1.050279140472412109e-01 3.867669403553009033e-02 1.134482771158218384e-01 3.644630685448646545e-02 3.600078076124191284e-02 4.475616663694381714e-02 1.346920579671859741e-01 0.000000000000000000e+00 7.148717343807220459e-02
8.077974617481231689e-02 1.200346276164054871e-01 1.262442022562026978e-01 2.083373069763183594e-01 2.638187445700168610e-02 4.649762436747550964e-02 1.231135800480842590e-01 5.733808502554893494e-02 1.246605217456817627e-01 1.799516528844833374e-01 5.784685909748077393e-02 1.722624301910400391e-01 1.192786842584609985e-01 3.719103708863258362e-02 1.863407716155052185e-02 1.214427277445793152e-01 9.393283724784851074e-02 5.478829890489578247e-02 1.158245429396629333e-01 2.580550014972686768e-01 2.118670046329498291e-01 1.142284423112869263e-01 1.089397147297859192e-01 1.134266182780265808e-01 4.737116768956184387e-02 1.751996725797653198e-01 1.098601147532463074e-01 1.834476888179779053e-01 3.513240441679954529e-02 1.072120368480682373e-01 1.158726066350936890e-01 6.381938606500625610e-02 7.148717343807220459e-02 0.000000000000000000e+00
