0.000000000000000000e+00 3.439556434750556946e-02 5.139705911278724670e-02 1.305986195802688599e-01 1.040312126278877258e-01 3.420391678810119629e-02 3.983426094055175781e-02 1.880108565092086792e-02 4.713700339198112488e-02 9.844685345888137817e-02 2.369368262588977814e-02 9.389971941709518433e-02 4.117405414581298828e-02 3.544523194432258606e-02 6.227432191371917725e-02 4.157305508852005005e-02 6.990484893321990967e-03 2.276409603655338287e-02 3.864231333136558533e-02 1.879468113183975220e-01 1.379185914993286133e-01 3.384035453200340271e-02 2.703402191400527954e-02 3.115329705178737640e-02 3.170528262853622437e-02 9.768912196159362793e-02 2.207864820957183838e-02 9.787677973508834839e-02 3.889898955821990967e-02 2.498481236398220062e-02 3.213125094771385193e-02 1.405187249183654785e-01 6.527492776513099670e-03 8.496433496475219727e-02
3.439556434750556946e-02 0.000000000000000000e+00 1.703160256147384644e-02 9.663714468479156494e-02 1.379332244396209717e-01 6.851886957883834839e-02 5.446156021207571030e-03 5.316227301955223083e-02 1.276212930679321289e-02 6.426890939474105835e-02 5.804194882512092590e-02 5.969696119427680969e-02 6.788101047277450562e-03 6.975575536489486694e-02 9.646327048540115356e-02 7.187768351286649704e-03 2.741167321801185608e-02 5.711494013667106628e-02 4.252397920936346054e-03 1.545503437519073486e-01 1.040164530277252197e-01 5.558570846915245056e-04 7.368395570665597916e-03 3.245749510824680328e-03 6.602884083986282349e-02 6.350694596767425537e-02 1.232627872377634048e-02 6.369564682245254517e-02 7.319661974906921387e-02 9.418848901987075806e-03 2.266821917146444321e-03 1.740729510784149170e-01 4.091387242078781128e-02 1.190121024847030640e-01
5.139705911278724670e-02 1.703160256147384644e-02 0.000000000000000000e+00 7.973676919937133789e-02 1.546016484498977661e-01 8.545075356960296631e-02 1.158652082085609436e-02 7.013037800788879395e-02 4.270400386303663254e-03 4.728907346725463867e-02 7.499940693378448486e-02 4.270878806710243225e-02 1.024468522518873215e-02 8.668436855077743530e-02 1.133087053894996643e-01 9.845038875937461853e-03 4.442253336310386658e-02 7.407449185848236084e-02 1.278012990951538086e-02 1.378816813230514526e-01 8.713921904563903809e-02 1.758729293942451477e-02 2.439693547785282135e-02 2.027622982859611511e-02 8.296713978052139282e-02 4.652566835284233093e-02 2.935171872377395630e-02 4.671472311019897461e-02 9.011588990688323975e-02 2.644620835781097412e-02 1.929767802357673645e-02 1.905396580696105957e-01 5.790512636303901672e-02 1.357685029506683350e-01
1.305986195802688599e-01 9.663714468479156494e-02 7.973676919937133789e-02 0.000000000000000000e+00 2.314848005771636963e-01 1.640696227550506592e-01 9.123900532722473145e-02 1.490337550640106201e-01 8.397857844829559326e-02 3.257051855325698853e-02 1.538163274526596069e-01 3.715451806783676147e-02 8.990801870822906494e-02 1.652787476778030396e-01 1.913169622421264648e-01 8.951154351234436035e-02 1.237210780382156372e-01 1.529081165790557861e-01 9.242273122072219849e-02 5.879126116633415222e-02 7.454238366335630417e-03 9.718777984380722046e-02 1.039315387606620789e-01 9.985157102346420288e-02 1.616346240043640137e-01 3.333477675914764404e-02 1.088337749242782593e-01 3.314551711082458496e-02 1.686408817768096924e-01 1.059595346450805664e-01 9.888231009244918823e-02 2.662315666675567627e-01 1.370093077421188354e-01 2.131972759962081909e-01
1.040312126278877258e-01 1.379332244396209717e-01 1.546016484498977661e-01 2.314848005771636963e-01 0.000000000000000000e+00 7.007665932178497314e-02 1.432717591524124146e-01 8.539716899394989014e-02 1.504305601119995117e-01 2.004254013299942017e-01 8.053605258464813232e-02 1.960161626338958740e-01 1.445859521627426147e-01 6.883983314037322998e-02 4.202918335795402527e-02 1.449772715568542480e-01 1.109410226345062256e-01 8.146003633737564087e-02 1.421022713184356689e-01 2.863786518573760986e-01 2.385274618864059448e-01 1.373879015445709229e-01 1.306976675987243652e-01 1.347478032112121582e-01 7.256527990102767944e-02 1.996909230947494507e-01 1.258208751678466797e-01 1.998728364706039429e-01 6.539686769247055054e-02 1.286815702915191650e-01 1.357088387012481689e-01 3.702879697084426880e-02 9.756997972726821899e-02 1.923691667616367340e-02
3.420391678810119629e-02 6.851886957883834839e-02 8.545075356960296631e-02 1.640696227550506592e-01 7.007665932178497314e-02 0.000000000000000000e+00 7.393743842840194702e-02 1.541274227201938629e-02 8.120999485254287720e-02 1.322056055068969727e-01 1.051875762641429901e-02 1.276935338973999023e-01 7.527195662260055542e-02 1.242822734639048576e-03 2.813032083213329315e-02 7.566937059164047241e-02 4.118455201387405396e-02 1.144873350858688354e-02 7.275007665157318115e-02 2.207317501306533813e-01 1.713143438100814819e-01 6.796560436487197876e-02 6.118136644363403320e-02 6.528764218091964722e-02 2.501345006749033928e-03 1.314538121223449707e-01 5.624009296298027039e-02 1.316400021314620972e-01 4.701331257820129395e-03 5.913819000124931335e-02 6.626234203577041626e-02 1.068282499909400940e-01 2.768260426819324493e-02 5.090836435556411743e-02
3.983426094055175781e-02 5.446156021207571030e-03 1.158652082085609436e-02 9.123900532722473145e-02 1.432717591524124146e-01 7.393743842840194702e-02 0.000000000000000000e+00 5.859146639704704285e-02 7.316481787711381912e-03 5.884335190057754517e-02 6.346804648637771606e-02 5.426844954490661621e-02 1.341994386166334152e-03 7.517335563898086548e-02 1.018559187650680542e-01 1.741680200211703777e-03 3.285292536020278931e-02 6.254164129495620728e-02 1.193785923533141613e-03 1.492297947406768799e-01 9.862616658210754395e-02 6.001994945108890533e-03 1.281403750181198120e-02 8.691752329468727112e-03 7.144930958747863770e-02 5.808087810873985291e-02 1.777124218642711639e-02 5.826970562338829041e-02 7.861144095659255981e-02 1.486424263566732407e-02 7.712882943451404572e-03 1.793490797281265259e-01 4.634970054030418396e-02 1.243776381015777588e-01
1.880108565092086792e-02 5.316227301955223083e-02 7.013037800788879395e-02 1.490337550640106201e-01 8.539716899394989014e-02 1.541274227201938629e-02 5.859146639704704285e-02 0.000000000000000000e+00 6.587971001863479614e-02 1.170313283801078796e-01 4.894777201116085052e-03 1.125022023916244507e-01 5.992874503135681152e-02 1.665524579584598541e-02 4.352419078350067139e-02 6.032698974013328552e-02 2.578818053007125854e-02 3.964708186686038971e-03 5.740169435739517212e-02 2.060199081897735596e-01 1.563143432140350342e-01 5.260797217488288879e-02 4.581182450056076050e-02 4.992513731122016907e-02 1.291189435869455338e-02 1.162766516208648682e-01 4.086277261376380920e-02 1.164635494351387024e-01 2.011261694133281708e-02 4.376534000039100647e-02 5.090158432722091675e-02 1.220400482416152954e-01 1.227509882301092148e-02 6.626910716295242310e-02
4.713700339198112488e-02 1.276212930679321289e-02 4.270400386303663254e-03 8.397857844829559326e-02 1.504305601119995117e-01 8.120999485254287720e-02 7.316481787711381912e-03 6.587971001863479614e-02 0.000000000000000000e+00 5.154905840754508972e-02 7.075166702270507812e-02 4.697062075138092041e-02 5.974546540528535843e-03 8.244449645280838013e-02 1.090910956263542175e-01 5.574873182922601700e-03 4.015975445508956909e-02 6.982617825269699097e-02 8.510193787515163422e-03 1.420684158802032471e-01 9.137562662363052368e-02 1.331789139658212662e-02 2.012863196432590485e-02 1.600721664726734161e-02 7.872463017702102661e-02 5.078597366809844971e-02 2.508446387946605682e-02 5.097495019435882568e-02 8.587852865457534790e-02 2.217831276357173920e-02 1.502851583063602448e-02 1.864209324121475220e-01 5.364798754453659058e-02 1.315743774175643921e-01
9.844685345888137817e-02 6.426890939474105835e-02 4.728907346725463867e-02 3.257051855325698853e-02 2.004254013299942017e-01 1.322056055068969727e-01 5.884335190057754517e-02 1.170313283801078796e-01 5.154905840754508972e-02 0.000000000000000000e+00 1.218563020229339600e-01 4.589554388076066971e-03 5.750590190291404724e-02 1.334265023469924927e-01 1.597418487071990967e-01 5.710752308368682861e-02 9.151935577392578125e-02 1.209399104118347168e-01 6.003291904926300049e-02 9.118717163801193237e-02 4.001504182815551758e-02 6.482245028018951416e-02 7.160339504480361938e-02 6.750058382749557495e-02 1.297471672296524048e-01 7.650888292118906975e-04 7.653456181287765503e-02 5.756205064244568348e-04 1.368218809366226196e-01 7.364317774772644043e-02 6.652604043483734131e-02 2.357049137353897095e-01 1.049069315195083618e-01 1.818897724151611328e-01
2.369368262588977814e-02 5.804194882512092590e-02 7.499940693378448486e-02 1.538163274526596069e-01 8.053605258464813232e-02 1.051875762641429901e-02 6.346804648637771606e-02 4.894777201116085052e-03 7.075166702270507812e-02 1.218563020229339600e-01 0.000000000000000000e+00 1.173323616385459900e-01 6.480451673269271851e-02 1.176142692565917969e-02 3.863764554262161255e-02 6.520251184701919556e-02 3.067908622324466705e-02 9.300871170125901699e-04 6.227897480130195618e-02 2.107021957635879517e-01 1.610858589410781860e-01 5.748794600367546082e-02 5.069523304700851440e-02 5.480652302503585815e-02 8.017624728381633759e-03 1.211025044322013855e-01 4.574839770793914795e-02 1.212891936302185059e-01 1.521933637559413910e-02 4.864969104528427124e-02 5.578246712684631348e-02 1.172152981162071228e-01 1.716884598135948181e-02 6.139424815773963928e-02
9.389971941709518433e-02 5.969696119427680969e-02 4.270878806710243225e-02 3.715451806783676147e-02 1.960161626338958740e-01 1.276935338973999023e-01 5.426844954490661621e-02 1.125022023916244507e-01 4.697062075138092041e-02 4.589554388076066971e-03 1.173323616385459900e-01 0.000000000000000000e+00 5.293031409382820129e-02 1.289158910512924194e-01 1.552661210298538208e-01 5.253174155950546265e-02 8.696632832288742065e-02 1.164149791002273560e-01 5.545864254236221313e-02 9.573666006326675415e-02 4.459640383720397949e-02 6.025081872940063477e-02 6.703586876392364502e-02 6.293052434921264648e-02 1.252321749925613403e-01 3.824479179456830025e-03 7.197029143571853638e-02 4.013944882899522781e-03 1.323154270648956299e-01 6.907697767019271851e-02 6.195539981126785278e-02 2.313656359910964966e-01 1.003656983375549316e-01 1.774483472108840942e-01
4.117405414581298828e-02 6.788101047277450562e-03 1.024468522518873215e-02 8.990801870822906494e-02 1.445859521627426147e-01 7.527195662260055542e-02 1.341994386166334152e-03 5.992874503135681152e-02 5.974546540528535843e-03 5.750590190291404724e-02 6.480451673269271851e-02 5.293031409382820129e-02 0.000000000000000000e+00 7.650762796401977539e-02 1.031837984919548035e-01 3.996868035756051540e-04 3.419341146945953369e-02 6.387827545404434204e-02 2.535776235163211823e-03 1.479174196720123291e-01 9.729704260826110840e-02 7.343930657953023911e-03 1.415578927844762802e-02 1.003362890332937241e-02 7.278432697057723999e-02 5.674330890178680420e-02 1.911277882754802704e-02 5.693216621875762939e-02 7.994500547647476196e-02 1.620591245591640472e-02 9.054783731698989868e-03 1.806475967168807983e-01 4.768873378634452820e-02 1.256986558437347412e-01
3.544523194432258606e-02 6.975575536489486694e-02 8.668436855077743530e-02 1.652787476778030396e-01 6.883983314037322998e-02 1.242822734639048576e-03 7.517335563898086548e-02 1.665524579584598541e-02 8.244449645280838013e-02 1.334265023469924927e-01 1.176142692565917969e-02 1.289158910512924194e-01 7.650762796401977539e-02 0.000000000000000000e+00 2.688843756914138794e-02 7.690496742725372314e-02 4.242520406842231750e-02 1.269137579947710037e-02 7.398620992898941040e-02 2.219136953353881836e-01 1.725204437971115112e-01 6.920257955789566040e-02 6.241944059729576111e-02 6.652506440877914429e-02 3.744156099855899811e-03 1.326749473810195923e-01 5.747889727354049683e-02 1.328610777854919434e-01 3.458528779447078705e-03 6.037657335400581360e-02 6.749960780143737793e-02 1.055994480848312378e-01 2.892443165183067322e-02 4.966868460178375244e-02
6.227432191371917725e-02 9.646327048540115356e-02 1.133087053894996643e-01 1.913169622421264648e-01 4.202918335795402527e-02 2.813032083213329315e-02 1.018559187650680542e-01 4.352419078350067139e-02 1.090910956263542175e-01 1.597418487071990967e-01 3.863764554262161255e-02 1.552661210298538208e-01 1.031837984919548035e-01 2.688843756914138794e-02 0.000000000000000000e+00 1.035792082548141479e-01 6.923466175794601440e-02 3.956631198525428772e-02 1.006743684411048889e-01 2.473263442516326904e-01 1.984881162643432617e-01 9.591255336999893188e-02 8.915824443101882935e-02 9.324671328067779541e-02 3.062951192259788513e-02 1.589961946010589600e-01 8.423714339733123779e-02 1.591808646917343140e-01 2.343208901584148407e-02 8.712357282638549805e-02 9.421704709529876709e-02 7.893513888120651245e-02 5.576949939131736755e-02 2.281071059405803680e-02
4.157305508852005005e-02 7.187768351286649704e-03 9.845038875937461853e-03 8.951154351234436035e-02 1.449772715568542480e-01 7.566937059164047241e-02 1.741680200211703777e-03 6.032698974013328552e-02 5.574873182922601700e-03 5.710752308368682861e-02 6.520251184701919556e-02 5.253174155950546265e-02 3.996868035756051540e-04 7.690496742725372314e-02 1.035792082548141479e-01 0.000000000000000000e+00 3.459262475371360779e-02 6.427633017301559448e-02 2.935460070148110390e-03 1.475264579057693481e-01 9.690112620592117310e-02 7.743594236671924591e-03 1.455539278686046600e-02 1.043327338993549347e-02 7.318188250064849854e-02 5.634489655494689941e-02 1.951231807470321655e-02 5.653376132249832153e-02 8.034212887287139893e-02 1.660549268126487732e-02 9.454435668885707855e-03 1.810342073440551758e-01 4.808750003576278687e-02 1.260920017957687378e-01
6.990484893321990967e-03 2.741167321801185608e-02 4.442253336310386658e-02 1.237210780382156372e-01 1.109410226345062256e-01 4.118455201387405396e-02 3.285292536020278931e-02 2.578818053007125854e-02 4.015975445508956909e-02 9.151935577392578125e-02 3.067908622324466705e-02 8.696632832288742065e-02 3.419341146945953369e-02 4.242520406842231750e-02 6.923466175794601440e-02 3.459262475371360779e-02 0.000000000000000000e+00 2.974984794855117798e-02 3.166038170456886292e-02 1.811943799257278442e-01 1.310544461011886597e-01 2.685622498393058777e-02 2.004732750356197357e-02 2.416807413101196289e-02 3.868719562888145447e-02 9.076062589883804321e-02 1.509049162268638611e-02 9.094852954149246216e-02 4.587700217962265015e-02 1.799746975302696228e-02 2.514641359448432922e-02 1.473644524812698364e-01 1.351736113429069519e-02 9.190023690462112427e-02
2.276409603655338287e-02 5.711494013667106628e-02 7.407449185848236084e-02 1.529081165790557861e-01 8.146003633737564087e-02 1.144873350858688354e-02 6.254164129495620728e-02 3.964708186686038971e-03 6.982617825269699097e-02 1.209399104118347168e-01 9.300871170125901699e-04 1.164149791002273560e-01 6.387827545404434204e-02 1.269137579947710037e-02 3.956631198525428772e-02 6.427633017301559448e-02 2.974984794855117798e-02 0.000000000000000000e+00 6.135243549942970276e-02 2.098132222890853882e-01 1.601797938346862793e-01 5.656087771058082581e-02 4.976749047636985779e-02 5.387918278574943542e-02 8.947644382715225220e-03 1.201859414577484131e-01 4.482021927833557129e-02 1.203726679086685181e-01 1.614919491112232208e-02 4.772176966071128845e-02 5.485522001981735229e-02 1.181324943900108337e-01 1.623901538550853729e-02 6.232077255845069885e-02
3.864231333136558533e-02 4.252397920936346054e-03 1.278012990951538086e-02 9.242273122072219849e-02 1.421022713184356689e-01 7.275007665157318115e-02 1.193785923533141613e-03 5.740169435739517212e-02 8.510193787515163422e-03 6.003291904926300049e-02 6.227897480130195618e-02 5.545864254236221313e-02 2.535776235163211823e-03 7.398620992898941040e-02 1.006743684411048889e-01 2.935460070148110390e-03 3.166038170456886292e-02 6.135243549942970276e-02 0.000000000000000000e+00 1.503967940807342529e-01 9.980820119380950928e-02 4.808243829756975174e-03 1.162042934447526932e-02 7.498044054955244064e-03 7.026151567697525024e-02 5.927055329084396362e-02 1.657780818641185760e-02 5.945935472846031189e-02 7.742492109537124634e-02 1.367069873958826065e-02 6.519156973809003830e-03 1.781934499740600586e-01 4.515841603279113770e-02 1.232021450996398926e-01
1.879468113183975220e-01 1.545503437519073486e-01 1.378816813230514526e-01 5.879126116633415222e-02 2.863786518573760986e-01 2.207317501306533813e-01 1.492297947406768799e-01 2.060199081897735596e-01 1.420684158802032471e-01 9.118717163801193237e-02 2.107021957635879517e-01 9.573666006326675415e-02 1.479174196720123291e-01 2.219136953353881836e-01 2.473263442516326904e-01 1.475264579057693481e-01 1.811943799257278442e-01 2.098132222890853882e-01 1.503967940807342529e-01 0.000000000000000000e+00 5.135953426361083984e-02 1.550928801298141479e-01 1.617345660924911499e-01 1.577169746160507202e-01 2.183509618043899536e-01 9.194584935903549194e-02 1.665593236684799194e-01 9.175797551870346069e-02 2.251993715763092041e-01 1.637308597564697266e-01 1.567622423171997070e-01 3.200139403343200684e-01 1.942360103130340576e-01 2.686215937137603760e-01
1.379185914993286133e-01 1.040164530277252197e-01 8.713921904563903809e-02 7.454238366335630417e-03 2.385274618864059448e-01 1.713143438100814819e-01 9.862616658210754395e-02 1.563143432140350342e-01 9.137562662363052368e-02 4.001504182815551758e-02 1.610858589410781860e-01 4.459640383720397949e-02 9.729704260826110840e-02 1.725204437971115112e-01 1.984881162643432617e-01 9.690112620592117310e-02 1.310544461011886597e-01 1.601797938346862793e-01 9.980820119380950928e-02 5.135953426361083984e-02 0.000000000000000000e+00 1.045662611722946167e-01 1.112995445728302002e-01 1.072259917855262756e-01 1.688853800296783447e-01 4.077888280153274536e-02 1.161937490105628967e-01 4.058972746133804321e-02 1.758740395307540894e-01 1.133242771029472351e-01 1.062582209706306458e-01 2.731437385082244873e-01 1.443161517381668091e-01 2.203013896942138672e-01
3.384035453200340271e-02 5.558570846915245056e-04 1.758729293942451477e-02 9.718777984380722046e-02 1.373879015445709229e-01 6.796560436487197876e-02 6.001994945108890533e-03 5.260797217488288879e-02 1.331789139658212662e-02 6.482245028018951416e-02 5.748794600367546082e-02 6.025081872940063477e-02 7.343930657953023911e-03 6.920257955789566040e-02 9.591255336999893188e-02 7.743594236671924591e-03 2.685622498393058777e-02 5.656087771058082581e-02 4.808243829756975174e-03 1.550928801298141479e-01 1.045662611722946167e-01 0.000000000000000000e+00 6.812566425651311874e-03 2.689897082746028900e-03 6.547538936138153076e-02 6.406053900718688965e-02 1.177050173282623291e-02 6.424923241138458252e-02 7.264371961355209351e-02 8.863037452101707458e-03 1.710966927930712700e-03 1.735338866710662842e-01 4.035893455147743225e-02 1.184640824794769287e-01
2.703402191400527954e-02 7.368395570665597916e-03 2.439693547785282135e-02 1.039315387606620789e-01 1.306976675987243652e-01 6.118136644363403320e-02 1.281403750181198120e-02 4.581182450056076050e-02 2.012863196432590485e-02 7.160339504480361938e-02 5.069523304700851440e-02 6.703586876392364502e-02 1.415578927844762802e-02 6.241944059729576111e-02 8.915824443101882935e-02 1.455539278686046600e-02 2.004732750356197357e-02 4.976749047636985779e-02 1.162042934447526932e-02 1.617345660924911499e-01 1.112995445728302002e-01 6.812566425651311874e-03 0.000000000000000000e+00 4.122745245695114136e-03 5.868900194764137268e-02 7.084219157695770264e-02 4.958332981914281845e-03 7.103070616722106934e-02 6.586375087499618530e-02 2.050595358014106750e-03 5.101658869534730911e-03 1.669186502695083618e-01 3.355559334158897400e-02 1.117416918277740479e-01
3.115329705178737640e-02 3.245749510824680328e-03 2.027622982859611511e-02 9.985157102346420288e-02 1.347478032112121582e-01 6.528764218091964722e-02 8.691752329468727112e-03 4.992513731122016907e-02 1.600721664726734161e-02 6.750058382749557495e-02 5.480652302503585815e-02 6.293052434921264648e-02 1.003362890332937241e-02 6.652506440877914429e-02 9.324671328067779541e-02 1.043327338993549347e-02 2.416807413101196289e-02 5.387918278574943542e-02 7.498044054955244064e-03 1.577169746160507202e-01 1.072259917855262756e-01 2.689897082746028900e-03 4.122745245695114136e-03 0.000000000000000000e+00 6.279655545949935913e-02 6.673894077539443970e-02 9.080892428755760193e-03 6.692756712436676025e-02 6.996750086545944214e-02 6.173287518322467804e-03 9.789345785975456238e-04 1.709237843751907349e-01 3.767312690615653992e-02 1.158110946416854858e-01
3.170528262853622437e-02 6.602884083986282349e-02 8.296713978052139282e-02 1.616346240043640137e-01 7.256527990102767944e-02 2.501345006749033928e-03 7.144930958747863770e-02 1.291189435869455338e-02 7.872463017702102661e-02 1.297471672296524048e-01 8.017624728381633759e-03 1.252321749925613403e-01 7.278432697057723999e-02 3.744156099855899811e-03 3.062951192259788513e-02 7.318188250064849854e-02 3.868719562888145447e-02 8.947644382715225220e-03 7.026151567697525024e-02 2.183509618043899536e-01 1.688853800296783447e-01 6.547538936138153076e-02 5.868900194764137268e-02 6.279655545949935913e-02 0.000000000000000000e+00 1.289948821067810059e-01 5.374630913138389587e-02 1.291811913251876831e-01 7.202591281384229660e-03 5.664522200822830200e-02 6.377156823873519897e-02 1.093003898859024048e-01 2.518300153315067291e-02 5.340290814638137817e-02
9.768912196159362793e-02 6.350694596767425537e-02 4.652566835284233093e-02 3.333477675914764404e-02 1.996909230947494507e-01 1.314538121223449707e-01 5.808087810873985291e-02 1.162766516208648682e-01 5.078597366809844971e-02 7.650888292118906975e-04 1.211025044322013855e-01 3.824479179456830025e-03 5.674330890178680420e-02 1.326749473810195923e-01 1.589961946010589600e-01 5.634489655494689941e-02 9.076062589883804321e-02 1.201859414577484131e-01 5.927055329084396362e-02 9.194584935903549194e-02 4.077888280153274536e-02 6.406053900718688965e-02 7.084219157695770264e-02 6.673894077539443970e-02 1.289948821067810059e-01 0.000000000000000000e+00 7.577390968799591064e-02 1.894684246508404613e-04 1.360710412263870239e-01 7.288219779729843140e-02 6.576430052518844604e-02 2.349822074174880981e-01 1.041502058506011963e-01 1.811498999595642090e-01
2.207864820957183838e-02 1.232627872377634048e-02 2.935171872377395630e-02 1.088337749242782593e-01 1.258208751678466797e-01 5.624009296298027039e-02 1.777124218642711639e-02 4.086277261376380920e-02 2.508446387946605682e-02 7.653456181287765503e-02 4.574839770793914795e-02 7.197029143571853638e-02 1.911277882754802704e-02 5.747889727354049683e-02 8.423714339733123779e-02 1.951231807470321655e-02 1.509049162268638611e-02 4.482021927833557129e-02 1.657780818641185760e-02 1.665593236684799194e-01 1.161937490105628967e-01 1.177050173282623291e-02 4.958332981914281845e-03 9.080892428755760193e-03 5.374630913138389587e-02 7.577390968799591064e-02 0.000000000000000000e+00 7.596228271722793579e-02 6.092531979084014893e-02 2.907767426222562790e-03 1.005973760038614273e-02 1.620944738388061523e-01 2.860201895236968994e-02 1.068425551056861877e-01
9.787677973508834839e-02 6.369564682245254517e-02 4.671472311019897461e-02 3.314551711082458496e-02 1.998728364706039429e-01 1.316400021314620972e-01 5.826970562338829041e-02 1.164635494351387024e-01 5.097495019435882568e-02 5.756205064244568348e-04 1.212891936302185059e-01 4.013944882899522781e-03 5.693216621875762939e-02 1.328610777854919434e-01 1.591808646917343140e-01 5.653376132249832153e-02 9.094852954149246216e-02 1.203726679086685181e-01 5.945935472846031189e-02 9.175797551870346069e-02 4.058972746133804321e-02 6.424923241138458252e-02 7.103070616722106934e-02 6.692756712436676025e-02 1.291811913251876831e-01 1.894684246508404613e-04 7.596228271722793579e-02 0.000000000000000000e+00 1.362569928169250488e-01 7.307066023349761963e-02 6.595294922590255737e-02 2.351612001657485962e-01 1.043376103043556213e-01 1.813331395387649536e-01
3.889898955821990967e-02 7.319661974906921387e-02 9.011588990688323975e-02 1.686408817768096924e-01 6.539686769247055054e-02 4.701331257820129395e-03 7.861144095659255981e-02 2.011261694133281708e-02 8.587852865457534790e-02 1.368218809366226196e-01 1.521933637559413910e-02 1.323154270648956299e-01 7.994500547647476196e-02 3.458528779447078705e-03 2.343208901584148407e-02 8.034212887287139893e-02 4.587700217962265015e-02 1.614919491112232208e-02 7.742492109537124634e-02 2.251993715763092041e-01 1.758740395307540894e-01 7.264371961355209351e-02 6.586375087499618530e-02 6.996750086545944214e-02 7.202591281384229660e-03 1.360710412263870239e-01 6.092531979084014893e-02 1.362569928169250488e-01 0.000000000000000000e+00 6.382177770137786865e-02 7.094156742095947266e-02 1.021782308816909790e-01 3.237972036004066467e-02 4.621809348464012146e-02
2.498481236398220062e-02 9.418848901987075806e-03 2.644620835781097412e-02 1.059595346450805664e-01 1.286815702915191650e-01 5.913819000124931335e-02 1.486424263566732407e-02 4.376534000039100647e-02 2.217831276357173920e-02 7.364317774772644043e-02 4.864969104528427124e-02 6.907697767019271851e-02 1.620591245591640472e-02 6.037657335400581360e-02 8.712357282638549805e-02 1.660549268126487732e-02 1.799746975302696228e-02 4.772176966071128845e-02 1.367069873958826065e-02 1.637308597564697266e-01 1.133242771029472351e-01 8.863037452101707458e-03 2.050595358014106750e-03 6.173287518322467804e-03 5.664522200822830200e-02 7.288219779729843140e-02 2.907767426222562790e-03 7.307066023349761963e-02 6.382177770137786865e-02 0.000000000000000000e+00 7.152179256081581116e-03 1.649245023727416992e-01 3.150716796517372131e-02 1.097162365913391113e-01
3.213125094771385193e-02 2.266821917146444321e-03 1.929767802357673645e-02 9.888231009244918823e-02 1.357088387012481689e-01 6.626234203577041626e-02 7.712882943451404572e-03 5.090158432722091675e-02 1.502851583063602448e-02 6.652604043483734131e-02 5.578246712684631348e-02 6.195539981126785278e-02 9.054783731698989868e-03 6.749960780143737793e-02 9.421704709529876709e-02 9.454435668885707855e-03 2.514641359448432922e-02 5.485522001981735229e-02 6.519156973809003830e-03 1.567622423171997070e-01 1.062582209706306458e-01 1.710966927930712700e-03 5.101658869534730911e-03 9.789345785975456238e-04 6.377156823873519897e-02 6.576430052518844604e-02 1.005973760038614273e-02 6.595294922590255737e-02 7.094156742095947266e-02 7.152179256081581116e-03 0.000000000000000000e+00 1.718739569187164307e-01 3.865063562989234924e-02 1.167767792940139771e-01
1.405187249183654785e-01 1.740729510784149170e-01 1.905396580696105957e-01 2.662315666675567627e-01 3.702879697084426880e-02 1.068282499909400940e-01 1.793490797281265259e-01 1.220400482416152954e-01 1.864209324121475220e-01 2.357049137353897095e-01 1.172152981162071228e-01 2.313656359910964966e-01 1.806475967168807983e-01 1.055994480848312378e-01 7.893513888120651245e-02 1.810342073440551758e-01 1.473644524812698364e-01 1.181324943900108337e-01 1.781934499740600586e-01 3.200139403343200684e-01 2.731437385082244873e-01 1.735338866710662842e-01 1.669186502695083618e-01 1.709237843751907349e-01 1.093003898859024048e-01 2.349822074174880981e-01 1.620944738388061523e-01 2.351612001657485962e-01 1.021782308816909790e-01 1.649245023727416992e-01 1.718739569187164307e-01 0.000000000000000000e+00 1.341142356395721436e-01 5.622566491365432739e-02
6.527492776513099670e-03 4.091387242078781128e-02 5.790512636303901672e-02 1.370093077421188354e-01 9.756997972726821899e-02 2.768260426819324493e-02 4.634970054030418396e-02 1.227509882301092148e-02 5.364798754453659058e-02 1.049069315195083618e-01 1.716884598135948181e-02 1.003656983375549316e-01 4.768873378634452820e-02 2.892443165183067322e-02 5.576949939131736755e-02 4.808750003576278687e-02 1.351736113429069519e-02 1.623901538550853729e-02 4.515841603279113770e-02 1.942360103130340576e-01 1.443161517381668091e-01 4.035893455147743225e-02 3.355559334158897400e-02 3.767312690615653992e-02 2.518300153315067291e-02 1.041502058506011963e-01 2.860201895236968994e-02 1.043376103043556213e-01 3.237972036004066467e-02 3.150716796517372131e-02 3.865063562989234924e-02 1.341142356395721436e-01 0.000000000000000000e+00 7.848037034273147583e-02
8.496433496475219727e-02 1.190121024847030640e-01 1.357685029506683350e-01 2.131972759962081909e-01 1.923691667616367340e-02 5.090836435556411743e-02 1.243776381015777588e-01 6.626910716295242310e-02 1.315743774175643921e-01 1.818897724151611328e-01 6.139424815773963928e-02 1.774483472108840942e-01 1.256986558437347412e-01 4.966868460178375244e-02 2.281071059405803680e-02 1.260920017957687378e-01 9.190023690462112427e-02 6.232077255845069885e-02 1.232021450996398926e-01 2.686215937137603760e-01 2.203013896942138672e-01 1.184640824794769287e-01 1.117416918277740479e-01 1.158110946416854858e-01 5.340290814638137817e-02 1.811498999595642090e-01 1.068425551056861877e-01 1.813331395387649536e-01 4.621809348464012146e-02 1.097162365913391113e-01 1.167767792940139771e-01 5.622566491365432739e-02 7.848037034273147583e-02 0.000000000000000000e+00
