0.000000000000000000e+00 4.509627074003219604e-02 5.079174414277076721e-02 1.381420046091079712e-01 1.029720976948738098e-01 3.516378626227378845e-02 4.095967486500740051e-02 2.436623349785804749e-02 5.516932159662246704e-02 1.031366437673568726e-01 1.523526851087808609e-02 9.341990202665328979e-02 4.606971517205238342e-02 4.136244207620620728e-02 5.489073321223258972e-02 4.493001848459243774e-02 8.168080821633338928e-03 1.885993964970111847e-02 3.930876031517982483e-02 1.876576989889144897e-01 1.426119655370712280e-01 3.544374182820320129e-02 3.188281878829002380e-02 3.822807967662811279e-02 2.987782098352909088e-02 1.018854305148124695e-01 3.000006452202796936e-02 1.056265681982040405e-01 4.232408478856086731e-02 3.055315837264060974e-02 3.791061416268348694e-02 1.396341323852539062e-01 6.417470518499612808e-03 8.141402155160903931e-02
4.509627074003219604e-02 0.000000000000000000e+00 5.708546377718448639e-03 9.362901002168655396e-02 1.473839730024337769e-01 8.013298362493515015e-02 4.144253674894571304e-03 6.938625872135162354e-02 1.009817328304052353e-02 5.831158161163330078e-02 6.029012054204940796e-02 4.852807521820068359e-02 9.754659258760511875e-04 8.629774302244186401e-02 9.974011778831481934e-02 1.665908348513767123e-04 3.694179654121398926e-02 6.390186399221420288e-02 5.797787569463253021e-03 1.437781751155853271e-01 9.814690053462982178e-02 9.667985141277313232e-03 1.323248073458671570e-02 6.880049593746662140e-03 7.487320899963378906e-02 5.705128982663154602e-02 1.511666085571050644e-02 6.082000955939292908e-02 8.725381642580032349e-02 1.456318143755197525e-02 7.197965402156114578e-03 1.835744380950927734e-01 5.149883776903152466e-02 1.260475218296051025e-01
5.079174414277076721e-02 5.708546377718448639e-03 0.000000000000000000e+00 8.796747028827667236e-02 1.529638022184371948e-01 8.580228686332702637e-02 9.852565824985504150e-03 7.506506890058517456e-02 4.389880225062370300e-03 5.262055620551109314e-02 6.597595661878585815e-02 4.283139109611511230e-02 4.733106121420860291e-03 9.196098893880844116e-02 1.053886488080024719e-01 5.875130649656057358e-03 4.264135286211967468e-02 6.958501785993576050e-02 1.150595303624868393e-02 1.381830424070358276e-01 9.249016642570495605e-02 1.537568308413028717e-02 1.893959380686283112e-02 1.258810143917798996e-02 8.054732531309127808e-02 5.135947465896606445e-02 2.082340978085994720e-02 5.513060837984085083e-02 9.291608631610870361e-02 2.027004025876522064e-02 1.290598046034574509e-02 1.890848428010940552e-01 5.719057098031044006e-02 1.316613256931304932e-01
1.381420046091079712e-01 9.362901002168655396e-02 8.796747028827667236e-02 0.000000000000000000e+00 2.377324104309082031e-01 1.724680066108703613e-01 9.773533791303634644e-02 1.619630604982376099e-01 8.360988646745681763e-02 3.551130369305610657e-02 1.530551314353942871e-01 4.530678689479827881e-02 9.266199916601181030e-02 1.784846037626266479e-01 1.915800273418426514e-01 9.379413723945617676e-02 1.301207393407821655e-01 1.565939635038375854e-01 9.937284886837005615e-02 5.083347856998443604e-02 4.559790715575218201e-03 1.032035723328590393e-01 1.067292541265487671e-01 1.004443466663360596e-01 1.673291921615600586e-01 3.677415102720260620e-02 1.085919663310050964e-01 3.299689292907714844e-02 1.794170737266540527e-01 1.080448552966117859e-01 1.007590666413307190e-01 2.725194096565246582e-01 1.444314271211624146e-01 2.171141952276229858e-01
1.029720976948738098e-01 1.473839730024337769e-01 1.529638022184371948e-01 2.377324104309082031e-01 0.000000000000000000e+00 6.805472820997238159e-02 1.433272510766983032e-01 7.880358397960662842e-02 1.572481095790863037e-01 2.039428204298019409e-01 8.787468075752258301e-02 1.945207715034484863e-01 1.483380943536758423e-01 6.187318265438079834e-02 4.835467040538787842e-02 1.472209841012954712e-01 1.110467836260795593e-01 8.427581936120986938e-02 1.417072713375091553e-01 2.851202785968780518e-01 2.420298159122467041e-01 1.379124969244003296e-01 1.344136297702789307e-01 1.406465321779251099e-01 7.331984490156173706e-02 2.027306109666824341e-01 1.325626373291015625e-01 2.063542455434799194e-01 6.091348454356193542e-02 1.331064701080322266e-01 1.403348743915557861e-01 3.719687461853027344e-02 9.661847352981567383e-02 2.174033410847187042e-02
3.516378626227378845e-02 8.013298362493515015e-02 8.580228686332702637e-02 1.724680066108703613e-01 6.805472820997238159e-02 0.000000000000000000e+00 7.601397484540939331e-02 1.080681197345256805e-02 9.015820175409317017e-02 1.378006637096405029e-01 1.993920095264911652e-02 1.281626820564270020e-01 8.110211789608001709e-02 6.207684986293315887e-03 1.976509764790534973e-02 7.996746152639389038e-02 4.331942275166511536e-02 1.631466485559940338e-02 7.436974346637725830e-02 2.213607728481292725e-01 1.768886893987655640e-01 7.051963359117507935e-02 6.697151809930801392e-02 7.329334318637847900e-02 5.291523877531290054e-03 1.365599632263183594e-01 6.509517878293991089e-02 1.402693688869476318e-01 7.170970551669597626e-03 6.564641743898391724e-02 7.297711074352264404e-02 1.049858406186103821e-01 2.875280193984508514e-02 4.638301953673362732e-02
4.095967486500740051e-02 4.144253674894571304e-03 9.852565824985504150e-03 9.773533791303634644e-02 1.433272510766983032e-01 7.601397484540939331e-02 0.000000000000000000e+00 6.526077538728713989e-02 1.424183137714862823e-02 6.244074553251266479e-02 5.615989118814468384e-02 5.266173928976058960e-02 5.119698587805032730e-03 8.218288421630859375e-02 9.563538432121276855e-02 3.977665677666664124e-03 3.280256688594818115e-02 5.977343767881393433e-02 1.653574057854712009e-03 1.478343307971954346e-01 1.022495552897453308e-01 5.523952655494213104e-03 9.088724851608276367e-03 2.735874382779002190e-03 7.075090706348419189e-02 6.118107959628105164e-02 1.097309309989213943e-02 6.494789570569992065e-02 8.313962817192077637e-02 1.041955500841140747e-02 3.053802764043211937e-03 1.795668005943298340e-01 4.736469686031341553e-02 1.219669654965400696e-01
2.436623349785804749e-02 6.938625872135162354e-02 7.506506890058517456e-02 1.619630604982376099e-01 7.880358397960662842e-02 1.080681197345256805e-02 6.526077538728713989e-02 0.000000000000000000e+00 7.942878454923629761e-02 1.271832585334777832e-01 9.134355932474136353e-03 1.175186336040496826e-01 7.035696506500244141e-02 1.701335608959197998e-02 3.056537918746471405e-02 6.922046840190887451e-02 3.252784162759780884e-02 5.508825182914733887e-03 6.361407041549682617e-02 2.110588550567626953e-01 1.663999557495117188e-01 5.975836515426635742e-02 5.620538443326950073e-02 6.253606826066970825e-02 5.515603814274072647e-03 1.259390115737915039e-01 5.432658270001411438e-02 1.296591162681579590e-01 1.797639019787311554e-02 5.487853288650512695e-02 6.221937015652656555e-02 1.156614273786544800e-01 1.795157045125961304e-02 5.716117471456527710e-02
5.516932159662246704e-02 1.009817328304052353e-02 4.389880225062370300e-03 8.360988646745681763e-02 1.572481095790863037e-01 9.015820175409317017e-02 1.424183137714862823e-02 7.942878454923629761e-02 0.000000000000000000e+00 4.824181646108627319e-02 7.034546136856079102e-02 3.844874352216720581e-02 9.122796356678009033e-03 9.631198644638061523e-02 1.097277626395225525e-01 1.026474684476852417e-02 4.702243208885192871e-02 7.395231723785400391e-02 1.589503139257431030e-02 1.338743716478347778e-01 8.813606947660446167e-02 1.976422965526580811e-02 2.332753688097000122e-02 1.697704382240772247e-02 8.490718901157379150e-02 4.698018357157707214e-02 2.521098405122756958e-02 5.075301229953765869e-02 9.726628661155700684e-02 2.465772628784179688e-02 1.729488186538219452e-02 1.933142542839050293e-01 6.156500056385993958e-02 1.359726041555404663e-01
1.031366437673568726e-01 5.831158161163330078e-02 5.262055620551109314e-02 3.551130369305610657e-02 2.039428204298019409e-01 1.378006637096405029e-01 6.244074553251266479e-02 1.271832585334777832e-01 4.824181646108627319e-02 0.000000000000000000e+00 1.181862056255340576e-01 9.811270050704479218e-03 5.733938142657279968e-02 1.438852697610855103e-01 1.571377813816070557e-01 5.847760662436485291e-02 9.504862874746322632e-02 1.217597424983978271e-01 6.408770382404327393e-02 8.618919551372528076e-02 4.006460309028625488e-02 6.794126331806182861e-02 7.148890197277069092e-02 6.516548246145248413e-02 1.326058357954025269e-01 1.264499500393867493e-03 7.336357980966567993e-02 2.517357701435685158e-03 1.448285281658172607e-01 7.281293720006942749e-02 6.548206508159637451e-02 2.393241822719573975e-01 1.094816476106643677e-01 1.830139458179473877e-01
1.523526851087808609e-02 6.029012054204940796e-02 6.597595661878585815e-02 1.530551314353942871e-01 8.787468075752258301e-02 1.993920095264911652e-02 5.615989118814468384e-02 9.134355932474136353e-03 7.034546136856079102e-02 1.181862056255340576e-01 0.000000000000000000e+00 1.085007414221763611e-01 6.126198172569274902e-02 2.614364959299564362e-02 3.968865424394607544e-02 6.012412905693054199e-02 2.340043708682060242e-02 3.625713288784027100e-03 5.451138317584991455e-02 2.023145407438278198e-01 1.575050055980682373e-01 5.065165832638740540e-02 4.709520563483238220e-02 5.343222990632057190e-02 1.464922074228525162e-02 1.169391870498657227e-01 4.521466419100761414e-02 1.206676587462425232e-01 2.710629627108573914e-02 4.576712101697921753e-02 5.311520025134086609e-02 1.246640756726264954e-01 8.818659000098705292e-03 6.626093387603759766e-02
9.341990202665328979e-02 4.852807521820068359e-02 4.283139109611511230e-02 4.530678689479827881e-02 1.945207715034484863e-01 1.281626820564270020e-01 5.266173928976058960e-02 1.175186336040496826e-01 3.844874352216720581e-02 9.811270050704479218e-03 1.085007414221763611e-01 0.000000000000000000e+00 4.755485802888870239e-02 1.342635452747344971e-01 1.475539952516555786e-01 4.869427159428596497e-02 8.531692624092102051e-02 1.120823696255683899e-01 5.431058630347251892e-02 9.591934829950332642e-02 4.985627904534339905e-02 5.816876888275146484e-02 6.172092258930206299e-02 5.538963526487350464e-02 1.229545399546623230e-01 8.546876721084117889e-03 6.359808146953582764e-02 1.232832390815019608e-02 1.352093815803527832e-01 6.304669380187988281e-02 5.570658296346664429e-02 2.300530821084976196e-01 9.977756440639495850e-02 1.735142171382904053e-01
4.606971517205238342e-02 9.754659258760511875e-04 4.733106121420860291e-03 9.266199916601181030e-02 1.483380943536758423e-01 8.110211789608001709e-02 5.119698587805032730e-03 7.035696506500244141e-02 9.122796356678009033e-03 5.733938142657279968e-02 6.126198172569274902e-02 4.755485802888870239e-02 0.000000000000000000e+00 8.726586401462554932e-02 1.007057800889015198e-01 1.142056426033377647e-03 3.791589662432670593e-02 6.487327814102172852e-02 6.773215718567371368e-03 1.428227424621582031e-01 9.718073159456253052e-02 1.064335089176893234e-02 1.420776266604661942e-02 7.855462841689586639e-03 7.584313303232192993e-02 5.607894808053970337e-02 1.609188877046108246e-02 5.984809622168540955e-02 8.822178095579147339e-02 1.553842518478631973e-02 8.173373527824878693e-03 1.845168769359588623e-01 5.247166752815246582e-02 1.270073652267456055e-01
4.136244207620620728e-02 8.629774302244186401e-02 9.196098893880844116e-02 1.784846037626266479e-01 6.187318265438079834e-02 6.207684986293315887e-03 8.218288421630859375e-02 1.701335608959197998e-02 9.631198644638061523e-02 1.438852697610855103e-01 2.614364959299564362e-02 1.342635452747344971e-01 8.726586401462554932e-02 0.000000000000000000e+00 1.355907600373029709e-02 8.613239228725433350e-02 4.951379075646400452e-02 2.252006903290748596e-02 8.054024726152420044e-02 2.272561788558959961e-01 1.828955411911010742e-01 7.669374346733093262e-02 7.314879447221755981e-02 7.946486771106719971e-02 1.149883121252059937e-02 1.426467299461364746e-01 7.127406448125839233e-02 1.463496088981628418e-01 9.633285226300358772e-04 7.182483375072479248e-02 7.914894074201583862e-02 9.884256869554519653e-02 3.495424613356590271e-02 4.018690437078475952e-02
5.489073321223258972e-02 9.974011778831481934e-02 1.053886488080024719e-01 1.915800273418426514e-01 4.835467040538787842e-02 1.976509764790534973e-02 9.563538432121276855e-02 3.056537918746471405e-02 1.097277626395225525e-01 1.571377813816070557e-01 3.968865424394607544e-02 1.475539952516555786e-01 1.007057800889015198e-01 1.355907600373029709e-02 0.000000000000000000e+00 9.957516938447952271e-02 6.303055584430694580e-02 3.606813028454780579e-02 9.399668127298355103e-02 2.400754839181900024e-01 1.959686279296875000e-01 9.015906602144241333e-02 8.662194758653640747e-02 9.292382746934890747e-02 2.505399845540523529e-02 1.559042632579803467e-01 8.475123345851898193e-02 1.595920026302337646e-01 1.259591244161128998e-02 8.530083298683166504e-02 9.260863065719604492e-02 8.539795130491256714e-02 4.849034175276756287e-02 2.664234489202499390e-02
4.493001848459243774e-02 1.665908348513767123e-04 5.875130649656057358e-03 9.379413723945617676e-02 1.472209841012954712e-01 7.996746152639389038e-02 3.977665677666664124e-03 6.922046840190887451e-02 1.026474684476852417e-02 5.847760662436485291e-02 6.012412905693054199e-02 4.869427159428596497e-02 1.142056426033377647e-03 8.613239228725433350e-02 9.957516938447952271e-02 0.000000000000000000e+00 3.677543625235557556e-02 6.373594701290130615e-02 5.631202831864356995e-03 1.439413130283355713e-01 9.831187129020690918e-02 9.501409716904163361e-03 1.306591834872961044e-02 6.713467184454202652e-03 7.470755279064178467e-02 5.721733719110488892e-02 1.495010592043399811e-02 6.098598986864089966e-02 8.708849549293518066e-02 1.439662370830774307e-02 7.031382992863655090e-03 1.834134608507156372e-01 5.133268982172012329e-02 1.258835494518280029e-01
8.168080821633338928e-03 3.694179654121398926e-02 4.264135286211967468e-02 1.301207393407821655e-01 1.110467836260795593e-01 4.331942275166511536e-02 3.280256688594818115e-02 3.252784162759780884e-02 4.702243208885192871e-02 9.504862874746322632e-02 2.340043708682060242e-02 8.531692624092102051e-02 3.791589662432670593e-02 4.951379075646400452e-02 6.303055584430694580e-02 3.677543625235557556e-02 0.000000000000000000e+00 2.702385932207107544e-02 3.115068189799785614e-02 1.797651648521423340e-01 1.346006691455841064e-01 2.728355675935745239e-02 2.372091449797153473e-02 3.006939217448234558e-02 3.803662210702896118e-02 9.379540383815765381e-02 2.183733321726322174e-02 9.754265099763870239e-02 5.047471448779106140e-02 2.239066362380981445e-02 2.975174598395824432e-02 1.476338207721710205e-01 1.458478718996047974e-02 8.952256292104721069e-02
1.885993964970111847e-02 6.390186399221420288e-02 6.958501785993576050e-02 1.565939635038375854e-01 8.427581936120986938e-02 1.631466485559940338e-02 5.977343767881393433e-02 5.508825182914733887e-03 7.395231723785400391e-02 1.217597424983978271e-01 3.625713288784027100e-03 1.120823696255683899e-01 6.487327814102172852e-02 2.252006903290748596e-02 3.606813028454780579e-02 6.373594701290130615e-02 2.702385932207107544e-02 0.000000000000000000e+00 5.812561139464378357e-02 2.057892978191375732e-01 1.610387414693832397e-01 5.426740273833274841e-02 5.071226134896278381e-02 5.704689398407936096e-02 1.102409325540065765e-02 1.205137968063354492e-01 4.883237183094024658e-02 1.242390275001525879e-01 2.348288893699645996e-02 4.938463866710662842e-02 5.672999098896980286e-02 1.210930943489074707e-01 1.244397461414337158e-02 6.265027076005935669e-02
3.930876031517982483e-02 5.797787569463253021e-03 1.150595303624868393e-02 9.937284886837005615e-02 1.417072713375091553e-01 7.436974346637725830e-02 1.653574057854712009e-03 6.361407041549682617e-02 1.589503139257431030e-02 6.408770382404327393e-02 5.451138317584991455e-02 5.431058630347251892e-02 6.773215718567371368e-03 8.054024726152420044e-02 9.399668127298355103e-02 5.631202831864356995e-03 3.115068189799785614e-02 5.812561139464378357e-02 0.000000000000000000e+00 1.494513899087905884e-01 1.038855686783790588e-01 3.870414104312658310e-03 7.435263134539127350e-03 1.082305097952485085e-03 6.910542398691177368e-02 6.282829493284225464e-02 9.319689124822616577e-03 6.659431755542755127e-02 8.149725198745727539e-02 8.766132406890392303e-03 1.400235807523131371e-03 1.779660582542419434e-01 4.571470245718955994e-02 1.203376650810241699e-01
1.876576989889144897e-01 1.437781751155853271e-01 1.381830424070358276e-01 5.083347856998443604e-02 2.851202785968780518e-01 2.213607728481292725e-01 1.478343307971954346e-01 2.110588550567626953e-01 1.338743716478347778e-01 8.618919551372528076e-02 2.023145407438278198e-01 9.591934829950332642e-02 1.428227424621582031e-01 2.272561788558959961e-01 2.400754839181900024e-01 1.439413130283355713e-01 1.797651648521423340e-01 2.057892978191375732e-01 1.494513899087905884e-01 0.000000000000000000e+00 4.628441482782363892e-02 1.532331556081771851e-01 1.567125022411346436e-01 1.505093425512313843e-01 2.163226455450057983e-01 8.744416385889053345e-02 1.585502177476882935e-01 8.368999511003494263e-02 2.281695604324340820e-01 1.580104827880859375e-01 1.508200466632843018e-01 3.189346492290496826e-01 1.938417404890060425e-01 2.650226950645446777e-01
1.426119655370712280e-01 9.814690053462982178e-02 9.249016642570495605e-02 4.559790715575218201e-03 2.420298159122467041e-01 1.768886893987655640e-01 1.022495552897453308e-01 1.663999557495117188e-01 8.813606947660446167e-02 4.006460309028625488e-02 1.575050055980682373e-01 4.985627904534339905e-02 9.718073159456253052e-02 1.828955411911010742e-01 1.959686279296875000e-01 9.831187129020690918e-02 1.346006691455841064e-01 1.610387414693832397e-01 1.038855686783790588e-01 4.628441482782363892e-02 0.000000000000000000e+00 1.077126786112785339e-01 1.112349033355712891e-01 1.049560680985450745e-01 1.717579215764999390e-01 4.132701084017753601e-02 1.130957603454589844e-01 3.755103424191474915e-02 1.838264912366867065e-01 1.125492006540298462e-01 1.052704825997352600e-01 2.767353355884552002e-01 1.488931626081466675e-01 2.214547544717788696e-01
3.544374182820320129e-02 9.667985141277313232e-03 1.537568308413028717e-02 1.032035723328590393e-01 1.379124969244003296e-01 7.051963359117507935e-02 5.523952655494213104e-03 5.975836515426635742e-02 1.976422965526580811e-02 6.794126331806182861e-02 5.065165832638740540e-02 5.816876888275146484e-02 1.064335089176893234e-02 7.669374346733093262e-02 9.015906602144241333e-02 9.501409716904163361e-03 2.728355675935745239e-02 5.426740273833274841e-02 3.870414104312658310e-03 1.532331556081771851e-01 1.077126786112785339e-01 0.000000000000000000e+00 3.564951242879033089e-03 2.788120647892355919e-03 6.525246053934097290e-02 6.668249517679214478e-02 5.449471529573202133e-03 7.044657319784164429e-02 7.765133678913116455e-02 4.895884543657302856e-03 2.470191800966858864e-03 1.742156594991683960e-01 4.185168817639350891e-02 1.165215224027633667e-01
3.188281878829002380e-02 1.323248073458671570e-02 1.893959380686283112e-02 1.067292541265487671e-01 1.344136297702789307e-01 6.697151809930801392e-02 9.088724851608276367e-03 5.620538443326950073e-02 2.332753688097000122e-02 7.148890197277069092e-02 4.709520563483238220e-02 6.172092258930206299e-02 1.420776266604661942e-02 7.314879447221755981e-02 8.662194758653640747e-02 1.306591834872961044e-02 2.372091449797153473e-02 5.071226134896278381e-02 7.435263134539127350e-03 1.567125022411346436e-01 1.112349033355712891e-01 3.564951242879033089e-03 0.000000000000000000e+00 6.353009492158889771e-03 6.170186027884483337e-02 7.023075222969055176e-02 1.884556491859257221e-03 7.399294525384902954e-02 7.410690188407897949e-02 1.330956351011991501e-03 6.035089958459138870e-03 1.707567572593688965e-01 3.829245641827583313e-02 1.130035072565078735e-01
3.822807967662811279e-02 6.880049593746662140e-03 1.258810143917798996e-02 1.004443466663360596e-01 1.406465321779251099e-01 7.329334318637847900e-02 2.735874382779002190e-03 6.253606826066970825e-02 1.697704382240772247e-02 6.516548246145248413e-02 5.343222990632057190e-02 5.538963526487350464e-02 7.855462841689586639e-03 7.946486771106719971e-02 9.292382746934890747e-02 6.713467184454202652e-03 3.006939217448234558e-02 5.704689398407936096e-02 1.082305097952485085e-03 1.505093425512313843e-01 1.049560680985450745e-01 2.788120647892355919e-03 6.353009492158889771e-03 0.000000000000000000e+00 6.802820414304733276e-02 6.390625238418579102e-02 8.237467147409915924e-03 6.767174601554870605e-02 8.042204380035400391e-02 7.683900650590658188e-03 3.179312043357640505e-04 1.769178360700607300e-01 4.463460296392440796e-02 1.192708909511566162e-01
2.987782098352909088e-02 7.487320899963378906e-02 8.054732531309127808e-02 1.673291921615600586e-01 7.331984490156173706e-02 5.291523877531290054e-03 7.075090706348419189e-02 5.515603814274072647e-03 8.490718901157379150e-02 1.326058357954025269e-01 1.464922074228525162e-02 1.229545399546623230e-01 7.584313303232192993e-02 1.149883121252059937e-02 2.505399845540523529e-02 7.470755279064178467e-02 3.803662210702896118e-02 1.102409325540065765e-02 6.910542398691177368e-02 2.163226455450057983e-01 1.717579215764999390e-01 6.525246053934097290e-02 6.170186027884483337e-02 6.802820414304733276e-02 0.000000000000000000e+00 1.313633620738983154e-01 5.982425808906555176e-02 1.350781172513961792e-01 1.246202178299427032e-02 6.037586182355880737e-02 6.771174073219299316e-02 1.102161332964897156e-01 2.346484921872615814e-02 5.166186019778251648e-02
1.018854305148124695e-01 5.705128982663154602e-02 5.135947465896606445e-02 3.677415102720260620e-02 2.027306109666824341e-01 1.365599632263183594e-01 6.118107959628105164e-02 1.259390115737915039e-01 4.698018357157707214e-02 1.264499500393867493e-03 1.169391870498657227e-01 8.546876721084117889e-03 5.607894808053970337e-02 1.426467299461364746e-01 1.559042632579803467e-01 5.721733719110488892e-02 9.379540383815765381e-02 1.205137968063354492e-01 6.282829493284225464e-02 8.744416385889053345e-02 4.132701084017753601e-02 6.668249517679214478e-02 7.023075222969055176e-02 6.390625238418579102e-02 1.313633620738983154e-01 0.000000000000000000e+00 7.210576534271240234e-02 3.781845094636082649e-03 1.435903161764144897e-01 7.155502587556838989e-02 6.422287970781326294e-02 2.381317466497421265e-01 1.082321256399154663e-01 1.817915141582489014e-01
3.000006452202796936e-02 1.511666085571050644e-02 2.082340978085994720e-02 1.085919663310050964e-01 1.325626373291015625e-01 6.509517878293991089e-02 1.097309309989213943e-02 5.432658270001411438e-02 2.521098405122756958e-02 7.336357980966567993e-02 4.521466419100761414e-02 6.359808146953582764e-02 1.609188877046108246e-02 7.127406448125839233e-02 8.475123345851898193e-02 1.495010592043399811e-02 2.183733321726322174e-02 4.883237183094024658e-02 9.319689124822616577e-03 1.585502177476882935e-01 1.130957603454589844e-01 5.449471529573202133e-03 1.884556491859257221e-03 8.237467147409915924e-03 5.982425808906555176e-02 7.210576534271240234e-02 0.000000000000000000e+00 7.586692273616790771e-02 7.223243266344070435e-02 5.536015960387885571e-04 7.919556461274623871e-03 1.689265668392181396e-01 3.641052544116973877e-02 1.111426204442977905e-01
1.056265681982040405e-01 6.082000955939292908e-02 5.513060837984085083e-02 3.299689292907714844e-02 2.063542455434799194e-01 1.402693688869476318e-01 6.494789570569992065e-02 1.296591162681579590e-01 5.075301229953765869e-02 2.517357701435685158e-03 1.206676587462425232e-01 1.232832390815019608e-02 5.984809622168540955e-02 1.463496088981628418e-01 1.595920026302337646e-01 6.098598986864089966e-02 9.754265099763870239e-02 1.242390275001525879e-01 6.659431755542755127e-02 8.368999511003494263e-02 3.755103424191474915e-02 7.044657319784164429e-02 7.399294525384902954e-02 6.767174601554870605e-02 1.350781172513961792e-01 3.781845094636082649e-03 7.586692273616790771e-02 0.000000000000000000e+00 1.472921818494796753e-01 7.531648129224777222e-02 6.798821687698364258e-02 2.416959106922149658e-01 1.119681522250175476e-01 1.854458600282669067e-01
4.232408478856086731e-02 8.725381642580032349e-02 9.291608631610870361e-02 1.794170737266540527e-01 6.091348454356193542e-02 7.170970551669597626e-03 8.313962817192077637e-02 1.797639019787311554e-02 9.726628661155700684e-02 1.448285281658172607e-01 2.710629627108573914e-02 1.352093815803527832e-01 8.822178095579147339e-02 9.633285226300358772e-04 1.259591244161128998e-02 8.708849549293518066e-02 5.047471448779106140e-02 2.348288893699645996e-02 8.149725198745727539e-02 2.281695604324340820e-01 1.838264912366867065e-01 7.765133678913116455e-02 7.410690188407897949e-02 8.042204380035400391e-02 1.246202178299427032e-02 1.435903161764144897e-01 7.223243266344070435e-02 1.472921818494796753e-01 0.000000000000000000e+00 7.278312742710113525e-02 8.010616153478622437e-02 9.788856655359268188e-02 3.591636568307876587e-02 3.922509402036666870e-02
3.055315837264060974e-02 1.456318143755197525e-02 2.027004025876522064e-02 1.080448552966117859e-01 1.331064701080322266e-01 6.564641743898391724e-02 1.041955500841140747e-02 5.487853288650512695e-02 2.465772628784179688e-02 7.281293720006942749e-02 4.576712101697921753e-02 6.304669380187988281e-02 1.553842518478631973e-02 7.182483375072479248e-02 8.530083298683166504e-02 1.439662370830774307e-02 2.239066362380981445e-02 4.938463866710662842e-02 8.766132406890392303e-03 1.580104827880859375e-01 1.125492006540298462e-01 4.895884543657302856e-03 1.330956351011991501e-03 7.683900650590658188e-03 6.037586182355880737e-02 7.155502587556838989e-02 5.536015960387885571e-04 7.531648129224777222e-02 7.278312742710113525e-02 0.000000000000000000e+00 7.365986704826354980e-03 1.694643199443817139e-01 3.696338087320327759e-02 1.116893514990806580e-01
3.791061416268348694e-02 7.197965402156114578e-03 1.290598046034574509e-02 1.007590666413307190e-01 1.403348743915557861e-01 7.297711074352264404e-02 3.053802764043211937e-03 6.221937015652656555e-02 1.729488186538219452e-02 6.548206508159637451e-02 5.311520025134086609e-02 5.570658296346664429e-02 8.173373527824878693e-03 7.914894074201583862e-02 9.260863065719604492e-02 7.031382992863655090e-03 2.975174598395824432e-02 5.672999098896980286e-02 1.400235807523131371e-03 1.508200466632843018e-01 1.052704825997352600e-01 2.470191800966858864e-03 6.035089958459138870e-03 3.179312043357640505e-04 6.771174073219299316e-02 6.422287970781326294e-02 7.919556461274623871e-03 6.798821687698364258e-02 8.010616153478622437e-02 7.365986704826354980e-03 0.000000000000000000e+00 1.766098439693450928e-01 4.431730508804321289e-02 1.189574673771858215e-01
1.396341323852539062e-01 1.835744380950927734e-01 1.890848428010940552e-01 2.725194096565246582e-01 3.719687461853027344e-02 1.049858406186103821e-01 1.795668005943298340e-01 1.156614273786544800e-01 1.933142542839050293e-01 2.393241822719573975e-01 1.246640756726264954e-01 2.300530821084976196e-01 1.845168769359588623e-01 9.884256869554519653e-02 8.539795130491256714e-02 1.834134608507156372e-01 1.476338207721710205e-01 1.210930943489074707e-01 1.779660582542419434e-01 3.189346492290496826e-01 2.767353355884552002e-01 1.742156594991683960e-01 1.707567572593688965e-01 1.769178360700607300e-01 1.102161332964897156e-01 2.381317466497421265e-01 1.689265668392181396e-01 2.416959106922149658e-01 9.788856655359268188e-02 1.694643199443817139e-01 1.766098439693450928e-01 0.000000000000000000e+00 1.333361417055130005e-01 5.888959020376205444e-02
6.417470518499612808e-03 5.149883776903152466e-02 5.719057098031044006e-02 1.444314271211624146e-01 9.661847352981567383e-02 2.875280193984508514e-02 4.736469686031341553e-02 1.795157045125961304e-02 6.156500056385993958e-02 1.094816476106643677e-01 8.818659000098705292e-03 9.977756440639495850e-02 5.247166752815246582e-02 3.495424613356590271e-02 4.849034175276756287e-02 5.133268982172012329e-02 1.458478718996047974e-02 1.244397461414337158e-02 4.571470245718955994e-02 1.938417404890060425e-01 1.488931626081466675e-01 4.185168817639350891e-02 3.829245641827583313e-02 4.463460296392440796e-02 2.346484921872615814e-02 1.082321256399154663e-01 3.641052544116973877e-02 1.119681522250175476e-01 3.591636568307876587e-02 3.696338087320327759e-02 4.431730508804321289e-02 1.333361417055130005e-01 0.000000000000000000e+00 7.503575086593627930e-02
8.141402155160903931e-02 1.260475218296051025e-01 1.316613256931304932e-01 2.171141952276229858e-01 2.174033410847187042e-02 4.638301953673362732e-02 1.219669654965400696e-01 5.716117471456527710e-02 1.359726041555404663e-01 1.830139458179473877e-01 6.626093387603759766e-02 1.735142171382904053e-01 1.270073652267456055e-01 4.018690437078475952e-02 2.664234489202499390e-02 1.258835494518280029e-01 8.952256292104721069e-02 6.265027076005935669e-02 1.203376650810241699e-01 2.650226950645446777e-01 2.214547544717788696e-01 1.165215224027633667e-01 1.130035072565078735e-01 1.192708909511566162e-01 5.166186019778251648e-02 1.817915141582489014e-01 1.111426204442977905e-01 1.854458600282669067e-01 3.922509402036666870e-02 1.116893514990806580e-01 1.189574673771858215e-01 5.888959020376205444e-02 7.503575086593627930e-02 0.000000000000000000e+00
