0.000000000000000000e+00 1.248884946107864380e-02 5.755911022424697876e-02 1.120040193200111389e-01 2.425590157508850098e-01 1.181039661169052124e-01 3.773142769932746887e-02 5.887353792786598206e-02 8.952551521360874176e-03 7.137672603130340576e-02 8.963815867900848389e-02 3.240848705172538757e-02 6.146672368049621582e-02 8.436724543571472168e-02 1.274876892566680908e-01 0.000000000000000000e+00 7.460814714431762695e-02 2.004146575927734375e-02 4.943820182234048843e-03 1.686460822820663452e-01 5.958363413810729980e-02 3.655352443456649780e-02 1.578128524124622345e-02 1.676234230399131775e-02 6.759317964315414429e-02 7.319437712430953979e-02 1.466544438153505325e-02 9.117791801691055298e-02 8.151835948228836060e-02 4.048583097755908966e-03 4.656109586358070374e-02 1.792400330305099487e-01 1.027355641126632690e-01 1.278313994407653809e-01
1.248884946107864380e-02 0.000000000000000000e+00 6.999764591455459595e-02 1.243189722299575806e-01 2.307692319154739380e-01 1.057711243629455566e-01 5.019662156701087952e-02 4.641881957650184631e-02 3.536693286150693893e-03 8.379088342189788818e-02 7.723577320575714111e-02 4.487917199730873108e-02 4.901549965143203735e-02 7.195421308279037476e-02 1.151822283864021301e-01 1.248884946107864380e-02 6.217723712325096130e-02 3.252217546105384827e-02 7.545494940131902695e-03 1.807542294263839722e-01 7.201889157295227051e-02 2.407566644251346588e-02 3.293084446340799332e-03 2.924506925046443939e-02 5.515088513493537903e-02 8.560497313737869263e-02 2.714932151138782501e-02 1.035488545894622803e-01 6.909985840320587158e-02 8.440692909061908722e-03 5.901562795042991638e-02 1.671252995729446411e-01 9.036265313625335693e-02 1.155269816517829895e-01
5.755911022424697876e-02 6.999764591455459595e-02 0.000000000000000000e+00 5.479818210005760193e-02 2.959857285022735596e-01 1.744769811630249023e-01 1.987084001302719116e-02 1.160394251346588135e-01 6.647741049528121948e-02 1.387461461126804352e-02 1.464416980743408203e-01 2.519762888550758362e-02 1.186062097549438477e-01 1.412404775619506836e-01 1.836988031864166260e-01 5.755911022424697876e-02 1.316021084785461426e-01 3.756097704172134399e-02 6.248515099287033081e-02 1.121758744120597839e-01 2.031488111242651939e-03 9.391503781080245972e-02 7.327383756637573242e-02 4.083617031574249268e-02 1.246672570705413818e-01 1.570141501724720001e-02 4.292990639805793762e-02 3.379617631435394287e-02 1.384279429912567139e-01 6.159334257245063782e-02 1.102756895124912262e-02 2.343810647726058960e-01 1.593523621559143066e-01 1.840363889932632446e-01
1.120040193200111389e-01 1.243189722299575806e-01 5.479818210005760193e-02 0.000000000000000000e+00 3.451851904392242432e-01 2.271038293838500977e-01 7.458780705928802490e-02 1.697581559419631958e-01 1.208354085683822632e-01 4.095470532774925232e-02 1.996378451585769653e-01 7.988550513982772827e-02 1.722846478223800659e-01 1.945330351591110229e-01 2.361201196908950806e-01 1.120040193200111389e-01 1.850656867027282715e-01 9.216944873332977295e-02 1.168831139802932739e-01 5.773257464170455933e-02 5.277257040143013000e-02 1.479518115520477295e-01 1.275598257780075073e-01 9.542082250118255615e-02 1.782477349042892456e-01 3.913043439388275146e-02 9.749872237443923950e-02 2.104097418487071991e-02 1.917714327573776245e-01 1.159999966621398926e-01 6.578599661588668823e-02 2.855122387409210205e-01 2.122967243194580078e-01 2.364500164985656738e-01
2.425590157508850098e-01 2.307692319154739380e-01 2.959857285022735596e-01 3.451851904392242432e-01 0.000000000000000000e+00 1.281254887580871582e-01 2.777484655380249023e-01 1.863465607166290283e-01 2.341148555278778076e-01 3.085930347442626953e-01 1.563196480274200439e-01 2.728228569030761719e-01 1.838331222534179688e-01 1.614966392517089844e-01 1.187432631850242615e-01 2.425590157508850098e-01 1.710462719202041626e-01 2.613300979137420654e-01 2.379004806280136108e-01 3.950451314449310303e-01 2.978381216526031494e-01 2.078483551740646362e-01 2.276491522789001465e-01 2.582712769508361816e-01 1.778822839260101318e-01 3.102453052997589111e-01 2.563126981258392334e-01 3.265157043933868408e-01 1.642891466617584229e-01 2.387448847293853760e-01 2.858912944793701172e-01 6.619697809219360352e-02 1.433968245983123779e-01 1.183987706899642944e-01
1.181039661169052124e-01 1.057711243629455566e-01 1.744769811630249023e-01 2.271038293838500977e-01 1.281254887580871582e-01 0.000000000000000000e+00 1.551440358161926270e-01 5.964514985680580139e-02 1.092669442296028137e-01 1.878967434167861938e-01 2.877038717269897461e-02 1.499385535717010498e-01 5.705140158534049988e-02 3.407625854015350342e-02 9.527170099318027496e-03 1.181039661169052124e-01 4.388248547911643982e-02 1.378192156553268433e-01 1.132262572646141052e-01 2.811501622200012207e-01 1.764459311962127686e-01 8.190403133630752563e-02 1.025137454271316528e-01 1.345998346805572510e-01 5.091726034879684448e-02 1.896588206291198730e-01 1.325398385524749756e-01 2.070522457361221313e-01 3.694126382470130920e-02 1.141099408268928528e-01 1.637645065784454346e-01 6.245825067162513733e-02 1.555716339498758316e-02 9.876543655991554260e-03
3.773142769932746887e-02 5.019662156701087952e-02 1.987084001302719116e-02 7.458780705928802490e-02 2.777484655380249023e-01 1.551440358161926270e-01 0.000000000000000000e+00 9.639084339141845703e-02 4.666821286082267761e-02 3.373615443706512451e-02 1.269402503967285156e-01 5.329457577317953110e-03 9.896861761808395386e-02 1.217112317681312561e-01 1.644281595945358276e-01 3.773142769932746887e-02 1.120242178440093994e-01 1.770334877073764801e-02 4.266728833317756653e-02 1.317530274391174316e-01 2.190144360065460205e-02 7.418263703584671021e-02 5.348086729645729065e-02 2.098235487937927246e-02 1.050566732883453369e-01 3.556115925312042236e-02 2.307875268161296844e-02 5.363099649548530579e-02 1.188841238617897034e-01 4.177362844347953796e-02 8.845209144055843353e-03 2.155139446258544922e-01 1.399245858192443848e-01 1.647680997848510742e-01
5.887353792786598206e-02 4.641881957650184631e-02 1.160394251346588135e-01 1.697581559419631958e-01 1.863465607166290283e-01 5.964514985680580139e-02 9.639084339141845703e-02 0.000000000000000000e+00 4.994731396436691284e-02 1.297052204608917236e-01 3.092783503234386444e-02 9.110818803310394287e-02 2.602602588012814522e-03 2.562096528708934784e-02 6.913303583860397339e-02 5.887353792786598206e-02 1.580403000116348267e-02 7.882200181484222412e-02 5.394541844725608826e-02 2.252828329801559448e-01 1.180430874228477478e-01 2.236815169453620911e-02 4.313232749700546265e-02 7.556131482124328613e-02 8.754476904869079590e-03 1.315012425184249878e-01 7.347554713487625122e-02 1.492502838373184204e-01 2.275402098894119263e-02 5.483802780508995056e-02 1.051464080810546875e-01 1.216502115130424500e-01 4.412893205881118774e-02 6.948076188564300537e-02
8.952551521360874176e-03 3.536693286150693893e-03 6.647741049528121948e-02 1.208354085683822632e-01 2.341148555278778076e-01 1.092669442296028137e-01 4.666821286082267761e-02 4.994731396436691284e-02 0.000000000000000000e+00 8.027797937393188477e-02 8.075040578842163086e-02 4.134904220700263977e-02 5.254308506846427917e-02 7.547169923782348633e-02 1.186705753207206726e-01 8.952551521360874176e-03 6.569948047399520874e-02 2.898881584405899048e-02 4.008908756077289581e-03 1.773308962583541870e-01 6.849964708089828491e-02 2.761000953614711761e-02 6.829698104411363602e-03 2.571103535592556000e-02 5.867613106966018677e-02 8.209313452243804932e-02 2.361489646136760712e-02 1.000488027930259705e-01 7.261880487203598022e-02 4.904146306216716766e-03 5.549051612615585327e-02 1.705611795186996460e-01 9.386934340000152588e-02 1.190150454640388489e-01
7.137672603130340576e-02 8.379088342189788818e-02 1.387461461126804352e-02 4.095470532774925232e-02 3.085930347442626953e-01 1.878967434167861938e-01 3.373615443706512451e-02 1.297052204608917236e-01 8.027797937393188477e-02 0.000000000000000000e+00 1.599912494421005249e-01 3.905858844518661499e-02 1.322631686925888062e-01 1.548117101192474365e-01 1.970711350440979004e-01 7.137672603130340576e-02 1.452115774154663086e-01 5.140879750251770020e-02 7.629362493753433228e-02 9.845449030399322510e-02 1.184346061199903488e-02 1.076493859291076660e-01 8.705994486808776855e-02 5.467980355024337769e-02 1.383026540279388428e-01 1.827199128456413746e-03 5.677070468664169312e-02 1.993090659379959106e-02 1.520106047391891479e-01 7.540351897478103638e-02 2.489837445318698883e-02 2.474509775638580322e-01 1.728448271751403809e-01 1.974069476127624512e-01
8.963815867900848389e-02 7.723577320575714111e-02 1.464416980743408203e-01 1.996378451585769653e-01 1.563196480274200439e-01 2.877038717269897461e-02 1.269402503967285156e-01 3.092783503234386444e-02 8.075040578842163086e-02 1.599912494421005249e-01 0.000000000000000000e+00 1.216931194067001343e-01 2.832751348614692688e-02 5.311077460646629333e-03 3.828706219792366028e-02 8.963815867900848389e-02 1.513120066374540329e-02 1.094829365611076355e-01 8.473188430070877075e-02 2.544378638267517090e-01 1.484290361404418945e-01 5.325914174318313599e-02 7.396149635314941406e-02 1.062408685684204102e-01 2.217936329543590546e-02 1.617711484432220459e-01 1.041666641831398010e-01 1.793502420186996460e-01 8.179570548236370087e-03 8.562064915895462036e-02 1.356331706047058105e-01 9.106499701738357544e-02 1.321913953870534897e-02 3.863595053553581238e-02
3.240848705172538757e-02 4.487917199730873108e-02 2.519762888550758362e-02 7.988550513982772827e-02 2.728228569030761719e-01 1.499385535717010498e-01 5.329457577317953110e-03 9.110818803310394287e-02 4.134904220700263977e-02 3.905858844518661499e-02 1.216931194067001343e-01 0.000000000000000000e+00 9.368857741355895996e-02 1.164573132991790771e-01 1.592382490634918213e-01 3.240848705172538757e-02 1.067585051059722900e-01 1.237505953758955002e-02 3.734632208943367004e-02 1.369863003492355347e-01 2.722772210836410522e-02 6.888041645288467407e-02 4.816513881087303162e-02 1.565464958548545837e-02 9.978307783603668213e-02 4.088287055492401123e-02 1.775147952139377594e-02 5.894360691308975220e-02 1.136266589164733887e-01 3.645228594541549683e-02 1.417399849742650986e-02 2.104261815547943115e-01 1.346955746412277222e-01 1.595787703990936279e-01
6.146672368049621582e-02 4.901549965143203735e-02 1.186062097549438477e-01 1.722846478223800659e-01 1.838331222534179688e-01 5.705140158534049988e-02 9.896861761808395386e-02 2.602602588012814522e-03 5.254308506846427917e-02 1.322631686925888062e-01 2.832751348614692688e-02 9.368857741355895996e-02 0.000000000000000000e+00 2.301989868283271790e-02 6.654240190982818604e-02 6.146672368049621582e-02 1.320197060704231262e-02 8.140790462493896484e-02 5.654008314013481140e-02 2.277518957853317261e-01 1.206086352467536926e-01 2.496930025517940521e-02 4.572979733347892761e-02 7.814854383468627930e-02 6.152014248073101044e-03 1.340579688549041748e-01 7.606360316276550293e-02 1.517939269542694092e-01 2.015261165797710419e-02 5.743243172764778137e-02 1.077195331454277039e-01 1.190853118896484375e-01 4.153110086917877197e-02 6.689025461673736572e-02
8.436724543571472168e-02 7.195421308279037476e-02 1.412404775619506836e-01 1.945330351591110229e-01 1.614966392517089844e-01 3.407625854015350342e-02 1.217112317681312561e-01 2.562096528708934784e-02 7.547169923782348633e-02 1.548117101192474365e-01 5.311077460646629333e-03 1.164573132991790771e-01 2.301989868283271790e-02 0.000000000000000000e+00 4.358927533030509949e-02 8.436724543571472168e-02 9.820912964642047882e-03 1.042324677109718323e-01 7.945656776428222656e-02 2.494639009237289429e-01 1.432308703660964966e-01 4.796162992715835571e-02 6.867740303277969360e-02 1.009867712855339050e-01 1.687027327716350555e-02 1.565946191549301147e-01 9.891030937433242798e-02 1.742051094770431519e-01 2.868617419153451920e-03 8.034610748291015625e-02 1.304160356521606445e-01 9.632948786020278931e-02 1.852891594171524048e-02 4.393801093101501465e-02
1.274876892566680908e-01 1.151822283864021301e-01 1.836988031864166260e-01 2.361201196908950806e-01 1.187432631850242615e-01 9.527170099318027496e-03 1.644281595945358276e-01 6.913303583860397339e-02 1.186705753207206726e-01 1.970711350440979004e-01 3.828706219792366028e-02 1.592382490634918213e-01 6.654240190982818604e-02 4.358927533030509949e-02 0.000000000000000000e+00 1.274876892566680908e-01 5.338733270764350891e-02 1.471531689167022705e-01 1.226211488246917725e-01 2.899008095264434814e-01 1.856610029935836792e-01 9.135990589857101440e-02 1.119315996766090393e-01 1.439424157142639160e-01 6.041512265801429749e-02 1.988267302513122559e-01 1.418878436088562012e-01 2.161530256271362305e-01 4.645208641886711121e-02 1.235028505325317383e-01 1.730217337608337402e-01 5.296259373426437378e-02 2.508061565458774567e-02 3.494060074444860220e-04
0.000000000000000000e+00 1.248884946107864380e-02 5.755911022424697876e-02 1.120040193200111389e-01 2.425590157508850098e-01 1.181039661169052124e-01 3.773142769932746887e-02 5.887353792786598206e-02 8.952551521360874176e-03 7.137672603130340576e-02 8.963815867900848389e-02 3.240848705172538757e-02 6.146672368049621582e-02 8.436724543571472168e-02 1.274876892566680908e-01 0.000000000000000000e+00 7.460814714431762695e-02 2.004146575927734375e-02 4.943820182234048843e-03 1.686460822820663452e-01 5.958363413810729980e-02 3.655352443456649780e-02 1.578128524124622345e-02 1.676234230399131775e-02 6.759317964315414429e-02 7.319437712430953979e-02 1.466544438153505325e-02 9.117791801691055298e-02 8.151835948228836060e-02 4.048583097755908966e-03 4.656109586358070374e-02 1.792400330305099487e-01 1.027355641126632690e-01 1.278313994407653809e-01
7.460814714431762695e-02 6.217723712325096130e-02 1.316021084785461426e-01 1.850656867027282715e-01 1.710462719202041626e-01 4.388248547911643982e-02 1.120242178440093994e-01 1.580403000116348267e-02 6.569948047399520874e-02 1.452115774154663086e-01 1.513120066374540329e-02 1.067585051059722900e-01 1.320197060704231262e-02 9.820912964642047882e-03 5.338733270764350891e-02 7.460814714431762695e-02 0.000000000000000000e+00 9.450829774141311646e-02 6.969003379344940186e-02 2.402315437793731689e-01 1.335978806018829346e-01 3.815869241952896118e-02 5.889621004462242126e-02 9.125636518001556396e-02 7.050528656691312790e-03 1.469997763633728027e-01 8.917602151632308960e-02 1.646659076213836670e-01 6.952491123229265213e-03 7.058088481426239014e-02 1.207497790455818176e-01 1.060500666499137878e-01 2.834467031061649323e-02 5.373573675751686096e-02
2.004146575927734375e-02 3.252217546105384827e-02 3.756097704172134399e-02 9.216944873332977295e-02 2.613300979137420654e-01 1.378192156553268433e-01 1.770334877073764801e-02 7.882200181484222412e-02 2.898881584405899048e-02 5.140879750251770020e-02 1.094829365611076355e-01 1.237505953758955002e-02 8.140790462493896484e-02 1.042324677109718323e-01 1.471531689167022705e-01 2.004146575927734375e-02 9.450829774141311646e-02 0.000000000000000000e+00 2.498281002044677734e-02 1.491085886955261230e-01 3.958944231271743774e-02 5.655356124043464661e-02 3.581142425537109375e-02 3.280224977061152458e-03 8.751608431339263916e-02 5.323099717497825623e-02 5.377600900828838348e-03 7.126668095588684082e-02 1.013941690325737000e-01 2.408809401094913483e-02 2.654440142214298248e-02 1.985681951045989990e-01 1.225247532129287720e-01 1.474949866533279419e-01
4.943820182234048843e-03 7.545494940131902695e-03 6.248515099287033081e-02 1.168831139802932739e-01 2.379004806280136108e-01 1.132262572646141052e-01 4.266728833317756653e-02 5.394541844725608826e-02 4.008908756077289581e-03 7.629362493753433228e-02 8.473188430070877075e-02 3.734632208943367004e-02 5.654008314013481140e-02 7.945656776428222656e-02 1.226211488246917725e-01 4.943820182234048843e-03 6.969003379344940186e-02 2.498281002044677734e-02 0.000000000000000000e+00 1.734452843666076660e-01 6.450845301151275635e-02 3.161541745066642761e-02 1.083831023424863815e-02 2.170436456799507141e-02 6.267029792070388794e-02 7.810993492603302002e-02 1.960784383118152618e-02 9.607843309640884399e-02 7.660540938377380371e-02 8.952551288530230522e-04 5.149306356906890869e-02 1.744507998228073120e-01 9.784143418073654175e-02 1.229652836918830872e-01
1.686460822820663452e-01 1.807542294263839722e-01 1.121758744120597839e-01 5.773257464170455933e-02 3.950451314449310303e-01 2.811501622200012207e-01 1.317530274391174316e-01 2.252828329801559448e-01 1.773308962583541870e-01 9.845449030399322510e-02 2.544378638267517090e-01 1.369863003492355347e-01 2.277518957853317261e-01 2.494639009237289429e-01 2.899008095264434814e-01 1.686460822820663452e-01 2.402315437793731689e-01 1.491085886955261230e-01 1.734452843666076660e-01 0.000000000000000000e+00 1.101694926619529724e-01 2.039423733949661255e-01 1.839378178119659424e-01 1.523143202066421509e-01 2.335766404867172241e-01 9.664467722177505493e-02 1.543624103069305420e-01 7.867797464132308960e-02 2.467718720436096191e-01 1.725768297910690308e-01 1.230512261390686035e-01 3.376787304878234863e-01 2.667597830295562744e-01 2.902208268642425537e-01
5.958363413810729980e-02 7.201889157295227051e-02 2.031488111242651939e-03 5.277257040143013000e-02 2.978381216526031494e-01 1.764459311962127686e-01 2.190144360065460205e-02 1.180430874228477478e-01 6.849964708089828491e-02 1.184346061199903488e-02 1.484290361404418945e-01 2.722772210836410522e-02 1.206086352467536926e-01 1.432308703660964966e-01 1.856610029935836792e-01 5.958363413810729980e-02 1.335978806018829346e-01 3.958944231271743774e-02 6.450845301151275635e-02 1.101694926619529724e-01 0.000000000000000000e+00 9.592822939157485962e-02 7.529411464929580688e-02 4.286410287022590637e-02 1.266666650772094727e-01 1.367036346346139908e-02 4.495747387409210205e-02 3.176686912775039673e-02 1.404199451208114624e-01 6.361687183380126953e-02 1.305876486003398895e-02 2.363000363111495972e-01 1.613316237926483154e-01 1.859983503818511963e-01
3.655352443456649780e-02 2.407566644251346588e-02 9.391503781080245972e-02 1.479518115520477295e-01 2.078483551740646362e-01 8.190403133630752563e-02 7.418263703584671021e-02 2.236815169453620911e-02 2.761000953614711761e-02 1.076493859291076660e-01 5.325914174318313599e-02 6.888041645288467407e-02 2.496930025517940521e-02 4.796162992715835571e-02 9.135990589857101440e-02 3.655352443456649780e-02 3.815869241952896118e-02 5.655356124043464661e-02 3.161541745066642761e-02 2.039423733949661255e-01 9.592822939157485962e-02 0.000000000000000000e+00 2.078422904014587402e-02 5.328321829438209534e-02 3.111653402447700500e-02 1.094550564885139465e-01 5.119152739644050598e-02 1.273071467876434326e-01 4.509921744465827942e-02 3.250975161790847778e-02 8.297340571880340576e-02 1.436275392770767212e-01 6.643150746822357178e-02 9.170638769865036011e-02
1.578128524124622345e-02 3.293084446340799332e-03 7.327383756637573242e-02 1.275598257780075073e-01 2.276491522789001465e-01 1.025137454271316528e-01 5.348086729645729065e-02 4.313232749700546265e-02 6.829698104411363602e-03 8.705994486808776855e-02 7.396149635314941406e-02 4.816513881087303162e-02 4.572979733347892761e-02 6.867740303277969360e-02 1.119315996766090393e-01 1.578128524124622345e-02 5.889621004462242126e-02 3.581142425537109375e-02 1.083831023424863815e-02 1.839378178119659424e-01 7.529411464929580688e-02 2.078422904014587402e-02 0.000000000000000000e+00 3.253502026200294495e-02 5.186722055077552795e-02 8.887300640344619751e-02 3.043968416750431061e-02 1.068055182695388794e-01 6.582175195217132568e-02 1.173345185816287994e-02 6.229660660028457642e-02 1.639224290847778320e-01 8.709548413753509521e-02 1.122766137123107910e-01
1.676234230399131775e-02 2.924506925046443939e-02 4.083617031574249268e-02 9.542082250118255615e-02 2.582712769508361816e-01 1.345998346805572510e-01 2.098235487937927246e-02 7.556131482124328613e-02 2.571103535592556000e-02 5.467980355024337769e-02 1.062408685684204102e-01 1.565464958548545837e-02 7.814854383468627930e-02 1.009867712855339050e-01 1.439424157142639160e-01 1.676234230399131775e-02 9.125636518001556396e-02 3.280224977061152458e-03 2.170436456799507141e-02 1.523143202066421509e-01 4.286410287022590637e-02 5.328321829438209534e-02 3.253502026200294495e-02 0.000000000000000000e+00 8.426005393266677856e-02 5.650135874748229980e-02 2.097413176670670509e-03 7.452948391437530518e-02 9.814658761024475098e-02 2.080951258540153503e-02 2.982202917337417603e-02 1.954152584075927734e-01 1.192924752831459045e-01 1.442845761775970459e-01
6.759317964315414429e-02 5.515088513493537903e-02 1.246672570705413818e-01 1.782477349042892456e-01 1.778822839260101318e-01 5.091726034879684448e-02 1.050566732883453369e-01 8.754476904869079590e-03 5.867613106966018677e-02 1.383026540279388428e-01 2.217936329543590546e-02 9.978307783603668213e-02 6.152014248073101044e-03 1.687027327716350555e-02 6.041512265801429749e-02 6.759317964315414429e-02 7.050528656691312790e-03 8.751608431339263916e-02 6.267029792070388794e-02 2.335766404867172241e-01 1.266666650772094727e-01 3.111653402447700500e-02 5.186722055077552795e-02 8.426005393266677856e-02 0.000000000000000000e+00 1.400944441556930542e-01 8.217716217041015625e-02 1.577985882759094238e-01 1.400233339518308640e-02 6.356199085712432861e-02 1.137961372733116150e-01 1.130160987377166748e-01 3.538812696933746338e-02 6.076324731111526489e-02
7.319437712430953979e-02 8.560497313737869263e-02 1.570141501724720001e-02 3.913043439388275146e-02 3.102453052997589111e-01 1.896588206291198730e-01 3.556115925312042236e-02 1.315012425184249878e-01 8.209313452243804932e-02 1.827199128456413746e-03 1.617711484432220459e-01 4.088287055492401123e-02 1.340579688549041748e-01 1.565946191549301147e-01 1.988267302513122559e-01 7.319437712430953979e-02 1.469997763633728027e-01 5.323099717497825623e-02 7.810993492603302002e-02 9.664467722177505493e-02 1.367036346346139908e-02 1.094550564885139465e-01 8.887300640344619751e-02 5.650135874748229980e-02 1.400944441556930542e-01 0.000000000000000000e+00 5.859182775020599365e-02 1.810436695814132690e-02 1.537950932979583740e-01 7.722007483243942261e-02 2.672435715794563293e-02 2.491655200719833374e-01 1.746168732643127441e-01 1.991623044013977051e-01
1.466544438153505325e-02 2.714932151138782501e-02 4.292990639805793762e-02 9.749872237443923950e-02 2.563126981258392334e-01 1.325398385524749756e-01 2.307875268161296844e-02 7.347554713487625122e-02 2.361489646136760712e-02 5.677070468664169312e-02 1.041666641831398010e-01 1.775147952139377594e-02 7.606360316276550293e-02 9.891030937433242798e-02 1.418878436088562012e-01 1.466544438153505325e-02 8.917602151632308960e-02 5.377600900828838348e-03 1.960784383118152618e-02 1.543624103069305420e-01 4.495747387409210205e-02 5.119152739644050598e-02 3.043968416750431061e-02 2.097413176670670509e-03 8.217716217041015625e-02 5.859182775020599365e-02 0.000000000000000000e+00 7.661492377519607544e-02 9.606894850730895996e-02 1.871291734278202057e-02 3.191744536161422729e-02 1.933971047401428223e-01 1.172243878245353699e-01 1.422301977872848511e-01
9.117791801691055298e-02 1.035488545894622803e-01 3.379617631435394287e-02 2.104097418487071991e-02 3.265157043933868408e-01 2.070522457361221313e-01 5.363099649548530579e-02 1.492502838373184204e-01 1.000488027930259705e-01 1.993090659379959106e-02 1.793502420186996460e-01 5.894360691308975220e-02 1.517939269542694092e-01 1.742051094770431519e-01 2.161530256271362305e-01 9.117791801691055298e-02 1.646659076213836670e-01 7.126668095588684082e-02 9.607843309640884399e-02 7.867797464132308960e-02 3.176686912775039673e-02 1.273071467876434326e-01 1.068055182695388794e-01 7.452948391437530518e-02 1.577985882759094238e-01 1.810436695814132690e-02 7.661492377519607544e-02 0.000000000000000000e+00 1.714221537113189697e-01 9.519136697053909302e-02 4.480704665184020996e-02 2.660696506500244141e-01 1.921139061450958252e-01 2.164860814809799194e-01
8.151835948228836060e-02 6.909985840320587158e-02 1.384279429912567139e-01 1.917714327573776245e-01 1.642891466617584229e-01 3.694126382470130920e-02 1.188841238617897034e-01 2.275402098894119263e-02 7.261880487203598022e-02 1.520106047391891479e-01 8.179570548236370087e-03 1.136266589164733887e-01 2.015261165797710419e-02 2.868617419153451920e-03 4.645208641886711121e-02 8.151835948228836060e-02 6.952491123229265213e-03 1.013941690325737000e-01 7.660540938377380371e-02 2.467718720436096191e-01 1.404199451208114624e-01 4.509921744465827942e-02 6.582175195217132568e-02 9.814658761024475098e-02 1.400233339518308640e-02 1.537950932979583740e-01 9.606894850730895996e-02 1.714221537113189697e-01 0.000000000000000000e+00 7.749535143375396729e-02 1.275951564311981201e-01 9.917069971561431885e-02 2.139639668166637421e-02 4.680073261260986328e-02
4.048583097755908966e-03 8.440692909061908722e-03 6.159334257245063782e-02 1.159999966621398926e-01 2.387448847293853760e-01 1.141099408268928528e-01 4.177362844347953796e-02 5.483802780508995056e-02 4.904146306216716766e-03 7.540351897478103638e-02 8.562064915895462036e-02 3.645228594541549683e-02 5.743243172764778137e-02 8.034610748291015625e-02 1.235028505325317383e-01 4.048583097755908966e-03 7.058088481426239014e-02 2.408809401094913483e-02 8.952551288530230522e-04 1.725768297910690308e-01 6.361687183380126953e-02 3.250975161790847778e-02 1.173345185816287994e-02 2.080951258540153503e-02 6.356199085712432861e-02 7.722007483243942261e-02 1.871291734278202057e-02 9.519136697053909302e-02 7.749535143375396729e-02 0.000000000000000000e+00 5.060014128684997559e-02 1.753186732530593872e-01 9.872804582118988037e-02 1.238469108939170837e-01
4.656109586358070374e-02 5.901562795042991638e-02 1.102756895124912262e-02 6.578599661588668823e-02 2.858912944793701172e-01 1.637645065784454346e-01 8.845209144055843353e-03 1.051464080810546875e-01 5.549051612615585327e-02 2.489837445318698883e-02 1.356331706047058105e-01 1.417399849742650986e-02 1.077195331454277039e-01 1.304160356521606445e-01 1.730217337608337402e-01 4.656109586358070374e-02 1.207497790455818176e-01 2.654440142214298248e-02 5.149306356906890869e-02 1.230512261390686035e-01 1.305876486003398895e-02 8.297340571880340576e-02 6.229660660028457642e-02 2.982202917337417603e-02 1.137961372733116150e-01 2.672435715794563293e-02 3.191744536161422729e-02 4.480704665184020996e-02 1.275951564311981201e-01 5.060014128684997559e-02 0.000000000000000000e+00 2.239322811365127563e-01 1.485859006643295288e-01 1.733606606721878052e-01
1.792400330305099487e-01 1.671252995729446411e-01 2.343810647726058960e-01 2.855122387409210205e-01 6.619697809219360352e-02 6.245825067162513733e-02 2.155139446258544922e-01 1.216502115130424500e-01 1.705611795186996460e-01 2.474509775638580322e-01 9.106499701738357544e-02 2.104261815547943115e-01 1.190853118896484375e-01 9.632948786020278931e-02 5.296259373426437378e-02 1.792400330305099487e-01 1.060500666499137878e-01 1.985681951045989990e-01 1.744507998228073120e-01 3.376787304878234863e-01 2.363000363111495972e-01 1.436275392770767212e-01 1.639224290847778320e-01 1.954152584075927734e-01 1.130160987377166748e-01 2.491655200719833374e-01 1.933971047401428223e-01 2.660696506500244141e-01 9.917069971561431885e-02 1.753186732530593872e-01 2.239322811365127563e-01 0.000000000000000000e+00 7.793968170881271362e-02 5.261416360735893250e-02
1.027355641126632690e-01 9.036265313625335693e-02 1.593523621559143066e-01 2.122967243194580078e-01 1.433968245983123779e-01 1.555716339498758316e-02 1.399245858192443848e-01 4.412893205881118774e-02 9.386934340000152588e-02 1.728448271751403809e-01 1.321913953870534897e-02 1.346955746412277222e-01 4.153110086917877197e-02 1.852891594171524048e-02 2.508061565458774567e-02 1.027355641126632690e-01 2.834467031061649323e-02 1.225247532129287720e-01 9.784143418073654175e-02 2.667597830295562744e-01 1.613316237926483154e-01 6.643150746822357178e-02 8.709548413753509521e-02 1.192924752831459045e-01 3.538812696933746338e-02 1.746168732643127441e-01 1.172243878245353699e-01 1.921139061450958252e-01 2.139639668166637421e-02 9.872804582118988037e-02 1.485859006643295288e-01 7.793968170881271362e-02 0.000000000000000000e+00 2.542980015277862549e-02
1.278313994407653809e-01 1.155269816517829895e-01 1.840363889932632446e-01 2.364500164985656738e-01 1.183987706899642944e-01 9.876543655991554260e-03 1.647680997848510742e-01 6.948076188564300537e-02 1.190150454640388489e-01 1.974069476127624512e-01 3.863595053553581238e-02 1.595787703990936279e-01 6.689025461673736572e-02 4.393801093101501465e-02 3.494060074444860220e-04 1.278313994407653809e-01 5.373573675751686096e-02 1.474949866533279419e-01 1.229652836918830872e-01 2.902208268642425537e-01 1.859983503818511963e-01 9.170638769865036011e-02 1.122766137123107910e-01 1.442845761775970459e-01 6.076324731111526489e-02 1.991623044013977051e-01 1.422301977872848511e-01 2.164860814809799194e-01 4.680073261260986328e-02 1.238469108939170837e-01 1.733606606721878052e-01 5.261416360735893250e-02 2.542980015277862549e-02 0.000000000000000000e+00
