0.000000000000000000e+00 4.492394626140594482e-02 7.515923678874969482e-02 2.003250718116760254e-01 9.223544970154762268e-03 1.932367123663425446e-02 8.963482081890106201e-02 1.525682280771434307e-03 5.821242928504943848e-02 1.231939196586608887e-01 1.914783567190170288e-02 1.193633973598480225e-01 4.863329604268074036e-02 1.533333305269479752e-02 3.594599291682243347e-02 1.051253303885459900e-01 2.533842436969280243e-02 5.368289723992347717e-02 4.761904943734407425e-03 2.173912972211837769e-01 1.825460344552993774e-01 4.400070756673812866e-02 6.163521856069564819e-02 1.099004298448562622e-01 0.000000000000000000e+00 1.117802038788795471e-01 6.068222597241401672e-02 1.634501814842224121e-01 2.716943807899951935e-02 9.468223154544830322e-02 2.196851745247840881e-02 1.135783940553665161e-01 1.129750069230794907e-02 4.277381673455238342e-02
4.492394626140594482e-02 0.000000000000000000e+00 3.033772110939025879e-02 1.568123400211334229e-01 5.412506684660911560e-02 2.562251873314380646e-02 4.489164054393768311e-02 4.340124130249023438e-02 1.332332566380500793e-02 7.870555669069290161e-02 2.579830400645732880e-02 7.484076172113418579e-02 3.717472078278660774e-03 6.021580100059509277e-02 8.992475457489490509e-03 6.048703938722610474e-02 1.960784383118152618e-02 8.780123665928840637e-03 4.017063602805137634e-02 1.741683036088943481e-01 1.387600153684616089e-01 9.250693838112056255e-04 1.675767265260219574e-02 6.529887765645980835e-02 4.492394626140594482e-02 6.719367951154708862e-02 1.580135524272918701e-02 1.194029822945594788e-01 7.200550287961959839e-02 4.997083544731140137e-02 2.297810837626457214e-02 1.576977074146270752e-01 3.364352136850357056e-02 8.752956986427307129e-02
7.515923678874969482e-02 3.033772110939025879e-02 0.000000000000000000e+00 1.270791739225387573e-01 8.432432264089584351e-02 5.591677501797676086e-02 1.457376684993505478e-02 7.364200055599212646e-02 1.702127605676651001e-02 4.848359897732734680e-02 5.609212443232536316e-02 4.460431635379791260e-02 2.662325277924537659e-02 9.038840234279632568e-02 3.931947052478790283e-02 3.020474314689636230e-02 4.991587251424789429e-02 2.156334184110164642e-02 7.042253762483596802e-02 1.445945948362350464e-01 1.088806465268135071e-01 3.126191347837448120e-02 1.358695607632398605e-02 3.503055125474929810e-02 7.515923678874969482e-02 3.693123906850814819e-02 1.454333961009979248e-02 8.938907086849212646e-02 1.021201387047767639e-01 1.966292224824428558e-02 5.327868834137916565e-02 1.871401220560073853e-01 6.391600519418716431e-02 1.175551339983940125e-01
2.003250718116760254e-01 1.568123400211334229e-01 1.270791739225387573e-01 0.000000000000000000e+00 2.091621458530426025e-01 1.817047744989395142e-01 1.127141565084457397e-01 1.988601684570312500e-01 1.437894254922866821e-01 7.908282428979873657e-02 1.818748712539672852e-01 8.294501155614852905e-02 1.531841605901718140e-01 2.149980068206787109e-01 1.655713319778442383e-01 9.724770486354827881e-02 1.758794039487838745e-01 1.482363194227218628e-01 1.957498937845230103e-01 1.784328930079936981e-02 1.845386624336242676e-02 1.577145308256149292e-01 1.404236704111099243e-01 9.246022254228591919e-02 2.003250718116760254e-01 9.057301282882690430e-02 1.413612514734268188e-01 3.812316805124282837e-02 2.262630164623260498e-01 1.076853349804878235e-01 1.791449487209320068e-01 3.069202303886413574e-01 1.894563436508178711e-01 2.410335540771484375e-01
9.223544970154762268e-03 5.412506684660911560e-02 8.432432264089584351e-02 2.091621458530426025e-01 0.000000000000000000e+00 2.854212932288646698e-02 9.877670556306838989e-02 1.074907649308443069e-02 6.739978492259979248e-02 1.322671622037887573e-01 2.836637012660503387e-02 1.284455209970474243e-01 5.783089995384216309e-02 6.110652349889278412e-03 4.515456780791282654e-02 1.142381057143211365e-01 3.455389291048049927e-02 6.287530809640884399e-02 1.398483570665121078e-02 2.261613756418228149e-01 1.914472430944442749e-01 5.320265889167785645e-02 7.081850618124008179e-02 1.190033480525016785e-01 9.223544970154762268e-03 1.208791211247444153e-01 6.986666470766067505e-02 1.724137961864471436e-01 1.795039139688014984e-02 1.038151159882545471e-01 3.118574433028697968e-02 1.044642850756645203e-01 2.051890827715396881e-02 3.356351330876350403e-02
1.932367123663425446e-02 2.562251873314380646e-02 5.591677501797676086e-02 1.817047744989395142e-01 2.854212932288646698e-02 0.000000000000000000e+00 7.043314725160598755e-02 1.779851317405700684e-02 3.893255442380905151e-02 1.041181012988090515e-01 1.759014994604513049e-04 1.002710014581680298e-01 2.933719754219055176e-02 3.464673832058906555e-02 1.663387566804885864e-02 8.597631007432937622e-02 6.017698906362056732e-03 3.439490497112274170e-02 1.456310693174600601e-02 1.989031881093978882e-01 1.638001650571823120e-01 2.469803579151630402e-02 4.236200079321861267e-02 9.076952934265136719e-02 1.932367123663425446e-02 9.265667200088500977e-02 4.140710830688476562e-02 1.445831656455993652e-01 4.646871238946914673e-02 7.549668848514556885e-02 2.645969390869140625e-03 1.326110213994979858e-01 8.027923293411731720e-03 6.204620376229286194e-02
8.963482081890106201e-02 4.489164054393768311e-02 1.457376684993505478e-02 1.127141565084457397e-01 9.877670556306838989e-02 7.043314725160598755e-02 0.000000000000000000e+00 8.812119066715240479e-02 3.158720955252647400e-02 3.393380716443061829e-02 7.060816884040832520e-02 3.005008399486541748e-02 4.118104279041290283e-02 1.048240810632705688e-01 5.386237427592277527e-02 1.563785970211029053e-02 6.444276124238967896e-02 3.612575680017471313e-02 8.490915596485137939e-02 1.302953958511352539e-01 9.445676207542419434e-02 4.581480845808982849e-02 2.815514802932739258e-02 2.046723105013370514e-02 8.963482081890106201e-02 2.236951142549514771e-02 2.911093644797801971e-02 7.491289079189300537e-02 1.165204942226409912e-01 5.090612918138504028e-03 6.779981404542922974e-02 2.011652439832687378e-01 7.841672748327255249e-02 1.319029182195663452e-01
1.525682280771434307e-03 4.340124130249023438e-02 7.364200055599212646e-02 1.988601684570312500e-01 1.074907649308443069e-02 1.779851317405700684e-02 8.812119066715240479e-02 0.000000000000000000e+00 5.669178441166877747e-02 1.216911077499389648e-01 1.762266829609870911e-02 1.178591772913932800e-01 4.711111262440681458e-02 1.685862056910991669e-02 3.442220017313957214e-02 1.036162674427032471e-01 2.381366305053234100e-02 5.216148495674133301e-02 3.236246062442660332e-03 2.159372419118881226e-01 1.810707896947860718e-01 4.247787594795227051e-02 6.011519208550453186e-02 1.083929240703582764e-01 1.525682280771434307e-03 1.102733239531517029e-01 5.916202068328857422e-02 1.619648784399032593e-01 2.869393117725849152e-02 9.317000955343246460e-02 2.044351957738399506e-02 1.150841340422630310e-01 9.771986864507198334e-03 4.429660737514495850e-02
5.821242928504943848e-02 1.332332566380500793e-02 1.702127605676651001e-02 1.437894254922866821e-01 6.739978492259979248e-02 3.893255442380905151e-02 3.158720955252647400e-02 5.669178441166877747e-02 0.000000000000000000e+00 6.545086205005645752e-02 3.910818696022033691e-02 6.157884001731872559e-02 9.606328792870044708e-03 7.348017394542694092e-02 2.231312729418277740e-02 4.720175266265869141e-02 3.292256593704223633e-02 4.543733317404985428e-03 5.346534773707389832e-02 1.612190753221511841e-01 1.256690174341201782e-01 1.424821931868791580e-02 3.435114398598670959e-03 5.202080681920051575e-02 5.821242928504943848e-02 5.391862243413925171e-02 2.478550886735320091e-03 1.062486842274665833e-01 8.524703979492187500e-02 3.667192533612251282e-02 3.629032149910926819e-02 1.706624627113342285e-01 4.694580286741256714e-02 1.007354184985160828e-01
1.231939196586608887e-01 7.870555669069290161e-02 4.848359897732734680e-02 7.908282428979873657e-02 1.322671622037887573e-01 1.041181012988090515e-01 3.393380716443061829e-02 1.216911077499389648e-01 6.545086205005645752e-02 0.000000000000000000e+00 1.042920947074890137e-01 3.887688973918557167e-03 7.501003146171569824e-02 1.382660716772079468e-01 8.763600140810012817e-02 1.830566115677356720e-02 9.816190600395202637e-02 6.997378170490264893e-02 1.185015290975570679e-01 9.678953886032104492e-02 6.071757152676582336e-02 7.962482422590255737e-02 6.202969327569007874e-02 1.347593590617179871e-02 1.231939196586608887e-01 1.157308183610439301e-02 6.298252940177917480e-02 4.108352214097976685e-02 1.498617529869079590e-01 2.884817868471145630e-02 1.015000939369201660e-01 2.335050702095031738e-01 1.120523661375045776e-01 1.650977581739425659e-01
1.914783567190170288e-02 2.579830400645732880e-02 5.609212443232536316e-02 1.818748712539672852e-01 2.836637012660503387e-02 1.759014994604513049e-04 7.060816884040832520e-02 1.762266829609870911e-02 3.910818696022033691e-02 1.042920947074890137e-01 0.000000000000000000e+00 1.004451289772987366e-01 2.951294556260108948e-02 3.447104617953300476e-02 1.680972799658775330e-02 8.615090698003768921e-02 6.193594075739383698e-03 3.457059711217880249e-02 1.438724249601364136e-02 1.990721225738525391e-01 1.639713346958160400e-01 2.487382851541042328e-02 4.253758862614631653e-02 9.094397723674774170e-02 1.914783567190170288e-02 9.283106029033660889e-02 4.158270731568336487e-02 1.447553783655166626e-01 4.629319161176681519e-02 7.567158341407775879e-02 2.821869449689984322e-03 1.324382126331329346e-01 7.852032780647277832e-03 6.187097728252410889e-02
1.193633973598480225e-01 7.484076172113418579e-02 4.460431635379791260e-02 8.294501155614852905e-02 1.284455209970474243e-01 1.002710014581680298e-01 3.005008399486541748e-02 1.178591772913932800e-01 6.157884001731872559e-02 3.887688973918557167e-03 1.004451289772987366e-01 0.000000000000000000e+00 7.114308327436447144e-02 1.344506591558456421e-01 8.377686142921447754e-02 1.441899873316287994e-02 9.431020915508270264e-02 6.610407680273056030e-02 1.146666631102561951e-01 1.006393581628799438e-01 6.459001451730728149e-02 7.576058804988861084e-02 5.815602838993072510e-02 9.588749147951602936e-03 1.193633973598480225e-01 7.685738615691661835e-03 5.910931155085563660e-02 4.496403038501739502e-02 1.460591554641723633e-01 2.496328949928283691e-02 9.765094518661499023e-02 2.298260182142257690e-01 1.082118153572082520e-01 1.613136082887649536e-01
4.863329604268074036e-02 3.717472078278660774e-03 2.662325277924537659e-02 1.531841605901718140e-01 5.783089995384216309e-02 2.933719754219055176e-02 4.118104279041290283e-02 4.711111262440681458e-02 9.606328792870044708e-03 7.501003146171569824e-02 2.951294556260108948e-02 7.114308327436447144e-02 0.000000000000000000e+00 6.391896307468414307e-02 1.270952261984348297e-02 5.678233504295349121e-02 2.332361601293087006e-02 5.062816198915243149e-03 4.388155415654182434e-02 1.705612540245056152e-01 1.351122409105300903e-01 4.642525687813758850e-03 1.304101292043924332e-02 6.159635633230209351e-02 4.863329604268074036e-02 6.349206715822219849e-02 1.208459213376045227e-02 1.157368868589401245e-01 7.570270448923110962e-02 4.626195505261421204e-02 2.669329941272735596e-02 1.613206118345260620e-01 3.735632076859474182e-02 9.121736139059066772e-02
1.533333305269479752e-02 6.021580100059509277e-02 9.038840234279632568e-02 2.149980068206787109e-01 6.110652349889278412e-03 3.464673832058906555e-02 1.048240810632705688e-01 1.685862056910991669e-02 7.348017394542694092e-02 1.382660716772079468e-01 3.447104617953300476e-02 1.344506591558456421e-01 6.391896307468414307e-02 0.000000000000000000e+00 5.125107988715171814e-02 1.202648058533668518e-01 4.065596312284469604e-02 6.895946711301803589e-02 2.009377069771289825e-02 2.319514602422714233e-01 1.973270475864410400e-01 5.929403752088546753e-02 7.689587771892547607e-02 1.250230818986892700e-01 1.533333305269479752e-02 1.268960386514663696e-01 7.594489306211471558e-02 1.783365607261657715e-01 1.184103824198246002e-02 1.098560765385627747e-01 3.728929162025451660e-02 9.841645509004592896e-02 2.662622183561325073e-02 2.745849266648292542e-02
3.594599291682243347e-02 8.992475457489490509e-03 3.931947052478790283e-02 1.655713319778442383e-01 4.515456780791282654e-02 1.663387566804885864e-02 5.386237427592277527e-02 3.442220017313957214e-02 2.231312729418277740e-02 8.763600140810012817e-02 1.680972799658775330e-02 8.377686142921447754e-02 1.270952261984348297e-02 5.125107988715171814e-02 0.000000000000000000e+00 6.944174319505691528e-02 1.061723940074443817e-02 1.777119562029838562e-02 3.118942677974700928e-02 1.828743517398834229e-01 1.475683599710464478e-01 8.067473769187927246e-03 2.574626915156841278e-02 7.424775511026382446e-02 3.594599291682243347e-02 7.614014297723770142e-02 2.479030750691890717e-02 1.282577514648437500e-01 6.305385380983352661e-02 5.893682688474655151e-02 1.398852188140153885e-02 1.489164084196090698e-01 2.465850673615932465e-02 7.859896123409271240e-02
1.051253303885459900e-01 6.048703938722610474e-02 3.020474314689636230e-02 9.724770486354827881e-02 1.142381057143211365e-01 8.597631007432937622e-02 1.563785970211029053e-02 1.036162674427032471e-01 4.720175266265869141e-02 1.830566115677356720e-02 8.615090698003768921e-02 1.441899873316287994e-02 5.678233504295349121e-02 1.202648058533668518e-01 6.944174319505691528e-02 0.000000000000000000e+00 7.999999821186065674e-02 5.173439159989356995e-02 1.004136875271797180e-01 1.148916333913803101e-01 7.893549650907516479e-02 6.140867248177528381e-02 4.377373680472373962e-02 4.830917809158563614e-03 1.051253303885459900e-01 6.734006572514772415e-03 4.472843557596206665e-02 5.934455245733261108e-02 1.319179832935333252e-01 1.054808683693408966e-02 8.334930241107940674e-02 2.161232233047485352e-01 9.393939375877380371e-02 1.472370773553848267e-01
2.533842436969280243e-02 1.960784383118152618e-02 4.991587251424789429e-02 1.758794039487838745e-01 3.455389291048049927e-02 6.017698906362056732e-03 6.444276124238967896e-02 2.381366305053234100e-02 3.292256593704223633e-02 9.816190600395202637e-02 6.193594075739383698e-03 9.431020915508270264e-02 2.332361601293087006e-02 4.065596312284469604e-02 1.061723940074443817e-02 7.999999821186065674e-02 0.000000000000000000e+00 2.838307991623878479e-02 2.057900279760360718e-02 1.931166350841522217e-01 1.579381376504898071e-01 1.868311315774917603e-02 3.635356947779655457e-02 8.479814231395721436e-02 2.533842436969280243e-02 8.668730407953262329e-02 3.539822995662689209e-02 1.386861354112625122e-01 5.247173830866813660e-02 6.951057165861129761e-02 3.371783532202243805e-03 1.385181844234466553e-01 1.404494419693946838e-02 6.803850084543228149e-02
5.368289723992347717e-02 8.780123665928840637e-03 2.156334184110164642e-02 1.482363194227218628e-01 6.287530809640884399e-02 3.439490497112274170e-02 3.612575680017471313e-02 5.216148495674133301e-02 4.543733317404985428e-03 6.997378170490264893e-02 3.457059711217880249e-02 6.610407680273056030e-02 5.062816198915243149e-03 6.895946711301803589e-02 1.777119562029838562e-02 5.173439159989356995e-02 2.838307991623878479e-02 0.000000000000000000e+00 4.893350228667259216e-02 1.656414717435836792e-01 1.301384419202804565e-01 9.705114178359508514e-03 7.978723384439945221e-03 5.655117332935333252e-02 5.368289723992347717e-02 5.844803526997566223e-02 7.022205274552106857e-03 1.107389554381370544e-01 8.073458075523376465e-02 4.120879247784614563e-02 3.175182640552520752e-02 1.662476360797882080e-01 4.241111874580383301e-02 9.623573720455169678e-02
4.761904943734407425e-03 4.017063602805137634e-02 7.042253762483596802e-02 1.957498937845230103e-01 1.398483570665121078e-02 1.456310693174600601e-02 8.490915596485137939e-02 3.236246062442660332e-03 5.346534773707389832e-02 1.185015290975570679e-01 1.438724249601364136e-02 1.146666631102561951e-01 4.388155415654182434e-02 2.009377069771289825e-02 3.118942677974700928e-02 1.004136875271797180e-01 2.057900279760360718e-02 4.893350228667259216e-02 0.000000000000000000e+00 2.128497362136840820e-01 1.779388040304183960e-01 3.924702480435371399e-02 5.689001083374023438e-02 1.051935777068138123e-01 4.761904943734407425e-03 1.070752963423728943e-01 5.593648552894592285e-02 1.588118821382522583e-01 3.192721307277679443e-02 8.996088802814483643e-02 1.720841228961944580e-02 1.182763278484344482e-01 6.535947788506746292e-03 4.752604290843009949e-02
2.173912972211837769e-01 1.741683036088943481e-01 1.445945948362350464e-01 1.784328930079936981e-02 2.261613756418228149e-01 1.989031881093978882e-01 1.302953958511352539e-01 2.159372419118881226e-01 1.612190753221511841e-01 9.678953886032104492e-02 1.990721225738525391e-01 1.006393581628799438e-01 1.705612540245056152e-01 2.319514602422714233e-01 1.828743517398834229e-01 1.148916333913803101e-01 1.931166350841522217e-01 1.656414717435836792e-01 2.128497362136840820e-01 0.000000000000000000e+00 3.628520667552947998e-02 1.750651597976684570e-01 1.578713953495025635e-01 1.101218387484550476e-01 2.173912972211837769e-01 1.082413718104362488e-01 1.588039845228195190e-01 5.592841282486915588e-02 2.431247532367706299e-01 1.252878904342651367e-01 1.963605582714080811e-01 3.229946494102478027e-01 2.066012173891067505e-01 2.577682137489318848e-01
1.825460344552993774e-01 1.387600153684616089e-01 1.088806465268135071e-01 1.845386624336242676e-02 1.914472430944442749e-01 1.638001650571823120e-01 9.445676207542419434e-02 1.810707896947860718e-01 1.256690174341201782e-01 6.071757152676582336e-02 1.639713346958160400e-01 6.459001451730728149e-02 1.351122409105300903e-01 1.973270475864410400e-01 1.475683599710464478e-01 7.893549650907516479e-02 1.579381376504898071e-01 1.301384419202804565e-01 1.779388040304183960e-01 3.628520667552947998e-02 0.000000000000000000e+00 1.396671533584594727e-01 1.222866997122764587e-01 7.413285225629806519e-02 1.825460344552993774e-01 7.223989069461822510e-02 1.232288554310798645e-01 1.968314871191978455e-02 2.086804956197738647e-01 8.940914273262023926e-02 1.612240672111511230e-01 2.901095151901245117e-01 1.716024279594421387e-01 2.235741466283798218e-01
4.400070756673812866e-02 9.250693838112056255e-04 3.126191347837448120e-02 1.577145308256149292e-01 5.320265889167785645e-02 2.469803579151630402e-02 4.581480845808982849e-02 4.247787594795227051e-02 1.424821931868791580e-02 7.962482422590255737e-02 2.487382851541042328e-02 7.576058804988861084e-02 4.642525687813758850e-03 5.929403752088546753e-02 8.067473769187927246e-03 6.140867248177528381e-02 1.868311315774917603e-02 9.705114178359508514e-03 3.924702480435371399e-02 1.750651597976684570e-01 1.396671533584594727e-01 0.000000000000000000e+00 1.768246851861476898e-02 6.621994823217391968e-02 4.400070756673812866e-02 6.811451166868209839e-02 1.672617904841899872e-02 1.203147619962692261e-01 7.108516246080398560e-02 5.089355260133743286e-02 2.205350622534751892e-02 1.567955166101455688e-01 3.271947056055068970e-02 8.661151677370071411e-02
6.163521856069564819e-02 1.675767265260219574e-02 1.358695607632398605e-02 1.404236704111099243e-01 7.081850618124008179e-02 4.236200079321861267e-02 2.815514802932739258e-02 6.011519208550453186e-02 3.435114398598670959e-03 6.202969327569007874e-02 4.253758862614631653e-02 5.815602838993072510e-02 1.304101292043924332e-02 7.689587771892547607e-02 2.574626915156841278e-02 4.377373680472373962e-02 3.635356947779655457e-02 7.978723384439945221e-03 5.689001083374023438e-02 1.578713953495025635e-01 1.222866997122764587e-01 1.768246851861476898e-02 0.000000000000000000e+00 4.859437793493270874e-02 6.163521856069564819e-02 5.049286037683486938e-02 9.565716609358787537e-04 1.028511077165603638e-01 8.865619450807571411e-02 3.324099630117416382e-02 3.972048684954643250e-02 1.739955693483352661e-01 5.037279427051544189e-02 1.041345000267028809e-01
1.099004298448562622e-01 6.529887765645980835e-02 3.503055125474929810e-02 9.246022254228591919e-02 1.190033480525016785e-01 9.076952934265136719e-02 2.046723105013370514e-02 1.083929240703582764e-01 5.202080681920051575e-02 1.347593590617179871e-02 9.094397723674774170e-02 9.588749147951602936e-03 6.159635633230209351e-02 1.250230818986892700e-01 7.424775511026382446e-02 4.830917809158563614e-03 8.479814231395721436e-02 5.655117332935333252e-02 1.051935777068138123e-01 1.101218387484550476e-01 7.413285225629806519e-02 6.621994823217391968e-02 4.859437793493270874e-02 0.000000000000000000e+00 1.099004298448562622e-01 1.903150812722742558e-03 4.954864457249641418e-02 5.452926829457283020e-02 1.366618126630783081e-01 1.537822093814611435e-02 8.814472705125808716e-02 2.207236886024475098e-01 9.872550517320632935e-02 1.519599109888076782e-01
0.000000000000000000e+00 4.492394626140594482e-02 7.515923678874969482e-02 2.003250718116760254e-01 9.223544970154762268e-03 1.932367123663425446e-02 8.963482081890106201e-02 1.525682280771434307e-03 5.821242928504943848e-02 1.231939196586608887e-01 1.914783567190170288e-02 1.193633973598480225e-01 4.863329604268074036e-02 1.533333305269479752e-02 3.594599291682243347e-02 1.051253303885459900e-01 2.533842436969280243e-02 5.368289723992347717e-02 4.761904943734407425e-03 2.173912972211837769e-01 1.825460344552993774e-01 4.400070756673812866e-02 6.163521856069564819e-02 1.099004298448562622e-01 0.000000000000000000e+00 1.117802038788795471e-01 6.068222597241401672e-02 1.634501814842224121e-01 2.716943807899951935e-02 9.468223154544830322e-02 2.196851745247840881e-02 1.135783940553665161e-01 1.129750069230794907e-02 4.277381673455238342e-02
1.117802038788795471e-01 6.719367951154708862e-02 3.693123906850814819e-02 9.057301282882690430e-02 1.208791211247444153e-01 9.265667200088500977e-02 2.236951142549514771e-02 1.102733239531517029e-01 5.391862243413925171e-02 1.157308183610439301e-02 9.283106029033660889e-02 7.685738615691661835e-03 6.349206715822219849e-02 1.268960386514663696e-01 7.614014297723770142e-02 6.734006572514772415e-03 8.668730407953262329e-02 5.844803526997566223e-02 1.070752963423728943e-01 1.082413718104362488e-01 7.223989069461822510e-02 6.811451166868209839e-02 5.049286037683486938e-02 1.903150812722742558e-03 1.117802038788795471e-01 0.000000000000000000e+00 5.144694447517395020e-02 5.263157933950424194e-02 1.385289281606674194e-01 1.728086546063423157e-02 9.003277122974395752e-02 2.225333601236343384e-01 1.006097570061683655e-01 1.538185775279998779e-01
6.068222597241401672e-02 1.580135524272918701e-02 1.454333961009979248e-02 1.413612514734268188e-01 6.986666470766067505e-02 4.140710830688476562e-02 2.911093644797801971e-02 5.916202068328857422e-02 2.478550886735320091e-03 6.298252940177917480e-02 4.158270731568336487e-02 5.910931155085563660e-02 1.208459213376045227e-02 7.594489306211471558e-02 2.479030750691890717e-02 4.472843557596206665e-02 3.539822995662689209e-02 7.022205274552106857e-03 5.593648552894592285e-02 1.588039845228195190e-01 1.232288554310798645e-01 1.672617904841899872e-02 9.565716609358787537e-04 4.954864457249641418e-02 6.068222597241401672e-02 5.144694447517395020e-02 0.000000000000000000e+00 1.037974655628204346e-01 8.770706504583358765e-02 3.419648110866546631e-02 3.876538574695587158e-02 1.730678081512451172e-01 4.941860586404800415e-02 1.031882092356681824e-01
1.634501814842224121e-01 1.194029822945594788e-01 8.938907086849212646e-02 3.812316805124282837e-02 1.724137961864471436e-01 1.445831656455993652e-01 7.491289079189300537e-02 1.619648784399032593e-01 1.062486842274665833e-01 4.108352214097976685e-02 1.447553783655166626e-01 4.496403038501739502e-02 1.157368868589401245e-01 1.783365607261657715e-01 1.282577514648437500e-01 5.934455245733261108e-02 1.386861354112625122e-01 1.107389554381370544e-01 1.588118821382522583e-01 5.592841282486915588e-02 1.968314871191978455e-02 1.203147619962692261e-01 1.028511077165603638e-01 5.452926829457283020e-02 1.634501814842224121e-01 5.263157933950424194e-02 1.037974655628204346e-01 0.000000000000000000e+00 1.897768527269363403e-01 6.984891742467880249e-02 1.419915109872817993e-01 2.719794213771820068e-01 1.524341553449630737e-01 2.047922164201736450e-01
2.716943807899951935e-02 7.200550287961959839e-02 1.021201387047767639e-01 2.262630164623260498e-01 1.795039139688014984e-02 4.646871238946914673e-02 1.165204942226409912e-01 2.869393117725849152e-02 8.524703979492187500e-02 1.498617529869079590e-01 4.629319161176681519e-02 1.460591554641723633e-01 7.570270448923110962e-02 1.184103824198246002e-02 6.305385380983352661e-02 1.319179832935333252e-01 5.247173830866813660e-02 8.073458075523376465e-02 3.192721307277679443e-02 2.431247532367706299e-01 2.086804956197738647e-01 7.108516246080398560e-02 8.865619450807571411e-02 1.366618126630783081e-01 2.716943807899951935e-02 1.385289281606674194e-01 8.770706504583358765e-02 1.897768527269363403e-01 0.000000000000000000e+00 1.215390115976333618e-01 4.910864308476448059e-02 8.667642623186111450e-02 3.845513612031936646e-02 1.562253385782241821e-02
9.468223154544830322e-02 4.997083544731140137e-02 1.966292224824428558e-02 1.076853349804878235e-01 1.038151159882545471e-01 7.549668848514556885e-02 5.090612918138504028e-03 9.317000955343246460e-02 3.667192533612251282e-02 2.884817868471145630e-02 7.567158341407775879e-02 2.496328949928283691e-02 4.626195505261421204e-02 1.098560765385627747e-01 5.893682688474655151e-02 1.054808683693408966e-02 6.951057165861129761e-02 4.120879247784614563e-02 8.996088802814483643e-02 1.252878904342651367e-01 8.940914273262023926e-02 5.089355260133743286e-02 3.324099630117416382e-02 1.537822093814611435e-02 9.468223154544830322e-02 1.728086546063423157e-02 3.419648110866546631e-02 6.984891742467880249e-02 1.215390115976333618e-01 0.000000000000000000e+00 7.286527752876281738e-02 2.060448527336120605e-01 8.347401767969131470e-02 1.369016021490097046e-01
2.196851745247840881e-02 2.297810837626457214e-02 5.327868834137916565e-02 1.791449487209320068e-01 3.118574433028697968e-02 2.645969390869140625e-03 6.779981404542922974e-02 2.044351957738399506e-02 3.629032149910926819e-02 1.015000939369201660e-01 2.821869449689984322e-03 9.765094518661499023e-02 2.669329941272735596e-02 3.728929162025451660e-02 1.398852188140153885e-02 8.334930241107940674e-02 3.371783532202243805e-03 3.175182640552520752e-02 1.720841228961944580e-02 1.963605582714080811e-01 1.612240672111511230e-01 2.205350622534751892e-02 3.972048684954643250e-02 8.814472705125808716e-02 2.196851745247840881e-02 9.003277122974395752e-02 3.876538574695587158e-02 1.419915109872817993e-01 4.910864308476448059e-02 7.286527752876281738e-02 0.000000000000000000e+00 1.352095454931259155e-01 1.067366544157266617e-02 6.468155235052108765e-02
1.135783940553665161e-01 1.576977074146270752e-01 1.871401220560073853e-01 3.069202303886413574e-01 1.044642850756645203e-01 1.326110213994979858e-01 2.011652439832687378e-01 1.150841340422630310e-01 1.706624627113342285e-01 2.335050702095031738e-01 1.324382126331329346e-01 2.298260182142257690e-01 1.613206118345260620e-01 9.841645509004592896e-02 1.489164084196090698e-01 2.161232233047485352e-01 1.385181844234466553e-01 1.662476360797882080e-01 1.182763278484344482e-01 3.229946494102478027e-01 2.901095151901245117e-01 1.567955166101455688e-01 1.739955693483352661e-01 2.207236886024475098e-01 1.135783940553665161e-01 2.225333601236343384e-01 1.730678081512451172e-01 2.719794213771820068e-01 8.667642623186111450e-02 2.060448527336120605e-01 1.352095454931259155e-01 0.000000000000000000e+00 1.247158646583557129e-01 7.115023583173751831e-02
1.129750069230794907e-02 3.364352136850357056e-02 6.391600519418716431e-02 1.894563436508178711e-01 2.051890827715396881e-02 8.027923293411731720e-03 7.841672748327255249e-02 9.771986864507198334e-03 4.694580286741256714e-02 1.120523661375045776e-01 7.852032780647277832e-03 1.082118153572082520e-01 3.735632076859474182e-02 2.662622183561325073e-02 2.465850673615932465e-02 9.393939375877380371e-02 1.404494419693946838e-02 4.241111874580383301e-02 6.535947788506746292e-03 2.066012173891067505e-01 1.716024279594421387e-01 3.271947056055068970e-02 5.037279427051544189e-02 9.872550517320632935e-02 1.129750069230794907e-02 1.006097570061683655e-01 4.941860586404800415e-02 1.524341553449630737e-01 3.845513612031936646e-02 8.347401767969131470e-02 1.067366544157266617e-02 1.247158646583557129e-01 0.000000000000000000e+00 5.404520034790039062e-02
4.277381673455238342e-02 8.752956986427307129e-02 1.175551339983940125e-01 2.410335540771484375e-01 3.356351330876350403e-02 6.204620376229286194e-02 1.319029182195663452e-01 4.429660737514495850e-02 1.007354184985160828e-01 1.650977581739425659e-01 6.187097728252410889e-02 1.613136082887649536e-01 9.121736139059066772e-02 2.745849266648292542e-02 7.859896123409271240e-02 1.472370773553848267e-01 6.803850084543228149e-02 9.623573720455169678e-02 4.752604290843009949e-02 2.577682137489318848e-01 2.235741466283798218e-01 8.661151677370071411e-02 1.041345000267028809e-01 1.519599109888076782e-01 4.277381673455238342e-02 1.538185775279998779e-01 1.031882092356681824e-01 2.047922164201736450e-01 1.562253385782241821e-02 1.369016021490097046e-01 6.468155235052108765e-02 7.115023583173751831e-02 5.404520034790039062e-02 0.000000000000000000e+00
